1 2 0.83 0.83 880.0 709.0 880.0 343.0 11.0 343.0 
1 2 0.74 0.74 812.0 496.0 812.0 993.0 137.0 993.0 
1 2 0.73 0.73 570.0 3.0 570.0 211.0 153.0 211.0 
1 2 0.59 0.59 804.0 431.0 804.0 293.0 17.0 293.0 
1 2 0.63 0.63 115.0 6.0 115.0 887.0 516.0 887.0 
1 2 0.74 0.74 371.0 1.0 371.0 496.0 368.0 496.0 
1 2 0.8 0.8 831.0 443.0 831.0 168.0 46.0 168.0 
1 2 0.59 0.59 74.0 41.0 74.0 823.0 31.0 823.0 
1 2 0.73 0.73 252.0 60.0 252.0 100.0 50.0 100.0 
1 2 0.87 0.87 988.0 280.0 988.0 478.0 281.0 478.0 
1 2 0.77 0.77 349.0 251.0 349.0 626.0 38.0 626.0 
1 2 0.97 0.97 548.0 283.0 548.0 588.0 271.0 588.0 
1 2 0.77 0.77 404.0 13.0 404.0 971.0 720.0 971.0 
1 2 0.84 0.84 549.0 98.0 549.0 465.0 310.0 465.0 
1 2 0.7 0.7 802.0 33.0 802.0 334.0 222.0 334.0 
1 2 0.92 0.92 991.0 758.0 991.0 83.0 13.0 83.0 
1 2 0.65 0.65 84.0 1.0 84.0 767.0 491.0 767.0 
1 2 0.77 0.77 888.0 46.0 888.0 386.0 280.0 386.0 
1 2 0.9 0.9 907.0 567.0 907.0 366.0 103.0 366.0 
1 2 0.93 0.93 642.0 591.0 642.0 689.0 12.0 689.0 
1 2 0.61 0.61 102.0 55.0 102.0 131.0 10.0 131.0 
1 3 0.86 0.86 102.0 55.0 102.0 131.0 10.0 131.0 562.0 139.0 562.0 
1 2 0.93 0.93 869.0 527.0 869.0 3.0 1.0 3.0 
1 2 0.84 0.84 154.0 125.0 154.0 895.0 32.0 895.0 
1 2 0.69 0.69 194.0 28.0 194.0 201.0 111.0 201.0 
1 2 0.15 0.15 475.0 67.0 475.0 808.0 14.0 808.0 
1 3 0.98 0.98 475.0 67.0 475.0 808.0 14.0 808.0 622.0 515.0 622.0 
1 2 0.71 0.71 459.0 19.0 459.0 462.0 309.0 462.0 
1 3 0.88 0.88 459.0 19.0 459.0 462.0 309.0 462.0 283.0 50.0 283.0 
1 2 0.66 0.66 754.0 462.0 754.0 365.0 20.0 365.0 
1 2 0.51 0.51 494.0 66.0 494.0 420.0 159.0 420.0 
1 2 0.95 0.95 70.0 31.0 70.0 913.0 469.0 913.0 
1 2 0.81 0.81 932.0 213.0 932.0 752.0 440.0 752.0 
1 2 0.92 0.92 833.0 546.0 833.0 198.0 53.0 198.0 
1 2 0.71 0.71 220.0 117.0 220.0 963.0 178.0 963.0 
1 2 0.77 0.77 335.0 54.0 335.0 730.0 445.0 730.0 
1 2 0.66 0.66 55.0 33.0 55.0 164.0 11.0 164.0 
1 2 0.58 0.58 107.0 43.0 107.0 164.0 30.0 164.0 
1 2 0.83 0.83 658.0 366.0 658.0 92.0 26.0 92.0 
1 2 0.72 0.72 192.0 17.0 192.0 853.0 540.0 853.0 
1 2 0.89 0.89 642.0 400.0 642.0 63.0 17.0 63.0 
1 2 0.68 0.68 637.0 33.0 637.0 618.0 393.0 618.0 
1 2 0.78 0.78 665.0 16.0 665.0 277.0 212.0 277.0 
1 2 0.98 0.98 712.0 127.0 712.0 517.0 419.0 517.0 
1 2 0.87 0.87 214.0 183.0 214.0 221.0 5.0 221.0 
1 2 0.89 0.89 738.0 92.0 738.0 566.0 434.0 566.0 
1 2 0.76 0.76 699.0 457.0 699.0 468.0 52.0 468.0 
1 2 0.91 0.91 486.0 349.0 486.0 396.0 79.0 396.0 
1 2 0.81 0.81 678.0 483.0 678.0 659.0 68.0 659.0 
1 2 0.97 0.97 234.0 85.0 234.0 478.0 294.0 478.0 
1 2 0.95 0.95 698.0 625.0 698.0 450.0 29.0 450.0 
1 2 0.78 0.78 707.0 363.0 707.0 553.0 151.0 553.0 
1 2 0.8 0.8 760.0 472.0 760.0 858.0 158.0 858.0 
1 2 0.63 0.63 135.0 73.0 135.0 71.0 7.0 71.0 
1 2 0.43 0.43 250.0 37.0 250.0 63.0 18.0 63.0 
1 2 0.58 0.58 22.0 9.0 22.0 839.0 151.0 839.0 
1 2 0.9 0.9 723.0 414.0 723.0 147.0 49.0 147.0 
1 2 0.56 0.56 982.0 7.0 982.0 566.0 315.0 566.0 
1 2 0.96 0.96 738.0 254.0 738.0 834.0 520.0 834.0 
1 2 0.83 0.83 850.0 56.0 850.0 302.0 232.0 302.0 
1 2 0.92 0.92 821.0 239.0 821.0 119.0 76.0 119.0 
1 2 0.76 0.76 790.0 135.0 790.0 114.0 68.0 114.0 
1 2 0.58 0.58 35.0 3.0 35.0 44.0 22.0 44.0 
1 2 0.88 0.88 543.0 74.0 543.0 581.0 433.0 581.0 
1 2 0.97 0.97 144.0 121.0 144.0 768.0 106.0 768.0 
1 2 0.84 0.84 745.0 574.0 745.0 716.0 53.0 716.0 
1 2 0.92 0.92 278.0 20.0 278.0 558.0 478.0 558.0 
1 2 0.82 0.82 889.0 91.0 889.0 1000.0 724.0 1000.0 
1 2 0.69 0.69 624.0 402.0 624.0 460.0 24.0 460.0 
1 2 0.34 0.34 382.0 116.0 382.0 27.0 1.0 27.0 
1 2 0.66 0.66 866.0 568.0 866.0 113.0 1.0 113.0 
1 2 0.81 0.81 744.0 95.0 744.0 539.0 369.0 539.0 
1 2 0.85 0.85 309.0 165.0 309.0 654.0 212.0 654.0 
1 2 0.76 0.76 857.0 132.0 857.0 578.0 355.0 578.0 
1 2 0.4 0.4 873.0 56.0 873.0 666.0 227.0 666.0 
1 2 0.91 0.91 587.0 489.0 587.0 70.0 6.0 70.0 
1 2 0.86 0.86 15.0 10.0 15.0 158.0 31.0 158.0 
1 2 0.85 0.85 854.0 196.0 854.0 445.0 277.0 445.0 
1 2 0.96 0.96 791.0 104.0 791.0 191.0 160.0 191.0 
1 2 0.73 0.73 368.0 233.0 368.0 156.0 16.0 156.0 
1 2 0.7 0.7 481.0 44.0 481.0 482.0 296.0 482.0 
1 2 0.77 0.77 338.0 234.0 338.0 191.0 15.0 191.0 
1 2 0.74 0.74 604.0 18.0 604.0 528.0 375.0 528.0 
1 2 0.6 0.6 266.0 68.0 266.0 327.0 115.0 327.0 
1 2 0.89 0.89 562.0 298.0 562.0 97.0 35.0 97.0 
1 2 0.79 0.79 959.0 274.0 959.0 328.0 168.0 328.0 
1 2 0.84 0.84 241.0 11.0 241.0 78.0 62.0 78.0 
1 2 0.76 0.76 819.0 186.0 819.0 97.0 52.0 97.0 
1 2 0.94 0.94 966.0 18.0 966.0 783.0 724.0 783.0 
1 2 0.86 0.86 92.0 8.0 92.0 121.0 94.0 121.0 
1 2 0.92 0.92 833.0 462.0 833.0 143.0 53.0 143.0 
1 2 0.69 0.69 128.0 9.0 128.0 967.0 605.0 967.0 
1 2 0.88 0.88 642.0 473.0 642.0 20.0 3.0 20.0 
1 2 0.68 0.68 796.0 15.0 796.0 473.0 315.0 473.0 
1 2 0.9 0.9 188.0 11.0 188.0 254.0 214.0 254.0 
1 2 0.63 0.63 572.0 66.0 572.0 198.0 102.0 198.0 
1 2 0.9 0.9 221.0 73.0 221.0 7.0 4.0 7.0 
1 2 0.79 0.79 685.0 192.0 685.0 284.0 145.0 284.0 
1 2 0.99 0.99 496.0 333.0 496.0 551.0 176.0 551.0 
1 2 0.72 0.72 694.0 374.0 694.0 481.0 90.0 481.0 
1 2 0.7 0.7 61.0 43.0 61.0 559.0 1.0 559.0 
1 2 0.9 0.9 161.0 130.0 161.0 680.0 67.0 680.0 
1 2 0.65 0.65 966.0 15.0 966.0 165.0 105.0 165.0 
1 2 0.78 0.78 949.0 419.0 949.0 488.0 170.0 488.0 
1 2 0.94 0.94 491.0 48.0 491.0 164.0 139.0 164.0 
1 2 0.97 0.97 635.0 404.0 635.0 706.0 239.0 706.0 
1 2 0.99 0.99 432.0 154.0 432.0 176.0 112.0 176.0 
1 2 0.7 0.7 965.0 71.0 965.0 113.0 71.0 113.0 
1 2 0.99 0.99 787.0 29.0 787.0 675.0 645.0 675.0 
1 2 0.55 0.55 626.0 258.0 626.0 763.0 106.0 763.0 
1 2 0.67 0.67 834.0 12.0 834.0 824.0 544.0 824.0 
1 2 0.64 0.64 394.0 222.0 394.0 160.0 13.0 160.0 
1 2 0.69 0.69 132.0 8.0 132.0 184.0 117.0 184.0 
1 2 0.79 0.79 412.0 53.0 412.0 188.0 125.0 188.0 
1 2 0.87 0.87 766.0 249.0 766.0 983.0 540.0 983.0 
1 2 0.85 0.85 877.0 636.0 877.0 877.0 111.0 877.0 
1 2 0.46 0.46 397.0 164.0 397.0 960.0 53.0 960.0 
1 2 0.94 0.94 112.0 5.0 112.0 877.0 787.0 877.0 
1 2 0.78 0.78 466.0 323.0 466.0 814.0 72.0 814.0 
1 2 0.87 0.87 469.0 260.0 469.0 691.0 223.0 691.0 
1 2 0.57 0.57 197.0 37.0 197.0 686.0 266.0 686.0 
1 2 0.76 0.76 683.0 416.0 683.0 336.0 54.0 336.0 
1 2 0.97 0.97 609.0 555.0 609.0 353.0 24.0 353.0 
1 2 0.87 0.87 153.0 32.0 153.0 898.0 597.0 898.0 
1 2 0.92 0.92 278.0 151.0 278.0 328.0 126.0 328.0 
1 2 0.77 0.77 109.0 29.0 109.0 647.0 330.0 647.0 
1 2 0.96 0.96 667.0 25.0 667.0 949.0 883.0 949.0 
1 2 0.76 0.76 757.0 91.0 757.0 729.0 471.0 729.0 
1 2 0.87 0.87 344.0 288.0 344.0 629.0 26.0 629.0 
1 2 0.75 0.75 407.0 277.0 407.0 948.0 74.0 948.0 
1 2 0.86 0.86 134.0 30.0 134.0 515.0 330.0 515.0 
1 2 0.94 0.94 204.0 76.0 204.0 134.0 77.0 134.0 
1 2 0.92 0.92 780.0 600.0 780.0 981.0 150.0 981.0 
1 2 0.81 0.81 316.0 53.0 316.0 747.0 480.0 747.0 
1 2 0.86 0.86 696.0 121.0 696.0 712.0 491.0 712.0 
1 2 0.2 0.2 220.0 18.0 220.0 402.0 51.0 402.0 
1 2 0.8 0.8 160.0 99.0 160.0 570.0 106.0 570.0 
1 2 0.97 0.97 572.0 104.0 572.0 789.0 625.0 789.0 
1 2 0.69 0.69 783.0 441.0 783.0 128.0 17.0 128.0 
1 2 0.86 0.86 281.0 86.0 281.0 758.0 423.0 758.0 
1 2 0.83 0.83 395.0 8.0 395.0 48.0 39.0 48.0 
1 2 0.88 0.88 896.0 570.0 896.0 79.0 20.0 79.0 
1 2 0.95 0.95 604.0 483.0 604.0 469.0 73.0 469.0 
1 2 0.96 0.96 310.0 108.0 310.0 792.0 488.0 792.0 
1 2 0.96 0.96 50.0 15.0 50.0 675.0 448.0 675.0 
1 2 0.98 0.98 681.0 211.0 681.0 406.0 274.0 406.0 
1 2 0.65 0.65 593.0 49.0 593.0 306.0 174.0 306.0 
1 2 0.93 0.93 527.0 460.0 527.0 239.0 16.0 239.0 
1 2 0.64 0.64 720.0 20.0 720.0 292.0 180.0 292.0 
1 2 0.75 0.75 265.0 176.0 265.0 529.0 49.0 529.0 
1 2 0.81 0.81 392.0 219.0 392.0 178.0 46.0 178.0 
1 2 0.58 0.58 334.0 6.0 334.0 975.0 553.0 975.0 
1 2 0.75 0.75 262.0 165.0 262.0 697.0 85.0 697.0 
1 2 0.83 0.83 878.0 521.0 878.0 157.0 38.0 157.0 
1 2 0.94 0.94 523.0 486.0 523.0 124.0 2.0 124.0 
1 2 0.8 0.8 54.0 7.0 54.0 222.0 150.0 222.0 
1 2 0.9 0.9 511.0 371.0 511.0 995.0 183.0 995.0 
1 2 0.96 0.96 996.0 395.0 996.0 786.0 447.0 786.0 
1 2 0.77 0.77 526.0 342.0 526.0 251.0 31.0 251.0 
1 2 0.69 0.69 167.0 20.0 167.0 138.0 80.0 138.0 
1 2 0.91 0.91 27.0 22.0 27.0 715.0 74.0 715.0 
1 2 0.6 0.6 12.0 3.0 12.0 188.0 67.0 188.0 
1 2 0.7 0.7 714.0 384.0 714.0 212.0 35.0 212.0 
1 2 0.86 0.86 485.0 271.0 485.0 490.0 151.0 490.0 
1 2 0.81 0.81 467.0 309.0 467.0 19.0 3.0 19.0 
1 2 0.8 0.8 345.0 234.0 345.0 993.0 123.0 993.0 
1 2 0.96 0.96 635.0 357.0 635.0 514.0 209.0 514.0 
1 2 0.47 0.47 117.0 4.0 117.0 514.0 227.0 514.0 
1 2 0.65 0.65 108.0 60.0 108.0 49.0 5.0 49.0 
1 2 0.54 0.54 810.0 37.0 810.0 917.0 459.0 917.0 
1 3 0.94 0.94 810.0 37.0 810.0 917.0 459.0 917.0 814.0 324.0 814.0 
1 2 0.86 0.86 127.0 66.0 127.0 508.0 174.0 508.0 
1 2 0.8 0.8 461.0 258.0 461.0 152.0 38.0 152.0 
1 2 0.86 0.86 860.0 299.0 860.0 681.0 355.0 681.0 
1 2 0.86 0.86 488.0 99.0 488.0 483.0 318.0 483.0 
1 2 0.3 0.3 94.0 28.0 94.0 339.0 2.0 339.0 
1 2 0.87 0.87 712.0 108.0 712.0 11.0 8.0 11.0 
1 2 0.97 0.97 476.0 280.0 476.0 131.0 51.0 131.0 
1 2 0.74 0.74 741.0 153.0 741.0 499.0 270.0 499.0 
1 2 0.76 0.76 941.0 237.0 941.0 629.0 322.0 629.0 
1 2 0.93 0.93 966.0 554.0 966.0 592.0 215.0 592.0 
1 2 0.91 0.91 690.0 104.0 690.0 167.0 127.0 167.0 
1 2 0.84 0.84 527.0 139.0 527.0 886.0 519.0 886.0 
1 2 0.97 0.97 616.0 596.0 616.0 502.0 2.0 502.0 
1 2 0.68 0.68 113.0 18.0 113.0 488.0 257.0 488.0 
1 2 0.83 0.83 487.0 248.0 487.0 631.0 204.0 631.0 
1 2 0.32 0.32 564.0 122.0 564.0 579.0 64.0 579.0 
1 3 0.82 0.82 564.0 122.0 564.0 579.0 64.0 579.0 998.0 500.0 998.0 
1 2 0.91 0.91 664.0 183.0 664.0 598.0 383.0 598.0 
1 2 0.78 0.78 77.0 46.0 77.0 104.0 20.0 104.0 
1 2 0.94 0.94 423.0 68.0 423.0 762.0 597.0 762.0 
1 2 0.69 0.69 826.0 509.0 826.0 545.0 43.0 545.0 
1 2 0.62 0.62 212.0 4.0 212.0 58.0 35.0 58.0 
1 2 0.54 0.54 850.0 23.0 850.0 603.0 310.0 603.0 
1 2 0.78 0.78 201.0 18.0 201.0 253.0 177.0 253.0 
1 2 0.34 0.34 883.0 173.0 883.0 417.0 62.0 417.0 
1 2 0.89 0.89 668.0 119.0 668.0 680.0 488.0 680.0 
1 2 0.54 0.54 300.0 107.0 300.0 238.0 44.0 238.0 
1 2 0.97 0.97 251.0 146.0 251.0 202.0 79.0 202.0 
1 2 0.54 0.54 243.0 126.0 243.0 669.0 21.0 669.0 
1 2 0.62 0.62 179.0 92.0 179.0 629.0 69.0 629.0 
1 2 0.94 0.94 366.0 335.0 366.0 159.0 4.0 159.0 
1 2 0.91 0.91 227.0 167.0 227.0 593.0 104.0 593.0 
1 2 0.7 0.7 802.0 503.0 802.0 107.0 8.0 107.0 
1 2 0.59 0.59 542.0 5.0 542.0 348.0 203.0 348.0 
1 2 0.89 0.89 553.0 299.0 553.0 461.0 165.0 461.0 
1 2 0.32 0.32 406.0 99.0 406.0 338.0 29.0 338.0 
1 3 0.99 0.99 406.0 99.0 406.0 338.0 29.0 338.0 373.0 250.0 373.0 
1 2 0.83 0.83 251.0 183.0 251.0 715.0 79.0 715.0 
1 2 0.96 0.96 102.0 39.0 102.0 649.0 381.0 649.0 
1 2 0.84 0.84 617.0 417.0 617.0 365.0 63.0 365.0 
1 2 0.91 0.91 849.0 547.0 849.0 657.0 180.0 657.0 
1 2 0.64 0.64 414.0 43.0 414.0 13.0 7.0 13.0 
1 2 0.91 0.91 315.0 261.0 315.0 963.0 86.0 963.0 
1 2 0.95 0.95 618.0 15.0 618.0 545.0 509.0 545.0 
1 2 0.76 0.76 822.0 4.0 822.0 799.0 607.0 799.0 
1 2 0.39 0.39 478.0 8.0 478.0 219.0 82.0 219.0 
1 2 0.95 0.95 101.0 21.0 101.0 306.0 229.0 306.0 
1 2 0.82 0.82 79.0 28.0 79.0 638.0 300.0 638.0 
1 2 0.58 0.58 513.0 8.0 513.0 381.0 218.0 381.0 
1 2 0.99 0.99 442.0 43.0 442.0 203.0 182.0 203.0 
1 2 0.99 0.99 574.0 295.0 574.0 172.0 82.0 172.0 
1 2 0.99 0.99 528.0 406.0 528.0 873.0 199.0 873.0 
1 2 0.87 0.87 329.0 277.0 329.0 670.0 24.0 670.0 
1 2 0.68 0.68 850.0 446.0 850.0 213.0 35.0 213.0 
1 2 0.91 0.91 312.0 221.0 312.0 180.0 37.0 180.0 
1 2 0.96 0.96 79.0 3.0 79.0 482.0 448.0 482.0 
1 2 0.81 0.81 531.0 306.0 531.0 257.0 61.0 257.0 
1 2 0.85 0.85 352.0 103.0 352.0 402.0 225.0 402.0 
1 2 0.94 0.94 586.0 518.0 586.0 152.0 10.0 152.0 
1 2 0.62 0.62 806.0 474.0 806.0 808.0 32.0 808.0 
1 2 0.86 0.86 829.0 565.0 829.0 117.0 22.0 117.0 
1 2 0.86 0.86 950.0 710.0 950.0 567.0 69.0 567.0 
1 2 0.9 0.9 812.0 520.0 812.0 768.0 200.0 768.0 
1 2 0.83 0.83 529.0 94.0 529.0 972.0 642.0 972.0 
1 2 0.64 0.64 524.0 175.0 524.0 464.0 146.0 464.0 
1 2 0.83 0.83 923.0 237.0 923.0 749.0 435.0 749.0 
1 2 0.89 0.89 347.0 55.0 347.0 681.0 504.0 681.0 
1 2 0.97 0.97 252.0 87.0 252.0 752.0 471.0 752.0 
1 2 0.88 0.88 361.0 48.0 361.0 16.0 12.0 16.0 
1 2 0.66 0.66 863.0 547.0 863.0 954.0 29.0 954.0 
1 3 0.72 0.72 863.0 547.0 863.0 954.0 29.0 954.0 783.0 46.0 783.0 
1 2 0.85 0.85 232.0 73.0 232.0 373.0 203.0 373.0 
1 2 0.96 0.96 789.0 510.0 789.0 522.0 166.0 522.0 
1 2 0.88 0.88 713.0 190.0 713.0 191.0 118.0 191.0 
1 2 0.7 0.7 377.0 76.0 377.0 856.0 433.0 856.0 
1 3 0.82 0.82 377.0 76.0 377.0 856.0 433.0 856.0 748.0 88.0 748.0 
1 2 0.69 0.69 353.0 227.0 353.0 270.0 14.0 270.0 
1 2 0.87 0.87 644.0 237.0 644.0 265.0 135.0 265.0 
1 2 0.99 0.99 605.0 160.0 605.0 780.0 573.0 780.0 
1 2 0.87 0.87 230.0 12.0 230.0 131.0 108.0 131.0 
1 2 0.62 0.62 114.0 5.0 114.0 310.0 181.0 310.0 
1 2 0.92 0.92 694.0 290.0 694.0 950.0 479.0 950.0 
1 2 0.51 0.51 278.0 17.0 278.0 543.0 246.0 543.0 
1 3 0.93 0.93 278.0 17.0 278.0 543.0 246.0 543.0 19.0 8.0 19.0 
1 2 0.94 0.94 113.0 77.0 113.0 543.0 143.0 543.0 
1 2 0.83 0.83 66.0 3.0 66.0 875.0 687.0 875.0 
1 2 0.54 0.54 450.0 5.0 450.0 83.0 44.0 83.0 
1 2 0.81 0.81 886.0 513.0 886.0 212.0 49.0 212.0 
1 2 0.18 0.18 217.0 31.0 217.0 241.0 11.0 241.0 
1 2 0.94 0.94 272.0 52.0 272.0 12.0 9.0 12.0 
1 2 0.71 0.71 419.0 130.0 419.0 866.0 352.0 866.0 
1 2 0.99 0.99 721.0 545.0 721.0 746.0 182.0 746.0 
1 2 0.92 0.92 625.0 149.0 625.0 274.0 189.0 274.0 
1 2 0.9 0.9 743.0 233.0 743.0 784.0 462.0 784.0 
1 2 0.99 0.99 183.0 80.0 183.0 581.0 325.0 581.0 
1 2 0.83 0.83 357.0 31.0 357.0 928.0 696.0 928.0 
1 2 0.66 0.66 804.0 434.0 804.0 612.0 75.0 612.0 
1 2 0.9 0.9 505.0 66.0 505.0 649.0 505.0 649.0 
1 2 0.67 0.67 410.0 216.0 410.0 864.0 127.0 864.0 
1 2 0.99 0.99 569.0 532.0 569.0 53.0 3.0 53.0 
1 2 0.89 0.89 650.0 10.0 650.0 212.0 186.0 212.0 
1 2 0.75 0.75 871.0 149.0 871.0 634.0 368.0 634.0 
1 3 0.86 0.86 871.0 149.0 871.0 634.0 368.0 634.0 683.0 78.0 683.0 
1 4 0.88 0.88 871.0 149.0 871.0 634.0 368.0 634.0 683.0 78.0 683.0 377.0 7.0 377.0 
1 2 0.85 0.85 173.0 130.0 173.0 143.0 15.0 143.0 
1 2 0.54 0.54 126.0 66.0 126.0 163.0 4.0 163.0 
1 2 0.98 0.98 845.0 516.0 845.0 133.0 50.0 133.0 
1 2 0.81 0.81 665.0 469.0 665.0 817.0 89.0 817.0 
1 2 0.89 0.89 779.0 559.0 779.0 243.0 42.0 243.0 
1 2 0.79 0.79 22.0 17.0 22.0 719.0 16.0 719.0 
1 2 0.98 0.98 102.0 13.0 102.0 145.0 125.0 145.0 
1 2 0.58 0.58 939.0 284.0 939.0 103.0 29.0 103.0 
1 2 0.72 0.72 182.0 99.0 182.0 631.0 113.0 631.0 
1 2 0.93 0.93 859.0 666.0 859.0 44.0 7.0 44.0 
1 2 0.73 0.73 737.0 444.0 737.0 463.0 61.0 463.0 
1 2 0.57 0.57 981.0 14.0 981.0 753.0 419.0 753.0 
1 2 0.83 0.83 670.0 91.0 670.0 434.0 304.0 434.0 
1 2 0.92 0.92 835.0 21.0 835.0 741.0 667.0 741.0 
1 2 0.74 0.74 866.0 575.0 866.0 928.0 73.0 928.0 
1 2 0.59 0.59 848.0 429.0 848.0 864.0 81.0 864.0 
1 3 0.63 0.63 848.0 429.0 848.0 864.0 81.0 864.0 879.0 30.0 879.0 
1 2 0.78 0.78 366.0 63.0 366.0 137.0 84.0 137.0 
1 2 0.58 0.58 718.0 45.0 718.0 95.0 50.0 95.0 
1 2 0.93 0.93 860.0 94.0 860.0 64.0 53.0 64.0 
1 2 0.86 0.86 490.0 282.0 490.0 301.0 87.0 301.0 
1 2 0.68 0.68 482.0 14.0 482.0 849.0 555.0 849.0 
1 2 0.99 0.99 649.0 170.0 649.0 61.0 45.0 61.0 
1 2 0.91 0.91 900.0 275.0 900.0 225.0 136.0 225.0 
1 2 0.77 0.77 210.0 155.0 210.0 25.0 1.0 25.0 
1 2 0.85 0.85 247.0 87.0 247.0 783.0 395.0 783.0 
1 2 0.68 0.68 555.0 56.0 555.0 880.0 518.0 880.0 
1 2 0.88 0.88 966.0 803.0 966.0 817.0 47.0 817.0 
1 2 0.94 0.94 43.0 5.0 43.0 325.0 270.0 325.0 
1 2 0.83 0.83 808.0 221.0 808.0 106.0 59.0 106.0 
1 2 0.97 0.97 740.0 694.0 740.0 916.0 31.0 916.0 
1 2 0.98 0.98 950.0 827.0 950.0 108.0 12.0 108.0 
1 2 0.63 0.63 316.0 26.0 316.0 391.0 215.0 391.0 
1 2 0.84 0.84 475.0 318.0 475.0 811.0 144.0 811.0 
1 2 0.93 0.93 284.0 261.0 284.0 180.0 2.0 180.0 
1 2 0.61 0.61 954.0 44.0 954.0 215.0 123.0 215.0 
1 2 0.94 0.94 93.0 62.0 93.0 753.0 211.0 753.0 
1 2 0.72 0.72 810.0 436.0 810.0 239.0 44.0 239.0 
1 2 0.94 0.94 843.0 753.0 843.0 736.0 40.0 736.0 
1 2 0.81 0.81 357.0 233.0 357.0 6.0 1.0 6.0 
1 2 0.91 0.91 990.0 384.0 990.0 373.0 197.0 373.0 
1 2 0.62 0.62 960.0 576.0 960.0 646.0 14.0 646.0 
1 2 0.64 0.64 721.0 56.0 721.0 217.0 123.0 217.0 
1 2 0.99 0.99 605.0 55.0 605.0 304.0 275.0 304.0 
1 2 0.99 0.99 105.0 81.0 105.0 440.0 100.0 440.0 
1 2 0.85 0.85 382.0 297.0 382.0 893.0 73.0 893.0 
1 2 0.87 0.87 806.0 274.0 806.0 442.0 236.0 442.0 
1 2 0.89 0.89 654.0 55.0 654.0 252.0 205.0 252.0 
1 2 0.69 0.69 769.0 98.0 769.0 348.0 199.0 348.0 
1 2 0.93 0.93 747.0 662.0 747.0 40.0 2.0 40.0 
1 2 0.96 0.96 582.0 120.0 582.0 772.0 588.0 772.0 
1 2 0.93 0.93 997.0 420.0 997.0 654.0 333.0 654.0 
1 2 0.81 0.81 566.0 90.0 566.0 249.0 164.0 249.0 
1 2 0.83 0.83 952.0 41.0 952.0 826.0 656.0 826.0 
1 2 0.87 0.87 412.0 306.0 412.0 400.0 54.0 400.0 
1 2 0.93 0.93 860.0 470.0 860.0 713.0 274.0 713.0 
1 2 0.94 0.94 581.0 437.0 581.0 322.0 61.0 322.0 
1 2 0.67 0.67 124.0 13.0 124.0 7.0 4.0 7.0 
1 2 0.93 0.93 925.0 95.0 925.0 797.0 663.0 797.0 
1 2 0.82 0.82 76.0 58.0 76.0 104.0 6.0 104.0 
1 2 0.43 0.43 345.0 115.0 345.0 361.0 35.0 361.0 
1 2 0.92 0.92 581.0 422.0 581.0 329.0 65.0 329.0 
1 2 0.57 0.57 42.0 1.0 42.0 762.0 420.0 762.0 
1 3 0.69 0.69 42.0 1.0 42.0 762.0 420.0 762.0 306.0 37.0 306.0 
1 2 0.75 0.75 746.0 41.0 746.0 493.0 344.0 493.0 
1 2 0.96 0.96 718.0 657.0 718.0 796.0 41.0 796.0 
1 2 0.99 0.99 516.0 222.0 516.0 728.0 414.0 728.0 
1 2 0.97 0.97 916.0 651.0 916.0 312.0 81.0 312.0 
1 2 0.95 0.95 218.0 68.0 218.0 673.0 432.0 673.0 
1 2 0.87 0.87 290.0 191.0 290.0 75.0 16.0 75.0 
1 2 0.64 0.64 342.0 24.0 342.0 343.0 196.0 343.0 
1 2 0.97 0.97 93.0 13.0 93.0 381.0 317.0 381.0 
1 2 0.61 0.61 722.0 28.0 722.0 14.0 8.0 14.0 
1 3 0.67 0.67 722.0 28.0 722.0 14.0 8.0 14.0 715.0 43.0 715.0 
1 2 0.98 0.98 625.0 64.0 625.0 967.0 854.0 967.0 
1 2 0.99 0.99 837.0 344.0 837.0 593.0 344.0 593.0 
1 2 0.73 0.73 41.0 9.0 41.0 437.0 225.0 437.0 
1 2 0.86 0.86 555.0 305.0 555.0 448.0 143.0 448.0 
1 2 0.77 0.77 855.0 515.0 855.0 115.0 20.0 115.0 
1 2 0.2 0.2 226.0 13.0 226.0 493.0 71.0 493.0 
1 2 0.79 0.79 293.0 51.0 293.0 827.0 512.0 827.0 
1 2 0.9 0.9 875.0 646.0 875.0 878.0 150.0 878.0 
1 2 0.92 0.92 976.0 834.0 976.0 872.0 62.0 872.0 
1 3 0.94 0.94 976.0 834.0 976.0 872.0 62.0 872.0 171.0 4.0 171.0 
1 2 0.14 0.14 48.0 2.0 48.0 423.0 42.0 423.0 
1 3 0.72 0.72 48.0 2.0 48.0 423.0 42.0 423.0 429.0 249.0 429.0 
1 2 0.89 0.89 587.0 296.0 587.0 827.0 322.0 827.0 
1 2 0.63 0.63 150.0 15.0 150.0 83.0 44.0 83.0 
1 2 0.97 0.97 976.0 629.0 976.0 865.0 285.0 865.0 
1 2 0.87 0.87 766.0 394.0 766.0 242.0 87.0 242.0 
1 2 0.75 0.75 284.0 50.0 284.0 498.0 287.0 498.0 
1 2 0.76 0.76 352.0 211.0 352.0 771.0 126.0 771.0 
1 2 0.76 0.76 198.0 145.0 198.0 28.0 1.0 28.0 
1 2 0.99 0.99 580.0 548.0 580.0 909.0 48.0 909.0 
1 2 0.82 0.82 567.0 3.0 567.0 454.0 371.0 454.0 
1 2 0.99 0.99 373.0 269.0 373.0 226.0 62.0 226.0 
1 2 0.94 0.94 284.0 125.0 284.0 591.0 301.0 591.0 
1 2 0.92 0.92 496.0 297.0 496.0 988.0 324.0 988.0 
1 2 0.92 0.92 958.0 578.0 958.0 914.0 292.0 914.0 
1 2 0.61 0.61 984.0 282.0 984.0 18.0 6.0 18.0 
1 2 0.68 0.68 71.0 42.0 71.0 223.0 21.0 223.0 
1 3 0.7 0.7 71.0 42.0 71.0 223.0 21.0 223.0 273.0 6.0 273.0 
1 2 0.85 0.85 431.0 292.0 431.0 692.0 122.0 692.0 
1 3 0.9 0.9 431.0 292.0 431.0 692.0 122.0 692.0 295.0 16.0 295.0 
1 2 0.95 0.95 271.0 11.0 271.0 707.0 644.0 707.0 
1 2 0.92 0.92 422.0 1.0 422.0 701.0 650.0 701.0 
1 2 0.79 0.79 448.0 34.0 448.0 28.0 20.0 28.0 
1 2 0.81 0.81 375.0 61.0 375.0 213.0 140.0 213.0 
1 2 0.68 0.68 479.0 267.0 479.0 903.0 117.0 903.0 
1 3 0.94 0.94 479.0 267.0 479.0 903.0 117.0 903.0 578.0 150.0 578.0 
1 2 0.93 0.93 3.0 1.0 3.0 942.0 563.0 942.0 
1 2 0.77 0.77 517.0 267.0 517.0 287.0 73.0 287.0 
1 2 0.83 0.83 893.0 521.0 893.0 950.0 237.0 950.0 
1 2 0.81 0.81 699.0 552.0 699.0 313.0 8.0 313.0 
1 2 0.84 0.84 411.0 243.0 411.0 243.0 61.0 243.0 
1 2 0.99 0.99 491.0 162.0 491.0 192.0 127.0 192.0 
1 2 0.74 0.74 273.0 199.0 273.0 691.0 12.0 691.0 
1 2 0.78 0.78 361.0 269.0 361.0 814.0 30.0 814.0 
1 2 0.89 0.89 23.0 16.0 23.0 797.0 160.0 797.0 
1 2 0.85 0.85 812.0 205.0 812.0 768.0 460.0 768.0 
1 2 0.95 0.95 543.0 410.0 543.0 752.0 148.0 752.0 
1 2 0.73 0.73 398.0 64.0 398.0 196.0 112.0 196.0 
1 2 0.92 0.92 40.0 11.0 40.0 222.0 145.0 222.0 
1 2 0.84 0.84 974.0 551.0 974.0 282.0 78.0 282.0 
1 2 0.97 0.97 735.0 301.0 735.0 137.0 77.0 137.0 
1 2 0.95 0.95 689.0 400.0 689.0 8.0 3.0 8.0 
1 2 0.63 0.63 545.0 290.0 545.0 952.0 97.0 952.0 
1 3 0.65 0.65 545.0 290.0 545.0 952.0 97.0 952.0 889.0 15.0 889.0 
1 2 0.83 0.83 583.0 23.0 583.0 169.0 134.0 169.0 
1 2 0.89 0.89 281.0 58.0 281.0 608.0 421.0 608.0 
1 2 0.97 0.97 574.0 6.0 574.0 158.0 152.0 158.0 
1 2 0.8 0.8 814.0 410.0 814.0 638.0 195.0 638.0 
1 2 0.71 0.71 534.0 352.0 534.0 350.0 19.0 350.0 
1 2 0.85 0.85 82.0 23.0 82.0 319.0 184.0 319.0 
1 2 0.93 0.93 794.0 17.0 794.0 519.0 474.0 519.0 
1 2 0.78 0.78 638.0 358.0 638.0 870.0 193.0 870.0 
1 2 0.79 0.79 95.0 47.0 95.0 395.0 117.0 395.0 
1 2 0.98 0.98 233.0 211.0 233.0 407.0 33.0 407.0 
1 2 0.83 0.83 687.0 181.0 687.0 40.0 23.0 40.0 
1 2 0.56 0.56 475.0 248.0 475.0 563.0 24.0 563.0 
1 2 0.98 0.98 930.0 852.0 930.0 719.0 47.0 719.0 
1 2 0.77 0.77 614.0 310.0 614.0 632.0 169.0 632.0 
1 2 0.92 0.92 629.0 100.0 629.0 172.0 132.0 172.0 
1 2 0.98 0.98 862.0 32.0 862.0 534.0 506.0 534.0 
1 2 0.93 0.93 217.0 66.0 217.0 582.0 366.0 582.0 
1 2 0.85 0.85 773.0 523.0 773.0 286.0 52.0 286.0 
1 2 0.96 0.96 883.0 575.0 883.0 988.0 310.0 988.0 
1 2 0.7 0.7 256.0 5.0 256.0 941.0 645.0 941.0 
1 3 0.8 0.8 256.0 5.0 256.0 941.0 645.0 941.0 854.0 89.0 854.0 
1 2 0.89 0.89 562.0 21.0 562.0 220.0 189.0 220.0 
1 2 0.99 0.99 283.0 158.0 283.0 931.0 408.0 931.0 
1 2 0.93 0.93 664.0 15.0 664.0 746.0 681.0 746.0 
1 2 0.89 0.89 120.0 90.0 120.0 894.0 130.0 894.0 
1 2 0.76 0.76 923.0 495.0 923.0 540.0 121.0 540.0 
1 2 0.97 0.97 821.0 232.0 821.0 175.0 122.0 175.0 
1 2 0.9 0.9 891.0 62.0 891.0 96.0 80.0 96.0 
1 2 0.9 0.9 777.0 80.0 777.0 813.0 652.0 813.0 
1 2 0.87 0.87 210.0 109.0 210.0 313.0 112.0 313.0 
1 2 0.59 0.59 460.0 161.0 460.0 70.0 17.0 70.0 
1 2 0.7 0.7 168.0 2.0 168.0 144.0 100.0 144.0 
1 2 0.79 0.79 383.0 216.0 383.0 620.0 145.0 620.0 
1 2 0.87 0.87 52.0 27.0 52.0 139.0 50.0 139.0 
1 2 0.77 0.77 264.0 49.0 264.0 86.0 51.0 86.0 
1 2 0.1 0.1 897.0 45.0 897.0 678.0 39.0 678.0 
1 3 0.77 0.77 897.0 45.0 897.0 678.0 39.0 678.0 551.0 370.0 551.0 
1 2 0.77 0.77 235.0 41.0 235.0 62.0 37.0 62.0 
1 2 0.78 0.78 821.0 72.0 821.0 355.0 248.0 355.0 
1 2 0.81 0.81 440.0 112.0 440.0 161.0 91.0 161.0 
1 2 0.74 0.74 72.0 39.0 72.0 751.0 154.0 751.0 
1 2 0.8 0.8 694.0 503.0 694.0 423.0 35.0 423.0 
1 2 0.73 0.73 557.0 396.0 557.0 277.0 6.0 277.0 
1 2 0.56 0.56 323.0 11.0 323.0 467.0 247.0 467.0 
1 2 0.98 0.98 415.0 68.0 415.0 545.0 450.0 545.0 
1 2 0.8 0.8 803.0 531.0 803.0 69.0 10.0 69.0 
1 2 0.41 0.41 876.0 319.0 876.0 113.0 6.0 113.0 
1 3 0.91 0.91 876.0 319.0 876.0 113.0 6.0 113.0 622.0 308.0 622.0 
1 2 0.79 0.79 378.0 90.0 378.0 754.0 417.0 754.0 
1 2 0.78 0.78 538.0 73.0 538.0 112.0 73.0 112.0 
1 2 0.97 0.97 637.0 463.0 637.0 549.0 136.0 549.0 
1 2 0.81 0.81 519.0 271.0 519.0 444.0 132.0 444.0 
1 2 0.74 0.74 446.0 272.0 446.0 386.0 53.0 386.0 
1 2 0.98 0.98 561.0 296.0 561.0 490.0 222.0 490.0 
1 2 0.86 0.86 978.0 11.0 978.0 121.0 103.0 121.0 
1 2 0.52 0.52 605.0 5.0 605.0 164.0 84.0 164.0 
1 2 0.75 0.75 367.0 50.0 367.0 182.0 112.0 182.0 
1 2 0.77 0.77 609.0 372.0 609.0 275.0 45.0 275.0 
1 2 0.82 0.82 517.0 372.0 517.0 110.0 12.0 110.0 
1 2 0.77 0.77 813.0 205.0 813.0 76.0 40.0 76.0 
1 2 0.89 0.89 428.0 166.0 428.0 836.0 423.0 836.0 
1 2 0.65 0.65 462.0 266.0 462.0 321.0 26.0 321.0 
1 2 0.91 0.91 195.0 128.0 195.0 853.0 223.0 853.0 
1 2 0.97 0.97 431.0 354.0 431.0 402.0 62.0 402.0 
1 2 0.99 0.99 382.0 153.0 382.0 662.0 395.0 662.0 
1 2 0.59 0.59 136.0 74.0 136.0 504.0 25.0 504.0 
1 3 0.87 0.87 136.0 74.0 136.0 504.0 25.0 504.0 850.0 239.0 850.0 
1 2 0.77 0.77 179.0 5.0 179.0 383.0 287.0 383.0 
1 2 0.72 0.72 830.0 39.0 830.0 346.0 236.0 346.0 
1 2 0.69 0.69 727.0 386.0 727.0 537.0 90.0 537.0 
1 2 0.51 0.51 612.0 313.0 612.0 690.0 2.0 690.0 
1 2 0.96 0.96 803.0 326.0 803.0 743.0 412.0 743.0 
1 2 0.7 0.7 146.0 14.0 146.0 51.0 31.0 51.0 
1 2 0.9 0.9 658.0 41.0 658.0 986.0 832.0 986.0 
1 2 0.89 0.89 977.0 672.0 977.0 550.0 112.0 550.0 
1 2 0.8 0.8 751.0 1.0 751.0 632.0 509.0 632.0 
1 2 0.89 0.89 449.0 24.0 449.0 83.0 70.0 83.0 
1 2 0.9 0.9 304.0 255.0 304.0 15.0 1.0 15.0 
1 2 0.87 0.87 383.0 124.0 383.0 878.0 485.0 878.0 
1 2 0.76 0.76 228.0 44.0 228.0 631.0 360.0 631.0 
1 2 0.98 0.98 293.0 134.0 293.0 384.0 202.0 384.0 
1 2 0.95 0.95 668.0 501.0 668.0 249.0 50.0 249.0 
1 2 0.91 0.91 408.0 100.0 408.0 6.0 4.0 6.0 
1 2 0.93 0.93 896.0 235.0 896.0 267.0 180.0 267.0 
1 2 0.71 0.71 365.0 244.0 365.0 341.0 16.0 341.0 
1 2 0.87 0.87 828.0 58.0 828.0 164.0 132.0 164.0 
1 2 0.83 0.83 694.0 187.0 694.0 92.0 52.0 92.0 
1 2 0.95 0.95 578.0 384.0 578.0 215.0 63.0 215.0 
1 2 0.9 0.9 838.0 171.0 838.0 289.0 204.0 289.0 
1 2 0.21 0.21 938.0 2.0 938.0 911.0 195.0 911.0 
1 3 0.96 0.96 938.0 2.0 938.0 911.0 195.0 911.0 98.0 73.0 98.0 
1 2 0.92 0.92 599.0 217.0 599.0 770.0 436.0 770.0 
1 2 0.8 0.8 347.0 78.0 347.0 827.0 481.0 827.0 
1 2 0.82 0.82 725.0 298.0 725.0 34.0 14.0 34.0 
1 2 0.67 0.67 278.0 77.0 278.0 691.0 277.0 691.0 
1 2 0.82 0.82 752.0 536.0 752.0 680.0 79.0 680.0 
1 2 0.73 0.73 526.0 260.0 526.0 265.0 64.0 265.0 
1 2 0.84 0.84 962.0 618.0 962.0 123.0 25.0 123.0 
1 2 0.69 0.69 38.0 10.0 38.0 616.0 265.0 616.0 
1 2 0.78 0.78 600.0 31.0 600.0 387.0 285.0 387.0 
1 2 0.33 0.33 729.0 118.0 729.0 563.0 99.0 563.0 
1 2 0.92 0.92 955.0 336.0 955.0 524.0 302.0 524.0 
1 2 0.79 0.79 643.0 67.0 643.0 576.0 399.0 576.0 
1 2 0.24 0.24 372.0 22.0 372.0 956.0 181.0 956.0 
1 2 0.99 0.99 256.0 69.0 256.0 700.0 508.0 700.0 
1 2 0.87 0.87 160.0 13.0 160.0 341.0 269.0 341.0 
1 3 0.99 0.99 160.0 13.0 160.0 341.0 269.0 341.0 149.0 19.0 149.0 
1 2 0.55 0.55 708.0 261.0 708.0 468.0 86.0 468.0 
1 2 0.94 0.94 987.0 570.0 987.0 267.0 99.0 267.0 
1 2 0.31 0.31 933.0 175.0 933.0 863.0 108.0 863.0 
1 2 0.87 0.87 749.0 377.0 749.0 422.0 155.0 422.0 
1 2 0.77 0.77 204.0 47.0 204.0 884.0 483.0 884.0 
1 2 0.77 0.77 958.0 432.0 958.0 597.0 191.0 597.0 
1 2 0.95 0.95 757.0 193.0 757.0 966.0 675.0 966.0 
1 2 0.59 0.59 658.0 358.0 658.0 741.0 35.0 741.0 
1 2 0.77 0.77 175.0 113.0 175.0 889.0 113.0 889.0 
1 2 0.82 0.82 578.0 67.0 578.0 602.0 428.0 602.0 
1 2 0.05 0.05 562.0 18.0 562.0 494.0 12.0 494.0 
1 2 0.86 0.86 810.0 89.0 810.0 433.0 329.0 433.0 
1 3 0.91 0.91 810.0 89.0 810.0 433.0 329.0 433.0 707.0 33.0 707.0 
1 2 0.64 0.64 540.0 78.0 540.0 705.0 356.0 705.0 
1 2 0.94 0.94 413.0 270.0 413.0 549.0 160.0 549.0 
1 2 0.92 0.92 335.0 132.0 335.0 114.0 60.0 114.0 
1 2 0.83 0.83 322.0 244.0 322.0 863.0 63.0 863.0 
1 2 0.81 0.81 929.0 51.0 929.0 704.0 534.0 704.0 
1 2 0.96 0.96 327.0 109.0 327.0 936.0 595.0 936.0 
1 2 0.94 0.94 206.0 122.0 206.0 473.0 166.0 473.0 
1 2 0.71 0.71 538.0 324.0 538.0 102.0 11.0 102.0 
1 2 0.63 0.63 909.0 511.0 909.0 330.0 24.0 330.0 
1 2 0.82 0.82 862.0 175.0 862.0 771.0 483.0 771.0 
1 2 0.99 0.99 146.0 115.0 146.0 666.0 138.0 666.0 
1 2 0.84 0.84 148.0 86.0 148.0 866.0 228.0 866.0 
1 2 0.94 0.94 878.0 17.0 878.0 349.0 324.0 349.0 
1 2 0.74 0.74 561.0 346.0 561.0 971.0 127.0 971.0 
1 2 0.94 0.94 160.0 121.0 160.0 42.0 8.0 42.0 
1 2 0.81 0.81 141.0 32.0 141.0 770.0 454.0 770.0 
1 2 0.76 0.76 84.0 60.0 84.0 232.0 11.0 232.0 
1 2 0.94 0.94 600.0 169.0 600.0 768.0 507.0 768.0 
1 2 0.75 0.75 827.0 498.0 827.0 537.0 81.0 537.0 
1 2 0.61 0.61 123.0 24.0 123.0 816.0 341.0 816.0 
1 2 0.61 0.61 849.0 461.0 849.0 974.0 75.0 974.0 
1 2 0.38 0.38 84.0 13.0 84.0 681.0 154.0 681.0 
1 2 0.94 0.94 588.0 137.0 588.0 768.0 547.0 768.0 
1 2 0.86 0.86 454.0 148.0 454.0 629.0 342.0 629.0 
1 2 0.84 0.84 107.0 17.0 107.0 180.0 123.0 180.0 
1 2 0.68 0.68 183.0 25.0 183.0 906.0 501.0 906.0 
1 2 0.94 0.94 707.0 96.0 707.0 706.0 572.0 706.0 
1 2 0.97 0.97 430.0 311.0 430.0 594.0 151.0 594.0 
1 2 0.75 0.75 993.0 187.0 993.0 334.0 189.0 334.0 
1 2 0.65 0.65 171.0 22.0 171.0 371.0 196.0 371.0 
1 2 0.69 0.69 389.0 197.0 389.0 401.0 77.0 401.0 
1 2 0.77 0.77 308.0 36.0 308.0 47.0 31.0 47.0 
1 2 0.83 0.83 260.0 166.0 260.0 644.0 128.0 644.0 
1 2 0.9 0.9 923.0 94.0 923.0 409.0 327.0 409.0 
1 2 0.9 0.9 317.0 227.0 317.0 928.0 178.0 928.0 
1 2 0.91 0.91 419.0 334.0 419.0 140.0 17.0 140.0 
1 2 0.8 0.8 634.0 45.0 634.0 57.0 42.0 57.0 
1 2 0.54 0.54 430.0 35.0 430.0 58.0 27.0 58.0 
1 2 0.64 0.64 216.0 19.0 216.0 786.0 439.0 786.0 
1 2 0.82 0.82 939.0 589.0 939.0 841.0 170.0 841.0 
1 2 0.8 0.8 472.0 344.0 472.0 304.0 22.0 304.0 
1 2 0.91 0.91 607.0 324.0 607.0 390.0 147.0 390.0 
1 2 0.28 0.28 309.0 58.0 309.0 853.0 80.0 853.0 
1 3 0.87 0.87 309.0 58.0 309.0 853.0 80.0 853.0 639.0 377.0 639.0 
1 4 0.95 0.95 309.0 58.0 309.0 853.0 80.0 853.0 639.0 377.0 639.0 175.0 15.0 175.0 
1 2 0.74 0.74 686.0 430.0 686.0 651.0 75.0 651.0 
1 2 0.81 0.81 703.0 112.0 703.0 932.0 609.0 932.0 
1 2 0.8 0.8 175.0 107.0 175.0 424.0 81.0 424.0 
1 2 0.99 0.99 606.0 353.0 606.0 230.0 95.0 230.0 
1 2 0.91 0.91 182.0 92.0 182.0 773.0 316.0 773.0 
1 2 0.97 0.97 905.0 814.0 905.0 802.0 64.0 802.0 
1 2 0.75 0.75 7.0 5.0 7.0 92.0 4.0 92.0 
1 2 0.97 0.97 119.0 26.0 119.0 622.0 473.0 622.0 
1 2 0.65 0.65 884.0 66.0 884.0 536.0 310.0 536.0 
1 2 0.98 0.98 931.0 93.0 931.0 291.0 259.0 291.0 
1 2 0.93 0.93 592.0 463.0 592.0 777.0 121.0 777.0 
1 2 0.81 0.81 974.0 791.0 974.0 743.0 1.0 743.0 
1 2 0.91 0.91 218.0 110.0 218.0 236.0 96.0 236.0 
1 2 0.88 0.88 27.0 5.0 27.0 184.0 129.0 184.0 
1 2 0.65 0.65 651.0 346.0 651.0 284.0 35.0 284.0 
1 2 0.75 0.75 859.0 623.0 859.0 311.0 8.0 311.0 
1 2 0.88 0.88 195.0 59.0 195.0 825.0 477.0 825.0 
1 2 0.97 0.97 776.0 161.0 776.0 588.0 450.0 588.0 
1 2 0.97 0.97 190.0 144.0 190.0 891.0 196.0 891.0 
1 2 0.59 0.59 703.0 33.0 703.0 626.0 346.0 626.0 
1 2 0.94 0.94 512.0 280.0 512.0 889.0 353.0 889.0 
1 2 0.75 0.75 40.0 25.0 40.0 280.0 35.0 280.0 
1 2 0.92 0.92 711.0 372.0 711.0 15.0 6.0 15.0 
1 2 0.25 0.25 230.0 42.0 230.0 528.0 40.0 528.0 
1 2 0.8 0.8 423.0 39.0 423.0 474.0 339.0 474.0 
1 2 0.58 0.58 455.0 7.0 455.0 14.0 8.0 14.0 
1 2 0.71 0.71 613.0 389.0 613.0 87.0 7.0 87.0 
1 2 0.9 0.9 274.0 198.0 274.0 425.0 77.0 425.0 
1 2 0.9 0.9 452.0 40.0 452.0 738.0 602.0 738.0 
1 2 0.63 0.63 989.0 546.0 989.0 515.0 43.0 515.0 
1 2 0.88 0.88 930.0 236.0 930.0 46.0 29.0 46.0 
1 2 0.95 0.95 466.0 325.0 466.0 27.0 7.0 27.0 
1 2 0.88 0.88 892.0 267.0 892.0 801.0 471.0 801.0 
1 2 0.88 0.88 591.0 98.0 591.0 778.0 561.0 778.0 
1 2 0.77 0.77 26.0 1.0 26.0 225.0 165.0 225.0 
1 2 0.93 0.93 773.0 108.0 773.0 769.0 608.0 769.0 
1 2 0.95 0.95 532.0 468.0 532.0 159.0 12.0 159.0 
1 2 0.68 0.68 802.0 124.0 802.0 672.0 356.0 672.0 
1 2 0.37 0.37 760.0 79.0 760.0 596.0 160.0 596.0 
1 2 0.92 0.92 116.0 14.0 116.0 83.0 67.0 83.0 
1 2 0.86 0.86 286.0 101.0 286.0 987.0 510.0 987.0 
1 2 0.78 0.78 933.0 88.0 933.0 99.0 68.0 99.0 
1 2 0.82 0.82 850.0 443.0 850.0 820.0 250.0 820.0 
1 2 0.93 0.93 150.0 50.0 150.0 796.0 477.0 796.0 
1 2 0.65 0.65 845.0 287.0 845.0 538.0 171.0 538.0 
1 3 0.91 0.91 845.0 287.0 845.0 538.0 171.0 538.0 752.0 192.0 752.0 
1 2 0.97 0.97 156.0 71.0 156.0 516.0 269.0 516.0 
1 2 0.87 0.87 154.0 36.0 154.0 589.0 378.0 589.0 
1 2 0.87 0.87 918.0 619.0 918.0 606.0 123.0 606.0 
1 2 0.7 0.7 908.0 144.0 908.0 930.0 508.0 930.0 
1 2 0.83 0.83 225.0 148.0 225.0 316.0 56.0 316.0 
1 2 0.95 0.95 207.0 75.0 207.0 282.0 168.0 282.0 
1 2 0.84 0.84 466.0 179.0 466.0 484.0 222.0 484.0 
1 2 0.9 0.9 753.0 420.0 753.0 793.0 276.0 793.0 
1 2 0.95 0.95 725.0 662.0 725.0 967.0 38.0 967.0 
1 2 0.88 0.88 755.0 407.0 755.0 366.0 127.0 366.0 
1 2 0.7 0.7 737.0 385.0 737.0 833.0 154.0 833.0 
1 2 0.8 0.8 274.0 39.0 274.0 903.0 595.0 903.0 
1 2 0.65 0.65 335.0 2.0 335.0 20.0 13.0 20.0 
1 2 0.92 0.92 197.0 21.0 197.0 780.0 635.0 780.0 
1 2 0.69 0.69 707.0 432.0 707.0 813.0 68.0 813.0 
1 3 0.81 0.81 707.0 432.0 707.0 813.0 68.0 813.0 287.0 35.0 287.0 
1 2 0.88 0.88 50.0 12.0 50.0 698.0 453.0 698.0 
1 2 0.9 0.9 49.0 28.0 49.0 450.0 148.0 450.0 
1 2 0.97 0.97 979.0 728.0 979.0 299.0 68.0 299.0 
1 2 0.74 0.74 626.0 396.0 626.0 651.0 74.0 651.0 
1 2 0.83 0.83 51.0 37.0 51.0 9.0 1.0 9.0 
1 2 0.8 0.8 576.0 90.0 576.0 371.0 242.0 371.0 
1 2 0.86 0.86 152.0 11.0 152.0 811.0 640.0 811.0 
1 2 0.97 0.97 789.0 83.0 789.0 189.0 165.0 189.0 
1 2 0.52 0.52 101.0 2.0 101.0 661.0 332.0 661.0 
1 2 0.98 0.98 953.0 276.0 953.0 421.0 293.0 421.0 
1 2 0.47 0.47 535.0 205.0 535.0 412.0 37.0 412.0 
1 2 0.32 0.32 471.0 42.0 471.0 697.0 164.0 697.0 
1 3 0.88 0.88 471.0 42.0 471.0 697.0 164.0 697.0 679.0 383.0 679.0 
1 2 0.88 0.88 849.0 185.0 849.0 631.0 421.0 631.0 
1 2 0.87 0.87 819.0 511.0 819.0 372.0 93.0 372.0 
1 2 0.95 0.95 737.0 195.0 737.0 861.0 594.0 861.0 
1 2 0.79 0.79 416.0 250.0 416.0 186.0 37.0 186.0 
1 2 0.72 0.72 73.0 16.0 73.0 930.0 474.0 930.0 
1 2 0.78 0.78 420.0 43.0 420.0 970.0 663.0 970.0 
1 2 0.78 0.78 821.0 126.0 821.0 575.0 361.0 575.0 
1 2 0.61 0.61 793.0 412.0 793.0 666.0 63.0 666.0 
1 2 0.99 0.99 551.0 176.0 551.0 250.0 170.0 250.0 
1 2 0.38 0.38 438.0 70.0 438.0 527.0 117.0 527.0 
1 2 0.59 0.59 686.0 378.0 686.0 783.0 38.0 783.0 
1 2 0.74 0.74 79.0 17.0 79.0 118.0 63.0 118.0 
1 2 0.65 0.65 103.0 57.0 103.0 934.0 97.0 934.0 
1 2 0.99 0.99 617.0 310.0 617.0 89.0 44.0 89.0 
1 2 0.94 0.94 72.0 40.0 72.0 546.0 211.0 546.0 
1 2 0.71 0.71 374.0 150.0 374.0 543.0 168.0 543.0 
1 2 0.68 0.68 73.0 11.0 73.0 997.0 533.0 997.0 
1 2 0.99 0.99 716.0 619.0 716.0 580.0 76.0 580.0 
1 2 0.75 0.75 397.0 86.0 397.0 738.0 395.0 738.0 
1 2 0.96 0.96 350.0 158.0 350.0 924.0 472.0 924.0 
1 2 0.75 0.75 651.0 357.0 651.0 662.0 139.0 662.0 
1 2 0.68 0.68 235.0 18.0 235.0 513.0 314.0 513.0 
1 2 0.57 0.57 620.0 4.0 620.0 395.0 225.0 395.0 
1 2 0.98 0.98 776.0 70.0 776.0 957.0 860.0 957.0 
1 2 0.66 0.66 167.0 99.0 167.0 811.0 57.0 811.0 
1 3 0.87 0.87 167.0 99.0 167.0 811.0 57.0 811.0 57.0 12.0 57.0 
1 2 0.79 0.79 188.0 120.0 188.0 13.0 2.0 13.0 
1 2 0.84 0.84 646.0 407.0 646.0 766.0 168.0 766.0 
1 2 0.66 0.66 335.0 46.0 335.0 597.0 315.0 597.0 
1 2 0.75 0.75 848.0 49.0 848.0 810.0 568.0 810.0 
1 2 0.84 0.84 486.0 315.0 486.0 292.0 58.0 292.0 
1 2 0.63 0.63 424.0 166.0 424.0 910.0 224.0 910.0 
1 3 0.86 0.86 424.0 166.0 424.0 910.0 224.0 910.0 374.0 85.0 374.0 
1 2 0.97 0.97 832.0 744.0 832.0 689.0 55.0 689.0 
1 2 0.85 0.85 695.0 530.0 695.0 400.0 35.0 400.0 
1 2 0.64 0.64 72.0 2.0 72.0 620.0 381.0 620.0 
1 2 0.84 0.84 515.0 123.0 515.0 454.0 275.0 454.0 
1 2 0.78 0.78 206.0 15.0 206.0 604.0 428.0 604.0 
1 2 0.78 0.78 730.0 167.0 730.0 91.0 51.0 91.0 
1 2 0.81 0.81 433.0 336.0 433.0 371.0 13.0 371.0 
1 2 0.72 0.72 880.0 23.0 880.0 342.0 239.0 342.0 
1 2 0.81 0.81 505.0 326.0 505.0 418.0 69.0 418.0 
1 2 0.45 0.45 714.0 300.0 714.0 254.0 10.0 254.0 
1 2 0.63 0.63 343.0 35.0 343.0 661.0 352.0 661.0 
1 2 0.53 0.53 63.0 22.0 63.0 16.0 3.0 16.0 
1 2 0.95 0.95 386.0 298.0 386.0 174.0 32.0 174.0 
1 2 0.91 0.91 454.0 26.0 454.0 204.0 174.0 204.0 
1 2 0.61 0.61 301.0 85.0 301.0 215.0 71.0 215.0 
1 2 0.93 0.93 914.0 221.0 914.0 583.0 403.0 583.0 
1 2 0.94 0.94 584.0 398.0 584.0 112.0 29.0 112.0 
1 2 0.71 0.71 848.0 145.0 848.0 595.0 321.0 595.0 
1 3 0.95 0.95 848.0 145.0 848.0 595.0 321.0 595.0 358.0 89.0 358.0 
1 2 0.99 0.99 87.0 45.0 87.0 498.0 239.0 498.0 
1 2 0.8 0.8 958.0 214.0 958.0 503.0 292.0 503.0 
1 2 0.81 0.81 780.0 194.0 780.0 324.0 185.0 324.0 
1 2 0.83 0.83 402.0 92.0 402.0 472.0 284.0 472.0 
1 2 0.82 0.82 916.0 172.0 916.0 888.0 570.0 888.0 
1 2 0.95 0.95 797.0 212.0 797.0 956.0 659.0 956.0 
1 2 0.94 0.94 191.0 99.0 191.0 203.0 87.0 203.0 
1 2 0.82 0.82 76.0 10.0 76.0 789.0 549.0 789.0 
1 2 0.41 0.41 997.0 72.0 997.0 840.0 284.0 840.0 
1 2 0.78 0.78 6.0 1.0 6.0 973.0 601.0 973.0 
1 2 0.62 0.62 541.0 19.0 541.0 608.0 359.0 608.0 
1 2 0.96 0.96 792.0 80.0 792.0 29.0 25.0 29.0 
1 2 0.74 0.74 958.0 531.0 958.0 924.0 180.0 924.0 
1 2 0.9 0.9 696.0 583.0 696.0 410.0 28.0 410.0 
1 2 0.99 0.99 395.0 342.0 395.0 224.0 30.0 224.0 
1 2 0.96 0.96 235.0 132.0 235.0 49.0 20.0 49.0 
1 2 0.94 0.94 640.0 565.0 640.0 515.0 31.0 515.0 
1 2 0.85 0.85 212.0 64.0 212.0 100.0 55.0 100.0 
1 2 0.91 0.91 939.0 832.0 939.0 60.0 2.0 60.0 
1 2 0.67 0.67 632.0 385.0 632.0 843.0 53.0 843.0 
1 2 0.15 0.15 593.0 59.0 593.0 19.0 1.0 19.0 
1 3 0.74 0.74 593.0 59.0 593.0 19.0 1.0 19.0 324.0 192.0 324.0 
1 2 0.91 0.91 439.0 351.0 439.0 703.0 83.0 703.0 
1 2 0.99 0.99 736.0 709.0 736.0 412.0 12.0 412.0 
1 2 0.57 0.57 689.0 241.0 689.0 740.0 167.0 740.0 
1 2 0.76 0.76 689.0 277.0 689.0 69.0 25.0 69.0 
1 2 0.97 0.97 676.0 445.0 676.0 75.0 24.0 75.0 
1 2 0.94 0.94 234.0 87.0 234.0 985.0 561.0 985.0 
1 2 0.82 0.82 938.0 92.0 938.0 391.0 284.0 391.0 
1 2 0.72 0.72 882.0 178.0 882.0 618.0 323.0 618.0 
1 2 0.47 0.47 276.0 119.0 276.0 65.0 3.0 65.0 
1 3 0.98 0.98 276.0 119.0 276.0 65.0 3.0 65.0 976.0 500.0 976.0 
1 2 0.57 0.57 153.0 15.0 153.0 358.0 172.0 358.0 
1 2 0.89 0.89 283.0 32.0 283.0 213.0 167.0 213.0 
1 2 0.87 0.87 674.0 420.0 674.0 433.0 111.0 433.0 
1 2 0.94 0.94 128.0 6.0 128.0 68.0 61.0 68.0 
1 2 0.58 0.58 637.0 287.0 637.0 707.0 92.0 707.0 
1 2 0.9 0.9 965.0 604.0 965.0 156.0 43.0 156.0 
1 2 0.94 0.94 598.0 145.0 598.0 530.0 372.0 530.0 
1 2 0.69 0.69 652.0 429.0 652.0 995.0 41.0 995.0 
1 2 0.88 0.88 81.0 59.0 81.0 308.0 49.0 308.0 
1 2 0.89 0.89 812.0 230.0 812.0 853.0 525.0 853.0 
1 2 0.65 0.65 231.0 19.0 231.0 275.0 157.0 275.0 
1 2 0.82 0.82 584.0 15.0 584.0 599.0 480.0 599.0 
1 2 0.83 0.83 60.0 49.0 60.0 932.0 16.0 932.0 
1 2 0.99 0.99 70.0 1.0 70.0 630.0 617.0 630.0 
1 2 0.97 0.97 677.0 543.0 677.0 658.0 115.0 658.0 
1 2 0.88 0.88 569.0 39.0 569.0 345.0 283.0 345.0 
1 2 0.8 0.8 200.0 125.0 200.0 616.0 109.0 616.0 
1 2 0.81 0.81 956.0 135.0 956.0 574.0 389.0 574.0 
1 2 0.68 0.68 908.0 565.0 908.0 62.0 4.0 62.0 
1 2 0.81 0.81 226.0 53.0 226.0 101.0 59.0 101.0 
1 2 0.54 0.54 763.0 54.0 763.0 952.0 452.0 952.0 
1 2 0.88 0.88 66.0 39.0 66.0 428.0 128.0 428.0 
1 2 0.74 0.74 741.0 104.0 741.0 531.0 321.0 531.0 
1 2 0.65 0.65 38.0 21.0 38.0 20.0 2.0 20.0 
1 3 0.99 0.99 38.0 21.0 38.0 20.0 2.0 20.0 963.0 326.0 963.0 
1 2 0.96 0.96 114.0 87.0 114.0 714.0 144.0 714.0 
1 2 0.84 0.84 148.0 84.0 148.0 780.0 218.0 780.0 
1 2 0.88 0.88 499.0 381.0 499.0 929.0 111.0 929.0 
1 2 0.77 0.77 940.0 702.0 940.0 452.0 15.0 452.0 
1 2 0.91 0.91 795.0 677.0 795.0 158.0 10.0 158.0 
1 2 0.87 0.87 848.0 59.0 848.0 516.0 414.0 516.0 
1 2 0.58 0.58 90.0 52.0 90.0 108.0 1.0 108.0 
1 2 0.99 0.99 546.0 480.0 546.0 60.0 7.0 60.0 
1 2 0.75 0.75 645.0 409.0 645.0 543.0 63.0 543.0 
1 2 0.38 0.38 496.0 74.0 496.0 158.0 38.0 158.0 
1 2 0.85 0.85 786.0 49.0 786.0 147.0 116.0 147.0 
1 2 0.77 0.77 645.0 155.0 645.0 221.0 119.0 221.0 
1 2 0.87 0.87 669.0 522.0 669.0 62.0 6.0 62.0 
1 2 0.9 0.9 918.0 413.0 918.0 364.0 166.0 364.0 
1 2 0.68 0.68 54.0 36.0 54.0 344.0 6.0 344.0 
1 2 0.97 0.97 825.0 370.0 825.0 837.0 438.0 837.0 
1 2 0.59 0.59 491.0 256.0 491.0 387.0 27.0 387.0 
1 2 0.99 0.99 903.0 466.0 903.0 496.0 239.0 496.0 
1 2 0.45 0.45 312.0 131.0 312.0 288.0 10.0 288.0 
1 2 0.61 0.61 109.0 7.0 109.0 287.0 157.0 287.0 
1 2 0.7 0.7 466.0 127.0 466.0 883.0 381.0 883.0 
1 2 0.98 0.98 961.0 467.0 961.0 826.0 414.0 826.0 
1 2 0.82 0.82 369.0 225.0 369.0 817.0 174.0 817.0 
1 2 0.62 0.62 918.0 89.0 918.0 726.0 385.0 726.0 
1 3 0.67 0.67 918.0 89.0 918.0 726.0 385.0 726.0 825.0 41.0 825.0 
1 2 0.94 0.94 147.0 139.0 147.0 597.0 2.0 597.0 
1 2 0.89 0.89 931.0 340.0 931.0 763.0 401.0 763.0 
1 2 0.81 0.81 903.0 140.0 903.0 867.0 571.0 867.0 
1 2 0.54 0.54 582.0 298.0 582.0 850.0 24.0 850.0 
1 2 0.79 0.79 607.0 173.0 607.0 519.0 267.0 519.0 
1 2 0.7 0.7 95.0 8.0 95.0 993.0 618.0 993.0 
1 3 0.9 0.9 95.0 8.0 95.0 993.0 618.0 993.0 924.0 179.0 924.0 
1 2 0.7 0.7 27.0 15.0 27.0 981.0 147.0 981.0 
1 2 0.92 0.92 947.0 41.0 947.0 923.0 813.0 923.0 
1 2 0.98 0.98 316.0 76.0 316.0 670.0 498.0 670.0 
1 2 0.93 0.93 406.0 172.0 406.0 365.0 186.0 365.0 
1 2 0.98 0.98 651.0 317.0 651.0 681.0 341.0 681.0 
1 2 0.82 0.82 717.0 204.0 717.0 983.0 531.0 983.0 
1 2 0.95 0.95 634.0 235.0 634.0 147.0 86.0 147.0 
1 2 0.85 0.85 344.0 76.0 344.0 38.0 24.0 38.0 
1 2 0.89 0.89 397.0 23.0 397.0 792.0 662.0 792.0 
1 2 0.65 0.65 432.0 37.0 432.0 221.0 126.0 221.0 
1 2 0.8 0.8 890.0 271.0 890.0 143.0 71.0 143.0 
1 2 0.82 0.82 872.0 246.0 872.0 564.0 309.0 564.0 
1 2 0.84 0.84 145.0 8.0 145.0 859.0 679.0 859.0 
1 3 0.86 0.86 145.0 8.0 145.0 859.0 679.0 859.0 414.0 9.0 414.0 
1 2 0.98 0.98 779.0 575.0 779.0 249.0 61.0 249.0 
1 2 0.74 0.74 692.0 44.0 692.0 819.0 555.0 819.0 
1 2 0.83 0.83 821.0 31.0 821.0 453.0 362.0 453.0 
1 2 0.7 0.7 306.0 208.0 306.0 606.0 16.0 606.0 
1 2 0.94 0.94 760.0 689.0 760.0 830.0 33.0 830.0 
1 2 0.88 0.88 82.0 3.0 82.0 505.0 426.0 505.0 
1 2 0.79 0.79 966.0 43.0 966.0 749.0 564.0 749.0 
1 2 0.54 0.54 492.0 12.0 492.0 441.0 230.0 441.0 
1 2 0.89 0.89 772.0 575.0 772.0 779.0 119.0 779.0 
1 2 0.97 0.97 133.0 10.0 133.0 175.0 158.0 175.0 
1 2 0.97 0.97 603.0 272.0 603.0 866.0 453.0 866.0 
1 2 0.94 0.94 40.0 2.0 40.0 655.0 584.0 655.0 
1 2 0.93 0.93 600.0 60.0 600.0 499.0 418.0 499.0 
1 2 0.45 0.45 716.0 238.0 716.0 956.0 120.0 956.0 
1 2 0.99 0.99 422.0 80.0 422.0 795.0 637.0 795.0 
1 2 0.83 0.83 567.0 372.0 567.0 22.0 4.0 22.0 
1 2 0.95 0.95 559.0 315.0 559.0 293.0 116.0 293.0 
1 2 0.9 0.9 352.0 114.0 352.0 108.0 63.0 108.0 
1 2 0.84 0.84 353.0 181.0 353.0 295.0 98.0 295.0 
1 2 0.91 0.91 308.0 229.0 308.0 820.0 140.0 820.0 
1 2 0.84 0.84 680.0 211.0 680.0 444.0 239.0 444.0 
1 2 0.84 0.84 777.0 576.0 777.0 675.0 71.0 675.0 
1 2 0.9 0.9 692.0 121.0 692.0 200.0 147.0 200.0 
1 2 0.7 0.7 621.0 43.0 621.0 11.0 7.0 11.0 
1 2 0.78 0.78 426.0 302.0 426.0 475.0 35.0 475.0 
1 2 0.8 0.8 396.0 274.0 396.0 676.0 75.0 676.0 
1 2 0.61 0.61 353.0 52.0 353.0 810.0 382.0 810.0 
1 2 0.98 0.98 335.0 287.0 335.0 482.0 63.0 482.0 
1 2 0.84 0.84 835.0 68.0 835.0 792.0 605.0 792.0 
1 2 0.88 0.88 992.0 579.0 992.0 595.0 181.0 595.0 
1 2 0.43 0.43 647.0 9.0 647.0 642.0 272.0 642.0 
1 2 0.81 0.81 608.0 119.0 608.0 214.0 132.0 214.0 
1 2 0.38 0.38 232.0 46.0 232.0 765.0 144.0 765.0 
1 3 0.57 0.57 232.0 46.0 232.0 765.0 144.0 765.0 561.0 103.0 561.0 
1 2 0.59 0.59 577.0 341.0 577.0 781.0 3.0 781.0 
1 2 0.74 0.74 717.0 43.0 717.0 72.0 49.0 72.0 
1 2 0.99 0.99 745.0 295.0 745.0 807.0 484.0 807.0 
1 2 0.93 0.93 46.0 1.0 46.0 618.0 564.0 618.0 
1 2 0.91 0.91 790.0 137.0 790.0 665.0 490.0 665.0 
1 2 0.76 0.76 683.0 408.0 683.0 190.0 32.0 190.0 
1 2 0.63 0.63 460.0 241.0 460.0 37.0 4.0 37.0 
1 2 0.92 0.92 253.0 9.0 253.0 889.0 789.0 889.0 
1 2 0.92 0.92 485.0 85.0 485.0 711.0 534.0 711.0 
1 2 0.93 0.93 714.0 619.0 714.0 731.0 47.0 731.0 
1 2 0.74 0.74 716.0 106.0 716.0 211.0 125.0 211.0 
1 2 0.73 0.73 590.0 415.0 590.0 115.0 4.0 115.0 
1 2 0.9 0.9 890.0 610.0 890.0 339.0 74.0 339.0 
1 2 0.54 0.54 421.0 71.0 421.0 853.0 324.0 853.0 
1 2 0.97 0.97 484.0 314.0 484.0 939.0 307.0 939.0 
1 2 0.72 0.72 17.0 10.0 17.0 155.0 21.0 155.0 
1 2 0.91 0.91 227.0 180.0 227.0 83.0 10.0 83.0 
1 2 0.92 0.92 724.0 109.0 724.0 423.0 326.0 423.0 
1 2 0.57 0.57 503.0 154.0 503.0 607.0 163.0 607.0 
1 2 0.79 0.79 235.0 180.0 235.0 451.0 11.0 451.0 
1 3 0.98 0.98 235.0 180.0 235.0 451.0 11.0 451.0 294.0 58.0 294.0 
1 2 0.68 0.68 5.0 2.0 5.0 524.0 147.0 524.0 
1 2 0.91 0.91 405.0 63.0 405.0 882.0 669.0 882.0 
1 2 0.85 0.85 993.0 753.0 993.0 847.0 85.0 847.0 
1 2 0.7 0.7 566.0 308.0 566.0 269.0 44.0 269.0 
1 2 0.74 0.74 714.0 532.0 714.0 777.0 3.0 777.0 
1 2 0.94 0.94 633.0 130.0 633.0 89.0 66.0 89.0 
1 2 0.38 0.38 477.0 106.0 477.0 413.0 67.0 413.0 
1 2 0.8 0.8 504.0 311.0 504.0 840.0 154.0 840.0 
1 2 0.86 0.86 910.0 50.0 910.0 397.0 322.0 397.0 
1 3 0.96 0.96 910.0 50.0 910.0 397.0 322.0 397.0 565.0 58.0 565.0 
1 2 0.93 0.93 872.0 17.0 872.0 360.0 331.0 360.0 
1 2 0.67 0.67 720.0 84.0 720.0 196.0 109.0 196.0 
1 2 0.93 0.93 535.0 352.0 535.0 908.0 249.0 908.0 
1 2 0.63 0.63 986.0 595.0 986.0 502.0 16.0 502.0 
1 2 0.81 0.81 556.0 124.0 556.0 262.0 156.0 262.0 
1 2 0.58 0.58 172.0 45.0 172.0 602.0 192.0 602.0 
1 2 0.79 0.79 815.0 536.0 815.0 377.0 51.0 377.0 
1 2 0.93 0.93 694.0 382.0 694.0 688.0 265.0 688.0 
1 2 0.69 0.69 498.0 75.0 498.0 299.0 164.0 299.0 
1 3 0.76 0.76 498.0 75.0 498.0 299.0 164.0 299.0 325.0 20.0 325.0 
1 2 0.78 0.78 827.0 465.0 827.0 413.0 92.0 413.0 
1 2 0.76 0.76 801.0 47.0 801.0 333.0 234.0 333.0 
1 2 0.82 0.82 711.0 150.0 711.0 905.0 553.0 905.0 
1 2 0.8 0.8 123.0 29.0 123.0 326.0 187.0 326.0 
1 2 0.57 0.57 466.0 3.0 466.0 156.0 88.0 156.0 
1 2 0.88 0.88 815.0 109.0 815.0 8.0 6.0 8.0 
1 2 0.99 0.99 764.0 729.0 764.0 269.0 12.0 269.0 
1 2 0.97 0.97 371.0 100.0 371.0 314.0 222.0 314.0 
1 2 0.88 0.88 657.0 203.0 657.0 305.0 177.0 305.0 
1 2 0.83 0.83 803.0 173.0 803.0 467.0 290.0 467.0 
1 2 0.75 0.75 111.0 76.0 111.0 151.0 10.0 151.0 
1 2 0.79 0.79 290.0 29.0 290.0 840.0 580.0 840.0 
1 2 0.91 0.91 585.0 112.0 585.0 940.0 682.0 940.0 
1 2 0.83 0.83 544.0 404.0 544.0 147.0 13.0 147.0 
1 2 0.74 0.74 254.0 31.0 254.0 523.0 326.0 523.0 
1 2 0.94 0.94 785.0 602.0 785.0 95.0 17.0 95.0 
1 2 0.8 0.8 725.0 107.0 725.0 188.0 124.0 188.0 
1 2 0.98 0.98 649.0 510.0 649.0 961.0 192.0 961.0 
1 2 0.92 0.92 233.0 48.0 233.0 994.0 711.0 994.0 
1 2 0.94 0.94 342.0 305.0 342.0 991.0 49.0 991.0 
1 3 0.95 0.95 342.0 305.0 342.0 991.0 49.0 991.0 553.0 9.0 553.0 
1 2 0.89 0.89 844.0 471.0 844.0 435.0 146.0 435.0 
1 2 0.62 0.62 365.0 220.0 365.0 74.0 2.0 74.0 
1 3 0.99 0.99 365.0 220.0 365.0 74.0 2.0 74.0 859.0 310.0 859.0 
1 2 0.64 0.64 389.0 200.0 389.0 465.0 62.0 465.0 
1 2 0.94 0.94 738.0 559.0 738.0 261.0 49.0 261.0 
1 2 0.6 0.6 967.0 26.0 967.0 530.0 308.0 530.0 
1 3 0.95 0.95 967.0 26.0 967.0 530.0 308.0 530.0 996.0 347.0 996.0 
1 2 0.83 0.83 424.0 257.0 424.0 758.0 173.0 758.0 
1 2 0.84 0.84 819.0 435.0 819.0 314.0 99.0 314.0 
1 2 0.63 0.63 948.0 75.0 948.0 956.0 527.0 956.0 
1 2 0.69 0.69 906.0 501.0 906.0 51.0 7.0 51.0 
1 2 0.73 0.73 472.0 33.0 472.0 395.0 263.0 395.0 
1 2 0.99 0.99 884.0 97.0 884.0 280.0 248.0 280.0 
1 2 0.8 0.8 163.0 8.0 163.0 373.0 282.0 373.0 
1 3 0.96 0.96 163.0 8.0 163.0 373.0 282.0 373.0 816.0 127.0 816.0 
1 2 0.95 0.95 500.0 46.0 500.0 874.0 755.0 874.0 
1 2 0.85 0.85 439.0 275.0 439.0 174.0 40.0 174.0 
1 2 0.97 0.97 383.0 260.0 383.0 325.0 95.0 325.0 
1 2 0.73 0.73 895.0 513.0 895.0 723.0 117.0 723.0 
1 2 0.81 0.81 312.0 40.0 312.0 679.0 467.0 679.0 
1 2 0.91 0.91 544.0 150.0 544.0 710.0 454.0 710.0 
1 2 0.77 0.77 317.0 229.0 317.0 119.0 6.0 119.0 
1 2 0.83 0.83 389.0 40.0 389.0 52.0 38.0 52.0 
1 2 0.82 0.82 219.0 142.0 219.0 50.0 9.0 50.0 
1 2 0.77 0.77 830.0 595.0 830.0 856.0 47.0 856.0 
1 2 0.91 0.91 51.0 26.0 51.0 630.0 255.0 630.0 
1 2 0.77 0.77 548.0 290.0 548.0 491.0 121.0 491.0 
1 2 0.96 0.96 354.0 263.0 354.0 506.0 114.0 506.0 
1 2 0.63 0.63 308.0 9.0 308.0 416.0 253.0 416.0 
1 2 0.86 0.86 439.0 12.0 439.0 162.0 135.0 162.0 
1 2 0.55 0.55 907.0 3.0 907.0 687.0 380.0 687.0 
1 2 0.99 0.99 169.0 146.0 169.0 638.0 81.0 638.0 
1 2 0.79 0.79 136.0 32.0 136.0 609.0 341.0 609.0 
1 2 0.93 0.93 887.0 689.0 887.0 473.0 76.0 473.0 
1 2 0.88 0.88 296.0 255.0 296.0 622.0 14.0 622.0 
1 2 0.97 0.97 330.0 24.0 330.0 128.0 116.0 128.0 
1 2 0.88 0.88 864.0 482.0 864.0 429.0 142.0 429.0 
1 2 0.77 0.77 794.0 96.0 794.0 49.0 32.0 49.0 
1 2 0.71 0.71 678.0 18.0 678.0 661.0 458.0 661.0 
1 2 0.89 0.89 300.0 105.0 300.0 61.0 33.0 61.0 
1 2 0.66 0.66 638.0 366.0 638.0 925.0 80.0 925.0 
1 2 0.71 0.71 899.0 43.0 899.0 545.0 366.0 545.0 
1 2 0.5 0.5 662.0 54.0 662.0 392.0 167.0 392.0 
1 2 0.62 0.62 653.0 51.0 653.0 226.0 124.0 226.0 
1 2 0.6 0.6 698.0 206.0 698.0 764.0 240.0 764.0 
1 2 0.69 0.69 343.0 27.0 343.0 496.0 308.0 496.0 
1 2 0.96 0.96 682.0 436.0 682.0 216.0 70.0 216.0 
1 2 0.8 0.8 19.0 14.0 19.0 644.0 46.0 644.0 
1 2 0.91 0.91 108.0 55.0 108.0 99.0 40.0 99.0 
1 2 0.96 0.96 582.0 248.0 582.0 707.0 379.0 707.0 
1 2 0.68 0.68 789.0 6.0 789.0 647.0 440.0 647.0 
1 2 0.91 0.91 303.0 153.0 303.0 213.0 88.0 213.0 
1 2 0.77 0.77 964.0 197.0 964.0 902.0 514.0 902.0 
1 2 0.94 0.94 961.0 258.0 961.0 394.0 268.0 394.0 
1 2 0.85 0.85 83.0 47.0 83.0 41.0 12.0 41.0 
1 2 0.85 0.85 483.0 23.0 483.0 26.0 21.0 26.0 
1 3 0.86 0.86 483.0 23.0 483.0 26.0 21.0 26.0 893.0 13.0 893.0 
1 2 0.97 0.97 123.0 75.0 123.0 516.0 189.0 516.0 
1 2 0.69 0.69 166.0 96.0 166.0 968.0 117.0 968.0 
1 2 0.93 0.93 188.0 112.0 188.0 126.0 43.0 126.0 
1 2 0.75 0.75 737.0 438.0 737.0 806.0 129.0 806.0 
1 3 0.79 0.79 737.0 438.0 737.0 806.0 129.0 806.0 893.0 37.0 893.0 
1 2 0.5 0.5 950.0 179.0 950.0 536.0 170.0 536.0 
1 2 0.51 0.51 717.0 172.0 717.0 736.0 202.0 736.0 
1 2 0.86 0.86 664.0 440.0 664.0 142.0 29.0 142.0 
1 2 0.61 0.61 170.0 94.0 170.0 826.0 54.0 826.0 
1 2 0.93 0.93 300.0 4.0 300.0 459.0 425.0 459.0 
1 2 0.75 0.75 873.0 245.0 873.0 36.0 17.0 36.0 
1 2 0.62 0.62 435.0 20.0 435.0 899.0 522.0 899.0 
1 2 0.96 0.96 964.0 8.0 964.0 26.0 25.0 26.0 
1 2 0.9 0.9 940.0 170.0 940.0 168.0 122.0 168.0 
1 2 0.93 0.93 95.0 14.0 95.0 572.0 448.0 572.0 
1 2 0.14 0.14 309.0 16.0 309.0 503.0 48.0 503.0 
1 3 0.92 0.92 309.0 16.0 309.0 503.0 48.0 503.0 185.0 144.0 185.0 
1 2 0.8 0.8 870.0 583.0 870.0 269.0 37.0 269.0 
1 2 0.91 0.91 713.0 115.0 713.0 332.0 249.0 332.0 
1 2 0.71 0.71 376.0 160.0 376.0 440.0 129.0 440.0 
1 2 0.88 0.88 413.0 110.0 413.0 52.0 32.0 52.0 
1 2 0.81 0.81 971.0 224.0 971.0 309.0 182.0 309.0 
1 2 0.9 0.9 362.0 224.0 362.0 489.0 140.0 489.0 
1 2 0.86 0.86 811.0 65.0 811.0 458.0 360.0 458.0 
1 2 0.95 0.95 427.0 80.0 427.0 553.0 425.0 553.0 
1 2 0.9 0.9 306.0 157.0 306.0 807.0 319.0 807.0 
1 2 0.92 0.92 351.0 185.0 351.0 763.0 304.0 763.0 
1 2 0.91 0.91 784.0 73.0 784.0 726.0 599.0 726.0 
1 2 0.8 0.8 607.0 81.0 607.0 12.0 8.0 12.0 
1 2 0.26 0.26 20.0 4.0 20.0 657.0 42.0 657.0 
1 2 0.88 0.88 754.0 614.0 754.0 647.0 45.0 647.0 
1 2 0.78 0.78 91.0 64.0 91.0 247.0 19.0 247.0 
1 2 0.83 0.83 938.0 762.0 938.0 338.0 9.0 338.0 
1 2 0.8 0.8 463.0 273.0 463.0 242.0 51.0 242.0 
1 2 0.95 0.95 749.0 77.0 749.0 119.0 102.0 119.0 
1 2 0.75 0.75 458.0 241.0 458.0 90.0 21.0 90.0 
1 2 0.87 0.87 538.0 10.0 538.0 295.0 252.0 295.0 
1 2 0.72 0.72 491.0 60.0 491.0 729.0 440.0 729.0 
1 2 0.61 0.61 458.0 246.0 458.0 224.0 17.0 224.0 
1 2 0.92 0.92 249.0 45.0 249.0 605.0 449.0 605.0 
1 2 0.95 0.95 366.0 148.0 366.0 348.0 193.0 348.0 
1 2 0.74 0.74 80.0 27.0 80.0 996.0 409.0 996.0 
1 2 0.72 0.72 416.0 248.0 416.0 330.0 41.0 330.0 
1 2 0.9 0.9 655.0 236.0 655.0 329.0 179.0 329.0 
1 2 0.08 0.08 441.0 19.0 441.0 53.0 2.0 53.0 
1 3 0.89 0.89 441.0 19.0 441.0 53.0 2.0 53.0 192.0 157.0 192.0 
1 2 0.75 0.75 695.0 25.0 695.0 212.0 152.0 212.0 
1 2 0.74 0.74 135.0 20.0 135.0 772.0 462.0 772.0 
1 2 0.95 0.95 557.0 196.0 557.0 608.0 364.0 608.0 
