2 3 1.95 1.95 556.0 365.0 556.0 504.0 263.0 504.0 679.0 525.0 679.0 
2 3 1.21 1.21 85.0 8.0 85.0 582.0 251.0 582.0 373.0 258.0 373.0 
2 3 1.78 1.78 573.0 301.0 573.0 457.0 302.0 457.0 375.0 226.0 375.0 
2 3 1.79 1.79 435.0 153.0 435.0 842.0 524.0 842.0 815.0 672.0 815.0 
2 3 1.11 1.11 458.0 66.0 458.0 688.0 558.0 688.0 895.0 147.0 895.0 
2 4 1.67 1.67 458.0 66.0 458.0 688.0 558.0 688.0 895.0 147.0 895.0 638.0 354.0 638.0 
2 3 1.93 1.93 738.0 414.0 738.0 887.0 636.0 887.0 92.0 60.0 92.0 
2 3 1.72 1.72 783.0 77.0 783.0 662.0 539.0 662.0 672.0 543.0 672.0 
2 3 1.94 1.94 891.0 455.0 891.0 121.0 67.0 121.0 257.0 227.0 257.0 
2 3 1.65 1.65 448.0 375.0 448.0 734.0 4.0 734.0 769.0 621.0 769.0 
2 3 1.81 1.81 155.0 105.0 155.0 441.0 358.0 441.0 422.0 136.0 422.0 
2 3 1.87 1.87 681.0 244.0 681.0 581.0 422.0 581.0 771.0 608.0 771.0 
2 3 1.82 1.82 874.0 548.0 874.0 768.0 679.0 768.0 67.0 21.0 67.0 
2 3 1.92 1.92 700.0 461.0 700.0 210.0 133.0 210.0 999.0 637.0 999.0 
2 3 1.89 1.89 942.0 597.0 942.0 434.0 269.0 434.0 945.0 609.0 945.0 
2 3 1.83 1.83 753.0 392.0 753.0 594.0 311.0 594.0 929.0 736.0 929.0 
2 3 1.97 1.97 476.0 273.0 476.0 216.0 171.0 216.0 572.0 347.0 572.0 
2 3 1.84 1.84 334.0 209.0 334.0 691.0 322.0 691.0 487.0 369.0 487.0 
2 3 1.8 1.8 666.0 328.0 666.0 817.0 636.0 817.0 667.0 356.0 667.0 
2 3 1.85 1.85 687.0 566.0 687.0 144.0 74.0 144.0 687.0 354.0 687.0 
2 3 1.8 1.8 805.0 379.0 805.0 994.0 795.0 994.0 799.0 429.0 799.0 
2 3 1.73 1.73 607.0 281.0 607.0 848.0 578.0 848.0 386.0 226.0 386.0 
2 3 1.92 1.92 7.0 5.0 7.0 599.0 353.0 599.0 353.0 220.0 353.0 
2 3 1.71 1.71 13.0 9.0 13.0 923.0 359.0 923.0 302.0 192.0 302.0 
2 3 1.63 1.63 558.0 415.0 558.0 42.0 2.0 42.0 51.0 43.0 51.0 
2 3 0.8 0.8 135.0 8.0 135.0 8.0 5.0 8.0 957.0 111.0 957.0 
2 4 1.36 1.36 135.0 8.0 135.0 8.0 5.0 8.0 957.0 111.0 957.0 981.0 550.0 981.0 
2 3 1.64 1.64 217.0 124.0 217.0 189.0 137.0 189.0 806.0 282.0 806.0 
2 3 1.95 1.95 68.0 24.0 68.0 105.0 91.0 105.0 970.0 716.0 970.0 
2 3 1.92 1.92 917.0 581.0 917.0 875.0 582.0 875.0 611.0 384.0 611.0 
2 3 1.64 1.64 198.0 141.0 198.0 790.0 326.0 790.0 500.0 262.0 500.0 
2 4 1.87 1.87 198.0 141.0 198.0 790.0 326.0 790.0 500.0 262.0 500.0 407.0 92.0 407.0 
2 3 1.97 1.97 581.0 302.0 581.0 53.0 37.0 53.0 130.0 98.0 130.0 
2 3 1.77 1.77 333.0 91.0 333.0 161.0 96.0 161.0 635.0 577.0 635.0 
2 3 1.66 1.66 515.0 32.0 515.0 650.0 540.0 650.0 396.0 305.0 396.0 
2 4 1.94 1.94 515.0 32.0 515.0 650.0 540.0 650.0 396.0 305.0 396.0 39.0 11.0 39.0 
2 3 1.79 1.79 310.0 290.0 310.0 469.0 137.0 469.0 383.0 219.0 383.0 
2 3 1.71 1.71 585.0 306.0 585.0 295.0 152.0 295.0 336.0 228.0 336.0 
2 3 1.58 1.58 475.0 380.0 475.0 814.0 224.0 814.0 569.0 288.0 569.0 
2 3 1.98 1.98 531.0 337.0 531.0 148.0 80.0 148.0 843.0 684.0 843.0 
2 3 1.6 1.6 378.0 256.0 378.0 469.0 52.0 469.0 598.0 491.0 598.0 
2 3 1.76 1.76 357.0 317.0 357.0 278.0 39.0 278.0 471.0 346.0 471.0 
2 3 1.4 1.4 280.0 177.0 280.0 636.0 103.0 636.0 297.0 182.0 297.0 
2 4 1.96 1.96 280.0 177.0 280.0 636.0 103.0 636.0 297.0 182.0 297.0 475.0 267.0 475.0 
2 3 1.36 1.36 439.0 9.0 439.0 988.0 458.0 988.0 582.0 512.0 582.0 
2 4 1.93 1.93 439.0 9.0 439.0 988.0 458.0 988.0 582.0 512.0 582.0 705.0 405.0 705.0 
2 3 1.67 1.67 793.0 521.0 793.0 4.0 4.0 4.0 495.0 7.0 495.0 
2 4 1.82 1.82 793.0 521.0 793.0 4.0 4.0 4.0 495.0 7.0 495.0 708.0 110.0 708.0 
2 3 1.8 1.8 971.0 503.0 971.0 35.0 23.0 35.0 621.0 391.0 621.0 
2 3 1.96 1.96 558.0 406.0 558.0 170.0 108.0 170.0 623.0 374.0 623.0 
2 3 1.9 1.9 457.0 322.0 457.0 704.0 362.0 704.0 294.0 203.0 294.0 
2 3 1.74 1.74 823.0 530.0 823.0 445.0 236.0 445.0 696.0 397.0 696.0 
2 3 1.89 1.89 673.0 542.0 673.0 501.0 414.0 501.0 830.0 218.0 830.0 
2 3 1.96 1.96 935.0 39.0 935.0 473.0 468.0 473.0 315.0 295.0 315.0 
2 3 1.74 1.74 721.0 484.0 721.0 194.0 100.0 194.0 66.0 37.0 66.0 
2 3 1.56 1.56 369.0 247.0 369.0 499.0 270.0 499.0 365.0 131.0 365.0 
2 3 1.92 1.92 221.0 200.0 221.0 942.0 595.0 942.0 718.0 281.0 718.0 
2 3 1.9 1.9 175.0 122.0 175.0 818.0 423.0 818.0 585.0 403.0 585.0 
2 3 1.4 1.4 683.0 438.0 683.0 595.0 15.0 595.0 617.0 456.0 617.0 
2 4 1.98 1.98 683.0 438.0 683.0 595.0 15.0 595.0 617.0 456.0 617.0 282.0 163.0 282.0 
2 5 1.99 1.99 683.0 438.0 683.0 595.0 15.0 595.0 617.0 456.0 617.0 282.0 163.0 282.0 117.0 1.0 117.0 
2 3 1.72 1.72 457.0 165.0 457.0 685.0 521.0 685.0 10.0 6.0 10.0 
2 3 1.9 1.9 479.0 346.0 479.0 572.0 330.0 572.0 649.0 391.0 649.0 
2 3 1.9 1.9 162.0 135.0 162.0 44.0 25.0 44.0 827.0 418.0 827.0 
2 3 1.75 1.75 132.0 39.0 132.0 990.0 608.0 990.0 387.0 326.0 387.0 
2 3 1.43 1.43 956.0 501.0 956.0 937.0 292.0 937.0 203.0 122.0 203.0 
2 3 1.95 1.95 544.0 349.0 544.0 359.0 226.0 359.0 16.0 11.0 16.0 
2 3 1.96 1.96 349.0 139.0 349.0 855.0 807.0 855.0 104.0 65.0 104.0 
2 3 1.77 1.77 527.0 297.0 527.0 361.0 246.0 361.0 946.0 500.0 946.0 
2 3 1.66 1.66 147.0 94.0 147.0 393.0 205.0 393.0 988.0 502.0 988.0 
2 3 1.94 1.94 109.0 38.0 109.0 690.0 453.0 690.0 462.0 436.0 462.0 
2 3 1.48 1.48 203.0 21.0 203.0 475.0 321.0 475.0 997.0 707.0 997.0 
2 3 1.57 1.57 202.0 82.0 202.0 798.0 403.0 798.0 970.0 645.0 970.0 
2 3 1.49 1.49 720.0 8.0 720.0 306.0 237.0 306.0 587.0 416.0 587.0 
2 3 1.89 1.89 563.0 409.0 563.0 508.0 327.0 508.0 563.0 294.0 563.0 
2 3 1.82 1.82 167.0 107.0 167.0 302.0 173.0 302.0 208.0 128.0 208.0 
2 3 1.64 1.64 613.0 310.0 613.0 69.0 38.0 69.0 442.0 259.0 442.0 
2 3 1.57 1.57 473.0 259.0 473.0 947.0 487.0 947.0 352.0 181.0 352.0 
2 3 1.33 1.33 330.0 216.0 330.0 606.0 348.0 606.0 319.0 34.0 319.0 
2 3 0.71 0.71 321.0 20.0 321.0 250.0 19.0 250.0 308.0 179.0 308.0 
2 4 1.71 1.71 321.0 20.0 321.0 250.0 19.0 250.0 308.0 179.0 308.0 140.0 140.0 140.0 
2 3 1.86 1.86 86.0 54.0 86.0 138.0 98.0 138.0 670.0 351.0 670.0 
2 3 1.55 1.55 601.0 460.0 601.0 856.0 417.0 856.0 565.0 173.0 565.0 
2 3 1.88 1.88 532.0 326.0 532.0 772.0 654.0 772.0 783.0 335.0 783.0 
2 3 1.97 1.97 288.0 190.0 288.0 607.0 305.0 607.0 47.0 38.0 47.0 
2 3 1.71 1.71 514.0 305.0 514.0 232.0 136.0 232.0 924.0 497.0 924.0 
2 3 1.61 1.61 871.0 257.0 871.0 162.0 92.0 162.0 402.0 304.0 402.0 
2 4 1.92 1.92 871.0 257.0 871.0 162.0 92.0 162.0 402.0 304.0 402.0 507.0 157.0 507.0 
2 3 1.67 1.67 381.0 213.0 381.0 724.0 568.0 724.0 881.0 289.0 881.0 
2 3 1.83 1.83 760.0 608.0 760.0 961.0 311.0 961.0 148.0 105.0 148.0 
2 3 1.66 1.66 562.0 332.0 562.0 494.0 53.0 494.0 315.0 304.0 315.0 
2 3 1.01 1.01 483.0 288.0 483.0 535.0 114.0 535.0 804.0 168.0 804.0 
2 4 1.68 1.68 483.0 288.0 483.0 535.0 114.0 535.0 804.0 168.0 804.0 875.0 584.0 875.0 
2 3 1.84 1.84 294.0 81.0 294.0 806.0 646.0 806.0 817.0 629.0 817.0 
2 3 1.86 1.86 427.0 246.0 427.0 905.0 679.0 905.0 551.0 296.0 551.0 
2 3 1.29 1.29 490.0 300.0 490.0 334.0 220.0 334.0 358.0 10.0 358.0 
2 4 1.36 1.36 490.0 300.0 490.0 334.0 220.0 334.0 358.0 10.0 358.0 731.0 45.0 731.0 
2 5 1.71 1.71 490.0 300.0 490.0 334.0 220.0 334.0 358.0 10.0 358.0 731.0 45.0 731.0 751.0 264.0 751.0 
2 3 1.72 1.72 581.0 429.0 581.0 946.0 544.0 946.0 747.0 307.0 747.0 
2 3 1.81 1.81 507.0 409.0 507.0 570.0 22.0 570.0 867.0 839.0 867.0 
2 3 1.81 1.81 819.0 427.0 819.0 694.0 386.0 694.0 559.0 415.0 559.0 
2 3 1.73 1.73 177.0 170.0 177.0 341.0 173.0 341.0 948.0 253.0 948.0 
2 3 1.93 1.93 745.0 540.0 745.0 110.0 78.0 110.0 436.0 217.0 436.0 
2 3 1.19 1.19 3.0 3.0 3.0 310.0 51.0 310.0 247.0 7.0 247.0 
2 3 1.95 1.95 852.0 563.0 852.0 819.0 603.0 819.0 254.0 141.0 254.0 
2 3 1.93 1.93 52.0 39.0 52.0 349.0 206.0 349.0 712.0 427.0 712.0 
2 3 1.59 1.59 625.0 147.0 625.0 488.0 330.0 488.0 585.0 398.0 585.0 
2 3 1.37 1.37 589.0 160.0 589.0 145.0 76.0 145.0 377.0 217.0 377.0 
2 4 1.95 1.95 589.0 160.0 589.0 145.0 76.0 145.0 377.0 217.0 377.0 188.0 109.0 188.0 
2 3 1.85 1.85 122.0 70.0 122.0 72.0 64.0 72.0 69.0 27.0 69.0 
2 3 1.43 1.43 874.0 642.0 874.0 250.0 156.0 250.0 257.0 19.0 257.0 
2 3 1.97 1.97 922.0 693.0 922.0 870.0 463.0 870.0 385.0 265.0 385.0 
2 3 1.08 1.08 178.0 147.0 178.0 418.0 91.0 418.0 741.0 30.0 741.0 
2 4 1.98 1.98 178.0 147.0 178.0 418.0 91.0 418.0 741.0 30.0 741.0 30.0 27.0 30.0 
2 3 1.66 1.66 809.0 555.0 809.0 838.0 817.0 838.0 162.0 1.0 162.0 
2 3 1.96 1.96 710.0 455.0 710.0 285.0 133.0 285.0 968.0 831.0 968.0 
2 3 1.69 1.69 902.0 576.0 902.0 492.0 215.0 492.0 131.0 81.0 131.0 
2 3 1.85 1.85 300.0 183.0 300.0 505.0 374.0 505.0 208.0 105.0 208.0 
2 3 1.6 1.6 721.0 607.0 721.0 165.0 107.0 165.0 353.0 41.0 353.0 
2 3 0.94 0.94 666.0 223.0 666.0 479.0 15.0 479.0 367.0 212.0 367.0 
2 4 1.9 1.9 666.0 223.0 666.0 479.0 15.0 479.0 367.0 212.0 367.0 286.0 276.0 286.0 
2 3 1.61 1.61 212.0 123.0 212.0 679.0 424.0 679.0 646.0 266.0 646.0 
2 3 1.72 1.72 642.0 86.0 642.0 720.0 575.0 720.0 53.0 42.0 53.0 
2 4 1.74 1.74 642.0 86.0 642.0 720.0 575.0 720.0 53.0 42.0 53.0 726.0 17.0 726.0 
2 3 1.35 1.35 901.0 104.0 901.0 576.0 424.0 576.0 571.0 289.0 571.0 
2 3 1.68 1.68 536.0 308.0 536.0 765.0 389.0 765.0 506.0 304.0 506.0 
2 3 1.62 1.62 422.0 86.0 422.0 749.0 623.0 749.0 854.0 507.0 854.0 
2 3 1.8 1.8 89.0 67.0 89.0 707.0 99.0 707.0 156.0 142.0 156.0 
2 3 1.92 1.92 935.0 719.0 935.0 704.0 497.0 704.0 94.0 42.0 94.0 
2 3 1.03 1.03 887.0 248.0 887.0 51.0 38.0 51.0 728.0 7.0 728.0 
2 4 1.87 1.87 887.0 248.0 887.0 51.0 38.0 51.0 728.0 7.0 728.0 347.0 291.0 347.0 
2 3 1.3 1.3 159.0 15.0 159.0 644.0 362.0 644.0 381.0 248.0 381.0 
2 4 1.87 1.87 159.0 15.0 159.0 644.0 362.0 644.0 381.0 248.0 381.0 140.0 80.0 140.0 
2 3 1.98 1.98 267.0 90.0 267.0 813.0 748.0 813.0 671.0 490.0 671.0 
2 3 1.19 1.19 233.0 105.0 233.0 754.0 11.0 754.0 124.0 91.0 124.0 
2 3 1.74 1.74 722.0 376.0 722.0 111.0 64.0 111.0 919.0 592.0 919.0 
2 3 1.94 1.94 927.0 719.0 927.0 810.0 435.0 810.0 413.0 261.0 413.0 
2 3 1.99 1.99 566.0 410.0 566.0 126.0 71.0 126.0 502.0 355.0 502.0 
2 3 1.59 1.59 134.0 81.0 134.0 504.0 107.0 504.0 498.0 390.0 498.0 
2 3 1.84 1.84 31.0 16.0 31.0 284.0 224.0 284.0 893.0 478.0 893.0 
2 3 1.87 1.87 597.0 331.0 597.0 592.0 416.0 592.0 922.0 568.0 922.0 
2 3 1.61 1.61 909.0 783.0 909.0 87.0 49.0 87.0 105.0 20.0 105.0 
2 3 1.88 1.88 494.0 359.0 494.0 387.0 206.0 387.0 790.0 496.0 790.0 
2 3 1.7 1.7 936.0 495.0 936.0 13.0 8.0 13.0 95.0 53.0 95.0 
2 3 1.63 1.63 263.0 144.0 263.0 411.0 214.0 411.0 321.0 181.0 321.0 
2 3 1.75 1.75 430.0 354.0 430.0 162.0 17.0 162.0 389.0 320.0 389.0 
2 3 1.81 1.81 998.0 422.0 998.0 755.0 418.0 755.0 952.0 796.0 952.0 
2 3 1.63 1.63 369.0 207.0 369.0 902.0 570.0 902.0 882.0 387.0 882.0 
2 3 1.26 1.26 190.0 114.0 190.0 787.0 131.0 787.0 572.0 288.0 572.0 
2 3 1.41 1.41 422.0 36.0 422.0 853.0 616.0 853.0 912.0 556.0 912.0 
2 4 1.82 1.82 422.0 36.0 422.0 853.0 616.0 853.0 912.0 556.0 912.0 253.0 102.0 253.0 
2 3 1.61 1.61 371.0 202.0 371.0 805.0 408.0 805.0 475.0 266.0 475.0 
2 3 1.99 1.99 984.0 799.0 984.0 412.0 170.0 412.0 750.0 580.0 750.0 
2 3 1.59 1.59 84.0 11.0 84.0 997.0 953.0 997.0 523.0 267.0 523.0 
2 3 1.86 1.86 857.0 442.0 857.0 365.0 284.0 365.0 502.0 285.0 502.0 
2 3 1.73 1.73 524.0 351.0 524.0 567.0 353.0 567.0 987.0 437.0 987.0 
2 3 1.88 1.88 701.0 468.0 701.0 979.0 629.0 979.0 805.0 460.0 805.0 
2 3 1.78 1.78 726.0 458.0 726.0 957.0 563.0 957.0 812.0 460.0 812.0 
2 3 1.69 1.69 415.0 213.0 415.0 237.0 132.0 237.0 782.0 492.0 782.0 
2 3 1.89 1.89 149.0 81.0 149.0 624.0 327.0 624.0 507.0 421.0 507.0 
2 3 1.51 1.51 266.0 2.0 266.0 157.0 101.0 157.0 620.0 536.0 620.0 
2 3 1.63 1.63 460.0 257.0 460.0 37.0 24.0 37.0 450.0 193.0 450.0 
2 3 1.95 1.95 13.0 10.0 13.0 629.0 395.0 629.0 162.0 91.0 162.0 
2 3 1.71 1.71 749.0 62.0 749.0 218.0 184.0 218.0 330.0 261.0 330.0 
2 3 1.73 1.73 827.0 36.0 827.0 255.0 178.0 255.0 328.0 327.0 328.0 
2 3 1.91 1.91 721.0 535.0 721.0 43.0 39.0 43.0 246.0 65.0 246.0 
2 3 1.79 1.79 406.0 295.0 406.0 757.0 150.0 757.0 905.0 791.0 905.0 
2 3 1.79 1.79 725.0 40.0 725.0 816.0 667.0 816.0 318.0 294.0 318.0 
2 3 1.86 1.86 242.0 173.0 242.0 810.0 458.0 810.0 85.0 50.0 85.0 
2 3 1.76 1.76 371.0 218.0 371.0 186.0 103.0 186.0 56.0 35.0 56.0 
2 3 1.83 1.83 706.0 326.0 706.0 423.0 303.0 423.0 294.0 193.0 294.0 
2 3 1.97 1.97 477.0 340.0 477.0 973.0 732.0 973.0 690.0 350.0 690.0 
2 3 1.48 1.48 761.0 611.0 761.0 734.0 240.0 734.0 978.0 345.0 978.0 
2 3 1.61 1.61 20.0 12.0 20.0 91.0 12.0 91.0 377.0 334.0 377.0 
2 3 1.95 1.95 331.0 179.0 331.0 689.0 353.0 689.0 151.0 136.0 151.0 
2 3 1.33 1.33 853.0 90.0 853.0 38.0 24.0 38.0 290.0 174.0 290.0 
2 4 1.93 1.93 853.0 90.0 853.0 38.0 24.0 38.0 290.0 174.0 290.0 819.0 492.0 819.0 
2 3 1.44 1.44 551.0 387.0 551.0 584.0 87.0 584.0 42.0 25.0 42.0 
2 3 1.94 1.94 604.0 373.0 604.0 28.0 16.0 28.0 110.0 83.0 110.0 
2 3 1.14 1.14 73.0 47.0 73.0 794.0 340.0 794.0 368.0 28.0 368.0 
2 4 1.73 1.73 73.0 47.0 73.0 794.0 340.0 794.0 368.0 28.0 368.0 41.0 24.0 41.0 
2 3 1.98 1.98 473.0 369.0 473.0 843.0 520.0 843.0 304.0 178.0 304.0 
2 3 1.63 1.63 691.0 457.0 691.0 642.0 161.0 642.0 336.0 242.0 336.0 
2 3 1.82 1.82 269.0 154.0 269.0 870.0 513.0 870.0 770.0 513.0 770.0 
2 3 1.93 1.93 78.0 27.0 78.0 168.0 159.0 168.0 709.0 458.0 709.0 
2 3 1.86 1.86 106.0 62.0 106.0 484.0 372.0 484.0 690.0 354.0 690.0 
2 3 1.22 1.22 889.0 282.0 889.0 938.0 87.0 938.0 780.0 632.0 780.0 
2 3 1.65 1.65 789.0 477.0 789.0 764.0 433.0 764.0 733.0 355.0 733.0 
2 3 1.13 1.13 831.0 161.0 831.0 300.0 40.0 300.0 320.0 258.0 320.0 
2 4 1.62 1.62 831.0 161.0 831.0 300.0 40.0 300.0 320.0 258.0 320.0 200.0 98.0 200.0 
2 3 1.96 1.96 324.0 202.0 324.0 262.0 218.0 262.0 567.0 288.0 567.0 
2 3 1.48 1.48 612.0 133.0 612.0 83.0 61.0 83.0 513.0 271.0 513.0 
2 3 1.98 1.98 983.0 636.0 983.0 660.0 436.0 660.0 751.0 510.0 751.0 
2 3 1.75 1.75 98.0 32.0 98.0 184.0 144.0 184.0 856.0 552.0 856.0 
2 3 1.9 1.9 179.0 143.0 179.0 448.0 122.0 448.0 610.0 508.0 610.0 
2 4 1.93 1.93 179.0 143.0 179.0 448.0 122.0 448.0 610.0 508.0 610.0 193.0 6.0 193.0 
2 3 1.38 1.38 877.0 462.0 877.0 427.0 10.0 427.0 761.0 634.0 761.0 
2 4 1.76 1.76 877.0 462.0 877.0 427.0 10.0 427.0 761.0 634.0 761.0 514.0 195.0 514.0 
2 5 1.93 1.93 877.0 462.0 877.0 427.0 10.0 427.0 761.0 634.0 761.0 514.0 195.0 514.0 29.0 5.0 29.0 
2 3 0.94 0.94 931.0 157.0 931.0 327.0 10.0 327.0 12.0 9.0 12.0 
2 4 1.16 1.16 931.0 157.0 931.0 327.0 10.0 327.0 12.0 9.0 12.0 252.0 54.0 252.0 
2 5 1.8 1.8 931.0 157.0 931.0 327.0 10.0 327.0 12.0 9.0 12.0 252.0 54.0 252.0 542.0 348.0 542.0 
2 3 1.98 1.98 243.0 219.0 243.0 877.0 466.0 877.0 172.0 95.0 172.0 
2 3 1.93 1.93 436.0 289.0 436.0 935.0 657.0 935.0 261.0 148.0 261.0 
2 3 1.95 1.95 59.0 44.0 59.0 764.0 336.0 764.0 101.0 78.0 101.0 
2 3 1.6 1.6 395.0 221.0 395.0 91.0 56.0 91.0 970.0 419.0 970.0 
2 3 1.35 1.35 404.0 13.0 404.0 765.0 388.0 765.0 630.0 511.0 630.0 
2 4 1.93 1.93 404.0 13.0 404.0 765.0 388.0 765.0 630.0 511.0 630.0 651.0 379.0 651.0 
2 3 1.85 1.85 708.0 135.0 708.0 411.0 335.0 411.0 652.0 555.0 652.0 
2 3 1.47 1.47 58.0 49.0 58.0 236.0 15.0 236.0 832.0 468.0 832.0 
2 3 1.72 1.72 28.0 16.0 28.0 934.0 503.0 934.0 394.0 244.0 394.0 
2 3 1.82 1.82 965.0 574.0 965.0 484.0 324.0 484.0 764.0 428.0 764.0 
2 3 1.98 1.98 267.0 178.0 267.0 676.0 526.0 676.0 214.0 115.0 214.0 
2 3 1.66 1.66 629.0 564.0 629.0 729.0 156.0 729.0 334.0 186.0 334.0 
2 4 1.82 1.82 629.0 564.0 629.0 729.0 156.0 729.0 334.0 186.0 334.0 724.0 111.0 724.0 
2 3 1.66 1.66 729.0 472.0 729.0 358.0 326.0 358.0 326.0 34.0 326.0 
2 3 1.75 1.75 392.0 214.0 392.0 266.0 180.0 266.0 49.0 26.0 49.0 
2 3 1.98 1.98 36.0 22.0 36.0 148.0 96.0 148.0 616.0 447.0 616.0 
2 3 1.61 1.61 430.0 124.0 430.0 328.0 263.0 328.0 296.0 155.0 296.0 
2 3 1.85 1.85 283.0 173.0 283.0 725.0 649.0 725.0 924.0 324.0 924.0 
2 3 1.97 1.97 589.0 558.0 589.0 989.0 556.0 989.0 983.0 459.0 983.0 
2 3 1.89 1.89 287.0 208.0 287.0 501.0 309.0 501.0 405.0 223.0 405.0 
2 3 1.54 1.54 36.0 35.0 36.0 307.0 7.0 307.0 408.0 224.0 408.0 
2 3 1.48 1.48 694.0 419.0 694.0 485.0 153.0 485.0 813.0 462.0 813.0 
2 3 1.65 1.65 503.0 492.0 503.0 626.0 330.0 626.0 414.0 61.0 414.0 
2 3 1.36 1.36 980.0 232.0 980.0 532.0 229.0 532.0 892.0 622.0 892.0 
2 3 1.97 1.97 33.0 23.0 33.0 391.0 294.0 391.0 490.0 259.0 490.0 
2 3 1.69 1.69 214.0 147.0 214.0 791.0 316.0 791.0 832.0 505.0 832.0 
2 3 1.62 1.62 947.0 595.0 947.0 229.0 116.0 229.0 819.0 400.0 819.0 
2 3 1.55 1.55 63.0 46.0 63.0 931.0 83.0 931.0 985.0 727.0 985.0 
2 3 1.98 1.98 574.0 395.0 574.0 367.0 282.0 367.0 823.0 432.0 823.0 
2 3 1.81 1.81 750.0 693.0 750.0 451.0 367.0 451.0 583.0 47.0 583.0 
2 3 1.83 1.83 55.0 29.0 55.0 485.0 353.0 485.0 245.0 141.0 245.0 
2 3 1.53 1.53 884.0 95.0 884.0 963.0 845.0 963.0 598.0 326.0 598.0 
2 3 1.98 1.98 232.0 143.0 232.0 989.0 735.0 989.0 8.0 5.0 8.0 
2 3 1.45 1.45 881.0 311.0 881.0 593.0 346.0 593.0 789.0 406.0 789.0 
2 3 1.71 1.71 227.0 114.0 227.0 559.0 401.0 559.0 527.0 261.0 527.0 
2 3 1.13 1.13 335.0 173.0 335.0 567.0 8.0 567.0 359.0 217.0 359.0 
2 4 1.91 1.91 335.0 173.0 335.0 567.0 8.0 567.0 359.0 217.0 359.0 95.0 74.0 95.0 
2 3 1.93 1.93 712.0 555.0 712.0 635.0 372.0 635.0 188.0 107.0 188.0 
2 3 1.26 1.26 941.0 262.0 941.0 234.0 70.0 234.0 627.0 430.0 627.0 
2 4 1.87 1.87 941.0 262.0 941.0 234.0 70.0 234.0 627.0 430.0 627.0 960.0 586.0 960.0 
2 3 1.8 1.8 345.0 203.0 345.0 970.0 391.0 970.0 764.0 623.0 764.0 
2 3 1.78 1.78 500.0 277.0 500.0 487.0 288.0 487.0 489.0 312.0 489.0 
2 4 1.92 1.92 500.0 277.0 500.0 487.0 288.0 487.0 489.0 312.0 489.0 725.0 102.0 725.0 
2 3 1.73 1.73 61.0 36.0 61.0 956.0 479.0 956.0 121.0 78.0 121.0 
2 3 1.87 1.87 47.0 32.0 47.0 453.0 245.0 453.0 23.0 15.0 23.0 
2 3 1.98 1.98 304.0 291.0 304.0 20.0 5.0 20.0 876.0 681.0 876.0 
2 3 1.91 1.91 875.0 532.0 875.0 724.0 678.0 724.0 935.0 350.0 935.0 
2 3 1.8 1.8 302.0 211.0 302.0 681.0 369.0 681.0 50.0 28.0 50.0 
2 3 1.79 1.79 158.0 111.0 158.0 275.0 63.0 275.0 235.0 204.0 235.0 
2 4 1.98 1.98 158.0 111.0 158.0 275.0 63.0 275.0 235.0 204.0 235.0 858.0 160.0 858.0 
2 3 1.92 1.92 256.0 126.0 256.0 282.0 153.0 282.0 96.0 85.0 96.0 
2 3 1.95 1.95 107.0 55.0 107.0 62.0 60.0 62.0 926.0 439.0 926.0 
2 3 1.99 1.99 283.0 147.0 283.0 560.0 301.0 560.0 31.0 29.0 31.0 
2 3 1.78 1.78 893.0 8.0 893.0 887.0 869.0 887.0 676.0 536.0 676.0 
2 3 1.54 1.54 57.0 14.0 57.0 2.0 1.0 2.0 473.0 377.0 473.0 
2 3 1.61 1.61 953.0 130.0 953.0 326.0 173.0 326.0 894.0 850.0 894.0 
2 3 1.77 1.77 970.0 667.0 970.0 753.0 567.0 753.0 557.0 186.0 557.0 
2 3 1.69 1.69 576.0 186.0 576.0 769.0 386.0 769.0 246.0 214.0 246.0 
2 3 1.86 1.86 687.0 636.0 687.0 368.0 269.0 368.0 345.0 71.0 345.0 
2 3 1.74 1.74 765.0 469.0 765.0 692.0 416.0 692.0 284.0 150.0 284.0 
2 3 1.75 1.75 43.0 32.0 43.0 699.0 355.0 699.0 310.0 156.0 310.0 
2 3 1.99 1.99 884.0 508.0 884.0 374.0 228.0 374.0 917.0 747.0 917.0 
2 3 1.71 1.71 421.0 250.0 421.0 125.0 83.0 125.0 642.0 291.0 642.0 
2 3 1.97 1.97 349.0 210.0 349.0 607.0 440.0 607.0 194.0 125.0 194.0 
2 3 0.97 0.97 593.0 519.0 593.0 706.0 12.0 706.0 197.0 17.0 197.0 
2 4 1.81 1.81 593.0 519.0 593.0 706.0 12.0 706.0 197.0 17.0 197.0 658.0 549.0 658.0 
2 3 1.7 1.7 134.0 131.0 134.0 187.0 43.0 187.0 946.0 466.0 946.0 
2 3 1.73 1.73 65.0 56.0 65.0 549.0 470.0 549.0 684.0 13.0 684.0 
2 3 1.18 1.18 117.0 60.0 117.0 40.0 3.0 40.0 655.0 391.0 655.0 
2 3 1.4 1.4 974.0 116.0 974.0 819.0 592.0 819.0 928.0 521.0 928.0 
2 3 1.86 1.86 556.0 514.0 556.0 383.0 252.0 383.0 671.0 187.0 671.0 
2 3 1.76 1.76 207.0 181.0 207.0 319.0 162.0 319.0 857.0 332.0 857.0 
2 3 1.9 1.9 256.0 193.0 256.0 507.0 285.0 507.0 54.0 32.0 54.0 
2 3 1.99 1.99 136.0 86.0 136.0 889.0 511.0 889.0 321.0 253.0 321.0 
2 3 1.36 1.36 825.0 24.0 825.0 548.0 420.0 548.0 322.0 182.0 322.0 
2 3 1.71 1.71 818.0 455.0 818.0 200.0 148.0 200.0 942.0 393.0 942.0 
2 3 1.83 1.83 440.0 237.0 440.0 226.0 116.0 226.0 665.0 523.0 665.0 
2 3 1.37 1.37 418.0 334.0 418.0 67.0 20.0 67.0 55.0 15.0 55.0 
2 4 1.83 1.83 418.0 334.0 418.0 67.0 20.0 67.0 55.0 15.0 55.0 254.0 117.0 254.0 
2 3 1.57 1.57 184.0 162.0 184.0 997.0 482.0 997.0 789.0 168.0 789.0 
2 3 1.71 1.71 700.0 170.0 700.0 881.0 515.0 881.0 245.0 217.0 245.0 
2 3 1.86 1.86 812.0 601.0 812.0 772.0 98.0 772.0 290.0 290.0 290.0 
2 3 1.64 1.64 311.0 159.0 311.0 189.0 101.0 189.0 379.0 228.0 379.0 
2 3 1.66 1.66 335.0 36.0 335.0 836.0 506.0 836.0 731.0 697.0 731.0 
2 3 1.85 1.85 879.0 499.0 879.0 268.0 163.0 268.0 43.0 29.0 43.0 
2 3 1.47 1.47 634.0 337.0 634.0 517.0 117.0 517.0 219.0 158.0 219.0 
2 4 1.94 1.94 634.0 337.0 634.0 517.0 117.0 517.0 219.0 158.0 219.0 26.0 12.0 26.0 
2 3 1.66 1.66 606.0 490.0 606.0 976.0 30.0 976.0 377.0 312.0 377.0 
2 3 1.97 1.97 993.0 644.0 993.0 335.0 226.0 335.0 191.0 124.0 191.0 
2 3 1.69 1.69 225.0 144.0 225.0 846.0 833.0 846.0 371.0 27.0 371.0 
2 3 1.86 1.86 371.0 261.0 371.0 350.0 227.0 350.0 515.0 262.0 515.0 
2 3 1.13 1.13 121.0 93.0 121.0 509.0 123.0 509.0 623.0 78.0 623.0 
2 4 1.9 1.9 121.0 93.0 121.0 509.0 123.0 509.0 623.0 78.0 623.0 137.0 106.0 137.0 
2 3 1.79 1.79 823.0 420.0 823.0 429.0 224.0 429.0 463.0 354.0 463.0 
2 3 1.91 1.91 630.0 518.0 630.0 844.0 726.0 844.0 415.0 95.0 415.0 
2 3 1.43 1.43 680.0 123.0 680.0 956.0 286.0 956.0 496.0 474.0 496.0 
2 4 1.98 1.98 680.0 123.0 680.0 956.0 286.0 956.0 496.0 474.0 496.0 538.0 298.0 538.0 
2 3 1.68 1.68 545.0 408.0 545.0 667.0 177.0 667.0 274.0 184.0 274.0 
2 3 1.61 1.61 620.0 594.0 620.0 219.0 41.0 219.0 742.0 345.0 742.0 
2 3 1.8 1.8 994.0 517.0 994.0 14.0 13.0 14.0 265.0 94.0 265.0 
2 3 1.97 1.97 850.0 816.0 850.0 212.0 130.0 212.0 113.0 45.0 113.0 
2 3 1.41 1.41 496.0 405.0 496.0 253.0 108.0 253.0 577.0 100.0 577.0 
2 4 1.95 1.95 496.0 405.0 496.0 253.0 108.0 253.0 577.0 100.0 577.0 680.0 367.0 680.0 
2 5 1.98 1.98 496.0 405.0 496.0 253.0 108.0 253.0 577.0 100.0 577.0 680.0 367.0 680.0 314.0 8.0 314.0 
2 3 1.89 1.89 439.0 305.0 439.0 812.0 545.0 812.0 657.0 345.0 657.0 
2 3 1.43 1.43 576.0 167.0 576.0 542.0 327.0 542.0 729.0 392.0 729.0 
2 3 1.8 1.8 279.0 214.0 279.0 773.0 234.0 773.0 335.0 246.0 335.0 
2 3 1.72 1.72 660.0 249.0 660.0 203.0 156.0 203.0 408.0 235.0 408.0 
2 3 1.64 1.64 198.0 157.0 198.0 523.0 62.0 523.0 665.0 485.0 665.0 
2 3 1.72 1.72 674.0 378.0 674.0 944.0 532.0 944.0 364.0 219.0 364.0 
2 3 1.91 1.91 759.0 677.0 759.0 504.0 455.0 504.0 162.0 19.0 162.0 
2 3 1.98 1.98 537.0 499.0 537.0 735.0 186.0 735.0 41.0 33.0 41.0 
2 3 1.24 1.24 162.0 111.0 162.0 741.0 72.0 741.0 460.0 212.0 460.0 
2 3 1.86 1.86 680.0 377.0 680.0 993.0 630.0 993.0 927.0 625.0 927.0 
2 3 1.65 1.65 894.0 484.0 894.0 28.0 9.0 28.0 805.0 639.0 805.0 
2 3 1.79 1.79 639.0 357.0 639.0 565.0 321.0 565.0 879.0 587.0 879.0 
2 3 1.76 1.76 372.0 335.0 372.0 833.0 701.0 833.0 90.0 2.0 90.0 
2 3 1.83 1.83 878.0 453.0 878.0 383.0 241.0 383.0 756.0 525.0 756.0 
2 3 1.67 1.67 571.0 479.0 571.0 847.0 523.0 847.0 813.0 178.0 813.0 
2 3 1.92 1.92 206.0 174.0 206.0 691.0 393.0 691.0 196.0 101.0 196.0 
2 3 1.79 1.79 210.0 209.0 210.0 253.0 60.0 253.0 184.0 103.0 184.0 
2 4 1.88 1.88 210.0 209.0 210.0 253.0 60.0 253.0 184.0 103.0 184.0 895.0 84.0 895.0 
2 3 1.63 1.63 732.0 60.0 732.0 527.0 497.0 527.0 256.0 157.0 256.0 
2 3 1.55 1.55 463.0 460.0 463.0 84.0 17.0 84.0 517.0 185.0 517.0 
2 3 1.67 1.67 736.0 417.0 736.0 373.0 218.0 373.0 348.0 183.0 348.0 
2 3 1.94 1.94 821.0 537.0 821.0 573.0 383.0 573.0 727.0 456.0 727.0 
2 3 1.39 1.39 91.0 6.0 91.0 959.0 749.0 959.0 266.0 145.0 266.0 
2 3 1.94 1.94 744.0 614.0 744.0 762.0 459.0 762.0 124.0 64.0 124.0 
2 3 1.43 1.43 503.0 256.0 503.0 377.0 341.0 377.0 315.0 8.0 315.0 
2 3 1.94 1.94 740.0 54.0 740.0 54.0 47.0 54.0 4.0 4.0 4.0 
2 3 1.9 1.9 909.0 593.0 909.0 644.0 347.0 644.0 355.0 253.0 355.0 
2 3 1.79 1.79 445.0 350.0 445.0 690.0 296.0 690.0 781.0 451.0 781.0 
2 3 1.96 1.96 293.0 209.0 293.0 619.0 359.0 619.0 586.0 391.0 586.0 
2 3 1.47 1.47 44.0 1.0 44.0 971.0 584.0 971.0 560.0 477.0 560.0 
2 3 1.94 1.94 679.0 258.0 679.0 460.0 291.0 460.0 343.0 321.0 343.0 
2 3 1.97 1.97 645.0 428.0 645.0 569.0 367.0 569.0 622.0 415.0 622.0 
2 3 1.8 1.8 897.0 650.0 897.0 760.0 421.0 760.0 868.0 461.0 868.0 
2 3 1.66 1.66 277.0 272.0 277.0 887.0 601.0 887.0 844.0 4.0 844.0 
2 3 1.19 1.19 281.0 144.0 281.0 180.0 104.0 180.0 650.0 69.0 650.0 
2 3 1.79 1.79 239.0 88.0 239.0 969.0 538.0 969.0 145.0 127.0 145.0 
2 3 1.71 1.71 132.0 80.0 132.0 163.0 96.0 163.0 46.0 24.0 46.0 
2 3 1.83 1.83 933.0 716.0 933.0 472.0 385.0 472.0 108.0 27.0 108.0 
2 3 1.92 1.92 865.0 516.0 865.0 425.0 248.0 425.0 47.0 35.0 47.0 
2 3 1.79 1.79 476.0 249.0 476.0 78.0 46.0 78.0 425.0 290.0 425.0 
2 3 1.73 1.73 852.0 291.0 852.0 823.0 820.0 823.0 168.0 67.0 168.0 
2 3 1.59 1.59 521.0 217.0 521.0 602.0 244.0 602.0 107.0 83.0 107.0 
2 3 1.69 1.69 629.0 171.0 629.0 315.0 284.0 315.0 177.0 92.0 177.0 
2 3 1.66 1.66 838.0 635.0 838.0 216.0 33.0 216.0 225.0 169.0 225.0 
2 3 0.68 0.68 29.0 12.0 29.0 161.0 4.0 161.0 285.0 70.0 285.0 
2 4 1.43 1.43 29.0 12.0 29.0 161.0 4.0 161.0 285.0 70.0 285.0 772.0 576.0 772.0 
2 5 1.56 1.56 29.0 12.0 29.0 161.0 4.0 161.0 285.0 70.0 285.0 772.0 576.0 772.0 37.0 5.0 37.0 
2 3 0.87 0.87 688.0 202.0 688.0 156.0 75.0 156.0 599.0 60.0 599.0 
2 4 1.51 1.51 688.0 202.0 688.0 156.0 75.0 156.0 599.0 60.0 599.0 747.0 482.0 747.0 
2 5 1.8 1.8 688.0 202.0 688.0 156.0 75.0 156.0 599.0 60.0 599.0 747.0 482.0 747.0 712.0 206.0 712.0 
2 3 1.74 1.74 151.0 101.0 151.0 990.0 737.0 990.0 718.0 240.0 718.0 
2 3 1.88 1.88 42.0 38.0 42.0 851.0 139.0 851.0 102.0 83.0 102.0 
2 3 1.78 1.78 806.0 189.0 806.0 74.0 60.0 74.0 347.0 255.0 347.0 
2 3 0.89 0.89 346.0 108.0 346.0 75.0 2.0 75.0 183.0 101.0 183.0 
2 4 1.56 1.56 346.0 108.0 346.0 75.0 2.0 75.0 183.0 101.0 183.0 842.0 565.0 842.0 
2 3 1.91 1.91 104.0 96.0 104.0 488.0 458.0 488.0 863.0 49.0 863.0 
2 3 1.72 1.72 630.0 444.0 630.0 980.0 198.0 980.0 171.0 140.0 171.0 
2 3 1.89 1.89 501.0 290.0 501.0 328.0 214.0 328.0 725.0 479.0 725.0 
2 3 1.87 1.87 259.0 149.0 259.0 925.0 639.0 925.0 928.0 562.0 928.0 
2 3 1.8 1.8 802.0 468.0 802.0 950.0 594.0 950.0 5.0 3.0 5.0 
2 3 1.95 1.95 335.0 188.0 335.0 432.0 371.0 432.0 808.0 430.0 808.0 
2 3 1.96 1.96 739.0 609.0 739.0 546.0 308.0 546.0 515.0 298.0 515.0 
2 3 1.7 1.7 68.0 37.0 68.0 125.0 80.0 125.0 481.0 249.0 481.0 
2 3 1.82 1.82 102.0 72.0 102.0 334.0 253.0 334.0 280.0 102.0 280.0 
2 3 1.8 1.8 324.0 38.0 324.0 643.0 597.0 643.0 253.0 192.0 253.0 
2 3 1.37 1.37 488.0 322.0 488.0 393.0 70.0 393.0 786.0 425.0 786.0 
2 4 1.95 1.95 488.0 322.0 488.0 393.0 70.0 393.0 786.0 425.0 786.0 62.0 36.0 62.0 
2 3 1.71 1.71 550.0 105.0 550.0 305.0 169.0 305.0 649.0 628.0 649.0 
2 3 1.95 1.95 396.0 225.0 396.0 771.0 566.0 771.0 727.0 471.0 727.0 
2 3 1.32 1.32 936.0 480.0 936.0 860.0 284.0 860.0 259.0 125.0 259.0 
2 4 1.85 1.85 936.0 480.0 936.0 860.0 284.0 860.0 259.0 125.0 259.0 672.0 359.0 672.0 
2 3 1.83 1.83 177.0 158.0 177.0 204.0 114.0 204.0 798.0 310.0 798.0 
2 3 1.82 1.82 523.0 294.0 523.0 682.0 444.0 682.0 139.0 85.0 139.0 
2 3 1.85 1.85 290.0 225.0 290.0 758.0 383.0 758.0 35.0 20.0 35.0 
2 3 1.64 1.64 495.0 137.0 495.0 69.0 57.0 69.0 324.0 176.0 324.0 
2 3 1.89 1.89 238.0 138.0 238.0 990.0 744.0 990.0 498.0 279.0 498.0 
2 3 1.71 1.71 253.0 249.0 253.0 246.0 148.0 246.0 656.0 84.0 656.0 
2 3 1.74 1.74 974.0 862.0 974.0 397.0 198.0 397.0 194.0 71.0 194.0 
2 3 1.75 1.75 538.0 115.0 538.0 18.0 17.0 18.0 273.0 163.0 273.0 
2 3 1.91 1.91 797.0 713.0 797.0 63.0 17.0 63.0 247.0 186.0 247.0 
2 3 1.53 1.53 551.0 321.0 551.0 890.0 261.0 890.0 590.0 386.0 590.0 
2 4 1.84 1.84 551.0 321.0 551.0 890.0 261.0 890.0 590.0 386.0 590.0 505.0 161.0 505.0 
2 3 1.54 1.54 802.0 520.0 802.0 911.0 767.0 911.0 921.0 47.0 921.0 
2 3 1.67 1.67 717.0 300.0 717.0 198.0 141.0 198.0 656.0 358.0 656.0 
2 3 1.88 1.88 917.0 529.0 917.0 756.0 499.0 756.0 632.0 409.0 632.0 
2 3 1.68 1.68 826.0 589.0 826.0 239.0 202.0 239.0 541.0 71.0 541.0 
2 3 1.6 1.6 88.0 3.0 88.0 966.0 756.0 966.0 42.0 33.0 42.0 
2 3 1.89 1.89 620.0 329.0 620.0 913.0 693.0 913.0 422.0 256.0 422.0 
2 3 1.34 1.34 377.0 13.0 377.0 603.0 288.0 603.0 929.0 770.0 929.0 
2 3 1.6 1.6 38.0 19.0 38.0 551.0 311.0 551.0 278.0 149.0 278.0 
2 3 1.24 1.24 122.0 49.0 122.0 991.0 48.0 991.0 219.0 174.0 219.0 
2 3 1.69 1.69 250.0 210.0 250.0 66.0 42.0 66.0 899.0 197.0 899.0 
2 3 1.62 1.62 282.0 3.0 282.0 637.0 531.0 637.0 381.0 297.0 381.0 
2 3 1.72 1.72 590.0 310.0 590.0 247.0 184.0 247.0 733.0 333.0 733.0 
2 3 1.79 1.79 990.0 10.0 990.0 380.0 349.0 380.0 407.0 352.0 407.0 
2 3 1.73 1.73 677.0 472.0 677.0 118.0 27.0 118.0 614.0 499.0 614.0 
2 3 1.59 1.59 949.0 546.0 949.0 126.0 93.0 126.0 85.0 24.0 85.0 
2 3 1.99 1.99 177.0 111.0 177.0 439.0 223.0 439.0 194.0 167.0 194.0 
2 3 1.49 1.49 59.0 34.0 59.0 304.0 30.0 304.0 392.0 320.0 392.0 
2 3 1.7 1.7 950.0 242.0 950.0 617.0 456.0 617.0 877.0 627.0 877.0 
2 3 1.92 1.92 784.0 752.0 784.0 715.0 572.0 715.0 256.0 43.0 256.0 
2 3 1.88 1.88 868.0 573.0 868.0 422.0 276.0 422.0 311.0 177.0 311.0 
2 3 1.83 1.83 702.0 377.0 702.0 604.0 349.0 604.0 742.0 537.0 742.0 
2 3 1.86 1.86 366.0 202.0 366.0 529.0 265.0 529.0 630.0 510.0 630.0 
2 3 1.77 1.77 762.0 528.0 762.0 673.0 383.0 673.0 35.0 18.0 35.0 
2 3 1.8 1.8 646.0 222.0 646.0 409.0 329.0 409.0 810.0 533.0 810.0 
2 3 1.86 1.86 148.0 127.0 148.0 426.0 214.0 426.0 904.0 456.0 904.0 
2 3 1.93 1.93 176.0 146.0 176.0 726.0 423.0 726.0 594.0 308.0 594.0 
2 3 1.4 1.4 187.0 101.0 187.0 544.0 115.0 544.0 294.0 193.0 294.0 
2 3 1.99 1.99 269.0 193.0 269.0 581.0 431.0 581.0 329.0 177.0 329.0 
2 3 1.62 1.62 469.0 94.0 469.0 290.0 140.0 290.0 806.0 760.0 806.0 
2 3 0.9 0.9 953.0 195.0 953.0 627.0 434.0 627.0 600.0 2.0 600.0 
2 4 1.73 1.73 953.0 195.0 953.0 627.0 434.0 627.0 600.0 2.0 600.0 319.0 266.0 319.0 
2 3 1.64 1.64 788.0 625.0 788.0 330.0 251.0 330.0 935.0 87.0 935.0 
2 3 1.76 1.76 626.0 510.0 626.0 756.0 204.0 756.0 431.0 292.0 431.0 
2 3 1.12 1.12 715.0 240.0 715.0 315.0 172.0 315.0 145.0 35.0 145.0 
2 4 1.7 1.7 715.0 240.0 715.0 315.0 172.0 315.0 145.0 35.0 145.0 606.0 354.0 606.0 
2 3 1.94 1.94 251.0 142.0 251.0 766.0 478.0 766.0 907.0 689.0 907.0 
2 3 1.65 1.65 219.0 30.0 219.0 777.0 434.0 777.0 193.0 186.0 193.0 
2 3 1.96 1.96 88.0 68.0 88.0 729.0 465.0 729.0 81.0 45.0 81.0 
2 3 1.22 1.22 47.0 15.0 47.0 941.0 490.0 941.0 324.0 124.0 324.0 
2 4 1.86 1.86 47.0 15.0 47.0 941.0 490.0 941.0 324.0 124.0 324.0 960.0 618.0 960.0 
2 3 1.94 1.94 457.0 268.0 457.0 567.0 397.0 567.0 932.0 615.0 932.0 
2 3 0.92 0.92 252.0 153.0 252.0 968.0 100.0 968.0 19.0 4.0 19.0 
2 4 1.86 1.86 252.0 153.0 252.0 968.0 100.0 968.0 19.0 4.0 19.0 191.0 181.0 191.0 
2 3 1.64 1.64 856.0 609.0 856.0 815.0 532.0 815.0 305.0 86.0 305.0 
2 3 1.2 1.2 92.0 32.0 92.0 650.0 340.0 650.0 878.0 291.0 878.0 
2 4 1.86 1.86 92.0 32.0 92.0 650.0 340.0 650.0 878.0 291.0 878.0 734.0 487.0 734.0 
2 3 1.94 1.94 145.0 81.0 145.0 400.0 258.0 400.0 941.0 700.0 941.0 
2 3 0.55 0.55 855.0 169.0 855.0 967.0 312.0 967.0 161.0 5.0 161.0 
2 4 1.46 1.46 855.0 169.0 855.0 967.0 312.0 967.0 161.0 5.0 161.0 696.0 636.0 696.0 
2 3 1.58 1.58 258.0 51.0 258.0 160.0 122.0 160.0 622.0 388.0 622.0 
2 3 1.91 1.91 394.0 365.0 394.0 768.0 745.0 768.0 808.0 14.0 808.0 
2 3 1.79 1.79 882.0 458.0 882.0 796.0 657.0 796.0 363.0 164.0 363.0 
2 3 1.99 1.99 69.0 43.0 69.0 95.0 69.0 95.0 758.0 490.0 758.0 
2 3 1.93 1.93 365.0 206.0 365.0 135.0 79.0 135.0 677.0 531.0 677.0 
2 3 1.08 1.08 235.0 1.0 235.0 932.0 168.0 932.0 306.0 277.0 306.0 
2 4 1.41 1.41 235.0 1.0 235.0 932.0 168.0 932.0 306.0 277.0 306.0 61.0 20.0 61.0 
2 3 1.99 1.99 270.0 206.0 270.0 575.0 346.0 575.0 851.0 534.0 851.0 
2 3 1.64 1.64 194.0 185.0 194.0 750.0 455.0 750.0 218.0 18.0 218.0 
2 3 1.56 1.56 853.0 664.0 853.0 288.0 197.0 288.0 666.0 67.0 666.0 
2 3 1.86 1.86 634.0 451.0 634.0 7.0 2.0 7.0 720.0 624.0 720.0 
2 3 1.72 1.72 745.0 517.0 745.0 183.0 80.0 183.0 727.0 434.0 727.0 
2 3 1.57 1.57 757.0 202.0 757.0 204.0 135.0 204.0 622.0 405.0 622.0 
2 3 1.8 1.8 87.0 72.0 87.0 221.0 178.0 221.0 992.0 172.0 992.0 
2 3 1.92 1.92 643.0 477.0 643.0 758.0 226.0 758.0 667.0 587.0 667.0 
2 3 1.71 1.71 55.0 31.0 55.0 295.0 181.0 295.0 287.0 155.0 287.0 
2 3 1.75 1.75 49.0 28.0 49.0 139.0 105.0 139.0 627.0 266.0 627.0 
2 3 1.58 1.58 464.0 341.0 464.0 825.0 160.0 825.0 729.0 481.0 729.0 
2 3 1.04 1.04 120.0 12.0 120.0 930.0 349.0 930.0 444.0 253.0 444.0 
2 4 1.66 1.66 120.0 12.0 120.0 930.0 349.0 930.0 444.0 253.0 444.0 45.0 28.0 45.0 
2 3 1.2 1.2 432.0 228.0 432.0 428.0 278.0 428.0 648.0 20.0 648.0 
2 4 1.33 1.33 432.0 228.0 432.0 428.0 278.0 428.0 648.0 20.0 648.0 295.0 37.0 295.0 
2 3 1.69 1.69 244.0 128.0 244.0 223.0 126.0 223.0 868.0 527.0 868.0 
2 3 1.81 1.81 688.0 467.0 688.0 738.0 372.0 738.0 812.0 514.0 812.0 
2 3 1.39 1.39 283.0 185.0 283.0 867.0 560.0 867.0 964.0 92.0 964.0 
2 4 1.67 1.67 283.0 185.0 283.0 867.0 560.0 867.0 964.0 92.0 964.0 898.0 247.0 898.0 
2 3 1.52 1.52 210.0 53.0 210.0 427.0 266.0 427.0 296.0 192.0 296.0 
2 3 1.92 1.92 228.0 89.0 228.0 169.0 105.0 169.0 542.0 494.0 542.0 
2 3 1.58 1.58 63.0 36.0 63.0 934.0 555.0 934.0 626.0 262.0 626.0 
2 3 1.41 1.41 938.0 532.0 938.0 44.0 30.0 44.0 583.0 94.0 583.0 
2 3 1.96 1.96 670.0 358.0 670.0 777.0 391.0 777.0 801.0 744.0 801.0 
2 3 1.87 1.87 277.0 147.0 277.0 706.0 573.0 706.0 855.0 458.0 855.0 
2 3 1.84 1.84 284.0 164.0 284.0 750.0 549.0 750.0 503.0 269.0 503.0 
2 3 0.94 0.94 506.0 63.0 506.0 349.0 248.0 349.0 674.0 76.0 674.0 
2 4 1.06 1.06 506.0 63.0 506.0 349.0 248.0 349.0 674.0 76.0 674.0 492.0 56.0 492.0 
2 5 1.82 1.82 506.0 63.0 506.0 349.0 248.0 349.0 674.0 76.0 674.0 492.0 56.0 492.0 382.0 293.0 382.0 
2 3 1.88 1.88 34.0 31.0 34.0 369.0 281.0 369.0 178.0 38.0 178.0 
2 3 1.74 1.74 307.0 77.0 307.0 887.0 760.0 887.0 918.0 589.0 918.0 
2 3 1.79 1.79 212.0 157.0 212.0 616.0 327.0 616.0 761.0 395.0 761.0 
2 3 1.87 1.87 309.0 146.0 309.0 408.0 357.0 408.0 463.0 243.0 463.0 
2 3 1.63 1.63 471.0 270.0 471.0 33.0 17.0 33.0 257.0 140.0 257.0 
2 3 1.28 1.28 853.0 111.0 853.0 878.0 493.0 878.0 146.0 86.0 146.0 
2 4 1.8 1.8 853.0 111.0 853.0 878.0 493.0 878.0 146.0 86.0 146.0 137.0 72.0 137.0 
2 3 1.68 1.68 663.0 350.0 663.0 607.0 371.0 607.0 549.0 297.0 549.0 
2 3 1.45 1.45 179.0 63.0 179.0 766.0 421.0 766.0 500.0 275.0 500.0 
2 3 1.72 1.72 47.0 28.0 47.0 21.0 13.0 21.0 998.0 514.0 998.0 
2 3 1.72 1.72 335.0 176.0 335.0 594.0 482.0 594.0 69.0 27.0 69.0 
2 3 1.68 1.68 434.0 268.0 434.0 640.0 471.0 640.0 845.0 276.0 845.0 
2 3 1.97 1.97 236.0 149.0 236.0 191.0 119.0 191.0 384.0 276.0 384.0 
2 3 1.78 1.78 596.0 275.0 596.0 954.0 602.0 954.0 94.0 65.0 94.0 
2 3 1.47 1.47 972.0 581.0 972.0 910.0 710.0 910.0 855.0 84.0 855.0 
2 3 1.79 1.79 811.0 559.0 811.0 637.0 353.0 637.0 858.0 470.0 858.0 
2 3 1.92 1.92 741.0 547.0 741.0 178.0 114.0 178.0 53.0 29.0 53.0 
2 3 1.87 1.87 138.0 88.0 138.0 774.0 557.0 774.0 391.0 201.0 391.0 
2 3 1.87 1.87 872.0 655.0 872.0 868.0 479.0 868.0 572.0 329.0 572.0 
2 3 1.94 1.94 465.0 364.0 465.0 496.0 325.0 496.0 648.0 331.0 648.0 
2 3 1.66 1.66 920.0 507.0 920.0 275.0 136.0 275.0 983.0 613.0 983.0 
2 3 1.57 1.57 570.0 311.0 570.0 708.0 339.0 708.0 869.0 482.0 869.0 
2 3 1.7 1.7 572.0 414.0 572.0 438.0 30.0 438.0 490.0 447.0 490.0 
2 3 1.75 1.75 95.0 62.0 95.0 740.0 421.0 740.0 83.0 44.0 83.0 
2 3 1.28 1.28 942.0 513.0 942.0 73.0 11.0 73.0 956.0 562.0 956.0 
2 4 1.89 1.89 942.0 513.0 942.0 73.0 11.0 73.0 956.0 562.0 956.0 269.0 165.0 269.0 
2 3 1.44 1.44 936.0 603.0 936.0 112.0 89.0 112.0 300.0 2.0 300.0 
2 4 1.97 1.97 936.0 603.0 936.0 112.0 89.0 112.0 300.0 2.0 300.0 248.0 131.0 248.0 
2 3 1.4 1.4 139.0 139.0 139.0 776.0 52.0 776.0 560.0 190.0 560.0 
2 3 0.41 0.41 23.0 9.0 23.0 272.0 3.0 272.0 697.0 6.0 697.0 
2 4 1.37 1.37 23.0 9.0 23.0 272.0 3.0 272.0 697.0 6.0 697.0 518.0 499.0 518.0 
2 5 1.96 1.96 23.0 9.0 23.0 272.0 3.0 272.0 697.0 6.0 697.0 518.0 499.0 518.0 869.0 513.0 869.0 
2 3 1.73 1.73 208.0 173.0 208.0 426.0 23.0 426.0 215.0 182.0 215.0 
2 3 1.86 1.86 693.0 568.0 693.0 258.0 60.0 258.0 414.0 335.0 414.0 
2 3 1.85 1.85 122.0 77.0 122.0 103.0 56.0 103.0 251.0 170.0 251.0 
2 3 1.99 1.99 353.0 162.0 353.0 481.0 321.0 481.0 751.0 655.0 751.0 
2 3 1.53 1.53 864.0 804.0 864.0 780.0 416.0 780.0 964.0 72.0 964.0 
2 3 1.26 1.26 152.0 99.0 152.0 995.0 10.0 995.0 477.0 288.0 477.0 
2 4 1.91 1.91 152.0 99.0 152.0 995.0 10.0 995.0 477.0 288.0 477.0 840.0 543.0 840.0 
2 3 1.91 1.91 374.0 194.0 374.0 213.0 127.0 213.0 457.0 366.0 457.0 
2 3 1.34 1.34 840.0 437.0 840.0 19.0 11.0 19.0 184.0 46.0 184.0 
2 3 1.93 1.93 45.0 17.0 45.0 231.0 228.0 231.0 921.0 521.0 921.0 
2 3 1.54 1.54 371.0 339.0 371.0 891.0 338.0 891.0 874.0 222.0 874.0 
2 3 1.77 1.77 999.0 837.0 999.0 161.0 69.0 161.0 571.0 290.0 571.0 
2 3 1.45 1.45 206.0 123.0 206.0 754.0 521.0 754.0 536.0 90.0 536.0 
2 3 1.86 1.86 307.0 206.0 307.0 72.0 60.0 72.0 28.0 10.0 28.0 
2 3 1.94 1.94 207.0 115.0 207.0 623.0 255.0 623.0 406.0 396.0 406.0 
2 3 1.52 1.52 264.0 81.0 264.0 344.0 224.0 344.0 698.0 396.0 698.0 
2 3 1.86 1.86 520.0 157.0 520.0 418.0 316.0 418.0 740.0 600.0 740.0 
2 3 1.52 1.52 905.0 516.0 905.0 221.0 68.0 221.0 974.0 635.0 974.0 
2 3 1.51 1.51 389.0 202.0 389.0 29.0 4.0 29.0 427.0 368.0 427.0 
2 3 1.98 1.98 579.0 369.0 579.0 663.0 422.0 663.0 42.0 30.0 42.0 
2 3 1.89 1.89 794.0 465.0 794.0 865.0 831.0 865.0 715.0 251.0 715.0 
2 3 1.93 1.93 734.0 221.0 734.0 801.0 785.0 801.0 718.0 473.0 718.0 
2 3 1.95 1.95 167.0 108.0 167.0 64.0 39.0 64.0 319.0 224.0 319.0 
2 3 1.93 1.93 183.0 92.0 183.0 335.0 268.0 335.0 838.0 532.0 838.0 
2 3 1.78 1.78 371.0 183.0 371.0 889.0 268.0 889.0 573.0 570.0 573.0 
2 3 1.32 1.32 816.0 67.0 816.0 875.0 517.0 875.0 676.0 443.0 676.0 
2 4 1.89 1.89 816.0 67.0 816.0 875.0 517.0 875.0 676.0 443.0 676.0 288.0 164.0 288.0 
2 3 1.87 1.87 656.0 385.0 656.0 291.0 156.0 291.0 650.0 488.0 650.0 
2 3 1.83 1.83 986.0 589.0 986.0 648.0 409.0 648.0 781.0 471.0 781.0 
2 3 1.64 1.64 106.0 23.0 106.0 937.0 589.0 937.0 657.0 526.0 657.0 
2 3 1.78 1.78 339.0 146.0 339.0 392.0 308.0 392.0 846.0 485.0 846.0 
2 3 1.84 1.84 66.0 45.0 66.0 945.0 843.0 945.0 525.0 144.0 525.0 
2 3 1.99 1.99 441.0 274.0 441.0 69.0 45.0 69.0 542.0 389.0 542.0 
2 3 1.92 1.92 123.0 93.0 123.0 485.0 85.0 485.0 345.0 343.0 345.0 
2 3 1.4 1.4 967.0 128.0 967.0 870.0 497.0 870.0 20.0 14.0 20.0 
2 3 1.8 1.8 546.0 298.0 546.0 869.0 651.0 869.0 441.0 226.0 441.0 
2 3 1.1 1.1 356.0 88.0 356.0 707.0 579.0 707.0 438.0 19.0 438.0 
2 4 1.62 1.62 356.0 88.0 356.0 707.0 579.0 707.0 438.0 19.0 438.0 652.0 338.0 652.0 
2 3 1.39 1.39 764.0 23.0 764.0 780.0 450.0 780.0 649.0 514.0 649.0 
2 3 1.6 1.6 501.0 149.0 501.0 693.0 548.0 693.0 301.0 157.0 301.0 
2 4 1.81 1.81 501.0 149.0 501.0 693.0 548.0 693.0 301.0 157.0 301.0 688.0 138.0 688.0 
2 3 1.85 1.85 556.0 258.0 556.0 783.0 615.0 783.0 92.0 56.0 92.0 
2 3 1.69 1.69 477.0 434.0 477.0 362.0 210.0 362.0 259.0 52.0 259.0 
2 3 1.82 1.82 755.0 473.0 755.0 597.0 414.0 597.0 459.0 234.0 459.0 
2 3 1.75 1.75 999.0 426.0 999.0 484.0 274.0 484.0 17.0 13.0 17.0 
2 3 1.97 1.97 664.0 352.0 664.0 227.0 163.0 227.0 424.0 310.0 424.0 
2 3 1.91 1.91 52.0 27.0 52.0 231.0 134.0 231.0 792.0 647.0 792.0 
2 3 1.41 1.41 280.0 143.0 280.0 701.0 50.0 701.0 575.0 478.0 575.0 
2 3 1.82 1.82 834.0 639.0 834.0 423.0 215.0 423.0 799.0 437.0 799.0 
2 3 0.67 0.67 957.0 356.0 957.0 189.0 1.0 189.0 166.0 49.0 166.0 
2 4 1.62 1.62 957.0 356.0 957.0 189.0 1.0 189.0 166.0 49.0 166.0 952.0 906.0 952.0 
2 3 1.95 1.95 5.0 3.0 5.0 502.0 314.0 502.0 614.0 450.0 614.0 
2 3 1.86 1.86 519.0 272.0 519.0 111.0 77.0 111.0 769.0 495.0 769.0 
2 3 1.67 1.67 584.0 296.0 584.0 217.0 132.0 217.0 839.0 472.0 839.0 
2 3 1.9 1.9 34.0 23.0 34.0 848.0 603.0 848.0 612.0 319.0 612.0 
2 3 1.88 1.88 175.0 125.0 175.0 564.0 444.0 564.0 811.0 315.0 811.0 
2 3 1.74 1.74 896.0 449.0 896.0 692.0 349.0 692.0 451.0 335.0 451.0 
2 3 1.6 1.6 34.0 34.0 34.0 641.0 40.0 641.0 982.0 534.0 982.0 
2 3 1.62 1.62 138.0 76.0 138.0 892.0 507.0 892.0 549.0 278.0 549.0 
2 4 1.81 1.81 138.0 76.0 138.0 892.0 507.0 892.0 549.0 278.0 549.0 590.0 113.0 590.0 
2 3 1.58 1.58 492.0 311.0 492.0 247.0 214.0 247.0 23.0 2.0 23.0 
2 3 1.29 1.29 250.0 80.0 250.0 744.0 275.0 744.0 441.0 267.0 441.0 
2 4 1.91 1.91 250.0 80.0 250.0 744.0 275.0 744.0 441.0 267.0 441.0 155.0 96.0 155.0 
2 3 1.95 1.95 499.0 288.0 499.0 111.0 57.0 111.0 105.0 91.0 105.0 
2 3 1.59 1.59 653.0 518.0 653.0 633.0 145.0 633.0 422.0 240.0 422.0 
2 3 1.66 1.66 5.0 4.0 5.0 486.0 366.0 486.0 797.0 91.0 797.0 
2 4 1.7 1.7 5.0 4.0 5.0 486.0 366.0 486.0 797.0 91.0 797.0 552.0 20.0 552.0 
2 3 1.88 1.88 551.0 377.0 551.0 427.0 226.0 427.0 388.0 260.0 388.0 
2 3 1.77 1.77 467.0 2.0 467.0 908.0 891.0 908.0 941.0 742.0 941.0 
2 3 1.7 1.7 583.0 210.0 583.0 233.0 147.0 233.0 816.0 581.0 816.0 
2 3 1.85 1.85 115.0 28.0 115.0 193.0 182.0 193.0 628.0 419.0 628.0 
2 3 1.81 1.81 508.0 373.0 508.0 747.0 416.0 747.0 304.0 159.0 304.0 
2 3 1.63 1.63 650.0 583.0 650.0 442.0 102.0 442.0 304.0 154.0 304.0 
2 3 1.26 1.26 345.0 202.0 345.0 491.0 23.0 491.0 843.0 536.0 843.0 
2 3 1.82 1.82 531.0 192.0 531.0 789.0 674.0 789.0 872.0 529.0 872.0 
2 3 1.45 1.45 38.0 21.0 38.0 689.0 272.0 689.0 856.0 437.0 856.0 
2 3 1.83 1.83 957.0 228.0 957.0 821.0 489.0 821.0 27.0 27.0 27.0 
2 3 1.38 1.38 732.0 410.0 732.0 390.0 236.0 390.0 687.0 150.0 687.0 
2 3 1.95 1.95 650.0 507.0 650.0 752.0 260.0 752.0 515.0 427.0 515.0 
2 3 1.76 1.76 807.0 783.0 807.0 805.0 484.0 805.0 472.0 93.0 472.0 
2 3 1.7 1.7 425.0 135.0 425.0 424.0 374.0 424.0 403.0 203.0 403.0 
2 3 1.97 1.97 101.0 54.0 101.0 928.0 848.0 928.0 211.0 112.0 211.0 
2 3 1.97 1.97 298.0 202.0 298.0 562.0 354.0 562.0 857.0 572.0 857.0 
2 3 1.85 1.85 717.0 478.0 717.0 645.0 324.0 645.0 330.0 227.0 330.0 
2 3 1.49 1.49 130.0 18.0 130.0 332.0 267.0 332.0 93.0 51.0 93.0 
2 3 1.81 1.81 224.0 99.0 224.0 156.0 82.0 156.0 70.0 59.0 70.0 
2 3 1.99 1.99 123.0 111.0 123.0 358.0 342.0 358.0 186.0 26.0 186.0 
2 3 1.81 1.81 244.0 128.0 244.0 97.0 68.0 97.0 392.0 230.0 392.0 
2 3 1.96 1.96 391.0 258.0 391.0 177.0 120.0 177.0 818.0 513.0 818.0 
2 3 1.48 1.48 178.0 14.0 178.0 966.0 511.0 966.0 319.0 280.0 319.0 
2 4 1.98 1.98 178.0 14.0 178.0 966.0 511.0 966.0 319.0 280.0 319.0 788.0 397.0 788.0 
2 3 1.97 1.97 625.0 506.0 625.0 400.0 266.0 400.0 419.0 211.0 419.0 
2 3 1.88 1.88 788.0 467.0 788.0 992.0 540.0 992.0 796.0 597.0 796.0 
2 3 1.69 1.69 473.0 406.0 473.0 641.0 430.0 641.0 827.0 139.0 827.0 
2 3 1.85 1.85 578.0 422.0 578.0 120.0 63.0 120.0 545.0 329.0 545.0 
2 3 1.75 1.75 352.0 145.0 352.0 541.0 338.0 541.0 36.0 26.0 36.0 
2 3 1.5 1.5 555.0 296.0 555.0 645.0 373.0 645.0 82.0 32.0 82.0 
2 3 1.85 1.85 765.0 496.0 765.0 971.0 635.0 971.0 70.0 39.0 70.0 
2 3 1.96 1.96 353.0 230.0 353.0 707.0 564.0 707.0 226.0 116.0 226.0 
2 3 1.67 1.67 889.0 43.0 889.0 374.0 246.0 374.0 433.0 418.0 433.0 
2 3 1.91 1.91 497.0 284.0 497.0 964.0 701.0 964.0 498.0 305.0 498.0 
2 3 1.76 1.76 107.0 63.0 107.0 495.0 262.0 495.0 672.0 435.0 672.0 
2 3 1.98 1.98 902.0 494.0 902.0 994.0 628.0 994.0 93.0 75.0 93.0 
2 3 1.88 1.88 343.0 197.0 343.0 408.0 251.0 408.0 474.0 332.0 474.0 
2 3 1.9 1.9 956.0 663.0 956.0 376.0 227.0 376.0 270.0 163.0 270.0 
2 3 1.7 1.7 668.0 372.0 668.0 464.0 301.0 464.0 563.0 282.0 563.0 
2 3 1.84 1.84 804.0 546.0 804.0 756.0 348.0 756.0 552.0 392.0 552.0 
2 3 1.88 1.88 831.0 466.0 831.0 656.0 384.0 656.0 295.0 218.0 295.0 
2 3 1.69 1.69 254.0 243.0 254.0 693.0 447.0 693.0 666.0 65.0 666.0 
2 3 1.98 1.98 865.0 451.0 865.0 213.0 147.0 213.0 676.0 523.0 676.0 
2 3 1.67 1.67 737.0 309.0 737.0 167.0 91.0 167.0 196.0 139.0 196.0 
2 3 1.97 1.97 377.0 223.0 377.0 250.0 140.0 250.0 750.0 621.0 750.0 
2 3 1.86 1.86 275.0 123.0 275.0 909.0 761.0 909.0 177.0 103.0 177.0 
2 3 1.73 1.73 84.0 63.0 84.0 615.0 116.0 615.0 130.0 104.0 130.0 
2 3 1.6 1.6 253.0 171.0 253.0 947.0 110.0 947.0 148.0 121.0 148.0 
2 3 1.98 1.98 277.0 96.0 277.0 144.0 102.0 144.0 735.0 681.0 735.0 
2 3 1.37 1.37 672.0 123.0 672.0 839.0 561.0 839.0 690.0 359.0 690.0 
2 3 1.69 1.69 88.0 54.0 88.0 929.0 499.0 929.0 377.0 206.0 377.0 
2 3 1.59 1.59 878.0 149.0 878.0 296.0 222.0 296.0 831.0 564.0 831.0 
2 3 1.73 1.73 53.0 28.0 53.0 672.0 381.0 672.0 287.0 183.0 287.0 
2 3 1.3 1.3 227.0 54.0 227.0 181.0 47.0 181.0 974.0 782.0 974.0 
2 3 1.26 1.26 841.0 361.0 841.0 907.0 259.0 907.0 219.0 120.0 219.0 
2 4 1.76 1.76 841.0 361.0 841.0 907.0 259.0 907.0 219.0 120.0 219.0 168.0 85.0 168.0 
2 3 1.1 1.1 469.0 261.0 469.0 882.0 455.0 882.0 871.0 29.0 871.0 
2 4 1.14 1.14 469.0 261.0 469.0 882.0 455.0 882.0 871.0 29.0 871.0 130.0 5.0 130.0 
2 5 1.89 1.89 469.0 261.0 469.0 882.0 455.0 882.0 871.0 29.0 871.0 130.0 5.0 130.0 265.0 199.0 265.0 
2 3 1.71 1.71 154.0 22.0 154.0 201.0 182.0 201.0 231.0 154.0 231.0 
2 3 1.79 1.79 835.0 659.0 835.0 695.0 253.0 695.0 674.0 432.0 674.0 
2 3 1.99 1.99 241.0 210.0 241.0 500.0 120.0 500.0 288.0 254.0 288.0 
2 3 1.25 1.25 363.0 203.0 363.0 627.0 111.0 627.0 797.0 411.0 797.0 
2 3 1.83 1.83 383.0 235.0 383.0 1000.0 598.0 1000.0 846.0 524.0 846.0 
2 3 1.71 1.71 45.0 9.0 45.0 128.0 95.0 128.0 828.0 643.0 828.0 
2 3 0.99 0.99 878.0 527.0 878.0 281.0 55.0 281.0 5.0 1.0 5.0 
2 4 1.79 1.79 878.0 527.0 878.0 281.0 55.0 281.0 5.0 1.0 5.0 666.0 535.0 666.0 
2 3 1.65 1.65 706.0 576.0 706.0 436.0 230.0 436.0 794.0 245.0 794.0 
2 3 1.16 1.16 180.0 118.0 180.0 440.0 147.0 440.0 864.0 153.0 864.0 
2 4 1.89 1.89 180.0 118.0 180.0 440.0 147.0 440.0 864.0 153.0 864.0 931.0 682.0 931.0 
2 3 1.68 1.68 856.0 654.0 856.0 403.0 293.0 403.0 415.0 80.0 415.0 
2 3 1.94 1.94 354.0 183.0 354.0 9.0 5.0 9.0 188.0 164.0 188.0 
2 3 1.85 1.85 189.0 111.0 189.0 512.0 352.0 512.0 194.0 113.0 194.0 
2 3 1.33 1.33 808.0 518.0 808.0 124.0 11.0 124.0 874.0 531.0 874.0 
2 3 1.96 1.96 225.0 156.0 225.0 693.0 410.0 693.0 704.0 481.0 704.0 
2 3 1.72 1.72 450.0 256.0 450.0 311.0 193.0 311.0 909.0 490.0 909.0 
2 3 1.86 1.86 776.0 527.0 776.0 624.0 407.0 624.0 440.0 234.0 440.0 
2 4 1.9 1.9 776.0 527.0 776.0 624.0 407.0 624.0 440.0 234.0 440.0 107.0 5.0 107.0 
2 3 1.63 1.63 362.0 119.0 362.0 776.0 616.0 776.0 903.0 464.0 903.0 
2 3 1.21 1.21 692.0 379.0 692.0 207.0 25.0 207.0 680.0 373.0 680.0 
2 3 1.41 1.41 117.0 9.0 117.0 120.0 80.0 120.0 21.0 14.0 21.0 
2 4 1.97 1.97 117.0 9.0 117.0 120.0 80.0 120.0 21.0 14.0 21.0 645.0 367.0 645.0 
2 3 1.82 1.82 753.0 607.0 753.0 245.0 83.0 245.0 879.0 598.0 879.0 
2 3 1.5 1.5 887.0 144.0 887.0 525.0 414.0 525.0 886.0 487.0 886.0 
2 3 1.66 1.66 180.0 113.0 180.0 550.0 127.0 550.0 473.0 382.0 473.0 
2 3 1.63 1.63 652.0 169.0 652.0 624.0 338.0 624.0 268.0 223.0 268.0 
2 3 1.79 1.79 586.0 567.0 586.0 15.0 4.0 15.0 148.0 83.0 148.0 
2 3 1.62 1.62 856.0 46.0 856.0 659.0 376.0 659.0 4.0 4.0 4.0 
2 3 1.99 1.99 869.0 758.0 869.0 221.0 137.0 221.0 529.0 266.0 529.0 
2 3 1.92 1.92 330.0 246.0 330.0 664.0 446.0 664.0 640.0 324.0 640.0 
2 3 1.93 1.93 243.0 97.0 243.0 383.0 335.0 383.0 760.0 500.0 760.0 
2 3 1.89 1.89 693.0 488.0 693.0 474.0 287.0 474.0 578.0 340.0 578.0 
2 3 1.85 1.85 110.0 75.0 110.0 711.0 465.0 711.0 86.0 45.0 86.0 
2 3 1.59 1.59 903.0 870.0 903.0 717.0 9.0 717.0 313.0 194.0 313.0 
2 3 0.88 0.88 697.0 40.0 697.0 246.0 191.0 246.0 205.0 10.0 205.0 
2 4 1.31 1.31 697.0 40.0 697.0 246.0 191.0 246.0 205.0 10.0 205.0 39.0 17.0 39.0 
2 3 1.93 1.93 139.0 24.0 139.0 591.0 575.0 591.0 196.0 154.0 196.0 
2 3 1.83 1.83 652.0 75.0 652.0 116.0 108.0 116.0 162.0 127.0 162.0 
2 3 1.44 1.44 978.0 22.0 978.0 305.0 213.0 305.0 321.0 232.0 321.0 
2 3 1.83 1.83 255.0 178.0 255.0 493.0 242.0 493.0 101.0 65.0 101.0 
2 3 1.82 1.82 898.0 775.0 898.0 930.0 349.0 930.0 488.0 284.0 488.0 
2 3 1.64 1.64 321.0 181.0 321.0 974.0 501.0 974.0 32.0 18.0 32.0 
2 3 1.7 1.7 899.0 710.0 899.0 363.0 315.0 363.0 893.0 45.0 893.0 
2 3 1.84 1.84 402.0 249.0 402.0 163.0 100.0 163.0 366.0 225.0 366.0 
2 3 1.93 1.93 515.0 292.0 515.0 82.0 53.0 82.0 113.0 81.0 113.0 
2 3 1.83 1.83 416.0 275.0 416.0 914.0 460.0 914.0 248.0 167.0 248.0 
2 3 1.59 1.59 943.0 812.0 943.0 174.0 16.0 174.0 768.0 491.0 768.0 
2 3 1.94 1.94 546.0 295.0 546.0 668.0 525.0 668.0 905.0 564.0 905.0 
2 3 1.35 1.35 171.0 101.0 171.0 713.0 362.0 713.0 825.0 208.0 825.0 
2 4 1.35 1.35 171.0 101.0 171.0 713.0 362.0 713.0 825.0 208.0 825.0 990.0 6.0 990.0 
2 3 1.67 1.67 466.0 400.0 466.0 926.0 56.0 926.0 731.0 552.0 731.0 
2 3 1.96 1.96 232.0 226.0 232.0 295.0 31.0 295.0 221.0 196.0 221.0 
2 3 1.86 1.86 244.0 94.0 244.0 821.0 763.0 821.0 204.0 113.0 204.0 
2 3 1.82 1.82 492.0 372.0 492.0 812.0 349.0 812.0 536.0 343.0 536.0 
2 3 1.55 1.55 847.0 511.0 847.0 201.0 14.0 201.0 552.0 488.0 552.0 
2 3 1.86 1.86 555.0 417.0 555.0 935.0 472.0 935.0 783.0 479.0 783.0 
2 3 1.28 1.28 472.0 97.0 472.0 903.0 494.0 903.0 28.0 15.0 28.0 
2 3 1.22 1.22 144.0 65.0 144.0 511.0 80.0 511.0 979.0 607.0 979.0 
2 4 1.86 1.86 144.0 65.0 144.0 511.0 80.0 511.0 979.0 607.0 979.0 761.0 485.0 761.0 
2 3 1.91 1.91 509.0 321.0 509.0 285.0 169.0 285.0 597.0 415.0 597.0 
2 3 1.99 1.99 155.0 84.0 155.0 659.0 408.0 659.0 985.0 818.0 985.0 
2 3 1.58 1.58 371.0 299.0 371.0 405.0 307.0 405.0 461.0 11.0 461.0 
2 3 1.58 1.58 434.0 39.0 434.0 991.0 987.0 991.0 777.0 385.0 777.0 
2 4 1.9 1.9 434.0 39.0 434.0 991.0 987.0 991.0 777.0 385.0 777.0 786.0 258.0 786.0 
2 3 1.55 1.55 799.0 304.0 799.0 915.0 516.0 915.0 139.0 85.0 139.0 
2 3 1.35 1.35 73.0 1.0 73.0 908.0 629.0 908.0 45.0 29.0 45.0 
2 4 1.91 1.91 73.0 1.0 73.0 908.0 629.0 908.0 45.0 29.0 45.0 205.0 116.0 205.0 
2 3 1.73 1.73 89.0 36.0 89.0 60.0 43.0 60.0 275.0 170.0 275.0 
2 3 1.98 1.98 938.0 695.0 938.0 874.0 767.0 874.0 728.0 264.0 728.0 
2 3 1.99 1.99 149.0 34.0 149.0 530.0 413.0 530.0 924.0 910.0 924.0 
2 3 1.77 1.77 492.0 243.0 492.0 647.0 433.0 647.0 784.0 481.0 784.0 
2 3 1.63 1.63 4.0 3.0 4.0 494.0 327.0 494.0 440.0 99.0 440.0 
2 3 1.84 1.84 135.0 86.0 135.0 79.0 46.0 79.0 467.0 292.0 467.0 
2 3 1.68 1.68 838.0 694.0 838.0 786.0 100.0 786.0 671.0 488.0 671.0 
2 3 1.15 1.15 552.0 75.0 552.0 512.0 244.0 512.0 382.0 207.0 382.0 
2 4 1.84 1.84 552.0 75.0 552.0 512.0 244.0 512.0 382.0 207.0 382.0 777.0 539.0 777.0 
2 3 1.24 1.24 20.0 6.0 20.0 28.0 21.0 28.0 165.0 32.0 165.0 
2 3 1.4 1.4 819.0 80.0 819.0 854.0 596.0 854.0 252.0 153.0 252.0 
2 4 1.97 1.97 819.0 80.0 819.0 854.0 596.0 854.0 252.0 153.0 252.0 133.0 76.0 133.0 
2 3 1.98 1.98 70.0 64.0 70.0 943.0 895.0 943.0 299.0 36.0 299.0 
2 3 1.91 1.91 454.0 274.0 454.0 559.0 467.0 559.0 93.0 44.0 93.0 
2 3 1.5 1.5 797.0 490.0 797.0 999.0 858.0 999.0 558.0 17.0 558.0 
2 4 1.98 1.98 797.0 490.0 797.0 999.0 858.0 999.0 558.0 17.0 558.0 182.0 87.0 182.0 
2 3 1.92 1.92 615.0 349.0 615.0 903.0 345.0 903.0 990.0 965.0 990.0 
2 3 1.9 1.9 31.0 26.0 31.0 970.0 155.0 970.0 22.0 20.0 22.0 
2 3 1.81 1.81 945.0 482.0 945.0 422.0 315.0 422.0 984.0 546.0 984.0 
2 3 1.97 1.97 768.0 335.0 768.0 549.0 529.0 549.0 521.0 298.0 521.0 
2 3 1.96 1.96 131.0 43.0 131.0 926.0 794.0 926.0 814.0 631.0 814.0 
2 3 1.66 1.66 348.0 180.0 348.0 570.0 545.0 570.0 478.0 93.0 478.0 
2 3 1.83 1.83 141.0 63.0 141.0 372.0 204.0 372.0 928.0 777.0 928.0 
2 3 1.94 1.94 690.0 489.0 690.0 224.0 115.0 224.0 263.0 191.0 263.0 
2 3 1.64 1.64 391.0 243.0 391.0 966.0 852.0 966.0 273.0 39.0 273.0 
2 4 1.92 1.92 391.0 243.0 391.0 966.0 852.0 966.0 273.0 39.0 273.0 725.0 202.0 725.0 
2 3 1.64 1.64 525.0 298.0 525.0 648.0 493.0 648.0 613.0 195.0 613.0 
2 3 1.5 1.5 912.0 588.0 912.0 790.0 59.0 790.0 894.0 705.0 894.0 
2 3 1.88 1.88 388.0 208.0 388.0 3.0 2.0 3.0 470.0 323.0 470.0 
2 3 1.67 1.67 618.0 328.0 618.0 998.0 610.0 998.0 513.0 274.0 513.0 
2 3 1.69 1.69 526.0 510.0 526.0 310.0 175.0 310.0 250.0 40.0 250.0 
2 3 1.83 1.83 878.0 502.0 878.0 292.0 177.0 292.0 360.0 235.0 360.0 
2 3 1.93 1.93 516.0 415.0 516.0 749.0 400.0 749.0 745.0 442.0 745.0 
2 3 1.69 1.69 236.0 160.0 236.0 664.0 220.0 664.0 219.0 150.0 219.0 
2 3 1.89 1.89 7.0 3.0 7.0 822.0 672.0 822.0 783.0 512.0 783.0 
2 3 1.79 1.79 844.0 650.0 844.0 933.0 703.0 933.0 233.0 63.0 233.0 
2 3 1.92 1.92 912.0 487.0 912.0 987.0 808.0 987.0 532.0 307.0 532.0 
2 3 1.33 1.33 167.0 3.0 167.0 535.0 395.0 535.0 988.0 571.0 988.0 
2 4 1.88 1.88 167.0 3.0 167.0 535.0 395.0 535.0 988.0 571.0 988.0 432.0 236.0 432.0 
2 3 1.91 1.91 897.0 207.0 897.0 273.0 227.0 273.0 750.0 640.0 750.0 
2 3 1.8 1.8 99.0 92.0 99.0 257.0 177.0 257.0 47.0 9.0 47.0 
2 3 1.69 1.69 819.0 169.0 819.0 64.0 34.0 64.0 178.0 171.0 178.0 
2 3 1.68 1.68 260.0 165.0 260.0 401.0 218.0 401.0 880.0 449.0 880.0 
2 3 1.92 1.92 555.0 465.0 555.0 877.0 447.0 877.0 495.0 287.0 495.0 
2 3 1.61 1.61 287.0 165.0 287.0 288.0 206.0 288.0 620.0 204.0 620.0 
2 3 1.99 1.99 941.0 393.0 941.0 976.0 742.0 976.0 65.0 53.0 65.0 
2 3 1.69 1.69 657.0 400.0 657.0 490.0 472.0 490.0 789.0 95.0 789.0 
2 3 1.38 1.38 204.0 110.0 204.0 790.0 465.0 790.0 131.0 34.0 131.0 
2 3 1.41 1.41 530.0 59.0 530.0 668.0 345.0 668.0 522.0 412.0 522.0 
2 3 1.97 1.97 533.0 204.0 533.0 140.0 131.0 140.0 423.0 276.0 423.0 
2 3 1.76 1.76 36.0 32.0 36.0 784.0 678.0 784.0 874.0 8.0 874.0 
2 3 1.83 1.83 342.0 253.0 342.0 897.0 457.0 897.0 117.0 68.0 117.0 
2 3 1.36 1.36 252.0 164.0 252.0 483.0 12.0 483.0 405.0 280.0 405.0 
2 4 1.93 1.93 252.0 164.0 252.0 483.0 12.0 483.0 405.0 280.0 405.0 172.0 98.0 172.0 
2 3 1.24 1.24 643.0 351.0 643.0 879.0 6.0 879.0 986.0 685.0 986.0 
2 4 1.82 1.82 643.0 351.0 643.0 879.0 6.0 879.0 986.0 685.0 986.0 858.0 495.0 858.0 
2 3 1.94 1.94 125.0 70.0 125.0 487.0 304.0 487.0 279.0 211.0 279.0 
2 3 1.5 1.5 884.0 491.0 884.0 417.0 256.0 417.0 301.0 101.0 301.0 
2 3 1.83 1.83 385.0 323.0 385.0 322.0 232.0 322.0 994.0 271.0 994.0 
2 3 1.97 1.97 346.0 306.0 346.0 892.0 243.0 892.0 445.0 366.0 445.0 
2 3 1.37 1.37 730.0 237.0 730.0 628.0 331.0 628.0 987.0 513.0 987.0 
2 3 1.62 1.62 678.0 169.0 678.0 137.0 90.0 137.0 239.0 171.0 239.0 
2 3 1.31 1.31 131.0 90.0 131.0 662.0 385.0 662.0 204.0 9.0 204.0 
2 3 1.69 1.69 520.0 194.0 520.0 200.0 121.0 200.0 765.0 547.0 765.0 
2 3 1.59 1.59 491.0 328.0 491.0 237.0 19.0 237.0 693.0 590.0 693.0 
2 3 1.75 1.75 986.0 591.0 986.0 343.0 241.0 343.0 443.0 201.0 443.0 
2 3 1.56 1.56 686.0 537.0 686.0 979.0 699.0 979.0 706.0 49.0 706.0 
2 3 1.63 1.63 184.0 143.0 184.0 298.0 153.0 298.0 490.0 171.0 490.0 
2 3 1.8 1.8 913.0 580.0 913.0 373.0 87.0 373.0 280.0 261.0 280.0 
2 3 1.66 1.66 131.0 13.0 131.0 847.0 591.0 847.0 422.0 368.0 422.0 
2 3 1.49 1.49 25.0 5.0 25.0 323.0 210.0 323.0 762.0 491.0 762.0 
2 3 1.64 1.64 919.0 526.0 919.0 688.0 586.0 688.0 471.0 102.0 471.0 
2 3 1.69 1.69 274.0 32.0 274.0 535.0 533.0 535.0 254.0 147.0 254.0 
2 3 1.87 1.87 179.0 80.0 179.0 694.0 381.0 694.0 593.0 524.0 593.0 
2 3 1.83 1.83 205.0 132.0 205.0 820.0 520.0 820.0 656.0 363.0 656.0 
2 3 1.52 1.52 276.0 248.0 276.0 584.0 72.0 584.0 866.0 436.0 866.0 
2 3 1.93 1.93 860.0 452.0 860.0 501.0 270.0 501.0 39.0 34.0 39.0 
2 3 1.77 1.77 555.0 377.0 555.0 692.0 572.0 692.0 272.0 72.0 272.0 
2 3 1.87 1.87 847.0 488.0 847.0 983.0 580.0 983.0 437.0 311.0 437.0 
2 3 1.92 1.92 581.0 358.0 581.0 523.0 289.0 523.0 899.0 678.0 899.0 
2 3 1.46 1.46 898.0 164.0 898.0 329.0 214.0 329.0 818.0 520.0 818.0 
2 3 1.88 1.88 282.0 142.0 282.0 182.0 115.0 182.0 28.0 21.0 28.0 
2 3 1.41 1.41 762.0 557.0 762.0 874.0 42.0 874.0 870.0 556.0 870.0 
2 3 1.57 1.57 517.0 315.0 517.0 556.0 115.0 556.0 750.0 569.0 750.0 
2 3 1.91 1.91 459.0 420.0 459.0 793.0 35.0 793.0 825.0 791.0 825.0 
2 3 1.32 1.32 911.0 220.0 911.0 777.0 65.0 777.0 88.0 88.0 88.0 
2 3 1.88 1.88 224.0 159.0 224.0 379.0 242.0 379.0 757.0 406.0 757.0 
2 3 1.96 1.96 697.0 567.0 697.0 193.0 111.0 193.0 364.0 210.0 364.0 
2 3 1.49 1.49 583.0 478.0 583.0 201.0 124.0 201.0 510.0 29.0 510.0 
2 3 1.8 1.8 607.0 228.0 607.0 181.0 135.0 181.0 727.0 499.0 727.0 
2 3 1.64 1.64 386.0 271.0 386.0 677.0 21.0 677.0 666.0 608.0 666.0 
2 3 1.46 1.46 743.0 557.0 743.0 609.0 344.0 609.0 913.0 139.0 913.0 
2 3 1.7 1.7 33.0 31.0 33.0 169.0 106.0 169.0 803.0 111.0 803.0 
2 3 1.65 1.65 981.0 121.0 981.0 554.0 413.0 554.0 120.0 94.0 120.0 
2 3 1.44 1.44 891.0 457.0 891.0 174.0 42.0 174.0 488.0 338.0 488.0 
2 3 1.61 1.61 905.0 482.0 905.0 967.0 87.0 967.0 832.0 828.0 832.0 
2 3 1.87 1.87 49.0 39.0 49.0 371.0 164.0 371.0 594.0 379.0 594.0 
2 3 1.33 1.33 630.0 124.0 630.0 383.0 226.0 383.0 544.0 298.0 544.0 
2 3 1.74 1.74 62.0 18.0 62.0 275.0 238.0 275.0 17.0 10.0 17.0 
2 3 1.45 1.45 540.0 377.0 540.0 224.0 16.0 224.0 554.0 378.0 554.0 
2 4 1.97 1.97 540.0 377.0 540.0 224.0 16.0 224.0 554.0 378.0 554.0 459.0 241.0 459.0 
2 3 1.94 1.94 432.0 183.0 432.0 36.0 20.0 36.0 257.0 247.0 257.0 
2 3 1.94 1.94 445.0 303.0 445.0 209.0 154.0 209.0 658.0 344.0 658.0 
2 3 1.55 1.55 695.0 137.0 695.0 771.0 649.0 771.0 736.0 383.0 736.0 
2 3 1.08 1.08 969.0 179.0 969.0 274.0 122.0 274.0 866.0 390.0 866.0 
2 4 1.58 1.58 969.0 179.0 969.0 274.0 122.0 274.0 866.0 390.0 866.0 224.0 113.0 224.0 
2 3 1.35 1.35 666.0 48.0 666.0 410.0 375.0 410.0 22.0 8.0 22.0 
2 3 1.72 1.72 411.0 1.0 411.0 84.0 78.0 84.0 665.0 531.0 665.0 
2 3 1.34 1.34 18.0 12.0 18.0 850.0 51.0 850.0 228.0 141.0 228.0 
2 3 1.65 1.65 951.0 758.0 951.0 586.0 420.0 586.0 827.0 115.0 827.0 
2 3 1.92 1.92 26.0 14.0 26.0 164.0 109.0 164.0 436.0 316.0 436.0 
2 3 1.45 1.45 322.0 3.0 322.0 513.0 421.0 513.0 641.0 403.0 641.0 
2 3 1.79 1.79 619.0 456.0 619.0 81.0 27.0 81.0 982.0 708.0 982.0 
2 3 1.95 1.95 961.0 814.0 961.0 116.0 80.0 116.0 924.0 390.0 924.0 
2 3 1.24 1.24 777.0 112.0 777.0 127.0 65.0 127.0 894.0 523.0 894.0 
2 3 1.99 1.99 236.0 140.0 236.0 537.0 320.0 537.0 914.0 740.0 914.0 
2 3 1.79 1.79 461.0 240.0 461.0 621.0 377.0 621.0 201.0 135.0 201.0 
2 3 1.93 1.93 671.0 421.0 671.0 462.0 348.0 462.0 227.0 126.0 227.0 
2 3 1.76 1.76 453.0 34.0 453.0 887.0 635.0 887.0 860.0 836.0 860.0 
2 4 1.96 1.96 453.0 34.0 453.0 887.0 635.0 887.0 860.0 836.0 860.0 440.0 89.0 440.0 
2 3 1.98 1.98 42.0 34.0 42.0 900.0 526.0 900.0 165.0 98.0 165.0 
2 3 1.66 1.66 853.0 473.0 853.0 597.0 347.0 597.0 574.0 302.0 574.0 
2 3 1.93 1.93 22.0 13.0 22.0 618.0 504.0 618.0 431.0 226.0 431.0 
2 3 1.94 1.94 933.0 811.0 933.0 521.0 466.0 521.0 763.0 142.0 763.0 
2 4 1.98 1.98 933.0 811.0 933.0 521.0 466.0 521.0 763.0 142.0 763.0 105.0 4.0 105.0 
2 3 1.4 1.4 282.0 39.0 282.0 570.0 390.0 570.0 633.0 370.0 633.0 
2 3 1.89 1.89 91.0 82.0 91.0 831.0 644.0 831.0 79.0 17.0 79.0 
2 3 1.92 1.92 461.0 377.0 461.0 64.0 36.0 64.0 628.0 345.0 628.0 
2 3 1.96 1.96 593.0 472.0 593.0 684.0 432.0 684.0 65.0 35.0 65.0 
2 3 1.95 1.95 616.0 261.0 616.0 304.0 251.0 304.0 200.0 141.0 200.0 
2 3 1.55 1.55 94.0 60.0 94.0 336.0 195.0 336.0 165.0 56.0 165.0 
2 4 1.66 1.66 94.0 60.0 94.0 336.0 195.0 336.0 165.0 56.0 165.0 471.0 49.0 471.0 
2 3 1.74 1.74 444.0 295.0 444.0 400.0 287.0 400.0 340.0 123.0 340.0 
2 3 1.75 1.75 462.0 236.0 462.0 498.0 299.0 498.0 359.0 230.0 359.0 
2 3 1.74 1.74 623.0 442.0 623.0 565.0 503.0 565.0 762.0 113.0 762.0 
2 3 1.73 1.73 616.0 272.0 616.0 598.0 326.0 598.0 271.0 203.0 271.0 
2 4 1.93 1.93 616.0 272.0 616.0 598.0 326.0 598.0 271.0 203.0 271.0 955.0 194.0 955.0 
2 3 1.52 1.52 571.0 179.0 571.0 461.0 241.0 461.0 497.0 342.0 497.0 
2 3 1.24 1.24 281.0 162.0 281.0 729.0 28.0 729.0 428.0 269.0 428.0 
2 3 1.91 1.91 553.0 90.0 553.0 583.0 533.0 583.0 709.0 591.0 709.0 
2 3 1.55 1.55 221.0 138.0 221.0 528.0 287.0 528.0 321.0 125.0 321.0 
2 3 1.68 1.68 254.0 33.0 254.0 876.0 617.0 876.0 764.0 652.0 764.0 
2 3 1.75 1.75 533.0 294.0 533.0 188.0 165.0 188.0 74.0 24.0 74.0 
2 3 1.54 1.54 335.0 171.0 335.0 809.0 235.0 809.0 965.0 720.0 965.0 
2 4 1.92 1.92 335.0 171.0 335.0 809.0 235.0 809.0 965.0 720.0 965.0 817.0 307.0 817.0 
2 3 1.78 1.78 704.0 674.0 704.0 105.0 29.0 105.0 36.0 20.0 36.0 
2 3 1.87 1.87 304.0 159.0 304.0 515.0 281.0 515.0 331.0 268.0 331.0 
2 3 1.74 1.74 26.0 22.0 26.0 726.0 621.0 726.0 187.0 9.0 187.0 
2 3 1.87 1.87 715.0 303.0 715.0 996.0 757.0 996.0 246.0 169.0 246.0 
2 3 1.29 1.29 580.0 469.0 580.0 314.0 15.0 314.0 242.0 105.0 242.0 
2 3 1.04 1.04 643.0 520.0 643.0 793.0 23.0 793.0 222.0 47.0 222.0 
2 4 1.79 1.79 643.0 520.0 643.0 793.0 23.0 793.0 222.0 47.0 222.0 351.0 262.0 351.0 
2 3 1.92 1.92 709.0 450.0 709.0 344.0 217.0 344.0 305.0 202.0 305.0 
2 3 1.84 1.84 522.0 371.0 522.0 440.0 258.0 440.0 730.0 399.0 730.0 
2 3 1.84 1.84 704.0 410.0 704.0 732.0 506.0 732.0 905.0 520.0 905.0 
2 3 1.59 1.59 839.0 480.0 839.0 915.0 761.0 915.0 377.0 72.0 377.0 
2 3 1.76 1.76 709.0 484.0 709.0 459.0 418.0 459.0 205.0 35.0 205.0 
2 3 1.58 1.58 84.0 54.0 84.0 324.0 303.0 324.0 356.0 1.0 356.0 
2 3 1.7 1.7 587.0 352.0 587.0 700.0 376.0 700.0 576.0 327.0 576.0 
2 3 1.78 1.78 971.0 528.0 971.0 128.0 92.0 128.0 173.0 90.0 173.0 
2 3 1.83 1.83 256.0 143.0 256.0 998.0 770.0 998.0 799.0 406.0 799.0 
2 3 1.96 1.96 668.0 365.0 668.0 903.0 503.0 903.0 879.0 754.0 879.0 
2 3 1.68 1.68 225.0 172.0 225.0 558.0 43.0 558.0 129.0 109.0 129.0 
2 3 1.97 1.97 121.0 87.0 121.0 964.0 498.0 964.0 773.0 568.0 773.0 
2 3 1.84 1.84 364.0 257.0 364.0 328.0 187.0 328.0 529.0 299.0 529.0 
2 3 1.62 1.62 542.0 82.0 542.0 896.0 669.0 896.0 991.0 722.0 991.0 
2 3 1.88 1.88 843.0 767.0 843.0 975.0 803.0 975.0 943.0 142.0 943.0 
2 3 1.99 1.99 249.0 238.0 249.0 848.0 612.0 848.0 939.0 302.0 939.0 
2 3 1.97 1.97 732.0 378.0 732.0 555.0 462.0 555.0 614.0 384.0 614.0 
2 3 1.73 1.73 268.0 110.0 268.0 36.0 24.0 36.0 748.0 491.0 748.0 
2 3 1.99 1.99 744.0 402.0 744.0 392.0 278.0 392.0 44.0 33.0 44.0 
2 3 1.91 1.91 444.0 334.0 444.0 856.0 480.0 856.0 681.0 408.0 681.0 
2 3 1.79 1.79 988.0 562.0 988.0 583.0 137.0 583.0 704.0 695.0 704.0 
2 3 1.02 1.02 231.0 77.0 231.0 242.0 11.0 242.0 652.0 424.0 652.0 
2 4 1.93 1.93 231.0 77.0 231.0 242.0 11.0 242.0 652.0 424.0 652.0 937.0 850.0 937.0 
2 3 1.8 1.8 348.0 209.0 348.0 944.0 504.0 944.0 851.0 572.0 851.0 
2 3 1.78 1.78 465.0 261.0 465.0 898.0 603.0 898.0 598.0 333.0 598.0 
2 3 1.92 1.92 683.0 353.0 683.0 806.0 637.0 806.0 89.0 55.0 89.0 
2 3 1.77 1.77 976.0 292.0 976.0 226.0 143.0 226.0 261.0 221.0 261.0 
2 3 1.75 1.75 148.0 80.0 148.0 260.0 174.0 260.0 819.0 450.0 819.0 
2 3 1.94 1.94 202.0 108.0 202.0 54.0 38.0 54.0 611.0 433.0 611.0 
2 3 1.98 1.98 176.0 110.0 176.0 325.0 269.0 325.0 709.0 374.0 709.0 
2 3 1.84 1.84 953.0 950.0 953.0 832.0 196.0 832.0 118.0 72.0 118.0 
2 3 1.99 1.99 120.0 89.0 120.0 489.0 245.0 489.0 285.0 213.0 285.0 
2 3 1.89 1.89 240.0 159.0 240.0 578.0 555.0 578.0 313.0 84.0 313.0 
2 3 1.82 1.82 80.0 77.0 80.0 448.0 379.0 448.0 224.0 3.0 224.0 
2 3 1.92 1.92 725.0 440.0 725.0 469.0 261.0 469.0 74.0 56.0 74.0 
2 3 1.82 1.82 986.0 261.0 986.0 416.0 257.0 416.0 700.0 663.0 700.0 
2 3 1.98 1.98 441.0 234.0 441.0 934.0 604.0 934.0 934.0 758.0 934.0 
2 3 1.81 1.81 361.0 173.0 361.0 605.0 515.0 605.0 728.0 350.0 728.0 
2 3 1.61 1.61 648.0 334.0 648.0 981.0 250.0 981.0 266.0 224.0 266.0 
2 3 1.31 1.31 446.0 32.0 446.0 258.0 186.0 258.0 917.0 479.0 917.0 
2 3 1.79 1.79 3.0 2.0 3.0 559.0 416.0 559.0 547.0 212.0 547.0 
2 3 1.72 1.72 969.0 719.0 969.0 79.0 25.0 79.0 752.0 499.0 752.0 
2 3 1.74 1.74 870.0 698.0 870.0 32.0 19.0 32.0 908.0 319.0 908.0 
2 3 1.97 1.97 997.0 107.0 997.0 436.0 422.0 436.0 272.0 244.0 272.0 
2 3 1.74 1.74 195.0 103.0 195.0 563.0 358.0 563.0 288.0 167.0 288.0 
2 3 1.83 1.83 460.0 363.0 460.0 319.0 70.0 319.0 169.0 139.0 169.0 
2 3 1.92 1.92 294.0 194.0 294.0 569.0 374.0 569.0 258.0 157.0 258.0 
2 3 1.96 1.96 215.0 113.0 215.0 129.0 65.0 129.0 60.0 56.0 60.0 
2 4 1.99 1.99 215.0 113.0 215.0 129.0 65.0 129.0 60.0 56.0 60.0 719.0 21.0 719.0 
2 3 1.9 1.9 637.0 445.0 637.0 514.0 383.0 514.0 742.0 343.0 742.0 
2 3 1.64 1.64 832.0 523.0 832.0 309.0 296.0 309.0 105.0 6.0 105.0 
2 3 1.85 1.85 322.0 178.0 322.0 633.0 277.0 633.0 240.0 207.0 240.0 
2 3 1.63 1.63 145.0 35.0 145.0 726.0 505.0 726.0 917.0 641.0 917.0 
2 3 1.75 1.75 412.0 88.0 412.0 245.0 156.0 245.0 476.0 431.0 476.0 
2 3 1.88 1.88 191.0 158.0 191.0 943.0 472.0 943.0 38.0 21.0 38.0 
2 3 1.99 1.99 571.0 508.0 571.0 494.0 252.0 494.0 697.0 418.0 697.0 
2 3 1.94 1.94 357.0 308.0 357.0 487.0 161.0 487.0 974.0 733.0 974.0 
2 3 1.98 1.98 247.0 132.0 247.0 852.0 523.0 852.0 167.0 140.0 167.0 
2 3 1.71 1.71 859.0 543.0 859.0 550.0 46.0 550.0 3.0 3.0 3.0 
2 3 1.87 1.87 284.0 97.0 284.0 225.0 217.0 225.0 585.0 335.0 585.0 
2 3 1.91 1.91 463.0 86.0 463.0 267.0 224.0 267.0 902.0 803.0 902.0 
2 3 1.9 1.9 260.0 167.0 260.0 159.0 101.0 159.0 346.0 218.0 346.0 
2 3 1.65 1.65 466.0 253.0 466.0 856.0 506.0 856.0 827.0 427.0 827.0 
2 3 1.81 1.81 25.0 16.0 25.0 342.0 177.0 342.0 867.0 573.0 867.0 
2 3 1.87 1.87 135.0 99.0 135.0 357.0 199.0 357.0 777.0 456.0 777.0 
2 3 1.89 1.89 104.0 56.0 104.0 547.0 279.0 547.0 875.0 738.0 875.0 
2 3 1.83 1.83 897.0 548.0 897.0 759.0 423.0 759.0 908.0 603.0 908.0 
2 3 1.97 1.97 52.0 30.0 52.0 250.0 145.0 250.0 193.0 158.0 193.0 
2 3 1.94 1.94 813.0 439.0 813.0 671.0 493.0 671.0 473.0 319.0 473.0 
2 3 1.72 1.72 326.0 218.0 326.0 449.0 437.0 449.0 813.0 67.0 813.0 
2 3 1.87 1.87 858.0 589.0 858.0 699.0 528.0 699.0 654.0 281.0 654.0 
2 3 1.89 1.89 123.0 30.0 123.0 269.0 260.0 269.0 894.0 613.0 894.0 
2 3 1.79 1.79 950.0 743.0 950.0 782.0 67.0 782.0 668.0 622.0 668.0 
2 3 1.61 1.61 518.0 389.0 518.0 404.0 287.0 404.0 630.0 95.0 630.0 
2 3 1.68 1.68 833.0 544.0 833.0 739.0 376.0 739.0 991.0 518.0 991.0 
2 3 1.71 1.71 408.0 154.0 408.0 717.0 555.0 717.0 105.0 59.0 105.0 
2 4 1.77 1.77 408.0 154.0 408.0 717.0 555.0 717.0 105.0 59.0 105.0 151.0 9.0 151.0 
2 3 1.81 1.81 583.0 562.0 583.0 710.0 308.0 710.0 877.0 367.0 877.0 
2 3 1.01 1.01 997.0 506.0 997.0 608.0 19.0 608.0 723.0 341.0 723.0 
2 3 1.95 1.95 706.0 462.0 706.0 833.0 496.0 833.0 413.0 290.0 413.0 
2 3 1.79 1.79 30.0 18.0 30.0 839.0 619.0 839.0 841.0 386.0 841.0 
2 3 1.1 1.1 260.0 15.0 260.0 886.0 444.0 886.0 280.0 153.0 280.0 
2 4 1.79 1.79 260.0 15.0 260.0 886.0 444.0 886.0 280.0 153.0 280.0 595.0 413.0 595.0 
2 3 1.79 1.79 774.0 403.0 774.0 538.0 258.0 538.0 414.0 329.0 414.0 
2 3 1.62 1.62 639.0 427.0 639.0 48.0 3.0 48.0 810.0 727.0 810.0 
2 3 1.44 1.44 735.0 430.0 735.0 857.0 598.0 857.0 432.0 68.0 432.0 
2 3 1.98 1.98 757.0 541.0 757.0 33.0 25.0 33.0 815.0 417.0 815.0 
2 3 1.71 1.71 739.0 666.0 739.0 62.0 11.0 62.0 850.0 539.0 850.0 
2 3 1.89 1.89 679.0 507.0 679.0 770.0 724.0 770.0 349.0 73.0 349.0 
2 3 1.66 1.66 262.0 208.0 262.0 542.0 340.0 542.0 192.0 47.0 192.0 
2 3 1.7 1.7 477.0 223.0 477.0 279.0 165.0 279.0 397.0 257.0 397.0 
2 3 1.58 1.58 742.0 141.0 742.0 694.0 549.0 694.0 390.0 237.0 390.0 
2 3 1.84 1.84 256.0 177.0 256.0 856.0 420.0 856.0 242.0 161.0 242.0 
2 3 1.97 1.97 377.0 270.0 377.0 385.0 250.0 385.0 496.0 303.0 496.0 
2 3 1.16 1.16 871.0 211.0 871.0 880.0 528.0 880.0 62.0 20.0 62.0 
2 3 1.43 1.43 999.0 76.0 999.0 525.0 264.0 525.0 735.0 629.0 735.0 
2 4 1.7 1.7 999.0 76.0 999.0 525.0 264.0 525.0 735.0 629.0 735.0 775.0 207.0 775.0 
2 3 1.76 1.76 447.0 255.0 447.0 871.0 431.0 871.0 282.0 197.0 282.0 
2 3 1.85 1.85 206.0 120.0 206.0 750.0 469.0 750.0 832.0 536.0 832.0 
2 3 1.83 1.83 461.0 372.0 461.0 241.0 231.0 241.0 582.0 42.0 582.0 
2 3 1.52 1.52 978.0 851.0 978.0 945.0 559.0 945.0 707.0 46.0 707.0 
2 3 1.93 1.93 94.0 55.0 94.0 701.0 365.0 701.0 895.0 738.0 895.0 
2 3 1.88 1.88 631.0 471.0 631.0 703.0 303.0 703.0 417.0 297.0 417.0 
2 3 1.84 1.84 393.0 243.0 393.0 607.0 438.0 607.0 543.0 274.0 543.0 
2 3 1.73 1.73 127.0 92.0 127.0 35.0 33.0 35.0 400.0 29.0 400.0 
2 3 1.82 1.82 532.0 174.0 532.0 232.0 149.0 232.0 251.0 214.0 251.0 
2 3 1.8 1.8 37.0 21.0 37.0 386.0 141.0 386.0 271.0 235.0 271.0 
2 3 1.83 1.83 195.0 184.0 195.0 186.0 149.0 186.0 464.0 41.0 464.0 
2 3 1.8 1.8 392.0 322.0 392.0 137.0 4.0 137.0 868.0 831.0 868.0 
2 3 1.69 1.69 11.0 7.0 11.0 576.0 323.0 576.0 459.0 230.0 459.0 
2 3 1.53 1.53 38.0 7.0 38.0 575.0 361.0 575.0 876.0 631.0 876.0 
2 4 1.81 1.81 38.0 7.0 38.0 575.0 361.0 575.0 876.0 631.0 876.0 306.0 86.0 306.0 
2 3 1.82 1.82 330.0 236.0 330.0 745.0 266.0 745.0 881.0 664.0 881.0 
2 3 1.45 1.45 698.0 571.0 698.0 378.0 6.0 378.0 910.0 563.0 910.0 
2 3 1.88 1.88 927.0 876.0 927.0 977.0 133.0 977.0 986.0 797.0 986.0 
2 3 1.75 1.75 238.0 162.0 238.0 725.0 375.0 725.0 36.0 20.0 36.0 
2 3 1.86 1.86 203.0 199.0 203.0 455.0 291.0 455.0 591.0 145.0 591.0 
2 3 1.78 1.78 660.0 400.0 660.0 355.0 215.0 355.0 599.0 342.0 599.0 
2 3 1.49 1.49 732.0 491.0 732.0 456.0 259.0 456.0 190.0 49.0 190.0 
2 3 1.19 1.19 566.0 338.0 566.0 902.0 494.0 902.0 510.0 28.0 510.0 
2 4 1.9 1.9 566.0 338.0 566.0 902.0 494.0 902.0 510.0 28.0 510.0 976.0 689.0 976.0 
2 3 1.78 1.78 983.0 598.0 983.0 142.0 93.0 142.0 83.0 43.0 83.0 
2 3 1.86 1.86 446.0 76.0 446.0 780.0 670.0 780.0 782.0 654.0 782.0 
2 3 1.91 1.91 816.0 464.0 816.0 185.0 147.0 185.0 9.0 5.0 9.0 
2 3 1.91 1.91 851.0 221.0 851.0 593.0 400.0 593.0 540.0 531.0 540.0 
2 3 1.49 1.49 814.0 510.0 814.0 430.0 113.0 430.0 655.0 396.0 655.0 
2 3 1.71 1.71 52.0 4.0 52.0 214.0 182.0 214.0 587.0 463.0 587.0 
2 3 1.9 1.9 741.0 612.0 741.0 416.0 31.0 416.0 8.0 8.0 8.0 
2 3 1.26 1.26 180.0 25.0 180.0 812.0 459.0 812.0 714.0 398.0 714.0 
2 4 1.97 1.97 180.0 25.0 180.0 812.0 459.0 812.0 714.0 398.0 714.0 686.0 489.0 686.0 
2 3 1.67 1.67 500.0 361.0 500.0 905.0 513.0 905.0 202.0 77.0 202.0 
2 3 1.92 1.92 27.0 24.0 27.0 332.0 305.0 332.0 582.0 67.0 582.0 
2 3 1.84 1.84 893.0 541.0 893.0 975.0 277.0 975.0 914.0 870.0 914.0 
2 3 1.75 1.75 527.0 382.0 527.0 895.0 593.0 895.0 797.0 289.0 797.0 
2 3 1.92 1.92 106.0 68.0 106.0 325.0 95.0 325.0 306.0 302.0 306.0 
2 3 1.8 1.8 908.0 734.0 908.0 21.0 14.0 21.0 36.0 12.0 36.0 
2 3 1.88 1.88 377.0 211.0 377.0 378.0 243.0 378.0 852.0 579.0 852.0 
2 3 1.54 1.54 943.0 609.0 943.0 900.0 556.0 900.0 896.0 249.0 896.0 
2 3 1.88 1.88 44.0 25.0 44.0 828.0 632.0 828.0 769.0 422.0 769.0 
2 3 1.31 1.31 837.0 361.0 837.0 499.0 339.0 499.0 169.0 35.0 169.0 
2 4 1.82 1.82 837.0 361.0 837.0 499.0 339.0 499.0 169.0 35.0 169.0 746.0 376.0 746.0 
2 3 1.92 1.92 246.0 130.0 246.0 203.0 143.0 203.0 109.0 75.0 109.0 
2 3 1.95 1.95 985.0 508.0 985.0 73.0 57.0 73.0 245.0 161.0 245.0 
2 3 1.37 1.37 780.0 456.0 780.0 491.0 321.0 491.0 297.0 40.0 297.0 
2 3 1.71 1.71 895.0 892.0 895.0 889.0 604.0 889.0 648.0 26.0 648.0 
2 3 1.9 1.9 774.0 611.0 774.0 882.0 881.0 882.0 43.0 5.0 43.0 
2 3 1.76 1.76 208.0 43.0 208.0 219.0 199.0 219.0 804.0 520.0 804.0 
2 3 1.68 1.68 757.0 411.0 757.0 74.0 46.0 74.0 611.0 321.0 611.0 
2 3 1.54 1.54 140.0 19.0 140.0 424.0 343.0 424.0 491.0 293.0 491.0 
