2 3 1.06 1.06 247.0 75.0 247.0 286.0 94.0 286.0 276.0 119.0 276.0 
2 4 1.68 1.68 247.0 75.0 247.0 286.0 94.0 286.0 276.0 119.0 276.0 311.0 193.0 311.0 
2 5 1.8 1.8 247.0 75.0 247.0 286.0 94.0 286.0 276.0 119.0 276.0 311.0 193.0 311.0 722.0 89.0 722.0 
2 6 1.85 1.85 247.0 75.0 247.0 286.0 94.0 286.0 276.0 119.0 276.0 311.0 193.0 311.0 722.0 89.0 722.0 305.0 14.0 305.0 
2 3 1.39 1.39 959.0 109.0 959.0 668.0 582.0 668.0 830.0 340.0 830.0 
2 3 0.63 0.63 153.0 19.0 153.0 789.0 324.0 789.0 752.0 72.0 752.0 
2 4 0.78 0.78 153.0 19.0 153.0 789.0 324.0 789.0 752.0 72.0 752.0 77.0 12.0 77.0 
2 5 1.35 1.35 153.0 19.0 153.0 789.0 324.0 789.0 752.0 72.0 752.0 77.0 12.0 77.0 495.0 281.0 495.0 
2 6 1.57 1.57 153.0 19.0 153.0 789.0 324.0 789.0 752.0 72.0 752.0 77.0 12.0 77.0 495.0 281.0 495.0 885.0 198.0 885.0 
2 7 1.76 1.76 153.0 19.0 153.0 789.0 324.0 789.0 752.0 72.0 752.0 77.0 12.0 77.0 495.0 281.0 495.0 885.0 198.0 885.0 559.0 105.0 559.0 
2 3 1.65 1.65 474.0 49.0 474.0 490.0 434.0 490.0 916.0 607.0 916.0 
2 4 1.83 1.83 474.0 49.0 474.0 490.0 434.0 490.0 916.0 607.0 916.0 139.0 26.0 139.0 
2 3 1.47 1.47 66.0 16.0 66.0 174.0 79.0 174.0 627.0 486.0 627.0 
2 3 0.28 0.28 120.0 15.0 120.0 818.0 104.0 818.0 124.0 4.0 124.0 
2 4 0.59 0.59 120.0 15.0 120.0 818.0 104.0 818.0 124.0 4.0 124.0 64.0 20.0 64.0 
2 5 1.03 1.03 120.0 15.0 120.0 818.0 104.0 818.0 124.0 4.0 124.0 64.0 20.0 64.0 477.0 210.0 477.0 
2 6 1.45 1.45 120.0 15.0 120.0 818.0 104.0 818.0 124.0 4.0 124.0 64.0 20.0 64.0 477.0 210.0 477.0 111.0 46.0 111.0 
2 7 1.8 1.8 120.0 15.0 120.0 818.0 104.0 818.0 124.0 4.0 124.0 64.0 20.0 64.0 477.0 210.0 477.0 111.0 46.0 111.0 538.0 189.0 538.0 
2 3 0.81 0.81 797.0 31.0 797.0 245.0 150.0 245.0 995.0 163.0 995.0 
2 4 1.3 1.3 797.0 31.0 797.0 245.0 150.0 245.0 995.0 163.0 995.0 437.0 212.0 437.0 
2 5 1.5 1.5 797.0 31.0 797.0 245.0 150.0 245.0 995.0 163.0 995.0 437.0 212.0 437.0 725.0 145.0 725.0 
2 6 1.66 1.66 797.0 31.0 797.0 245.0 150.0 245.0 995.0 163.0 995.0 437.0 212.0 437.0 725.0 145.0 725.0 297.0 48.0 297.0 
2 3 1.65 1.65 333.0 130.0 333.0 363.0 175.0 363.0 609.0 477.0 609.0 
2 3 0.7 0.7 579.0 296.0 579.0 905.0 91.0 905.0 364.0 34.0 364.0 
2 4 0.96 0.96 579.0 296.0 579.0 905.0 91.0 905.0 364.0 34.0 364.0 429.0 113.0 429.0 
2 5 1.42 1.42 579.0 296.0 579.0 905.0 91.0 905.0 364.0 34.0 364.0 429.0 113.0 429.0 398.0 181.0 398.0 
2 6 1.5 1.5 579.0 296.0 579.0 905.0 91.0 905.0 364.0 34.0 364.0 429.0 113.0 429.0 398.0 181.0 398.0 175.0 14.0 175.0 
2 7 1.53 1.53 579.0 296.0 579.0 905.0 91.0 905.0 364.0 34.0 364.0 429.0 113.0 429.0 398.0 181.0 398.0 175.0 14.0 175.0 424.0 15.0 424.0 
2 3 1.82 1.82 113.0 54.0 113.0 976.0 885.0 976.0 732.0 320.0 732.0 
2 3 0.89 0.89 924.0 506.0 924.0 778.0 100.0 778.0 274.0 59.0 274.0 
2 4 1.11 1.11 924.0 506.0 924.0 778.0 100.0 778.0 274.0 59.0 274.0 638.0 142.0 638.0 
2 5 1.13 1.13 924.0 506.0 924.0 778.0 100.0 778.0 274.0 59.0 274.0 638.0 142.0 638.0 147.0 3.0 147.0 
2 6 1.78 1.78 924.0 506.0 924.0 778.0 100.0 778.0 274.0 59.0 274.0 638.0 142.0 638.0 147.0 3.0 147.0 267.0 173.0 267.0 
2 3 1.71 1.71 493.0 483.0 493.0 391.0 281.0 391.0 420.0 5.0 420.0 
2 3 0.84 0.84 505.0 122.0 505.0 723.0 167.0 723.0 84.0 31.0 84.0 
2 4 0.89 0.89 505.0 122.0 505.0 723.0 167.0 723.0 84.0 31.0 84.0 526.0 28.0 526.0 
2 5 1.31 1.31 505.0 122.0 505.0 723.0 167.0 723.0 84.0 31.0 84.0 526.0 28.0 526.0 493.0 207.0 493.0 
2 6 1.96 1.96 505.0 122.0 505.0 723.0 167.0 723.0 84.0 31.0 84.0 526.0 28.0 526.0 493.0 207.0 493.0 240.0 155.0 240.0 
2 7 1.98 1.98 505.0 122.0 505.0 723.0 167.0 723.0 84.0 31.0 84.0 526.0 28.0 526.0 493.0 207.0 493.0 240.0 155.0 240.0 194.0 4.0 194.0 
2 3 1.58 1.58 174.0 127.0 174.0 323.0 152.0 323.0 767.0 296.0 767.0 
2 3 1.61 1.61 247.0 107.0 247.0 402.0 342.0 402.0 61.0 20.0 61.0 
2 4 1.84 1.84 247.0 107.0 247.0 402.0 342.0 402.0 61.0 20.0 61.0 191.0 44.0 191.0 
2 3 0.97 0.97 366.0 4.0 366.0 138.0 106.0 138.0 25.0 5.0 25.0 
2 4 1.32 1.32 366.0 4.0 366.0 138.0 106.0 138.0 25.0 5.0 25.0 554.0 193.0 554.0 
2 5 1.78 1.78 366.0 4.0 366.0 138.0 106.0 138.0 25.0 5.0 25.0 554.0 193.0 554.0 806.0 365.0 806.0 
2 3 1.03 1.03 621.0 463.0 621.0 932.0 53.0 932.0 458.0 107.0 458.0 
2 4 1.38 1.38 621.0 463.0 621.0 932.0 53.0 932.0 458.0 107.0 458.0 782.0 272.0 782.0 
2 5 1.7 1.7 621.0 463.0 621.0 932.0 53.0 932.0 458.0 107.0 458.0 782.0 272.0 782.0 934.0 297.0 934.0 
2 3 0.26 0.26 70.0 4.0 70.0 858.0 16.0 858.0 515.0 97.0 515.0 
2 4 0.75 0.75 70.0 4.0 70.0 858.0 16.0 858.0 515.0 97.0 515.0 588.0 288.0 588.0 
2 5 1.17 1.17 70.0 4.0 70.0 858.0 16.0 858.0 515.0 97.0 515.0 588.0 288.0 588.0 196.0 82.0 196.0 
2 6 1.3 1.3 70.0 4.0 70.0 858.0 16.0 858.0 515.0 97.0 515.0 588.0 288.0 588.0 196.0 82.0 196.0 954.0 126.0 954.0 
2 7 1.95 1.95 70.0 4.0 70.0 858.0 16.0 858.0 515.0 97.0 515.0 588.0 288.0 588.0 196.0 82.0 196.0 954.0 126.0 954.0 52.0 34.0 52.0 
2 3 1.3 1.3 478.0 270.0 478.0 133.0 21.0 133.0 720.0 418.0 720.0 
2 4 1.8 1.8 478.0 270.0 478.0 133.0 21.0 133.0 720.0 418.0 720.0 72.0 36.0 72.0 
2 3 1.09 1.09 39.0 6.0 39.0 634.0 457.0 634.0 58.0 13.0 58.0 
2 4 1.89 1.89 39.0 6.0 39.0 634.0 457.0 634.0 58.0 13.0 58.0 164.0 131.0 164.0 
2 3 1.37 1.37 967.0 562.0 967.0 823.0 142.0 823.0 968.0 600.0 968.0 
2 4 1.9 1.9 967.0 562.0 967.0 823.0 142.0 823.0 968.0 600.0 968.0 887.0 474.0 887.0 
2 3 0.84 0.84 530.0 114.0 530.0 363.0 67.0 363.0 391.0 176.0 391.0 
2 4 1.02 1.02 530.0 114.0 530.0 363.0 67.0 363.0 391.0 176.0 391.0 136.0 24.0 136.0 
2 5 1.25 1.25 530.0 114.0 530.0 363.0 67.0 363.0 391.0 176.0 391.0 136.0 24.0 136.0 720.0 164.0 720.0 
2 6 1.7 1.7 530.0 114.0 530.0 363.0 67.0 363.0 391.0 176.0 391.0 136.0 24.0 136.0 720.0 164.0 720.0 465.0 211.0 465.0 
2 3 0.59 0.59 276.0 65.0 276.0 315.0 8.0 315.0 141.0 47.0 141.0 
2 4 0.85 0.85 276.0 65.0 276.0 315.0 8.0 315.0 141.0 47.0 141.0 344.0 89.0 344.0 
2 5 1.21 1.21 276.0 65.0 276.0 315.0 8.0 315.0 141.0 47.0 141.0 344.0 89.0 344.0 971.0 351.0 971.0 
2 6 1.38 1.38 276.0 65.0 276.0 315.0 8.0 315.0 141.0 47.0 141.0 344.0 89.0 344.0 971.0 351.0 971.0 23.0 4.0 23.0 
2 7 1.8 1.8 276.0 65.0 276.0 315.0 8.0 315.0 141.0 47.0 141.0 344.0 89.0 344.0 971.0 351.0 971.0 23.0 4.0 23.0 157.0 65.0 157.0 
2 8 1.9 1.9 276.0 65.0 276.0 315.0 8.0 315.0 141.0 47.0 141.0 344.0 89.0 344.0 971.0 351.0 971.0 23.0 4.0 23.0 157.0 65.0 157.0 267.0 27.0 267.0 
2 3 0.97 0.97 195.0 39.0 195.0 328.0 98.0 328.0 279.0 132.0 279.0 
2 4 1.37 1.37 195.0 39.0 195.0 328.0 98.0 328.0 279.0 132.0 279.0 491.0 198.0 491.0 
2 5 1.45 1.45 195.0 39.0 195.0 328.0 98.0 328.0 279.0 132.0 279.0 491.0 198.0 491.0 384.0 32.0 384.0 
2 6 1.55 1.55 195.0 39.0 195.0 328.0 98.0 328.0 279.0 132.0 279.0 491.0 198.0 491.0 384.0 32.0 384.0 438.0 42.0 438.0 
2 7 1.75 1.75 195.0 39.0 195.0 328.0 98.0 328.0 279.0 132.0 279.0 491.0 198.0 491.0 384.0 32.0 384.0 438.0 42.0 438.0 387.0 77.0 387.0 
2 3 1.08 1.08 236.0 59.0 236.0 189.0 75.0 189.0 732.0 318.0 732.0 
2 4 1.46 1.46 236.0 59.0 236.0 189.0 75.0 189.0 732.0 318.0 732.0 309.0 119.0 309.0 
2 3 1.85 1.85 306.0 90.0 306.0 404.0 373.0 404.0 344.0 219.0 344.0 
2 3 1.41 1.41 248.0 57.0 248.0 647.0 310.0 647.0 958.0 673.0 958.0 
2 4 1.58 1.58 248.0 57.0 248.0 647.0 310.0 647.0 958.0 673.0 958.0 370.0 66.0 370.0 
2 3 1.2 1.2 936.0 296.0 936.0 512.0 366.0 512.0 255.0 44.0 255.0 
2 4 1.22 1.22 936.0 296.0 936.0 512.0 366.0 512.0 255.0 44.0 255.0 897.0 20.0 897.0 
2 5 1.33 1.33 936.0 296.0 936.0 512.0 366.0 512.0 255.0 44.0 255.0 897.0 20.0 897.0 389.0 41.0 389.0 
2 6 1.37 1.37 936.0 296.0 936.0 512.0 366.0 512.0 255.0 44.0 255.0 897.0 20.0 897.0 389.0 41.0 389.0 409.0 16.0 409.0 
2 7 1.78 1.78 936.0 296.0 936.0 512.0 366.0 512.0 255.0 44.0 255.0 897.0 20.0 897.0 389.0 41.0 389.0 409.0 16.0 409.0 413.0 171.0 413.0 
2 3 1.8 1.8 593.0 506.0 593.0 449.0 283.0 449.0 236.0 75.0 236.0 
2 3 1.93 1.93 746.0 370.0 746.0 395.0 336.0 395.0 725.0 425.0 725.0 
2 3 1.01 1.01 497.0 248.0 497.0 80.0 34.0 80.0 609.0 55.0 609.0 
2 4 1.66 1.66 497.0 248.0 497.0 80.0 34.0 80.0 609.0 55.0 609.0 261.0 169.0 261.0 
2 5 1.74 1.74 497.0 248.0 497.0 80.0 34.0 80.0 609.0 55.0 609.0 261.0 169.0 261.0 422.0 35.0 422.0 
2 6 1.78 1.78 497.0 248.0 497.0 80.0 34.0 80.0 609.0 55.0 609.0 261.0 169.0 261.0 422.0 35.0 422.0 997.0 41.0 997.0 
2 7 1.85 1.85 497.0 248.0 497.0 80.0 34.0 80.0 609.0 55.0 609.0 261.0 169.0 261.0 422.0 35.0 422.0 997.0 41.0 997.0 853.0 57.0 853.0 
2 3 1.45 1.45 423.0 58.0 423.0 329.0 139.0 329.0 173.0 155.0 173.0 
2 3 1.58 1.58 342.0 307.0 342.0 533.0 87.0 533.0 893.0 465.0 893.0 
2 3 0.77 0.77 273.0 86.0 273.0 990.0 263.0 990.0 636.0 123.0 636.0 
2 4 0.77 0.77 273.0 86.0 273.0 990.0 263.0 990.0 636.0 123.0 636.0 416.0 1.0 416.0 
2 5 1.06 1.06 273.0 86.0 273.0 990.0 263.0 990.0 636.0 123.0 636.0 416.0 1.0 416.0 351.0 100.0 351.0 
2 6 1.66 1.66 273.0 86.0 273.0 990.0 263.0 990.0 636.0 123.0 636.0 416.0 1.0 416.0 351.0 100.0 351.0 358.0 217.0 358.0 
2 3 1.64 1.64 690.0 258.0 690.0 361.0 139.0 361.0 764.0 675.0 764.0 
2 3 1.13 1.13 546.0 295.0 546.0 123.0 27.0 123.0 847.0 318.0 847.0 
2 4 1.24 1.24 546.0 295.0 546.0 123.0 27.0 123.0 847.0 318.0 847.0 363.0 39.0 363.0 
2 3 1.36 1.36 765.0 444.0 765.0 234.0 1.0 234.0 82.0 64.0 82.0 
2 4 1.69 1.69 765.0 444.0 765.0 234.0 1.0 234.0 82.0 64.0 82.0 190.0 63.0 190.0 
2 5 1.93 1.93 765.0 444.0 765.0 234.0 1.0 234.0 82.0 64.0 82.0 190.0 63.0 190.0 995.0 234.0 995.0 
2 3 1.19 1.19 885.0 316.0 885.0 715.0 149.0 715.0 27.0 17.0 27.0 
2 4 1.86 1.86 885.0 316.0 885.0 715.0 149.0 715.0 27.0 17.0 27.0 126.0 85.0 126.0 
2 3 1.43 1.43 327.0 305.0 327.0 330.0 91.0 330.0 949.0 211.0 949.0 
2 4 1.89 1.89 327.0 305.0 327.0 330.0 91.0 330.0 949.0 211.0 949.0 357.0 166.0 357.0 
2 3 1.8 1.8 81.0 35.0 81.0 965.0 360.0 965.0 8.0 8.0 8.0 
2 4 1.94 1.94 81.0 35.0 81.0 965.0 360.0 965.0 8.0 8.0 8.0 971.0 137.0 971.0 
2 3 1.52 1.52 532.0 477.0 532.0 35.0 12.0 35.0 551.0 157.0 551.0 
2 4 1.62 1.62 532.0 477.0 532.0 35.0 12.0 35.0 551.0 157.0 551.0 837.0 82.0 837.0 
2 5 1.65 1.65 532.0 477.0 532.0 35.0 12.0 35.0 551.0 157.0 551.0 837.0 82.0 837.0 846.0 24.0 846.0 
2 6 1.94 1.94 532.0 477.0 532.0 35.0 12.0 35.0 551.0 157.0 551.0 837.0 82.0 837.0 846.0 24.0 846.0 432.0 128.0 432.0 
2 3 1.34 1.34 289.0 24.0 289.0 145.0 133.0 145.0 556.0 189.0 556.0 
2 4 1.57 1.57 289.0 24.0 289.0 145.0 133.0 145.0 556.0 189.0 556.0 529.0 125.0 529.0 
2 5 1.75 1.75 289.0 24.0 289.0 145.0 133.0 145.0 556.0 189.0 556.0 529.0 125.0 529.0 874.0 153.0 874.0 
2 3 0.72 0.72 169.0 65.0 169.0 609.0 86.0 609.0 562.0 113.0 562.0 
2 4 1.1 1.1 169.0 65.0 169.0 609.0 86.0 609.0 562.0 113.0 562.0 196.0 74.0 196.0 
2 5 1.82 1.82 169.0 65.0 169.0 609.0 86.0 609.0 562.0 113.0 562.0 196.0 74.0 196.0 308.0 221.0 308.0 
2 3 0.85 0.85 988.0 173.0 988.0 648.0 139.0 648.0 638.0 298.0 638.0 
2 4 1.0 1.0 988.0 173.0 988.0 648.0 139.0 648.0 638.0 298.0 638.0 931.0 139.0 931.0 
2 5 1.65 1.65 988.0 173.0 988.0 648.0 139.0 648.0 638.0 298.0 638.0 931.0 139.0 931.0 52.0 34.0 52.0 
2 6 1.94 1.94 988.0 173.0 988.0 648.0 139.0 648.0 638.0 298.0 638.0 931.0 139.0 931.0 52.0 34.0 52.0 236.0 67.0 236.0 
2 3 1.47 1.47 29.0 14.0 29.0 662.0 117.0 662.0 11.0 9.0 11.0 
2 4 1.95 1.95 29.0 14.0 29.0 662.0 117.0 662.0 11.0 9.0 11.0 314.0 150.0 314.0 
2 5 1.99 1.99 29.0 14.0 29.0 662.0 117.0 662.0 11.0 9.0 11.0 314.0 150.0 314.0 465.0 19.0 465.0 
2 3 0.63 0.63 717.0 78.0 717.0 691.0 217.0 691.0 394.0 85.0 394.0 
2 4 1.6 1.6 717.0 78.0 717.0 691.0 217.0 691.0 394.0 85.0 394.0 416.0 400.0 416.0 
2 3 1.69 1.69 728.0 201.0 728.0 746.0 641.0 746.0 146.0 81.0 146.0 
2 4 1.95 1.95 728.0 201.0 728.0 746.0 641.0 746.0 146.0 81.0 146.0 190.0 50.0 190.0 
2 3 1.19 1.19 567.0 373.0 567.0 974.0 448.0 974.0 204.0 16.0 204.0 
2 4 1.53 1.53 567.0 373.0 567.0 974.0 448.0 974.0 204.0 16.0 204.0 310.0 105.0 310.0 
2 5 1.6 1.6 567.0 373.0 567.0 974.0 448.0 974.0 204.0 16.0 204.0 310.0 105.0 310.0 984.0 67.0 984.0 
2 6 1.9 1.9 567.0 373.0 567.0 974.0 448.0 974.0 204.0 16.0 204.0 310.0 105.0 310.0 984.0 67.0 984.0 969.0 290.0 969.0 
2 3 0.68 0.68 776.0 259.0 776.0 681.0 72.0 681.0 804.0 196.0 804.0 
2 4 1.15 1.15 776.0 259.0 776.0 681.0 72.0 681.0 804.0 196.0 804.0 984.0 463.0 984.0 
2 5 1.94 1.94 776.0 259.0 776.0 681.0 72.0 681.0 804.0 196.0 804.0 984.0 463.0 984.0 135.0 107.0 135.0 
2 3 1.03 1.03 951.0 298.0 951.0 899.0 31.0 899.0 196.0 135.0 196.0 
2 4 1.99 1.99 951.0 298.0 951.0 899.0 31.0 899.0 196.0 135.0 196.0 549.0 525.0 549.0 
2 3 1.37 1.37 799.0 310.0 799.0 862.0 109.0 862.0 172.0 148.0 172.0 
2 4 1.68 1.68 799.0 310.0 799.0 862.0 109.0 862.0 172.0 148.0 172.0 889.0 277.0 889.0 
2 3 1.02 1.02 14.0 11.0 14.0 23.0 1.0 23.0 249.0 48.0 249.0 
2 4 1.64 1.64 14.0 11.0 14.0 23.0 1.0 23.0 249.0 48.0 249.0 665.0 414.0 665.0 
2 5 1.71 1.71 14.0 11.0 14.0 23.0 1.0 23.0 249.0 48.0 249.0 665.0 414.0 665.0 393.0 28.0 393.0 
2 6 1.92 1.92 14.0 11.0 14.0 23.0 1.0 23.0 249.0 48.0 249.0 665.0 414.0 665.0 393.0 28.0 393.0 689.0 147.0 689.0 
2 3 1.18 1.18 2.0 1.0 2.0 679.0 2.0 679.0 501.0 340.0 501.0 
2 4 1.86 1.86 2.0 1.0 2.0 679.0 2.0 679.0 501.0 340.0 501.0 801.0 550.0 801.0 
2 3 0.68 0.68 120.0 10.0 120.0 238.0 105.0 238.0 845.0 139.0 845.0 
2 4 1.4 1.4 120.0 10.0 120.0 238.0 105.0 238.0 845.0 139.0 845.0 992.0 715.0 992.0 
2 5 1.7 1.7 120.0 10.0 120.0 238.0 105.0 238.0 845.0 139.0 845.0 992.0 715.0 992.0 687.0 206.0 687.0 
2 6 1.95 1.95 120.0 10.0 120.0 238.0 105.0 238.0 845.0 139.0 845.0 992.0 715.0 992.0 687.0 206.0 687.0 611.0 147.0 611.0 
2 3 1.71 1.71 772.0 358.0 772.0 355.0 260.0 355.0 954.0 499.0 954.0 
2 3 1.47 1.47 98.0 92.0 98.0 511.0 74.0 511.0 423.0 165.0 423.0 
2 3 1.55 1.55 39.0 37.0 39.0 851.0 136.0 851.0 860.0 383.0 860.0 
2 4 1.57 1.57 39.0 37.0 39.0 851.0 136.0 851.0 860.0 383.0 860.0 156.0 4.0 156.0 
2 5 1.68 1.68 39.0 37.0 39.0 851.0 136.0 851.0 860.0 383.0 860.0 156.0 4.0 156.0 375.0 39.0 375.0 
2 3 1.46 1.46 437.0 183.0 437.0 316.0 272.0 316.0 541.0 99.0 541.0 
2 4 1.77 1.77 437.0 183.0 437.0 316.0 272.0 316.0 541.0 99.0 541.0 576.0 180.0 576.0 
2 3 0.23 0.23 551.0 79.0 551.0 27.0 2.0 27.0 311.0 4.0 311.0 
2 4 1.23 1.23 551.0 79.0 551.0 27.0 2.0 27.0 311.0 4.0 311.0 18.0 18.0 18.0 
2 5 1.49 1.49 551.0 79.0 551.0 27.0 2.0 27.0 311.0 4.0 311.0 18.0 18.0 18.0 565.0 150.0 565.0 
2 6 1.68 1.68 551.0 79.0 551.0 27.0 2.0 27.0 311.0 4.0 311.0 18.0 18.0 18.0 565.0 150.0 565.0 570.0 105.0 570.0 
2 3 1.59 1.59 345.0 141.0 345.0 157.0 146.0 157.0 694.0 175.0 694.0 
2 4 1.61 1.61 345.0 141.0 345.0 157.0 146.0 157.0 694.0 175.0 694.0 187.0 4.0 187.0 
2 3 1.66 1.66 112.0 41.0 112.0 156.0 98.0 156.0 181.0 121.0 181.0 
2 4 1.97 1.97 112.0 41.0 112.0 156.0 98.0 156.0 181.0 121.0 181.0 715.0 220.0 715.0 
2 3 1.5 1.5 706.0 148.0 706.0 181.0 159.0 181.0 31.0 13.0 31.0 
2 4 1.99 1.99 706.0 148.0 706.0 181.0 159.0 181.0 31.0 13.0 31.0 596.0 289.0 596.0 
2 3 1.73 1.73 590.0 365.0 590.0 762.0 253.0 762.0 984.0 774.0 984.0 
2 4 1.87 1.87 590.0 365.0 590.0 762.0 253.0 762.0 984.0 774.0 984.0 286.0 40.0 286.0 
2 3 1.34 1.34 952.0 886.0 952.0 291.0 63.0 291.0 298.0 60.0 298.0 
2 4 1.67 1.67 952.0 886.0 952.0 291.0 63.0 291.0 298.0 60.0 298.0 568.0 188.0 568.0 
2 3 0.7 0.7 270.0 29.0 270.0 680.0 152.0 680.0 294.0 109.0 294.0 
2 4 1.02 1.02 270.0 29.0 270.0 680.0 152.0 680.0 294.0 109.0 294.0 46.0 15.0 46.0 
2 5 1.76 1.76 270.0 29.0 270.0 680.0 152.0 680.0 294.0 109.0 294.0 46.0 15.0 46.0 403.0 299.0 403.0 
2 3 0.68 0.68 565.0 234.0 565.0 436.0 104.0 436.0 246.0 9.0 246.0 
2 4 0.72 0.72 565.0 234.0 565.0 436.0 104.0 436.0 246.0 9.0 246.0 681.0 22.0 681.0 
2 5 0.96 0.96 565.0 234.0 565.0 436.0 104.0 436.0 246.0 9.0 246.0 681.0 22.0 681.0 243.0 60.0 243.0 
2 6 1.52 1.52 565.0 234.0 565.0 436.0 104.0 436.0 246.0 9.0 246.0 681.0 22.0 681.0 243.0 60.0 243.0 965.0 538.0 965.0 
2 3 1.67 1.67 502.0 163.0 502.0 719.0 301.0 719.0 60.0 56.0 60.0 
2 4 1.99 1.99 502.0 163.0 502.0 719.0 301.0 719.0 60.0 56.0 60.0 588.0 188.0 588.0 
2 3 0.9 0.9 640.0 306.0 640.0 299.0 32.0 299.0 274.0 88.0 274.0 
2 4 1.01 1.01 640.0 306.0 640.0 299.0 32.0 299.0 274.0 88.0 274.0 419.0 47.0 419.0 
2 5 1.22 1.22 640.0 306.0 640.0 299.0 32.0 299.0 274.0 88.0 274.0 419.0 47.0 419.0 617.0 130.0 617.0 
2 6 1.46 1.46 640.0 306.0 640.0 299.0 32.0 299.0 274.0 88.0 274.0 419.0 47.0 419.0 617.0 130.0 617.0 483.0 115.0 483.0 
2 7 1.68 1.68 640.0 306.0 640.0 299.0 32.0 299.0 274.0 88.0 274.0 419.0 47.0 419.0 617.0 130.0 617.0 483.0 115.0 483.0 822.0 178.0 822.0 
2 3 0.78 0.78 945.0 330.0 945.0 398.0 19.0 398.0 313.0 120.0 313.0 
2 4 1.35 1.35 945.0 330.0 945.0 398.0 19.0 398.0 313.0 120.0 313.0 663.0 381.0 663.0 
2 5 1.62 1.62 945.0 330.0 945.0 398.0 19.0 398.0 313.0 120.0 313.0 663.0 381.0 663.0 91.0 25.0 91.0 
2 3 1.08 1.08 827.0 43.0 827.0 495.0 265.0 495.0 227.0 114.0 227.0 
2 4 1.27 1.27 827.0 43.0 827.0 495.0 265.0 495.0 227.0 114.0 227.0 779.0 141.0 779.0 
2 5 1.98 1.98 827.0 43.0 827.0 495.0 265.0 495.0 227.0 114.0 227.0 779.0 141.0 779.0 117.0 84.0 117.0 
2 3 1.24 1.24 484.0 209.0 484.0 292.0 97.0 292.0 475.0 227.0 475.0 
2 4 1.45 1.45 484.0 209.0 484.0 292.0 97.0 292.0 475.0 227.0 475.0 442.0 94.0 442.0 
2 5 1.73 1.73 484.0 209.0 484.0 292.0 97.0 292.0 475.0 227.0 475.0 442.0 94.0 442.0 662.0 186.0 662.0 
2 6 1.94 1.94 484.0 209.0 484.0 292.0 97.0 292.0 475.0 227.0 475.0 442.0 94.0 442.0 662.0 186.0 662.0 498.0 106.0 498.0 
2 3 1.55 1.55 164.0 140.0 164.0 113.0 13.0 113.0 482.0 283.0 482.0 
2 4 1.67 1.67 164.0 140.0 164.0 113.0 13.0 113.0 482.0 283.0 482.0 216.0 26.0 216.0 
2 3 1.1 1.1 585.0 163.0 585.0 713.0 406.0 713.0 925.0 241.0 925.0 
2 4 1.51 1.51 585.0 163.0 585.0 713.0 406.0 713.0 925.0 241.0 925.0 850.0 343.0 850.0 
2 3 0.69 0.69 965.0 60.0 965.0 595.0 213.0 595.0 121.0 33.0 121.0 
2 4 0.77 0.77 965.0 60.0 965.0 595.0 213.0 595.0 121.0 33.0 121.0 222.0 18.0 222.0 
2 5 0.91 0.91 965.0 60.0 965.0 595.0 213.0 595.0 121.0 33.0 121.0 222.0 18.0 222.0 137.0 19.0 137.0 
2 6 1.17 1.17 965.0 60.0 965.0 595.0 213.0 595.0 121.0 33.0 121.0 222.0 18.0 222.0 137.0 19.0 137.0 537.0 143.0 537.0 
2 7 1.23 1.23 965.0 60.0 965.0 595.0 213.0 595.0 121.0 33.0 121.0 222.0 18.0 222.0 137.0 19.0 137.0 537.0 143.0 537.0 135.0 8.0 135.0 
2 8 1.34 1.34 965.0 60.0 965.0 595.0 213.0 595.0 121.0 33.0 121.0 222.0 18.0 222.0 137.0 19.0 137.0 537.0 143.0 537.0 135.0 8.0 135.0 262.0 27.0 262.0 
2 9 1.44 1.44 965.0 60.0 965.0 595.0 213.0 595.0 121.0 33.0 121.0 222.0 18.0 222.0 137.0 19.0 137.0 537.0 143.0 537.0 135.0 8.0 135.0 262.0 27.0 262.0 591.0 64.0 591.0 
2 10 1.88 1.88 965.0 60.0 965.0 595.0 213.0 595.0 121.0 33.0 121.0 222.0 18.0 222.0 137.0 19.0 137.0 537.0 143.0 537.0 135.0 8.0 135.0 262.0 27.0 262.0 591.0 64.0 591.0 260.0 114.0 260.0 
2 3 1.22 1.22 183.0 42.0 183.0 786.0 660.0 786.0 960.0 146.0 960.0 
2 4 1.45 1.45 183.0 42.0 183.0 786.0 660.0 786.0 960.0 146.0 960.0 59.0 14.0 59.0 
2 5 1.75 1.75 183.0 42.0 183.0 786.0 660.0 786.0 960.0 146.0 960.0 59.0 14.0 59.0 627.0 186.0 627.0 
2 6 1.91 1.91 183.0 42.0 183.0 786.0 660.0 786.0 960.0 146.0 960.0 59.0 14.0 59.0 627.0 186.0 627.0 983.0 155.0 983.0 
2 3 0.66 0.66 428.0 55.0 428.0 977.0 168.0 977.0 906.0 334.0 906.0 
2 4 0.82 0.82 428.0 55.0 428.0 977.0 168.0 977.0 906.0 334.0 906.0 726.0 112.0 726.0 
2 5 0.9 0.9 428.0 55.0 428.0 977.0 168.0 977.0 906.0 334.0 906.0 726.0 112.0 726.0 577.0 46.0 577.0 
2 6 1.06 1.06 428.0 55.0 428.0 977.0 168.0 977.0 906.0 334.0 906.0 726.0 112.0 726.0 577.0 46.0 577.0 792.0 125.0 792.0 
2 7 1.63 1.63 428.0 55.0 428.0 977.0 168.0 977.0 906.0 334.0 906.0 726.0 112.0 726.0 577.0 46.0 577.0 792.0 125.0 792.0 919.0 524.0 919.0 
2 3 1.72 1.72 773.0 486.0 773.0 402.0 48.0 402.0 188.0 183.0 188.0 
2 4 1.93 1.93 773.0 486.0 773.0 402.0 48.0 402.0 188.0 183.0 188.0 779.0 170.0 779.0 
2 5 1.97 1.97 773.0 486.0 773.0 402.0 48.0 402.0 188.0 183.0 188.0 779.0 170.0 779.0 152.0 5.0 152.0 
2 3 0.96 0.96 223.0 96.0 223.0 917.0 411.0 917.0 539.0 48.0 539.0 
2 4 1.51 1.51 223.0 96.0 223.0 917.0 411.0 917.0 539.0 48.0 539.0 20.0 11.0 20.0 
2 5 1.52 1.52 223.0 96.0 223.0 917.0 411.0 917.0 539.0 48.0 539.0 20.0 11.0 20.0 800.0 8.0 800.0 
2 6 1.61 1.61 223.0 96.0 223.0 917.0 411.0 917.0 539.0 48.0 539.0 20.0 11.0 20.0 800.0 8.0 800.0 313.0 26.0 313.0 
2 3 1.42 1.42 858.0 648.0 858.0 524.0 158.0 524.0 882.0 324.0 882.0 
2 4 1.88 1.88 858.0 648.0 858.0 524.0 158.0 524.0 882.0 324.0 882.0 76.0 35.0 76.0 
2 3 1.38 1.38 911.0 451.0 911.0 457.0 337.0 457.0 713.0 111.0 713.0 
2 3 0.96 0.96 596.0 209.0 596.0 498.0 127.0 498.0 174.0 63.0 174.0 
2 4 1.77 1.77 596.0 209.0 596.0 498.0 127.0 498.0 174.0 63.0 174.0 405.0 327.0 405.0 
2 3 1.51 1.51 822.0 257.0 822.0 568.0 259.0 568.0 965.0 722.0 965.0 
2 4 1.86 1.86 822.0 257.0 822.0 568.0 259.0 568.0 965.0 722.0 965.0 735.0 258.0 735.0 
2 3 0.63 0.63 605.0 97.0 605.0 508.0 132.0 508.0 536.0 113.0 536.0 
2 4 0.95 0.95 605.0 97.0 605.0 508.0 132.0 508.0 536.0 113.0 536.0 201.0 65.0 201.0 
2 5 1.0 1.0 605.0 97.0 605.0 508.0 132.0 508.0 536.0 113.0 536.0 201.0 65.0 201.0 362.0 18.0 362.0 
2 6 1.13 1.13 605.0 97.0 605.0 508.0 132.0 508.0 536.0 113.0 536.0 201.0 65.0 201.0 362.0 18.0 362.0 820.0 108.0 820.0 
2 7 1.63 1.63 605.0 97.0 605.0 508.0 132.0 508.0 536.0 113.0 536.0 201.0 65.0 201.0 362.0 18.0 362.0 820.0 108.0 820.0 700.0 348.0 700.0 
2 3 0.6 0.6 320.0 32.0 320.0 438.0 55.0 438.0 505.0 191.0 505.0 
2 4 0.93 0.93 320.0 32.0 320.0 438.0 55.0 438.0 505.0 191.0 505.0 108.0 36.0 108.0 
2 5 1.13 1.13 320.0 32.0 320.0 438.0 55.0 438.0 505.0 191.0 505.0 108.0 36.0 108.0 332.0 67.0 332.0 
2 6 1.2 1.2 320.0 32.0 320.0 438.0 55.0 438.0 505.0 191.0 505.0 108.0 36.0 108.0 332.0 67.0 332.0 194.0 13.0 194.0 
2 7 1.69 1.69 320.0 32.0 320.0 438.0 55.0 438.0 505.0 191.0 505.0 108.0 36.0 108.0 332.0 67.0 332.0 194.0 13.0 194.0 444.0 216.0 444.0 
2 3 0.38 0.38 895.0 301.0 895.0 623.0 21.0 623.0 657.0 10.0 657.0 
2 4 0.92 0.92 895.0 301.0 895.0 623.0 21.0 623.0 657.0 10.0 657.0 891.0 483.0 891.0 
2 5 1.17 1.17 895.0 301.0 895.0 623.0 21.0 623.0 657.0 10.0 657.0 891.0 483.0 891.0 4.0 1.0 4.0 
2 6 1.72 1.72 895.0 301.0 895.0 623.0 21.0 623.0 657.0 10.0 657.0 891.0 483.0 891.0 4.0 1.0 4.0 933.0 510.0 933.0 
2 3 0.68 0.68 727.0 13.0 727.0 769.0 142.0 769.0 747.0 358.0 747.0 
2 4 1.0 1.0 727.0 13.0 727.0 769.0 142.0 769.0 747.0 358.0 747.0 74.0 24.0 74.0 
2 5 1.94 1.94 727.0 13.0 727.0 769.0 142.0 769.0 747.0 358.0 747.0 74.0 24.0 74.0 900.0 849.0 900.0 
2 3 0.69 0.69 229.0 56.0 229.0 934.0 224.0 934.0 796.0 165.0 796.0 
2 4 1.24 1.24 229.0 56.0 229.0 934.0 224.0 934.0 796.0 165.0 796.0 417.0 230.0 417.0 
2 5 1.86 1.86 229.0 56.0 229.0 934.0 224.0 934.0 796.0 165.0 796.0 417.0 230.0 417.0 620.0 388.0 620.0 
2 6 1.9 1.9 229.0 56.0 229.0 934.0 224.0 934.0 796.0 165.0 796.0 417.0 230.0 417.0 620.0 388.0 620.0 424.0 15.0 424.0 
2 3 0.63 0.63 432.0 68.0 432.0 993.0 154.0 993.0 780.0 255.0 780.0 
2 4 0.85 0.85 432.0 68.0 432.0 993.0 154.0 993.0 780.0 255.0 780.0 914.0 196.0 914.0 
2 5 1.67 1.67 432.0 68.0 432.0 993.0 154.0 993.0 780.0 255.0 780.0 914.0 196.0 914.0 343.0 283.0 343.0 
2 3 1.01 1.01 229.0 57.0 229.0 443.0 225.0 443.0 297.0 78.0 297.0 
2 4 1.11 1.11 229.0 57.0 229.0 443.0 225.0 443.0 297.0 78.0 297.0 821.0 77.0 821.0 
2 5 1.24 1.24 229.0 57.0 229.0 443.0 225.0 443.0 297.0 78.0 297.0 821.0 77.0 821.0 659.0 87.0 659.0 
2 6 1.48 1.48 229.0 57.0 229.0 443.0 225.0 443.0 297.0 78.0 297.0 821.0 77.0 821.0 659.0 87.0 659.0 946.0 226.0 946.0 
2 7 1.96 1.96 229.0 57.0 229.0 443.0 225.0 443.0 297.0 78.0 297.0 821.0 77.0 821.0 659.0 87.0 659.0 946.0 226.0 946.0 31.0 15.0 31.0 
2 3 0.51 0.51 112.0 20.0 112.0 951.0 117.0 951.0 867.0 182.0 867.0 
2 4 0.64 0.64 112.0 20.0 112.0 951.0 117.0 951.0 867.0 182.0 867.0 592.0 80.0 592.0 
2 5 1.64 1.64 112.0 20.0 112.0 951.0 117.0 951.0 867.0 182.0 867.0 592.0 80.0 592.0 272.0 271.0 272.0 
2 3 1.07 1.07 817.0 542.0 817.0 507.0 138.0 507.0 496.0 67.0 496.0 
2 4 1.53 1.53 817.0 542.0 817.0 507.0 138.0 507.0 496.0 67.0 496.0 615.0 283.0 615.0 
2 5 1.71 1.71 817.0 542.0 817.0 507.0 138.0 507.0 496.0 67.0 496.0 615.0 283.0 615.0 596.0 108.0 596.0 
2 3 1.27 1.27 977.0 466.0 977.0 397.0 187.0 397.0 829.0 271.0 829.0 
2 4 1.72 1.72 977.0 466.0 977.0 397.0 187.0 397.0 829.0 271.0 829.0 733.0 333.0 733.0 
2 3 1.44 1.44 513.0 72.0 513.0 926.0 423.0 926.0 557.0 475.0 557.0 
2 4 1.78 1.78 513.0 72.0 513.0 926.0 423.0 926.0 557.0 475.0 557.0 872.0 293.0 872.0 
2 3 1.18 1.18 465.0 47.0 465.0 465.0 41.0 465.0 33.0 33.0 33.0 
2 4 1.31 1.31 465.0 47.0 465.0 465.0 41.0 465.0 33.0 33.0 33.0 889.0 109.0 889.0 
2 5 1.55 1.55 465.0 47.0 465.0 465.0 41.0 465.0 33.0 33.0 33.0 889.0 109.0 889.0 186.0 45.0 186.0 
2 3 0.54 0.54 229.0 97.0 229.0 373.0 30.0 373.0 640.0 27.0 640.0 
2 4 0.88 0.88 229.0 97.0 229.0 373.0 30.0 373.0 640.0 27.0 640.0 327.0 111.0 327.0 
2 5 1.66 1.66 229.0 97.0 229.0 373.0 30.0 373.0 640.0 27.0 640.0 327.0 111.0 327.0 272.0 211.0 272.0 
2 3 1.66 1.66 701.0 334.0 701.0 225.0 156.0 225.0 122.0 61.0 122.0 
2 3 0.49 0.49 436.0 41.0 436.0 497.0 169.0 497.0 209.0 13.0 209.0 
2 4 0.63 0.63 436.0 41.0 436.0 497.0 169.0 497.0 209.0 13.0 209.0 398.0 54.0 398.0 
2 5 1.25 1.25 436.0 41.0 436.0 497.0 169.0 497.0 209.0 13.0 209.0 398.0 54.0 398.0 454.0 285.0 454.0 
2 6 1.45 1.45 436.0 41.0 436.0 497.0 169.0 497.0 209.0 13.0 209.0 398.0 54.0 398.0 454.0 285.0 454.0 235.0 46.0 235.0 
2 7 1.53 1.53 436.0 41.0 436.0 497.0 169.0 497.0 209.0 13.0 209.0 398.0 54.0 398.0 454.0 285.0 454.0 235.0 46.0 235.0 994.0 76.0 994.0 
2 3 1.14 1.14 81.0 37.0 81.0 329.0 24.0 329.0 755.0 465.0 755.0 
2 4 1.21 1.21 81.0 37.0 81.0 329.0 24.0 329.0 755.0 465.0 755.0 761.0 50.0 761.0 
2 5 1.87 1.87 81.0 37.0 81.0 329.0 24.0 329.0 755.0 465.0 755.0 761.0 50.0 761.0 99.0 66.0 99.0 
2 3 0.9 0.9 132.0 87.0 132.0 397.0 97.0 397.0 719.0 1.0 719.0 
2 4 1.73 1.73 132.0 87.0 132.0 397.0 97.0 397.0 719.0 1.0 719.0 942.0 779.0 942.0 
2 3 0.49 0.49 70.0 10.0 70.0 448.0 16.0 448.0 158.0 50.0 158.0 
2 4 1.49 1.49 70.0 10.0 70.0 448.0 16.0 448.0 158.0 50.0 158.0 35.0 35.0 35.0 
2 3 1.59 1.59 212.0 134.0 212.0 860.0 171.0 860.0 814.0 619.0 814.0 
2 4 1.9 1.9 212.0 134.0 212.0 860.0 171.0 860.0 814.0 619.0 814.0 573.0 181.0 573.0 
2 3 1.66 1.66 223.0 70.0 223.0 524.0 281.0 524.0 58.0 47.0 58.0 
2 4 1.67 1.67 223.0 70.0 223.0 524.0 281.0 524.0 58.0 47.0 58.0 707.0 11.0 707.0 
2 3 0.96 0.96 67.0 25.0 67.0 494.0 93.0 494.0 490.0 200.0 490.0 
2 4 1.14 1.14 67.0 25.0 67.0 494.0 93.0 494.0 490.0 200.0 490.0 957.0 164.0 957.0 
2 5 1.51 1.51 67.0 25.0 67.0 494.0 93.0 494.0 490.0 200.0 490.0 957.0 164.0 957.0 642.0 239.0 642.0 
2 6 1.62 1.62 67.0 25.0 67.0 494.0 93.0 494.0 490.0 200.0 490.0 957.0 164.0 957.0 642.0 239.0 642.0 632.0 69.0 632.0 
2 7 1.63 1.63 67.0 25.0 67.0 494.0 93.0 494.0 490.0 200.0 490.0 957.0 164.0 957.0 642.0 239.0 642.0 632.0 69.0 632.0 154.0 2.0 154.0 
2 3 0.28 0.28 373.0 23.0 373.0 469.0 55.0 469.0 565.0 59.0 565.0 
2 4 1.14 1.14 373.0 23.0 373.0 469.0 55.0 469.0 565.0 59.0 565.0 293.0 252.0 293.0 
2 5 1.35 1.35 373.0 23.0 373.0 469.0 55.0 469.0 565.0 59.0 565.0 293.0 252.0 293.0 303.0 63.0 303.0 
2 6 1.42 1.42 373.0 23.0 373.0 469.0 55.0 469.0 565.0 59.0 565.0 293.0 252.0 293.0 303.0 63.0 303.0 857.0 60.0 857.0 
2 3 1.84 1.84 334.0 217.0 334.0 743.0 404.0 743.0 131.0 86.0 131.0 
2 4 1.89 1.89 334.0 217.0 334.0 743.0 404.0 743.0 131.0 86.0 131.0 509.0 24.0 509.0 
2 3 1.11 1.11 417.0 382.0 417.0 737.0 117.0 737.0 887.0 35.0 887.0 
2 4 1.22 1.22 417.0 382.0 417.0 737.0 117.0 737.0 887.0 35.0 887.0 687.0 73.0 687.0 
2 5 1.69 1.69 417.0 382.0 417.0 737.0 117.0 737.0 887.0 35.0 887.0 687.0 73.0 687.0 733.0 345.0 733.0 
2 6 1.72 1.72 417.0 382.0 417.0 737.0 117.0 737.0 887.0 35.0 887.0 687.0 73.0 687.0 733.0 345.0 733.0 262.0 10.0 262.0 
2 3 1.35 1.35 382.0 278.0 382.0 19.0 1.0 19.0 371.0 214.0 371.0 
2 3 1.46 1.46 639.0 199.0 639.0 378.0 100.0 378.0 728.0 647.0 728.0 
2 3 1.31 1.31 896.0 207.0 896.0 402.0 277.0 402.0 893.0 352.0 893.0 
2 4 1.77 1.77 896.0 207.0 896.0 402.0 277.0 402.0 893.0 352.0 893.0 567.0 262.0 567.0 
2 3 1.16 1.16 540.0 8.0 540.0 583.0 567.0 583.0 985.0 178.0 985.0 
2 4 1.57 1.57 540.0 8.0 540.0 583.0 567.0 583.0 985.0 178.0 985.0 675.0 276.0 675.0 
2 5 1.87 1.87 540.0 8.0 540.0 583.0 567.0 583.0 985.0 178.0 985.0 675.0 276.0 675.0 700.0 208.0 700.0 
2 3 1.54 1.54 697.0 301.0 697.0 769.0 268.0 769.0 574.0 440.0 574.0 
2 3 1.18 1.18 770.0 452.0 770.0 430.0 56.0 430.0 47.0 22.0 47.0 
2 4 1.3 1.3 770.0 452.0 770.0 430.0 56.0 430.0 47.0 22.0 47.0 291.0 35.0 291.0 
2 3 0.96 0.96 870.0 304.0 870.0 734.0 226.0 734.0 411.0 128.0 411.0 
2 4 1.26 1.26 870.0 304.0 870.0 734.0 226.0 734.0 411.0 128.0 411.0 229.0 67.0 229.0 
2 5 1.56 1.56 870.0 304.0 870.0 734.0 226.0 734.0 411.0 128.0 411.0 229.0 67.0 229.0 862.0 263.0 862.0 
2 3 1.08 1.08 597.0 454.0 597.0 511.0 103.0 511.0 937.0 119.0 937.0 
2 3 0.43 0.43 774.0 83.0 774.0 711.0 221.0 711.0 50.0 1.0 50.0 
2 4 1.11 1.11 774.0 83.0 774.0 711.0 221.0 711.0 50.0 1.0 50.0 607.0 410.0 607.0 
2 5 1.47 1.47 774.0 83.0 774.0 711.0 221.0 711.0 50.0 1.0 50.0 607.0 410.0 607.0 256.0 93.0 256.0 
2 6 1.75 1.75 774.0 83.0 774.0 711.0 221.0 711.0 50.0 1.0 50.0 607.0 410.0 607.0 256.0 93.0 256.0 54.0 15.0 54.0 
2 7 1.87 1.87 774.0 83.0 774.0 711.0 221.0 711.0 50.0 1.0 50.0 607.0 410.0 607.0 256.0 93.0 256.0 54.0 15.0 54.0 800.0 96.0 800.0 
2 3 0.98 0.98 352.0 197.0 352.0 733.0 105.0 733.0 792.0 221.0 792.0 
2 4 1.34 1.34 352.0 197.0 352.0 733.0 105.0 733.0 792.0 221.0 792.0 336.0 121.0 336.0 
2 3 1.32 1.32 474.0 137.0 474.0 375.0 165.0 375.0 190.0 113.0 190.0 
2 4 1.57 1.57 474.0 137.0 474.0 375.0 165.0 375.0 190.0 113.0 190.0 887.0 221.0 887.0 
2 5 1.81 1.81 474.0 137.0 474.0 375.0 165.0 375.0 190.0 113.0 190.0 887.0 221.0 887.0 632.0 154.0 632.0 
2 3 1.35 1.35 799.0 81.0 799.0 416.0 320.0 416.0 392.0 191.0 392.0 
2 4 1.49 1.49 799.0 81.0 799.0 416.0 320.0 416.0 392.0 191.0 392.0 117.0 16.0 117.0 
2 3 1.82 1.82 823.0 128.0 823.0 968.0 836.0 968.0 981.0 789.0 981.0 
2 3 1.99 1.99 786.0 746.0 786.0 779.0 193.0 779.0 544.0 436.0 544.0 
2 3 1.11 1.11 487.0 172.0 487.0 92.0 31.0 92.0 204.0 86.0 204.0 
2 4 1.32 1.32 487.0 172.0 487.0 92.0 31.0 92.0 204.0 86.0 204.0 845.0 180.0 845.0 
2 5 1.76 1.76 487.0 172.0 487.0 92.0 31.0 92.0 204.0 86.0 204.0 845.0 180.0 845.0 802.0 357.0 802.0 
2 3 0.78 0.78 632.0 16.0 632.0 141.0 57.0 141.0 456.0 163.0 456.0 
2 4 1.16 1.16 632.0 16.0 632.0 141.0 57.0 141.0 456.0 163.0 456.0 200.0 75.0 200.0 
2 5 1.68 1.68 632.0 16.0 632.0 141.0 57.0 141.0 456.0 163.0 456.0 200.0 75.0 200.0 21.0 11.0 21.0 
2 3 1.56 1.56 768.0 130.0 768.0 715.0 682.0 715.0 878.0 388.0 878.0 
2 4 1.87 1.87 768.0 130.0 768.0 715.0 682.0 715.0 878.0 388.0 878.0 106.0 33.0 106.0 
2 3 1.21 1.21 110.0 19.0 110.0 112.0 63.0 112.0 246.0 117.0 246.0 
2 4 1.8 1.8 110.0 19.0 110.0 112.0 63.0 112.0 246.0 117.0 246.0 970.0 580.0 970.0 
2 3 0.37 0.37 132.0 2.0 132.0 162.0 57.0 162.0 556.0 3.0 556.0 
2 4 1.11 1.11 132.0 2.0 132.0 162.0 57.0 162.0 556.0 3.0 556.0 240.0 179.0 240.0 
2 5 1.56 1.56 132.0 2.0 132.0 162.0 57.0 162.0 556.0 3.0 556.0 240.0 179.0 240.0 590.0 261.0 590.0 
2 6 1.92 1.92 132.0 2.0 132.0 162.0 57.0 162.0 556.0 3.0 556.0 240.0 179.0 240.0 590.0 261.0 590.0 386.0 141.0 386.0 
2 3 1.31 1.31 883.0 47.0 883.0 380.0 253.0 380.0 390.0 234.0 390.0 
2 4 1.7 1.7 883.0 47.0 883.0 380.0 253.0 380.0 390.0 234.0 390.0 614.0 236.0 614.0 
2 3 0.9 0.9 365.0 71.0 365.0 105.0 44.0 105.0 876.0 251.0 876.0 
2 4 1.62 1.62 365.0 71.0 365.0 105.0 44.0 105.0 876.0 251.0 876.0 502.0 366.0 502.0 
2 3 0.67 0.67 93.0 33.0 93.0 911.0 208.0 911.0 448.0 40.0 448.0 
2 4 1.02 1.02 93.0 33.0 93.0 911.0 208.0 911.0 448.0 40.0 448.0 514.0 181.0 514.0 
2 5 1.42 1.42 93.0 33.0 93.0 911.0 208.0 911.0 448.0 40.0 448.0 514.0 181.0 514.0 782.0 316.0 782.0 
2 6 1.63 1.63 93.0 33.0 93.0 911.0 208.0 911.0 448.0 40.0 448.0 514.0 181.0 514.0 782.0 316.0 782.0 932.0 191.0 932.0 
2 7 1.74 1.74 93.0 33.0 93.0 911.0 208.0 911.0 448.0 40.0 448.0 514.0 181.0 514.0 782.0 316.0 782.0 932.0 191.0 932.0 729.0 82.0 729.0 
2 3 1.56 1.56 782.0 642.0 782.0 204.0 93.0 204.0 205.0 60.0 205.0 
2 4 1.85 1.85 782.0 642.0 782.0 204.0 93.0 204.0 205.0 60.0 205.0 447.0 126.0 447.0 
2 3 1.45 1.45 619.0 526.0 619.0 851.0 310.0 851.0 786.0 193.0 786.0 
2 4 1.59 1.59 619.0 526.0 619.0 851.0 310.0 851.0 786.0 193.0 786.0 487.0 66.0 487.0 
2 5 1.7 1.7 619.0 526.0 619.0 851.0 310.0 851.0 786.0 193.0 786.0 487.0 66.0 487.0 940.0 101.0 940.0 
2 6 1.74 1.74 619.0 526.0 619.0 851.0 310.0 851.0 786.0 193.0 786.0 487.0 66.0 487.0 940.0 101.0 940.0 758.0 31.0 758.0 
2 3 1.39 1.39 644.0 68.0 644.0 401.0 128.0 401.0 476.0 463.0 476.0 
2 3 0.8 0.8 926.0 248.0 926.0 674.0 262.0 674.0 204.0 30.0 204.0 
2 4 0.95 0.95 926.0 248.0 926.0 674.0 262.0 674.0 204.0 30.0 204.0 832.0 126.0 832.0 
2 5 1.21 1.21 926.0 248.0 926.0 674.0 262.0 674.0 204.0 30.0 204.0 832.0 126.0 832.0 27.0 7.0 27.0 
2 6 1.24 1.24 926.0 248.0 926.0 674.0 262.0 674.0 204.0 30.0 204.0 832.0 126.0 832.0 27.0 7.0 27.0 545.0 15.0 545.0 
2 3 0.42 0.42 247.0 73.0 247.0 90.0 5.0 90.0 799.0 62.0 799.0 
2 4 0.74 0.74 247.0 73.0 247.0 90.0 5.0 90.0 799.0 62.0 799.0 928.0 289.0 928.0 
2 5 1.17 1.17 247.0 73.0 247.0 90.0 5.0 90.0 799.0 62.0 799.0 928.0 289.0 928.0 502.0 216.0 502.0 
2 6 1.31 1.31 247.0 73.0 247.0 90.0 5.0 90.0 799.0 62.0 799.0 928.0 289.0 928.0 502.0 216.0 502.0 871.0 122.0 871.0 
2 7 1.37 1.37 247.0 73.0 247.0 90.0 5.0 90.0 799.0 62.0 799.0 928.0 289.0 928.0 502.0 216.0 502.0 871.0 122.0 871.0 448.0 29.0 448.0 
2 8 1.47 1.47 247.0 73.0 247.0 90.0 5.0 90.0 799.0 62.0 799.0 928.0 289.0 928.0 502.0 216.0 502.0 871.0 122.0 871.0 448.0 29.0 448.0 816.0 83.0 816.0 
2 3 1.61 1.61 70.0 35.0 70.0 72.0 45.0 72.0 258.0 127.0 258.0 
2 4 1.86 1.86 70.0 35.0 70.0 72.0 45.0 72.0 258.0 127.0 258.0 854.0 214.0 854.0 
2 5 1.93 1.93 70.0 35.0 70.0 72.0 45.0 72.0 258.0 127.0 258.0 854.0 214.0 854.0 355.0 24.0 355.0 
2 3 0.95 0.95 544.0 135.0 544.0 16.0 7.0 16.0 611.0 162.0 611.0 
2 4 1.3 1.3 544.0 135.0 544.0 16.0 7.0 16.0 611.0 162.0 611.0 765.0 268.0 765.0 
2 5 1.31 1.31 544.0 135.0 544.0 16.0 7.0 16.0 611.0 162.0 611.0 765.0 268.0 765.0 932.0 10.0 932.0 
2 6 1.75 1.75 544.0 135.0 544.0 16.0 7.0 16.0 611.0 162.0 611.0 765.0 268.0 765.0 932.0 10.0 932.0 235.0 104.0 235.0 
2 3 0.53 0.53 992.0 382.0 992.0 275.0 36.0 275.0 795.0 18.0 795.0 
2 4 1.03 1.03 992.0 382.0 992.0 275.0 36.0 275.0 795.0 18.0 795.0 751.0 370.0 751.0 
2 5 1.62 1.62 992.0 382.0 992.0 275.0 36.0 275.0 795.0 18.0 795.0 751.0 370.0 751.0 154.0 91.0 154.0 
2 6 1.69 1.69 992.0 382.0 992.0 275.0 36.0 275.0 795.0 18.0 795.0 751.0 370.0 751.0 154.0 91.0 154.0 961.0 70.0 961.0 
2 3 0.99 0.99 472.0 142.0 472.0 663.0 175.0 663.0 578.0 246.0 578.0 
2 4 1.54 1.54 472.0 142.0 472.0 663.0 175.0 663.0 578.0 246.0 578.0 975.0 542.0 975.0 
2 3 1.01 1.01 559.0 306.0 559.0 452.0 90.0 452.0 928.0 252.0 928.0 
2 4 1.42 1.42 559.0 306.0 559.0 452.0 90.0 452.0 928.0 252.0 928.0 62.0 25.0 62.0 
2 5 1.74 1.74 559.0 306.0 559.0 452.0 90.0 452.0 928.0 252.0 928.0 62.0 25.0 62.0 152.0 49.0 152.0 
2 6 1.92 1.92 559.0 306.0 559.0 452.0 90.0 452.0 928.0 252.0 928.0 62.0 25.0 62.0 152.0 49.0 152.0 520.0 96.0 520.0 
2 7 1.95 1.95 559.0 306.0 559.0 452.0 90.0 452.0 928.0 252.0 928.0 62.0 25.0 62.0 152.0 49.0 152.0 520.0 96.0 520.0 46.0 1.0 46.0 
2 3 1.79 1.79 867.0 552.0 867.0 878.0 179.0 878.0 525.0 502.0 525.0 
2 4 1.83 1.83 867.0 552.0 867.0 878.0 179.0 878.0 525.0 502.0 525.0 856.0 34.0 856.0 
2 3 0.98 0.98 837.0 396.0 837.0 72.0 10.0 72.0 670.0 248.0 670.0 
2 4 1.66 1.66 837.0 396.0 837.0 72.0 10.0 72.0 670.0 248.0 670.0 549.0 375.0 549.0 
2 5 1.9 1.9 837.0 396.0 837.0 72.0 10.0 72.0 670.0 248.0 670.0 549.0 375.0 549.0 845.0 206.0 845.0 
2 3 1.11 1.11 721.0 453.0 721.0 969.0 297.0 969.0 604.0 106.0 604.0 
2 4 1.21 1.21 721.0 453.0 721.0 969.0 297.0 969.0 604.0 106.0 604.0 358.0 38.0 358.0 
2 5 1.53 1.53 721.0 453.0 721.0 969.0 297.0 969.0 604.0 106.0 604.0 358.0 38.0 358.0 450.0 143.0 450.0 
2 3 0.59 0.59 727.0 66.0 727.0 141.0 9.0 141.0 489.0 216.0 489.0 
2 4 1.05 1.05 727.0 66.0 727.0 141.0 9.0 141.0 489.0 216.0 489.0 328.0 149.0 328.0 
2 5 1.52 1.52 727.0 66.0 727.0 141.0 9.0 141.0 489.0 216.0 489.0 328.0 149.0 328.0 336.0 159.0 336.0 
2 6 1.75 1.75 727.0 66.0 727.0 141.0 9.0 141.0 489.0 216.0 489.0 328.0 149.0 328.0 336.0 159.0 336.0 47.0 11.0 47.0 
2 3 0.98 0.98 11.0 1.0 11.0 164.0 22.0 164.0 835.0 636.0 835.0 
2 4 1.93 1.93 11.0 1.0 11.0 164.0 22.0 164.0 835.0 636.0 835.0 665.0 631.0 665.0 
2 5 1.95 1.95 11.0 1.0 11.0 164.0 22.0 164.0 835.0 636.0 835.0 665.0 631.0 665.0 670.0 16.0 670.0 
2 3 0.63 0.63 920.0 293.0 920.0 373.0 18.0 373.0 30.0 8.0 30.0 
2 4 0.8 0.8 920.0 293.0 920.0 373.0 18.0 373.0 30.0 8.0 30.0 520.0 87.0 520.0 
2 5 1.47 1.47 920.0 293.0 920.0 373.0 18.0 373.0 30.0 8.0 30.0 520.0 87.0 520.0 706.0 477.0 706.0 
2 6 1.78 1.78 920.0 293.0 920.0 373.0 18.0 373.0 30.0 8.0 30.0 520.0 87.0 520.0 706.0 477.0 706.0 867.0 266.0 867.0 
2 3 1.37 1.37 15.0 7.0 15.0 587.0 73.0 587.0 59.0 46.0 59.0 
2 3 0.91 0.91 298.0 145.0 298.0 828.0 39.0 828.0 429.0 163.0 429.0 
2 4 1.23 1.23 298.0 145.0 298.0 828.0 39.0 828.0 429.0 163.0 429.0 280.0 89.0 280.0 
2 5 1.34 1.34 298.0 145.0 298.0 828.0 39.0 828.0 429.0 163.0 429.0 280.0 89.0 280.0 107.0 12.0 107.0 
2 6 1.51 1.51 298.0 145.0 298.0 828.0 39.0 828.0 429.0 163.0 429.0 280.0 89.0 280.0 107.0 12.0 107.0 364.0 62.0 364.0 
2 7 1.53 1.53 298.0 145.0 298.0 828.0 39.0 828.0 429.0 163.0 429.0 280.0 89.0 280.0 107.0 12.0 107.0 364.0 62.0 364.0 611.0 15.0 611.0 
2 8 1.55 1.55 298.0 145.0 298.0 828.0 39.0 828.0 429.0 163.0 429.0 280.0 89.0 280.0 107.0 12.0 107.0 364.0 62.0 364.0 611.0 15.0 611.0 826.0 17.0 826.0 
2 9 1.97 1.97 298.0 145.0 298.0 828.0 39.0 828.0 429.0 163.0 429.0 280.0 89.0 280.0 107.0 12.0 107.0 364.0 62.0 364.0 611.0 15.0 611.0 826.0 17.0 826.0 101.0 42.0 101.0 
2 3 0.99 0.99 608.0 183.0 608.0 779.0 493.0 779.0 965.0 59.0 965.0 
2 4 1.28 1.28 608.0 183.0 608.0 779.0 493.0 779.0 965.0 59.0 965.0 619.0 181.0 619.0 
2 5 1.97 1.97 608.0 183.0 608.0 779.0 493.0 779.0 965.0 59.0 965.0 619.0 181.0 619.0 19.0 13.0 19.0 
2 3 0.66 0.66 846.0 127.0 846.0 406.0 197.0 406.0 635.0 18.0 635.0 
2 4 1.37 1.37 846.0 127.0 846.0 406.0 197.0 406.0 635.0 18.0 635.0 990.0 707.0 990.0 
2 3 1.18 1.18 777.0 263.0 777.0 60.0 50.0 60.0 574.0 8.0 574.0 
2 4 1.55 1.55 777.0 263.0 777.0 60.0 50.0 60.0 574.0 8.0 574.0 549.0 202.0 549.0 
2 5 1.69 1.69 777.0 263.0 777.0 60.0 50.0 60.0 574.0 8.0 574.0 549.0 202.0 549.0 443.0 63.0 443.0 
2 3 0.78 0.78 496.0 151.0 496.0 912.0 429.0 912.0 834.0 10.0 834.0 
2 4 1.72 1.72 496.0 151.0 496.0 912.0 429.0 912.0 834.0 10.0 834.0 491.0 460.0 491.0 
2 3 0.89 0.89 992.0 97.0 992.0 153.0 25.0 153.0 152.0 97.0 152.0 
2 4 1.34 1.34 992.0 97.0 992.0 153.0 25.0 153.0 152.0 97.0 152.0 978.0 433.0 978.0 
2 5 1.5 1.5 992.0 97.0 992.0 153.0 25.0 153.0 152.0 97.0 152.0 978.0 433.0 978.0 827.0 132.0 827.0 
2 6 1.96 1.96 992.0 97.0 992.0 153.0 25.0 153.0 152.0 97.0 152.0 978.0 433.0 978.0 827.0 132.0 827.0 188.0 88.0 188.0 
2 3 0.9 0.9 864.0 382.0 864.0 290.0 90.0 290.0 796.0 124.0 796.0 
2 4 1.5 1.5 864.0 382.0 864.0 290.0 90.0 290.0 796.0 124.0 796.0 970.0 578.0 970.0 
2 3 1.34 1.34 949.0 334.0 949.0 545.0 259.0 545.0 726.0 378.0 726.0 
2 3 0.86 0.86 210.0 128.0 210.0 199.0 39.0 199.0 49.0 3.0 49.0 
2 4 1.34 1.34 210.0 128.0 210.0 199.0 39.0 199.0 49.0 3.0 49.0 380.0 182.0 380.0 
2 5 1.63 1.63 210.0 128.0 210.0 199.0 39.0 199.0 49.0 3.0 49.0 380.0 182.0 380.0 70.0 20.0 70.0 
2 3 1.32 1.32 737.0 229.0 737.0 326.0 308.0 326.0 652.0 45.0 652.0 
2 3 1.73 1.73 530.0 489.0 530.0 525.0 268.0 525.0 661.0 200.0 661.0 
2 4 1.97 1.97 530.0 489.0 530.0 525.0 268.0 525.0 661.0 200.0 661.0 426.0 101.0 426.0 
2 3 1.11 1.11 56.0 2.0 56.0 257.0 44.0 257.0 615.0 557.0 615.0 
2 4 1.41 1.41 56.0 2.0 56.0 257.0 44.0 257.0 615.0 557.0 615.0 389.0 117.0 389.0 
2 3 0.93 0.93 224.0 89.0 224.0 85.0 19.0 85.0 288.0 90.0 288.0 
2 4 1.83 1.83 224.0 89.0 224.0 85.0 19.0 85.0 288.0 90.0 288.0 618.0 558.0 618.0 
2 3 0.98 0.98 886.0 520.0 886.0 254.0 38.0 254.0 939.0 231.0 939.0 
2 4 1.13 1.13 886.0 520.0 886.0 254.0 38.0 254.0 939.0 231.0 939.0 422.0 63.0 422.0 
2 5 1.57 1.57 886.0 520.0 886.0 254.0 38.0 254.0 939.0 231.0 939.0 422.0 63.0 422.0 630.0 279.0 630.0 
2 6 1.87 1.87 886.0 520.0 886.0 254.0 38.0 254.0 939.0 231.0 939.0 422.0 63.0 422.0 630.0 279.0 630.0 178.0 53.0 178.0 
2 3 1.01 1.01 284.0 124.0 284.0 365.0 31.0 365.0 401.0 197.0 401.0 
2 4 1.8 1.8 284.0 124.0 284.0 365.0 31.0 365.0 401.0 197.0 401.0 582.0 461.0 582.0 
2 3 1.62 1.62 397.0 314.0 397.0 912.0 499.0 912.0 553.0 161.0 553.0 
2 3 0.99 0.99 685.0 177.0 685.0 1000.0 480.0 1000.0 747.0 193.0 747.0 
2 4 1.39 1.39 685.0 177.0 685.0 1000.0 480.0 1000.0 747.0 193.0 747.0 675.0 272.0 675.0 
2 5 1.54 1.54 685.0 177.0 685.0 1000.0 480.0 1000.0 747.0 193.0 747.0 675.0 272.0 675.0 67.0 10.0 67.0 
2 3 0.29 0.29 208.0 5.0 208.0 666.0 130.0 666.0 112.0 8.0 112.0 
2 4 0.52 0.52 208.0 5.0 208.0 666.0 130.0 666.0 112.0 8.0 112.0 1000.0 230.0 1000.0 
2 5 1.48 1.48 208.0 5.0 208.0 666.0 130.0 666.0 112.0 8.0 112.0 1000.0 230.0 1000.0 863.0 829.0 863.0 
2 6 1.57 1.57 208.0 5.0 208.0 666.0 130.0 666.0 112.0 8.0 112.0 1000.0 230.0 1000.0 863.0 829.0 863.0 434.0 39.0 434.0 
2 3 0.87 0.87 240.0 72.0 240.0 397.0 82.0 397.0 284.0 106.0 284.0 
2 4 1.26 1.26 240.0 72.0 240.0 397.0 82.0 397.0 284.0 106.0 284.0 818.0 319.0 818.0 
2 5 1.59 1.59 240.0 72.0 240.0 397.0 82.0 397.0 284.0 106.0 284.0 818.0 319.0 818.0 251.0 82.0 251.0 
2 3 1.75 1.75 250.0 106.0 250.0 834.0 703.0 834.0 65.0 32.0 65.0 
2 3 1.92 1.92 363.0 261.0 363.0 607.0 170.0 607.0 410.0 378.0 410.0 
2 3 1.45 1.45 382.0 53.0 382.0 306.0 182.0 306.0 218.0 158.0 218.0 
2 4 1.81 1.81 382.0 53.0 382.0 306.0 182.0 306.0 218.0 158.0 218.0 690.0 243.0 690.0 
2 5 1.83 1.83 382.0 53.0 382.0 306.0 182.0 306.0 218.0 158.0 218.0 690.0 243.0 690.0 687.0 18.0 687.0 
2 3 1.34 1.34 194.0 110.0 194.0 449.0 183.0 449.0 777.0 285.0 777.0 
2 4 1.65 1.65 194.0 110.0 194.0 449.0 183.0 449.0 777.0 285.0 777.0 842.0 266.0 842.0 
2 5 1.69 1.69 194.0 110.0 194.0 449.0 183.0 449.0 777.0 285.0 777.0 842.0 266.0 842.0 768.0 30.0 768.0 
2 6 1.72 1.72 194.0 110.0 194.0 449.0 183.0 449.0 777.0 285.0 777.0 842.0 266.0 842.0 768.0 30.0 768.0 67.0 2.0 67.0 
2 7 1.87 1.87 194.0 110.0 194.0 449.0 183.0 449.0 777.0 285.0 777.0 842.0 266.0 842.0 768.0 30.0 768.0 67.0 2.0 67.0 27.0 4.0 27.0 
2 3 1.19 1.19 629.0 252.0 629.0 783.0 140.0 783.0 121.0 75.0 121.0 
2 4 1.49 1.49 629.0 252.0 629.0 783.0 140.0 783.0 121.0 75.0 121.0 218.0 64.0 218.0 
2 5 1.91 1.91 629.0 252.0 629.0 783.0 140.0 783.0 121.0 75.0 121.0 218.0 64.0 218.0 404.0 171.0 404.0 
2 3 1.08 1.08 43.0 41.0 43.0 543.0 59.0 543.0 950.0 22.0 950.0 
2 4 1.67 1.67 43.0 41.0 43.0 543.0 59.0 543.0 950.0 22.0 950.0 118.0 69.0 118.0 
2 5 1.78 1.78 43.0 41.0 43.0 543.0 59.0 543.0 950.0 22.0 950.0 118.0 69.0 118.0 190.0 21.0 190.0 
2 6 1.97 1.97 43.0 41.0 43.0 543.0 59.0 543.0 950.0 22.0 950.0 118.0 69.0 118.0 190.0 21.0 190.0 345.0 67.0 345.0 
2 3 1.37 1.37 780.0 183.0 780.0 567.0 426.0 567.0 913.0 354.0 913.0 
2 4 1.39 1.39 780.0 183.0 780.0 567.0 426.0 567.0 913.0 354.0 913.0 239.0 4.0 239.0 
2 3 1.13 1.13 859.0 396.0 859.0 599.0 174.0 599.0 529.0 202.0 529.0 
2 4 1.66 1.66 859.0 396.0 859.0 599.0 174.0 599.0 529.0 202.0 529.0 179.0 95.0 179.0 
2 3 1.03 1.03 847.0 23.0 847.0 974.0 335.0 974.0 27.0 18.0 27.0 
2 4 1.2 1.2 847.0 23.0 847.0 974.0 335.0 974.0 27.0 18.0 27.0 668.0 115.0 668.0 
2 3 1.31 1.31 549.0 544.0 549.0 987.0 239.0 987.0 833.0 67.0 833.0 
2 4 1.65 1.65 549.0 544.0 549.0 987.0 239.0 987.0 833.0 67.0 833.0 59.0 20.0 59.0 
2 5 1.7 1.7 549.0 544.0 549.0 987.0 239.0 987.0 833.0 67.0 833.0 59.0 20.0 59.0 20.0 1.0 20.0 
2 3 1.03 1.03 723.0 287.0 723.0 301.0 108.0 301.0 581.0 161.0 581.0 
2 4 1.11 1.11 723.0 287.0 723.0 301.0 108.0 301.0 581.0 161.0 581.0 458.0 38.0 458.0 
2 5 1.8 1.8 723.0 287.0 723.0 301.0 108.0 301.0 581.0 161.0 581.0 458.0 38.0 458.0 16.0 11.0 16.0 
2 6 1.86 1.86 723.0 287.0 723.0 301.0 108.0 301.0 581.0 161.0 581.0 458.0 38.0 458.0 16.0 11.0 16.0 945.0 57.0 945.0 
2 3 1.24 1.24 269.0 209.0 269.0 398.0 30.0 398.0 842.0 329.0 842.0 
2 4 1.43 1.43 269.0 209.0 269.0 398.0 30.0 398.0 842.0 329.0 842.0 129.0 25.0 129.0 
2 5 1.92 1.92 269.0 209.0 269.0 398.0 30.0 398.0 842.0 329.0 842.0 129.0 25.0 129.0 273.0 133.0 273.0 
2 3 0.74 0.74 178.0 23.0 178.0 530.0 253.0 530.0 667.0 94.0 667.0 
2 4 1.57 1.57 178.0 23.0 178.0 530.0 253.0 530.0 667.0 94.0 667.0 552.0 455.0 552.0 
2 5 1.82 1.82 178.0 23.0 178.0 530.0 253.0 530.0 667.0 94.0 667.0 552.0 455.0 552.0 804.0 206.0 804.0 
2 3 1.03 1.03 931.0 330.0 931.0 113.0 74.0 113.0 229.0 5.0 229.0 
2 4 1.07 1.07 931.0 330.0 931.0 113.0 74.0 113.0 229.0 5.0 229.0 968.0 44.0 968.0 
2 5 1.7 1.7 931.0 330.0 931.0 113.0 74.0 113.0 229.0 5.0 229.0 968.0 44.0 968.0 828.0 523.0 828.0 
2 3 0.9 0.9 794.0 241.0 794.0 709.0 288.0 709.0 809.0 155.0 809.0 
2 4 0.9 0.9 794.0 241.0 794.0 709.0 288.0 709.0 809.0 155.0 809.0 527.0 3.0 527.0 
2 5 1.14 1.14 794.0 241.0 794.0 709.0 288.0 709.0 809.0 155.0 809.0 527.0 3.0 527.0 745.0 179.0 745.0 
2 6 1.29 1.29 794.0 241.0 794.0 709.0 288.0 709.0 809.0 155.0 809.0 527.0 3.0 527.0 745.0 179.0 745.0 932.0 142.0 932.0 
2 7 1.61 1.61 794.0 241.0 794.0 709.0 288.0 709.0 809.0 155.0 809.0 527.0 3.0 527.0 745.0 179.0 745.0 932.0 142.0 932.0 628.0 198.0 628.0 
2 8 1.67 1.67 794.0 241.0 794.0 709.0 288.0 709.0 809.0 155.0 809.0 527.0 3.0 527.0 745.0 179.0 745.0 932.0 142.0 932.0 628.0 198.0 628.0 473.0 28.0 473.0 
2 9 1.85 1.85 794.0 241.0 794.0 709.0 288.0 709.0 809.0 155.0 809.0 527.0 3.0 527.0 745.0 179.0 745.0 932.0 142.0 932.0 628.0 198.0 628.0 473.0 28.0 473.0 917.0 169.0 917.0 
2 3 0.74 0.74 893.0 49.0 893.0 341.0 80.0 341.0 797.0 364.0 797.0 
2 4 1.12 1.12 893.0 49.0 893.0 341.0 80.0 341.0 797.0 364.0 797.0 194.0 74.0 194.0 
2 5 1.54 1.54 893.0 49.0 893.0 341.0 80.0 341.0 797.0 364.0 797.0 194.0 74.0 194.0 797.0 333.0 797.0 
2 3 1.28 1.28 456.0 41.0 456.0 461.0 224.0 461.0 105.0 74.0 105.0 
2 4 1.85 1.85 456.0 41.0 456.0 461.0 224.0 461.0 105.0 74.0 105.0 391.0 226.0 391.0 
2 5 1.95 1.95 456.0 41.0 456.0 461.0 224.0 461.0 105.0 74.0 105.0 391.0 226.0 391.0 280.0 27.0 280.0 
2 3 0.69 0.69 587.0 13.0 587.0 782.0 52.0 782.0 668.0 402.0 668.0 
2 4 1.16 1.16 587.0 13.0 587.0 782.0 52.0 782.0 668.0 402.0 668.0 398.0 187.0 398.0 
2 5 1.58 1.58 587.0 13.0 587.0 782.0 52.0 782.0 668.0 402.0 668.0 398.0 187.0 398.0 19.0 8.0 19.0 
2 6 1.78 1.78 587.0 13.0 587.0 782.0 52.0 782.0 668.0 402.0 668.0 398.0 187.0 398.0 19.0 8.0 19.0 159.0 33.0 159.0 
2 3 0.89 0.89 346.0 42.0 346.0 436.0 200.0 436.0 254.0 81.0 254.0 
2 4 1.86 1.86 346.0 42.0 346.0 436.0 200.0 436.0 254.0 81.0 254.0 326.0 316.0 326.0 
2 3 1.96 1.96 391.0 68.0 391.0 561.0 493.0 561.0 704.0 645.0 704.0 
2 3 0.79 0.79 847.0 123.0 847.0 630.0 389.0 630.0 402.0 13.0 402.0 
2 4 0.82 0.82 847.0 123.0 847.0 630.0 389.0 630.0 402.0 13.0 402.0 269.0 7.0 269.0 
2 5 0.92 0.92 847.0 123.0 847.0 630.0 389.0 630.0 402.0 13.0 402.0 269.0 7.0 269.0 674.0 68.0 674.0 
2 6 1.0 1.0 847.0 123.0 847.0 630.0 389.0 630.0 402.0 13.0 402.0 269.0 7.0 269.0 674.0 68.0 674.0 388.0 34.0 388.0 
2 7 1.8 1.8 847.0 123.0 847.0 630.0 389.0 630.0 402.0 13.0 402.0 269.0 7.0 269.0 674.0 68.0 674.0 388.0 34.0 388.0 91.0 72.0 91.0 
2 3 0.92 0.92 276.0 86.0 276.0 890.0 363.0 890.0 310.0 64.0 310.0 
2 4 1.61 1.61 276.0 86.0 276.0 890.0 363.0 890.0 310.0 64.0 310.0 55.0 38.0 55.0 
2 5 1.73 1.73 276.0 86.0 276.0 890.0 363.0 890.0 310.0 64.0 310.0 55.0 38.0 55.0 543.0 64.0 543.0 
2 3 1.71 1.71 716.0 330.0 716.0 341.0 169.0 341.0 279.0 211.0 279.0 
2 4 1.79 1.79 716.0 330.0 716.0 341.0 169.0 341.0 279.0 211.0 279.0 194.0 16.0 194.0 
2 5 1.88 1.88 716.0 330.0 716.0 341.0 169.0 341.0 279.0 211.0 279.0 194.0 16.0 194.0 702.0 63.0 702.0 
2 3 0.56 0.56 601.0 92.0 601.0 171.0 9.0 171.0 645.0 230.0 645.0 
2 4 1.0 1.0 601.0 92.0 601.0 171.0 9.0 171.0 645.0 230.0 645.0 659.0 289.0 659.0 
2 5 1.88 1.88 601.0 92.0 601.0 171.0 9.0 171.0 645.0 230.0 645.0 659.0 289.0 659.0 350.0 308.0 350.0 
2 6 1.96 1.96 601.0 92.0 601.0 171.0 9.0 171.0 645.0 230.0 645.0 659.0 289.0 659.0 350.0 308.0 350.0 693.0 57.0 693.0 
2 3 1.6 1.6 365.0 183.0 365.0 994.0 963.0 994.0 890.0 118.0 890.0 
2 3 1.42 1.42 201.0 60.0 201.0 284.0 143.0 284.0 782.0 490.0 782.0 
2 4 1.48 1.48 201.0 60.0 201.0 284.0 143.0 284.0 782.0 490.0 782.0 998.0 59.0 998.0 
2 3 1.59 1.59 290.0 115.0 290.0 398.0 287.0 398.0 801.0 386.0 801.0 
2 4 1.69 1.69 290.0 115.0 290.0 398.0 287.0 398.0 801.0 386.0 801.0 211.0 21.0 211.0 
2 3 1.48 1.48 319.0 87.0 319.0 812.0 236.0 812.0 761.0 702.0 761.0 
2 3 1.55 1.55 375.0 166.0 375.0 48.0 44.0 48.0 948.0 189.0 948.0 
2 4 1.7 1.7 375.0 166.0 375.0 48.0 44.0 48.0 948.0 189.0 948.0 149.0 22.0 149.0 
2 3 1.16 1.16 485.0 62.0 485.0 378.0 191.0 378.0 688.0 369.0 688.0 
2 4 1.31 1.31 485.0 62.0 485.0 378.0 191.0 378.0 688.0 369.0 688.0 48.0 7.0 48.0 
2 5 1.78 1.78 485.0 62.0 485.0 378.0 191.0 378.0 688.0 369.0 688.0 48.0 7.0 48.0 908.0 427.0 908.0 
2 3 0.78 0.78 716.0 349.0 716.0 344.0 82.0 344.0 188.0 12.0 188.0 
2 4 1.16 1.16 716.0 349.0 716.0 344.0 82.0 344.0 188.0 12.0 188.0 309.0 115.0 309.0 
2 5 1.65 1.65 716.0 349.0 716.0 344.0 82.0 344.0 188.0 12.0 188.0 309.0 115.0 309.0 150.0 74.0 150.0 
2 6 1.89 1.89 716.0 349.0 716.0 344.0 82.0 344.0 188.0 12.0 188.0 309.0 115.0 309.0 150.0 74.0 150.0 221.0 52.0 221.0 
2 3 1.25 1.25 54.0 15.0 54.0 576.0 110.0 576.0 510.0 399.0 510.0 
2 4 1.73 1.73 54.0 15.0 54.0 576.0 110.0 576.0 510.0 399.0 510.0 307.0 148.0 307.0 
2 3 1.09 1.09 39.0 15.0 39.0 270.0 27.0 270.0 861.0 524.0 861.0 
2 4 1.23 1.23 39.0 15.0 39.0 270.0 27.0 270.0 861.0 524.0 861.0 170.0 24.0 170.0 
2 3 1.57 1.57 308.0 107.0 308.0 554.0 357.0 554.0 329.0 192.0 329.0 
2 3 1.17 1.17 784.0 497.0 784.0 159.0 41.0 159.0 734.0 210.0 734.0 
2 4 1.53 1.53 784.0 497.0 784.0 159.0 41.0 159.0 734.0 210.0 734.0 613.0 221.0 613.0 
2 5 1.55 1.55 784.0 497.0 784.0 159.0 41.0 159.0 734.0 210.0 734.0 613.0 221.0 613.0 340.0 4.0 340.0 
2 6 1.85 1.85 784.0 497.0 784.0 159.0 41.0 159.0 734.0 210.0 734.0 613.0 221.0 613.0 340.0 4.0 340.0 329.0 101.0 329.0 
2 3 1.1 1.1 39.0 12.0 39.0 866.0 306.0 866.0 897.0 400.0 897.0 
2 4 1.51 1.51 39.0 12.0 39.0 866.0 306.0 866.0 897.0 400.0 897.0 114.0 47.0 114.0 
2 3 1.75 1.75 751.0 691.0 751.0 856.0 91.0 856.0 668.0 484.0 668.0 
2 3 1.57 1.57 932.0 350.0 932.0 909.0 487.0 909.0 432.0 288.0 432.0 
2 4 1.99 1.99 932.0 350.0 932.0 909.0 487.0 909.0 432.0 288.0 432.0 24.0 10.0 24.0 
2 3 0.78 0.78 211.0 72.0 211.0 163.0 27.0 163.0 153.0 42.0 153.0 
2 4 1.28 1.28 211.0 72.0 211.0 163.0 27.0 163.0 153.0 42.0 153.0 644.0 322.0 644.0 
2 3 1.08 1.08 631.0 253.0 631.0 908.0 227.0 908.0 23.0 10.0 23.0 
2 4 1.36 1.36 631.0 253.0 631.0 908.0 227.0 908.0 23.0 10.0 23.0 950.0 268.0 950.0 
2 5 1.59 1.59 631.0 253.0 631.0 908.0 227.0 908.0 23.0 10.0 23.0 950.0 268.0 950.0 680.0 154.0 680.0 
2 6 1.87 1.87 631.0 253.0 631.0 908.0 227.0 908.0 23.0 10.0 23.0 950.0 268.0 950.0 680.0 154.0 680.0 229.0 65.0 229.0 
2 3 0.88 0.88 201.0 39.0 201.0 330.0 157.0 330.0 961.0 207.0 961.0 
2 4 1.52 1.52 201.0 39.0 201.0 330.0 157.0 330.0 961.0 207.0 961.0 568.0 363.0 568.0 
2 3 1.15 1.15 902.0 144.0 902.0 972.0 858.0 972.0 273.0 30.0 273.0 
2 4 1.63 1.63 902.0 144.0 902.0 972.0 858.0 972.0 273.0 30.0 273.0 889.0 430.0 889.0 
2 5 1.89 1.89 902.0 144.0 902.0 972.0 858.0 972.0 273.0 30.0 273.0 889.0 430.0 889.0 19.0 5.0 19.0 
2 6 1.92 1.92 902.0 144.0 902.0 972.0 858.0 972.0 273.0 30.0 273.0 889.0 430.0 889.0 19.0 5.0 19.0 805.0 24.0 805.0 
2 3 0.4 0.4 58.0 5.0 58.0 621.0 126.0 621.0 76.0 9.0 76.0 
2 4 0.99 0.99 58.0 5.0 58.0 621.0 126.0 621.0 76.0 9.0 76.0 236.0 139.0 236.0 
2 5 1.04 1.04 58.0 5.0 58.0 621.0 126.0 621.0 76.0 9.0 76.0 236.0 139.0 236.0 68.0 3.0 68.0 
2 6 1.19 1.19 58.0 5.0 58.0 621.0 126.0 621.0 76.0 9.0 76.0 236.0 139.0 236.0 68.0 3.0 68.0 388.0 59.0 388.0 
2 7 1.34 1.34 58.0 5.0 58.0 621.0 126.0 621.0 76.0 9.0 76.0 236.0 139.0 236.0 68.0 3.0 68.0 388.0 59.0 388.0 145.0 22.0 145.0 
2 3 1.16 1.16 758.0 100.0 758.0 54.0 23.0 54.0 800.0 488.0 800.0 
2 4 1.75 1.75 758.0 100.0 758.0 54.0 23.0 54.0 800.0 488.0 800.0 126.0 74.0 126.0 
2 5 1.86 1.86 758.0 100.0 758.0 54.0 23.0 54.0 800.0 488.0 800.0 126.0 74.0 126.0 390.0 43.0 390.0 
2 6 1.96 1.96 758.0 100.0 758.0 54.0 23.0 54.0 800.0 488.0 800.0 126.0 74.0 126.0 390.0 43.0 390.0 741.0 75.0 741.0 
2 3 0.99 0.99 436.0 117.0 436.0 284.0 7.0 284.0 812.0 573.0 812.0 
2 4 1.55 1.55 436.0 117.0 436.0 284.0 7.0 284.0 812.0 573.0 812.0 56.0 31.0 56.0 
2 3 1.57 1.57 269.0 30.0 269.0 965.0 905.0 965.0 307.0 161.0 307.0 
2 3 1.46 1.46 905.0 190.0 905.0 936.0 290.0 936.0 824.0 781.0 824.0 
2 4 1.52 1.52 905.0 190.0 905.0 936.0 290.0 936.0 824.0 781.0 824.0 603.0 36.0 603.0 
2 5 1.79 1.79 905.0 190.0 905.0 936.0 290.0 936.0 824.0 781.0 824.0 603.0 36.0 603.0 652.0 174.0 652.0 
2 3 1.83 1.83 805.0 731.0 805.0 216.0 10.0 216.0 673.0 596.0 673.0 
2 4 1.96 1.96 805.0 731.0 805.0 216.0 10.0 216.0 673.0 596.0 673.0 504.0 65.0 504.0 
2 3 1.49 1.49 674.0 530.0 674.0 27.0 15.0 27.0 186.0 29.0 186.0 
2 4 1.55 1.55 674.0 530.0 674.0 27.0 15.0 27.0 186.0 29.0 186.0 961.0 52.0 961.0 
2 5 1.67 1.67 674.0 530.0 674.0 27.0 15.0 27.0 186.0 29.0 186.0 961.0 52.0 961.0 16.0 2.0 16.0 
2 6 1.7 1.7 674.0 530.0 674.0 27.0 15.0 27.0 186.0 29.0 186.0 961.0 52.0 961.0 16.0 2.0 16.0 238.0 7.0 238.0 
2 7 1.82 1.82 674.0 530.0 674.0 27.0 15.0 27.0 186.0 29.0 186.0 961.0 52.0 961.0 16.0 2.0 16.0 238.0 7.0 238.0 315.0 36.0 315.0 
2 3 1.06 1.06 497.0 165.0 497.0 478.0 202.0 478.0 359.0 111.0 359.0 
2 4 1.24 1.24 497.0 165.0 497.0 478.0 202.0 478.0 359.0 111.0 359.0 674.0 121.0 674.0 
2 5 1.29 1.29 497.0 165.0 497.0 478.0 202.0 478.0 359.0 111.0 359.0 674.0 121.0 674.0 374.0 21.0 374.0 
2 6 1.3 1.3 497.0 165.0 497.0 478.0 202.0 478.0 359.0 111.0 359.0 674.0 121.0 674.0 374.0 21.0 374.0 644.0 1.0 644.0 
2 7 1.64 1.64 497.0 165.0 497.0 478.0 202.0 478.0 359.0 111.0 359.0 674.0 121.0 674.0 374.0 21.0 374.0 644.0 1.0 644.0 126.0 43.0 126.0 
2 8 1.8 1.8 497.0 165.0 497.0 478.0 202.0 478.0 359.0 111.0 359.0 674.0 121.0 674.0 374.0 21.0 374.0 644.0 1.0 644.0 126.0 43.0 126.0 581.0 97.0 581.0 
2 3 1.46 1.46 841.0 267.0 841.0 542.0 241.0 542.0 881.0 616.0 881.0 
2 3 1.69 1.69 45.0 21.0 45.0 279.0 114.0 279.0 194.0 159.0 194.0 
2 4 1.75 1.75 45.0 21.0 45.0 279.0 114.0 279.0 194.0 159.0 194.0 851.0 55.0 851.0 
2 5 1.86 1.86 45.0 21.0 45.0 279.0 114.0 279.0 194.0 159.0 194.0 851.0 55.0 851.0 252.0 26.0 252.0 
2 3 0.56 0.56 675.0 139.0 675.0 395.0 21.0 395.0 335.0 102.0 335.0 
2 4 0.84 0.84 675.0 139.0 675.0 395.0 21.0 395.0 335.0 102.0 335.0 608.0 172.0 608.0 
2 5 1.02 1.02 675.0 139.0 675.0 395.0 21.0 395.0 335.0 102.0 335.0 608.0 172.0 608.0 420.0 74.0 420.0 
2 6 1.69 1.69 675.0 139.0 675.0 395.0 21.0 395.0 335.0 102.0 335.0 608.0 172.0 608.0 420.0 74.0 420.0 545.0 364.0 545.0 
2 3 1.14 1.14 246.0 94.0 246.0 328.0 167.0 328.0 786.0 201.0 786.0 
2 4 1.8 1.8 246.0 94.0 246.0 328.0 167.0 328.0 786.0 201.0 786.0 468.0 310.0 468.0 
2 3 1.82 1.82 10.0 9.0 10.0 868.0 391.0 868.0 211.0 101.0 211.0 
2 4 1.84 1.84 10.0 9.0 10.0 868.0 391.0 868.0 211.0 101.0 211.0 117.0 2.0 117.0 
2 3 1.58 1.58 507.0 364.0 507.0 400.0 152.0 400.0 454.0 220.0 454.0 
2 3 0.52 0.52 603.0 49.0 603.0 359.0 131.0 359.0 856.0 70.0 856.0 
2 4 1.02 1.02 603.0 49.0 603.0 359.0 131.0 359.0 856.0 70.0 856.0 964.0 481.0 964.0 
2 5 1.42 1.42 603.0 49.0 603.0 359.0 131.0 359.0 856.0 70.0 856.0 964.0 481.0 964.0 962.0 386.0 962.0 
2 6 1.51 1.51 603.0 49.0 603.0 359.0 131.0 359.0 856.0 70.0 856.0 964.0 481.0 964.0 962.0 386.0 962.0 461.0 41.0 461.0 
2 7 1.89 1.89 603.0 49.0 603.0 359.0 131.0 359.0 856.0 70.0 856.0 964.0 481.0 964.0 962.0 386.0 962.0 461.0 41.0 461.0 682.0 255.0 682.0 
2 3 1.8 1.8 998.0 176.0 998.0 716.0 523.0 716.0 190.0 170.0 190.0 
2 3 1.34 1.34 186.0 73.0 186.0 270.0 254.0 270.0 998.0 11.0 998.0 
2 4 1.52 1.52 186.0 73.0 186.0 270.0 254.0 270.0 998.0 11.0 998.0 332.0 61.0 332.0 
2 3 0.84 0.84 128.0 44.0 128.0 727.0 133.0 727.0 548.0 175.0 548.0 
2 4 1.0 1.0 128.0 44.0 128.0 727.0 133.0 727.0 548.0 175.0 548.0 697.0 111.0 697.0 
2 5 1.14 1.14 128.0 44.0 128.0 727.0 133.0 727.0 548.0 175.0 548.0 697.0 111.0 697.0 453.0 62.0 453.0 
2 6 1.22 1.22 128.0 44.0 128.0 727.0 133.0 727.0 548.0 175.0 548.0 697.0 111.0 697.0 453.0 62.0 453.0 73.0 6.0 73.0 
2 7 1.47 1.47 128.0 44.0 128.0 727.0 133.0 727.0 548.0 175.0 548.0 697.0 111.0 697.0 453.0 62.0 453.0 73.0 6.0 73.0 428.0 109.0 428.0 
2 8 1.59 1.59 128.0 44.0 128.0 727.0 133.0 727.0 548.0 175.0 548.0 697.0 111.0 697.0 453.0 62.0 453.0 73.0 6.0 73.0 428.0 109.0 428.0 676.0 81.0 676.0 
2 9 1.91 1.91 128.0 44.0 128.0 727.0 133.0 727.0 548.0 175.0 548.0 697.0 111.0 697.0 453.0 62.0 453.0 73.0 6.0 73.0 428.0 109.0 428.0 676.0 81.0 676.0 202.0 64.0 202.0 
2 3 1.57 1.57 69.0 41.0 69.0 915.0 421.0 915.0 510.0 266.0 510.0 
2 4 1.84 1.84 69.0 41.0 69.0 915.0 421.0 915.0 510.0 266.0 510.0 850.0 230.0 850.0 
2 3 1.6 1.6 65.0 53.0 65.0 597.0 45.0 597.0 413.0 296.0 413.0 
2 3 0.91 0.91 258.0 192.0 258.0 996.0 41.0 996.0 649.0 86.0 649.0 
2 4 1.07 1.07 258.0 192.0 258.0 996.0 41.0 996.0 649.0 86.0 649.0 370.0 58.0 370.0 
2 5 1.32 1.32 258.0 192.0 258.0 996.0 41.0 996.0 649.0 86.0 649.0 370.0 58.0 370.0 295.0 75.0 295.0 
2 6 1.33 1.33 258.0 192.0 258.0 996.0 41.0 996.0 649.0 86.0 649.0 370.0 58.0 370.0 295.0 75.0 295.0 816.0 9.0 816.0 
2 7 1.4 1.4 258.0 192.0 258.0 996.0 41.0 996.0 649.0 86.0 649.0 370.0 58.0 370.0 295.0 75.0 295.0 816.0 9.0 816.0 662.0 45.0 662.0 
2 8 1.5 1.5 258.0 192.0 258.0 996.0 41.0 996.0 649.0 86.0 649.0 370.0 58.0 370.0 295.0 75.0 295.0 816.0 9.0 816.0 662.0 45.0 662.0 934.0 90.0 934.0 
2 9 1.68 1.68 258.0 192.0 258.0 996.0 41.0 996.0 649.0 86.0 649.0 370.0 58.0 370.0 295.0 75.0 295.0 816.0 9.0 816.0 662.0 45.0 662.0 934.0 90.0 934.0 932.0 172.0 932.0 
2 3 0.95 0.95 305.0 110.0 305.0 19.0 9.0 19.0 427.0 51.0 427.0 
2 4 1.39 1.39 305.0 110.0 305.0 19.0 9.0 19.0 427.0 51.0 427.0 259.0 114.0 259.0 
2 5 1.58 1.58 305.0 110.0 305.0 19.0 9.0 19.0 427.0 51.0 427.0 259.0 114.0 259.0 252.0 49.0 252.0 
2 6 1.66 1.66 305.0 110.0 305.0 19.0 9.0 19.0 427.0 51.0 427.0 259.0 114.0 259.0 252.0 49.0 252.0 442.0 36.0 442.0 
2 3 0.36 0.36 752.0 21.0 752.0 713.0 178.0 713.0 971.0 86.0 971.0 
2 4 0.75 0.75 752.0 21.0 752.0 713.0 178.0 713.0 971.0 86.0 971.0 809.0 314.0 809.0 
2 5 1.25 1.25 752.0 21.0 752.0 713.0 178.0 713.0 971.0 86.0 971.0 809.0 314.0 809.0 2.0 1.0 2.0 
2 3 1.06 1.06 877.0 406.0 877.0 617.0 169.0 617.0 715.0 235.0 715.0 
2 4 1.71 1.71 877.0 406.0 877.0 617.0 169.0 617.0 715.0 235.0 715.0 797.0 514.0 797.0 
2 5 1.78 1.78 877.0 406.0 877.0 617.0 169.0 617.0 715.0 235.0 715.0 797.0 514.0 797.0 834.0 64.0 834.0 
2 3 0.87 0.87 319.0 77.0 319.0 83.0 24.0 83.0 835.0 290.0 835.0 
2 4 1.12 1.12 319.0 77.0 319.0 83.0 24.0 83.0 835.0 290.0 835.0 853.0 212.0 853.0 
2 5 1.45 1.45 319.0 77.0 319.0 83.0 24.0 83.0 835.0 290.0 835.0 853.0 212.0 853.0 676.0 225.0 676.0 
2 3 1.24 1.24 516.0 99.0 516.0 336.0 97.0 336.0 590.0 452.0 590.0 
2 4 1.61 1.61 516.0 99.0 516.0 336.0 97.0 336.0 590.0 452.0 590.0 103.0 38.0 103.0 
2 5 1.72 1.72 516.0 99.0 516.0 336.0 97.0 336.0 590.0 452.0 590.0 103.0 38.0 103.0 346.0 37.0 346.0 
2 3 1.3 1.3 786.0 207.0 786.0 128.0 8.0 128.0 192.0 188.0 192.0 
2 4 1.35 1.35 786.0 207.0 786.0 128.0 8.0 128.0 192.0 188.0 192.0 428.0 21.0 428.0 
2 5 1.56 1.56 786.0 207.0 786.0 128.0 8.0 128.0 192.0 188.0 192.0 428.0 21.0 428.0 538.0 115.0 538.0 
2 3 0.93 0.93 745.0 356.0 745.0 136.0 47.0 136.0 729.0 81.0 729.0 
2 4 1.25 1.25 745.0 356.0 745.0 136.0 47.0 136.0 729.0 81.0 729.0 619.0 199.0 619.0 
2 5 1.62 1.62 745.0 356.0 745.0 136.0 47.0 136.0 729.0 81.0 729.0 619.0 199.0 619.0 628.0 232.0 628.0 
2 6 1.96 1.96 745.0 356.0 745.0 136.0 47.0 136.0 729.0 81.0 729.0 619.0 199.0 619.0 628.0 232.0 628.0 364.0 123.0 364.0 
2 3 1.88 1.88 419.0 404.0 419.0 984.0 308.0 984.0 154.0 93.0 154.0 
2 3 1.14 1.14 162.0 92.0 162.0 847.0 424.0 847.0 825.0 64.0 825.0 
2 4 1.55 1.55 162.0 92.0 162.0 847.0 424.0 847.0 825.0 64.0 825.0 823.0 336.0 823.0 
2 5 1.65 1.65 162.0 92.0 162.0 847.0 424.0 847.0 825.0 64.0 825.0 823.0 336.0 823.0 722.0 70.0 722.0 
2 6 1.99 1.99 162.0 92.0 162.0 847.0 424.0 847.0 825.0 64.0 825.0 823.0 336.0 823.0 722.0 70.0 722.0 966.0 328.0 966.0 
2 3 1.5 1.5 869.0 334.0 869.0 565.0 350.0 565.0 217.0 109.0 217.0 
2 4 1.66 1.66 869.0 334.0 869.0 565.0 350.0 565.0 217.0 109.0 217.0 49.0 8.0 49.0 
2 3 1.96 1.96 268.0 221.0 268.0 158.0 142.0 158.0 115.0 28.0 115.0 
2 3 1.07 1.07 459.0 92.0 459.0 735.0 48.0 735.0 595.0 484.0 595.0 
2 4 1.19 1.19 459.0 92.0 459.0 735.0 48.0 735.0 595.0 484.0 595.0 289.0 34.0 289.0 
2 5 1.48 1.48 459.0 92.0 459.0 735.0 48.0 735.0 595.0 484.0 595.0 289.0 34.0 289.0 457.0 132.0 457.0 
2 6 1.58 1.58 459.0 92.0 459.0 735.0 48.0 735.0 595.0 484.0 595.0 289.0 34.0 289.0 457.0 132.0 457.0 400.0 40.0 400.0 
2 3 1.13 1.13 1000.0 169.0 1000.0 190.0 82.0 190.0 849.0 457.0 849.0 
2 4 1.22 1.22 1000.0 169.0 1000.0 190.0 82.0 190.0 849.0 457.0 849.0 141.0 12.0 141.0 
2 5 1.35 1.35 1000.0 169.0 1000.0 190.0 82.0 190.0 849.0 457.0 849.0 141.0 12.0 141.0 908.0 116.0 908.0 
2 6 1.41 1.41 1000.0 169.0 1000.0 190.0 82.0 190.0 849.0 457.0 849.0 141.0 12.0 141.0 908.0 116.0 908.0 248.0 15.0 248.0 
2 3 1.39 1.39 468.0 108.0 468.0 873.0 172.0 873.0 666.0 642.0 666.0 
2 4 1.46 1.46 468.0 108.0 468.0 873.0 172.0 873.0 666.0 642.0 666.0 538.0 37.0 538.0 
2 3 1.15 1.15 106.0 37.0 106.0 870.0 78.0 870.0 68.0 49.0 68.0 
2 3 1.47 1.47 578.0 241.0 578.0 96.0 32.0 96.0 302.0 219.0 302.0 
2 3 1.63 1.63 667.0 204.0 667.0 250.0 201.0 250.0 17.0 9.0 17.0 
2 3 0.43 0.43 312.0 97.0 312.0 847.0 87.0 847.0 927.0 17.0 927.0 
2 4 0.5 0.5 312.0 97.0 312.0 847.0 87.0 847.0 927.0 17.0 927.0 109.0 8.0 109.0 
2 5 0.84 0.84 312.0 97.0 312.0 847.0 87.0 847.0 927.0 17.0 927.0 109.0 8.0 109.0 438.0 150.0 438.0 
2 6 1.01 1.01 312.0 97.0 312.0 847.0 87.0 847.0 927.0 17.0 927.0 109.0 8.0 109.0 438.0 150.0 438.0 575.0 97.0 575.0 
2 7 1.86 1.86 312.0 97.0 312.0 847.0 87.0 847.0 927.0 17.0 927.0 109.0 8.0 109.0 438.0 150.0 438.0 575.0 97.0 575.0 578.0 490.0 578.0 
2 3 1.69 1.69 473.0 180.0 473.0 265.0 125.0 265.0 634.0 535.0 634.0 
2 3 1.09 1.09 497.0 233.0 497.0 524.0 75.0 524.0 215.0 103.0 215.0 
2 4 1.51 1.51 497.0 233.0 497.0 524.0 75.0 524.0 215.0 103.0 215.0 547.0 231.0 547.0 
2 5 1.91 1.91 497.0 233.0 497.0 524.0 75.0 524.0 215.0 103.0 215.0 547.0 231.0 547.0 423.0 172.0 423.0 
2 3 0.47 0.47 896.0 163.0 896.0 446.0 68.0 446.0 879.0 120.0 879.0 
2 4 0.57 0.57 896.0 163.0 896.0 446.0 68.0 446.0 879.0 120.0 879.0 896.0 90.0 896.0 
2 5 0.8 0.8 896.0 163.0 896.0 446.0 68.0 446.0 879.0 120.0 879.0 896.0 90.0 896.0 603.0 141.0 603.0 
2 6 1.42 1.42 896.0 163.0 896.0 446.0 68.0 446.0 879.0 120.0 879.0 896.0 90.0 896.0 603.0 141.0 603.0 873.0 542.0 873.0 
2 7 1.84 1.84 896.0 163.0 896.0 446.0 68.0 446.0 879.0 120.0 879.0 896.0 90.0 896.0 603.0 141.0 603.0 873.0 542.0 873.0 752.0 316.0 752.0 
2 3 0.63 0.63 667.0 6.0 667.0 472.0 3.0 472.0 706.0 439.0 706.0 
2 4 0.92 0.92 667.0 6.0 667.0 472.0 3.0 472.0 706.0 439.0 706.0 69.0 20.0 69.0 
2 5 1.0 1.0 667.0 6.0 667.0 472.0 3.0 472.0 706.0 439.0 706.0 69.0 20.0 69.0 89.0 7.0 89.0 
2 6 1.98 1.98 667.0 6.0 667.0 472.0 3.0 472.0 706.0 439.0 706.0 69.0 20.0 69.0 89.0 7.0 89.0 434.0 426.0 434.0 
2 3 1.26 1.26 560.0 76.0 560.0 188.0 124.0 188.0 870.0 405.0 870.0 
2 4 1.52 1.52 560.0 76.0 560.0 188.0 124.0 188.0 870.0 405.0 870.0 122.0 32.0 122.0 
2 5 1.81 1.81 560.0 76.0 560.0 188.0 124.0 188.0 870.0 405.0 870.0 122.0 32.0 122.0 34.0 10.0 34.0 
2 3 0.97 0.97 650.0 119.0 650.0 756.0 360.0 756.0 91.0 29.0 91.0 
2 4 1.22 1.22 650.0 119.0 650.0 756.0 360.0 756.0 91.0 29.0 91.0 262.0 65.0 262.0 
2 5 1.28 1.28 650.0 119.0 650.0 756.0 360.0 756.0 91.0 29.0 91.0 262.0 65.0 262.0 871.0 51.0 871.0 
2 6 1.33 1.33 650.0 119.0 650.0 756.0 360.0 756.0 91.0 29.0 91.0 262.0 65.0 262.0 871.0 51.0 871.0 226.0 11.0 226.0 
2 7 1.45 1.45 650.0 119.0 650.0 756.0 360.0 756.0 91.0 29.0 91.0 262.0 65.0 262.0 871.0 51.0 871.0 226.0 11.0 226.0 391.0 48.0 391.0 
2 8 1.67 1.67 650.0 119.0 650.0 756.0 360.0 756.0 91.0 29.0 91.0 262.0 65.0 262.0 871.0 51.0 871.0 226.0 11.0 226.0 391.0 48.0 391.0 867.0 190.0 867.0 
2 9 1.68 1.68 650.0 119.0 650.0 756.0 360.0 756.0 91.0 29.0 91.0 262.0 65.0 262.0 871.0 51.0 871.0 226.0 11.0 226.0 391.0 48.0 391.0 867.0 190.0 867.0 823.0 12.0 823.0 
2 3 1.38 1.38 450.0 102.0 450.0 960.0 758.0 960.0 576.0 210.0 576.0 
2 4 1.97 1.97 450.0 102.0 450.0 960.0 758.0 960.0 576.0 210.0 576.0 970.0 574.0 970.0 
2 3 1.33 1.33 174.0 22.0 174.0 895.0 884.0 895.0 568.0 124.0 568.0 
2 4 1.74 1.74 174.0 22.0 174.0 895.0 884.0 895.0 568.0 124.0 568.0 763.0 311.0 763.0 
2 5 1.87 1.87 174.0 22.0 174.0 895.0 884.0 895.0 568.0 124.0 568.0 763.0 311.0 763.0 666.0 92.0 666.0 
2 3 0.62 0.62 345.0 170.0 345.0 798.0 82.0 798.0 739.0 25.0 739.0 
2 4 0.86 0.86 345.0 170.0 345.0 798.0 82.0 798.0 739.0 25.0 739.0 90.0 21.0 90.0 
2 5 1.32 1.32 345.0 170.0 345.0 798.0 82.0 798.0 739.0 25.0 739.0 90.0 21.0 90.0 958.0 447.0 958.0 
2 6 1.5 1.5 345.0 170.0 345.0 798.0 82.0 798.0 739.0 25.0 739.0 90.0 21.0 90.0 958.0 447.0 958.0 373.0 64.0 373.0 
2 3 1.48 1.48 868.0 376.0 868.0 260.0 100.0 260.0 198.0 132.0 198.0 
2 4 1.6 1.6 868.0 376.0 868.0 260.0 100.0 260.0 198.0 132.0 198.0 41.0 5.0 41.0 
2 3 0.81 0.81 299.0 76.0 299.0 705.0 346.0 705.0 966.0 70.0 966.0 
2 4 1.5 1.5 299.0 76.0 299.0 705.0 346.0 705.0 966.0 70.0 966.0 795.0 544.0 795.0 
2 5 1.81 1.81 299.0 76.0 299.0 705.0 346.0 705.0 966.0 70.0 966.0 795.0 544.0 795.0 83.0 26.0 83.0 
2 3 1.66 1.66 741.0 282.0 741.0 97.0 31.0 97.0 957.0 922.0 957.0 
2 3 1.12 1.12 901.0 400.0 901.0 493.0 225.0 493.0 124.0 28.0 124.0 
2 4 1.54 1.54 901.0 400.0 901.0 493.0 225.0 493.0 124.0 28.0 124.0 31.0 13.0 31.0 
2 3 1.69 1.69 77.0 68.0 77.0 924.0 549.0 924.0 542.0 116.0 542.0 
2 3 1.45 1.45 595.0 410.0 595.0 873.0 638.0 873.0 666.0 21.0 666.0 
2 4 1.9 1.9 595.0 410.0 595.0 873.0 638.0 873.0 666.0 21.0 666.0 309.0 141.0 309.0 
2 5 1.95 1.95 595.0 410.0 595.0 873.0 638.0 873.0 666.0 21.0 666.0 309.0 141.0 309.0 21.0 1.0 21.0 
2 3 0.56 0.56 924.0 50.0 924.0 347.0 149.0 347.0 639.0 55.0 639.0 
2 4 0.8 0.8 924.0 50.0 924.0 347.0 149.0 347.0 639.0 55.0 639.0 809.0 189.0 809.0 
2 5 1.26 1.26 924.0 50.0 924.0 347.0 149.0 347.0 639.0 55.0 639.0 809.0 189.0 809.0 942.0 439.0 942.0 
2 6 1.34 1.34 924.0 50.0 924.0 347.0 149.0 347.0 639.0 55.0 639.0 809.0 189.0 809.0 942.0 439.0 942.0 127.0 9.0 127.0 
2 7 1.95 1.95 924.0 50.0 924.0 347.0 149.0 347.0 639.0 55.0 639.0 809.0 189.0 809.0 942.0 439.0 942.0 127.0 9.0 127.0 496.0 306.0 496.0 
2 3 1.34 1.34 686.0 467.0 686.0 937.0 357.0 937.0 164.0 46.0 164.0 
2 4 1.41 1.41 686.0 467.0 686.0 937.0 357.0 937.0 164.0 46.0 164.0 292.0 21.0 292.0 
2 5 1.92 1.92 686.0 467.0 686.0 937.0 357.0 937.0 164.0 46.0 164.0 292.0 21.0 292.0 71.0 36.0 71.0 
2 3 1.48 1.48 24.0 23.0 24.0 23.0 5.0 23.0 65.0 20.0 65.0 
2 4 1.72 1.72 24.0 23.0 24.0 23.0 5.0 23.0 65.0 20.0 65.0 459.0 113.0 459.0 
2 3 0.92 0.92 271.0 88.0 271.0 280.0 87.0 280.0 1000.0 286.0 1000.0 
2 4 0.94 0.94 271.0 88.0 271.0 280.0 87.0 280.0 1000.0 286.0 1000.0 98.0 2.0 98.0 
2 5 1.5 1.5 271.0 88.0 271.0 280.0 87.0 280.0 1000.0 286.0 1000.0 98.0 2.0 98.0 941.0 530.0 941.0 
2 6 1.83 1.83 271.0 88.0 271.0 280.0 87.0 280.0 1000.0 286.0 1000.0 98.0 2.0 98.0 941.0 530.0 941.0 997.0 324.0 997.0 
2 3 1.23 1.23 350.0 345.0 350.0 402.0 46.0 402.0 86.0 12.0 86.0 
2 3 1.0 1.0 660.0 93.0 660.0 599.0 166.0 599.0 474.0 277.0 474.0 
2 4 1.41 1.41 660.0 93.0 660.0 599.0 166.0 599.0 474.0 277.0 474.0 34.0 14.0 34.0 
2 5 1.63 1.63 660.0 93.0 660.0 599.0 166.0 599.0 474.0 277.0 474.0 34.0 14.0 34.0 861.0 188.0 861.0 
2 6 1.67 1.67 660.0 93.0 660.0 599.0 166.0 599.0 474.0 277.0 474.0 34.0 14.0 34.0 861.0 188.0 861.0 486.0 23.0 486.0 
2 3 1.09 1.09 882.0 429.0 882.0 718.0 120.0 718.0 555.0 243.0 555.0 
2 3 1.56 1.56 886.0 315.0 886.0 404.0 92.0 404.0 486.0 479.0 486.0 
2 4 1.93 1.93 886.0 315.0 886.0 404.0 92.0 404.0 486.0 479.0 486.0 605.0 224.0 605.0 
2 3 1.58 1.58 708.0 611.0 708.0 173.0 97.0 173.0 969.0 155.0 969.0 
2 4 1.71 1.71 708.0 611.0 708.0 173.0 97.0 173.0 969.0 155.0 969.0 280.0 37.0 280.0 
2 3 1.18 1.18 592.0 251.0 592.0 320.0 127.0 320.0 478.0 175.0 478.0 
2 4 1.32 1.32 592.0 251.0 592.0 320.0 127.0 320.0 478.0 175.0 478.0 35.0 5.0 35.0 
2 5 1.45 1.45 592.0 251.0 592.0 320.0 127.0 320.0 478.0 175.0 478.0 35.0 5.0 35.0 642.0 82.0 642.0 
2 6 1.68 1.68 592.0 251.0 592.0 320.0 127.0 320.0 478.0 175.0 478.0 35.0 5.0 35.0 642.0 82.0 642.0 152.0 35.0 152.0 
2 7 1.85 1.85 592.0 251.0 592.0 320.0 127.0 320.0 478.0 175.0 478.0 35.0 5.0 35.0 642.0 82.0 642.0 152.0 35.0 152.0 182.0 30.0 182.0 
2 8 1.96 1.96 592.0 251.0 592.0 320.0 127.0 320.0 478.0 175.0 478.0 35.0 5.0 35.0 642.0 82.0 642.0 152.0 35.0 152.0 182.0 30.0 182.0 982.0 110.0 982.0 
2 3 1.08 1.08 725.0 5.0 725.0 645.0 434.0 645.0 166.0 67.0 166.0 
2 4 1.25 1.25 725.0 5.0 725.0 645.0 434.0 645.0 166.0 67.0 166.0 508.0 88.0 508.0 
2 5 1.72 1.72 725.0 5.0 725.0 645.0 434.0 645.0 166.0 67.0 166.0 508.0 88.0 508.0 552.0 260.0 552.0 
2 3 1.0 1.0 252.0 17.0 252.0 682.0 566.0 682.0 147.0 16.0 147.0 
2 4 1.49 1.49 252.0 17.0 252.0 682.0 566.0 682.0 147.0 16.0 147.0 111.0 54.0 111.0 
2 5 1.83 1.83 252.0 17.0 252.0 682.0 566.0 682.0 147.0 16.0 147.0 111.0 54.0 111.0 930.0 314.0 930.0 
2 3 0.69 0.69 275.0 64.0 275.0 393.0 49.0 393.0 249.0 83.0 249.0 
2 4 1.29 1.29 275.0 64.0 275.0 393.0 49.0 393.0 249.0 83.0 249.0 136.0 82.0 136.0 
2 5 1.93 1.93 275.0 64.0 275.0 393.0 49.0 393.0 249.0 83.0 249.0 136.0 82.0 136.0 934.0 597.0 934.0 
2 3 1.69 1.69 678.0 136.0 678.0 760.0 666.0 760.0 654.0 403.0 654.0 
2 3 1.12 1.12 104.0 48.0 104.0 365.0 155.0 365.0 223.0 54.0 223.0 
2 4 1.73 1.73 104.0 48.0 104.0 365.0 155.0 365.0 223.0 54.0 223.0 646.0 395.0 646.0 
2 3 1.72 1.72 881.0 757.0 881.0 612.0 361.0 612.0 494.0 138.0 494.0 
2 3 0.58 0.58 271.0 15.0 271.0 931.0 264.0 931.0 32.0 8.0 32.0 
2 4 1.55 1.55 271.0 15.0 271.0 931.0 264.0 931.0 32.0 8.0 32.0 811.0 783.0 811.0 
2 3 0.47 0.47 397.0 47.0 397.0 179.0 17.0 179.0 784.0 207.0 784.0 
2 4 0.83 0.83 397.0 47.0 397.0 179.0 17.0 179.0 784.0 207.0 784.0 715.0 254.0 715.0 
2 5 1.72 1.72 397.0 47.0 397.0 179.0 17.0 179.0 784.0 207.0 784.0 715.0 254.0 715.0 787.0 701.0 787.0 
2 6 1.87 1.87 397.0 47.0 397.0 179.0 17.0 179.0 784.0 207.0 784.0 715.0 254.0 715.0 787.0 701.0 787.0 939.0 143.0 939.0 
2 3 1.89 1.89 317.0 48.0 317.0 800.0 745.0 800.0 317.0 257.0 317.0 
2 3 1.43 1.43 702.0 623.0 702.0 307.0 127.0 307.0 613.0 84.0 613.0 
2 4 1.82 1.82 702.0 623.0 702.0 307.0 127.0 307.0 613.0 84.0 613.0 433.0 166.0 433.0 
2 5 1.99 1.99 702.0 623.0 702.0 307.0 127.0 307.0 613.0 84.0 613.0 433.0 166.0 433.0 312.0 53.0 312.0 
2 3 1.64 1.64 791.0 412.0 791.0 133.0 95.0 133.0 712.0 289.0 712.0 
2 3 1.36 1.36 298.0 15.0 298.0 986.0 895.0 986.0 340.0 138.0 340.0 
2 4 1.37 1.37 298.0 15.0 298.0 986.0 895.0 986.0 340.0 138.0 340.0 784.0 11.0 784.0 
2 5 1.96 1.96 298.0 15.0 298.0 986.0 895.0 986.0 340.0 138.0 340.0 784.0 11.0 784.0 809.0 472.0 809.0 
2 3 0.94 0.94 146.0 28.0 146.0 691.0 345.0 691.0 305.0 77.0 305.0 
2 4 1.24 1.24 146.0 28.0 146.0 691.0 345.0 691.0 305.0 77.0 305.0 627.0 187.0 627.0 
2 3 0.51 0.51 126.0 15.0 126.0 862.0 108.0 862.0 276.0 76.0 276.0 
2 4 0.59 0.59 126.0 15.0 126.0 862.0 108.0 862.0 276.0 76.0 276.0 477.0 34.0 477.0 
2 5 0.66 0.66 126.0 15.0 126.0 862.0 108.0 862.0 276.0 76.0 276.0 477.0 34.0 477.0 122.0 9.0 122.0 
2 6 0.79 0.79 126.0 15.0 126.0 862.0 108.0 862.0 276.0 76.0 276.0 477.0 34.0 477.0 122.0 9.0 122.0 151.0 20.0 151.0 
2 7 1.68 1.68 126.0 15.0 126.0 862.0 108.0 862.0 276.0 76.0 276.0 477.0 34.0 477.0 122.0 9.0 122.0 151.0 20.0 151.0 544.0 485.0 544.0 
2 8 1.75 1.75 126.0 15.0 126.0 862.0 108.0 862.0 276.0 76.0 276.0 477.0 34.0 477.0 122.0 9.0 122.0 151.0 20.0 151.0 544.0 485.0 544.0 460.0 29.0 460.0 
2 3 1.21 1.21 353.0 67.0 353.0 482.0 268.0 482.0 222.0 104.0 222.0 
2 3 0.98 0.98 784.0 8.0 784.0 661.0 582.0 661.0 152.0 14.0 152.0 
2 4 1.18 1.18 784.0 8.0 784.0 661.0 582.0 661.0 152.0 14.0 152.0 654.0 134.0 654.0 
2 5 1.82 1.82 784.0 8.0 784.0 661.0 582.0 661.0 152.0 14.0 152.0 654.0 134.0 654.0 657.0 420.0 657.0 
2 3 0.89 0.89 809.0 178.0 809.0 311.0 43.0 311.0 226.0 122.0 226.0 
2 4 1.88 1.88 809.0 178.0 809.0 311.0 43.0 311.0 226.0 122.0 226.0 627.0 618.0 627.0 
2 3 1.13 1.13 972.0 50.0 972.0 575.0 280.0 575.0 573.0 343.0 573.0 
2 4 1.57 1.57 972.0 50.0 972.0 575.0 280.0 575.0 573.0 343.0 573.0 750.0 327.0 750.0 
2 5 1.61 1.61 972.0 50.0 972.0 575.0 280.0 575.0 573.0 343.0 573.0 750.0 327.0 750.0 791.0 36.0 791.0 
2 6 1.64 1.64 972.0 50.0 972.0 575.0 280.0 575.0 573.0 343.0 573.0 750.0 327.0 750.0 791.0 36.0 791.0 668.0 15.0 668.0 
2 7 1.71 1.71 972.0 50.0 972.0 575.0 280.0 575.0 573.0 343.0 573.0 750.0 327.0 750.0 791.0 36.0 791.0 668.0 15.0 668.0 246.0 19.0 246.0 
2 3 1.44 1.44 547.0 217.0 547.0 724.0 605.0 724.0 496.0 105.0 496.0 
2 3 1.33 1.33 97.0 6.0 97.0 403.0 270.0 403.0 569.0 341.0 569.0 
2 4 1.95 1.95 97.0 6.0 97.0 403.0 270.0 403.0 569.0 341.0 569.0 450.0 280.0 450.0 
2 3 1.23 1.23 357.0 84.0 357.0 158.0 87.0 158.0 125.0 56.0 125.0 
2 4 1.39 1.39 357.0 84.0 357.0 158.0 87.0 158.0 125.0 56.0 125.0 233.0 37.0 233.0 
2 5 1.85 1.85 357.0 84.0 357.0 158.0 87.0 158.0 125.0 56.0 125.0 233.0 37.0 233.0 245.0 114.0 245.0 
2 3 1.24 1.24 673.0 260.0 673.0 970.0 342.0 970.0 762.0 388.0 762.0 
2 4 1.68 1.68 673.0 260.0 673.0 970.0 342.0 970.0 762.0 388.0 762.0 541.0 239.0 541.0 
2 3 1.16 1.16 485.0 149.0 485.0 513.0 410.0 513.0 882.0 48.0 882.0 
2 4 1.32 1.32 485.0 149.0 485.0 513.0 410.0 513.0 882.0 48.0 882.0 81.0 13.0 81.0 
2 3 1.09 1.09 576.0 261.0 576.0 663.0 88.0 663.0 588.0 298.0 588.0 
2 4 1.27 1.27 576.0 261.0 576.0 663.0 88.0 663.0 588.0 298.0 588.0 710.0 133.0 710.0 
2 5 1.85 1.85 576.0 261.0 576.0 663.0 88.0 663.0 588.0 298.0 588.0 710.0 133.0 710.0 795.0 458.0 795.0 
2 6 1.96 1.96 576.0 261.0 576.0 663.0 88.0 663.0 588.0 298.0 588.0 710.0 133.0 710.0 795.0 458.0 795.0 350.0 39.0 350.0 
2 3 1.17 1.17 532.0 37.0 532.0 320.0 198.0 320.0 969.0 471.0 969.0 
2 4 1.39 1.39 532.0 37.0 532.0 320.0 198.0 320.0 969.0 471.0 969.0 402.0 88.0 402.0 
2 5 1.55 1.55 532.0 37.0 532.0 320.0 198.0 320.0 969.0 471.0 969.0 402.0 88.0 402.0 623.0 102.0 623.0 
2 6 1.68 1.68 532.0 37.0 532.0 320.0 198.0 320.0 969.0 471.0 969.0 402.0 88.0 402.0 623.0 102.0 623.0 285.0 37.0 285.0 
2 7 1.77 1.77 532.0 37.0 532.0 320.0 198.0 320.0 969.0 471.0 969.0 402.0 88.0 402.0 623.0 102.0 623.0 285.0 37.0 285.0 674.0 62.0 674.0 
2 8 1.81 1.81 532.0 37.0 532.0 320.0 198.0 320.0 969.0 471.0 969.0 402.0 88.0 402.0 623.0 102.0 623.0 285.0 37.0 285.0 674.0 62.0 674.0 283.0 11.0 283.0 
2 3 0.89 0.89 811.0 308.0 811.0 196.0 23.0 196.0 665.0 263.0 665.0 
2 4 0.96 0.96 811.0 308.0 811.0 196.0 23.0 196.0 665.0 263.0 665.0 404.0 29.0 404.0 
2 5 1.17 1.17 811.0 308.0 811.0 196.0 23.0 196.0 665.0 263.0 665.0 404.0 29.0 404.0 123.0 26.0 123.0 
2 6 1.58 1.58 811.0 308.0 811.0 196.0 23.0 196.0 665.0 263.0 665.0 404.0 29.0 404.0 123.0 26.0 123.0 117.0 48.0 117.0 
2 3 1.23 1.23 72.0 17.0 72.0 878.0 55.0 878.0 369.0 344.0 369.0 
2 4 1.67 1.67 72.0 17.0 72.0 878.0 55.0 878.0 369.0 344.0 369.0 780.0 350.0 780.0 
2 5 1.7 1.7 72.0 17.0 72.0 878.0 55.0 878.0 369.0 344.0 369.0 780.0 350.0 780.0 196.0 4.0 196.0 
2 6 1.86 1.86 72.0 17.0 72.0 878.0 55.0 878.0 369.0 344.0 369.0 780.0 350.0 780.0 196.0 4.0 196.0 385.0 65.0 385.0 
2 3 1.39 1.39 430.0 111.0 430.0 102.0 67.0 102.0 188.0 90.0 188.0 
2 4 1.94 1.94 430.0 111.0 430.0 102.0 67.0 102.0 188.0 90.0 188.0 862.0 477.0 862.0 
2 3 1.76 1.76 467.0 158.0 467.0 111.0 109.0 111.0 145.0 65.0 145.0 
2 4 1.99 1.99 467.0 158.0 467.0 111.0 109.0 111.0 145.0 65.0 145.0 775.0 174.0 775.0 
2 3 0.74 0.74 564.0 128.0 564.0 234.0 112.0 234.0 494.0 20.0 494.0 
2 4 0.96 0.96 564.0 128.0 564.0 234.0 112.0 234.0 494.0 20.0 494.0 718.0 156.0 718.0 
2 5 1.33 1.33 564.0 128.0 564.0 234.0 112.0 234.0 494.0 20.0 494.0 718.0 156.0 718.0 550.0 203.0 550.0 
2 6 1.77 1.77 564.0 128.0 564.0 234.0 112.0 234.0 494.0 20.0 494.0 718.0 156.0 718.0 550.0 203.0 550.0 840.0 368.0 840.0 
2 3 1.18 1.18 702.0 123.0 702.0 641.0 544.0 641.0 149.0 24.0 149.0 
2 4 1.29 1.29 702.0 123.0 702.0 641.0 544.0 641.0 149.0 24.0 149.0 540.0 60.0 540.0 
2 5 1.59 1.59 702.0 123.0 702.0 641.0 544.0 641.0 149.0 24.0 149.0 540.0 60.0 540.0 475.0 141.0 475.0 
2 6 1.77 1.77 702.0 123.0 702.0 641.0 544.0 641.0 149.0 24.0 149.0 540.0 60.0 540.0 475.0 141.0 475.0 407.0 76.0 407.0 
2 7 1.87 1.87 702.0 123.0 702.0 641.0 544.0 641.0 149.0 24.0 149.0 540.0 60.0 540.0 475.0 141.0 475.0 407.0 76.0 407.0 20.0 2.0 20.0 
2 3 1.53 1.53 791.0 87.0 791.0 181.0 84.0 181.0 243.0 233.0 243.0 
2 4 1.8 1.8 791.0 87.0 791.0 181.0 84.0 181.0 243.0 233.0 243.0 368.0 100.0 368.0 
2 3 0.81 0.81 816.0 323.0 816.0 94.0 21.0 94.0 391.0 77.0 391.0 
2 4 1.23 1.23 816.0 323.0 816.0 94.0 21.0 94.0 391.0 77.0 391.0 778.0 323.0 778.0 
2 5 1.51 1.51 816.0 323.0 816.0 94.0 21.0 94.0 391.0 77.0 391.0 778.0 323.0 778.0 292.0 83.0 292.0 
2 3 0.9 0.9 641.0 248.0 641.0 323.0 18.0 323.0 72.0 33.0 72.0 
2 4 1.22 1.22 641.0 248.0 641.0 323.0 18.0 323.0 72.0 33.0 72.0 304.0 97.0 304.0 
2 3 0.49 0.49 313.0 80.0 313.0 114.0 9.0 114.0 504.0 80.0 504.0 
2 4 1.41 1.41 313.0 80.0 313.0 114.0 9.0 114.0 504.0 80.0 504.0 319.0 293.0 319.0 
2 5 1.81 1.81 313.0 80.0 313.0 114.0 9.0 114.0 504.0 80.0 504.0 319.0 293.0 319.0 710.0 283.0 710.0 
2 6 1.94 1.94 313.0 80.0 313.0 114.0 9.0 114.0 504.0 80.0 504.0 319.0 293.0 319.0 710.0 283.0 710.0 442.0 61.0 442.0 
2 3 1.17 1.17 20.0 14.0 20.0 447.0 109.0 447.0 658.0 152.0 658.0 
2 4 1.35 1.35 20.0 14.0 20.0 447.0 109.0 447.0 658.0 152.0 658.0 272.0 49.0 272.0 
2 5 1.51 1.51 20.0 14.0 20.0 447.0 109.0 447.0 658.0 152.0 658.0 272.0 49.0 272.0 564.0 88.0 564.0 
2 6 1.83 1.83 20.0 14.0 20.0 447.0 109.0 447.0 658.0 152.0 658.0 272.0 49.0 272.0 564.0 88.0 564.0 279.0 91.0 279.0 
2 3 0.65 0.65 11.0 3.0 11.0 176.0 21.0 176.0 214.0 56.0 214.0 
2 4 1.6 1.6 11.0 3.0 11.0 176.0 21.0 176.0 214.0 56.0 214.0 869.0 828.0 869.0 
2 5 1.67 1.67 11.0 3.0 11.0 176.0 21.0 176.0 214.0 56.0 214.0 869.0 828.0 869.0 655.0 47.0 655.0 
2 3 1.3 1.3 116.0 5.0 116.0 361.0 305.0 361.0 977.0 404.0 977.0 
2 4 1.44 1.44 116.0 5.0 116.0 361.0 305.0 361.0 977.0 404.0 977.0 177.0 25.0 177.0 
2 3 1.38 1.38 781.0 48.0 781.0 937.0 364.0 937.0 550.0 513.0 550.0 
2 4 1.39 1.39 781.0 48.0 781.0 937.0 364.0 937.0 550.0 513.0 550.0 893.0 7.0 893.0 
2 5 1.43 1.43 781.0 48.0 781.0 937.0 364.0 937.0 550.0 513.0 550.0 893.0 7.0 893.0 915.0 38.0 915.0 
2 6 1.69 1.69 781.0 48.0 781.0 937.0 364.0 937.0 550.0 513.0 550.0 893.0 7.0 893.0 915.0 38.0 915.0 146.0 38.0 146.0 
2 3 1.18 1.18 669.0 75.0 669.0 167.0 34.0 167.0 548.0 478.0 548.0 
2 4 1.45 1.45 669.0 75.0 669.0 167.0 34.0 167.0 548.0 478.0 548.0 741.0 195.0 741.0 
2 5 1.61 1.61 669.0 75.0 669.0 167.0 34.0 167.0 548.0 478.0 548.0 741.0 195.0 741.0 469.0 76.0 469.0 
2 3 0.67 0.67 883.0 314.0 883.0 487.0 60.0 487.0 564.0 113.0 564.0 
2 4 1.08 1.08 883.0 314.0 883.0 487.0 60.0 487.0 564.0 113.0 564.0 498.0 201.0 498.0 
2 5 1.53 1.53 883.0 314.0 883.0 487.0 60.0 487.0 564.0 113.0 564.0 498.0 201.0 498.0 578.0 260.0 578.0 
2 6 1.72 1.72 883.0 314.0 883.0 487.0 60.0 487.0 564.0 113.0 564.0 498.0 201.0 498.0 578.0 260.0 578.0 99.0 19.0 99.0 
2 3 0.58 0.58 855.0 61.0 855.0 850.0 245.0 850.0 487.0 111.0 487.0 
2 4 0.72 0.72 855.0 61.0 855.0 850.0 245.0 850.0 487.0 111.0 487.0 227.0 31.0 227.0 
2 5 0.72 0.72 855.0 61.0 855.0 850.0 245.0 850.0 487.0 111.0 487.0 227.0 31.0 227.0 995.0 5.0 995.0 
2 6 1.58 1.58 855.0 61.0 855.0 850.0 245.0 850.0 487.0 111.0 487.0 227.0 31.0 227.0 995.0 5.0 995.0 877.0 749.0 877.0 
2 7 1.91 1.91 855.0 61.0 855.0 850.0 245.0 850.0 487.0 111.0 487.0 227.0 31.0 227.0 995.0 5.0 995.0 877.0 749.0 877.0 303.0 101.0 303.0 
2 3 0.9 0.9 439.0 189.0 439.0 821.0 139.0 821.0 170.0 52.0 170.0 
2 4 1.32 1.32 439.0 189.0 439.0 821.0 139.0 821.0 170.0 52.0 170.0 578.0 240.0 578.0 
2 5 1.5 1.5 439.0 189.0 439.0 821.0 139.0 821.0 170.0 52.0 170.0 578.0 240.0 578.0 178.0 33.0 178.0 
2 6 1.72 1.72 439.0 189.0 439.0 821.0 139.0 821.0 170.0 52.0 170.0 578.0 240.0 578.0 178.0 33.0 178.0 243.0 52.0 243.0 
2 3 1.53 1.53 761.0 736.0 761.0 984.0 236.0 984.0 82.0 27.0 82.0 
2 3 1.48 1.48 738.0 530.0 738.0 292.0 87.0 292.0 844.0 392.0 844.0 
2 3 1.4 1.4 685.0 298.0 685.0 413.0 314.0 413.0 745.0 158.0 745.0 
2 4 1.88 1.88 685.0 298.0 685.0 413.0 314.0 413.0 745.0 158.0 745.0 841.0 402.0 841.0 
2 3 0.69 0.69 734.0 81.0 734.0 624.0 91.0 624.0 731.0 320.0 731.0 
2 4 1.04 1.04 734.0 81.0 734.0 624.0 91.0 624.0 731.0 320.0 731.0 726.0 254.0 726.0 
2 5 1.86 1.86 734.0 81.0 734.0 624.0 91.0 624.0 731.0 320.0 731.0 726.0 254.0 726.0 184.0 151.0 184.0 
2 3 1.74 1.74 355.0 153.0 355.0 712.0 293.0 712.0 151.0 136.0 151.0 
2 3 1.06 1.06 3.0 1.0 3.0 289.0 57.0 289.0 947.0 507.0 947.0 
2 4 1.95 1.95 3.0 1.0 3.0 289.0 57.0 289.0 947.0 507.0 947.0 18.0 16.0 18.0 
2 3 0.71 0.71 628.0 228.0 628.0 297.0 83.0 297.0 74.0 5.0 74.0 
2 4 0.91 0.91 628.0 228.0 628.0 297.0 83.0 297.0 74.0 5.0 74.0 929.0 195.0 929.0 
2 5 1.12 1.12 628.0 228.0 628.0 297.0 83.0 297.0 74.0 5.0 74.0 929.0 195.0 929.0 491.0 100.0 491.0 
2 6 1.99 1.99 628.0 228.0 628.0 297.0 83.0 297.0 74.0 5.0 74.0 929.0 195.0 929.0 491.0 100.0 491.0 813.0 712.0 813.0 
2 3 1.14 1.14 40.0 39.0 40.0 536.0 3.0 536.0 24.0 4.0 24.0 
2 4 1.4 1.4 40.0 39.0 40.0 536.0 3.0 536.0 24.0 4.0 24.0 290.0 76.0 290.0 
2 5 1.66 1.66 40.0 39.0 40.0 536.0 3.0 536.0 24.0 4.0 24.0 290.0 76.0 290.0 524.0 133.0 524.0 
2 6 1.91 1.91 40.0 39.0 40.0 536.0 3.0 536.0 24.0 4.0 24.0 290.0 76.0 290.0 524.0 133.0 524.0 877.0 218.0 877.0 
2 7 1.94 1.94 40.0 39.0 40.0 536.0 3.0 536.0 24.0 4.0 24.0 290.0 76.0 290.0 524.0 133.0 524.0 877.0 218.0 877.0 857.0 27.0 857.0 
2 3 0.83 0.83 862.0 365.0 862.0 869.0 340.0 869.0 291.0 6.0 291.0 
2 4 1.35 1.35 862.0 365.0 862.0 869.0 340.0 869.0 291.0 6.0 291.0 845.0 442.0 845.0 
2 5 1.59 1.59 862.0 365.0 862.0 869.0 340.0 869.0 291.0 6.0 291.0 845.0 442.0 845.0 460.0 108.0 460.0 
2 3 1.84 1.84 854.0 501.0 854.0 655.0 235.0 655.0 328.0 295.0 328.0 
2 4 1.92 1.92 854.0 501.0 854.0 655.0 235.0 655.0 328.0 295.0 328.0 321.0 27.0 321.0 
2 3 0.76 0.76 381.0 167.0 381.0 317.0 25.0 317.0 498.0 122.0 498.0 
2 4 1.22 1.22 381.0 167.0 381.0 317.0 25.0 317.0 498.0 122.0 498.0 798.0 368.0 798.0 
2 5 1.79 1.79 381.0 167.0 381.0 317.0 25.0 317.0 498.0 122.0 498.0 798.0 368.0 798.0 618.0 355.0 618.0 
2 3 0.57 0.57 186.0 40.0 186.0 795.0 24.0 795.0 79.0 26.0 79.0 
2 4 1.33 1.33 186.0 40.0 186.0 795.0 24.0 795.0 79.0 26.0 79.0 837.0 637.0 837.0 
2 5 1.46 1.46 186.0 40.0 186.0 795.0 24.0 795.0 79.0 26.0 79.0 837.0 637.0 837.0 546.0 73.0 546.0 
2 6 1.64 1.64 186.0 40.0 186.0 795.0 24.0 795.0 79.0 26.0 79.0 837.0 637.0 837.0 546.0 73.0 546.0 600.0 104.0 600.0 
2 7 1.98 1.98 186.0 40.0 186.0 795.0 24.0 795.0 79.0 26.0 79.0 837.0 637.0 837.0 546.0 73.0 546.0 600.0 104.0 600.0 58.0 20.0 58.0 
2 3 0.47 0.47 285.0 43.0 285.0 864.0 165.0 864.0 453.0 62.0 453.0 
2 4 0.59 0.59 285.0 43.0 285.0 864.0 165.0 864.0 453.0 62.0 453.0 42.0 5.0 42.0 
2 5 0.99 0.99 285.0 43.0 285.0 864.0 165.0 864.0 453.0 62.0 453.0 42.0 5.0 42.0 911.0 359.0 911.0 
2 6 1.9 1.9 285.0 43.0 285.0 864.0 165.0 864.0 453.0 62.0 453.0 42.0 5.0 42.0 911.0 359.0 911.0 151.0 138.0 151.0 
2 3 1.48 1.48 706.0 415.0 706.0 22.0 4.0 22.0 803.0 576.0 803.0 
2 3 0.69 0.69 273.0 55.0 273.0 898.0 5.0 898.0 791.0 385.0 791.0 
2 4 0.71 0.71 273.0 55.0 273.0 898.0 5.0 898.0 791.0 385.0 791.0 507.0 13.0 507.0 
2 5 0.72 0.72 273.0 55.0 273.0 898.0 5.0 898.0 791.0 385.0 791.0 507.0 13.0 507.0 501.0 5.0 501.0 
2 6 1.45 1.45 273.0 55.0 273.0 898.0 5.0 898.0 791.0 385.0 791.0 507.0 13.0 507.0 501.0 5.0 501.0 944.0 687.0 944.0 
2 3 1.95 1.95 939.0 879.0 939.0 389.0 246.0 389.0 956.0 371.0 956.0 
2 3 1.31 1.31 663.0 193.0 663.0 940.0 171.0 940.0 393.0 332.0 393.0 
2 4 1.4 1.4 663.0 193.0 663.0 940.0 171.0 940.0 393.0 332.0 393.0 532.0 47.0 532.0 
2 3 1.55 1.55 936.0 371.0 936.0 563.0 242.0 563.0 588.0 426.0 588.0 
2 4 1.86 1.86 936.0 371.0 936.0 563.0 242.0 563.0 588.0 426.0 588.0 783.0 244.0 783.0 
2 3 1.98 1.98 199.0 124.0 199.0 555.0 216.0 555.0 65.0 63.0 65.0 
2 3 0.85 0.85 675.0 221.0 675.0 143.0 31.0 143.0 279.0 87.0 279.0 
2 4 1.14 1.14 675.0 221.0 675.0 143.0 31.0 143.0 279.0 87.0 279.0 390.0 113.0 390.0 
2 5 1.15 1.15 675.0 221.0 675.0 143.0 31.0 143.0 279.0 87.0 279.0 390.0 113.0 390.0 309.0 4.0 309.0 
2 6 1.17 1.17 675.0 221.0 675.0 143.0 31.0 143.0 279.0 87.0 279.0 390.0 113.0 390.0 309.0 4.0 309.0 109.0 2.0 109.0 
2 7 1.24 1.24 675.0 221.0 675.0 143.0 31.0 143.0 279.0 87.0 279.0 390.0 113.0 390.0 309.0 4.0 309.0 109.0 2.0 109.0 153.0 10.0 153.0 
2 8 1.29 1.29 675.0 221.0 675.0 143.0 31.0 143.0 279.0 87.0 279.0 390.0 113.0 390.0 309.0 4.0 309.0 109.0 2.0 109.0 153.0 10.0 153.0 157.0 9.0 157.0 
2 9 1.6 1.6 675.0 221.0 675.0 143.0 31.0 143.0 279.0 87.0 279.0 390.0 113.0 390.0 309.0 4.0 309.0 109.0 2.0 109.0 153.0 10.0 153.0 157.0 9.0 157.0 662.0 203.0 662.0 
2 3 1.51 1.51 872.0 431.0 872.0 533.0 350.0 533.0 856.0 314.0 856.0 
2 4 1.92 1.92 872.0 431.0 872.0 533.0 350.0 533.0 856.0 314.0 856.0 140.0 57.0 140.0 
2 3 1.59 1.59 935.0 436.0 935.0 836.0 598.0 836.0 354.0 145.0 354.0 
2 4 1.78 1.78 935.0 436.0 935.0 836.0 598.0 836.0 354.0 145.0 354.0 272.0 52.0 272.0 
2 3 1.03 1.03 820.0 509.0 820.0 919.0 213.0 919.0 249.0 45.0 249.0 
2 4 1.04 1.04 820.0 509.0 820.0 919.0 213.0 919.0 249.0 45.0 249.0 667.0 11.0 667.0 
2 5 1.73 1.73 820.0 509.0 820.0 919.0 213.0 919.0 249.0 45.0 249.0 667.0 11.0 667.0 915.0 628.0 915.0 
2 3 1.31 1.31 955.0 363.0 955.0 777.0 422.0 777.0 203.0 79.0 203.0 
2 4 1.49 1.49 955.0 363.0 955.0 777.0 422.0 777.0 203.0 79.0 203.0 336.0 63.0 336.0 
2 5 1.67 1.67 955.0 363.0 955.0 777.0 422.0 777.0 203.0 79.0 203.0 336.0 63.0 336.0 339.0 58.0 339.0 
2 6 1.81 1.81 955.0 363.0 955.0 777.0 422.0 777.0 203.0 79.0 203.0 336.0 63.0 336.0 339.0 58.0 339.0 578.0 82.0 578.0 
2 3 1.02 1.02 85.0 21.0 85.0 206.0 118.0 206.0 371.0 76.0 371.0 
2 4 1.47 1.47 85.0 21.0 85.0 206.0 118.0 206.0 371.0 76.0 371.0 264.0 120.0 264.0 
2 3 1.3 1.3 640.0 398.0 640.0 24.0 16.0 24.0 789.0 10.0 789.0 
2 4 1.5 1.5 640.0 398.0 640.0 24.0 16.0 24.0 789.0 10.0 789.0 293.0 61.0 293.0 
2 5 1.89 1.89 640.0 398.0 640.0 24.0 16.0 24.0 789.0 10.0 789.0 293.0 61.0 293.0 180.0 70.0 180.0 
2 3 1.45 1.45 217.0 138.0 217.0 717.0 481.0 717.0 424.0 63.0 424.0 
2 4 1.83 1.83 217.0 138.0 217.0 717.0 481.0 717.0 424.0 63.0 424.0 124.0 47.0 124.0 
2 3 0.76 0.76 61.0 6.0 61.0 810.0 116.0 810.0 438.0 228.0 438.0 
2 4 0.86 0.86 61.0 6.0 61.0 810.0 116.0 810.0 438.0 228.0 438.0 361.0 36.0 361.0 
2 5 1.67 1.67 61.0 6.0 61.0 810.0 116.0 810.0 438.0 228.0 438.0 361.0 36.0 361.0 721.0 586.0 721.0 
2 6 1.86 1.86 61.0 6.0 61.0 810.0 116.0 810.0 438.0 228.0 438.0 361.0 36.0 361.0 721.0 586.0 721.0 167.0 31.0 167.0 
2 7 1.88 1.88 61.0 6.0 61.0 810.0 116.0 810.0 438.0 228.0 438.0 361.0 36.0 361.0 721.0 586.0 721.0 167.0 31.0 167.0 226.0 6.0 226.0 
2 3 0.93 0.93 381.0 158.0 381.0 852.0 312.0 852.0 26.0 4.0 26.0 
2 4 1.15 1.15 381.0 158.0 381.0 852.0 312.0 852.0 26.0 4.0 26.0 843.0 189.0 843.0 
2 5 1.26 1.26 381.0 158.0 381.0 852.0 312.0 852.0 26.0 4.0 26.0 843.0 189.0 843.0 936.0 100.0 936.0 
2 6 1.99 1.99 381.0 158.0 381.0 852.0 312.0 852.0 26.0 4.0 26.0 843.0 189.0 843.0 936.0 100.0 936.0 946.0 689.0 946.0 
2 3 1.23 1.23 579.0 261.0 579.0 392.0 88.0 392.0 863.0 480.0 863.0 
2 4 1.37 1.37 579.0 261.0 579.0 392.0 88.0 392.0 863.0 480.0 863.0 526.0 74.0 526.0 
2 5 1.56 1.56 579.0 261.0 579.0 392.0 88.0 392.0 863.0 480.0 863.0 526.0 74.0 526.0 510.0 100.0 510.0 
2 6 1.84 1.84 579.0 261.0 579.0 392.0 88.0 392.0 863.0 480.0 863.0 526.0 74.0 526.0 510.0 100.0 510.0 969.0 273.0 969.0 
2 3 0.94 0.94 220.0 24.0 220.0 855.0 691.0 855.0 641.0 18.0 641.0 
2 4 1.6 1.6 220.0 24.0 220.0 855.0 691.0 855.0 641.0 18.0 641.0 464.0 304.0 464.0 
2 5 1.61 1.61 220.0 24.0 220.0 855.0 691.0 855.0 641.0 18.0 641.0 464.0 304.0 464.0 60.0 1.0 60.0 
2 6 1.77 1.77 220.0 24.0 220.0 855.0 691.0 855.0 641.0 18.0 641.0 464.0 304.0 464.0 60.0 1.0 60.0 109.0 17.0 109.0 
2 3 0.56 0.56 885.0 311.0 885.0 537.0 104.0 537.0 110.0 2.0 110.0 
2 4 0.88 0.88 885.0 311.0 885.0 537.0 104.0 537.0 110.0 2.0 110.0 904.0 288.0 904.0 
2 5 0.9 0.9 885.0 311.0 885.0 537.0 104.0 537.0 110.0 2.0 110.0 904.0 288.0 904.0 976.0 19.0 976.0 
2 6 1.52 1.52 885.0 311.0 885.0 537.0 104.0 537.0 110.0 2.0 110.0 904.0 288.0 904.0 976.0 19.0 976.0 850.0 533.0 850.0 
2 7 1.58 1.58 885.0 311.0 885.0 537.0 104.0 537.0 110.0 2.0 110.0 904.0 288.0 904.0 976.0 19.0 976.0 850.0 533.0 850.0 679.0 40.0 679.0 
2 3 0.82 0.82 961.0 262.0 961.0 839.0 238.0 839.0 387.0 105.0 387.0 
2 4 0.85 0.85 961.0 262.0 961.0 839.0 238.0 839.0 387.0 105.0 387.0 795.0 23.0 795.0 
2 5 1.19 1.19 961.0 262.0 961.0 839.0 238.0 839.0 387.0 105.0 387.0 795.0 23.0 795.0 834.0 284.0 834.0 
2 3 1.11 1.11 376.0 36.0 376.0 103.0 37.0 103.0 301.0 199.0 301.0 
2 4 1.27 1.27 376.0 36.0 376.0 103.0 37.0 103.0 301.0 199.0 301.0 50.0 8.0 50.0 
2 5 1.29 1.29 376.0 36.0 376.0 103.0 37.0 103.0 301.0 199.0 301.0 50.0 8.0 50.0 294.0 7.0 294.0 
2 6 1.74 1.74 376.0 36.0 376.0 103.0 37.0 103.0 301.0 199.0 301.0 50.0 8.0 50.0 294.0 7.0 294.0 131.0 58.0 131.0 
2 3 0.99 0.99 433.0 204.0 433.0 247.0 51.0 247.0 793.0 250.0 793.0 
2 4 1.35 1.35 433.0 204.0 433.0 247.0 51.0 247.0 793.0 250.0 793.0 115.0 42.0 115.0 
2 5 1.83 1.83 433.0 204.0 433.0 247.0 51.0 247.0 793.0 250.0 793.0 115.0 42.0 115.0 445.0 214.0 445.0 
