1 2 0.36 0.36 263.0 24.0 263.0 846.0 235.0 846.0 
1 3 0.9 0.9 263.0 24.0 263.0 846.0 235.0 846.0 743.0 396.0 743.0 
1 2 0.51 0.51 451.0 201.0 451.0 297.0 21.0 297.0 
1 3 0.79 0.79 451.0 201.0 451.0 297.0 21.0 297.0 769.0 212.0 769.0 
1 2 0.75 0.75 81.0 13.0 81.0 531.0 314.0 531.0 
1 3 0.92 0.92 81.0 13.0 81.0 531.0 314.0 531.0 429.0 75.0 429.0 
1 4 0.94 0.94 81.0 13.0 81.0 531.0 314.0 531.0 429.0 75.0 429.0 111.0 2.0 111.0 
1 2 0.13 0.13 30.0 2.0 30.0 193.0 13.0 193.0 
1 3 0.21 0.21 30.0 2.0 30.0 193.0 13.0 193.0 930.0 73.0 930.0 
1 4 0.48 0.48 30.0 2.0 30.0 193.0 13.0 193.0 930.0 73.0 930.0 667.0 182.0 667.0 
1 5 0.78 0.78 30.0 2.0 30.0 193.0 13.0 193.0 930.0 73.0 930.0 667.0 182.0 667.0 841.0 252.0 841.0 
1 2 0.74 0.74 435.0 151.0 435.0 173.0 68.0 173.0 
1 3 0.79 0.79 435.0 151.0 435.0 173.0 68.0 173.0 995.0 59.0 995.0 
1 2 0.37 0.37 820.0 145.0 820.0 604.0 118.0 604.0 
1 3 0.49 0.49 820.0 145.0 820.0 604.0 118.0 604.0 541.0 67.0 541.0 
1 4 0.9 0.9 820.0 145.0 820.0 604.0 118.0 604.0 541.0 67.0 541.0 161.0 66.0 161.0 
1 5 0.99 0.99 820.0 145.0 820.0 604.0 118.0 604.0 541.0 67.0 541.0 161.0 66.0 161.0 935.0 86.0 935.0 
1 2 0.92 0.92 957.0 517.0 957.0 996.0 382.0 996.0 
1 2 0.06 0.06 388.0 4.0 388.0 340.0 20.0 340.0 
1 3 0.17 0.17 388.0 4.0 388.0 340.0 20.0 340.0 600.0 63.0 600.0 
1 4 0.56 0.56 388.0 4.0 388.0 340.0 20.0 340.0 600.0 63.0 600.0 762.0 301.0 762.0 
1 2 0.2 0.2 826.0 120.0 826.0 171.0 11.0 171.0 
1 2 0.98 0.98 198.0 31.0 198.0 266.0 220.0 266.0 
1 2 0.07 0.07 607.0 38.0 607.0 592.0 6.0 592.0 
1 3 0.57 0.57 607.0 38.0 607.0 592.0 6.0 592.0 495.0 249.0 495.0 
1 4 0.6 0.6 607.0 38.0 607.0 592.0 6.0 592.0 495.0 249.0 495.0 985.0 32.0 985.0 
1 5 0.83 0.83 607.0 38.0 607.0 592.0 6.0 592.0 495.0 249.0 495.0 985.0 32.0 985.0 294.0 66.0 294.0 
1 2 0.87 0.87 849.0 607.0 849.0 390.0 63.0 390.0 
1 2 0.36 0.36 763.0 271.0 763.0 550.0 5.0 550.0 
1 3 0.77 0.77 763.0 271.0 763.0 550.0 5.0 550.0 296.0 121.0 296.0 
1 2 0.62 0.62 690.0 148.0 690.0 494.0 204.0 494.0 
1 2 0.23 0.23 844.0 118.0 844.0 233.0 22.0 233.0 
1 3 0.46 0.46 844.0 118.0 844.0 233.0 22.0 233.0 463.0 108.0 463.0 
1 4 0.85 0.85 844.0 118.0 844.0 233.0 22.0 233.0 463.0 108.0 463.0 506.0 197.0 506.0 
1 5 0.9 0.9 844.0 118.0 844.0 233.0 22.0 233.0 463.0 108.0 463.0 506.0 197.0 506.0 321.0 15.0 321.0 
1 2 0.49 0.49 357.0 134.0 357.0 17.0 2.0 17.0 
1 3 0.55 0.55 357.0 134.0 357.0 17.0 2.0 17.0 348.0 23.0 348.0 
1 4 0.6 0.6 357.0 134.0 357.0 17.0 2.0 17.0 348.0 23.0 348.0 195.0 9.0 195.0 
1 5 0.78 0.78 357.0 134.0 357.0 17.0 2.0 17.0 348.0 23.0 348.0 195.0 9.0 195.0 432.0 77.0 432.0 
1 2 0.6 0.6 898.0 225.0 898.0 452.0 161.0 452.0 
1 3 0.68 0.68 898.0 225.0 898.0 452.0 161.0 452.0 148.0 12.0 148.0 
1 2 0.93 0.93 561.0 224.0 561.0 734.0 391.0 734.0 
1 2 0.67 0.67 814.0 137.0 814.0 819.0 413.0 819.0 
1 2 0.28 0.28 668.0 143.0 668.0 926.0 64.0 926.0 
1 3 0.67 0.67 668.0 143.0 668.0 926.0 64.0 926.0 273.0 107.0 273.0 
1 4 0.73 0.73 668.0 143.0 668.0 926.0 64.0 926.0 273.0 107.0 273.0 903.0 56.0 903.0 
1 2 0.25 0.25 125.0 28.0 125.0 422.0 12.0 422.0 
1 3 0.5 0.5 125.0 28.0 125.0 422.0 12.0 422.0 640.0 163.0 640.0 
1 4 0.66 0.66 125.0 28.0 125.0 422.0 12.0 422.0 640.0 163.0 640.0 216.0 35.0 216.0 
1 5 0.94 0.94 125.0 28.0 125.0 422.0 12.0 422.0 640.0 163.0 640.0 216.0 35.0 216.0 273.0 76.0 273.0 
1 2 0.56 0.56 380.0 166.0 380.0 616.0 76.0 616.0 
1 3 0.63 0.63 380.0 166.0 380.0 616.0 76.0 616.0 827.0 63.0 827.0 
1 2 0.84 0.84 463.0 362.0 463.0 744.0 48.0 744.0 
1 2 0.76 0.76 935.0 424.0 935.0 176.0 55.0 176.0 
1 2 0.76 0.76 367.0 261.0 367.0 894.0 44.0 894.0 
1 2 0.53 0.53 704.0 194.0 704.0 949.0 244.0 949.0 
1 3 0.56 0.56 704.0 194.0 704.0 949.0 244.0 949.0 488.0 16.0 488.0 
1 4 0.66 0.66 704.0 194.0 704.0 949.0 244.0 949.0 488.0 16.0 488.0 288.0 30.0 288.0 
1 5 0.96 0.96 704.0 194.0 704.0 949.0 244.0 949.0 488.0 16.0 488.0 288.0 30.0 288.0 417.0 124.0 417.0 
1 2 0.13 0.13 230.0 22.0 230.0 581.0 24.0 581.0 
1 3 0.38 0.38 230.0 22.0 230.0 581.0 24.0 581.0 953.0 233.0 953.0 
1 4 0.49 0.49 230.0 22.0 230.0 581.0 24.0 581.0 953.0 233.0 953.0 46.0 5.0 46.0 
1 2 0.87 0.87 998.0 639.0 998.0 808.0 189.0 808.0 
1 2 0.76 0.76 413.0 201.0 413.0 848.0 232.0 848.0 
1 2 0.8 0.8 893.0 249.0 893.0 727.0 383.0 727.0 
1 2 0.48 0.48 250.0 106.0 250.0 690.0 44.0 690.0 
1 3 0.54 0.54 250.0 106.0 250.0 690.0 44.0 690.0 980.0 55.0 980.0 
1 4 0.9 0.9 250.0 106.0 250.0 690.0 44.0 690.0 980.0 55.0 980.0 511.0 183.0 511.0 
1 2 0.29 0.29 230.0 66.0 230.0 228.0 1.0 228.0 
1 3 0.99 0.99 230.0 66.0 230.0 228.0 1.0 228.0 543.0 383.0 543.0 
1 2 0.27 0.27 888.0 52.0 888.0 709.0 152.0 709.0 
1 3 0.64 0.64 888.0 52.0 888.0 709.0 152.0 709.0 358.0 134.0 358.0 
1 2 0.35 0.35 66.0 10.0 66.0 754.0 156.0 754.0 
1 3 0.56 0.56 66.0 10.0 66.0 754.0 156.0 754.0 353.0 74.0 353.0 
1 4 0.81 0.81 66.0 10.0 66.0 754.0 156.0 754.0 353.0 74.0 353.0 140.0 34.0 140.0 
1 2 0.77 0.77 786.0 132.0 786.0 719.0 433.0 719.0 
1 2 0.8 0.8 433.0 155.0 433.0 868.0 384.0 868.0 
1 3 0.93 0.93 433.0 155.0 433.0 868.0 384.0 868.0 869.0 116.0 869.0 
1 2 0.42 0.42 29.0 3.0 29.0 965.0 309.0 965.0 
1 3 0.91 0.91 29.0 3.0 29.0 965.0 309.0 965.0 324.0 160.0 324.0 
1 4 0.96 0.96 29.0 3.0 29.0 965.0 309.0 965.0 324.0 160.0 324.0 319.0 14.0 319.0 
1 2 0.35 0.35 355.0 35.0 355.0 857.0 216.0 857.0 
1 3 0.63 0.63 355.0 35.0 355.0 857.0 216.0 857.0 192.0 55.0 192.0 
1 4 0.82 0.82 355.0 35.0 355.0 857.0 216.0 857.0 192.0 55.0 192.0 628.0 116.0 628.0 
1 2 0.39 0.39 734.0 173.0 734.0 31.0 5.0 31.0 
1 3 0.6 0.6 734.0 173.0 734.0 31.0 5.0 31.0 663.0 138.0 663.0 
1 4 0.77 0.77 734.0 173.0 734.0 31.0 5.0 31.0 663.0 138.0 663.0 35.0 6.0 35.0 
1 2 0.61 0.61 990.0 338.0 990.0 349.0 94.0 349.0 
1 3 0.8 0.8 990.0 338.0 990.0 349.0 94.0 349.0 800.0 157.0 800.0 
1 2 0.62 0.62 419.0 134.0 419.0 645.0 195.0 645.0 
1 3 0.81 0.81 419.0 134.0 419.0 645.0 195.0 645.0 689.0 132.0 689.0 
1 4 0.9 0.9 419.0 134.0 419.0 645.0 195.0 645.0 689.0 132.0 689.0 684.0 62.0 684.0 
1 5 0.99 0.99 419.0 134.0 419.0 645.0 195.0 645.0 689.0 132.0 689.0 684.0 62.0 684.0 122.0 11.0 122.0 
1 2 0.79 0.79 999.0 738.0 999.0 365.0 21.0 365.0 
1 2 0.87 0.87 132.0 50.0 132.0 681.0 341.0 681.0 
1 2 0.4 0.4 706.0 235.0 706.0 952.0 69.0 952.0 
1 2 0.43 0.43 609.0 174.0 609.0 647.0 96.0 647.0 
1 3 0.87 0.87 609.0 174.0 609.0 647.0 96.0 647.0 537.0 236.0 537.0 
1 2 0.51 0.51 508.0 225.0 508.0 271.0 20.0 271.0 
1 3 0.59 0.59 508.0 225.0 508.0 271.0 20.0 271.0 147.0 12.0 147.0 
1 4 0.9 0.9 508.0 225.0 508.0 271.0 20.0 271.0 147.0 12.0 147.0 495.0 150.0 495.0 
1 2 0.38 0.38 205.0 34.0 205.0 303.0 66.0 303.0 
1 3 0.96 0.96 205.0 34.0 205.0 303.0 66.0 303.0 838.0 490.0 838.0 
1 2 0.41 0.41 801.0 313.0 801.0 358.0 9.0 358.0 
1 3 0.55 0.55 801.0 313.0 801.0 358.0 9.0 358.0 410.0 57.0 410.0 
1 4 0.97 0.97 801.0 313.0 801.0 358.0 9.0 358.0 410.0 57.0 410.0 806.0 336.0 806.0 
1 2 0.45 0.45 285.0 2.0 285.0 772.0 348.0 772.0 
1 3 0.56 0.56 285.0 2.0 285.0 772.0 348.0 772.0 622.0 64.0 622.0 
1 2 0.46 0.46 335.0 136.0 335.0 623.0 37.0 623.0 
1 3 0.79 0.79 335.0 136.0 335.0 623.0 37.0 623.0 389.0 130.0 389.0 
1 2 0.85 0.85 295.0 74.0 295.0 727.0 441.0 727.0 
1 3 0.91 0.91 295.0 74.0 295.0 727.0 441.0 727.0 317.0 19.0 317.0 
1 2 0.92 0.92 307.0 44.0 307.0 28.0 22.0 28.0 
1 2 0.69 0.69 9.0 3.0 9.0 411.0 148.0 411.0 
1 3 0.86 0.86 9.0 3.0 9.0 411.0 148.0 411.0 999.0 170.0 999.0 
1 4 0.99 0.99 9.0 3.0 9.0 411.0 148.0 411.0 999.0 170.0 999.0 678.0 86.0 678.0 
1 2 0.93 0.93 738.0 385.0 738.0 646.0 264.0 646.0 
1 2 0.65 0.65 820.0 181.0 820.0 479.0 210.0 479.0 
1 3 0.77 0.77 820.0 181.0 820.0 479.0 210.0 479.0 401.0 47.0 401.0 
1 2 0.62 0.62 937.0 566.0 937.0 685.0 17.0 685.0 
1 2 0.51 0.51 6.0 3.0 6.0 330.0 4.0 330.0 
1 3 0.69 0.69 6.0 3.0 6.0 330.0 4.0 330.0 986.0 183.0 986.0 
1 4 0.79 0.79 6.0 3.0 6.0 330.0 4.0 330.0 986.0 183.0 986.0 10.0 1.0 10.0 
1 2 0.42 0.42 364.0 128.0 364.0 486.0 35.0 486.0 
1 3 0.69 0.69 364.0 128.0 364.0 486.0 35.0 486.0 992.0 273.0 992.0 
1 4 0.85 0.85 364.0 128.0 364.0 486.0 35.0 486.0 992.0 273.0 992.0 856.0 134.0 856.0 
1 5 0.87 0.87 364.0 128.0 364.0 486.0 35.0 486.0 992.0 273.0 992.0 856.0 134.0 856.0 244.0 5.0 244.0 
1 2 0.74 0.74 887.0 61.0 887.0 43.0 29.0 43.0 
1 2 0.28 0.28 271.0 48.0 271.0 90.0 10.0 90.0 
1 3 0.88 0.88 271.0 48.0 271.0 90.0 10.0 90.0 15.0 9.0 15.0 
1 2 0.65 0.65 162.0 91.0 162.0 386.0 36.0 386.0 
1 2 0.42 0.42 454.0 105.0 454.0 374.0 71.0 374.0 
1 3 0.58 0.58 454.0 105.0 454.0 374.0 71.0 374.0 655.0 110.0 655.0 
1 4 0.74 0.74 454.0 105.0 454.0 374.0 71.0 374.0 655.0 110.0 655.0 594.0 91.0 594.0 
1 2 0.62 0.62 527.0 233.0 527.0 559.0 100.0 559.0 
1 2 0.59 0.59 514.0 96.0 514.0 169.0 69.0 169.0 
1 2 0.97 0.97 631.0 414.0 631.0 584.0 189.0 584.0 
1 2 0.91 0.91 246.0 179.0 246.0 393.0 72.0 393.0 
1 2 0.23 0.23 893.0 80.0 893.0 901.0 129.0 901.0 
1 3 0.25 0.25 893.0 80.0 893.0 901.0 129.0 901.0 814.0 16.0 814.0 
1 4 0.4 0.4 893.0 80.0 893.0 901.0 129.0 901.0 814.0 16.0 814.0 651.0 101.0 651.0 
1 5 0.48 0.48 893.0 80.0 893.0 901.0 129.0 901.0 814.0 16.0 814.0 651.0 101.0 651.0 833.0 63.0 833.0 
1 2 0.39 0.39 404.0 59.0 404.0 387.0 98.0 387.0 
1 3 0.47 0.47 404.0 59.0 404.0 387.0 98.0 387.0 380.0 27.0 380.0 
1 4 0.54 0.54 404.0 59.0 404.0 387.0 98.0 387.0 380.0 27.0 380.0 806.0 63.0 806.0 
1 2 0.79 0.79 950.0 616.0 950.0 513.0 73.0 513.0 
1 2 0.18 0.18 863.0 45.0 863.0 183.0 25.0 183.0 
1 2 0.7 0.7 273.0 38.0 273.0 482.0 273.0 482.0 
1 3 0.91 0.91 273.0 38.0 273.0 482.0 273.0 482.0 765.0 164.0 765.0 
1 2 0.68 0.68 57.0 13.0 57.0 292.0 134.0 292.0 
1 2 0.63 0.63 863.0 191.0 863.0 992.0 415.0 992.0 
1 3 0.84 0.84 863.0 191.0 863.0 992.0 415.0 992.0 929.0 188.0 929.0 
1 2 0.39 0.39 380.0 20.0 380.0 148.0 51.0 148.0 
1 3 0.41 0.41 380.0 20.0 380.0 148.0 51.0 148.0 202.0 3.0 202.0 
1 4 0.86 0.86 380.0 20.0 380.0 148.0 51.0 148.0 202.0 3.0 202.0 846.0 383.0 846.0 
1 2 0.38 0.38 956.0 13.0 956.0 293.0 108.0 293.0 
1 3 0.77 0.77 956.0 13.0 956.0 293.0 108.0 293.0 53.0 21.0 53.0 
1 2 0.3 0.3 74.0 20.0 74.0 964.0 34.0 964.0 
1 3 0.61 0.61 74.0 20.0 74.0 964.0 34.0 964.0 85.0 26.0 85.0 
1 2 0.83 0.83 538.0 194.0 538.0 21.0 10.0 21.0 
1 2 0.28 0.28 675.0 16.0 675.0 901.0 239.0 901.0 
1 3 0.65 0.65 675.0 16.0 675.0 901.0 239.0 901.0 600.0 219.0 600.0 
1 2 0.2 0.2 587.0 119.0 587.0 510.0 3.0 510.0 
1 3 0.42 0.42 587.0 119.0 587.0 510.0 3.0 510.0 178.0 39.0 178.0 
1 4 0.89 0.89 587.0 119.0 587.0 510.0 3.0 510.0 178.0 39.0 178.0 359.0 168.0 359.0 
1 2 0.66 0.66 289.0 4.0 289.0 838.0 545.0 838.0 
1 2 0.48 0.48 130.0 58.0 130.0 690.0 29.0 690.0 
1 3 0.58 0.58 130.0 58.0 130.0 690.0 29.0 690.0 627.0 62.0 627.0 
1 2 0.8 0.8 104.0 38.0 104.0 785.0 348.0 785.0 
1 3 0.94 0.94 104.0 38.0 104.0 785.0 348.0 785.0 15.0 2.0 15.0 
1 2 0.93 0.93 368.0 94.0 368.0 891.0 609.0 891.0 
1 2 0.58 0.58 606.0 197.0 606.0 392.0 100.0 392.0 
1 2 0.85 0.85 132.0 61.0 132.0 621.0 242.0 621.0 
1 2 0.11 0.11 873.0 93.0 873.0 893.0 6.0 893.0 
1 3 0.11 0.11 873.0 93.0 873.0 893.0 6.0 893.0 597.0 2.0 597.0 
1 4 0.53 0.53 873.0 93.0 873.0 893.0 6.0 893.0 597.0 2.0 597.0 201.0 84.0 201.0 
1 5 0.76 0.76 873.0 93.0 873.0 893.0 6.0 893.0 597.0 2.0 597.0 201.0 84.0 201.0 939.0 215.0 939.0 
1 6 0.96 0.96 873.0 93.0 873.0 893.0 6.0 893.0 597.0 2.0 597.0 201.0 84.0 201.0 939.0 215.0 939.0 733.0 146.0 733.0 
1 2 0.44 0.44 369.0 152.0 369.0 798.0 25.0 798.0 
1 3 0.48 0.48 369.0 152.0 369.0 798.0 25.0 798.0 538.0 20.0 538.0 
1 4 0.86 0.86 369.0 152.0 369.0 798.0 25.0 798.0 538.0 20.0 538.0 296.0 113.0 296.0 
1 2 0.17 0.17 869.0 90.0 869.0 718.0 52.0 718.0 
1 3 0.55 0.55 869.0 90.0 869.0 718.0 52.0 718.0 716.0 271.0 716.0 
1 4 0.59 0.59 869.0 90.0 869.0 718.0 52.0 718.0 716.0 271.0 716.0 309.0 14.0 309.0 
1 2 0.45 0.45 572.0 27.0 572.0 69.0 28.0 69.0 
1 3 0.51 0.51 572.0 27.0 572.0 69.0 28.0 69.0 417.0 25.0 417.0 
1 4 0.53 0.53 572.0 27.0 572.0 69.0 28.0 69.0 417.0 25.0 417.0 552.0 13.0 552.0 
1 5 0.68 0.68 572.0 27.0 572.0 69.0 28.0 69.0 417.0 25.0 417.0 552.0 13.0 552.0 676.0 99.0 676.0 
1 2 0.43 0.43 824.0 152.0 824.0 469.0 116.0 469.0 
1 2 0.5 0.5 430.0 75.0 430.0 925.0 310.0 925.0 
1 2 0.22 0.22 410.0 69.0 410.0 754.0 43.0 754.0 
1 3 0.28 0.28 410.0 69.0 410.0 754.0 43.0 754.0 141.0 9.0 141.0 
1 4 0.44 0.44 410.0 69.0 410.0 754.0 43.0 754.0 141.0 9.0 141.0 649.0 102.0 649.0 
1 5 0.76 0.76 410.0 69.0 410.0 754.0 43.0 754.0 141.0 9.0 141.0 649.0 102.0 649.0 861.0 276.0 861.0 
1 6 0.88 0.88 410.0 69.0 410.0 754.0 43.0 754.0 141.0 9.0 141.0 649.0 102.0 649.0 861.0 276.0 861.0 980.0 113.0 980.0 
1 2 0.62 0.62 164.0 20.0 164.0 828.0 414.0 828.0 
1 2 0.65 0.65 945.0 466.0 945.0 729.0 118.0 729.0 
1 2 0.6 0.6 574.0 135.0 574.0 278.0 103.0 278.0 
1 2 0.32 0.32 625.0 173.0 625.0 22.0 1.0 22.0 
1 3 0.36 0.36 625.0 173.0 625.0 22.0 1.0 22.0 834.0 37.0 834.0 
1 2 0.56 0.56 370.0 163.0 370.0 420.0 53.0 420.0 
1 2 0.09 0.09 403.0 31.0 403.0 915.0 17.0 915.0 
1 2 0.63 0.63 567.0 197.0 567.0 695.0 198.0 695.0 
1 3 0.79 0.79 567.0 197.0 567.0 695.0 198.0 695.0 609.0 101.0 609.0 
1 4 0.94 0.94 567.0 197.0 567.0 695.0 198.0 695.0 609.0 101.0 609.0 806.0 118.0 806.0 
1 2 0.49 0.49 447.0 151.0 447.0 533.0 84.0 533.0 
1 3 0.7 0.7 447.0 151.0 447.0 533.0 84.0 533.0 82.0 17.0 82.0 
1 4 0.76 0.76 447.0 151.0 447.0 533.0 84.0 533.0 82.0 17.0 82.0 15.0 1.0 15.0 
1 5 0.78 0.78 447.0 151.0 447.0 533.0 84.0 533.0 82.0 17.0 82.0 15.0 1.0 15.0 969.0 18.0 969.0 
1 2 0.57 0.57 603.0 147.0 603.0 267.0 89.0 267.0 
1 2 0.85 0.85 115.0 51.0 115.0 274.0 113.0 274.0 
1 2 0.5 0.5 355.0 36.0 355.0 771.0 309.0 771.0 
1 2 0.55 0.55 747.0 157.0 747.0 627.0 215.0 627.0 
1 3 0.62 0.62 747.0 157.0 747.0 627.0 215.0 627.0 669.0 45.0 669.0 
1 4 0.91 0.91 747.0 157.0 747.0 627.0 215.0 627.0 669.0 45.0 669.0 105.0 31.0 105.0 
1 5 0.92 0.92 747.0 157.0 747.0 627.0 215.0 627.0 669.0 45.0 669.0 105.0 31.0 105.0 257.0 3.0 257.0 
1 2 0.73 0.73 394.0 52.0 394.0 836.0 503.0 836.0 
1 3 0.91 0.91 394.0 52.0 394.0 836.0 503.0 836.0 557.0 102.0 557.0 
1 2 0.21 0.21 946.0 146.0 946.0 452.0 26.0 452.0 
1 2 0.66 0.66 399.0 218.0 399.0 814.0 96.0 814.0 
1 2 0.48 0.48 374.0 57.0 374.0 632.0 213.0 632.0 
1 3 0.74 0.74 374.0 57.0 374.0 632.0 213.0 632.0 276.0 71.0 276.0 
1 2 0.73 0.73 883.0 425.0 883.0 246.0 62.0 246.0 
1 2 0.76 0.76 806.0 215.0 806.0 36.0 18.0 36.0 
1 2 0.07 0.07 260.0 16.0 260.0 227.0 2.0 227.0 
1 3 0.42 0.42 260.0 16.0 260.0 227.0 2.0 227.0 565.0 199.0 565.0 
1 4 0.76 0.76 260.0 16.0 260.0 227.0 2.0 227.0 565.0 199.0 565.0 821.0 279.0 821.0 
1 2 0.22 0.22 15.0 1.0 15.0 405.0 66.0 405.0 
1 3 0.54 0.54 15.0 1.0 15.0 405.0 66.0 405.0 809.0 254.0 809.0 
1 4 0.84 0.84 15.0 1.0 15.0 405.0 66.0 405.0 809.0 254.0 809.0 400.0 122.0 400.0 
1 2 0.64 0.64 161.0 29.0 161.0 308.0 144.0 308.0 
1 3 0.84 0.84 161.0 29.0 161.0 308.0 144.0 308.0 837.0 163.0 837.0 
1 2 0.66 0.66 183.0 48.0 183.0 5.0 2.0 5.0 
1 3 0.93 0.93 183.0 48.0 183.0 5.0 2.0 5.0 726.0 198.0 726.0 
1 2 0.57 0.57 675.0 325.0 675.0 518.0 50.0 518.0 
1 3 0.69 0.69 675.0 325.0 675.0 518.0 50.0 518.0 192.0 23.0 192.0 
1 4 0.87 0.87 675.0 325.0 675.0 518.0 50.0 518.0 192.0 23.0 192.0 120.0 21.0 120.0 
1 5 0.94 0.94 675.0 325.0 675.0 518.0 50.0 518.0 192.0 23.0 192.0 120.0 21.0 120.0 173.0 13.0 173.0 
1 2 0.83 0.83 935.0 144.0 935.0 477.0 327.0 477.0 
1 2 0.79 0.79 815.0 532.0 815.0 590.0 84.0 590.0 
1 3 0.99 0.99 815.0 532.0 815.0 590.0 84.0 590.0 219.0 43.0 219.0 
1 2 0.21 0.21 422.0 5.0 422.0 394.0 80.0 394.0 
1 3 0.84 0.84 422.0 5.0 422.0 394.0 80.0 394.0 612.0 383.0 612.0 
1 2 0.74 0.74 130.0 85.0 130.0 674.0 61.0 674.0 
1 2 0.6 0.6 298.0 124.0 298.0 234.0 44.0 234.0 
1 2 0.63 0.63 304.0 126.0 304.0 702.0 156.0 702.0 
1 2 0.75 0.75 191.0 57.0 191.0 213.0 97.0 213.0 
1 2 0.33 0.33 742.0 18.0 742.0 647.0 202.0 647.0 
1 3 0.95 0.95 742.0 18.0 742.0 647.0 202.0 647.0 430.0 264.0 430.0 
1 2 0.85 0.85 387.0 13.0 387.0 541.0 445.0 541.0 
1 2 0.34 0.34 452.0 39.0 452.0 832.0 216.0 832.0 
1 3 0.7 0.7 452.0 39.0 452.0 832.0 216.0 832.0 103.0 37.0 103.0 
1 4 0.74 0.74 452.0 39.0 452.0 832.0 216.0 832.0 103.0 37.0 103.0 152.0 6.0 152.0 
1 2 0.4 0.4 243.0 47.0 243.0 195.0 42.0 195.0 
1 3 0.69 0.69 243.0 47.0 243.0 195.0 42.0 195.0 550.0 157.0 550.0 
1 2 0.94 0.94 64.0 53.0 64.0 747.0 85.0 747.0 
1 3 0.95 0.95 64.0 53.0 64.0 747.0 85.0 747.0 610.0 9.0 610.0 
1 2 0.43 0.43 100.0 2.0 100.0 533.0 219.0 533.0 
1 2 0.8 0.8 546.0 338.0 546.0 363.0 67.0 363.0 
1 2 0.36 0.36 503.0 181.0 503.0 417.0 4.0 417.0 
1 3 0.7 0.7 503.0 181.0 503.0 417.0 4.0 417.0 461.0 156.0 461.0 
1 4 0.95 0.95 503.0 181.0 503.0 417.0 4.0 417.0 461.0 156.0 461.0 638.0 156.0 638.0 
1 2 0.48 0.48 705.0 286.0 705.0 12.0 1.0 12.0 
1 3 0.75 0.75 705.0 286.0 705.0 12.0 1.0 12.0 713.0 187.0 713.0 
1 2 0.67 0.67 527.0 156.0 527.0 793.0 299.0 793.0 
1 2 0.64 0.64 98.0 61.0 98.0 550.0 15.0 550.0 
1 2 0.24 0.24 145.0 21.0 145.0 351.0 35.0 351.0 
1 3 0.75 0.75 145.0 21.0 145.0 351.0 35.0 351.0 443.0 226.0 443.0 
1 4 0.98 0.98 145.0 21.0 145.0 351.0 35.0 351.0 443.0 226.0 443.0 573.0 131.0 573.0 
1 2 0.89 0.89 247.0 111.0 247.0 156.0 70.0 156.0 
1 2 0.2 0.2 968.0 11.0 968.0 628.0 122.0 628.0 
1 3 0.94 0.94 968.0 11.0 968.0 628.0 122.0 628.0 521.0 386.0 521.0 
1 2 0.91 0.91 840.0 49.0 840.0 378.0 322.0 378.0 
1 2 0.79 0.79 735.0 537.0 735.0 234.0 16.0 234.0 
1 2 0.83 0.83 159.0 101.0 159.0 129.0 26.0 129.0 
1 2 0.71 0.71 539.0 263.0 539.0 420.0 96.0 420.0 
1 2 0.79 0.79 166.0 106.0 166.0 447.0 72.0 447.0 
1 2 0.33 0.33 339.0 51.0 339.0 529.0 96.0 529.0 
1 3 0.9 0.9 339.0 51.0 339.0 529.0 96.0 529.0 741.0 426.0 741.0 
1 2 0.58 0.58 158.0 65.0 158.0 970.0 170.0 970.0 
1 3 0.64 0.64 158.0 65.0 158.0 970.0 170.0 970.0 72.0 4.0 72.0 
1 4 0.84 0.84 158.0 65.0 158.0 970.0 170.0 970.0 72.0 4.0 72.0 950.0 196.0 950.0 
1 2 0.55 0.55 530.0 233.0 530.0 457.0 51.0 457.0 
1 3 0.72 0.72 530.0 233.0 530.0 457.0 51.0 457.0 569.0 99.0 569.0 
1 2 0.26 0.26 984.0 226.0 984.0 908.0 28.0 908.0 
1 3 0.48 0.48 984.0 226.0 984.0 908.0 28.0 908.0 638.0 146.0 638.0 
1 4 0.9 0.9 984.0 226.0 984.0 908.0 28.0 908.0 638.0 146.0 638.0 616.0 254.0 616.0 
1 2 0.56 0.56 28.0 6.0 28.0 300.0 104.0 300.0 
1 3 0.58 0.58 28.0 6.0 28.0 300.0 104.0 300.0 748.0 15.0 748.0 
1 4 0.64 0.64 28.0 6.0 28.0 300.0 104.0 300.0 748.0 15.0 748.0 48.0 3.0 48.0 
1 5 0.81 0.81 28.0 6.0 28.0 300.0 104.0 300.0 748.0 15.0 748.0 48.0 3.0 48.0 603.0 102.0 603.0 
1 2 0.47 0.47 847.0 80.0 847.0 770.0 295.0 770.0 
1 3 0.72 0.72 847.0 80.0 847.0 770.0 295.0 770.0 93.0 23.0 93.0 
1 4 0.88 0.88 847.0 80.0 847.0 770.0 295.0 770.0 93.0 23.0 93.0 786.0 124.0 786.0 
1 2 0.67 0.67 892.0 276.0 892.0 65.0 24.0 65.0 
1 2 0.36 0.36 203.0 29.0 203.0 779.0 176.0 779.0 
1 2 0.55 0.55 116.0 30.0 116.0 482.0 142.0 482.0 
1 3 0.6 0.6 116.0 30.0 116.0 482.0 142.0 482.0 544.0 30.0 544.0 
1 2 0.87 0.87 57.0 28.0 57.0 769.0 296.0 769.0 
1 2 0.36 0.36 135.0 8.0 135.0 545.0 164.0 545.0 
1 2 0.66 0.66 636.0 120.0 636.0 616.0 295.0 616.0 
1 2 0.63 0.63 279.0 34.0 279.0 339.0 175.0 339.0 
1 3 0.98 0.98 279.0 34.0 279.0 339.0 175.0 339.0 659.0 227.0 659.0 
1 2 0.46 0.46 852.0 291.0 852.0 939.0 119.0 939.0 
1 2 0.48 0.48 298.0 66.0 298.0 249.0 66.0 249.0 
1 3 0.85 0.85 298.0 66.0 298.0 249.0 66.0 249.0 862.0 318.0 862.0 
1 2 0.29 0.29 865.0 66.0 865.0 637.0 140.0 637.0 
1 3 0.41 0.41 865.0 66.0 865.0 637.0 140.0 637.0 754.0 87.0 754.0 
1 4 0.64 0.64 865.0 66.0 865.0 637.0 140.0 637.0 754.0 87.0 754.0 218.0 51.0 218.0 
1 5 0.8 0.8 865.0 66.0 865.0 637.0 140.0 637.0 754.0 87.0 754.0 218.0 51.0 218.0 215.0 34.0 215.0 
1 2 0.82 0.82 170.0 92.0 170.0 201.0 57.0 201.0 
1 2 0.46 0.46 892.0 278.0 892.0 273.0 43.0 273.0 
1 3 0.6 0.6 892.0 278.0 892.0 273.0 43.0 273.0 839.0 116.0 839.0 
1 2 0.78 0.78 798.0 121.0 798.0 106.0 67.0 106.0 
1 3 0.91 0.91 798.0 121.0 798.0 106.0 67.0 106.0 514.0 70.0 514.0 
1 2 0.64 0.64 572.0 189.0 572.0 29.0 9.0 29.0 
1 2 0.7 0.7 944.0 196.0 944.0 523.0 261.0 523.0 
1 2 0.76 0.76 737.0 227.0 737.0 793.0 362.0 793.0 
1 2 0.62 0.62 745.0 237.0 745.0 609.0 189.0 609.0 
1 2 0.92 0.92 769.0 647.0 769.0 847.0 67.0 847.0 
1 2 0.98 0.98 220.0 169.0 220.0 996.0 218.0 996.0 
1 2 0.5 0.5 524.0 59.0 524.0 636.0 250.0 636.0 
1 3 0.53 0.53 524.0 59.0 524.0 636.0 250.0 636.0 674.0 18.0 674.0 
1 4 0.71 0.71 524.0 59.0 524.0 636.0 250.0 636.0 674.0 18.0 674.0 434.0 78.0 434.0 
1 5 0.77 0.77 524.0 59.0 524.0 636.0 250.0 636.0 674.0 18.0 674.0 434.0 78.0 434.0 520.0 35.0 520.0 
1 6 0.92 0.92 524.0 59.0 524.0 636.0 250.0 636.0 674.0 18.0 674.0 434.0 78.0 434.0 520.0 35.0 520.0 42.0 6.0 42.0 
1 2 0.82 0.82 650.0 505.0 650.0 146.0 7.0 146.0 
1 3 0.95 0.95 650.0 505.0 650.0 146.0 7.0 146.0 862.0 110.0 862.0 
1 2 0.54 0.54 862.0 103.0 862.0 567.0 240.0 567.0 
1 3 0.62 0.62 862.0 103.0 862.0 567.0 240.0 567.0 83.0 7.0 83.0 
1 2 0.74 0.74 707.0 192.0 707.0 102.0 48.0 102.0 
1 3 0.95 0.95 707.0 192.0 707.0 102.0 48.0 102.0 469.0 101.0 469.0 
1 2 0.41 0.41 411.0 56.0 411.0 36.0 10.0 36.0 
1 3 0.6 0.6 411.0 56.0 411.0 36.0 10.0 36.0 749.0 141.0 749.0 
1 4 0.72 0.72 411.0 56.0 411.0 36.0 10.0 36.0 749.0 141.0 749.0 778.0 95.0 778.0 
1 2 0.42 0.42 224.0 1.0 224.0 573.0 243.0 573.0 
1 3 0.91 0.91 224.0 1.0 224.0 573.0 243.0 573.0 527.0 256.0 527.0 
1 2 0.51 0.51 836.0 156.0 836.0 776.0 255.0 776.0 
1 3 0.59 0.59 836.0 156.0 836.0 776.0 255.0 776.0 651.0 50.0 651.0 
1 4 0.77 0.77 836.0 156.0 836.0 776.0 255.0 776.0 651.0 50.0 651.0 742.0 139.0 742.0 
1 2 0.36 0.36 421.0 37.0 421.0 82.0 23.0 82.0 
1 3 0.76 0.76 421.0 37.0 421.0 82.0 23.0 82.0 53.0 21.0 53.0 
1 2 0.28 0.28 951.0 150.0 951.0 531.0 69.0 531.0 
1 2 0.23 0.23 287.0 28.0 287.0 626.0 85.0 626.0 
1 3 0.48 0.48 287.0 28.0 287.0 626.0 85.0 626.0 855.0 218.0 855.0 
1 4 0.56 0.56 287.0 28.0 287.0 626.0 85.0 626.0 855.0 218.0 855.0 339.0 26.0 339.0 
1 2 0.81 0.81 46.0 32.0 46.0 815.0 96.0 815.0 
1 2 0.31 0.31 593.0 89.0 593.0 930.0 155.0 930.0 
1 3 0.4 0.4 593.0 89.0 593.0 930.0 155.0 930.0 468.0 39.0 468.0 
1 4 0.61 0.61 593.0 89.0 593.0 930.0 155.0 930.0 468.0 39.0 468.0 653.0 143.0 653.0 
1 5 0.92 0.92 593.0 89.0 593.0 930.0 155.0 930.0 468.0 39.0 468.0 653.0 143.0 653.0 837.0 256.0 837.0 
1 2 0.88 0.88 614.0 472.0 614.0 99.0 12.0 99.0 
1 2 0.64 0.64 377.0 12.0 377.0 931.0 573.0 931.0 
1 3 0.9 0.9 377.0 12.0 377.0 931.0 573.0 931.0 489.0 124.0 489.0 
1 2 0.88 0.88 467.0 352.0 467.0 931.0 119.0 931.0 
1 2 0.75 0.75 530.0 97.0 530.0 26.0 15.0 26.0 
1 3 0.93 0.93 530.0 97.0 530.0 26.0 15.0 26.0 508.0 90.0 508.0 
1 2 0.59 0.59 822.0 426.0 822.0 104.0 8.0 104.0 
1 2 0.21 0.21 86.0 10.0 86.0 768.0 72.0 768.0 
1 3 0.43 0.43 86.0 10.0 86.0 768.0 72.0 768.0 570.0 129.0 570.0 
1 4 0.51 0.51 86.0 10.0 86.0 768.0 72.0 768.0 570.0 129.0 570.0 452.0 37.0 452.0 
1 5 0.87 0.87 86.0 10.0 86.0 768.0 72.0 768.0 570.0 129.0 570.0 452.0 37.0 452.0 286.0 103.0 286.0 
1 2 0.41 0.41 721.0 159.0 721.0 593.0 114.0 593.0 
1 3 0.78 0.78 721.0 159.0 721.0 593.0 114.0 593.0 573.0 215.0 573.0 
1 2 0.27 0.27 99.0 4.0 99.0 636.0 148.0 636.0 
1 3 0.75 0.75 99.0 4.0 99.0 636.0 148.0 636.0 58.0 28.0 58.0 
1 4 0.77 0.77 99.0 4.0 99.0 636.0 148.0 636.0 58.0 28.0 58.0 596.0 10.0 596.0 
1 2 0.46 0.46 678.0 139.0 678.0 187.0 48.0 187.0 
1 3 0.78 0.78 678.0 139.0 678.0 187.0 48.0 187.0 688.0 224.0 688.0 
1 2 0.56 0.56 170.0 24.0 170.0 596.0 254.0 596.0 
1 3 0.74 0.74 170.0 24.0 170.0 596.0 254.0 596.0 570.0 99.0 570.0 
1 4 0.74 0.74 170.0 24.0 170.0 596.0 254.0 596.0 570.0 99.0 570.0 486.0 1.0 486.0 
1 2 0.47 0.47 731.0 74.0 731.0 668.0 253.0 668.0 
1 3 0.66 0.66 731.0 74.0 731.0 668.0 253.0 668.0 265.0 49.0 265.0 
1 2 0.94 0.94 962.0 406.0 962.0 415.0 219.0 415.0 
1 2 0.87 0.87 331.0 218.0 331.0 974.0 215.0 974.0 
1 2 0.36 0.36 191.0 59.0 191.0 558.0 32.0 558.0 
1 3 0.8 0.8 191.0 59.0 191.0 558.0 32.0 558.0 694.0 306.0 694.0 
1 2 0.13 0.13 481.0 49.0 481.0 758.0 28.0 758.0 
1 3 0.61 0.61 481.0 49.0 481.0 758.0 28.0 758.0 709.0 337.0 709.0 
1 4 0.83 0.83 481.0 49.0 481.0 758.0 28.0 758.0 709.0 337.0 709.0 830.0 184.0 830.0 
1 2 0.87 0.87 967.0 422.0 967.0 552.0 240.0 552.0 
1 3 0.91 0.91 967.0 422.0 967.0 552.0 240.0 552.0 601.0 27.0 601.0 
1 2 0.66 0.66 744.0 53.0 744.0 518.0 305.0 518.0 
1 3 0.97 0.97 744.0 53.0 744.0 518.0 305.0 518.0 90.0 28.0 90.0 
1 2 0.59 0.59 373.0 178.0 373.0 456.0 52.0 456.0 
1 2 0.54 0.54 254.0 99.0 254.0 690.0 107.0 690.0 
1 3 0.84 0.84 254.0 99.0 254.0 690.0 107.0 690.0 312.0 95.0 312.0 
1 4 0.93 0.93 254.0 99.0 254.0 690.0 107.0 690.0 312.0 95.0 312.0 947.0 77.0 947.0 
1 2 0.72 0.72 368.0 260.0 368.0 648.0 9.0 648.0 
1 3 0.92 0.92 368.0 260.0 368.0 648.0 9.0 648.0 456.0 92.0 456.0 
1 2 0.81 0.81 744.0 47.0 744.0 49.0 37.0 49.0 
1 2 0.79 0.79 758.0 313.0 758.0 893.0 339.0 893.0 
1 3 0.88 0.88 758.0 313.0 758.0 893.0 339.0 893.0 468.0 45.0 468.0 
1 2 0.45 0.45 906.0 45.0 906.0 380.0 155.0 380.0 
1 3 0.9 0.9 906.0 45.0 906.0 380.0 155.0 380.0 973.0 432.0 973.0 
1 2 0.78 0.78 72.0 4.0 72.0 220.0 161.0 220.0 
1 3 0.97 0.97 72.0 4.0 72.0 220.0 161.0 220.0 788.0 144.0 788.0 
1 2 0.11 0.11 281.0 6.0 281.0 294.0 29.0 294.0 
1 3 0.44 0.44 281.0 6.0 281.0 294.0 29.0 294.0 93.0 30.0 93.0 
1 4 0.67 0.67 281.0 6.0 281.0 294.0 29.0 294.0 93.0 30.0 93.0 830.0 191.0 830.0 
1 2 0.73 0.73 717.0 199.0 717.0 904.0 418.0 904.0 
1 2 0.23 0.23 27.0 4.0 27.0 618.0 53.0 618.0 
1 3 0.97 0.97 27.0 4.0 27.0 618.0 53.0 618.0 129.0 96.0 129.0 
1 2 0.79 0.79 454.0 1.0 454.0 186.0 148.0 186.0 
1 2 0.38 0.38 786.0 16.0 786.0 111.0 41.0 111.0 
1 3 0.52 0.52 786.0 16.0 786.0 111.0 41.0 111.0 875.0 114.0 875.0 
1 2 0.42 0.42 820.0 57.0 820.0 516.0 183.0 516.0 
1 2 0.61 0.61 459.0 168.0 459.0 264.0 66.0 264.0 
1 2 0.32 0.32 105.0 14.0 105.0 31.0 6.0 31.0 
1 3 0.43 0.43 105.0 14.0 105.0 31.0 6.0 31.0 983.0 111.0 983.0 
1 2 0.65 0.65 543.0 313.0 543.0 453.0 34.0 453.0 
1 2 0.33 0.33 297.0 90.0 297.0 826.0 27.0 826.0 
1 3 0.89 0.89 297.0 90.0 297.0 826.0 27.0 826.0 235.0 132.0 235.0 
1 2 0.41 0.41 714.0 107.0 714.0 345.0 90.0 345.0 
1 3 0.47 0.47 714.0 107.0 714.0 345.0 90.0 345.0 854.0 54.0 854.0 
1 4 0.8 0.8 714.0 107.0 714.0 345.0 90.0 345.0 854.0 54.0 854.0 853.0 281.0 853.0 
1 2 0.48 0.48 523.0 134.0 523.0 594.0 134.0 594.0 
1 3 0.76 0.76 523.0 134.0 523.0 594.0 134.0 594.0 840.0 242.0 840.0 
1 4 0.78 0.78 523.0 134.0 523.0 594.0 134.0 594.0 840.0 242.0 840.0 884.0 16.0 884.0 
1 5 0.88 0.88 523.0 134.0 523.0 594.0 134.0 594.0 840.0 242.0 840.0 884.0 16.0 884.0 743.0 71.0 743.0 
1 2 0.68 0.68 578.0 171.0 578.0 483.0 190.0 483.0 
1 3 0.89 0.89 578.0 171.0 578.0 483.0 190.0 483.0 917.0 193.0 917.0 
1 2 0.82 0.82 311.0 196.0 311.0 336.0 66.0 336.0 
1 2 0.92 0.92 773.0 69.0 773.0 775.0 647.0 775.0 
1 2 0.68 0.68 233.0 77.0 233.0 670.0 236.0 670.0 
1 2 0.26 0.26 769.0 194.0 769.0 467.0 8.0 467.0 
1 3 0.39 0.39 769.0 194.0 769.0 467.0 8.0 467.0 331.0 40.0 331.0 
1 2 0.24 0.24 455.0 21.0 455.0 978.0 191.0 978.0 
1 3 0.61 0.61 455.0 21.0 455.0 978.0 191.0 978.0 264.0 98.0 264.0 
1 4 0.92 0.92 455.0 21.0 455.0 978.0 191.0 978.0 264.0 98.0 264.0 491.0 151.0 491.0 
1 5 0.93 0.93 455.0 21.0 455.0 978.0 191.0 978.0 264.0 98.0 264.0 491.0 151.0 491.0 77.0 1.0 77.0 
1 2 0.94 0.94 377.0 183.0 377.0 657.0 305.0 657.0 
1 2 0.61 0.61 173.0 103.0 173.0 641.0 12.0 641.0 
1 3 0.88 0.88 173.0 103.0 173.0 641.0 12.0 641.0 780.0 209.0 780.0 
1 4 0.91 0.91 173.0 103.0 173.0 641.0 12.0 641.0 780.0 209.0 780.0 627.0 21.0 627.0 
1 5 0.98 0.98 173.0 103.0 173.0 641.0 12.0 641.0 780.0 209.0 780.0 627.0 21.0 627.0 857.0 61.0 857.0 
1 2 0.5 0.5 743.0 241.0 743.0 787.0 140.0 787.0 
1 3 0.59 0.59 743.0 241.0 743.0 787.0 140.0 787.0 11.0 1.0 11.0 
1 4 0.82 0.82 743.0 241.0 743.0 787.0 140.0 787.0 11.0 1.0 11.0 799.0 189.0 799.0 
1 2 0.28 0.28 806.0 63.0 806.0 148.0 30.0 148.0 
1 3 0.42 0.42 806.0 63.0 806.0 148.0 30.0 148.0 731.0 102.0 731.0 
1 2 0.33 0.33 194.0 45.0 194.0 492.0 50.0 492.0 
1 3 0.41 0.41 194.0 45.0 194.0 492.0 50.0 492.0 811.0 63.0 811.0 
1 4 0.57 0.57 194.0 45.0 194.0 492.0 50.0 492.0 811.0 63.0 811.0 414.0 67.0 414.0 
1 5 0.84 0.84 194.0 45.0 194.0 492.0 50.0 492.0 811.0 63.0 811.0 414.0 67.0 414.0 414.0 112.0 414.0 
1 2 0.82 0.82 808.0 390.0 808.0 178.0 61.0 178.0 
1 2 0.91 0.91 355.0 261.0 355.0 848.0 155.0 848.0 
1 2 0.78 0.78 994.0 326.0 994.0 885.0 406.0 885.0 
1 2 0.54 0.54 909.0 217.0 909.0 178.0 54.0 178.0 
1 2 0.33 0.33 467.0 38.0 467.0 941.0 241.0 941.0 
1 3 0.52 0.52 467.0 38.0 467.0 941.0 241.0 941.0 727.0 137.0 727.0 
1 2 0.93 0.93 20.0 16.0 20.0 972.0 131.0 972.0 
1 2 0.51 0.51 51.0 20.0 51.0 135.0 16.0 135.0 
1 3 0.6 0.6 51.0 20.0 51.0 135.0 16.0 135.0 545.0 50.0 545.0 
1 4 0.96 0.96 51.0 20.0 51.0 135.0 16.0 135.0 545.0 50.0 545.0 388.0 140.0 388.0 
1 2 0.51 0.51 763.0 55.0 763.0 447.0 199.0 447.0 
1 3 0.65 0.65 763.0 55.0 763.0 447.0 199.0 447.0 212.0 29.0 212.0 
1 2 0.46 0.46 325.0 126.0 325.0 867.0 63.0 867.0 
1 3 0.52 0.52 325.0 126.0 325.0 867.0 63.0 867.0 950.0 57.0 950.0 
1 4 0.77 0.77 325.0 126.0 325.0 867.0 63.0 867.0 950.0 57.0 950.0 724.0 181.0 724.0 
1 2 0.46 0.46 509.0 54.0 509.0 755.0 272.0 755.0 
1 3 0.91 0.91 509.0 54.0 509.0 755.0 272.0 755.0 630.0 282.0 630.0 
1 2 0.98 0.98 652.0 245.0 652.0 849.0 518.0 849.0 
1 2 0.37 0.37 748.0 142.0 748.0 61.0 11.0 61.0 
1 3 0.58 0.58 748.0 142.0 748.0 61.0 11.0 61.0 304.0 64.0 304.0 
1 4 0.65 0.65 748.0 142.0 748.0 61.0 11.0 61.0 304.0 64.0 304.0 334.0 25.0 334.0 
1 2 0.94 0.94 543.0 505.0 543.0 950.0 14.0 950.0 
1 2 0.77 0.77 864.0 621.0 864.0 912.0 50.0 912.0 
1 2 0.61 0.61 496.0 60.0 496.0 674.0 334.0 674.0 
1 2 0.81 0.81 260.0 168.0 260.0 771.0 131.0 771.0 
1 2 0.46 0.46 982.0 219.0 982.0 202.0 48.0 202.0 
1 3 0.7 0.7 982.0 219.0 982.0 202.0 48.0 202.0 94.0 23.0 94.0 
1 2 0.98 0.98 988.0 231.0 988.0 960.0 720.0 960.0 
1 2 0.45 0.45 812.0 99.0 812.0 660.0 218.0 660.0 
1 3 0.71 0.71 812.0 99.0 812.0 660.0 218.0 660.0 539.0 140.0 539.0 
1 4 0.83 0.83 812.0 99.0 812.0 660.0 218.0 660.0 539.0 140.0 539.0 73.0 9.0 73.0 
1 2 0.54 0.54 75.0 20.0 75.0 29.0 8.0 29.0 
1 3 0.91 0.91 75.0 20.0 75.0 29.0 8.0 29.0 428.0 160.0 428.0 
1 2 0.96 0.96 852.0 414.0 852.0 453.0 218.0 453.0 
1 2 0.41 0.41 668.0 195.0 668.0 293.0 36.0 293.0 
1 3 0.49 0.49 668.0 195.0 668.0 293.0 36.0 293.0 707.0 56.0 707.0 
1 4 0.72 0.72 668.0 195.0 668.0 293.0 36.0 293.0 707.0 56.0 707.0 492.0 114.0 492.0 
1 2 0.69 0.69 736.0 318.0 736.0 715.0 191.0 715.0 
1 3 0.71 0.71 736.0 318.0 736.0 715.0 191.0 715.0 149.0 2.0 149.0 
1 4 0.81 0.81 736.0 318.0 736.0 715.0 191.0 715.0 149.0 2.0 149.0 515.0 51.0 515.0 
1 2 0.49 0.49 337.0 14.0 337.0 469.0 215.0 469.0 
1 2 0.42 0.42 379.0 78.0 379.0 370.0 82.0 370.0 
1 2 0.78 0.78 888.0 448.0 888.0 295.0 82.0 295.0 
1 3 0.8 0.8 888.0 448.0 888.0 295.0 82.0 295.0 135.0 3.0 135.0 
1 2 0.45 0.45 496.0 189.0 496.0 169.0 12.0 169.0 
1 3 0.61 0.61 496.0 189.0 496.0 169.0 12.0 169.0 31.0 5.0 31.0 
1 4 0.62 0.62 496.0 189.0 496.0 169.0 12.0 169.0 31.0 5.0 31.0 900.0 11.0 900.0 
1 5 0.89 0.89 496.0 189.0 496.0 169.0 12.0 169.0 31.0 5.0 31.0 900.0 11.0 900.0 617.0 166.0 617.0 
1 2 0.99 0.99 176.0 7.0 176.0 201.0 193.0 201.0 
1 2 0.32 0.32 797.0 140.0 797.0 133.0 20.0 133.0 
1 3 0.97 0.97 797.0 140.0 797.0 133.0 20.0 133.0 191.0 124.0 191.0 
1 2 0.69 0.69 408.0 190.0 408.0 906.0 204.0 906.0 
1 2 0.35 0.35 593.0 30.0 593.0 229.0 69.0 229.0 
1 3 0.71 0.71 593.0 30.0 593.0 229.0 69.0 229.0 529.0 191.0 529.0 
1 4 0.94 0.94 593.0 30.0 593.0 229.0 69.0 229.0 529.0 191.0 529.0 695.0 161.0 695.0 
1 2 0.66 0.66 656.0 107.0 656.0 8.0 4.0 8.0 
1 2 0.6 0.6 57.0 26.0 57.0 243.0 37.0 243.0 
1 2 0.91 0.91 653.0 172.0 653.0 443.0 287.0 443.0 
1 2 0.35 0.35 525.0 10.0 525.0 905.0 302.0 905.0 
1 3 0.63 0.63 525.0 10.0 525.0 905.0 302.0 905.0 397.0 114.0 397.0 
1 4 0.79 0.79 525.0 10.0 525.0 905.0 302.0 905.0 397.0 114.0 397.0 499.0 78.0 499.0 
1 2 0.14 0.14 874.0 119.0 874.0 832.0 4.0 832.0 
1 3 0.29 0.29 874.0 119.0 874.0 832.0 4.0 832.0 712.0 109.0 712.0 
1 4 0.31 0.31 874.0 119.0 874.0 832.0 4.0 832.0 712.0 109.0 712.0 294.0 5.0 294.0 
1 5 0.49 0.49 874.0 119.0 874.0 832.0 4.0 832.0 712.0 109.0 712.0 294.0 5.0 294.0 333.0 62.0 333.0 
1 2 0.64 0.64 397.0 128.0 397.0 353.0 115.0 353.0 
1 2 0.24 0.24 812.0 38.0 812.0 5.0 1.0 5.0 
1 2 0.87 0.87 594.0 378.0 594.0 848.0 200.0 848.0 
1 2 0.67 0.67 572.0 243.0 572.0 307.0 77.0 307.0 
1 2 0.76 0.76 650.0 206.0 650.0 831.0 370.0 831.0 
1 2 0.76 0.76 450.0 138.0 450.0 845.0 387.0 845.0 
1 2 0.54 0.54 972.0 279.0 972.0 35.0 9.0 35.0 
1 3 0.75 0.75 972.0 279.0 972.0 35.0 9.0 35.0 521.0 111.0 521.0 
1 2 0.35 0.35 754.0 146.0 754.0 912.0 146.0 912.0 
1 3 0.55 0.55 754.0 146.0 754.0 912.0 146.0 912.0 272.0 55.0 272.0 
1 2 0.47 0.47 724.0 49.0 724.0 139.0 56.0 139.0 
1 2 0.37 0.37 298.0 44.0 298.0 310.0 70.0 310.0 
1 3 0.98 0.98 298.0 44.0 298.0 310.0 70.0 310.0 904.0 553.0 904.0 
1 2 0.77 0.77 838.0 7.0 838.0 684.0 525.0 684.0 
1 2 0.89 0.89 27.0 16.0 27.0 400.0 122.0 400.0 
1 2 0.46 0.46 854.0 179.0 854.0 143.0 37.0 143.0 
1 3 0.5 0.5 854.0 179.0 854.0 143.0 37.0 143.0 866.0 35.0 866.0 
1 2 0.98 0.98 277.0 78.0 277.0 999.0 701.0 999.0 
1 2 0.54 0.54 826.0 334.0 826.0 336.0 46.0 336.0 
1 2 0.37 0.37 84.0 24.0 84.0 279.0 26.0 279.0 
1 3 0.41 0.41 84.0 24.0 84.0 279.0 26.0 279.0 180.0 6.0 180.0 
1 4 0.71 0.71 84.0 24.0 84.0 279.0 26.0 279.0 180.0 6.0 180.0 765.0 230.0 765.0 
1 2 0.83 0.83 606.0 210.0 606.0 398.0 196.0 398.0 
1 3 0.97 0.97 606.0 210.0 606.0 398.0 196.0 398.0 53.0 7.0 53.0 
1 2 0.44 0.44 285.0 101.0 285.0 128.0 12.0 128.0 
1 3 0.9 0.9 285.0 101.0 285.0 128.0 12.0 128.0 764.0 352.0 764.0 
1 2 0.68 0.68 347.0 9.0 347.0 267.0 175.0 267.0 
1 3 0.79 0.79 347.0 9.0 347.0 267.0 175.0 267.0 202.0 22.0 202.0 
1 2 0.72 0.72 648.0 251.0 648.0 788.0 266.0 788.0 
1 3 0.91 0.91 648.0 251.0 648.0 788.0 266.0 788.0 81.0 15.0 81.0 
1 2 0.34 0.34 428.0 54.0 428.0 892.0 196.0 892.0 
1 3 0.6 0.6 428.0 54.0 428.0 892.0 196.0 892.0 77.0 20.0 77.0 
1 4 0.88 0.88 428.0 54.0 428.0 892.0 196.0 892.0 77.0 20.0 77.0 336.0 94.0 336.0 
1 2 0.18 0.18 244.0 38.0 244.0 577.0 17.0 577.0 
1 3 0.38 0.38 244.0 38.0 244.0 577.0 17.0 577.0 35.0 7.0 35.0 
1 4 0.44 0.44 244.0 38.0 244.0 577.0 17.0 577.0 35.0 7.0 35.0 571.0 32.0 571.0 
1 2 0.52 0.52 385.0 176.0 385.0 868.0 58.0 868.0 
1 3 0.72 0.72 385.0 176.0 385.0 868.0 58.0 868.0 895.0 183.0 895.0 
1 2 0.93 0.93 62.0 47.0 62.0 298.0 53.0 298.0 
1 2 0.54 0.54 396.0 101.0 396.0 715.0 210.0 715.0 
1 3 0.86 0.86 396.0 101.0 396.0 715.0 210.0 715.0 57.0 18.0 57.0 
1 2 0.16 0.16 90.0 3.0 90.0 750.0 100.0 750.0 
1 3 0.18 0.18 90.0 3.0 90.0 750.0 100.0 750.0 922.0 19.0 922.0 
1 4 0.81 0.81 90.0 3.0 90.0 750.0 100.0 750.0 922.0 19.0 922.0 323.0 204.0 323.0 
1 5 0.85 0.85 90.0 3.0 90.0 750.0 100.0 750.0 922.0 19.0 922.0 323.0 204.0 323.0 785.0 25.0 785.0 
1 2 0.55 0.55 918.0 315.0 918.0 320.0 68.0 320.0 
1 3 0.71 0.71 918.0 315.0 918.0 320.0 68.0 320.0 603.0 97.0 603.0 
1 2 0.42 0.42 167.0 6.0 167.0 165.0 65.0 165.0 
1 3 0.74 0.74 167.0 6.0 167.0 165.0 65.0 165.0 690.0 219.0 690.0 
1 2 0.96 0.96 462.0 85.0 462.0 769.0 602.0 769.0 
1 2 0.44 0.44 107.0 27.0 107.0 697.0 135.0 697.0 
1 3 0.83 0.83 107.0 27.0 107.0 697.0 135.0 697.0 664.0 259.0 664.0 
1 2 0.72 0.72 863.0 305.0 863.0 633.0 233.0 633.0 
1 2 0.76 0.76 504.0 156.0 504.0 167.0 76.0 167.0 
1 2 0.6 0.6 181.0 12.0 181.0 642.0 344.0 642.0 
1 2 0.86 0.86 259.0 158.0 259.0 489.0 126.0 489.0 
1 2 0.42 0.42 613.0 17.0 613.0 808.0 324.0 808.0 
1 2 0.85 0.85 239.0 117.0 239.0 525.0 192.0 525.0 
1 2 0.71 0.71 5.0 3.0 5.0 17.0 2.0 17.0 
1 3 0.72 0.72 5.0 3.0 5.0 17.0 2.0 17.0 751.0 7.0 751.0 
1 2 0.64 0.64 681.0 272.0 681.0 948.0 230.0 948.0 
1 3 0.8 0.8 681.0 272.0 681.0 948.0 230.0 948.0 725.0 116.0 725.0 
1 2 0.44 0.44 559.0 180.0 559.0 364.0 45.0 364.0 
1 2 0.69 0.69 15.0 5.0 15.0 781.0 284.0 781.0 
1 2 0.28 0.28 30.0 1.0 30.0 901.0 231.0 901.0 
1 3 0.59 0.59 30.0 1.0 30.0 901.0 231.0 901.0 630.0 194.0 630.0 
1 4 0.77 0.77 30.0 1.0 30.0 901.0 231.0 901.0 630.0 194.0 630.0 796.0 139.0 796.0 
1 5 0.96 0.96 30.0 1.0 30.0 901.0 231.0 901.0 630.0 194.0 630.0 796.0 139.0 796.0 63.0 12.0 63.0 
1 2 0.32 0.32 378.0 5.0 378.0 537.0 168.0 537.0 
1 3 0.44 0.44 378.0 5.0 378.0 537.0 168.0 537.0 70.0 8.0 70.0 
1 4 0.65 0.65 378.0 5.0 378.0 537.0 168.0 537.0 70.0 8.0 70.0 906.0 192.0 906.0 
1 2 0.41 0.41 652.0 23.0 652.0 8.0 3.0 8.0 
1 3 0.85 0.85 652.0 23.0 652.0 8.0 3.0 8.0 417.0 187.0 417.0 
1 2 0.57 0.57 145.0 48.0 145.0 804.0 200.0 804.0 
1 3 0.71 0.71 145.0 48.0 145.0 804.0 200.0 804.0 208.0 28.0 208.0 
1 2 0.84 0.84 34.0 8.0 34.0 797.0 487.0 797.0 
1 2 0.96 0.96 362.0 102.0 362.0 505.0 346.0 505.0 
1 2 0.46 0.46 780.0 164.0 780.0 313.0 81.0 313.0 
1 2 0.51 0.51 48.0 13.0 48.0 199.0 49.0 199.0 
1 3 0.65 0.65 48.0 13.0 48.0 199.0 49.0 199.0 684.0 91.0 684.0 
1 4 0.73 0.73 48.0 13.0 48.0 199.0 49.0 199.0 684.0 91.0 684.0 570.0 47.0 570.0 
1 5 0.99 0.99 48.0 13.0 48.0 199.0 49.0 199.0 684.0 91.0 684.0 570.0 47.0 570.0 174.0 46.0 174.0 
1 2 0.89 0.89 150.0 61.0 150.0 154.0 75.0 154.0 
1 3 0.89 0.89 150.0 61.0 150.0 154.0 75.0 154.0 588.0 2.0 588.0 
1 2 0.8 0.8 168.0 127.0 168.0 422.0 20.0 422.0 
1 2 0.55 0.55 718.0 270.0 718.0 892.0 160.0 892.0 
1 3 0.91 0.91 718.0 270.0 718.0 892.0 160.0 892.0 719.0 255.0 719.0 
1 2 0.42 0.42 928.0 292.0 928.0 221.0 25.0 221.0 
1 2 0.57 0.57 902.0 28.0 902.0 943.0 512.0 943.0 
1 2 0.43 0.43 452.0 180.0 452.0 30.0 1.0 30.0 
1 3 0.9 0.9 452.0 180.0 452.0 30.0 1.0 30.0 225.0 107.0 225.0 
1 4 0.99 0.99 452.0 180.0 452.0 30.0 1.0 30.0 225.0 107.0 225.0 710.0 62.0 710.0 
1 2 0.3 0.3 251.0 29.0 251.0 404.0 76.0 404.0 
1 3 0.68 0.68 251.0 29.0 251.0 404.0 76.0 404.0 115.0 44.0 115.0 
1 4 0.8 0.8 251.0 29.0 251.0 404.0 76.0 404.0 115.0 44.0 115.0 593.0 71.0 593.0 
1 2 0.47 0.47 185.0 14.0 185.0 171.0 69.0 171.0 
1 3 0.86 0.86 185.0 14.0 185.0 171.0 69.0 171.0 969.0 376.0 969.0 
1 2 0.36 0.36 813.0 235.0 813.0 95.0 7.0 95.0 
1 2 0.19 0.19 971.0 164.0 971.0 134.0 4.0 134.0 
1 2 0.98 0.98 436.0 149.0 436.0 885.0 570.0 885.0 
1 2 0.83 0.83 520.0 354.0 520.0 755.0 115.0 755.0 
1 2 0.55 0.55 522.0 244.0 522.0 643.0 58.0 643.0 
1 2 0.85 0.85 159.0 57.0 159.0 1000.0 496.0 1000.0 
1 2 0.53 0.53 173.0 66.0 173.0 561.0 84.0 561.0 
1 3 0.57 0.57 173.0 66.0 173.0 561.0 84.0 561.0 733.0 31.0 733.0 
1 4 0.66 0.66 173.0 66.0 173.0 561.0 84.0 561.0 733.0 31.0 733.0 603.0 54.0 603.0 
1 2 0.65 0.65 938.0 253.0 938.0 481.0 185.0 481.0 
1 3 0.81 0.81 938.0 253.0 938.0 481.0 185.0 481.0 103.0 17.0 103.0 
1 2 0.7 0.7 288.0 85.0 288.0 74.0 30.0 74.0 
1 3 0.92 0.92 288.0 85.0 288.0 74.0 30.0 74.0 451.0 100.0 451.0 
1 2 0.91 0.91 102.0 55.0 102.0 438.0 166.0 438.0 
1 2 0.41 0.41 400.0 127.0 400.0 223.0 21.0 223.0 
1 3 0.91 0.91 400.0 127.0 400.0 223.0 21.0 223.0 90.0 45.0 90.0 
1 2 0.09 0.09 94.0 1.0 94.0 680.0 60.0 680.0 
1 3 0.6 0.6 94.0 1.0 94.0 680.0 60.0 680.0 883.0 447.0 883.0 
1 2 0.54 0.54 337.0 180.0 337.0 139.0 1.0 139.0 
1 3 0.59 0.59 337.0 180.0 337.0 139.0 1.0 139.0 618.0 31.0 618.0 
1 4 0.93 0.93 337.0 180.0 337.0 139.0 1.0 139.0 618.0 31.0 618.0 796.0 271.0 796.0 
1 2 0.15 0.15 830.0 80.0 830.0 688.0 43.0 688.0 
1 3 0.58 0.58 830.0 80.0 830.0 688.0 43.0 688.0 902.0 383.0 902.0 
1 4 0.71 0.71 830.0 80.0 830.0 688.0 43.0 688.0 902.0 383.0 902.0 291.0 39.0 291.0 
1 2 0.36 0.36 361.0 92.0 361.0 983.0 110.0 983.0 
1 3 0.37 0.37 361.0 92.0 361.0 983.0 110.0 983.0 584.0 2.0 584.0 
1 4 0.48 0.48 361.0 92.0 361.0 983.0 110.0 983.0 584.0 2.0 584.0 207.0 24.0 207.0 
1 5 0.69 0.69 361.0 92.0 361.0 983.0 110.0 983.0 584.0 2.0 584.0 207.0 24.0 207.0 353.0 74.0 353.0 
1 2 0.98 0.98 920.0 351.0 920.0 80.0 48.0 80.0 
1 3 0.98 0.98 920.0 351.0 920.0 80.0 48.0 80.0 515.0 1.0 515.0 
1 2 0.47 0.47 789.0 353.0 789.0 669.0 18.0 669.0 
1 3 0.79 0.79 789.0 353.0 789.0 669.0 18.0 669.0 130.0 42.0 130.0 
1 2 0.17 0.17 499.0 24.0 499.0 374.0 47.0 374.0 
1 3 0.45 0.45 499.0 24.0 499.0 374.0 47.0 374.0 989.0 275.0 989.0 
1 4 0.56 0.56 499.0 24.0 499.0 374.0 47.0 374.0 989.0 275.0 989.0 468.0 55.0 468.0 
1 2 0.42 0.42 463.0 98.0 463.0 524.0 113.0 524.0 
1 3 0.6 0.6 463.0 98.0 463.0 524.0 113.0 524.0 373.0 68.0 373.0 
1 2 0.6 0.6 402.0 165.0 402.0 227.0 45.0 227.0 
1 2 0.69 0.69 234.0 71.0 234.0 235.0 92.0 235.0 
1 2 0.2 0.2 854.0 104.0 854.0 933.0 75.0 933.0 
1 3 0.78 0.78 854.0 104.0 854.0 933.0 75.0 933.0 436.0 255.0 436.0 
1 2 0.75 0.75 389.0 25.0 389.0 815.0 560.0 815.0 
1 2 0.98 0.98 345.0 251.0 345.0 875.0 224.0 875.0 
1 2 0.82 0.82 998.0 701.0 998.0 632.0 80.0 632.0 
1 2 0.92 0.92 467.0 198.0 467.0 703.0 350.0 703.0 
1 2 0.48 0.48 331.0 21.0 331.0 829.0 348.0 829.0 
1 3 0.59 0.59 331.0 21.0 331.0 829.0 348.0 829.0 356.0 40.0 356.0 
1 4 0.88 0.88 331.0 21.0 331.0 829.0 348.0 829.0 356.0 40.0 356.0 587.0 171.0 587.0 
1 2 0.61 0.61 484.0 195.0 484.0 991.0 212.0 991.0 
1 3 0.74 0.74 484.0 195.0 484.0 991.0 212.0 991.0 110.0 14.0 110.0 
1 2 0.76 0.76 400.0 218.0 400.0 991.0 216.0 991.0 
1 2 0.46 0.46 651.0 155.0 651.0 853.0 197.0 853.0 
1 3 0.6 0.6 651.0 155.0 651.0 853.0 197.0 853.0 369.0 52.0 369.0 
1 4 0.93 0.93 651.0 155.0 651.0 853.0 197.0 853.0 369.0 52.0 369.0 625.0 206.0 625.0 
1 2 0.65 0.65 224.0 127.0 224.0 443.0 39.0 443.0 
1 2 0.19 0.19 130.0 15.0 130.0 217.0 18.0 217.0 
1 3 0.37 0.37 130.0 15.0 130.0 217.0 18.0 217.0 971.0 171.0 971.0 
1 4 0.82 0.82 130.0 15.0 130.0 217.0 18.0 217.0 971.0 171.0 971.0 924.0 417.0 924.0 
1 5 0.98 0.98 130.0 15.0 130.0 217.0 18.0 217.0 971.0 171.0 971.0 924.0 417.0 924.0 365.0 59.0 365.0 
1 2 0.34 0.34 705.0 78.0 705.0 933.0 223.0 933.0 
1 3 0.67 0.67 705.0 78.0 705.0 933.0 223.0 933.0 419.0 137.0 419.0 
1 2 0.79 0.79 581.0 365.0 581.0 801.0 130.0 801.0 
1 2 0.66 0.66 680.0 122.0 680.0 341.0 165.0 341.0 
1 3 0.82 0.82 680.0 122.0 680.0 341.0 165.0 341.0 558.0 89.0 558.0 
1 4 0.92 0.92 680.0 122.0 680.0 341.0 165.0 341.0 558.0 89.0 558.0 359.0 36.0 359.0 
1 2 0.76 0.76 535.0 224.0 535.0 751.0 263.0 751.0 
1 2 0.96 0.96 271.0 197.0 271.0 253.0 61.0 253.0 
1 2 0.76 0.76 24.0 9.0 24.0 156.0 61.0 156.0 
1 2 0.4 0.4 942.0 233.0 942.0 89.0 14.0 89.0 
1 3 0.69 0.69 942.0 233.0 942.0 89.0 14.0 89.0 91.0 26.0 91.0 
1 2 0.87 0.87 386.0 183.0 386.0 896.0 357.0 896.0 
1 2 0.81 0.81 637.0 440.0 637.0 216.0 27.0 216.0 
1 3 0.88 0.88 637.0 440.0 637.0 216.0 27.0 216.0 89.0 6.0 89.0 
1 2 0.48 0.48 961.0 18.0 961.0 174.0 82.0 174.0 
1 3 0.9 0.9 961.0 18.0 961.0 174.0 82.0 174.0 448.0 185.0 448.0 
1 2 0.98 0.98 842.0 360.0 842.0 252.0 140.0 252.0 
1 2 0.7 0.7 498.0 71.0 498.0 452.0 255.0 452.0 
1 2 0.75 0.75 218.0 68.0 218.0 266.0 119.0 266.0 
1 2 0.24 0.24 953.0 189.0 953.0 211.0 9.0 211.0 
1 2 0.31 0.31 582.0 77.0 582.0 374.0 70.0 374.0 
1 3 0.64 0.64 582.0 77.0 582.0 374.0 70.0 374.0 84.0 27.0 84.0 
1 4 0.68 0.68 582.0 77.0 582.0 374.0 70.0 374.0 84.0 27.0 84.0 544.0 26.0 544.0 
1 2 0.97 0.97 678.0 292.0 678.0 439.0 239.0 439.0 
1 2 0.45 0.45 787.0 150.0 787.0 324.0 85.0 324.0 
1 3 0.47 0.47 787.0 150.0 787.0 324.0 85.0 324.0 531.0 10.0 531.0 
1 4 0.49 0.49 787.0 150.0 787.0 324.0 85.0 324.0 531.0 10.0 531.0 38.0 1.0 38.0 
1 5 0.91 0.91 787.0 150.0 787.0 324.0 85.0 324.0 531.0 10.0 531.0 38.0 1.0 38.0 455.0 191.0 455.0 
1 2 0.88 0.88 872.0 373.0 872.0 718.0 331.0 718.0 
1 3 0.9 0.9 872.0 373.0 872.0 718.0 331.0 718.0 924.0 13.0 924.0 
1 2 0.79 0.79 296.0 196.0 296.0 625.0 84.0 625.0 
1 2 0.54 0.54 763.0 254.0 763.0 313.0 65.0 313.0 
1 3 0.66 0.66 763.0 254.0 763.0 313.0 65.0 313.0 921.0 115.0 921.0 
1 2 0.71 0.71 954.0 601.0 954.0 699.0 56.0 699.0 
1 2 0.19 0.19 145.0 18.0 145.0 890.0 66.0 890.0 
1 3 0.52 0.52 145.0 18.0 145.0 890.0 66.0 890.0 707.0 230.0 707.0 
1 4 0.62 0.62 145.0 18.0 145.0 890.0 66.0 890.0 707.0 230.0 707.0 70.0 7.0 70.0 
1 5 0.68 0.68 145.0 18.0 145.0 890.0 66.0 890.0 707.0 230.0 707.0 70.0 7.0 70.0 741.0 48.0 741.0 
1 2 0.27 0.27 932.0 226.0 932.0 109.0 3.0 109.0 
1 3 0.59 0.59 932.0 226.0 932.0 109.0 3.0 109.0 324.0 106.0 324.0 
1 2 0.27 0.27 748.0 48.0 748.0 105.0 22.0 105.0 
1 3 0.58 0.58 748.0 48.0 748.0 105.0 22.0 105.0 761.0 235.0 761.0 
1 4 0.94 0.94 748.0 48.0 748.0 105.0 22.0 105.0 761.0 235.0 761.0 428.0 157.0 428.0 
1 2 0.58 0.58 548.0 168.0 548.0 237.0 67.0 237.0 
1 3 0.94 0.94 548.0 168.0 548.0 237.0 67.0 237.0 893.0 317.0 893.0 
1 2 0.73 0.73 392.0 118.0 392.0 295.0 127.0 295.0 
1 2 0.78 0.78 507.0 89.0 507.0 784.0 475.0 784.0 
1 2 0.49 0.49 989.0 352.0 989.0 290.0 40.0 290.0 
1 2 0.86 0.86 578.0 218.0 578.0 463.0 228.0 463.0 
1 3 0.9 0.9 578.0 218.0 578.0 463.0 228.0 463.0 237.0 9.0 237.0 
1 2 0.77 0.77 220.0 103.0 220.0 250.0 77.0 250.0 
1 2 0.47 0.47 707.0 179.0 707.0 704.0 154.0 704.0 
1 2 0.48 0.48 986.0 80.0 986.0 656.0 268.0 656.0 
1 3 0.53 0.53 986.0 80.0 986.0 656.0 268.0 656.0 768.0 38.0 768.0 
1 4 0.62 0.62 986.0 80.0 986.0 656.0 268.0 656.0 768.0 38.0 768.0 371.0 33.0 371.0 
1 2 0.85 0.85 137.0 67.0 137.0 553.0 205.0 553.0 
1 2 0.77 0.77 712.0 327.0 712.0 197.0 62.0 197.0 
1 3 0.88 0.88 712.0 327.0 712.0 197.0 62.0 197.0 72.0 8.0 72.0 
1 4 0.89 0.89 712.0 327.0 712.0 197.0 62.0 197.0 72.0 8.0 72.0 627.0 9.0 627.0 
1 2 0.54 0.54 551.0 27.0 551.0 169.0 84.0 169.0 
1 3 0.85 0.85 551.0 27.0 551.0 169.0 84.0 169.0 618.0 193.0 618.0 
1 2 0.23 0.23 113.0 1.0 113.0 720.0 162.0 720.0 
1 2 0.67 0.67 690.0 311.0 690.0 166.0 37.0 166.0 
1 3 0.77 0.77 690.0 311.0 690.0 166.0 37.0 166.0 10.0 1.0 10.0 
1 2 0.45 0.45 826.0 277.0 826.0 774.0 91.0 774.0 
1 3 0.45 0.45 826.0 277.0 826.0 774.0 91.0 774.0 151.0 1.0 151.0 
1 4 0.5 0.5 826.0 277.0 826.0 774.0 91.0 774.0 151.0 1.0 151.0 462.0 19.0 462.0 
1 5 0.69 0.69 826.0 277.0 826.0 774.0 91.0 774.0 151.0 1.0 151.0 462.0 19.0 462.0 609.0 117.0 609.0 
1 2 0.64 0.64 688.0 317.0 688.0 491.0 91.0 491.0 
1 2 0.48 0.48 890.0 175.0 890.0 788.0 226.0 788.0 
1 2 0.73 0.73 980.0 156.0 980.0 407.0 233.0 407.0 
1 3 0.87 0.87 980.0 156.0 980.0 407.0 233.0 407.0 940.0 133.0 940.0 
1 4 0.9 0.9 980.0 156.0 980.0 407.0 233.0 407.0 940.0 133.0 940.0 609.0 19.0 609.0 
1 5 0.93 0.93 980.0 156.0 980.0 407.0 233.0 407.0 940.0 133.0 940.0 609.0 19.0 609.0 562.0 15.0 562.0 
1 2 0.36 0.36 206.0 74.0 206.0 892.0 7.0 892.0 
1 3 0.6 0.6 206.0 74.0 206.0 892.0 7.0 892.0 218.0 51.0 218.0 
1 4 0.73 0.73 206.0 74.0 206.0 892.0 7.0 892.0 218.0 51.0 218.0 467.0 61.0 467.0 
1 5 0.73 0.73 206.0 74.0 206.0 892.0 7.0 892.0 218.0 51.0 218.0 467.0 61.0 467.0 391.0 1.0 391.0 
1 2 0.97 0.97 156.0 137.0 156.0 290.0 27.0 290.0 
1 2 0.46 0.46 230.0 71.0 230.0 624.0 99.0 624.0 
1 3 0.59 0.59 230.0 71.0 230.0 624.0 99.0 624.0 228.0 30.0 228.0 
1 4 0.83 0.83 230.0 71.0 230.0 624.0 99.0 624.0 228.0 30.0 228.0 645.0 151.0 645.0 
1 5 0.97 0.97 230.0 71.0 230.0 624.0 99.0 624.0 228.0 30.0 228.0 645.0 151.0 645.0 112.0 16.0 112.0 
1 2 0.67 0.67 117.0 47.0 117.0 463.0 125.0 463.0 
1 3 0.88 0.88 117.0 47.0 117.0 463.0 125.0 463.0 167.0 36.0 167.0 
1 2 0.87 0.87 981.0 223.0 981.0 202.0 130.0 202.0 
1 2 0.37 0.37 61.0 10.0 61.0 983.0 204.0 983.0 
1 3 0.62 0.62 61.0 10.0 61.0 983.0 204.0 983.0 441.0 110.0 441.0 
1 4 0.91 0.91 61.0 10.0 61.0 983.0 204.0 983.0 441.0 110.0 441.0 454.0 132.0 454.0 
1 2 0.3 0.3 962.0 33.0 962.0 349.0 95.0 349.0 
1 3 0.64 0.64 962.0 33.0 962.0 349.0 95.0 349.0 297.0 101.0 297.0 
1 4 0.67 0.67 962.0 33.0 962.0 349.0 95.0 349.0 297.0 101.0 297.0 761.0 24.0 761.0 
1 2 0.89 0.89 704.0 221.0 704.0 899.0 524.0 899.0 
1 2 0.18 0.18 456.0 69.0 456.0 760.0 23.0 760.0 
1 3 0.92 0.92 456.0 69.0 456.0 760.0 23.0 760.0 131.0 98.0 131.0 
1 2 0.75 0.75 557.0 376.0 557.0 881.0 71.0 881.0 
1 3 0.89 0.89 557.0 376.0 557.0 881.0 71.0 881.0 667.0 95.0 667.0 
1 2 0.69 0.69 463.0 124.0 463.0 160.0 69.0 160.0 
1 2 0.46 0.46 845.0 313.0 845.0 911.0 82.0 911.0 
1 3 0.64 0.64 845.0 313.0 845.0 911.0 82.0 911.0 722.0 132.0 722.0 
1 4 0.98 0.98 845.0 313.0 845.0 911.0 82.0 911.0 722.0 132.0 722.0 292.0 101.0 292.0 
1 2 0.35 0.35 909.0 181.0 909.0 944.0 143.0 944.0 
1 2 0.07 0.07 725.0 7.0 725.0 808.0 53.0 808.0 
1 3 0.78 0.78 725.0 7.0 725.0 808.0 53.0 808.0 17.0 12.0 17.0 
1 4 0.88 0.88 725.0 7.0 725.0 808.0 53.0 808.0 17.0 12.0 17.0 405.0 42.0 405.0 
1 2 0.62 0.62 637.0 167.0 637.0 430.0 158.0 430.0 
1 3 0.8 0.8 637.0 167.0 637.0 430.0 158.0 430.0 180.0 32.0 180.0 
1 2 0.31 0.31 220.0 7.0 220.0 551.0 154.0 551.0 
1 3 0.89 0.89 220.0 7.0 220.0 551.0 154.0 551.0 439.0 256.0 439.0 
1 2 0.19 0.19 341.0 43.0 341.0 735.0 53.0 735.0 
1 2 0.78 0.78 546.0 241.0 546.0 576.0 197.0 576.0 
1 2 0.58 0.58 317.0 91.0 317.0 887.0 262.0 887.0 
1 2 0.4 0.4 102.0 12.0 102.0 997.0 289.0 997.0 
1 3 0.46 0.46 102.0 12.0 102.0 997.0 289.0 997.0 512.0 30.0 512.0 
1 4 0.78 0.78 102.0 12.0 102.0 997.0 289.0 997.0 512.0 30.0 512.0 309.0 100.0 309.0 
1 2 0.8 0.8 78.0 32.0 78.0 173.0 69.0 173.0 
1 2 0.66 0.66 721.0 172.0 721.0 521.0 222.0 521.0 
1 3 0.77 0.77 721.0 172.0 721.0 521.0 222.0 521.0 519.0 56.0 519.0 
1 2 0.73 0.73 269.0 108.0 269.0 39.0 13.0 39.0 
1 2 0.87 0.87 571.0 230.0 571.0 65.0 31.0 65.0 
1 2 0.41 0.41 900.0 113.0 900.0 186.0 54.0 186.0 
1 2 0.81 0.81 481.0 5.0 481.0 1000.0 802.0 1000.0 
1 2 0.62 0.62 535.0 233.0 535.0 48.0 9.0 48.0 
1 2 0.49 0.49 481.0 180.0 481.0 284.0 33.0 284.0 
1 3 0.5 0.5 481.0 180.0 481.0 284.0 33.0 284.0 767.0 11.0 767.0 
1 4 0.69 0.69 481.0 180.0 481.0 284.0 33.0 284.0 767.0 11.0 767.0 257.0 48.0 257.0 
1 2 0.55 0.55 505.0 27.0 505.0 568.0 285.0 568.0 
1 3 0.94 0.94 505.0 27.0 505.0 568.0 285.0 568.0 132.0 52.0 132.0 
1 2 0.41 0.41 791.0 25.0 791.0 66.0 25.0 66.0 
1 2 0.85 0.85 344.0 257.0 344.0 818.0 92.0 818.0 
1 3 0.99 0.99 344.0 257.0 344.0 818.0 92.0 818.0 389.0 52.0 389.0 
1 2 0.51 0.51 414.0 184.0 414.0 753.0 51.0 753.0 
1 3 0.82 0.82 414.0 184.0 414.0 753.0 51.0 753.0 304.0 95.0 304.0 
1 2 0.62 0.62 745.0 323.0 745.0 36.0 7.0 36.0 
1 3 0.69 0.69 745.0 323.0 745.0 36.0 7.0 36.0 749.0 47.0 749.0 
1 2 0.56 0.56 865.0 92.0 865.0 261.0 121.0 261.0 
1 3 0.73 0.73 865.0 92.0 865.0 261.0 121.0 261.0 642.0 105.0 642.0 
1 2 0.57 0.57 18.0 7.0 18.0 448.0 84.0 448.0 
1 2 0.97 0.97 546.0 363.0 546.0 959.0 302.0 959.0 
1 2 0.44 0.44 445.0 135.0 445.0 80.0 11.0 80.0 
1 2 0.82 0.82 551.0 296.0 551.0 742.0 213.0 742.0 
1 2 0.39 0.39 44.0 11.0 44.0 384.0 54.0 384.0 
1 3 0.42 0.42 44.0 11.0 44.0 384.0 54.0 384.0 442.0 15.0 442.0 
1 4 0.87 0.87 44.0 11.0 44.0 384.0 54.0 384.0 442.0 15.0 442.0 153.0 69.0 153.0 
1 2 0.69 0.69 773.0 113.0 773.0 707.0 388.0 707.0 
1 3 0.83 0.83 773.0 113.0 773.0 707.0 388.0 707.0 556.0 80.0 556.0 
1 2 0.88 0.88 59.0 13.0 59.0 754.0 504.0 754.0 
1 2 0.54 0.54 196.0 48.0 196.0 57.0 17.0 57.0 
1 2 0.53 0.53 678.0 20.0 678.0 657.0 330.0 657.0 
1 2 0.72 0.72 955.0 156.0 955.0 529.0 298.0 529.0 
1 2 0.68 0.68 643.0 229.0 643.0 74.0 24.0 74.0 
1 2 0.56 0.56 693.0 64.0 693.0 211.0 99.0 211.0 
1 3 0.8 0.8 693.0 64.0 693.0 211.0 99.0 211.0 404.0 99.0 404.0 
1 2 0.17 0.17 405.0 12.0 405.0 762.0 114.0 762.0 
1 3 0.71 0.71 405.0 12.0 405.0 762.0 114.0 762.0 879.0 470.0 879.0 
1 2 0.25 0.25 225.0 55.0 225.0 419.0 4.0 419.0 
1 3 0.52 0.52 225.0 55.0 225.0 419.0 4.0 419.0 976.0 268.0 976.0 
1 4 0.85 0.85 225.0 55.0 225.0 419.0 4.0 419.0 976.0 268.0 976.0 694.0 228.0 694.0 
1 2 0.88 0.88 289.0 142.0 289.0 289.0 115.0 289.0 
1 2 0.75 0.75 145.0 41.0 145.0 899.0 423.0 899.0 
1 2 0.29 0.29 773.0 46.0 773.0 460.0 110.0 460.0 
1 3 0.46 0.46 773.0 46.0 773.0 460.0 110.0 460.0 281.0 46.0 281.0 
1 4 0.81 0.81 773.0 46.0 773.0 460.0 110.0 460.0 281.0 46.0 281.0 522.0 186.0 522.0 
1 2 0.67 0.67 148.0 94.0 148.0 770.0 33.0 770.0 
1 3 0.75 0.75 148.0 94.0 148.0 770.0 33.0 770.0 192.0 15.0 192.0 
1 2 0.24 0.24 424.0 39.0 424.0 798.0 124.0 798.0 
1 2 0.44 0.44 691.0 137.0 691.0 388.0 97.0 388.0 
1 3 0.75 0.75 691.0 137.0 691.0 388.0 97.0 388.0 113.0 35.0 113.0 
1 4 0.79 0.79 691.0 137.0 691.0 388.0 97.0 388.0 113.0 35.0 113.0 814.0 28.0 814.0 
1 2 0.89 0.89 920.0 432.0 920.0 195.0 83.0 195.0 
1 3 0.97 0.97 920.0 432.0 920.0 195.0 83.0 195.0 575.0 44.0 575.0 
1 2 0.55 0.55 628.0 199.0 628.0 988.0 231.0 988.0 
1 3 0.98 0.98 628.0 199.0 628.0 988.0 231.0 988.0 875.0 376.0 875.0 
1 2 0.24 0.24 980.0 209.0 980.0 543.0 15.0 543.0 
1 3 0.69 0.69 980.0 209.0 980.0 543.0 15.0 543.0 661.0 303.0 661.0 
1 2 0.5 0.5 209.0 27.0 209.0 329.0 125.0 329.0 
1 3 0.95 0.95 209.0 27.0 209.0 329.0 125.0 329.0 308.0 137.0 308.0 
1 4 0.97 0.97 209.0 27.0 209.0 329.0 125.0 329.0 308.0 137.0 308.0 206.0 5.0 206.0 
1 2 0.64 0.64 482.0 267.0 482.0 748.0 67.0 748.0 
1 3 0.89 0.89 482.0 267.0 482.0 748.0 67.0 748.0 644.0 165.0 644.0 
1 2 0.7 0.7 50.0 25.0 50.0 773.0 160.0 773.0 
1 3 0.82 0.82 50.0 25.0 50.0 773.0 160.0 773.0 559.0 65.0 559.0 
1 4 0.96 0.96 50.0 25.0 50.0 773.0 160.0 773.0 559.0 65.0 559.0 102.0 14.0 102.0 
1 2 0.49 0.49 449.0 169.0 449.0 146.0 18.0 146.0 
1 3 0.54 0.54 449.0 169.0 449.0 146.0 18.0 146.0 767.0 34.0 767.0 
1 4 0.82 0.82 449.0 169.0 449.0 146.0 18.0 146.0 767.0 34.0 767.0 423.0 119.0 423.0 
1 2 0.63 0.63 6.0 2.0 6.0 788.0 239.0 788.0 
1 3 0.74 0.74 6.0 2.0 6.0 788.0 239.0 788.0 174.0 18.0 174.0 
1 2 0.45 0.45 967.0 95.0 967.0 424.0 152.0 424.0 
1 3 0.74 0.74 967.0 95.0 967.0 424.0 152.0 424.0 426.0 124.0 426.0 
1 2 0.63 0.63 431.0 77.0 431.0 102.0 47.0 102.0 
1 3 0.91 0.91 431.0 77.0 431.0 102.0 47.0 102.0 912.0 254.0 912.0 
1 2 0.96 0.96 175.0 37.0 175.0 628.0 474.0 628.0 
1 2 0.94 0.94 403.0 139.0 403.0 438.0 261.0 438.0 
1 2 0.38 0.38 571.0 5.0 571.0 878.0 327.0 878.0 
1 3 0.64 0.64 571.0 5.0 571.0 878.0 327.0 878.0 30.0 8.0 30.0 
1 2 0.89 0.89 54.0 25.0 54.0 23.0 10.0 23.0 
1 2 0.94 0.94 667.0 371.0 667.0 739.0 289.0 739.0 
1 2 0.07 0.07 628.0 37.0 628.0 227.0 4.0 227.0 
1 3 0.6 0.6 628.0 37.0 628.0 227.0 4.0 227.0 741.0 394.0 741.0 
1 4 0.73 0.73 628.0 37.0 628.0 227.0 4.0 227.0 741.0 394.0 741.0 667.0 82.0 667.0 
1 5 0.98 0.98 628.0 37.0 628.0 227.0 4.0 227.0 741.0 394.0 741.0 667.0 82.0 667.0 709.0 182.0 709.0 
1 2 0.9 0.9 963.0 713.0 963.0 646.0 104.0 646.0 
1 2 0.97 0.97 350.0 171.0 350.0 902.0 439.0 902.0 
1 2 0.97 0.97 105.0 72.0 105.0 120.0 35.0 120.0 
1 2 0.5 0.5 650.0 56.0 650.0 279.0 118.0 279.0 
1 2 0.21 0.21 991.0 213.0 991.0 847.0 2.0 847.0 
1 2 0.4 0.4 842.0 133.0 842.0 73.0 18.0 73.0 
1 3 0.96 0.96 842.0 133.0 842.0 73.0 18.0 73.0 812.0 452.0 812.0 
1 2 0.47 0.47 791.0 205.0 791.0 383.0 83.0 383.0 
1 3 0.52 0.52 791.0 205.0 791.0 383.0 83.0 383.0 719.0 35.0 719.0 
1 4 0.8 0.8 791.0 205.0 791.0 383.0 83.0 383.0 719.0 35.0 719.0 224.0 63.0 224.0 
1 2 0.38 0.38 748.0 266.0 748.0 501.0 15.0 501.0 
1 3 0.53 0.53 748.0 266.0 748.0 501.0 15.0 501.0 233.0 35.0 233.0 
1 4 0.92 0.92 748.0 266.0 748.0 501.0 15.0 501.0 233.0 35.0 233.0 84.0 33.0 84.0 
1 2 0.39 0.39 745.0 276.0 745.0 300.0 6.0 300.0 
1 3 0.97 0.97 745.0 276.0 745.0 300.0 6.0 300.0 63.0 37.0 63.0 
1 2 0.85 0.85 561.0 330.0 561.0 104.0 28.0 104.0 
1 2 0.94 0.94 596.0 364.0 596.0 3.0 1.0 3.0 
1 2 0.84 0.84 545.0 152.0 545.0 551.0 311.0 551.0 
1 3 0.87 0.87 545.0 152.0 545.0 551.0 311.0 551.0 520.0 15.0 520.0 
1 2 0.56 0.56 561.0 239.0 561.0 352.0 49.0 352.0 
1 3 0.9 0.9 561.0 239.0 561.0 352.0 49.0 352.0 799.0 272.0 799.0 
1 2 0.45 0.45 793.0 342.0 793.0 332.0 9.0 332.0 
1 3 0.58 0.58 793.0 342.0 793.0 332.0 9.0 332.0 360.0 44.0 360.0 
1 2 0.8 0.8 296.0 145.0 296.0 757.0 237.0 757.0 
1 2 0.6 0.6 933.0 273.0 933.0 589.0 186.0 589.0 
1 3 0.88 0.88 933.0 273.0 933.0 589.0 186.0 589.0 153.0 43.0 153.0 
1 2 0.61 0.61 913.0 399.0 913.0 808.0 144.0 808.0 
1 2 0.89 0.89 55.0 2.0 55.0 394.0 339.0 394.0 
1 2 0.55 0.55 209.0 81.0 209.0 245.0 41.0 245.0 
1 2 0.59 0.59 396.0 73.0 396.0 708.0 288.0 708.0 
1 3 0.64 0.64 396.0 73.0 396.0 708.0 288.0 708.0 270.0 14.0 270.0 
1 4 0.72 0.72 396.0 73.0 396.0 708.0 288.0 708.0 270.0 14.0 270.0 731.0 60.0 731.0 
1 5 0.99 0.99 396.0 73.0 396.0 708.0 288.0 708.0 270.0 14.0 270.0 731.0 60.0 731.0 279.0 76.0 279.0 
1 2 0.85 0.85 703.0 2.0 703.0 321.0 274.0 321.0 
1 2 0.08 0.08 189.0 1.0 189.0 319.0 26.0 319.0 
1 3 0.76 0.76 189.0 1.0 189.0 319.0 26.0 319.0 541.0 367.0 541.0 
1 2 0.68 0.68 561.0 278.0 561.0 31.0 6.0 31.0 
1 2 0.27 0.27 515.0 83.0 515.0 255.0 28.0 255.0 
1 3 0.49 0.49 515.0 83.0 515.0 255.0 28.0 255.0 723.0 159.0 723.0 
1 2 0.26 0.26 967.0 7.0 967.0 536.0 139.0 536.0 
1 3 0.32 0.32 967.0 7.0 967.0 536.0 139.0 536.0 814.0 45.0 814.0 
1 2 0.78 0.78 16.0 7.0 16.0 460.0 159.0 460.0 
1 3 0.87 0.87 16.0 7.0 16.0 460.0 159.0 460.0 817.0 79.0 817.0 
1 2 0.44 0.44 459.0 149.0 459.0 734.0 88.0 734.0 
1 2 0.38 0.38 732.0 11.0 732.0 880.0 323.0 880.0 
1 3 0.41 0.41 732.0 11.0 732.0 880.0 323.0 880.0 144.0 5.0 144.0 
1 4 0.52 0.52 732.0 11.0 732.0 880.0 323.0 880.0 144.0 5.0 144.0 749.0 82.0 749.0 
1 5 0.74 0.74 732.0 11.0 732.0 880.0 323.0 880.0 144.0 5.0 144.0 749.0 82.0 749.0 343.0 74.0 343.0 
1 2 0.6 0.6 881.0 119.0 881.0 287.0 135.0 287.0 
1 3 0.66 0.66 881.0 119.0 881.0 287.0 135.0 287.0 99.0 6.0 99.0 
1 4 0.94 0.94 881.0 119.0 881.0 287.0 135.0 287.0 99.0 6.0 99.0 743.0 204.0 743.0 
1 2 0.42 0.42 1000.0 412.0 1000.0 417.0 5.0 417.0 
1 3 0.6 0.6 1000.0 412.0 1000.0 417.0 5.0 417.0 340.0 60.0 340.0 
1 4 0.61 0.61 1000.0 412.0 1000.0 417.0 5.0 417.0 340.0 60.0 340.0 157.0 2.0 157.0 
1 5 0.68 0.68 1000.0 412.0 1000.0 417.0 5.0 417.0 340.0 60.0 340.0 157.0 2.0 157.0 834.0 64.0 834.0 
1 6 0.95 0.95 1000.0 412.0 1000.0 417.0 5.0 417.0 340.0 60.0 340.0 157.0 2.0 157.0 834.0 64.0 834.0 832.0 222.0 832.0 
1 2 0.78 0.78 25.0 16.0 25.0 838.0 120.0 838.0 
1 3 0.92 0.92 25.0 16.0 25.0 838.0 120.0 838.0 647.0 89.0 647.0 
1 2 0.28 0.28 972.0 177.0 972.0 854.0 85.0 854.0 
1 3 0.93 0.93 972.0 177.0 972.0 854.0 85.0 854.0 541.0 352.0 541.0 
1 2 0.45 0.45 355.0 39.0 355.0 149.0 52.0 149.0 
1 3 0.92 0.92 355.0 39.0 355.0 149.0 52.0 149.0 901.0 422.0 901.0 
1 2 0.12 0.12 712.0 64.0 712.0 730.0 29.0 730.0 
1 3 0.9 0.9 712.0 64.0 712.0 730.0 29.0 730.0 22.0 17.0 22.0 
1 2 0.81 0.81 203.0 42.0 203.0 190.0 116.0 190.0 
1 2 0.57 0.57 611.0 220.0 611.0 203.0 43.0 203.0 
1 2 0.69 0.69 803.0 323.0 803.0 763.0 222.0 763.0 
1 2 0.77 0.77 338.0 110.0 338.0 830.0 373.0 830.0 
1 2 0.49 0.49 525.0 184.0 525.0 569.0 81.0 569.0 
1 3 0.52 0.52 525.0 184.0 525.0 569.0 81.0 569.0 28.0 1.0 28.0 
1 4 0.86 0.86 525.0 184.0 525.0 569.0 81.0 569.0 28.0 1.0 28.0 884.0 294.0 884.0 
1 2 0.56 0.56 623.0 240.0 623.0 557.0 101.0 557.0 
1 3 0.61 0.61 623.0 240.0 623.0 557.0 101.0 557.0 782.0 36.0 782.0 
1 4 0.95 0.95 623.0 240.0 623.0 557.0 101.0 557.0 782.0 36.0 782.0 447.0 151.0 447.0 
1 2 0.47 0.47 708.0 172.0 708.0 731.0 171.0 731.0 
1 2 0.62 0.62 108.0 26.0 108.0 466.0 180.0 466.0 
1 2 0.36 0.36 788.0 195.0 788.0 307.0 36.0 307.0 
1 3 0.77 0.77 788.0 195.0 788.0 307.0 36.0 307.0 51.0 21.0 51.0 
1 2 0.49 0.49 338.0 33.0 338.0 246.0 97.0 246.0 
1 3 0.76 0.76 338.0 33.0 338.0 246.0 97.0 246.0 971.0 266.0 971.0 
1 2 0.73 0.73 551.0 302.0 551.0 633.0 118.0 633.0 
1 3 0.73 0.73 551.0 302.0 551.0 633.0 118.0 633.0 729.0 1.0 729.0 
1 4 0.94 0.94 551.0 302.0 551.0 633.0 118.0 633.0 729.0 1.0 729.0 415.0 86.0 415.0 
1 5 0.95 0.95 551.0 302.0 551.0 633.0 118.0 633.0 729.0 1.0 729.0 415.0 86.0 415.0 495.0 6.0 495.0 
1 2 0.69 0.69 690.0 414.0 690.0 399.0 39.0 399.0 
1 3 0.94 0.94 690.0 414.0 690.0 399.0 39.0 399.0 122.0 30.0 122.0 
1 4 0.98 0.98 690.0 414.0 690.0 399.0 39.0 399.0 122.0 30.0 122.0 205.0 9.0 205.0 
1 2 0.83 0.83 676.0 141.0 676.0 365.0 230.0 365.0 
1 3 0.94 0.94 676.0 141.0 676.0 365.0 230.0 365.0 674.0 69.0 674.0 
1 2 0.84 0.84 224.0 96.0 224.0 991.0 408.0 991.0 
1 2 0.58 0.58 309.0 120.0 309.0 621.0 121.0 621.0 
1 3 0.71 0.71 309.0 120.0 309.0 621.0 121.0 621.0 677.0 86.0 677.0 
1 2 0.91 0.91 473.0 51.0 473.0 223.0 180.0 223.0 
1 2 0.42 0.42 478.0 62.0 478.0 861.0 255.0 861.0 
1 3 0.54 0.54 478.0 62.0 478.0 861.0 255.0 861.0 158.0 19.0 158.0 
1 2 0.34 0.34 718.0 6.0 718.0 886.0 301.0 886.0 
1 3 0.54 0.54 718.0 6.0 718.0 886.0 301.0 886.0 217.0 42.0 217.0 
1 2 0.96 0.96 347.0 230.0 347.0 848.0 258.0 848.0 
1 2 0.7 0.7 373.0 163.0 373.0 563.0 150.0 563.0 
1 3 0.73 0.73 373.0 163.0 373.0 563.0 150.0 563.0 877.0 28.0 877.0 
1 2 0.6 0.6 654.0 235.0 654.0 183.0 45.0 183.0 
1 3 0.78 0.78 654.0 235.0 654.0 183.0 45.0 183.0 111.0 20.0 111.0 
1 4 0.82 0.82 654.0 235.0 654.0 183.0 45.0 183.0 111.0 20.0 111.0 202.0 9.0 202.0 
1 2 0.92 0.92 505.0 29.0 505.0 675.0 587.0 675.0 
1 2 0.65 0.65 301.0 91.0 301.0 968.0 340.0 968.0 
1 3 0.89 0.89 301.0 91.0 301.0 968.0 340.0 968.0 250.0 61.0 250.0 
1 2 0.53 0.53 631.0 200.0 631.0 951.0 210.0 951.0 
1 3 0.94 0.94 631.0 200.0 631.0 951.0 210.0 951.0 195.0 80.0 195.0 
1 2 0.39 0.39 763.0 253.0 763.0 63.0 4.0 63.0 
1 2 0.69 0.69 323.0 18.0 323.0 338.0 217.0 338.0 
1 3 0.91 0.91 323.0 18.0 323.0 338.0 217.0 338.0 65.0 14.0 65.0 
1 2 0.86 0.86 172.0 140.0 172.0 475.0 26.0 475.0 
1 2 0.26 0.26 393.0 48.0 393.0 498.0 69.0 498.0 
1 3 0.35 0.35 393.0 48.0 393.0 498.0 69.0 498.0 384.0 36.0 384.0 
1 4 0.55 0.55 393.0 48.0 393.0 498.0 69.0 498.0 384.0 36.0 384.0 35.0 7.0 35.0 
1 5 0.78 0.78 393.0 48.0 393.0 498.0 69.0 498.0 384.0 36.0 384.0 35.0 7.0 35.0 304.0 71.0 304.0 
1 2 0.82 0.82 201.0 8.0 201.0 521.0 408.0 521.0 
1 3 0.97 0.97 201.0 8.0 201.0 521.0 408.0 521.0 500.0 76.0 500.0 
1 2 0.57 0.57 403.0 129.0 403.0 650.0 163.0 650.0 
1 3 0.98 0.98 403.0 129.0 403.0 650.0 163.0 650.0 204.0 84.0 204.0 
1 2 0.78 0.78 160.0 65.0 160.0 393.0 148.0 393.0 
1 2 0.86 0.86 677.0 362.0 677.0 43.0 14.0 43.0 
1 2 0.84 0.84 917.0 524.0 917.0 934.0 256.0 934.0 
1 2 0.61 0.61 372.0 148.0 372.0 750.0 163.0 750.0 
1 3 0.93 0.93 372.0 148.0 372.0 750.0 163.0 750.0 442.0 140.0 442.0 
1 2 0.4 0.4 83.0 23.0 83.0 273.0 35.0 273.0 
1 2 0.41 0.41 642.0 198.0 642.0 47.0 5.0 47.0 
1 3 0.82 0.82 642.0 198.0 642.0 47.0 5.0 47.0 900.0 371.0 900.0 
1 2 0.39 0.39 36.0 14.0 36.0 431.0 3.0 431.0 
1 2 0.78 0.78 487.0 130.0 487.0 395.0 205.0 395.0 
1 2 0.5 0.5 155.0 10.0 155.0 436.0 192.0 436.0 
