1 2 0.51 0.51 770.0 322.0 770.0 934.0 91.0 934.0 
1 3 0.59 0.59 770.0 322.0 770.0 934.0 91.0 934.0 253.0 20.0 253.0 
1 4 0.7 0.7 770.0 322.0 770.0 934.0 91.0 934.0 253.0 20.0 253.0 769.0 88.0 769.0 
1 5 0.74 0.74 770.0 322.0 770.0 934.0 91.0 934.0 253.0 20.0 253.0 769.0 88.0 769.0 185.0 6.0 185.0 
1 6 0.77 0.77 770.0 322.0 770.0 934.0 91.0 934.0 253.0 20.0 253.0 769.0 88.0 769.0 185.0 6.0 185.0 522.0 19.0 522.0 
1 7 0.94 0.94 770.0 322.0 770.0 934.0 91.0 934.0 253.0 20.0 253.0 769.0 88.0 769.0 185.0 6.0 185.0 522.0 19.0 522.0 300.0 49.0 300.0 
1 2 0.41 0.41 182.0 20.0 182.0 350.0 107.0 350.0 
1 3 0.68 0.68 182.0 20.0 182.0 350.0 107.0 350.0 168.0 46.0 168.0 
1 4 0.83 0.83 182.0 20.0 182.0 350.0 107.0 350.0 168.0 46.0 168.0 14.0 2.0 14.0 
1 2 0.32 0.32 588.0 164.0 588.0 843.0 43.0 843.0 
1 3 0.76 0.76 588.0 164.0 588.0 843.0 43.0 843.0 708.0 309.0 708.0 
1 4 0.8 0.8 588.0 164.0 588.0 843.0 43.0 843.0 708.0 309.0 708.0 854.0 30.0 854.0 
1 5 0.82 0.82 588.0 164.0 588.0 843.0 43.0 843.0 708.0 309.0 708.0 854.0 30.0 854.0 755.0 17.0 755.0 
1 2 0.61 0.61 875.0 10.0 875.0 991.0 601.0 991.0 
1 3 0.62 0.62 875.0 10.0 875.0 991.0 601.0 991.0 827.0 3.0 827.0 
1 4 0.8 0.8 875.0 10.0 875.0 991.0 601.0 991.0 827.0 3.0 827.0 751.0 141.0 751.0 
1 2 0.66 0.66 282.0 127.0 282.0 618.0 130.0 618.0 
1 3 0.68 0.68 282.0 127.0 282.0 618.0 130.0 618.0 955.0 26.0 955.0 
1 4 0.73 0.73 282.0 127.0 282.0 618.0 130.0 618.0 955.0 26.0 955.0 885.0 46.0 885.0 
1 5 0.85 0.85 282.0 127.0 282.0 618.0 130.0 618.0 955.0 26.0 955.0 885.0 46.0 885.0 766.0 90.0 766.0 
1 2 0.0 0.0 900.0 2.0 900.0 599.0 1.0 599.0 
1 3 0.03 0.03 900.0 2.0 900.0 599.0 1.0 599.0 103.0 3.0 103.0 
1 4 0.06 0.06 900.0 2.0 900.0 599.0 1.0 599.0 103.0 3.0 103.0 67.0 2.0 67.0 
1 5 0.09 0.09 900.0 2.0 900.0 599.0 1.0 599.0 103.0 3.0 103.0 67.0 2.0 67.0 73.0 2.0 73.0 
1 6 0.53 0.53 900.0 2.0 900.0 599.0 1.0 599.0 103.0 3.0 103.0 67.0 2.0 67.0 73.0 2.0 73.0 441.0 195.0 441.0 
1 7 0.74 0.74 900.0 2.0 900.0 599.0 1.0 599.0 103.0 3.0 103.0 67.0 2.0 67.0 73.0 2.0 73.0 441.0 195.0 441.0 679.0 142.0 679.0 
1 2 0.48 0.48 420.0 134.0 420.0 980.0 161.0 980.0 
1 3 0.48 0.48 420.0 134.0 420.0 980.0 161.0 980.0 406.0 2.0 406.0 
1 4 0.54 0.54 420.0 134.0 420.0 980.0 161.0 980.0 406.0 2.0 406.0 370.0 21.0 370.0 
1 2 0.51 0.51 178.0 32.0 178.0 170.0 57.0 170.0 
1 3 0.65 0.65 178.0 32.0 178.0 170.0 57.0 170.0 572.0 79.0 572.0 
1 2 0.55 0.55 968.0 516.0 968.0 946.0 22.0 946.0 
1 3 0.63 0.63 968.0 516.0 968.0 946.0 22.0 946.0 121.0 9.0 121.0 
1 4 0.73 0.73 968.0 516.0 968.0 946.0 22.0 946.0 121.0 9.0 121.0 200.0 20.0 200.0 
1 5 0.82 0.82 968.0 516.0 968.0 946.0 22.0 946.0 121.0 9.0 121.0 200.0 20.0 200.0 721.0 69.0 721.0 
1 6 0.9 0.9 968.0 516.0 968.0 946.0 22.0 946.0 121.0 9.0 121.0 200.0 20.0 200.0 721.0 69.0 721.0 345.0 28.0 345.0 
1 7 0.97 0.97 968.0 516.0 968.0 946.0 22.0 946.0 121.0 9.0 121.0 200.0 20.0 200.0 721.0 69.0 721.0 345.0 28.0 345.0 381.0 25.0 381.0 
1 2 0.38 0.38 135.0 39.0 135.0 383.0 35.0 383.0 
1 3 0.46 0.46 135.0 39.0 135.0 383.0 35.0 383.0 666.0 59.0 666.0 
1 4 0.75 0.75 135.0 39.0 135.0 383.0 35.0 383.0 666.0 59.0 666.0 547.0 155.0 547.0 
1 2 0.23 0.23 784.0 122.0 784.0 77.0 6.0 77.0 
1 3 0.25 0.25 784.0 122.0 784.0 77.0 6.0 77.0 972.0 22.0 972.0 
1 2 0.52 0.52 374.0 18.0 374.0 957.0 461.0 957.0 
1 3 0.61 0.61 374.0 18.0 374.0 957.0 461.0 957.0 986.0 84.0 986.0 
1 4 0.66 0.66 374.0 18.0 374.0 957.0 461.0 957.0 986.0 84.0 986.0 580.0 29.0 580.0 
1 2 0.53 0.53 70.0 17.0 70.0 181.0 53.0 181.0 
1 3 0.78 0.78 70.0 17.0 70.0 181.0 53.0 181.0 345.0 85.0 345.0 
1 2 0.63 0.63 308.0 165.0 308.0 74.0 7.0 74.0 
1 3 0.75 0.75 308.0 165.0 308.0 74.0 7.0 74.0 230.0 29.0 230.0 
1 2 0.96 0.96 253.0 17.0 253.0 88.0 79.0 88.0 
1 2 0.15 0.15 701.0 100.0 701.0 185.0 2.0 185.0 
1 2 0.42 0.42 359.0 11.0 359.0 486.0 191.0 486.0 
1 3 0.44 0.44 359.0 11.0 359.0 486.0 191.0 486.0 715.0 13.0 715.0 
1 2 0.92 0.92 775.0 466.0 775.0 43.0 14.0 43.0 
1 3 0.99 0.99 775.0 466.0 775.0 43.0 14.0 43.0 707.0 45.0 707.0 
1 2 0.94 0.94 653.0 348.0 653.0 758.0 311.0 758.0 
1 2 0.28 0.28 173.0 37.0 173.0 713.0 52.0 713.0 
1 3 0.98 0.98 173.0 37.0 173.0 713.0 52.0 713.0 446.0 311.0 446.0 
1 2 0.38 0.38 995.0 228.0 995.0 282.0 44.0 282.0 
1 3 0.51 0.51 995.0 228.0 995.0 282.0 44.0 282.0 216.0 27.0 216.0 
1 4 0.89 0.89 995.0 228.0 995.0 282.0 44.0 282.0 216.0 27.0 216.0 750.0 290.0 750.0 
1 2 0.95 0.95 153.0 140.0 153.0 575.0 23.0 575.0 
1 2 0.21 0.21 332.0 42.0 332.0 395.0 34.0 395.0 
1 3 0.38 0.38 332.0 42.0 332.0 395.0 34.0 395.0 870.0 154.0 870.0 
1 4 0.89 0.89 332.0 42.0 332.0 395.0 34.0 395.0 870.0 154.0 870.0 514.0 261.0 514.0 
1 5 0.91 0.91 332.0 42.0 332.0 395.0 34.0 395.0 870.0 154.0 870.0 514.0 261.0 514.0 443.0 10.0 443.0 
1 2 0.12 0.12 816.0 25.0 816.0 119.0 11.0 119.0 
1 3 0.52 0.52 816.0 25.0 816.0 119.0 11.0 119.0 919.0 373.0 919.0 
1 4 0.72 0.72 816.0 25.0 816.0 119.0 11.0 119.0 919.0 373.0 919.0 260.0 52.0 260.0 
1 5 0.74 0.74 816.0 25.0 816.0 119.0 11.0 119.0 919.0 373.0 919.0 260.0 52.0 260.0 404.0 5.0 404.0 
1 6 0.89 0.89 816.0 25.0 816.0 119.0 11.0 119.0 919.0 373.0 919.0 260.0 52.0 260.0 404.0 5.0 404.0 471.0 72.0 471.0 
1 7 0.92 0.92 816.0 25.0 816.0 119.0 11.0 119.0 919.0 373.0 919.0 260.0 52.0 260.0 404.0 5.0 404.0 471.0 72.0 471.0 619.0 18.0 619.0 
1 2 0.9 0.9 108.0 12.0 108.0 742.0 591.0 742.0 
1 2 0.35 0.35 257.0 60.0 257.0 480.0 60.0 480.0 
1 3 0.83 0.83 257.0 60.0 257.0 480.0 60.0 480.0 61.0 29.0 61.0 
1 2 0.87 0.87 511.0 104.0 511.0 812.0 549.0 812.0 
1 3 0.98 0.98 511.0 104.0 511.0 812.0 549.0 812.0 287.0 31.0 287.0 
1 2 0.99 0.99 304.0 137.0 304.0 617.0 334.0 617.0 
1 2 0.84 0.84 203.0 140.0 203.0 435.0 66.0 435.0 
1 3 0.96 0.96 203.0 140.0 203.0 435.0 66.0 435.0 779.0 98.0 779.0 
1 2 0.4 0.4 965.0 356.0 965.0 686.0 23.0 686.0 
1 3 0.43 0.43 965.0 356.0 965.0 686.0 23.0 686.0 575.0 20.0 575.0 
1 4 0.66 0.66 965.0 356.0 965.0 686.0 23.0 686.0 575.0 20.0 575.0 156.0 35.0 156.0 
1 2 0.35 0.35 56.0 1.0 56.0 461.0 157.0 461.0 
1 2 0.5 0.5 207.0 29.0 207.0 55.0 20.0 55.0 
1 3 0.77 0.77 207.0 29.0 207.0 55.0 20.0 55.0 842.0 227.0 842.0 
1 4 0.99 0.99 207.0 29.0 207.0 55.0 20.0 55.0 842.0 227.0 842.0 543.0 118.0 543.0 
1 2 0.36 0.36 143.0 6.0 143.0 728.0 234.0 728.0 
1 3 0.69 0.69 143.0 6.0 143.0 728.0 234.0 728.0 467.0 153.0 467.0 
1 4 0.73 0.73 143.0 6.0 143.0 728.0 234.0 728.0 467.0 153.0 467.0 974.0 45.0 974.0 
1 5 0.86 0.86 143.0 6.0 143.0 728.0 234.0 728.0 467.0 153.0 467.0 974.0 45.0 974.0 766.0 101.0 766.0 
1 2 0.45 0.45 412.0 58.0 412.0 509.0 161.0 509.0 
1 2 0.4 0.4 965.0 121.0 965.0 907.0 258.0 907.0 
1 2 0.87 0.87 465.0 200.0 465.0 18.0 8.0 18.0 
1 2 0.32 0.32 842.0 65.0 842.0 74.0 18.0 74.0 
1 3 0.69 0.69 842.0 65.0 842.0 74.0 18.0 74.0 816.0 309.0 816.0 
1 4 0.78 0.78 842.0 65.0 842.0 74.0 18.0 74.0 816.0 309.0 816.0 138.0 12.0 138.0 
1 2 0.79 0.79 717.0 109.0 717.0 661.0 426.0 661.0 
1 3 0.88 0.88 717.0 109.0 717.0 661.0 426.0 661.0 697.0 63.0 697.0 
1 2 0.25 0.25 92.0 13.0 92.0 164.0 19.0 164.0 
1 2 0.24 0.24 470.0 42.0 470.0 205.0 32.0 205.0 
1 3 0.97 0.97 470.0 42.0 470.0 205.0 32.0 205.0 838.0 610.0 838.0 
1 2 0.3 0.3 183.0 24.0 183.0 247.0 42.0 247.0 
1 3 0.37 0.37 183.0 24.0 183.0 247.0 42.0 247.0 759.0 57.0 759.0 
1 4 0.4 0.4 183.0 24.0 183.0 247.0 42.0 247.0 759.0 57.0 759.0 682.0 19.0 682.0 
1 5 0.44 0.44 183.0 24.0 183.0 247.0 42.0 247.0 759.0 57.0 759.0 682.0 19.0 682.0 919.0 42.0 919.0 
1 6 0.52 0.52 183.0 24.0 183.0 247.0 42.0 247.0 759.0 57.0 759.0 682.0 19.0 682.0 919.0 42.0 919.0 869.0 61.0 869.0 
1 7 0.86 0.86 183.0 24.0 183.0 247.0 42.0 247.0 759.0 57.0 759.0 682.0 19.0 682.0 919.0 42.0 919.0 869.0 61.0 869.0 870.0 300.0 870.0 
1 2 0.13 0.13 593.0 15.0 593.0 132.0 14.0 132.0 
1 3 0.25 0.25 593.0 15.0 593.0 132.0 14.0 132.0 669.0 82.0 669.0 
1 4 0.44 0.44 593.0 15.0 593.0 132.0 14.0 132.0 669.0 82.0 669.0 148.0 29.0 148.0 
1 2 0.45 0.45 531.0 91.0 531.0 503.0 143.0 503.0 
1 3 0.53 0.53 531.0 91.0 531.0 503.0 143.0 503.0 879.0 66.0 879.0 
1 4 0.93 0.93 531.0 91.0 531.0 503.0 143.0 503.0 879.0 66.0 879.0 499.0 204.0 499.0 
1 2 0.51 0.51 362.0 137.0 362.0 625.0 85.0 625.0 
1 3 0.71 0.71 362.0 137.0 362.0 625.0 85.0 625.0 477.0 98.0 477.0 
1 2 0.41 0.41 313.0 124.0 313.0 540.0 8.0 540.0 
1 3 0.46 0.46 313.0 124.0 313.0 540.0 8.0 540.0 103.0 6.0 103.0 
1 4 0.52 0.52 313.0 124.0 313.0 540.0 8.0 540.0 103.0 6.0 103.0 482.0 26.0 482.0 
1 5 0.89 0.89 313.0 124.0 313.0 540.0 8.0 540.0 103.0 6.0 103.0 482.0 26.0 482.0 982.0 364.0 982.0 
1 2 0.42 0.42 127.0 40.0 127.0 502.0 53.0 502.0 
1 3 0.85 0.85 127.0 40.0 127.0 502.0 53.0 502.0 180.0 78.0 180.0 
1 4 0.99 0.99 127.0 40.0 127.0 502.0 53.0 502.0 180.0 78.0 180.0 55.0 8.0 55.0 
1 2 0.31 0.31 82.0 17.0 82.0 126.0 13.0 126.0 
1 3 0.49 0.49 82.0 17.0 82.0 126.0 13.0 126.0 89.0 16.0 89.0 
1 2 0.38 0.38 15.0 2.0 15.0 752.0 187.0 752.0 
1 3 0.78 0.78 15.0 2.0 15.0 752.0 187.0 752.0 680.0 271.0 680.0 
1 2 0.4 0.4 999.0 225.0 999.0 651.0 119.0 651.0 
1 3 0.42 0.42 999.0 225.0 999.0 651.0 119.0 651.0 93.0 2.0 93.0 
1 2 0.55 0.55 815.0 402.0 815.0 17.0 1.0 17.0 
1 3 0.76 0.76 815.0 402.0 815.0 17.0 1.0 17.0 57.0 12.0 57.0 
1 2 0.17 0.17 856.0 117.0 856.0 224.0 9.0 224.0 
1 3 0.19 0.19 856.0 117.0 856.0 224.0 9.0 224.0 915.0 13.0 915.0 
1 2 0.98 0.98 922.0 838.0 922.0 623.0 50.0 623.0 
1 2 0.16 0.16 323.0 37.0 323.0 710.0 35.0 710.0 
1 2 0.59 0.59 8.0 2.0 8.0 344.0 120.0 344.0 
1 3 0.69 0.69 8.0 2.0 8.0 344.0 120.0 344.0 963.0 94.0 963.0 
1 4 0.85 0.85 8.0 2.0 8.0 344.0 120.0 344.0 963.0 94.0 963.0 44.0 7.0 44.0 
1 2 0.43 0.43 7.0 1.0 7.0 700.0 205.0 700.0 
1 3 0.5 0.5 7.0 1.0 7.0 700.0 205.0 700.0 886.0 62.0 886.0 
1 4 0.54 0.54 7.0 1.0 7.0 700.0 205.0 700.0 886.0 62.0 886.0 181.0 7.0 181.0 
1 5 0.59 0.59 7.0 1.0 7.0 700.0 205.0 700.0 886.0 62.0 886.0 181.0 7.0 181.0 885.0 44.0 885.0 
1 6 0.88 0.88 7.0 1.0 7.0 700.0 205.0 700.0 886.0 62.0 886.0 181.0 7.0 181.0 885.0 44.0 885.0 731.0 210.0 731.0 
1 2 0.44 0.44 656.0 170.0 656.0 65.0 12.0 65.0 
1 3 0.9 0.9 656.0 170.0 656.0 65.0 12.0 65.0 677.0 314.0 677.0 
1 2 0.21 0.21 588.0 93.0 588.0 643.0 37.0 643.0 
1 3 0.37 0.37 588.0 93.0 588.0 643.0 37.0 643.0 926.0 145.0 926.0 
1 4 0.48 0.48 588.0 93.0 588.0 643.0 37.0 643.0 926.0 145.0 926.0 37.0 4.0 37.0 
1 5 0.62 0.62 588.0 93.0 588.0 643.0 37.0 643.0 926.0 145.0 926.0 37.0 4.0 37.0 601.0 89.0 601.0 
1 6 0.98 0.98 588.0 93.0 588.0 643.0 37.0 643.0 926.0 145.0 926.0 37.0 4.0 37.0 601.0 89.0 601.0 848.0 299.0 848.0 
1 2 0.44 0.44 675.0 49.0 675.0 413.0 154.0 413.0 
1 3 0.46 0.46 675.0 49.0 675.0 413.0 154.0 413.0 816.0 15.0 816.0 
1 4 0.53 0.53 675.0 49.0 675.0 413.0 154.0 413.0 816.0 15.0 816.0 264.0 18.0 264.0 
1 5 0.85 0.85 675.0 49.0 675.0 413.0 154.0 413.0 816.0 15.0 816.0 264.0 18.0 264.0 855.0 273.0 855.0 
1 2 0.83 0.83 127.0 13.0 127.0 765.0 557.0 765.0 
1 2 0.77 0.77 773.0 454.0 773.0 991.0 186.0 991.0 
1 3 0.87 0.87 773.0 454.0 773.0 991.0 186.0 991.0 660.0 66.0 660.0 
1 2 0.61 0.61 98.0 56.0 98.0 754.0 30.0 754.0 
1 3 0.95 0.95 98.0 56.0 98.0 754.0 30.0 754.0 997.0 343.0 997.0 
1 2 0.31 0.31 264.0 13.0 264.0 946.0 255.0 946.0 
1 3 0.44 0.44 264.0 13.0 264.0 946.0 255.0 946.0 213.0 26.0 213.0 
1 4 0.49 0.49 264.0 13.0 264.0 946.0 255.0 946.0 213.0 26.0 213.0 552.0 31.0 552.0 
1 5 0.86 0.86 264.0 13.0 264.0 946.0 255.0 946.0 213.0 26.0 213.0 552.0 31.0 552.0 742.0 276.0 742.0 
1 2 0.2 0.2 538.0 98.0 538.0 797.0 21.0 797.0 
1 3 0.25 0.25 538.0 98.0 538.0 797.0 21.0 797.0 681.0 33.0 681.0 
1 4 0.54 0.54 538.0 98.0 538.0 797.0 21.0 797.0 681.0 33.0 681.0 546.0 158.0 546.0 
1 2 0.52 0.52 925.0 318.0 925.0 896.0 158.0 896.0 
1 3 0.68 0.68 925.0 318.0 925.0 896.0 158.0 896.0 563.0 95.0 563.0 
1 4 0.78 0.78 925.0 318.0 925.0 896.0 158.0 896.0 563.0 95.0 563.0 21.0 2.0 21.0 
1 2 0.09 0.09 857.0 76.0 857.0 760.0 8.0 760.0 
1 3 0.21 0.21 857.0 76.0 857.0 760.0 8.0 760.0 512.0 60.0 512.0 
1 4 0.45 0.45 857.0 76.0 857.0 760.0 8.0 760.0 512.0 60.0 512.0 967.0 234.0 967.0 
1 5 0.51 0.51 857.0 76.0 857.0 760.0 8.0 760.0 512.0 60.0 512.0 967.0 234.0 967.0 595.0 33.0 595.0 
1 2 0.74 0.74 447.0 272.0 447.0 845.0 113.0 845.0 
1 3 0.97 0.97 447.0 272.0 447.0 845.0 113.0 845.0 556.0 127.0 556.0 
1 2 0.64 0.64 39.0 10.0 39.0 449.0 175.0 449.0 
1 2 0.62 0.62 331.0 173.0 331.0 678.0 67.0 678.0 
1 2 0.21 0.21 482.0 47.0 482.0 91.0 11.0 91.0 
1 2 0.52 0.52 916.0 218.0 916.0 485.0 140.0 485.0 
1 3 0.71 0.71 916.0 218.0 916.0 485.0 140.0 485.0 686.0 128.0 686.0 
1 2 0.57 0.57 698.0 12.0 698.0 431.0 240.0 431.0 
1 3 0.57 0.57 698.0 12.0 698.0 431.0 240.0 431.0 336.0 1.0 336.0 
1 4 0.7 0.7 698.0 12.0 698.0 431.0 240.0 431.0 336.0 1.0 336.0 69.0 9.0 69.0 
1 5 0.73 0.73 698.0 12.0 698.0 431.0 240.0 431.0 336.0 1.0 336.0 69.0 9.0 69.0 484.0 13.0 484.0 
1 6 0.82 0.82 698.0 12.0 698.0 431.0 240.0 431.0 336.0 1.0 336.0 69.0 9.0 69.0 484.0 13.0 484.0 398.0 37.0 398.0 
1 2 0.18 0.18 477.0 63.0 477.0 678.0 36.0 678.0 
1 3 0.35 0.35 477.0 63.0 477.0 678.0 36.0 678.0 92.0 16.0 92.0 
1 4 0.38 0.38 477.0 63.0 477.0 678.0 36.0 678.0 92.0 16.0 92.0 65.0 2.0 65.0 
1 5 0.56 0.56 477.0 63.0 477.0 678.0 36.0 678.0 92.0 16.0 92.0 65.0 2.0 65.0 966.0 172.0 966.0 
1 6 0.91 0.91 477.0 63.0 477.0 678.0 36.0 678.0 92.0 16.0 92.0 65.0 2.0 65.0 966.0 172.0 966.0 597.0 206.0 597.0 
1 2 0.74 0.74 285.0 110.0 285.0 329.0 117.0 329.0 
1 2 0.52 0.52 104.0 1.0 104.0 293.0 151.0 293.0 
1 3 0.82 0.82 104.0 1.0 104.0 293.0 151.0 293.0 532.0 160.0 532.0 
1 2 0.85 0.85 842.0 22.0 842.0 397.0 328.0 397.0 
1 2 0.14 0.14 516.0 14.0 516.0 980.0 116.0 980.0 
1 3 0.21 0.21 516.0 14.0 516.0 980.0 116.0 980.0 504.0 36.0 504.0 
1 4 0.61 0.61 516.0 14.0 516.0 980.0 116.0 980.0 504.0 36.0 504.0 316.0 127.0 316.0 
1 5 0.72 0.72 516.0 14.0 516.0 980.0 116.0 980.0 504.0 36.0 504.0 316.0 127.0 316.0 677.0 70.0 677.0 
1 2 0.59 0.59 743.0 355.0 743.0 118.0 14.0 118.0 
1 3 0.96 0.96 743.0 355.0 743.0 118.0 14.0 118.0 590.0 218.0 590.0 
1 2 0.57 0.57 903.0 198.0 903.0 187.0 67.0 187.0 
1 3 0.74 0.74 903.0 198.0 903.0 187.0 67.0 187.0 658.0 109.0 658.0 
1 2 0.25 0.25 242.0 58.0 242.0 267.0 5.0 267.0 
1 3 0.51 0.51 242.0 58.0 242.0 267.0 5.0 267.0 893.0 228.0 893.0 
1 4 0.52 0.52 242.0 58.0 242.0 267.0 5.0 267.0 893.0 228.0 893.0 155.0 1.0 155.0 
1 5 0.56 0.56 242.0 58.0 242.0 267.0 5.0 267.0 893.0 228.0 893.0 155.0 1.0 155.0 800.0 32.0 800.0 
1 6 0.76 0.76 242.0 58.0 242.0 267.0 5.0 267.0 893.0 228.0 893.0 155.0 1.0 155.0 800.0 32.0 800.0 900.0 182.0 900.0 
1 2 0.11 0.11 939.0 43.0 939.0 287.0 19.0 287.0 
1 3 0.41 0.41 939.0 43.0 939.0 287.0 19.0 287.0 606.0 186.0 606.0 
1 4 0.48 0.48 939.0 43.0 939.0 287.0 19.0 287.0 606.0 186.0 606.0 967.0 68.0 967.0 
1 2 0.12 0.12 928.0 11.0 928.0 9.0 1.0 9.0 
1 3 0.34 0.34 928.0 11.0 928.0 9.0 1.0 9.0 64.0 14.0 64.0 
1 4 0.35 0.35 928.0 11.0 928.0 9.0 1.0 9.0 64.0 14.0 64.0 100.0 1.0 100.0 
1 5 0.79 0.79 928.0 11.0 928.0 9.0 1.0 9.0 64.0 14.0 64.0 100.0 1.0 100.0 770.0 341.0 770.0 
1 6 0.85 0.85 928.0 11.0 928.0 9.0 1.0 9.0 64.0 14.0 64.0 100.0 1.0 100.0 770.0 341.0 770.0 140.0 8.0 140.0 
1 2 0.46 0.46 312.0 132.0 312.0 23.0 1.0 23.0 
1 2 0.21 0.21 201.0 34.0 201.0 21.0 1.0 21.0 
1 3 0.23 0.23 201.0 34.0 201.0 21.0 1.0 21.0 361.0 6.0 361.0 
1 2 0.46 0.46 16.0 1.0 16.0 625.0 254.0 625.0 
1 3 0.69 0.69 16.0 1.0 16.0 625.0 254.0 625.0 849.0 195.0 849.0 
1 4 0.84 0.84 16.0 1.0 16.0 625.0 254.0 625.0 849.0 195.0 849.0 455.0 67.0 455.0 
1 2 0.68 0.68 250.0 10.0 250.0 645.0 418.0 645.0 
1 3 0.8 0.8 250.0 10.0 250.0 645.0 418.0 645.0 923.0 110.0 923.0 
1 2 0.51 0.51 371.0 169.0 371.0 621.0 37.0 621.0 
1 3 0.53 0.53 371.0 169.0 371.0 621.0 37.0 621.0 868.0 18.0 868.0 
1 4 0.96 0.96 371.0 169.0 371.0 621.0 37.0 621.0 868.0 18.0 868.0 122.0 52.0 122.0 
1 5 0.99 0.99 371.0 169.0 371.0 621.0 37.0 621.0 868.0 18.0 868.0 122.0 52.0 122.0 293.0 11.0 293.0 
1 2 0.19 0.19 44.0 7.0 44.0 728.0 28.0 728.0 
1 3 0.63 0.63 44.0 7.0 44.0 728.0 28.0 728.0 891.0 389.0 891.0 
1 2 0.83 0.83 799.0 163.0 799.0 393.0 247.0 393.0 
1 3 0.88 0.88 799.0 163.0 799.0 393.0 247.0 393.0 896.0 45.0 896.0 
1 4 0.94 0.94 799.0 163.0 799.0 393.0 247.0 393.0 896.0 45.0 896.0 430.0 25.0 430.0 
1 5 0.99 0.99 799.0 163.0 799.0 393.0 247.0 393.0 896.0 45.0 896.0 430.0 25.0 430.0 738.0 41.0 738.0 
1 2 0.31 0.31 106.0 9.0 106.0 504.0 116.0 504.0 
1 3 0.66 0.66 106.0 9.0 106.0 504.0 116.0 504.0 512.0 180.0 512.0 
1 2 0.62 0.62 375.0 207.0 375.0 822.0 63.0 822.0 
1 2 0.26 0.26 525.0 116.0 525.0 343.0 15.0 343.0 
1 3 0.3 0.3 525.0 116.0 525.0 343.0 15.0 343.0 424.0 16.0 424.0 
1 4 0.37 0.37 525.0 116.0 525.0 343.0 15.0 343.0 424.0 16.0 424.0 582.0 42.0 582.0 
1 5 0.45 0.45 525.0 116.0 525.0 343.0 15.0 343.0 424.0 16.0 424.0 582.0 42.0 582.0 564.0 48.0 564.0 
1 6 0.46 0.46 525.0 116.0 525.0 343.0 15.0 343.0 424.0 16.0 424.0 582.0 42.0 582.0 564.0 48.0 564.0 845.0 7.0 845.0 
1 7 0.64 0.64 525.0 116.0 525.0 343.0 15.0 343.0 424.0 16.0 424.0 582.0 42.0 582.0 564.0 48.0 564.0 845.0 7.0 845.0 698.0 123.0 698.0 
1 8 0.7 0.7 525.0 116.0 525.0 343.0 15.0 343.0 424.0 16.0 424.0 582.0 42.0 582.0 564.0 48.0 564.0 845.0 7.0 845.0 698.0 123.0 698.0 66.0 4.0 66.0 
1 9 0.78 0.78 525.0 116.0 525.0 343.0 15.0 343.0 424.0 16.0 424.0 582.0 42.0 582.0 564.0 48.0 564.0 845.0 7.0 845.0 698.0 123.0 698.0 66.0 4.0 66.0 556.0 47.0 556.0 
1 2 0.59 0.59 808.0 226.0 808.0 140.0 44.0 140.0 
1 3 0.69 0.69 808.0 226.0 808.0 140.0 44.0 140.0 259.0 26.0 259.0 
1 4 0.72 0.72 808.0 226.0 808.0 140.0 44.0 140.0 259.0 26.0 259.0 831.0 29.0 831.0 
1 5 0.77 0.77 808.0 226.0 808.0 140.0 44.0 140.0 259.0 26.0 259.0 831.0 29.0 831.0 946.0 47.0 946.0 
1 2 0.48 0.48 469.0 108.0 469.0 675.0 175.0 675.0 
1 3 0.55 0.55 469.0 108.0 469.0 675.0 175.0 675.0 690.0 48.0 690.0 
1 4 0.7 0.7 469.0 108.0 469.0 675.0 175.0 675.0 690.0 48.0 690.0 20.0 3.0 20.0 
1 5 0.93 0.93 469.0 108.0 469.0 675.0 175.0 675.0 690.0 48.0 690.0 20.0 3.0 20.0 27.0 6.0 27.0 
1 2 0.36 0.36 619.0 95.0 619.0 118.0 25.0 118.0 
1 3 0.85 0.85 619.0 95.0 619.0 118.0 25.0 118.0 806.0 394.0 806.0 
1 4 0.86 0.86 619.0 95.0 619.0 118.0 25.0 118.0 806.0 394.0 806.0 134.0 2.0 134.0 
1 2 0.32 0.32 661.0 64.0 661.0 817.0 190.0 817.0 
1 3 0.74 0.74 661.0 64.0 661.0 817.0 190.0 817.0 980.0 403.0 980.0 
1 4 0.86 0.86 661.0 64.0 661.0 817.0 190.0 817.0 980.0 403.0 980.0 934.0 116.0 934.0 
1 2 0.75 0.75 999.0 465.0 999.0 70.0 20.0 70.0 
1 3 0.84 0.84 999.0 465.0 999.0 70.0 20.0 70.0 612.0 60.0 612.0 
1 2 0.4 0.4 654.0 239.0 654.0 724.0 31.0 724.0 
1 3 0.73 0.73 654.0 239.0 654.0 724.0 31.0 724.0 283.0 92.0 283.0 
1 4 0.76 0.76 654.0 239.0 654.0 724.0 31.0 724.0 283.0 92.0 283.0 694.0 23.0 694.0 
1 2 0.11 0.11 514.0 15.0 514.0 653.0 59.0 653.0 
1 3 0.25 0.25 514.0 15.0 514.0 653.0 59.0 653.0 74.0 10.0 74.0 
1 4 0.42 0.42 514.0 15.0 514.0 653.0 59.0 653.0 74.0 10.0 74.0 177.0 30.0 177.0 
1 5 0.63 0.63 514.0 15.0 514.0 653.0 59.0 653.0 74.0 10.0 74.0 177.0 30.0 177.0 714.0 150.0 714.0 
1 2 0.55 0.55 476.0 227.0 476.0 990.0 77.0 990.0 
1 2 0.84 0.84 515.0 234.0 515.0 576.0 225.0 576.0 
1 2 0.27 0.27 593.0 75.0 593.0 743.0 110.0 743.0 
1 2 0.56 0.56 291.0 68.0 291.0 90.0 30.0 90.0 
1 2 0.06 0.06 814.0 35.0 814.0 445.0 8.0 445.0 
1 3 0.23 0.23 814.0 35.0 814.0 445.0 8.0 445.0 216.0 38.0 216.0 
1 4 0.78 0.78 814.0 35.0 814.0 445.0 8.0 445.0 216.0 38.0 216.0 91.0 50.0 91.0 
1 5 0.87 0.87 814.0 35.0 814.0 445.0 8.0 445.0 216.0 38.0 216.0 91.0 50.0 91.0 965.0 87.0 965.0 
1 6 0.88 0.88 814.0 35.0 814.0 445.0 8.0 445.0 216.0 38.0 216.0 91.0 50.0 91.0 965.0 87.0 965.0 238.0 1.0 238.0 
1 2 0.57 0.57 109.0 3.0 109.0 473.0 261.0 473.0 
1 3 0.78 0.78 109.0 3.0 109.0 473.0 261.0 473.0 414.0 84.0 414.0 
1 4 0.92 0.92 109.0 3.0 109.0 473.0 261.0 473.0 414.0 84.0 414.0 286.0 40.0 286.0 
1 2 0.29 0.29 59.0 15.0 59.0 793.0 36.0 793.0 
1 3 0.95 0.95 59.0 15.0 59.0 793.0 36.0 793.0 348.0 227.0 348.0 
1 2 0.48 0.48 126.0 37.0 126.0 161.0 31.0 161.0 
1 3 0.67 0.67 126.0 37.0 126.0 161.0 31.0 161.0 854.0 157.0 854.0 
1 2 0.68 0.68 940.0 475.0 940.0 787.0 143.0 787.0 
1 3 0.74 0.74 940.0 475.0 940.0 787.0 143.0 787.0 622.0 34.0 622.0 
1 2 0.06 0.06 741.0 18.0 741.0 757.0 32.0 757.0 
1 3 0.25 0.25 741.0 18.0 741.0 757.0 32.0 757.0 451.0 86.0 451.0 
1 4 0.36 0.36 741.0 18.0 741.0 757.0 32.0 757.0 451.0 86.0 451.0 785.0 81.0 785.0 
1 2 0.64 0.64 661.0 392.0 661.0 741.0 37.0 741.0 
1 2 0.58 0.58 5.0 2.0 5.0 803.0 146.0 803.0 
1 3 0.7 0.7 5.0 2.0 5.0 803.0 146.0 803.0 502.0 64.0 502.0 
1 4 0.94 0.94 5.0 2.0 5.0 803.0 146.0 803.0 502.0 64.0 502.0 689.0 163.0 689.0 
1 2 0.22 0.22 962.0 105.0 962.0 855.0 103.0 855.0 
1 3 0.34 0.34 962.0 105.0 962.0 855.0 103.0 855.0 796.0 88.0 796.0 
1 4 0.7 0.7 962.0 105.0 962.0 855.0 103.0 855.0 796.0 88.0 796.0 614.0 222.0 614.0 
1 5 0.9 0.9 962.0 105.0 962.0 855.0 103.0 855.0 796.0 88.0 796.0 614.0 222.0 614.0 355.0 72.0 355.0 
1 2 0.09 0.09 148.0 1.0 148.0 468.0 41.0 468.0 
1 3 0.17 0.17 148.0 1.0 148.0 468.0 41.0 468.0 854.0 68.0 854.0 
1 4 0.19 0.19 148.0 1.0 148.0 468.0 41.0 468.0 854.0 68.0 854.0 742.0 12.0 742.0 
1 5 0.91 0.91 148.0 1.0 148.0 468.0 41.0 468.0 854.0 68.0 854.0 742.0 12.0 742.0 338.0 244.0 338.0 
1 2 0.66 0.66 48.0 22.0 48.0 729.0 151.0 729.0 
1 3 0.96 0.96 48.0 22.0 48.0 729.0 151.0 729.0 598.0 182.0 598.0 
1 2 0.63 0.63 548.0 236.0 548.0 667.0 134.0 667.0 
1 2 0.75 0.75 864.0 96.0 864.0 936.0 599.0 936.0 
1 3 0.77 0.77 864.0 96.0 864.0 936.0 599.0 936.0 48.0 1.0 48.0 
1 2 0.27 0.27 70.0 17.0 70.0 377.0 13.0 377.0 
1 3 0.62 0.62 70.0 17.0 70.0 377.0 13.0 377.0 339.0 117.0 339.0 
1 4 0.9 0.9 70.0 17.0 70.0 377.0 13.0 377.0 339.0 117.0 339.0 53.0 15.0 53.0 
1 5 0.98 0.98 70.0 17.0 70.0 377.0 13.0 377.0 339.0 117.0 339.0 53.0 15.0 53.0 885.0 67.0 885.0 
1 2 0.79 0.79 194.0 18.0 194.0 473.0 332.0 473.0 
1 2 0.5 0.5 681.0 201.0 681.0 765.0 160.0 765.0 
1 3 0.95 0.95 681.0 201.0 681.0 765.0 160.0 765.0 673.0 304.0 673.0 
1 2 0.82 0.82 732.0 39.0 732.0 375.0 288.0 375.0 
1 2 0.43 0.43 335.0 94.0 335.0 661.0 101.0 661.0 
1 3 0.43 0.43 335.0 94.0 335.0 661.0 101.0 661.0 318.0 2.0 318.0 
1 4 0.56 0.56 335.0 94.0 335.0 661.0 101.0 661.0 318.0 2.0 318.0 78.0 10.0 78.0 
1 5 0.72 0.72 335.0 94.0 335.0 661.0 101.0 661.0 318.0 2.0 318.0 78.0 10.0 78.0 885.0 137.0 885.0 
1 2 0.11 0.11 143.0 3.0 143.0 456.0 43.0 456.0 
1 3 0.44 0.44 143.0 3.0 143.0 456.0 43.0 456.0 478.0 158.0 478.0 
1 4 0.51 0.51 143.0 3.0 143.0 456.0 43.0 456.0 478.0 158.0 478.0 534.0 35.0 534.0 
1 5 0.51 0.51 143.0 3.0 143.0 456.0 43.0 456.0 478.0 158.0 478.0 534.0 35.0 534.0 260.0 2.0 260.0 
1 2 0.2 0.2 114.0 12.0 114.0 384.0 37.0 384.0 
1 3 0.21 0.21 114.0 12.0 114.0 384.0 37.0 384.0 494.0 5.0 494.0 
1 4 0.41 0.41 114.0 12.0 114.0 384.0 37.0 384.0 494.0 5.0 494.0 549.0 111.0 549.0 
1 5 0.42 0.42 114.0 12.0 114.0 384.0 37.0 384.0 494.0 5.0 494.0 549.0 111.0 549.0 333.0 3.0 333.0 
1 6 0.54 0.54 114.0 12.0 114.0 384.0 37.0 384.0 494.0 5.0 494.0 549.0 111.0 549.0 333.0 3.0 333.0 119.0 15.0 119.0 
1 7 0.61 0.61 114.0 12.0 114.0 384.0 37.0 384.0 494.0 5.0 494.0 549.0 111.0 549.0 333.0 3.0 333.0 119.0 15.0 119.0 402.0 25.0 402.0 
1 8 0.75 0.75 114.0 12.0 114.0 384.0 37.0 384.0 494.0 5.0 494.0 549.0 111.0 549.0 333.0 3.0 333.0 119.0 15.0 119.0 402.0 25.0 402.0 836.0 117.0 836.0 
1 9 0.77 0.77 114.0 12.0 114.0 384.0 37.0 384.0 494.0 5.0 494.0 549.0 111.0 549.0 333.0 3.0 333.0 119.0 15.0 119.0 402.0 25.0 402.0 836.0 117.0 836.0 931.0 26.0 931.0 
1 10 0.97 0.97 114.0 12.0 114.0 384.0 37.0 384.0 494.0 5.0 494.0 549.0 111.0 549.0 333.0 3.0 333.0 119.0 15.0 119.0 402.0 25.0 402.0 836.0 117.0 836.0 931.0 26.0 931.0 582.0 113.0 582.0 
1 2 0.97 0.97 826.0 197.0 826.0 598.0 442.0 598.0 
1 2 0.62 0.62 825.0 429.0 825.0 58.0 6.0 58.0 
1 3 0.76 0.76 825.0 429.0 825.0 58.0 6.0 58.0 692.0 95.0 692.0 
1 4 0.92 0.92 825.0 429.0 825.0 58.0 6.0 58.0 692.0 95.0 692.0 414.0 67.0 414.0 
1 2 0.91 0.91 39.0 11.0 39.0 925.0 585.0 925.0 
1 2 0.9 0.9 437.0 276.0 437.0 575.0 156.0 575.0 
1 2 0.84 0.84 100.0 14.0 100.0 472.0 334.0 472.0 
1 3 0.92 0.92 100.0 14.0 100.0 472.0 334.0 472.0 839.0 63.0 839.0 
1 2 0.28 0.28 16.0 4.0 16.0 150.0 5.0 150.0 
1 2 0.29 0.29 163.0 9.0 163.0 33.0 8.0 33.0 
1 3 0.43 0.43 163.0 9.0 163.0 33.0 8.0 33.0 430.0 58.0 430.0 
1 4 0.52 0.52 163.0 9.0 163.0 33.0 8.0 33.0 430.0 58.0 430.0 922.0 86.0 922.0 
1 5 0.62 0.62 163.0 9.0 163.0 33.0 8.0 33.0 430.0 58.0 430.0 922.0 86.0 922.0 964.0 93.0 964.0 
1 6 0.68 0.68 163.0 9.0 163.0 33.0 8.0 33.0 430.0 58.0 430.0 922.0 86.0 922.0 964.0 93.0 964.0 594.0 39.0 594.0 
1 7 0.88 0.88 163.0 9.0 163.0 33.0 8.0 33.0 430.0 58.0 430.0 922.0 86.0 922.0 964.0 93.0 964.0 594.0 39.0 594.0 841.0 166.0 841.0 
1 2 0.14 0.14 993.0 102.0 993.0 276.0 13.0 276.0 
1 3 0.35 0.35 993.0 102.0 993.0 276.0 13.0 276.0 782.0 162.0 782.0 
1 4 0.41 0.41 993.0 102.0 993.0 276.0 13.0 276.0 782.0 162.0 782.0 362.0 21.0 362.0 
1 5 0.85 0.85 993.0 102.0 993.0 276.0 13.0 276.0 782.0 162.0 782.0 362.0 21.0 362.0 621.0 271.0 621.0 
1 6 0.89 0.89 993.0 102.0 993.0 276.0 13.0 276.0 782.0 162.0 782.0 362.0 21.0 362.0 621.0 271.0 621.0 743.0 33.0 743.0 
1 2 0.19 0.19 575.0 78.0 575.0 696.0 42.0 696.0 
1 3 0.22 0.22 575.0 78.0 575.0 696.0 42.0 696.0 311.0 9.0 311.0 
1 4 0.65 0.65 575.0 78.0 575.0 696.0 42.0 696.0 311.0 9.0 311.0 42.0 18.0 42.0 
1 2 0.31 0.31 979.0 293.0 979.0 636.0 7.0 636.0 
1 2 0.62 0.62 310.0 92.0 310.0 154.0 51.0 154.0 
1 3 0.72 0.72 310.0 92.0 310.0 154.0 51.0 154.0 583.0 58.0 583.0 
1 4 0.96 0.96 310.0 92.0 310.0 154.0 51.0 154.0 583.0 58.0 583.0 661.0 155.0 661.0 
1 5 0.98 0.98 310.0 92.0 310.0 154.0 51.0 154.0 583.0 58.0 583.0 661.0 155.0 661.0 897.0 24.0 897.0 
1 2 0.46 0.46 996.0 21.0 996.0 720.0 321.0 720.0 
1 3 0.83 0.83 996.0 21.0 996.0 720.0 321.0 720.0 113.0 42.0 113.0 
1 2 0.67 0.67 356.0 76.0 356.0 737.0 342.0 737.0 
1 2 0.21 0.21 137.0 15.0 137.0 489.0 52.0 489.0 
1 3 0.44 0.44 137.0 15.0 137.0 489.0 52.0 489.0 105.0 24.0 105.0 
1 4 0.8 0.8 137.0 15.0 137.0 489.0 52.0 489.0 105.0 24.0 105.0 146.0 52.0 146.0 
1 5 0.89 0.89 137.0 15.0 137.0 489.0 52.0 489.0 105.0 24.0 105.0 146.0 52.0 146.0 81.0 8.0 81.0 
1 2 0.34 0.34 429.0 72.0 429.0 87.0 15.0 87.0 
1 3 0.38 0.38 429.0 72.0 429.0 87.0 15.0 87.0 911.0 44.0 911.0 
1 2 0.26 0.26 97.0 24.0 97.0 241.0 4.0 241.0 
1 3 0.36 0.36 97.0 24.0 97.0 241.0 4.0 241.0 454.0 48.0 454.0 
1 2 0.23 0.23 845.0 100.0 845.0 340.0 40.0 340.0 
1 3 0.68 0.68 845.0 100.0 845.0 340.0 40.0 340.0 81.0 36.0 81.0 
1 4 0.75 0.75 845.0 100.0 845.0 340.0 40.0 340.0 81.0 36.0 81.0 281.0 22.0 281.0 
1 2 0.65 0.65 332.0 67.0 332.0 531.0 243.0 531.0 
1 2 0.55 0.55 249.0 111.0 249.0 243.0 26.0 243.0 
1 2 0.57 0.57 319.0 6.0 319.0 520.0 291.0 520.0 
1 2 0.53 0.53 425.0 19.0 425.0 562.0 274.0 562.0 
1 2 0.36 0.36 519.0 11.0 519.0 739.0 255.0 739.0 
1 2 0.23 0.23 402.0 27.0 402.0 53.0 9.0 53.0 
1 3 0.3 0.3 402.0 27.0 402.0 53.0 9.0 53.0 777.0 49.0 777.0 
1 4 0.36 0.36 402.0 27.0 402.0 53.0 9.0 53.0 777.0 49.0 777.0 976.0 66.0 976.0 
1 2 0.24 0.24 222.0 15.0 222.0 370.0 64.0 370.0 
1 3 0.39 0.39 222.0 15.0 222.0 370.0 64.0 370.0 339.0 52.0 339.0 
1 4 0.99 0.99 222.0 15.0 222.0 370.0 64.0 370.0 339.0 52.0 339.0 975.0 590.0 975.0 
1 2 0.7 0.7 219.0 11.0 219.0 226.0 148.0 226.0 
1 3 0.93 0.93 219.0 11.0 219.0 226.0 148.0 226.0 182.0 41.0 182.0 
1 2 0.89 0.89 917.0 700.0 917.0 985.0 125.0 985.0 
1 2 0.3 0.3 626.0 184.0 626.0 823.0 13.0 823.0 
1 3 0.36 0.36 626.0 184.0 626.0 823.0 13.0 823.0 99.0 5.0 99.0 
1 2 0.25 0.25 659.0 135.0 659.0 596.0 27.0 596.0 
1 3 0.28 0.28 659.0 135.0 659.0 596.0 27.0 596.0 796.0 27.0 796.0 
1 2 0.5 0.5 113.0 30.0 113.0 902.0 218.0 902.0 
1 3 0.61 0.61 113.0 30.0 113.0 902.0 218.0 902.0 535.0 58.0 535.0 
1 4 0.64 0.64 113.0 30.0 113.0 902.0 218.0 902.0 535.0 58.0 535.0 556.0 18.0 556.0 
1 5 0.66 0.66 113.0 30.0 113.0 902.0 218.0 902.0 535.0 58.0 535.0 556.0 18.0 556.0 246.0 5.0 246.0 
1 6 0.78 0.78 113.0 30.0 113.0 902.0 218.0 902.0 535.0 58.0 535.0 556.0 18.0 556.0 246.0 5.0 246.0 841.0 98.0 841.0 
1 2 0.39 0.39 655.0 182.0 655.0 410.0 47.0 410.0 
1 3 0.53 0.53 655.0 182.0 655.0 410.0 47.0 410.0 48.0 7.0 48.0 
1 4 0.8 0.8 655.0 182.0 655.0 410.0 47.0 410.0 48.0 7.0 48.0 498.0 131.0 498.0 
1 2 0.28 0.28 243.0 32.0 243.0 927.0 139.0 927.0 
1 3 0.64 0.64 243.0 32.0 243.0 927.0 139.0 927.0 662.0 239.0 662.0 
1 2 0.67 0.67 221.0 44.0 221.0 192.0 91.0 192.0 
1 3 0.89 0.89 221.0 44.0 221.0 192.0 91.0 192.0 917.0 206.0 917.0 
1 4 0.97 0.97 221.0 44.0 221.0 192.0 91.0 192.0 917.0 206.0 917.0 510.0 37.0 510.0 
1 2 0.49 0.49 916.0 201.0 916.0 519.0 145.0 519.0 
1 3 0.79 0.79 916.0 201.0 916.0 519.0 145.0 519.0 244.0 73.0 244.0 
1 4 0.98 0.98 916.0 201.0 916.0 519.0 145.0 519.0 244.0 73.0 244.0 667.0 124.0 667.0 
1 2 0.64 0.64 483.0 219.0 483.0 143.0 27.0 143.0 
1 2 0.44 0.44 310.0 29.0 310.0 108.0 38.0 108.0 
1 3 0.97 0.97 310.0 29.0 310.0 108.0 38.0 108.0 868.0 463.0 868.0 
1 2 0.32 0.32 653.0 106.0 653.0 787.0 127.0 787.0 
1 3 0.37 0.37 653.0 106.0 653.0 787.0 127.0 787.0 350.0 18.0 350.0 
1 4 0.46 0.46 653.0 106.0 653.0 787.0 127.0 787.0 350.0 18.0 350.0 559.0 52.0 559.0 
1 5 0.65 0.65 653.0 106.0 653.0 787.0 127.0 787.0 350.0 18.0 350.0 559.0 52.0 559.0 732.0 138.0 732.0 
1 2 0.28 0.28 674.0 187.0 674.0 181.0 2.0 181.0 
1 3 0.49 0.49 674.0 187.0 674.0 181.0 2.0 181.0 870.0 184.0 870.0 
1 4 0.76 0.76 674.0 187.0 674.0 181.0 2.0 181.0 870.0 184.0 870.0 267.0 72.0 267.0 
1 2 0.11 0.11 229.0 5.0 229.0 84.0 8.0 84.0 
1 3 0.37 0.37 229.0 5.0 229.0 84.0 8.0 84.0 436.0 112.0 436.0 
1 4 0.61 0.61 229.0 5.0 229.0 84.0 8.0 84.0 436.0 112.0 436.0 492.0 118.0 492.0 
1 5 0.63 0.63 229.0 5.0 229.0 84.0 8.0 84.0 436.0 112.0 436.0 492.0 118.0 492.0 463.0 8.0 463.0 
1 6 0.68 0.68 229.0 5.0 229.0 84.0 8.0 84.0 436.0 112.0 436.0 492.0 118.0 492.0 463.0 8.0 463.0 916.0 47.0 916.0 
1 7 0.81 0.81 229.0 5.0 229.0 84.0 8.0 84.0 436.0 112.0 436.0 492.0 118.0 492.0 463.0 8.0 463.0 916.0 47.0 916.0 142.0 19.0 142.0 
1 8 0.93 0.93 229.0 5.0 229.0 84.0 8.0 84.0 436.0 112.0 436.0 492.0 118.0 492.0 463.0 8.0 463.0 916.0 47.0 916.0 142.0 19.0 142.0 785.0 94.0 785.0 
1 2 0.42 0.42 960.0 336.0 960.0 280.0 22.0 280.0 
1 3 0.6 0.6 960.0 336.0 960.0 280.0 22.0 280.0 849.0 150.0 849.0 
1 2 0.52 0.52 571.0 187.0 571.0 809.0 161.0 809.0 
1 3 0.75 0.75 571.0 187.0 571.0 809.0 161.0 809.0 755.0 175.0 755.0 
1 4 0.9 0.9 571.0 187.0 571.0 809.0 161.0 809.0 755.0 175.0 755.0 479.0 70.0 479.0 
1 2 0.7 0.7 571.0 378.0 571.0 135.0 6.0 135.0 
1 2 0.46 0.46 321.0 41.0 321.0 512.0 173.0 512.0 
1 3 0.62 0.62 321.0 41.0 321.0 512.0 173.0 512.0 263.0 43.0 263.0 
1 4 0.97 0.97 321.0 41.0 321.0 512.0 173.0 512.0 263.0 43.0 263.0 242.0 83.0 242.0 
1 2 0.35 0.35 971.0 4.0 971.0 91.0 32.0 91.0 
1 3 0.7 0.7 971.0 4.0 971.0 91.0 32.0 91.0 283.0 99.0 283.0 
1 2 0.16 0.16 1000.0 38.0 1000.0 55.0 7.0 55.0 
1 3 0.27 0.27 1000.0 38.0 1000.0 55.0 7.0 55.0 690.0 73.0 690.0 
1 4 0.54 0.54 1000.0 38.0 1000.0 55.0 7.0 55.0 690.0 73.0 690.0 770.0 211.0 770.0 
1 2 0.14 0.14 420.0 9.0 420.0 503.0 60.0 503.0 
1 3 0.51 0.51 420.0 9.0 420.0 503.0 60.0 503.0 634.0 235.0 634.0 
1 2 0.36 0.36 608.0 8.0 608.0 258.0 90.0 258.0 
1 3 0.57 0.57 608.0 8.0 608.0 258.0 90.0 258.0 328.0 69.0 328.0 
1 4 0.8 0.8 608.0 8.0 608.0 258.0 90.0 258.0 328.0 69.0 328.0 677.0 156.0 677.0 
1 2 0.84 0.84 13.0 3.0 13.0 358.0 219.0 358.0 
1 2 0.59 0.59 623.0 310.0 623.0 319.0 32.0 319.0 
1 3 0.6 0.6 623.0 310.0 623.0 319.0 32.0 319.0 587.0 4.0 587.0 
1 4 0.72 0.72 623.0 310.0 623.0 319.0 32.0 319.0 587.0 4.0 587.0 526.0 64.0 526.0 
1 5 0.74 0.74 623.0 310.0 623.0 319.0 32.0 319.0 587.0 4.0 587.0 526.0 64.0 526.0 839.0 12.0 839.0 
1 6 0.9 0.9 623.0 310.0 623.0 319.0 32.0 319.0 587.0 4.0 587.0 526.0 64.0 526.0 839.0 12.0 839.0 707.0 114.0 707.0 
1 7 0.96 0.96 623.0 310.0 623.0 319.0 32.0 319.0 587.0 4.0 587.0 526.0 64.0 526.0 839.0 12.0 839.0 707.0 114.0 707.0 848.0 56.0 848.0 
1 2 0.15 0.15 442.0 16.0 442.0 825.0 98.0 825.0 
1 3 0.42 0.42 442.0 16.0 442.0 825.0 98.0 825.0 932.0 255.0 932.0 
1 4 0.55 0.55 442.0 16.0 442.0 825.0 98.0 825.0 932.0 255.0 932.0 303.0 37.0 303.0 
1 5 0.66 0.66 442.0 16.0 442.0 825.0 98.0 825.0 932.0 255.0 932.0 303.0 37.0 303.0 143.0 17.0 143.0 
1 6 0.72 0.72 442.0 16.0 442.0 825.0 98.0 825.0 932.0 255.0 932.0 303.0 37.0 303.0 143.0 17.0 143.0 775.0 46.0 775.0 
1 7 0.9 0.9 442.0 16.0 442.0 825.0 98.0 825.0 932.0 255.0 932.0 303.0 37.0 303.0 143.0 17.0 143.0 775.0 46.0 775.0 232.0 42.0 232.0 
1 8 0.98 0.98 442.0 16.0 442.0 825.0 98.0 825.0 932.0 255.0 932.0 303.0 37.0 303.0 143.0 17.0 143.0 775.0 46.0 775.0 232.0 42.0 232.0 776.0 59.0 776.0 
1 2 0.47 0.47 271.0 83.0 271.0 770.0 132.0 770.0 
1 3 0.54 0.54 271.0 83.0 271.0 770.0 132.0 770.0 661.0 42.0 661.0 
1 4 0.75 0.75 271.0 83.0 271.0 770.0 132.0 770.0 661.0 42.0 661.0 249.0 53.0 249.0 
1 2 0.48 0.48 192.0 15.0 192.0 784.0 320.0 784.0 
1 3 0.7 0.7 192.0 15.0 192.0 784.0 320.0 784.0 967.0 210.0 967.0 
1 2 0.18 0.18 425.0 15.0 425.0 242.0 36.0 242.0 
1 3 0.41 0.41 425.0 15.0 425.0 242.0 36.0 242.0 836.0 193.0 836.0 
1 4 0.43 0.43 425.0 15.0 425.0 242.0 36.0 242.0 836.0 193.0 836.0 935.0 17.0 935.0 
1 5 0.53 0.53 425.0 15.0 425.0 242.0 36.0 242.0 836.0 193.0 836.0 935.0 17.0 935.0 61.0 6.0 61.0 
1 6 0.94 0.94 425.0 15.0 425.0 242.0 36.0 242.0 836.0 193.0 836.0 935.0 17.0 935.0 61.0 6.0 61.0 428.0 176.0 428.0 
1 2 0.21 0.21 311.0 25.0 311.0 15.0 2.0 15.0 
1 3 0.88 0.88 311.0 25.0 311.0 15.0 2.0 15.0 445.0 297.0 445.0 
1 4 0.92 0.92 311.0 25.0 311.0 15.0 2.0 15.0 445.0 297.0 445.0 216.0 9.0 216.0 
1 2 0.63 0.63 41.0 2.0 41.0 579.0 339.0 579.0 
1 2 0.22 0.22 916.0 23.0 916.0 41.0 8.0 41.0 
1 3 0.46 0.46 916.0 23.0 916.0 41.0 8.0 41.0 653.0 160.0 653.0 
1 4 0.62 0.62 916.0 23.0 916.0 41.0 8.0 41.0 653.0 160.0 653.0 973.0 157.0 973.0 
1 2 0.52 0.52 223.0 50.0 223.0 429.0 130.0 429.0 
1 3 0.59 0.59 223.0 50.0 223.0 429.0 130.0 429.0 74.0 5.0 74.0 
1 4 0.61 0.61 223.0 50.0 223.0 429.0 130.0 429.0 74.0 5.0 74.0 876.0 17.0 876.0 
1 5 0.98 0.98 223.0 50.0 223.0 429.0 130.0 429.0 74.0 5.0 74.0 876.0 17.0 876.0 494.0 182.0 494.0 
1 2 0.5 0.5 951.0 470.0 951.0 73.0 1.0 73.0 
1 3 0.67 0.67 951.0 470.0 951.0 73.0 1.0 73.0 582.0 99.0 582.0 
1 4 0.82 0.82 951.0 470.0 951.0 73.0 1.0 73.0 582.0 99.0 582.0 73.0 11.0 73.0 
1 2 0.09 0.09 573.0 2.0 573.0 21.0 2.0 21.0 
1 3 0.42 0.42 573.0 2.0 573.0 21.0 2.0 21.0 127.0 42.0 127.0 
1 4 0.59 0.59 573.0 2.0 573.0 21.0 2.0 21.0 127.0 42.0 127.0 532.0 90.0 532.0 
1 5 0.61 0.61 573.0 2.0 573.0 21.0 2.0 21.0 127.0 42.0 127.0 532.0 90.0 532.0 779.0 16.0 779.0 
1 2 0.69 0.69 109.0 24.0 109.0 902.0 430.0 902.0 
1 2 0.83 0.83 232.0 111.0 232.0 310.0 109.0 310.0 
1 3 0.87 0.87 232.0 111.0 232.0 310.0 109.0 310.0 744.0 37.0 744.0 
1 2 0.45 0.45 43.0 1.0 43.0 763.0 330.0 763.0 
1 3 0.85 0.85 43.0 1.0 43.0 763.0 330.0 763.0 994.0 392.0 994.0 
1 2 0.45 0.45 875.0 182.0 875.0 213.0 53.0 213.0 
1 3 0.72 0.72 875.0 182.0 875.0 213.0 53.0 213.0 489.0 131.0 489.0 
1 4 0.88 0.88 875.0 182.0 875.0 213.0 53.0 213.0 489.0 131.0 489.0 631.0 101.0 631.0 
1 5 0.93 0.93 875.0 182.0 875.0 213.0 53.0 213.0 489.0 131.0 489.0 631.0 101.0 631.0 466.0 25.0 466.0 
1 6 0.95 0.95 875.0 182.0 875.0 213.0 53.0 213.0 489.0 131.0 489.0 631.0 101.0 631.0 466.0 25.0 466.0 897.0 16.0 897.0 
1 2 0.22 0.22 924.0 39.0 924.0 634.0 116.0 634.0 
1 3 0.34 0.34 924.0 39.0 924.0 634.0 116.0 634.0 633.0 75.0 633.0 
1 2 0.89 0.89 774.0 51.0 774.0 182.0 151.0 182.0 
1 2 0.08 0.08 76.0 1.0 76.0 431.0 31.0 431.0 
1 3 0.53 0.53 76.0 1.0 76.0 431.0 31.0 431.0 299.0 134.0 299.0 
1 4 0.92 0.92 76.0 1.0 76.0 431.0 31.0 431.0 299.0 134.0 299.0 769.0 299.0 769.0 
1 2 0.86 0.86 143.0 61.0 143.0 796.0 350.0 796.0 
1 2 0.9 0.9 392.0 28.0 392.0 603.0 500.0 603.0 
1 2 0.27 0.27 665.0 23.0 665.0 172.0 41.0 172.0 
1 3 0.89 0.89 665.0 23.0 665.0 172.0 41.0 172.0 353.0 218.0 353.0 
1 2 0.17 0.17 423.0 16.0 423.0 322.0 45.0 322.0 
1 3 0.23 0.23 423.0 16.0 423.0 322.0 45.0 322.0 452.0 24.0 452.0 
1 4 0.32 0.32 423.0 16.0 423.0 322.0 45.0 322.0 452.0 24.0 452.0 575.0 53.0 575.0 
1 5 0.44 0.44 423.0 16.0 423.0 322.0 45.0 322.0 452.0 24.0 452.0 575.0 53.0 575.0 312.0 37.0 312.0 
1 6 0.49 0.49 423.0 16.0 423.0 322.0 45.0 322.0 452.0 24.0 452.0 575.0 53.0 575.0 312.0 37.0 312.0 18.0 1.0 18.0 
1 7 0.55 0.55 423.0 16.0 423.0 322.0 45.0 322.0 452.0 24.0 452.0 575.0 53.0 575.0 312.0 37.0 312.0 18.0 1.0 18.0 831.0 50.0 831.0 
1 8 0.61 0.61 423.0 16.0 423.0 322.0 45.0 322.0 452.0 24.0 452.0 575.0 53.0 575.0 312.0 37.0 312.0 18.0 1.0 18.0 831.0 50.0 831.0 417.0 24.0 417.0 
1 9 0.64 0.64 423.0 16.0 423.0 322.0 45.0 322.0 452.0 24.0 452.0 575.0 53.0 575.0 312.0 37.0 312.0 18.0 1.0 18.0 831.0 50.0 831.0 417.0 24.0 417.0 340.0 10.0 340.0 
1 2 0.91 0.91 596.0 449.0 596.0 240.0 39.0 240.0 
1 3 0.94 0.94 596.0 449.0 596.0 240.0 39.0 240.0 575.0 16.0 575.0 
1 4 0.95 0.95 596.0 449.0 596.0 240.0 39.0 240.0 575.0 16.0 575.0 345.0 5.0 345.0 
1 2 0.82 0.82 428.0 24.0 428.0 556.0 430.0 556.0 
1 2 0.84 0.84 85.0 9.0 85.0 113.0 84.0 113.0 
1 2 0.18 0.18 739.0 121.0 739.0 932.0 22.0 932.0 
1 3 0.28 0.28 739.0 121.0 739.0 932.0 22.0 932.0 694.0 66.0 694.0 
1 4 0.37 0.37 739.0 121.0 739.0 932.0 22.0 932.0 694.0 66.0 694.0 269.0 26.0 269.0 
1 5 0.39 0.39 739.0 121.0 739.0 932.0 22.0 932.0 694.0 66.0 694.0 269.0 26.0 269.0 570.0 8.0 570.0 
1 6 0.53 0.53 739.0 121.0 739.0 932.0 22.0 932.0 694.0 66.0 694.0 269.0 26.0 269.0 570.0 8.0 570.0 247.0 34.0 247.0 
1 7 0.86 0.86 739.0 121.0 739.0 932.0 22.0 932.0 694.0 66.0 694.0 269.0 26.0 269.0 570.0 8.0 570.0 247.0 34.0 247.0 9.0 3.0 9.0 
1 8 0.9 0.9 739.0 121.0 739.0 932.0 22.0 932.0 694.0 66.0 694.0 269.0 26.0 269.0 570.0 8.0 570.0 247.0 34.0 247.0 9.0 3.0 9.0 384.0 16.0 384.0 
1 9 0.93 0.93 739.0 121.0 739.0 932.0 22.0 932.0 694.0 66.0 694.0 269.0 26.0 269.0 570.0 8.0 570.0 247.0 34.0 247.0 9.0 3.0 9.0 384.0 16.0 384.0 750.0 19.0 750.0 
1 2 0.43 0.43 348.0 78.0 348.0 502.0 104.0 502.0 
1 3 0.87 0.87 348.0 78.0 348.0 502.0 104.0 502.0 85.0 38.0 85.0 
1 2 0.87 0.87 549.0 68.0 549.0 957.0 720.0 957.0 
1 2 0.59 0.59 751.0 329.0 751.0 678.0 109.0 678.0 
1 3 0.64 0.64 751.0 329.0 751.0 678.0 109.0 678.0 564.0 25.0 564.0 
1 4 0.69 0.69 751.0 329.0 751.0 678.0 109.0 678.0 564.0 25.0 564.0 552.0 31.0 552.0 
1 2 0.4 0.4 504.0 114.0 504.0 262.0 46.0 262.0 
1 3 0.56 0.56 504.0 114.0 504.0 262.0 46.0 262.0 608.0 98.0 608.0 
1 4 0.8 0.8 504.0 114.0 504.0 262.0 46.0 262.0 608.0 98.0 608.0 306.0 74.0 306.0 
1 5 0.82 0.82 504.0 114.0 504.0 262.0 46.0 262.0 608.0 98.0 608.0 306.0 74.0 306.0 173.0 3.0 173.0 
1 2 0.88 0.88 709.0 327.0 709.0 412.0 176.0 412.0 
1 2 0.13 0.13 99.0 5.0 99.0 931.0 76.0 931.0 
1 3 0.33 0.33 99.0 5.0 99.0 931.0 76.0 931.0 29.0 6.0 29.0 
1 4 0.44 0.44 99.0 5.0 99.0 931.0 76.0 931.0 29.0 6.0 29.0 683.0 72.0 683.0 
1 5 0.71 0.71 99.0 5.0 99.0 931.0 76.0 931.0 29.0 6.0 29.0 683.0 72.0 683.0 469.0 125.0 469.0 
1 2 0.45 0.45 714.0 178.0 714.0 480.0 100.0 480.0 
1 3 0.63 0.63 714.0 178.0 714.0 480.0 100.0 480.0 603.0 106.0 603.0 
1 4 0.76 0.76 714.0 178.0 714.0 480.0 100.0 480.0 603.0 106.0 603.0 211.0 27.0 211.0 
1 5 0.85 0.85 714.0 178.0 714.0 480.0 100.0 480.0 603.0 106.0 603.0 211.0 27.0 211.0 782.0 76.0 782.0 
1 2 0.38 0.38 343.0 13.0 343.0 570.0 195.0 570.0 
1 3 0.7 0.7 343.0 13.0 343.0 570.0 195.0 570.0 133.0 43.0 133.0 
1 2 0.38 0.38 642.0 86.0 642.0 407.0 101.0 407.0 
1 3 0.42 0.42 642.0 86.0 642.0 407.0 101.0 407.0 746.0 31.0 746.0 
1 4 0.44 0.44 642.0 86.0 642.0 407.0 101.0 407.0 746.0 31.0 746.0 762.0 16.0 762.0 
1 5 0.71 0.71 642.0 86.0 642.0 407.0 101.0 407.0 746.0 31.0 746.0 762.0 16.0 762.0 136.0 37.0 136.0 
1 6 0.96 0.96 642.0 86.0 642.0 407.0 101.0 407.0 746.0 31.0 746.0 762.0 16.0 762.0 136.0 37.0 136.0 908.0 228.0 908.0 
1 2 0.61 0.61 469.0 212.0 469.0 350.0 58.0 350.0 
1 3 0.85 0.85 469.0 212.0 469.0 350.0 58.0 350.0 300.0 71.0 300.0 
1 2 0.5 0.5 581.0 275.0 581.0 997.0 35.0 997.0 
1 2 0.23 0.23 785.0 98.0 785.0 691.0 79.0 691.0 
1 2 0.74 0.74 934.0 3.0 934.0 979.0 727.0 979.0 
1 3 0.84 0.84 934.0 3.0 934.0 979.0 727.0 979.0 396.0 41.0 396.0 
1 2 0.8 0.8 82.0 48.0 82.0 592.0 129.0 592.0 
1 2 0.66 0.66 579.0 174.0 579.0 214.0 77.0 214.0 
1 3 0.8 0.8 579.0 174.0 579.0 214.0 77.0 214.0 449.0 65.0 449.0 
1 4 0.88 0.88 579.0 174.0 579.0 214.0 77.0 214.0 449.0 65.0 449.0 542.0 41.0 542.0 
1 2 0.48 0.48 108.0 46.0 108.0 172.0 10.0 172.0 
1 3 0.55 0.55 108.0 46.0 108.0 172.0 10.0 172.0 43.0 3.0 43.0 
1 4 0.7 0.7 108.0 46.0 108.0 172.0 10.0 172.0 43.0 3.0 43.0 678.0 101.0 678.0 
1 2 0.47 0.47 976.0 456.0 976.0 909.0 7.0 909.0 
1 3 0.49 0.49 976.0 456.0 976.0 909.0 7.0 909.0 739.0 18.0 739.0 
1 4 0.6 0.6 976.0 456.0 976.0 909.0 7.0 909.0 739.0 18.0 739.0 285.0 31.0 285.0 
1 5 0.91 0.91 976.0 456.0 976.0 909.0 7.0 909.0 739.0 18.0 739.0 285.0 31.0 285.0 42.0 13.0 42.0 
1 2 0.34 0.34 418.0 141.0 418.0 712.0 6.0 712.0 
1 3 0.46 0.46 418.0 141.0 418.0 712.0 6.0 712.0 223.0 26.0 223.0 
1 4 0.53 0.53 418.0 141.0 418.0 712.0 6.0 712.0 223.0 26.0 223.0 236.0 17.0 236.0 
1 5 0.73 0.73 418.0 141.0 418.0 712.0 6.0 712.0 223.0 26.0 223.0 236.0 17.0 236.0 919.0 180.0 919.0 
1 6 0.94 0.94 418.0 141.0 418.0 712.0 6.0 712.0 223.0 26.0 223.0 236.0 17.0 236.0 919.0 180.0 919.0 595.0 130.0 595.0 
1 2 0.59 0.59 921.0 178.0 921.0 786.0 315.0 786.0 
1 3 0.86 0.86 921.0 178.0 921.0 786.0 315.0 786.0 44.0 12.0 44.0 
1 2 0.58 0.58 936.0 432.0 936.0 563.0 69.0 563.0 
1 3 0.67 0.67 936.0 432.0 936.0 563.0 69.0 563.0 989.0 86.0 989.0 
1 4 0.78 0.78 936.0 432.0 936.0 563.0 69.0 563.0 989.0 86.0 989.0 497.0 56.0 497.0 
1 2 0.7 0.7 166.0 34.0 166.0 847.0 421.0 847.0 
1 3 0.84 0.84 166.0 34.0 166.0 847.0 421.0 847.0 776.0 111.0 776.0 
1 4 0.89 0.89 166.0 34.0 166.0 847.0 421.0 847.0 776.0 111.0 776.0 231.0 11.0 231.0 
1 2 0.3 0.3 629.0 66.0 629.0 69.0 14.0 69.0 
1 3 0.85 0.85 629.0 66.0 629.0 69.0 14.0 69.0 477.0 260.0 477.0 
1 2 0.28 0.28 967.0 56.0 967.0 110.0 25.0 110.0 
1 3 0.72 0.72 967.0 56.0 967.0 110.0 25.0 110.0 143.0 63.0 143.0 
1 4 0.98 0.98 967.0 56.0 967.0 110.0 25.0 110.0 143.0 63.0 143.0 642.0 167.0 642.0 
1 2 0.24 0.24 536.0 72.0 536.0 667.0 74.0 667.0 
1 3 0.34 0.34 536.0 72.0 536.0 667.0 74.0 667.0 305.0 29.0 305.0 
1 4 0.35 0.35 536.0 72.0 536.0 667.0 74.0 667.0 305.0 29.0 305.0 904.0 11.0 904.0 
1 5 0.55 0.55 536.0 72.0 536.0 667.0 74.0 667.0 305.0 29.0 305.0 904.0 11.0 904.0 152.0 31.0 152.0 
1 6 0.67 0.67 536.0 72.0 536.0 667.0 74.0 667.0 305.0 29.0 305.0 904.0 11.0 904.0 152.0 31.0 152.0 307.0 36.0 307.0 
1 7 0.88 0.88 536.0 72.0 536.0 667.0 74.0 667.0 305.0 29.0 305.0 904.0 11.0 904.0 152.0 31.0 152.0 307.0 36.0 307.0 465.0 96.0 465.0 
1 2 0.33 0.33 424.0 47.0 424.0 793.0 175.0 793.0 
1 3 0.5 0.5 424.0 47.0 424.0 793.0 175.0 793.0 517.0 92.0 517.0 
1 4 0.58 0.58 424.0 47.0 424.0 793.0 175.0 793.0 517.0 92.0 517.0 445.0 34.0 445.0 
1 2 0.6 0.6 229.0 67.0 229.0 339.0 105.0 339.0 
1 3 0.76 0.76 229.0 67.0 229.0 339.0 105.0 339.0 933.0 150.0 933.0 
1 2 0.55 0.55 766.0 133.0 766.0 176.0 68.0 176.0 
1 2 0.52 0.52 90.0 4.0 90.0 927.0 444.0 927.0 
1 2 0.86 0.86 668.0 156.0 668.0 927.0 588.0 927.0 
1 3 0.93 0.93 668.0 156.0 668.0 927.0 588.0 927.0 16.0 1.0 16.0 
1 2 0.45 0.45 784.0 52.0 784.0 975.0 377.0 975.0 
1 3 0.85 0.85 784.0 52.0 784.0 975.0 377.0 975.0 195.0 78.0 195.0 
1 2 0.55 0.55 756.0 389.0 756.0 355.0 13.0 355.0 
1 2 0.47 0.47 345.0 53.0 345.0 462.0 148.0 462.0 
1 3 0.52 0.52 345.0 53.0 345.0 462.0 148.0 462.0 780.0 38.0 780.0 
1 2 0.23 0.23 227.0 2.0 227.0 300.0 67.0 300.0 
1 3 0.27 0.27 227.0 2.0 227.0 300.0 67.0 300.0 373.0 16.0 373.0 
1 4 0.56 0.56 227.0 2.0 227.0 300.0 67.0 300.0 373.0 16.0 373.0 48.0 14.0 48.0 
1 5 0.63 0.63 227.0 2.0 227.0 300.0 67.0 300.0 373.0 16.0 373.0 48.0 14.0 48.0 947.0 61.0 947.0 
1 6 0.95 0.95 227.0 2.0 227.0 300.0 67.0 300.0 373.0 16.0 373.0 48.0 14.0 48.0 947.0 61.0 947.0 371.0 122.0 371.0 
1 2 0.73 0.73 779.0 73.0 779.0 328.0 209.0 328.0 
1 3 0.77 0.77 779.0 73.0 779.0 328.0 209.0 328.0 541.0 24.0 541.0 
1 2 0.26 0.26 268.0 41.0 268.0 164.0 18.0 164.0 
1 3 0.47 0.47 268.0 41.0 268.0 164.0 18.0 164.0 341.0 73.0 341.0 
1 4 0.59 0.59 268.0 41.0 268.0 164.0 18.0 164.0 341.0 73.0 341.0 187.0 22.0 187.0 
1 2 0.33 0.33 541.0 21.0 541.0 898.0 268.0 898.0 
1 3 0.87 0.87 541.0 21.0 541.0 898.0 268.0 898.0 527.0 284.0 527.0 
1 2 0.62 0.62 462.0 8.0 462.0 414.0 252.0 414.0 
1 3 0.93 0.93 462.0 8.0 462.0 414.0 252.0 414.0 853.0 264.0 853.0 
1 2 0.62 0.62 770.0 76.0 770.0 747.0 390.0 747.0 
1 3 0.8 0.8 770.0 76.0 770.0 747.0 390.0 747.0 587.0 108.0 587.0 
1 2 0.37 0.37 465.0 155.0 465.0 921.0 36.0 921.0 
1 3 0.63 0.63 465.0 155.0 465.0 921.0 36.0 921.0 96.0 25.0 96.0 
1 4 0.71 0.71 465.0 155.0 465.0 921.0 36.0 921.0 96.0 25.0 96.0 673.0 53.0 673.0 
1 5 0.76 0.76 465.0 155.0 465.0 921.0 36.0 921.0 96.0 25.0 96.0 673.0 53.0 673.0 232.0 12.0 232.0 
1 6 0.78 0.78 465.0 155.0 465.0 921.0 36.0 921.0 96.0 25.0 96.0 673.0 53.0 673.0 232.0 12.0 232.0 47.0 1.0 47.0 
1 2 0.23 0.23 291.0 9.0 291.0 971.0 200.0 971.0 
1 3 0.28 0.28 291.0 9.0 291.0 971.0 200.0 971.0 113.0 6.0 113.0 
1 4 0.34 0.34 291.0 9.0 291.0 971.0 200.0 971.0 113.0 6.0 113.0 154.0 9.0 154.0 
1 5 0.37 0.37 291.0 9.0 291.0 971.0 200.0 971.0 113.0 6.0 113.0 154.0 9.0 154.0 539.0 17.0 539.0 
1 6 0.66 0.66 291.0 9.0 291.0 971.0 200.0 971.0 113.0 6.0 113.0 154.0 9.0 154.0 539.0 17.0 539.0 283.0 82.0 283.0 
1 2 0.54 0.54 429.0 152.0 429.0 276.0 52.0 276.0 
1 3 0.68 0.68 429.0 152.0 429.0 276.0 52.0 276.0 369.0 52.0 369.0 
1 4 0.78 0.78 429.0 152.0 429.0 276.0 52.0 276.0 369.0 52.0 369.0 770.0 78.0 770.0 
1 5 0.86 0.86 429.0 152.0 429.0 276.0 52.0 276.0 369.0 52.0 369.0 770.0 78.0 770.0 367.0 28.0 367.0 
1 2 0.55 0.55 434.0 127.0 434.0 164.0 43.0 164.0 
1 2 0.21 0.21 180.0 22.0 180.0 798.0 77.0 798.0 
1 3 0.3 0.3 180.0 22.0 180.0 798.0 77.0 798.0 588.0 51.0 588.0 
1 4 0.68 0.68 180.0 22.0 180.0 798.0 77.0 798.0 588.0 51.0 588.0 664.0 253.0 664.0 
1 5 0.8 0.8 180.0 22.0 180.0 798.0 77.0 798.0 588.0 51.0 588.0 664.0 253.0 664.0 927.0 111.0 927.0 
1 2 0.73 0.73 701.0 102.0 701.0 712.0 422.0 712.0 
1 3 0.91 0.91 701.0 102.0 701.0 712.0 422.0 712.0 397.0 72.0 397.0 
1 2 0.6 0.6 740.0 278.0 740.0 858.0 196.0 858.0 
1 2 0.62 0.62 463.0 150.0 463.0 998.0 302.0 998.0 
1 3 0.79 0.79 463.0 150.0 463.0 998.0 302.0 998.0 402.0 68.0 402.0 
1 2 0.21 0.21 542.0 90.0 542.0 340.0 16.0 340.0 
1 3 0.85 0.85 542.0 90.0 542.0 340.0 16.0 340.0 278.0 179.0 278.0 
1 2 0.51 0.51 31.0 9.0 31.0 267.0 61.0 267.0 
1 3 0.9 0.9 31.0 9.0 31.0 267.0 61.0 267.0 603.0 235.0 603.0 
1 2 0.66 0.66 613.0 392.0 613.0 242.0 5.0 242.0 
1 3 0.88 0.88 613.0 392.0 613.0 242.0 5.0 242.0 889.0 198.0 889.0 
1 2 0.12 0.12 580.0 47.0 580.0 818.0 36.0 818.0 
1 3 0.32 0.32 580.0 47.0 580.0 818.0 36.0 818.0 903.0 181.0 903.0 
1 4 0.7 0.7 580.0 47.0 580.0 818.0 36.0 818.0 903.0 181.0 903.0 405.0 154.0 405.0 
1 5 0.98 0.98 580.0 47.0 580.0 818.0 36.0 818.0 903.0 181.0 903.0 405.0 154.0 405.0 480.0 135.0 480.0 
1 2 0.94 0.94 364.0 145.0 364.0 200.0 109.0 200.0 
1 2 0.54 0.54 394.0 204.0 394.0 974.0 26.0 974.0 
1 3 0.56 0.56 394.0 204.0 394.0 974.0 26.0 974.0 121.0 3.0 121.0 
1 4 0.58 0.58 394.0 204.0 394.0 974.0 26.0 974.0 121.0 3.0 121.0 250.0 5.0 250.0 
1 5 0.59 0.59 394.0 204.0 394.0 974.0 26.0 974.0 121.0 3.0 121.0 250.0 5.0 250.0 456.0 1.0 456.0 
1 6 0.64 0.64 394.0 204.0 394.0 974.0 26.0 974.0 121.0 3.0 121.0 250.0 5.0 250.0 456.0 1.0 456.0 172.0 10.0 172.0 
1 2 0.46 0.46 28.0 5.0 28.0 999.0 285.0 999.0 
1 2 0.71 0.71 4.0 2.0 4.0 802.0 171.0 802.0 
1 3 0.86 0.86 4.0 2.0 4.0 802.0 171.0 802.0 671.0 100.0 671.0 
1 4 0.87 0.87 4.0 2.0 4.0 802.0 171.0 802.0 671.0 100.0 671.0 735.0 7.0 735.0 
1 2 0.12 0.12 269.0 9.0 269.0 22.0 2.0 22.0 
1 3 0.16 0.16 269.0 9.0 269.0 22.0 2.0 22.0 188.0 8.0 188.0 
1 4 0.47 0.47 269.0 9.0 269.0 22.0 2.0 22.0 188.0 8.0 188.0 55.0 17.0 55.0 
1 5 0.57 0.57 269.0 9.0 269.0 22.0 2.0 22.0 188.0 8.0 188.0 55.0 17.0 55.0 513.0 51.0 513.0 
1 6 0.78 0.78 269.0 9.0 269.0 22.0 2.0 22.0 188.0 8.0 188.0 55.0 17.0 55.0 513.0 51.0 513.0 470.0 100.0 470.0 
1 7 0.87 0.87 269.0 9.0 269.0 22.0 2.0 22.0 188.0 8.0 188.0 55.0 17.0 55.0 513.0 51.0 513.0 470.0 100.0 470.0 147.0 13.0 147.0 
1 2 0.48 0.48 669.0 310.0 669.0 306.0 6.0 306.0 
1 2 0.17 0.17 970.0 157.0 970.0 110.0 1.0 110.0 
1 3 0.44 0.44 970.0 157.0 970.0 110.0 1.0 110.0 861.0 236.0 861.0 
1 4 0.74 0.74 970.0 157.0 970.0 110.0 1.0 110.0 861.0 236.0 861.0 900.0 266.0 900.0 
1 5 0.82 0.82 970.0 157.0 970.0 110.0 1.0 110.0 861.0 236.0 861.0 900.0 266.0 900.0 802.0 69.0 802.0 
1 2 0.98 0.98 587.0 262.0 587.0 163.0 88.0 163.0 
1 2 0.34 0.34 49.0 2.0 49.0 347.0 107.0 347.0 
1 3 0.44 0.44 49.0 2.0 49.0 347.0 107.0 347.0 292.0 27.0 292.0 
1 4 0.94 0.94 49.0 2.0 49.0 347.0 107.0 347.0 292.0 27.0 292.0 84.0 42.0 84.0 
1 2 0.19 0.19 673.0 100.0 673.0 922.0 41.0 922.0 
1 3 0.21 0.21 673.0 100.0 673.0 922.0 41.0 922.0 690.0 17.0 690.0 
1 4 0.29 0.29 673.0 100.0 673.0 922.0 41.0 922.0 690.0 17.0 690.0 554.0 45.0 554.0 
1 5 0.33 0.33 673.0 100.0 673.0 922.0 41.0 922.0 690.0 17.0 690.0 554.0 45.0 554.0 797.0 30.0 797.0 
1 6 0.46 0.46 673.0 100.0 673.0 922.0 41.0 922.0 690.0 17.0 690.0 554.0 45.0 554.0 797.0 30.0 797.0 215.0 28.0 215.0 
1 7 0.65 0.65 673.0 100.0 673.0 922.0 41.0 922.0 690.0 17.0 690.0 554.0 45.0 554.0 797.0 30.0 797.0 215.0 28.0 215.0 681.0 129.0 681.0 
1 2 0.17 0.17 877.0 79.0 877.0 495.0 43.0 495.0 
1 3 0.6 0.6 877.0 79.0 877.0 495.0 43.0 495.0 354.0 153.0 354.0 
1 2 0.48 0.48 457.0 29.0 457.0 247.0 104.0 247.0 
1 3 0.91 0.91 457.0 29.0 457.0 247.0 104.0 247.0 701.0 303.0 701.0 
1 4 0.98 0.98 457.0 29.0 457.0 247.0 104.0 247.0 701.0 303.0 701.0 41.0 3.0 41.0 
1 2 0.36 0.36 804.0 190.0 804.0 834.0 110.0 834.0 
1 3 0.47 0.47 804.0 190.0 804.0 834.0 110.0 834.0 893.0 98.0 893.0 
1 4 0.67 0.67 804.0 190.0 804.0 834.0 110.0 834.0 893.0 98.0 893.0 788.0 159.0 788.0 
1 5 0.83 0.83 804.0 190.0 804.0 834.0 110.0 834.0 893.0 98.0 893.0 788.0 159.0 788.0 156.0 24.0 156.0 
1 2 0.13 0.13 623.0 17.0 623.0 357.0 39.0 357.0 
1 3 0.17 0.17 623.0 17.0 623.0 357.0 39.0 357.0 657.0 28.0 657.0 
1 4 0.52 0.52 623.0 17.0 623.0 357.0 39.0 357.0 657.0 28.0 657.0 379.0 130.0 379.0 
1 5 0.86 0.86 623.0 17.0 623.0 357.0 39.0 357.0 657.0 28.0 657.0 379.0 130.0 379.0 315.0 108.0 315.0 
1 2 0.94 0.94 503.0 462.0 503.0 355.0 9.0 355.0 
1 2 0.51 0.51 882.0 433.0 882.0 148.0 3.0 148.0 
1 3 0.58 0.58 882.0 433.0 882.0 148.0 3.0 148.0 581.0 44.0 581.0 
1 4 0.83 0.83 882.0 433.0 882.0 148.0 3.0 148.0 581.0 44.0 581.0 155.0 38.0 155.0 
1 2 0.29 0.29 416.0 56.0 416.0 744.0 120.0 744.0 
1 3 0.53 0.53 416.0 56.0 416.0 744.0 120.0 744.0 650.0 158.0 650.0 
1 4 0.65 0.65 416.0 56.0 416.0 744.0 120.0 744.0 650.0 158.0 650.0 42.0 5.0 42.0 
1 5 0.86 0.86 416.0 56.0 416.0 744.0 120.0 744.0 650.0 158.0 650.0 42.0 5.0 42.0 424.0 86.0 424.0 
1 2 0.37 0.37 813.0 33.0 813.0 676.0 223.0 676.0 
1 3 0.59 0.59 813.0 33.0 813.0 676.0 223.0 676.0 580.0 128.0 580.0 
1 4 0.88 0.88 813.0 33.0 813.0 676.0 223.0 676.0 580.0 128.0 580.0 495.0 146.0 495.0 
1 5 0.9 0.9 813.0 33.0 813.0 676.0 223.0 676.0 580.0 128.0 580.0 495.0 146.0 495.0 286.0 5.0 286.0 
1 2 0.16 0.16 238.0 29.0 238.0 121.0 5.0 121.0 
1 3 0.46 0.46 238.0 29.0 238.0 121.0 5.0 121.0 921.0 274.0 921.0 
1 4 0.55 0.55 238.0 29.0 238.0 121.0 5.0 121.0 921.0 274.0 921.0 242.0 22.0 242.0 
1 2 0.11 0.11 772.0 88.0 772.0 748.0 4.0 748.0 
1 3 0.2 0.2 772.0 88.0 772.0 748.0 4.0 748.0 680.0 59.0 680.0 
1 4 0.41 0.41 772.0 88.0 772.0 748.0 4.0 748.0 680.0 59.0 680.0 311.0 64.0 311.0 
1 5 0.73 0.73 772.0 88.0 772.0 748.0 4.0 748.0 680.0 59.0 680.0 311.0 64.0 311.0 302.0 99.0 302.0 
1 6 0.99 0.99 772.0 88.0 772.0 748.0 4.0 748.0 680.0 59.0 680.0 311.0 64.0 311.0 302.0 99.0 302.0 920.0 236.0 920.0 
1 2 0.9 0.9 47.0 31.0 47.0 679.0 167.0 679.0 
1 3 0.93 0.93 47.0 31.0 47.0 679.0 167.0 679.0 138.0 4.0 138.0 
1 2 0.81 0.81 131.0 46.0 131.0 691.0 322.0 691.0 
1 2 0.43 0.43 300.0 7.0 300.0 142.0 58.0 142.0 
1 3 0.92 0.92 300.0 7.0 300.0 142.0 58.0 142.0 226.0 111.0 226.0 
1 2 0.09 0.09 279.0 17.0 279.0 326.0 11.0 326.0 
1 3 0.5 0.5 279.0 17.0 279.0 326.0 11.0 326.0 443.0 181.0 443.0 
1 4 0.75 0.75 279.0 17.0 279.0 326.0 11.0 326.0 443.0 181.0 443.0 935.0 233.0 935.0 
1 5 0.77 0.77 279.0 17.0 279.0 326.0 11.0 326.0 443.0 181.0 443.0 935.0 233.0 935.0 578.0 11.0 578.0 
1 6 0.97 0.97 279.0 17.0 279.0 326.0 11.0 326.0 443.0 181.0 443.0 935.0 233.0 935.0 578.0 11.0 578.0 164.0 33.0 164.0 
1 2 0.15 0.15 481.0 57.0 481.0 870.0 33.0 870.0 
1 3 0.21 0.21 481.0 57.0 481.0 870.0 33.0 870.0 256.0 15.0 256.0 
1 4 0.24 0.24 481.0 57.0 481.0 870.0 33.0 870.0 256.0 15.0 256.0 205.0 7.0 205.0 
1 5 0.61 0.61 481.0 57.0 481.0 870.0 33.0 870.0 256.0 15.0 256.0 205.0 7.0 205.0 263.0 95.0 263.0 
1 6 0.7 0.7 481.0 57.0 481.0 870.0 33.0 870.0 256.0 15.0 256.0 205.0 7.0 205.0 263.0 95.0 263.0 685.0 62.0 685.0 
1 2 0.13 0.13 444.0 39.0 444.0 338.0 17.0 338.0 
1 3 0.57 0.57 444.0 39.0 444.0 338.0 17.0 338.0 498.0 216.0 498.0 
1 2 0.21 0.21 991.0 201.0 991.0 546.0 9.0 546.0 
1 3 0.3 0.3 991.0 201.0 991.0 546.0 9.0 546.0 12.0 1.0 12.0 
1 2 0.23 0.23 905.0 180.0 905.0 92.0 3.0 92.0 
1 3 0.27 0.27 905.0 180.0 905.0 92.0 3.0 92.0 213.0 10.0 213.0 
1 4 0.83 0.83 905.0 180.0 905.0 92.0 3.0 92.0 213.0 10.0 213.0 382.0 214.0 382.0 
1 5 0.95 0.95 905.0 180.0 905.0 92.0 3.0 92.0 213.0 10.0 213.0 382.0 214.0 382.0 886.0 104.0 886.0 
1 2 0.82 0.82 997.0 323.0 997.0 85.0 43.0 85.0 
1 3 0.91 0.91 997.0 323.0 997.0 85.0 43.0 85.0 768.0 64.0 768.0 
1 2 0.79 0.79 913.0 235.0 913.0 588.0 319.0 588.0 
1 3 0.85 0.85 913.0 235.0 913.0 588.0 319.0 588.0 631.0 33.0 631.0 
1 2 0.53 0.53 580.0 244.0 580.0 151.0 18.0 151.0 
1 2 0.44 0.44 511.0 39.0 511.0 71.0 26.0 71.0 
1 3 0.97 0.97 511.0 39.0 511.0 71.0 26.0 71.0 762.0 402.0 762.0 
1 2 0.43 0.43 576.0 27.0 576.0 427.0 166.0 427.0 
1 3 0.6 0.6 576.0 27.0 576.0 427.0 166.0 427.0 987.0 169.0 987.0 
1 4 0.62 0.62 576.0 27.0 576.0 427.0 166.0 427.0 987.0 169.0 987.0 261.0 4.0 261.0 
1 5 0.66 0.66 576.0 27.0 576.0 427.0 166.0 427.0 987.0 169.0 987.0 261.0 4.0 261.0 945.0 40.0 945.0 
1 6 0.98 0.98 576.0 27.0 576.0 427.0 166.0 427.0 987.0 169.0 987.0 261.0 4.0 261.0 945.0 40.0 945.0 522.0 166.0 522.0 
1 2 0.3 0.3 123.0 17.0 123.0 808.0 135.0 808.0 
1 3 0.42 0.42 123.0 17.0 123.0 808.0 135.0 808.0 297.0 37.0 297.0 
1 4 0.49 0.49 123.0 17.0 123.0 808.0 135.0 808.0 297.0 37.0 297.0 503.0 35.0 503.0 
1 5 0.52 0.52 123.0 17.0 123.0 808.0 135.0 808.0 297.0 37.0 297.0 503.0 35.0 503.0 422.0 11.0 422.0 
1 6 0.77 0.77 123.0 17.0 123.0 808.0 135.0 808.0 297.0 37.0 297.0 503.0 35.0 503.0 422.0 11.0 422.0 675.0 167.0 675.0 
1 2 0.63 0.63 699.0 67.0 699.0 399.0 217.0 399.0 
1 3 0.96 0.96 699.0 67.0 699.0 399.0 217.0 399.0 850.0 280.0 850.0 
1 4 0.99 0.99 699.0 67.0 699.0 399.0 217.0 399.0 850.0 280.0 850.0 901.0 27.0 901.0 
1 2 0.83 0.83 52.0 20.0 52.0 680.0 307.0 680.0 
1 3 0.89 0.89 52.0 20.0 52.0 680.0 307.0 680.0 79.0 5.0 79.0 
1 2 0.67 0.67 501.0 34.0 501.0 88.0 53.0 88.0 
1 3 0.67 0.67 501.0 34.0 501.0 88.0 53.0 88.0 196.0 1.0 196.0 
1 4 0.81 0.81 501.0 34.0 501.0 88.0 53.0 88.0 196.0 1.0 196.0 538.0 77.0 538.0 
1 5 0.89 0.89 501.0 34.0 501.0 88.0 53.0 88.0 196.0 1.0 196.0 538.0 77.0 538.0 225.0 18.0 225.0 
1 6 0.92 0.92 501.0 34.0 501.0 88.0 53.0 88.0 196.0 1.0 196.0 538.0 77.0 538.0 225.0 18.0 225.0 45.0 1.0 45.0 
1 7 0.97 0.97 501.0 34.0 501.0 88.0 53.0 88.0 196.0 1.0 196.0 538.0 77.0 538.0 225.0 18.0 225.0 45.0 1.0 45.0 19.0 1.0 19.0 
1 2 0.14 0.14 959.0 85.0 959.0 799.0 43.0 799.0 
1 3 0.24 0.24 959.0 85.0 959.0 799.0 43.0 799.0 506.0 50.0 506.0 
1 4 0.26 0.26 959.0 85.0 959.0 799.0 43.0 799.0 506.0 50.0 506.0 360.0 10.0 360.0 
1 5 0.34 0.34 959.0 85.0 959.0 799.0 43.0 799.0 506.0 50.0 506.0 360.0 10.0 360.0 773.0 58.0 773.0 
1 6 0.73 0.73 959.0 85.0 959.0 799.0 43.0 799.0 506.0 50.0 506.0 360.0 10.0 360.0 773.0 58.0 773.0 792.0 313.0 792.0 
1 2 0.45 0.45 709.0 99.0 709.0 588.0 185.0 588.0 
1 3 0.61 0.61 709.0 99.0 709.0 588.0 185.0 588.0 285.0 47.0 285.0 
1 4 0.74 0.74 709.0 99.0 709.0 588.0 185.0 588.0 285.0 47.0 285.0 589.0 74.0 589.0 
1 5 0.75 0.75 709.0 99.0 709.0 588.0 185.0 588.0 285.0 47.0 285.0 589.0 74.0 589.0 136.0 1.0 136.0 
1 6 0.82 0.82 709.0 99.0 709.0 588.0 185.0 588.0 285.0 47.0 285.0 589.0 74.0 589.0 136.0 1.0 136.0 182.0 14.0 182.0 
1 7 0.9 0.9 709.0 99.0 709.0 588.0 185.0 588.0 285.0 47.0 285.0 589.0 74.0 589.0 136.0 1.0 136.0 182.0 14.0 182.0 388.0 30.0 388.0 
1 2 0.85 0.85 673.0 150.0 673.0 664.0 420.0 664.0 
1 3 0.96 0.96 673.0 150.0 673.0 664.0 420.0 664.0 655.0 70.0 655.0 
1 2 0.07 0.07 379.0 27.0 379.0 367.0 2.0 367.0 
1 3 0.09 0.09 379.0 27.0 379.0 367.0 2.0 367.0 990.0 23.0 990.0 
1 4 0.24 0.24 379.0 27.0 379.0 367.0 2.0 367.0 990.0 23.0 990.0 571.0 81.0 571.0 
1 5 0.5 0.5 379.0 27.0 379.0 367.0 2.0 367.0 990.0 23.0 990.0 571.0 81.0 571.0 603.0 161.0 603.0 
1 6 0.6 0.6 379.0 27.0 379.0 367.0 2.0 367.0 990.0 23.0 990.0 571.0 81.0 571.0 603.0 161.0 603.0 152.0 14.0 152.0 
1 2 0.41 0.41 416.0 151.0 416.0 451.0 25.0 451.0 
1 3 0.52 0.52 416.0 151.0 416.0 451.0 25.0 451.0 682.0 70.0 682.0 
1 4 0.91 0.91 416.0 151.0 416.0 451.0 25.0 451.0 682.0 70.0 682.0 717.0 282.0 717.0 
1 2 0.24 0.24 206.0 42.0 206.0 471.0 20.0 471.0 
1 3 0.52 0.52 206.0 42.0 206.0 471.0 20.0 471.0 528.0 147.0 528.0 
1 4 0.64 0.64 206.0 42.0 206.0 471.0 20.0 471.0 528.0 147.0 528.0 620.0 77.0 620.0 
1 5 0.85 0.85 206.0 42.0 206.0 471.0 20.0 471.0 528.0 147.0 528.0 620.0 77.0 620.0 607.0 125.0 607.0 
1 2 0.94 0.94 499.0 434.0 499.0 708.0 51.0 708.0 
1 2 0.35 0.35 865.0 94.0 865.0 8.0 2.0 8.0 
1 3 0.44 0.44 865.0 94.0 865.0 8.0 2.0 8.0 843.0 76.0 843.0 
1 2 0.44 0.44 173.0 2.0 173.0 278.0 121.0 278.0 
1 3 0.66 0.66 173.0 2.0 173.0 278.0 121.0 278.0 644.0 143.0 644.0 
1 2 0.45 0.45 535.0 32.0 535.0 366.0 146.0 366.0 
1 3 0.57 0.57 535.0 32.0 535.0 366.0 146.0 366.0 319.0 37.0 319.0 
1 4 0.77 0.77 535.0 32.0 535.0 366.0 146.0 366.0 319.0 37.0 319.0 268.0 53.0 268.0 
1 5 0.82 0.82 535.0 32.0 535.0 366.0 146.0 366.0 319.0 37.0 319.0 268.0 53.0 268.0 824.0 40.0 824.0 
1 6 0.91 0.91 535.0 32.0 535.0 366.0 146.0 366.0 319.0 37.0 319.0 268.0 53.0 268.0 824.0 40.0 824.0 602.0 55.0 602.0 
1 2 0.79 0.79 828.0 265.0 828.0 565.0 270.0 565.0 
1 3 0.93 0.93 828.0 265.0 828.0 565.0 270.0 565.0 670.0 90.0 670.0 
1 2 0.79 0.79 426.0 264.0 426.0 705.0 126.0 705.0 
1 2 0.05 0.05 231.0 7.0 231.0 966.0 26.0 966.0 
1 3 0.19 0.19 231.0 7.0 231.0 966.0 26.0 966.0 65.0 9.0 65.0 
1 4 0.31 0.31 231.0 7.0 231.0 966.0 26.0 966.0 65.0 9.0 65.0 198.0 24.0 198.0 
1 5 0.48 0.48 231.0 7.0 231.0 966.0 26.0 966.0 65.0 9.0 65.0 198.0 24.0 198.0 889.0 151.0 889.0 
1 6 0.78 0.78 231.0 7.0 231.0 966.0 26.0 966.0 65.0 9.0 65.0 198.0 24.0 198.0 889.0 151.0 889.0 146.0 43.0 146.0 
1 7 0.93 0.93 231.0 7.0 231.0 966.0 26.0 966.0 65.0 9.0 65.0 198.0 24.0 198.0 889.0 151.0 889.0 146.0 43.0 146.0 295.0 46.0 295.0 
1 2 0.58 0.58 138.0 45.0 138.0 270.0 70.0 270.0 
1 3 0.77 0.77 138.0 45.0 138.0 270.0 70.0 270.0 247.0 47.0 247.0 
1 2 0.6 0.6 847.0 70.0 847.0 500.0 263.0 500.0 
1 2 0.28 0.28 655.0 146.0 655.0 283.0 17.0 283.0 
1 3 0.45 0.45 655.0 146.0 655.0 283.0 17.0 283.0 694.0 121.0 694.0 
1 4 0.67 0.67 655.0 146.0 655.0 283.0 17.0 283.0 694.0 121.0 694.0 412.0 91.0 412.0 
1 5 0.76 0.76 655.0 146.0 655.0 283.0 17.0 283.0 694.0 121.0 694.0 412.0 91.0 412.0 816.0 69.0 816.0 
1 2 0.07 0.07 988.0 6.0 988.0 274.0 18.0 274.0 
1 3 0.31 0.31 988.0 6.0 988.0 274.0 18.0 274.0 92.0 22.0 92.0 
1 4 0.34 0.34 988.0 6.0 988.0 274.0 18.0 274.0 92.0 22.0 92.0 571.0 20.0 571.0 
1 5 0.86 0.86 988.0 6.0 988.0 274.0 18.0 274.0 92.0 22.0 92.0 571.0 20.0 571.0 693.0 358.0 693.0 
1 2 0.18 0.18 474.0 76.0 474.0 47.0 1.0 47.0 
1 3 0.33 0.33 474.0 76.0 474.0 47.0 1.0 47.0 297.0 45.0 297.0 
1 4 0.58 0.58 474.0 76.0 474.0 47.0 1.0 47.0 297.0 45.0 297.0 635.0 163.0 635.0 
1 5 0.61 0.61 474.0 76.0 474.0 47.0 1.0 47.0 297.0 45.0 297.0 635.0 163.0 635.0 843.0 18.0 843.0 
1 6 0.71 0.71 474.0 76.0 474.0 47.0 1.0 47.0 297.0 45.0 297.0 635.0 163.0 635.0 843.0 18.0 843.0 559.0 56.0 559.0 
1 7 0.72 0.72 474.0 76.0 474.0 47.0 1.0 47.0 297.0 45.0 297.0 635.0 163.0 635.0 843.0 18.0 843.0 559.0 56.0 559.0 582.0 7.0 582.0 
1 8 0.77 0.77 474.0 76.0 474.0 47.0 1.0 47.0 297.0 45.0 297.0 635.0 163.0 635.0 843.0 18.0 843.0 559.0 56.0 559.0 582.0 7.0 582.0 469.0 25.0 469.0 
1 2 0.18 0.18 638.0 38.0 638.0 515.0 66.0 515.0 
1 3 0.41 0.41 638.0 38.0 638.0 515.0 66.0 515.0 517.0 118.0 517.0 
1 4 0.43 0.43 638.0 38.0 638.0 515.0 66.0 515.0 517.0 118.0 517.0 739.0 13.0 739.0 
1 5 0.55 0.55 638.0 38.0 638.0 515.0 66.0 515.0 517.0 118.0 517.0 739.0 13.0 739.0 780.0 97.0 780.0 
1 6 0.89 0.89 638.0 38.0 638.0 515.0 66.0 515.0 517.0 118.0 517.0 739.0 13.0 739.0 780.0 97.0 780.0 639.0 214.0 639.0 
1 2 0.3 0.3 620.0 71.0 620.0 372.0 72.0 372.0 
1 3 0.9 0.9 620.0 71.0 620.0 372.0 72.0 372.0 226.0 135.0 226.0 
1 4 0.91 0.91 620.0 71.0 620.0 372.0 72.0 372.0 226.0 135.0 226.0 537.0 5.0 537.0 
1 2 0.39 0.39 797.0 149.0 797.0 245.0 51.0 245.0 
1 3 0.42 0.42 797.0 149.0 797.0 245.0 51.0 245.0 519.0 18.0 519.0 
1 2 0.24 0.24 444.0 4.0 444.0 743.0 172.0 743.0 
1 3 0.4 0.4 444.0 4.0 444.0 743.0 172.0 743.0 321.0 54.0 321.0 
1 4 0.66 0.66 444.0 4.0 444.0 743.0 172.0 743.0 321.0 54.0 321.0 504.0 128.0 504.0 
1 5 0.83 0.83 444.0 4.0 444.0 743.0 172.0 743.0 321.0 54.0 321.0 504.0 128.0 504.0 369.0 62.0 369.0 
1 6 0.96 0.96 444.0 4.0 444.0 743.0 172.0 743.0 321.0 54.0 321.0 504.0 128.0 504.0 369.0 62.0 369.0 69.0 9.0 69.0 
1 2 0.32 0.32 629.0 39.0 629.0 346.0 90.0 346.0 
1 3 0.44 0.44 629.0 39.0 629.0 346.0 90.0 346.0 345.0 42.0 345.0 
1 4 0.44 0.44 629.0 39.0 629.0 346.0 90.0 346.0 345.0 42.0 345.0 849.0 1.0 849.0 
1 5 0.65 0.65 629.0 39.0 629.0 346.0 90.0 346.0 345.0 42.0 345.0 849.0 1.0 849.0 937.0 199.0 937.0 
1 2 0.53 0.53 287.0 120.0 287.0 473.0 55.0 473.0 
1 2 0.53 0.53 104.0 47.0 104.0 116.0 10.0 116.0 
1 2 0.27 0.27 685.0 57.0 685.0 917.0 175.0 917.0 
1 3 0.45 0.45 685.0 57.0 685.0 917.0 175.0 917.0 928.0 170.0 928.0 
1 4 0.47 0.47 685.0 57.0 685.0 917.0 175.0 917.0 928.0 170.0 928.0 723.0 11.0 723.0 
1 5 0.5 0.5 685.0 57.0 685.0 917.0 175.0 917.0 928.0 170.0 928.0 723.0 11.0 723.0 36.0 1.0 36.0 
1 6 0.51 0.51 685.0 57.0 685.0 917.0 175.0 917.0 928.0 170.0 928.0 723.0 11.0 723.0 36.0 1.0 36.0 271.0 5.0 271.0 
1 2 0.15 0.15 941.0 56.0 941.0 753.0 71.0 753.0 
1 3 0.86 0.86 941.0 56.0 941.0 753.0 71.0 753.0 739.0 525.0 739.0 
1 2 0.81 0.81 638.0 224.0 638.0 417.0 195.0 417.0 
1 2 0.43 0.43 204.0 16.0 204.0 363.0 131.0 363.0 
1 3 0.87 0.87 204.0 16.0 204.0 363.0 131.0 363.0 272.0 118.0 272.0 
1 2 0.49 0.49 959.0 63.0 959.0 306.0 131.0 306.0 
1 3 0.62 0.62 959.0 63.0 959.0 306.0 131.0 306.0 879.0 115.0 879.0 
1 2 0.47 0.47 522.0 21.0 522.0 302.0 130.0 302.0 
1 3 0.63 0.63 522.0 21.0 522.0 302.0 130.0 302.0 908.0 149.0 908.0 
1 4 0.75 0.75 522.0 21.0 522.0 302.0 130.0 302.0 908.0 149.0 908.0 472.0 57.0 472.0 
1 2 0.21 0.21 444.0 30.0 444.0 758.0 113.0 758.0 
1 3 0.25 0.25 444.0 30.0 444.0 758.0 113.0 758.0 804.0 31.0 804.0 
1 4 0.52 0.52 444.0 30.0 444.0 758.0 113.0 758.0 804.0 31.0 804.0 776.0 211.0 776.0 
1 5 0.73 0.73 444.0 30.0 444.0 758.0 113.0 758.0 804.0 31.0 804.0 776.0 211.0 776.0 564.0 118.0 564.0 
1 2 0.46 0.46 103.0 28.0 103.0 807.0 154.0 807.0 
1 3 0.88 0.88 103.0 28.0 103.0 807.0 154.0 807.0 112.0 47.0 112.0 
1 4 0.9 0.9 103.0 28.0 103.0 807.0 154.0 807.0 112.0 47.0 112.0 390.0 9.0 390.0 
1 2 0.81 0.81 807.0 201.0 807.0 107.0 61.0 107.0 
1 3 0.85 0.85 807.0 201.0 807.0 107.0 61.0 107.0 729.0 28.0 729.0 
1 2 0.46 0.46 561.0 137.0 561.0 317.0 69.0 317.0 
1 3 0.48 0.48 561.0 137.0 561.0 317.0 69.0 317.0 329.0 8.0 329.0 
1 4 0.73 0.73 561.0 137.0 561.0 317.0 69.0 317.0 329.0 8.0 329.0 598.0 147.0 598.0 
1 2 0.67 0.67 497.0 21.0 497.0 886.0 557.0 886.0 
1 2 0.81 0.81 473.0 218.0 473.0 289.0 101.0 289.0 
1 3 0.94 0.94 473.0 218.0 473.0 289.0 101.0 289.0 502.0 70.0 502.0 
1 2 0.55 0.55 253.0 31.0 253.0 682.0 293.0 682.0 
1 3 0.67 0.67 253.0 31.0 253.0 682.0 293.0 682.0 260.0 32.0 260.0 
1 4 0.77 0.77 253.0 31.0 253.0 682.0 293.0 682.0 260.0 32.0 260.0 565.0 57.0 565.0 
1 2 0.31 0.31 604.0 147.0 604.0 579.0 40.0 579.0 
1 2 0.53 0.53 218.0 78.0 218.0 703.0 128.0 703.0 
1 3 0.96 0.96 218.0 78.0 218.0 703.0 128.0 703.0 560.0 239.0 560.0 
1 2 0.41 0.41 603.0 14.0 603.0 535.0 211.0 535.0 
1 3 0.66 0.66 603.0 14.0 603.0 535.0 211.0 535.0 284.0 69.0 284.0 
1 4 0.74 0.74 603.0 14.0 603.0 535.0 211.0 535.0 284.0 69.0 284.0 292.0 26.0 292.0 
1 5 0.76 0.76 603.0 14.0 603.0 535.0 211.0 535.0 284.0 69.0 284.0 292.0 26.0 292.0 621.0 9.0 621.0 
1 6 0.78 0.78 603.0 14.0 603.0 535.0 211.0 535.0 284.0 69.0 284.0 292.0 26.0 292.0 621.0 9.0 621.0 311.0 6.0 311.0 
1 7 0.96 0.96 603.0 14.0 603.0 535.0 211.0 535.0 284.0 69.0 284.0 292.0 26.0 292.0 621.0 9.0 621.0 311.0 6.0 311.0 226.0 41.0 226.0 
1 2 0.3 0.3 890.0 26.0 890.0 319.0 87.0 319.0 
1 3 0.66 0.66 890.0 26.0 890.0 319.0 87.0 319.0 731.0 263.0 731.0 
1 4 0.78 0.78 890.0 26.0 890.0 319.0 87.0 319.0 731.0 263.0 731.0 922.0 115.0 922.0 
1 2 0.58 0.58 614.0 60.0 614.0 234.0 115.0 234.0 
1 3 0.63 0.63 614.0 60.0 614.0 234.0 115.0 234.0 177.0 8.0 177.0 
1 4 0.93 0.93 614.0 60.0 614.0 234.0 115.0 234.0 177.0 8.0 177.0 941.0 286.0 941.0 
1 2 0.91 0.91 511.0 55.0 511.0 947.0 764.0 947.0 
1 2 0.74 0.74 524.0 28.0 524.0 792.0 545.0 792.0 
1 3 0.87 0.87 524.0 28.0 524.0 792.0 545.0 792.0 812.0 111.0 812.0 
1 2 0.35 0.35 955.0 115.0 955.0 427.0 101.0 427.0 
1 3 0.35 0.35 955.0 115.0 955.0 427.0 101.0 427.0 380.0 1.0 380.0 
1 4 0.63 0.63 955.0 115.0 955.0 427.0 101.0 427.0 380.0 1.0 380.0 704.0 194.0 704.0 
1 2 0.17 0.17 827.0 123.0 827.0 624.0 18.0 624.0 
1 3 0.2 0.2 827.0 123.0 827.0 624.0 18.0 624.0 36.0 1.0 36.0 
1 4 0.21 0.21 827.0 123.0 827.0 624.0 18.0 624.0 36.0 1.0 36.0 698.0 5.0 698.0 
1 5 0.31 0.31 827.0 123.0 827.0 624.0 18.0 624.0 36.0 1.0 36.0 698.0 5.0 698.0 581.0 59.0 581.0 
1 2 0.07 0.07 517.0 6.0 517.0 892.0 54.0 892.0 
1 3 0.49 0.49 517.0 6.0 517.0 892.0 54.0 892.0 923.0 394.0 923.0 
1 4 0.53 0.53 517.0 6.0 517.0 892.0 54.0 892.0 923.0 394.0 923.0 112.0 4.0 112.0 
1 5 0.56 0.56 517.0 6.0 517.0 892.0 54.0 892.0 923.0 394.0 923.0 112.0 4.0 112.0 831.0 25.0 831.0 
1 6 0.63 0.63 517.0 6.0 517.0 892.0 54.0 892.0 923.0 394.0 923.0 112.0 4.0 112.0 831.0 25.0 831.0 382.0 26.0 382.0 
1 7 0.73 0.73 517.0 6.0 517.0 892.0 54.0 892.0 923.0 394.0 923.0 112.0 4.0 112.0 831.0 25.0 831.0 382.0 26.0 382.0 521.0 55.0 521.0 
1 2 0.36 0.36 482.0 125.0 482.0 702.0 75.0 702.0 
1 3 0.54 0.54 482.0 125.0 482.0 702.0 75.0 702.0 244.0 43.0 244.0 
1 4 0.66 0.66 482.0 125.0 482.0 702.0 75.0 702.0 244.0 43.0 244.0 359.0 44.0 359.0 
1 5 0.98 0.98 482.0 125.0 482.0 702.0 75.0 702.0 244.0 43.0 244.0 359.0 44.0 359.0 440.0 139.0 440.0 
1 6 0.98 0.98 482.0 125.0 482.0 702.0 75.0 702.0 244.0 43.0 244.0 359.0 44.0 359.0 440.0 139.0 440.0 218.0 1.0 218.0 
1 2 0.39 0.39 284.0 1.0 284.0 794.0 311.0 794.0 
1 3 0.68 0.68 284.0 1.0 284.0 794.0 311.0 794.0 660.0 189.0 660.0 
1 2 0.57 0.57 889.0 453.0 889.0 543.0 34.0 543.0 
1 3 0.93 0.93 889.0 453.0 889.0 543.0 34.0 543.0 373.0 136.0 373.0 
1 4 0.98 0.98 889.0 453.0 889.0 543.0 34.0 543.0 373.0 136.0 373.0 440.0 23.0 440.0 
1 2 0.88 0.88 522.0 74.0 522.0 234.0 175.0 234.0 
1 2 0.69 0.69 824.0 567.0 824.0 484.0 2.0 484.0 
1 3 0.96 0.96 824.0 567.0 824.0 484.0 2.0 484.0 835.0 229.0 835.0 
1 4 0.99 0.99 824.0 567.0 824.0 484.0 2.0 484.0 835.0 229.0 835.0 627.0 18.0 627.0 
1 2 0.52 0.52 960.0 361.0 960.0 190.0 28.0 190.0 
1 2 0.21 0.21 700.0 106.0 700.0 50.0 3.0 50.0 
1 3 0.6 0.6 700.0 106.0 700.0 50.0 3.0 50.0 202.0 80.0 202.0 
1 2 0.55 0.55 883.0 295.0 883.0 959.0 216.0 959.0 
1 3 0.63 0.63 883.0 295.0 883.0 959.0 216.0 959.0 273.0 21.0 273.0 
1 2 0.46 0.46 974.0 436.0 974.0 267.0 4.0 267.0 
1 3 0.57 0.57 974.0 436.0 974.0 267.0 4.0 267.0 60.0 7.0 60.0 
1 4 0.85 0.85 974.0 436.0 974.0 267.0 4.0 267.0 60.0 7.0 60.0 240.0 66.0 240.0 
1 2 0.66 0.66 364.0 209.0 364.0 467.0 42.0 467.0 
1 2 0.82 0.82 610.0 336.0 610.0 33.0 9.0 33.0 
1 3 0.84 0.84 610.0 336.0 610.0 33.0 9.0 33.0 489.0 9.0 489.0 
1 4 0.86 0.86 610.0 336.0 610.0 33.0 9.0 33.0 489.0 9.0 489.0 265.0 6.0 265.0 
1 2 0.58 0.58 677.0 103.0 677.0 39.0 17.0 39.0 
1 3 0.63 0.63 677.0 103.0 677.0 39.0 17.0 39.0 944.0 49.0 944.0 
1 4 0.65 0.65 677.0 103.0 677.0 39.0 17.0 39.0 944.0 49.0 944.0 248.0 4.0 248.0 
1 5 0.82 0.82 677.0 103.0 677.0 39.0 17.0 39.0 944.0 49.0 944.0 248.0 4.0 248.0 486.0 80.0 486.0 
1 6 0.93 0.93 677.0 103.0 677.0 39.0 17.0 39.0 944.0 49.0 944.0 248.0 4.0 248.0 486.0 80.0 486.0 743.0 85.0 743.0 
1 2 0.03 0.03 445.0 14.0 445.0 269.0 2.0 269.0 
1 3 0.62 0.62 445.0 14.0 445.0 269.0 2.0 269.0 474.0 277.0 474.0 
1 4 0.63 0.63 445.0 14.0 445.0 269.0 2.0 269.0 474.0 277.0 474.0 681.0 7.0 681.0 
1 5 0.78 0.78 445.0 14.0 445.0 269.0 2.0 269.0 474.0 277.0 474.0 681.0 7.0 681.0 465.0 70.0 465.0 
1 2 0.56 0.56 157.0 80.0 157.0 135.0 7.0 135.0 
1 3 0.6 0.6 157.0 80.0 157.0 135.0 7.0 135.0 288.0 13.0 288.0 
1 4 0.8 0.8 157.0 80.0 157.0 135.0 7.0 135.0 288.0 13.0 288.0 948.0 191.0 948.0 
1 5 0.86 0.86 157.0 80.0 157.0 135.0 7.0 135.0 288.0 13.0 288.0 948.0 191.0 948.0 868.0 48.0 868.0 
1 2 0.3 0.3 148.0 43.0 148.0 683.0 12.0 683.0 
1 3 0.39 0.39 148.0 43.0 148.0 683.0 12.0 683.0 609.0 50.0 609.0 
1 4 0.62 0.62 148.0 43.0 148.0 683.0 12.0 683.0 609.0 50.0 609.0 566.0 135.0 566.0 
1 5 0.65 0.65 148.0 43.0 148.0 683.0 12.0 683.0 609.0 50.0 609.0 566.0 135.0 566.0 399.0 10.0 399.0 
1 6 0.89 0.89 148.0 43.0 148.0 683.0 12.0 683.0 609.0 50.0 609.0 566.0 135.0 566.0 399.0 10.0 399.0 272.0 65.0 272.0 
1 7 0.91 0.91 148.0 43.0 148.0 683.0 12.0 683.0 609.0 50.0 609.0 566.0 135.0 566.0 399.0 10.0 399.0 272.0 65.0 272.0 337.0 6.0 337.0 
1 2 0.25 0.25 554.0 70.0 554.0 481.0 64.0 481.0 
1 3 0.53 0.53 554.0 70.0 554.0 481.0 64.0 481.0 157.0 44.0 157.0 
1 4 0.59 0.59 554.0 70.0 554.0 481.0 64.0 481.0 157.0 44.0 157.0 18.0 1.0 18.0 
1 5 0.9 0.9 554.0 70.0 554.0 481.0 64.0 481.0 157.0 44.0 157.0 18.0 1.0 18.0 16.0 5.0 16.0 
1 2 0.62 0.62 516.0 68.0 516.0 615.0 306.0 615.0 
1 3 0.65 0.65 516.0 68.0 516.0 615.0 306.0 615.0 454.0 12.0 454.0 
1 4 0.93 0.93 516.0 68.0 516.0 615.0 306.0 615.0 454.0 12.0 454.0 622.0 172.0 622.0 
1 5 0.96 0.96 516.0 68.0 516.0 615.0 306.0 615.0 454.0 12.0 454.0 622.0 172.0 622.0 227.0 8.0 227.0 
1 2 0.35 0.35 124.0 44.0 124.0 208.0 1.0 208.0 
1 3 0.69 0.69 124.0 44.0 124.0 208.0 1.0 208.0 504.0 167.0 504.0 
1 2 0.49 0.49 951.0 93.0 951.0 221.0 87.0 221.0 
1 3 0.5 0.5 951.0 93.0 951.0 221.0 87.0 221.0 618.0 11.0 618.0 
1 2 0.93 0.93 15.0 1.0 15.0 768.0 664.0 768.0 
1 3 0.99 0.99 15.0 1.0 15.0 768.0 664.0 768.0 340.0 21.0 340.0 
1 2 0.19 0.19 50.0 3.0 50.0 723.0 101.0 723.0 
1 3 0.85 0.85 50.0 3.0 50.0 723.0 101.0 723.0 100.0 66.0 100.0 
1 2 0.53 0.53 181.0 97.0 181.0 729.0 2.0 729.0 
1 3 0.58 0.58 181.0 97.0 181.0 729.0 2.0 729.0 21.0 1.0 21.0 
1 4 0.64 0.64 181.0 97.0 181.0 729.0 2.0 729.0 21.0 1.0 21.0 993.0 63.0 993.0 
1 2 0.39 0.39 848.0 64.0 848.0 558.0 177.0 558.0 
1 3 0.92 0.92 848.0 64.0 848.0 558.0 177.0 558.0 235.0 124.0 235.0 
1 2 0.77 0.77 196.0 27.0 196.0 148.0 94.0 148.0 
1 3 0.83 0.83 196.0 27.0 196.0 148.0 94.0 148.0 356.0 21.0 356.0 
1 4 0.99 0.99 196.0 27.0 196.0 148.0 94.0 148.0 356.0 21.0 356.0 428.0 69.0 428.0 
1 2 0.13 0.13 559.0 68.0 559.0 631.0 9.0 631.0 
1 3 0.26 0.26 559.0 68.0 559.0 631.0 9.0 631.0 935.0 117.0 935.0 
1 4 0.74 0.74 559.0 68.0 559.0 631.0 9.0 631.0 935.0 117.0 935.0 418.0 204.0 418.0 
1 5 0.8 0.8 559.0 68.0 559.0 631.0 9.0 631.0 935.0 117.0 935.0 418.0 204.0 418.0 123.0 7.0 123.0 
1 6 0.84 0.84 559.0 68.0 559.0 631.0 9.0 631.0 935.0 117.0 935.0 418.0 204.0 418.0 123.0 7.0 123.0 351.0 14.0 351.0 
1 2 0.63 0.63 881.0 339.0 881.0 217.0 55.0 217.0 
1 2 0.4 0.4 756.0 235.0 756.0 573.0 55.0 573.0 
1 3 0.5 0.5 756.0 235.0 756.0 573.0 55.0 573.0 246.0 25.0 246.0 
1 2 0.01 0.01 897.0 9.0 897.0 646.0 5.0 646.0 
1 3 0.43 0.43 897.0 9.0 897.0 646.0 5.0 646.0 531.0 221.0 531.0 
1 4 0.48 0.48 897.0 9.0 897.0 646.0 5.0 646.0 531.0 221.0 531.0 422.0 23.0 422.0 
1 2 0.09 0.09 803.0 64.0 803.0 863.0 16.0 863.0 
1 3 0.32 0.32 803.0 64.0 803.0 863.0 16.0 863.0 404.0 93.0 404.0 
