2 3 0.75 0.75 538.0 9.0 538.0 140.0 58.0 140.0 295.0 97.0 295.0 
2 4 1.2 1.2 538.0 9.0 538.0 140.0 58.0 140.0 295.0 97.0 295.0 480.0 216.0 480.0 
2 5 1.25 1.25 538.0 9.0 538.0 140.0 58.0 140.0 295.0 97.0 295.0 480.0 216.0 480.0 146.0 6.0 146.0 
2 6 1.68 1.68 538.0 9.0 538.0 140.0 58.0 140.0 295.0 97.0 295.0 480.0 216.0 480.0 146.0 6.0 146.0 582.0 255.0 582.0 
2 3 1.67 1.67 59.0 43.0 59.0 771.0 493.0 771.0 150.0 46.0 150.0 
2 4 1.7 1.7 59.0 43.0 59.0 771.0 493.0 771.0 150.0 46.0 150.0 119.0 3.0 119.0 
2 5 1.93 1.93 59.0 43.0 59.0 771.0 493.0 771.0 150.0 46.0 150.0 119.0 3.0 119.0 613.0 145.0 613.0 
2 3 0.56 0.56 474.0 133.0 474.0 156.0 2.0 156.0 375.0 101.0 375.0 
2 4 0.72 0.72 474.0 133.0 474.0 156.0 2.0 156.0 375.0 101.0 375.0 456.0 76.0 456.0 
2 5 0.81 0.81 474.0 133.0 474.0 156.0 2.0 156.0 375.0 101.0 375.0 456.0 76.0 456.0 964.0 82.0 964.0 
2 6 1.48 1.48 474.0 133.0 474.0 156.0 2.0 156.0 375.0 101.0 375.0 456.0 76.0 456.0 964.0 82.0 964.0 174.0 116.0 174.0 
2 7 1.57 1.57 474.0 133.0 474.0 156.0 2.0 156.0 375.0 101.0 375.0 456.0 76.0 456.0 964.0 82.0 964.0 174.0 116.0 174.0 269.0 26.0 269.0 
2 3 1.06 1.06 138.0 13.0 138.0 338.0 224.0 338.0 58.0 18.0 58.0 
2 4 1.54 1.54 138.0 13.0 138.0 338.0 224.0 338.0 58.0 18.0 58.0 114.0 55.0 114.0 
2 3 0.29 0.29 626.0 124.0 626.0 34.0 3.0 34.0 675.0 6.0 675.0 
2 4 0.84 0.84 626.0 124.0 626.0 34.0 3.0 34.0 675.0 6.0 675.0 254.0 139.0 254.0 
2 5 1.12 1.12 626.0 124.0 626.0 34.0 3.0 34.0 675.0 6.0 675.0 254.0 139.0 254.0 64.0 18.0 64.0 
2 6 1.61 1.61 626.0 124.0 626.0 34.0 3.0 34.0 675.0 6.0 675.0 254.0 139.0 254.0 64.0 18.0 64.0 639.0 314.0 639.0 
2 7 1.74 1.74 626.0 124.0 626.0 34.0 3.0 34.0 675.0 6.0 675.0 254.0 139.0 254.0 64.0 18.0 64.0 639.0 314.0 639.0 592.0 74.0 592.0 
2 3 0.4 0.4 734.0 60.0 734.0 106.0 9.0 106.0 661.0 157.0 661.0 
2 4 1.31 1.31 734.0 60.0 734.0 106.0 9.0 106.0 661.0 157.0 661.0 23.0 21.0 23.0 
2 3 0.99 0.99 77.0 21.0 77.0 771.0 15.0 771.0 253.0 179.0 253.0 
2 4 1.48 1.48 77.0 21.0 77.0 771.0 15.0 771.0 253.0 179.0 253.0 605.0 294.0 605.0 
2 5 1.52 1.52 77.0 21.0 77.0 771.0 15.0 771.0 253.0 179.0 253.0 605.0 294.0 605.0 576.0 23.0 576.0 
2 3 0.64 0.64 989.0 310.0 989.0 228.0 67.0 228.0 758.0 29.0 758.0 
2 4 1.39 1.39 989.0 310.0 989.0 228.0 67.0 228.0 758.0 29.0 758.0 568.0 428.0 568.0 
2 5 1.63 1.63 989.0 310.0 989.0 228.0 67.0 228.0 758.0 29.0 758.0 568.0 428.0 568.0 837.0 194.0 837.0 
2 6 1.63 1.63 989.0 310.0 989.0 228.0 67.0 228.0 758.0 29.0 758.0 568.0 428.0 568.0 837.0 194.0 837.0 760.0 5.0 760.0 
2 7 1.74 1.74 989.0 310.0 989.0 228.0 67.0 228.0 758.0 29.0 758.0 568.0 428.0 568.0 837.0 194.0 837.0 760.0 5.0 760.0 665.0 69.0 665.0 
2 8 1.93 1.93 989.0 310.0 989.0 228.0 67.0 228.0 758.0 29.0 758.0 568.0 428.0 568.0 837.0 194.0 837.0 760.0 5.0 760.0 665.0 69.0 665.0 219.0 43.0 219.0 
2 3 1.11 1.11 321.0 319.0 321.0 947.0 111.0 947.0 128.0 1.0 128.0 
2 4 1.27 1.27 321.0 319.0 321.0 947.0 111.0 947.0 128.0 1.0 128.0 520.0 81.0 520.0 
2 5 1.5 1.5 321.0 319.0 321.0 947.0 111.0 947.0 128.0 1.0 128.0 520.0 81.0 520.0 557.0 130.0 557.0 
2 6 1.9 1.9 321.0 319.0 321.0 947.0 111.0 947.0 128.0 1.0 128.0 520.0 81.0 520.0 557.0 130.0 557.0 818.0 327.0 818.0 
2 3 0.38 0.38 387.0 69.0 387.0 551.0 21.0 551.0 651.0 113.0 651.0 
2 4 1.18 1.18 387.0 69.0 387.0 551.0 21.0 551.0 651.0 113.0 651.0 494.0 391.0 494.0 
2 3 1.47 1.47 964.0 654.0 964.0 661.0 494.0 661.0 404.0 18.0 404.0 
2 4 1.76 1.76 964.0 654.0 964.0 661.0 494.0 661.0 404.0 18.0 404.0 567.0 166.0 567.0 
2 5 1.87 1.87 964.0 654.0 964.0 661.0 494.0 661.0 404.0 18.0 404.0 567.0 166.0 567.0 937.0 108.0 937.0 
2 3 1.23 1.23 825.0 348.0 825.0 207.0 79.0 207.0 234.0 101.0 234.0 
2 4 1.39 1.39 825.0 348.0 825.0 207.0 79.0 207.0 234.0 101.0 234.0 995.0 159.0 995.0 
2 5 1.68 1.68 825.0 348.0 825.0 207.0 79.0 207.0 234.0 101.0 234.0 995.0 159.0 995.0 145.0 42.0 145.0 
2 3 1.04 1.04 171.0 37.0 171.0 76.0 23.0 76.0 808.0 426.0 808.0 
2 4 1.61 1.61 171.0 37.0 171.0 76.0 23.0 76.0 808.0 426.0 808.0 42.0 24.0 42.0 
2 5 1.8 1.8 171.0 37.0 171.0 76.0 23.0 76.0 808.0 426.0 808.0 42.0 24.0 42.0 87.0 16.0 87.0 
2 3 0.43 0.43 166.0 6.0 166.0 998.0 319.0 998.0 879.0 67.0 879.0 
2 4 0.46 0.46 166.0 6.0 166.0 998.0 319.0 998.0 879.0 67.0 879.0 430.0 15.0 430.0 
2 5 0.97 0.97 166.0 6.0 166.0 998.0 319.0 998.0 879.0 67.0 879.0 430.0 15.0 430.0 570.0 290.0 570.0 
2 6 1.19 1.19 166.0 6.0 166.0 998.0 319.0 998.0 879.0 67.0 879.0 430.0 15.0 430.0 570.0 290.0 570.0 962.0 212.0 962.0 
2 7 1.59 1.59 166.0 6.0 166.0 998.0 319.0 998.0 879.0 67.0 879.0 430.0 15.0 430.0 570.0 290.0 570.0 962.0 212.0 962.0 590.0 238.0 590.0 
2 3 0.81 0.81 205.0 38.0 205.0 437.0 74.0 437.0 26.0 12.0 26.0 
2 4 1.73 1.73 205.0 38.0 205.0 437.0 74.0 437.0 26.0 12.0 26.0 652.0 600.0 652.0 
2 5 1.74 1.74 205.0 38.0 205.0 437.0 74.0 437.0 26.0 12.0 26.0 652.0 600.0 652.0 473.0 6.0 473.0 
2 6 1.97 1.97 205.0 38.0 205.0 437.0 74.0 437.0 26.0 12.0 26.0 652.0 600.0 652.0 473.0 6.0 473.0 911.0 205.0 911.0 
2 3 0.59 0.59 626.0 92.0 626.0 285.0 69.0 285.0 436.0 91.0 436.0 
2 4 0.7 0.7 626.0 92.0 626.0 285.0 69.0 285.0 436.0 91.0 436.0 312.0 33.0 312.0 
2 5 0.95 0.95 626.0 92.0 626.0 285.0 69.0 285.0 436.0 91.0 436.0 312.0 33.0 312.0 589.0 151.0 589.0 
2 6 1.01 1.01 626.0 92.0 626.0 285.0 69.0 285.0 436.0 91.0 436.0 312.0 33.0 312.0 589.0 151.0 589.0 664.0 34.0 664.0 
2 7 1.03 1.03 626.0 92.0 626.0 285.0 69.0 285.0 436.0 91.0 436.0 312.0 33.0 312.0 589.0 151.0 589.0 664.0 34.0 664.0 454.0 10.0 454.0 
2 8 1.35 1.35 626.0 92.0 626.0 285.0 69.0 285.0 436.0 91.0 436.0 312.0 33.0 312.0 589.0 151.0 589.0 664.0 34.0 664.0 454.0 10.0 454.0 515.0 167.0 515.0 
2 9 1.86 1.86 626.0 92.0 626.0 285.0 69.0 285.0 436.0 91.0 436.0 312.0 33.0 312.0 589.0 151.0 589.0 664.0 34.0 664.0 454.0 10.0 454.0 515.0 167.0 515.0 43.0 22.0 43.0 
2 3 0.69 0.69 641.0 190.0 641.0 238.0 54.0 238.0 394.0 68.0 394.0 
2 4 0.82 0.82 641.0 190.0 641.0 238.0 54.0 238.0 394.0 68.0 394.0 381.0 50.0 381.0 
2 5 0.88 0.88 641.0 190.0 641.0 238.0 54.0 238.0 394.0 68.0 394.0 381.0 50.0 381.0 106.0 6.0 106.0 
2 6 1.04 1.04 641.0 190.0 641.0 238.0 54.0 238.0 394.0 68.0 394.0 381.0 50.0 381.0 106.0 6.0 106.0 742.0 123.0 742.0 
2 7 1.31 1.31 641.0 190.0 641.0 238.0 54.0 238.0 394.0 68.0 394.0 381.0 50.0 381.0 106.0 6.0 106.0 742.0 123.0 742.0 164.0 43.0 164.0 
2 8 1.37 1.37 641.0 190.0 641.0 238.0 54.0 238.0 394.0 68.0 394.0 381.0 50.0 381.0 106.0 6.0 106.0 742.0 123.0 742.0 164.0 43.0 164.0 81.0 5.0 81.0 
2 9 1.75 1.75 641.0 190.0 641.0 238.0 54.0 238.0 394.0 68.0 394.0 381.0 50.0 381.0 106.0 6.0 106.0 742.0 123.0 742.0 164.0 43.0 164.0 81.0 5.0 81.0 73.0 28.0 73.0 
2 10 1.82 1.82 641.0 190.0 641.0 238.0 54.0 238.0 394.0 68.0 394.0 381.0 50.0 381.0 106.0 6.0 106.0 742.0 123.0 742.0 164.0 43.0 164.0 81.0 5.0 81.0 73.0 28.0 73.0 827.0 58.0 827.0 
2 3 0.43 0.43 110.0 15.0 110.0 108.0 3.0 108.0 59.0 16.0 59.0 
2 4 0.68 0.68 110.0 15.0 110.0 108.0 3.0 108.0 59.0 16.0 59.0 415.0 105.0 415.0 
2 5 0.83 0.83 110.0 15.0 110.0 108.0 3.0 108.0 59.0 16.0 59.0 415.0 105.0 415.0 332.0 48.0 332.0 
2 6 1.68 1.68 110.0 15.0 110.0 108.0 3.0 108.0 59.0 16.0 59.0 415.0 105.0 415.0 332.0 48.0 332.0 995.0 848.0 995.0 
2 7 1.81 1.81 110.0 15.0 110.0 108.0 3.0 108.0 59.0 16.0 59.0 415.0 105.0 415.0 332.0 48.0 332.0 995.0 848.0 995.0 98.0 13.0 98.0 
2 3 1.19 1.19 332.0 167.0 332.0 752.0 107.0 752.0 873.0 480.0 873.0 
2 4 1.21 1.21 332.0 167.0 332.0 752.0 107.0 752.0 873.0 480.0 873.0 211.0 5.0 211.0 
2 5 1.64 1.64 332.0 167.0 332.0 752.0 107.0 752.0 873.0 480.0 873.0 211.0 5.0 211.0 93.0 40.0 93.0 
2 3 1.05 1.05 585.0 158.0 585.0 761.0 268.0 761.0 574.0 246.0 574.0 
2 4 1.15 1.15 585.0 158.0 585.0 761.0 268.0 761.0 574.0 246.0 574.0 573.0 60.0 573.0 
2 5 1.17 1.17 585.0 158.0 585.0 761.0 268.0 761.0 574.0 246.0 574.0 573.0 60.0 573.0 689.0 16.0 689.0 
2 6 1.74 1.74 585.0 158.0 585.0 761.0 268.0 761.0 574.0 246.0 574.0 573.0 60.0 573.0 689.0 16.0 689.0 858.0 484.0 858.0 
2 3 0.19 0.19 103.0 16.0 103.0 481.0 2.0 481.0 431.0 15.0 431.0 
2 4 0.41 0.41 103.0 16.0 103.0 481.0 2.0 481.0 431.0 15.0 431.0 932.0 210.0 932.0 
2 5 0.52 0.52 103.0 16.0 103.0 481.0 2.0 481.0 431.0 15.0 431.0 932.0 210.0 932.0 859.0 87.0 859.0 
2 6 0.92 0.92 103.0 16.0 103.0 481.0 2.0 481.0 431.0 15.0 431.0 932.0 210.0 932.0 859.0 87.0 859.0 841.0 337.0 841.0 
2 7 1.73 1.73 103.0 16.0 103.0 481.0 2.0 481.0 431.0 15.0 431.0 932.0 210.0 932.0 859.0 87.0 859.0 841.0 337.0 841.0 199.0 161.0 199.0 
2 3 0.75 0.75 476.0 24.0 476.0 586.0 252.0 586.0 205.0 56.0 205.0 
2 4 0.91 0.91 476.0 24.0 476.0 586.0 252.0 586.0 205.0 56.0 205.0 875.0 137.0 875.0 
2 5 1.79 1.79 476.0 24.0 476.0 586.0 252.0 586.0 205.0 56.0 205.0 875.0 137.0 875.0 416.0 369.0 416.0 
2 3 0.99 0.99 533.0 82.0 533.0 202.0 30.0 202.0 815.0 566.0 815.0 
2 4 1.28 1.28 533.0 82.0 533.0 202.0 30.0 202.0 815.0 566.0 815.0 270.0 78.0 270.0 
2 5 1.5 1.5 533.0 82.0 533.0 202.0 30.0 202.0 815.0 566.0 815.0 270.0 78.0 270.0 428.0 93.0 428.0 
2 6 1.62 1.62 533.0 82.0 533.0 202.0 30.0 202.0 815.0 566.0 815.0 270.0 78.0 270.0 428.0 93.0 428.0 615.0 77.0 615.0 
2 3 1.27 1.27 595.0 99.0 595.0 895.0 736.0 895.0 749.0 212.0 749.0 
2 4 1.63 1.63 595.0 99.0 595.0 895.0 736.0 895.0 749.0 212.0 749.0 182.0 66.0 182.0 
2 5 1.65 1.65 595.0 99.0 595.0 895.0 736.0 895.0 749.0 212.0 749.0 182.0 66.0 182.0 676.0 15.0 676.0 
2 3 0.6 0.6 921.0 19.0 921.0 644.0 182.0 644.0 501.0 153.0 501.0 
2 4 0.92 0.92 921.0 19.0 921.0 644.0 182.0 644.0 501.0 153.0 501.0 442.0 142.0 442.0 
2 5 1.21 1.21 921.0 19.0 921.0 644.0 182.0 644.0 501.0 153.0 501.0 442.0 142.0 442.0 854.0 242.0 854.0 
2 6 1.3 1.3 921.0 19.0 921.0 644.0 182.0 644.0 501.0 153.0 501.0 442.0 142.0 442.0 854.0 242.0 854.0 374.0 36.0 374.0 
2 3 0.99 0.99 691.0 121.0 691.0 161.0 66.0 161.0 413.0 170.0 413.0 
2 4 1.68 1.68 691.0 121.0 691.0 161.0 66.0 161.0 413.0 170.0 413.0 285.0 195.0 285.0 
2 5 1.8 1.8 691.0 121.0 691.0 161.0 66.0 161.0 413.0 170.0 413.0 285.0 195.0 285.0 297.0 36.0 297.0 
2 6 1.86 1.86 691.0 121.0 691.0 161.0 66.0 161.0 413.0 170.0 413.0 285.0 195.0 285.0 297.0 36.0 297.0 477.0 28.0 477.0 
2 3 1.48 1.48 359.0 239.0 359.0 587.0 433.0 587.0 304.0 25.0 304.0 
2 4 1.67 1.67 359.0 239.0 359.0 587.0 433.0 587.0 304.0 25.0 304.0 21.0 4.0 21.0 
2 5 1.71 1.71 359.0 239.0 359.0 587.0 433.0 587.0 304.0 25.0 304.0 21.0 4.0 21.0 517.0 22.0 517.0 
2 6 1.97 1.97 359.0 239.0 359.0 587.0 433.0 587.0 304.0 25.0 304.0 21.0 4.0 21.0 517.0 22.0 517.0 79.0 20.0 79.0 
2 7 1.98 1.98 359.0 239.0 359.0 587.0 433.0 587.0 304.0 25.0 304.0 21.0 4.0 21.0 517.0 22.0 517.0 79.0 20.0 79.0 173.0 3.0 173.0 
2 3 0.47 0.47 713.0 22.0 713.0 615.0 112.0 615.0 241.0 63.0 241.0 
2 4 0.73 0.73 713.0 22.0 713.0 615.0 112.0 615.0 241.0 63.0 241.0 301.0 78.0 301.0 
2 5 1.72 1.72 713.0 22.0 713.0 615.0 112.0 615.0 241.0 63.0 241.0 301.0 78.0 301.0 737.0 732.0 737.0 
2 3 1.16 1.16 625.0 288.0 625.0 987.0 528.0 987.0 478.0 82.0 478.0 
2 4 1.23 1.23 625.0 288.0 625.0 987.0 528.0 987.0 478.0 82.0 478.0 831.0 56.0 831.0 
2 5 1.96 1.96 625.0 288.0 625.0 987.0 528.0 987.0 478.0 82.0 478.0 831.0 56.0 831.0 618.0 450.0 618.0 
2 3 1.91 1.91 812.0 500.0 812.0 34.0 32.0 34.0 440.0 158.0 440.0 
2 3 1.59 1.59 270.0 190.0 270.0 383.0 156.0 383.0 288.0 140.0 288.0 
2 4 1.71 1.71 270.0 190.0 270.0 383.0 156.0 383.0 288.0 140.0 288.0 301.0 34.0 301.0 
2 5 1.71 1.71 270.0 190.0 270.0 383.0 156.0 383.0 288.0 140.0 288.0 301.0 34.0 301.0 685.0 1.0 685.0 
2 6 1.76 1.76 270.0 190.0 270.0 383.0 156.0 383.0 288.0 140.0 288.0 301.0 34.0 301.0 685.0 1.0 685.0 849.0 48.0 849.0 
2 7 1.9 1.9 270.0 190.0 270.0 383.0 156.0 383.0 288.0 140.0 288.0 301.0 34.0 301.0 685.0 1.0 685.0 849.0 48.0 849.0 724.0 100.0 724.0 
2 3 1.83 1.83 515.0 222.0 515.0 159.0 69.0 159.0 687.0 664.0 687.0 
2 3 0.5 0.5 290.0 89.0 290.0 245.0 27.0 245.0 399.0 37.0 399.0 
2 4 0.68 0.68 290.0 89.0 290.0 245.0 27.0 245.0 399.0 37.0 399.0 540.0 94.0 540.0 
2 5 0.87 0.87 290.0 89.0 290.0 245.0 27.0 245.0 399.0 37.0 399.0 540.0 94.0 540.0 545.0 104.0 545.0 
2 6 0.91 0.91 290.0 89.0 290.0 245.0 27.0 245.0 399.0 37.0 399.0 540.0 94.0 540.0 545.0 104.0 545.0 636.0 27.0 636.0 
2 7 1.53 1.53 290.0 89.0 290.0 245.0 27.0 245.0 399.0 37.0 399.0 540.0 94.0 540.0 545.0 104.0 545.0 636.0 27.0 636.0 964.0 597.0 964.0 
2 8 1.9 1.9 290.0 89.0 290.0 245.0 27.0 245.0 399.0 37.0 399.0 540.0 94.0 540.0 545.0 104.0 545.0 636.0 27.0 636.0 964.0 597.0 964.0 288.0 107.0 288.0 
2 9 1.92 1.92 290.0 89.0 290.0 245.0 27.0 245.0 399.0 37.0 399.0 540.0 94.0 540.0 545.0 104.0 545.0 636.0 27.0 636.0 964.0 597.0 964.0 288.0 107.0 288.0 229.0 4.0 229.0 
2 3 0.63 0.63 844.0 410.0 844.0 574.0 60.0 574.0 948.0 45.0 948.0 
2 4 1.05 1.05 844.0 410.0 844.0 574.0 60.0 574.0 948.0 45.0 948.0 341.0 143.0 341.0 
2 5 1.29 1.29 844.0 410.0 844.0 574.0 60.0 574.0 948.0 45.0 948.0 341.0 143.0 341.0 277.0 65.0 277.0 
2 6 1.63 1.63 844.0 410.0 844.0 574.0 60.0 574.0 948.0 45.0 948.0 341.0 143.0 341.0 277.0 65.0 277.0 468.0 160.0 468.0 
2 7 1.86 1.86 844.0 410.0 844.0 574.0 60.0 574.0 948.0 45.0 948.0 341.0 143.0 341.0 277.0 65.0 277.0 468.0 160.0 468.0 401.0 94.0 401.0 
2 8 1.93 1.93 844.0 410.0 844.0 574.0 60.0 574.0 948.0 45.0 948.0 341.0 143.0 341.0 277.0 65.0 277.0 468.0 160.0 468.0 401.0 94.0 401.0 316.0 22.0 316.0 
2 3 1.49 1.49 385.0 329.0 385.0 646.0 348.0 646.0 471.0 46.0 471.0 
2 3 1.14 1.14 830.0 371.0 830.0 901.0 235.0 901.0 948.0 419.0 948.0 
2 4 1.57 1.57 830.0 371.0 830.0 901.0 235.0 901.0 948.0 419.0 948.0 471.0 200.0 471.0 
2 3 0.74 0.74 966.0 17.0 966.0 247.0 19.0 247.0 116.0 76.0 116.0 
2 4 0.99 0.99 966.0 17.0 966.0 247.0 19.0 247.0 116.0 76.0 116.0 788.0 194.0 788.0 
2 5 1.29 1.29 966.0 17.0 966.0 247.0 19.0 247.0 116.0 76.0 116.0 788.0 194.0 788.0 777.0 234.0 777.0 
2 6 1.52 1.52 966.0 17.0 966.0 247.0 19.0 247.0 116.0 76.0 116.0 788.0 194.0 788.0 777.0 234.0 777.0 917.0 206.0 917.0 
2 7 1.97 1.97 966.0 17.0 966.0 247.0 19.0 247.0 116.0 76.0 116.0 788.0 194.0 788.0 777.0 234.0 777.0 917.0 206.0 917.0 668.0 306.0 668.0 
2 3 1.46 1.46 90.0 37.0 90.0 93.0 67.0 93.0 435.0 147.0 435.0 
2 4 1.91 1.91 90.0 37.0 90.0 93.0 67.0 93.0 435.0 147.0 435.0 616.0 272.0 616.0 
2 3 1.06 1.06 707.0 183.0 707.0 524.0 75.0 524.0 60.0 40.0 60.0 
2 4 1.91 1.91 707.0 183.0 707.0 524.0 75.0 524.0 60.0 40.0 60.0 443.0 373.0 443.0 
2 5 1.91 1.91 707.0 183.0 707.0 524.0 75.0 524.0 60.0 40.0 60.0 443.0 373.0 443.0 851.0 7.0 851.0 
2 3 1.24 1.24 828.0 385.0 828.0 750.0 433.0 750.0 951.0 189.0 951.0 
2 4 1.57 1.57 828.0 385.0 828.0 750.0 433.0 750.0 951.0 189.0 951.0 948.0 317.0 948.0 
2 3 1.21 1.21 963.0 741.0 963.0 831.0 124.0 831.0 360.0 107.0 360.0 
2 4 1.42 1.42 963.0 741.0 963.0 831.0 124.0 831.0 360.0 107.0 360.0 200.0 42.0 200.0 
2 5 1.9 1.9 963.0 741.0 963.0 831.0 124.0 831.0 360.0 107.0 360.0 200.0 42.0 200.0 428.0 203.0 428.0 
2 3 1.68 1.68 428.0 295.0 428.0 135.0 78.0 135.0 19.0 8.0 19.0 
2 4 1.97 1.97 428.0 295.0 428.0 135.0 78.0 135.0 19.0 8.0 19.0 129.0 37.0 129.0 
2 3 1.69 1.69 256.0 153.0 256.0 283.0 33.0 283.0 881.0 865.0 881.0 
2 3 1.09 1.09 539.0 445.0 539.0 246.0 46.0 246.0 991.0 86.0 991.0 
2 4 1.2 1.2 539.0 445.0 539.0 246.0 46.0 246.0 991.0 86.0 991.0 725.0 73.0 725.0 
2 5 1.23 1.23 539.0 445.0 539.0 246.0 46.0 246.0 991.0 86.0 991.0 725.0 73.0 725.0 542.0 20.0 542.0 
2 6 1.62 1.62 539.0 445.0 539.0 246.0 46.0 246.0 991.0 86.0 991.0 725.0 73.0 725.0 542.0 20.0 542.0 665.0 259.0 665.0 
2 7 1.79 1.79 539.0 445.0 539.0 246.0 46.0 246.0 991.0 86.0 991.0 725.0 73.0 725.0 542.0 20.0 542.0 665.0 259.0 665.0 134.0 22.0 134.0 
2 3 0.98 0.98 349.0 190.0 349.0 489.0 43.0 489.0 580.0 205.0 580.0 
2 4 1.23 1.23 349.0 190.0 349.0 489.0 43.0 489.0 580.0 205.0 580.0 768.0 189.0 768.0 
2 5 1.27 1.27 349.0 190.0 349.0 489.0 43.0 489.0 580.0 205.0 580.0 768.0 189.0 768.0 994.0 41.0 994.0 
2 3 1.33 1.33 998.0 384.0 998.0 512.0 21.0 512.0 792.0 721.0 792.0 
2 3 0.64 0.64 756.0 239.0 756.0 369.0 92.0 369.0 340.0 27.0 340.0 
2 4 0.68 0.68 756.0 239.0 756.0 369.0 92.0 369.0 340.0 27.0 340.0 327.0 14.0 327.0 
2 5 0.69 0.69 756.0 239.0 756.0 369.0 92.0 369.0 340.0 27.0 340.0 327.0 14.0 327.0 778.0 9.0 778.0 
2 6 1.0 1.0 756.0 239.0 756.0 369.0 92.0 369.0 340.0 27.0 340.0 327.0 14.0 327.0 778.0 9.0 778.0 808.0 246.0 808.0 
2 7 1.29 1.29 756.0 239.0 756.0 369.0 92.0 369.0 340.0 27.0 340.0 327.0 14.0 327.0 778.0 9.0 778.0 808.0 246.0 808.0 329.0 95.0 329.0 
2 8 1.82 1.82 756.0 239.0 756.0 369.0 92.0 369.0 340.0 27.0 340.0 327.0 14.0 327.0 778.0 9.0 778.0 808.0 246.0 808.0 329.0 95.0 329.0 857.0 456.0 857.0 
2 3 0.87 0.87 732.0 346.0 732.0 477.0 36.0 477.0 382.0 125.0 382.0 
2 4 1.55 1.55 732.0 346.0 732.0 477.0 36.0 477.0 382.0 125.0 382.0 217.0 148.0 217.0 
2 5 1.99 1.99 732.0 346.0 732.0 477.0 36.0 477.0 382.0 125.0 382.0 217.0 148.0 217.0 395.0 173.0 395.0 
2 3 0.89 0.89 961.0 337.0 961.0 286.0 90.0 286.0 459.0 107.0 459.0 
2 4 1.2 1.2 961.0 337.0 961.0 286.0 90.0 286.0 459.0 107.0 459.0 686.0 212.0 686.0 
2 5 1.69 1.69 961.0 337.0 961.0 286.0 90.0 286.0 459.0 107.0 459.0 686.0 212.0 686.0 29.0 14.0 29.0 
2 6 1.95 1.95 961.0 337.0 961.0 286.0 90.0 286.0 459.0 107.0 459.0 686.0 212.0 686.0 29.0 14.0 29.0 909.0 243.0 909.0 
2 3 0.21 0.21 626.0 25.0 626.0 495.0 20.0 495.0 981.0 129.0 981.0 
2 4 0.53 0.53 626.0 25.0 626.0 495.0 20.0 495.0 981.0 129.0 981.0 390.0 126.0 390.0 
2 5 0.82 0.82 626.0 25.0 626.0 495.0 20.0 495.0 981.0 129.0 981.0 390.0 126.0 390.0 104.0 30.0 104.0 
2 6 0.99 0.99 626.0 25.0 626.0 495.0 20.0 495.0 981.0 129.0 981.0 390.0 126.0 390.0 104.0 30.0 104.0 626.0 108.0 626.0 
2 7 1.34 1.34 626.0 25.0 626.0 495.0 20.0 495.0 981.0 129.0 981.0 390.0 126.0 390.0 104.0 30.0 104.0 626.0 108.0 626.0 334.0 116.0 334.0 
2 3 0.49 0.49 264.0 60.0 264.0 665.0 38.0 665.0 322.0 68.0 322.0 
2 4 0.85 0.85 264.0 60.0 264.0 665.0 38.0 665.0 322.0 68.0 322.0 106.0 38.0 106.0 
2 5 0.88 0.88 264.0 60.0 264.0 665.0 38.0 665.0 322.0 68.0 322.0 106.0 38.0 106.0 963.0 32.0 963.0 
2 6 1.2 1.2 264.0 60.0 264.0 665.0 38.0 665.0 322.0 68.0 322.0 106.0 38.0 106.0 963.0 32.0 963.0 961.0 310.0 961.0 
2 7 1.39 1.39 264.0 60.0 264.0 665.0 38.0 665.0 322.0 68.0 322.0 106.0 38.0 106.0 963.0 32.0 963.0 961.0 310.0 961.0 562.0 102.0 562.0 
2 8 1.68 1.68 264.0 60.0 264.0 665.0 38.0 665.0 322.0 68.0 322.0 106.0 38.0 106.0 963.0 32.0 963.0 961.0 310.0 961.0 562.0 102.0 562.0 538.0 158.0 538.0 
2 3 1.58 1.58 105.0 80.0 105.0 256.0 75.0 256.0 688.0 366.0 688.0 
2 4 1.76 1.76 105.0 80.0 105.0 256.0 75.0 256.0 688.0 366.0 688.0 808.0 147.0 808.0 
2 3 0.71 0.71 270.0 143.0 270.0 624.0 7.0 624.0 509.0 90.0 509.0 
2 4 1.32 1.32 270.0 143.0 270.0 624.0 7.0 624.0 509.0 90.0 509.0 938.0 566.0 938.0 
2 5 1.53 1.53 270.0 143.0 270.0 624.0 7.0 624.0 509.0 90.0 509.0 938.0 566.0 938.0 359.0 77.0 359.0 
2 6 1.81 1.81 270.0 143.0 270.0 624.0 7.0 624.0 509.0 90.0 509.0 938.0 566.0 938.0 359.0 77.0 359.0 285.0 81.0 285.0 
2 3 1.08 1.08 910.0 131.0 910.0 795.0 684.0 795.0 710.0 60.0 710.0 
2 4 1.51 1.51 910.0 131.0 910.0 795.0 684.0 795.0 710.0 60.0 710.0 839.0 354.0 839.0 
2 5 1.81 1.81 910.0 131.0 910.0 795.0 684.0 795.0 710.0 60.0 710.0 839.0 354.0 839.0 855.0 261.0 855.0 
2 3 1.04 1.04 796.0 56.0 796.0 928.0 151.0 928.0 38.0 31.0 38.0 
2 4 1.2 1.2 796.0 56.0 796.0 928.0 151.0 928.0 38.0 31.0 38.0 573.0 87.0 573.0 
2 5 1.46 1.46 796.0 56.0 796.0 928.0 151.0 928.0 38.0 31.0 38.0 573.0 87.0 573.0 431.0 114.0 431.0 
2 6 1.82 1.82 796.0 56.0 796.0 928.0 151.0 928.0 38.0 31.0 38.0 573.0 87.0 573.0 431.0 114.0 431.0 804.0 287.0 804.0 
2 3 0.57 0.57 665.0 187.0 665.0 412.0 58.0 412.0 93.0 14.0 93.0 
2 4 0.95 0.95 665.0 187.0 665.0 412.0 58.0 412.0 93.0 14.0 93.0 483.0 184.0 483.0 
2 5 1.07 1.07 665.0 187.0 665.0 412.0 58.0 412.0 93.0 14.0 93.0 483.0 184.0 483.0 1000.0 124.0 1000.0 
2 6 1.48 1.48 665.0 187.0 665.0 412.0 58.0 412.0 93.0 14.0 93.0 483.0 184.0 483.0 1000.0 124.0 1000.0 784.0 320.0 784.0 
2 3 0.76 0.76 301.0 114.0 301.0 208.0 60.0 208.0 49.0 5.0 49.0 
2 4 0.84 0.84 301.0 114.0 301.0 208.0 60.0 208.0 49.0 5.0 49.0 404.0 30.0 404.0 
2 5 1.01 1.01 301.0 114.0 301.0 208.0 60.0 208.0 49.0 5.0 49.0 404.0 30.0 404.0 591.0 103.0 591.0 
2 6 1.15 1.15 301.0 114.0 301.0 208.0 60.0 208.0 49.0 5.0 49.0 404.0 30.0 404.0 591.0 103.0 591.0 965.0 130.0 965.0 
2 7 1.28 1.28 301.0 114.0 301.0 208.0 60.0 208.0 49.0 5.0 49.0 404.0 30.0 404.0 591.0 103.0 591.0 965.0 130.0 965.0 599.0 78.0 599.0 
2 8 1.4 1.4 301.0 114.0 301.0 208.0 60.0 208.0 49.0 5.0 49.0 404.0 30.0 404.0 591.0 103.0 591.0 965.0 130.0 965.0 599.0 78.0 599.0 619.0 78.0 619.0 
2 9 1.62 1.62 301.0 114.0 301.0 208.0 60.0 208.0 49.0 5.0 49.0 404.0 30.0 404.0 591.0 103.0 591.0 965.0 130.0 965.0 599.0 78.0 599.0 619.0 78.0 619.0 111.0 24.0 111.0 
2 10 1.72 1.72 301.0 114.0 301.0 208.0 60.0 208.0 49.0 5.0 49.0 404.0 30.0 404.0 591.0 103.0 591.0 965.0 130.0 965.0 599.0 78.0 599.0 619.0 78.0 619.0 111.0 24.0 111.0 344.0 33.0 344.0 
2 3 0.23 0.23 985.0 142.0 985.0 362.0 31.0 362.0 731.0 7.0 731.0 
2 4 0.92 0.92 985.0 142.0 985.0 362.0 31.0 362.0 731.0 7.0 731.0 728.0 499.0 728.0 
2 5 1.07 1.07 985.0 142.0 985.0 362.0 31.0 362.0 731.0 7.0 731.0 728.0 499.0 728.0 617.0 95.0 617.0 
2 6 1.37 1.37 985.0 142.0 985.0 362.0 31.0 362.0 731.0 7.0 731.0 728.0 499.0 728.0 617.0 95.0 617.0 905.0 265.0 905.0 
2 7 1.66 1.66 985.0 142.0 985.0 362.0 31.0 362.0 731.0 7.0 731.0 728.0 499.0 728.0 617.0 95.0 617.0 905.0 265.0 905.0 415.0 121.0 415.0 
2 8 1.78 1.78 985.0 142.0 985.0 362.0 31.0 362.0 731.0 7.0 731.0 728.0 499.0 728.0 617.0 95.0 617.0 905.0 265.0 905.0 415.0 121.0 415.0 746.0 90.0 746.0 
2 9 1.82 1.82 985.0 142.0 985.0 362.0 31.0 362.0 731.0 7.0 731.0 728.0 499.0 728.0 617.0 95.0 617.0 905.0 265.0 905.0 415.0 121.0 415.0 746.0 90.0 746.0 820.0 34.0 820.0 
2 3 1.51 1.51 984.0 732.0 984.0 800.0 279.0 800.0 975.0 409.0 975.0 
2 4 1.74 1.74 984.0 732.0 984.0 800.0 279.0 800.0 975.0 409.0 975.0 734.0 168.0 734.0 
2 3 0.76 0.76 539.0 10.0 539.0 639.0 169.0 639.0 115.0 55.0 115.0 
2 4 1.42 1.42 539.0 10.0 539.0 639.0 169.0 639.0 115.0 55.0 115.0 881.0 587.0 881.0 
2 5 1.71 1.71 539.0 10.0 539.0 639.0 169.0 639.0 115.0 55.0 115.0 881.0 587.0 881.0 731.0 212.0 731.0 
2 3 1.05 1.05 84.0 54.0 84.0 437.0 87.0 437.0 287.0 62.0 287.0 
2 4 1.5 1.5 84.0 54.0 84.0 437.0 87.0 437.0 287.0 62.0 287.0 239.0 107.0 239.0 
2 5 1.51 1.51 84.0 54.0 84.0 437.0 87.0 437.0 287.0 62.0 287.0 239.0 107.0 239.0 385.0 2.0 385.0 
2 3 1.3 1.3 579.0 296.0 579.0 957.0 338.0 957.0 725.0 318.0 725.0 
2 4 1.76 1.76 579.0 296.0 579.0 957.0 338.0 957.0 725.0 318.0 725.0 905.0 421.0 905.0 
2 3 1.96 1.96 269.0 256.0 269.0 401.0 307.0 401.0 916.0 225.0 916.0 
2 3 1.0 1.0 921.0 367.0 921.0 849.0 200.0 849.0 428.0 160.0 428.0 
2 4 1.03 1.03 921.0 367.0 921.0 849.0 200.0 849.0 428.0 160.0 428.0 687.0 18.0 687.0 
2 5 1.75 1.75 921.0 367.0 921.0 849.0 200.0 849.0 428.0 160.0 428.0 687.0 18.0 687.0 484.0 350.0 484.0 
2 3 1.26 1.26 856.0 33.0 856.0 844.0 661.0 844.0 946.0 422.0 946.0 
2 4 1.35 1.35 856.0 33.0 856.0 844.0 661.0 844.0 946.0 422.0 946.0 813.0 69.0 813.0 
2 5 1.46 1.46 856.0 33.0 856.0 844.0 661.0 844.0 946.0 422.0 946.0 813.0 69.0 813.0 623.0 71.0 623.0 
2 6 1.87 1.87 856.0 33.0 856.0 844.0 661.0 844.0 946.0 422.0 946.0 813.0 69.0 813.0 623.0 71.0 623.0 830.0 341.0 830.0 
2 3 0.82 0.82 812.0 479.0 812.0 645.0 112.0 645.0 68.0 4.0 68.0 
2 4 1.45 1.45 812.0 479.0 812.0 645.0 112.0 645.0 68.0 4.0 68.0 33.0 21.0 33.0 
2 5 1.87 1.87 812.0 479.0 812.0 645.0 112.0 645.0 68.0 4.0 68.0 33.0 21.0 33.0 686.0 283.0 686.0 
2 3 1.76 1.76 381.0 294.0 381.0 285.0 135.0 285.0 611.0 318.0 611.0 
2 3 0.52 0.52 574.0 20.0 574.0 385.0 153.0 385.0 839.0 77.0 839.0 
2 4 0.54 0.54 574.0 20.0 574.0 385.0 153.0 385.0 839.0 77.0 839.0 289.0 7.0 289.0 
2 5 0.6 0.6 574.0 20.0 574.0 385.0 153.0 385.0 839.0 77.0 839.0 289.0 7.0 289.0 791.0 47.0 791.0 
2 6 0.86 0.86 574.0 20.0 574.0 385.0 153.0 385.0 839.0 77.0 839.0 289.0 7.0 289.0 791.0 47.0 791.0 942.0 242.0 942.0 
2 7 1.45 1.45 574.0 20.0 574.0 385.0 153.0 385.0 839.0 77.0 839.0 289.0 7.0 289.0 791.0 47.0 791.0 942.0 242.0 942.0 142.0 84.0 142.0 
2 8 1.6 1.6 574.0 20.0 574.0 385.0 153.0 385.0 839.0 77.0 839.0 289.0 7.0 289.0 791.0 47.0 791.0 942.0 242.0 942.0 142.0 84.0 142.0 290.0 43.0 290.0 
2 3 0.87 0.87 163.0 95.0 163.0 13.0 3.0 13.0 919.0 59.0 919.0 
2 4 1.4 1.4 163.0 95.0 163.0 13.0 3.0 13.0 919.0 59.0 919.0 799.0 422.0 799.0 
2 5 1.78 1.78 163.0 95.0 163.0 13.0 3.0 13.0 919.0 59.0 919.0 799.0 422.0 799.0 749.0 281.0 749.0 
2 3 1.77 1.77 887.0 704.0 887.0 269.0 210.0 269.0 821.0 166.0 821.0 
2 4 1.79 1.79 887.0 704.0 887.0 269.0 210.0 269.0 821.0 166.0 821.0 327.0 6.0 327.0 
2 3 1.53 1.53 225.0 134.0 225.0 383.0 4.0 383.0 979.0 906.0 979.0 
2 3 0.65 0.65 895.0 252.0 895.0 366.0 1.0 366.0 694.0 257.0 694.0 
2 4 1.04 1.04 895.0 252.0 895.0 366.0 1.0 366.0 694.0 257.0 694.0 479.0 189.0 479.0 
2 5 1.16 1.16 895.0 252.0 895.0 366.0 1.0 366.0 694.0 257.0 694.0 479.0 189.0 479.0 58.0 7.0 58.0 
2 3 0.74 0.74 423.0 28.0 423.0 901.0 28.0 901.0 975.0 631.0 975.0 
2 4 0.76 0.76 423.0 28.0 423.0 901.0 28.0 901.0 975.0 631.0 975.0 56.0 1.0 56.0 
2 5 0.93 0.93 423.0 28.0 423.0 901.0 28.0 901.0 975.0 631.0 975.0 56.0 1.0 56.0 703.0 118.0 703.0 
2 6 1.03 1.03 423.0 28.0 423.0 901.0 28.0 901.0 975.0 631.0 975.0 56.0 1.0 56.0 703.0 118.0 703.0 975.0 100.0 975.0 
2 7 1.7 1.7 423.0 28.0 423.0 901.0 28.0 901.0 975.0 631.0 975.0 56.0 1.0 56.0 703.0 118.0 703.0 975.0 100.0 975.0 34.0 23.0 34.0 
2 3 0.76 0.76 563.0 180.0 563.0 485.0 90.0 485.0 371.0 97.0 371.0 
2 4 1.16 1.16 563.0 180.0 563.0 485.0 90.0 485.0 371.0 97.0 371.0 5.0 2.0 5.0 
2 5 1.2 1.2 563.0 180.0 563.0 485.0 90.0 485.0 371.0 97.0 371.0 5.0 2.0 5.0 832.0 35.0 832.0 
2 6 1.21 1.21 563.0 180.0 563.0 485.0 90.0 485.0 371.0 97.0 371.0 5.0 2.0 5.0 832.0 35.0 832.0 883.0 9.0 883.0 
2 7 1.4 1.4 563.0 180.0 563.0 485.0 90.0 485.0 371.0 97.0 371.0 5.0 2.0 5.0 832.0 35.0 832.0 883.0 9.0 883.0 595.0 112.0 595.0 
2 8 1.99 1.99 563.0 180.0 563.0 485.0 90.0 485.0 371.0 97.0 371.0 5.0 2.0 5.0 832.0 35.0 832.0 883.0 9.0 883.0 595.0 112.0 595.0 762.0 447.0 762.0 
2 3 0.48 0.48 220.0 16.0 220.0 781.0 308.0 781.0 693.0 13.0 693.0 
2 4 0.58 0.58 220.0 16.0 220.0 781.0 308.0 781.0 693.0 13.0 693.0 475.0 45.0 475.0 
2 5 0.95 0.95 220.0 16.0 220.0 781.0 308.0 781.0 693.0 13.0 693.0 475.0 45.0 475.0 680.0 257.0 680.0 
2 6 1.04 1.04 220.0 16.0 220.0 781.0 308.0 781.0 693.0 13.0 693.0 475.0 45.0 475.0 680.0 257.0 680.0 158.0 13.0 158.0 
2 7 1.3 1.3 220.0 16.0 220.0 781.0 308.0 781.0 693.0 13.0 693.0 475.0 45.0 475.0 680.0 257.0 680.0 158.0 13.0 158.0 235.0 61.0 235.0 
2 8 1.69 1.69 220.0 16.0 220.0 781.0 308.0 781.0 693.0 13.0 693.0 475.0 45.0 475.0 680.0 257.0 680.0 158.0 13.0 158.0 235.0 61.0 235.0 393.0 156.0 393.0 
2 3 1.46 1.46 790.0 751.0 790.0 329.0 93.0 329.0 963.0 227.0 963.0 
2 4 1.87 1.87 790.0 751.0 790.0 329.0 93.0 329.0 963.0 227.0 963.0 358.0 147.0 358.0 
2 3 1.55 1.55 122.0 65.0 122.0 140.0 131.0 140.0 854.0 71.0 854.0 
2 4 1.58 1.58 122.0 65.0 122.0 140.0 131.0 140.0 854.0 71.0 854.0 361.0 13.0 361.0 
2 5 1.73 1.73 122.0 65.0 122.0 140.0 131.0 140.0 854.0 71.0 854.0 361.0 13.0 361.0 836.0 123.0 836.0 
2 3 1.04 1.04 78.0 14.0 78.0 270.0 106.0 270.0 547.0 258.0 547.0 
2 4 1.06 1.06 78.0 14.0 78.0 270.0 106.0 270.0 547.0 258.0 547.0 891.0 23.0 891.0 
2 5 1.71 1.71 78.0 14.0 78.0 270.0 106.0 270.0 547.0 258.0 547.0 891.0 23.0 891.0 888.0 576.0 888.0 
2 6 1.89 1.89 78.0 14.0 78.0 270.0 106.0 270.0 547.0 258.0 547.0 891.0 23.0 891.0 888.0 576.0 888.0 87.0 15.0 87.0 
2 3 1.68 1.68 708.0 133.0 708.0 809.0 510.0 809.0 693.0 604.0 693.0 
2 3 1.0 1.0 398.0 4.0 398.0 962.0 376.0 962.0 138.0 84.0 138.0 
2 4 1.27 1.27 398.0 4.0 398.0 962.0 376.0 962.0 138.0 84.0 138.0 420.0 111.0 420.0 
2 5 1.35 1.35 398.0 4.0 398.0 962.0 376.0 962.0 138.0 84.0 138.0 420.0 111.0 420.0 958.0 81.0 958.0 
2 6 1.96 1.96 398.0 4.0 398.0 962.0 376.0 962.0 138.0 84.0 138.0 420.0 111.0 420.0 958.0 81.0 958.0 441.0 266.0 441.0 
2 3 1.8 1.8 938.0 744.0 938.0 634.0 521.0 634.0 814.0 157.0 814.0 
2 4 1.81 1.81 938.0 744.0 938.0 634.0 521.0 634.0 814.0 157.0 814.0 784.0 3.0 784.0 
2 5 1.95 1.95 938.0 744.0 938.0 634.0 521.0 634.0 814.0 157.0 814.0 784.0 3.0 784.0 121.0 17.0 121.0 
2 3 1.62 1.62 343.0 71.0 343.0 569.0 450.0 569.0 442.0 278.0 442.0 
2 3 0.99 0.99 744.0 463.0 744.0 656.0 2.0 656.0 472.0 175.0 472.0 
2 4 1.08 1.08 744.0 463.0 744.0 656.0 2.0 656.0 472.0 175.0 472.0 696.0 63.0 696.0 
2 5 1.3 1.3 744.0 463.0 744.0 656.0 2.0 656.0 472.0 175.0 472.0 696.0 63.0 696.0 890.0 197.0 890.0 
2 6 1.58 1.58 744.0 463.0 744.0 656.0 2.0 656.0 472.0 175.0 472.0 696.0 63.0 696.0 890.0 197.0 890.0 943.0 257.0 943.0 
2 7 1.78 1.78 744.0 463.0 744.0 656.0 2.0 656.0 472.0 175.0 472.0 696.0 63.0 696.0 890.0 197.0 890.0 943.0 257.0 943.0 683.0 137.0 683.0 
2 3 1.29 1.29 775.0 134.0 775.0 221.0 192.0 221.0 352.0 90.0 352.0 
2 4 1.38 1.38 775.0 134.0 775.0 221.0 192.0 221.0 352.0 90.0 352.0 369.0 33.0 369.0 
2 5 1.86 1.86 775.0 134.0 775.0 221.0 192.0 221.0 352.0 90.0 352.0 369.0 33.0 369.0 513.0 244.0 513.0 
2 3 0.23 0.23 266.0 2.0 266.0 123.0 1.0 123.0 879.0 189.0 879.0 
2 4 0.6 0.6 266.0 2.0 266.0 123.0 1.0 123.0 879.0 189.0 879.0 873.0 326.0 873.0 
2 5 0.72 0.72 266.0 2.0 266.0 123.0 1.0 123.0 879.0 189.0 879.0 873.0 326.0 873.0 352.0 43.0 352.0 
2 6 1.04 1.04 266.0 2.0 266.0 123.0 1.0 123.0 879.0 189.0 879.0 873.0 326.0 873.0 352.0 43.0 352.0 260.0 84.0 260.0 
2 7 1.09 1.09 266.0 2.0 266.0 123.0 1.0 123.0 879.0 189.0 879.0 873.0 326.0 873.0 352.0 43.0 352.0 260.0 84.0 260.0 386.0 17.0 386.0 
2 8 1.34 1.34 266.0 2.0 266.0 123.0 1.0 123.0 879.0 189.0 879.0 873.0 326.0 873.0 352.0 43.0 352.0 260.0 84.0 260.0 386.0 17.0 386.0 716.0 182.0 716.0 
2 3 1.13 1.13 107.0 98.0 107.0 369.0 55.0 369.0 345.0 25.0 345.0 
2 4 1.62 1.62 107.0 98.0 107.0 369.0 55.0 369.0 345.0 25.0 345.0 740.0 361.0 740.0 
2 5 1.86 1.86 107.0 98.0 107.0 369.0 55.0 369.0 345.0 25.0 345.0 740.0 361.0 740.0 418.0 102.0 418.0 
2 3 0.18 0.18 600.0 11.0 600.0 708.0 100.0 708.0 982.0 25.0 982.0 
2 4 0.3 0.3 600.0 11.0 600.0 708.0 100.0 708.0 982.0 25.0 982.0 186.0 23.0 186.0 
2 5 0.71 0.71 600.0 11.0 600.0 708.0 100.0 708.0 982.0 25.0 982.0 186.0 23.0 186.0 461.0 186.0 461.0 
2 6 0.92 0.92 600.0 11.0 600.0 708.0 100.0 708.0 982.0 25.0 982.0 186.0 23.0 186.0 461.0 186.0 461.0 579.0 122.0 579.0 
2 7 1.69 1.69 600.0 11.0 600.0 708.0 100.0 708.0 982.0 25.0 982.0 186.0 23.0 186.0 461.0 186.0 461.0 579.0 122.0 579.0 470.0 365.0 470.0 
2 8 1.88 1.88 600.0 11.0 600.0 708.0 100.0 708.0 982.0 25.0 982.0 186.0 23.0 186.0 461.0 186.0 461.0 579.0 122.0 579.0 470.0 365.0 470.0 834.0 152.0 834.0 
2 3 1.24 1.24 749.0 24.0 749.0 374.0 141.0 374.0 947.0 791.0 947.0 
2 4 1.5 1.5 749.0 24.0 749.0 374.0 141.0 374.0 947.0 791.0 947.0 332.0 85.0 332.0 
2 5 1.74 1.74 749.0 24.0 749.0 374.0 141.0 374.0 947.0 791.0 947.0 332.0 85.0 332.0 714.0 175.0 714.0 
2 6 1.97 1.97 749.0 24.0 749.0 374.0 141.0 374.0 947.0 791.0 947.0 332.0 85.0 332.0 714.0 175.0 714.0 831.0 191.0 831.0 
2 3 0.18 0.18 634.0 55.0 634.0 719.0 55.0 719.0 600.0 12.0 600.0 
2 4 0.21 0.21 634.0 55.0 634.0 719.0 55.0 719.0 600.0 12.0 600.0 31.0 1.0 31.0 
2 5 1.02 1.02 634.0 55.0 634.0 719.0 55.0 719.0 600.0 12.0 600.0 31.0 1.0 31.0 431.0 351.0 431.0 
2 6 1.23 1.23 634.0 55.0 634.0 719.0 55.0 719.0 600.0 12.0 600.0 31.0 1.0 31.0 431.0 351.0 431.0 743.0 156.0 743.0 
2 7 1.28 1.28 634.0 55.0 634.0 719.0 55.0 719.0 600.0 12.0 600.0 31.0 1.0 31.0 431.0 351.0 431.0 743.0 156.0 743.0 103.0 5.0 103.0 
2 3 1.75 1.75 617.0 499.0 617.0 482.0 22.0 482.0 296.0 266.0 296.0 
2 4 1.81 1.81 617.0 499.0 617.0 482.0 22.0 482.0 296.0 266.0 296.0 30.0 2.0 30.0 
2 5 1.85 1.85 617.0 499.0 617.0 482.0 22.0 482.0 296.0 266.0 296.0 30.0 2.0 30.0 858.0 30.0 858.0 
2 3 1.06 1.06 734.0 110.0 734.0 373.0 241.0 373.0 242.0 65.0 242.0 
2 4 1.94 1.94 734.0 110.0 734.0 373.0 241.0 373.0 242.0 65.0 242.0 418.0 366.0 418.0 
2 5 1.96 1.96 734.0 110.0 734.0 373.0 241.0 373.0 242.0 65.0 242.0 418.0 366.0 418.0 76.0 2.0 76.0 
2 3 0.86 0.86 643.0 291.0 643.0 407.0 67.0 407.0 692.0 170.0 692.0 
2 4 1.13 1.13 643.0 291.0 643.0 407.0 67.0 407.0 692.0 170.0 692.0 210.0 57.0 210.0 
2 5 1.33 1.33 643.0 291.0 643.0 407.0 67.0 407.0 692.0 170.0 692.0 210.0 57.0 210.0 180.0 37.0 180.0 
2 6 1.43 1.43 643.0 291.0 643.0 407.0 67.0 407.0 692.0 170.0 692.0 210.0 57.0 210.0 180.0 37.0 180.0 919.0 90.0 919.0 
2 7 1.69 1.69 643.0 291.0 643.0 407.0 67.0 407.0 692.0 170.0 692.0 210.0 57.0 210.0 180.0 37.0 180.0 919.0 90.0 919.0 966.0 252.0 966.0 
2 3 1.95 1.95 261.0 255.0 261.0 651.0 464.0 651.0 722.0 195.0 722.0 
2 3 1.36 1.36 561.0 159.0 561.0 959.0 554.0 959.0 183.0 93.0 183.0 
2 4 1.56 1.56 561.0 159.0 561.0 959.0 554.0 959.0 183.0 93.0 183.0 971.0 188.0 971.0 
2 5 1.93 1.93 561.0 159.0 561.0 959.0 554.0 959.0 183.0 93.0 183.0 971.0 188.0 971.0 61.0 23.0 61.0 
2 3 1.45 1.45 440.0 314.0 440.0 30.0 11.0 30.0 329.0 122.0 329.0 
2 3 0.93 0.93 80.0 21.0 80.0 402.0 265.0 402.0 598.0 7.0 598.0 
2 4 0.95 0.95 80.0 21.0 80.0 402.0 265.0 402.0 598.0 7.0 598.0 836.0 19.0 836.0 
2 5 1.04 1.04 80.0 21.0 80.0 402.0 265.0 402.0 598.0 7.0 598.0 836.0 19.0 836.0 35.0 3.0 35.0 
2 6 1.04 1.04 80.0 21.0 80.0 402.0 265.0 402.0 598.0 7.0 598.0 836.0 19.0 836.0 35.0 3.0 35.0 797.0 3.0 797.0 
2 7 1.88 1.88 80.0 21.0 80.0 402.0 265.0 402.0 598.0 7.0 598.0 836.0 19.0 836.0 35.0 3.0 35.0 797.0 3.0 797.0 603.0 504.0 603.0 
2 3 0.73 0.73 819.0 39.0 819.0 800.0 364.0 800.0 486.0 112.0 486.0 
2 4 1.36 1.36 819.0 39.0 819.0 800.0 364.0 800.0 486.0 112.0 486.0 470.0 299.0 470.0 
2 5 1.84 1.84 819.0 39.0 819.0 800.0 364.0 800.0 486.0 112.0 486.0 470.0 299.0 470.0 807.0 384.0 807.0 
2 3 1.94 1.94 269.0 213.0 269.0 71.0 53.0 71.0 916.0 377.0 916.0 
2 3 0.76 0.76 683.0 76.0 683.0 149.0 74.0 149.0 605.0 95.0 605.0 
2 4 1.48 1.48 683.0 76.0 683.0 149.0 74.0 149.0 605.0 95.0 605.0 150.0 108.0 150.0 
2 3 0.65 0.65 220.0 78.0 220.0 147.0 33.0 147.0 729.0 53.0 729.0 
2 4 1.04 1.04 220.0 78.0 220.0 147.0 33.0 147.0 729.0 53.0 729.0 109.0 43.0 109.0 
2 5 1.65 1.65 220.0 78.0 220.0 147.0 33.0 147.0 729.0 53.0 729.0 109.0 43.0 109.0 236.0 143.0 236.0 
2 6 1.8 1.8 220.0 78.0 220.0 147.0 33.0 147.0 729.0 53.0 729.0 109.0 43.0 109.0 236.0 143.0 236.0 674.0 105.0 674.0 
2 3 1.18 1.18 779.0 106.0 779.0 655.0 207.0 655.0 490.0 358.0 490.0 
2 3 1.27 1.27 647.0 184.0 647.0 125.0 83.0 125.0 951.0 312.0 951.0 
2 4 1.33 1.33 647.0 184.0 647.0 125.0 83.0 125.0 951.0 312.0 951.0 646.0 39.0 646.0 
2 5 1.38 1.38 647.0 184.0 647.0 125.0 83.0 125.0 951.0 312.0 951.0 646.0 39.0 646.0 390.0 19.0 390.0 
2 6 1.67 1.67 647.0 184.0 647.0 125.0 83.0 125.0 951.0 312.0 951.0 646.0 39.0 646.0 390.0 19.0 390.0 807.0 236.0 807.0 
2 3 0.11 0.11 266.0 19.0 266.0 150.0 2.0 150.0 192.0 5.0 192.0 
2 4 0.47 0.47 266.0 19.0 266.0 150.0 2.0 150.0 192.0 5.0 192.0 726.0 267.0 726.0 
2 5 0.71 0.71 266.0 19.0 266.0 150.0 2.0 150.0 192.0 5.0 192.0 726.0 267.0 726.0 785.0 184.0 785.0 
2 6 1.53 1.53 266.0 19.0 266.0 150.0 2.0 150.0 192.0 5.0 192.0 726.0 267.0 726.0 785.0 184.0 785.0 794.0 649.0 794.0 
2 3 1.0 1.0 998.0 595.0 998.0 472.0 34.0 472.0 3.0 1.0 3.0 
2 4 1.32 1.32 998.0 595.0 998.0 472.0 34.0 472.0 3.0 1.0 3.0 616.0 197.0 616.0 
2 5 1.76 1.76 998.0 595.0 998.0 472.0 34.0 472.0 3.0 1.0 3.0 616.0 197.0 616.0 745.0 334.0 745.0 
2 3 1.26 1.26 628.0 198.0 628.0 78.0 27.0 78.0 107.0 65.0 107.0 
2 4 1.41 1.41 628.0 198.0 628.0 78.0 27.0 78.0 107.0 65.0 107.0 826.0 120.0 826.0 
2 5 1.83 1.83 628.0 198.0 628.0 78.0 27.0 78.0 107.0 65.0 107.0 826.0 120.0 826.0 788.0 331.0 788.0 
2 3 1.14 1.14 756.0 81.0 756.0 789.0 152.0 789.0 573.0 482.0 573.0 
2 4 1.28 1.28 756.0 81.0 756.0 789.0 152.0 789.0 573.0 482.0 573.0 967.0 144.0 967.0 
2 5 1.64 1.64 756.0 81.0 756.0 789.0 152.0 789.0 573.0 482.0 573.0 967.0 144.0 967.0 189.0 68.0 189.0 
2 3 1.25 1.25 306.0 174.0 306.0 453.0 241.0 453.0 466.0 72.0 466.0 
2 4 1.82 1.82 306.0 174.0 306.0 453.0 241.0 453.0 466.0 72.0 466.0 115.0 65.0 115.0 
2 5 1.95 1.95 306.0 174.0 306.0 453.0 241.0 453.0 466.0 72.0 466.0 115.0 65.0 115.0 52.0 7.0 52.0 
2 3 1.18 1.18 768.0 237.0 768.0 395.0 297.0 395.0 527.0 68.0 527.0 
2 4 1.2 1.2 768.0 237.0 768.0 395.0 297.0 395.0 527.0 68.0 527.0 354.0 5.0 354.0 
2 5 1.26 1.26 768.0 237.0 768.0 395.0 297.0 395.0 527.0 68.0 527.0 354.0 5.0 354.0 661.0 41.0 661.0 
2 6 1.41 1.41 768.0 237.0 768.0 395.0 297.0 395.0 527.0 68.0 527.0 354.0 5.0 354.0 661.0 41.0 661.0 458.0 67.0 458.0 
2 7 1.94 1.94 768.0 237.0 768.0 395.0 297.0 395.0 527.0 68.0 527.0 354.0 5.0 354.0 661.0 41.0 661.0 458.0 67.0 458.0 623.0 335.0 623.0 
2 3 0.55 0.55 327.0 11.0 327.0 484.0 186.0 484.0 986.0 132.0 986.0 
2 4 1.09 1.09 327.0 11.0 327.0 484.0 186.0 484.0 986.0 132.0 986.0 135.0 73.0 135.0 
2 5 1.13 1.13 327.0 11.0 327.0 484.0 186.0 484.0 986.0 132.0 986.0 135.0 73.0 135.0 424.0 19.0 424.0 
2 6 1.29 1.29 327.0 11.0 327.0 484.0 186.0 484.0 986.0 132.0 986.0 135.0 73.0 135.0 424.0 19.0 424.0 625.0 97.0 625.0 
2 7 1.33 1.33 327.0 11.0 327.0 484.0 186.0 484.0 986.0 132.0 986.0 135.0 73.0 135.0 424.0 19.0 424.0 625.0 97.0 625.0 944.0 41.0 944.0 
2 8 1.64 1.64 327.0 11.0 327.0 484.0 186.0 484.0 986.0 132.0 986.0 135.0 73.0 135.0 424.0 19.0 424.0 625.0 97.0 625.0 944.0 41.0 944.0 300.0 94.0 300.0 
2 3 0.52 0.52 608.0 136.0 608.0 154.0 20.0 154.0 861.0 145.0 861.0 
2 4 0.71 0.71 608.0 136.0 608.0 154.0 20.0 154.0 861.0 145.0 861.0 232.0 45.0 232.0 
2 5 1.48 1.48 608.0 136.0 608.0 154.0 20.0 154.0 861.0 145.0 861.0 232.0 45.0 232.0 734.0 562.0 734.0 
2 6 1.95 1.95 608.0 136.0 608.0 154.0 20.0 154.0 861.0 145.0 861.0 232.0 45.0 232.0 734.0 562.0 734.0 329.0 156.0 329.0 
2 3 0.26 0.26 157.0 7.0 157.0 655.0 125.0 655.0 846.0 22.0 846.0 
2 4 0.67 0.67 157.0 7.0 157.0 655.0 125.0 655.0 846.0 22.0 846.0 504.0 210.0 504.0 
2 5 1.0 1.0 157.0 7.0 157.0 655.0 125.0 655.0 846.0 22.0 846.0 504.0 210.0 504.0 789.0 258.0 789.0 
2 6 1.62 1.62 157.0 7.0 157.0 655.0 125.0 655.0 846.0 22.0 846.0 504.0 210.0 504.0 789.0 258.0 789.0 950.0 591.0 950.0 
2 3 0.98 0.98 382.0 216.0 382.0 717.0 113.0 717.0 54.0 14.0 54.0 
2 4 1.02 1.02 382.0 216.0 382.0 717.0 113.0 717.0 54.0 14.0 54.0 860.0 38.0 860.0 
2 5 1.83 1.83 382.0 216.0 382.0 717.0 113.0 717.0 54.0 14.0 54.0 860.0 38.0 860.0 947.0 767.0 947.0 
2 6 1.95 1.95 382.0 216.0 382.0 717.0 113.0 717.0 54.0 14.0 54.0 860.0 38.0 860.0 947.0 767.0 947.0 123.0 15.0 123.0 
2 3 1.2 1.2 456.0 54.0 456.0 919.0 204.0 919.0 259.0 225.0 259.0 
2 3 1.42 1.42 812.0 4.0 812.0 619.0 349.0 619.0 687.0 588.0 687.0 
2 4 1.93 1.93 812.0 4.0 812.0 619.0 349.0 619.0 687.0 588.0 687.0 301.0 153.0 301.0 
2 3 1.51 1.51 109.0 36.0 109.0 761.0 612.0 761.0 654.0 248.0 654.0 
2 4 1.58 1.58 109.0 36.0 109.0 761.0 612.0 761.0 654.0 248.0 654.0 361.0 24.0 361.0 
2 5 1.62 1.62 109.0 36.0 109.0 761.0 612.0 761.0 654.0 248.0 654.0 361.0 24.0 361.0 546.0 22.0 546.0 
2 3 0.94 0.94 874.0 437.0 874.0 379.0 14.0 379.0 321.0 131.0 321.0 
2 4 1.45 1.45 874.0 437.0 874.0 379.0 14.0 379.0 321.0 131.0 321.0 167.0 85.0 167.0 
2 5 1.91 1.91 874.0 437.0 874.0 379.0 14.0 379.0 321.0 131.0 321.0 167.0 85.0 167.0 452.0 210.0 452.0 
2 3 1.11 1.11 446.0 122.0 446.0 378.0 315.0 378.0 902.0 8.0 902.0 
2 4 1.48 1.48 446.0 122.0 446.0 378.0 315.0 378.0 902.0 8.0 902.0 166.0 62.0 166.0 
2 5 1.71 1.71 446.0 122.0 446.0 378.0 315.0 378.0 902.0 8.0 902.0 166.0 62.0 166.0 332.0 76.0 332.0 
2 6 1.88 1.88 446.0 122.0 446.0 378.0 315.0 378.0 902.0 8.0 902.0 166.0 62.0 166.0 332.0 76.0 332.0 540.0 91.0 540.0 
2 3 1.72 1.72 233.0 175.0 233.0 356.0 291.0 356.0 773.0 118.0 773.0 
2 3 1.62 1.62 341.0 256.0 341.0 395.0 158.0 395.0 562.0 269.0 562.0 
2 4 1.73 1.73 341.0 256.0 341.0 395.0 158.0 395.0 562.0 269.0 562.0 406.0 43.0 406.0 
2 3 1.58 1.58 823.0 614.0 823.0 14.0 8.0 14.0 701.0 188.0 701.0 
2 4 1.88 1.88 823.0 614.0 823.0 14.0 8.0 14.0 701.0 188.0 701.0 169.0 50.0 169.0 
2 3 1.22 1.22 144.0 36.0 144.0 326.0 198.0 326.0 365.0 135.0 365.0 
2 4 1.26 1.26 144.0 36.0 144.0 326.0 198.0 326.0 365.0 135.0 365.0 878.0 35.0 878.0 
2 5 1.99 1.99 144.0 36.0 144.0 326.0 198.0 326.0 365.0 135.0 365.0 878.0 35.0 878.0 779.0 568.0 779.0 
2 3 0.93 0.93 466.0 72.0 466.0 601.0 98.0 601.0 122.0 75.0 122.0 
2 4 1.0 1.0 466.0 72.0 466.0 601.0 98.0 601.0 122.0 75.0 122.0 498.0 34.0 498.0 
2 5 1.66 1.66 466.0 72.0 466.0 601.0 98.0 601.0 122.0 75.0 122.0 498.0 34.0 498.0 988.0 660.0 988.0 
2 6 1.72 1.72 466.0 72.0 466.0 601.0 98.0 601.0 122.0 75.0 122.0 498.0 34.0 498.0 988.0 660.0 988.0 35.0 2.0 35.0 
2 3 0.42 0.42 729.0 37.0 729.0 710.0 30.0 710.0 399.0 134.0 399.0 
2 4 0.85 0.85 729.0 37.0 729.0 710.0 30.0 710.0 399.0 134.0 399.0 756.0 323.0 756.0 
2 5 1.57 1.57 729.0 37.0 729.0 710.0 30.0 710.0 399.0 134.0 399.0 756.0 323.0 756.0 785.0 563.0 785.0 
2 6 1.74 1.74 729.0 37.0 729.0 710.0 30.0 710.0 399.0 134.0 399.0 756.0 323.0 756.0 785.0 563.0 785.0 545.0 94.0 545.0 
2 3 1.11 1.11 66.0 8.0 66.0 872.0 468.0 872.0 157.0 72.0 157.0 
2 4 1.4 1.4 66.0 8.0 66.0 872.0 468.0 872.0 157.0 72.0 157.0 158.0 45.0 158.0 
2 5 1.81 1.81 66.0 8.0 66.0 872.0 468.0 872.0 157.0 72.0 157.0 158.0 45.0 158.0 878.0 361.0 878.0 
2 6 1.81 1.81 66.0 8.0 66.0 872.0 468.0 872.0 157.0 72.0 157.0 158.0 45.0 158.0 878.0 361.0 878.0 208.0 1.0 208.0 
2 3 1.18 1.18 383.0 277.0 383.0 626.0 72.0 626.0 531.0 183.0 531.0 
2 4 1.4 1.4 383.0 277.0 383.0 626.0 72.0 626.0 531.0 183.0 531.0 375.0 84.0 375.0 
2 5 1.7 1.7 383.0 277.0 383.0 626.0 72.0 626.0 531.0 183.0 531.0 375.0 84.0 375.0 901.0 269.0 901.0 
2 6 1.89 1.89 383.0 277.0 383.0 626.0 72.0 626.0 531.0 183.0 531.0 375.0 84.0 375.0 901.0 269.0 901.0 204.0 39.0 204.0 
2 3 0.56 0.56 469.0 16.0 469.0 736.0 95.0 736.0 398.0 161.0 398.0 
2 4 0.72 0.72 469.0 16.0 469.0 736.0 95.0 736.0 398.0 161.0 398.0 455.0 73.0 455.0 
2 5 1.43 1.43 469.0 16.0 469.0 736.0 95.0 736.0 398.0 161.0 398.0 455.0 73.0 455.0 757.0 536.0 757.0 
2 6 1.63 1.63 469.0 16.0 469.0 736.0 95.0 736.0 398.0 161.0 398.0 455.0 73.0 455.0 757.0 536.0 757.0 612.0 120.0 612.0 
2 7 1.64 1.64 469.0 16.0 469.0 736.0 95.0 736.0 398.0 161.0 398.0 455.0 73.0 455.0 757.0 536.0 757.0 612.0 120.0 612.0 361.0 3.0 361.0 
2 3 1.14 1.14 762.0 92.0 762.0 951.0 700.0 951.0 261.0 74.0 261.0 
2 4 1.24 1.24 762.0 92.0 762.0 951.0 700.0 951.0 261.0 74.0 261.0 19.0 2.0 19.0 
2 5 1.72 1.72 762.0 92.0 762.0 951.0 700.0 951.0 261.0 74.0 261.0 19.0 2.0 19.0 492.0 237.0 492.0 
2 3 1.5 1.5 661.0 258.0 661.0 206.0 47.0 206.0 824.0 731.0 824.0 
2 3 1.45 1.45 348.0 129.0 348.0 264.0 241.0 264.0 936.0 157.0 936.0 
2 4 1.56 1.56 348.0 129.0 348.0 264.0 241.0 264.0 936.0 157.0 936.0 665.0 77.0 665.0 
2 3 0.89 0.89 180.0 70.0 180.0 969.0 176.0 969.0 579.0 188.0 579.0 
2 4 1.0 1.0 180.0 70.0 180.0 969.0 176.0 969.0 579.0 188.0 579.0 822.0 89.0 822.0 
2 5 1.23 1.23 180.0 70.0 180.0 969.0 176.0 969.0 579.0 188.0 579.0 822.0 89.0 822.0 83.0 19.0 83.0 
2 6 1.45 1.45 180.0 70.0 180.0 969.0 176.0 969.0 579.0 188.0 579.0 822.0 89.0 822.0 83.0 19.0 83.0 878.0 193.0 878.0 
2 7 1.64 1.64 180.0 70.0 180.0 969.0 176.0 969.0 579.0 188.0 579.0 822.0 89.0 822.0 83.0 19.0 83.0 878.0 193.0 878.0 551.0 105.0 551.0 
2 8 1.87 1.87 180.0 70.0 180.0 969.0 176.0 969.0 579.0 188.0 579.0 822.0 89.0 822.0 83.0 19.0 83.0 878.0 193.0 878.0 551.0 105.0 551.0 392.0 91.0 392.0 
2 3 1.17 1.17 48.0 15.0 48.0 769.0 228.0 769.0 200.0 113.0 200.0 
2 4 1.46 1.46 48.0 15.0 48.0 769.0 228.0 769.0 200.0 113.0 200.0 487.0 142.0 487.0 
2 5 1.77 1.77 48.0 15.0 48.0 769.0 228.0 769.0 200.0 113.0 200.0 487.0 142.0 487.0 252.0 78.0 252.0 
2 6 1.79 1.79 48.0 15.0 48.0 769.0 228.0 769.0 200.0 113.0 200.0 487.0 142.0 487.0 252.0 78.0 252.0 116.0 2.0 116.0 
2 3 1.03 1.03 228.0 76.0 228.0 961.0 601.0 961.0 656.0 51.0 656.0 
2 4 1.43 1.43 228.0 76.0 228.0 961.0 601.0 961.0 656.0 51.0 656.0 447.0 176.0 447.0 
2 5 1.74 1.74 228.0 76.0 228.0 961.0 601.0 961.0 656.0 51.0 656.0 447.0 176.0 447.0 949.0 298.0 949.0 
2 6 1.83 1.83 228.0 76.0 228.0 961.0 601.0 961.0 656.0 51.0 656.0 447.0 176.0 447.0 949.0 298.0 949.0 66.0 6.0 66.0 
2 7 1.86 1.86 228.0 76.0 228.0 961.0 601.0 961.0 656.0 51.0 656.0 447.0 176.0 447.0 949.0 298.0 949.0 66.0 6.0 66.0 245.0 7.0 245.0 
2 8 1.98 1.98 228.0 76.0 228.0 961.0 601.0 961.0 656.0 51.0 656.0 447.0 176.0 447.0 949.0 298.0 949.0 66.0 6.0 66.0 245.0 7.0 245.0 692.0 86.0 692.0 
2 3 1.54 1.54 936.0 861.0 936.0 499.0 18.0 499.0 734.0 431.0 734.0 
2 4 1.97 1.97 936.0 861.0 936.0 499.0 18.0 499.0 734.0 431.0 734.0 76.0 33.0 76.0 
2 3 1.08 1.08 947.0 269.0 947.0 246.0 65.0 246.0 496.0 265.0 496.0 
2 4 1.32 1.32 947.0 269.0 947.0 246.0 65.0 246.0 496.0 265.0 496.0 376.0 90.0 376.0 
2 5 1.57 1.57 947.0 269.0 947.0 246.0 65.0 246.0 496.0 265.0 496.0 376.0 90.0 376.0 739.0 186.0 739.0 
2 3 1.27 1.27 391.0 60.0 391.0 161.0 132.0 161.0 528.0 157.0 528.0 
2 4 1.44 1.44 391.0 60.0 391.0 161.0 132.0 161.0 528.0 157.0 528.0 23.0 4.0 23.0 
2 5 1.68 1.68 391.0 60.0 391.0 161.0 132.0 161.0 528.0 157.0 528.0 23.0 4.0 23.0 783.0 192.0 783.0 
2 6 1.85 1.85 391.0 60.0 391.0 161.0 132.0 161.0 528.0 157.0 528.0 23.0 4.0 23.0 783.0 192.0 783.0 6.0 1.0 6.0 
2 3 1.26 1.26 271.0 126.0 271.0 542.0 173.0 542.0 891.0 427.0 891.0 
2 3 1.16 1.16 748.0 488.0 748.0 63.0 13.0 63.0 915.0 279.0 915.0 
2 4 1.62 1.62 748.0 488.0 748.0 63.0 13.0 63.0 915.0 279.0 915.0 389.0 180.0 389.0 
2 3 1.13 1.13 79.0 29.0 79.0 916.0 5.0 916.0 76.0 58.0 76.0 
2 4 1.32 1.32 79.0 29.0 79.0 916.0 5.0 916.0 76.0 58.0 76.0 578.0 111.0 578.0 
2 5 1.66 1.66 79.0 29.0 79.0 916.0 5.0 916.0 76.0 58.0 76.0 578.0 111.0 578.0 297.0 100.0 297.0 
2 6 1.67 1.67 79.0 29.0 79.0 916.0 5.0 916.0 76.0 58.0 76.0 578.0 111.0 578.0 297.0 100.0 297.0 698.0 10.0 698.0 
2 7 1.88 1.88 79.0 29.0 79.0 916.0 5.0 916.0 76.0 58.0 76.0 578.0 111.0 578.0 297.0 100.0 297.0 698.0 10.0 698.0 144.0 29.0 144.0 
2 3 1.25 1.25 803.0 118.0 803.0 446.0 84.0 446.0 65.0 60.0 65.0 
2 4 1.94 1.94 803.0 118.0 803.0 446.0 84.0 446.0 65.0 60.0 65.0 70.0 48.0 70.0 
2 3 1.49 1.49 357.0 318.0 357.0 181.0 64.0 181.0 307.0 77.0 307.0 
2 4 1.53 1.53 357.0 318.0 357.0 181.0 64.0 181.0 307.0 77.0 307.0 710.0 27.0 710.0 
2 5 1.6 1.6 357.0 318.0 357.0 181.0 64.0 181.0 307.0 77.0 307.0 710.0 27.0 710.0 651.0 44.0 651.0 
2 3 0.82 0.82 431.0 202.0 431.0 985.0 323.0 985.0 727.0 18.0 727.0 
2 4 1.0 1.0 431.0 202.0 431.0 985.0 323.0 985.0 727.0 18.0 727.0 484.0 89.0 484.0 
2 5 1.37 1.37 431.0 202.0 431.0 985.0 323.0 985.0 727.0 18.0 727.0 484.0 89.0 484.0 19.0 7.0 19.0 
2 6 1.94 1.94 431.0 202.0 431.0 985.0 323.0 985.0 727.0 18.0 727.0 484.0 89.0 484.0 19.0 7.0 19.0 848.0 486.0 848.0 
2 3 0.99 0.99 14.0 7.0 14.0 814.0 103.0 814.0 783.0 286.0 783.0 
2 4 1.04 1.04 14.0 7.0 14.0 814.0 103.0 814.0 783.0 286.0 783.0 620.0 33.0 620.0 
2 5 1.21 1.21 14.0 7.0 14.0 814.0 103.0 814.0 783.0 286.0 783.0 620.0 33.0 620.0 399.0 69.0 399.0 
2 6 1.22 1.22 14.0 7.0 14.0 814.0 103.0 814.0 783.0 286.0 783.0 620.0 33.0 620.0 399.0 69.0 399.0 686.0 6.0 686.0 
2 7 1.63 1.63 14.0 7.0 14.0 814.0 103.0 814.0 783.0 286.0 783.0 620.0 33.0 620.0 399.0 69.0 399.0 686.0 6.0 686.0 148.0 61.0 148.0 
2 8 1.7 1.7 14.0 7.0 14.0 814.0 103.0 814.0 783.0 286.0 783.0 620.0 33.0 620.0 399.0 69.0 399.0 686.0 6.0 686.0 148.0 61.0 148.0 89.0 6.0 89.0 
2 9 1.8 1.8 14.0 7.0 14.0 814.0 103.0 814.0 783.0 286.0 783.0 620.0 33.0 620.0 399.0 69.0 399.0 686.0 6.0 686.0 148.0 61.0 148.0 89.0 6.0 89.0 29.0 3.0 29.0 
2 10 1.98 1.98 14.0 7.0 14.0 814.0 103.0 814.0 783.0 286.0 783.0 620.0 33.0 620.0 399.0 69.0 399.0 686.0 6.0 686.0 148.0 61.0 148.0 89.0 6.0 89.0 29.0 3.0 29.0 882.0 158.0 882.0 
2 3 1.18 1.18 59.0 23.0 59.0 804.0 69.0 804.0 589.0 418.0 589.0 
2 4 1.62 1.62 59.0 23.0 59.0 804.0 69.0 804.0 589.0 418.0 589.0 661.0 288.0 661.0 
2 5 1.75 1.75 59.0 23.0 59.0 804.0 69.0 804.0 589.0 418.0 589.0 661.0 288.0 661.0 853.0 117.0 853.0 
2 3 0.37 0.37 706.0 169.0 706.0 865.0 10.0 865.0 217.0 27.0 217.0 
2 4 0.68 0.68 706.0 169.0 706.0 865.0 10.0 865.0 217.0 27.0 217.0 711.0 218.0 711.0 
2 5 1.34 1.34 706.0 169.0 706.0 865.0 10.0 865.0 217.0 27.0 217.0 711.0 218.0 711.0 399.0 265.0 399.0 
2 6 1.66 1.66 706.0 169.0 706.0 865.0 10.0 865.0 217.0 27.0 217.0 711.0 218.0 711.0 399.0 265.0 399.0 945.0 304.0 945.0 
2 7 1.88 1.88 706.0 169.0 706.0 865.0 10.0 865.0 217.0 27.0 217.0 711.0 218.0 711.0 399.0 265.0 399.0 945.0 304.0 945.0 249.0 54.0 249.0 
2 3 1.07 1.07 621.0 243.0 621.0 58.0 7.0 58.0 967.0 546.0 967.0 
2 4 1.08 1.08 621.0 243.0 621.0 58.0 7.0 58.0 967.0 546.0 967.0 175.0 1.0 175.0 
2 5 1.97 1.97 621.0 243.0 621.0 58.0 7.0 58.0 967.0 546.0 967.0 175.0 1.0 175.0 248.0 222.0 248.0 
2 3 1.16 1.16 859.0 46.0 859.0 966.0 745.0 966.0 547.0 185.0 547.0 
2 4 1.29 1.29 859.0 46.0 859.0 966.0 745.0 966.0 547.0 185.0 547.0 984.0 129.0 984.0 
2 3 0.42 0.42 432.0 56.0 432.0 989.0 167.0 989.0 625.0 81.0 625.0 
2 4 0.7 0.7 432.0 56.0 432.0 989.0 167.0 989.0 625.0 81.0 625.0 688.0 191.0 688.0 
2 5 1.45 1.45 432.0 56.0 432.0 989.0 167.0 989.0 625.0 81.0 625.0 688.0 191.0 688.0 188.0 140.0 188.0 
2 6 1.57 1.57 432.0 56.0 432.0 989.0 167.0 989.0 625.0 81.0 625.0 688.0 191.0 688.0 188.0 140.0 188.0 468.0 58.0 468.0 
2 7 1.57 1.57 432.0 56.0 432.0 989.0 167.0 989.0 625.0 81.0 625.0 688.0 191.0 688.0 188.0 140.0 188.0 468.0 58.0 468.0 731.0 1.0 731.0 
2 8 1.82 1.82 432.0 56.0 432.0 989.0 167.0 989.0 625.0 81.0 625.0 688.0 191.0 688.0 188.0 140.0 188.0 468.0 58.0 468.0 731.0 1.0 731.0 189.0 48.0 189.0 
2 3 0.51 0.51 685.0 294.0 685.0 200.0 10.0 200.0 430.0 17.0 430.0 
2 4 1.29 1.29 685.0 294.0 685.0 200.0 10.0 200.0 430.0 17.0 430.0 861.0 671.0 861.0 
2 3 1.4 1.4 84.0 33.0 84.0 39.0 21.0 39.0 17.0 8.0 17.0 
2 4 1.67 1.67 84.0 33.0 84.0 39.0 21.0 39.0 17.0 8.0 17.0 378.0 105.0 378.0 
2 5 1.78 1.78 84.0 33.0 84.0 39.0 21.0 39.0 17.0 8.0 17.0 378.0 105.0 378.0 575.0 60.0 575.0 
2 6 1.81 1.81 84.0 33.0 84.0 39.0 21.0 39.0 17.0 8.0 17.0 378.0 105.0 378.0 575.0 60.0 575.0 224.0 6.0 224.0 
2 3 1.44 1.44 484.0 55.0 484.0 469.0 411.0 469.0 591.0 268.0 591.0 
2 4 1.59 1.59 484.0 55.0 484.0 469.0 411.0 469.0 591.0 268.0 591.0 158.0 24.0 158.0 
2 5 1.91 1.91 484.0 55.0 484.0 469.0 411.0 469.0 591.0 268.0 591.0 158.0 24.0 158.0 428.0 135.0 428.0 
2 3 1.68 1.68 139.0 13.0 139.0 121.0 106.0 121.0 352.0 252.0 352.0 
2 4 1.7 1.7 139.0 13.0 139.0 121.0 106.0 121.0 352.0 252.0 352.0 509.0 9.0 509.0 
2 5 1.94 1.94 139.0 13.0 139.0 121.0 106.0 121.0 352.0 252.0 352.0 509.0 9.0 509.0 876.0 213.0 876.0 
2 6 1.96 1.96 139.0 13.0 139.0 121.0 106.0 121.0 352.0 252.0 352.0 509.0 9.0 509.0 876.0 213.0 876.0 712.0 11.0 712.0 
2 3 0.35 0.35 566.0 96.0 566.0 503.0 9.0 503.0 994.0 171.0 994.0 
2 4 1.22 1.22 566.0 96.0 566.0 503.0 9.0 503.0 994.0 171.0 994.0 801.0 690.0 801.0 
2 5 1.9 1.9 566.0 96.0 566.0 503.0 9.0 503.0 994.0 171.0 994.0 801.0 690.0 801.0 100.0 68.0 100.0 
2 3 0.38 0.38 804.0 36.0 804.0 371.0 27.0 371.0 354.0 94.0 354.0 
2 4 0.51 0.51 804.0 36.0 804.0 371.0 27.0 371.0 354.0 94.0 354.0 272.0 35.0 272.0 
2 5 0.52 0.52 804.0 36.0 804.0 371.0 27.0 371.0 354.0 94.0 354.0 272.0 35.0 272.0 450.0 4.0 450.0 
2 6 0.59 0.59 804.0 36.0 804.0 371.0 27.0 371.0 354.0 94.0 354.0 272.0 35.0 272.0 450.0 4.0 450.0 978.0 72.0 978.0 
2 7 1.48 1.48 804.0 36.0 804.0 371.0 27.0 371.0 354.0 94.0 354.0 272.0 35.0 272.0 450.0 4.0 450.0 978.0 72.0 978.0 915.0 813.0 915.0 
2 8 1.61 1.61 804.0 36.0 804.0 371.0 27.0 371.0 354.0 94.0 354.0 272.0 35.0 272.0 450.0 4.0 450.0 978.0 72.0 978.0 915.0 813.0 915.0 495.0 65.0 495.0 
2 3 1.26 1.26 548.0 184.0 548.0 930.0 186.0 930.0 99.0 72.0 99.0 
2 4 1.5 1.5 548.0 184.0 548.0 930.0 186.0 930.0 99.0 72.0 99.0 401.0 97.0 401.0 
2 5 1.73 1.73 548.0 184.0 548.0 930.0 186.0 930.0 99.0 72.0 99.0 401.0 97.0 401.0 881.0 206.0 881.0 
2 3 1.49 1.49 436.0 279.0 436.0 48.0 39.0 48.0 156.0 7.0 156.0 
2 4 1.5 1.5 436.0 279.0 436.0 48.0 39.0 48.0 156.0 7.0 156.0 763.0 6.0 763.0 
2 5 1.81 1.81 436.0 279.0 436.0 48.0 39.0 48.0 156.0 7.0 156.0 763.0 6.0 763.0 157.0 48.0 157.0 
2 3 0.79 0.79 815.0 293.0 815.0 861.0 141.0 861.0 655.0 181.0 655.0 
2 4 1.59 1.59 815.0 293.0 815.0 861.0 141.0 861.0 655.0 181.0 655.0 445.0 352.0 445.0 
2 3 0.98 0.98 343.0 173.0 343.0 362.0 156.0 362.0 434.0 20.0 434.0 
2 4 1.48 1.48 343.0 173.0 343.0 362.0 156.0 362.0 434.0 20.0 434.0 617.0 312.0 617.0 
2 5 1.78 1.78 343.0 173.0 343.0 362.0 156.0 362.0 434.0 20.0 434.0 617.0 312.0 617.0 583.0 176.0 583.0 
2 3 0.91 0.91 492.0 27.0 492.0 636.0 391.0 636.0 394.0 96.0 394.0 
2 4 1.7 1.7 492.0 27.0 492.0 636.0 391.0 636.0 394.0 96.0 394.0 625.0 493.0 625.0 
2 5 1.85 1.85 492.0 27.0 492.0 636.0 391.0 636.0 394.0 96.0 394.0 625.0 493.0 625.0 700.0 104.0 700.0 
2 3 1.48 1.48 714.0 91.0 714.0 122.0 59.0 122.0 623.0 547.0 623.0 
2 4 1.79 1.79 714.0 91.0 714.0 122.0 59.0 122.0 623.0 547.0 623.0 142.0 44.0 142.0 
2 5 1.82 1.82 714.0 91.0 714.0 122.0 59.0 122.0 623.0 547.0 623.0 142.0 44.0 142.0 175.0 4.0 175.0 
2 6 1.83 1.83 714.0 91.0 714.0 122.0 59.0 122.0 623.0 547.0 623.0 142.0 44.0 142.0 175.0 4.0 175.0 233.0 3.0 233.0 
2 3 0.8 0.8 995.0 64.0 995.0 161.0 110.0 161.0 65.0 4.0 65.0 
2 4 1.16 1.16 995.0 64.0 995.0 161.0 110.0 161.0 65.0 4.0 65.0 311.0 110.0 311.0 
2 5 1.35 1.35 995.0 64.0 995.0 161.0 110.0 161.0 65.0 4.0 65.0 311.0 110.0 311.0 630.0 120.0 630.0 
2 6 1.49 1.49 995.0 64.0 995.0 161.0 110.0 161.0 65.0 4.0 65.0 311.0 110.0 311.0 630.0 120.0 630.0 76.0 11.0 76.0 
2 7 1.92 1.92 995.0 64.0 995.0 161.0 110.0 161.0 65.0 4.0 65.0 311.0 110.0 311.0 630.0 120.0 630.0 76.0 11.0 76.0 312.0 134.0 312.0 
2 3 0.93 0.93 795.0 38.0 795.0 68.0 4.0 68.0 626.0 520.0 626.0 
2 4 1.05 1.05 795.0 38.0 795.0 68.0 4.0 68.0 626.0 520.0 626.0 712.0 86.0 712.0 
2 5 1.19 1.19 795.0 38.0 795.0 68.0 4.0 68.0 626.0 520.0 626.0 712.0 86.0 712.0 540.0 74.0 540.0 
2 6 1.82 1.82 795.0 38.0 795.0 68.0 4.0 68.0 626.0 520.0 626.0 712.0 86.0 712.0 540.0 74.0 540.0 254.0 159.0 254.0 
2 3 1.72 1.72 90.0 78.0 90.0 82.0 54.0 82.0 869.0 176.0 869.0 
2 4 1.84 1.84 90.0 78.0 90.0 82.0 54.0 82.0 869.0 176.0 869.0 554.0 63.0 554.0 
2 5 1.88 1.88 90.0 78.0 90.0 82.0 54.0 82.0 869.0 176.0 869.0 554.0 63.0 554.0 730.0 29.0 730.0 
2 3 1.03 1.03 407.0 74.0 407.0 156.0 21.0 156.0 321.0 230.0 321.0 
2 4 1.37 1.37 407.0 74.0 407.0 156.0 21.0 156.0 321.0 230.0 321.0 479.0 165.0 479.0 
2 5 1.76 1.76 407.0 74.0 407.0 156.0 21.0 156.0 321.0 230.0 321.0 479.0 165.0 479.0 532.0 205.0 532.0 
2 3 1.32 1.32 117.0 66.0 117.0 127.0 90.0 127.0 643.0 32.0 643.0 
2 4 1.68 1.68 117.0 66.0 117.0 127.0 90.0 127.0 643.0 32.0 643.0 135.0 49.0 135.0 
2 3 0.83 0.83 319.0 32.0 319.0 236.0 138.0 236.0 955.0 145.0 955.0 
2 4 1.54 1.54 319.0 32.0 319.0 236.0 138.0 236.0 955.0 145.0 955.0 721.0 508.0 721.0 
2 5 1.82 1.82 319.0 32.0 319.0 236.0 138.0 236.0 955.0 145.0 955.0 721.0 508.0 721.0 919.0 262.0 919.0 
2 3 1.64 1.64 209.0 68.0 209.0 330.0 312.0 330.0 734.0 277.0 734.0 
2 4 1.76 1.76 209.0 68.0 209.0 330.0 312.0 330.0 734.0 277.0 734.0 860.0 101.0 860.0 
2 5 1.87 1.87 209.0 68.0 209.0 330.0 312.0 330.0 734.0 277.0 734.0 860.0 101.0 860.0 895.0 95.0 895.0 
2 3 0.65 0.65 345.0 1.0 345.0 555.0 148.0 555.0 18.0 7.0 18.0 
2 4 0.96 0.96 345.0 1.0 345.0 555.0 148.0 555.0 18.0 7.0 18.0 268.0 83.0 268.0 
2 5 1.26 1.26 345.0 1.0 345.0 555.0 148.0 555.0 18.0 7.0 18.0 268.0 83.0 268.0 897.0 267.0 897.0 
2 6 1.82 1.82 345.0 1.0 345.0 555.0 148.0 555.0 18.0 7.0 18.0 268.0 83.0 268.0 897.0 267.0 897.0 25.0 14.0 25.0 
2 7 1.83 1.83 345.0 1.0 345.0 555.0 148.0 555.0 18.0 7.0 18.0 268.0 83.0 268.0 897.0 267.0 897.0 25.0 14.0 25.0 148.0 1.0 148.0 
2 3 0.93 0.93 257.0 28.0 257.0 8.0 5.0 8.0 187.0 38.0 187.0 
2 4 1.02 1.02 257.0 28.0 257.0 8.0 5.0 8.0 187.0 38.0 187.0 273.0 25.0 273.0 
2 5 1.5 1.5 257.0 28.0 257.0 8.0 5.0 8.0 187.0 38.0 187.0 273.0 25.0 273.0 740.0 349.0 740.0 
2 6 1.58 1.58 257.0 28.0 257.0 8.0 5.0 8.0 187.0 38.0 187.0 273.0 25.0 273.0 740.0 349.0 740.0 405.0 36.0 405.0 
2 7 1.95 1.95 257.0 28.0 257.0 8.0 5.0 8.0 187.0 38.0 187.0 273.0 25.0 273.0 740.0 349.0 740.0 405.0 36.0 405.0 441.0 160.0 441.0 
2 3 0.74 0.74 197.0 107.0 197.0 533.0 75.0 533.0 183.0 12.0 183.0 
2 4 1.29 1.29 197.0 107.0 197.0 533.0 75.0 533.0 183.0 12.0 183.0 735.0 404.0 735.0 
2 5 1.49 1.49 197.0 107.0 197.0 533.0 75.0 533.0 183.0 12.0 183.0 735.0 404.0 735.0 41.0 8.0 41.0 
2 6 1.53 1.53 197.0 107.0 197.0 533.0 75.0 533.0 183.0 12.0 183.0 735.0 404.0 735.0 41.0 8.0 41.0 323.0 13.0 323.0 
2 7 1.82 1.82 197.0 107.0 197.0 533.0 75.0 533.0 183.0 12.0 183.0 735.0 404.0 735.0 41.0 8.0 41.0 323.0 13.0 323.0 213.0 61.0 213.0 
2 8 1.94 1.94 197.0 107.0 197.0 533.0 75.0 533.0 183.0 12.0 183.0 735.0 404.0 735.0 41.0 8.0 41.0 323.0 13.0 323.0 213.0 61.0 213.0 386.0 48.0 386.0 
2 3 1.26 1.26 597.0 462.0 597.0 542.0 100.0 542.0 256.0 79.0 256.0 
2 4 1.34 1.34 597.0 462.0 597.0 542.0 100.0 542.0 256.0 79.0 256.0 575.0 46.0 575.0 
2 5 1.5 1.5 597.0 462.0 597.0 542.0 100.0 542.0 256.0 79.0 256.0 575.0 46.0 575.0 58.0 9.0 58.0 
2 6 1.72 1.72 597.0 462.0 597.0 542.0 100.0 542.0 256.0 79.0 256.0 575.0 46.0 575.0 58.0 9.0 58.0 9.0 2.0 9.0 
2 3 0.92 0.92 354.0 67.0 354.0 203.0 52.0 203.0 333.0 160.0 333.0 
2 4 0.93 0.93 354.0 67.0 354.0 203.0 52.0 203.0 333.0 160.0 333.0 287.0 4.0 287.0 
2 5 0.95 0.95 354.0 67.0 354.0 203.0 52.0 203.0 333.0 160.0 333.0 287.0 4.0 287.0 794.0 16.0 794.0 
2 6 1.16 1.16 354.0 67.0 354.0 203.0 52.0 203.0 333.0 160.0 333.0 287.0 4.0 287.0 794.0 16.0 794.0 373.0 75.0 373.0 
2 7 1.43 1.43 354.0 67.0 354.0 203.0 52.0 203.0 333.0 160.0 333.0 287.0 4.0 287.0 794.0 16.0 794.0 373.0 75.0 373.0 204.0 55.0 204.0 
2 8 1.87 1.87 354.0 67.0 354.0 203.0 52.0 203.0 333.0 160.0 333.0 287.0 4.0 287.0 794.0 16.0 794.0 373.0 75.0 373.0 204.0 55.0 204.0 477.0 214.0 477.0 
2 3 1.31 1.31 894.0 732.0 894.0 4.0 1.0 4.0 136.0 33.0 136.0 
2 3 0.53 0.53 136.0 37.0 136.0 491.0 22.0 491.0 167.0 36.0 167.0 
2 4 0.68 0.68 136.0 37.0 136.0 491.0 22.0 491.0 167.0 36.0 167.0 723.0 107.0 723.0 
2 5 0.92 0.92 136.0 37.0 136.0 491.0 22.0 491.0 167.0 36.0 167.0 723.0 107.0 723.0 637.0 157.0 637.0 
2 6 1.3 1.3 136.0 37.0 136.0 491.0 22.0 491.0 167.0 36.0 167.0 723.0 107.0 723.0 637.0 157.0 637.0 296.0 111.0 296.0 
2 7 1.42 1.42 136.0 37.0 136.0 491.0 22.0 491.0 167.0 36.0 167.0 723.0 107.0 723.0 637.0 157.0 637.0 296.0 111.0 296.0 765.0 97.0 765.0 
2 8 1.95 1.95 136.0 37.0 136.0 491.0 22.0 491.0 167.0 36.0 167.0 723.0 107.0 723.0 637.0 157.0 637.0 296.0 111.0 296.0 765.0 97.0 765.0 187.0 98.0 187.0 
2 3 1.25 1.25 19.0 2.0 19.0 731.0 189.0 731.0 9.0 8.0 9.0 
2 4 1.38 1.38 19.0 2.0 19.0 731.0 189.0 731.0 9.0 8.0 9.0 93.0 12.0 93.0 
2 5 1.96 1.96 19.0 2.0 19.0 731.0 189.0 731.0 9.0 8.0 9.0 93.0 12.0 93.0 94.0 55.0 94.0 
2 3 1.15 1.15 560.0 5.0 560.0 647.0 523.0 647.0 569.0 191.0 569.0 
2 4 1.17 1.17 560.0 5.0 560.0 647.0 523.0 647.0 569.0 191.0 569.0 903.0 24.0 903.0 
2 3 0.6 0.6 628.0 255.0 628.0 799.0 152.0 799.0 367.0 5.0 367.0 
2 4 1.04 1.04 628.0 255.0 628.0 799.0 152.0 799.0 367.0 5.0 367.0 329.0 144.0 329.0 
2 5 1.69 1.69 628.0 255.0 628.0 799.0 152.0 799.0 367.0 5.0 367.0 329.0 144.0 329.0 376.0 245.0 376.0 
2 6 1.86 1.86 628.0 255.0 628.0 799.0 152.0 799.0 367.0 5.0 367.0 329.0 144.0 329.0 376.0 245.0 376.0 459.0 74.0 459.0 
2 3 1.6 1.6 38.0 19.0 38.0 331.0 79.0 331.0 707.0 610.0 707.0 
2 3 1.71 1.71 179.0 41.0 179.0 116.0 98.0 116.0 613.0 394.0 613.0 
2 3 0.82 0.82 5.0 1.0 5.0 515.0 209.0 515.0 67.0 15.0 67.0 
2 4 1.02 1.02 5.0 1.0 5.0 515.0 209.0 515.0 67.0 15.0 67.0 642.0 128.0 642.0 
2 5 1.11 1.11 5.0 1.0 5.0 515.0 209.0 515.0 67.0 15.0 67.0 642.0 128.0 642.0 151.0 13.0 151.0 
2 6 1.61 1.61 5.0 1.0 5.0 515.0 209.0 515.0 67.0 15.0 67.0 642.0 128.0 642.0 151.0 13.0 151.0 765.0 380.0 765.0 
2 3 0.47 0.47 109.0 1.0 109.0 532.0 146.0 532.0 902.0 177.0 902.0 
2 4 1.25 1.25 109.0 1.0 109.0 532.0 146.0 532.0 902.0 177.0 902.0 801.0 622.0 801.0 
2 5 1.56 1.56 109.0 1.0 109.0 532.0 146.0 532.0 902.0 177.0 902.0 801.0 622.0 801.0 358.0 109.0 358.0 
2 6 1.93 1.93 109.0 1.0 109.0 532.0 146.0 532.0 902.0 177.0 902.0 801.0 622.0 801.0 358.0 109.0 358.0 759.0 283.0 759.0 
2 7 1.95 1.95 109.0 1.0 109.0 532.0 146.0 532.0 902.0 177.0 902.0 801.0 622.0 801.0 358.0 109.0 358.0 759.0 283.0 759.0 270.0 5.0 270.0 
2 8 1.97 1.97 109.0 1.0 109.0 532.0 146.0 532.0 902.0 177.0 902.0 801.0 622.0 801.0 358.0 109.0 358.0 759.0 283.0 759.0 270.0 5.0 270.0 176.0 4.0 176.0 
2 3 0.68 0.68 986.0 81.0 986.0 663.0 332.0 663.0 113.0 11.0 113.0 
2 4 0.81 0.81 986.0 81.0 986.0 663.0 332.0 663.0 113.0 11.0 113.0 817.0 108.0 817.0 
2 5 0.96 0.96 986.0 81.0 986.0 663.0 332.0 663.0 113.0 11.0 113.0 817.0 108.0 817.0 888.0 135.0 888.0 
2 6 1.02 1.02 986.0 81.0 986.0 663.0 332.0 663.0 113.0 11.0 113.0 817.0 108.0 817.0 888.0 135.0 888.0 238.0 14.0 238.0 
2 7 1.22 1.22 986.0 81.0 986.0 663.0 332.0 663.0 113.0 11.0 113.0 817.0 108.0 817.0 888.0 135.0 888.0 238.0 14.0 238.0 973.0 194.0 973.0 
2 8 1.26 1.26 986.0 81.0 986.0 663.0 332.0 663.0 113.0 11.0 113.0 817.0 108.0 817.0 888.0 135.0 888.0 238.0 14.0 238.0 973.0 194.0 973.0 498.0 21.0 498.0 
2 9 1.73 1.73 986.0 81.0 986.0 663.0 332.0 663.0 113.0 11.0 113.0 817.0 108.0 817.0 888.0 135.0 888.0 238.0 14.0 238.0 973.0 194.0 973.0 498.0 21.0 498.0 496.0 235.0 496.0 
2 3 1.37 1.37 105.0 57.0 105.0 404.0 66.0 404.0 370.0 248.0 370.0 
2 4 1.42 1.42 105.0 57.0 105.0 404.0 66.0 404.0 370.0 248.0 370.0 657.0 34.0 657.0 
2 3 0.39 0.39 649.0 31.0 649.0 822.0 226.0 822.0 27.0 2.0 27.0 
2 4 0.46 0.46 649.0 31.0 649.0 822.0 226.0 822.0 27.0 2.0 27.0 393.0 26.0 393.0 
2 5 0.99 0.99 649.0 31.0 649.0 822.0 226.0 822.0 27.0 2.0 27.0 393.0 26.0 393.0 107.0 57.0 107.0 
2 6 1.39 1.39 649.0 31.0 649.0 822.0 226.0 822.0 27.0 2.0 27.0 393.0 26.0 393.0 107.0 57.0 107.0 706.0 283.0 706.0 
2 7 1.68 1.68 649.0 31.0 649.0 822.0 226.0 822.0 27.0 2.0 27.0 393.0 26.0 393.0 107.0 57.0 107.0 706.0 283.0 706.0 959.0 275.0 959.0 
2 8 1.83 1.83 649.0 31.0 649.0 822.0 226.0 822.0 27.0 2.0 27.0 393.0 26.0 393.0 107.0 57.0 107.0 706.0 283.0 706.0 959.0 275.0 959.0 216.0 32.0 216.0 
2 9 1.98 1.98 649.0 31.0 649.0 822.0 226.0 822.0 27.0 2.0 27.0 393.0 26.0 393.0 107.0 57.0 107.0 706.0 283.0 706.0 959.0 275.0 959.0 216.0 32.0 216.0 844.0 133.0 844.0 
2 3 1.54 1.54 186.0 141.0 186.0 891.0 192.0 891.0 581.0 330.0 581.0 
2 4 1.9 1.9 186.0 141.0 186.0 891.0 192.0 891.0 581.0 330.0 581.0 641.0 236.0 641.0 
2 3 0.61 0.61 815.0 65.0 815.0 716.0 179.0 716.0 431.0 121.0 431.0 
2 4 0.62 0.62 815.0 65.0 815.0 716.0 179.0 716.0 431.0 121.0 431.0 144.0 2.0 144.0 
2 5 0.67 0.67 815.0 65.0 815.0 716.0 179.0 716.0 431.0 121.0 431.0 144.0 2.0 144.0 523.0 24.0 523.0 
2 6 0.92 0.92 815.0 65.0 815.0 716.0 179.0 716.0 431.0 121.0 431.0 144.0 2.0 144.0 523.0 24.0 523.0 983.0 253.0 983.0 
2 7 1.07 1.07 815.0 65.0 815.0 716.0 179.0 716.0 431.0 121.0 431.0 144.0 2.0 144.0 523.0 24.0 523.0 983.0 253.0 983.0 160.0 23.0 160.0 
2 3 0.34 0.34 832.0 151.0 832.0 327.0 38.0 327.0 181.0 8.0 181.0 
2 4 0.38 0.38 832.0 151.0 832.0 327.0 38.0 327.0 181.0 8.0 181.0 306.0 14.0 306.0 
2 5 0.42 0.42 832.0 151.0 832.0 327.0 38.0 327.0 181.0 8.0 181.0 306.0 14.0 306.0 116.0 4.0 116.0 
2 6 0.42 0.42 832.0 151.0 832.0 327.0 38.0 327.0 181.0 8.0 181.0 306.0 14.0 306.0 116.0 4.0 116.0 290.0 2.0 290.0 
2 7 0.5 0.5 832.0 151.0 832.0 327.0 38.0 327.0 181.0 8.0 181.0 306.0 14.0 306.0 116.0 4.0 116.0 290.0 2.0 290.0 515.0 38.0 515.0 
2 8 0.91 0.91 832.0 151.0 832.0 327.0 38.0 327.0 181.0 8.0 181.0 306.0 14.0 306.0 116.0 4.0 116.0 290.0 2.0 290.0 515.0 38.0 515.0 663.0 275.0 663.0 
2 9 1.4 1.4 832.0 151.0 832.0 327.0 38.0 327.0 181.0 8.0 181.0 306.0 14.0 306.0 116.0 4.0 116.0 290.0 2.0 290.0 515.0 38.0 515.0 663.0 275.0 663.0 88.0 43.0 88.0 
2 10 1.42 1.42 832.0 151.0 832.0 327.0 38.0 327.0 181.0 8.0 181.0 306.0 14.0 306.0 116.0 4.0 116.0 290.0 2.0 290.0 515.0 38.0 515.0 663.0 275.0 663.0 88.0 43.0 88.0 913.0 14.0 913.0 
2 11 1.48 1.48 832.0 151.0 832.0 327.0 38.0 327.0 181.0 8.0 181.0 306.0 14.0 306.0 116.0 4.0 116.0 290.0 2.0 290.0 515.0 38.0 515.0 663.0 275.0 663.0 88.0 43.0 88.0 913.0 14.0 913.0 477.0 28.0 477.0 
2 12 1.6 1.6 832.0 151.0 832.0 327.0 38.0 327.0 181.0 8.0 181.0 306.0 14.0 306.0 116.0 4.0 116.0 290.0 2.0 290.0 515.0 38.0 515.0 663.0 275.0 663.0 88.0 43.0 88.0 913.0 14.0 913.0 477.0 28.0 477.0 868.0 109.0 868.0 
2 13 1.62 1.62 832.0 151.0 832.0 327.0 38.0 327.0 181.0 8.0 181.0 306.0 14.0 306.0 116.0 4.0 116.0 290.0 2.0 290.0 515.0 38.0 515.0 663.0 275.0 663.0 88.0 43.0 88.0 913.0 14.0 913.0 477.0 28.0 477.0 868.0 109.0 868.0 499.0 10.0 499.0 
2 14 1.87 1.87 832.0 151.0 832.0 327.0 38.0 327.0 181.0 8.0 181.0 306.0 14.0 306.0 116.0 4.0 116.0 290.0 2.0 290.0 515.0 38.0 515.0 663.0 275.0 663.0 88.0 43.0 88.0 913.0 14.0 913.0 477.0 28.0 477.0 868.0 109.0 868.0 499.0 10.0 499.0 566.0 140.0 566.0 
2 3 1.72 1.72 59.0 17.0 59.0 205.0 198.0 205.0 197.0 93.0 197.0 
2 3 1.52 1.52 371.0 194.0 371.0 937.0 18.0 937.0 443.0 435.0 443.0 
2 4 1.64 1.64 371.0 194.0 371.0 937.0 18.0 937.0 443.0 435.0 443.0 515.0 60.0 515.0 
2 5 1.68 1.68 371.0 194.0 371.0 937.0 18.0 937.0 443.0 435.0 443.0 515.0 60.0 515.0 628.0 28.0 628.0 
2 6 1.68 1.68 371.0 194.0 371.0 937.0 18.0 937.0 443.0 435.0 443.0 515.0 60.0 515.0 628.0 28.0 628.0 401.0 1.0 401.0 
2 3 1.82 1.82 843.0 415.0 843.0 529.0 354.0 529.0 870.0 581.0 870.0 
2 3 0.89 0.89 837.0 141.0 837.0 30.0 11.0 30.0 782.0 282.0 782.0 
2 4 0.93 0.93 837.0 141.0 837.0 30.0 11.0 30.0 782.0 282.0 782.0 686.0 27.0 686.0 
2 5 1.1 1.1 837.0 141.0 837.0 30.0 11.0 30.0 782.0 282.0 782.0 686.0 27.0 686.0 477.0 79.0 477.0 
2 6 1.38 1.38 837.0 141.0 837.0 30.0 11.0 30.0 782.0 282.0 782.0 686.0 27.0 686.0 477.0 79.0 477.0 52.0 15.0 52.0 
2 7 1.44 1.44 837.0 141.0 837.0 30.0 11.0 30.0 782.0 282.0 782.0 686.0 27.0 686.0 477.0 79.0 477.0 52.0 15.0 52.0 498.0 28.0 498.0 
2 8 1.45 1.45 837.0 141.0 837.0 30.0 11.0 30.0 782.0 282.0 782.0 686.0 27.0 686.0 477.0 79.0 477.0 52.0 15.0 52.0 498.0 28.0 498.0 638.0 7.0 638.0 
2 9 1.62 1.62 837.0 141.0 837.0 30.0 11.0 30.0 782.0 282.0 782.0 686.0 27.0 686.0 477.0 79.0 477.0 52.0 15.0 52.0 498.0 28.0 498.0 638.0 7.0 638.0 89.0 15.0 89.0 
2 10 1.88 1.88 837.0 141.0 837.0 30.0 11.0 30.0 782.0 282.0 782.0 686.0 27.0 686.0 477.0 79.0 477.0 52.0 15.0 52.0 498.0 28.0 498.0 638.0 7.0 638.0 89.0 15.0 89.0 98.0 25.0 98.0 
2 3 0.62 0.62 526.0 257.0 526.0 644.0 28.0 644.0 712.0 69.0 712.0 
2 4 0.68 0.68 526.0 257.0 526.0 644.0 28.0 644.0 712.0 69.0 712.0 188.0 11.0 188.0 
2 5 0.7 0.7 526.0 257.0 526.0 644.0 28.0 644.0 712.0 69.0 712.0 188.0 11.0 188.0 854.0 12.0 854.0 
2 6 0.86 0.86 526.0 257.0 526.0 644.0 28.0 644.0 712.0 69.0 712.0 188.0 11.0 188.0 854.0 12.0 854.0 464.0 75.0 464.0 
2 7 0.93 0.93 526.0 257.0 526.0 644.0 28.0 644.0 712.0 69.0 712.0 188.0 11.0 188.0 854.0 12.0 854.0 464.0 75.0 464.0 832.0 61.0 832.0 
2 8 0.96 0.96 526.0 257.0 526.0 644.0 28.0 644.0 712.0 69.0 712.0 188.0 11.0 188.0 854.0 12.0 854.0 464.0 75.0 464.0 832.0 61.0 832.0 866.0 29.0 866.0 
2 9 1.66 1.66 526.0 257.0 526.0 644.0 28.0 644.0 712.0 69.0 712.0 188.0 11.0 188.0 854.0 12.0 854.0 464.0 75.0 464.0 832.0 61.0 832.0 866.0 29.0 866.0 283.0 198.0 283.0 
2 3 0.97 0.97 819.0 92.0 819.0 739.0 296.0 739.0 745.0 342.0 745.0 
2 4 1.32 1.32 819.0 92.0 819.0 739.0 296.0 739.0 745.0 342.0 745.0 51.0 18.0 51.0 
2 5 1.4 1.4 819.0 92.0 819.0 739.0 296.0 739.0 745.0 342.0 745.0 51.0 18.0 51.0 804.0 63.0 804.0 
2 6 1.56 1.56 819.0 92.0 819.0 739.0 296.0 739.0 745.0 342.0 745.0 51.0 18.0 51.0 804.0 63.0 804.0 500.0 81.0 500.0 
2 7 1.83 1.83 819.0 92.0 819.0 739.0 296.0 739.0 745.0 342.0 745.0 51.0 18.0 51.0 804.0 63.0 804.0 500.0 81.0 500.0 611.0 165.0 611.0 
2 3 0.47 0.47 276.0 36.0 276.0 447.0 61.0 447.0 132.0 28.0 132.0 
2 4 0.92 0.92 276.0 36.0 276.0 447.0 61.0 447.0 132.0 28.0 132.0 130.0 58.0 130.0 
2 5 1.01 1.01 276.0 36.0 276.0 447.0 61.0 447.0 132.0 28.0 132.0 130.0 58.0 130.0 282.0 26.0 282.0 
2 6 1.21 1.21 276.0 36.0 276.0 447.0 61.0 447.0 132.0 28.0 132.0 130.0 58.0 130.0 282.0 26.0 282.0 655.0 130.0 655.0 
2 7 1.22 1.22 276.0 36.0 276.0 447.0 61.0 447.0 132.0 28.0 132.0 130.0 58.0 130.0 282.0 26.0 282.0 655.0 130.0 655.0 329.0 2.0 329.0 
2 8 1.7 1.7 276.0 36.0 276.0 447.0 61.0 447.0 132.0 28.0 132.0 130.0 58.0 130.0 282.0 26.0 282.0 655.0 130.0 655.0 329.0 2.0 329.0 719.0 345.0 719.0 
2 9 1.77 1.77 276.0 36.0 276.0 447.0 61.0 447.0 132.0 28.0 132.0 130.0 58.0 130.0 282.0 26.0 282.0 655.0 130.0 655.0 329.0 2.0 329.0 719.0 345.0 719.0 963.0 74.0 963.0 
2 3 1.33 1.33 114.0 45.0 114.0 595.0 89.0 595.0 782.0 618.0 782.0 
2 4 1.43 1.43 114.0 45.0 114.0 595.0 89.0 595.0 782.0 618.0 782.0 843.0 83.0 843.0 
2 5 1.55 1.55 114.0 45.0 114.0 595.0 89.0 595.0 782.0 618.0 782.0 843.0 83.0 843.0 770.0 96.0 770.0 
2 6 1.58 1.58 114.0 45.0 114.0 595.0 89.0 595.0 782.0 618.0 782.0 843.0 83.0 843.0 770.0 96.0 770.0 202.0 5.0 202.0 
2 3 1.25 1.25 866.0 239.0 866.0 604.0 519.0 604.0 597.0 69.0 597.0 
2 4 1.68 1.68 866.0 239.0 866.0 604.0 519.0 604.0 597.0 69.0 597.0 856.0 375.0 856.0 
2 3 1.08 1.08 732.0 50.0 732.0 175.0 84.0 175.0 907.0 485.0 907.0 
2 4 1.48 1.48 732.0 50.0 732.0 175.0 84.0 175.0 907.0 485.0 907.0 325.0 131.0 325.0 
2 5 1.6 1.6 732.0 50.0 732.0 175.0 84.0 175.0 907.0 485.0 907.0 325.0 131.0 325.0 757.0 87.0 757.0 
2 3 0.4 0.4 199.0 14.0 199.0 93.0 23.0 93.0 958.0 79.0 958.0 
2 4 0.42 0.42 199.0 14.0 199.0 93.0 23.0 93.0 958.0 79.0 958.0 971.0 23.0 971.0 
2 5 1.07 1.07 199.0 14.0 199.0 93.0 23.0 93.0 958.0 79.0 958.0 971.0 23.0 971.0 921.0 600.0 921.0 
2 6 1.23 1.23 199.0 14.0 199.0 93.0 23.0 93.0 958.0 79.0 958.0 971.0 23.0 971.0 921.0 600.0 921.0 863.0 140.0 863.0 
2 7 1.7 1.7 199.0 14.0 199.0 93.0 23.0 93.0 958.0 79.0 958.0 971.0 23.0 971.0 921.0 600.0 921.0 863.0 140.0 863.0 961.0 453.0 961.0 
2 8 1.87 1.87 199.0 14.0 199.0 93.0 23.0 93.0 958.0 79.0 958.0 971.0 23.0 971.0 921.0 600.0 921.0 863.0 140.0 863.0 961.0 453.0 961.0 333.0 56.0 333.0 
2 3 0.68 0.68 576.0 69.0 576.0 467.0 139.0 467.0 531.0 141.0 531.0 
2 4 1.64 1.64 576.0 69.0 576.0 467.0 139.0 467.0 531.0 141.0 531.0 794.0 765.0 794.0 
2 3 1.21 1.21 265.0 112.0 265.0 161.0 43.0 161.0 546.0 288.0 546.0 
2 4 1.59 1.59 265.0 112.0 265.0 161.0 43.0 161.0 546.0 288.0 546.0 823.0 311.0 823.0 
2 5 1.69 1.69 265.0 112.0 265.0 161.0 43.0 161.0 546.0 288.0 546.0 823.0 311.0 823.0 922.0 96.0 922.0 
2 6 1.94 1.94 265.0 112.0 265.0 161.0 43.0 161.0 546.0 288.0 546.0 823.0 311.0 823.0 922.0 96.0 922.0 128.0 32.0 128.0 
2 3 1.1 1.1 759.0 534.0 759.0 217.0 14.0 217.0 53.0 18.0 53.0 
2 4 1.32 1.32 759.0 534.0 759.0 217.0 14.0 217.0 53.0 18.0 53.0 439.0 96.0 439.0 
2 5 1.36 1.36 759.0 534.0 759.0 217.0 14.0 217.0 53.0 18.0 53.0 439.0 96.0 439.0 929.0 35.0 929.0 
2 6 1.48 1.48 759.0 534.0 759.0 217.0 14.0 217.0 53.0 18.0 53.0 439.0 96.0 439.0 929.0 35.0 929.0 594.0 70.0 594.0 
2 7 1.52 1.52 759.0 534.0 759.0 217.0 14.0 217.0 53.0 18.0 53.0 439.0 96.0 439.0 929.0 35.0 929.0 594.0 70.0 594.0 322.0 13.0 322.0 
2 3 1.59 1.59 282.0 67.0 282.0 813.0 533.0 813.0 10.0 7.0 10.0 
2 4 1.65 1.65 282.0 67.0 282.0 813.0 533.0 813.0 10.0 7.0 10.0 491.0 31.0 491.0 
2 5 1.94 1.94 282.0 67.0 282.0 813.0 533.0 813.0 10.0 7.0 10.0 491.0 31.0 491.0 811.0 237.0 811.0 
2 3 1.07 1.07 15.0 4.0 15.0 246.0 87.0 246.0 580.0 262.0 580.0 
2 4 1.23 1.23 15.0 4.0 15.0 246.0 87.0 246.0 580.0 262.0 580.0 336.0 56.0 336.0 
2 5 1.43 1.43 15.0 4.0 15.0 246.0 87.0 246.0 580.0 262.0 580.0 336.0 56.0 336.0 972.0 192.0 972.0 
2 6 1.89 1.89 15.0 4.0 15.0 246.0 87.0 246.0 580.0 262.0 580.0 336.0 56.0 336.0 972.0 192.0 972.0 105.0 48.0 105.0 
2 3 0.49 0.49 780.0 64.0 780.0 497.0 187.0 497.0 914.0 37.0 914.0 
2 4 0.69 0.69 780.0 64.0 780.0 497.0 187.0 497.0 914.0 37.0 914.0 453.0 91.0 453.0 
2 5 0.71 0.71 780.0 64.0 780.0 497.0 187.0 497.0 914.0 37.0 914.0 453.0 91.0 453.0 473.0 8.0 473.0 
2 6 0.92 0.92 780.0 64.0 780.0 497.0 187.0 497.0 914.0 37.0 914.0 453.0 91.0 453.0 473.0 8.0 473.0 407.0 86.0 407.0 
2 7 1.28 1.28 780.0 64.0 780.0 497.0 187.0 497.0 914.0 37.0 914.0 453.0 91.0 453.0 473.0 8.0 473.0 407.0 86.0 407.0 135.0 48.0 135.0 
2 8 1.48 1.48 780.0 64.0 780.0 497.0 187.0 497.0 914.0 37.0 914.0 453.0 91.0 453.0 473.0 8.0 473.0 407.0 86.0 407.0 135.0 48.0 135.0 155.0 31.0 155.0 
2 9 1.78 1.78 780.0 64.0 780.0 497.0 187.0 497.0 914.0 37.0 914.0 453.0 91.0 453.0 473.0 8.0 473.0 407.0 86.0 407.0 135.0 48.0 135.0 155.0 31.0 155.0 937.0 286.0 937.0 
2 10 1.85 1.85 780.0 64.0 780.0 497.0 187.0 497.0 914.0 37.0 914.0 453.0 91.0 453.0 473.0 8.0 473.0 407.0 86.0 407.0 135.0 48.0 135.0 155.0 31.0 155.0 937.0 286.0 937.0 473.0 33.0 473.0 
2 3 0.74 0.74 480.0 177.0 480.0 942.0 309.0 942.0 820.0 43.0 820.0 
2 4 1.14 1.14 480.0 177.0 480.0 942.0 309.0 942.0 820.0 43.0 820.0 845.0 332.0 845.0 
2 5 1.88 1.88 480.0 177.0 480.0 942.0 309.0 942.0 820.0 43.0 820.0 845.0 332.0 845.0 123.0 91.0 123.0 
2 3 0.42 0.42 560.0 90.0 560.0 889.0 103.0 889.0 75.0 11.0 75.0 
2 4 0.76 0.76 560.0 90.0 560.0 889.0 103.0 889.0 75.0 11.0 75.0 185.0 63.0 185.0 
2 5 0.88 0.88 560.0 90.0 560.0 889.0 103.0 889.0 75.0 11.0 75.0 185.0 63.0 185.0 739.0 90.0 739.0 
2 6 1.13 1.13 560.0 90.0 560.0 889.0 103.0 889.0 75.0 11.0 75.0 185.0 63.0 185.0 739.0 90.0 739.0 776.0 190.0 776.0 
2 7 1.6 1.6 560.0 90.0 560.0 889.0 103.0 889.0 75.0 11.0 75.0 185.0 63.0 185.0 739.0 90.0 739.0 776.0 190.0 776.0 600.0 284.0 600.0 
2 3 1.28 1.28 781.0 471.0 781.0 570.0 297.0 570.0 296.0 47.0 296.0 
2 4 1.86 1.86 781.0 471.0 781.0 570.0 297.0 570.0 296.0 47.0 296.0 98.0 57.0 98.0 
2 3 0.93 0.93 555.0 390.0 555.0 222.0 15.0 222.0 780.0 126.0 780.0 
2 4 1.39 1.39 555.0 390.0 555.0 222.0 15.0 222.0 780.0 126.0 780.0 231.0 106.0 231.0 
2 5 1.41 1.41 555.0 390.0 555.0 222.0 15.0 222.0 780.0 126.0 780.0 231.0 106.0 231.0 251.0 6.0 251.0 
2 3 1.06 1.06 148.0 44.0 148.0 65.0 7.0 65.0 798.0 525.0 798.0 
2 4 1.09 1.09 148.0 44.0 148.0 65.0 7.0 65.0 798.0 525.0 798.0 324.0 9.0 324.0 
2 5 1.1 1.1 148.0 44.0 148.0 65.0 7.0 65.0 798.0 525.0 798.0 324.0 9.0 324.0 579.0 9.0 579.0 
2 6 1.23 1.23 148.0 44.0 148.0 65.0 7.0 65.0 798.0 525.0 798.0 324.0 9.0 324.0 579.0 9.0 579.0 8.0 1.0 8.0 
2 7 1.56 1.56 148.0 44.0 148.0 65.0 7.0 65.0 798.0 525.0 798.0 324.0 9.0 324.0 579.0 9.0 579.0 8.0 1.0 8.0 894.0 300.0 894.0 
2 8 1.94 1.94 148.0 44.0 148.0 65.0 7.0 65.0 798.0 525.0 798.0 324.0 9.0 324.0 579.0 9.0 579.0 8.0 1.0 8.0 894.0 300.0 894.0 938.0 351.0 938.0 
2 3 0.36 0.36 185.0 27.0 185.0 144.0 13.0 144.0 768.0 97.0 768.0 
2 4 0.57 0.57 185.0 27.0 185.0 144.0 13.0 144.0 768.0 97.0 768.0 247.0 52.0 247.0 
2 5 0.59 0.59 185.0 27.0 185.0 144.0 13.0 144.0 768.0 97.0 768.0 247.0 52.0 247.0 101.0 2.0 101.0 
2 6 0.95 0.95 185.0 27.0 185.0 144.0 13.0 144.0 768.0 97.0 768.0 247.0 52.0 247.0 101.0 2.0 101.0 572.0 207.0 572.0 
2 7 1.07 1.07 185.0 27.0 185.0 144.0 13.0 144.0 768.0 97.0 768.0 247.0 52.0 247.0 101.0 2.0 101.0 572.0 207.0 572.0 509.0 63.0 509.0 
2 8 1.28 1.28 185.0 27.0 185.0 144.0 13.0 144.0 768.0 97.0 768.0 247.0 52.0 247.0 101.0 2.0 101.0 572.0 207.0 572.0 509.0 63.0 509.0 920.0 194.0 920.0 
2 9 1.82 1.82 185.0 27.0 185.0 144.0 13.0 144.0 768.0 97.0 768.0 247.0 52.0 247.0 101.0 2.0 101.0 572.0 207.0 572.0 509.0 63.0 509.0 920.0 194.0 920.0 28.0 15.0 28.0 
2 3 0.89 0.89 744.0 298.0 744.0 171.0 8.0 171.0 147.0 66.0 147.0 
2 4 0.94 0.94 744.0 298.0 744.0 171.0 8.0 171.0 147.0 66.0 147.0 407.0 20.0 407.0 
2 5 1.07 1.07 744.0 298.0 744.0 171.0 8.0 171.0 147.0 66.0 147.0 407.0 20.0 407.0 335.0 43.0 335.0 
2 6 1.11 1.11 744.0 298.0 744.0 171.0 8.0 171.0 147.0 66.0 147.0 407.0 20.0 407.0 335.0 43.0 335.0 791.0 32.0 791.0 
2 7 1.96 1.96 744.0 298.0 744.0 171.0 8.0 171.0 147.0 66.0 147.0 407.0 20.0 407.0 335.0 43.0 335.0 791.0 32.0 791.0 361.0 308.0 361.0 
2 3 0.59 0.59 181.0 20.0 181.0 838.0 140.0 838.0 217.0 68.0 217.0 
2 4 1.2 1.2 181.0 20.0 181.0 838.0 140.0 838.0 217.0 68.0 217.0 226.0 138.0 226.0 
2 5 1.37 1.37 181.0 20.0 181.0 838.0 140.0 838.0 217.0 68.0 217.0 226.0 138.0 226.0 198.0 34.0 198.0 
2 6 1.5 1.5 181.0 20.0 181.0 838.0 140.0 838.0 217.0 68.0 217.0 226.0 138.0 226.0 198.0 34.0 198.0 162.0 21.0 162.0 
2 7 1.71 1.71 181.0 20.0 181.0 838.0 140.0 838.0 217.0 68.0 217.0 226.0 138.0 226.0 198.0 34.0 198.0 162.0 21.0 162.0 238.0 50.0 238.0 
2 8 1.72 1.72 181.0 20.0 181.0 838.0 140.0 838.0 217.0 68.0 217.0 226.0 138.0 226.0 198.0 34.0 198.0 162.0 21.0 162.0 238.0 50.0 238.0 252.0 4.0 252.0 
2 3 0.46 0.46 141.0 42.0 141.0 825.0 106.0 825.0 626.0 25.0 626.0 
2 4 0.95 0.95 141.0 42.0 141.0 825.0 106.0 825.0 626.0 25.0 626.0 384.0 189.0 384.0 
2 5 1.65 1.65 141.0 42.0 141.0 825.0 106.0 825.0 626.0 25.0 626.0 384.0 189.0 384.0 961.0 671.0 961.0 
2 6 1.71 1.71 141.0 42.0 141.0 825.0 106.0 825.0 626.0 25.0 626.0 384.0 189.0 384.0 961.0 671.0 961.0 119.0 7.0 119.0 
2 7 1.86 1.86 141.0 42.0 141.0 825.0 106.0 825.0 626.0 25.0 626.0 384.0 189.0 384.0 961.0 671.0 961.0 119.0 7.0 119.0 672.0 102.0 672.0 
2 3 0.86 0.86 862.0 138.0 862.0 440.0 52.0 440.0 158.0 93.0 158.0 
2 4 1.04 1.04 862.0 138.0 862.0 440.0 52.0 440.0 158.0 93.0 158.0 11.0 2.0 11.0 
2 5 1.13 1.13 862.0 138.0 862.0 440.0 52.0 440.0 158.0 93.0 158.0 11.0 2.0 11.0 780.0 66.0 780.0 
2 6 1.18 1.18 862.0 138.0 862.0 440.0 52.0 440.0 158.0 93.0 158.0 11.0 2.0 11.0 780.0 66.0 780.0 771.0 36.0 771.0 
2 7 1.77 1.77 862.0 138.0 862.0 440.0 52.0 440.0 158.0 93.0 158.0 11.0 2.0 11.0 780.0 66.0 780.0 771.0 36.0 771.0 281.0 166.0 281.0 
2 8 1.86 1.86 862.0 138.0 862.0 440.0 52.0 440.0 158.0 93.0 158.0 11.0 2.0 11.0 780.0 66.0 780.0 771.0 36.0 771.0 281.0 166.0 281.0 863.0 85.0 863.0 
2 3 0.22 0.22 740.0 25.0 740.0 849.0 144.0 849.0 774.0 17.0 774.0 
2 4 0.23 0.23 740.0 25.0 740.0 849.0 144.0 849.0 774.0 17.0 774.0 233.0 2.0 233.0 
2 5 0.71 0.71 740.0 25.0 740.0 849.0 144.0 849.0 774.0 17.0 774.0 233.0 2.0 233.0 818.0 395.0 818.0 
2 6 0.72 0.72 740.0 25.0 740.0 849.0 144.0 849.0 774.0 17.0 774.0 233.0 2.0 233.0 818.0 395.0 818.0 171.0 1.0 171.0 
2 7 0.94 0.94 740.0 25.0 740.0 849.0 144.0 849.0 774.0 17.0 774.0 233.0 2.0 233.0 818.0 395.0 818.0 171.0 1.0 171.0 570.0 127.0 570.0 
2 8 1.23 1.23 740.0 25.0 740.0 849.0 144.0 849.0 774.0 17.0 774.0 233.0 2.0 233.0 818.0 395.0 818.0 171.0 1.0 171.0 570.0 127.0 570.0 612.0 180.0 612.0 
2 9 1.26 1.26 740.0 25.0 740.0 849.0 144.0 849.0 774.0 17.0 774.0 233.0 2.0 233.0 818.0 395.0 818.0 171.0 1.0 171.0 570.0 127.0 570.0 612.0 180.0 612.0 360.0 10.0 360.0 
2 10 1.66 1.66 740.0 25.0 740.0 849.0 144.0 849.0 774.0 17.0 774.0 233.0 2.0 233.0 818.0 395.0 818.0 171.0 1.0 171.0 570.0 127.0 570.0 612.0 180.0 612.0 360.0 10.0 360.0 534.0 213.0 534.0 
2 3 0.61 0.61 616.0 171.0 616.0 843.0 51.0 843.0 499.0 137.0 499.0 
2 4 1.19 1.19 616.0 171.0 616.0 843.0 51.0 843.0 499.0 137.0 499.0 143.0 83.0 143.0 
2 5 1.67 1.67 616.0 171.0 616.0 843.0 51.0 843.0 499.0 137.0 499.0 143.0 83.0 143.0 519.0 251.0 519.0 
2 3 0.96 0.96 697.0 380.0 697.0 81.0 26.0 81.0 401.0 40.0 401.0 
2 4 1.14 1.14 697.0 380.0 697.0 81.0 26.0 81.0 401.0 40.0 401.0 977.0 178.0 977.0 
2 5 1.18 1.18 697.0 380.0 697.0 81.0 26.0 81.0 401.0 40.0 401.0 977.0 178.0 977.0 306.0 12.0 306.0 
2 6 1.48 1.48 697.0 380.0 697.0 81.0 26.0 81.0 401.0 40.0 401.0 977.0 178.0 977.0 306.0 12.0 306.0 588.0 174.0 588.0 
2 7 1.69 1.69 697.0 380.0 697.0 81.0 26.0 81.0 401.0 40.0 401.0 977.0 178.0 977.0 306.0 12.0 306.0 588.0 174.0 588.0 743.0 155.0 743.0 
2 8 1.88 1.88 697.0 380.0 697.0 81.0 26.0 81.0 401.0 40.0 401.0 977.0 178.0 977.0 306.0 12.0 306.0 588.0 174.0 588.0 743.0 155.0 743.0 282.0 55.0 282.0 
2 9 1.9 1.9 697.0 380.0 697.0 81.0 26.0 81.0 401.0 40.0 401.0 977.0 178.0 977.0 306.0 12.0 306.0 588.0 174.0 588.0 743.0 155.0 743.0 282.0 55.0 282.0 478.0 9.0 478.0 
2 3 1.13 1.13 570.0 64.0 570.0 38.0 2.0 38.0 186.0 180.0 186.0 
2 4 1.24 1.24 570.0 64.0 570.0 38.0 2.0 38.0 186.0 180.0 186.0 413.0 47.0 413.0 
2 5 1.29 1.29 570.0 64.0 570.0 38.0 2.0 38.0 186.0 180.0 186.0 413.0 47.0 413.0 812.0 43.0 812.0 
2 6 1.6 1.6 570.0 64.0 570.0 38.0 2.0 38.0 186.0 180.0 186.0 413.0 47.0 413.0 812.0 43.0 812.0 679.0 210.0 679.0 
2 7 1.94 1.94 570.0 64.0 570.0 38.0 2.0 38.0 186.0 180.0 186.0 413.0 47.0 413.0 812.0 43.0 812.0 679.0 210.0 679.0 798.0 269.0 798.0 
2 3 1.32 1.32 923.0 423.0 923.0 269.0 230.0 269.0 298.0 2.0 298.0 
2 4 1.36 1.36 923.0 423.0 923.0 269.0 230.0 269.0 298.0 2.0 298.0 950.0 46.0 950.0 
2 5 1.94 1.94 923.0 423.0 923.0 269.0 230.0 269.0 298.0 2.0 298.0 950.0 46.0 950.0 558.0 321.0 558.0 
2 6 1.97 1.97 923.0 423.0 923.0 269.0 230.0 269.0 298.0 2.0 298.0 950.0 46.0 950.0 558.0 321.0 558.0 662.0 20.0 662.0 
2 3 0.46 0.46 991.0 318.0 991.0 847.0 9.0 847.0 234.0 32.0 234.0 
2 4 0.55 0.55 991.0 318.0 991.0 847.0 9.0 847.0 234.0 32.0 234.0 484.0 43.0 484.0 
2 5 0.72 0.72 991.0 318.0 991.0 847.0 9.0 847.0 234.0 32.0 234.0 484.0 43.0 484.0 644.0 108.0 644.0 
2 6 1.29 1.29 991.0 318.0 991.0 847.0 9.0 847.0 234.0 32.0 234.0 484.0 43.0 484.0 644.0 108.0 644.0 674.0 387.0 674.0 
2 7 1.4 1.4 991.0 318.0 991.0 847.0 9.0 847.0 234.0 32.0 234.0 484.0 43.0 484.0 644.0 108.0 644.0 674.0 387.0 674.0 158.0 16.0 158.0 
2 8 1.55 1.55 991.0 318.0 991.0 847.0 9.0 847.0 234.0 32.0 234.0 484.0 43.0 484.0 644.0 108.0 644.0 674.0 387.0 674.0 158.0 16.0 158.0 532.0 83.0 532.0 
2 9 1.66 1.66 991.0 318.0 991.0 847.0 9.0 847.0 234.0 32.0 234.0 484.0 43.0 484.0 644.0 108.0 644.0 674.0 387.0 674.0 158.0 16.0 158.0 532.0 83.0 532.0 309.0 34.0 309.0 
2 10 1.86 1.86 991.0 318.0 991.0 847.0 9.0 847.0 234.0 32.0 234.0 484.0 43.0 484.0 644.0 108.0 644.0 674.0 387.0 674.0 158.0 16.0 158.0 532.0 83.0 532.0 309.0 34.0 309.0 665.0 131.0 665.0 
2 11 1.88 1.88 991.0 318.0 991.0 847.0 9.0 847.0 234.0 32.0 234.0 484.0 43.0 484.0 644.0 108.0 644.0 674.0 387.0 674.0 158.0 16.0 158.0 532.0 83.0 532.0 309.0 34.0 309.0 665.0 131.0 665.0 931.0 23.0 931.0 
2 3 1.27 1.27 530.0 249.0 530.0 878.0 609.0 878.0 566.0 64.0 566.0 
2 4 1.43 1.43 530.0 249.0 530.0 878.0 609.0 878.0 566.0 64.0 566.0 792.0 123.0 792.0 
2 5 1.49 1.49 530.0 249.0 530.0 878.0 609.0 878.0 566.0 64.0 566.0 792.0 123.0 792.0 265.0 18.0 265.0 
2 6 1.53 1.53 530.0 249.0 530.0 878.0 609.0 878.0 566.0 64.0 566.0 792.0 123.0 792.0 265.0 18.0 265.0 657.0 21.0 657.0 
2 3 0.41 0.41 26.0 4.0 26.0 332.0 14.0 332.0 542.0 119.0 542.0 
2 4 1.11 1.11 26.0 4.0 26.0 332.0 14.0 332.0 542.0 119.0 542.0 789.0 552.0 789.0 
2 5 1.2 1.2 26.0 4.0 26.0 332.0 14.0 332.0 542.0 119.0 542.0 789.0 552.0 789.0 939.0 80.0 939.0 
2 6 1.44 1.44 26.0 4.0 26.0 332.0 14.0 332.0 542.0 119.0 542.0 789.0 552.0 789.0 939.0 80.0 939.0 858.0 210.0 858.0 
2 7 1.45 1.45 26.0 4.0 26.0 332.0 14.0 332.0 542.0 119.0 542.0 789.0 552.0 789.0 939.0 80.0 939.0 858.0 210.0 858.0 892.0 9.0 892.0 
2 8 1.71 1.71 26.0 4.0 26.0 332.0 14.0 332.0 542.0 119.0 542.0 789.0 552.0 789.0 939.0 80.0 939.0 858.0 210.0 858.0 892.0 9.0 892.0 453.0 116.0 453.0 
2 9 1.71 1.71 26.0 4.0 26.0 332.0 14.0 332.0 542.0 119.0 542.0 789.0 552.0 789.0 939.0 80.0 939.0 858.0 210.0 858.0 892.0 9.0 892.0 453.0 116.0 453.0 737.0 3.0 737.0 
2 10 1.97 1.97 26.0 4.0 26.0 332.0 14.0 332.0 542.0 119.0 542.0 789.0 552.0 789.0 939.0 80.0 939.0 858.0 210.0 858.0 892.0 9.0 892.0 453.0 116.0 453.0 737.0 3.0 737.0 711.0 183.0 711.0 
2 3 0.59 0.59 913.0 20.0 913.0 280.0 26.0 280.0 783.0 375.0 783.0 
2 4 0.76 0.76 913.0 20.0 913.0 280.0 26.0 280.0 783.0 375.0 783.0 946.0 160.0 946.0 
2 5 0.88 0.88 913.0 20.0 913.0 280.0 26.0 280.0 783.0 375.0 783.0 946.0 160.0 946.0 928.0 113.0 928.0 
2 6 1.82 1.82 913.0 20.0 913.0 280.0 26.0 280.0 783.0 375.0 783.0 946.0 160.0 946.0 928.0 113.0 928.0 692.0 648.0 692.0 
2 7 1.99 1.99 913.0 20.0 913.0 280.0 26.0 280.0 783.0 375.0 783.0 946.0 160.0 946.0 928.0 113.0 928.0 692.0 648.0 692.0 901.0 159.0 901.0 
2 3 1.36 1.36 647.0 399.0 647.0 60.0 6.0 60.0 120.0 78.0 120.0 
2 4 1.59 1.59 647.0 399.0 647.0 60.0 6.0 60.0 120.0 78.0 120.0 377.0 87.0 377.0 
2 3 0.43 0.43 104.0 7.0 104.0 206.0 64.0 206.0 541.0 32.0 541.0 
2 4 0.9 0.9 104.0 7.0 104.0 206.0 64.0 206.0 541.0 32.0 541.0 49.0 23.0 49.0 
2 5 1.24 1.24 104.0 7.0 104.0 206.0 64.0 206.0 541.0 32.0 541.0 49.0 23.0 49.0 681.0 233.0 681.0 
2 6 1.93 1.93 104.0 7.0 104.0 206.0 64.0 206.0 541.0 32.0 541.0 49.0 23.0 49.0 681.0 233.0 681.0 315.0 217.0 315.0 
2 3 1.55 1.55 454.0 9.0 454.0 873.0 708.0 873.0 297.0 215.0 297.0 
2 3 0.87 0.87 470.0 229.0 470.0 724.0 178.0 724.0 599.0 86.0 599.0 
2 4 1.41 1.41 470.0 229.0 470.0 724.0 178.0 724.0 599.0 86.0 599.0 772.0 415.0 772.0 
2 5 1.61 1.61 470.0 229.0 470.0 724.0 178.0 724.0 599.0 86.0 599.0 772.0 415.0 772.0 5.0 1.0 5.0 
2 6 1.7 1.7 470.0 229.0 470.0 724.0 178.0 724.0 599.0 86.0 599.0 772.0 415.0 772.0 5.0 1.0 5.0 623.0 59.0 623.0 
2 3 1.42 1.42 290.0 43.0 290.0 543.0 327.0 543.0 636.0 432.0 636.0 
2 3 1.6 1.6 438.0 327.0 438.0 924.0 167.0 924.0 253.0 171.0 253.0 
2 4 1.86 1.86 438.0 327.0 438.0 924.0 167.0 924.0 253.0 171.0 253.0 351.0 93.0 351.0 
2 3 1.67 1.67 502.0 172.0 502.0 79.0 44.0 79.0 395.0 307.0 395.0 
2 3 0.11 0.11 955.0 55.0 955.0 650.0 33.0 650.0 483.0 4.0 483.0 
2 4 0.39 0.39 955.0 55.0 955.0 650.0 33.0 650.0 483.0 4.0 483.0 412.0 116.0 412.0 
2 5 0.87 0.87 955.0 55.0 955.0 650.0 33.0 650.0 483.0 4.0 483.0 412.0 116.0 412.0 123.0 59.0 123.0 
2 6 1.18 1.18 955.0 55.0 955.0 650.0 33.0 650.0 483.0 4.0 483.0 412.0 116.0 412.0 123.0 59.0 123.0 747.0 228.0 747.0 
2 7 1.91 1.91 955.0 55.0 955.0 650.0 33.0 650.0 483.0 4.0 483.0 412.0 116.0 412.0 123.0 59.0 123.0 747.0 228.0 747.0 871.0 640.0 871.0 
2 8 1.94 1.94 955.0 55.0 955.0 650.0 33.0 650.0 483.0 4.0 483.0 412.0 116.0 412.0 123.0 59.0 123.0 747.0 228.0 747.0 871.0 640.0 871.0 977.0 30.0 977.0 
2 3 0.37 0.37 683.0 50.0 683.0 641.0 69.0 641.0 611.0 121.0 611.0 
2 4 0.84 0.84 683.0 50.0 683.0 641.0 69.0 641.0 611.0 121.0 611.0 243.0 114.0 243.0 
2 5 1.21 1.21 683.0 50.0 683.0 641.0 69.0 641.0 611.0 121.0 611.0 243.0 114.0 243.0 509.0 185.0 509.0 
2 6 1.21 1.21 683.0 50.0 683.0 641.0 69.0 641.0 611.0 121.0 611.0 243.0 114.0 243.0 509.0 185.0 509.0 935.0 2.0 935.0 
2 7 1.4 1.4 683.0 50.0 683.0 641.0 69.0 641.0 611.0 121.0 611.0 243.0 114.0 243.0 509.0 185.0 509.0 935.0 2.0 935.0 298.0 58.0 298.0 
2 8 1.76 1.76 683.0 50.0 683.0 641.0 69.0 641.0 611.0 121.0 611.0 243.0 114.0 243.0 509.0 185.0 509.0 935.0 2.0 935.0 298.0 58.0 298.0 574.0 207.0 574.0 
2 9 1.98 1.98 683.0 50.0 683.0 641.0 69.0 641.0 611.0 121.0 611.0 243.0 114.0 243.0 509.0 185.0 509.0 935.0 2.0 935.0 298.0 58.0 298.0 574.0 207.0 574.0 281.0 60.0 281.0 
2 3 0.65 0.65 468.0 166.0 468.0 807.0 220.0 807.0 476.0 13.0 476.0 
2 4 0.65 0.65 468.0 166.0 468.0 807.0 220.0 807.0 476.0 13.0 476.0 615.0 2.0 615.0 
2 5 0.65 0.65 468.0 166.0 468.0 807.0 220.0 807.0 476.0 13.0 476.0 615.0 2.0 615.0 867.0 1.0 867.0 
2 6 1.13 1.13 468.0 166.0 468.0 807.0 220.0 807.0 476.0 13.0 476.0 615.0 2.0 615.0 867.0 1.0 867.0 238.0 113.0 238.0 
2 7 1.34 1.34 468.0 166.0 468.0 807.0 220.0 807.0 476.0 13.0 476.0 615.0 2.0 615.0 867.0 1.0 867.0 238.0 113.0 238.0 573.0 120.0 573.0 
2 8 1.59 1.59 468.0 166.0 468.0 807.0 220.0 807.0 476.0 13.0 476.0 615.0 2.0 615.0 867.0 1.0 867.0 238.0 113.0 238.0 573.0 120.0 573.0 127.0 32.0 127.0 
2 9 1.88 1.88 468.0 166.0 468.0 807.0 220.0 807.0 476.0 13.0 476.0 615.0 2.0 615.0 867.0 1.0 867.0 238.0 113.0 238.0 573.0 120.0 573.0 127.0 32.0 127.0 818.0 236.0 818.0 
2 3 0.57 0.57 132.0 21.0 132.0 137.0 23.0 137.0 332.0 81.0 332.0 
2 4 0.57 0.57 132.0 21.0 132.0 137.0 23.0 137.0 332.0 81.0 332.0 656.0 4.0 656.0 
2 5 0.65 0.65 132.0 21.0 132.0 137.0 23.0 137.0 332.0 81.0 332.0 656.0 4.0 656.0 346.0 26.0 346.0 
2 6 0.98 0.98 132.0 21.0 132.0 137.0 23.0 137.0 332.0 81.0 332.0 656.0 4.0 656.0 346.0 26.0 346.0 831.0 273.0 831.0 
2 7 1.12 1.12 132.0 21.0 132.0 137.0 23.0 137.0 332.0 81.0 332.0 656.0 4.0 656.0 346.0 26.0 346.0 831.0 273.0 831.0 645.0 95.0 645.0 
2 8 1.26 1.26 132.0 21.0 132.0 137.0 23.0 137.0 332.0 81.0 332.0 656.0 4.0 656.0 346.0 26.0 346.0 831.0 273.0 831.0 645.0 95.0 645.0 753.0 100.0 753.0 
2 3 1.21 1.21 117.0 17.0 117.0 502.0 236.0 502.0 512.0 307.0 512.0 
2 4 1.63 1.63 117.0 17.0 117.0 502.0 236.0 502.0 512.0 307.0 512.0 761.0 319.0 761.0 
2 5 1.78 1.78 117.0 17.0 117.0 502.0 236.0 502.0 512.0 307.0 512.0 761.0 319.0 761.0 961.0 148.0 961.0 
2 3 0.78 0.78 909.0 398.0 909.0 928.0 300.0 928.0 280.0 6.0 280.0 
2 4 1.01 1.01 909.0 398.0 909.0 928.0 300.0 928.0 280.0 6.0 280.0 102.0 24.0 102.0 
2 5 1.68 1.68 909.0 398.0 909.0 928.0 300.0 928.0 280.0 6.0 280.0 102.0 24.0 102.0 689.0 462.0 689.0 
2 3 1.06 1.06 371.0 29.0 371.0 94.0 71.0 94.0 676.0 154.0 676.0 
2 4 1.9 1.9 371.0 29.0 371.0 94.0 71.0 94.0 676.0 154.0 676.0 235.0 199.0 235.0 
2 3 1.05 1.05 498.0 207.0 498.0 301.0 42.0 301.0 710.0 353.0 710.0 
2 4 1.24 1.24 498.0 207.0 498.0 301.0 42.0 301.0 710.0 353.0 710.0 964.0 184.0 964.0 
2 5 1.33 1.33 498.0 207.0 498.0 301.0 42.0 301.0 710.0 353.0 710.0 964.0 184.0 964.0 300.0 27.0 300.0 
2 6 1.36 1.36 498.0 207.0 498.0 301.0 42.0 301.0 710.0 353.0 710.0 964.0 184.0 964.0 300.0 27.0 300.0 646.0 22.0 646.0 
2 7 1.72 1.72 498.0 207.0 498.0 301.0 42.0 301.0 710.0 353.0 710.0 964.0 184.0 964.0 300.0 27.0 300.0 646.0 22.0 646.0 122.0 44.0 122.0 
2 8 1.74 1.74 498.0 207.0 498.0 301.0 42.0 301.0 710.0 353.0 710.0 964.0 184.0 964.0 300.0 27.0 300.0 646.0 22.0 646.0 122.0 44.0 122.0 482.0 6.0 482.0 
2 3 1.31 1.31 121.0 64.0 121.0 420.0 272.0 420.0 596.0 84.0 596.0 
2 3 1.3 1.3 597.0 9.0 597.0 723.0 630.0 723.0 150.0 63.0 150.0 
2 4 1.4 1.4 597.0 9.0 597.0 723.0 630.0 723.0 150.0 63.0 150.0 225.0 22.0 225.0 
2 5 1.6 1.6 597.0 9.0 597.0 723.0 630.0 723.0 150.0 63.0 150.0 225.0 22.0 225.0 654.0 134.0 654.0 
2 6 1.95 1.95 597.0 9.0 597.0 723.0 630.0 723.0 150.0 63.0 150.0 225.0 22.0 225.0 654.0 134.0 654.0 337.0 115.0 337.0 
2 3 0.87 0.87 719.0 40.0 719.0 774.0 211.0 774.0 617.0 338.0 617.0 
2 4 1.05 1.05 719.0 40.0 719.0 774.0 211.0 774.0 617.0 338.0 617.0 34.0 6.0 34.0 
2 5 1.68 1.68 719.0 40.0 719.0 774.0 211.0 774.0 617.0 338.0 617.0 34.0 6.0 34.0 371.0 233.0 371.0 
2 3 0.66 0.66 479.0 93.0 479.0 350.0 126.0 350.0 453.0 49.0 453.0 
2 4 0.67 0.67 479.0 93.0 479.0 350.0 126.0 350.0 453.0 49.0 453.0 487.0 8.0 487.0 
2 5 0.68 0.68 479.0 93.0 479.0 350.0 126.0 350.0 453.0 49.0 453.0 487.0 8.0 487.0 454.0 1.0 454.0 
2 6 1.38 1.38 479.0 93.0 479.0 350.0 126.0 350.0 453.0 49.0 453.0 487.0 8.0 487.0 454.0 1.0 454.0 729.0 514.0 729.0 
2 7 1.66 1.66 479.0 93.0 479.0 350.0 126.0 350.0 453.0 49.0 453.0 487.0 8.0 487.0 454.0 1.0 454.0 729.0 514.0 729.0 406.0 112.0 406.0 
2 8 1.81 1.81 479.0 93.0 479.0 350.0 126.0 350.0 453.0 49.0 453.0 487.0 8.0 487.0 454.0 1.0 454.0 729.0 514.0 729.0 406.0 112.0 406.0 898.0 140.0 898.0 
2 9 1.83 1.83 479.0 93.0 479.0 350.0 126.0 350.0 453.0 49.0 453.0 487.0 8.0 487.0 454.0 1.0 454.0 729.0 514.0 729.0 406.0 112.0 406.0 898.0 140.0 898.0 995.0 15.0 995.0 
2 3 0.35 0.35 971.0 249.0 971.0 718.0 16.0 718.0 470.0 36.0 470.0 
2 4 0.63 0.63 971.0 249.0 971.0 718.0 16.0 718.0 470.0 36.0 470.0 547.0 153.0 547.0 
2 5 0.81 0.81 971.0 249.0 971.0 718.0 16.0 718.0 470.0 36.0 470.0 547.0 153.0 547.0 287.0 51.0 287.0 
2 6 0.82 0.82 971.0 249.0 971.0 718.0 16.0 718.0 470.0 36.0 470.0 547.0 153.0 547.0 287.0 51.0 287.0 597.0 7.0 597.0 
2 7 1.29 1.29 971.0 249.0 971.0 718.0 16.0 718.0 470.0 36.0 470.0 547.0 153.0 547.0 287.0 51.0 287.0 597.0 7.0 597.0 694.0 328.0 694.0 
2 8 1.61 1.61 971.0 249.0 971.0 718.0 16.0 718.0 470.0 36.0 470.0 547.0 153.0 547.0 287.0 51.0 287.0 597.0 7.0 597.0 694.0 328.0 694.0 813.0 256.0 813.0 
2 3 1.05 1.05 152.0 47.0 152.0 663.0 54.0 663.0 532.0 352.0 532.0 
2 4 1.08 1.08 152.0 47.0 152.0 663.0 54.0 663.0 532.0 352.0 532.0 350.0 12.0 350.0 
2 5 1.48 1.48 152.0 47.0 152.0 663.0 54.0 663.0 532.0 352.0 532.0 350.0 12.0 350.0 933.0 370.0 933.0 
2 3 1.55 1.55 985.0 511.0 985.0 158.0 146.0 158.0 985.0 115.0 985.0 
2 4 1.65 1.65 985.0 511.0 985.0 158.0 146.0 158.0 985.0 115.0 985.0 309.0 29.0 309.0 
2 3 0.37 0.37 637.0 44.0 637.0 611.0 124.0 611.0 244.0 24.0 244.0 
2 4 1.12 1.12 637.0 44.0 637.0 611.0 124.0 611.0 244.0 24.0 244.0 995.0 747.0 995.0 
2 5 1.15 1.15 637.0 44.0 637.0 611.0 124.0 611.0 244.0 24.0 244.0 995.0 747.0 995.0 602.0 21.0 602.0 
2 6 1.35 1.35 637.0 44.0 637.0 611.0 124.0 611.0 244.0 24.0 244.0 995.0 747.0 995.0 602.0 21.0 602.0 477.0 94.0 477.0 
2 7 1.54 1.54 637.0 44.0 637.0 611.0 124.0 611.0 244.0 24.0 244.0 995.0 747.0 995.0 602.0 21.0 602.0 477.0 94.0 477.0 762.0 146.0 762.0 
2 3 0.46 0.46 772.0 247.0 772.0 979.0 99.0 979.0 94.0 4.0 94.0 
2 4 0.65 0.65 772.0 247.0 772.0 979.0 99.0 979.0 94.0 4.0 94.0 143.0 28.0 143.0 
2 5 0.84 0.84 772.0 247.0 772.0 979.0 99.0 979.0 94.0 4.0 94.0 143.0 28.0 143.0 357.0 66.0 357.0 
2 6 1.04 1.04 772.0 247.0 772.0 979.0 99.0 979.0 94.0 4.0 94.0 143.0 28.0 143.0 357.0 66.0 357.0 967.0 195.0 967.0 
2 7 1.33 1.33 772.0 247.0 772.0 979.0 99.0 979.0 94.0 4.0 94.0 143.0 28.0 143.0 357.0 66.0 357.0 967.0 195.0 967.0 504.0 147.0 504.0 
2 8 1.51 1.51 772.0 247.0 772.0 979.0 99.0 979.0 94.0 4.0 94.0 143.0 28.0 143.0 357.0 66.0 357.0 967.0 195.0 967.0 504.0 147.0 504.0 652.0 116.0 652.0 
2 9 1.54 1.54 772.0 247.0 772.0 979.0 99.0 979.0 94.0 4.0 94.0 143.0 28.0 143.0 357.0 66.0 357.0 967.0 195.0 967.0 504.0 147.0 504.0 652.0 116.0 652.0 934.0 27.0 934.0 
2 10 1.93 1.93 772.0 247.0 772.0 979.0 99.0 979.0 94.0 4.0 94.0 143.0 28.0 143.0 357.0 66.0 357.0 967.0 195.0 967.0 504.0 147.0 504.0 652.0 116.0 652.0 934.0 27.0 934.0 603.0 233.0 603.0 
2 3 0.54 0.54 713.0 14.0 713.0 683.0 129.0 683.0 466.0 156.0 466.0 
2 4 0.76 0.76 713.0 14.0 713.0 683.0 129.0 683.0 466.0 156.0 466.0 217.0 48.0 217.0 
2 5 1.26 1.26 713.0 14.0 713.0 683.0 129.0 683.0 466.0 156.0 466.0 217.0 48.0 217.0 884.0 442.0 884.0 
2 3 0.98 0.98 778.0 655.0 778.0 751.0 35.0 751.0 179.0 17.0 179.0 
2 4 1.04 1.04 778.0 655.0 778.0 751.0 35.0 751.0 179.0 17.0 179.0 104.0 6.0 104.0 
2 5 1.29 1.29 778.0 655.0 778.0 751.0 35.0 751.0 179.0 17.0 179.0 104.0 6.0 104.0 35.0 9.0 35.0 
2 6 1.56 1.56 778.0 655.0 778.0 751.0 35.0 751.0 179.0 17.0 179.0 104.0 6.0 104.0 35.0 9.0 35.0 942.0 253.0 942.0 
2 7 1.85 1.85 778.0 655.0 778.0 751.0 35.0 751.0 179.0 17.0 179.0 104.0 6.0 104.0 35.0 9.0 35.0 942.0 253.0 942.0 731.0 213.0 731.0 
2 3 1.05 1.05 784.0 105.0 784.0 717.0 63.0 717.0 815.0 682.0 815.0 
2 4 1.26 1.26 784.0 105.0 784.0 717.0 63.0 717.0 815.0 682.0 815.0 616.0 125.0 616.0 
2 5 1.84 1.84 784.0 105.0 784.0 717.0 63.0 717.0 815.0 682.0 815.0 616.0 125.0 616.0 869.0 510.0 869.0 
2 3 1.22 1.22 54.0 19.0 54.0 572.0 172.0 572.0 248.0 142.0 248.0 
2 4 1.23 1.23 54.0 19.0 54.0 572.0 172.0 572.0 248.0 142.0 248.0 393.0 5.0 393.0 
2 5 1.28 1.28 54.0 19.0 54.0 572.0 172.0 572.0 248.0 142.0 248.0 393.0 5.0 393.0 387.0 19.0 387.0 
2 6 1.6 1.6 54.0 19.0 54.0 572.0 172.0 572.0 248.0 142.0 248.0 393.0 5.0 393.0 387.0 19.0 387.0 464.0 149.0 464.0 
2 3 1.16 1.16 826.0 642.0 826.0 48.0 18.0 48.0 570.0 6.0 570.0 
2 4 1.18 1.18 826.0 642.0 826.0 48.0 18.0 48.0 570.0 6.0 570.0 226.0 5.0 226.0 
2 5 1.86 1.86 826.0 642.0 826.0 48.0 18.0 48.0 570.0 6.0 570.0 226.0 5.0 226.0 788.0 532.0 788.0 
2 3 0.84 0.84 34.0 26.0 34.0 727.0 50.0 727.0 734.0 10.0 734.0 
2 4 0.93 0.93 34.0 26.0 34.0 727.0 50.0 727.0 734.0 10.0 734.0 936.0 84.0 936.0 
2 5 1.29 1.29 34.0 26.0 34.0 727.0 50.0 727.0 734.0 10.0 734.0 936.0 84.0 936.0 739.0 262.0 739.0 
2 6 1.73 1.73 34.0 26.0 34.0 727.0 50.0 727.0 734.0 10.0 734.0 936.0 84.0 936.0 739.0 262.0 739.0 94.0 42.0 94.0 
2 7 1.86 1.86 34.0 26.0 34.0 727.0 50.0 727.0 734.0 10.0 734.0 936.0 84.0 936.0 739.0 262.0 739.0 94.0 42.0 94.0 928.0 120.0 928.0 
2 3 0.04 0.04 346.0 2.0 346.0 822.0 16.0 822.0 962.0 16.0 962.0 
2 4 0.9 0.9 346.0 2.0 346.0 822.0 16.0 822.0 962.0 16.0 962.0 969.0 839.0 969.0 
2 5 0.96 0.96 346.0 2.0 346.0 822.0 16.0 822.0 962.0 16.0 962.0 969.0 839.0 969.0 201.0 12.0 201.0 
2 6 1.21 1.21 346.0 2.0 346.0 822.0 16.0 822.0 962.0 16.0 962.0 969.0 839.0 969.0 201.0 12.0 201.0 993.0 248.0 993.0 
2 7 1.26 1.26 346.0 2.0 346.0 822.0 16.0 822.0 962.0 16.0 962.0 969.0 839.0 969.0 201.0 12.0 201.0 993.0 248.0 993.0 93.0 4.0 93.0 
2 8 1.35 1.35 346.0 2.0 346.0 822.0 16.0 822.0 962.0 16.0 962.0 969.0 839.0 969.0 201.0 12.0 201.0 993.0 248.0 993.0 93.0 4.0 93.0 762.0 69.0 762.0 
2 9 1.57 1.57 346.0 2.0 346.0 822.0 16.0 822.0 962.0 16.0 962.0 969.0 839.0 969.0 201.0 12.0 201.0 993.0 248.0 993.0 93.0 4.0 93.0 762.0 69.0 762.0 438.0 100.0 438.0 
2 10 1.87 1.87 346.0 2.0 346.0 822.0 16.0 822.0 962.0 16.0 962.0 969.0 839.0 969.0 201.0 12.0 201.0 993.0 248.0 993.0 93.0 4.0 93.0 762.0 69.0 762.0 438.0 100.0 438.0 364.0 106.0 364.0 
2 11 1.94 1.94 346.0 2.0 346.0 822.0 16.0 822.0 962.0 16.0 962.0 969.0 839.0 969.0 201.0 12.0 201.0 993.0 248.0 993.0 93.0 4.0 93.0 762.0 69.0 762.0 438.0 100.0 438.0 364.0 106.0 364.0 382.0 27.0 382.0 
2 3 1.46 1.46 631.0 380.0 631.0 32.0 21.0 32.0 677.0 138.0 677.0 
2 4 1.89 1.89 631.0 380.0 631.0 32.0 21.0 32.0 677.0 138.0 677.0 852.0 365.0 852.0 
2 3 1.01 1.01 930.0 523.0 930.0 520.0 149.0 520.0 339.0 55.0 339.0 
2 4 1.17 1.17 930.0 523.0 930.0 520.0 149.0 520.0 339.0 55.0 339.0 168.0 27.0 168.0 
2 5 1.32 1.32 930.0 523.0 930.0 520.0 149.0 520.0 339.0 55.0 339.0 168.0 27.0 168.0 697.0 107.0 697.0 
2 6 1.42 1.42 930.0 523.0 930.0 520.0 149.0 520.0 339.0 55.0 339.0 168.0 27.0 168.0 697.0 107.0 697.0 772.0 77.0 772.0 
2 7 1.51 1.51 930.0 523.0 930.0 520.0 149.0 520.0 339.0 55.0 339.0 168.0 27.0 168.0 697.0 107.0 697.0 772.0 77.0 772.0 119.0 11.0 119.0 
2 8 1.57 1.57 930.0 523.0 930.0 520.0 149.0 520.0 339.0 55.0 339.0 168.0 27.0 168.0 697.0 107.0 697.0 772.0 77.0 772.0 119.0 11.0 119.0 133.0 7.0 133.0 
2 9 1.76 1.76 930.0 523.0 930.0 520.0 149.0 520.0 339.0 55.0 339.0 168.0 27.0 168.0 697.0 107.0 697.0 772.0 77.0 772.0 119.0 11.0 119.0 133.0 7.0 133.0 71.0 14.0 71.0 
2 10 1.77 1.77 930.0 523.0 930.0 520.0 149.0 520.0 339.0 55.0 339.0 168.0 27.0 168.0 697.0 107.0 697.0 772.0 77.0 772.0 119.0 11.0 119.0 133.0 7.0 133.0 71.0 14.0 71.0 539.0 2.0 539.0 
2 3 1.58 1.58 892.0 313.0 892.0 480.0 133.0 480.0 160.0 153.0 160.0 
2 4 1.64 1.64 892.0 313.0 892.0 480.0 133.0 480.0 160.0 153.0 160.0 644.0 38.0 644.0 
2 5 1.76 1.76 892.0 313.0 892.0 480.0 133.0 480.0 160.0 153.0 160.0 644.0 38.0 644.0 34.0 4.0 34.0 
2 3 0.7 0.7 732.0 331.0 732.0 470.0 1.0 470.0 620.0 154.0 620.0 
2 4 0.87 0.87 732.0 331.0 732.0 470.0 1.0 470.0 620.0 154.0 620.0 288.0 51.0 288.0 
2 5 1.1 1.1 732.0 331.0 732.0 470.0 1.0 470.0 620.0 154.0 620.0 288.0 51.0 288.0 851.0 189.0 851.0 
2 6 1.55 1.55 732.0 331.0 732.0 470.0 1.0 470.0 620.0 154.0 620.0 288.0 51.0 288.0 851.0 189.0 851.0 838.0 382.0 838.0 
2 3 0.48 0.48 397.0 4.0 397.0 140.0 42.0 140.0 259.0 46.0 259.0 
2 4 0.49 0.49 397.0 4.0 397.0 140.0 42.0 140.0 259.0 46.0 259.0 888.0 9.0 888.0 
2 5 1.02 1.02 397.0 4.0 397.0 140.0 42.0 140.0 259.0 46.0 259.0 888.0 9.0 888.0 502.0 264.0 502.0 
2 6 1.1 1.1 397.0 4.0 397.0 140.0 42.0 140.0 259.0 46.0 259.0 888.0 9.0 888.0 502.0 264.0 502.0 370.0 29.0 370.0 
2 7 1.53 1.53 397.0 4.0 397.0 140.0 42.0 140.0 259.0 46.0 259.0 888.0 9.0 888.0 502.0 264.0 502.0 370.0 29.0 370.0 268.0 116.0 268.0 
2 8 1.84 1.84 397.0 4.0 397.0 140.0 42.0 140.0 259.0 46.0 259.0 888.0 9.0 888.0 502.0 264.0 502.0 370.0 29.0 370.0 268.0 116.0 268.0 337.0 103.0 337.0 
2 3 1.24 1.24 625.0 217.0 625.0 197.0 38.0 197.0 829.0 588.0 829.0 
2 4 1.43 1.43 625.0 217.0 625.0 197.0 38.0 197.0 829.0 588.0 829.0 369.0 68.0 369.0 
2 5 1.52 1.52 625.0 217.0 625.0 197.0 38.0 197.0 829.0 588.0 829.0 369.0 68.0 369.0 332.0 29.0 332.0 
2 6 1.57 1.57 625.0 217.0 625.0 197.0 38.0 197.0 829.0 588.0 829.0 369.0 68.0 369.0 332.0 29.0 332.0 917.0 49.0 917.0 
2 7 1.94 1.94 625.0 217.0 625.0 197.0 38.0 197.0 829.0 588.0 829.0 369.0 68.0 369.0 332.0 29.0 332.0 917.0 49.0 917.0 183.0 68.0 183.0 
2 8 1.95 1.95 625.0 217.0 625.0 197.0 38.0 197.0 829.0 588.0 829.0 369.0 68.0 369.0 332.0 29.0 332.0 917.0 49.0 917.0 183.0 68.0 183.0 509.0 4.0 509.0 
2 3 0.72 0.72 865.0 470.0 865.0 122.0 7.0 122.0 734.0 91.0 734.0 
