1 2 0.58 0.58 862.0 421.0 862.0 938.0 90.0 938.0 
1 3 0.94 0.94 862.0 421.0 862.0 938.0 90.0 938.0 72.0 26.0 72.0 
1 2 0.93 0.93 722.0 266.0 722.0 237.0 135.0 237.0 
1 3 0.94 0.94 722.0 266.0 722.0 237.0 135.0 237.0 927.0 9.0 927.0 
1 2 0.84 0.84 347.0 209.0 347.0 689.0 170.0 689.0 
1 2 0.29 0.29 121.0 11.0 121.0 869.0 174.0 869.0 
1 3 0.41 0.41 121.0 11.0 121.0 869.0 174.0 869.0 708.0 86.0 708.0 
1 4 0.55 0.55 121.0 11.0 121.0 869.0 174.0 869.0 708.0 86.0 708.0 461.0 66.0 461.0 
1 2 0.74 0.74 526.0 198.0 526.0 880.0 327.0 880.0 
1 3 0.97 0.97 526.0 198.0 526.0 880.0 327.0 880.0 18.0 4.0 18.0 
1 2 0.16 0.16 318.0 3.0 318.0 904.0 144.0 904.0 
1 3 0.22 0.22 318.0 3.0 318.0 904.0 144.0 904.0 491.0 28.0 491.0 
1 2 0.95 0.95 261.0 162.0 261.0 48.0 16.0 48.0 
1 2 0.84 0.84 525.0 93.0 525.0 51.0 34.0 51.0 
1 3 0.87 0.87 525.0 93.0 525.0 51.0 34.0 51.0 144.0 5.0 144.0 
1 2 0.61 0.61 77.0 43.0 77.0 34.0 2.0 34.0 
1 2 0.55 0.55 772.0 220.0 772.0 463.0 125.0 463.0 
1 2 0.76 0.76 860.0 448.0 860.0 162.0 39.0 162.0 
1 3 0.99 0.99 860.0 448.0 860.0 162.0 39.0 162.0 90.0 21.0 90.0 
1 2 0.9 0.9 616.0 320.0 616.0 365.0 140.0 365.0 
1 2 0.11 0.11 404.0 15.0 404.0 161.0 12.0 161.0 
1 3 0.2 0.2 404.0 15.0 404.0 161.0 12.0 161.0 502.0 49.0 502.0 
1 4 0.44 0.44 404.0 15.0 404.0 161.0 12.0 161.0 502.0 49.0 502.0 910.0 211.0 910.0 
1 5 0.89 0.89 404.0 15.0 404.0 161.0 12.0 161.0 502.0 49.0 502.0 910.0 211.0 910.0 180.0 82.0 180.0 
1 2 0.63 0.63 225.0 67.0 225.0 389.0 132.0 389.0 
1 2 0.6 0.6 747.0 312.0 747.0 220.0 42.0 220.0 
1 3 0.69 0.69 747.0 312.0 747.0 220.0 42.0 220.0 742.0 64.0 742.0 
1 2 0.69 0.69 939.0 227.0 939.0 433.0 198.0 433.0 
1 2 0.65 0.65 381.0 13.0 381.0 48.0 30.0 48.0 
1 2 0.43 0.43 912.0 8.0 912.0 535.0 226.0 535.0 
1 3 0.88 0.88 912.0 8.0 912.0 535.0 226.0 535.0 149.0 67.0 149.0 
1 4 0.91 0.91 912.0 8.0 912.0 535.0 226.0 535.0 149.0 67.0 149.0 987.0 36.0 987.0 
1 2 0.36 0.36 493.0 82.0 493.0 163.0 32.0 163.0 
1 2 0.79 0.79 247.0 14.0 247.0 178.0 132.0 178.0 
1 2 0.65 0.65 935.0 81.0 935.0 233.0 132.0 233.0 
1 3 0.74 0.74 935.0 81.0 935.0 233.0 132.0 233.0 11.0 1.0 11.0 
1 2 0.89 0.89 788.0 328.0 788.0 550.0 263.0 550.0 
1 2 0.65 0.65 666.0 51.0 666.0 827.0 481.0 827.0 
1 3 0.74 0.74 666.0 51.0 666.0 827.0 481.0 827.0 156.0 14.0 156.0 
1 2 0.66 0.66 412.0 240.0 412.0 772.0 64.0 772.0 
1 2 0.96 0.96 25.0 19.0 25.0 972.0 204.0 972.0 
1 3 0.99 0.99 25.0 19.0 25.0 972.0 204.0 972.0 830.0 17.0 830.0 
1 2 0.49 0.49 884.0 370.0 884.0 37.0 3.0 37.0 
1 3 0.56 0.56 884.0 370.0 884.0 37.0 3.0 37.0 399.0 28.0 399.0 
1 4 0.87 0.87 884.0 370.0 884.0 37.0 3.0 37.0 399.0 28.0 399.0 278.0 85.0 278.0 
1 2 0.99 0.99 877.0 745.0 877.0 193.0 29.0 193.0 
1 2 0.77 0.77 56.0 4.0 56.0 221.0 155.0 221.0 
1 2 0.5 0.5 688.0 248.0 688.0 92.0 13.0 92.0 
1 3 0.59 0.59 688.0 248.0 688.0 92.0 13.0 92.0 98.0 9.0 98.0 
1 2 0.32 0.32 842.0 94.0 842.0 418.0 88.0 418.0 
1 3 0.67 0.67 842.0 94.0 842.0 418.0 88.0 418.0 957.0 338.0 957.0 
1 2 0.49 0.49 365.0 64.0 365.0 976.0 314.0 976.0 
1 2 0.66 0.66 433.0 51.0 433.0 951.0 525.0 951.0 
1 3 0.71 0.71 433.0 51.0 433.0 951.0 525.0 951.0 543.0 24.0 543.0 
1 4 0.79 0.79 433.0 51.0 433.0 951.0 525.0 951.0 543.0 24.0 543.0 193.0 16.0 193.0 
1 5 0.87 0.87 433.0 51.0 433.0 951.0 525.0 951.0 543.0 24.0 543.0 193.0 16.0 193.0 88.0 7.0 88.0 
1 6 0.89 0.89 433.0 51.0 433.0 951.0 525.0 951.0 543.0 24.0 543.0 193.0 16.0 193.0 88.0 7.0 88.0 484.0 7.0 484.0 
1 2 0.69 0.69 389.0 257.0 389.0 538.0 16.0 538.0 
1 3 0.71 0.71 389.0 257.0 389.0 538.0 16.0 538.0 326.0 8.0 326.0 
1 4 0.73 0.73 389.0 257.0 389.0 538.0 16.0 538.0 326.0 8.0 326.0 519.0 12.0 519.0 
1 2 0.83 0.83 806.0 53.0 806.0 731.0 565.0 731.0 
1 2 0.95 0.95 133.0 24.0 133.0 113.0 87.0 113.0 
1 2 0.47 0.47 390.0 144.0 390.0 730.0 79.0 730.0 
1 3 0.51 0.51 390.0 144.0 390.0 730.0 79.0 730.0 850.0 35.0 850.0 
1 4 0.58 0.58 390.0 144.0 390.0 730.0 79.0 730.0 850.0 35.0 850.0 690.0 46.0 690.0 
1 2 0.93 0.93 464.0 432.0 464.0 451.0 1.0 451.0 
1 2 0.24 0.24 902.0 128.0 902.0 657.0 67.0 657.0 
1 3 0.68 0.68 902.0 128.0 902.0 657.0 67.0 657.0 124.0 55.0 124.0 
1 4 0.75 0.75 902.0 128.0 902.0 657.0 67.0 657.0 124.0 55.0 124.0 859.0 54.0 859.0 
1 5 0.97 0.97 902.0 128.0 902.0 657.0 67.0 657.0 124.0 55.0 124.0 859.0 54.0 859.0 141.0 32.0 141.0 
1 2 0.96 0.96 12.0 5.0 12.0 130.0 71.0 130.0 
1 2 0.86 0.86 863.0 653.0 863.0 107.0 12.0 107.0 
1 2 0.52 0.52 642.0 287.0 642.0 757.0 56.0 757.0 
1 2 0.87 0.87 237.0 85.0 237.0 541.0 282.0 541.0 
1 3 0.91 0.91 237.0 85.0 237.0 541.0 282.0 541.0 866.0 34.0 866.0 
1 2 0.83 0.83 79.0 47.0 79.0 128.0 31.0 128.0 
1 3 0.94 0.94 79.0 47.0 79.0 128.0 31.0 128.0 988.0 110.0 988.0 
1 2 0.87 0.87 649.0 288.0 649.0 920.0 399.0 920.0 
1 2 0.98 0.98 981.0 263.0 981.0 193.0 139.0 193.0 
1 2 0.79 0.79 661.0 282.0 661.0 90.0 33.0 90.0 
1 2 0.54 0.54 606.0 160.0 606.0 584.0 165.0 584.0 
1 3 0.72 0.72 606.0 160.0 606.0 584.0 165.0 584.0 371.0 68.0 371.0 
1 2 0.42 0.42 590.0 210.0 590.0 506.0 35.0 506.0 
1 3 0.72 0.72 590.0 210.0 590.0 506.0 35.0 506.0 292.0 88.0 292.0 
1 4 0.75 0.75 590.0 210.0 590.0 506.0 35.0 506.0 292.0 88.0 292.0 927.0 26.0 927.0 
1 2 0.3 0.3 817.0 32.0 817.0 344.0 92.0 344.0 
1 3 0.64 0.64 817.0 32.0 817.0 344.0 92.0 344.0 614.0 205.0 614.0 
1 2 0.73 0.73 556.0 172.0 556.0 303.0 128.0 303.0 
1 3 0.99 0.99 556.0 172.0 556.0 303.0 128.0 303.0 725.0 190.0 725.0 
1 2 0.45 0.45 428.0 117.0 428.0 219.0 39.0 219.0 
1 3 0.65 0.65 428.0 117.0 428.0 219.0 39.0 219.0 5.0 1.0 5.0 
1 4 0.83 0.83 428.0 117.0 428.0 219.0 39.0 219.0 5.0 1.0 5.0 632.0 118.0 632.0 
1 5 0.87 0.87 428.0 117.0 428.0 219.0 39.0 219.0 5.0 1.0 5.0 632.0 118.0 632.0 257.0 10.0 257.0 
1 2 0.2 0.2 992.0 149.0 992.0 770.0 45.0 770.0 
1 3 0.42 0.42 992.0 149.0 992.0 770.0 45.0 770.0 888.0 196.0 888.0 
1 4 0.46 0.46 992.0 149.0 992.0 770.0 45.0 770.0 888.0 196.0 888.0 94.0 3.0 94.0 
1 5 0.87 0.87 992.0 149.0 992.0 770.0 45.0 770.0 888.0 196.0 888.0 94.0 3.0 94.0 715.0 297.0 715.0 
1 6 0.97 0.97 992.0 149.0 992.0 770.0 45.0 770.0 888.0 196.0 888.0 94.0 3.0 94.0 715.0 297.0 715.0 10.0 1.0 10.0 
1 2 0.06 0.06 662.0 11.0 662.0 523.0 23.0 523.0 
1 3 0.54 0.54 662.0 11.0 662.0 523.0 23.0 523.0 500.0 242.0 500.0 
1 2 0.87 0.87 56.0 49.0 56.0 956.0 2.0 956.0 
1 2 0.39 0.39 983.0 350.0 983.0 54.0 2.0 54.0 
1 3 0.54 0.54 983.0 350.0 983.0 54.0 2.0 54.0 736.0 111.0 736.0 
1 4 0.91 0.91 983.0 350.0 983.0 54.0 2.0 54.0 736.0 111.0 736.0 562.0 211.0 562.0 
1 5 0.92 0.92 983.0 350.0 983.0 54.0 2.0 54.0 736.0 111.0 736.0 562.0 211.0 562.0 657.0 4.0 657.0 
1 2 0.38 0.38 191.0 40.0 191.0 40.0 7.0 40.0 
1 2 0.42 0.42 57.0 15.0 57.0 987.0 161.0 987.0 
1 2 0.98 0.98 283.0 28.0 283.0 223.0 197.0 223.0 
1 2 0.2 0.2 362.0 5.0 362.0 110.0 21.0 110.0 
1 3 0.39 0.39 362.0 5.0 362.0 110.0 21.0 110.0 247.0 47.0 247.0 
1 4 0.7 0.7 362.0 5.0 362.0 110.0 21.0 110.0 247.0 47.0 247.0 977.0 305.0 977.0 
1 5 0.88 0.88 362.0 5.0 362.0 110.0 21.0 110.0 247.0 47.0 247.0 977.0 305.0 977.0 452.0 82.0 452.0 
1 2 0.93 0.93 756.0 285.0 756.0 851.0 471.0 851.0 
1 2 0.3 0.3 824.0 95.0 824.0 394.0 73.0 394.0 
1 2 0.81 0.81 365.0 159.0 365.0 100.0 38.0 100.0 
1 2 0.38 0.38 607.0 201.0 607.0 814.0 40.0 814.0 
1 3 0.51 0.51 607.0 201.0 607.0 814.0 40.0 814.0 939.0 123.0 939.0 
1 2 0.48 0.48 132.0 31.0 132.0 258.0 65.0 258.0 
1 3 0.62 0.62 132.0 31.0 132.0 258.0 65.0 258.0 21.0 3.0 21.0 
1 4 0.98 0.98 132.0 31.0 132.0 258.0 65.0 258.0 21.0 3.0 21.0 824.0 294.0 824.0 
1 2 0.75 0.75 691.0 398.0 691.0 472.0 86.0 472.0 
1 3 0.99 0.99 691.0 398.0 691.0 472.0 86.0 472.0 339.0 80.0 339.0 
1 2 0.95 0.95 355.0 271.0 355.0 849.0 165.0 849.0 
1 2 0.24 0.24 645.0 25.0 645.0 826.0 169.0 826.0 
1 3 0.96 0.96 645.0 25.0 645.0 826.0 169.0 826.0 779.0 561.0 779.0 
1 2 0.31 0.31 483.0 54.0 483.0 446.0 91.0 446.0 
1 3 0.44 0.44 483.0 54.0 483.0 446.0 91.0 446.0 826.0 109.0 826.0 
1 2 0.39 0.39 491.0 152.0 491.0 811.0 69.0 811.0 
1 2 0.25 0.25 752.0 101.0 752.0 353.0 43.0 353.0 
1 3 0.39 0.39 752.0 101.0 752.0 353.0 43.0 353.0 753.0 107.0 753.0 
1 2 0.48 0.48 905.0 47.0 905.0 967.0 420.0 967.0 
1 3 0.96 0.96 905.0 47.0 905.0 967.0 420.0 967.0 640.0 308.0 640.0 
1 2 0.26 0.26 745.0 40.0 745.0 776.0 166.0 776.0 
1 3 0.29 0.29 745.0 40.0 745.0 776.0 166.0 776.0 888.0 28.0 888.0 
1 4 0.48 0.48 745.0 40.0 745.0 776.0 166.0 776.0 888.0 28.0 888.0 22.0 4.0 22.0 
1 5 0.5 0.5 745.0 40.0 745.0 776.0 166.0 776.0 888.0 28.0 888.0 22.0 4.0 22.0 499.0 10.0 499.0 
1 6 0.99 0.99 745.0 40.0 745.0 776.0 166.0 776.0 888.0 28.0 888.0 22.0 4.0 22.0 499.0 10.0 499.0 330.0 164.0 330.0 
1 2 0.27 0.27 763.0 142.0 763.0 536.0 49.0 536.0 
1 2 0.5 0.5 893.0 249.0 893.0 670.0 151.0 670.0 
1 3 0.75 0.75 893.0 249.0 893.0 670.0 151.0 670.0 606.0 150.0 606.0 
1 2 0.77 0.77 696.0 236.0 696.0 123.0 54.0 123.0 
1 3 0.85 0.85 696.0 236.0 696.0 123.0 54.0 123.0 39.0 3.0 39.0 
1 2 0.49 0.49 549.0 64.0 549.0 673.0 258.0 673.0 
1 3 0.78 0.78 549.0 64.0 549.0 673.0 258.0 673.0 395.0 114.0 395.0 
1 4 0.9 0.9 549.0 64.0 549.0 673.0 258.0 673.0 395.0 114.0 395.0 512.0 62.0 512.0 
1 2 0.74 0.74 735.0 379.0 735.0 695.0 161.0 695.0 
1 2 0.78 0.78 689.0 349.0 689.0 858.0 235.0 858.0 
1 2 0.83 0.83 267.0 170.0 267.0 310.0 61.0 310.0 
1 2 0.54 0.54 93.0 26.0 93.0 660.0 174.0 660.0 
1 3 0.64 0.64 93.0 26.0 93.0 660.0 174.0 660.0 661.0 65.0 661.0 
1 4 0.77 0.77 93.0 26.0 93.0 660.0 174.0 660.0 661.0 65.0 661.0 695.0 91.0 695.0 
1 2 0.59 0.59 731.0 306.0 731.0 564.0 100.0 564.0 
1 3 0.65 0.65 731.0 306.0 731.0 564.0 100.0 564.0 509.0 30.0 509.0 
1 4 0.95 0.95 731.0 306.0 731.0 564.0 100.0 564.0 509.0 30.0 509.0 47.0 14.0 47.0 
1 2 0.33 0.33 969.0 274.0 969.0 519.0 27.0 519.0 
1 3 0.66 0.66 969.0 274.0 969.0 519.0 27.0 519.0 736.0 242.0 736.0 
1 2 0.43 0.43 663.0 55.0 663.0 946.0 329.0 946.0 
1 3 0.85 0.85 663.0 55.0 663.0 946.0 329.0 946.0 730.0 311.0 730.0 
1 4 0.91 0.91 663.0 55.0 663.0 946.0 329.0 946.0 730.0 311.0 730.0 456.0 28.0 456.0 
1 2 0.34 0.34 400.0 129.0 400.0 50.0 1.0 50.0 
1 2 0.69 0.69 619.0 161.0 619.0 37.0 16.0 37.0 
1 3 0.97 0.97 619.0 161.0 619.0 37.0 16.0 37.0 429.0 123.0 429.0 
1 2 0.52 0.52 810.0 400.0 810.0 367.0 12.0 367.0 
1 3 0.85 0.85 810.0 400.0 810.0 367.0 12.0 367.0 579.0 188.0 579.0 
1 2 0.3 0.3 409.0 86.0 409.0 723.0 67.0 723.0 
1 3 0.38 0.38 409.0 86.0 409.0 723.0 67.0 723.0 453.0 35.0 453.0 
1 4 0.42 0.42 409.0 86.0 409.0 723.0 67.0 723.0 453.0 35.0 453.0 774.0 38.0 774.0 
1 5 0.75 0.75 409.0 86.0 409.0 723.0 67.0 723.0 453.0 35.0 453.0 774.0 38.0 774.0 100.0 33.0 100.0 
1 2 0.77 0.77 661.0 273.0 661.0 981.0 359.0 981.0 
1 2 0.34 0.34 578.0 52.0 578.0 516.0 133.0 516.0 
1 2 0.49 0.49 59.0 16.0 59.0 950.0 209.0 950.0 
1 3 0.99 0.99 59.0 16.0 59.0 950.0 209.0 950.0 936.0 473.0 936.0 
1 2 0.73 0.73 803.0 434.0 803.0 857.0 163.0 857.0 
1 3 0.85 0.85 803.0 434.0 803.0 857.0 163.0 857.0 884.0 113.0 884.0 
1 4 0.88 0.88 803.0 434.0 803.0 857.0 163.0 857.0 884.0 113.0 884.0 191.0 5.0 191.0 
1 2 0.38 0.38 557.0 41.0 557.0 254.0 80.0 254.0 
1 3 0.75 0.75 557.0 41.0 557.0 254.0 80.0 254.0 754.0 275.0 754.0 
1 2 0.72 0.72 780.0 337.0 780.0 918.0 269.0 918.0 
1 3 0.75 0.75 780.0 337.0 780.0 918.0 269.0 918.0 785.0 25.0 785.0 
1 2 0.3 0.3 990.0 148.0 990.0 385.0 61.0 385.0 
1 3 0.48 0.48 990.0 148.0 990.0 385.0 61.0 385.0 795.0 142.0 795.0 
1 4 0.66 0.66 990.0 148.0 990.0 385.0 61.0 385.0 795.0 142.0 795.0 313.0 56.0 313.0 
1 2 0.31 0.31 942.0 154.0 942.0 561.0 83.0 561.0 
1 3 0.35 0.35 942.0 154.0 942.0 561.0 83.0 561.0 581.0 25.0 581.0 
1 4 0.78 0.78 942.0 154.0 942.0 561.0 83.0 561.0 581.0 25.0 581.0 736.0 319.0 736.0 
1 2 0.9 0.9 698.0 118.0 698.0 670.0 493.0 670.0 
1 2 0.56 0.56 778.0 163.0 778.0 151.0 53.0 151.0 
1 3 0.69 0.69 778.0 163.0 778.0 151.0 53.0 151.0 372.0 50.0 372.0 
1 2 0.08 0.08 547.0 32.0 547.0 277.0 6.0 277.0 
1 3 0.73 0.73 547.0 32.0 547.0 277.0 6.0 277.0 858.0 566.0 858.0 
1 2 0.93 0.93 984.0 889.0 984.0 119.0 4.0 119.0 
1 2 0.8 0.8 504.0 77.0 504.0 465.0 301.0 465.0 
1 3 0.89 0.89 504.0 77.0 504.0 465.0 301.0 465.0 21.0 2.0 21.0 
1 2 0.81 0.81 903.0 209.0 903.0 688.0 400.0 688.0 
1 2 0.99 0.99 551.0 543.0 551.0 918.0 13.0 918.0 
1 2 0.8 0.8 177.0 7.0 177.0 812.0 618.0 812.0 
1 2 0.55 0.55 644.0 5.0 644.0 454.0 247.0 454.0 
1 3 0.87 0.87 644.0 5.0 644.0 454.0 247.0 454.0 621.0 202.0 621.0 
1 2 0.49 0.49 218.0 14.0 218.0 441.0 190.0 441.0 
1 3 0.8 0.8 218.0 14.0 218.0 441.0 190.0 441.0 907.0 285.0 907.0 
1 4 0.81 0.81 218.0 14.0 218.0 441.0 190.0 441.0 907.0 285.0 907.0 808.0 5.0 808.0 
1 2 0.09 0.09 886.0 6.0 886.0 567.0 49.0 567.0 
1 3 0.87 0.87 886.0 6.0 886.0 567.0 49.0 567.0 179.0 140.0 179.0 
1 2 0.72 0.72 234.0 150.0 234.0 688.0 59.0 688.0 
1 2 0.86 0.86 790.0 438.0 790.0 758.0 233.0 758.0 
1 3 0.92 0.92 790.0 438.0 790.0 758.0 233.0 758.0 998.0 67.0 998.0 
1 2 0.48 0.48 473.0 216.0 473.0 778.0 21.0 778.0 
1 3 0.72 0.72 473.0 216.0 473.0 778.0 21.0 778.0 235.0 56.0 235.0 
1 2 0.69 0.69 271.0 41.0 271.0 682.0 374.0 682.0 
1 3 0.77 0.77 271.0 41.0 271.0 682.0 374.0 682.0 502.0 38.0 502.0 
1 2 0.13 0.13 120.0 5.0 120.0 733.0 66.0 733.0 
1 3 0.67 0.67 120.0 5.0 120.0 733.0 66.0 733.0 713.0 386.0 713.0 
1 2 0.32 0.32 146.0 1.0 146.0 220.0 69.0 220.0 
1 2 0.97 0.97 835.0 686.0 835.0 656.0 99.0 656.0 
1 2 0.63 0.63 296.0 168.0 296.0 257.0 18.0 257.0 
1 2 0.99 0.99 272.0 213.0 272.0 226.0 47.0 226.0 
1 2 0.77 0.77 234.0 131.0 234.0 832.0 180.0 832.0 
1 3 0.93 0.93 234.0 131.0 234.0 832.0 180.0 832.0 125.0 20.0 125.0 
1 2 0.68 0.68 941.0 223.0 941.0 598.0 265.0 598.0 
1 3 0.93 0.93 941.0 223.0 941.0 598.0 265.0 598.0 717.0 180.0 717.0 
1 2 0.19 0.19 779.0 71.0 779.0 132.0 14.0 132.0 
1 3 0.33 0.33 779.0 71.0 779.0 132.0 14.0 132.0 328.0 44.0 328.0 
1 4 0.58 0.58 779.0 71.0 779.0 132.0 14.0 132.0 328.0 44.0 328.0 12.0 3.0 12.0 
1 5 0.61 0.61 779.0 71.0 779.0 132.0 14.0 132.0 328.0 44.0 328.0 12.0 3.0 12.0 371.0 12.0 371.0 
1 2 0.75 0.75 696.0 82.0 696.0 852.0 545.0 852.0 
1 3 0.96 0.96 696.0 82.0 696.0 852.0 545.0 852.0 847.0 177.0 847.0 
1 2 0.7 0.7 819.0 228.0 819.0 199.0 85.0 199.0 
1 3 0.81 0.81 819.0 228.0 819.0 199.0 85.0 199.0 783.0 88.0 783.0 
1 4 0.83 0.83 819.0 228.0 819.0 199.0 85.0 199.0 783.0 88.0 783.0 852.0 13.0 852.0 
1 2 0.8 0.8 647.0 520.0 647.0 698.0 3.0 698.0 
1 2 0.73 0.73 523.0 103.0 523.0 327.0 177.0 327.0 
1 3 0.76 0.76 523.0 103.0 523.0 327.0 177.0 327.0 694.0 19.0 694.0 
1 2 0.19 0.19 45.0 8.0 45.0 137.0 2.0 137.0 
1 3 0.27 0.27 45.0 8.0 45.0 137.0 2.0 137.0 361.0 30.0 361.0 
1 4 0.41 0.41 45.0 8.0 45.0 137.0 2.0 137.0 361.0 30.0 361.0 513.0 72.0 513.0 
1 5 0.8 0.8 45.0 8.0 45.0 137.0 2.0 137.0 361.0 30.0 361.0 513.0 72.0 513.0 132.0 51.0 132.0 
1 2 0.49 0.49 915.0 280.0 915.0 688.0 128.0 688.0 
1 3 0.6 0.6 915.0 280.0 915.0 688.0 128.0 688.0 754.0 87.0 754.0 
1 4 0.67 0.67 915.0 280.0 915.0 688.0 128.0 688.0 754.0 87.0 754.0 430.0 28.0 430.0 
1 5 0.73 0.73 915.0 280.0 915.0 688.0 128.0 688.0 754.0 87.0 754.0 430.0 28.0 430.0 336.0 21.0 336.0 
1 2 0.41 0.41 197.0 16.0 197.0 465.0 155.0 465.0 
1 3 0.92 0.92 197.0 16.0 197.0 465.0 155.0 465.0 395.0 200.0 395.0 
1 2 0.99 0.99 126.0 27.0 126.0 698.0 544.0 698.0 
1 2 0.64 0.64 252.0 42.0 252.0 952.0 451.0 952.0 
1 2 0.27 0.27 528.0 15.0 528.0 315.0 77.0 315.0 
1 3 0.48 0.48 528.0 15.0 528.0 315.0 77.0 315.0 155.0 33.0 155.0 
1 4 0.63 0.63 528.0 15.0 528.0 315.0 77.0 315.0 155.0 33.0 155.0 383.0 58.0 383.0 
1 2 0.81 0.81 961.0 526.0 961.0 699.0 190.0 699.0 
1 3 0.91 0.91 961.0 526.0 961.0 699.0 190.0 699.0 272.0 27.0 272.0 
1 4 0.93 0.93 961.0 526.0 961.0 699.0 190.0 699.0 272.0 27.0 272.0 680.0 9.0 680.0 
1 2 0.77 0.77 361.0 124.0 361.0 426.0 182.0 426.0 
1 3 0.82 0.82 361.0 124.0 361.0 426.0 182.0 426.0 871.0 48.0 871.0 
1 2 0.73 0.73 761.0 106.0 761.0 168.0 100.0 168.0 
1 3 0.82 0.82 761.0 106.0 761.0 168.0 100.0 168.0 464.0 41.0 464.0 
1 4 0.99 0.99 761.0 106.0 761.0 168.0 100.0 168.0 464.0 41.0 464.0 146.0 25.0 146.0 
1 2 0.35 0.35 277.0 65.0 277.0 281.0 34.0 281.0 
1 3 0.52 0.52 277.0 65.0 277.0 281.0 34.0 281.0 469.0 79.0 469.0 
1 4 0.78 0.78 277.0 65.0 277.0 281.0 34.0 281.0 469.0 79.0 469.0 749.0 193.0 749.0 
1 2 0.81 0.81 8.0 5.0 8.0 32.0 6.0 32.0 
1 2 0.64 0.64 881.0 279.0 881.0 157.0 52.0 157.0 
1 2 0.52 0.52 188.0 56.0 188.0 561.0 128.0 561.0 
1 3 0.57 0.57 188.0 56.0 188.0 561.0 128.0 561.0 900.0 44.0 900.0 
1 4 0.58 0.58 188.0 56.0 188.0 561.0 128.0 561.0 900.0 44.0 900.0 669.0 6.0 669.0 
1 5 0.67 0.67 188.0 56.0 188.0 561.0 128.0 561.0 900.0 44.0 900.0 669.0 6.0 669.0 123.0 11.0 123.0 
1 2 0.58 0.58 956.0 248.0 956.0 426.0 139.0 426.0 
1 2 0.28 0.28 848.0 234.0 848.0 861.0 5.0 861.0 
1 2 0.45 0.45 821.0 292.0 821.0 674.0 67.0 674.0 
1 3 0.53 0.53 821.0 292.0 821.0 674.0 67.0 674.0 904.0 71.0 904.0 
1 4 0.7 0.7 821.0 292.0 821.0 674.0 67.0 674.0 904.0 71.0 904.0 59.0 10.0 59.0 
1 2 0.66 0.66 88.0 58.0 88.0 439.0 1.0 439.0 
1 3 0.77 0.77 88.0 58.0 88.0 439.0 1.0 439.0 263.0 31.0 263.0 
1 4 0.94 0.94 88.0 58.0 88.0 439.0 1.0 439.0 263.0 31.0 263.0 141.0 24.0 141.0 
1 2 0.75 0.75 443.0 279.0 443.0 673.0 86.0 673.0 
1 2 0.78 0.78 641.0 180.0 641.0 819.0 410.0 819.0 
1 2 0.56 0.56 305.0 122.0 305.0 24.0 4.0 24.0 
1 2 0.56 0.56 409.0 124.0 409.0 562.0 148.0 562.0 
1 3 0.97 0.97 409.0 124.0 409.0 562.0 148.0 562.0 344.0 142.0 344.0 
1 2 0.46 0.46 777.0 37.0 777.0 902.0 375.0 902.0 
1 3 0.47 0.47 777.0 37.0 777.0 902.0 375.0 902.0 877.0 11.0 877.0 
1 4 0.54 0.54 777.0 37.0 777.0 902.0 375.0 902.0 877.0 11.0 877.0 980.0 66.0 980.0 
1 2 0.33 0.33 515.0 14.0 515.0 928.0 289.0 928.0 
1 3 0.62 0.62 515.0 14.0 515.0 928.0 289.0 928.0 653.0 189.0 653.0 
1 4 0.76 0.76 515.0 14.0 515.0 928.0 289.0 928.0 653.0 189.0 653.0 298.0 40.0 298.0 
1 2 0.89 0.89 403.0 43.0 403.0 424.0 333.0 424.0 
1 2 0.32 0.32 567.0 181.0 567.0 867.0 1.0 867.0 
1 2 0.56 0.56 610.0 239.0 610.0 978.0 172.0 978.0 
1 2 0.76 0.76 381.0 169.0 381.0 158.0 50.0 158.0 
1 3 0.79 0.79 381.0 169.0 381.0 158.0 50.0 158.0 30.0 1.0 30.0 
1 2 0.22 0.22 410.0 1.0 410.0 376.0 82.0 376.0 
1 3 0.26 0.26 410.0 1.0 410.0 376.0 82.0 376.0 240.0 11.0 240.0 
1 2 0.86 0.86 452.0 206.0 452.0 769.0 316.0 769.0 
1 2 0.92 0.92 297.0 114.0 297.0 876.0 474.0 876.0 
1 2 0.77 0.77 131.0 98.0 131.0 396.0 10.0 396.0 
1 2 0.84 0.84 773.0 293.0 773.0 679.0 315.0 679.0 
1 2 0.7 0.7 965.0 621.0 965.0 255.0 16.0 255.0 
1 3 0.84 0.84 965.0 621.0 965.0 255.0 16.0 255.0 275.0 39.0 275.0 
1 2 0.92 0.92 328.0 250.0 328.0 178.0 29.0 178.0 
1 2 0.81 0.81 62.0 4.0 62.0 236.0 177.0 236.0 
1 2 0.56 0.56 412.0 41.0 412.0 473.0 218.0 473.0 
1 3 0.66 0.66 412.0 41.0 412.0 473.0 218.0 473.0 952.0 99.0 952.0 
1 2 0.09 0.09 424.0 13.0 424.0 729.0 46.0 729.0 
1 3 0.65 0.65 424.0 13.0 424.0 729.0 46.0 729.0 603.0 336.0 603.0 
1 4 0.78 0.78 424.0 13.0 424.0 729.0 46.0 729.0 603.0 336.0 603.0 496.0 67.0 496.0 
1 2 0.87 0.87 577.0 416.0 577.0 362.0 55.0 362.0 
1 2 0.64 0.64 365.0 60.0 365.0 783.0 375.0 783.0 
1 2 0.98 0.98 610.0 574.0 610.0 882.0 38.0 882.0 
1 2 0.24 0.24 702.0 78.0 702.0 759.0 99.0 759.0 
1 3 0.43 0.43 702.0 78.0 702.0 759.0 99.0 759.0 701.0 137.0 701.0 
1 4 0.93 0.93 702.0 78.0 702.0 759.0 99.0 759.0 701.0 137.0 701.0 743.0 370.0 743.0 
1 2 0.38 0.38 687.0 261.0 687.0 433.0 4.0 433.0 
1 2 0.89 0.89 834.0 566.0 834.0 579.0 128.0 579.0 
1 3 0.93 0.93 834.0 566.0 834.0 579.0 128.0 579.0 825.0 28.0 825.0 
1 2 0.64 0.64 666.0 343.0 666.0 815.0 107.0 815.0 
1 3 0.74 0.74 666.0 343.0 666.0 815.0 107.0 815.0 464.0 48.0 464.0 
1 4 0.76 0.76 666.0 343.0 666.0 815.0 107.0 815.0 464.0 48.0 464.0 696.0 10.0 696.0 
1 2 0.43 0.43 152.0 2.0 152.0 956.0 401.0 956.0 
1 3 0.95 0.95 152.0 2.0 152.0 956.0 401.0 956.0 497.0 261.0 497.0 
1 2 0.65 0.65 793.0 392.0 793.0 295.0 48.0 295.0 
1 3 0.96 0.96 793.0 392.0 793.0 295.0 48.0 295.0 584.0 182.0 584.0 
1 2 0.5 0.5 950.0 178.0 950.0 763.0 240.0 763.0 
1 3 0.89 0.89 950.0 178.0 950.0 763.0 240.0 763.0 798.0 310.0 798.0 
1 4 0.95 0.95 950.0 178.0 950.0 763.0 240.0 763.0 798.0 310.0 798.0 850.0 59.0 850.0 
1 2 0.94 0.94 556.0 68.0 556.0 781.0 642.0 781.0 
1 2 0.96 0.96 8.0 4.0 8.0 935.0 433.0 935.0 
1 2 0.42 0.42 736.0 98.0 736.0 72.0 21.0 72.0 
1 3 0.58 0.58 736.0 98.0 736.0 72.0 21.0 72.0 809.0 127.0 809.0 
1 2 0.69 0.69 945.0 631.0 945.0 596.0 18.0 596.0 
1 2 0.43 0.43 641.0 73.0 641.0 506.0 165.0 506.0 
1 2 0.26 0.26 202.0 31.0 202.0 699.0 79.0 699.0 
1 3 0.64 0.64 202.0 31.0 202.0 699.0 79.0 699.0 649.0 244.0 649.0 
1 2 0.84 0.84 182.0 37.0 182.0 312.0 201.0 312.0 
1 2 0.7 0.7 701.0 378.0 701.0 206.0 35.0 206.0 
1 2 0.65 0.65 912.0 262.0 912.0 609.0 223.0 609.0 
1 3 0.66 0.66 912.0 262.0 912.0 609.0 223.0 609.0 395.0 3.0 395.0 
1 2 0.22 0.22 98.0 12.0 98.0 771.0 82.0 771.0 
1 3 0.52 0.52 98.0 12.0 98.0 771.0 82.0 771.0 321.0 94.0 321.0 
1 4 0.54 0.54 98.0 12.0 98.0 771.0 82.0 771.0 321.0 94.0 321.0 550.0 13.0 550.0 
1 5 0.82 0.82 98.0 12.0 98.0 771.0 82.0 771.0 321.0 94.0 321.0 550.0 13.0 550.0 281.0 79.0 281.0 
1 2 0.26 0.26 320.0 33.0 320.0 273.0 44.0 273.0 
1 3 0.57 0.57 320.0 33.0 320.0 273.0 44.0 273.0 197.0 61.0 197.0 
1 4 0.97 0.97 320.0 33.0 320.0 273.0 44.0 273.0 197.0 61.0 197.0 725.0 294.0 725.0 
1 2 0.31 0.31 762.0 155.0 762.0 45.0 5.0 45.0 
1 3 0.93 0.93 762.0 155.0 762.0 45.0 5.0 45.0 770.0 478.0 770.0 
1 2 0.58 0.58 488.0 172.0 488.0 888.0 205.0 888.0 
1 2 0.97 0.97 798.0 747.0 798.0 785.0 31.0 785.0 
1 2 0.75 0.75 651.0 112.0 651.0 385.0 223.0 385.0 
1 3 0.82 0.82 651.0 112.0 651.0 385.0 223.0 385.0 105.0 8.0 105.0 
1 2 0.5 0.5 139.0 8.0 139.0 838.0 375.0 838.0 
1 2 0.87 0.87 520.0 357.0 520.0 189.0 36.0 189.0 
1 3 0.89 0.89 520.0 357.0 520.0 189.0 36.0 189.0 928.0 19.0 928.0 
1 2 0.59 0.59 292.0 50.0 292.0 699.0 293.0 699.0 
1 3 0.93 0.93 292.0 50.0 292.0 699.0 293.0 699.0 983.0 335.0 983.0 
1 2 0.98 0.98 981.0 409.0 981.0 238.0 135.0 238.0 
1 2 0.68 0.68 727.0 93.0 727.0 735.0 411.0 735.0 
1 2 0.23 0.23 123.0 6.0 123.0 372.0 69.0 372.0 
1 3 0.42 0.42 123.0 6.0 123.0 372.0 69.0 372.0 105.0 20.0 105.0 
1 2 0.84 0.84 627.0 180.0 627.0 487.0 273.0 487.0 
1 2 0.38 0.38 960.0 100.0 960.0 296.0 82.0 296.0 
1 3 0.58 0.58 960.0 100.0 960.0 296.0 82.0 296.0 287.0 59.0 287.0 
1 2 0.79 0.79 738.0 497.0 738.0 975.0 123.0 975.0 
1 3 0.99 0.99 738.0 497.0 738.0 975.0 123.0 975.0 926.0 177.0 926.0 
1 2 0.83 0.83 989.0 544.0 989.0 855.0 246.0 855.0 
1 3 0.86 0.86 989.0 544.0 989.0 855.0 246.0 855.0 815.0 24.0 815.0 
1 4 0.88 0.88 989.0 544.0 989.0 855.0 246.0 855.0 815.0 24.0 815.0 440.0 6.0 440.0 
1 5 0.94 0.94 989.0 544.0 989.0 855.0 246.0 855.0 815.0 24.0 815.0 440.0 6.0 440.0 44.0 3.0 44.0 
1 2 0.64 0.64 593.0 118.0 593.0 382.0 171.0 382.0 
1 2 0.73 0.73 573.0 310.0 573.0 336.0 64.0 336.0 
1 2 0.59 0.59 918.0 169.0 918.0 166.0 68.0 166.0 
1 3 0.91 0.91 918.0 169.0 918.0 166.0 68.0 166.0 697.0 226.0 697.0 
1 2 0.65 0.65 321.0 49.0 321.0 10.0 5.0 10.0 
1 2 0.37 0.37 758.0 121.0 758.0 304.0 66.0 304.0 
1 3 0.77 0.77 758.0 121.0 758.0 304.0 66.0 304.0 904.0 356.0 904.0 
1 4 0.99 0.99 758.0 121.0 758.0 304.0 66.0 304.0 904.0 356.0 904.0 340.0 77.0 340.0 
1 2 0.71 0.71 311.0 10.0 311.0 35.0 24.0 35.0 
1 2 0.6 0.6 311.0 163.0 311.0 608.0 49.0 608.0 
1 2 0.65 0.65 113.0 64.0 113.0 318.0 29.0 318.0 
1 3 0.93 0.93 113.0 64.0 113.0 318.0 29.0 318.0 426.0 120.0 426.0 
1 2 0.97 0.97 14.0 6.0 14.0 668.0 364.0 668.0 
1 2 0.16 0.16 578.0 69.0 578.0 61.0 3.0 61.0 
1 3 0.92 0.92 578.0 69.0 578.0 61.0 3.0 61.0 635.0 480.0 635.0 
1 2 0.91 0.91 659.0 572.0 659.0 970.0 47.0 970.0 
1 2 0.6 0.6 887.0 186.0 887.0 623.0 245.0 623.0 
1 3 0.65 0.65 887.0 186.0 887.0 623.0 245.0 623.0 100.0 5.0 100.0 
1 4 0.74 0.74 887.0 186.0 887.0 623.0 245.0 623.0 100.0 5.0 100.0 430.0 41.0 430.0 
1 5 0.84 0.84 887.0 186.0 887.0 623.0 245.0 623.0 100.0 5.0 100.0 430.0 41.0 430.0 458.0 44.0 458.0 
1 2 0.81 0.81 497.0 286.0 497.0 819.0 195.0 819.0 
1 2 0.72 0.72 524.0 315.0 524.0 265.0 32.0 265.0 
1 3 0.89 0.89 524.0 315.0 524.0 265.0 32.0 265.0 416.0 74.0 416.0 
1 2 0.36 0.36 734.0 21.0 734.0 586.0 196.0 586.0 
1 3 0.92 0.92 734.0 21.0 734.0 586.0 196.0 586.0 848.0 473.0 848.0 
1 2 0.68 0.68 794.0 175.0 794.0 445.0 205.0 445.0 
1 3 0.78 0.78 794.0 175.0 794.0 445.0 205.0 445.0 986.0 99.0 986.0 
1 4 0.99 0.99 794.0 175.0 794.0 445.0 205.0 445.0 986.0 99.0 986.0 669.0 143.0 669.0 
1 2 0.26 0.26 322.0 52.0 322.0 109.0 11.0 109.0 
1 2 0.73 0.73 79.0 26.0 79.0 503.0 202.0 503.0 
1 3 0.99 0.99 79.0 26.0 79.0 503.0 202.0 503.0 690.0 184.0 690.0 
1 2 0.68 0.68 836.0 384.0 836.0 590.0 136.0 590.0 
1 2 0.47 0.47 627.0 120.0 627.0 887.0 250.0 887.0 
1 3 0.99 0.99 627.0 120.0 627.0 887.0 250.0 887.0 715.0 370.0 715.0 
1 2 0.91 0.91 810.0 669.0 810.0 982.0 91.0 982.0 
1 2 0.84 0.84 752.0 338.0 752.0 494.0 194.0 494.0 
1 2 0.36 0.36 449.0 5.0 449.0 436.0 154.0 436.0 
1 3 0.82 0.82 449.0 5.0 449.0 436.0 154.0 436.0 961.0 440.0 961.0 
1 4 0.91 0.91 449.0 5.0 449.0 436.0 154.0 436.0 961.0 440.0 961.0 339.0 33.0 339.0 
1 2 0.61 0.61 557.0 81.0 557.0 700.0 331.0 700.0 
1 2 0.74 0.74 471.0 95.0 471.0 217.0 117.0 217.0 
1 2 0.24 0.24 91.0 5.0 91.0 424.0 79.0 424.0 
1 3 0.56 0.56 91.0 5.0 91.0 424.0 79.0 424.0 126.0 41.0 126.0 
1 4 0.61 0.61 91.0 5.0 91.0 424.0 79.0 424.0 126.0 41.0 126.0 683.0 36.0 683.0 
1 2 0.06 0.06 602.0 36.0 602.0 890.0 1.0 890.0 
1 3 0.33 0.33 602.0 36.0 602.0 890.0 1.0 890.0 825.0 223.0 825.0 
1 4 0.6 0.6 602.0 36.0 602.0 890.0 1.0 890.0 825.0 223.0 825.0 933.0 252.0 933.0 
1 5 0.71 0.71 602.0 36.0 602.0 890.0 1.0 890.0 825.0 223.0 825.0 933.0 252.0 933.0 178.0 20.0 178.0 
1 2 0.89 0.89 471.0 62.0 471.0 327.0 249.0 327.0 
1 2 0.89 0.89 861.0 389.0 861.0 34.0 15.0 34.0 
1 2 0.17 0.17 23.0 2.0 23.0 128.0 11.0 128.0 
1 3 0.76 0.76 23.0 2.0 23.0 128.0 11.0 128.0 392.0 233.0 392.0 
1 4 0.86 0.86 23.0 2.0 23.0 128.0 11.0 128.0 392.0 233.0 392.0 850.0 81.0 850.0 
1 5 0.96 0.96 23.0 2.0 23.0 128.0 11.0 128.0 392.0 233.0 392.0 850.0 81.0 850.0 431.0 45.0 431.0 
1 2 0.24 0.24 754.0 18.0 754.0 578.0 129.0 578.0 
1 3 0.35 0.35 754.0 18.0 754.0 578.0 129.0 578.0 972.0 103.0 972.0 
1 4 0.81 0.81 754.0 18.0 754.0 578.0 129.0 578.0 972.0 103.0 972.0 262.0 122.0 262.0 
1 2 0.73 0.73 547.0 373.0 547.0 517.0 29.0 517.0 
1 2 0.58 0.58 907.0 265.0 907.0 637.0 184.0 637.0 
1 3 0.72 0.72 907.0 265.0 907.0 637.0 184.0 637.0 147.0 21.0 147.0 
1 4 0.72 0.72 907.0 265.0 907.0 637.0 184.0 637.0 147.0 21.0 147.0 525.0 2.0 525.0 
1 5 0.73 0.73 907.0 265.0 907.0 637.0 184.0 637.0 147.0 21.0 147.0 525.0 2.0 525.0 697.0 2.0 697.0 
1 2 0.18 0.18 581.0 38.0 581.0 612.0 72.0 612.0 
1 3 0.6 0.6 581.0 38.0 581.0 612.0 72.0 612.0 322.0 137.0 322.0 
1 4 0.91 0.91 581.0 38.0 581.0 612.0 72.0 612.0 322.0 137.0 322.0 381.0 118.0 381.0 
1 2 0.29 0.29 321.0 37.0 321.0 990.0 174.0 990.0 
1 3 0.91 0.91 321.0 37.0 321.0 990.0 174.0 990.0 751.0 466.0 751.0 
1 2 0.47 0.47 638.0 225.0 638.0 662.0 81.0 662.0 
1 2 0.84 0.84 691.0 117.0 691.0 817.0 550.0 817.0 
1 3 0.98 0.98 691.0 117.0 691.0 817.0 550.0 817.0 513.0 73.0 513.0 
1 4 0.99 0.99 691.0 117.0 691.0 817.0 550.0 817.0 513.0 73.0 513.0 692.0 6.0 692.0 
1 5 0.99 0.99 691.0 117.0 691.0 817.0 550.0 817.0 513.0 73.0 513.0 692.0 6.0 692.0 777.0 4.0 777.0 
1 2 0.7 0.7 107.0 42.0 107.0 222.0 69.0 222.0 
1 2 0.83 0.83 335.0 147.0 335.0 961.0 384.0 961.0 
1 2 0.71 0.71 869.0 515.0 869.0 326.0 41.0 326.0 
1 3 0.96 0.96 869.0 515.0 869.0 326.0 41.0 326.0 52.0 13.0 52.0 
1 2 0.9 0.9 623.0 88.0 623.0 141.0 107.0 141.0 
1 2 0.44 0.44 90.0 16.0 90.0 655.0 175.0 655.0 
1 2 0.84 0.84 56.0 46.0 56.0 502.0 10.0 502.0 
1 2 0.88 0.88 864.0 757.0 864.0 753.0 4.0 753.0 
1 3 0.91 0.91 864.0 757.0 864.0 753.0 4.0 753.0 527.0 20.0 527.0 
1 2 0.76 0.76 306.0 117.0 306.0 499.0 191.0 499.0 
1 2 0.3 0.3 12.0 3.0 12.0 367.0 20.0 367.0 
1 3 0.47 0.47 12.0 3.0 12.0 367.0 20.0 367.0 470.0 82.0 470.0 
1 4 0.73 0.73 12.0 3.0 12.0 367.0 20.0 367.0 470.0 82.0 470.0 664.0 172.0 664.0 
1 5 0.78 0.78 12.0 3.0 12.0 367.0 20.0 367.0 470.0 82.0 470.0 664.0 172.0 664.0 469.0 23.0 469.0 
1 2 0.82 0.82 624.0 10.0 624.0 286.0 232.0 286.0 
1 3 0.96 0.96 624.0 10.0 624.0 286.0 232.0 286.0 496.0 70.0 496.0 
1 2 0.71 0.71 425.0 151.0 425.0 394.0 143.0 394.0 
1 3 0.89 0.89 425.0 151.0 425.0 394.0 143.0 394.0 136.0 24.0 136.0 
1 2 0.69 0.69 603.0 399.0 603.0 743.0 27.0 743.0 
1 2 0.7 0.7 626.0 146.0 626.0 572.0 270.0 572.0 
1 3 0.89 0.89 626.0 146.0 626.0 572.0 270.0 572.0 867.0 161.0 867.0 
1 2 0.78 0.78 655.0 428.0 655.0 704.0 94.0 704.0 
1 2 0.82 0.82 753.0 230.0 753.0 31.0 16.0 31.0 
1 2 0.74 0.74 742.0 544.0 742.0 744.0 9.0 744.0 
1 2 0.67 0.67 564.0 327.0 564.0 731.0 71.0 731.0 
1 2 0.28 0.28 429.0 113.0 429.0 718.0 16.0 718.0 
1 3 0.54 0.54 429.0 113.0 429.0 718.0 16.0 718.0 496.0 129.0 496.0 
1 2 0.78 0.78 861.0 559.0 861.0 656.0 88.0 656.0 
1 3 0.88 0.88 861.0 559.0 861.0 656.0 88.0 656.0 153.0 15.0 153.0 
1 2 0.18 0.18 289.0 37.0 289.0 172.0 10.0 172.0 
1 3 0.44 0.44 289.0 37.0 289.0 172.0 10.0 172.0 737.0 190.0 737.0 
1 4 0.46 0.46 289.0 37.0 289.0 172.0 10.0 172.0 737.0 190.0 737.0 923.0 19.0 923.0 
1 5 0.82 0.82 289.0 37.0 289.0 172.0 10.0 172.0 737.0 190.0 737.0 923.0 19.0 923.0 778.0 279.0 778.0 
1 2 0.83 0.83 491.0 57.0 491.0 49.0 35.0 49.0 
1 2 0.56 0.56 667.0 341.0 667.0 898.0 46.0 898.0 
1 2 0.49 0.49 105.0 30.0 105.0 529.0 111.0 529.0 
1 2 0.57 0.57 534.0 28.0 534.0 958.0 498.0 958.0 
1 2 0.51 0.51 832.0 362.0 832.0 84.0 7.0 84.0 
1 3 0.79 0.79 832.0 362.0 832.0 84.0 7.0 84.0 755.0 210.0 755.0 
1 2 0.54 0.54 915.0 69.0 915.0 116.0 54.0 116.0 
1 2 0.97 0.97 920.0 176.0 920.0 859.0 676.0 859.0 
1 2 0.13 0.13 246.0 29.0 246.0 316.0 5.0 316.0 
1 3 0.67 0.67 246.0 29.0 246.0 316.0 5.0 316.0 830.0 451.0 830.0 
1 4 0.71 0.71 246.0 29.0 246.0 316.0 5.0 316.0 830.0 451.0 830.0 317.0 11.0 317.0 
1 2 0.2 0.2 833.0 1.0 833.0 860.0 172.0 860.0 
1 3 0.22 0.22 833.0 1.0 833.0 860.0 172.0 860.0 491.0 11.0 491.0 
1 4 0.34 0.34 833.0 1.0 833.0 860.0 172.0 860.0 491.0 11.0 491.0 957.0 113.0 957.0 
1 2 0.21 0.21 471.0 77.0 471.0 186.0 10.0 186.0 
1 3 0.5 0.5 471.0 77.0 471.0 186.0 10.0 186.0 311.0 89.0 311.0 
1 2 0.61 0.61 629.0 93.0 629.0 510.0 238.0 510.0 
1 2 0.91 0.91 42.0 17.0 42.0 873.0 442.0 873.0 
1 3 0.98 0.98 42.0 17.0 42.0 873.0 442.0 873.0 278.0 21.0 278.0 
1 2 0.92 0.92 769.0 281.0 769.0 750.0 423.0 750.0 
1 2 0.92 0.92 779.0 314.0 779.0 986.0 511.0 986.0 
1 2 0.39 0.39 986.0 290.0 986.0 390.0 40.0 390.0 
1 3 0.78 0.78 986.0 290.0 986.0 390.0 40.0 390.0 777.0 304.0 777.0 
1 4 0.93 0.93 986.0 290.0 986.0 390.0 40.0 390.0 777.0 304.0 777.0 638.0 92.0 638.0 
1 2 0.9 0.9 934.0 161.0 934.0 76.0 56.0 76.0 
1 2 0.52 0.52 583.0 106.0 583.0 525.0 179.0 525.0 
1 2 0.95 0.95 477.0 13.0 477.0 26.0 24.0 26.0 
1 3 0.98 0.98 477.0 13.0 477.0 26.0 24.0 26.0 287.0 10.0 287.0 
1 2 0.89 0.89 254.0 227.0 254.0 914.0 4.0 914.0 
1 2 0.63 0.63 775.0 347.0 775.0 126.0 24.0 126.0 
1 3 0.89 0.89 775.0 347.0 775.0 126.0 24.0 126.0 98.0 25.0 98.0 
1 2 0.11 0.11 453.0 49.0 453.0 433.0 2.0 433.0 
1 3 0.89 0.89 453.0 49.0 453.0 433.0 2.0 433.0 877.0 682.0 877.0 
1 2 0.59 0.59 529.0 242.0 529.0 141.0 19.0 141.0 
1 3 0.82 0.82 529.0 242.0 529.0 141.0 19.0 141.0 300.0 71.0 300.0 
1 2 0.36 0.36 460.0 129.0 460.0 314.0 26.0 314.0 
1 3 0.38 0.38 460.0 129.0 460.0 314.0 26.0 314.0 42.0 1.0 42.0 
1 2 0.03 0.03 301.0 1.0 301.0 316.0 10.0 316.0 
1 3 0.87 0.87 301.0 1.0 301.0 316.0 10.0 316.0 32.0 27.0 32.0 
1 2 0.69 0.69 648.0 218.0 648.0 287.0 102.0 287.0 
1 3 0.89 0.89 648.0 218.0 648.0 287.0 102.0 287.0 89.0 18.0 89.0 
1 4 0.96 0.96 648.0 218.0 648.0 287.0 102.0 287.0 89.0 18.0 89.0 14.0 1.0 14.0 
1 2 0.82 0.82 27.0 13.0 27.0 232.0 80.0 232.0 
1 2 0.62 0.62 534.0 240.0 534.0 957.0 171.0 957.0 
1 3 0.87 0.87 534.0 240.0 534.0 957.0 171.0 957.0 235.0 59.0 235.0 
1 2 0.52 0.52 63.0 3.0 63.0 241.0 116.0 241.0 
1 3 0.7 0.7 63.0 3.0 63.0 241.0 116.0 241.0 134.0 23.0 134.0 
1 2 0.68 0.68 990.0 628.0 990.0 651.0 34.0 651.0 
1 3 0.98 0.98 990.0 628.0 990.0 651.0 34.0 651.0 471.0 139.0 471.0 
1 2 0.73 0.73 453.0 232.0 453.0 980.0 219.0 980.0 
1 2 0.54 0.54 937.0 452.0 937.0 165.0 10.0 165.0 
1 3 0.74 0.74 937.0 452.0 937.0 165.0 10.0 165.0 925.0 188.0 925.0 
1 2 0.34 0.34 788.0 66.0 788.0 499.0 132.0 499.0 
1 3 0.41 0.41 788.0 66.0 788.0 499.0 132.0 499.0 917.0 59.0 917.0 
1 2 0.69 0.69 250.0 116.0 250.0 224.0 51.0 224.0 
1 2 0.41 0.41 464.0 115.0 464.0 310.0 53.0 310.0 
1 2 0.74 0.74 873.0 10.0 873.0 757.0 554.0 757.0 
1 3 0.92 0.92 873.0 10.0 873.0 757.0 554.0 757.0 119.0 22.0 119.0 
1 2 0.99 0.99 741.0 340.0 741.0 589.0 315.0 589.0 
1 2 0.19 0.19 840.0 34.0 840.0 422.0 65.0 422.0 
1 3 0.54 0.54 840.0 34.0 840.0 422.0 65.0 422.0 371.0 129.0 371.0 
1 4 0.71 0.71 840.0 34.0 840.0 422.0 65.0 422.0 371.0 129.0 371.0 309.0 52.0 309.0 
1 2 0.73 0.73 531.0 345.0 531.0 169.0 15.0 169.0 
1 3 0.77 0.77 531.0 345.0 531.0 169.0 15.0 169.0 937.0 38.0 937.0 
1 2 0.38 0.38 546.0 199.0 546.0 138.0 3.0 138.0 
1 3 0.63 0.63 546.0 199.0 546.0 138.0 3.0 138.0 610.0 153.0 610.0 
1 4 0.67 0.67 546.0 199.0 546.0 138.0 3.0 138.0 610.0 153.0 610.0 174.0 6.0 174.0 
1 2 0.24 0.24 413.0 9.0 413.0 610.0 134.0 610.0 
1 3 0.37 0.37 413.0 9.0 413.0 610.0 134.0 610.0 968.0 129.0 968.0 
1 4 0.75 0.75 413.0 9.0 413.0 610.0 134.0 610.0 968.0 129.0 968.0 865.0 330.0 865.0 
1 2 0.82 0.82 688.0 140.0 688.0 529.0 328.0 529.0 
1 3 0.87 0.87 688.0 140.0 688.0 529.0 328.0 529.0 621.0 33.0 621.0 
1 2 0.66 0.66 240.0 41.0 240.0 786.0 389.0 786.0 
1 3 0.82 0.82 240.0 41.0 240.0 786.0 389.0 786.0 667.0 109.0 667.0 
1 4 0.86 0.86 240.0 41.0 240.0 786.0 389.0 786.0 667.0 109.0 667.0 805.0 25.0 805.0 
1 2 0.68 0.68 186.0 126.0 186.0 278.0 1.0 278.0 
1 3 0.76 0.76 186.0 126.0 186.0 278.0 1.0 278.0 106.0 9.0 106.0 
1 2 0.33 0.33 576.0 110.0 576.0 221.0 31.0 221.0 
1 3 0.49 0.49 576.0 110.0 576.0 221.0 31.0 221.0 387.0 62.0 387.0 
1 4 0.59 0.59 576.0 110.0 576.0 221.0 31.0 221.0 387.0 62.0 387.0 435.0 43.0 435.0 
1 2 0.86 0.86 436.0 305.0 436.0 940.0 160.0 940.0 
1 2 0.54 0.54 573.0 55.0 573.0 520.0 231.0 520.0 
1 3 0.81 0.81 573.0 55.0 573.0 520.0 231.0 520.0 44.0 12.0 44.0 
1 2 0.98 0.98 123.0 62.0 123.0 744.0 355.0 744.0 
1 2 0.79 0.79 629.0 17.0 629.0 251.0 194.0 251.0 
1 2 0.35 0.35 252.0 69.0 252.0 59.0 5.0 59.0 
1 2 0.61 0.61 19.0 4.0 19.0 858.0 350.0 858.0 
1 3 0.67 0.67 19.0 4.0 19.0 858.0 350.0 858.0 262.0 14.0 262.0 
1 2 0.46 0.46 689.0 210.0 689.0 925.0 146.0 925.0 
1 3 0.56 0.56 689.0 210.0 689.0 925.0 146.0 925.0 942.0 95.0 942.0 
1 2 0.76 0.76 512.0 68.0 512.0 546.0 346.0 546.0 
1 3 0.9 0.9 512.0 68.0 512.0 546.0 346.0 546.0 215.0 29.0 215.0 
1 2 0.24 0.24 89.0 1.0 89.0 836.0 196.0 836.0 
1 3 0.34 0.34 89.0 1.0 89.0 836.0 196.0 836.0 328.0 32.0 328.0 
1 4 0.43 0.43 89.0 1.0 89.0 836.0 196.0 836.0 328.0 32.0 328.0 982.0 88.0 982.0 
1 5 0.66 0.66 89.0 1.0 89.0 836.0 196.0 836.0 328.0 32.0 328.0 982.0 88.0 982.0 430.0 101.0 430.0 
1 2 0.29 0.29 817.0 193.0 817.0 928.0 55.0 928.0 
1 2 0.91 0.91 311.0 197.0 311.0 972.0 272.0 972.0 
1 2 0.37 0.37 698.0 231.0 698.0 448.0 18.0 448.0 
1 3 0.95 0.95 698.0 231.0 698.0 448.0 18.0 448.0 192.0 113.0 192.0 
1 2 0.53 0.53 996.0 341.0 996.0 578.0 111.0 578.0 
1 2 0.36 0.36 958.0 82.0 958.0 886.0 248.0 886.0 
1 3 0.51 0.51 958.0 82.0 958.0 886.0 248.0 886.0 854.0 129.0 854.0 
1 4 0.63 0.63 958.0 82.0 958.0 886.0 248.0 886.0 854.0 129.0 854.0 646.0 79.0 646.0 
1 2 0.62 0.62 577.0 16.0 577.0 528.0 317.0 528.0 
1 3 0.66 0.66 577.0 16.0 577.0 528.0 317.0 528.0 953.0 34.0 953.0 
1 2 0.23 0.23 98.0 5.0 98.0 452.0 85.0 452.0 
1 3 0.35 0.35 98.0 5.0 98.0 452.0 85.0 452.0 243.0 29.0 243.0 
1 2 0.8 0.8 547.0 243.0 547.0 442.0 158.0 442.0 
1 2 0.29 0.29 75.0 21.0 75.0 66.0 1.0 66.0 
1 3 0.35 0.35 75.0 21.0 75.0 66.0 1.0 66.0 315.0 19.0 315.0 
1 2 0.82 0.82 452.0 258.0 452.0 354.0 91.0 354.0 
1 3 0.91 0.91 452.0 258.0 452.0 354.0 91.0 354.0 381.0 35.0 381.0 
1 2 0.97 0.97 705.0 292.0 705.0 591.0 331.0 591.0 
1 3 0.98 0.98 705.0 292.0 705.0 591.0 331.0 591.0 70.0 1.0 70.0 
1 2 0.91 0.91 271.0 218.0 271.0 54.0 6.0 54.0 
1 2 0.71 0.71 897.0 57.0 897.0 781.0 506.0 781.0 
1 3 0.89 0.89 897.0 57.0 897.0 781.0 506.0 781.0 154.0 29.0 154.0 
1 2 0.81 0.81 443.0 206.0 443.0 951.0 334.0 951.0 
1 2 0.57 0.57 880.0 212.0 880.0 432.0 144.0 432.0 
1 2 0.42 0.42 7.0 1.0 7.0 580.0 164.0 580.0 
1 2 0.35 0.35 809.0 69.0 809.0 418.0 114.0 418.0 
1 2 0.67 0.67 280.0 151.0 280.0 442.0 62.0 442.0 
1 3 0.99 0.99 280.0 151.0 280.0 442.0 62.0 442.0 754.0 240.0 754.0 
1 2 0.77 0.77 796.0 31.0 796.0 639.0 470.0 639.0 
1 2 0.17 0.17 214.0 12.0 214.0 695.0 85.0 695.0 
1 3 0.38 0.38 214.0 12.0 214.0 695.0 85.0 695.0 204.0 42.0 204.0 
1 4 0.57 0.57 214.0 12.0 214.0 695.0 85.0 695.0 204.0 42.0 204.0 853.0 159.0 853.0 
1 5 0.76 0.76 214.0 12.0 214.0 695.0 85.0 695.0 204.0 42.0 204.0 853.0 159.0 853.0 63.0 12.0 63.0 
1 2 0.38 0.38 996.0 240.0 996.0 532.0 77.0 532.0 
1 3 0.39 0.39 996.0 240.0 996.0 532.0 77.0 532.0 582.0 5.0 582.0 
1 2 0.95 0.95 124.0 11.0 124.0 101.0 87.0 101.0 
1 2 0.79 0.79 348.0 74.0 348.0 614.0 359.0 614.0 
1 2 0.85 0.85 119.0 26.0 119.0 933.0 591.0 933.0 
1 3 0.89 0.89 119.0 26.0 119.0 933.0 591.0 933.0 878.0 42.0 878.0 
1 4 0.95 0.95 119.0 26.0 119.0 933.0 591.0 933.0 878.0 42.0 878.0 185.0 10.0 185.0 
1 2 0.55 0.55 811.0 183.0 811.0 860.0 287.0 860.0 
1 2 0.39 0.39 426.0 111.0 426.0 851.0 114.0 851.0 
1 3 0.5 0.5 426.0 111.0 426.0 851.0 114.0 851.0 636.0 71.0 636.0 
1 4 0.77 0.77 426.0 111.0 426.0 851.0 114.0 851.0 636.0 71.0 636.0 666.0 176.0 666.0 
1 2 0.42 0.42 627.0 197.0 627.0 288.0 31.0 288.0 
1 3 0.98 0.98 627.0 197.0 627.0 288.0 31.0 288.0 860.0 484.0 860.0 
1 2 0.68 0.68 846.0 168.0 846.0 483.0 235.0 483.0 
1 2 0.98 0.98 198.0 136.0 198.0 996.0 298.0 996.0 
1 2 0.48 0.48 454.0 81.0 454.0 745.0 229.0 745.0 
1 2 0.99 0.99 136.0 128.0 136.0 324.0 17.0 324.0 
1 2 0.65 0.65 78.0 48.0 78.0 695.0 27.0 695.0 
1 2 0.3 0.3 694.0 179.0 694.0 721.0 34.0 721.0 
1 3 0.37 0.37 694.0 179.0 694.0 721.0 34.0 721.0 70.0 5.0 70.0 
1 2 0.59 0.59 923.0 111.0 923.0 709.0 336.0 709.0 
1 2 0.81 0.81 660.0 223.0 660.0 973.0 464.0 973.0 
1 3 0.97 0.97 660.0 223.0 660.0 973.0 464.0 973.0 221.0 35.0 221.0 
1 2 0.34 0.34 72.0 3.0 72.0 560.0 171.0 560.0 
1 3 0.77 0.77 72.0 3.0 72.0 560.0 171.0 560.0 302.0 128.0 302.0 
1 4 0.82 0.82 72.0 3.0 72.0 560.0 171.0 560.0 302.0 128.0 302.0 761.0 39.0 761.0 
1 2 0.96 0.96 250.0 104.0 250.0 848.0 469.0 848.0 
1 2 0.7 0.7 24.0 4.0 24.0 99.0 53.0 99.0 
1 3 0.9 0.9 24.0 4.0 24.0 99.0 53.0 99.0 856.0 174.0 856.0 
1 2 0.41 0.41 218.0 17.0 218.0 667.0 225.0 667.0 
1 3 0.62 0.62 218.0 17.0 218.0 667.0 225.0 667.0 943.0 196.0 943.0 
1 2 0.95 0.95 652.0 591.0 652.0 42.0 2.0 42.0 
1 2 0.72 0.72 797.0 390.0 797.0 391.0 91.0 391.0 
1 2 0.19 0.19 857.0 111.0 857.0 926.0 60.0 926.0 
1 3 0.79 0.79 857.0 111.0 857.0 926.0 60.0 926.0 241.0 144.0 241.0 
1 2 0.2 0.2 595.0 41.0 595.0 478.0 66.0 478.0 
1 3 0.47 0.47 595.0 41.0 595.0 478.0 66.0 478.0 998.0 266.0 998.0 
1 4 0.77 0.77 595.0 41.0 595.0 478.0 66.0 478.0 998.0 266.0 998.0 63.0 19.0 63.0 
1 2 0.39 0.39 554.0 4.0 554.0 565.0 217.0 565.0 
1 3 0.62 0.62 554.0 4.0 554.0 565.0 217.0 565.0 98.0 23.0 98.0 
1 4 0.8 0.8 554.0 4.0 554.0 565.0 217.0 565.0 98.0 23.0 98.0 17.0 3.0 17.0 
1 2 0.36 0.36 56.0 17.0 56.0 170.0 11.0 170.0 
1 3 0.97 0.97 56.0 17.0 56.0 170.0 11.0 170.0 99.0 60.0 99.0 
1 2 0.69 0.69 397.0 121.0 397.0 715.0 280.0 715.0 
1 3 0.96 0.96 397.0 121.0 397.0 715.0 280.0 715.0 33.0 9.0 33.0 
1 2 0.71 0.71 93.0 17.0 93.0 696.0 369.0 696.0 
1 3 0.79 0.79 93.0 17.0 93.0 696.0 369.0 696.0 254.0 22.0 254.0 
1 2 0.24 0.24 383.0 26.0 383.0 609.0 109.0 609.0 
1 2 0.63 0.63 876.0 31.0 876.0 957.0 572.0 957.0 
1 3 0.87 0.87 876.0 31.0 876.0 957.0 572.0 957.0 763.0 184.0 763.0 
1 2 0.13 0.13 603.0 56.0 603.0 732.0 29.0 732.0 
1 3 0.84 0.84 603.0 56.0 603.0 732.0 29.0 732.0 416.0 296.0 416.0 
1 4 0.86 0.86 603.0 56.0 603.0 732.0 29.0 732.0 416.0 296.0 416.0 710.0 17.0 710.0 
1 2 0.66 0.66 92.0 8.0 92.0 730.0 424.0 730.0 
1 3 0.88 0.88 92.0 8.0 92.0 730.0 424.0 730.0 131.0 28.0 131.0 
1 2 0.12 0.12 940.0 69.0 940.0 222.0 11.0 222.0 
1 3 0.34 0.34 940.0 69.0 940.0 222.0 11.0 222.0 168.0 37.0 168.0 
1 4 0.69 0.69 940.0 69.0 940.0 222.0 11.0 222.0 168.0 37.0 168.0 521.0 184.0 521.0 
1 5 0.72 0.72 940.0 69.0 940.0 222.0 11.0 222.0 168.0 37.0 168.0 521.0 184.0 521.0 768.0 22.0 768.0 
1 2 0.76 0.76 257.0 185.0 257.0 580.0 28.0 580.0 
1 2 0.44 0.44 66.0 10.0 66.0 943.0 275.0 943.0 
1 3 0.45 0.45 66.0 10.0 66.0 943.0 275.0 943.0 720.0 6.0 720.0 
1 4 0.47 0.47 66.0 10.0 66.0 943.0 275.0 943.0 720.0 6.0 720.0 917.0 22.0 917.0 
1 5 0.8 0.8 66.0 10.0 66.0 943.0 275.0 943.0 720.0 6.0 720.0 917.0 22.0 917.0 304.0 101.0 304.0 
1 6 0.9 0.9 66.0 10.0 66.0 943.0 275.0 943.0 720.0 6.0 720.0 917.0 22.0 917.0 304.0 101.0 304.0 277.0 26.0 277.0 
1 2 0.61 0.61 124.0 44.0 124.0 195.0 50.0 195.0 
1 2 0.96 0.96 50.0 29.0 50.0 328.0 125.0 328.0 
1 2 0.32 0.32 268.0 54.0 268.0 88.0 11.0 88.0 
1 3 0.39 0.39 268.0 54.0 268.0 88.0 11.0 88.0 161.0 11.0 161.0 
1 4 0.67 0.67 268.0 54.0 268.0 88.0 11.0 88.0 161.0 11.0 161.0 114.0 32.0 114.0 
1 2 0.48 0.48 97.0 12.0 97.0 635.0 230.0 635.0 
1 2 0.85 0.85 906.0 311.0 906.0 224.0 115.0 224.0 
1 2 0.4 0.4 316.0 68.0 316.0 101.0 19.0 101.0 
1 3 0.93 0.93 316.0 68.0 316.0 101.0 19.0 101.0 737.0 395.0 737.0 
1 4 0.94 0.94 316.0 68.0 316.0 101.0 19.0 101.0 737.0 395.0 737.0 978.0 9.0 978.0 
1 5 0.94 0.94 316.0 68.0 316.0 101.0 19.0 101.0 737.0 395.0 737.0 978.0 9.0 978.0 776.0 1.0 776.0 
1 2 0.93 0.93 992.0 772.0 992.0 226.0 36.0 226.0 
1 2 0.66 0.66 783.0 18.0 783.0 108.0 69.0 108.0 
1 3 0.7 0.7 783.0 18.0 783.0 108.0 69.0 108.0 984.0 39.0 984.0 
1 2 0.23 0.23 726.0 108.0 726.0 775.0 70.0 775.0 
1 3 0.49 0.49 726.0 108.0 726.0 775.0 70.0 775.0 101.0 26.0 101.0 
1 4 0.49 0.49 726.0 108.0 726.0 775.0 70.0 775.0 101.0 26.0 101.0 297.0 1.0 297.0 
1 2 0.53 0.53 815.0 210.0 815.0 174.0 48.0 174.0 
1 3 0.8 0.8 815.0 210.0 815.0 174.0 48.0 174.0 718.0 194.0 718.0 
1 2 0.83 0.83 343.0 236.0 343.0 100.0 15.0 100.0 
1 2 0.9 0.9 213.0 95.0 213.0 81.0 37.0 81.0 
1 2 0.41 0.41 982.0 106.0 982.0 74.0 23.0 74.0 
1 3 0.95 0.95 982.0 106.0 982.0 74.0 23.0 74.0 838.0 453.0 838.0 
1 2 0.62 0.62 277.0 74.0 277.0 959.0 343.0 959.0 
1 2 0.15 0.15 671.0 56.0 671.0 579.0 43.0 579.0 
1 3 0.52 0.52 671.0 56.0 671.0 579.0 43.0 579.0 69.0 25.0 69.0 
1 4 0.69 0.69 671.0 56.0 671.0 579.0 43.0 579.0 69.0 25.0 69.0 799.0 138.0 799.0 
1 5 0.95 0.95 671.0 56.0 671.0 579.0 43.0 579.0 69.0 25.0 69.0 799.0 138.0 799.0 777.0 202.0 777.0 
1 2 0.46 0.46 330.0 38.0 330.0 800.0 283.0 800.0 
1 3 0.86 0.86 330.0 38.0 330.0 800.0 283.0 800.0 894.0 356.0 894.0 
1 2 0.73 0.73 468.0 185.0 468.0 61.0 21.0 61.0 
1 2 0.9 0.9 425.0 251.0 425.0 349.0 109.0 349.0 
1 2 0.57 0.57 700.0 139.0 700.0 438.0 164.0 438.0 
1 3 0.97 0.97 700.0 139.0 700.0 438.0 164.0 438.0 778.0 314.0 778.0 
1 2 0.18 0.18 291.0 43.0 291.0 397.0 13.0 397.0 
1 3 0.7 0.7 291.0 43.0 291.0 397.0 13.0 397.0 457.0 240.0 457.0 
1 4 0.86 0.86 291.0 43.0 291.0 397.0 13.0 397.0 457.0 240.0 457.0 546.0 85.0 546.0 
1 2 0.86 0.86 86.0 49.0 86.0 70.0 21.0 70.0 
1 3 0.94 0.94 86.0 49.0 86.0 70.0 21.0 70.0 227.0 17.0 227.0 
1 2 0.2 0.2 153.0 20.0 153.0 238.0 18.0 238.0 
1 3 0.61 0.61 153.0 20.0 153.0 238.0 18.0 238.0 56.0 23.0 56.0 
1 4 0.95 0.95 153.0 20.0 153.0 238.0 18.0 238.0 56.0 23.0 56.0 797.0 273.0 797.0 
1 2 0.71 0.71 265.0 8.0 265.0 131.0 90.0 131.0 
1 2 0.44 0.44 111.0 28.0 111.0 947.0 178.0 947.0 
1 3 0.71 0.71 111.0 28.0 111.0 947.0 178.0 947.0 662.0 182.0 662.0 
1 2 0.5 0.5 408.0 63.0 408.0 333.0 116.0 333.0 
1 2 0.73 0.73 326.0 102.0 326.0 167.0 70.0 167.0 
1 3 0.91 0.91 326.0 102.0 326.0 167.0 70.0 167.0 283.0 53.0 283.0 
1 4 0.99 0.99 326.0 102.0 326.0 167.0 70.0 167.0 283.0 53.0 283.0 683.0 55.0 683.0 
1 2 0.83 0.83 677.0 189.0 677.0 880.0 492.0 880.0 
1 3 0.97 0.97 677.0 189.0 677.0 880.0 492.0 880.0 139.0 19.0 139.0 
1 2 0.99 0.99 874.0 217.0 874.0 80.0 60.0 80.0 
1 2 0.73 0.73 277.0 117.0 277.0 253.0 79.0 253.0 
1 3 0.89 0.89 277.0 117.0 277.0 253.0 79.0 253.0 350.0 56.0 350.0 
1 4 0.91 0.91 277.0 117.0 277.0 253.0 79.0 253.0 350.0 56.0 350.0 572.0 11.0 572.0 
1 2 0.72 0.72 395.0 141.0 395.0 733.0 269.0 733.0 
1 2 0.78 0.78 961.0 476.0 961.0 601.0 176.0 601.0 
1 3 0.91 0.91 961.0 476.0 961.0 601.0 176.0 601.0 388.0 49.0 388.0 
1 2 0.45 0.45 43.0 11.0 43.0 108.0 21.0 108.0 
1 2 0.91 0.91 246.0 61.0 246.0 814.0 542.0 814.0 
1 2 0.4 0.4 316.0 6.0 316.0 440.0 172.0 440.0 
1 3 0.83 0.83 316.0 6.0 316.0 440.0 172.0 440.0 121.0 52.0 121.0 
1 4 0.9 0.9 316.0 6.0 316.0 440.0 172.0 440.0 121.0 52.0 121.0 150.0 10.0 150.0 
1 5 0.92 0.92 316.0 6.0 316.0 440.0 172.0 440.0 121.0 52.0 121.0 150.0 10.0 150.0 333.0 5.0 333.0 
1 2 0.98 0.98 794.0 90.0 794.0 346.0 300.0 346.0 
1 2 0.75 0.75 787.0 365.0 787.0 310.0 89.0 310.0 
1 3 0.77 0.77 787.0 365.0 787.0 310.0 89.0 310.0 366.0 9.0 366.0 
1 2 0.87 0.87 248.0 208.0 248.0 652.0 22.0 652.0 
1 2 0.42 0.42 310.0 128.0 310.0 840.0 8.0 840.0 
1 3 0.51 0.51 310.0 128.0 310.0 840.0 8.0 840.0 546.0 53.0 546.0 
1 4 0.71 0.71 310.0 128.0 310.0 840.0 8.0 840.0 546.0 53.0 546.0 578.0 115.0 578.0 
1 2 0.3 0.3 988.0 85.0 988.0 830.0 182.0 830.0 
1 2 0.08 0.08 447.0 19.0 447.0 693.0 28.0 693.0 
1 3 0.83 0.83 447.0 19.0 447.0 693.0 28.0 693.0 854.0 639.0 854.0 
1 2 0.41 0.41 572.0 24.0 572.0 719.0 271.0 719.0 
1 3 0.49 0.49 572.0 24.0 572.0 719.0 271.0 719.0 848.0 66.0 848.0 
1 4 0.89 0.89 572.0 24.0 572.0 719.0 271.0 719.0 848.0 66.0 848.0 841.0 339.0 841.0 
1 2 0.64 0.64 196.0 49.0 196.0 482.0 191.0 482.0 
1 3 0.69 0.69 196.0 49.0 196.0 482.0 191.0 482.0 547.0 29.0 547.0 
1 2 0.84 0.84 356.0 132.0 356.0 821.0 387.0 821.0 
1 2 0.43 0.43 262.0 27.0 262.0 406.0 135.0 406.0 
1 3 0.74 0.74 262.0 27.0 262.0 406.0 135.0 406.0 823.0 257.0 823.0 
1 4 0.98 0.98 262.0 27.0 262.0 406.0 135.0 406.0 823.0 257.0 823.0 300.0 71.0 300.0 
1 2 0.98 0.98 268.0 16.0 268.0 410.0 380.0 410.0 
1 2 0.56 0.56 124.0 63.0 124.0 631.0 34.0 631.0 
1 3 0.62 0.62 124.0 63.0 124.0 631.0 34.0 631.0 133.0 9.0 133.0 
1 2 0.94 0.94 671.0 101.0 671.0 451.0 357.0 451.0 
1 2 0.71 0.71 209.0 95.0 209.0 501.0 128.0 501.0 
1 3 0.75 0.75 209.0 95.0 209.0 501.0 128.0 501.0 558.0 25.0 558.0 
1 2 0.88 0.88 506.0 14.0 506.0 731.0 624.0 731.0 
1 2 0.73 0.73 394.0 26.0 394.0 437.0 291.0 437.0 
1 2 0.32 0.32 838.0 149.0 838.0 633.0 94.0 633.0 
1 3 0.34 0.34 838.0 149.0 838.0 633.0 94.0 633.0 360.0 6.0 360.0 
1 4 0.66 0.66 838.0 149.0 838.0 633.0 94.0 633.0 360.0 6.0 360.0 419.0 134.0 419.0 
1 2 0.95 0.95 631.0 270.0 631.0 616.0 326.0 616.0 
1 2 0.33 0.33 568.0 54.0 568.0 924.0 219.0 924.0 
1 3 0.41 0.41 568.0 54.0 568.0 924.0 219.0 924.0 589.0 46.0 589.0 
1 4 0.74 0.74 568.0 54.0 568.0 924.0 219.0 924.0 589.0 46.0 589.0 3.0 1.0 3.0 
1 2 0.41 0.41 109.0 17.0 109.0 740.0 191.0 740.0 
1 2 0.51 0.51 145.0 24.0 145.0 602.0 209.0 602.0 
1 2 0.88 0.88 32.0 25.0 32.0 289.0 29.0 289.0 
1 2 0.63 0.63 50.0 22.0 50.0 636.0 122.0 636.0 
1 3 0.65 0.65 50.0 22.0 50.0 636.0 122.0 636.0 197.0 4.0 197.0 
1 2 0.57 0.57 267.0 111.0 267.0 717.0 115.0 717.0 
1 2 0.86 0.86 569.0 400.0 569.0 200.0 32.0 200.0 
1 2 0.23 0.23 89.0 2.0 89.0 653.0 137.0 653.0 
1 3 0.74 0.74 89.0 2.0 89.0 653.0 137.0 653.0 613.0 317.0 613.0 
1 4 0.88 0.88 89.0 2.0 89.0 653.0 137.0 653.0 613.0 317.0 613.0 994.0 138.0 994.0 
1 2 0.54 0.54 955.0 183.0 955.0 152.0 53.0 152.0 
1 3 0.92 0.92 955.0 183.0 955.0 152.0 53.0 152.0 723.0 280.0 723.0 
1 2 0.99 0.99 766.0 341.0 766.0 418.0 229.0 418.0 
1 2 0.6 0.6 67.0 38.0 67.0 72.0 3.0 72.0 
1 3 0.62 0.62 67.0 38.0 67.0 72.0 3.0 72.0 826.0 14.0 826.0 
1 2 0.91 0.91 82.0 33.0 82.0 995.0 506.0 995.0 
1 2 0.92 0.92 579.0 337.0 579.0 790.0 272.0 790.0 
1 2 0.64 0.64 953.0 148.0 953.0 884.0 435.0 884.0 
1 2 0.65 0.65 522.0 205.0 522.0 362.0 95.0 362.0 
1 2 0.69 0.69 538.0 267.0 538.0 101.0 20.0 101.0 
1 3 0.74 0.74 538.0 267.0 538.0 101.0 20.0 101.0 716.0 35.0 716.0 
1 2 0.63 0.63 324.0 67.0 324.0 605.0 257.0 605.0 
1 3 0.96 0.96 324.0 67.0 324.0 605.0 257.0 605.0 326.0 108.0 326.0 
1 2 0.22 0.22 326.0 11.0 326.0 592.0 111.0 592.0 
1 3 0.76 0.76 326.0 11.0 326.0 592.0 111.0 592.0 287.0 157.0 287.0 
1 2 0.22 0.22 168.0 8.0 168.0 347.0 63.0 347.0 
1 2 0.74 0.74 382.0 37.0 382.0 283.0 184.0 283.0 
1 2 0.88 0.88 543.0 318.0 543.0 713.0 215.0 713.0 
1 2 0.73 0.73 516.0 284.0 516.0 285.0 54.0 285.0 
1 3 0.82 0.82 516.0 284.0 516.0 285.0 54.0 285.0 723.0 65.0 723.0 
1 4 0.85 0.85 516.0 284.0 516.0 285.0 54.0 285.0 723.0 65.0 723.0 997.0 27.0 997.0 
1 2 0.57 0.57 311.0 107.0 311.0 243.0 57.0 243.0 
1 3 0.8 0.8 311.0 107.0 311.0 243.0 57.0 243.0 394.0 90.0 394.0 
1 2 0.94 0.94 883.0 662.0 883.0 801.0 160.0 801.0 
1 2 0.8 0.8 446.0 162.0 446.0 610.0 272.0 610.0 
1 2 0.79 0.79 255.0 95.0 255.0 809.0 339.0 809.0 
1 3 0.94 0.94 255.0 95.0 255.0 809.0 339.0 809.0 778.0 119.0 778.0 
1 2 0.45 0.45 165.0 52.0 165.0 920.0 128.0 920.0 
1 2 0.91 0.91 129.0 65.0 129.0 343.0 142.0 343.0 
1 2 0.71 0.71 422.0 275.0 422.0 511.0 34.0 511.0 
1 3 0.89 0.89 422.0 275.0 422.0 511.0 34.0 511.0 62.0 11.0 62.0 
1 2 0.74 0.74 254.0 17.0 254.0 666.0 452.0 666.0 
1 2 0.44 0.44 632.0 169.0 632.0 69.0 12.0 69.0 
1 2 0.86 0.86 883.0 690.0 883.0 410.0 34.0 410.0 
1 2 0.77 0.77 345.0 192.0 345.0 316.0 68.0 316.0 
1 2 0.56 0.56 542.0 229.0 542.0 605.0 89.0 605.0 
1 3 0.94 0.94 542.0 229.0 542.0 605.0 89.0 605.0 153.0 58.0 153.0 
1 2 0.06 0.06 188.0 2.0 188.0 804.0 44.0 804.0 
1 3 0.76 0.76 188.0 2.0 188.0 804.0 44.0 804.0 246.0 172.0 246.0 
1 2 0.76 0.76 996.0 195.0 996.0 496.0 281.0 496.0 
1 2 0.09 0.09 654.0 16.0 654.0 884.0 63.0 884.0 
1 3 0.49 0.49 654.0 16.0 654.0 884.0 63.0 884.0 430.0 173.0 430.0 
1 2 0.87 0.87 554.0 217.0 554.0 931.0 449.0 931.0 
1 2 0.72 0.72 73.0 19.0 73.0 471.0 221.0 471.0 
1 3 0.83 0.83 73.0 19.0 73.0 471.0 221.0 471.0 492.0 51.0 492.0 
1 2 0.56 0.56 276.0 135.0 276.0 194.0 14.0 194.0 
1 3 0.59 0.59 276.0 135.0 276.0 194.0 14.0 194.0 784.0 27.0 784.0 
1 4 0.6 0.6 276.0 135.0 276.0 194.0 14.0 194.0 784.0 27.0 784.0 564.0 8.0 564.0 
1 2 0.26 0.26 110.0 13.0 110.0 893.0 131.0 893.0 
1 2 0.98 0.98 452.0 182.0 452.0 38.0 22.0 38.0 
1 2 0.48 0.48 610.0 256.0 610.0 16.0 1.0 16.0 
1 2 0.75 0.75 834.0 243.0 834.0 365.0 171.0 365.0 
1 2 0.48 0.48 187.0 65.0 187.0 381.0 52.0 381.0 
1 3 0.5 0.5 187.0 65.0 187.0 381.0 52.0 381.0 969.0 16.0 969.0 
1 4 0.87 0.87 187.0 65.0 187.0 381.0 52.0 381.0 969.0 16.0 969.0 113.0 42.0 113.0 
1 5 0.97 0.97 187.0 65.0 187.0 381.0 52.0 381.0 969.0 16.0 969.0 113.0 42.0 113.0 698.0 75.0 698.0 
1 2 0.94 0.94 17.0 3.0 17.0 796.0 608.0 796.0 
1 2 0.69 0.69 545.0 315.0 545.0 307.0 36.0 307.0 
1 3 0.76 0.76 545.0 315.0 545.0 307.0 36.0 307.0 664.0 46.0 664.0 
1 2 0.74 0.74 107.0 65.0 107.0 631.0 86.0 631.0 
1 2 0.75 0.75 794.0 170.0 794.0 355.0 191.0 355.0 
1 3 0.86 0.86 794.0 170.0 794.0 355.0 191.0 355.0 354.0 40.0 354.0 
1 2 0.49 0.49 130.0 44.0 130.0 620.0 94.0 620.0 
1 2 0.98 0.98 860.0 502.0 860.0 15.0 6.0 15.0 
1 2 0.09 0.09 965.0 17.0 965.0 40.0 3.0 40.0 
1 3 0.64 0.64 965.0 17.0 965.0 40.0 3.0 40.0 209.0 115.0 209.0 
1 2 0.47 0.47 91.0 22.0 91.0 372.0 85.0 372.0 
1 3 0.56 0.56 91.0 22.0 91.0 372.0 85.0 372.0 920.0 85.0 920.0 
1 4 0.6 0.6 91.0 22.0 91.0 372.0 85.0 372.0 920.0 85.0 920.0 130.0 5.0 130.0 
1 2 0.93 0.93 335.0 99.0 335.0 657.0 423.0 657.0 
1 2 0.24 0.24 34.0 2.0 34.0 959.0 179.0 959.0 
1 3 0.37 0.37 34.0 2.0 34.0 959.0 179.0 959.0 31.0 4.0 31.0 
1 2 0.72 0.72 829.0 327.0 829.0 621.0 208.0 621.0 
1 3 0.83 0.83 829.0 327.0 829.0 621.0 208.0 621.0 615.0 67.0 615.0 
1 2 0.57 0.57 719.0 316.0 719.0 490.0 67.0 490.0 
1 3 0.75 0.75 719.0 316.0 719.0 490.0 67.0 490.0 136.0 24.0 136.0 
1 2 0.06 0.06 586.0 3.0 586.0 149.0 9.0 149.0 
1 3 0.34 0.34 586.0 3.0 586.0 149.0 9.0 149.0 680.0 189.0 680.0 
1 4 0.38 0.38 586.0 3.0 586.0 149.0 9.0 149.0 680.0 189.0 680.0 785.0 34.0 785.0 
1 5 0.64 0.64 586.0 3.0 586.0 149.0 9.0 149.0 680.0 189.0 680.0 785.0 34.0 785.0 381.0 97.0 381.0 
1 2 0.66 0.66 911.0 535.0 911.0 983.0 80.0 983.0 
1 3 0.69 0.69 911.0 535.0 911.0 983.0 80.0 983.0 499.0 15.0 499.0 
1 2 0.54 0.54 864.0 385.0 864.0 305.0 31.0 305.0 
1 3 0.85 0.85 864.0 385.0 864.0 305.0 31.0 305.0 283.0 88.0 283.0 
1 2 0.66 0.66 314.0 4.0 314.0 924.0 600.0 924.0 
1 2 0.53 0.53 609.0 190.0 609.0 449.0 102.0 449.0 
1 3 0.64 0.64 609.0 190.0 609.0 449.0 102.0 449.0 327.0 33.0 327.0 
1 4 0.72 0.72 609.0 190.0 609.0 449.0 102.0 449.0 327.0 33.0 327.0 439.0 36.0 439.0 
1 2 0.51 0.51 526.0 141.0 526.0 4.0 1.0 4.0 
1 2 0.53 0.53 503.0 151.0 503.0 184.0 43.0 184.0 
1 3 0.66 0.66 503.0 151.0 503.0 184.0 43.0 184.0 608.0 77.0 608.0 
1 4 0.87 0.87 503.0 151.0 503.0 184.0 43.0 184.0 608.0 77.0 608.0 949.0 207.0 949.0 
1 5 0.89 0.89 503.0 151.0 503.0 184.0 43.0 184.0 608.0 77.0 608.0 949.0 207.0 949.0 550.0 11.0 550.0 
1 6 0.92 0.92 503.0 151.0 503.0 184.0 43.0 184.0 608.0 77.0 608.0 949.0 207.0 949.0 550.0 11.0 550.0 551.0 14.0 551.0 
1 7 0.98 0.98 503.0 151.0 503.0 184.0 43.0 184.0 608.0 77.0 608.0 949.0 207.0 949.0 550.0 11.0 550.0 551.0 14.0 551.0 227.0 13.0 227.0 
1 2 0.67 0.67 520.0 334.0 520.0 823.0 31.0 823.0 
1 2 0.52 0.52 501.0 243.0 501.0 483.0 19.0 483.0 
1 3 0.91 0.91 501.0 243.0 501.0 483.0 19.0 483.0 504.0 196.0 504.0 
1 2 0.99 0.99 828.0 779.0 828.0 789.0 40.0 789.0 
1 2 0.84 0.84 448.0 182.0 448.0 724.0 317.0 724.0 
1 3 0.87 0.87 448.0 182.0 448.0 724.0 317.0 724.0 124.0 4.0 124.0 
1 2 0.81 0.81 743.0 158.0 743.0 917.0 555.0 917.0 
1 2 0.1 0.1 246.0 12.0 246.0 425.0 26.0 425.0 
1 3 0.48 0.48 246.0 12.0 246.0 425.0 26.0 425.0 395.0 150.0 395.0 
1 2 0.89 0.89 912.0 601.0 912.0 691.0 165.0 691.0 
1 2 0.52 0.52 363.0 56.0 363.0 785.0 292.0 785.0 
1 3 0.85 0.85 363.0 56.0 363.0 785.0 292.0 785.0 403.0 134.0 403.0 
1 2 0.96 0.96 209.0 97.0 209.0 676.0 339.0 676.0 
1 2 0.86 0.86 998.0 118.0 998.0 819.0 612.0 819.0 
1 2 0.16 0.16 878.0 50.0 878.0 591.0 66.0 591.0 
1 3 0.68 0.68 878.0 50.0 878.0 591.0 66.0 591.0 694.0 361.0 694.0 
1 4 0.75 0.75 878.0 50.0 878.0 591.0 66.0 591.0 694.0 361.0 694.0 541.0 38.0 541.0 
1 2 0.93 0.93 377.0 31.0 377.0 246.0 209.0 246.0 
1 2 0.6 0.6 740.0 404.0 740.0 558.0 31.0 558.0 
1 3 0.94 0.94 740.0 404.0 740.0 558.0 31.0 558.0 222.0 77.0 222.0 
1 2 0.43 0.43 366.0 91.0 366.0 236.0 43.0 236.0 
1 3 0.69 0.69 366.0 91.0 366.0 236.0 43.0 236.0 541.0 144.0 541.0 
1 4 0.86 0.86 366.0 91.0 366.0 236.0 43.0 236.0 541.0 144.0 541.0 280.0 48.0 280.0 
1 5 0.95 0.95 366.0 91.0 366.0 236.0 43.0 236.0 541.0 144.0 541.0 280.0 48.0 280.0 46.0 4.0 46.0 
1 6 0.97 0.97 366.0 91.0 366.0 236.0 43.0 236.0 541.0 144.0 541.0 280.0 48.0 280.0 46.0 4.0 46.0 44.0 1.0 44.0 
1 2 0.49 0.49 384.0 107.0 384.0 786.0 173.0 786.0 
1 3 0.59 0.59 384.0 107.0 384.0 786.0 173.0 786.0 622.0 62.0 622.0 
1 2 0.51 0.51 423.0 63.0 423.0 608.0 220.0 608.0 
1 3 0.79 0.79 423.0 63.0 423.0 608.0 220.0 608.0 393.0 113.0 393.0 
1 2 0.82 0.82 800.0 505.0 800.0 114.0 22.0 114.0 
1 2 0.1 0.1 500.0 4.0 500.0 869.0 81.0 869.0 
1 3 0.19 0.19 500.0 4.0 500.0 869.0 81.0 869.0 368.0 35.0 368.0 
1 4 0.67 0.67 500.0 4.0 500.0 869.0 81.0 869.0 368.0 35.0 368.0 604.0 292.0 604.0 
1 5 0.88 0.88 500.0 4.0 500.0 869.0 81.0 869.0 368.0 35.0 368.0 604.0 292.0 604.0 756.0 154.0 756.0 
1 6 0.95 0.95 500.0 4.0 500.0 869.0 81.0 869.0 368.0 35.0 368.0 604.0 292.0 604.0 756.0 154.0 756.0 886.0 63.0 886.0 
1 2 0.49 0.49 794.0 99.0 794.0 440.0 163.0 440.0 
1 2 0.24 0.24 658.0 67.0 658.0 404.0 56.0 404.0 
1 3 0.79 0.79 658.0 67.0 658.0 404.0 56.0 404.0 40.0 22.0 40.0 
1 4 0.85 0.85 658.0 67.0 658.0 404.0 56.0 404.0 40.0 22.0 40.0 293.0 18.0 293.0 
1 2 0.55 0.55 245.0 29.0 245.0 595.0 258.0 595.0 
1 2 0.79 0.79 40.0 12.0 40.0 295.0 145.0 295.0 
1 2 0.53 0.53 297.0 115.0 297.0 871.0 128.0 871.0 
1 2 0.53 0.53 45.0 23.0 45.0 361.0 8.0 361.0 
1 3 0.74 0.74 45.0 23.0 45.0 361.0 8.0 361.0 360.0 78.0 360.0 
1 2 0.75 0.75 750.0 138.0 750.0 893.0 508.0 893.0 
1 2 0.92 0.92 266.0 160.0 266.0 647.0 207.0 647.0 
1 2 0.35 0.35 780.0 121.0 780.0 931.0 186.0 931.0 
1 2 0.93 0.93 233.0 9.0 233.0 831.0 748.0 831.0 
1 2 0.49 0.49 254.0 30.0 254.0 212.0 80.0 212.0 
1 2 0.88 0.88 6.0 1.0 6.0 185.0 132.0 185.0 
1 2 0.97 0.97 362.0 343.0 362.0 99.0 3.0 99.0 
1 2 0.59 0.59 760.0 45.0 760.0 309.0 166.0 309.0 
1 3 0.73 0.73 760.0 45.0 760.0 309.0 166.0 309.0 307.0 44.0 307.0 
1 2 0.11 0.11 588.0 20.0 588.0 377.0 31.0 377.0 
1 3 0.34 0.34 588.0 20.0 588.0 377.0 31.0 377.0 625.0 143.0 625.0 
1 4 0.37 0.37 588.0 20.0 588.0 377.0 31.0 377.0 625.0 143.0 625.0 216.0 7.0 216.0 
1 5 0.4 0.4 588.0 20.0 588.0 377.0 31.0 377.0 625.0 143.0 625.0 216.0 7.0 216.0 549.0 14.0 549.0 
1 2 0.99 0.99 987.0 527.0 987.0 120.0 55.0 120.0 
1 2 0.88 0.88 975.0 703.0 975.0 384.0 62.0 384.0 
1 3 0.91 0.91 975.0 703.0 975.0 384.0 62.0 384.0 56.0 2.0 56.0 
1 2 0.86 0.86 41.0 1.0 41.0 331.0 278.0 331.0 
1 2 0.47 0.47 154.0 73.0 154.0 572.0 1.0 572.0 
1 3 0.92 0.92 154.0 73.0 154.0 572.0 1.0 572.0 799.0 358.0 799.0 
1 2 0.39 0.39 599.0 6.0 599.0 311.0 120.0 311.0 
1 3 0.48 0.48 599.0 6.0 599.0 311.0 120.0 311.0 132.0 12.0 132.0 
1 4 0.99 0.99 599.0 6.0 599.0 311.0 120.0 311.0 132.0 12.0 132.0 769.0 390.0 769.0 
1 2 0.71 0.71 543.0 284.0 543.0 647.0 123.0 647.0 
1 2 0.65 0.65 706.0 169.0 706.0 29.0 12.0 29.0 
1 3 0.71 0.71 706.0 169.0 706.0 29.0 12.0 29.0 934.0 60.0 934.0 
1 2 0.43 0.43 349.0 48.0 349.0 554.0 167.0 554.0 
1 3 0.71 0.71 349.0 48.0 349.0 554.0 167.0 554.0 571.0 157.0 571.0 
1 4 0.83 0.83 349.0 48.0 349.0 554.0 167.0 554.0 571.0 157.0 571.0 173.0 21.0 173.0 
1 5 0.98 0.98 349.0 48.0 349.0 554.0 167.0 554.0 571.0 157.0 571.0 173.0 21.0 173.0 971.0 148.0 971.0 
1 2 0.79 0.79 102.0 30.0 102.0 736.0 371.0 736.0 
1 3 0.9 0.9 102.0 30.0 102.0 736.0 371.0 736.0 457.0 48.0 457.0 
1 4 0.95 0.95 102.0 30.0 102.0 736.0 371.0 736.0 457.0 48.0 457.0 771.0 39.0 771.0 
1 2 0.45 0.45 261.0 41.0 261.0 994.0 297.0 994.0 
1 3 0.52 0.52 261.0 41.0 261.0 994.0 297.0 994.0 531.0 38.0 531.0 
1 4 0.9 0.9 261.0 41.0 261.0 994.0 297.0 994.0 531.0 38.0 531.0 393.0 149.0 393.0 
1 5 0.9 0.9 261.0 41.0 261.0 994.0 297.0 994.0 531.0 38.0 531.0 393.0 149.0 393.0 679.0 2.0 679.0 
1 2 0.46 0.46 83.0 4.0 83.0 143.0 59.0 143.0 
1 3 0.56 0.56 83.0 4.0 83.0 143.0 59.0 143.0 385.0 40.0 385.0 
1 2 0.15 0.15 49.0 4.0 49.0 982.0 73.0 982.0 
1 3 0.23 0.23 49.0 4.0 49.0 982.0 73.0 982.0 218.0 18.0 218.0 
1 4 0.47 0.47 49.0 4.0 49.0 982.0 73.0 982.0 218.0 18.0 218.0 592.0 139.0 592.0 
1 2 0.6 0.6 307.0 42.0 307.0 182.0 86.0 182.0 
1 2 0.55 0.55 64.0 27.0 64.0 291.0 40.0 291.0 
1 2 0.31 0.31 64.0 16.0 64.0 539.0 36.0 539.0 
1 3 0.44 0.44 64.0 16.0 64.0 539.0 36.0 539.0 680.0 84.0 680.0 
1 2 0.8 0.8 427.0 227.0 427.0 941.0 256.0 941.0 
1 2 0.35 0.35 139.0 38.0 139.0 633.0 51.0 633.0 
1 3 0.92 0.92 139.0 38.0 139.0 633.0 51.0 633.0 392.0 225.0 392.0 
1 2 0.63 0.63 931.0 103.0 931.0 573.0 300.0 573.0 
1 2 0.5 0.5 556.0 97.0 556.0 441.0 144.0 441.0 
1 3 0.76 0.76 556.0 97.0 556.0 441.0 144.0 441.0 972.0 253.0 972.0 
1 2 0.73 0.73 461.0 323.0 461.0 954.0 35.0 954.0 
1 2 0.91 0.91 459.0 391.0 459.0 384.0 23.0 384.0 
1 2 0.63 0.63 630.0 33.0 630.0 757.0 438.0 757.0 
1 3 0.84 0.84 630.0 33.0 630.0 757.0 438.0 757.0 923.0 196.0 923.0 
1 2 0.43 0.43 880.0 352.0 880.0 311.0 11.0 311.0 
1 3 0.81 0.81 880.0 352.0 880.0 311.0 11.0 311.0 643.0 244.0 643.0 
1 2 0.74 0.74 357.0 67.0 357.0 690.0 386.0 690.0 
1 2 0.52 0.52 647.0 338.0 647.0 234.0 1.0 234.0 
1 2 0.64 0.64 220.0 135.0 220.0 174.0 5.0 174.0 
1 3 0.83 0.83 220.0 135.0 220.0 174.0 5.0 174.0 365.0 72.0 365.0 
1 4 0.89 0.89 220.0 135.0 220.0 174.0 5.0 174.0 365.0 72.0 365.0 529.0 27.0 529.0 
1 2 0.48 0.48 368.0 154.0 368.0 650.0 45.0 650.0 
1 3 0.75 0.75 368.0 154.0 368.0 650.0 45.0 650.0 174.0 47.0 174.0 
1 2 0.58 0.58 684.0 47.0 684.0 335.0 174.0 335.0 
1 2 0.24 0.24 397.0 40.0 397.0 664.0 95.0 664.0 
1 3 0.43 0.43 397.0 40.0 397.0 664.0 95.0 664.0 165.0 32.0 165.0 
1 4 0.88 0.88 397.0 40.0 397.0 664.0 95.0 664.0 165.0 32.0 165.0 658.0 292.0 658.0 
1 2 0.18 0.18 835.0 52.0 835.0 135.0 17.0 135.0 
1 3 0.35 0.35 835.0 52.0 835.0 135.0 17.0 135.0 908.0 147.0 908.0 
1 2 0.6 0.6 865.0 24.0 865.0 632.0 365.0 632.0 
1 2 0.09 0.09 819.0 44.0 819.0 995.0 43.0 995.0 
1 3 0.76 0.76 819.0 44.0 819.0 995.0 43.0 995.0 101.0 67.0 101.0 
1 4 0.98 0.98 819.0 44.0 819.0 995.0 43.0 995.0 101.0 67.0 101.0 751.0 170.0 751.0 
1 2 0.5 0.5 241.0 110.0 241.0 847.0 45.0 847.0 
1 3 0.93 0.93 241.0 110.0 241.0 847.0 45.0 847.0 298.0 126.0 298.0 
1 2 0.43 0.43 915.0 243.0 915.0 437.0 73.0 437.0 
1 3 0.74 0.74 915.0 243.0 915.0 437.0 73.0 437.0 249.0 77.0 249.0 
1 2 0.65 0.65 113.0 22.0 113.0 348.0 160.0 348.0 
1 2 0.25 0.25 133.0 19.0 133.0 954.0 109.0 954.0 
1 3 0.33 0.33 133.0 19.0 133.0 954.0 109.0 954.0 666.0 53.0 666.0 
1 4 0.66 0.66 133.0 19.0 133.0 954.0 109.0 954.0 666.0 53.0 666.0 845.0 278.0 845.0 
1 2 0.72 0.72 749.0 362.0 749.0 460.0 109.0 460.0 
1 2 0.38 0.38 746.0 100.0 746.0 912.0 233.0 912.0 
1 3 0.54 0.54 746.0 100.0 746.0 912.0 233.0 912.0 771.0 117.0 771.0 
1 4 0.84 0.84 746.0 100.0 746.0 912.0 233.0 912.0 771.0 117.0 771.0 961.0 293.0 961.0 
1 2 0.72 0.72 722.0 257.0 722.0 470.0 173.0 470.0 
1 2 0.41 0.41 777.0 122.0 777.0 848.0 221.0 848.0 
1 2 0.46 0.46 982.0 87.0 982.0 210.0 80.0 210.0 
