2 3 1.58 1.58 366.0 149.0 366.0 654.0 604.0 654.0 4.0 1.0 4.0 
2 4 1.77 1.77 366.0 149.0 366.0 654.0 604.0 654.0 4.0 1.0 4.0 784.0 156.0 784.0 
2 3 1.9 1.9 186.0 98.0 186.0 766.0 534.0 766.0 709.0 483.0 709.0 
2 3 0.89 0.89 292.0 132.0 292.0 669.0 74.0 669.0 87.0 29.0 87.0 
2 4 1.25 1.25 292.0 132.0 292.0 669.0 74.0 669.0 87.0 29.0 87.0 842.0 306.0 842.0 
2 5 1.47 1.47 292.0 132.0 292.0 669.0 74.0 669.0 87.0 29.0 87.0 842.0 306.0 842.0 471.0 102.0 471.0 
2 6 1.64 1.64 292.0 132.0 292.0 669.0 74.0 669.0 87.0 29.0 87.0 842.0 306.0 842.0 471.0 102.0 471.0 590.0 98.0 590.0 
2 3 1.03 1.03 383.0 268.0 383.0 644.0 115.0 644.0 162.0 25.0 162.0 
2 4 1.45 1.45 383.0 268.0 383.0 644.0 115.0 644.0 162.0 25.0 162.0 736.0 309.0 736.0 
2 5 1.95 1.95 383.0 268.0 383.0 644.0 115.0 644.0 162.0 25.0 162.0 736.0 309.0 736.0 419.0 209.0 419.0 
2 3 1.51 1.51 28.0 18.0 28.0 437.0 256.0 437.0 823.0 239.0 823.0 
2 3 1.02 1.02 482.0 274.0 482.0 72.0 29.0 72.0 848.0 46.0 848.0 
2 4 1.41 1.41 482.0 274.0 482.0 72.0 29.0 72.0 848.0 46.0 848.0 573.0 223.0 573.0 
2 3 1.73 1.73 841.0 102.0 841.0 346.0 249.0 346.0 562.0 505.0 562.0 
2 4 1.85 1.85 841.0 102.0 841.0 346.0 249.0 346.0 562.0 505.0 562.0 509.0 61.0 509.0 
2 3 1.52 1.52 801.0 414.0 801.0 195.0 36.0 195.0 902.0 740.0 902.0 
2 4 1.99 1.99 801.0 414.0 801.0 195.0 36.0 195.0 902.0 740.0 902.0 562.0 265.0 562.0 
2 3 0.49 0.49 937.0 124.0 937.0 743.0 89.0 743.0 677.0 166.0 677.0 
2 4 0.89 0.89 937.0 124.0 937.0 743.0 89.0 743.0 677.0 166.0 677.0 239.0 95.0 239.0 
2 5 1.01 1.01 937.0 124.0 937.0 743.0 89.0 743.0 677.0 166.0 677.0 239.0 95.0 239.0 410.0 48.0 410.0 
2 6 1.52 1.52 937.0 124.0 937.0 743.0 89.0 743.0 677.0 166.0 677.0 239.0 95.0 239.0 410.0 48.0 410.0 668.0 346.0 668.0 
2 3 0.76 0.76 75.0 21.0 75.0 85.0 10.0 85.0 840.0 309.0 840.0 
2 4 1.05 1.05 75.0 21.0 75.0 85.0 10.0 85.0 840.0 309.0 840.0 887.0 259.0 887.0 
2 5 1.21 1.21 75.0 21.0 75.0 85.0 10.0 85.0 840.0 309.0 840.0 887.0 259.0 887.0 741.0 120.0 741.0 
2 6 1.4 1.4 75.0 21.0 75.0 85.0 10.0 85.0 840.0 309.0 840.0 887.0 259.0 887.0 741.0 120.0 741.0 591.0 107.0 591.0 
2 3 0.54 0.54 873.0 10.0 873.0 789.0 372.0 789.0 856.0 55.0 856.0 
2 4 0.84 0.84 873.0 10.0 873.0 789.0 372.0 789.0 856.0 55.0 856.0 802.0 238.0 802.0 
2 5 0.94 0.94 873.0 10.0 873.0 789.0 372.0 789.0 856.0 55.0 856.0 802.0 238.0 802.0 20.0 2.0 20.0 
2 6 1.23 1.23 873.0 10.0 873.0 789.0 372.0 789.0 856.0 55.0 856.0 802.0 238.0 802.0 20.0 2.0 20.0 590.0 174.0 590.0 
2 7 1.66 1.66 873.0 10.0 873.0 789.0 372.0 789.0 856.0 55.0 856.0 802.0 238.0 802.0 20.0 2.0 20.0 590.0 174.0 590.0 40.0 17.0 40.0 
2 3 1.72 1.72 719.0 437.0 719.0 410.0 298.0 410.0 872.0 344.0 872.0 
2 4 1.74 1.74 719.0 437.0 719.0 410.0 298.0 410.0 872.0 344.0 872.0 203.0 3.0 203.0 
2 3 1.15 1.15 498.0 281.0 498.0 269.0 50.0 269.0 709.0 289.0 709.0 
2 4 1.23 1.23 498.0 281.0 498.0 269.0 50.0 269.0 709.0 289.0 709.0 550.0 43.0 550.0 
2 5 1.42 1.42 498.0 281.0 498.0 269.0 50.0 269.0 709.0 289.0 709.0 550.0 43.0 550.0 42.0 8.0 42.0 
2 3 1.33 1.33 278.0 114.0 278.0 584.0 416.0 584.0 976.0 208.0 976.0 
2 3 1.88 1.88 457.0 422.0 457.0 375.0 263.0 375.0 813.0 215.0 813.0 
2 3 0.86 0.86 35.0 1.0 35.0 835.0 676.0 835.0 632.0 15.0 632.0 
2 4 1.38 1.38 35.0 1.0 35.0 835.0 676.0 835.0 632.0 15.0 632.0 893.0 464.0 893.0 
2 5 1.38 1.38 35.0 1.0 35.0 835.0 676.0 835.0 632.0 15.0 632.0 893.0 464.0 893.0 972.0 1.0 972.0 
2 6 1.8 1.8 35.0 1.0 35.0 835.0 676.0 835.0 632.0 15.0 632.0 893.0 464.0 893.0 972.0 1.0 972.0 709.0 297.0 709.0 
2 3 1.04 1.04 479.0 351.0 479.0 298.0 75.0 298.0 715.0 44.0 715.0 
2 4 1.07 1.07 479.0 351.0 479.0 298.0 75.0 298.0 715.0 44.0 715.0 286.0 9.0 286.0 
2 5 1.66 1.66 479.0 351.0 479.0 298.0 75.0 298.0 715.0 44.0 715.0 286.0 9.0 286.0 300.0 176.0 300.0 
2 3 1.15 1.15 739.0 80.0 739.0 820.0 483.0 820.0 39.0 18.0 39.0 
2 4 1.3 1.3 739.0 80.0 739.0 820.0 483.0 820.0 39.0 18.0 39.0 725.0 107.0 725.0 
2 5 1.58 1.58 739.0 80.0 739.0 820.0 483.0 820.0 39.0 18.0 39.0 725.0 107.0 725.0 773.0 214.0 773.0 
2 6 1.65 1.65 739.0 80.0 739.0 820.0 483.0 820.0 39.0 18.0 39.0 725.0 107.0 725.0 773.0 214.0 773.0 923.0 70.0 923.0 
2 7 1.98 1.98 739.0 80.0 739.0 820.0 483.0 820.0 39.0 18.0 39.0 725.0 107.0 725.0 773.0 214.0 773.0 923.0 70.0 923.0 164.0 54.0 164.0 
2 3 0.99 0.99 84.0 37.0 84.0 705.0 313.0 705.0 407.0 43.0 407.0 
2 4 1.26 1.26 84.0 37.0 84.0 705.0 313.0 705.0 407.0 43.0 407.0 468.0 128.0 468.0 
2 5 1.66 1.66 84.0 37.0 84.0 705.0 313.0 705.0 407.0 43.0 407.0 468.0 128.0 468.0 655.0 260.0 655.0 
2 3 0.98 0.98 698.0 443.0 698.0 149.0 6.0 149.0 253.0 79.0 253.0 
2 4 1.27 1.27 698.0 443.0 698.0 149.0 6.0 149.0 253.0 79.0 253.0 330.0 95.0 330.0 
2 5 1.86 1.86 698.0 443.0 698.0 149.0 6.0 149.0 253.0 79.0 253.0 330.0 95.0 330.0 581.0 345.0 581.0 
2 3 1.6 1.6 646.0 430.0 646.0 622.0 170.0 622.0 9.0 6.0 9.0 
2 3 0.75 0.75 357.0 10.0 357.0 19.0 8.0 19.0 960.0 298.0 960.0 
2 4 1.34 1.34 357.0 10.0 357.0 19.0 8.0 19.0 960.0 298.0 960.0 825.0 479.0 825.0 
2 5 1.79 1.79 357.0 10.0 357.0 19.0 8.0 19.0 960.0 298.0 960.0 825.0 479.0 825.0 123.0 56.0 123.0 
2 6 1.83 1.83 357.0 10.0 357.0 19.0 8.0 19.0 960.0 298.0 960.0 825.0 479.0 825.0 123.0 56.0 123.0 945.0 37.0 945.0 
2 7 1.97 1.97 357.0 10.0 357.0 19.0 8.0 19.0 960.0 298.0 960.0 825.0 479.0 825.0 123.0 56.0 123.0 945.0 37.0 945.0 284.0 40.0 284.0 
2 3 1.64 1.64 485.0 206.0 485.0 712.0 373.0 712.0 227.0 159.0 227.0 
2 4 1.72 1.72 485.0 206.0 485.0 712.0 373.0 712.0 227.0 159.0 227.0 930.0 68.0 930.0 
2 5 1.91 1.91 485.0 206.0 485.0 712.0 373.0 712.0 227.0 159.0 227.0 930.0 68.0 930.0 926.0 178.0 926.0 
2 3 1.12 1.12 808.0 245.0 808.0 99.0 24.0 99.0 197.0 115.0 197.0 
2 4 1.72 1.72 808.0 245.0 808.0 99.0 24.0 99.0 197.0 115.0 197.0 480.0 286.0 480.0 
2 3 0.53 0.53 898.0 105.0 898.0 727.0 40.0 727.0 22.0 8.0 22.0 
2 4 0.73 0.73 898.0 105.0 898.0 727.0 40.0 727.0 22.0 8.0 22.0 653.0 131.0 653.0 
2 5 1.1 1.1 898.0 105.0 898.0 727.0 40.0 727.0 22.0 8.0 22.0 653.0 131.0 653.0 138.0 51.0 138.0 
2 6 1.76 1.76 898.0 105.0 898.0 727.0 40.0 727.0 22.0 8.0 22.0 653.0 131.0 653.0 138.0 51.0 138.0 415.0 274.0 415.0 
2 7 1.79 1.79 898.0 105.0 898.0 727.0 40.0 727.0 22.0 8.0 22.0 653.0 131.0 653.0 138.0 51.0 138.0 415.0 274.0 415.0 955.0 28.0 955.0 
2 3 1.92 1.92 319.0 108.0 319.0 431.0 330.0 431.0 227.0 187.0 227.0 
2 3 0.91 0.91 540.0 198.0 540.0 288.0 12.0 288.0 913.0 462.0 913.0 
2 4 1.36 1.36 540.0 198.0 540.0 288.0 12.0 288.0 913.0 462.0 913.0 956.0 429.0 956.0 
2 3 1.78 1.78 998.0 223.0 998.0 390.0 267.0 390.0 777.0 684.0 777.0 
2 4 1.83 1.83 998.0 223.0 998.0 390.0 267.0 390.0 777.0 684.0 777.0 734.0 35.0 734.0 
2 5 1.9 1.9 998.0 223.0 998.0 390.0 267.0 390.0 777.0 684.0 777.0 734.0 35.0 734.0 440.0 29.0 440.0 
2 3 1.85 1.85 878.0 665.0 878.0 520.0 178.0 520.0 434.0 327.0 434.0 
2 3 0.51 0.51 962.0 440.0 962.0 517.0 3.0 517.0 538.0 28.0 538.0 
2 4 0.52 0.52 962.0 440.0 962.0 517.0 3.0 517.0 538.0 28.0 538.0 342.0 4.0 342.0 
2 5 0.6 0.6 962.0 440.0 962.0 517.0 3.0 517.0 538.0 28.0 538.0 342.0 4.0 342.0 292.0 23.0 292.0 
2 6 1.08 1.08 962.0 440.0 962.0 517.0 3.0 517.0 538.0 28.0 538.0 342.0 4.0 342.0 292.0 23.0 292.0 505.0 240.0 505.0 
2 7 1.16 1.16 962.0 440.0 962.0 517.0 3.0 517.0 538.0 28.0 538.0 342.0 4.0 342.0 292.0 23.0 292.0 505.0 240.0 505.0 124.0 11.0 124.0 
2 8 1.19 1.19 962.0 440.0 962.0 517.0 3.0 517.0 538.0 28.0 538.0 342.0 4.0 342.0 292.0 23.0 292.0 505.0 240.0 505.0 124.0 11.0 124.0 136.0 3.0 136.0 
2 9 1.41 1.41 962.0 440.0 962.0 517.0 3.0 517.0 538.0 28.0 538.0 342.0 4.0 342.0 292.0 23.0 292.0 505.0 240.0 505.0 124.0 11.0 124.0 136.0 3.0 136.0 903.0 201.0 903.0 
2 10 1.67 1.67 962.0 440.0 962.0 517.0 3.0 517.0 538.0 28.0 538.0 342.0 4.0 342.0 292.0 23.0 292.0 505.0 240.0 505.0 124.0 11.0 124.0 136.0 3.0 136.0 903.0 201.0 903.0 777.0 200.0 777.0 
2 11 1.93 1.93 962.0 440.0 962.0 517.0 3.0 517.0 538.0 28.0 538.0 342.0 4.0 342.0 292.0 23.0 292.0 505.0 240.0 505.0 124.0 11.0 124.0 136.0 3.0 136.0 903.0 201.0 903.0 777.0 200.0 777.0 493.0 132.0 493.0 
2 3 1.08 1.08 831.0 47.0 831.0 593.0 148.0 593.0 115.0 89.0 115.0 
2 4 1.23 1.23 831.0 47.0 831.0 593.0 148.0 593.0 115.0 89.0 115.0 776.0 121.0 776.0 
2 5 1.7 1.7 831.0 47.0 831.0 593.0 148.0 593.0 115.0 89.0 115.0 776.0 121.0 776.0 326.0 152.0 326.0 
2 3 1.53 1.53 627.0 572.0 627.0 873.0 34.0 873.0 680.0 397.0 680.0 
2 4 1.99 1.99 627.0 572.0 627.0 873.0 34.0 873.0 680.0 397.0 680.0 410.0 189.0 410.0 
2 3 0.9 0.9 529.0 42.0 529.0 703.0 175.0 703.0 891.0 515.0 891.0 
2 4 1.42 1.42 529.0 42.0 529.0 703.0 175.0 703.0 891.0 515.0 891.0 797.0 413.0 797.0 
2 5 1.5 1.5 529.0 42.0 529.0 703.0 175.0 703.0 891.0 515.0 891.0 797.0 413.0 797.0 804.0 66.0 804.0 
2 3 1.59 1.59 532.0 80.0 532.0 680.0 491.0 680.0 264.0 190.0 264.0 
2 4 1.75 1.75 532.0 80.0 532.0 680.0 491.0 680.0 264.0 190.0 264.0 747.0 120.0 747.0 
2 3 1.97 1.97 941.0 527.0 941.0 833.0 631.0 833.0 423.0 279.0 423.0 
2 3 1.28 1.28 831.0 119.0 831.0 209.0 74.0 209.0 391.0 308.0 391.0 
2 3 1.29 1.29 417.0 220.0 417.0 785.0 535.0 785.0 585.0 52.0 585.0 
2 4 1.64 1.64 417.0 220.0 417.0 785.0 535.0 785.0 585.0 52.0 585.0 338.0 118.0 338.0 
2 3 1.21 1.21 957.0 538.0 957.0 782.0 484.0 782.0 82.0 3.0 82.0 
2 4 1.96 1.96 957.0 538.0 957.0 782.0 484.0 782.0 82.0 3.0 82.0 88.0 66.0 88.0 
2 3 1.13 1.13 288.0 9.0 288.0 846.0 471.0 846.0 723.0 397.0 723.0 
2 4 1.28 1.28 288.0 9.0 288.0 846.0 471.0 846.0 723.0 397.0 723.0 387.0 57.0 387.0 
2 5 1.65 1.65 288.0 9.0 288.0 846.0 471.0 846.0 723.0 397.0 723.0 387.0 57.0 387.0 599.0 224.0 599.0 
2 3 0.41 0.41 768.0 239.0 768.0 852.0 68.0 852.0 236.0 5.0 236.0 
2 4 0.95 0.95 768.0 239.0 768.0 852.0 68.0 852.0 236.0 5.0 236.0 911.0 492.0 911.0 
2 5 1.62 1.62 768.0 239.0 768.0 852.0 68.0 852.0 236.0 5.0 236.0 911.0 492.0 911.0 249.0 168.0 249.0 
2 3 1.79 1.79 48.0 31.0 48.0 755.0 640.0 755.0 461.0 140.0 461.0 
2 4 1.99 1.99 48.0 31.0 48.0 755.0 640.0 755.0 461.0 140.0 461.0 830.0 166.0 830.0 
2 3 1.03 1.03 738.0 20.0 738.0 587.0 127.0 587.0 606.0 481.0 606.0 
2 4 1.66 1.66 738.0 20.0 738.0 587.0 127.0 587.0 606.0 481.0 606.0 855.0 533.0 855.0 
2 3 1.44 1.44 518.0 324.0 518.0 221.0 141.0 221.0 959.0 172.0 959.0 
2 3 0.94 0.94 597.0 43.0 597.0 599.0 245.0 599.0 835.0 387.0 835.0 
2 4 1.07 1.07 597.0 43.0 597.0 599.0 245.0 599.0 835.0 387.0 835.0 333.0 43.0 333.0 
2 5 1.2 1.2 597.0 43.0 597.0 599.0 245.0 599.0 835.0 387.0 835.0 333.0 43.0 333.0 593.0 75.0 593.0 
2 6 1.95 1.95 597.0 43.0 597.0 599.0 245.0 599.0 835.0 387.0 835.0 333.0 43.0 333.0 593.0 75.0 593.0 983.0 746.0 983.0 
2 3 0.77 0.77 734.0 471.0 734.0 535.0 37.0 535.0 613.0 37.0 613.0 
2 4 0.9 0.9 734.0 471.0 734.0 535.0 37.0 535.0 613.0 37.0 613.0 938.0 123.0 938.0 
2 5 1.29 1.29 734.0 471.0 734.0 535.0 37.0 535.0 613.0 37.0 613.0 938.0 123.0 938.0 199.0 79.0 199.0 
2 6 1.98 1.98 734.0 471.0 734.0 535.0 37.0 535.0 613.0 37.0 613.0 938.0 123.0 938.0 199.0 79.0 199.0 877.0 604.0 877.0 
2 3 0.94 0.94 672.0 248.0 672.0 332.0 164.0 332.0 661.0 51.0 661.0 
2 4 1.04 1.04 672.0 248.0 672.0 332.0 164.0 332.0 661.0 51.0 661.0 888.0 93.0 888.0 
2 5 1.76 1.76 672.0 248.0 672.0 332.0 164.0 332.0 661.0 51.0 661.0 888.0 93.0 888.0 653.0 473.0 653.0 
2 3 0.25 0.25 369.0 29.0 369.0 641.0 102.0 641.0 823.0 12.0 823.0 
2 4 0.76 0.76 369.0 29.0 369.0 641.0 102.0 641.0 823.0 12.0 823.0 192.0 98.0 192.0 
2 5 1.08 1.08 369.0 29.0 369.0 641.0 102.0 641.0 823.0 12.0 823.0 192.0 98.0 192.0 28.0 9.0 28.0 
2 3 0.88 0.88 629.0 309.0 629.0 166.0 59.0 166.0 279.0 11.0 279.0 
2 4 1.38 1.38 629.0 309.0 629.0 166.0 59.0 166.0 279.0 11.0 279.0 645.0 322.0 645.0 
2 3 0.63 0.63 894.0 3.0 894.0 873.0 536.0 873.0 479.0 7.0 479.0 
2 4 1.53 1.53 894.0 3.0 894.0 873.0 536.0 873.0 479.0 7.0 479.0 201.0 181.0 201.0 
2 5 1.7 1.7 894.0 3.0 894.0 873.0 536.0 873.0 479.0 7.0 479.0 201.0 181.0 201.0 368.0 62.0 368.0 
2 3 1.38 1.38 848.0 700.0 848.0 899.0 173.0 899.0 766.0 283.0 766.0 
2 4 1.51 1.51 848.0 700.0 848.0 899.0 173.0 899.0 766.0 283.0 766.0 361.0 47.0 361.0 
2 5 1.84 1.84 848.0 700.0 848.0 899.0 173.0 899.0 766.0 283.0 766.0 361.0 47.0 361.0 787.0 258.0 787.0 
2 3 1.04 1.04 465.0 162.0 465.0 313.0 140.0 313.0 329.0 82.0 329.0 
2 4 1.18 1.18 465.0 162.0 465.0 313.0 140.0 313.0 329.0 82.0 329.0 7.0 1.0 7.0 
2 5 1.98 1.98 465.0 162.0 465.0 313.0 140.0 313.0 329.0 82.0 329.0 7.0 1.0 7.0 290.0 231.0 290.0 
2 3 1.03 1.03 655.0 120.0 655.0 877.0 579.0 877.0 754.0 145.0 754.0 
2 4 1.92 1.92 655.0 120.0 655.0 877.0 579.0 877.0 754.0 145.0 754.0 94.0 84.0 94.0 
2 3 1.3 1.3 73.0 70.0 73.0 394.0 61.0 394.0 992.0 193.0 992.0 
2 4 1.64 1.64 73.0 70.0 73.0 394.0 61.0 394.0 992.0 193.0 992.0 581.0 197.0 581.0 
2 5 1.94 1.94 73.0 70.0 73.0 394.0 61.0 394.0 992.0 193.0 992.0 581.0 197.0 581.0 894.0 266.0 894.0 
2 3 1.02 1.02 207.0 32.0 207.0 285.0 68.0 285.0 686.0 433.0 686.0 
2 4 1.22 1.22 207.0 32.0 207.0 285.0 68.0 285.0 686.0 433.0 686.0 117.0 24.0 117.0 
2 5 1.25 1.25 207.0 32.0 207.0 285.0 68.0 285.0 686.0 433.0 686.0 117.0 24.0 117.0 692.0 16.0 692.0 
2 6 1.35 1.35 207.0 32.0 207.0 285.0 68.0 285.0 686.0 433.0 686.0 117.0 24.0 117.0 692.0 16.0 692.0 843.0 84.0 843.0 
2 3 1.39 1.39 799.0 270.0 799.0 516.0 309.0 516.0 354.0 161.0 354.0 
2 3 0.39 0.39 793.0 151.0 793.0 938.0 125.0 938.0 174.0 13.0 174.0 
2 4 1.14 1.14 793.0 151.0 793.0 938.0 125.0 938.0 174.0 13.0 174.0 416.0 309.0 416.0 
2 5 1.31 1.31 793.0 151.0 793.0 938.0 125.0 938.0 174.0 13.0 174.0 416.0 309.0 416.0 696.0 124.0 696.0 
2 3 1.09 1.09 595.0 93.0 595.0 719.0 123.0 719.0 759.0 583.0 759.0 
2 4 1.17 1.17 595.0 93.0 595.0 719.0 123.0 719.0 759.0 583.0 759.0 388.0 32.0 388.0 
2 5 1.26 1.26 595.0 93.0 595.0 719.0 123.0 719.0 759.0 583.0 759.0 388.0 32.0 388.0 131.0 12.0 131.0 
2 6 1.83 1.83 595.0 93.0 595.0 719.0 123.0 719.0 759.0 583.0 759.0 388.0 32.0 388.0 131.0 12.0 131.0 454.0 257.0 454.0 
2 7 1.99 1.99 595.0 93.0 595.0 719.0 123.0 719.0 759.0 583.0 759.0 388.0 32.0 388.0 131.0 12.0 131.0 454.0 257.0 454.0 913.0 149.0 913.0 
2 3 1.23 1.23 198.0 110.0 198.0 153.0 76.0 153.0 514.0 93.0 514.0 
2 4 1.62 1.62 198.0 110.0 198.0 153.0 76.0 153.0 514.0 93.0 514.0 643.0 255.0 643.0 
2 3 1.61 1.61 156.0 90.0 156.0 393.0 237.0 393.0 555.0 240.0 555.0 
2 3 1.33 1.33 592.0 121.0 592.0 959.0 624.0 959.0 529.0 254.0 529.0 
2 4 1.38 1.38 592.0 121.0 592.0 959.0 624.0 959.0 529.0 254.0 529.0 595.0 31.0 595.0 
2 5 1.74 1.74 592.0 121.0 592.0 959.0 624.0 959.0 529.0 254.0 529.0 595.0 31.0 595.0 141.0 50.0 141.0 
2 3 1.16 1.16 693.0 251.0 693.0 84.0 2.0 84.0 457.0 354.0 457.0 
2 4 1.18 1.18 693.0 251.0 693.0 84.0 2.0 84.0 457.0 354.0 457.0 69.0 2.0 69.0 
2 5 1.73 1.73 693.0 251.0 693.0 84.0 2.0 84.0 457.0 354.0 457.0 69.0 2.0 69.0 348.0 189.0 348.0 
2 3 1.15 1.15 690.0 342.0 690.0 916.0 293.0 916.0 797.0 267.0 797.0 
2 4 1.28 1.28 690.0 342.0 690.0 916.0 293.0 916.0 797.0 267.0 797.0 45.0 6.0 45.0 
2 5 1.54 1.54 690.0 342.0 690.0 916.0 293.0 916.0 797.0 267.0 797.0 45.0 6.0 45.0 534.0 138.0 534.0 
2 3 0.71 0.71 450.0 247.0 450.0 558.0 12.0 558.0 561.0 79.0 561.0 
2 4 1.0 1.0 450.0 247.0 450.0 558.0 12.0 558.0 561.0 79.0 561.0 683.0 202.0 683.0 
2 3 0.22 0.22 147.0 2.0 147.0 558.0 19.0 558.0 118.0 21.0 118.0 
2 4 1.09 1.09 147.0 2.0 147.0 558.0 19.0 558.0 118.0 21.0 118.0 38.0 33.0 38.0 
2 5 1.86 1.86 147.0 2.0 147.0 558.0 19.0 558.0 118.0 21.0 118.0 38.0 33.0 38.0 274.0 211.0 274.0 
2 6 1.97 1.97 147.0 2.0 147.0 558.0 19.0 558.0 118.0 21.0 118.0 38.0 33.0 38.0 274.0 211.0 274.0 584.0 63.0 584.0 
2 3 1.55 1.55 468.0 153.0 468.0 487.0 270.0 487.0 99.0 67.0 99.0 
2 4 1.91 1.91 468.0 153.0 468.0 487.0 270.0 487.0 99.0 67.0 99.0 108.0 39.0 108.0 
2 3 1.5 1.5 420.0 381.0 420.0 308.0 60.0 308.0 938.0 379.0 938.0 
2 4 1.53 1.53 420.0 381.0 420.0 308.0 60.0 308.0 938.0 379.0 938.0 319.0 9.0 319.0 
2 5 1.9 1.9 420.0 381.0 420.0 308.0 60.0 308.0 938.0 379.0 938.0 319.0 9.0 319.0 352.0 130.0 352.0 
2 3 0.7 0.7 246.0 5.0 246.0 494.0 88.0 494.0 403.0 203.0 403.0 
2 4 1.48 1.48 246.0 5.0 246.0 494.0 88.0 494.0 403.0 203.0 403.0 166.0 130.0 166.0 
2 5 1.64 1.64 246.0 5.0 246.0 494.0 88.0 494.0 403.0 203.0 403.0 166.0 130.0 166.0 957.0 150.0 957.0 
2 6 1.67 1.67 246.0 5.0 246.0 494.0 88.0 494.0 403.0 203.0 403.0 166.0 130.0 166.0 957.0 150.0 957.0 900.0 32.0 900.0 
2 3 1.24 1.24 52.0 20.0 52.0 270.0 41.0 270.0 877.0 625.0 877.0 
2 4 1.32 1.32 52.0 20.0 52.0 270.0 41.0 270.0 877.0 625.0 877.0 80.0 6.0 80.0 
2 5 1.5 1.5 52.0 20.0 52.0 270.0 41.0 270.0 877.0 625.0 877.0 80.0 6.0 80.0 78.0 14.0 78.0 
2 6 1.83 1.83 52.0 20.0 52.0 270.0 41.0 270.0 877.0 625.0 877.0 80.0 6.0 80.0 78.0 14.0 78.0 518.0 173.0 518.0 
2 7 1.86 1.86 52.0 20.0 52.0 270.0 41.0 270.0 877.0 625.0 877.0 80.0 6.0 80.0 78.0 14.0 78.0 518.0 173.0 518.0 892.0 28.0 892.0 
2 3 1.62 1.62 183.0 87.0 183.0 385.0 184.0 385.0 919.0 617.0 919.0 
2 4 1.87 1.87 183.0 87.0 183.0 385.0 184.0 385.0 919.0 617.0 919.0 215.0 53.0 215.0 
2 3 0.98 0.98 583.0 64.0 583.0 137.0 68.0 137.0 325.0 122.0 325.0 
2 4 1.55 1.55 583.0 64.0 583.0 137.0 68.0 137.0 325.0 122.0 325.0 115.0 66.0 115.0 
2 5 1.83 1.83 583.0 64.0 583.0 137.0 68.0 137.0 325.0 122.0 325.0 115.0 66.0 115.0 209.0 58.0 209.0 
2 6 1.85 1.85 583.0 64.0 583.0 137.0 68.0 137.0 325.0 122.0 325.0 115.0 66.0 115.0 209.0 58.0 209.0 928.0 19.0 928.0 
2 3 0.92 0.92 833.0 73.0 833.0 947.0 286.0 947.0 585.0 316.0 585.0 
2 4 0.98 0.98 833.0 73.0 833.0 947.0 286.0 947.0 585.0 316.0 585.0 481.0 25.0 481.0 
2 5 1.26 1.26 833.0 73.0 833.0 947.0 286.0 947.0 585.0 316.0 585.0 481.0 25.0 481.0 283.0 81.0 283.0 
2 6 1.86 1.86 833.0 73.0 833.0 947.0 286.0 947.0 585.0 316.0 585.0 481.0 25.0 481.0 283.0 81.0 283.0 460.0 275.0 460.0 
2 3 1.46 1.46 151.0 103.0 151.0 58.0 11.0 58.0 108.0 64.0 108.0 
2 4 1.81 1.81 151.0 103.0 151.0 58.0 11.0 58.0 108.0 64.0 108.0 799.0 277.0 799.0 
2 3 1.6 1.6 343.0 77.0 343.0 38.0 20.0 38.0 476.0 405.0 476.0 
2 3 1.22 1.22 43.0 1.0 43.0 790.0 681.0 790.0 819.0 275.0 819.0 
2 4 1.39 1.39 43.0 1.0 43.0 790.0 681.0 790.0 819.0 275.0 819.0 451.0 80.0 451.0 
2 5 1.54 1.54 43.0 1.0 43.0 790.0 681.0 790.0 819.0 275.0 819.0 451.0 80.0 451.0 95.0 14.0 95.0 
2 6 1.67 1.67 43.0 1.0 43.0 790.0 681.0 790.0 819.0 275.0 819.0 451.0 80.0 451.0 95.0 14.0 95.0 906.0 121.0 906.0 
2 7 1.76 1.76 43.0 1.0 43.0 790.0 681.0 790.0 819.0 275.0 819.0 451.0 80.0 451.0 95.0 14.0 95.0 906.0 121.0 906.0 636.0 55.0 636.0 
2 3 0.85 0.85 177.0 17.0 177.0 660.0 322.0 660.0 594.0 163.0 594.0 
2 4 0.9 0.9 177.0 17.0 177.0 660.0 322.0 660.0 594.0 163.0 594.0 232.0 11.0 232.0 
2 5 0.98 0.98 177.0 17.0 177.0 660.0 322.0 660.0 594.0 163.0 594.0 232.0 11.0 232.0 288.0 23.0 288.0 
2 6 1.16 1.16 177.0 17.0 177.0 660.0 322.0 660.0 594.0 163.0 594.0 232.0 11.0 232.0 288.0 23.0 288.0 467.0 84.0 467.0 
2 3 1.72 1.72 425.0 77.0 425.0 187.0 181.0 187.0 14.0 8.0 14.0 
2 3 1.69 1.69 65.0 46.0 65.0 257.0 28.0 257.0 138.0 121.0 138.0 
2 3 1.57 1.57 247.0 68.0 247.0 108.0 67.0 108.0 956.0 652.0 956.0 
2 4 1.59 1.59 247.0 68.0 247.0 108.0 67.0 108.0 956.0 652.0 956.0 882.0 17.0 882.0 
2 3 1.86 1.86 49.0 49.0 49.0 394.0 64.0 394.0 780.0 548.0 780.0 
2 3 0.37 0.37 626.0 41.0 626.0 888.0 179.0 888.0 90.0 10.0 90.0 
2 4 0.39 0.39 626.0 41.0 626.0 888.0 179.0 888.0 90.0 10.0 90.0 311.0 4.0 311.0 
2 5 0.69 0.69 626.0 41.0 626.0 888.0 179.0 888.0 90.0 10.0 90.0 311.0 4.0 311.0 812.0 245.0 812.0 
2 6 1.48 1.48 626.0 41.0 626.0 888.0 179.0 888.0 90.0 10.0 90.0 311.0 4.0 311.0 812.0 245.0 812.0 187.0 148.0 187.0 
2 7 1.65 1.65 626.0 41.0 626.0 888.0 179.0 888.0 90.0 10.0 90.0 311.0 4.0 311.0 812.0 245.0 812.0 187.0 148.0 187.0 23.0 4.0 23.0 
2 8 1.69 1.69 626.0 41.0 626.0 888.0 179.0 888.0 90.0 10.0 90.0 311.0 4.0 311.0 812.0 245.0 812.0 187.0 148.0 187.0 23.0 4.0 23.0 131.0 5.0 131.0 
2 3 0.96 0.96 227.0 130.0 227.0 515.0 157.0 515.0 177.0 16.0 177.0 
2 4 0.97 0.97 227.0 130.0 227.0 515.0 157.0 515.0 177.0 16.0 177.0 940.0 4.0 940.0 
2 5 1.56 1.56 227.0 130.0 227.0 515.0 157.0 515.0 177.0 16.0 177.0 940.0 4.0 940.0 164.0 97.0 164.0 
2 6 1.87 1.87 227.0 130.0 227.0 515.0 157.0 515.0 177.0 16.0 177.0 940.0 4.0 940.0 164.0 97.0 164.0 901.0 277.0 901.0 
2 3 1.39 1.39 257.0 58.0 257.0 466.0 160.0 466.0 218.0 180.0 218.0 
2 4 1.66 1.66 257.0 58.0 257.0 466.0 160.0 466.0 218.0 180.0 218.0 894.0 241.0 894.0 
2 3 1.43 1.43 664.0 369.0 664.0 811.0 431.0 811.0 378.0 131.0 378.0 
2 4 1.63 1.63 664.0 369.0 664.0 811.0 431.0 811.0 378.0 131.0 378.0 105.0 21.0 105.0 
2 3 0.63 0.63 425.0 258.0 425.0 90.0 1.0 90.0 534.0 11.0 534.0 
2 4 0.72 0.72 425.0 258.0 425.0 90.0 1.0 90.0 534.0 11.0 534.0 308.0 26.0 308.0 
2 5 0.76 0.76 425.0 258.0 425.0 90.0 1.0 90.0 534.0 11.0 534.0 308.0 26.0 308.0 873.0 36.0 873.0 
2 6 1.09 1.09 425.0 258.0 425.0 90.0 1.0 90.0 534.0 11.0 534.0 308.0 26.0 308.0 873.0 36.0 873.0 858.0 280.0 858.0 
2 7 1.93 1.93 425.0 258.0 425.0 90.0 1.0 90.0 534.0 11.0 534.0 308.0 26.0 308.0 873.0 36.0 873.0 858.0 280.0 858.0 85.0 72.0 85.0 
2 3 1.46 1.46 940.0 338.0 940.0 545.0 227.0 545.0 675.0 465.0 675.0 
2 4 1.66 1.66 940.0 338.0 940.0 545.0 227.0 545.0 675.0 465.0 675.0 540.0 108.0 540.0 
2 5 1.87 1.87 940.0 338.0 940.0 545.0 227.0 545.0 675.0 465.0 675.0 540.0 108.0 540.0 535.0 110.0 535.0 
2 6 1.98 1.98 940.0 338.0 940.0 545.0 227.0 545.0 675.0 465.0 675.0 540.0 108.0 540.0 535.0 110.0 535.0 187.0 22.0 187.0 
2 3 1.17 1.17 44.0 9.0 44.0 519.0 131.0 519.0 919.0 660.0 919.0 
2 4 1.2 1.2 44.0 9.0 44.0 519.0 131.0 519.0 919.0 660.0 919.0 30.0 1.0 30.0 
2 5 1.59 1.59 44.0 9.0 44.0 519.0 131.0 519.0 919.0 660.0 919.0 30.0 1.0 30.0 78.0 30.0 78.0 
2 3 1.06 1.06 228.0 20.0 228.0 271.0 258.0 271.0 540.0 14.0 540.0 
2 3 1.28 1.28 549.0 143.0 549.0 614.0 132.0 614.0 201.0 162.0 201.0 
2 4 1.94 1.94 549.0 143.0 549.0 614.0 132.0 614.0 201.0 162.0 201.0 63.0 42.0 63.0 
2 3 0.45 0.45 608.0 94.0 608.0 338.0 25.0 338.0 838.0 190.0 838.0 
2 4 1.35 1.35 608.0 94.0 608.0 338.0 25.0 338.0 838.0 190.0 838.0 162.0 146.0 162.0 
2 5 1.42 1.42 608.0 94.0 608.0 338.0 25.0 338.0 838.0 190.0 838.0 162.0 146.0 162.0 550.0 35.0 550.0 
2 6 1.82 1.82 608.0 94.0 608.0 338.0 25.0 338.0 838.0 190.0 838.0 162.0 146.0 162.0 550.0 35.0 550.0 566.0 228.0 566.0 
2 3 1.52 1.52 205.0 15.0 205.0 578.0 435.0 578.0 390.0 271.0 390.0 
2 4 1.93 1.93 205.0 15.0 205.0 578.0 435.0 578.0 390.0 271.0 390.0 190.0 79.0 190.0 
2 3 1.35 1.35 848.0 162.0 848.0 908.0 777.0 908.0 979.0 305.0 979.0 
2 4 1.61 1.61 848.0 162.0 848.0 908.0 777.0 908.0 979.0 305.0 979.0 75.0 19.0 75.0 
2 3 1.19 1.19 18.0 17.0 18.0 248.0 11.0 248.0 309.0 64.0 309.0 
2 4 1.54 1.54 18.0 17.0 18.0 248.0 11.0 248.0 309.0 64.0 309.0 37.0 13.0 37.0 
2 3 0.87 0.87 186.0 72.0 186.0 288.0 8.0 288.0 646.0 296.0 646.0 
2 4 0.91 0.91 186.0 72.0 186.0 288.0 8.0 288.0 646.0 296.0 646.0 223.0 9.0 223.0 
2 5 1.35 1.35 186.0 72.0 186.0 288.0 8.0 288.0 646.0 296.0 646.0 223.0 9.0 223.0 251.0 111.0 251.0 
2 6 1.61 1.61 186.0 72.0 186.0 288.0 8.0 288.0 646.0 296.0 646.0 223.0 9.0 223.0 251.0 111.0 251.0 891.0 227.0 891.0 
2 7 1.86 1.86 186.0 72.0 186.0 288.0 8.0 288.0 646.0 296.0 646.0 223.0 9.0 223.0 251.0 111.0 251.0 891.0 227.0 891.0 199.0 50.0 199.0 
2 3 0.15 0.15 115.0 3.0 115.0 877.0 17.0 877.0 843.0 90.0 843.0 
2 4 0.17 0.17 115.0 3.0 115.0 877.0 17.0 877.0 843.0 90.0 843.0 129.0 3.0 129.0 
2 5 0.47 0.47 115.0 3.0 115.0 877.0 17.0 877.0 843.0 90.0 843.0 129.0 3.0 129.0 23.0 7.0 23.0 
2 6 0.69 0.69 115.0 3.0 115.0 877.0 17.0 877.0 843.0 90.0 843.0 129.0 3.0 129.0 23.0 7.0 23.0 844.0 181.0 844.0 
2 7 0.74 0.74 115.0 3.0 115.0 877.0 17.0 877.0 843.0 90.0 843.0 129.0 3.0 129.0 23.0 7.0 23.0 844.0 181.0 844.0 93.0 5.0 93.0 
2 8 1.43 1.43 115.0 3.0 115.0 877.0 17.0 877.0 843.0 90.0 843.0 129.0 3.0 129.0 23.0 7.0 23.0 844.0 181.0 844.0 93.0 5.0 93.0 319.0 218.0 319.0 
2 9 1.82 1.82 115.0 3.0 115.0 877.0 17.0 877.0 843.0 90.0 843.0 129.0 3.0 129.0 23.0 7.0 23.0 844.0 181.0 844.0 93.0 5.0 93.0 319.0 218.0 319.0 313.0 123.0 313.0 
2 3 0.83 0.83 328.0 17.0 328.0 257.0 43.0 257.0 724.0 445.0 724.0 
2 4 1.02 1.02 328.0 17.0 328.0 257.0 43.0 257.0 724.0 445.0 724.0 887.0 170.0 887.0 
2 5 1.14 1.14 328.0 17.0 328.0 257.0 43.0 257.0 724.0 445.0 724.0 887.0 170.0 887.0 506.0 60.0 506.0 
2 6 1.68 1.68 328.0 17.0 328.0 257.0 43.0 257.0 724.0 445.0 724.0 887.0 170.0 887.0 506.0 60.0 506.0 335.0 182.0 335.0 
2 7 1.98 1.98 328.0 17.0 328.0 257.0 43.0 257.0 724.0 445.0 724.0 887.0 170.0 887.0 506.0 60.0 506.0 335.0 182.0 335.0 187.0 55.0 187.0 
2 3 1.22 1.22 958.0 805.0 958.0 617.0 140.0 617.0 65.0 10.0 65.0 
2 4 1.67 1.67 958.0 805.0 958.0 617.0 140.0 617.0 65.0 10.0 65.0 970.0 442.0 970.0 
2 5 1.99 1.99 958.0 805.0 958.0 617.0 140.0 617.0 65.0 10.0 65.0 970.0 442.0 970.0 864.0 275.0 864.0 
2 3 1.53 1.53 173.0 86.0 173.0 793.0 399.0 793.0 987.0 525.0 987.0 
2 4 1.89 1.89 173.0 86.0 173.0 793.0 399.0 793.0 987.0 525.0 987.0 853.0 308.0 853.0 
2 3 1.09 1.09 33.0 15.0 33.0 858.0 45.0 858.0 373.0 221.0 373.0 
2 4 1.14 1.14 33.0 15.0 33.0 858.0 45.0 858.0 373.0 221.0 373.0 896.0 42.0 896.0 
2 5 1.33 1.33 33.0 15.0 33.0 858.0 45.0 858.0 373.0 221.0 373.0 896.0 42.0 896.0 625.0 119.0 625.0 
2 3 0.99 0.99 673.0 290.0 673.0 244.0 101.0 244.0 215.0 32.0 215.0 
2 4 1.2 1.2 673.0 290.0 673.0 244.0 101.0 244.0 215.0 32.0 215.0 609.0 130.0 609.0 
2 5 1.53 1.53 673.0 290.0 673.0 244.0 101.0 244.0 215.0 32.0 215.0 609.0 130.0 609.0 879.0 292.0 879.0 
2 6 1.6 1.6 673.0 290.0 673.0 244.0 101.0 244.0 215.0 32.0 215.0 609.0 130.0 609.0 879.0 292.0 879.0 114.0 8.0 114.0 
2 7 1.99 1.99 673.0 290.0 673.0 244.0 101.0 244.0 215.0 32.0 215.0 609.0 130.0 609.0 879.0 292.0 879.0 114.0 8.0 114.0 919.0 354.0 919.0 
2 3 0.66 0.66 850.0 101.0 850.0 759.0 137.0 759.0 897.0 331.0 897.0 
2 4 0.86 0.86 850.0 101.0 850.0 759.0 137.0 759.0 897.0 331.0 897.0 883.0 172.0 883.0 
2 5 1.1 1.1 850.0 101.0 850.0 759.0 137.0 759.0 897.0 331.0 897.0 883.0 172.0 883.0 856.0 205.0 856.0 
2 6 1.16 1.16 850.0 101.0 850.0 759.0 137.0 759.0 897.0 331.0 897.0 883.0 172.0 883.0 856.0 205.0 856.0 400.0 25.0 400.0 
2 7 1.91 1.91 850.0 101.0 850.0 759.0 137.0 759.0 897.0 331.0 897.0 883.0 172.0 883.0 856.0 205.0 856.0 400.0 25.0 400.0 590.0 444.0 590.0 
2 3 1.0 1.0 794.0 275.0 794.0 383.0 14.0 383.0 160.0 100.0 160.0 
2 4 1.44 1.44 794.0 275.0 794.0 383.0 14.0 383.0 160.0 100.0 160.0 436.0 190.0 436.0 
2 5 1.75 1.75 794.0 275.0 794.0 383.0 14.0 383.0 160.0 100.0 160.0 436.0 190.0 436.0 809.0 249.0 809.0 
2 3 0.45 0.45 466.0 63.0 466.0 151.0 21.0 151.0 399.0 74.0 399.0 
2 4 0.51 0.51 466.0 63.0 466.0 151.0 21.0 151.0 399.0 74.0 399.0 550.0 31.0 550.0 
2 5 1.01 1.01 466.0 63.0 466.0 151.0 21.0 151.0 399.0 74.0 399.0 550.0 31.0 550.0 752.0 373.0 752.0 
2 6 1.01 1.01 466.0 63.0 466.0 151.0 21.0 151.0 399.0 74.0 399.0 550.0 31.0 550.0 752.0 373.0 752.0 589.0 2.0 589.0 
2 7 1.69 1.69 466.0 63.0 466.0 151.0 21.0 151.0 399.0 74.0 399.0 550.0 31.0 550.0 752.0 373.0 752.0 589.0 2.0 589.0 876.0 597.0 876.0 
2 3 1.5 1.5 571.0 335.0 571.0 856.0 570.0 856.0 830.0 209.0 830.0 
2 4 1.65 1.65 571.0 335.0 571.0 856.0 570.0 856.0 830.0 209.0 830.0 838.0 127.0 838.0 
2 5 1.71 1.71 571.0 335.0 571.0 856.0 570.0 856.0 830.0 209.0 830.0 838.0 127.0 838.0 937.0 58.0 937.0 
2 3 1.19 1.19 107.0 20.0 107.0 282.0 225.0 282.0 478.0 100.0 478.0 
2 3 1.66 1.66 743.0 563.0 743.0 942.0 467.0 942.0 779.0 320.0 779.0 
2 4 1.68 1.68 743.0 563.0 743.0 942.0 467.0 942.0 779.0 320.0 779.0 255.0 6.0 255.0 
2 5 1.7 1.7 743.0 563.0 743.0 942.0 467.0 942.0 779.0 320.0 779.0 255.0 6.0 255.0 65.0 1.0 65.0 
2 3 1.26 1.26 681.0 200.0 681.0 174.0 113.0 174.0 537.0 175.0 537.0 
2 4 1.59 1.59 681.0 200.0 681.0 174.0 113.0 174.0 537.0 175.0 537.0 719.0 232.0 719.0 
2 5 1.82 1.82 681.0 200.0 681.0 174.0 113.0 174.0 537.0 175.0 537.0 719.0 232.0 719.0 210.0 50.0 210.0 
2 3 1.93 1.93 353.0 243.0 353.0 525.0 303.0 525.0 996.0 666.0 996.0 
2 3 1.39 1.39 429.0 36.0 429.0 455.0 186.0 455.0 770.0 697.0 770.0 
2 4 1.57 1.57 429.0 36.0 429.0 455.0 186.0 455.0 770.0 697.0 770.0 445.0 78.0 445.0 
2 5 1.81 1.81 429.0 36.0 429.0 455.0 186.0 455.0 770.0 697.0 770.0 445.0 78.0 445.0 700.0 166.0 700.0 
2 3 1.49 1.49 512.0 114.0 512.0 838.0 770.0 838.0 764.0 271.0 764.0 
2 3 0.53 0.53 763.0 11.0 763.0 197.0 21.0 197.0 515.0 214.0 515.0 
2 4 1.02 1.02 763.0 11.0 763.0 197.0 21.0 197.0 515.0 214.0 515.0 718.0 351.0 718.0 
2 5 1.96 1.96 763.0 11.0 763.0 197.0 21.0 197.0 515.0 214.0 515.0 718.0 351.0 718.0 993.0 930.0 993.0 
2 3 1.52 1.52 444.0 183.0 444.0 201.0 55.0 201.0 450.0 379.0 450.0 
2 4 1.72 1.72 444.0 183.0 444.0 201.0 55.0 201.0 450.0 379.0 450.0 964.0 189.0 964.0 
2 3 1.2 1.2 345.0 238.0 345.0 878.0 330.0 878.0 676.0 92.0 676.0 
2 4 1.82 1.82 345.0 238.0 345.0 878.0 330.0 878.0 676.0 92.0 676.0 131.0 81.0 131.0 
2 3 0.66 0.66 140.0 48.0 140.0 202.0 45.0 202.0 773.0 73.0 773.0 
2 4 0.91 0.91 140.0 48.0 140.0 202.0 45.0 202.0 773.0 73.0 773.0 285.0 73.0 285.0 
2 5 0.98 0.98 140.0 48.0 140.0 202.0 45.0 202.0 773.0 73.0 773.0 285.0 73.0 285.0 115.0 8.0 115.0 
2 6 1.47 1.47 140.0 48.0 140.0 202.0 45.0 202.0 773.0 73.0 773.0 285.0 73.0 285.0 115.0 8.0 115.0 253.0 124.0 253.0 
2 7 1.91 1.91 140.0 48.0 140.0 202.0 45.0 202.0 773.0 73.0 773.0 285.0 73.0 285.0 115.0 8.0 115.0 253.0 124.0 253.0 375.0 165.0 375.0 
2 3 0.84 0.84 986.0 195.0 986.0 932.0 212.0 932.0 176.0 74.0 176.0 
2 4 1.19 1.19 986.0 195.0 986.0 932.0 212.0 932.0 176.0 74.0 176.0 439.0 155.0 439.0 
2 5 1.98 1.98 986.0 195.0 986.0 932.0 212.0 932.0 176.0 74.0 176.0 439.0 155.0 439.0 729.0 576.0 729.0 
2 3 0.72 0.72 990.0 257.0 990.0 307.0 50.0 307.0 398.0 122.0 398.0 
2 4 1.32 1.32 990.0 257.0 990.0 307.0 50.0 307.0 398.0 122.0 398.0 185.0 111.0 185.0 
2 5 1.95 1.95 990.0 257.0 990.0 307.0 50.0 307.0 398.0 122.0 398.0 185.0 111.0 185.0 560.0 350.0 560.0 
2 3 0.94 0.94 40.0 33.0 40.0 130.0 7.0 130.0 185.0 12.0 185.0 
2 4 1.3 1.3 40.0 33.0 40.0 130.0 7.0 130.0 185.0 12.0 185.0 11.0 4.0 11.0 
2 3 1.22 1.22 813.0 360.0 813.0 626.0 53.0 626.0 746.0 519.0 746.0 
2 4 1.61 1.61 813.0 360.0 813.0 626.0 53.0 626.0 746.0 519.0 746.0 244.0 95.0 244.0 
2 3 1.0 1.0 827.0 318.0 827.0 674.0 2.0 674.0 803.0 494.0 803.0 
2 4 1.47 1.47 827.0 318.0 827.0 674.0 2.0 674.0 803.0 494.0 803.0 497.0 234.0 497.0 
2 5 1.99 1.99 827.0 318.0 827.0 674.0 2.0 674.0 803.0 494.0 803.0 497.0 234.0 497.0 258.0 135.0 258.0 
2 3 1.56 1.56 96.0 76.0 96.0 652.0 278.0 652.0 611.0 210.0 611.0 
2 3 1.32 1.32 254.0 69.0 254.0 189.0 26.0 189.0 12.0 11.0 12.0 
2 4 1.51 1.51 254.0 69.0 254.0 189.0 26.0 189.0 12.0 11.0 12.0 809.0 155.0 809.0 
2 3 0.18 0.18 159.0 22.0 159.0 391.0 7.0 391.0 453.0 12.0 453.0 
2 4 0.32 0.32 159.0 22.0 159.0 391.0 7.0 391.0 453.0 12.0 453.0 784.0 114.0 784.0 
2 5 0.8 0.8 159.0 22.0 159.0 391.0 7.0 391.0 453.0 12.0 453.0 784.0 114.0 784.0 780.0 375.0 780.0 
2 6 0.83 0.83 159.0 22.0 159.0 391.0 7.0 391.0 453.0 12.0 453.0 784.0 114.0 784.0 780.0 375.0 780.0 752.0 17.0 752.0 
2 7 1.01 1.01 159.0 22.0 159.0 391.0 7.0 391.0 453.0 12.0 453.0 784.0 114.0 784.0 780.0 375.0 780.0 752.0 17.0 752.0 761.0 139.0 761.0 
2 8 1.03 1.03 159.0 22.0 159.0 391.0 7.0 391.0 453.0 12.0 453.0 784.0 114.0 784.0 780.0 375.0 780.0 752.0 17.0 752.0 761.0 139.0 761.0 565.0 12.0 565.0 
2 9 1.19 1.19 159.0 22.0 159.0 391.0 7.0 391.0 453.0 12.0 453.0 784.0 114.0 784.0 780.0 375.0 780.0 752.0 17.0 752.0 761.0 139.0 761.0 565.0 12.0 565.0 769.0 123.0 769.0 
2 10 1.66 1.66 159.0 22.0 159.0 391.0 7.0 391.0 453.0 12.0 453.0 784.0 114.0 784.0 780.0 375.0 780.0 752.0 17.0 752.0 761.0 139.0 761.0 565.0 12.0 565.0 769.0 123.0 769.0 603.0 285.0 603.0 
2 3 1.36 1.36 623.0 583.0 623.0 671.0 218.0 671.0 327.0 35.0 327.0 
2 4 1.6 1.6 623.0 583.0 623.0 671.0 218.0 671.0 327.0 35.0 327.0 670.0 159.0 670.0 
2 3 0.69 0.69 758.0 57.0 758.0 497.0 68.0 497.0 913.0 439.0 913.0 
2 4 1.06 1.06 758.0 57.0 758.0 497.0 68.0 497.0 913.0 439.0 913.0 105.0 39.0 105.0 
2 5 1.76 1.76 758.0 57.0 758.0 497.0 68.0 497.0 913.0 439.0 913.0 105.0 39.0 105.0 325.0 228.0 325.0 
2 3 0.97 0.97 588.0 148.0 588.0 943.0 5.0 943.0 338.0 242.0 338.0 
2 4 1.71 1.71 588.0 148.0 588.0 943.0 5.0 943.0 338.0 242.0 338.0 238.0 177.0 238.0 
2 3 1.01 1.01 409.0 9.0 409.0 485.0 126.0 485.0 745.0 546.0 745.0 
2 4 1.88 1.88 409.0 9.0 409.0 485.0 126.0 485.0 745.0 546.0 745.0 378.0 328.0 378.0 
2 3 0.94 0.94 414.0 27.0 414.0 639.0 316.0 639.0 873.0 340.0 873.0 
2 4 1.01 1.01 414.0 27.0 414.0 639.0 316.0 639.0 873.0 340.0 873.0 249.0 17.0 249.0 
2 5 1.61 1.61 414.0 27.0 414.0 639.0 316.0 639.0 873.0 340.0 873.0 249.0 17.0 249.0 418.0 249.0 418.0 
2 6 1.62 1.62 414.0 27.0 414.0 639.0 316.0 639.0 873.0 340.0 873.0 249.0 17.0 249.0 418.0 249.0 418.0 388.0 6.0 388.0 
2 3 0.84 0.84 488.0 94.0 488.0 124.0 31.0 124.0 517.0 207.0 517.0 
2 4 1.55 1.55 488.0 94.0 488.0 124.0 31.0 124.0 517.0 207.0 517.0 586.0 418.0 586.0 
2 5 1.59 1.59 488.0 94.0 488.0 124.0 31.0 124.0 517.0 207.0 517.0 586.0 418.0 586.0 171.0 7.0 171.0 
2 6 1.92 1.92 488.0 94.0 488.0 124.0 31.0 124.0 517.0 207.0 517.0 586.0 418.0 586.0 171.0 7.0 171.0 798.0 263.0 798.0 
2 3 0.84 0.84 647.0 77.0 647.0 815.0 120.0 815.0 261.0 152.0 261.0 
2 4 0.89 0.89 647.0 77.0 647.0 815.0 120.0 815.0 261.0 152.0 261.0 612.0 28.0 612.0 
2 5 1.45 1.45 647.0 77.0 647.0 815.0 120.0 815.0 261.0 152.0 261.0 612.0 28.0 612.0 746.0 420.0 746.0 
2 6 1.58 1.58 647.0 77.0 647.0 815.0 120.0 815.0 261.0 152.0 261.0 612.0 28.0 612.0 746.0 420.0 746.0 721.0 90.0 721.0 
2 7 1.87 1.87 647.0 77.0 647.0 815.0 120.0 815.0 261.0 152.0 261.0 612.0 28.0 612.0 746.0 420.0 746.0 721.0 90.0 721.0 812.0 235.0 812.0 
2 3 0.74 0.74 756.0 54.0 756.0 896.0 544.0 896.0 411.0 28.0 411.0 
2 4 0.89 0.89 756.0 54.0 756.0 896.0 544.0 896.0 411.0 28.0 411.0 674.0 98.0 674.0 
2 5 1.22 1.22 756.0 54.0 756.0 896.0 544.0 896.0 411.0 28.0 411.0 674.0 98.0 674.0 6.0 2.0 6.0 
2 6 1.39 1.39 756.0 54.0 756.0 896.0 544.0 896.0 411.0 28.0 411.0 674.0 98.0 674.0 6.0 2.0 6.0 597.0 100.0 597.0 
2 7 1.6 1.6 756.0 54.0 756.0 896.0 544.0 896.0 411.0 28.0 411.0 674.0 98.0 674.0 6.0 2.0 6.0 597.0 100.0 597.0 166.0 35.0 166.0 
2 8 1.6 1.6 756.0 54.0 756.0 896.0 544.0 896.0 411.0 28.0 411.0 674.0 98.0 674.0 6.0 2.0 6.0 597.0 100.0 597.0 166.0 35.0 166.0 623.0 3.0 623.0 
2 9 1.81 1.81 756.0 54.0 756.0 896.0 544.0 896.0 411.0 28.0 411.0 674.0 98.0 674.0 6.0 2.0 6.0 597.0 100.0 597.0 166.0 35.0 166.0 623.0 3.0 623.0 170.0 35.0 170.0 
2 10 1.82 1.82 756.0 54.0 756.0 896.0 544.0 896.0 411.0 28.0 411.0 674.0 98.0 674.0 6.0 2.0 6.0 597.0 100.0 597.0 166.0 35.0 166.0 623.0 3.0 623.0 170.0 35.0 170.0 233.0 3.0 233.0 
2 3 1.1 1.1 504.0 89.0 504.0 959.0 618.0 959.0 191.0 54.0 191.0 
2 4 1.49 1.49 504.0 89.0 504.0 959.0 618.0 959.0 191.0 54.0 191.0 485.0 192.0 485.0 
2 5 1.53 1.53 504.0 89.0 504.0 959.0 618.0 959.0 191.0 54.0 191.0 485.0 192.0 485.0 301.0 11.0 301.0 
2 6 1.53 1.53 504.0 89.0 504.0 959.0 618.0 959.0 191.0 54.0 191.0 485.0 192.0 485.0 301.0 11.0 301.0 579.0 2.0 579.0 
2 3 1.6 1.6 786.0 600.0 786.0 414.0 333.0 414.0 661.0 23.0 661.0 
2 3 1.41 1.41 942.0 425.0 942.0 282.0 144.0 282.0 855.0 388.0 855.0 
2 4 1.53 1.53 942.0 425.0 942.0 282.0 144.0 282.0 855.0 388.0 855.0 573.0 68.0 573.0 
2 5 1.54 1.54 942.0 425.0 942.0 282.0 144.0 282.0 855.0 388.0 855.0 573.0 68.0 573.0 753.0 7.0 753.0 
2 6 1.99 1.99 942.0 425.0 942.0 282.0 144.0 282.0 855.0 388.0 855.0 573.0 68.0 573.0 753.0 7.0 753.0 257.0 117.0 257.0 
2 3 1.41 1.41 732.0 34.0 732.0 550.0 541.0 550.0 262.0 100.0 262.0 
2 4 1.67 1.67 732.0 34.0 732.0 550.0 541.0 550.0 262.0 100.0 262.0 164.0 43.0 164.0 
2 3 1.14 1.14 501.0 151.0 501.0 500.0 99.0 500.0 603.0 391.0 603.0 
2 4 1.67 1.67 501.0 151.0 501.0 500.0 99.0 500.0 603.0 391.0 603.0 822.0 430.0 822.0 
2 5 1.77 1.77 501.0 151.0 501.0 500.0 99.0 500.0 603.0 391.0 603.0 822.0 430.0 822.0 317.0 33.0 317.0 
2 3 1.93 1.93 105.0 52.0 105.0 939.0 923.0 939.0 343.0 156.0 343.0 
2 3 0.65 0.65 119.0 2.0 119.0 87.0 55.0 87.0 944.0 10.0 944.0 
2 4 1.01 1.01 119.0 2.0 119.0 87.0 55.0 87.0 944.0 10.0 944.0 343.0 122.0 343.0 
2 5 1.24 1.24 119.0 2.0 119.0 87.0 55.0 87.0 944.0 10.0 944.0 343.0 122.0 343.0 817.0 187.0 817.0 
2 6 1.74 1.74 119.0 2.0 119.0 87.0 55.0 87.0 944.0 10.0 944.0 343.0 122.0 343.0 817.0 187.0 817.0 488.0 245.0 488.0 
2 3 0.96 0.96 231.0 145.0 231.0 401.0 20.0 401.0 141.0 40.0 141.0 
2 4 1.49 1.49 231.0 145.0 231.0 401.0 20.0 401.0 141.0 40.0 141.0 582.0 310.0 582.0 
2 5 1.59 1.59 231.0 145.0 231.0 401.0 20.0 401.0 141.0 40.0 141.0 582.0 310.0 582.0 257.0 25.0 257.0 
2 6 1.77 1.77 231.0 145.0 231.0 401.0 20.0 401.0 141.0 40.0 141.0 582.0 310.0 582.0 257.0 25.0 257.0 418.0 78.0 418.0 
2 3 0.81 0.81 848.0 379.0 848.0 940.0 296.0 940.0 185.0 10.0 185.0 
2 4 1.44 1.44 848.0 379.0 848.0 940.0 296.0 940.0 185.0 10.0 185.0 485.0 307.0 485.0 
2 5 1.49 1.49 848.0 379.0 848.0 940.0 296.0 940.0 185.0 10.0 185.0 485.0 307.0 485.0 550.0 26.0 550.0 
2 3 0.75 0.75 367.0 25.0 367.0 718.0 256.0 718.0 54.0 18.0 54.0 
2 4 1.25 1.25 367.0 25.0 367.0 718.0 256.0 718.0 54.0 18.0 54.0 4.0 2.0 4.0 
2 5 1.6 1.6 367.0 25.0 367.0 718.0 256.0 718.0 54.0 18.0 54.0 4.0 2.0 4.0 58.0 20.0 58.0 
2 3 1.47 1.47 558.0 108.0 558.0 202.0 177.0 202.0 241.0 98.0 241.0 
2 4 1.56 1.56 558.0 108.0 558.0 202.0 177.0 202.0 241.0 98.0 241.0 299.0 26.0 299.0 
2 3 1.14 1.14 900.0 189.0 900.0 525.0 226.0 525.0 136.0 68.0 136.0 
2 4 1.68 1.68 900.0 189.0 900.0 525.0 226.0 525.0 136.0 68.0 136.0 704.0 385.0 704.0 
2 3 1.28 1.28 792.0 340.0 792.0 292.0 22.0 292.0 627.0 488.0 627.0 
2 4 1.32 1.32 792.0 340.0 792.0 292.0 22.0 292.0 627.0 488.0 627.0 684.0 28.0 684.0 
2 5 1.59 1.59 792.0 340.0 792.0 292.0 22.0 292.0 627.0 488.0 627.0 684.0 28.0 684.0 202.0 55.0 202.0 
2 3 0.58 0.58 286.0 138.0 286.0 948.0 29.0 948.0 882.0 64.0 882.0 
2 4 0.82 0.82 286.0 138.0 286.0 948.0 29.0 948.0 882.0 64.0 882.0 105.0 25.0 105.0 
2 5 1.67 1.67 286.0 138.0 286.0 948.0 29.0 948.0 882.0 64.0 882.0 105.0 25.0 105.0 75.0 64.0 75.0 
2 3 1.34 1.34 79.0 65.0 79.0 393.0 32.0 393.0 503.0 224.0 503.0 
2 4 1.98 1.98 79.0 65.0 79.0 393.0 32.0 393.0 503.0 224.0 503.0 814.0 515.0 814.0 
2 3 1.1 1.1 154.0 75.0 154.0 100.0 6.0 100.0 195.0 109.0 195.0 
2 4 1.14 1.14 154.0 75.0 154.0 100.0 6.0 100.0 195.0 109.0 195.0 156.0 6.0 156.0 
2 5 1.52 1.52 154.0 75.0 154.0 100.0 6.0 100.0 195.0 109.0 195.0 156.0 6.0 156.0 73.0 28.0 73.0 
2 6 1.78 1.78 154.0 75.0 154.0 100.0 6.0 100.0 195.0 109.0 195.0 156.0 6.0 156.0 73.0 28.0 73.0 264.0 68.0 264.0 
2 3 0.69 0.69 697.0 209.0 697.0 520.0 16.0 520.0 488.0 178.0 488.0 
2 4 0.96 0.96 697.0 209.0 697.0 520.0 16.0 520.0 488.0 178.0 488.0 353.0 96.0 353.0 
2 5 1.66 1.66 697.0 209.0 697.0 520.0 16.0 520.0 488.0 178.0 488.0 353.0 96.0 353.0 209.0 146.0 209.0 
2 3 0.75 0.75 182.0 64.0 182.0 725.0 13.0 725.0 932.0 363.0 932.0 
2 4 1.09 1.09 182.0 64.0 182.0 725.0 13.0 725.0 932.0 363.0 932.0 6.0 2.0 6.0 
2 5 1.33 1.33 182.0 64.0 182.0 725.0 13.0 725.0 932.0 363.0 932.0 6.0 2.0 6.0 807.0 198.0 807.0 
2 6 1.37 1.37 182.0 64.0 182.0 725.0 13.0 725.0 932.0 363.0 932.0 6.0 2.0 6.0 807.0 198.0 807.0 62.0 2.0 62.0 
2 7 1.63 1.63 182.0 64.0 182.0 725.0 13.0 725.0 932.0 363.0 932.0 6.0 2.0 6.0 807.0 198.0 807.0 62.0 2.0 62.0 426.0 112.0 426.0 
2 3 0.97 0.97 439.0 41.0 439.0 975.0 206.0 975.0 3.0 2.0 3.0 
2 4 1.16 1.16 439.0 41.0 439.0 975.0 206.0 975.0 3.0 2.0 3.0 292.0 58.0 292.0 
2 5 1.25 1.25 439.0 41.0 439.0 975.0 206.0 975.0 3.0 2.0 3.0 292.0 58.0 292.0 791.0 67.0 791.0 
2 6 1.71 1.71 439.0 41.0 439.0 975.0 206.0 975.0 3.0 2.0 3.0 292.0 58.0 292.0 791.0 67.0 791.0 935.0 435.0 935.0 
2 7 1.77 1.77 439.0 41.0 439.0 975.0 206.0 975.0 3.0 2.0 3.0 292.0 58.0 292.0 791.0 67.0 791.0 935.0 435.0 935.0 821.0 49.0 821.0 
2 3 1.76 1.76 125.0 75.0 125.0 89.0 37.0 89.0 518.0 387.0 518.0 
2 3 1.51 1.51 393.0 44.0 393.0 112.0 71.0 112.0 612.0 472.0 612.0 
2 3 0.64 0.64 673.0 237.0 673.0 814.0 145.0 814.0 803.0 91.0 803.0 
2 4 0.69 0.69 673.0 237.0 673.0 814.0 145.0 814.0 803.0 91.0 803.0 435.0 22.0 435.0 
2 5 1.41 1.41 673.0 237.0 673.0 814.0 145.0 814.0 803.0 91.0 803.0 435.0 22.0 435.0 914.0 660.0 914.0 
2 6 1.52 1.52 673.0 237.0 673.0 814.0 145.0 814.0 803.0 91.0 803.0 435.0 22.0 435.0 914.0 660.0 914.0 828.0 93.0 828.0 
2 3 1.71 1.71 610.0 261.0 610.0 158.0 89.0 158.0 614.0 442.0 614.0 
2 4 1.89 1.89 610.0 261.0 610.0 158.0 89.0 158.0 614.0 442.0 614.0 219.0 40.0 219.0 
2 3 1.27 1.27 813.0 291.0 813.0 67.0 15.0 67.0 557.0 385.0 557.0 
2 4 1.71 1.71 813.0 291.0 813.0 67.0 15.0 67.0 557.0 385.0 557.0 486.0 213.0 486.0 
2 5 1.81 1.81 813.0 291.0 813.0 67.0 15.0 67.0 557.0 385.0 557.0 486.0 213.0 486.0 553.0 60.0 553.0 
2 6 1.86 1.86 813.0 291.0 813.0 67.0 15.0 67.0 557.0 385.0 557.0 486.0 213.0 486.0 553.0 60.0 553.0 989.0 46.0 989.0 
2 7 1.99 1.99 813.0 291.0 813.0 67.0 15.0 67.0 557.0 385.0 557.0 486.0 213.0 486.0 553.0 60.0 553.0 989.0 46.0 989.0 960.0 128.0 960.0 
2 3 1.4 1.4 295.0 166.0 295.0 70.0 25.0 70.0 606.0 295.0 606.0 
2 4 1.44 1.44 295.0 166.0 295.0 70.0 25.0 70.0 606.0 295.0 606.0 891.0 30.0 891.0 
2 5 1.68 1.68 295.0 166.0 295.0 70.0 25.0 70.0 606.0 295.0 606.0 891.0 30.0 891.0 960.0 233.0 960.0 
2 3 1.52 1.52 362.0 188.0 362.0 516.0 220.0 516.0 764.0 445.0 764.0 
2 3 1.19 1.19 521.0 271.0 521.0 995.0 463.0 995.0 471.0 99.0 471.0 
2 4 1.57 1.57 521.0 271.0 521.0 995.0 463.0 995.0 471.0 99.0 471.0 398.0 150.0 398.0 
2 5 1.7 1.7 521.0 271.0 521.0 995.0 463.0 995.0 471.0 99.0 471.0 398.0 150.0 398.0 870.0 111.0 870.0 
2 3 1.2 1.2 324.0 49.0 324.0 597.0 85.0 597.0 192.0 175.0 192.0 
2 4 1.52 1.52 324.0 49.0 324.0 597.0 85.0 597.0 192.0 175.0 192.0 951.0 303.0 951.0 
2 3 1.5 1.5 120.0 107.0 120.0 92.0 49.0 92.0 713.0 58.0 713.0 
2 4 1.73 1.73 120.0 107.0 120.0 92.0 49.0 92.0 713.0 58.0 713.0 337.0 76.0 337.0 
2 5 1.98 1.98 120.0 107.0 120.0 92.0 49.0 92.0 713.0 58.0 713.0 337.0 76.0 337.0 4.0 1.0 4.0 
2 3 0.8 0.8 491.0 256.0 491.0 441.0 114.0 441.0 870.0 19.0 870.0 
2 4 1.72 1.72 491.0 256.0 491.0 441.0 114.0 441.0 870.0 19.0 870.0 416.0 383.0 416.0 
2 3 0.65 0.65 467.0 274.0 467.0 364.0 17.0 364.0 351.0 7.0 351.0 
2 4 0.87 0.87 467.0 274.0 467.0 364.0 17.0 364.0 351.0 7.0 351.0 507.0 114.0 507.0 
2 5 1.53 1.53 467.0 274.0 467.0 364.0 17.0 364.0 351.0 7.0 351.0 507.0 114.0 507.0 954.0 631.0 954.0 
2 6 1.78 1.78 467.0 274.0 467.0 364.0 17.0 364.0 351.0 7.0 351.0 507.0 114.0 507.0 954.0 631.0 954.0 223.0 55.0 223.0 
2 3 1.19 1.19 544.0 35.0 544.0 419.0 301.0 419.0 864.0 360.0 864.0 
2 4 1.24 1.24 544.0 35.0 544.0 419.0 301.0 419.0 864.0 360.0 864.0 81.0 4.0 81.0 
2 5 1.46 1.46 544.0 35.0 544.0 419.0 301.0 419.0 864.0 360.0 864.0 81.0 4.0 81.0 106.0 23.0 106.0 
2 6 1.93 1.93 544.0 35.0 544.0 419.0 301.0 419.0 864.0 360.0 864.0 81.0 4.0 81.0 106.0 23.0 106.0 127.0 59.0 127.0 
2 3 1.04 1.04 649.0 80.0 649.0 482.0 214.0 482.0 859.0 414.0 859.0 
2 4 1.56 1.56 649.0 80.0 649.0 482.0 214.0 482.0 859.0 414.0 859.0 461.0 238.0 461.0 
2 3 1.91 1.91 758.0 375.0 758.0 960.0 853.0 960.0 175.0 93.0 175.0 
2 3 0.85 0.85 895.0 42.0 895.0 794.0 574.0 794.0 247.0 22.0 247.0 
2 4 1.83 1.83 895.0 42.0 895.0 794.0 574.0 794.0 247.0 22.0 247.0 552.0 541.0 552.0 
2 5 1.93 1.93 895.0 42.0 895.0 794.0 574.0 794.0 247.0 22.0 247.0 552.0 541.0 552.0 573.0 54.0 573.0 
2 3 1.01 1.01 407.0 155.0 407.0 527.0 23.0 527.0 306.0 182.0 306.0 
2 4 1.92 1.92 407.0 155.0 407.0 527.0 23.0 527.0 306.0 182.0 306.0 852.0 770.0 852.0 
2 3 1.08 1.08 341.0 166.0 341.0 175.0 63.0 175.0 423.0 99.0 423.0 
2 4 1.2 1.2 341.0 166.0 341.0 175.0 63.0 175.0 423.0 99.0 423.0 887.0 109.0 887.0 
2 5 1.22 1.22 341.0 166.0 341.0 175.0 63.0 175.0 423.0 99.0 423.0 887.0 109.0 887.0 869.0 22.0 869.0 
2 6 1.45 1.45 341.0 166.0 341.0 175.0 63.0 175.0 423.0 99.0 423.0 887.0 109.0 887.0 869.0 22.0 869.0 234.0 52.0 234.0 
2 7 1.61 1.61 341.0 166.0 341.0 175.0 63.0 175.0 423.0 99.0 423.0 887.0 109.0 887.0 869.0 22.0 869.0 234.0 52.0 234.0 782.0 127.0 782.0 
2 3 0.31 0.31 8.0 1.0 8.0 945.0 30.0 945.0 952.0 146.0 952.0 
2 4 0.87 0.87 8.0 1.0 8.0 945.0 30.0 945.0 952.0 146.0 952.0 715.0 407.0 715.0 
2 5 1.12 1.12 8.0 1.0 8.0 945.0 30.0 945.0 952.0 146.0 952.0 715.0 407.0 715.0 547.0 137.0 547.0 
2 6 1.81 1.81 8.0 1.0 8.0 945.0 30.0 945.0 952.0 146.0 952.0 715.0 407.0 715.0 547.0 137.0 547.0 518.0 353.0 518.0 
2 3 0.85 0.85 781.0 391.0 781.0 572.0 185.0 572.0 563.0 19.0 563.0 
2 4 1.19 1.19 781.0 391.0 781.0 572.0 185.0 572.0 563.0 19.0 563.0 774.0 258.0 774.0 
2 5 1.29 1.29 781.0 391.0 781.0 572.0 185.0 572.0 563.0 19.0 563.0 774.0 258.0 774.0 565.0 57.0 565.0 
2 6 1.34 1.34 781.0 391.0 781.0 572.0 185.0 572.0 563.0 19.0 563.0 774.0 258.0 774.0 565.0 57.0 565.0 601.0 32.0 601.0 
2 7 1.45 1.45 781.0 391.0 781.0 572.0 185.0 572.0 563.0 19.0 563.0 774.0 258.0 774.0 565.0 57.0 565.0 601.0 32.0 601.0 514.0 58.0 514.0 
2 3 0.27 0.27 696.0 6.0 696.0 480.0 98.0 480.0 539.0 31.0 539.0 
2 4 0.27 0.27 696.0 6.0 696.0 480.0 98.0 480.0 539.0 31.0 539.0 795.0 2.0 795.0 
2 5 0.4 0.4 696.0 6.0 696.0 480.0 98.0 480.0 539.0 31.0 539.0 795.0 2.0 795.0 956.0 131.0 956.0 
2 6 0.87 0.87 696.0 6.0 696.0 480.0 98.0 480.0 539.0 31.0 539.0 795.0 2.0 795.0 956.0 131.0 956.0 869.0 405.0 869.0 
2 7 1.01 1.01 696.0 6.0 696.0 480.0 98.0 480.0 539.0 31.0 539.0 795.0 2.0 795.0 956.0 131.0 956.0 869.0 405.0 869.0 899.0 129.0 899.0 
2 8 1.62 1.62 696.0 6.0 696.0 480.0 98.0 480.0 539.0 31.0 539.0 795.0 2.0 795.0 956.0 131.0 956.0 869.0 405.0 869.0 899.0 129.0 899.0 635.0 383.0 635.0 
2 9 1.95 1.95 696.0 6.0 696.0 480.0 98.0 480.0 539.0 31.0 539.0 795.0 2.0 795.0 956.0 131.0 956.0 869.0 405.0 869.0 899.0 129.0 899.0 635.0 383.0 635.0 76.0 25.0 76.0 
2 3 1.35 1.35 314.0 151.0 314.0 439.0 356.0 439.0 300.0 19.0 300.0 
2 3 1.26 1.26 938.0 406.0 938.0 217.0 140.0 217.0 789.0 144.0 789.0 
2 4 1.92 1.92 938.0 406.0 938.0 217.0 140.0 217.0 789.0 144.0 789.0 195.0 129.0 195.0 
2 3 0.81 0.81 133.0 7.0 133.0 647.0 155.0 647.0 781.0 409.0 781.0 
2 4 1.02 1.02 133.0 7.0 133.0 647.0 155.0 647.0 781.0 409.0 781.0 378.0 79.0 378.0 
2 5 1.76 1.76 133.0 7.0 133.0 647.0 155.0 647.0 781.0 409.0 781.0 378.0 79.0 378.0 932.0 690.0 932.0 
2 3 1.44 1.44 655.0 125.0 655.0 151.0 123.0 151.0 69.0 30.0 69.0 
2 4 1.82 1.82 655.0 125.0 655.0 151.0 123.0 151.0 69.0 30.0 69.0 755.0 290.0 755.0 
2 3 1.46 1.46 853.0 326.0 853.0 648.0 548.0 648.0 825.0 193.0 825.0 
2 3 0.95 0.95 83.0 35.0 83.0 471.0 65.0 471.0 160.0 64.0 160.0 
2 4 1.39 1.39 83.0 35.0 83.0 471.0 65.0 471.0 160.0 64.0 160.0 747.0 323.0 747.0 
2 5 1.46 1.46 83.0 35.0 83.0 471.0 65.0 471.0 160.0 64.0 160.0 747.0 323.0 747.0 803.0 62.0 803.0 
2 6 1.58 1.58 83.0 35.0 83.0 471.0 65.0 471.0 160.0 64.0 160.0 747.0 323.0 747.0 803.0 62.0 803.0 176.0 20.0 176.0 
2 3 1.65 1.65 831.0 657.0 831.0 33.0 9.0 33.0 128.0 76.0 128.0 
2 4 1.66 1.66 831.0 657.0 831.0 33.0 9.0 33.0 128.0 76.0 128.0 98.0 1.0 98.0 
2 3 1.09 1.09 995.0 961.0 995.0 575.0 40.0 575.0 117.0 7.0 117.0 
2 4 1.59 1.59 995.0 961.0 995.0 575.0 40.0 575.0 117.0 7.0 117.0 822.0 407.0 822.0 
2 5 1.84 1.84 995.0 961.0 995.0 575.0 40.0 575.0 117.0 7.0 117.0 822.0 407.0 822.0 20.0 5.0 20.0 
2 3 1.71 1.71 523.0 445.0 523.0 221.0 107.0 221.0 694.0 262.0 694.0 
2 4 1.77 1.77 523.0 445.0 523.0 221.0 107.0 221.0 694.0 262.0 694.0 67.0 4.0 67.0 
2 5 1.83 1.83 523.0 445.0 523.0 221.0 107.0 221.0 694.0 262.0 694.0 67.0 4.0 67.0 225.0 13.0 225.0 
2 6 1.99 1.99 523.0 445.0 523.0 221.0 107.0 221.0 694.0 262.0 694.0 67.0 4.0 67.0 225.0 13.0 225.0 938.0 159.0 938.0 
2 3 1.03 1.03 481.0 76.0 481.0 351.0 284.0 351.0 399.0 28.0 399.0 
2 4 1.17 1.17 481.0 76.0 481.0 351.0 284.0 351.0 399.0 28.0 399.0 400.0 55.0 400.0 
2 5 1.43 1.43 481.0 76.0 481.0 351.0 284.0 351.0 399.0 28.0 399.0 400.0 55.0 400.0 960.0 253.0 960.0 
2 3 1.18 1.18 544.0 15.0 544.0 394.0 362.0 394.0 483.0 117.0 483.0 
2 4 1.28 1.28 544.0 15.0 544.0 394.0 362.0 394.0 483.0 117.0 483.0 491.0 45.0 491.0 
2 5 1.3 1.3 544.0 15.0 544.0 394.0 362.0 394.0 483.0 117.0 483.0 491.0 45.0 491.0 804.0 23.0 804.0 
2 6 1.83 1.83 544.0 15.0 544.0 394.0 362.0 394.0 483.0 117.0 483.0 491.0 45.0 491.0 804.0 23.0 804.0 157.0 82.0 157.0 
2 7 1.88 1.88 544.0 15.0 544.0 394.0 362.0 394.0 483.0 117.0 483.0 491.0 45.0 491.0 804.0 23.0 804.0 157.0 82.0 157.0 603.0 34.0 603.0 
2 3 1.75 1.75 260.0 87.0 260.0 646.0 549.0 646.0 309.0 175.0 309.0 
2 3 1.09 1.09 94.0 39.0 94.0 132.0 86.0 132.0 808.0 27.0 808.0 
2 4 1.39 1.39 94.0 39.0 94.0 132.0 86.0 132.0 808.0 27.0 808.0 125.0 37.0 125.0 
2 5 1.71 1.71 94.0 39.0 94.0 132.0 86.0 132.0 808.0 27.0 808.0 125.0 37.0 125.0 485.0 155.0 485.0 
2 3 1.79 1.79 759.0 341.0 759.0 106.0 101.0 106.0 335.0 133.0 335.0 
2 3 0.62 0.62 350.0 6.0 350.0 887.0 515.0 887.0 176.0 5.0 176.0 
2 4 0.82 0.82 350.0 6.0 350.0 887.0 515.0 887.0 176.0 5.0 176.0 991.0 202.0 991.0 
2 5 1.51 1.51 350.0 6.0 350.0 887.0 515.0 887.0 176.0 5.0 176.0 991.0 202.0 991.0 512.0 351.0 512.0 
2 3 1.34 1.34 154.0 41.0 154.0 974.0 708.0 974.0 49.0 17.0 49.0 
2 4 1.37 1.37 154.0 41.0 154.0 974.0 708.0 974.0 49.0 17.0 49.0 171.0 6.0 171.0 
2 5 1.8 1.8 154.0 41.0 154.0 974.0 708.0 974.0 49.0 17.0 49.0 171.0 6.0 171.0 723.0 309.0 723.0 
2 3 0.92 0.92 855.0 61.0 855.0 110.0 65.0 110.0 682.0 176.0 682.0 
2 4 1.09 1.09 855.0 61.0 855.0 110.0 65.0 110.0 682.0 176.0 682.0 885.0 155.0 885.0 
2 5 1.38 1.38 855.0 61.0 855.0 110.0 65.0 110.0 682.0 176.0 682.0 885.0 155.0 885.0 150.0 44.0 150.0 
2 3 1.18 1.18 437.0 32.0 437.0 431.0 377.0 431.0 852.0 203.0 852.0 
2 4 1.27 1.27 437.0 32.0 437.0 431.0 377.0 431.0 852.0 203.0 852.0 999.0 87.0 999.0 
2 5 1.73 1.73 437.0 32.0 437.0 431.0 377.0 431.0 852.0 203.0 852.0 999.0 87.0 999.0 746.0 345.0 746.0 
2 6 1.97 1.97 437.0 32.0 437.0 431.0 377.0 431.0 852.0 203.0 852.0 999.0 87.0 999.0 746.0 345.0 746.0 981.0 233.0 981.0 
2 3 1.68 1.68 544.0 233.0 544.0 296.0 282.0 296.0 713.0 215.0 713.0 
2 4 1.69 1.69 544.0 233.0 544.0 296.0 282.0 296.0 713.0 215.0 713.0 319.0 5.0 319.0 
2 5 1.92 1.92 544.0 233.0 544.0 296.0 282.0 296.0 713.0 215.0 713.0 319.0 5.0 319.0 148.0 33.0 148.0 
2 3 1.02 1.02 341.0 155.0 341.0 489.0 166.0 489.0 174.0 41.0 174.0 
2 4 1.55 1.55 341.0 155.0 341.0 489.0 166.0 489.0 174.0 41.0 174.0 630.0 334.0 630.0 
2 5 1.81 1.81 341.0 155.0 341.0 489.0 166.0 489.0 174.0 41.0 174.0 630.0 334.0 630.0 695.0 177.0 695.0 
2 3 1.87 1.87 472.0 68.0 472.0 606.0 474.0 606.0 114.0 108.0 114.0 
2 3 1.57 1.57 720.0 254.0 720.0 563.0 527.0 563.0 839.0 240.0 839.0 
2 4 1.97 1.97 720.0 254.0 720.0 563.0 527.0 563.0 839.0 240.0 839.0 925.0 373.0 925.0 
2 3 0.81 0.81 858.0 316.0 858.0 582.0 224.0 582.0 660.0 40.0 660.0 
2 4 1.59 1.59 858.0 316.0 858.0 582.0 224.0 582.0 660.0 40.0 660.0 619.0 481.0 619.0 
2 3 1.91 1.91 355.0 228.0 355.0 585.0 195.0 585.0 859.0 804.0 859.0 
2 3 1.68 1.68 195.0 95.0 195.0 114.0 41.0 114.0 601.0 506.0 601.0 
2 3 1.19 1.19 853.0 344.0 853.0 51.0 3.0 51.0 561.0 410.0 561.0 
2 3 1.29 1.29 785.0 262.0 785.0 856.0 244.0 856.0 311.0 209.0 311.0 
2 4 1.77 1.77 785.0 262.0 785.0 856.0 244.0 856.0 311.0 209.0 311.0 101.0 49.0 101.0 
2 3 0.77 0.77 361.0 2.0 361.0 993.0 35.0 993.0 706.0 520.0 706.0 
2 4 1.7 1.7 361.0 2.0 361.0 993.0 35.0 993.0 706.0 520.0 706.0 473.0 440.0 473.0 
2 3 0.34 0.34 505.0 17.0 505.0 961.0 219.0 961.0 116.0 10.0 116.0 
2 4 0.75 0.75 505.0 17.0 505.0 961.0 219.0 961.0 116.0 10.0 116.0 459.0 189.0 459.0 
2 5 1.32 1.32 505.0 17.0 505.0 961.0 219.0 961.0 116.0 10.0 116.0 459.0 189.0 459.0 975.0 555.0 975.0 
2 6 1.54 1.54 505.0 17.0 505.0 961.0 219.0 961.0 116.0 10.0 116.0 459.0 189.0 459.0 975.0 555.0 975.0 780.0 169.0 780.0 
2 3 1.37 1.37 671.0 529.0 671.0 948.0 192.0 948.0 807.0 307.0 807.0 
2 4 1.48 1.48 671.0 529.0 671.0 948.0 192.0 948.0 807.0 307.0 807.0 308.0 35.0 308.0 
2 5 1.93 1.93 671.0 529.0 671.0 948.0 192.0 948.0 807.0 307.0 807.0 308.0 35.0 308.0 935.0 423.0 935.0 
2 3 1.68 1.68 741.0 119.0 741.0 868.0 661.0 868.0 650.0 496.0 650.0 
2 4 1.88 1.88 741.0 119.0 741.0 868.0 661.0 868.0 650.0 496.0 650.0 477.0 94.0 477.0 
2 3 1.33 1.33 476.0 85.0 476.0 759.0 286.0 759.0 661.0 517.0 661.0 
2 3 1.33 1.33 923.0 109.0 923.0 64.0 37.0 64.0 341.0 217.0 341.0 
2 3 1.23 1.23 498.0 171.0 498.0 653.0 93.0 653.0 795.0 592.0 795.0 
2 3 0.96 0.96 272.0 100.0 272.0 137.0 42.0 137.0 900.0 261.0 900.0 
2 4 1.12 1.12 272.0 100.0 272.0 137.0 42.0 137.0 900.0 261.0 900.0 700.0 114.0 700.0 
2 5 1.6 1.6 272.0 100.0 272.0 137.0 42.0 137.0 900.0 261.0 900.0 700.0 114.0 700.0 845.0 401.0 845.0 
2 3 1.28 1.28 637.0 451.0 637.0 301.0 88.0 301.0 764.0 214.0 764.0 
2 4 1.83 1.83 637.0 451.0 637.0 301.0 88.0 301.0 764.0 214.0 764.0 890.0 497.0 890.0 
2 3 1.47 1.47 435.0 314.0 435.0 158.0 97.0 158.0 191.0 27.0 191.0 
2 4 1.63 1.63 435.0 314.0 435.0 158.0 97.0 158.0 191.0 27.0 191.0 189.0 30.0 189.0 
2 5 1.95 1.95 435.0 314.0 435.0 158.0 97.0 158.0 191.0 27.0 191.0 189.0 30.0 189.0 913.0 295.0 913.0 
2 3 0.38 0.38 37.0 4.0 37.0 884.0 124.0 884.0 437.0 59.0 437.0 
2 4 1.05 1.05 37.0 4.0 37.0 884.0 124.0 884.0 437.0 59.0 437.0 845.0 569.0 845.0 
2 5 1.06 1.06 37.0 4.0 37.0 884.0 124.0 884.0 437.0 59.0 437.0 845.0 569.0 845.0 543.0 7.0 543.0 
2 6 1.22 1.22 37.0 4.0 37.0 884.0 124.0 884.0 437.0 59.0 437.0 845.0 569.0 845.0 543.0 7.0 543.0 808.0 129.0 808.0 
2 7 1.67 1.67 37.0 4.0 37.0 884.0 124.0 884.0 437.0 59.0 437.0 845.0 569.0 845.0 543.0 7.0 543.0 808.0 129.0 808.0 667.0 294.0 667.0 
2 8 1.81 1.81 37.0 4.0 37.0 884.0 124.0 884.0 437.0 59.0 437.0 845.0 569.0 845.0 543.0 7.0 543.0 808.0 129.0 808.0 667.0 294.0 667.0 670.0 96.0 670.0 
2 3 0.3 0.3 685.0 35.0 685.0 751.0 62.0 751.0 730.0 127.0 730.0 
2 4 0.99 0.99 685.0 35.0 685.0 751.0 62.0 751.0 730.0 127.0 730.0 465.0 320.0 465.0 
2 5 1.36 1.36 685.0 35.0 685.0 751.0 62.0 751.0 730.0 127.0 730.0 465.0 320.0 465.0 784.0 286.0 784.0 
2 6 1.55 1.55 685.0 35.0 685.0 751.0 62.0 751.0 730.0 127.0 730.0 465.0 320.0 465.0 784.0 286.0 784.0 832.0 162.0 832.0 
2 7 1.82 1.82 685.0 35.0 685.0 751.0 62.0 751.0 730.0 127.0 730.0 465.0 320.0 465.0 784.0 286.0 784.0 832.0 162.0 832.0 827.0 221.0 827.0 
2 8 1.91 1.91 685.0 35.0 685.0 751.0 62.0 751.0 730.0 127.0 730.0 465.0 320.0 465.0 784.0 286.0 784.0 832.0 162.0 832.0 827.0 221.0 827.0 708.0 63.0 708.0 
2 3 1.42 1.42 606.0 142.0 606.0 719.0 399.0 719.0 609.0 388.0 609.0 
2 4 1.54 1.54 606.0 142.0 606.0 719.0 399.0 719.0 609.0 388.0 609.0 252.0 31.0 252.0 
2 3 1.76 1.76 741.0 332.0 741.0 574.0 467.0 574.0 447.0 224.0 447.0 
2 3 0.9 0.9 494.0 97.0 494.0 277.0 46.0 277.0 445.0 243.0 445.0 
2 4 1.53 1.53 494.0 97.0 494.0 277.0 46.0 277.0 445.0 243.0 445.0 240.0 151.0 240.0 
2 5 1.56 1.56 494.0 97.0 494.0 277.0 46.0 277.0 445.0 243.0 445.0 240.0 151.0 240.0 317.0 10.0 317.0 
2 3 1.64 1.64 993.0 449.0 993.0 207.0 63.0 207.0 535.0 478.0 535.0 
2 4 1.94 1.94 993.0 449.0 993.0 207.0 63.0 207.0 535.0 478.0 535.0 974.0 285.0 974.0 
2 5 1.95 1.95 993.0 449.0 993.0 207.0 63.0 207.0 535.0 478.0 535.0 974.0 285.0 974.0 644.0 10.0 644.0 
2 3 0.87 0.87 872.0 79.0 872.0 896.0 464.0 896.0 103.0 27.0 103.0 
2 4 1.6 1.6 872.0 79.0 872.0 896.0 464.0 896.0 103.0 27.0 103.0 401.0 294.0 401.0 
2 5 1.64 1.64 872.0 79.0 872.0 896.0 464.0 896.0 103.0 27.0 103.0 401.0 294.0 401.0 310.0 14.0 310.0 
2 6 1.8 1.8 872.0 79.0 872.0 896.0 464.0 896.0 103.0 27.0 103.0 401.0 294.0 401.0 310.0 14.0 310.0 891.0 142.0 891.0 
2 3 1.5 1.5 397.0 321.0 397.0 453.0 274.0 453.0 952.0 85.0 952.0 
2 4 1.92 1.92 397.0 321.0 397.0 453.0 274.0 453.0 952.0 85.0 952.0 366.0 153.0 366.0 
2 3 0.6 0.6 91.0 48.0 91.0 834.0 37.0 834.0 426.0 16.0 426.0 
2 4 1.08 1.08 91.0 48.0 91.0 834.0 37.0 834.0 426.0 16.0 426.0 285.0 135.0 285.0 
2 5 1.4 1.4 91.0 48.0 91.0 834.0 37.0 834.0 426.0 16.0 426.0 285.0 135.0 285.0 398.0 128.0 398.0 
2 3 1.66 1.66 353.0 173.0 353.0 244.0 125.0 244.0 12.0 8.0 12.0 
2 3 0.87 0.87 303.0 108.0 303.0 422.0 182.0 422.0 95.0 8.0 95.0 
2 4 1.04 1.04 303.0 108.0 303.0 422.0 182.0 422.0 95.0 8.0 95.0 300.0 53.0 300.0 
2 5 1.65 1.65 303.0 108.0 303.0 422.0 182.0 422.0 95.0 8.0 95.0 300.0 53.0 300.0 783.0 472.0 783.0 
2 3 0.95 0.95 427.0 78.0 427.0 521.0 85.0 521.0 756.0 464.0 756.0 
2 4 0.99 0.99 427.0 78.0 427.0 521.0 85.0 521.0 756.0 464.0 756.0 106.0 4.0 106.0 
2 5 1.6 1.6 427.0 78.0 427.0 521.0 85.0 521.0 756.0 464.0 756.0 106.0 4.0 106.0 161.0 98.0 161.0 
2 6 1.68 1.68 427.0 78.0 427.0 521.0 85.0 521.0 756.0 464.0 756.0 106.0 4.0 106.0 161.0 98.0 161.0 558.0 45.0 558.0 
2 3 0.69 0.69 428.0 245.0 428.0 72.0 1.0 72.0 935.0 105.0 935.0 
2 4 1.6 1.6 428.0 245.0 428.0 72.0 1.0 72.0 935.0 105.0 935.0 521.0 473.0 521.0 
2 3 1.58 1.58 915.0 631.0 915.0 531.0 290.0 531.0 520.0 180.0 520.0 
2 4 1.69 1.69 915.0 631.0 915.0 531.0 290.0 531.0 520.0 180.0 520.0 891.0 97.0 891.0 
2 3 1.97 1.97 967.0 571.0 967.0 780.0 545.0 780.0 19.0 13.0 19.0 
2 3 0.9 0.9 38.0 8.0 38.0 936.0 598.0 936.0 738.0 41.0 738.0 
2 4 0.99 0.99 38.0 8.0 38.0 936.0 598.0 936.0 738.0 41.0 738.0 22.0 2.0 22.0 
2 5 1.94 1.94 38.0 8.0 38.0 936.0 598.0 936.0 738.0 41.0 738.0 22.0 2.0 22.0 468.0 446.0 468.0 
2 3 0.47 0.47 244.0 73.0 244.0 266.0 4.0 266.0 746.0 120.0 746.0 
2 4 1.0 1.0 244.0 73.0 244.0 266.0 4.0 266.0 746.0 120.0 746.0 783.0 415.0 783.0 
2 5 1.57 1.57 244.0 73.0 244.0 266.0 4.0 266.0 746.0 120.0 746.0 783.0 415.0 783.0 186.0 106.0 186.0 
2 6 1.76 1.76 244.0 73.0 244.0 266.0 4.0 266.0 746.0 120.0 746.0 783.0 415.0 783.0 186.0 106.0 186.0 927.0 175.0 927.0 
2 3 1.77 1.77 337.0 157.0 337.0 109.0 105.0 109.0 607.0 207.0 607.0 
2 4 1.95 1.95 337.0 157.0 337.0 109.0 105.0 109.0 607.0 207.0 607.0 312.0 59.0 312.0 
2 3 0.67 0.67 538.0 83.0 538.0 626.0 11.0 626.0 77.0 39.0 77.0 
2 4 0.93 0.93 538.0 83.0 538.0 626.0 11.0 626.0 77.0 39.0 77.0 375.0 96.0 375.0 
2 5 1.59 1.59 538.0 83.0 538.0 626.0 11.0 626.0 77.0 39.0 77.0 375.0 96.0 375.0 364.0 239.0 364.0 
2 6 1.74 1.74 538.0 83.0 538.0 626.0 11.0 626.0 77.0 39.0 77.0 375.0 96.0 375.0 364.0 239.0 364.0 298.0 47.0 298.0 
2 3 1.56 1.56 894.0 557.0 894.0 957.0 421.0 957.0 296.0 148.0 296.0 
2 4 1.71 1.71 894.0 557.0 894.0 957.0 421.0 957.0 296.0 148.0 296.0 54.0 8.0 54.0 
2 5 1.84 1.84 894.0 557.0 894.0 957.0 421.0 957.0 296.0 148.0 296.0 54.0 8.0 54.0 875.0 113.0 875.0 
2 3 0.85 0.85 590.0 97.0 590.0 696.0 130.0 696.0 435.0 219.0 435.0 
2 4 1.11 1.11 590.0 97.0 590.0 696.0 130.0 696.0 435.0 219.0 435.0 306.0 80.0 306.0 
2 5 1.95 1.95 590.0 97.0 590.0 696.0 130.0 696.0 435.0 219.0 435.0 306.0 80.0 306.0 589.0 495.0 589.0 
2 3 1.23 1.23 753.0 60.0 753.0 527.0 522.0 527.0 818.0 134.0 818.0 
2 4 1.44 1.44 753.0 60.0 753.0 527.0 522.0 527.0 818.0 134.0 818.0 70.0 15.0 70.0 
2 5 1.84 1.84 753.0 60.0 753.0 527.0 522.0 527.0 818.0 134.0 818.0 70.0 15.0 70.0 984.0 391.0 984.0 
2 6 1.94 1.94 753.0 60.0 753.0 527.0 522.0 527.0 818.0 134.0 818.0 70.0 15.0 70.0 984.0 391.0 984.0 511.0 50.0 511.0 
2 3 1.16 1.16 618.0 236.0 618.0 264.0 40.0 264.0 614.0 389.0 614.0 
2 4 1.17 1.17 618.0 236.0 618.0 264.0 40.0 264.0 614.0 389.0 614.0 139.0 1.0 139.0 
2 3 0.89 0.89 6.0 2.0 6.0 971.0 67.0 971.0 205.0 102.0 205.0 
2 4 1.19 1.19 6.0 2.0 6.0 971.0 67.0 971.0 205.0 102.0 205.0 861.0 254.0 861.0 
2 5 1.6 1.6 6.0 2.0 6.0 971.0 67.0 971.0 205.0 102.0 205.0 861.0 254.0 861.0 175.0 71.0 175.0 
2 6 1.77 1.77 6.0 2.0 6.0 971.0 67.0 971.0 205.0 102.0 205.0 861.0 254.0 861.0 175.0 71.0 175.0 108.0 19.0 108.0 
2 3 0.88 0.88 780.0 269.0 780.0 717.0 48.0 717.0 436.0 207.0 436.0 
2 4 0.96 0.96 780.0 269.0 780.0 717.0 48.0 717.0 436.0 207.0 436.0 241.0 20.0 241.0 
2 5 1.44 1.44 780.0 269.0 780.0 717.0 48.0 717.0 436.0 207.0 436.0 241.0 20.0 241.0 916.0 432.0 916.0 
2 6 1.85 1.85 780.0 269.0 780.0 717.0 48.0 717.0 436.0 207.0 436.0 241.0 20.0 241.0 916.0 432.0 916.0 317.0 131.0 317.0 
2 3 0.3 0.3 252.0 43.0 252.0 731.0 71.0 731.0 125.0 5.0 125.0 
2 4 0.95 0.95 252.0 43.0 252.0 731.0 71.0 731.0 125.0 5.0 125.0 351.0 228.0 351.0 
2 5 1.35 1.35 252.0 43.0 252.0 731.0 71.0 731.0 125.0 5.0 125.0 351.0 228.0 351.0 118.0 47.0 118.0 
2 6 1.38 1.38 252.0 43.0 252.0 731.0 71.0 731.0 125.0 5.0 125.0 351.0 228.0 351.0 118.0 47.0 118.0 671.0 23.0 671.0 
2 7 1.6 1.6 252.0 43.0 252.0 731.0 71.0 731.0 125.0 5.0 125.0 351.0 228.0 351.0 118.0 47.0 118.0 671.0 23.0 671.0 696.0 152.0 696.0 
2 3 1.85 1.85 222.0 217.0 222.0 452.0 152.0 452.0 953.0 517.0 953.0 
2 3 1.87 1.87 146.0 54.0 146.0 163.0 107.0 163.0 67.0 57.0 67.0 
2 4 1.98 1.98 146.0 54.0 146.0 163.0 107.0 163.0 67.0 57.0 67.0 726.0 77.0 726.0 
2 3 0.5 0.5 822.0 207.0 822.0 475.0 114.0 475.0 176.0 2.0 176.0 
2 4 1.03 1.03 822.0 207.0 822.0 475.0 114.0 475.0 176.0 2.0 176.0 754.0 401.0 754.0 
2 5 1.92 1.92 822.0 207.0 822.0 475.0 114.0 475.0 176.0 2.0 176.0 754.0 401.0 754.0 523.0 465.0 523.0 
2 3 1.43 1.43 975.0 490.0 975.0 959.0 156.0 959.0 842.0 644.0 842.0 
2 4 1.66 1.66 975.0 490.0 975.0 959.0 156.0 959.0 842.0 644.0 842.0 657.0 152.0 657.0 
2 3 1.37 1.37 23.0 8.0 23.0 95.0 77.0 95.0 541.0 119.0 541.0 
2 3 1.75 1.75 271.0 136.0 271.0 844.0 471.0 844.0 794.0 548.0 794.0 
2 3 1.24 1.24 622.0 12.0 622.0 793.0 716.0 793.0 641.0 204.0 641.0 
2 4 1.41 1.41 622.0 12.0 622.0 793.0 716.0 793.0 641.0 204.0 641.0 626.0 110.0 626.0 
2 5 1.55 1.55 622.0 12.0 622.0 793.0 716.0 793.0 641.0 204.0 641.0 626.0 110.0 626.0 377.0 52.0 377.0 
2 6 1.74 1.74 622.0 12.0 622.0 793.0 716.0 793.0 641.0 204.0 641.0 626.0 110.0 626.0 377.0 52.0 377.0 264.0 51.0 264.0 
2 3 1.48 1.48 453.0 38.0 453.0 84.0 82.0 84.0 114.0 49.0 114.0 
2 4 1.62 1.62 453.0 38.0 453.0 84.0 82.0 84.0 114.0 49.0 114.0 137.0 18.0 137.0 
2 3 0.88 0.88 105.0 40.0 105.0 385.0 133.0 385.0 189.0 30.0 189.0 
2 4 1.4 1.4 105.0 40.0 105.0 385.0 133.0 385.0 189.0 30.0 189.0 933.0 485.0 933.0 
2 5 1.87 1.87 105.0 40.0 105.0 385.0 133.0 385.0 189.0 30.0 189.0 933.0 485.0 933.0 684.0 323.0 684.0 
2 6 1.96 1.96 105.0 40.0 105.0 385.0 133.0 385.0 189.0 30.0 189.0 933.0 485.0 933.0 684.0 323.0 684.0 294.0 26.0 294.0 
2 3 0.95 0.95 635.0 43.0 635.0 334.0 215.0 334.0 431.0 106.0 431.0 
2 4 1.66 1.66 635.0 43.0 635.0 334.0 215.0 334.0 431.0 106.0 431.0 368.0 260.0 368.0 
2 3 0.66 0.66 455.0 5.0 455.0 663.0 233.0 663.0 211.0 63.0 211.0 
2 4 1.22 1.22 455.0 5.0 455.0 663.0 233.0 663.0 211.0 63.0 211.0 150.0 84.0 150.0 
2 5 1.96 1.96 455.0 5.0 455.0 663.0 233.0 663.0 211.0 63.0 211.0 150.0 84.0 150.0 573.0 429.0 573.0 
2 3 1.23 1.23 8.0 1.0 8.0 426.0 243.0 426.0 951.0 509.0 951.0 
2 4 1.33 1.33 8.0 1.0 8.0 426.0 243.0 426.0 951.0 509.0 951.0 581.0 58.0 581.0 
2 5 1.39 1.39 8.0 1.0 8.0 426.0 243.0 426.0 951.0 509.0 951.0 581.0 58.0 581.0 322.0 22.0 322.0 
2 6 1.86 1.86 8.0 1.0 8.0 426.0 243.0 426.0 951.0 509.0 951.0 581.0 58.0 581.0 322.0 22.0 322.0 388.0 182.0 388.0 
2 3 0.43 0.43 831.0 33.0 831.0 311.0 52.0 311.0 408.0 95.0 408.0 
2 4 1.2 1.2 831.0 33.0 831.0 311.0 52.0 311.0 408.0 95.0 408.0 967.0 738.0 967.0 
2 5 1.73 1.73 831.0 33.0 831.0 311.0 52.0 311.0 408.0 95.0 408.0 967.0 738.0 967.0 895.0 476.0 895.0 
2 3 1.74 1.74 715.0 499.0 715.0 956.0 608.0 956.0 580.0 239.0 580.0 
2 3 0.8 0.8 188.0 22.0 188.0 620.0 225.0 620.0 901.0 296.0 901.0 
2 4 1.03 1.03 188.0 22.0 188.0 620.0 225.0 620.0 901.0 296.0 901.0 595.0 133.0 595.0 
2 5 1.81 1.81 188.0 22.0 188.0 620.0 225.0 620.0 901.0 296.0 901.0 595.0 133.0 595.0 861.0 676.0 861.0 
2 6 1.99 1.99 188.0 22.0 188.0 620.0 225.0 620.0 901.0 296.0 901.0 595.0 133.0 595.0 861.0 676.0 861.0 745.0 133.0 745.0 
2 3 1.19 1.19 551.0 251.0 551.0 351.0 167.0 351.0 467.0 123.0 467.0 
2 4 1.89 1.89 551.0 251.0 551.0 351.0 167.0 351.0 467.0 123.0 467.0 83.0 58.0 83.0 
2 3 1.58 1.58 372.0 218.0 372.0 69.0 67.0 69.0 299.0 7.0 299.0 
2 4 1.84 1.84 372.0 218.0 372.0 69.0 67.0 69.0 299.0 7.0 299.0 134.0 36.0 134.0 
2 3 1.56 1.56 588.0 310.0 588.0 672.0 552.0 672.0 127.0 27.0 127.0 
2 3 1.16 1.16 487.0 1.0 487.0 921.0 723.0 921.0 328.0 123.0 328.0 
2 4 1.56 1.56 487.0 1.0 487.0 921.0 723.0 921.0 328.0 123.0 328.0 427.0 173.0 427.0 
2 5 1.64 1.64 487.0 1.0 487.0 921.0 723.0 921.0 328.0 123.0 328.0 427.0 173.0 427.0 913.0 73.0 913.0 
2 3 1.67 1.67 568.0 412.0 568.0 26.0 6.0 26.0 21.0 15.0 21.0 
2 3 1.06 1.06 965.0 445.0 965.0 143.0 30.0 143.0 965.0 383.0 965.0 
2 4 1.07 1.07 965.0 445.0 965.0 143.0 30.0 143.0 965.0 383.0 965.0 277.0 3.0 277.0 
2 5 1.23 1.23 965.0 445.0 965.0 143.0 30.0 143.0 965.0 383.0 965.0 277.0 3.0 277.0 441.0 67.0 441.0 
2 6 1.56 1.56 965.0 445.0 965.0 143.0 30.0 143.0 965.0 383.0 965.0 277.0 3.0 277.0 441.0 67.0 441.0 671.0 225.0 671.0 
2 7 1.57 1.57 965.0 445.0 965.0 143.0 30.0 143.0 965.0 383.0 965.0 277.0 3.0 277.0 441.0 67.0 441.0 671.0 225.0 671.0 766.0 9.0 766.0 
2 8 1.67 1.67 965.0 445.0 965.0 143.0 30.0 143.0 965.0 383.0 965.0 277.0 3.0 277.0 441.0 67.0 441.0 671.0 225.0 671.0 766.0 9.0 766.0 606.0 56.0 606.0 
2 9 1.96 1.96 965.0 445.0 965.0 143.0 30.0 143.0 965.0 383.0 965.0 277.0 3.0 277.0 441.0 67.0 441.0 671.0 225.0 671.0 766.0 9.0 766.0 606.0 56.0 606.0 831.0 246.0 831.0 
2 3 1.44 1.44 7.0 3.0 7.0 262.0 44.0 262.0 851.0 725.0 851.0 
2 4 1.54 1.54 7.0 3.0 7.0 262.0 44.0 262.0 851.0 725.0 851.0 890.0 82.0 890.0 
2 3 1.78 1.78 124.0 107.0 124.0 419.0 169.0 419.0 555.0 289.0 555.0 
2 3 1.34 1.34 593.0 460.0 593.0 36.0 11.0 36.0 561.0 150.0 561.0 
2 3 1.37 1.37 446.0 136.0 446.0 664.0 148.0 664.0 811.0 687.0 811.0 
2 4 1.71 1.71 446.0 136.0 446.0 664.0 148.0 664.0 811.0 687.0 811.0 776.0 263.0 776.0 
2 3 1.37 1.37 152.0 30.0 152.0 407.0 143.0 407.0 165.0 136.0 165.0 
2 3 1.34 1.34 946.0 399.0 946.0 72.0 34.0 72.0 347.0 155.0 347.0 
2 3 1.12 1.12 825.0 341.0 825.0 447.0 15.0 447.0 222.0 151.0 222.0 
2 4 1.16 1.16 825.0 341.0 825.0 447.0 15.0 447.0 222.0 151.0 222.0 823.0 31.0 823.0 
2 5 1.5 1.5 825.0 341.0 825.0 447.0 15.0 447.0 222.0 151.0 222.0 823.0 31.0 823.0 988.0 339.0 988.0 
2 6 1.64 1.64 825.0 341.0 825.0 447.0 15.0 447.0 222.0 151.0 222.0 823.0 31.0 823.0 988.0 339.0 988.0 830.0 116.0 830.0 
2 7 1.76 1.76 825.0 341.0 825.0 447.0 15.0 447.0 222.0 151.0 222.0 823.0 31.0 823.0 988.0 339.0 988.0 830.0 116.0 830.0 117.0 14.0 117.0 
2 3 1.04 1.04 307.0 84.0 307.0 13.0 3.0 13.0 431.0 234.0 431.0 
2 4 1.81 1.81 307.0 84.0 307.0 13.0 3.0 13.0 431.0 234.0 431.0 269.0 206.0 269.0 
2 3 0.9 0.9 210.0 146.0 210.0 655.0 76.0 655.0 365.0 34.0 365.0 
2 4 1.32 1.32 210.0 146.0 210.0 655.0 76.0 655.0 365.0 34.0 365.0 550.0 234.0 550.0 
2 5 1.52 1.52 210.0 146.0 210.0 655.0 76.0 655.0 365.0 34.0 365.0 550.0 234.0 550.0 556.0 106.0 556.0 
2 3 1.41 1.41 330.0 101.0 330.0 606.0 212.0 606.0 950.0 717.0 950.0 
2 3 1.47 1.47 236.0 59.0 236.0 797.0 504.0 797.0 688.0 407.0 688.0 
2 4 1.76 1.76 236.0 59.0 236.0 797.0 504.0 797.0 688.0 407.0 688.0 422.0 122.0 422.0 
2 3 1.65 1.65 878.0 660.0 878.0 327.0 262.0 327.0 850.0 83.0 850.0 
2 4 1.97 1.97 878.0 660.0 878.0 327.0 262.0 327.0 850.0 83.0 850.0 408.0 131.0 408.0 
2 3 1.77 1.77 326.0 277.0 326.0 868.0 133.0 868.0 346.0 266.0 346.0 
2 3 1.4 1.4 998.0 446.0 998.0 920.0 631.0 920.0 670.0 181.0 670.0 
2 4 1.56 1.56 998.0 446.0 998.0 920.0 631.0 920.0 670.0 181.0 670.0 738.0 118.0 738.0 
2 5 1.68 1.68 998.0 446.0 998.0 920.0 631.0 920.0 670.0 181.0 670.0 738.0 118.0 738.0 577.0 70.0 577.0 
2 3 1.39 1.39 12.0 12.0 12.0 124.0 26.0 124.0 482.0 90.0 482.0 
2 3 1.0 1.0 956.0 7.0 956.0 613.0 488.0 613.0 39.0 8.0 39.0 
2 4 1.85 1.85 956.0 7.0 956.0 613.0 488.0 613.0 39.0 8.0 39.0 622.0 528.0 622.0 
2 3 1.28 1.28 125.0 39.0 125.0 117.0 97.0 117.0 449.0 66.0 449.0 
2 4 1.42 1.42 125.0 39.0 125.0 117.0 97.0 117.0 449.0 66.0 449.0 961.0 134.0 961.0 
2 5 1.86 1.86 125.0 39.0 125.0 117.0 97.0 117.0 449.0 66.0 449.0 961.0 134.0 961.0 875.0 386.0 875.0 
2 3 0.94 0.94 453.0 378.0 453.0 630.0 16.0 630.0 383.0 34.0 383.0 
2 4 1.88 1.88 453.0 378.0 453.0 630.0 16.0 630.0 383.0 34.0 383.0 747.0 701.0 747.0 
2 3 1.29 1.29 959.0 906.0 959.0 420.0 64.0 420.0 488.0 96.0 488.0 
2 4 1.46 1.46 959.0 906.0 959.0 420.0 64.0 420.0 488.0 96.0 488.0 149.0 25.0 149.0 
2 5 1.59 1.59 959.0 906.0 959.0 420.0 64.0 420.0 488.0 96.0 488.0 149.0 25.0 149.0 451.0 58.0 451.0 
2 3 1.28 1.28 52.0 47.0 52.0 621.0 224.0 621.0 644.0 12.0 644.0 
2 4 1.33 1.33 52.0 47.0 52.0 621.0 224.0 621.0 644.0 12.0 644.0 299.0 16.0 299.0 
2 5 1.55 1.55 52.0 47.0 52.0 621.0 224.0 621.0 644.0 12.0 644.0 299.0 16.0 299.0 592.0 127.0 592.0 
2 3 0.6 0.6 309.0 2.0 309.0 162.0 78.0 162.0 737.0 87.0 737.0 
2 4 1.0 1.0 309.0 2.0 309.0 162.0 78.0 162.0 737.0 87.0 737.0 934.0 371.0 934.0 
2 5 1.4 1.4 309.0 2.0 309.0 162.0 78.0 162.0 737.0 87.0 737.0 934.0 371.0 934.0 529.0 215.0 529.0 
2 3 0.86 0.86 311.0 100.0 311.0 719.0 195.0 719.0 747.0 201.0 747.0 
2 4 1.15 1.15 311.0 100.0 311.0 719.0 195.0 719.0 747.0 201.0 747.0 774.0 225.0 774.0 
2 5 1.74 1.74 311.0 100.0 311.0 719.0 195.0 719.0 747.0 201.0 747.0 774.0 225.0 774.0 178.0 105.0 178.0 
2 6 1.79 1.79 311.0 100.0 311.0 719.0 195.0 719.0 747.0 201.0 747.0 774.0 225.0 774.0 178.0 105.0 178.0 41.0 2.0 41.0 
2 3 0.53 0.53 233.0 51.0 233.0 941.0 244.0 941.0 376.0 22.0 376.0 
2 4 1.52 1.52 233.0 51.0 233.0 941.0 244.0 941.0 376.0 22.0 376.0 606.0 596.0 606.0 
2 3 1.27 1.27 225.0 91.0 225.0 975.0 289.0 975.0 618.0 357.0 618.0 
2 4 1.98 1.98 225.0 91.0 225.0 975.0 289.0 975.0 618.0 357.0 618.0 289.0 203.0 289.0 
2 3 0.6 0.6 342.0 1.0 342.0 781.0 457.0 781.0 731.0 10.0 731.0 
2 4 1.29 1.29 342.0 1.0 342.0 781.0 457.0 781.0 731.0 10.0 731.0 423.0 293.0 423.0 
2 3 1.42 1.42 918.0 493.0 918.0 29.0 12.0 29.0 222.0 105.0 222.0 
2 4 1.99 1.99 918.0 493.0 918.0 29.0 12.0 29.0 222.0 105.0 222.0 7.0 4.0 7.0 
2 3 1.53 1.53 67.0 27.0 67.0 483.0 111.0 483.0 740.0 671.0 740.0 
2 3 1.24 1.24 463.0 230.0 463.0 938.0 613.0 938.0 367.0 35.0 367.0 
2 3 1.88 1.88 679.0 407.0 679.0 252.0 236.0 252.0 299.0 104.0 299.0 
2 4 1.88 1.88 679.0 407.0 679.0 252.0 236.0 252.0 299.0 104.0 299.0 951.0 3.0 951.0 
2 5 1.95 1.95 679.0 407.0 679.0 252.0 236.0 252.0 299.0 104.0 299.0 951.0 3.0 951.0 522.0 38.0 522.0 
2 3 1.73 1.73 7.0 5.0 7.0 154.0 142.0 154.0 188.0 18.0 188.0 
2 3 1.07 1.07 231.0 57.0 231.0 601.0 110.0 601.0 226.0 146.0 226.0 
2 4 1.37 1.37 231.0 57.0 231.0 601.0 110.0 601.0 226.0 146.0 226.0 964.0 287.0 964.0 
2 3 1.29 1.29 51.0 13.0 51.0 707.0 453.0 707.0 588.0 235.0 588.0 
2 4 1.99 1.99 51.0 13.0 51.0 707.0 453.0 707.0 588.0 235.0 588.0 283.0 199.0 283.0 
2 3 1.72 1.72 99.0 96.0 99.0 392.0 270.0 392.0 335.0 22.0 335.0 
2 3 1.79 1.79 726.0 431.0 726.0 142.0 122.0 142.0 516.0 179.0 516.0 
2 3 0.87 0.87 248.0 34.0 248.0 600.0 36.0 600.0 676.0 458.0 676.0 
2 4 1.34 1.34 248.0 34.0 248.0 600.0 36.0 600.0 676.0 458.0 676.0 163.0 77.0 163.0 
2 5 1.46 1.46 248.0 34.0 248.0 600.0 36.0 600.0 676.0 458.0 676.0 163.0 77.0 163.0 598.0 73.0 598.0 
2 3 1.58 1.58 507.0 89.0 507.0 871.0 823.0 871.0 130.0 60.0 130.0 
2 3 1.05 1.05 570.0 110.0 570.0 114.0 11.0 114.0 765.0 582.0 765.0 
2 4 1.35 1.35 570.0 110.0 570.0 114.0 11.0 114.0 765.0 582.0 765.0 417.0 128.0 417.0 
2 3 1.36 1.36 321.0 13.0 321.0 968.0 784.0 968.0 869.0 448.0 869.0 
2 3 1.64 1.64 158.0 108.0 158.0 859.0 709.0 859.0 109.0 15.0 109.0 
2 3 0.77 0.77 976.0 93.0 976.0 191.0 34.0 191.0 165.0 82.0 165.0 
2 4 1.43 1.43 976.0 93.0 976.0 191.0 34.0 191.0 165.0 82.0 165.0 533.0 352.0 533.0 
2 5 1.64 1.64 976.0 93.0 976.0 191.0 34.0 191.0 165.0 82.0 165.0 533.0 352.0 533.0 227.0 48.0 227.0 
2 6 1.84 1.84 976.0 93.0 976.0 191.0 34.0 191.0 165.0 82.0 165.0 533.0 352.0 533.0 227.0 48.0 227.0 535.0 109.0 535.0 
2 3 0.78 0.78 414.0 38.0 414.0 50.0 25.0 50.0 235.0 46.0 235.0 
2 4 1.46 1.46 414.0 38.0 414.0 50.0 25.0 50.0 235.0 46.0 235.0 929.0 630.0 929.0 
2 5 1.57 1.57 414.0 38.0 414.0 50.0 25.0 50.0 235.0 46.0 235.0 929.0 630.0 929.0 618.0 70.0 618.0 
2 6 1.92 1.92 414.0 38.0 414.0 50.0 25.0 50.0 235.0 46.0 235.0 929.0 630.0 929.0 618.0 70.0 618.0 197.0 69.0 197.0 
2 3 1.58 1.58 585.0 265.0 585.0 544.0 449.0 544.0 328.0 102.0 328.0 
2 3 1.27 1.27 927.0 611.0 927.0 806.0 390.0 806.0 137.0 18.0 137.0 
2 3 1.22 1.22 688.0 110.0 688.0 545.0 105.0 545.0 917.0 801.0 917.0 
2 4 1.56 1.56 688.0 110.0 688.0 545.0 105.0 545.0 917.0 801.0 917.0 142.0 48.0 142.0 
2 5 1.65 1.65 688.0 110.0 688.0 545.0 105.0 545.0 917.0 801.0 917.0 142.0 48.0 142.0 462.0 41.0 462.0 
2 3 1.46 1.46 817.0 605.0 817.0 829.0 363.0 829.0 782.0 227.0 782.0 
2 4 1.95 1.95 817.0 605.0 817.0 829.0 363.0 829.0 782.0 227.0 782.0 894.0 438.0 894.0 
2 3 0.68 0.68 357.0 133.0 357.0 533.0 38.0 533.0 321.0 78.0 321.0 
2 4 0.88 0.88 357.0 133.0 357.0 533.0 38.0 533.0 321.0 78.0 321.0 337.0 68.0 337.0 
2 5 1.61 1.61 357.0 133.0 357.0 533.0 38.0 533.0 321.0 78.0 321.0 337.0 68.0 337.0 297.0 215.0 297.0 
2 3 1.61 1.61 169.0 42.0 169.0 374.0 239.0 374.0 354.0 256.0 354.0 
2 4 1.91 1.91 169.0 42.0 169.0 374.0 239.0 374.0 354.0 256.0 354.0 893.0 276.0 893.0 
2 3 1.36 1.36 494.0 310.0 494.0 641.0 443.0 641.0 532.0 27.0 532.0 
2 4 1.42 1.42 494.0 310.0 494.0 641.0 443.0 641.0 532.0 27.0 532.0 625.0 36.0 625.0 
2 5 1.64 1.64 494.0 310.0 494.0 641.0 443.0 641.0 532.0 27.0 532.0 625.0 36.0 625.0 664.0 145.0 664.0 
2 3 1.25 1.25 232.0 129.0 232.0 591.0 104.0 591.0 978.0 513.0 978.0 
2 4 1.63 1.63 232.0 129.0 232.0 591.0 104.0 591.0 978.0 513.0 978.0 455.0 174.0 455.0 
2 5 1.74 1.74 232.0 129.0 232.0 591.0 104.0 591.0 978.0 513.0 978.0 455.0 174.0 455.0 410.0 45.0 410.0 
2 3 1.55 1.55 560.0 213.0 560.0 85.0 61.0 85.0 825.0 376.0 825.0 
2 4 1.97 1.97 560.0 213.0 560.0 85.0 61.0 85.0 825.0 376.0 825.0 767.0 322.0 767.0 
2 3 0.53 0.53 631.0 40.0 631.0 299.0 47.0 299.0 908.0 282.0 908.0 
2 4 0.96 0.96 631.0 40.0 631.0 299.0 47.0 299.0 908.0 282.0 908.0 129.0 56.0 129.0 
2 5 1.15 1.15 631.0 40.0 631.0 299.0 47.0 299.0 908.0 282.0 908.0 129.0 56.0 129.0 225.0 42.0 225.0 
2 6 1.28 1.28 631.0 40.0 631.0 299.0 47.0 299.0 908.0 282.0 908.0 129.0 56.0 129.0 225.0 42.0 225.0 848.0 116.0 848.0 
2 7 1.38 1.38 631.0 40.0 631.0 299.0 47.0 299.0 908.0 282.0 908.0 129.0 56.0 129.0 225.0 42.0 225.0 848.0 116.0 848.0 150.0 14.0 150.0 
2 8 1.54 1.54 631.0 40.0 631.0 299.0 47.0 299.0 908.0 282.0 908.0 129.0 56.0 129.0 225.0 42.0 225.0 848.0 116.0 848.0 150.0 14.0 150.0 404.0 64.0 404.0 
2 3 1.43 1.43 19.0 17.0 19.0 168.0 42.0 168.0 847.0 249.0 847.0 
2 4 1.88 1.88 19.0 17.0 19.0 168.0 42.0 168.0 847.0 249.0 847.0 251.0 112.0 251.0 
2 3 1.14 1.14 645.0 621.0 645.0 692.0 38.0 692.0 496.0 62.0 496.0 
2 4 1.5 1.5 645.0 621.0 645.0 692.0 38.0 692.0 496.0 62.0 496.0 541.0 194.0 541.0 
2 3 1.07 1.07 55.0 31.0 55.0 199.0 81.0 199.0 428.0 46.0 428.0 
2 4 1.69 1.69 55.0 31.0 55.0 199.0 81.0 199.0 428.0 46.0 428.0 39.0 24.0 39.0 
2 3 1.4 1.4 442.0 55.0 442.0 825.0 247.0 825.0 382.0 376.0 382.0 
2 4 1.81 1.81 442.0 55.0 442.0 825.0 247.0 825.0 382.0 376.0 382.0 155.0 63.0 155.0 
2 3 0.68 0.68 122.0 27.0 122.0 955.0 89.0 955.0 862.0 321.0 862.0 
2 4 0.72 0.72 122.0 27.0 122.0 955.0 89.0 955.0 862.0 321.0 862.0 382.0 16.0 382.0 
2 5 0.75 0.75 122.0 27.0 122.0 955.0 89.0 955.0 862.0 321.0 862.0 382.0 16.0 382.0 155.0 4.0 155.0 
2 6 1.54 1.54 122.0 27.0 122.0 955.0 89.0 955.0 862.0 321.0 862.0 382.0 16.0 382.0 155.0 4.0 155.0 298.0 236.0 298.0 
2 7 1.67 1.67 122.0 27.0 122.0 955.0 89.0 955.0 862.0 321.0 862.0 382.0 16.0 382.0 155.0 4.0 155.0 298.0 236.0 298.0 774.0 103.0 774.0 
2 3 1.12 1.12 724.0 279.0 724.0 255.0 75.0 255.0 772.0 346.0 772.0 
2 4 1.33 1.33 724.0 279.0 724.0 255.0 75.0 255.0 772.0 346.0 772.0 431.0 88.0 431.0 
2 5 1.5 1.5 724.0 279.0 724.0 255.0 75.0 255.0 772.0 346.0 772.0 431.0 88.0 431.0 92.0 16.0 92.0 
2 6 1.98 1.98 724.0 279.0 724.0 255.0 75.0 255.0 772.0 346.0 772.0 431.0 88.0 431.0 92.0 16.0 92.0 713.0 344.0 713.0 
2 3 1.35 1.35 438.0 165.0 438.0 124.0 112.0 124.0 951.0 75.0 951.0 
2 4 1.84 1.84 438.0 165.0 438.0 124.0 112.0 124.0 951.0 75.0 951.0 959.0 463.0 959.0 
2 3 1.89 1.89 763.0 126.0 763.0 811.0 798.0 811.0 576.0 431.0 576.0 
2 3 1.3 1.3 425.0 2.0 425.0 406.0 238.0 406.0 911.0 648.0 911.0 
2 4 1.74 1.74 425.0 2.0 425.0 406.0 238.0 406.0 911.0 648.0 911.0 613.0 272.0 613.0 
2 3 0.63 0.63 402.0 23.0 402.0 450.0 221.0 450.0 464.0 40.0 464.0 
2 4 1.16 1.16 402.0 23.0 402.0 450.0 221.0 450.0 464.0 40.0 464.0 122.0 65.0 122.0 
2 5 1.23 1.23 402.0 23.0 402.0 450.0 221.0 450.0 464.0 40.0 464.0 122.0 65.0 122.0 204.0 14.0 204.0 
2 6 1.24 1.24 402.0 23.0 402.0 450.0 221.0 450.0 464.0 40.0 464.0 122.0 65.0 122.0 204.0 14.0 204.0 181.0 2.0 181.0 
2 7 1.45 1.45 402.0 23.0 402.0 450.0 221.0 450.0 464.0 40.0 464.0 122.0 65.0 122.0 204.0 14.0 204.0 181.0 2.0 181.0 877.0 185.0 877.0 
2 8 1.78 1.78 402.0 23.0 402.0 450.0 221.0 450.0 464.0 40.0 464.0 122.0 65.0 122.0 204.0 14.0 204.0 181.0 2.0 181.0 877.0 185.0 877.0 463.0 151.0 463.0 
2 3 1.01 1.01 525.0 172.0 525.0 764.0 204.0 764.0 997.0 420.0 997.0 
2 4 1.54 1.54 525.0 172.0 525.0 764.0 204.0 764.0 997.0 420.0 997.0 34.0 18.0 34.0 
2 5 1.63 1.63 525.0 172.0 525.0 764.0 204.0 764.0 997.0 420.0 997.0 34.0 18.0 34.0 416.0 38.0 416.0 
2 6 1.89 1.89 525.0 172.0 525.0 764.0 204.0 764.0 997.0 420.0 997.0 34.0 18.0 34.0 416.0 38.0 416.0 46.0 12.0 46.0 
2 3 1.28 1.28 511.0 150.0 511.0 865.0 749.0 865.0 856.0 105.0 856.0 
2 4 1.53 1.53 511.0 150.0 511.0 865.0 749.0 865.0 856.0 105.0 856.0 565.0 143.0 565.0 
2 5 1.69 1.69 511.0 150.0 511.0 865.0 749.0 865.0 856.0 105.0 856.0 565.0 143.0 565.0 691.0 111.0 691.0 
2 3 1.08 1.08 7.0 1.0 7.0 816.0 140.0 816.0 40.0 31.0 40.0 
2 4 1.91 1.91 7.0 1.0 7.0 816.0 140.0 816.0 40.0 31.0 40.0 827.0 685.0 827.0 
2 3 1.33 1.33 55.0 45.0 55.0 593.0 21.0 593.0 381.0 185.0 381.0 
2 4 1.42 1.42 55.0 45.0 55.0 593.0 21.0 593.0 381.0 185.0 381.0 973.0 84.0 973.0 
2 5 1.92 1.92 55.0 45.0 55.0 593.0 21.0 593.0 381.0 185.0 381.0 973.0 84.0 973.0 678.0 340.0 678.0 
2 3 0.63 0.63 829.0 95.0 829.0 320.0 24.0 320.0 681.0 306.0 681.0 
2 4 0.83 0.83 829.0 95.0 829.0 320.0 24.0 320.0 681.0 306.0 681.0 242.0 47.0 242.0 
2 5 1.48 1.48 829.0 95.0 829.0 320.0 24.0 320.0 681.0 306.0 681.0 242.0 47.0 242.0 281.0 183.0 281.0 
2 6 1.95 1.95 829.0 95.0 829.0 320.0 24.0 320.0 681.0 306.0 681.0 242.0 47.0 242.0 281.0 183.0 281.0 150.0 71.0 150.0 
2 3 0.43 0.43 921.0 353.0 921.0 408.0 15.0 408.0 404.0 8.0 404.0 
2 4 1.1 1.1 921.0 353.0 921.0 408.0 15.0 408.0 404.0 8.0 404.0 391.0 261.0 391.0 
2 5 1.27 1.27 921.0 353.0 921.0 408.0 15.0 408.0 404.0 8.0 404.0 391.0 261.0 391.0 930.0 152.0 930.0 
2 6 1.35 1.35 921.0 353.0 921.0 408.0 15.0 408.0 404.0 8.0 404.0 391.0 261.0 391.0 930.0 152.0 930.0 927.0 74.0 927.0 
2 7 1.65 1.65 921.0 353.0 921.0 408.0 15.0 408.0 404.0 8.0 404.0 391.0 261.0 391.0 930.0 152.0 930.0 927.0 74.0 927.0 668.0 202.0 668.0 
2 8 1.8 1.8 921.0 353.0 921.0 408.0 15.0 408.0 404.0 8.0 404.0 391.0 261.0 391.0 930.0 152.0 930.0 927.0 74.0 927.0 668.0 202.0 668.0 460.0 71.0 460.0 
2 9 1.82 1.82 921.0 353.0 921.0 408.0 15.0 408.0 404.0 8.0 404.0 391.0 261.0 391.0 930.0 152.0 930.0 927.0 74.0 927.0 668.0 202.0 668.0 460.0 71.0 460.0 160.0 3.0 160.0 
2 10 1.82 1.82 921.0 353.0 921.0 408.0 15.0 408.0 404.0 8.0 404.0 391.0 261.0 391.0 930.0 152.0 930.0 927.0 74.0 927.0 668.0 202.0 668.0 460.0 71.0 460.0 160.0 3.0 160.0 744.0 1.0 744.0 
2 3 0.8 0.8 53.0 35.0 53.0 334.0 10.0 334.0 43.0 5.0 43.0 
2 4 1.38 1.38 53.0 35.0 53.0 334.0 10.0 334.0 43.0 5.0 43.0 366.0 210.0 366.0 
2 5 1.92 1.92 53.0 35.0 53.0 334.0 10.0 334.0 43.0 5.0 43.0 366.0 210.0 366.0 159.0 87.0 159.0 
2 3 1.66 1.66 124.0 35.0 124.0 139.0 131.0 139.0 949.0 418.0 949.0 
2 4 1.82 1.82 124.0 35.0 124.0 139.0 131.0 139.0 949.0 418.0 949.0 129.0 21.0 129.0 
2 3 1.56 1.56 917.0 720.0 917.0 378.0 164.0 378.0 748.0 262.0 748.0 
2 3 1.62 1.62 240.0 157.0 240.0 179.0 136.0 179.0 101.0 21.0 101.0 
2 3 1.73 1.73 89.0 87.0 89.0 495.0 155.0 495.0 375.0 168.0 375.0 
2 3 0.38 0.38 322.0 112.0 322.0 177.0 6.0 177.0 598.0 3.0 598.0 
2 4 1.22 1.22 322.0 112.0 322.0 177.0 6.0 177.0 598.0 3.0 598.0 550.0 459.0 550.0 
2 5 1.77 1.77 322.0 112.0 322.0 177.0 6.0 177.0 598.0 3.0 598.0 550.0 459.0 550.0 283.0 158.0 283.0 
2 3 1.24 1.24 451.0 418.0 451.0 469.0 129.0 469.0 486.0 22.0 486.0 
2 3 1.16 1.16 24.0 10.0 24.0 513.0 50.0 513.0 377.0 247.0 377.0 
2 4 1.89 1.89 24.0 10.0 24.0 513.0 50.0 513.0 377.0 247.0 377.0 366.0 266.0 366.0 
2 3 1.31 1.31 266.0 152.0 266.0 29.0 12.0 29.0 140.0 46.0 140.0 
2 3 1.46 1.46 396.0 341.0 396.0 492.0 80.0 492.0 409.0 179.0 409.0 
2 4 1.94 1.94 396.0 341.0 396.0 492.0 80.0 492.0 409.0 179.0 409.0 345.0 167.0 345.0 
2 3 0.7 0.7 274.0 57.0 274.0 754.0 126.0 754.0 18.0 6.0 18.0 
2 4 0.97 0.97 274.0 57.0 274.0 754.0 126.0 754.0 18.0 6.0 18.0 677.0 180.0 677.0 
2 5 1.37 1.37 274.0 57.0 274.0 754.0 126.0 754.0 18.0 6.0 18.0 677.0 180.0 677.0 67.0 27.0 67.0 
2 6 1.81 1.81 274.0 57.0 274.0 754.0 126.0 754.0 18.0 6.0 18.0 677.0 180.0 677.0 67.0 27.0 67.0 43.0 19.0 43.0 
2 7 1.94 1.94 274.0 57.0 274.0 754.0 126.0 754.0 18.0 6.0 18.0 677.0 180.0 677.0 67.0 27.0 67.0 43.0 19.0 43.0 733.0 93.0 733.0 
2 3 0.8 0.8 145.0 92.0 145.0 583.0 86.0 583.0 512.0 12.0 512.0 
2 4 1.11 1.11 145.0 92.0 145.0 583.0 86.0 583.0 512.0 12.0 512.0 128.0 40.0 128.0 
2 5 1.21 1.21 145.0 92.0 145.0 583.0 86.0 583.0 512.0 12.0 512.0 128.0 40.0 128.0 593.0 59.0 593.0 
2 3 1.4 1.4 122.0 81.0 122.0 58.0 1.0 58.0 470.0 340.0 470.0 
2 3 0.37 0.37 814.0 68.0 814.0 307.0 2.0 307.0 263.0 75.0 263.0 
2 4 0.37 0.37 814.0 68.0 814.0 307.0 2.0 307.0 263.0 75.0 263.0 378.0 1.0 378.0 
2 5 1.24 1.24 814.0 68.0 814.0 307.0 2.0 307.0 263.0 75.0 263.0 378.0 1.0 378.0 835.0 722.0 835.0 
2 6 1.68 1.68 814.0 68.0 814.0 307.0 2.0 307.0 263.0 75.0 263.0 378.0 1.0 378.0 835.0 722.0 835.0 810.0 356.0 810.0 
2 7 1.83 1.83 814.0 68.0 814.0 307.0 2.0 307.0 263.0 75.0 263.0 378.0 1.0 378.0 835.0 722.0 835.0 810.0 356.0 810.0 1000.0 149.0 1000.0 
2 3 1.88 1.88 410.0 282.0 410.0 83.0 74.0 83.0 455.0 138.0 455.0 
2 3 1.29 1.29 469.0 6.0 469.0 350.0 234.0 350.0 283.0 175.0 283.0 
2 4 1.78 1.78 469.0 6.0 469.0 350.0 234.0 350.0 283.0 175.0 283.0 849.0 410.0 849.0 
2 5 1.83 1.83 469.0 6.0 469.0 350.0 234.0 350.0 283.0 175.0 283.0 849.0 410.0 849.0 665.0 37.0 665.0 
2 3 1.05 1.05 23.0 2.0 23.0 499.0 185.0 499.0 439.0 261.0 439.0 
2 4 1.52 1.52 23.0 2.0 23.0 499.0 185.0 499.0 439.0 261.0 439.0 128.0 61.0 128.0 
2 3 0.96 0.96 203.0 127.0 203.0 881.0 72.0 881.0 320.0 82.0 320.0 
2 4 0.97 0.97 203.0 127.0 203.0 881.0 72.0 881.0 320.0 82.0 320.0 871.0 13.0 871.0 
2 5 1.9 1.9 203.0 127.0 203.0 881.0 72.0 881.0 320.0 82.0 320.0 871.0 13.0 871.0 648.0 600.0 648.0 
2 3 1.87 1.87 188.0 66.0 188.0 400.0 343.0 400.0 741.0 496.0 741.0 
2 3 1.81 1.81 109.0 90.0 109.0 390.0 21.0 390.0 659.0 618.0 659.0 
2 4 1.95 1.95 109.0 90.0 109.0 390.0 21.0 390.0 659.0 618.0 659.0 268.0 36.0 268.0 
2 3 0.15 0.15 702.0 34.0 702.0 907.0 1.0 907.0 792.0 80.0 792.0 
2 4 0.37 0.37 702.0 34.0 702.0 907.0 1.0 907.0 792.0 80.0 792.0 797.0 176.0 797.0 
2 5 0.67 0.67 702.0 34.0 702.0 907.0 1.0 907.0 792.0 80.0 792.0 797.0 176.0 797.0 371.0 112.0 371.0 
2 6 1.57 1.57 702.0 34.0 702.0 907.0 1.0 907.0 792.0 80.0 792.0 797.0 176.0 797.0 371.0 112.0 371.0 847.0 764.0 847.0 
2 7 1.95 1.95 702.0 34.0 702.0 907.0 1.0 907.0 792.0 80.0 792.0 797.0 176.0 797.0 371.0 112.0 371.0 847.0 764.0 847.0 186.0 71.0 186.0 
2 3 0.82 0.82 567.0 231.0 567.0 110.0 12.0 110.0 272.0 84.0 272.0 
2 4 1.73 1.73 567.0 231.0 567.0 110.0 12.0 110.0 272.0 84.0 272.0 202.0 183.0 202.0 
2 3 0.72 0.72 800.0 98.0 800.0 982.0 494.0 982.0 689.0 69.0 689.0 
2 4 1.46 1.46 800.0 98.0 800.0 982.0 494.0 982.0 689.0 69.0 689.0 421.0 312.0 421.0 
2 5 1.8 1.8 800.0 98.0 800.0 982.0 494.0 982.0 689.0 69.0 689.0 421.0 312.0 421.0 945.0 315.0 945.0 
2 6 1.94 1.94 800.0 98.0 800.0 982.0 494.0 982.0 689.0 69.0 689.0 421.0 312.0 421.0 945.0 315.0 945.0 896.0 133.0 896.0 
2 3 0.65 0.65 478.0 115.0 478.0 229.0 69.0 229.0 416.0 46.0 416.0 
2 4 0.97 0.97 478.0 115.0 478.0 229.0 69.0 229.0 416.0 46.0 416.0 600.0 193.0 600.0 
2 5 1.45 1.45 478.0 115.0 478.0 229.0 69.0 229.0 416.0 46.0 416.0 600.0 193.0 600.0 337.0 161.0 337.0 
2 6 1.52 1.52 478.0 115.0 478.0 229.0 69.0 229.0 416.0 46.0 416.0 600.0 193.0 600.0 337.0 161.0 337.0 211.0 15.0 211.0 
2 3 0.5 0.5 273.0 17.0 273.0 642.0 150.0 642.0 627.0 131.0 627.0 
2 4 1.29 1.29 273.0 17.0 273.0 642.0 150.0 642.0 627.0 131.0 627.0 766.0 607.0 766.0 
2 5 1.73 1.73 273.0 17.0 273.0 642.0 150.0 642.0 627.0 131.0 627.0 766.0 607.0 766.0 612.0 267.0 612.0 
2 3 1.58 1.58 653.0 342.0 653.0 17.0 14.0 17.0 99.0 24.0 99.0 
2 4 1.86 1.86 653.0 342.0 653.0 17.0 14.0 17.0 99.0 24.0 99.0 683.0 190.0 683.0 
2 3 0.99 0.99 666.0 138.0 666.0 547.0 345.0 547.0 613.0 95.0 613.0 
2 4 1.97 1.97 666.0 138.0 666.0 547.0 345.0 547.0 613.0 95.0 613.0 232.0 229.0 232.0 
2 3 1.2 1.2 147.0 29.0 147.0 4.0 2.0 4.0 81.0 41.0 81.0 
2 4 1.7 1.7 147.0 29.0 147.0 4.0 2.0 4.0 81.0 41.0 81.0 83.0 42.0 83.0 
2 3 1.39 1.39 403.0 169.0 403.0 494.0 352.0 494.0 542.0 143.0 542.0 
2 3 1.6 1.6 196.0 100.0 196.0 160.0 138.0 160.0 782.0 182.0 782.0 
2 4 1.99 1.99 196.0 100.0 196.0 160.0 138.0 160.0 782.0 182.0 782.0 197.0 76.0 197.0 
2 3 0.86 0.86 75.0 25.0 75.0 849.0 62.0 849.0 573.0 261.0 573.0 
2 4 0.97 0.97 75.0 25.0 75.0 849.0 62.0 849.0 573.0 261.0 573.0 9.0 1.0 9.0 
2 5 1.25 1.25 75.0 25.0 75.0 849.0 62.0 849.0 573.0 261.0 573.0 9.0 1.0 9.0 484.0 136.0 484.0 
2 6 1.43 1.43 75.0 25.0 75.0 849.0 62.0 849.0 573.0 261.0 573.0 9.0 1.0 9.0 484.0 136.0 484.0 935.0 173.0 935.0 
2 7 1.67 1.67 75.0 25.0 75.0 849.0 62.0 849.0 573.0 261.0 573.0 9.0 1.0 9.0 484.0 136.0 484.0 935.0 173.0 935.0 369.0 87.0 369.0 
2 3 0.86 0.86 140.0 27.0 140.0 834.0 302.0 834.0 632.0 197.0 632.0 
2 4 1.77 1.77 140.0 27.0 140.0 834.0 302.0 834.0 632.0 197.0 632.0 579.0 527.0 579.0 
2 3 1.58 1.58 334.0 46.0 334.0 490.0 442.0 490.0 1000.0 544.0 1000.0 
2 4 1.79 1.79 334.0 46.0 334.0 490.0 442.0 490.0 1000.0 544.0 1000.0 722.0 151.0 722.0 
2 5 1.89 1.89 334.0 46.0 334.0 490.0 442.0 490.0 1000.0 544.0 1000.0 722.0 151.0 722.0 564.0 56.0 564.0 
2 3 0.9 0.9 832.0 112.0 832.0 907.0 566.0 907.0 14.0 2.0 14.0 
2 4 1.55 1.55 832.0 112.0 832.0 907.0 566.0 907.0 14.0 2.0 14.0 290.0 190.0 290.0 
2 5 1.93 1.93 832.0 112.0 832.0 907.0 566.0 907.0 14.0 2.0 14.0 290.0 190.0 290.0 771.0 291.0 771.0 
2 3 0.86 0.86 728.0 151.0 728.0 192.0 18.0 192.0 884.0 499.0 884.0 
2 4 1.1 1.1 728.0 151.0 728.0 192.0 18.0 192.0 884.0 499.0 884.0 631.0 152.0 631.0 
2 5 1.82 1.82 728.0 151.0 728.0 192.0 18.0 192.0 884.0 499.0 884.0 631.0 152.0 631.0 990.0 709.0 990.0 
2 6 1.83 1.83 728.0 151.0 728.0 192.0 18.0 192.0 884.0 499.0 884.0 631.0 152.0 631.0 990.0 709.0 990.0 995.0 17.0 995.0 
2 3 0.55 0.55 495.0 110.0 495.0 892.0 137.0 892.0 462.0 82.0 462.0 
2 4 1.52 1.52 495.0 110.0 495.0 892.0 137.0 892.0 462.0 82.0 462.0 244.0 238.0 244.0 
2 3 0.96 0.96 97.0 7.0 97.0 925.0 452.0 925.0 378.0 153.0 378.0 
2 4 1.82 1.82 97.0 7.0 97.0 925.0 452.0 925.0 378.0 153.0 378.0 772.0 662.0 772.0 
2 3 0.23 0.23 577.0 56.0 577.0 852.0 78.0 852.0 741.0 34.0 741.0 
2 4 0.58 0.58 577.0 56.0 577.0 852.0 78.0 852.0 741.0 34.0 741.0 479.0 166.0 479.0 
2 5 1.04 1.04 577.0 56.0 577.0 852.0 78.0 852.0 741.0 34.0 741.0 479.0 166.0 479.0 607.0 284.0 607.0 
2 6 1.49 1.49 577.0 56.0 577.0 852.0 78.0 852.0 741.0 34.0 741.0 479.0 166.0 479.0 607.0 284.0 607.0 330.0 148.0 330.0 
2 7 1.56 1.56 577.0 56.0 577.0 852.0 78.0 852.0 741.0 34.0 741.0 479.0 166.0 479.0 607.0 284.0 607.0 330.0 148.0 330.0 705.0 50.0 705.0 
2 8 1.82 1.82 577.0 56.0 577.0 852.0 78.0 852.0 741.0 34.0 741.0 479.0 166.0 479.0 607.0 284.0 607.0 330.0 148.0 330.0 705.0 50.0 705.0 228.0 59.0 228.0 
2 3 0.66 0.66 157.0 15.0 157.0 821.0 321.0 821.0 818.0 143.0 818.0 
2 4 1.35 1.35 157.0 15.0 157.0 821.0 321.0 821.0 818.0 143.0 818.0 490.0 341.0 490.0 
2 5 1.85 1.85 157.0 15.0 157.0 821.0 321.0 821.0 818.0 143.0 818.0 490.0 341.0 490.0 523.0 261.0 523.0 
2 3 0.38 0.38 55.0 6.0 55.0 688.0 135.0 688.0 432.0 36.0 432.0 
2 4 0.53 0.53 55.0 6.0 55.0 688.0 135.0 688.0 432.0 36.0 432.0 159.0 23.0 159.0 
2 5 1.13 1.13 55.0 6.0 55.0 688.0 135.0 688.0 432.0 36.0 432.0 159.0 23.0 159.0 383.0 231.0 383.0 
2 6 1.49 1.49 55.0 6.0 55.0 688.0 135.0 688.0 432.0 36.0 432.0 159.0 23.0 159.0 383.0 231.0 383.0 320.0 116.0 320.0 
2 7 1.73 1.73 55.0 6.0 55.0 688.0 135.0 688.0 432.0 36.0 432.0 159.0 23.0 159.0 383.0 231.0 383.0 320.0 116.0 320.0 631.0 146.0 631.0 
2 8 1.83 1.83 55.0 6.0 55.0 688.0 135.0 688.0 432.0 36.0 432.0 159.0 23.0 159.0 383.0 231.0 383.0 320.0 116.0 320.0 631.0 146.0 631.0 505.0 53.0 505.0 
2 9 1.98 1.98 55.0 6.0 55.0 688.0 135.0 688.0 432.0 36.0 432.0 159.0 23.0 159.0 383.0 231.0 383.0 320.0 116.0 320.0 631.0 146.0 631.0 505.0 53.0 505.0 91.0 14.0 91.0 
2 3 1.78 1.78 559.0 416.0 559.0 472.0 301.0 472.0 354.0 143.0 354.0 
2 3 1.33 1.33 31.0 11.0 31.0 449.0 419.0 449.0 658.0 33.0 658.0 
2 4 1.84 1.84 31.0 11.0 31.0 449.0 419.0 449.0 658.0 33.0 658.0 958.0 487.0 958.0 
2 3 1.1 1.1 401.0 83.0 401.0 548.0 211.0 548.0 213.0 109.0 213.0 
2 4 1.55 1.55 401.0 83.0 401.0 548.0 211.0 548.0 213.0 109.0 213.0 964.0 438.0 964.0 
2 3 1.32 1.32 475.0 173.0 475.0 809.0 224.0 809.0 168.0 115.0 168.0 
2 4 1.32 1.32 475.0 173.0 475.0 809.0 224.0 809.0 168.0 115.0 168.0 824.0 2.0 824.0 
2 5 1.65 1.65 475.0 173.0 475.0 809.0 224.0 809.0 168.0 115.0 168.0 824.0 2.0 824.0 813.0 269.0 813.0 
2 3 0.71 0.71 387.0 64.0 387.0 173.0 77.0 173.0 453.0 49.0 453.0 
2 4 1.23 1.23 387.0 64.0 387.0 173.0 77.0 173.0 453.0 49.0 453.0 70.0 36.0 70.0 
