1 2 0.83 0.83 914.0 558.0 914.0 9.0 2.0 9.0 
1 2 0.98 0.98 386.0 190.0 386.0 510.0 252.0 510.0 
1 2 0.74 0.74 814.0 159.0 814.0 55.0 30.0 55.0 
1 3 0.88 0.88 814.0 159.0 814.0 55.0 30.0 55.0 442.0 63.0 442.0 
1 2 0.71 0.71 106.0 7.0 106.0 336.0 219.0 336.0 
1 2 0.65 0.65 370.0 149.0 370.0 52.0 13.0 52.0 
1 2 0.92 0.92 639.0 206.0 639.0 375.0 227.0 375.0 
1 2 0.92 0.92 465.0 79.0 465.0 491.0 373.0 491.0 
1 2 0.81 0.81 392.0 114.0 392.0 488.0 258.0 488.0 
1 2 0.99 0.99 79.0 24.0 79.0 160.0 110.0 160.0 
1 2 0.22 0.22 751.0 33.0 751.0 86.0 16.0 86.0 
1 2 0.89 0.89 201.0 150.0 201.0 782.0 118.0 782.0 
1 2 0.63 0.63 555.0 139.0 555.0 473.0 181.0 473.0 
1 2 0.72 0.72 881.0 374.0 881.0 623.0 189.0 623.0 
1 3 0.84 0.84 881.0 374.0 881.0 623.0 189.0 623.0 162.0 19.0 162.0 
1 4 0.97 0.97 881.0 374.0 881.0 623.0 189.0 623.0 162.0 19.0 162.0 824.0 105.0 824.0 
1 2 0.81 0.81 417.0 122.0 417.0 236.0 123.0 236.0 
1 2 0.84 0.84 866.0 390.0 866.0 669.0 264.0 669.0 
1 2 0.29 0.29 59.0 15.0 59.0 250.0 10.0 250.0 
1 3 0.47 0.47 59.0 15.0 59.0 250.0 10.0 250.0 578.0 106.0 578.0 
1 4 0.71 0.71 59.0 15.0 59.0 250.0 10.0 250.0 578.0 106.0 578.0 330.0 79.0 330.0 
1 2 0.98 0.98 987.0 246.0 987.0 264.0 194.0 264.0 
1 2 0.77 0.77 247.0 123.0 247.0 836.0 233.0 836.0 
1 2 0.18 0.18 981.0 146.0 981.0 454.0 16.0 454.0 
1 2 0.76 0.76 974.0 126.0 974.0 976.0 616.0 976.0 
1 2 0.45 0.45 750.0 286.0 750.0 157.0 12.0 157.0 
1 2 0.53 0.53 319.0 107.0 319.0 713.0 141.0 713.0 
1 3 0.79 0.79 319.0 107.0 319.0 713.0 141.0 713.0 369.0 95.0 369.0 
1 2 0.79 0.79 793.0 544.0 793.0 757.0 84.0 757.0 
1 2 0.57 0.57 184.0 25.0 184.0 878.0 385.0 878.0 
1 3 0.74 0.74 184.0 25.0 184.0 878.0 385.0 878.0 153.0 26.0 153.0 
1 2 0.85 0.85 137.0 77.0 137.0 37.0 11.0 37.0 
1 2 0.36 0.36 666.0 62.0 666.0 479.0 132.0 479.0 
1 2 0.97 0.97 912.0 619.0 912.0 714.0 215.0 714.0 
1 2 0.92 0.92 587.0 73.0 587.0 646.0 515.0 646.0 
1 2 0.6 0.6 392.0 6.0 392.0 749.0 445.0 749.0 
1 3 0.79 0.79 392.0 6.0 392.0 749.0 445.0 749.0 374.0 71.0 374.0 
1 2 0.72 0.72 780.0 132.0 780.0 955.0 535.0 955.0 
1 2 0.89 0.89 928.0 739.0 928.0 847.0 86.0 847.0 
1 2 0.25 0.25 445.0 81.0 445.0 531.0 38.0 531.0 
1 3 0.54 0.54 445.0 81.0 445.0 531.0 38.0 531.0 689.0 202.0 689.0 
1 2 0.98 0.98 535.0 162.0 535.0 341.0 234.0 341.0 
1 2 0.57 0.57 118.0 14.0 118.0 96.0 44.0 96.0 
1 2 0.81 0.81 638.0 492.0 638.0 410.0 19.0 410.0 
1 2 0.69 0.69 931.0 10.0 931.0 972.0 661.0 972.0 
1 3 0.79 0.79 931.0 10.0 931.0 972.0 661.0 972.0 442.0 46.0 442.0 
1 2 0.75 0.75 887.0 438.0 887.0 62.0 16.0 62.0 
1 3 0.98 0.98 887.0 438.0 887.0 62.0 16.0 62.0 674.0 158.0 674.0 
1 2 0.3 0.3 925.0 119.0 925.0 399.0 70.0 399.0 
1 3 0.97 0.97 925.0 119.0 925.0 399.0 70.0 399.0 836.0 559.0 836.0 
1 2 0.77 0.77 681.0 166.0 681.0 665.0 355.0 665.0 
1 2 0.33 0.33 238.0 31.0 238.0 585.0 117.0 585.0 
1 2 0.87 0.87 297.0 94.0 297.0 489.0 274.0 489.0 
1 2 0.62 0.62 226.0 11.0 226.0 272.0 157.0 272.0 
1 2 0.94 0.94 336.0 232.0 336.0 274.0 71.0 274.0 
1 2 0.64 0.64 94.0 43.0 94.0 338.0 62.0 338.0 
1 3 0.89 0.89 94.0 43.0 94.0 338.0 62.0 338.0 678.0 172.0 678.0 
1 2 0.86 0.86 961.0 482.0 961.0 395.0 144.0 395.0 
1 2 0.73 0.73 918.0 143.0 918.0 64.0 37.0 64.0 
1 2 0.91 0.91 425.0 78.0 425.0 697.0 509.0 697.0 
1 2 0.88 0.88 620.0 378.0 620.0 784.0 218.0 784.0 
1 2 0.86 0.86 958.0 644.0 958.0 182.0 35.0 182.0 
1 2 0.85 0.85 519.0 430.0 519.0 136.0 4.0 136.0 
1 2 0.14 0.14 765.0 83.0 765.0 897.0 30.0 897.0 
1 3 0.83 0.83 765.0 83.0 765.0 897.0 30.0 897.0 416.0 288.0 416.0 
1 2 0.71 0.71 965.0 226.0 965.0 739.0 356.0 739.0 
1 2 0.77 0.77 230.0 135.0 230.0 179.0 34.0 179.0 
1 2 0.4 0.4 168.0 60.0 168.0 436.0 23.0 436.0 
1 2 0.82 0.82 625.0 478.0 625.0 450.0 25.0 450.0 
1 2 0.64 0.64 952.0 6.0 952.0 506.0 325.0 506.0 
1 2 0.83 0.83 980.0 221.0 980.0 873.0 535.0 873.0 
1 2 0.62 0.62 277.0 43.0 277.0 450.0 212.0 450.0 
1 2 0.58 0.58 698.0 256.0 698.0 525.0 115.0 525.0 
1 2 0.87 0.87 630.0 186.0 630.0 441.0 256.0 441.0 
1 2 0.99 0.99 155.0 96.0 155.0 264.0 100.0 264.0 
1 2 0.93 0.93 63.0 20.0 63.0 95.0 59.0 95.0 
1 2 0.92 0.92 313.0 13.0 313.0 952.0 840.0 952.0 
1 2 0.71 0.71 475.0 191.0 475.0 238.0 75.0 238.0 
1 2 0.79 0.79 673.0 526.0 673.0 897.0 11.0 897.0 
1 2 0.77 0.77 856.0 629.0 856.0 760.0 33.0 760.0 
1 2 0.75 0.75 740.0 425.0 740.0 421.0 74.0 421.0 
1 3 0.87 0.87 740.0 425.0 740.0 421.0 74.0 421.0 71.0 9.0 71.0 
1 2 0.9 0.9 410.0 128.0 410.0 174.0 104.0 174.0 
1 2 0.98 0.98 961.0 124.0 961.0 908.0 774.0 908.0 
1 2 0.7 0.7 347.0 122.0 347.0 748.0 263.0 748.0 
1 2 0.41 0.41 400.0 126.0 400.0 829.0 79.0 829.0 
1 3 0.84 0.84 400.0 126.0 400.0 829.0 79.0 829.0 287.0 124.0 287.0 
1 4 0.87 0.87 400.0 126.0 400.0 829.0 79.0 829.0 287.0 124.0 287.0 121.0 4.0 121.0 
1 2 0.72 0.72 316.0 52.0 316.0 888.0 494.0 888.0 
1 2 0.83 0.83 732.0 132.0 732.0 164.0 108.0 164.0 
1 2 0.9 0.9 366.0 146.0 366.0 789.0 400.0 789.0 
1 3 0.95 0.95 366.0 146.0 366.0 789.0 400.0 789.0 801.0 41.0 801.0 
1 2 0.51 0.51 856.0 203.0 856.0 885.0 242.0 885.0 
1 2 0.97 0.97 801.0 25.0 801.0 973.0 916.0 973.0 
1 2 0.18 0.18 969.0 95.0 969.0 466.0 39.0 466.0 
1 3 0.71 0.71 969.0 95.0 969.0 466.0 39.0 466.0 426.0 226.0 426.0 
1 2 0.98 0.98 797.0 244.0 797.0 985.0 671.0 985.0 
1 2 0.72 0.72 239.0 148.0 239.0 709.0 77.0 709.0 
1 2 0.9 0.9 486.0 350.0 486.0 754.0 136.0 754.0 
1 2 0.93 0.93 433.0 367.0 433.0 55.0 5.0 55.0 
1 2 0.77 0.77 669.0 14.0 669.0 288.0 218.0 288.0 
1 2 0.9 0.9 251.0 177.0 251.0 314.0 63.0 314.0 
1 2 0.91 0.91 927.0 105.0 927.0 50.0 40.0 50.0 
1 2 0.72 0.72 584.0 8.0 584.0 41.0 29.0 41.0 
1 3 0.97 0.97 584.0 8.0 584.0 41.0 29.0 41.0 920.0 230.0 920.0 
1 2 0.74 0.74 707.0 471.0 707.0 293.0 24.0 293.0 
1 2 0.73 0.73 435.0 278.0 435.0 854.0 80.0 854.0 
1 2 0.5 0.5 872.0 207.0 872.0 728.0 196.0 728.0 
1 3 0.85 0.85 872.0 207.0 872.0 728.0 196.0 728.0 780.0 270.0 780.0 
1 4 0.96 0.96 872.0 207.0 872.0 728.0 196.0 728.0 780.0 270.0 780.0 324.0 35.0 324.0 
1 2 0.56 0.56 702.0 93.0 702.0 478.0 209.0 478.0 
1 3 0.68 0.68 702.0 93.0 702.0 478.0 209.0 478.0 835.0 99.0 835.0 
1 2 0.49 0.49 394.0 77.0 394.0 40.0 12.0 40.0 
1 2 0.49 0.49 797.0 192.0 797.0 825.0 209.0 825.0 
1 2 0.71 0.71 572.0 368.0 572.0 28.0 2.0 28.0 
1 3 0.77 0.77 572.0 368.0 572.0 28.0 2.0 28.0 50.0 3.0 50.0 
1 2 0.32 0.32 805.0 253.0 805.0 835.0 13.0 835.0 
1 3 0.77 0.77 805.0 253.0 805.0 835.0 13.0 835.0 453.0 200.0 453.0 
1 2 0.99 0.99 372.0 335.0 372.0 477.0 47.0 477.0 
1 2 0.61 0.61 189.0 62.0 189.0 883.0 255.0 883.0 
1 2 0.76 0.76 551.0 203.0 551.0 519.0 205.0 519.0 
1 2 0.92 0.92 885.0 158.0 885.0 687.0 511.0 687.0 
1 2 0.59 0.59 186.0 41.0 186.0 58.0 22.0 58.0 
1 2 0.54 0.54 966.0 420.0 966.0 338.0 38.0 338.0 
1 2 0.58 0.58 202.0 115.0 202.0 421.0 5.0 421.0 
1 2 0.5 0.5 746.0 278.0 746.0 423.0 58.0 423.0 
1 3 0.68 0.68 746.0 278.0 746.0 423.0 58.0 423.0 277.0 49.0 277.0 
1 4 0.74 0.74 746.0 278.0 746.0 423.0 58.0 423.0 277.0 49.0 277.0 609.0 36.0 609.0 
1 2 0.83 0.83 846.0 265.0 846.0 795.0 412.0 795.0 
1 2 0.6 0.6 93.0 16.0 93.0 982.0 430.0 982.0 
1 2 0.96 0.96 906.0 138.0 906.0 892.0 721.0 892.0 
1 2 0.78 0.78 798.0 31.0 798.0 338.0 253.0 338.0 
1 2 0.91 0.91 167.0 109.0 167.0 545.0 145.0 545.0 
1 2 0.91 0.91 32.0 20.0 32.0 222.0 65.0 222.0 
1 2 0.67 0.67 74.0 1.0 74.0 725.0 478.0 725.0 
1 2 0.92 0.92 782.0 482.0 782.0 26.0 8.0 26.0 
1 2 0.75 0.75 314.0 185.0 314.0 554.0 91.0 554.0 
1 2 0.72 0.72 491.0 9.0 491.0 644.0 458.0 644.0 
1 3 0.89 0.89 491.0 9.0 491.0 644.0 458.0 644.0 312.0 53.0 312.0 
1 2 0.93 0.93 585.0 15.0 585.0 247.0 225.0 247.0 
1 2 0.82 0.82 660.0 410.0 660.0 232.0 47.0 232.0 
1 3 0.85 0.85 660.0 410.0 660.0 232.0 47.0 232.0 957.0 34.0 957.0 
1 2 0.58 0.58 956.0 8.0 956.0 848.0 490.0 848.0 
1 2 0.79 0.79 137.0 75.0 137.0 498.0 122.0 498.0 
1 2 0.83 0.83 933.0 202.0 933.0 116.0 72.0 116.0 
1 2 0.62 0.62 34.0 15.0 34.0 474.0 88.0 474.0 
1 2 0.63 0.63 994.0 2.0 994.0 991.0 631.0 991.0 
1 3 0.71 0.71 994.0 2.0 994.0 991.0 631.0 991.0 744.0 59.0 744.0 
1 2 0.93 0.93 847.0 343.0 847.0 212.0 113.0 212.0 
1 2 0.97 0.97 986.0 894.0 986.0 504.0 33.0 504.0 
1 2 0.56 0.56 773.0 229.0 773.0 634.0 171.0 634.0 
1 3 0.61 0.61 773.0 229.0 773.0 634.0 171.0 634.0 932.0 46.0 932.0 
1 2 0.64 0.64 763.0 178.0 763.0 595.0 244.0 595.0 
1 2 0.86 0.86 990.0 421.0 990.0 713.0 316.0 713.0 
1 2 0.93 0.93 999.0 282.0 999.0 895.0 588.0 895.0 
1 2 0.81 0.81 327.0 260.0 327.0 310.0 7.0 310.0 
1 2 0.53 0.53 220.0 13.0 220.0 906.0 427.0 906.0 
1 2 0.64 0.64 379.0 226.0 379.0 973.0 47.0 973.0 
1 2 0.94 0.94 308.0 235.0 308.0 201.0 37.0 201.0 
1 2 0.88 0.88 697.0 423.0 697.0 186.0 52.0 186.0 
1 2 0.76 0.76 826.0 490.0 826.0 521.0 88.0 521.0 
1 2 0.95 0.95 653.0 193.0 653.0 832.0 552.0 832.0 
1 2 0.91 0.91 92.0 25.0 92.0 962.0 618.0 962.0 
1 2 0.8 0.8 950.0 47.0 950.0 748.0 566.0 748.0 
1 2 0.92 0.92 692.0 283.0 692.0 673.0 348.0 673.0 
1 2 0.96 0.96 501.0 190.0 501.0 180.0 106.0 180.0 
1 2 0.99 0.99 514.0 169.0 514.0 466.0 312.0 466.0 
1 2 0.91 0.91 786.0 133.0 786.0 633.0 471.0 633.0 
1 2 0.82 0.82 391.0 220.0 391.0 664.0 175.0 664.0 
1 2 0.72 0.72 228.0 30.0 228.0 661.0 391.0 661.0 
1 3 0.73 0.73 228.0 30.0 228.0 661.0 391.0 661.0 341.0 5.0 341.0 
1 2 0.25 0.25 912.0 100.0 912.0 713.0 107.0 713.0 
1 2 0.56 0.56 167.0 8.0 167.0 484.0 251.0 484.0 
1 2 0.59 0.59 828.0 70.0 828.0 609.0 311.0 609.0 
1 2 0.95 0.95 645.0 599.0 645.0 762.0 23.0 762.0 
1 2 0.59 0.59 555.0 188.0 555.0 652.0 168.0 652.0 
1 2 0.84 0.84 223.0 95.0 223.0 99.0 41.0 99.0 
1 2 0.5 0.5 361.0 173.0 361.0 787.0 23.0 787.0 
1 3 0.57 0.57 361.0 173.0 361.0 787.0 23.0 787.0 751.0 49.0 751.0 
1 2 0.48 0.48 179.0 23.0 179.0 78.0 28.0 78.0 
1 2 0.81 0.81 871.0 49.0 871.0 468.0 357.0 468.0 
1 2 0.9 0.9 678.0 258.0 678.0 961.0 506.0 961.0 
1 2 0.76 0.76 55.0 1.0 55.0 457.0 340.0 457.0 
1 2 0.67 0.67 648.0 39.0 648.0 461.0 285.0 461.0 
1 2 0.88 0.88 59.0 40.0 59.0 231.0 47.0 231.0 
1 2 0.89 0.89 806.0 61.0 806.0 610.0 499.0 610.0 
1 2 0.92 0.92 322.0 42.0 322.0 340.0 271.0 340.0 
1 2 0.91 0.91 63.0 49.0 63.0 636.0 86.0 636.0 
1 2 0.84 0.84 509.0 312.0 509.0 275.0 65.0 275.0 
1 2 0.76 0.76 10.0 3.0 10.0 959.0 442.0 959.0 
1 2 0.97 0.97 917.0 706.0 917.0 479.0 98.0 479.0 
1 2 0.42 0.42 433.0 55.0 433.0 314.0 94.0 314.0 
1 2 0.64 0.64 673.0 339.0 673.0 370.0 54.0 370.0 
1 2 0.84 0.84 884.0 260.0 884.0 499.0 275.0 499.0 
1 2 0.86 0.86 862.0 64.0 862.0 24.0 19.0 24.0 
1 2 0.8 0.8 564.0 316.0 564.0 586.0 143.0 586.0 
1 2 0.37 0.37 692.0 77.0 692.0 789.0 209.0 789.0 
1 3 0.56 0.56 692.0 77.0 692.0 789.0 209.0 789.0 837.0 159.0 837.0 
1 2 0.9 0.9 309.0 48.0 309.0 346.0 261.0 346.0 
1 2 0.92 0.92 712.0 41.0 712.0 802.0 696.0 802.0 
1 2 0.88 0.88 402.0 7.0 402.0 863.0 749.0 863.0 
1 2 0.78 0.78 905.0 450.0 905.0 116.0 33.0 116.0 
1 2 0.61 0.61 230.0 15.0 230.0 821.0 454.0 821.0 
1 2 0.59 0.59 18.0 1.0 18.0 323.0 175.0 323.0 
1 2 0.1 0.1 302.0 10.0 302.0 897.0 68.0 897.0 
1 3 0.71 0.71 302.0 10.0 302.0 897.0 68.0 897.0 262.0 158.0 262.0 
1 2 0.76 0.76 523.0 334.0 523.0 715.0 90.0 715.0 
1 2 0.69 0.69 228.0 123.0 228.0 52.0 8.0 52.0 
1 2 0.57 0.57 27.0 9.0 27.0 349.0 85.0 349.0 
1 2 0.23 0.23 542.0 100.0 542.0 622.0 33.0 622.0 
1 3 0.81 0.81 542.0 100.0 542.0 622.0 33.0 622.0 315.0 181.0 315.0 
1 4 0.88 0.88 542.0 100.0 542.0 622.0 33.0 622.0 315.0 181.0 315.0 568.0 40.0 568.0 
1 2 0.7 0.7 919.0 25.0 919.0 28.0 19.0 28.0 
1 2 0.63 0.63 334.0 37.0 334.0 368.0 193.0 368.0 
1 3 0.83 0.83 334.0 37.0 334.0 368.0 193.0 368.0 556.0 109.0 556.0 
1 2 0.8 0.8 287.0 216.0 287.0 888.0 47.0 888.0 
1 2 0.83 0.83 805.0 465.0 805.0 609.0 158.0 609.0 
1 2 0.09 0.09 17.0 1.0 17.0 275.0 11.0 275.0 
1 2 0.48 0.48 67.0 31.0 67.0 705.0 17.0 705.0 
1 2 0.99 0.99 363.0 55.0 363.0 907.0 768.0 907.0 
1 2 0.8 0.8 812.0 116.0 812.0 467.0 308.0 467.0 
1 2 0.99 0.99 853.0 225.0 853.0 843.0 620.0 843.0 
1 2 0.43 0.43 291.0 17.0 291.0 111.0 42.0 111.0 
1 2 0.47 0.47 485.0 205.0 485.0 577.0 33.0 577.0 
1 2 0.94 0.94 657.0 247.0 657.0 630.0 359.0 630.0 
1 2 0.92 0.92 881.0 325.0 881.0 634.0 352.0 634.0 
1 2 0.85 0.85 783.0 14.0 783.0 345.0 289.0 345.0 
1 2 0.97 0.97 332.0 305.0 332.0 994.0 58.0 994.0 
1 2 0.86 0.86 859.0 191.0 859.0 799.0 511.0 799.0 
1 2 0.41 0.41 373.0 2.0 373.0 133.0 55.0 133.0 
1 2 0.99 0.99 307.0 210.0 307.0 19.0 6.0 19.0 
1 2 0.68 0.68 866.0 520.0 866.0 340.0 29.0 340.0 
1 2 0.82 0.82 127.0 3.0 127.0 321.0 257.0 321.0 
1 2 0.82 0.82 251.0 59.0 251.0 778.0 457.0 778.0 
1 2 0.95 0.95 894.0 355.0 894.0 998.0 552.0 998.0 
1 2 0.73 0.73 63.0 32.0 63.0 226.0 51.0 226.0 
1 3 0.85 0.85 63.0 32.0 63.0 226.0 51.0 226.0 977.0 123.0 977.0 
1 2 0.64 0.64 347.0 196.0 347.0 142.0 11.0 142.0 
1 2 0.65 0.65 546.0 85.0 546.0 978.0 492.0 978.0 
1 2 0.95 0.95 771.0 117.0 771.0 10.0 8.0 10.0 
1 2 0.63 0.63 285.0 13.0 285.0 791.0 467.0 791.0 
1 2 0.44 0.44 222.0 51.0 222.0 491.0 105.0 491.0 
1 2 0.57 0.57 116.0 49.0 116.0 779.0 120.0 779.0 
1 3 0.65 0.65 116.0 49.0 116.0 779.0 120.0 779.0 446.0 36.0 446.0 
1 2 0.55 0.55 549.0 109.0 549.0 672.0 239.0 672.0 
1 2 0.71 0.71 118.0 72.0 118.0 829.0 91.0 829.0 
1 2 0.58 0.58 329.0 19.0 329.0 700.0 366.0 700.0 
1 2 0.25 0.25 417.0 105.0 417.0 945.0 5.0 945.0 
1 3 0.81 0.81 417.0 105.0 417.0 945.0 5.0 945.0 562.0 314.0 562.0 
1 2 0.34 0.34 892.0 249.0 892.0 459.0 28.0 459.0 
1 2 0.81 0.81 485.0 67.0 485.0 265.0 179.0 265.0 
1 2 0.6 0.6 21.0 6.0 21.0 35.0 11.0 35.0 
1 2 0.96 0.96 40.0 18.0 40.0 331.0 171.0 331.0 
1 2 0.51 0.51 427.0 7.0 427.0 90.0 45.0 90.0 
1 3 0.89 0.89 427.0 7.0 427.0 90.0 45.0 90.0 216.0 82.0 216.0 
1 2 0.66 0.66 133.0 29.0 133.0 610.0 275.0 610.0 
1 2 0.8 0.8 271.0 42.0 271.0 480.0 314.0 480.0 
1 2 0.83 0.83 325.0 197.0 325.0 651.0 146.0 651.0 
1 2 0.57 0.57 321.0 164.0 321.0 87.0 6.0 87.0 
1 2 0.97 0.97 333.0 267.0 333.0 330.0 56.0 330.0 
1 2 0.93 0.93 233.0 27.0 233.0 882.0 723.0 882.0 
1 2 0.67 0.67 940.0 195.0 940.0 634.0 297.0 634.0 
1 2 0.7 0.7 876.0 40.0 876.0 178.0 117.0 178.0 
1 3 0.9 0.9 876.0 40.0 876.0 178.0 117.0 178.0 132.0 27.0 132.0 
1 2 0.68 0.68 470.0 267.0 470.0 522.0 60.0 522.0 
1 3 0.9 0.9 470.0 267.0 470.0 522.0 60.0 522.0 724.0 158.0 724.0 
1 2 0.85 0.85 784.0 361.0 784.0 379.0 151.0 379.0 
1 2 0.96 0.96 837.0 761.0 837.0 804.0 45.0 804.0 
1 2 0.67 0.67 971.0 459.0 971.0 759.0 154.0 759.0 
1 2 0.84 0.84 422.0 294.0 422.0 935.0 142.0 935.0 
1 2 0.72 0.72 166.0 74.0 166.0 189.0 52.0 189.0 
1 2 0.86 0.86 887.0 695.0 887.0 900.0 71.0 900.0 
1 2 0.82 0.82 758.0 21.0 758.0 875.0 698.0 875.0 
1 2 0.8 0.8 48.0 7.0 48.0 931.0 611.0 931.0 
1 2 0.9 0.9 646.0 395.0 646.0 699.0 208.0 699.0 
1 2 0.47 0.47 208.0 9.0 208.0 7.0 3.0 7.0 
1 2 0.94 0.94 779.0 397.0 779.0 327.0 143.0 327.0 
1 2 0.77 0.77 439.0 50.0 439.0 271.0 180.0 271.0 
1 2 0.96 0.96 464.0 92.0 464.0 313.0 239.0 313.0 
1 2 0.33 0.33 805.0 57.0 805.0 265.0 70.0 265.0 
1 3 0.94 0.94 805.0 57.0 805.0 265.0 70.0 265.0 376.0 231.0 376.0 
1 2 0.96 0.96 884.0 589.0 884.0 534.0 159.0 534.0 
1 2 0.71 0.71 778.0 464.0 778.0 259.0 31.0 259.0 
1 2 0.64 0.64 533.0 270.0 533.0 616.0 83.0 616.0 
1 2 0.75 0.75 380.0 140.0 380.0 725.0 280.0 725.0 
1 2 0.45 0.45 533.0 64.0 533.0 501.0 166.0 501.0 
1 3 0.96 0.96 533.0 64.0 533.0 501.0 166.0 501.0 120.0 62.0 120.0 
1 2 0.53 0.53 656.0 329.0 656.0 981.0 29.0 981.0 
1 2 0.81 0.81 895.0 479.0 895.0 106.0 30.0 106.0 
1 2 0.62 0.62 99.0 11.0 99.0 497.0 253.0 497.0 
1 2 0.91 0.91 914.0 689.0 914.0 606.0 96.0 606.0 
1 2 0.77 0.77 38.0 29.0 38.0 930.0 7.0 930.0 
1 3 0.86 0.86 38.0 29.0 38.0 930.0 7.0 930.0 142.0 14.0 142.0 
1 2 0.68 0.68 205.0 110.0 205.0 355.0 51.0 355.0 
1 2 0.9 0.9 37.0 8.0 37.0 488.0 335.0 488.0 
1 2 0.97 0.97 106.0 82.0 106.0 501.0 101.0 501.0 
1 2 0.92 0.92 559.0 344.0 559.0 248.0 76.0 248.0 
1 2 0.97 0.97 84.0 55.0 84.0 892.0 284.0 892.0 
1 2 0.38 0.38 23.0 2.0 23.0 540.0 159.0 540.0 
1 3 0.6 0.6 23.0 2.0 23.0 540.0 159.0 540.0 505.0 112.0 505.0 
1 2 0.65 0.65 162.0 47.0 162.0 211.0 76.0 211.0 
1 2 0.86 0.86 598.0 26.0 598.0 649.0 536.0 649.0 
1 2 0.96 0.96 668.0 598.0 668.0 351.0 26.0 351.0 
1 2 0.8 0.8 731.0 285.0 731.0 696.0 291.0 696.0 
1 2 0.35 0.35 749.0 240.0 749.0 152.0 5.0 152.0 
1 3 0.47 0.47 749.0 240.0 749.0 152.0 5.0 152.0 449.0 54.0 449.0 
1 4 0.67 0.67 749.0 240.0 749.0 152.0 5.0 152.0 449.0 54.0 449.0 584.0 115.0 584.0 
1 2 0.63 0.63 283.0 3.0 283.0 215.0 135.0 215.0 
1 2 0.91 0.91 179.0 67.0 179.0 164.0 89.0 164.0 
1 2 0.95 0.95 346.0 9.0 346.0 687.0 640.0 687.0 
1 2 0.81 0.81 987.0 786.0 987.0 284.0 5.0 284.0 
1 2 0.99 0.99 73.0 27.0 73.0 767.0 483.0 767.0 
1 2 0.76 0.76 608.0 355.0 608.0 819.0 149.0 819.0 
1 2 0.33 0.33 153.0 34.0 153.0 829.0 91.0 829.0 
1 2 0.62 0.62 948.0 45.0 948.0 366.0 211.0 366.0 
1 2 0.78 0.78 59.0 33.0 59.0 831.0 188.0 831.0 
1 2 0.82 0.82 117.0 43.0 117.0 922.0 421.0 922.0 
1 3 0.91 0.91 117.0 43.0 117.0 922.0 421.0 922.0 902.0 85.0 902.0 
1 4 0.94 0.94 117.0 43.0 117.0 922.0 421.0 922.0 902.0 85.0 902.0 788.0 24.0 788.0 
1 2 0.86 0.86 456.0 321.0 456.0 229.0 37.0 229.0 
1 2 0.66 0.66 269.0 116.0 269.0 984.0 228.0 984.0 
1 3 0.77 0.77 269.0 116.0 269.0 984.0 228.0 984.0 942.0 101.0 942.0 
1 2 0.72 0.72 480.0 324.0 480.0 998.0 51.0 998.0 
1 2 0.66 0.66 495.0 1.0 495.0 924.0 614.0 924.0 
1 2 0.18 0.18 997.0 61.0 997.0 847.0 107.0 847.0 
1 3 0.79 0.79 997.0 61.0 997.0 847.0 107.0 847.0 63.0 38.0 63.0 
1 2 0.75 0.75 329.0 17.0 329.0 54.0 38.0 54.0 
1 2 0.95 0.95 509.0 340.0 509.0 933.0 269.0 933.0 
1 2 0.75 0.75 624.0 52.0 624.0 451.0 303.0 451.0 
1 2 0.93 0.93 691.0 551.0 691.0 943.0 128.0 943.0 
1 2 0.76 0.76 728.0 455.0 728.0 536.0 73.0 536.0 
1 2 0.61 0.61 243.0 147.0 243.0 135.0 2.0 135.0 
1 3 0.82 0.82 243.0 147.0 243.0 135.0 2.0 135.0 450.0 93.0 450.0 
1 2 0.85 0.85 639.0 123.0 639.0 131.0 87.0 131.0 
1 2 0.77 0.77 655.0 169.0 655.0 233.0 120.0 233.0 
1 2 0.46 0.46 141.0 65.0 141.0 419.0 1.0 419.0 
1 2 0.57 0.57 616.0 263.0 616.0 792.0 120.0 792.0 
1 2 0.73 0.73 987.0 105.0 987.0 391.0 244.0 391.0 
1 2 0.98 0.98 638.0 591.0 638.0 830.0 52.0 830.0 
1 2 0.91 0.91 698.0 63.0 698.0 545.0 450.0 545.0 
1 2 0.76 0.76 411.0 72.0 411.0 500.0 294.0 500.0 
1 2 0.97 0.97 240.0 30.0 240.0 755.0 638.0 755.0 
1 2 0.86 0.86 688.0 268.0 688.0 105.0 50.0 105.0 
1 2 0.74 0.74 711.0 458.0 711.0 630.0 62.0 630.0 
1 2 0.83 0.83 631.0 137.0 631.0 662.0 410.0 662.0 
1 2 0.8 0.8 807.0 639.0 807.0 402.0 7.0 402.0 
1 2 0.88 0.88 85.0 14.0 85.0 656.0 473.0 656.0 
1 2 0.59 0.59 999.0 232.0 999.0 25.0 9.0 25.0 
1 2 0.97 0.97 874.0 581.0 874.0 70.0 22.0 70.0 
1 2 0.61 0.61 729.0 380.0 729.0 466.0 43.0 466.0 
1 2 0.62 0.62 976.0 321.0 976.0 668.0 199.0 668.0 
1 2 0.66 0.66 966.0 582.0 966.0 631.0 39.0 631.0 
1 2 0.6 0.6 157.0 38.0 157.0 353.0 129.0 353.0 
1 2 0.88 0.88 851.0 632.0 851.0 534.0 78.0 534.0 
1 2 0.24 0.24 665.0 140.0 665.0 992.0 38.0 992.0 
1 3 0.76 0.76 665.0 140.0 665.0 992.0 38.0 992.0 647.0 337.0 647.0 
1 2 0.45 0.45 104.0 29.0 104.0 417.0 72.0 417.0 
1 2 0.16 0.16 656.0 16.0 656.0 796.0 109.0 796.0 
1 3 0.41 0.41 656.0 16.0 656.0 796.0 109.0 796.0 173.0 44.0 173.0 
1 4 0.92 0.92 656.0 16.0 656.0 796.0 109.0 796.0 173.0 44.0 173.0 972.0 493.0 972.0 
1 2 0.93 0.93 702.0 623.0 702.0 184.0 9.0 184.0 
1 2 0.57 0.57 675.0 374.0 675.0 795.0 16.0 795.0 
1 2 0.66 0.66 294.0 171.0 294.0 582.0 47.0 582.0 
1 2 0.64 0.64 234.0 96.0 234.0 286.0 68.0 286.0 
1 2 0.76 0.76 940.0 90.0 940.0 825.0 552.0 825.0 
1 2 0.69 0.69 234.0 34.0 234.0 56.0 31.0 56.0 
1 2 0.84 0.84 172.0 12.0 172.0 278.0 215.0 278.0 
1 2 0.25 0.25 970.0 88.0 970.0 999.0 164.0 999.0 
1 3 0.35 0.35 970.0 88.0 970.0 999.0 164.0 999.0 391.0 41.0 391.0 
1 4 0.78 0.78 970.0 88.0 970.0 999.0 164.0 999.0 391.0 41.0 391.0 113.0 48.0 113.0 
1 2 0.42 0.42 9.0 3.0 9.0 339.0 32.0 339.0 
1 2 0.21 0.21 553.0 35.0 553.0 452.0 68.0 452.0 
1 3 0.74 0.74 553.0 35.0 553.0 452.0 68.0 452.0 704.0 371.0 704.0 
1 2 0.81 0.81 812.0 70.0 812.0 485.0 354.0 485.0 
1 2 0.63 0.63 600.0 139.0 600.0 979.0 390.0 979.0 
1 2 0.91 0.91 864.0 502.0 864.0 698.0 233.0 698.0 
1 2 0.32 0.32 745.0 40.0 745.0 336.0 90.0 336.0 
1 2 0.99 0.99 371.0 270.0 371.0 280.0 75.0 280.0 
1 2 0.98 0.98 103.0 5.0 103.0 368.0 345.0 368.0 
1 2 0.76 0.76 123.0 40.0 123.0 132.0 58.0 132.0 
1 2 0.09 0.09 894.0 38.0 894.0 429.0 24.0 429.0 
1 3 0.54 0.54 894.0 38.0 894.0 429.0 24.0 429.0 823.0 371.0 823.0 
1 2 0.69 0.69 303.0 31.0 303.0 466.0 274.0 466.0 
1 2 0.61 0.61 808.0 75.0 808.0 529.0 276.0 529.0 
1 3 0.7 0.7 808.0 75.0 808.0 529.0 276.0 529.0 961.0 90.0 961.0 
1 2 0.91 0.91 431.0 354.0 431.0 651.0 64.0 651.0 
1 2 0.83 0.83 547.0 329.0 547.0 965.0 224.0 965.0 
1 2 0.99 0.99 486.0 324.0 486.0 613.0 200.0 613.0 
1 2 0.93 0.93 399.0 254.0 399.0 363.0 109.0 363.0 
1 3 0.96 0.96 399.0 254.0 399.0 363.0 109.0 363.0 782.0 21.0 782.0 
1 2 0.72 0.72 816.0 358.0 816.0 605.0 176.0 605.0 
1 2 0.82 0.82 718.0 180.0 718.0 382.0 219.0 382.0 
1 2 0.84 0.84 799.0 151.0 799.0 973.0 635.0 973.0 
1 3 0.96 0.96 799.0 151.0 799.0 973.0 635.0 973.0 600.0 74.0 600.0 
1 2 0.82 0.82 466.0 341.0 466.0 672.0 62.0 672.0 
1 2 0.78 0.78 576.0 179.0 576.0 652.0 307.0 652.0 
1 2 0.64 0.64 260.0 13.0 260.0 309.0 183.0 309.0 
1 3 0.77 0.77 260.0 13.0 260.0 309.0 183.0 309.0 224.0 29.0 224.0 
1 2 0.57 0.57 60.0 24.0 60.0 395.0 70.0 395.0 
1 2 0.52 0.52 508.0 86.0 508.0 315.0 112.0 315.0 
1 3 0.84 0.84 508.0 86.0 508.0 315.0 112.0 315.0 237.0 76.0 237.0 
1 2 0.73 0.73 969.0 312.0 969.0 908.0 374.0 908.0 
1 2 0.48 0.48 704.0 9.0 704.0 32.0 15.0 32.0 
1 2 0.82 0.82 764.0 196.0 764.0 390.0 221.0 390.0 
1 2 0.7 0.7 967.0 683.0 967.0 347.0 1.0 347.0 
1 2 0.57 0.57 588.0 39.0 588.0 221.0 113.0 221.0 
1 3 0.66 0.66 588.0 39.0 588.0 221.0 113.0 221.0 306.0 27.0 306.0 
1 4 0.82 0.82 588.0 39.0 588.0 221.0 113.0 221.0 306.0 27.0 306.0 109.0 17.0 109.0 
1 5 0.9 0.9 588.0 39.0 588.0 221.0 113.0 221.0 306.0 27.0 306.0 109.0 17.0 109.0 719.0 60.0 719.0 
1 2 0.84 0.84 83.0 17.0 83.0 444.0 284.0 444.0 
1 2 0.88 0.88 275.0 174.0 275.0 281.0 71.0 281.0 
1 2 0.24 0.24 176.0 26.0 176.0 89.0 9.0 89.0 
1 2 0.46 0.46 496.0 54.0 496.0 239.0 86.0 239.0 
1 2 0.72 0.72 110.0 5.0 110.0 760.0 517.0 760.0 
1 2 0.8 0.8 726.0 1.0 726.0 434.0 348.0 434.0 
1 2 0.91 0.91 554.0 289.0 554.0 84.0 33.0 84.0 
1 2 0.34 0.34 927.0 132.0 927.0 683.0 135.0 683.0 
1 2 0.39 0.39 437.0 25.0 437.0 135.0 45.0 135.0 
1 3 0.42 0.42 437.0 25.0 437.0 135.0 45.0 135.0 717.0 26.0 717.0 
1 2 0.82 0.82 56.0 23.0 56.0 740.0 303.0 740.0 
1 2 0.76 0.76 54.0 11.0 54.0 612.0 345.0 612.0 
1 2 0.87 0.87 280.0 90.0 280.0 747.0 412.0 747.0 
1 2 0.5 0.5 667.0 278.0 667.0 859.0 76.0 859.0 
1 2 0.49 0.49 861.0 44.0 861.0 906.0 400.0 906.0 
1 2 0.73 0.73 810.0 4.0 810.0 752.0 547.0 752.0 
1 2 0.85 0.85 75.0 62.0 75.0 230.0 7.0 230.0 
1 2 0.88 0.88 122.0 38.0 122.0 61.0 35.0 61.0 
1 2 0.89 0.89 704.0 230.0 704.0 163.0 92.0 163.0 
1 2 0.79 0.79 271.0 13.0 271.0 765.0 571.0 765.0 
1 2 0.65 0.65 548.0 60.0 548.0 993.0 537.0 993.0 
1 2 0.69 0.69 701.0 26.0 701.0 265.0 175.0 265.0 
1 3 0.85 0.85 701.0 26.0 701.0 265.0 175.0 265.0 403.0 65.0 403.0 
1 2 0.42 0.42 591.0 102.0 591.0 897.0 224.0 897.0 
1 3 0.79 0.79 591.0 102.0 591.0 897.0 224.0 897.0 676.0 255.0 676.0 
1 2 0.85 0.85 6.0 5.0 6.0 520.0 12.0 520.0 
1 2 0.15 0.15 726.0 99.0 726.0 966.0 19.0 966.0 
1 2 0.94 0.94 609.0 126.0 609.0 951.0 705.0 951.0 
1 2 0.93 0.93 374.0 93.0 374.0 475.0 327.0 475.0 
1 2 0.73 0.73 520.0 341.0 520.0 615.0 51.0 615.0 
1 2 0.72 0.72 219.0 124.0 219.0 672.0 106.0 672.0 
1 2 0.79 0.79 27.0 8.0 27.0 100.0 50.0 100.0 
1 2 0.83 0.83 612.0 64.0 612.0 332.0 244.0 332.0 
1 2 0.65 0.65 817.0 30.0 817.0 729.0 453.0 729.0 
1 3 0.82 0.82 817.0 30.0 817.0 729.0 453.0 729.0 186.0 31.0 186.0 
1 2 0.67 0.67 504.0 142.0 504.0 270.0 107.0 270.0 
1 2 0.67 0.67 362.0 158.0 362.0 654.0 159.0 654.0 
1 2 0.62 0.62 830.0 456.0 830.0 513.0 39.0 513.0 
1 2 0.78 0.78 40.0 6.0 40.0 547.0 349.0 547.0 
1 3 0.9 0.9 40.0 6.0 40.0 547.0 349.0 547.0 33.0 4.0 33.0 
1 2 0.96 0.96 396.0 128.0 396.0 144.0 93.0 144.0 
1 3 0.99 0.99 396.0 128.0 396.0 144.0 93.0 144.0 71.0 2.0 71.0 
1 2 0.98 0.98 866.0 771.0 866.0 849.0 83.0 849.0 
1 2 0.97 0.97 862.0 167.0 862.0 483.0 376.0 483.0 
1 2 0.69 0.69 406.0 12.0 406.0 974.0 650.0 974.0 
1 3 0.94 0.94 406.0 12.0 406.0 974.0 650.0 974.0 837.0 211.0 837.0 
1 2 0.39 0.39 327.0 71.0 327.0 658.0 116.0 658.0 
1 2 0.13 0.13 611.0 60.0 611.0 276.0 10.0 276.0 
1 3 0.91 0.91 611.0 60.0 611.0 276.0 10.0 276.0 536.0 419.0 536.0 
1 2 0.87 0.87 296.0 175.0 296.0 341.0 98.0 341.0 
1 2 0.77 0.77 109.0 14.0 109.0 358.0 231.0 358.0 
1 3 0.96 0.96 109.0 14.0 109.0 358.0 231.0 358.0 884.0 165.0 884.0 
1 2 0.54 0.54 276.0 141.0 276.0 241.0 8.0 241.0 
1 3 0.99 0.99 276.0 141.0 276.0 241.0 8.0 241.0 357.0 161.0 357.0 
1 2 0.89 0.89 882.0 36.0 882.0 47.0 40.0 47.0 
1 2 0.9 0.9 324.0 196.0 324.0 106.0 32.0 106.0 
1 2 0.95 0.95 165.0 64.0 165.0 992.0 558.0 992.0 
1 2 0.89 0.89 169.0 88.0 169.0 996.0 369.0 996.0 
1 3 0.94 0.94 169.0 88.0 169.0 996.0 369.0 996.0 963.0 49.0 963.0 
1 2 0.13 0.13 972.0 65.0 972.0 816.0 53.0 816.0 
1 3 0.85 0.85 972.0 65.0 972.0 816.0 53.0 816.0 772.0 555.0 772.0 
1 2 0.3 0.3 77.0 20.0 77.0 960.0 47.0 960.0 
1 3 0.94 0.94 77.0 20.0 77.0 960.0 47.0 960.0 588.0 374.0 588.0 
1 2 0.96 0.96 266.0 191.0 266.0 411.0 102.0 411.0 
1 2 0.95 0.95 781.0 473.0 781.0 998.0 350.0 998.0 
1 2 0.42 0.42 573.0 110.0 573.0 980.0 233.0 980.0 
1 3 0.89 0.89 573.0 110.0 573.0 980.0 233.0 980.0 875.0 404.0 875.0 
1 2 0.99 0.99 171.0 9.0 171.0 359.0 337.0 359.0 
1 2 0.7 0.7 612.0 323.0 612.0 72.0 13.0 72.0 
1 2 0.92 0.92 740.0 472.0 740.0 329.0 93.0 329.0 
1 2 0.27 0.27 277.0 46.0 277.0 330.0 35.0 330.0 
1 2 0.97 0.97 737.0 634.0 737.0 657.0 75.0 657.0 
1 2 0.9 0.9 500.0 251.0 500.0 334.0 133.0 334.0 
1 2 0.94 0.94 922.0 775.0 922.0 357.0 38.0 357.0 
1 2 0.78 0.78 653.0 236.0 653.0 360.0 153.0 360.0 
1 2 0.85 0.85 718.0 474.0 718.0 634.0 125.0 634.0 
1 2 0.94 0.94 345.0 111.0 345.0 465.0 290.0 465.0 
1 2 0.64 0.64 457.0 61.0 457.0 724.0 367.0 724.0 
1 3 0.89 0.89 457.0 61.0 457.0 724.0 367.0 724.0 558.0 142.0 558.0 
1 2 0.76 0.76 134.0 24.0 134.0 205.0 121.0 205.0 
1 2 0.86 0.86 350.0 249.0 350.0 421.0 65.0 421.0 
1 2 0.35 0.35 482.0 62.0 482.0 516.0 117.0 516.0 
1 2 0.93 0.93 926.0 797.0 926.0 938.0 72.0 938.0 
1 2 0.71 0.71 904.0 78.0 904.0 502.0 317.0 502.0 
1 2 0.52 0.52 756.0 254.0 756.0 448.0 86.0 448.0 
1 3 0.97 0.97 756.0 254.0 756.0 448.0 86.0 448.0 516.0 231.0 516.0 
1 2 0.72 0.72 202.0 116.0 202.0 583.0 85.0 583.0 
1 2 0.85 0.85 85.0 66.0 85.0 230.0 18.0 230.0 
1 2 0.72 0.72 746.0 418.0 746.0 797.0 135.0 797.0 
1 2 0.58 0.58 463.0 113.0 463.0 922.0 316.0 922.0 
1 2 0.98 0.98 280.0 69.0 280.0 335.0 248.0 335.0 
1 2 0.95 0.95 887.0 204.0 887.0 385.0 279.0 385.0 
1 2 0.17 0.17 193.0 26.0 193.0 191.0 8.0 191.0 
1 3 0.87 0.87 193.0 26.0 193.0 191.0 8.0 191.0 930.0 650.0 930.0 
1 2 0.63 0.63 488.0 305.0 488.0 931.0 8.0 931.0 
1 2 0.77 0.77 30.0 7.0 30.0 363.0 196.0 363.0 
1 3 0.91 0.91 30.0 7.0 30.0 363.0 196.0 363.0 454.0 65.0 454.0 
1 2 0.49 0.49 432.0 34.0 432.0 452.0 189.0 452.0 
1 2 0.72 0.72 775.0 198.0 775.0 147.0 69.0 147.0 
1 2 0.81 0.81 411.0 91.0 411.0 518.0 305.0 518.0 
1 2 0.91 0.91 684.0 36.0 684.0 594.0 510.0 594.0 
1 2 0.57 0.57 861.0 212.0 861.0 905.0 300.0 905.0 
1 2 0.94 0.94 498.0 255.0 498.0 600.0 259.0 600.0 
1 2 0.78 0.78 449.0 352.0 449.0 764.0 4.0 764.0 
1 2 0.98 0.98 96.0 94.0 96.0 479.0 3.0 479.0 
1 2 0.4 0.4 695.0 54.0 695.0 585.0 194.0 585.0 
1 2 0.91 0.91 694.0 168.0 694.0 462.0 311.0 462.0 
1 3 0.98 0.98 694.0 168.0 694.0 462.0 311.0 462.0 370.0 27.0 370.0 
1 2 0.73 0.73 715.0 285.0 715.0 121.0 41.0 121.0 
1 3 0.95 0.95 715.0 285.0 715.0 121.0 41.0 121.0 663.0 142.0 663.0 
1 2 0.72 0.72 160.0 94.0 160.0 158.0 21.0 158.0 
1 2 0.92 0.92 276.0 113.0 276.0 338.0 174.0 338.0 
1 2 0.81 0.81 221.0 122.0 221.0 122.0 32.0 122.0 
1 2 0.91 0.91 604.0 146.0 604.0 186.0 126.0 186.0 
1 2 0.58 0.58 551.0 291.0 551.0 441.0 27.0 441.0 
1 3 0.92 0.92 551.0 291.0 551.0 441.0 27.0 441.0 835.0 282.0 835.0 
1 2 0.99 0.99 101.0 84.0 101.0 900.0 147.0 900.0 
1 2 0.76 0.76 44.0 2.0 44.0 78.0 56.0 78.0 
1 2 0.41 0.41 667.0 262.0 667.0 453.0 9.0 453.0 
1 2 0.55 0.55 708.0 6.0 708.0 229.0 125.0 229.0 
1 2 0.97 0.97 188.0 173.0 188.0 831.0 47.0 831.0 
1 2 0.63 0.63 769.0 23.0 769.0 369.0 225.0 369.0 
1 3 0.83 0.83 769.0 23.0 769.0 369.0 225.0 369.0 546.0 105.0 546.0 
1 2 0.95 0.95 26.0 21.0 26.0 384.0 55.0 384.0 
1 2 0.69 0.69 988.0 193.0 988.0 463.0 233.0 463.0 
1 2 0.93 0.93 801.0 67.0 801.0 20.0 17.0 20.0 
1 2 0.92 0.92 49.0 20.0 49.0 596.0 308.0 596.0 
1 2 0.86 0.86 609.0 352.0 609.0 723.0 208.0 723.0 
1 2 0.9 0.9 847.0 573.0 847.0 337.0 78.0 337.0 
1 2 0.85 0.85 318.0 270.0 318.0 263.0 2.0 263.0 
1 2 0.91 0.91 900.0 145.0 900.0 37.0 28.0 37.0 
1 2 0.59 0.59 703.0 41.0 703.0 482.0 261.0 482.0 
1 2 0.47 0.47 279.0 54.0 279.0 618.0 172.0 618.0 
1 3 0.92 0.92 279.0 54.0 279.0 618.0 172.0 618.0 757.0 342.0 757.0 
1 2 0.57 0.57 761.0 26.0 761.0 673.0 366.0 673.0 
1 2 0.65 0.65 978.0 525.0 978.0 635.0 73.0 635.0 
1 2 0.46 0.46 710.0 22.0 710.0 30.0 13.0 30.0 
1 3 0.53 0.53 710.0 22.0 710.0 30.0 13.0 30.0 365.0 26.0 365.0 
1 2 0.54 0.54 481.0 194.0 481.0 750.0 108.0 750.0 
1 2 0.96 0.96 691.0 192.0 691.0 77.0 53.0 77.0 
1 2 0.34 0.34 777.0 16.0 777.0 340.0 111.0 340.0 
1 3 0.98 0.98 777.0 16.0 777.0 340.0 111.0 340.0 564.0 360.0 564.0 
1 2 0.35 0.35 977.0 22.0 977.0 317.0 104.0 317.0 
1 2 0.78 0.78 616.0 175.0 616.0 798.0 400.0 798.0 
1 2 0.62 0.62 989.0 195.0 989.0 754.0 324.0 754.0 
1 2 0.94 0.94 28.0 7.0 28.0 737.0 509.0 737.0 
1 2 0.7 0.7 669.0 339.0 669.0 388.0 78.0 388.0 
1 2 0.82 0.82 110.0 75.0 110.0 939.0 135.0 939.0 
1 2 0.75 0.75 97.0 62.0 97.0 398.0 48.0 398.0 
1 2 0.99 0.99 863.0 148.0 863.0 887.0 728.0 887.0 
1 2 0.33 0.33 830.0 22.0 830.0 868.0 272.0 868.0 
1 2 0.83 0.83 965.0 275.0 965.0 310.0 170.0 310.0 
1 2 0.91 0.91 770.0 438.0 770.0 637.0 221.0 637.0 
1 2 0.94 0.94 177.0 24.0 177.0 697.0 565.0 697.0 
1 2 0.67 0.67 897.0 490.0 897.0 835.0 108.0 835.0 
1 2 0.92 0.92 945.0 572.0 945.0 109.0 35.0 109.0 
1 2 0.99 0.99 244.0 189.0 244.0 872.0 196.0 872.0 
1 2 0.37 0.37 544.0 136.0 544.0 296.0 36.0 296.0 
1 3 0.94 0.94 544.0 136.0 544.0 296.0 36.0 296.0 358.0 205.0 358.0 
1 2 0.31 0.31 807.0 186.0 807.0 123.0 11.0 123.0 
1 2 0.88 0.88 700.0 461.0 700.0 993.0 226.0 993.0 
1 2 0.49 0.49 729.0 74.0 729.0 837.0 328.0 837.0 
1 3 0.93 0.93 729.0 74.0 729.0 837.0 328.0 837.0 734.0 321.0 734.0 
1 2 0.51 0.51 930.0 421.0 930.0 501.0 29.0 501.0 
1 2 0.89 0.89 552.0 51.0 552.0 823.0 660.0 823.0 
1 3 0.99 0.99 552.0 51.0 552.0 823.0 660.0 823.0 343.0 35.0 343.0 
1 2 0.84 0.84 219.0 67.0 219.0 690.0 370.0 690.0 
1 2 0.88 0.88 482.0 258.0 482.0 213.0 75.0 213.0 
1 2 0.73 0.73 837.0 96.0 837.0 212.0 132.0 212.0 
1 3 0.77 0.77 837.0 96.0 837.0 212.0 132.0 212.0 51.0 2.0 51.0 
1 2 0.64 0.64 635.0 358.0 635.0 527.0 45.0 527.0 
1 2 0.45 0.45 895.0 2.0 895.0 686.0 312.0 686.0 
1 2 0.37 0.37 139.0 5.0 139.0 950.0 324.0 950.0 
1 3 0.59 0.59 139.0 5.0 139.0 950.0 324.0 950.0 70.0 15.0 70.0 
1 4 0.74 0.74 139.0 5.0 139.0 950.0 324.0 950.0 70.0 15.0 70.0 726.0 112.0 726.0 
1 2 0.95 0.95 921.0 801.0 921.0 392.0 33.0 392.0 
1 2 0.95 0.95 337.0 22.0 337.0 331.0 293.0 331.0 
1 2 0.58 0.58 557.0 324.0 557.0 639.0 5.0 639.0 
1 2 0.94 0.94 118.0 19.0 118.0 915.0 713.0 915.0 
1 2 0.78 0.78 338.0 113.0 338.0 484.0 220.0 484.0 
1 2 0.94 0.94 83.0 55.0 83.0 248.0 69.0 248.0 
1 2 0.24 0.24 450.0 9.0 450.0 826.0 183.0 826.0 
1 3 0.8 0.8 450.0 9.0 450.0 826.0 183.0 826.0 732.0 416.0 732.0 
1 2 0.62 0.62 588.0 42.0 588.0 586.0 327.0 586.0 
1 2 0.93 0.93 411.0 256.0 411.0 86.0 27.0 86.0 
1 2 0.76 0.76 768.0 34.0 768.0 255.0 183.0 255.0 
1 2 0.92 0.92 510.0 51.0 510.0 965.0 793.0 965.0 
1 2 0.67 0.67 250.0 27.0 250.0 578.0 325.0 578.0 
1 2 0.67 0.67 731.0 62.0 731.0 27.0 16.0 27.0 
1 2 0.62 0.62 368.0 128.0 368.0 381.0 106.0 381.0 
1 2 0.98 0.98 630.0 25.0 630.0 744.0 705.0 744.0 
1 2 0.88 0.88 980.0 127.0 980.0 919.0 698.0 919.0 
1 2 0.63 0.63 589.0 163.0 589.0 703.0 253.0 703.0 
1 2 0.79 0.79 144.0 81.0 144.0 835.0 196.0 835.0 
1 2 0.37 0.37 234.0 44.0 234.0 640.0 118.0 640.0 
1 3 0.56 0.56 234.0 44.0 234.0 640.0 118.0 640.0 419.0 82.0 419.0 
1 2 0.93 0.93 222.0 78.0 222.0 211.0 123.0 211.0 
1 3 0.93 0.93 222.0 78.0 222.0 211.0 123.0 211.0 268.0 1.0 268.0 
1 2 0.71 0.71 717.0 399.0 717.0 993.0 160.0 993.0 
1 2 0.73 0.73 781.0 46.0 781.0 875.0 592.0 875.0 
1 2 0.46 0.46 854.0 60.0 854.0 151.0 60.0 151.0 
1 2 0.63 0.63 976.0 91.0 976.0 710.0 383.0 710.0 
1 2 0.54 0.54 771.0 375.0 771.0 191.0 11.0 191.0 
1 2 0.98 0.98 46.0 11.0 46.0 24.0 18.0 24.0 
1 2 0.55 0.55 867.0 136.0 867.0 841.0 336.0 841.0 
1 2 0.56 0.56 529.0 13.0 529.0 191.0 103.0 191.0 
1 3 0.96 0.96 529.0 13.0 529.0 191.0 103.0 191.0 977.0 388.0 977.0 
1 2 0.81 0.81 111.0 58.0 111.0 764.0 221.0 764.0 
1 2 0.53 0.53 816.0 20.0 816.0 415.0 212.0 415.0 
1 2 0.92 0.92 894.0 302.0 894.0 801.0 472.0 801.0 
1 2 0.87 0.87 532.0 146.0 532.0 928.0 557.0 928.0 
1 2 0.6 0.6 412.0 78.0 412.0 614.0 255.0 614.0 
1 2 0.88 0.88 139.0 96.0 139.0 369.0 71.0 369.0 
1 2 0.8 0.8 234.0 166.0 234.0 382.0 36.0 382.0 
1 2 0.55 0.55 917.0 168.0 917.0 969.0 364.0 969.0 
1 3 0.56 0.56 917.0 168.0 917.0 969.0 364.0 969.0 949.0 8.0 949.0 
1 2 0.98 0.98 209.0 46.0 209.0 652.0 496.0 652.0 
1 2 0.98 0.98 31.0 27.0 31.0 961.0 111.0 961.0 
1 2 0.36 0.36 422.0 22.0 422.0 48.0 15.0 48.0 
1 3 0.47 0.47 422.0 22.0 422.0 48.0 15.0 48.0 536.0 61.0 536.0 
1 2 0.33 0.33 537.0 13.0 537.0 874.0 275.0 874.0 
1 3 0.71 0.71 537.0 13.0 537.0 874.0 275.0 874.0 722.0 269.0 722.0 
1 2 0.79 0.79 983.0 283.0 983.0 789.0 404.0 789.0 
1 3 0.82 0.82 983.0 283.0 983.0 789.0 404.0 789.0 339.0 10.0 339.0 
1 4 0.93 0.93 983.0 283.0 983.0 789.0 404.0 789.0 339.0 10.0 339.0 28.0 3.0 28.0 
1 2 0.46 0.46 138.0 11.0 138.0 340.0 132.0 340.0 
1 2 0.95 0.95 983.0 145.0 983.0 41.0 33.0 41.0 
1 2 0.36 0.36 554.0 156.0 554.0 456.0 39.0 456.0 
1 3 0.87 0.87 554.0 156.0 554.0 456.0 39.0 456.0 432.0 221.0 432.0 
1 2 0.42 0.42 577.0 146.0 577.0 486.0 83.0 486.0 
1 2 0.79 0.79 363.0 230.0 363.0 831.0 137.0 831.0 
1 2 0.71 0.71 533.0 48.0 533.0 494.0 308.0 494.0 
1 2 0.44 0.44 668.0 130.0 668.0 280.0 69.0 280.0 
1 2 0.81 0.81 358.0 99.0 358.0 693.0 370.0 693.0 
1 2 0.84 0.84 281.0 56.0 281.0 161.0 104.0 161.0 
1 2 0.95 0.95 329.0 67.0 329.0 576.0 434.0 576.0 
1 2 0.85 0.85 676.0 132.0 676.0 656.0 433.0 656.0 
1 2 0.74 0.74 773.0 415.0 773.0 80.0 17.0 80.0 
1 2 0.75 0.75 614.0 219.0 614.0 994.0 392.0 994.0 
1 2 0.72 0.72 672.0 23.0 672.0 139.0 96.0 139.0 
1 2 0.83 0.83 729.0 508.0 729.0 589.0 82.0 589.0 
1 3 0.99 0.99 729.0 508.0 729.0 589.0 82.0 589.0 142.0 22.0 142.0 
1 2 0.96 0.96 558.0 228.0 558.0 408.0 228.0 408.0 
1 2 0.6 0.6 969.0 43.0 969.0 933.0 520.0 933.0 
1 2 0.61 0.61 616.0 376.0 616.0 695.0 3.0 695.0 
1 2 0.55 0.55 511.0 2.0 511.0 805.0 440.0 805.0 
1 2 0.63 0.63 823.0 213.0 823.0 925.0 349.0 925.0 
1 2 0.15 0.15 139.0 2.0 139.0 242.0 35.0 242.0 
1 3 0.46 0.46 139.0 2.0 139.0 242.0 35.0 242.0 798.0 244.0 798.0 
1 2 0.42 0.42 900.0 119.0 900.0 560.0 162.0 560.0 
1 2 0.99 0.99 384.0 24.0 384.0 688.0 642.0 688.0 
1 2 0.76 0.76 184.0 1.0 184.0 871.0 660.0 871.0 
1 2 0.59 0.59 45.0 4.0 45.0 785.0 398.0 785.0 
1 2 0.51 0.51 920.0 232.0 920.0 299.0 79.0 299.0 
1 2 0.49 0.49 811.0 107.0 811.0 573.0 207.0 573.0 
1 2 0.68 0.68 632.0 2.0 632.0 504.0 343.0 504.0 
1 3 0.94 0.94 632.0 2.0 632.0 504.0 343.0 504.0 560.0 145.0 560.0 
1 2 0.2 0.2 347.0 57.0 347.0 218.0 9.0 218.0 
1 3 0.98 0.98 347.0 57.0 347.0 218.0 9.0 218.0 954.0 743.0 954.0 
1 2 0.24 0.24 351.0 31.0 351.0 993.0 159.0 993.0 
1 2 0.84 0.84 867.0 582.0 867.0 370.0 63.0 370.0 
1 2 0.92 0.92 912.0 376.0 912.0 369.0 188.0 369.0 
1 2 0.25 0.25 701.0 123.0 701.0 25.0 2.0 25.0 
1 2 0.98 0.98 356.0 76.0 356.0 245.0 189.0 245.0 
1 2 0.99 0.99 974.0 796.0 974.0 102.0 18.0 102.0 
1 2 0.86 0.86 234.0 151.0 234.0 850.0 183.0 850.0 
1 2 0.94 0.94 523.0 42.0 523.0 138.0 120.0 138.0 
1 2 0.69 0.69 211.0 25.0 211.0 269.0 154.0 269.0 
1 3 0.89 0.89 211.0 25.0 211.0 269.0 154.0 269.0 410.0 83.0 410.0 
1 2 0.79 0.79 386.0 101.0 386.0 527.0 281.0 527.0 
1 2 0.71 0.71 285.0 72.0 285.0 467.0 217.0 467.0 
1 2 0.95 0.95 801.0 233.0 801.0 419.0 278.0 419.0 
1 2 0.97 0.97 280.0 102.0 280.0 882.0 538.0 882.0 
1 2 0.92 0.92 896.0 34.0 896.0 45.0 40.0 45.0 
1 2 0.71 0.71 603.0 403.0 603.0 861.0 43.0 861.0 
1 2 0.61 0.61 405.0 225.0 405.0 554.0 35.0 554.0 
1 2 0.85 0.85 56.0 10.0 56.0 116.0 79.0 116.0 
1 2 0.77 0.77 986.0 260.0 986.0 72.0 37.0 72.0 
1 2 0.83 0.83 968.0 498.0 968.0 567.0 179.0 567.0 
1 3 0.88 0.88 968.0 498.0 968.0 567.0 179.0 567.0 644.0 35.0 644.0 
1 2 0.82 0.82 966.0 467.0 966.0 472.0 162.0 472.0 
1 2 0.6 0.6 110.0 51.0 110.0 707.0 102.0 707.0 
1 2 0.96 0.96 421.0 33.0 421.0 725.0 642.0 725.0 
1 2 0.99 0.99 945.0 481.0 945.0 815.0 398.0 815.0 
1 2 0.51 0.51 252.0 26.0 252.0 17.0 7.0 17.0 
1 3 0.89 0.89 252.0 26.0 252.0 17.0 7.0 17.0 777.0 297.0 777.0 
1 2 0.7 0.7 179.0 2.0 179.0 771.0 532.0 771.0 
1 2 0.77 0.77 684.0 143.0 684.0 386.0 217.0 386.0 
1 2 0.17 0.17 730.0 78.0 730.0 360.0 24.0 360.0 
1 3 0.95 0.95 730.0 78.0 730.0 360.0 24.0 360.0 993.0 772.0 993.0 
1 2 0.88 0.88 866.0 171.0 866.0 444.0 304.0 444.0 
1 2 0.99 0.99 163.0 146.0 163.0 923.0 89.0 923.0 
1 2 0.18 0.18 172.0 14.0 172.0 20.0 2.0 20.0 
1 2 0.9 0.9 764.0 533.0 764.0 919.0 195.0 919.0 
1 2 0.37 0.37 956.0 246.0 956.0 171.0 20.0 171.0 
1 2 0.82 0.82 841.0 96.0 841.0 244.0 174.0 244.0 
1 3 0.91 0.91 841.0 96.0 841.0 244.0 174.0 244.0 591.0 49.0 591.0 
1 2 0.97 0.97 361.0 78.0 361.0 380.0 288.0 380.0 
1 2 0.71 0.71 29.0 15.0 29.0 606.0 120.0 606.0 
1 2 0.64 0.64 370.0 95.0 370.0 770.0 299.0 770.0 
1 2 0.97 0.97 37.0 7.0 37.0 93.0 73.0 93.0 
1 2 0.57 0.57 988.0 35.0 988.0 824.0 444.0 824.0 
1 2 0.63 0.63 764.0 46.0 764.0 782.0 448.0 782.0 
1 2 0.86 0.86 316.0 28.0 316.0 700.0 546.0 700.0 
1 2 0.82 0.82 964.0 507.0 964.0 888.0 268.0 888.0 
1 2 0.81 0.81 318.0 159.0 318.0 963.0 302.0 963.0 
1 2 0.68 0.68 183.0 1.0 183.0 277.0 187.0 277.0 
1 2 0.63 0.63 863.0 216.0 863.0 614.0 234.0 614.0 
1 2 0.92 0.92 770.0 333.0 770.0 367.0 180.0 367.0 
1 2 0.41 0.41 10.0 4.0 10.0 257.0 3.0 257.0 
1 2 0.59 0.59 441.0 115.0 441.0 391.0 131.0 391.0 
1 2 0.73 0.73 362.0 226.0 362.0 284.0 32.0 284.0 
1 2 0.74 0.74 691.0 232.0 691.0 720.0 294.0 720.0 
1 2 0.96 0.96 466.0 214.0 466.0 541.0 273.0 541.0 
1 2 0.65 0.65 406.0 34.0 406.0 440.0 252.0 440.0 
1 2 0.32 0.32 888.0 110.0 888.0 403.0 80.0 403.0 
1 2 0.94 0.94 927.0 294.0 927.0 677.0 424.0 677.0 
1 2 0.6 0.6 80.0 44.0 80.0 179.0 10.0 179.0 
1 2 0.86 0.86 411.0 111.0 411.0 667.0 396.0 667.0 
1 2 0.9 0.9 955.0 618.0 955.0 713.0 183.0 713.0 
1 2 0.9 0.9 111.0 63.0 111.0 353.0 118.0 353.0 
1 2 0.52 0.52 746.0 99.0 746.0 453.0 176.0 453.0 
1 2 0.76 0.76 943.0 91.0 943.0 72.0 48.0 72.0 
1 2 0.71 0.71 625.0 86.0 625.0 555.0 322.0 555.0 
1 2 0.81 0.81 41.0 23.0 41.0 431.0 108.0 431.0 
1 2 0.77 0.77 141.0 95.0 141.0 776.0 76.0 776.0 
1 2 0.6 0.6 364.0 156.0 364.0 486.0 84.0 486.0 
1 2 0.58 0.58 393.0 216.0 393.0 870.0 30.0 870.0 
1 2 0.88 0.88 501.0 357.0 501.0 496.0 86.0 496.0 
1 2 0.91 0.91 786.0 426.0 786.0 16.0 6.0 16.0 
1 2 0.98 0.98 957.0 120.0 957.0 250.0 214.0 250.0 
1 2 0.79 0.79 836.0 261.0 836.0 632.0 302.0 632.0 
1 2 0.93 0.93 194.0 139.0 194.0 271.0 58.0 271.0 
1 2 0.78 0.78 401.0 42.0 401.0 516.0 350.0 516.0 
1 2 0.97 0.97 83.0 63.0 83.0 376.0 83.0 376.0 
1 2 0.89 0.89 925.0 187.0 925.0 363.0 252.0 363.0 
1 2 0.47 0.47 741.0 194.0 741.0 661.0 138.0 661.0 
1 2 0.78 0.78 862.0 41.0 862.0 950.0 699.0 950.0 
1 2 0.94 0.94 484.0 58.0 484.0 730.0 602.0 730.0 
1 2 0.88 0.88 674.0 156.0 674.0 286.0 187.0 286.0 
1 2 0.91 0.91 247.0 77.0 247.0 438.0 265.0 438.0 
1 2 0.99 0.99 803.0 209.0 803.0 576.0 426.0 576.0 
1 2 0.86 0.86 386.0 250.0 386.0 454.0 98.0 454.0 
1 2 0.73 0.73 569.0 336.0 569.0 206.0 29.0 206.0 
1 2 0.9 0.9 373.0 197.0 373.0 439.0 164.0 439.0 
1 2 0.44 0.44 713.0 15.0 713.0 229.0 98.0 229.0 
1 2 0.63 0.63 620.0 331.0 620.0 928.0 93.0 928.0 
1 2 0.78 0.78 756.0 531.0 756.0 794.0 69.0 794.0 
1 2 0.42 0.42 753.0 205.0 753.0 721.0 113.0 721.0 
1 3 0.72 0.72 753.0 205.0 753.0 721.0 113.0 721.0 558.0 165.0 558.0 
1 2 0.75 0.75 470.0 298.0 470.0 59.0 7.0 59.0 
1 3 0.84 0.84 470.0 298.0 470.0 59.0 7.0 59.0 742.0 69.0 742.0 
1 2 0.85 0.85 535.0 137.0 535.0 546.0 328.0 546.0 
1 2 0.44 0.44 790.0 54.0 790.0 823.0 310.0 823.0 
1 3 0.87 0.87 790.0 54.0 790.0 823.0 310.0 823.0 616.0 265.0 616.0 
1 2 0.67 0.67 767.0 104.0 767.0 908.0 494.0 908.0 
1 2 0.91 0.91 813.0 239.0 813.0 292.0 182.0 292.0 
1 2 0.84 0.84 717.0 309.0 717.0 693.0 284.0 693.0 
1 2 0.73 0.73 406.0 7.0 406.0 454.0 325.0 454.0 
1 2 0.94 0.94 299.0 54.0 299.0 17.0 13.0 17.0 
1 2 0.98 0.98 439.0 406.0 439.0 913.0 53.0 913.0 
1 2 0.99 0.99 690.0 221.0 690.0 467.0 314.0 467.0 
1 2 0.75 0.75 59.0 34.0 59.0 300.0 54.0 300.0 
1 2 0.84 0.84 708.0 591.0 708.0 464.0 3.0 464.0 
1 2 0.76 0.76 864.0 249.0 864.0 157.0 75.0 157.0 
1 2 0.86 0.86 53.0 42.0 53.0 587.0 44.0 587.0 
1 2 0.72 0.72 462.0 333.0 462.0 476.0 3.0 476.0 
1 2 0.8 0.8 478.0 310.0 478.0 988.0 155.0 988.0 
1 2 0.81 0.81 147.0 91.0 147.0 386.0 75.0 386.0 
1 2 0.53 0.53 17.0 7.0 17.0 49.0 6.0 49.0 
1 3 0.66 0.66 17.0 7.0 17.0 49.0 6.0 49.0 887.0 114.0 887.0 
1 2 0.95 0.95 486.0 414.0 486.0 47.0 5.0 47.0 
1 2 0.58 0.58 944.0 487.0 944.0 889.0 64.0 889.0 
1 2 0.89 0.89 315.0 115.0 315.0 421.0 225.0 421.0 
1 2 0.85 0.85 320.0 241.0 320.0 103.0 11.0 103.0 
1 2 0.82 0.82 817.0 538.0 817.0 367.0 60.0 367.0 
1 2 0.93 0.93 97.0 7.0 97.0 15.0 13.0 15.0 
1 2 0.96 0.96 936.0 420.0 936.0 676.0 349.0 676.0 
1 2 0.97 0.97 323.0 28.0 323.0 790.0 698.0 790.0 
1 2 0.86 0.86 679.0 301.0 679.0 162.0 69.0 162.0 
1 2 0.65 0.65 746.0 113.0 746.0 370.0 187.0 370.0 
1 2 0.64 0.64 31.0 12.0 31.0 104.0 27.0 104.0 
1 3 0.75 0.75 31.0 12.0 31.0 104.0 27.0 104.0 265.0 29.0 265.0 
1 2 0.87 0.87 110.0 67.0 110.0 268.0 70.0 268.0 
1 2 0.85 0.85 543.0 13.0 543.0 325.0 270.0 325.0 
1 2 0.56 0.56 898.0 123.0 898.0 164.0 71.0 164.0 
1 2 0.79 0.79 327.0 168.0 327.0 740.0 205.0 740.0 
1 2 0.93 0.93 468.0 414.0 468.0 711.0 39.0 711.0 
1 2 0.49 0.49 228.0 97.0 228.0 273.0 20.0 273.0 
1 2 0.76 0.76 137.0 35.0 137.0 953.0 486.0 953.0 
1 2 0.95 0.95 422.0 123.0 422.0 6.0 4.0 6.0 
1 2 0.58 0.58 532.0 4.0 532.0 839.0 485.0 839.0 
1 2 0.73 0.73 393.0 53.0 393.0 134.0 80.0 134.0 
1 2 0.81 0.81 586.0 449.0 586.0 660.0 33.0 660.0 
1 2 0.97 0.97 901.0 282.0 901.0 39.0 26.0 39.0 
1 2 0.8 0.8 40.0 3.0 40.0 486.0 355.0 486.0 
1 2 0.6 0.6 173.0 74.0 173.0 646.0 117.0 646.0 
1 3 0.89 0.89 173.0 74.0 173.0 646.0 117.0 646.0 134.0 39.0 134.0 
1 2 0.72 0.72 116.0 22.0 116.0 394.0 209.0 394.0 
1 2 0.8 0.8 645.0 183.0 645.0 530.0 274.0 530.0 
1 2 0.6 0.6 943.0 491.0 943.0 205.0 17.0 205.0 
1 3 0.91 0.91 943.0 491.0 943.0 205.0 17.0 205.0 65.0 20.0 65.0 
1 2 0.91 0.91 22.0 19.0 22.0 319.0 16.0 319.0 
1 2 0.46 0.46 117.0 11.0 117.0 983.0 367.0 983.0 
1 3 0.78 0.78 117.0 11.0 117.0 983.0 367.0 983.0 627.0 202.0 627.0 
1 2 0.71 0.71 657.0 64.0 657.0 998.0 617.0 998.0 
1 2 0.77 0.77 301.0 154.0 301.0 498.0 133.0 498.0 
1 2 0.35 0.35 947.0 326.0 947.0 936.0 14.0 936.0 
1 3 0.92 0.92 947.0 326.0 947.0 936.0 14.0 936.0 825.0 465.0 825.0 
1 2 0.31 0.31 38.0 2.0 38.0 167.0 43.0 167.0 
1 3 0.46 0.46 38.0 2.0 38.0 167.0 43.0 167.0 451.0 71.0 451.0 
1 2 0.54 0.54 540.0 219.0 540.0 686.0 98.0 686.0 
1 2 0.83 0.83 415.0 1.0 415.0 151.0 126.0 151.0 
1 2 0.3 0.3 743.0 224.0 743.0 828.0 4.0 828.0 
1 3 0.35 0.35 743.0 224.0 743.0 828.0 4.0 828.0 38.0 2.0 38.0 
1 2 0.7 0.7 492.0 218.0 492.0 294.0 76.0 294.0 
1 2 0.79 0.79 330.0 193.0 330.0 520.0 108.0 520.0 
1 3 0.9 0.9 330.0 193.0 330.0 520.0 108.0 520.0 70.0 8.0 70.0 
1 2 0.8 0.8 699.0 113.0 699.0 82.0 53.0 82.0 
1 2 0.39 0.39 321.0 65.0 321.0 263.0 50.0 263.0 
1 2 0.59 0.59 630.0 327.0 630.0 497.0 38.0 497.0 
1 2 0.91 0.91 965.0 588.0 965.0 905.0 278.0 905.0 
1 2 0.86 0.86 498.0 20.0 498.0 711.0 588.0 711.0 
1 2 0.79 0.79 776.0 411.0 776.0 430.0 113.0 430.0 
1 2 0.94 0.94 497.0 354.0 497.0 296.0 70.0 296.0 
1 2 0.93 0.93 656.0 54.0 656.0 771.0 655.0 771.0 
1 2 0.88 0.88 157.0 109.0 157.0 757.0 142.0 757.0 
1 2 0.96 0.96 64.0 32.0 64.0 747.0 349.0 747.0 
1 2 0.92 0.92 562.0 285.0 562.0 911.0 378.0 911.0 
1 2 0.51 0.51 46.0 14.0 46.0 272.0 56.0 272.0 
1 2 0.98 0.98 156.0 125.0 156.0 948.0 176.0 948.0 
1 2 0.83 0.83 346.0 219.0 346.0 910.0 184.0 910.0 
1 2 0.91 0.91 662.0 605.0 662.0 950.0 3.0 950.0 
1 2 0.91 0.91 263.0 220.0 263.0 214.0 17.0 214.0 
1 2 0.97 0.97 866.0 160.0 866.0 172.0 136.0 172.0 
1 2 0.91 0.91 702.0 337.0 702.0 684.0 300.0 684.0 
1 2 0.8 0.8 348.0 107.0 348.0 526.0 264.0 526.0 
1 2 0.14 0.14 260.0 1.0 260.0 398.0 57.0 398.0 
1 3 0.94 0.94 260.0 1.0 260.0 398.0 57.0 398.0 682.0 546.0 682.0 
1 2 0.67 0.67 251.0 40.0 251.0 368.0 191.0 368.0 
1 2 0.89 0.89 718.0 425.0 718.0 282.0 85.0 282.0 
1 2 0.7 0.7 347.0 4.0 347.0 569.0 392.0 569.0 
1 2 0.72 0.72 379.0 185.0 379.0 671.0 162.0 671.0 
1 2 0.8 0.8 983.0 719.0 983.0 586.0 45.0 586.0 
1 2 0.95 0.95 617.0 33.0 617.0 379.0 341.0 379.0 
1 2 0.57 0.57 646.0 350.0 646.0 699.0 26.0 699.0 
1 2 0.2 0.2 888.0 25.0 888.0 862.0 150.0 862.0 
1 2 0.72 0.72 501.0 111.0 501.0 2.0 1.0 2.0 
1 2 0.62 0.62 622.0 123.0 622.0 532.0 229.0 532.0 
1 2 0.94 0.94 863.0 745.0 863.0 881.0 72.0 881.0 
1 2 0.75 0.75 139.0 2.0 139.0 142.0 105.0 142.0 
1 2 0.92 0.92 818.0 274.0 818.0 783.0 463.0 783.0 
1 3 0.95 0.95 818.0 274.0 818.0 783.0 463.0 783.0 398.0 12.0 398.0 
1 2 0.58 0.58 762.0 437.0 762.0 408.0 3.0 408.0 
1 2 0.42 0.42 698.0 67.0 698.0 264.0 87.0 264.0 
1 2 0.41 0.41 813.0 153.0 813.0 277.0 63.0 277.0 
1 3 0.79 0.79 813.0 153.0 813.0 277.0 63.0 277.0 936.0 352.0 936.0 
1 2 0.87 0.87 582.0 37.0 582.0 761.0 614.0 761.0 
1 2 0.76 0.76 55.0 25.0 55.0 536.0 166.0 536.0 
1 2 0.96 0.96 494.0 111.0 494.0 562.0 416.0 562.0 
1 2 0.92 0.92 536.0 322.0 536.0 218.0 70.0 218.0 
1 2 0.53 0.53 263.0 109.0 263.0 613.0 71.0 613.0 
1 2 0.91 0.91 203.0 6.0 203.0 660.0 583.0 660.0 
1 2 0.98 0.98 800.0 489.0 800.0 51.0 19.0 51.0 
1 2 0.49 0.49 384.0 107.0 384.0 87.0 19.0 87.0 
1 3 0.96 0.96 384.0 107.0 384.0 87.0 19.0 87.0 654.0 306.0 654.0 
1 2 0.68 0.68 406.0 115.0 406.0 773.0 308.0 773.0 
1 2 0.9 0.9 538.0 357.0 538.0 898.0 220.0 898.0 
1 2 0.98 0.98 809.0 538.0 809.0 126.0 40.0 126.0 
1 2 0.94 0.94 814.0 62.0 814.0 383.0 331.0 383.0 
1 2 0.31 0.31 188.0 30.0 188.0 747.0 118.0 747.0 
1 3 0.6 0.6 188.0 30.0 188.0 747.0 118.0 747.0 7.0 2.0 7.0 
1 2 0.92 0.92 378.0 230.0 378.0 373.0 117.0 373.0 
1 2 0.19 0.19 527.0 1.0 527.0 504.0 99.0 504.0 
1 3 0.82 0.82 527.0 1.0 527.0 504.0 99.0 504.0 904.0 562.0 904.0 
1 2 0.34 0.34 564.0 106.0 564.0 602.0 95.0 602.0 
1 2 0.99 0.99 877.0 817.0 877.0 508.0 30.0 508.0 
1 2 0.86 0.86 593.0 236.0 593.0 746.0 346.0 746.0 
1 2 0.74 0.74 797.0 239.0 797.0 654.0 288.0 654.0 
1 2 0.9 0.9 946.0 507.0 946.0 107.0 39.0 107.0 
1 2 0.72 0.72 574.0 220.0 574.0 648.0 221.0 648.0 
1 3 0.8 0.8 574.0 220.0 574.0 648.0 221.0 648.0 975.0 75.0 975.0 
1 2 0.96 0.96 34.0 32.0 34.0 590.0 13.0 590.0 
1 2 0.7 0.7 835.0 420.0 835.0 758.0 153.0 758.0 
1 2 0.99 0.99 865.0 130.0 865.0 704.0 596.0 704.0 
1 2 0.91 0.91 359.0 99.0 359.0 854.0 545.0 854.0 
1 2 0.98 0.98 145.0 32.0 145.0 743.0 571.0 743.0 
1 2 0.89 0.89 553.0 216.0 553.0 319.0 161.0 319.0 
1 2 0.71 0.71 452.0 84.0 452.0 310.0 164.0 310.0 
1 2 0.99 0.99 439.0 414.0 439.0 398.0 19.0 398.0 
1 2 0.96 0.96 550.0 335.0 550.0 810.0 291.0 810.0 
1 2 0.81 0.81 755.0 440.0 755.0 435.0 102.0 435.0 
1 2 0.55 0.55 746.0 103.0 746.0 434.0 183.0 434.0 
1 2 0.44 0.44 144.0 63.0 144.0 562.0 2.0 562.0 
1 3 0.57 0.57 144.0 63.0 144.0 562.0 2.0 562.0 454.0 61.0 454.0 
1 4 0.72 0.72 144.0 63.0 144.0 562.0 2.0 562.0 454.0 61.0 454.0 579.0 88.0 579.0 
1 2 0.71 0.71 757.0 142.0 757.0 637.0 334.0 637.0 
1 2 0.72 0.72 725.0 40.0 725.0 211.0 142.0 211.0 
1 2 0.98 0.98 672.0 662.0 672.0 236.0 1.0 236.0 
1 2 0.31 0.31 695.0 164.0 695.0 710.0 56.0 710.0 
1 2 0.97 0.97 82.0 75.0 82.0 32.0 2.0 32.0 
1 2 0.33 0.33 47.0 5.0 47.0 206.0 48.0 206.0 
1 2 0.26 0.26 728.0 179.0 728.0 797.0 16.0 797.0 
1 2 0.87 0.87 92.0 65.0 92.0 249.0 43.0 249.0 
1 2 0.93 0.93 985.0 252.0 985.0 625.0 426.0 625.0 
1 2 0.88 0.88 936.0 165.0 936.0 627.0 447.0 627.0 
1 2 0.86 0.86 881.0 661.0 881.0 18.0 2.0 18.0 
1 2 0.9 0.9 920.0 525.0 920.0 921.0 304.0 921.0 
1 2 0.83 0.83 681.0 15.0 681.0 748.0 606.0 748.0 
1 2 0.86 0.86 103.0 41.0 103.0 479.0 225.0 479.0 
1 2 0.97 0.97 560.0 432.0 560.0 702.0 143.0 702.0 
1 2 0.96 0.96 66.0 62.0 66.0 530.0 16.0 530.0 
1 2 0.71 0.71 24.0 2.0 24.0 686.0 435.0 686.0 
1 2 0.62 0.62 957.0 335.0 957.0 79.0 22.0 79.0 
1 2 0.79 0.79 315.0 230.0 315.0 298.0 18.0 298.0 
1 2 0.94 0.94 694.0 599.0 694.0 347.0 27.0 347.0 
1 2 0.8 0.8 366.0 262.0 366.0 336.0 30.0 336.0 
1 2 0.88 0.88 487.0 332.0 487.0 821.0 165.0 821.0 
1 2 0.89 0.89 89.0 30.0 89.0 895.0 502.0 895.0 
1 2 0.83 0.83 834.0 147.0 834.0 240.0 159.0 240.0 
1 2 0.64 0.64 569.0 161.0 569.0 375.0 135.0 375.0 
1 3 0.9 0.9 569.0 161.0 569.0 375.0 135.0 375.0 461.0 121.0 461.0 
1 2 0.86 0.86 7.0 1.0 7.0 734.0 529.0 734.0 
1 2 0.64 0.64 652.0 69.0 652.0 335.0 182.0 335.0 
1 2 0.59 0.59 825.0 377.0 825.0 227.0 31.0 227.0 
1 2 0.81 0.81 817.0 104.0 817.0 473.0 324.0 473.0 
1 2 0.14 0.14 863.0 81.0 863.0 556.0 28.0 556.0 
1 3 0.53 0.53 863.0 81.0 863.0 556.0 28.0 556.0 651.0 257.0 651.0 
1 2 0.53 0.53 112.0 15.0 112.0 415.0 165.0 415.0 
1 3 0.83 0.83 112.0 15.0 112.0 415.0 165.0 415.0 737.0 226.0 737.0 
1 2 0.21 0.21 86.0 13.0 86.0 654.0 42.0 654.0 
1 3 0.72 0.72 86.0 13.0 86.0 654.0 42.0 654.0 617.0 315.0 617.0 
1 2 0.53 0.53 698.0 5.0 698.0 636.0 338.0 636.0 
1 3 0.75 0.75 698.0 5.0 698.0 636.0 338.0 636.0 248.0 54.0 248.0 
1 4 0.9 0.9 698.0 5.0 698.0 636.0 338.0 636.0 248.0 54.0 248.0 80.0 12.0 80.0 
1 2 0.64 0.64 853.0 474.0 853.0 914.0 86.0 914.0 
1 2 0.97 0.97 125.0 107.0 125.0 930.0 108.0 930.0 
1 2 0.3 0.3 352.0 44.0 352.0 350.0 64.0 350.0 
1 3 0.93 0.93 352.0 44.0 352.0 350.0 64.0 350.0 73.0 46.0 73.0 
1 2 0.76 0.76 911.0 417.0 911.0 676.0 211.0 676.0 
1 2 0.97 0.97 751.0 718.0 751.0 684.0 10.0 684.0 
1 2 0.8 0.8 812.0 164.0 812.0 799.0 480.0 799.0 
1 2 0.44 0.44 540.0 135.0 540.0 701.0 134.0 701.0 
1 3 0.75 0.75 540.0 135.0 540.0 701.0 134.0 701.0 19.0 6.0 19.0 
1 4 0.87 0.87 540.0 135.0 540.0 701.0 134.0 701.0 19.0 6.0 19.0 409.0 47.0 409.0 
1 2 0.34 0.34 319.0 38.0 319.0 682.0 151.0 682.0 
1 2 0.91 0.91 708.0 582.0 708.0 587.0 57.0 587.0 
1 2 0.88 0.88 476.0 149.0 476.0 638.0 366.0 638.0 
1 2 0.38 0.38 649.0 247.0 649.0 735.0 2.0 735.0 
1 2 0.99 0.99 75.0 53.0 75.0 400.0 117.0 400.0 
1 2 0.91 0.91 674.0 132.0 674.0 7.0 5.0 7.0 
1 2 0.63 0.63 823.0 447.0 823.0 912.0 85.0 912.0 
1 2 0.74 0.74 703.0 350.0 703.0 608.0 151.0 608.0 
1 2 0.91 0.91 839.0 272.0 839.0 373.0 221.0 373.0 
1 2 0.54 0.54 960.0 20.0 960.0 519.0 271.0 519.0 
1 3 0.97 0.97 960.0 20.0 960.0 519.0 271.0 519.0 186.0 80.0 186.0 
1 2 0.95 0.95 791.0 403.0 791.0 116.0 52.0 116.0 
1 2 0.73 0.73 740.0 146.0 740.0 437.0 235.0 437.0 
1 2 0.7 0.7 286.0 154.0 286.0 6.0 1.0 6.0 
1 2 0.68 0.68 806.0 134.0 806.0 412.0 213.0 412.0 
1 3 0.73 0.73 806.0 134.0 806.0 412.0 213.0 412.0 785.0 39.0 785.0 
1 2 0.49 0.49 674.0 39.0 674.0 152.0 67.0 152.0 
1 2 0.86 0.86 497.0 170.0 497.0 712.0 369.0 712.0 
1 3 0.96 0.96 497.0 170.0 497.0 712.0 369.0 712.0 810.0 83.0 810.0 
1 4 0.98 0.98 497.0 170.0 497.0 712.0 369.0 712.0 810.0 83.0 810.0 219.0 5.0 219.0 
1 2 0.69 0.69 320.0 57.0 320.0 900.0 466.0 900.0 
1 2 0.79 0.79 522.0 59.0 522.0 935.0 642.0 935.0 
1 2 0.82 0.82 316.0 198.0 316.0 592.0 116.0 592.0 
1 2 0.91 0.91 467.0 227.0 467.0 594.0 254.0 594.0 
1 2 0.9 0.9 490.0 341.0 490.0 392.0 80.0 392.0 
1 2 0.92 0.92 904.0 102.0 904.0 920.0 743.0 920.0 
1 2 0.78 0.78 165.0 129.0 165.0 340.0 2.0 340.0 
1 2 0.91 0.91 151.0 107.0 151.0 239.0 49.0 239.0 
1 2 0.98 0.98 621.0 79.0 621.0 677.0 578.0 677.0 
1 2 0.53 0.53 384.0 34.0 384.0 225.0 101.0 225.0 
1 3 0.65 0.65 384.0 34.0 384.0 225.0 101.0 225.0 682.0 77.0 682.0 
1 2 0.66 0.66 406.0 65.0 406.0 670.0 337.0 670.0 
1 2 0.79 0.79 216.0 106.0 216.0 20.0 6.0 20.0 
1 2 0.77 0.77 475.0 71.0 475.0 783.0 491.0 783.0 
1 2 0.92 0.92 87.0 29.0 87.0 525.0 310.0 525.0 
1 2 0.79 0.79 834.0 495.0 834.0 15.0 3.0 15.0 
1 2 0.84 0.84 343.0 69.0 343.0 981.0 629.0 981.0 
1 3 0.93 0.93 343.0 69.0 343.0 981.0 629.0 981.0 438.0 42.0 438.0 
1 2 0.74 0.74 547.0 112.0 547.0 389.0 209.0 389.0 
1 2 0.91 0.91 871.0 247.0 871.0 271.0 172.0 271.0 
1 2 0.82 0.82 252.0 62.0 252.0 605.0 353.0 605.0 
1 3 0.9 0.9 252.0 62.0 252.0 605.0 353.0 605.0 126.0 10.0 126.0 
1 2 0.98 0.98 187.0 71.0 187.0 439.0 264.0 439.0 
1 2 0.62 0.62 221.0 126.0 221.0 331.0 17.0 331.0 
1 2 0.61 0.61 311.0 10.0 311.0 111.0 65.0 111.0 
1 2 0.62 0.62 132.0 82.0 132.0 946.0 6.0 946.0 
