1 2 0.61 0.61 951.0 2.0 951.0 719.0 440.0 719.0 
1 3 0.64 0.64 951.0 2.0 951.0 719.0 440.0 719.0 895.0 26.0 895.0 
1 4 0.78 0.78 951.0 2.0 951.0 719.0 440.0 719.0 895.0 26.0 895.0 831.0 122.0 831.0 
1 2 0.22 0.22 369.0 56.0 369.0 758.0 56.0 758.0 
1 3 0.5 0.5 369.0 56.0 369.0 758.0 56.0 758.0 957.0 266.0 957.0 
1 2 0.3 0.3 192.0 18.0 192.0 309.0 64.0 309.0 
1 3 0.54 0.54 192.0 18.0 192.0 309.0 64.0 309.0 29.0 7.0 29.0 
1 4 0.98 0.98 192.0 18.0 192.0 309.0 64.0 309.0 29.0 7.0 29.0 244.0 109.0 244.0 
1 2 0.89 0.89 49.0 39.0 49.0 464.0 48.0 464.0 
1 2 0.94 0.94 666.0 134.0 666.0 751.0 555.0 751.0 
1 2 0.85 0.85 473.0 298.0 473.0 410.0 94.0 410.0 
1 2 0.8 0.8 250.0 77.0 250.0 633.0 312.0 633.0 
1 2 0.39 0.39 803.0 131.0 803.0 428.0 99.0 428.0 
1 3 0.5 0.5 803.0 131.0 803.0 428.0 99.0 428.0 85.0 9.0 85.0 
1 4 0.77 0.77 803.0 131.0 803.0 428.0 99.0 428.0 85.0 9.0 85.0 622.0 169.0 622.0 
1 2 0.57 0.57 748.0 218.0 748.0 350.0 99.0 350.0 
1 2 0.08 0.08 864.0 43.0 864.0 571.0 21.0 571.0 
1 3 0.62 0.62 864.0 43.0 864.0 571.0 21.0 571.0 146.0 78.0 146.0 
1 4 0.96 0.96 864.0 43.0 864.0 571.0 21.0 571.0 146.0 78.0 146.0 777.0 265.0 777.0 
1 2 0.37 0.37 947.0 256.0 947.0 10.0 1.0 10.0 
1 3 0.44 0.44 947.0 256.0 947.0 10.0 1.0 10.0 459.0 35.0 459.0 
1 4 0.8 0.8 947.0 256.0 947.0 10.0 1.0 10.0 459.0 35.0 459.0 803.0 290.0 803.0 
1 2 0.97 0.97 449.0 124.0 449.0 800.0 557.0 800.0 
1 2 0.68 0.68 718.0 142.0 718.0 311.0 151.0 311.0 
1 3 0.93 0.93 718.0 142.0 718.0 311.0 151.0 311.0 321.0 82.0 321.0 
1 2 0.87 0.87 952.0 132.0 952.0 250.0 183.0 250.0 
1 2 0.94 0.94 887.0 190.0 887.0 637.0 464.0 637.0 
1 2 0.56 0.56 374.0 19.0 374.0 232.0 119.0 232.0 
1 2 0.64 0.64 553.0 104.0 553.0 459.0 209.0 459.0 
1 2 0.93 0.93 914.0 405.0 914.0 306.0 149.0 306.0 
1 2 0.2 0.2 184.0 2.0 184.0 404.0 77.0 404.0 
1 3 0.35 0.35 184.0 2.0 184.0 404.0 77.0 404.0 671.0 104.0 671.0 
1 2 0.58 0.58 139.0 70.0 139.0 860.0 73.0 860.0 
1 3 0.72 0.72 139.0 70.0 139.0 860.0 73.0 860.0 78.0 11.0 78.0 
1 2 0.07 0.07 622.0 6.0 622.0 43.0 3.0 43.0 
1 3 0.94 0.94 622.0 6.0 622.0 43.0 3.0 43.0 390.0 336.0 390.0 
1 2 0.63 0.63 895.0 100.0 895.0 667.0 352.0 667.0 
1 2 0.25 0.25 292.0 31.0 292.0 945.0 145.0 945.0 
1 3 0.45 0.45 292.0 31.0 292.0 945.0 145.0 945.0 136.0 26.0 136.0 
1 2 0.32 0.32 168.0 16.0 168.0 966.0 221.0 966.0 
1 3 0.39 0.39 168.0 16.0 168.0 966.0 221.0 966.0 104.0 7.0 104.0 
1 4 0.45 0.45 168.0 16.0 168.0 966.0 221.0 966.0 104.0 7.0 104.0 355.0 22.0 355.0 
1 5 0.81 0.81 168.0 16.0 168.0 966.0 221.0 966.0 104.0 7.0 104.0 355.0 22.0 355.0 519.0 190.0 519.0 
1 2 0.69 0.69 696.0 171.0 696.0 737.0 329.0 737.0 
1 2 0.21 0.21 707.0 31.0 707.0 385.0 67.0 385.0 
1 3 0.51 0.51 707.0 31.0 707.0 385.0 67.0 385.0 505.0 151.0 505.0 
1 4 0.86 0.86 707.0 31.0 707.0 385.0 67.0 385.0 505.0 151.0 505.0 136.0 48.0 136.0 
1 2 0.7 0.7 72.0 30.0 72.0 465.0 136.0 465.0 
1 2 0.32 0.32 293.0 49.0 293.0 896.0 142.0 896.0 
1 3 0.85 0.85 293.0 49.0 293.0 896.0 142.0 896.0 240.0 128.0 240.0 
1 2 0.18 0.18 547.0 77.0 547.0 635.0 28.0 635.0 
1 3 0.26 0.26 547.0 77.0 547.0 635.0 28.0 635.0 304.0 25.0 304.0 
1 4 0.77 0.77 547.0 77.0 547.0 635.0 28.0 635.0 304.0 25.0 304.0 560.0 283.0 560.0 
1 2 0.74 0.74 795.0 491.0 795.0 453.0 57.0 453.0 
1 2 0.27 0.27 210.0 36.0 210.0 566.0 59.0 566.0 
1 3 0.54 0.54 210.0 36.0 210.0 566.0 59.0 566.0 977.0 264.0 977.0 
1 2 0.45 0.45 986.0 160.0 986.0 127.0 37.0 127.0 
1 2 0.18 0.18 491.0 45.0 491.0 628.0 56.0 628.0 
1 3 0.85 0.85 491.0 45.0 491.0 628.0 56.0 628.0 537.0 364.0 537.0 
1 2 0.06 0.06 295.0 6.0 295.0 775.0 34.0 775.0 
1 3 0.27 0.27 295.0 6.0 295.0 775.0 34.0 775.0 448.0 95.0 448.0 
1 4 0.7 0.7 295.0 6.0 295.0 775.0 34.0 775.0 448.0 95.0 448.0 954.0 407.0 954.0 
1 2 0.91 0.91 35.0 24.0 35.0 176.0 41.0 176.0 
1 2 0.91 0.91 346.0 315.0 346.0 766.0 4.0 766.0 
1 2 0.67 0.67 345.0 141.0 345.0 637.0 170.0 637.0 
1 2 0.85 0.85 509.0 317.0 509.0 651.0 151.0 651.0 
1 3 0.87 0.87 509.0 317.0 509.0 651.0 151.0 651.0 834.0 14.0 834.0 
1 2 0.44 0.44 253.0 51.0 253.0 706.0 173.0 706.0 
1 3 0.52 0.52 253.0 51.0 253.0 706.0 173.0 706.0 651.0 48.0 651.0 
1 4 0.93 0.93 253.0 51.0 253.0 706.0 173.0 706.0 651.0 48.0 651.0 591.0 246.0 591.0 
1 2 0.4 0.4 783.0 307.0 783.0 624.0 6.0 624.0 
1 3 0.93 0.93 783.0 307.0 783.0 624.0 6.0 624.0 540.0 287.0 540.0 
1 2 0.25 0.25 217.0 13.0 217.0 392.0 77.0 392.0 
1 3 0.98 0.98 217.0 13.0 217.0 392.0 77.0 392.0 874.0 639.0 874.0 
1 4 0.98 0.98 217.0 13.0 217.0 392.0 77.0 392.0 874.0 639.0 874.0 820.0 2.0 820.0 
1 2 0.98 0.98 120.0 18.0 120.0 308.0 258.0 308.0 
1 2 0.65 0.65 492.0 107.0 492.0 299.0 132.0 299.0 
1 3 0.97 0.97 492.0 107.0 492.0 299.0 132.0 299.0 273.0 86.0 273.0 
1 2 0.21 0.21 288.0 41.0 288.0 485.0 35.0 485.0 
1 3 0.59 0.59 288.0 41.0 288.0 485.0 35.0 485.0 163.0 62.0 163.0 
1 2 0.67 0.67 951.0 33.0 951.0 915.0 582.0 915.0 
1 3 0.72 0.72 951.0 33.0 951.0 915.0 582.0 915.0 605.0 31.0 605.0 
1 4 0.73 0.73 951.0 33.0 951.0 915.0 582.0 915.0 605.0 31.0 605.0 84.0 1.0 84.0 
1 2 0.7 0.7 318.0 88.0 318.0 564.0 240.0 564.0 
1 2 0.45 0.45 682.0 247.0 682.0 829.0 79.0 829.0 
1 3 0.8 0.8 682.0 247.0 682.0 829.0 79.0 829.0 600.0 207.0 600.0 
1 4 0.89 0.89 682.0 247.0 682.0 829.0 79.0 829.0 600.0 207.0 600.0 840.0 80.0 840.0 
1 5 0.95 0.95 682.0 247.0 682.0 829.0 79.0 829.0 600.0 207.0 600.0 840.0 80.0 840.0 507.0 31.0 507.0 
1 2 0.45 0.45 741.0 15.0 741.0 80.0 35.0 80.0 
1 2 0.79 0.79 497.0 99.0 497.0 181.0 108.0 181.0 
1 3 0.86 0.86 497.0 99.0 497.0 181.0 108.0 181.0 819.0 53.0 819.0 
1 2 0.19 0.19 110.0 8.0 110.0 790.0 99.0 790.0 
1 3 0.23 0.23 110.0 8.0 110.0 790.0 99.0 790.0 100.0 4.0 100.0 
1 4 0.36 0.36 110.0 8.0 110.0 790.0 99.0 790.0 100.0 4.0 100.0 810.0 104.0 810.0 
1 5 0.49 0.49 110.0 8.0 110.0 790.0 99.0 790.0 100.0 4.0 100.0 810.0 104.0 810.0 776.0 97.0 776.0 
1 2 0.61 0.61 32.0 7.0 32.0 529.0 209.0 529.0 
1 2 0.8 0.8 373.0 145.0 373.0 981.0 404.0 981.0 
1 2 0.62 0.62 520.0 192.0 520.0 577.0 147.0 577.0 
1 3 0.62 0.62 520.0 192.0 520.0 577.0 147.0 577.0 393.0 2.0 393.0 
1 4 0.91 0.91 520.0 192.0 520.0 577.0 147.0 577.0 393.0 2.0 393.0 957.0 278.0 957.0 
1 2 0.09 0.09 222.0 17.0 222.0 364.0 5.0 364.0 
1 3 0.37 0.37 222.0 17.0 222.0 364.0 5.0 364.0 385.0 111.0 385.0 
1 2 0.68 0.68 61.0 6.0 61.0 126.0 74.0 126.0 
1 2 0.77 0.77 800.0 487.0 800.0 905.0 154.0 905.0 
1 2 0.46 0.46 282.0 94.0 282.0 279.0 36.0 279.0 
1 3 0.99 0.99 282.0 94.0 282.0 279.0 36.0 279.0 322.0 171.0 322.0 
1 2 0.6 0.6 539.0 116.0 539.0 860.0 335.0 860.0 
1 2 0.76 0.76 479.0 269.0 479.0 642.0 130.0 642.0 
1 3 0.85 0.85 479.0 269.0 479.0 642.0 130.0 642.0 461.0 40.0 461.0 
1 2 0.66 0.66 82.0 28.0 82.0 795.0 254.0 795.0 
1 2 0.07 0.07 340.0 5.0 340.0 896.0 56.0 896.0 
1 3 0.53 0.53 340.0 5.0 340.0 896.0 56.0 896.0 578.0 267.0 578.0 
1 4 0.7 0.7 340.0 5.0 340.0 896.0 56.0 896.0 578.0 267.0 578.0 651.0 110.0 651.0 
1 2 0.46 0.46 97.0 11.0 97.0 126.0 44.0 126.0 
1 3 0.63 0.63 97.0 11.0 97.0 126.0 44.0 126.0 284.0 50.0 284.0 
1 2 0.52 0.52 726.0 282.0 726.0 543.0 76.0 543.0 
1 2 0.86 0.86 659.0 109.0 659.0 452.0 316.0 452.0 
1 2 0.39 0.39 732.0 270.0 732.0 736.0 21.0 736.0 
1 3 0.41 0.41 732.0 270.0 732.0 736.0 21.0 736.0 989.0 19.0 989.0 
1 4 0.56 0.56 732.0 270.0 732.0 736.0 21.0 736.0 989.0 19.0 989.0 998.0 146.0 998.0 
1 5 0.99 0.99 732.0 270.0 732.0 736.0 21.0 736.0 989.0 19.0 989.0 998.0 146.0 998.0 678.0 293.0 678.0 
1 2 0.94 0.94 721.0 157.0 721.0 404.0 295.0 404.0 
1 3 0.97 0.97 721.0 157.0 721.0 404.0 295.0 404.0 45.0 1.0 45.0 
1 2 0.77 0.77 583.0 62.0 583.0 39.0 26.0 39.0 
1 2 0.32 0.32 910.0 179.0 910.0 8.0 1.0 8.0 
1 3 0.37 0.37 910.0 179.0 910.0 8.0 1.0 8.0 400.0 23.0 400.0 
1 2 0.94 0.94 492.0 159.0 492.0 634.0 394.0 634.0 
1 2 0.49 0.49 898.0 120.0 898.0 200.0 72.0 200.0 
1 3 0.82 0.82 898.0 120.0 898.0 200.0 72.0 200.0 783.0 261.0 783.0 
1 2 0.8 0.8 561.0 200.0 561.0 602.0 268.0 602.0 
1 2 0.95 0.95 410.0 38.0 410.0 738.0 633.0 738.0 
1 2 0.99 0.99 387.0 327.0 387.0 649.0 100.0 649.0 
1 2 0.99 0.99 507.0 234.0 507.0 56.0 30.0 56.0 
1 2 0.93 0.93 313.0 11.0 313.0 103.0 93.0 103.0 
1 2 0.3 0.3 690.0 111.0 690.0 125.0 18.0 125.0 
1 3 0.49 0.49 690.0 111.0 690.0 125.0 18.0 125.0 479.0 93.0 479.0 
1 4 0.54 0.54 690.0 111.0 690.0 125.0 18.0 125.0 479.0 93.0 479.0 949.0 47.0 949.0 
1 2 0.91 0.91 208.0 143.0 208.0 823.0 190.0 823.0 
1 2 0.73 0.73 228.0 42.0 228.0 397.0 220.0 397.0 
1 2 0.86 0.86 426.0 83.0 426.0 293.0 196.0 293.0 
1 2 0.7 0.7 54.0 30.0 54.0 52.0 8.0 52.0 
1 3 0.76 0.76 54.0 30.0 54.0 52.0 8.0 52.0 592.0 31.0 592.0 
1 2 0.88 0.88 344.0 70.0 344.0 878.0 600.0 878.0 
1 2 0.76 0.76 336.0 142.0 336.0 897.0 311.0 897.0 
1 2 0.54 0.54 767.0 128.0 767.0 395.0 149.0 395.0 
1 3 0.74 0.74 767.0 128.0 767.0 395.0 149.0 395.0 127.0 26.0 127.0 
1 4 0.79 0.79 767.0 128.0 767.0 395.0 149.0 395.0 127.0 26.0 127.0 654.0 32.0 654.0 
1 5 0.83 0.83 767.0 128.0 767.0 395.0 149.0 395.0 127.0 26.0 127.0 654.0 32.0 654.0 878.0 33.0 878.0 
1 6 0.92 0.92 767.0 128.0 767.0 395.0 149.0 395.0 127.0 26.0 127.0 654.0 32.0 654.0 878.0 33.0 878.0 988.0 93.0 988.0 
1 2 0.61 0.61 404.0 26.0 404.0 42.0 23.0 42.0 
1 3 0.92 0.92 404.0 26.0 404.0 42.0 23.0 42.0 514.0 161.0 514.0 
1 2 0.69 0.69 436.0 117.0 436.0 166.0 71.0 166.0 
1 2 0.62 0.62 764.0 211.0 764.0 613.0 216.0 613.0 
1 3 0.69 0.69 764.0 211.0 764.0 613.0 216.0 613.0 886.0 56.0 886.0 
1 2 0.99 0.99 181.0 84.0 181.0 680.0 358.0 680.0 
1 2 0.95 0.95 601.0 519.0 601.0 798.0 74.0 798.0 
1 2 0.35 0.35 817.0 249.0 817.0 285.0 14.0 285.0 
1 3 0.5 0.5 817.0 249.0 817.0 285.0 14.0 285.0 227.0 34.0 227.0 
1 4 0.75 0.75 817.0 249.0 817.0 285.0 14.0 285.0 227.0 34.0 227.0 784.0 197.0 784.0 
1 2 0.19 0.19 685.0 51.0 685.0 808.0 96.0 808.0 
1 3 0.47 0.47 685.0 51.0 685.0 808.0 96.0 808.0 514.0 146.0 514.0 
1 4 0.84 0.84 685.0 51.0 685.0 808.0 96.0 808.0 514.0 146.0 514.0 617.0 228.0 617.0 
1 5 0.85 0.85 685.0 51.0 685.0 808.0 96.0 808.0 514.0 146.0 514.0 617.0 228.0 617.0 359.0 2.0 359.0 
1 2 0.83 0.83 12.0 2.0 12.0 238.0 158.0 238.0 
1 2 0.99 0.99 47.0 3.0 47.0 958.0 888.0 958.0 
1 2 0.73 0.73 726.0 330.0 726.0 601.0 167.0 601.0 
1 2 0.9 0.9 442.0 100.0 442.0 929.0 630.0 929.0 
1 2 0.75 0.75 63.0 36.0 63.0 43.0 8.0 43.0 
1 2 0.53 0.53 297.0 126.0 297.0 961.0 105.0 961.0 
1 2 0.9 0.9 366.0 35.0 366.0 565.0 460.0 565.0 
1 2 0.93 0.93 678.0 273.0 678.0 17.0 9.0 17.0 
1 2 0.73 0.73 30.0 15.0 30.0 973.0 227.0 973.0 
1 3 0.8 0.8 30.0 15.0 30.0 973.0 227.0 973.0 634.0 46.0 634.0 
1 2 0.48 0.48 707.0 237.0 707.0 48.0 7.0 48.0 
1 3 0.94 0.94 707.0 237.0 707.0 48.0 7.0 48.0 847.0 393.0 847.0 
1 2 0.76 0.76 19.0 8.0 19.0 462.0 158.0 462.0 
1 2 0.75 0.75 168.0 11.0 168.0 143.0 99.0 143.0 
1 3 0.86 0.86 168.0 11.0 168.0 143.0 99.0 143.0 790.0 88.0 790.0 
1 2 0.58 0.58 104.0 33.0 104.0 916.0 248.0 916.0 
1 2 0.25 0.25 252.0 1.0 252.0 316.0 80.0 316.0 
1 2 0.99 0.99 186.0 167.0 186.0 138.0 14.0 138.0 
1 2 0.81 0.81 772.0 588.0 772.0 161.0 8.0 161.0 
1 2 0.69 0.69 225.0 134.0 225.0 828.0 83.0 828.0 
1 2 0.31 0.31 633.0 22.0 633.0 775.0 219.0 775.0 
1 3 0.52 0.52 633.0 22.0 633.0 775.0 219.0 775.0 302.0 62.0 302.0 
1 2 0.47 0.47 574.0 56.0 574.0 206.0 77.0 206.0 
1 3 0.6 0.6 574.0 56.0 574.0 206.0 77.0 206.0 62.0 8.0 62.0 
1 2 0.05 0.05 453.0 8.0 453.0 767.0 30.0 767.0 
1 3 0.9 0.9 453.0 8.0 453.0 767.0 30.0 767.0 195.0 166.0 195.0 
1 2 0.41 0.41 81.0 27.0 81.0 948.0 79.0 948.0 
1 3 0.41 0.41 81.0 27.0 81.0 948.0 79.0 948.0 672.0 1.0 672.0 
1 4 0.86 0.86 81.0 27.0 81.0 948.0 79.0 948.0 672.0 1.0 672.0 641.0 289.0 641.0 
1 2 0.26 0.26 396.0 64.0 396.0 997.0 105.0 997.0 
1 3 0.98 0.98 396.0 64.0 396.0 997.0 105.0 997.0 660.0 475.0 660.0 
1 2 0.31 0.31 802.0 156.0 802.0 698.0 81.0 698.0 
1 3 0.45 0.45 802.0 156.0 802.0 698.0 81.0 698.0 639.0 93.0 639.0 
1 4 0.54 0.54 802.0 156.0 802.0 698.0 81.0 698.0 639.0 93.0 639.0 821.0 77.0 821.0 
1 5 0.99 0.99 802.0 156.0 802.0 698.0 81.0 698.0 639.0 93.0 639.0 821.0 77.0 821.0 802.0 358.0 802.0 
1 2 0.49 0.49 56.0 18.0 56.0 893.0 157.0 893.0 
1 2 0.71 0.71 249.0 108.0 249.0 579.0 161.0 579.0 
1 2 0.55 0.55 550.0 29.0 550.0 242.0 121.0 242.0 
1 3 0.64 0.64 550.0 29.0 550.0 242.0 121.0 242.0 446.0 40.0 446.0 
1 2 0.25 0.25 667.0 26.0 667.0 675.0 149.0 675.0 
1 3 0.78 0.78 667.0 26.0 667.0 675.0 149.0 675.0 773.0 405.0 773.0 
1 2 0.66 0.66 417.0 40.0 417.0 963.0 545.0 963.0 
1 3 0.7 0.7 417.0 40.0 417.0 963.0 545.0 963.0 136.0 6.0 136.0 
1 4 0.81 0.81 417.0 40.0 417.0 963.0 545.0 963.0 136.0 6.0 136.0 456.0 49.0 456.0 
1 2 0.64 0.64 342.0 64.0 342.0 101.0 46.0 101.0 
1 2 0.2 0.2 844.0 94.0 844.0 816.0 77.0 816.0 
1 3 0.75 0.75 844.0 94.0 844.0 816.0 77.0 816.0 84.0 46.0 84.0 
1 2 0.92 0.92 823.0 17.0 823.0 336.0 303.0 336.0 
1 3 0.99 0.99 823.0 17.0 823.0 336.0 303.0 336.0 14.0 1.0 14.0 
1 2 0.2 0.2 988.0 136.0 988.0 920.0 61.0 920.0 
1 3 0.67 0.67 988.0 136.0 988.0 920.0 61.0 920.0 527.0 248.0 527.0 
1 4 0.72 0.72 988.0 136.0 988.0 920.0 61.0 920.0 527.0 248.0 527.0 581.0 30.0 581.0 
1 2 0.35 0.35 855.0 129.0 855.0 938.0 188.0 938.0 
1 3 0.8 0.8 855.0 129.0 855.0 938.0 188.0 938.0 49.0 22.0 49.0 
1 4 0.96 0.96 855.0 129.0 855.0 938.0 188.0 938.0 49.0 22.0 49.0 385.0 62.0 385.0 
1 2 0.8 0.8 611.0 78.0 611.0 22.0 15.0 22.0 
1 2 0.66 0.66 179.0 88.0 179.0 722.0 127.0 722.0 
1 3 0.94 0.94 179.0 88.0 179.0 722.0 127.0 722.0 858.0 241.0 858.0 
1 2 0.82 0.82 388.0 301.0 388.0 540.0 29.0 540.0 
1 2 0.68 0.68 432.0 137.0 432.0 798.0 293.0 798.0 
1 2 0.5 0.5 12.0 5.0 12.0 266.0 23.0 266.0 
1 2 0.52 0.52 141.0 22.0 141.0 449.0 164.0 449.0 
1 2 0.64 0.64 124.0 60.0 124.0 678.0 106.0 678.0 
1 2 0.33 0.33 750.0 51.0 750.0 948.0 256.0 948.0 
1 3 0.77 0.77 750.0 51.0 750.0 948.0 256.0 948.0 542.0 235.0 542.0 
1 2 0.25 0.25 154.0 7.0 154.0 410.0 84.0 410.0 
1 3 0.77 0.77 154.0 7.0 154.0 410.0 84.0 410.0 779.0 407.0 779.0 
1 2 0.58 0.58 660.0 26.0 660.0 427.0 231.0 427.0 
1 2 0.66 0.66 873.0 367.0 873.0 803.0 194.0 803.0 
1 2 0.57 0.57 663.0 263.0 663.0 108.0 19.0 108.0 
1 3 0.81 0.81 663.0 263.0 663.0 108.0 19.0 108.0 441.0 105.0 441.0 
1 2 0.55 0.55 715.0 304.0 715.0 979.0 129.0 979.0 
1 3 0.75 0.75 715.0 304.0 715.0 979.0 129.0 979.0 476.0 94.0 476.0 
1 4 0.78 0.78 715.0 304.0 715.0 979.0 129.0 979.0 476.0 94.0 476.0 305.0 8.0 305.0 
1 2 0.91 0.91 14.0 7.0 14.0 874.0 362.0 874.0 
1 3 0.98 0.98 14.0 7.0 14.0 874.0 362.0 874.0 599.0 40.0 599.0 
1 2 0.59 0.59 181.0 56.0 181.0 146.0 41.0 146.0 
1 2 0.3 0.3 622.0 85.0 622.0 89.0 15.0 89.0 
1 3 0.5 0.5 622.0 85.0 622.0 89.0 15.0 89.0 44.0 9.0 44.0 
1 2 0.81 0.81 270.0 155.0 270.0 168.0 40.0 168.0 
1 3 0.83 0.83 270.0 155.0 270.0 168.0 40.0 168.0 732.0 20.0 732.0 
1 2 0.67 0.67 622.0 210.0 622.0 979.0 328.0 979.0 
1 2 0.41 0.41 935.0 358.0 935.0 718.0 25.0 718.0 
1 3 0.8 0.8 935.0 358.0 935.0 718.0 25.0 718.0 307.0 119.0 307.0 
1 4 0.9 0.9 935.0 358.0 935.0 718.0 25.0 718.0 307.0 119.0 307.0 183.0 18.0 183.0 
1 2 0.22 0.22 550.0 45.0 550.0 696.0 99.0 696.0 
1 3 0.92 0.92 550.0 45.0 550.0 696.0 99.0 696.0 988.0 692.0 988.0 
1 2 0.77 0.77 387.0 223.0 387.0 10.0 2.0 10.0 
1 2 0.71 0.71 111.0 61.0 111.0 170.0 28.0 170.0 
1 3 0.84 0.84 111.0 61.0 111.0 170.0 28.0 170.0 54.0 7.0 54.0 
1 2 0.21 0.21 289.0 45.0 289.0 876.0 48.0 876.0 
1 3 0.5 0.5 289.0 45.0 289.0 876.0 48.0 876.0 547.0 161.0 547.0 
1 4 0.73 0.73 289.0 45.0 289.0 876.0 48.0 876.0 547.0 161.0 547.0 878.0 201.0 878.0 
1 2 0.87 0.87 367.0 243.0 367.0 365.0 77.0 365.0 
1 3 0.96 0.96 367.0 243.0 367.0 365.0 77.0 365.0 647.0 59.0 647.0 
1 2 0.76 0.76 547.0 264.0 547.0 778.0 220.0 778.0 
1 3 0.84 0.84 547.0 264.0 547.0 778.0 220.0 778.0 292.0 24.0 292.0 
1 4 0.98 0.98 547.0 264.0 547.0 778.0 220.0 778.0 292.0 24.0 292.0 582.0 79.0 582.0 
1 2 0.43 0.43 381.0 21.0 381.0 101.0 38.0 101.0 
1 2 0.72 0.72 414.0 120.0 414.0 941.0 406.0 941.0 
1 3 0.96 0.96 414.0 120.0 414.0 941.0 406.0 941.0 316.0 78.0 316.0 
1 2 0.49 0.49 534.0 246.0 534.0 280.0 11.0 280.0 
1 3 0.6 0.6 534.0 246.0 534.0 280.0 11.0 280.0 567.0 57.0 567.0 
1 4 0.93 0.93 534.0 246.0 534.0 280.0 11.0 280.0 567.0 57.0 567.0 104.0 35.0 104.0 
1 2 0.81 0.81 882.0 351.0 882.0 230.0 96.0 230.0 
1 2 0.56 0.56 256.0 96.0 256.0 152.0 29.0 152.0 
1 2 0.3 0.3 367.0 25.0 367.0 371.0 87.0 371.0 
1 3 0.82 0.82 367.0 25.0 367.0 371.0 87.0 371.0 21.0 11.0 21.0 
1 2 0.47 0.47 365.0 81.0 365.0 253.0 63.0 253.0 
1 3 0.49 0.49 365.0 81.0 365.0 253.0 63.0 253.0 152.0 3.0 152.0 
1 4 0.62 0.62 365.0 81.0 365.0 253.0 63.0 253.0 152.0 3.0 152.0 734.0 96.0 734.0 
1 5 0.74 0.74 365.0 81.0 365.0 253.0 63.0 253.0 152.0 3.0 152.0 734.0 96.0 734.0 137.0 17.0 137.0 
1 2 0.15 0.15 736.0 71.0 736.0 415.0 26.0 415.0 
1 3 0.55 0.55 736.0 71.0 736.0 415.0 26.0 415.0 938.0 371.0 938.0 
1 4 0.89 0.89 736.0 71.0 736.0 415.0 26.0 415.0 938.0 371.0 938.0 29.0 10.0 29.0 
1 2 0.33 0.33 461.0 24.0 461.0 926.0 259.0 926.0 
1 3 0.45 0.45 461.0 24.0 461.0 926.0 259.0 926.0 25.0 3.0 25.0 
1 4 0.6 0.6 461.0 24.0 461.0 926.0 259.0 926.0 25.0 3.0 25.0 265.0 40.0 265.0 
1 2 0.18 0.18 491.0 1.0 491.0 655.0 123.0 655.0 
1 3 0.46 0.46 491.0 1.0 491.0 655.0 123.0 655.0 642.0 175.0 642.0 
1 4 0.69 0.69 491.0 1.0 491.0 655.0 123.0 655.0 642.0 175.0 642.0 873.0 202.0 873.0 
1 2 0.62 0.62 170.0 92.0 170.0 23.0 2.0 23.0 
1 3 0.96 0.96 170.0 92.0 170.0 23.0 2.0 23.0 472.0 161.0 472.0 
1 2 0.8 0.8 506.0 194.0 506.0 521.0 218.0 521.0 
1 2 0.96 0.96 421.0 35.0 421.0 992.0 876.0 992.0 
1 2 0.3 0.3 432.0 41.0 432.0 346.0 74.0 346.0 
1 3 0.33 0.33 432.0 41.0 432.0 346.0 74.0 346.0 978.0 26.0 978.0 
1 4 0.67 0.67 432.0 41.0 432.0 346.0 74.0 346.0 978.0 26.0 978.0 272.0 92.0 272.0 
1 5 0.82 0.82 432.0 41.0 432.0 346.0 74.0 346.0 978.0 26.0 978.0 272.0 92.0 272.0 531.0 82.0 531.0 
1 2 0.64 0.64 204.0 120.0 204.0 472.0 25.0 472.0 
1 2 0.26 0.26 489.0 47.0 489.0 193.0 33.0 193.0 
1 3 0.45 0.45 489.0 47.0 489.0 193.0 33.0 193.0 235.0 44.0 235.0 
1 2 0.71 0.71 856.0 348.0 856.0 177.0 55.0 177.0 
1 3 0.79 0.79 856.0 348.0 856.0 177.0 55.0 177.0 560.0 42.0 560.0 
1 2 0.79 0.79 237.0 123.0 237.0 812.0 226.0 812.0 
1 2 0.2 0.2 69.0 10.0 69.0 970.0 63.0 970.0 
1 3 0.38 0.38 69.0 10.0 69.0 970.0 63.0 970.0 789.0 135.0 789.0 
1 2 0.7 0.7 455.0 25.0 455.0 188.0 123.0 188.0 
1 2 0.93 0.93 867.0 677.0 867.0 739.0 116.0 739.0 
1 2 0.86 0.86 403.0 211.0 403.0 219.0 75.0 219.0 
1 3 0.93 0.93 403.0 211.0 403.0 219.0 75.0 219.0 467.0 30.0 467.0 
1 2 0.78 0.78 341.0 123.0 341.0 700.0 295.0 700.0 
1 2 0.94 0.94 990.0 746.0 990.0 490.0 94.0 490.0 
1 2 0.87 0.87 691.0 328.0 691.0 194.0 78.0 194.0 
1 2 0.77 0.77 788.0 343.0 788.0 950.0 320.0 950.0 
1 2 0.99 0.99 730.0 587.0 730.0 521.0 101.0 521.0 
1 2 0.27 0.27 102.0 7.0 102.0 129.0 26.0 129.0 
1 3 0.84 0.84 102.0 7.0 102.0 129.0 26.0 129.0 489.0 282.0 489.0 
1 2 0.58 0.58 829.0 247.0 829.0 953.0 271.0 953.0 
1 3 0.93 0.93 829.0 247.0 829.0 953.0 271.0 953.0 473.0 168.0 473.0 
1 2 0.19 0.19 184.0 14.0 184.0 303.0 35.0 303.0 
1 3 0.49 0.49 184.0 14.0 184.0 303.0 35.0 303.0 676.0 202.0 676.0 
1 2 0.75 0.75 123.0 33.0 123.0 763.0 371.0 763.0 
1 3 0.87 0.87 123.0 33.0 123.0 763.0 371.0 763.0 107.0 13.0 107.0 
1 2 0.8 0.8 229.0 124.0 229.0 574.0 150.0 574.0 
1 2 0.18 0.18 212.0 23.0 212.0 641.0 46.0 641.0 
1 3 0.96 0.96 212.0 23.0 212.0 641.0 46.0 641.0 171.0 134.0 171.0 
1 2 0.33 0.33 456.0 30.0 456.0 574.0 155.0 574.0 
1 3 0.71 0.71 456.0 30.0 456.0 574.0 155.0 574.0 68.0 26.0 68.0 
1 2 0.93 0.93 289.0 81.0 289.0 865.0 568.0 865.0 
1 2 0.18 0.18 467.0 86.0 467.0 367.0 1.0 367.0 
1 3 0.63 0.63 467.0 86.0 467.0 367.0 1.0 367.0 122.0 55.0 122.0 
1 2 0.4 0.4 657.0 66.0 657.0 325.0 100.0 325.0 
1 3 0.97 0.97 657.0 66.0 657.0 325.0 100.0 325.0 192.0 108.0 192.0 
1 2 0.27 0.27 231.0 14.0 231.0 565.0 119.0 565.0 
1 3 0.29 0.29 231.0 14.0 231.0 565.0 119.0 565.0 861.0 19.0 861.0 
1 4 0.65 0.65 231.0 14.0 231.0 565.0 119.0 565.0 861.0 19.0 861.0 282.0 103.0 282.0 
1 2 0.7 0.7 451.0 158.0 451.0 637.0 223.0 637.0 
1 2 0.33 0.33 406.0 34.0 406.0 874.0 219.0 874.0 
1 3 0.86 0.86 406.0 34.0 406.0 874.0 219.0 874.0 127.0 67.0 127.0 
1 2 0.24 0.24 668.0 8.0 668.0 34.0 8.0 34.0 
1 2 0.78 0.78 292.0 195.0 292.0 178.0 20.0 178.0 
1 2 0.54 0.54 60.0 26.0 60.0 194.0 21.0 194.0 
1 3 0.73 0.73 60.0 26.0 60.0 194.0 21.0 194.0 58.0 11.0 58.0 
1 4 0.93 0.93 60.0 26.0 60.0 194.0 21.0 194.0 58.0 11.0 58.0 938.0 187.0 938.0 
1 2 0.68 0.68 975.0 493.0 975.0 388.0 68.0 388.0 
1 2 0.65 0.65 897.0 45.0 897.0 105.0 63.0 105.0 
1 3 0.79 0.79 897.0 45.0 897.0 105.0 63.0 105.0 827.0 123.0 827.0 
1 4 0.94 0.94 897.0 45.0 897.0 105.0 63.0 105.0 827.0 123.0 827.0 575.0 86.0 575.0 
1 5 0.97 0.97 897.0 45.0 897.0 105.0 63.0 105.0 827.0 123.0 827.0 575.0 86.0 575.0 307.0 8.0 307.0 
1 2 0.5 0.5 801.0 214.0 801.0 142.0 34.0 142.0 
1 2 0.22 0.22 970.0 119.0 970.0 483.0 48.0 483.0 
1 3 0.27 0.27 970.0 119.0 970.0 483.0 48.0 483.0 691.0 40.0 691.0 
1 2 0.91 0.91 822.0 568.0 822.0 513.0 113.0 513.0 
1 2 0.61 0.61 537.0 172.0 537.0 975.0 292.0 975.0 
1 3 0.73 0.73 537.0 172.0 537.0 975.0 292.0 975.0 858.0 97.0 858.0 
1 2 0.36 0.36 767.0 129.0 767.0 674.0 131.0 674.0 
1 3 0.74 0.74 767.0 129.0 767.0 674.0 131.0 674.0 787.0 301.0 787.0 
1 4 0.79 0.79 767.0 129.0 767.0 674.0 131.0 674.0 787.0 301.0 787.0 713.0 38.0 713.0 
1 5 0.92 0.92 767.0 129.0 767.0 674.0 131.0 674.0 787.0 301.0 787.0 713.0 38.0 713.0 675.0 85.0 675.0 
1 2 0.87 0.87 649.0 211.0 649.0 138.0 76.0 138.0 
1 2 0.52 0.52 325.0 92.0 325.0 611.0 146.0 611.0 
1 2 0.41 0.41 926.0 78.0 926.0 491.0 160.0 491.0 
1 3 0.48 0.48 926.0 78.0 926.0 491.0 160.0 491.0 821.0 64.0 821.0 
1 4 0.6 0.6 926.0 78.0 926.0 491.0 160.0 491.0 821.0 64.0 821.0 873.0 103.0 873.0 
1 5 0.65 0.65 926.0 78.0 926.0 491.0 160.0 491.0 821.0 64.0 821.0 873.0 103.0 873.0 455.0 22.0 455.0 
1 2 0.05 0.05 622.0 20.0 622.0 846.0 16.0 846.0 
1 3 0.36 0.36 622.0 20.0 622.0 846.0 16.0 846.0 788.0 247.0 788.0 
1 2 0.88 0.88 168.0 37.0 168.0 854.0 568.0 854.0 
1 2 0.41 0.41 183.0 36.0 183.0 121.0 27.0 121.0 
1 3 0.43 0.43 183.0 36.0 183.0 121.0 27.0 121.0 267.0 5.0 267.0 
1 4 0.55 0.55 183.0 36.0 183.0 121.0 27.0 121.0 267.0 5.0 267.0 913.0 104.0 913.0 
1 5 0.63 0.63 183.0 36.0 183.0 121.0 27.0 121.0 267.0 5.0 267.0 913.0 104.0 913.0 69.0 6.0 69.0 
1 6 0.88 0.88 183.0 36.0 183.0 121.0 27.0 121.0 267.0 5.0 267.0 913.0 104.0 913.0 69.0 6.0 69.0 538.0 132.0 538.0 
1 2 0.48 0.48 269.0 126.0 269.0 390.0 5.0 390.0 
1 3 0.58 0.58 269.0 126.0 269.0 390.0 5.0 390.0 364.0 39.0 364.0 
1 2 0.41 0.41 232.0 15.0 232.0 361.0 128.0 361.0 
1 3 0.42 0.42 232.0 15.0 232.0 361.0 128.0 361.0 450.0 2.0 450.0 
1 2 0.16 0.16 487.0 39.0 487.0 122.0 10.0 122.0 
1 3 0.27 0.27 487.0 39.0 487.0 122.0 10.0 122.0 973.0 113.0 973.0 
1 4 0.45 0.45 487.0 39.0 487.0 122.0 10.0 122.0 973.0 113.0 973.0 45.0 8.0 45.0 
1 2 0.55 0.55 50.0 23.0 50.0 454.0 41.0 454.0 
1 3 0.62 0.62 50.0 23.0 50.0 454.0 41.0 454.0 967.0 70.0 967.0 
1 4 0.86 0.86 50.0 23.0 50.0 454.0 41.0 454.0 967.0 70.0 967.0 173.0 42.0 173.0 
1 5 0.91 0.91 50.0 23.0 50.0 454.0 41.0 454.0 967.0 70.0 967.0 173.0 42.0 173.0 597.0 30.0 597.0 
1 2 0.88 0.88 404.0 115.0 404.0 48.0 29.0 48.0 
1 2 0.2 0.2 649.0 21.0 649.0 837.0 147.0 837.0 
1 3 0.87 0.87 649.0 21.0 649.0 837.0 147.0 837.0 610.0 405.0 610.0 
1 4 0.92 0.92 649.0 21.0 649.0 837.0 147.0 837.0 610.0 405.0 610.0 555.0 30.0 555.0 
1 5 0.99 0.99 649.0 21.0 649.0 837.0 147.0 837.0 610.0 405.0 610.0 555.0 30.0 555.0 931.0 68.0 931.0 
1 2 0.7 0.7 486.0 176.0 486.0 394.0 136.0 394.0 
1 2 0.55 0.55 208.0 11.0 208.0 2.0 1.0 2.0 
1 3 0.89 0.89 208.0 11.0 208.0 2.0 1.0 2.0 52.0 18.0 52.0 
1 2 0.73 0.73 91.0 41.0 91.0 39.0 11.0 39.0 
1 3 0.97 0.97 91.0 41.0 91.0 39.0 11.0 39.0 268.0 65.0 268.0 
1 2 0.27 0.27 674.0 20.0 674.0 395.0 97.0 395.0 
1 3 0.45 0.45 674.0 20.0 674.0 395.0 97.0 395.0 976.0 171.0 976.0 
1 4 0.86 0.86 674.0 20.0 674.0 395.0 97.0 395.0 976.0 171.0 976.0 890.0 370.0 890.0 
1 2 0.9 0.9 201.0 163.0 201.0 938.0 87.0 938.0 
1 2 0.55 0.55 262.0 43.0 262.0 777.0 307.0 777.0 
1 2 0.28 0.28 394.0 79.0 394.0 507.0 42.0 507.0 
1 3 0.5 0.5 394.0 79.0 394.0 507.0 42.0 507.0 934.0 204.0 934.0 
1 2 0.64 0.64 44.0 8.0 44.0 62.0 29.0 62.0 
1 2 0.62 0.62 748.0 123.0 748.0 103.0 47.0 103.0 
1 2 0.91 0.91 876.0 131.0 876.0 188.0 143.0 188.0 
1 2 0.44 0.44 163.0 7.0 163.0 434.0 175.0 434.0 
1 3 0.5 0.5 163.0 7.0 163.0 434.0 175.0 434.0 269.0 17.0 269.0 
1 4 0.68 0.68 163.0 7.0 163.0 434.0 175.0 434.0 269.0 17.0 269.0 394.0 71.0 394.0 
1 5 0.75 0.75 163.0 7.0 163.0 434.0 175.0 434.0 269.0 17.0 269.0 394.0 71.0 394.0 945.0 66.0 945.0 
1 2 0.13 0.13 792.0 46.0 792.0 516.0 42.0 516.0 
1 3 0.33 0.33 792.0 46.0 792.0 516.0 42.0 516.0 813.0 160.0 813.0 
1 4 0.6 0.6 792.0 46.0 792.0 516.0 42.0 516.0 813.0 160.0 813.0 569.0 153.0 569.0 
1 5 0.96 0.96 792.0 46.0 792.0 516.0 42.0 516.0 813.0 160.0 813.0 569.0 153.0 569.0 989.0 353.0 989.0 
1 2 0.09 0.09 603.0 35.0 603.0 661.0 24.0 661.0 
1 3 0.11 0.11 603.0 35.0 603.0 661.0 24.0 661.0 106.0 2.0 106.0 
1 4 0.29 0.29 603.0 35.0 603.0 661.0 24.0 661.0 106.0 2.0 106.0 220.0 40.0 220.0 
1 5 0.36 0.36 603.0 35.0 603.0 661.0 24.0 661.0 106.0 2.0 106.0 220.0 40.0 220.0 684.0 46.0 684.0 
1 6 0.51 0.51 603.0 35.0 603.0 661.0 24.0 661.0 106.0 2.0 106.0 220.0 40.0 220.0 684.0 46.0 684.0 294.0 44.0 294.0 
1 2 0.55 0.55 209.0 57.0 209.0 609.0 171.0 609.0 
1 2 0.99 0.99 195.0 41.0 195.0 592.0 467.0 592.0 
1 2 0.89 0.89 786.0 33.0 786.0 389.0 331.0 389.0 
1 2 0.34 0.34 255.0 53.0 255.0 793.0 110.0 793.0 
1 3 0.43 0.43 255.0 53.0 255.0 793.0 110.0 793.0 586.0 49.0 586.0 
1 4 0.88 0.88 255.0 53.0 255.0 793.0 110.0 793.0 586.0 49.0 586.0 721.0 330.0 721.0 
1 2 0.1 0.1 253.0 16.0 253.0 569.0 24.0 569.0 
1 3 0.33 0.33 253.0 16.0 253.0 569.0 24.0 569.0 946.0 215.0 946.0 
1 4 0.34 0.34 253.0 16.0 253.0 569.0 24.0 569.0 946.0 215.0 946.0 197.0 3.0 197.0 
1 5 0.7 0.7 253.0 16.0 253.0 569.0 24.0 569.0 946.0 215.0 946.0 197.0 3.0 197.0 976.0 351.0 976.0 
1 6 0.96 0.96 253.0 16.0 253.0 569.0 24.0 569.0 946.0 215.0 946.0 197.0 3.0 197.0 976.0 351.0 976.0 227.0 58.0 227.0 
1 2 0.01 0.01 321.0 2.0 321.0 731.0 5.0 731.0 
1 3 0.59 0.59 321.0 2.0 321.0 731.0 5.0 731.0 804.0 468.0 804.0 
1 2 0.69 0.69 797.0 42.0 797.0 230.0 148.0 230.0 
1 2 0.13 0.13 151.0 10.0 151.0 15.0 1.0 15.0 
1 3 0.29 0.29 151.0 10.0 151.0 15.0 1.0 15.0 349.0 55.0 349.0 
1 4 0.87 0.87 151.0 10.0 151.0 15.0 1.0 15.0 349.0 55.0 349.0 592.0 344.0 592.0 
1 5 0.88 0.88 151.0 10.0 151.0 15.0 1.0 15.0 349.0 55.0 349.0 592.0 344.0 592.0 849.0 14.0 849.0 
1 2 0.56 0.56 921.0 36.0 921.0 188.0 98.0 188.0 
1 3 0.9 0.9 921.0 36.0 921.0 188.0 98.0 188.0 766.0 266.0 766.0 
1 2 0.52 0.52 887.0 105.0 887.0 443.0 182.0 443.0 
1 3 0.57 0.57 887.0 105.0 887.0 443.0 182.0 443.0 607.0 30.0 607.0 
1 4 0.92 0.92 887.0 105.0 887.0 443.0 182.0 443.0 607.0 30.0 607.0 58.0 20.0 58.0 
1 2 0.73 0.73 252.0 77.0 252.0 948.0 405.0 948.0 
1 2 0.29 0.29 212.0 24.0 212.0 903.0 162.0 903.0 
1 3 0.63 0.63 212.0 24.0 212.0 903.0 162.0 903.0 935.0 324.0 935.0 
1 2 0.26 0.26 831.0 114.0 831.0 454.0 57.0 454.0 
1 3 0.53 0.53 831.0 114.0 831.0 454.0 57.0 454.0 342.0 92.0 342.0 
1 2 0.03 0.03 252.0 3.0 252.0 761.0 17.0 761.0 
1 3 0.05 0.05 252.0 3.0 252.0 761.0 17.0 761.0 435.0 7.0 435.0 
1 4 0.51 0.51 252.0 3.0 252.0 761.0 17.0 761.0 435.0 7.0 435.0 971.0 455.0 971.0 
1 5 0.81 0.81 252.0 3.0 252.0 761.0 17.0 761.0 435.0 7.0 435.0 971.0 455.0 971.0 824.0 248.0 824.0 
1 2 0.82 0.82 815.0 453.0 815.0 141.0 38.0 141.0 
1 2 0.19 0.19 816.0 13.0 816.0 874.0 155.0 874.0 
1 2 0.65 0.65 717.0 349.0 717.0 990.0 163.0 990.0 
1 3 0.66 0.66 717.0 349.0 717.0 990.0 163.0 990.0 379.0 4.0 379.0 
1 2 0.4 0.4 904.0 130.0 904.0 776.0 203.0 776.0 
1 2 0.47 0.47 695.0 13.0 695.0 854.0 387.0 854.0 
1 2 0.46 0.46 392.0 13.0 392.0 948.0 414.0 948.0 
1 3 0.74 0.74 392.0 13.0 392.0 948.0 414.0 948.0 764.0 207.0 764.0 
1 2 0.87 0.87 751.0 646.0 751.0 928.0 13.0 928.0 
1 2 0.7 0.7 915.0 220.0 915.0 15.0 7.0 15.0 
1 3 0.75 0.75 915.0 220.0 915.0 15.0 7.0 15.0 19.0 1.0 19.0 
1 4 0.79 0.79 915.0 220.0 915.0 15.0 7.0 15.0 19.0 1.0 19.0 859.0 30.0 859.0 
1 2 0.26 0.26 623.0 87.0 623.0 392.0 50.0 392.0 
1 2 0.54 0.54 120.0 39.0 120.0 464.0 103.0 464.0 
1 3 0.88 0.88 120.0 39.0 120.0 464.0 103.0 464.0 792.0 265.0 792.0 
1 4 0.93 0.93 120.0 39.0 120.0 464.0 103.0 464.0 792.0 265.0 792.0 141.0 8.0 141.0 
1 2 0.8 0.8 671.0 51.0 671.0 395.0 287.0 395.0 
1 2 0.25 0.25 209.0 10.0 209.0 838.0 171.0 838.0 
1 3 0.47 0.47 209.0 10.0 209.0 838.0 171.0 838.0 245.0 55.0 245.0 
1 4 0.75 0.75 209.0 10.0 209.0 838.0 171.0 838.0 245.0 55.0 245.0 43.0 12.0 43.0 
1 2 0.16 0.16 502.0 72.0 502.0 450.0 11.0 450.0 
1 3 0.35 0.35 502.0 72.0 502.0 450.0 11.0 450.0 199.0 37.0 199.0 
1 2 0.11 0.11 919.0 2.0 919.0 666.0 76.0 666.0 
1 3 0.29 0.29 919.0 2.0 919.0 666.0 76.0 666.0 746.0 130.0 746.0 
1 4 0.47 0.47 919.0 2.0 919.0 666.0 76.0 666.0 746.0 130.0 746.0 187.0 35.0 187.0 
1 5 0.49 0.49 919.0 2.0 919.0 666.0 76.0 666.0 746.0 130.0 746.0 187.0 35.0 187.0 437.0 6.0 437.0 
1 6 0.93 0.93 919.0 2.0 919.0 666.0 76.0 666.0 746.0 130.0 746.0 187.0 35.0 187.0 437.0 6.0 437.0 186.0 82.0 186.0 
1 2 0.72 0.72 458.0 15.0 458.0 837.0 583.0 837.0 
1 3 0.91 0.91 458.0 15.0 458.0 837.0 583.0 837.0 917.0 174.0 917.0 
1 2 0.61 0.61 452.0 40.0 452.0 836.0 442.0 836.0 
1 3 0.83 0.83 452.0 40.0 452.0 836.0 442.0 836.0 456.0 99.0 456.0 
1 2 0.88 0.88 730.0 626.0 730.0 624.0 17.0 624.0 
1 3 0.94 0.94 730.0 626.0 730.0 624.0 17.0 624.0 213.0 13.0 213.0 
1 2 0.57 0.57 64.0 22.0 64.0 79.0 18.0 79.0 
1 2 0.58 0.58 438.0 56.0 438.0 132.0 61.0 132.0 
1 2 0.67 0.67 324.0 163.0 324.0 986.0 168.0 986.0 
1 2 0.23 0.23 876.0 49.0 876.0 11.0 2.0 11.0 
1 2 0.94 0.94 859.0 398.0 859.0 579.0 278.0 579.0 
1 2 0.82 0.82 634.0 266.0 634.0 32.0 13.0 32.0 
1 2 0.54 0.54 278.0 134.0 278.0 45.0 3.0 45.0 
1 3 0.79 0.79 278.0 134.0 278.0 45.0 3.0 45.0 349.0 86.0 349.0 
1 2 0.59 0.59 478.0 181.0 478.0 87.0 19.0 87.0 
1 2 0.12 0.12 975.0 5.0 975.0 213.0 25.0 213.0 
1 3 0.56 0.56 975.0 5.0 975.0 213.0 25.0 213.0 340.0 152.0 340.0 
1 4 0.77 0.77 975.0 5.0 975.0 213.0 25.0 213.0 340.0 152.0 340.0 291.0 61.0 291.0 
1 2 0.69 0.69 263.0 73.0 263.0 460.0 191.0 460.0 
1 3 0.88 0.88 263.0 73.0 263.0 460.0 191.0 460.0 972.0 191.0 972.0 
1 2 0.28 0.28 574.0 51.0 574.0 678.0 136.0 678.0 
1 2 0.67 0.67 719.0 24.0 719.0 562.0 362.0 562.0 
1 2 0.7 0.7 512.0 82.0 512.0 297.0 163.0 297.0 
1 2 0.26 0.26 523.0 102.0 523.0 421.0 29.0 421.0 
1 3 0.63 0.63 523.0 102.0 523.0 421.0 29.0 421.0 911.0 336.0 911.0 
1 4 0.69 0.69 523.0 102.0 523.0 421.0 29.0 421.0 911.0 336.0 911.0 472.0 28.0 472.0 
1 5 0.7 0.7 523.0 102.0 523.0 421.0 29.0 421.0 911.0 336.0 911.0 472.0 28.0 472.0 428.0 5.0 428.0 
1 6 0.78 0.78 523.0 102.0 523.0 421.0 29.0 421.0 911.0 336.0 911.0 472.0 28.0 472.0 428.0 5.0 428.0 636.0 54.0 636.0 
1 7 0.82 0.82 523.0 102.0 523.0 421.0 29.0 421.0 911.0 336.0 911.0 472.0 28.0 472.0 428.0 5.0 428.0 636.0 54.0 636.0 881.0 36.0 881.0 
1 2 0.55 0.55 801.0 80.0 801.0 304.0 139.0 304.0 
1 3 0.78 0.78 801.0 80.0 801.0 304.0 139.0 304.0 950.0 219.0 950.0 
1 4 0.8 0.8 801.0 80.0 801.0 304.0 139.0 304.0 950.0 219.0 950.0 161.0 2.0 161.0 
1 2 0.18 0.18 626.0 65.0 626.0 163.0 13.0 163.0 
1 3 0.4 0.4 626.0 65.0 626.0 163.0 13.0 163.0 874.0 192.0 874.0 
1 4 0.52 0.52 626.0 65.0 626.0 163.0 13.0 163.0 874.0 192.0 874.0 492.0 62.0 492.0 
1 5 0.8 0.8 626.0 65.0 626.0 163.0 13.0 163.0 874.0 192.0 874.0 492.0 62.0 492.0 222.0 62.0 222.0 
1 2 0.69 0.69 540.0 306.0 540.0 393.0 51.0 393.0 
1 3 0.91 0.91 540.0 306.0 540.0 393.0 51.0 393.0 64.0 14.0 64.0 
1 2 0.45 0.45 717.0 111.0 717.0 457.0 139.0 457.0 
1 3 0.46 0.46 717.0 111.0 717.0 457.0 139.0 457.0 823.0 2.0 823.0 
1 2 0.6 0.6 906.0 166.0 906.0 823.0 351.0 823.0 
1 2 0.92 0.92 731.0 574.0 731.0 320.0 45.0 320.0 
1 2 0.99 0.99 563.0 299.0 563.0 624.0 290.0 624.0 
1 2 0.49 0.49 708.0 44.0 708.0 918.0 397.0 918.0 
1 3 0.69 0.69 708.0 44.0 708.0 918.0 397.0 918.0 702.0 138.0 702.0 
1 2 0.64 0.64 51.0 25.0 51.0 202.0 31.0 202.0 
1 2 0.7 0.7 969.0 71.0 969.0 503.0 318.0 503.0 
1 2 0.63 0.63 791.0 300.0 791.0 286.0 73.0 286.0 
1 2 0.22 0.22 862.0 162.0 862.0 319.0 13.0 319.0 
1 3 0.79 0.79 862.0 162.0 862.0 319.0 13.0 319.0 806.0 458.0 806.0 
1 4 0.92 0.92 862.0 162.0 862.0 319.0 13.0 319.0 806.0 458.0 806.0 578.0 75.0 578.0 
1 2 0.93 0.93 617.0 88.0 617.0 649.0 517.0 649.0 
1 2 0.88 0.88 416.0 117.0 416.0 360.0 219.0 360.0 
1 2 0.22 0.22 120.0 4.0 120.0 693.0 133.0 693.0 
1 3 0.27 0.27 120.0 4.0 120.0 693.0 133.0 693.0 316.0 17.0 316.0 
1 4 0.93 0.93 120.0 4.0 120.0 693.0 133.0 693.0 316.0 17.0 316.0 423.0 276.0 423.0 
1 2 0.96 0.96 940.0 110.0 940.0 421.0 357.0 421.0 
1 2 0.77 0.77 234.0 135.0 234.0 267.0 54.0 267.0 
1 2 0.7 0.7 966.0 89.0 966.0 736.0 450.0 736.0 
1 2 0.87 0.87 481.0 12.0 481.0 168.0 142.0 168.0 
1 2 0.7 0.7 229.0 57.0 229.0 906.0 415.0 906.0 
1 2 0.5 0.5 215.0 82.0 215.0 736.0 90.0 736.0 
1 2 0.33 0.33 366.0 2.0 366.0 378.0 126.0 378.0 
1 3 0.77 0.77 366.0 2.0 366.0 378.0 126.0 378.0 221.0 97.0 221.0 
1 4 0.83 0.83 366.0 2.0 366.0 378.0 126.0 378.0 221.0 97.0 221.0 429.0 26.0 429.0 
1 2 0.77 0.77 583.0 278.0 583.0 514.0 155.0 514.0 
1 2 0.79 0.79 750.0 518.0 750.0 928.0 96.0 928.0 
1 2 0.44 0.44 622.0 222.0 622.0 928.0 84.0 928.0 
1 2 0.83 0.83 976.0 395.0 976.0 813.0 346.0 813.0 
1 2 0.34 0.34 851.0 200.0 851.0 790.0 85.0 790.0 
1 3 0.6 0.6 851.0 200.0 851.0 790.0 85.0 790.0 893.0 232.0 893.0 
1 2 0.53 0.53 453.0 12.0 453.0 549.0 280.0 549.0 
1 2 0.49 0.49 384.0 57.0 384.0 299.0 105.0 299.0 
1 3 0.5 0.5 384.0 57.0 384.0 299.0 105.0 299.0 521.0 3.0 521.0 
1 4 0.92 0.92 384.0 57.0 384.0 299.0 105.0 299.0 521.0 3.0 521.0 528.0 224.0 528.0 
1 5 0.94 0.94 384.0 57.0 384.0 299.0 105.0 299.0 521.0 3.0 521.0 528.0 224.0 528.0 896.0 11.0 896.0 
1 2 0.42 0.42 161.0 32.0 161.0 359.0 80.0 359.0 
1 3 0.9 0.9 161.0 32.0 161.0 359.0 80.0 359.0 398.0 193.0 398.0 
1 2 0.65 0.65 499.0 182.0 499.0 52.0 15.0 52.0 
1 2 0.97 0.97 663.0 216.0 663.0 295.0 192.0 295.0 
1 2 0.29 0.29 281.0 65.0 281.0 331.0 21.0 331.0 
1 2 0.44 0.44 119.0 27.0 119.0 150.0 32.0 150.0 
1 3 0.68 0.68 119.0 27.0 119.0 150.0 32.0 150.0 61.0 15.0 61.0 
1 4 0.72 0.72 119.0 27.0 119.0 150.0 32.0 150.0 61.0 15.0 61.0 554.0 24.0 554.0 
1 2 0.54 0.54 233.0 105.0 233.0 927.0 83.0 927.0 
1 3 0.67 0.67 233.0 105.0 233.0 927.0 83.0 927.0 201.0 28.0 201.0 
1 4 0.76 0.76 233.0 105.0 233.0 927.0 83.0 927.0 201.0 28.0 201.0 12.0 1.0 12.0 
1 2 0.38 0.38 475.0 22.0 475.0 805.0 270.0 805.0 
1 3 0.83 0.83 475.0 22.0 475.0 805.0 270.0 805.0 971.0 439.0 971.0 
1 2 0.18 0.18 312.0 56.0 312.0 404.0 3.0 404.0 
1 3 0.49 0.49 312.0 56.0 312.0 404.0 3.0 404.0 425.0 130.0 425.0 
1 4 0.81 0.81 312.0 56.0 312.0 404.0 3.0 404.0 425.0 130.0 425.0 738.0 235.0 738.0 
1 5 0.84 0.84 312.0 56.0 312.0 404.0 3.0 404.0 425.0 130.0 425.0 738.0 235.0 738.0 631.0 19.0 631.0 
1 6 0.84 0.84 312.0 56.0 312.0 404.0 3.0 404.0 425.0 130.0 425.0 738.0 235.0 738.0 631.0 19.0 631.0 628.0 2.0 628.0 
1 2 0.64 0.64 830.0 21.0 830.0 656.0 409.0 656.0 
1 2 0.84 0.84 967.0 669.0 967.0 557.0 84.0 557.0 
1 2 0.68 0.68 557.0 27.0 557.0 702.0 448.0 702.0 
1 3 0.88 0.88 557.0 27.0 557.0 702.0 448.0 702.0 768.0 155.0 768.0 
1 2 0.26 0.26 270.0 19.0 270.0 321.0 64.0 321.0 
1 3 0.9 0.9 270.0 19.0 270.0 321.0 64.0 321.0 969.0 617.0 969.0 
1 2 0.65 0.65 986.0 461.0 986.0 76.0 14.0 76.0 
1 2 0.79 0.79 131.0 99.0 131.0 590.0 25.0 590.0 
1 3 0.96 0.96 131.0 99.0 131.0 590.0 25.0 590.0 86.0 14.0 86.0 
1 4 0.99 0.99 131.0 99.0 131.0 590.0 25.0 590.0 86.0 14.0 86.0 148.0 5.0 148.0 
1 2 0.81 0.81 50.0 19.0 50.0 98.0 43.0 98.0 
1 3 0.96 0.96 50.0 19.0 50.0 98.0 43.0 98.0 861.0 126.0 861.0 
1 2 0.63 0.63 926.0 352.0 926.0 4.0 1.0 4.0 
1 2 0.69 0.69 371.0 198.0 371.0 185.0 29.0 185.0 
1 3 0.91 0.91 371.0 198.0 371.0 185.0 29.0 185.0 9.0 2.0 9.0 
1 2 0.97 0.97 195.0 79.0 195.0 790.0 452.0 790.0 
1 2 0.19 0.19 654.0 58.0 654.0 700.0 72.0 700.0 
1 3 0.87 0.87 654.0 58.0 654.0 700.0 72.0 700.0 782.0 533.0 782.0 
1 4 0.91 0.91 654.0 58.0 654.0 700.0 72.0 700.0 782.0 533.0 782.0 492.0 21.0 492.0 
1 2 0.66 0.66 8.0 5.0 8.0 932.0 33.0 932.0 
1 3 0.98 0.98 8.0 5.0 8.0 932.0 33.0 932.0 909.0 299.0 909.0 
1 2 0.89 0.89 14.0 4.0 14.0 821.0 499.0 821.0 
1 2 0.93 0.93 96.0 60.0 96.0 166.0 52.0 166.0 
1 2 0.9 0.9 679.0 212.0 679.0 348.0 208.0 348.0 
1 3 0.97 0.97 679.0 212.0 679.0 348.0 208.0 348.0 744.0 48.0 744.0 
1 2 0.6 0.6 152.0 29.0 152.0 725.0 299.0 725.0 
1 3 0.87 0.87 152.0 29.0 152.0 725.0 299.0 725.0 544.0 147.0 544.0 
1 2 0.98 0.98 508.0 472.0 508.0 19.0 1.0 19.0 
1 2 0.44 0.44 806.0 3.0 806.0 637.0 283.0 637.0 
1 3 0.65 0.65 806.0 3.0 806.0 637.0 283.0 637.0 395.0 81.0 395.0 
1 2 0.6 0.6 110.0 48.0 110.0 617.0 106.0 617.0 
1 3 0.96 0.96 110.0 48.0 110.0 617.0 106.0 617.0 239.0 86.0 239.0 
1 2 0.21 0.21 505.0 102.0 505.0 905.0 13.0 905.0 
1 3 0.32 0.32 505.0 102.0 505.0 905.0 13.0 905.0 960.0 109.0 960.0 
1 2 0.03 0.03 558.0 1.0 558.0 874.0 27.0 874.0 
1 2 0.81 0.81 786.0 577.0 786.0 598.0 51.0 598.0 
1 3 0.96 0.96 786.0 577.0 786.0 598.0 51.0 598.0 888.0 125.0 888.0 
1 4 0.98 0.98 786.0 577.0 786.0 598.0 51.0 598.0 888.0 125.0 888.0 317.0 8.0 317.0 
1 2 0.84 0.84 177.0 142.0 177.0 660.0 26.0 660.0 
1 2 0.37 0.37 98.0 5.0 98.0 161.0 52.0 161.0 
1 3 0.61 0.61 98.0 5.0 98.0 161.0 52.0 161.0 53.0 13.0 53.0 
1 4 0.81 0.81 98.0 5.0 98.0 161.0 52.0 161.0 53.0 13.0 53.0 963.0 192.0 963.0 
1 2 0.45 0.45 638.0 6.0 638.0 625.0 280.0 625.0 
1 3 0.76 0.76 638.0 6.0 638.0 625.0 280.0 625.0 805.0 251.0 805.0 
1 2 0.31 0.31 725.0 39.0 725.0 232.0 61.0 232.0 
1 3 0.81 0.81 725.0 39.0 725.0 232.0 61.0 232.0 769.0 381.0 769.0 
1 4 0.96 0.96 725.0 39.0 725.0 232.0 61.0 232.0 769.0 381.0 769.0 66.0 10.0 66.0 
1 2 0.79 0.79 878.0 582.0 878.0 77.0 10.0 77.0 
1 3 0.83 0.83 878.0 582.0 878.0 77.0 10.0 77.0 479.0 19.0 479.0 
1 4 0.99 0.99 878.0 582.0 878.0 77.0 10.0 77.0 479.0 19.0 479.0 297.0 47.0 297.0 
1 2 0.92 0.92 131.0 45.0 131.0 834.0 481.0 834.0 
1 2 0.26 0.26 304.0 48.0 304.0 119.0 13.0 119.0 
1 3 0.43 0.43 304.0 48.0 304.0 119.0 13.0 119.0 150.0 25.0 150.0 
1 4 0.54 0.54 304.0 48.0 304.0 119.0 13.0 119.0 150.0 25.0 150.0 294.0 34.0 294.0 
1 5 0.69 0.69 304.0 48.0 304.0 119.0 13.0 119.0 150.0 25.0 150.0 294.0 34.0 294.0 54.0 8.0 54.0 
1 2 0.59 0.59 697.0 32.0 697.0 284.0 157.0 284.0 
1 3 0.62 0.62 697.0 32.0 697.0 284.0 157.0 284.0 381.0 10.0 381.0 
1 4 0.99 0.99 697.0 32.0 697.0 284.0 157.0 284.0 381.0 10.0 381.0 884.0 331.0 884.0 
1 2 0.7 0.7 871.0 156.0 871.0 716.0 378.0 716.0 
1 2 0.92 0.92 681.0 361.0 681.0 361.0 143.0 361.0 
1 3 0.94 0.94 681.0 361.0 681.0 361.0 143.0 361.0 540.0 8.0 540.0 
1 2 0.45 0.45 378.0 9.0 378.0 986.0 423.0 986.0 
1 3 0.79 0.79 378.0 9.0 378.0 986.0 423.0 986.0 644.0 220.0 644.0 
1 2 0.83 0.83 678.0 26.0 678.0 929.0 736.0 929.0 
1 2 0.56 0.56 348.0 69.0 348.0 957.0 350.0 957.0 
1 3 0.71 0.71 348.0 69.0 348.0 957.0 350.0 957.0 373.0 55.0 373.0 
1 4 0.76 0.76 348.0 69.0 348.0 957.0 350.0 957.0 373.0 55.0 373.0 295.0 16.0 295.0 
1 2 0.28 0.28 615.0 56.0 615.0 883.0 167.0 883.0 
1 3 0.97 0.97 615.0 56.0 615.0 883.0 167.0 883.0 836.0 580.0 836.0 
1 2 0.56 0.56 192.0 12.0 192.0 243.0 123.0 243.0 
1 2 0.72 0.72 809.0 100.0 809.0 382.0 231.0 382.0 
1 3 0.83 0.83 809.0 100.0 809.0 382.0 231.0 382.0 404.0 42.0 404.0 
1 4 0.97 0.97 809.0 100.0 809.0 382.0 231.0 382.0 404.0 42.0 404.0 63.0 9.0 63.0 
1 2 0.2 0.2 774.0 47.0 774.0 199.0 29.0 199.0 
1 3 0.33 0.33 774.0 47.0 774.0 199.0 29.0 199.0 946.0 121.0 946.0 
1 4 0.57 0.57 774.0 47.0 774.0 199.0 29.0 199.0 946.0 121.0 946.0 118.0 28.0 118.0 
1 5 0.74 0.74 774.0 47.0 774.0 199.0 29.0 199.0 946.0 121.0 946.0 118.0 28.0 118.0 618.0 109.0 618.0 
1 6 0.92 0.92 774.0 47.0 774.0 199.0 29.0 199.0 946.0 121.0 946.0 118.0 28.0 118.0 618.0 109.0 618.0 171.0 31.0 171.0 
1 2 0.81 0.81 712.0 463.0 712.0 969.0 155.0 969.0 
1 3 0.97 0.97 712.0 463.0 712.0 969.0 155.0 969.0 75.0 12.0 75.0 
1 2 0.7 0.7 928.0 25.0 928.0 136.0 92.0 136.0 
1 2 0.75 0.75 461.0 225.0 461.0 505.0 135.0 505.0 
1 2 0.39 0.39 717.0 75.0 717.0 160.0 47.0 160.0 
1 3 0.44 0.44 717.0 75.0 717.0 160.0 47.0 160.0 232.0 11.0 232.0 
1 4 0.54 0.54 717.0 75.0 717.0 160.0 47.0 160.0 232.0 11.0 232.0 819.0 82.0 819.0 
1 2 0.73 0.73 842.0 71.0 842.0 376.0 246.0 376.0 
1 3 0.98 0.98 842.0 71.0 842.0 376.0 246.0 376.0 782.0 189.0 782.0 
1 2 0.48 0.48 418.0 62.0 418.0 955.0 322.0 955.0 
1 3 0.67 0.67 418.0 62.0 418.0 955.0 322.0 955.0 906.0 170.0 906.0 
1 2 0.7 0.7 168.0 96.0 168.0 61.0 8.0 61.0 
1 2 0.18 0.18 564.0 86.0 564.0 776.0 28.0 776.0 
1 3 0.59 0.59 564.0 86.0 564.0 776.0 28.0 776.0 305.0 123.0 305.0 
1 4 0.97 0.97 564.0 86.0 564.0 776.0 28.0 776.0 305.0 123.0 305.0 994.0 381.0 994.0 
1 2 0.47 0.47 530.0 222.0 530.0 403.0 21.0 403.0 
1 3 0.92 0.92 530.0 222.0 530.0 403.0 21.0 403.0 270.0 123.0 270.0 
1 2 0.86 0.86 37.0 9.0 37.0 989.0 615.0 989.0 
1 3 0.91 0.91 37.0 9.0 37.0 989.0 615.0 989.0 678.0 34.0 678.0 
1 2 0.56 0.56 839.0 188.0 839.0 750.0 257.0 750.0 
1 3 0.62 0.62 839.0 188.0 839.0 750.0 257.0 750.0 789.0 46.0 789.0 
1 4 0.7 0.7 839.0 188.0 839.0 750.0 257.0 750.0 789.0 46.0 789.0 566.0 45.0 566.0 
1 2 0.16 0.16 503.0 60.0 503.0 864.0 42.0 864.0 
1 2 0.95 0.95 690.0 627.0 690.0 591.0 29.0 591.0 
1 2 0.35 0.35 313.0 6.0 313.0 325.0 110.0 325.0 
1 3 0.99 0.99 313.0 6.0 313.0 325.0 110.0 325.0 191.0 122.0 191.0 
1 2 0.72 0.72 380.0 208.0 380.0 918.0 160.0 918.0 
1 3 0.92 0.92 380.0 208.0 380.0 918.0 160.0 918.0 632.0 128.0 632.0 
1 2 0.2 0.2 414.0 19.0 414.0 135.0 21.0 135.0 
1 3 0.22 0.22 414.0 19.0 414.0 135.0 21.0 135.0 97.0 2.0 97.0 
1 4 0.47 0.47 414.0 19.0 414.0 135.0 21.0 135.0 97.0 2.0 97.0 884.0 226.0 884.0 
1 5 0.88 0.88 414.0 19.0 414.0 135.0 21.0 135.0 97.0 2.0 97.0 884.0 226.0 884.0 573.0 234.0 573.0 
1 2 0.2 0.2 493.0 70.0 493.0 753.0 47.0 753.0 
1 3 0.46 0.46 493.0 70.0 493.0 753.0 47.0 753.0 683.0 178.0 683.0 
1 2 0.32 0.32 756.0 160.0 756.0 1000.0 112.0 1000.0 
1 2 0.27 0.27 299.0 21.0 299.0 846.0 176.0 846.0 
1 3 0.77 0.77 299.0 21.0 299.0 846.0 176.0 846.0 591.0 292.0 591.0 
1 4 0.99 0.99 299.0 21.0 299.0 846.0 176.0 846.0 591.0 292.0 591.0 495.0 110.0 495.0 
1 2 0.67 0.67 763.0 214.0 763.0 278.0 109.0 278.0 
1 2 0.27 0.27 694.0 53.0 694.0 366.0 73.0 366.0 
1 3 0.52 0.52 694.0 53.0 694.0 366.0 73.0 366.0 963.0 244.0 963.0 
1 2 0.86 0.86 956.0 631.0 956.0 932.0 195.0 932.0 
1 2 0.23 0.23 220.0 52.0 220.0 910.0 2.0 910.0 
1 3 0.27 0.27 220.0 52.0 220.0 910.0 2.0 910.0 98.0 4.0 98.0 
1 4 0.45 0.45 220.0 52.0 220.0 910.0 2.0 910.0 98.0 4.0 98.0 783.0 141.0 783.0 
1 5 0.91 0.91 220.0 52.0 220.0 910.0 2.0 910.0 98.0 4.0 98.0 783.0 141.0 783.0 312.0 141.0 312.0 
1 2 0.82 0.82 636.0 100.0 636.0 195.0 131.0 195.0 
1 2 0.59 0.59 502.0 39.0 502.0 744.0 387.0 744.0 
1 3 0.6 0.6 502.0 39.0 502.0 744.0 387.0 744.0 206.0 1.0 206.0 
1 2 0.1 0.1 825.0 3.0 825.0 297.0 29.0 297.0 
1 3 0.68 0.68 825.0 3.0 825.0 297.0 29.0 297.0 177.0 103.0 177.0 
1 2 0.54 0.54 20.0 10.0 20.0 566.0 23.0 566.0 
1 3 0.91 0.91 20.0 10.0 20.0 566.0 23.0 566.0 370.0 140.0 370.0 
1 2 0.42 0.42 917.0 143.0 917.0 429.0 115.0 429.0 
1 3 0.6 0.6 917.0 143.0 917.0 429.0 115.0 429.0 547.0 97.0 547.0 
1 2 0.89 0.89 269.0 184.0 269.0 212.0 45.0 212.0 
1 2 0.09 0.09 761.0 49.0 761.0 448.0 12.0 448.0 
1 3 0.57 0.57 761.0 49.0 761.0 448.0 12.0 448.0 375.0 181.0 375.0 
1 4 0.86 0.86 761.0 49.0 761.0 448.0 12.0 448.0 375.0 181.0 375.0 246.0 72.0 246.0 
1 2 0.22 0.22 893.0 152.0 893.0 132.0 7.0 132.0 
1 3 0.29 0.29 893.0 152.0 893.0 132.0 7.0 132.0 44.0 3.0 44.0 
1 4 0.58 0.58 893.0 152.0 893.0 132.0 7.0 132.0 44.0 3.0 44.0 596.0 172.0 596.0 
1 5 0.9 0.9 893.0 152.0 893.0 132.0 7.0 132.0 44.0 3.0 44.0 596.0 172.0 596.0 161.0 53.0 161.0 
1 2 0.66 0.66 7.0 2.0 7.0 360.0 135.0 360.0 
1 2 0.75 0.75 760.0 97.0 760.0 706.0 445.0 706.0 
1 3 0.82 0.82 760.0 97.0 760.0 706.0 445.0 706.0 366.0 25.0 366.0 
1 4 0.93 0.93 760.0 97.0 760.0 706.0 445.0 706.0 366.0 25.0 366.0 169.0 18.0 169.0 
1 2 0.15 0.15 973.0 116.0 973.0 996.0 31.0 996.0 
1 3 0.37 0.37 973.0 116.0 973.0 996.0 31.0 996.0 923.0 203.0 923.0 
1 4 0.56 0.56 973.0 116.0 973.0 996.0 31.0 996.0 923.0 203.0 923.0 953.0 182.0 953.0 
1 2 0.57 0.57 369.0 21.0 369.0 786.0 410.0 786.0 
1 2 0.5 0.5 573.0 283.0 573.0 323.0 5.0 323.0 
1 3 0.69 0.69 573.0 283.0 573.0 323.0 5.0 323.0 449.0 83.0 449.0 
1 4 0.84 0.84 573.0 283.0 573.0 323.0 5.0 323.0 449.0 83.0 449.0 480.0 72.0 480.0 
1 5 0.91 0.91 573.0 283.0 573.0 323.0 5.0 323.0 449.0 83.0 449.0 480.0 72.0 480.0 27.0 2.0 27.0 
1 2 0.61 0.61 965.0 461.0 965.0 723.0 97.0 723.0 
1 2 0.78 0.78 834.0 348.0 834.0 185.0 68.0 185.0 
1 2 0.6 0.6 212.0 113.0 212.0 880.0 59.0 880.0 
1 3 0.83 0.83 212.0 113.0 212.0 880.0 59.0 880.0 778.0 179.0 778.0 
1 2 0.52 0.52 970.0 342.0 970.0 476.0 81.0 476.0 
1 3 0.64 0.64 970.0 342.0 970.0 476.0 81.0 476.0 431.0 53.0 431.0 
1 4 0.89 0.89 970.0 342.0 970.0 476.0 81.0 476.0 431.0 53.0 431.0 102.0 25.0 102.0 
1 2 0.27 0.27 900.0 231.0 900.0 157.0 3.0 157.0 
1 3 0.31 0.31 900.0 231.0 900.0 157.0 3.0 157.0 646.0 26.0 646.0 
1 4 0.75 0.75 900.0 231.0 900.0 157.0 3.0 157.0 646.0 26.0 646.0 345.0 152.0 345.0 
1 2 0.63 0.63 425.0 194.0 425.0 494.0 88.0 494.0 
1 3 0.64 0.64 425.0 194.0 425.0 494.0 88.0 494.0 748.0 11.0 748.0 
1 4 0.9 0.9 425.0 194.0 425.0 494.0 88.0 494.0 748.0 11.0 748.0 712.0 183.0 712.0 
1 5 0.92 0.92 425.0 194.0 425.0 494.0 88.0 494.0 748.0 11.0 748.0 712.0 183.0 712.0 559.0 9.0 559.0 
1 2 0.2 0.2 535.0 83.0 535.0 539.0 25.0 539.0 
1 3 0.83 0.83 535.0 83.0 535.0 539.0 25.0 539.0 502.0 318.0 502.0 
1 2 0.65 0.65 142.0 8.0 142.0 495.0 298.0 495.0 
1 3 0.86 0.86 142.0 8.0 142.0 495.0 298.0 495.0 99.0 20.0 99.0 
1 2 0.92 0.92 967.0 260.0 967.0 932.0 609.0 932.0 
1 2 0.72 0.72 963.0 216.0 963.0 315.0 159.0 315.0 
1 2 0.92 0.92 410.0 33.0 410.0 814.0 686.0 814.0 
1 2 0.73 0.73 240.0 24.0 240.0 677.0 428.0 677.0 
1 2 0.95 0.95 188.0 88.0 188.0 406.0 198.0 406.0 
1 3 0.97 0.97 188.0 88.0 188.0 406.0 198.0 406.0 112.0 2.0 112.0 
1 2 0.91 0.91 531.0 168.0 531.0 40.0 24.0 40.0 
1 2 0.51 0.51 222.0 59.0 222.0 496.0 126.0 496.0 
1 3 0.56 0.56 222.0 59.0 222.0 496.0 126.0 496.0 484.0 21.0 484.0 
1 4 0.7 0.7 222.0 59.0 222.0 496.0 126.0 496.0 484.0 21.0 484.0 528.0 73.0 528.0 
1 2 0.71 0.71 219.0 145.0 219.0 883.0 49.0 883.0 
1 3 0.79 0.79 219.0 145.0 219.0 883.0 49.0 883.0 256.0 19.0 256.0 
1 2 0.22 0.22 459.0 67.0 459.0 516.0 42.0 516.0 
1 3 0.45 0.45 459.0 67.0 459.0 516.0 42.0 516.0 367.0 83.0 367.0 
1 4 0.56 0.56 459.0 67.0 459.0 516.0 42.0 516.0 367.0 83.0 367.0 61.0 7.0 61.0 
1 2 0.39 0.39 415.0 117.0 415.0 296.0 32.0 296.0 
1 3 0.64 0.64 415.0 117.0 415.0 296.0 32.0 296.0 99.0 25.0 99.0 
1 2 0.89 0.89 378.0 261.0 378.0 495.0 102.0 495.0 
1 2 0.92 0.92 662.0 545.0 662.0 791.0 78.0 791.0 
1 2 0.45 0.45 230.0 24.0 230.0 786.0 277.0 786.0 
1 3 0.66 0.66 230.0 24.0 230.0 786.0 277.0 786.0 858.0 176.0 858.0 
1 2 0.81 0.81 466.0 223.0 466.0 235.0 78.0 235.0 
1 2 0.68 0.68 562.0 254.0 562.0 393.0 93.0 393.0 
1 3 0.84 0.84 562.0 254.0 562.0 393.0 93.0 393.0 90.0 14.0 90.0 
1 4 0.97 0.97 562.0 254.0 562.0 393.0 93.0 393.0 90.0 14.0 90.0 177.0 24.0 177.0 
1 2 0.66 0.66 583.0 248.0 583.0 438.0 103.0 438.0 
1 3 0.94 0.94 583.0 248.0 583.0 438.0 103.0 438.0 813.0 235.0 813.0 
1 4 0.99 0.99 583.0 248.0 583.0 438.0 103.0 438.0 813.0 235.0 813.0 105.0 5.0 105.0 
1 2 0.27 0.27 34.0 1.0 34.0 182.0 44.0 182.0 
1 3 0.28 0.28 34.0 1.0 34.0 182.0 44.0 182.0 554.0 10.0 554.0 
1 4 0.45 0.45 34.0 1.0 34.0 182.0 44.0 182.0 554.0 10.0 554.0 801.0 135.0 801.0 
1 5 0.64 0.64 34.0 1.0 34.0 182.0 44.0 182.0 554.0 10.0 554.0 801.0 135.0 801.0 428.0 82.0 428.0 
1 6 0.84 0.84 34.0 1.0 34.0 182.0 44.0 182.0 554.0 10.0 554.0 801.0 135.0 801.0 428.0 82.0 428.0 200.0 39.0 200.0 
1 2 0.62 0.62 349.0 7.0 349.0 453.0 272.0 453.0 
1 3 0.79 0.79 349.0 7.0 349.0 453.0 272.0 453.0 931.0 160.0 931.0 
1 4 0.87 0.87 349.0 7.0 349.0 453.0 272.0 453.0 931.0 160.0 931.0 410.0 32.0 410.0 
1 5 0.98 0.98 349.0 7.0 349.0 453.0 272.0 453.0 931.0 160.0 931.0 410.0 32.0 410.0 956.0 106.0 956.0 
1 2 0.75 0.75 772.0 208.0 772.0 363.0 178.0 363.0 
1 3 0.85 0.85 772.0 208.0 772.0 363.0 178.0 363.0 419.0 38.0 419.0 
1 2 0.88 0.88 818.0 599.0 818.0 688.0 102.0 688.0 
1 2 0.93 0.93 800.0 702.0 800.0 245.0 14.0 245.0 
1 2 0.59 0.59 120.0 52.0 120.0 614.0 98.0 614.0 
1 3 0.72 0.72 120.0 52.0 120.0 614.0 98.0 614.0 670.0 87.0 670.0 
1 2 0.6 0.6 398.0 183.0 398.0 827.0 119.0 827.0 
1 3 0.77 0.77 398.0 183.0 398.0 827.0 119.0 827.0 372.0 62.0 372.0 
1 4 0.84 0.84 398.0 183.0 398.0 827.0 119.0 827.0 372.0 62.0 372.0 945.0 75.0 945.0 
1 5 0.92 0.92 398.0 183.0 398.0 827.0 119.0 827.0 372.0 62.0 372.0 945.0 75.0 945.0 845.0 60.0 845.0 
1 2 0.62 0.62 446.0 169.0 446.0 628.0 157.0 628.0 
1 2 0.38 0.38 461.0 84.0 461.0 481.0 99.0 481.0 
1 2 0.69 0.69 549.0 336.0 549.0 770.0 62.0 770.0 
1 3 0.91 0.91 549.0 336.0 549.0 770.0 62.0 770.0 516.0 115.0 516.0 
1 4 0.95 0.95 549.0 336.0 549.0 770.0 62.0 770.0 516.0 115.0 516.0 726.0 30.0 726.0 
1 2 0.49 0.49 277.0 9.0 277.0 436.0 201.0 436.0 
1 3 0.53 0.53 277.0 9.0 277.0 436.0 201.0 436.0 583.0 27.0 583.0 
1 2 0.6 0.6 647.0 237.0 647.0 281.0 67.0 281.0 
1 3 0.91 0.91 647.0 237.0 647.0 281.0 67.0 281.0 169.0 52.0 169.0 
1 4 0.91 0.91 647.0 237.0 647.0 281.0 67.0 281.0 169.0 52.0 169.0 476.0 1.0 476.0 
1 2 0.35 0.35 834.0 34.0 834.0 19.0 6.0 19.0 
1 3 0.64 0.64 834.0 34.0 834.0 19.0 6.0 19.0 947.0 276.0 947.0 
1 4 0.81 0.81 834.0 34.0 834.0 19.0 6.0 19.0 947.0 276.0 947.0 208.0 34.0 208.0 
1 5 0.98 0.98 834.0 34.0 834.0 19.0 6.0 19.0 947.0 276.0 947.0 208.0 34.0 208.0 236.0 41.0 236.0 
1 2 0.73 0.73 290.0 144.0 290.0 726.0 175.0 726.0 
1 2 0.69 0.69 75.0 8.0 75.0 267.0 158.0 267.0 
1 3 0.8 0.8 75.0 8.0 75.0 267.0 158.0 267.0 84.0 9.0 84.0 
1 2 0.25 0.25 574.0 24.0 574.0 804.0 169.0 804.0 
1 3 0.46 0.46 574.0 24.0 574.0 804.0 169.0 804.0 133.0 28.0 133.0 
1 4 0.48 0.48 574.0 24.0 574.0 804.0 169.0 804.0 133.0 28.0 133.0 671.0 15.0 671.0 
1 5 0.83 0.83 574.0 24.0 574.0 804.0 169.0 804.0 133.0 28.0 133.0 671.0 15.0 671.0 548.0 190.0 548.0 
1 6 0.9 0.9 574.0 24.0 574.0 804.0 169.0 804.0 133.0 28.0 133.0 671.0 15.0 671.0 548.0 190.0 548.0 871.0 63.0 871.0 
1 2 0.59 0.59 42.0 15.0 42.0 33.0 8.0 33.0 
1 2 0.28 0.28 105.0 22.0 105.0 67.0 5.0 67.0 
1 3 0.68 0.68 105.0 22.0 105.0 67.0 5.0 67.0 422.0 168.0 422.0 
1 2 0.23 0.23 49.0 2.0 49.0 226.0 44.0 226.0 
1 3 0.4 0.4 49.0 2.0 49.0 226.0 44.0 226.0 859.0 147.0 859.0 
1 4 0.76 0.76 49.0 2.0 49.0 226.0 44.0 226.0 859.0 147.0 859.0 14.0 5.0 14.0 
1 2 0.92 0.92 407.0 29.0 407.0 886.0 752.0 886.0 
1 2 0.12 0.12 315.0 31.0 315.0 620.0 18.0 620.0 
1 2 0.89 0.89 840.0 62.0 840.0 487.0 401.0 487.0 
1 2 0.69 0.69 444.0 108.0 444.0 152.0 68.0 152.0 
1 2 0.42 0.42 551.0 130.0 551.0 205.0 38.0 205.0 
1 3 0.55 0.55 551.0 130.0 551.0 205.0 38.0 205.0 745.0 101.0 745.0 
1 2 0.66 0.66 909.0 386.0 909.0 886.0 216.0 886.0 
1 2 0.57 0.57 271.0 57.0 271.0 488.0 179.0 488.0 
1 3 0.6 0.6 271.0 57.0 271.0 488.0 179.0 488.0 702.0 20.0 702.0 
1 2 0.48 0.48 477.0 182.0 477.0 255.0 26.0 255.0 
1 3 0.65 0.65 477.0 182.0 477.0 255.0 26.0 255.0 663.0 112.0 663.0 
1 2 0.88 0.88 387.0 319.0 387.0 554.0 36.0 554.0 
1 2 0.66 0.66 522.0 321.0 522.0 808.0 44.0 808.0 
1 3 0.86 0.86 522.0 321.0 522.0 808.0 44.0 808.0 798.0 155.0 798.0 
1 4 0.9 0.9 522.0 321.0 522.0 808.0 44.0 808.0 798.0 155.0 798.0 500.0 20.0 500.0 
1 2 0.71 0.71 205.0 22.0 205.0 544.0 329.0 544.0 
1 2 0.64 0.64 897.0 497.0 897.0 133.0 12.0 133.0 
1 2 0.79 0.79 463.0 317.0 463.0 178.0 20.0 178.0 
1 3 0.83 0.83 463.0 317.0 463.0 178.0 20.0 178.0 854.0 31.0 854.0 
1 2 0.45 0.45 662.0 204.0 662.0 650.0 94.0 650.0 
1 3 0.67 0.67 662.0 204.0 662.0 650.0 94.0 650.0 423.0 92.0 423.0 
1 4 0.68 0.68 662.0 204.0 662.0 650.0 94.0 650.0 423.0 92.0 423.0 693.0 10.0 693.0 
1 2 0.48 0.48 659.0 313.0 659.0 587.0 6.0 587.0 
1 3 0.49 0.49 659.0 313.0 659.0 587.0 6.0 587.0 183.0 2.0 183.0 
1 4 0.59 0.59 659.0 313.0 659.0 587.0 6.0 587.0 183.0 2.0 183.0 661.0 65.0 661.0 
1 5 0.82 0.82 659.0 313.0 659.0 587.0 6.0 587.0 183.0 2.0 183.0 661.0 65.0 661.0 31.0 7.0 31.0 
1 6 0.82 0.82 659.0 313.0 659.0 587.0 6.0 587.0 183.0 2.0 183.0 661.0 65.0 661.0 31.0 7.0 31.0 771.0 1.0 771.0 
1 2 0.51 0.51 831.0 105.0 831.0 160.0 62.0 160.0 
1 2 0.74 0.74 68.0 27.0 68.0 513.0 179.0 513.0 
1 2 0.41 0.41 896.0 22.0 896.0 201.0 79.0 201.0 
1 2 0.56 0.56 929.0 50.0 929.0 307.0 158.0 307.0 
1 2 0.38 0.38 415.0 79.0 415.0 253.0 50.0 253.0 
1 3 0.46 0.46 415.0 79.0 415.0 253.0 50.0 253.0 950.0 74.0 950.0 
1 4 0.88 0.88 415.0 79.0 415.0 253.0 50.0 253.0 950.0 74.0 950.0 580.0 241.0 580.0 
1 2 0.97 0.97 892.0 794.0 892.0 650.0 53.0 650.0 
1 2 0.81 0.81 225.0 42.0 225.0 407.0 257.0 407.0 
1 2 0.76 0.76 449.0 76.0 449.0 606.0 361.0 606.0 
1 3 0.91 0.91 449.0 76.0 449.0 606.0 361.0 606.0 657.0 101.0 657.0 
1 4 0.96 0.96 449.0 76.0 449.0 606.0 361.0 606.0 657.0 101.0 657.0 493.0 24.0 493.0 
1 2 0.6 0.6 202.0 99.0 202.0 229.0 27.0 229.0 
1 3 0.72 0.72 202.0 99.0 202.0 229.0 27.0 229.0 229.0 26.0 229.0 
1 4 0.98 0.98 202.0 99.0 202.0 229.0 27.0 229.0 229.0 26.0 229.0 844.0 220.0 844.0 
1 2 0.27 0.27 72.0 14.0 72.0 398.0 34.0 398.0 
1 2 0.74 0.74 934.0 469.0 934.0 916.0 220.0 916.0 
1 2 0.8 0.8 601.0 402.0 601.0 906.0 124.0 906.0 
1 3 0.96 0.96 601.0 402.0 601.0 906.0 124.0 906.0 649.0 103.0 649.0 
1 2 0.46 0.46 892.0 393.0 892.0 379.0 9.0 379.0 
1 3 0.54 0.54 892.0 393.0 892.0 379.0 9.0 379.0 290.0 23.0 290.0 
1 4 0.57 0.57 892.0 393.0 892.0 379.0 9.0 379.0 290.0 23.0 290.0 752.0 26.0 752.0 
1 2 0.28 0.28 155.0 12.0 155.0 572.0 119.0 572.0 
1 3 0.46 0.46 155.0 12.0 155.0 572.0 119.0 572.0 524.0 95.0 524.0 
1 4 0.86 0.86 155.0 12.0 155.0 572.0 119.0 572.0 524.0 95.0 524.0 786.0 316.0 786.0 
1 2 0.6 0.6 852.0 270.0 852.0 793.0 232.0 793.0 
1 3 0.69 0.69 852.0 270.0 852.0 793.0 232.0 793.0 986.0 81.0 986.0 
1 2 0.51 0.51 668.0 39.0 668.0 332.0 151.0 332.0 
1 2 0.37 0.37 81.0 1.0 81.0 342.0 125.0 342.0 
1 2 0.56 0.56 177.0 25.0 177.0 882.0 374.0 882.0 
1 2 0.55 0.55 487.0 55.0 487.0 544.0 242.0 544.0 
1 2 0.88 0.88 693.0 552.0 693.0 923.0 83.0 923.0 
1 2 0.28 0.28 873.0 138.0 873.0 852.0 112.0 852.0 
1 2 0.69 0.69 877.0 161.0 877.0 121.0 62.0 121.0 
1 3 0.8 0.8 877.0 161.0 877.0 121.0 62.0 121.0 894.0 101.0 894.0 
1 4 0.99 0.99 877.0 161.0 877.0 121.0 62.0 121.0 894.0 101.0 894.0 837.0 155.0 837.0 
1 2 0.45 0.45 269.0 83.0 269.0 774.0 111.0 774.0 
1 2 0.21 0.21 815.0 116.0 815.0 793.0 54.0 793.0 
1 3 0.34 0.34 815.0 116.0 815.0 793.0 54.0 793.0 782.0 107.0 782.0 
1 4 0.56 0.56 815.0 116.0 815.0 793.0 54.0 793.0 782.0 107.0 782.0 248.0 54.0 248.0 
1 5 0.87 0.87 815.0 116.0 815.0 793.0 54.0 793.0 782.0 107.0 782.0 248.0 54.0 248.0 825.0 255.0 825.0 
1 2 0.36 0.36 306.0 22.0 306.0 404.0 119.0 404.0 
1 3 0.81 0.81 306.0 22.0 306.0 404.0 119.0 404.0 690.0 310.0 690.0 
1 2 0.66 0.66 823.0 504.0 823.0 645.0 31.0 645.0 
1 3 0.91 0.91 823.0 504.0 823.0 645.0 31.0 645.0 301.0 76.0 301.0 
1 2 0.63 0.63 490.0 212.0 490.0 177.0 36.0 177.0 
1 3 0.99 0.99 490.0 212.0 490.0 177.0 36.0 177.0 88.0 32.0 88.0 
1 2 0.72 0.72 976.0 50.0 976.0 788.0 534.0 788.0 
1 2 0.97 0.97 339.0 49.0 339.0 250.0 207.0 250.0 
1 2 0.75 0.75 7.0 4.0 7.0 927.0 173.0 927.0 
1 2 0.11 0.11 622.0 27.0 622.0 75.0 5.0 75.0 
1 3 0.29 0.29 622.0 27.0 622.0 75.0 5.0 75.0 525.0 96.0 525.0 
1 4 0.31 0.31 622.0 27.0 622.0 75.0 5.0 75.0 525.0 96.0 525.0 711.0 14.0 711.0 
1 5 0.39 0.39 622.0 27.0 622.0 75.0 5.0 75.0 525.0 96.0 525.0 711.0 14.0 711.0 817.0 66.0 817.0 
1 2 0.97 0.97 273.0 20.0 273.0 810.0 731.0 810.0 
1 2 0.73 0.73 525.0 148.0 525.0 250.0 114.0 250.0 
1 2 0.78 0.78 130.0 36.0 130.0 732.0 370.0 732.0 
1 2 0.68 0.68 944.0 339.0 944.0 414.0 136.0 414.0 
1 2 0.8 0.8 399.0 6.0 399.0 309.0 245.0 309.0 
1 2 0.79 0.79 693.0 111.0 693.0 169.0 108.0 169.0 
1 2 0.58 0.58 533.0 245.0 533.0 187.0 24.0 187.0 
1 3 0.64 0.64 533.0 245.0 533.0 187.0 24.0 187.0 999.0 61.0 999.0 
1 2 0.87 0.87 416.0 343.0 416.0 350.0 19.0 350.0 
1 3 0.92 0.92 416.0 343.0 416.0 350.0 19.0 350.0 820.0 36.0 820.0 
1 2 0.73 0.73 84.0 51.0 84.0 947.0 125.0 947.0 
1 2 0.2 0.2 839.0 28.0 839.0 605.0 101.0 605.0 
1 3 0.47 0.47 839.0 28.0 839.0 605.0 101.0 605.0 138.0 38.0 138.0 
1 4 0.73 0.73 839.0 28.0 839.0 605.0 101.0 605.0 138.0 38.0 138.0 373.0 95.0 373.0 
1 2 0.18 0.18 733.0 85.0 733.0 949.0 70.0 949.0 
1 3 0.31 0.31 733.0 85.0 733.0 949.0 70.0 949.0 264.0 33.0 264.0 
1 4 0.37 0.37 733.0 85.0 733.0 949.0 70.0 949.0 264.0 33.0 264.0 194.0 11.0 194.0 
1 5 0.74 0.74 733.0 85.0 733.0 949.0 70.0 949.0 264.0 33.0 264.0 194.0 11.0 194.0 309.0 116.0 309.0 
1 2 0.38 0.38 326.0 29.0 326.0 78.0 23.0 78.0 
1 3 0.48 0.48 326.0 29.0 326.0 78.0 23.0 78.0 220.0 22.0 220.0 
1 2 0.52 0.52 737.0 71.0 737.0 865.0 372.0 865.0 
1 2 0.61 0.61 450.0 204.0 450.0 724.0 118.0 724.0 
1 3 0.66 0.66 450.0 204.0 450.0 724.0 118.0 724.0 628.0 32.0 628.0 
1 4 0.98 0.98 450.0 204.0 450.0 724.0 118.0 724.0 628.0 32.0 628.0 559.0 175.0 559.0 
1 5 0.99 0.99 450.0 204.0 450.0 724.0 118.0 724.0 628.0 32.0 628.0 559.0 175.0 559.0 881.0 11.0 881.0 
1 2 0.7 0.7 549.0 135.0 549.0 945.0 430.0 945.0 
1 3 0.77 0.77 549.0 135.0 549.0 945.0 430.0 945.0 254.0 18.0 254.0 
1 4 0.81 0.81 549.0 135.0 549.0 945.0 430.0 945.0 254.0 18.0 254.0 347.0 16.0 347.0 
1 2 0.22 0.22 626.0 15.0 626.0 795.0 160.0 795.0 
1 3 0.27 0.27 626.0 15.0 626.0 795.0 160.0 795.0 416.0 19.0 416.0 
1 4 0.56 0.56 626.0 15.0 626.0 795.0 160.0 795.0 416.0 19.0 416.0 375.0 109.0 375.0 
1 5 0.58 0.58 626.0 15.0 626.0 795.0 160.0 795.0 416.0 19.0 416.0 375.0 109.0 375.0 123.0 3.0 123.0 
1 6 0.93 0.93 626.0 15.0 626.0 795.0 160.0 795.0 416.0 19.0 416.0 375.0 109.0 375.0 123.0 3.0 123.0 947.0 334.0 947.0 
1 2 0.29 0.29 476.0 111.0 476.0 363.0 22.0 363.0 
1 3 0.57 0.57 476.0 111.0 476.0 363.0 22.0 363.0 550.0 153.0 550.0 
1 2 0.79 0.79 554.0 358.0 554.0 139.0 20.0 139.0 
1 2 0.55 0.55 483.0 161.0 483.0 236.0 52.0 236.0 
1 3 0.66 0.66 483.0 161.0 483.0 236.0 52.0 236.0 652.0 72.0 652.0 
1 2 0.73 0.73 570.0 378.0 570.0 382.0 26.0 382.0 
1 2 0.86 0.86 33.0 25.0 33.0 812.0 84.0 812.0 
1 2 0.34 0.34 905.0 161.0 905.0 698.0 117.0 698.0 
1 2 0.41 0.41 830.0 107.0 830.0 66.0 19.0 66.0 
1 2 0.98 0.98 204.0 33.0 204.0 483.0 396.0 483.0 
1 2 0.87 0.87 986.0 213.0 986.0 828.0 547.0 828.0 
1 3 0.97 0.97 986.0 213.0 986.0 828.0 547.0 828.0 80.0 8.0 80.0 
1 2 0.27 0.27 875.0 171.0 875.0 409.0 32.0 409.0 
1 2 0.34 0.34 833.0 46.0 833.0 660.0 189.0 660.0 
1 2 0.58 0.58 291.0 76.0 291.0 1000.0 319.0 1000.0 
1 3 0.7 0.7 291.0 76.0 291.0 1000.0 319.0 1000.0 39.0 5.0 39.0 
1 2 0.42 0.42 324.0 22.0 324.0 616.0 220.0 616.0 
1 3 0.77 0.77 324.0 22.0 324.0 616.0 220.0 616.0 79.0 28.0 79.0 
1 4 0.86 0.86 324.0 22.0 324.0 616.0 220.0 616.0 79.0 28.0 79.0 293.0 26.0 293.0 
1 2 0.57 0.57 830.0 231.0 830.0 896.0 268.0 896.0 
1 3 0.84 0.84 830.0 231.0 830.0 896.0 268.0 896.0 93.0 25.0 93.0 
1 4 0.99 0.99 830.0 231.0 830.0 896.0 268.0 896.0 93.0 25.0 93.0 508.0 75.0 508.0 
1 2 0.97 0.97 706.0 616.0 706.0 974.0 97.0 974.0 
1 3 0.99 0.99 706.0 616.0 706.0 974.0 97.0 974.0 332.0 9.0 332.0 
1 2 0.95 0.95 971.0 732.0 971.0 738.0 145.0 738.0 
1 2 0.58 0.58 890.0 106.0 890.0 898.0 419.0 898.0 
1 3 0.83 0.83 890.0 106.0 890.0 898.0 419.0 898.0 202.0 51.0 202.0 
1 2 0.26 0.26 282.0 35.0 282.0 936.0 136.0 936.0 
1 3 0.34 0.34 282.0 35.0 282.0 936.0 136.0 936.0 435.0 35.0 435.0 
1 4 0.64 0.64 282.0 35.0 282.0 936.0 136.0 936.0 435.0 35.0 435.0 463.0 135.0 463.0 
1 2 0.61 0.61 640.0 286.0 640.0 933.0 158.0 933.0 
1 2 0.09 0.09 713.0 65.0 713.0 438.0 3.0 438.0 
1 3 0.4 0.4 713.0 65.0 713.0 438.0 3.0 438.0 327.0 102.0 327.0 
1 2 0.8 0.8 828.0 622.0 828.0 321.0 17.0 321.0 
1 2 0.16 0.16 828.0 4.0 828.0 740.0 119.0 740.0 
1 3 0.81 0.81 828.0 4.0 828.0 740.0 119.0 740.0 454.0 295.0 454.0 
1 4 0.97 0.97 828.0 4.0 828.0 740.0 119.0 740.0 454.0 295.0 454.0 359.0 58.0 359.0 
1 2 0.3 0.3 289.0 39.0 289.0 757.0 132.0 757.0 
1 3 0.82 0.82 289.0 39.0 289.0 757.0 132.0 757.0 595.0 308.0 595.0 
1 2 0.05 0.05 413.0 4.0 413.0 920.0 45.0 920.0 
1 3 0.34 0.34 413.0 4.0 413.0 920.0 45.0 920.0 387.0 110.0 387.0 
1 2 0.13 0.13 906.0 83.0 906.0 573.0 27.0 573.0 
1 3 0.31 0.31 906.0 83.0 906.0 573.0 27.0 573.0 782.0 140.0 782.0 
1 4 0.49 0.49 906.0 83.0 906.0 573.0 27.0 573.0 782.0 140.0 782.0 482.0 84.0 482.0 
1 5 0.83 0.83 906.0 83.0 906.0 573.0 27.0 573.0 782.0 140.0 782.0 482.0 84.0 482.0 375.0 130.0 375.0 
1 2 0.16 0.16 896.0 100.0 896.0 972.0 53.0 972.0 
1 3 0.43 0.43 896.0 100.0 896.0 972.0 53.0 972.0 563.0 152.0 563.0 
1 4 0.97 0.97 896.0 100.0 896.0 972.0 53.0 972.0 563.0 152.0 563.0 997.0 540.0 997.0 
1 2 0.04 0.04 825.0 19.0 825.0 769.0 19.0 769.0 
1 3 0.5 0.5 825.0 19.0 825.0 769.0 19.0 769.0 979.0 450.0 979.0 
1 4 0.63 0.63 825.0 19.0 825.0 769.0 19.0 769.0 979.0 450.0 979.0 336.0 42.0 336.0 
1 2 0.13 0.13 91.0 12.0 91.0 171.0 1.0 171.0 
1 3 0.28 0.28 91.0 12.0 91.0 171.0 1.0 171.0 880.0 133.0 880.0 
1 4 0.61 0.61 91.0 12.0 91.0 171.0 1.0 171.0 880.0 133.0 880.0 567.0 187.0 567.0 
1 2 0.74 0.74 565.0 287.0 565.0 614.0 145.0 614.0 
1 3 0.91 0.91 565.0 287.0 565.0 614.0 145.0 614.0 902.0 153.0 902.0 
1 2 0.87 0.87 519.0 108.0 519.0 455.0 305.0 455.0 
1 2 0.51 0.51 769.0 186.0 769.0 73.0 20.0 73.0 
1 3 0.86 0.86 769.0 186.0 769.0 73.0 20.0 73.0 495.0 171.0 495.0 
1 2 0.38 0.38 464.0 162.0 464.0 202.0 8.0 202.0 
1 3 0.4 0.4 464.0 162.0 464.0 202.0 8.0 202.0 989.0 14.0 989.0 
1 4 0.46 0.46 464.0 162.0 464.0 202.0 8.0 202.0 989.0 14.0 989.0 523.0 30.0 523.0 
1 5 0.48 0.48 464.0 162.0 464.0 202.0 8.0 202.0 989.0 14.0 989.0 523.0 30.0 523.0 572.0 13.0 572.0 
1 6 0.86 0.86 464.0 162.0 464.0 202.0 8.0 202.0 989.0 14.0 989.0 523.0 30.0 523.0 572.0 13.0 572.0 908.0 345.0 908.0 
1 2 0.48 0.48 106.0 30.0 106.0 346.0 69.0 346.0 
1 3 0.97 0.97 106.0 30.0 106.0 346.0 69.0 346.0 799.0 397.0 799.0 
1 2 0.68 0.68 800.0 33.0 800.0 240.0 154.0 240.0 
1 3 0.71 0.71 800.0 33.0 800.0 240.0 154.0 240.0 390.0 13.0 390.0 
1 2 0.8 0.8 141.0 86.0 141.0 392.0 76.0 392.0 
1 3 0.88 0.88 141.0 86.0 141.0 392.0 76.0 392.0 644.0 55.0 644.0 
1 4 0.98 0.98 141.0 86.0 141.0 392.0 76.0 392.0 644.0 55.0 644.0 938.0 94.0 938.0 
1 2 0.11 0.11 834.0 69.0 834.0 671.0 23.0 671.0 
1 3 0.42 0.42 834.0 69.0 834.0 671.0 23.0 671.0 266.0 82.0 266.0 
1 4 0.85 0.85 834.0 69.0 834.0 671.0 23.0 671.0 266.0 82.0 266.0 901.0 391.0 901.0 
1 2 0.32 0.32 159.0 32.0 159.0 393.0 47.0 393.0 
1 3 0.7 0.7 159.0 32.0 159.0 393.0 47.0 393.0 576.0 222.0 576.0 
