1 2 0.88 0.88 751.0 378.0 751.0 26.0 10.0 26.0 
1 2 0.84 0.84 495.0 284.0 495.0 546.0 146.0 546.0 
1 2 0.95 0.95 269.0 151.0 269.0 937.0 372.0 937.0 
1 2 0.32 0.32 33.0 7.0 33.0 570.0 67.0 570.0 
1 2 0.53 0.53 653.0 5.0 653.0 898.0 472.0 898.0 
1 2 0.89 0.89 328.0 276.0 328.0 476.0 27.0 476.0 
1 2 0.7 0.7 120.0 66.0 120.0 868.0 134.0 868.0 
1 2 0.98 0.98 86.0 69.0 86.0 230.0 41.0 230.0 
1 2 0.7 0.7 551.0 102.0 551.0 964.0 497.0 964.0 
1 2 0.96 0.96 255.0 149.0 255.0 771.0 297.0 771.0 
1 2 0.93 0.93 61.0 32.0 61.0 901.0 367.0 901.0 
1 2 0.89 0.89 892.0 92.0 892.0 492.0 392.0 492.0 
1 2 0.63 0.63 653.0 15.0 653.0 238.0 145.0 238.0 
1 2 0.9 0.9 938.0 510.0 938.0 331.0 119.0 331.0 
1 2 0.82 0.82 927.0 359.0 927.0 151.0 66.0 151.0 
1 3 0.88 0.88 927.0 359.0 927.0 151.0 66.0 151.0 594.0 38.0 594.0 
1 2 0.97 0.97 859.0 708.0 859.0 142.0 22.0 142.0 
1 2 0.77 0.77 976.0 15.0 976.0 263.0 199.0 263.0 
1 2 0.53 0.53 277.0 90.0 277.0 859.0 183.0 859.0 
1 2 0.92 0.92 102.0 18.0 102.0 359.0 270.0 359.0 
1 2 0.76 0.76 521.0 186.0 521.0 513.0 211.0 513.0 
1 2 0.89 0.89 758.0 7.0 758.0 824.0 726.0 824.0 
1 2 0.33 0.33 184.0 20.0 184.0 336.0 75.0 336.0 
1 2 0.72 0.72 694.0 146.0 694.0 166.0 86.0 166.0 
1 2 0.82 0.82 215.0 36.0 215.0 458.0 301.0 458.0 
1 2 0.87 0.87 879.0 282.0 879.0 735.0 409.0 735.0 
1 2 0.85 0.85 902.0 48.0 902.0 514.0 411.0 514.0 
1 2 0.93 0.93 435.0 196.0 435.0 871.0 425.0 871.0 
1 2 0.7 0.7 216.0 131.0 216.0 807.0 76.0 807.0 
1 2 0.85 0.85 407.0 140.0 407.0 424.0 218.0 424.0 
1 2 0.61 0.61 769.0 57.0 769.0 275.0 150.0 275.0 
1 2 0.78 0.78 70.0 51.0 70.0 214.0 13.0 214.0 
1 3 0.95 0.95 70.0 51.0 70.0 214.0 13.0 214.0 286.0 46.0 286.0 
1 2 0.92 0.92 718.0 634.0 718.0 264.0 10.0 264.0 
1 2 0.79 0.79 911.0 593.0 911.0 461.0 65.0 461.0 
1 2 0.89 0.89 960.0 325.0 960.0 438.0 242.0 438.0 
1 2 0.95 0.95 831.0 56.0 831.0 148.0 132.0 148.0 
1 2 0.79 0.79 353.0 279.0 353.0 710.0 1.0 710.0 
1 3 0.81 0.81 353.0 279.0 353.0 710.0 1.0 710.0 190.0 5.0 190.0 
1 4 0.89 0.89 353.0 279.0 353.0 710.0 1.0 710.0 190.0 5.0 190.0 446.0 34.0 446.0 
1 2 0.83 0.83 517.0 96.0 517.0 478.0 309.0 478.0 
1 2 0.91 0.91 793.0 635.0 793.0 76.0 9.0 76.0 
1 2 0.91 0.91 409.0 37.0 409.0 100.0 82.0 100.0 
1 2 0.92 0.92 13.0 12.0 13.0 978.0 6.0 978.0 
1 2 0.28 0.28 408.0 106.0 408.0 994.0 23.0 994.0 
1 3 0.77 0.77 408.0 106.0 408.0 994.0 23.0 994.0 345.0 169.0 345.0 
1 2 0.77 0.77 609.0 186.0 609.0 533.0 248.0 533.0 
1 2 0.77 0.77 708.0 394.0 708.0 821.0 181.0 821.0 
1 2 0.52 0.52 269.0 41.0 269.0 24.0 9.0 24.0 
1 2 0.13 0.13 123.0 4.0 123.0 20.0 2.0 20.0 
1 3 0.6 0.6 123.0 4.0 123.0 20.0 2.0 20.0 656.0 313.0 656.0 
1 2 0.67 0.67 893.0 48.0 893.0 173.0 107.0 173.0 
1 2 0.35 0.35 809.0 147.0 809.0 499.0 85.0 499.0 
1 2 0.65 0.65 254.0 144.0 254.0 60.0 5.0 60.0 
1 2 0.66 0.66 995.0 534.0 995.0 468.0 59.0 468.0 
1 2 0.92 0.92 144.0 56.0 144.0 863.0 466.0 863.0 
1 2 0.84 0.84 129.0 7.0 129.0 359.0 284.0 359.0 
1 3 0.89 0.89 129.0 7.0 129.0 359.0 284.0 359.0 385.0 20.0 385.0 
1 2 0.87 0.87 299.0 66.0 299.0 86.0 56.0 86.0 
1 2 0.87 0.87 787.0 497.0 787.0 747.0 184.0 747.0 
1 2 0.96 0.96 767.0 552.0 767.0 814.0 196.0 814.0 
1 2 0.83 0.83 959.0 66.0 959.0 128.0 98.0 128.0 
1 2 0.99 0.99 494.0 45.0 494.0 792.0 715.0 792.0 
1 2 0.94 0.94 769.0 23.0 769.0 928.0 845.0 928.0 
1 2 0.91 0.91 185.0 66.0 185.0 758.0 422.0 758.0 
1 2 0.97 0.97 680.0 17.0 680.0 373.0 356.0 373.0 
1 2 0.14 0.14 961.0 97.0 961.0 732.0 30.0 732.0 
1 3 0.5 0.5 961.0 97.0 961.0 732.0 30.0 732.0 458.0 166.0 458.0 
1 4 0.88 0.88 961.0 97.0 961.0 732.0 30.0 732.0 458.0 166.0 458.0 540.0 208.0 540.0 
1 2 0.95 0.95 892.0 393.0 892.0 361.0 186.0 361.0 
1 2 0.47 0.47 498.0 163.0 498.0 959.0 145.0 959.0 
1 3 0.62 0.62 498.0 163.0 498.0 959.0 145.0 959.0 94.0 14.0 94.0 
1 2 0.9 0.9 575.0 504.0 575.0 978.0 32.0 978.0 
1 3 0.94 0.94 575.0 504.0 575.0 978.0 32.0 978.0 287.0 11.0 287.0 
1 2 0.89 0.89 845.0 231.0 845.0 256.0 160.0 256.0 
1 2 0.61 0.61 866.0 279.0 866.0 501.0 148.0 501.0 
1 2 0.98 0.98 703.0 386.0 703.0 686.0 301.0 686.0 
1 2 0.83 0.83 748.0 231.0 748.0 911.0 475.0 911.0 
1 2 0.7 0.7 658.0 367.0 658.0 246.0 37.0 246.0 
1 2 0.58 0.58 597.0 37.0 597.0 478.0 251.0 478.0 
1 2 0.93 0.93 243.0 119.0 243.0 79.0 35.0 79.0 
1 2 0.93 0.93 293.0 39.0 293.0 190.0 152.0 190.0 
1 2 0.61 0.61 449.0 38.0 449.0 142.0 75.0 142.0 
1 2 0.57 0.57 731.0 234.0 731.0 373.0 96.0 373.0 
1 2 0.57 0.57 697.0 325.0 697.0 151.0 17.0 151.0 
1 2 0.45 0.45 935.0 7.0 935.0 920.0 412.0 920.0 
1 2 0.81 0.81 665.0 281.0 665.0 650.0 258.0 650.0 
1 2 0.94 0.94 935.0 316.0 935.0 211.0 129.0 211.0 
1 2 0.55 0.55 316.0 122.0 316.0 476.0 81.0 476.0 
1 2 0.85 0.85 884.0 489.0 884.0 440.0 135.0 440.0 
1 2 0.97 0.97 152.0 9.0 152.0 627.0 576.0 627.0 
1 2 0.78 0.78 683.0 156.0 683.0 655.0 366.0 655.0 
1 2 0.94 0.94 549.0 189.0 549.0 674.0 405.0 674.0 
1 2 0.37 0.37 290.0 94.0 290.0 332.0 18.0 332.0 
1 2 0.41 0.41 781.0 128.0 781.0 798.0 201.0 798.0 
1 3 0.96 0.96 781.0 128.0 781.0 798.0 201.0 798.0 123.0 68.0 123.0 
1 2 0.65 0.65 862.0 53.0 862.0 158.0 94.0 158.0 
1 3 0.85 0.85 862.0 53.0 862.0 158.0 94.0 158.0 402.0 79.0 402.0 
1 2 0.73 0.73 802.0 1.0 802.0 505.0 370.0 505.0 
1 2 0.92 0.92 341.0 303.0 341.0 756.0 26.0 756.0 
1 2 0.86 0.86 472.0 90.0 472.0 916.0 620.0 916.0 
1 2 0.91 0.91 716.0 136.0 716.0 325.0 237.0 325.0 
1 2 0.65 0.65 855.0 516.0 855.0 497.0 24.0 497.0 
1 2 0.99 0.99 517.0 390.0 517.0 426.0 101.0 426.0 
1 2 0.75 0.75 130.0 72.0 130.0 111.0 22.0 111.0 
1 2 0.37 0.37 987.0 332.0 987.0 719.0 30.0 719.0 
1 3 0.86 0.86 987.0 332.0 987.0 719.0 30.0 719.0 164.0 80.0 164.0 
1 4 0.93 0.93 987.0 332.0 987.0 719.0 30.0 719.0 164.0 80.0 164.0 347.0 25.0 347.0 
1 2 0.64 0.64 559.0 83.0 559.0 46.0 23.0 46.0 
1 2 0.71 0.71 328.0 113.0 328.0 117.0 43.0 117.0 
1 2 0.32 0.32 974.0 140.0 974.0 607.0 109.0 607.0 
1 2 0.82 0.82 292.0 174.0 292.0 667.0 153.0 667.0 
1 2 0.78 0.78 175.0 114.0 175.0 528.0 73.0 528.0 
1 2 0.33 0.33 784.0 186.0 784.0 460.0 44.0 460.0 
1 2 0.98 0.98 679.0 29.0 679.0 545.0 511.0 545.0 
1 2 0.58 0.58 653.0 161.0 653.0 412.0 141.0 412.0 
1 2 0.59 0.59 593.0 308.0 593.0 99.0 7.0 99.0 
1 3 0.61 0.61 593.0 308.0 593.0 99.0 7.0 99.0 664.0 19.0 664.0 
1 2 0.81 0.81 875.0 89.0 875.0 733.0 521.0 733.0 
1 2 0.21 0.21 496.0 18.0 496.0 282.0 51.0 282.0 
1 3 0.26 0.26 496.0 18.0 496.0 282.0 51.0 282.0 766.0 38.0 766.0 
1 2 0.92 0.92 148.0 119.0 148.0 986.0 119.0 986.0 
1 2 0.64 0.64 176.0 97.0 176.0 998.0 89.0 998.0 
1 2 0.88 0.88 417.0 336.0 417.0 709.0 56.0 709.0 
1 2 0.96 0.96 84.0 19.0 84.0 610.0 452.0 610.0 
1 2 0.29 0.29 649.0 119.0 649.0 633.0 70.0 633.0 
1 2 0.98 0.98 350.0 288.0 350.0 202.0 33.0 202.0 
1 2 0.96 0.96 126.0 115.0 126.0 701.0 36.0 701.0 
1 2 0.56 0.56 369.0 136.0 369.0 713.0 143.0 713.0 
1 3 0.71 0.71 369.0 136.0 369.0 713.0 143.0 713.0 294.0 42.0 294.0 
1 2 0.65 0.65 320.0 17.0 320.0 243.0 146.0 243.0 
1 2 0.61 0.61 503.0 173.0 503.0 848.0 234.0 848.0 
1 3 0.99 0.99 503.0 173.0 503.0 848.0 234.0 848.0 245.0 93.0 245.0 
1 2 0.47 0.47 446.0 89.0 446.0 427.0 117.0 427.0 
1 2 0.88 0.88 951.0 361.0 951.0 775.0 391.0 775.0 
1 2 0.85 0.85 951.0 742.0 951.0 523.0 40.0 523.0 
1 2 0.42 0.42 337.0 115.0 337.0 243.0 20.0 243.0 
1 2 0.2 0.2 269.0 32.0 269.0 57.0 5.0 57.0 
1 3 0.62 0.62 269.0 32.0 269.0 57.0 5.0 57.0 209.0 87.0 209.0 
1 4 0.79 0.79 269.0 32.0 269.0 57.0 5.0 57.0 209.0 87.0 209.0 291.0 51.0 291.0 
1 2 0.54 0.54 530.0 286.0 530.0 123.0 1.0 123.0 
1 3 0.71 0.71 530.0 286.0 530.0 123.0 1.0 123.0 83.0 14.0 83.0 
1 2 0.18 0.18 973.0 15.0 973.0 46.0 8.0 46.0 
1 3 0.82 0.82 973.0 15.0 973.0 46.0 8.0 46.0 41.0 26.0 41.0 
1 2 0.4 0.4 488.0 64.0 488.0 348.0 96.0 348.0 
1 2 0.79 0.79 313.0 200.0 313.0 286.0 44.0 286.0 
1 2 0.69 0.69 603.0 188.0 603.0 460.0 178.0 460.0 
1 2 0.83 0.83 485.0 145.0 485.0 366.0 198.0 366.0 
1 2 0.79 0.79 837.0 615.0 837.0 387.0 25.0 387.0 
1 2 0.64 0.64 364.0 22.0 364.0 357.0 208.0 357.0 
1 3 0.65 0.65 364.0 22.0 364.0 357.0 208.0 357.0 204.0 2.0 204.0 
1 4 0.7 0.7 364.0 22.0 364.0 357.0 208.0 357.0 204.0 2.0 204.0 313.0 16.0 313.0 
1 2 0.85 0.85 649.0 30.0 649.0 871.0 707.0 871.0 
1 2 0.95 0.95 609.0 336.0 609.0 357.0 144.0 357.0 
1 2 0.94 0.94 441.0 342.0 441.0 171.0 29.0 171.0 
1 2 0.43 0.43 853.0 231.0 853.0 408.0 67.0 408.0 
1 2 0.36 0.36 266.0 13.0 266.0 658.0 208.0 658.0 
1 2 0.95 0.95 66.0 40.0 66.0 264.0 92.0 264.0 
1 2 0.48 0.48 791.0 62.0 791.0 372.0 150.0 372.0 
1 2 0.93 0.93 413.0 90.0 413.0 282.0 201.0 282.0 
1 2 0.98 0.98 599.0 156.0 599.0 699.0 507.0 699.0 
1 2 0.7 0.7 648.0 373.0 648.0 698.0 88.0 698.0 
1 2 0.86 0.86 69.0 3.0 69.0 826.0 680.0 826.0 
1 2 0.95 0.95 966.0 740.0 966.0 953.0 183.0 953.0 
1 2 0.94 0.94 967.0 624.0 967.0 465.0 139.0 465.0 
1 2 0.26 0.26 570.0 37.0 570.0 259.0 52.0 259.0 
1 3 0.96 0.96 570.0 37.0 570.0 259.0 52.0 259.0 519.0 363.0 519.0 
1 2 0.79 0.79 943.0 724.0 943.0 652.0 19.0 652.0 
1 2 0.96 0.96 634.0 313.0 634.0 699.0 326.0 699.0 
1 2 0.93 0.93 618.0 500.0 618.0 698.0 86.0 698.0 
1 2 0.83 0.83 894.0 144.0 894.0 438.0 294.0 438.0 
1 2 0.44 0.44 81.0 18.0 81.0 528.0 117.0 528.0 
1 2 0.73 0.73 426.0 84.0 426.0 554.0 298.0 554.0 
1 2 0.95 0.95 54.0 50.0 54.0 423.0 13.0 423.0 
1 2 0.95 0.95 304.0 188.0 304.0 891.0 302.0 891.0 
1 2 0.93 0.93 151.0 34.0 151.0 984.0 699.0 984.0 
1 2 0.93 0.93 225.0 153.0 225.0 733.0 185.0 733.0 
1 2 0.91 0.91 244.0 201.0 244.0 951.0 89.0 951.0 
1 3 0.96 0.96 244.0 201.0 244.0 951.0 89.0 951.0 404.0 21.0 404.0 
1 2 0.84 0.84 647.0 488.0 647.0 478.0 41.0 478.0 
1 2 0.46 0.46 202.0 49.0 202.0 55.0 12.0 55.0 
1 3 0.78 0.78 202.0 49.0 202.0 55.0 12.0 55.0 917.0 298.0 917.0 
1 4 0.85 0.85 202.0 49.0 202.0 55.0 12.0 55.0 917.0 298.0 917.0 55.0 4.0 55.0 
1 2 0.94 0.94 939.0 574.0 939.0 946.0 320.0 946.0 
1 2 0.84 0.84 413.0 163.0 413.0 211.0 95.0 211.0 
1 2 0.95 0.95 659.0 308.0 659.0 267.0 129.0 267.0 
1 2 0.9 0.9 860.0 126.0 860.0 775.0 585.0 775.0 
1 2 0.2 0.2 425.0 72.0 425.0 571.0 23.0 571.0 
1 3 0.87 0.87 425.0 72.0 425.0 571.0 23.0 571.0 145.0 97.0 145.0 
1 2 0.93 0.93 761.0 308.0 761.0 159.0 84.0 159.0 
1 2 0.78 0.78 770.0 77.0 770.0 223.0 153.0 223.0 
1 3 0.9 0.9 770.0 77.0 770.0 223.0 153.0 223.0 907.0 108.0 907.0 
1 2 0.45 0.45 359.0 157.0 359.0 513.0 9.0 513.0 
1 2 0.33 0.33 582.0 105.0 582.0 871.0 139.0 871.0 
1 3 0.45 0.45 582.0 105.0 582.0 871.0 139.0 871.0 758.0 84.0 758.0 
1 4 0.76 0.76 582.0 105.0 582.0 871.0 139.0 871.0 758.0 84.0 758.0 292.0 91.0 292.0 
1 5 0.97 0.97 582.0 105.0 582.0 871.0 139.0 871.0 758.0 84.0 758.0 292.0 91.0 292.0 166.0 36.0 166.0 
1 2 0.74 0.74 373.0 2.0 373.0 459.0 338.0 459.0 
1 2 0.86 0.86 621.0 123.0 621.0 147.0 98.0 147.0 
1 2 0.98 0.98 60.0 53.0 60.0 974.0 103.0 974.0 
1 2 0.97 0.97 407.0 193.0 407.0 696.0 352.0 696.0 
1 2 0.91 0.91 472.0 336.0 472.0 367.0 73.0 367.0 
1 2 0.82 0.82 926.0 234.0 926.0 848.0 483.0 848.0 
1 2 0.86 0.86 385.0 94.0 385.0 351.0 217.0 351.0 
1 2 0.91 0.91 775.0 82.0 775.0 220.0 177.0 220.0 
1 2 0.61 0.61 555.0 336.0 555.0 112.0 1.0 112.0 
1 3 0.82 0.82 555.0 336.0 555.0 112.0 1.0 112.0 283.0 61.0 283.0 
1 2 0.76 0.76 467.0 259.0 467.0 717.0 150.0 717.0 
1 2 0.55 0.55 550.0 52.0 550.0 41.0 19.0 41.0 
1 2 0.87 0.87 828.0 715.0 828.0 838.0 6.0 838.0 
1 2 0.98 0.98 909.0 750.0 909.0 93.0 15.0 93.0 
1 2 0.8 0.8 81.0 49.0 81.0 441.0 89.0 441.0 
1 2 0.83 0.83 202.0 27.0 202.0 848.0 591.0 848.0 
1 2 0.77 0.77 224.0 105.0 224.0 461.0 141.0 461.0 
1 3 0.83 0.83 224.0 105.0 224.0 461.0 141.0 461.0 713.0 41.0 713.0 
1 2 0.75 0.75 245.0 58.0 245.0 359.0 185.0 359.0 
1 2 0.61 0.61 336.0 182.0 336.0 29.0 2.0 29.0 
1 2 0.58 0.58 363.0 22.0 363.0 233.0 122.0 233.0 
1 2 0.92 0.92 337.0 139.0 337.0 64.0 33.0 64.0 
1 3 0.97 0.97 337.0 139.0 337.0 64.0 33.0 64.0 277.0 14.0 277.0 
1 2 0.12 0.12 109.0 1.0 109.0 196.0 22.0 196.0 
1 2 0.86 0.86 318.0 75.0 318.0 758.0 478.0 758.0 
1 2 0.55 0.55 761.0 48.0 761.0 837.0 411.0 837.0 
1 2 0.37 0.37 193.0 22.0 193.0 324.0 83.0 324.0 
1 3 0.97 0.97 193.0 22.0 193.0 324.0 83.0 324.0 427.0 257.0 427.0 
1 2 0.8 0.8 663.0 510.0 663.0 625.0 20.0 625.0 
1 2 0.91 0.91 136.0 25.0 136.0 857.0 624.0 857.0 
1 2 0.81 0.81 81.0 35.0 81.0 888.0 336.0 888.0 
1 2 0.62 0.62 476.0 67.0 476.0 283.0 138.0 283.0 
1 2 0.74 0.74 729.0 533.0 729.0 855.0 8.0 855.0 
1 2 0.81 0.81 396.0 120.0 396.0 774.0 393.0 774.0 
1 2 0.38 0.38 337.0 34.0 337.0 383.0 107.0 383.0 
1 3 0.9 0.9 337.0 34.0 337.0 383.0 107.0 383.0 944.0 496.0 944.0 
1 2 0.81 0.81 964.0 489.0 964.0 872.0 267.0 872.0 
1 3 0.81 0.81 964.0 489.0 964.0 872.0 267.0 872.0 654.0 3.0 654.0 
1 2 0.15 0.15 17.0 2.0 17.0 668.0 23.0 668.0 
1 3 0.22 0.22 17.0 2.0 17.0 668.0 23.0 668.0 367.0 26.0 367.0 
1 4 0.99 0.99 17.0 2.0 17.0 668.0 23.0 668.0 367.0 26.0 367.0 819.0 634.0 819.0 
1 2 0.94 0.94 534.0 246.0 534.0 788.0 380.0 788.0 
1 2 0.69 0.69 212.0 19.0 212.0 33.0 20.0 33.0 
1 2 0.89 0.89 164.0 19.0 164.0 213.0 165.0 213.0 
1 2 0.9 0.9 635.0 402.0 635.0 451.0 121.0 451.0 
1 2 0.86 0.86 820.0 97.0 820.0 923.0 690.0 923.0 
1 2 0.9 0.9 730.0 591.0 730.0 901.0 83.0 901.0 
1 2 0.7 0.7 349.0 216.0 349.0 12.0 1.0 12.0 
1 2 0.94 0.94 496.0 159.0 496.0 300.0 187.0 300.0 
1 2 0.78 0.78 281.0 7.0 281.0 961.0 735.0 961.0 
1 2 0.92 0.92 302.0 172.0 302.0 541.0 194.0 541.0 
1 2 0.75 0.75 594.0 21.0 594.0 894.0 643.0 894.0 
1 2 0.98 0.98 117.0 39.0 117.0 23.0 15.0 23.0 
1 2 0.71 0.71 515.0 45.0 515.0 141.0 88.0 141.0 
1 2 0.57 0.57 229.0 13.0 229.0 62.0 32.0 62.0 
1 2 0.99 0.99 434.0 255.0 434.0 654.0 269.0 654.0 
1 2 0.43 0.43 583.0 48.0 583.0 214.0 76.0 214.0 
1 2 0.13 0.13 260.0 10.0 260.0 883.0 82.0 883.0 
1 3 0.93 0.93 260.0 10.0 260.0 883.0 82.0 883.0 140.0 112.0 140.0 
1 2 0.99 0.99 829.0 794.0 829.0 938.0 38.0 938.0 
1 2 0.77 0.77 115.0 70.0 115.0 18.0 3.0 18.0 
1 2 0.95 0.95 822.0 25.0 822.0 75.0 69.0 75.0 
1 2 0.99 0.99 457.0 255.0 457.0 171.0 75.0 171.0 
1 2 0.66 0.66 564.0 31.0 564.0 600.0 369.0 600.0 
1 2 0.88 0.88 474.0 213.0 474.0 561.0 247.0 561.0 
1 2 0.96 0.96 871.0 702.0 871.0 337.0 52.0 337.0 
1 2 0.82 0.82 895.0 50.0 895.0 374.0 286.0 374.0 
1 2 0.92 0.92 111.0 18.0 111.0 116.0 89.0 116.0 
1 2 0.54 0.54 501.0 133.0 501.0 997.0 280.0 997.0 
1 3 0.6 0.6 501.0 133.0 501.0 997.0 280.0 997.0 976.0 56.0 976.0 
1 4 0.86 0.86 501.0 133.0 501.0 997.0 280.0 997.0 976.0 56.0 976.0 317.0 84.0 317.0 
1 2 0.9 0.9 114.0 90.0 114.0 380.0 45.0 380.0 
1 2 0.89 0.89 102.0 60.0 102.0 168.0 52.0 168.0 
1 2 0.73 0.73 393.0 276.0 393.0 326.0 10.0 326.0 
1 2 0.76 0.76 956.0 24.0 956.0 828.0 614.0 828.0 
1 2 0.57 0.57 350.0 28.0 350.0 690.0 339.0 690.0 
1 2 0.81 0.81 8.0 4.0 8.0 532.0 165.0 532.0 
1 2 0.61 0.61 942.0 564.0 942.0 823.0 13.0 823.0 
1 2 0.47 0.47 758.0 251.0 758.0 490.0 71.0 490.0 
1 2 0.85 0.85 830.0 302.0 830.0 792.0 388.0 792.0 
1 3 0.93 0.93 830.0 302.0 830.0 792.0 388.0 792.0 856.0 73.0 856.0 
1 2 0.91 0.91 970.0 256.0 970.0 483.0 315.0 483.0 
1 2 0.94 0.94 73.0 17.0 73.0 835.0 592.0 835.0 
1 2 0.67 0.67 503.0 75.0 503.0 763.0 405.0 763.0 
1 2 0.53 0.53 712.0 320.0 712.0 295.0 26.0 295.0 
1 2 0.87 0.87 374.0 199.0 374.0 720.0 245.0 720.0 
1 2 0.51 0.51 700.0 112.0 700.0 866.0 307.0 866.0 
1 2 0.82 0.82 586.0 462.0 586.0 936.0 37.0 936.0 
1 3 0.91 0.91 586.0 462.0 586.0 936.0 37.0 936.0 657.0 56.0 657.0 
1 2 0.99 0.99 11.0 5.0 11.0 512.0 275.0 512.0 
1 2 0.84 0.84 167.0 129.0 167.0 120.0 9.0 120.0 
1 2 0.78 0.78 608.0 163.0 608.0 664.0 342.0 664.0 
1 2 0.35 0.35 752.0 91.0 752.0 758.0 178.0 758.0 
1 2 0.89 0.89 205.0 147.0 205.0 877.0 159.0 877.0 
1 2 0.34 0.34 660.0 183.0 660.0 218.0 15.0 218.0 
1 2 0.9 0.9 659.0 88.0 659.0 997.0 769.0 997.0 
1 2 0.71 0.71 121.0 59.0 121.0 151.0 35.0 151.0 
1 2 0.66 0.66 206.0 114.0 206.0 910.0 104.0 910.0 
1 2 0.9 0.9 880.0 375.0 880.0 501.0 239.0 501.0 
1 2 0.97 0.97 158.0 32.0 158.0 330.0 255.0 330.0 
1 2 0.08 0.08 883.0 51.0 883.0 193.0 5.0 193.0 
1 3 0.92 0.92 883.0 51.0 883.0 193.0 5.0 193.0 594.0 501.0 594.0 
1 2 0.69 0.69 871.0 252.0 871.0 259.0 105.0 259.0 
1 3 0.87 0.87 871.0 252.0 871.0 259.0 105.0 259.0 316.0 56.0 316.0 
1 2 0.95 0.95 59.0 31.0 59.0 794.0 344.0 794.0 
1 2 0.15 0.15 752.0 112.0 752.0 538.0 3.0 538.0 
1 3 0.21 0.21 752.0 112.0 752.0 538.0 3.0 538.0 495.0 32.0 495.0 
1 2 0.44 0.44 948.0 111.0 948.0 481.0 156.0 481.0 
1 2 0.99 0.99 660.0 214.0 660.0 6.0 4.0 6.0 
1 2 0.55 0.55 538.0 165.0 538.0 349.0 88.0 349.0 
1 2 0.52 0.52 123.0 29.0 123.0 172.0 50.0 172.0 
1 3 0.82 0.82 123.0 29.0 123.0 172.0 50.0 172.0 33.0 10.0 33.0 
1 2 0.85 0.85 631.0 164.0 631.0 253.0 150.0 253.0 
1 2 0.97 0.97 820.0 39.0 820.0 279.0 258.0 279.0 
1 2 0.97 0.97 451.0 315.0 451.0 294.0 81.0 294.0 
1 2 0.62 0.62 484.0 277.0 484.0 523.0 27.0 523.0 
1 2 0.62 0.62 700.0 1.0 700.0 581.0 365.0 581.0 
1 2 0.87 0.87 458.0 310.0 458.0 478.0 94.0 478.0 
1 2 0.53 0.53 651.0 169.0 651.0 36.0 10.0 36.0 
1 2 0.98 0.98 788.0 271.0 788.0 471.0 303.0 471.0 
1 2 0.79 0.79 834.0 136.0 834.0 429.0 271.0 429.0 
1 2 0.76 0.76 308.0 68.0 308.0 163.0 88.0 163.0 
1 2 0.94 0.94 947.0 833.0 947.0 414.0 25.0 414.0 
1 2 0.8 0.8 101.0 22.0 101.0 746.0 439.0 746.0 
1 2 0.96 0.96 658.0 22.0 658.0 236.0 219.0 236.0 
1 2 0.98 0.98 829.0 197.0 829.0 28.0 21.0 28.0 
1 2 0.74 0.74 971.0 581.0 971.0 865.0 124.0 865.0 
1 2 0.81 0.81 410.0 112.0 410.0 497.0 268.0 497.0 
1 2 0.93 0.93 902.0 262.0 902.0 139.0 89.0 139.0 
1 2 0.97 0.97 835.0 236.0 835.0 276.0 191.0 276.0 
1 2 0.5 0.5 267.0 94.0 267.0 446.0 67.0 446.0 
1 3 0.75 0.75 267.0 94.0 267.0 446.0 67.0 446.0 989.0 249.0 989.0 
1 2 0.52 0.52 961.0 495.0 961.0 175.0 1.0 175.0 
1 2 0.99 0.99 899.0 637.0 899.0 88.0 25.0 88.0 
1 2 0.61 0.61 864.0 442.0 864.0 807.0 86.0 807.0 
1 3 0.92 0.92 864.0 442.0 864.0 807.0 86.0 807.0 87.0 27.0 87.0 
1 2 0.65 0.65 95.0 61.0 95.0 546.0 8.0 546.0 
1 3 0.81 0.81 95.0 61.0 95.0 546.0 8.0 546.0 109.0 17.0 109.0 
1 2 0.59 0.59 336.0 52.0 336.0 739.0 325.0 739.0 
1 2 0.96 0.96 299.0 177.0 299.0 707.0 265.0 707.0 
1 2 0.73 0.73 246.0 164.0 246.0 744.0 53.0 744.0 
1 2 0.69 0.69 125.0 15.0 125.0 139.0 80.0 139.0 
1 2 0.92 0.92 169.0 62.0 169.0 700.0 394.0 700.0 
1 2 0.49 0.49 249.0 28.0 249.0 247.0 95.0 247.0 
1 3 0.6 0.6 249.0 28.0 249.0 247.0 95.0 247.0 620.0 64.0 620.0 
1 4 0.94 0.94 249.0 28.0 249.0 247.0 95.0 247.0 620.0 64.0 620.0 569.0 198.0 569.0 
1 2 0.92 0.92 603.0 97.0 603.0 512.0 390.0 512.0 
1 2 0.87 0.87 278.0 58.0 278.0 759.0 504.0 759.0 
1 2 0.76 0.76 560.0 319.0 560.0 320.0 62.0 320.0 
1 2 0.74 0.74 930.0 377.0 930.0 554.0 190.0 554.0 
1 2 0.86 0.86 409.0 281.0 409.0 331.0 58.0 331.0 
1 2 0.95 0.95 767.0 226.0 767.0 435.0 288.0 435.0 
1 2 0.88 0.88 862.0 639.0 862.0 511.0 75.0 511.0 
1 2 0.99 0.99 797.0 124.0 797.0 835.0 699.0 835.0 
1 2 0.5 0.5 32.0 4.0 32.0 298.0 114.0 298.0 
1 2 0.55 0.55 240.0 81.0 240.0 874.0 187.0 874.0 
1 2 0.88 0.88 210.0 172.0 210.0 678.0 47.0 678.0 
1 2 0.81 0.81 28.0 18.0 28.0 730.0 123.0 730.0 
1 2 0.87 0.87 384.0 18.0 384.0 809.0 673.0 809.0 
1 2 0.88 0.88 510.0 165.0 510.0 486.0 272.0 486.0 
1 2 0.75 0.75 596.0 92.0 596.0 707.0 426.0 707.0 
1 2 0.61 0.61 446.0 31.0 446.0 394.0 215.0 394.0 
1 2 0.84 0.84 220.0 161.0 220.0 659.0 76.0 659.0 
1 2 0.65 0.65 972.0 559.0 972.0 93.0 7.0 93.0 
1 2 0.94 0.94 324.0 294.0 324.0 573.0 22.0 573.0 
1 2 0.97 0.97 482.0 353.0 482.0 551.0 136.0 551.0 
1 2 0.99 0.99 876.0 822.0 876.0 902.0 54.0 902.0 
1 2 0.92 0.92 955.0 280.0 955.0 663.0 419.0 663.0 
1 2 0.72 0.72 884.0 11.0 884.0 973.0 698.0 973.0 
1 2 0.72 0.72 312.0 63.0 312.0 971.0 508.0 971.0 
1 3 0.82 0.82 312.0 63.0 312.0 971.0 508.0 971.0 395.0 39.0 395.0 
1 2 0.34 0.34 355.0 95.0 355.0 472.0 35.0 472.0 
1 3 0.88 0.88 355.0 95.0 355.0 472.0 35.0 472.0 804.0 433.0 804.0 
1 2 0.95 0.95 40.0 33.0 40.0 427.0 57.0 427.0 
1 2 0.96 0.96 706.0 322.0 706.0 94.0 48.0 94.0 
1 2 0.78 0.78 473.0 42.0 473.0 254.0 177.0 254.0 
1 2 0.64 0.64 206.0 128.0 206.0 234.0 5.0 234.0 
1 3 0.68 0.68 206.0 128.0 206.0 234.0 5.0 234.0 715.0 29.0 715.0 
1 2 0.91 0.91 509.0 344.0 509.0 601.0 143.0 601.0 
1 2 0.6 0.6 672.0 378.0 672.0 240.0 10.0 240.0 
1 2 0.98 0.98 417.0 269.0 417.0 197.0 66.0 197.0 
1 2 0.83 0.83 100.0 82.0 100.0 534.0 6.0 534.0 
1 2 0.5 0.5 711.0 319.0 711.0 972.0 56.0 972.0 
1 2 0.86 0.86 172.0 25.0 172.0 933.0 674.0 933.0 
1 2 0.95 0.95 591.0 38.0 591.0 203.0 180.0 203.0 
1 2 0.94 0.94 149.0 130.0 149.0 950.0 71.0 950.0 
1 2 0.23 0.23 497.0 71.0 497.0 465.0 41.0 465.0 
1 3 0.78 0.78 497.0 71.0 497.0 465.0 41.0 465.0 592.0 329.0 592.0 
1 2 0.96 0.96 101.0 31.0 101.0 52.0 34.0 52.0 
1 2 0.78 0.78 191.0 110.0 191.0 361.0 74.0 361.0 
1 2 0.89 0.89 352.0 182.0 352.0 514.0 195.0 514.0 
1 2 0.36 0.36 332.0 36.0 332.0 907.0 235.0 907.0 
1 2 0.29 0.29 457.0 74.0 457.0 973.0 128.0 973.0 
1 2 0.87 0.87 677.0 388.0 677.0 983.0 292.0 983.0 
1 2 0.2 0.2 215.0 39.0 215.0 595.0 17.0 595.0 
1 3 0.95 0.95 215.0 39.0 215.0 595.0 17.0 595.0 20.0 15.0 20.0 
1 2 0.99 0.99 716.0 268.0 716.0 631.0 394.0 631.0 
1 2 0.67 0.67 49.0 25.0 49.0 31.0 5.0 31.0 
1 2 0.99 0.99 774.0 685.0 774.0 772.0 82.0 772.0 
1 2 0.66 0.66 778.0 499.0 778.0 492.0 12.0 492.0 
1 2 0.69 0.69 622.0 52.0 622.0 364.0 223.0 364.0 
1 3 0.82 0.82 622.0 52.0 622.0 364.0 223.0 364.0 562.0 74.0 562.0 
1 2 0.95 0.95 412.0 45.0 412.0 905.0 761.0 905.0 
1 2 0.6 0.6 6.0 2.0 6.0 47.0 13.0 47.0 
1 2 0.74 0.74 636.0 427.0 636.0 558.0 42.0 558.0 
1 2 0.64 0.64 217.0 29.0 217.0 47.0 24.0 47.0 
1 2 0.93 0.93 136.0 43.0 136.0 13.0 8.0 13.0 
1 2 0.98 0.98 310.0 16.0 310.0 968.0 899.0 968.0 
1 2 0.84 0.84 500.0 108.0 500.0 576.0 364.0 576.0 
1 2 0.78 0.78 692.0 410.0 692.0 918.0 174.0 918.0 
1 2 0.89 0.89 82.0 71.0 82.0 275.0 8.0 275.0 
1 2 0.79 0.79 818.0 173.0 818.0 753.0 441.0 753.0 
1 2 0.74 0.74 108.0 19.0 108.0 491.0 281.0 491.0 
1 2 0.92 0.92 636.0 412.0 636.0 655.0 182.0 655.0 
1 2 0.73 0.73 1000.0 90.0 1000.0 995.0 645.0 995.0 
1 2 0.79 0.79 940.0 236.0 940.0 594.0 321.0 594.0 
1 3 0.9 0.9 940.0 236.0 940.0 594.0 321.0 594.0 339.0 37.0 339.0 
1 2 0.35 0.35 992.0 247.0 992.0 130.0 14.0 130.0 
1 3 0.86 0.86 992.0 247.0 992.0 130.0 14.0 130.0 459.0 232.0 459.0 
1 2 0.78 0.78 373.0 100.0 373.0 704.0 362.0 704.0 
1 2 0.26 0.26 409.0 63.0 409.0 877.0 95.0 877.0 
1 3 0.74 0.74 409.0 63.0 409.0 877.0 95.0 877.0 701.0 341.0 701.0 
1 2 0.72 0.72 813.0 545.0 813.0 762.0 42.0 762.0 
1 2 0.83 0.83 400.0 43.0 400.0 340.0 246.0 340.0 
1 2 0.94 0.94 906.0 37.0 906.0 153.0 139.0 153.0 
1 2 0.99 0.99 508.0 365.0 508.0 832.0 230.0 832.0 
1 2 0.47 0.47 107.0 38.0 107.0 686.0 83.0 686.0 
1 2 0.74 0.74 40.0 29.0 40.0 586.0 14.0 586.0 
1 3 0.78 0.78 40.0 29.0 40.0 586.0 14.0 586.0 31.0 1.0 31.0 
1 4 0.94 0.94 40.0 29.0 40.0 586.0 14.0 586.0 31.0 1.0 31.0 6.0 1.0 6.0 
1 2 0.52 0.52 474.0 106.0 474.0 253.0 77.0 253.0 
1 2 0.87 0.87 843.0 455.0 843.0 863.0 288.0 863.0 
1 2 0.82 0.82 134.0 6.0 134.0 215.0 167.0 215.0 
1 2 0.85 0.85 563.0 184.0 563.0 93.0 49.0 93.0 
1 2 0.78 0.78 580.0 255.0 580.0 751.0 256.0 751.0 
1 2 0.81 0.81 241.0 1.0 241.0 196.0 158.0 196.0 
1 2 0.65 0.65 36.0 23.0 36.0 780.0 13.0 780.0 
1 2 0.84 0.84 683.0 121.0 683.0 684.0 455.0 684.0 
1 2 0.95 0.95 640.0 75.0 640.0 984.0 825.0 984.0 
1 2 0.85 0.85 449.0 4.0 449.0 229.0 194.0 229.0 
1 2 0.74 0.74 931.0 526.0 931.0 483.0 85.0 483.0 
1 2 0.31 0.31 526.0 65.0 526.0 32.0 6.0 32.0 
1 3 0.91 0.91 526.0 65.0 526.0 32.0 6.0 32.0 419.0 251.0 419.0 
1 2 0.57 0.57 752.0 26.0 752.0 494.0 269.0 494.0 
1 2 0.19 0.19 327.0 8.0 327.0 592.0 101.0 592.0 
1 3 0.82 0.82 327.0 8.0 327.0 592.0 101.0 592.0 482.0 302.0 482.0 
1 2 0.94 0.94 756.0 162.0 756.0 614.0 449.0 614.0 
1 2 0.86 0.86 243.0 44.0 243.0 75.0 51.0 75.0 
1 2 0.66 0.66 916.0 443.0 916.0 34.0 6.0 34.0 
1 3 0.88 0.88 916.0 443.0 916.0 34.0 6.0 34.0 841.0 193.0 841.0 
1 2 0.66 0.66 433.0 34.0 433.0 392.0 228.0 392.0 
1 2 0.62 0.62 300.0 45.0 300.0 943.0 451.0 943.0 
1 2 0.93 0.93 43.0 16.0 43.0 787.0 443.0 787.0 
1 2 0.79 0.79 555.0 80.0 555.0 690.0 450.0 690.0 
1 2 0.97 0.97 201.0 109.0 201.0 409.0 177.0 409.0 
1 2 0.89 0.89 368.0 219.0 368.0 656.0 200.0 656.0 
1 2 0.94 0.94 35.0 20.0 35.0 589.0 220.0 589.0 
1 2 0.95 0.95 436.0 38.0 436.0 97.0 84.0 97.0 
1 2 0.82 0.82 613.0 454.0 613.0 93.0 8.0 93.0 
1 2 0.99 0.99 609.0 593.0 609.0 174.0 4.0 174.0 
1 2 0.06 0.06 193.0 12.0 193.0 859.0 2.0 859.0 
1 3 0.65 0.65 193.0 12.0 193.0 859.0 2.0 859.0 571.0 337.0 571.0 
1 2 0.56 0.56 312.0 107.0 312.0 654.0 145.0 654.0 
1 2 0.5 0.5 675.0 216.0 675.0 354.0 66.0 354.0 
1 3 0.54 0.54 675.0 216.0 675.0 354.0 66.0 354.0 897.0 31.0 897.0 
1 2 0.96 0.96 353.0 316.0 353.0 978.0 68.0 978.0 
1 2 0.63 0.63 255.0 1.0 255.0 460.0 292.0 460.0 
1 2 0.63 0.63 603.0 167.0 603.0 969.0 343.0 969.0 
1 3 0.77 0.77 603.0 167.0 603.0 969.0 343.0 969.0 70.0 10.0 70.0 
1 2 0.54 0.54 349.0 84.0 349.0 220.0 68.0 220.0 
1 3 0.79 0.79 349.0 84.0 349.0 220.0 68.0 220.0 732.0 176.0 732.0 
1 2 0.96 0.96 568.0 238.0 568.0 481.0 264.0 481.0 
1 2 0.83 0.83 241.0 13.0 241.0 635.0 494.0 635.0 
1 2 0.88 0.88 861.0 31.0 861.0 137.0 116.0 137.0 
1 2 0.78 0.78 944.0 251.0 944.0 272.0 142.0 272.0 
1 2 0.74 0.74 827.0 557.0 827.0 803.0 55.0 803.0 
1 2 0.72 0.72 419.0 170.0 419.0 332.0 107.0 332.0 
1 2 0.9 0.9 643.0 73.0 643.0 303.0 239.0 303.0 
1 2 0.9 0.9 224.0 12.0 224.0 67.0 57.0 67.0 
1 2 0.48 0.48 777.0 239.0 777.0 444.0 77.0 444.0 
1 2 0.6 0.6 350.0 75.0 350.0 269.0 105.0 269.0 
1 2 0.81 0.81 156.0 92.0 156.0 9.0 2.0 9.0 
1 2 0.84 0.84 334.0 172.0 334.0 590.0 197.0 590.0 
1 2 0.83 0.83 627.0 367.0 627.0 270.0 67.0 270.0 
1 2 0.92 0.92 470.0 169.0 470.0 153.0 86.0 153.0 
1 2 0.93 0.93 105.0 35.0 105.0 766.0 458.0 766.0 
1 2 0.89 0.89 510.0 400.0 510.0 872.0 100.0 872.0 
1 3 0.93 0.93 510.0 400.0 510.0 872.0 100.0 872.0 570.0 23.0 570.0 
1 2 0.55 0.55 717.0 118.0 717.0 441.0 173.0 441.0 
1 2 0.47 0.47 496.0 233.0 496.0 313.0 3.0 313.0 
1 2 0.62 0.62 75.0 3.0 75.0 936.0 548.0 936.0 
1 2 0.46 0.46 759.0 49.0 759.0 257.0 103.0 257.0 
1 2 0.4 0.4 190.0 7.0 190.0 822.0 302.0 822.0 
1 3 0.87 0.87 190.0 7.0 190.0 822.0 302.0 822.0 156.0 74.0 156.0 
1 2 0.9 0.9 601.0 187.0 601.0 782.0 463.0 782.0 
1 2 0.99 0.99 438.0 384.0 438.0 600.0 72.0 600.0 
1 2 0.72 0.72 530.0 342.0 530.0 124.0 10.0 124.0 
1 2 0.95 0.95 195.0 120.0 195.0 103.0 35.0 103.0 
1 2 0.8 0.8 374.0 288.0 374.0 601.0 19.0 601.0 
1 2 0.32 0.32 637.0 138.0 637.0 513.0 54.0 513.0 
1 2 0.56 0.56 497.0 197.0 497.0 195.0 33.0 195.0 
1 3 0.62 0.62 497.0 197.0 497.0 195.0 33.0 195.0 477.0 30.0 477.0 
1 2 0.87 0.87 614.0 148.0 614.0 520.0 329.0 520.0 
1 2 0.95 0.95 333.0 207.0 333.0 889.0 293.0 889.0 
1 2 0.87 0.87 818.0 471.0 818.0 481.0 145.0 481.0 
1 3 0.9 0.9 818.0 471.0 818.0 481.0 145.0 481.0 37.0 1.0 37.0 
1 2 0.13 0.13 156.0 1.0 156.0 290.0 38.0 290.0 
1 3 0.97 0.97 156.0 1.0 156.0 290.0 38.0 290.0 982.0 821.0 982.0 
1 2 0.85 0.85 412.0 241.0 412.0 81.0 22.0 81.0 
1 2 0.97 0.97 636.0 618.0 636.0 971.0 7.0 971.0 
1 2 0.55 0.55 399.0 194.0 399.0 626.0 41.0 626.0 
1 2 0.86 0.86 397.0 290.0 397.0 60.0 8.0 60.0 
1 2 0.8 0.8 893.0 520.0 893.0 664.0 151.0 664.0 
1 2 0.89 0.89 878.0 421.0 878.0 233.0 96.0 233.0 
1 2 0.55 0.55 147.0 76.0 147.0 588.0 22.0 588.0 
1 3 0.77 0.77 147.0 76.0 147.0 588.0 22.0 588.0 18.0 4.0 18.0 
1 4 0.84 0.84 147.0 76.0 147.0 588.0 22.0 588.0 18.0 4.0 18.0 69.0 5.0 69.0 
1 2 0.87 0.87 797.0 257.0 797.0 210.0 115.0 210.0 
1 2 0.6 0.6 336.0 61.0 336.0 533.0 224.0 533.0 
1 3 0.98 0.98 336.0 61.0 336.0 533.0 224.0 533.0 640.0 246.0 640.0 
1 2 0.36 0.36 329.0 90.0 329.0 33.0 3.0 33.0 
1 3 0.97 0.97 329.0 90.0 329.0 33.0 3.0 33.0 700.0 430.0 700.0 
1 2 0.33 0.33 366.0 1.0 366.0 946.0 312.0 946.0 
1 2 0.95 0.95 362.0 157.0 362.0 404.0 209.0 404.0 
1 2 0.7 0.7 329.0 53.0 329.0 563.0 306.0 563.0 
1 2 0.87 0.87 413.0 310.0 413.0 745.0 96.0 745.0 
1 2 0.63 0.63 436.0 168.0 436.0 938.0 231.0 938.0 
1 2 0.4 0.4 936.0 251.0 936.0 101.0 14.0 101.0 
1 2 0.91 0.91 465.0 56.0 465.0 981.0 784.0 981.0 
1 3 0.96 0.96 465.0 56.0 465.0 981.0 784.0 981.0 575.0 27.0 575.0 
1 2 0.99 0.99 15.0 12.0 15.0 356.0 68.0 356.0 
1 2 0.52 0.52 598.0 301.0 598.0 93.0 2.0 93.0 
1 2 0.53 0.53 183.0 86.0 183.0 665.0 40.0 665.0 
1 2 0.24 0.24 917.0 28.0 917.0 339.0 72.0 339.0 
1 3 0.91 0.91 917.0 28.0 917.0 339.0 72.0 339.0 971.0 653.0 971.0 
1 2 0.96 0.96 138.0 27.0 138.0 617.0 472.0 617.0 
1 2 0.6 0.6 305.0 64.0 305.0 527.0 206.0 527.0 
1 2 0.64 0.64 154.0 64.0 154.0 48.0 11.0 48.0 
1 3 0.78 0.78 154.0 64.0 154.0 48.0 11.0 48.0 887.0 122.0 887.0 
1 2 0.76 0.76 995.0 14.0 995.0 860.0 649.0 860.0 
1 2 0.38 0.38 497.0 178.0 497.0 498.0 15.0 498.0 
1 2 0.97 0.97 728.0 613.0 728.0 868.0 116.0 868.0 
1 2 0.48 0.48 598.0 167.0 598.0 966.0 197.0 966.0 
1 3 0.91 0.91 598.0 167.0 598.0 966.0 197.0 966.0 442.0 192.0 442.0 
1 2 0.98 0.98 338.0 13.0 338.0 557.0 528.0 557.0 
1 2 0.76 0.76 413.0 6.0 413.0 556.0 415.0 556.0 
1 2 0.74 0.74 810.0 524.0 810.0 688.0 70.0 688.0 
1 2 0.85 0.85 12.0 2.0 12.0 701.0 485.0 701.0 
1 2 0.87 0.87 954.0 266.0 954.0 892.0 530.0 892.0 
1 2 0.87 0.87 550.0 398.0 550.0 353.0 52.0 353.0 
1 2 0.85 0.85 726.0 497.0 726.0 895.0 149.0 895.0 
1 2 0.71 0.71 629.0 181.0 629.0 880.0 380.0 880.0 
1 2 0.85 0.85 862.0 42.0 862.0 416.0 334.0 416.0 
1 2 0.84 0.84 291.0 133.0 291.0 739.0 290.0 739.0 
1 2 0.51 0.51 688.0 188.0 688.0 421.0 101.0 421.0 
1 2 0.78 0.78 864.0 101.0 864.0 726.0 485.0 726.0 
1 2 0.5 0.5 614.0 297.0 614.0 731.0 12.0 731.0 
1 2 0.72 0.72 181.0 53.0 181.0 991.0 428.0 991.0 
1 2 0.83 0.83 931.0 271.0 931.0 61.0 33.0 61.0 
1 2 0.96 0.96 289.0 250.0 289.0 110.0 11.0 110.0 
1 2 0.54 0.54 567.0 102.0 567.0 451.0 163.0 451.0 
1 2 0.18 0.18 360.0 1.0 360.0 774.0 142.0 774.0 
1 3 0.67 0.67 360.0 1.0 360.0 774.0 142.0 774.0 850.0 414.0 850.0 
1 2 0.83 0.83 664.0 382.0 664.0 757.0 195.0 757.0 
1 2 0.85 0.85 338.0 91.0 338.0 114.0 67.0 114.0 
1 2 0.79 0.79 135.0 93.0 135.0 428.0 44.0 428.0 
1 2 0.65 0.65 777.0 91.0 777.0 651.0 348.0 651.0 
1 3 0.79 0.79 777.0 91.0 777.0 651.0 348.0 651.0 553.0 82.0 553.0 
1 2 0.69 0.69 888.0 443.0 888.0 312.0 60.0 312.0 
1 2 0.91 0.91 510.0 210.0 510.0 483.0 241.0 483.0 
1 2 0.85 0.85 90.0 60.0 90.0 907.0 175.0 907.0 
1 2 0.75 0.75 92.0 69.0 92.0 402.0 1.0 402.0 
1 2 0.87 0.87 589.0 350.0 589.0 779.0 220.0 779.0 
1 2 0.41 0.41 824.0 30.0 824.0 610.0 232.0 610.0 
1 2 0.27 0.27 706.0 1.0 706.0 101.0 28.0 101.0 
1 3 0.53 0.53 706.0 1.0 706.0 101.0 28.0 101.0 354.0 90.0 354.0 
1 2 0.49 0.49 475.0 194.0 475.0 535.0 47.0 535.0 
1 2 0.26 0.26 898.0 28.0 898.0 82.0 19.0 82.0 
1 2 0.96 0.96 597.0 252.0 597.0 145.0 78.0 145.0 
1 2 0.99 0.99 949.0 530.0 949.0 457.0 198.0 457.0 
1 2 0.95 0.95 728.0 5.0 728.0 356.0 339.0 356.0 
1 2 0.77 0.77 45.0 16.0 45.0 322.0 134.0 322.0 
1 2 0.92 0.92 944.0 145.0 944.0 431.0 331.0 431.0 
1 2 0.6 0.6 341.0 143.0 341.0 428.0 81.0 428.0 
1 3 0.84 0.84 341.0 143.0 341.0 428.0 81.0 428.0 645.0 154.0 645.0 
1 2 0.97 0.97 211.0 30.0 211.0 672.0 561.0 672.0 
1 2 0.95 0.95 687.0 499.0 687.0 956.0 214.0 956.0 
1 2 0.96 0.96 425.0 350.0 425.0 260.0 38.0 260.0 
1 2 0.34 0.34 609.0 15.0 609.0 986.0 314.0 986.0 
1 3 0.83 0.83 609.0 15.0 609.0 986.0 314.0 986.0 523.0 255.0 523.0 
1 4 0.94 0.94 609.0 15.0 609.0 986.0 314.0 986.0 523.0 255.0 523.0 210.0 23.0 210.0 
1 2 0.96 0.96 772.0 393.0 772.0 122.0 56.0 122.0 
1 2 0.48 0.48 151.0 27.0 151.0 724.0 221.0 724.0 
1 3 0.71 0.71 151.0 27.0 151.0 724.0 221.0 724.0 992.0 226.0 992.0 
1 2 0.96 0.96 13.0 8.0 13.0 248.0 87.0 248.0 
1 2 0.68 0.68 905.0 518.0 905.0 648.0 74.0 648.0 
1 2 0.56 0.56 459.0 184.0 459.0 954.0 156.0 954.0 
1 3 0.91 0.91 459.0 184.0 459.0 954.0 156.0 954.0 102.0 36.0 102.0 
1 2 0.84 0.84 778.0 559.0 778.0 752.0 92.0 752.0 
1 2 0.99 0.99 853.0 22.0 853.0 29.0 28.0 29.0 
1 2 0.84 0.84 115.0 15.0 115.0 200.0 143.0 200.0 
1 2 0.13 0.13 548.0 21.0 548.0 129.0 12.0 129.0 
1 3 0.63 0.63 548.0 21.0 548.0 129.0 12.0 129.0 817.0 411.0 817.0 
1 2 0.12 0.12 903.0 32.0 903.0 619.0 58.0 619.0 
1 3 0.28 0.28 903.0 32.0 903.0 619.0 58.0 619.0 75.0 12.0 75.0 
1 2 0.84 0.84 508.0 37.0 508.0 738.0 572.0 738.0 
1 2 0.65 0.65 735.0 443.0 735.0 402.0 21.0 402.0 
1 2 0.61 0.61 967.0 498.0 967.0 451.0 43.0 451.0 
1 3 0.76 0.76 967.0 498.0 967.0 451.0 43.0 451.0 799.0 127.0 799.0 
1 2 0.88 0.88 752.0 70.0 752.0 360.0 286.0 360.0 
1 2 0.65 0.65 491.0 71.0 491.0 223.0 113.0 223.0 
1 2 0.3 0.3 892.0 13.0 892.0 345.0 99.0 345.0 
1 3 0.5 0.5 892.0 13.0 892.0 345.0 99.0 345.0 311.0 62.0 311.0 
1 2 0.92 0.92 254.0 76.0 254.0 439.0 273.0 439.0 
1 3 0.98 0.98 254.0 76.0 254.0 439.0 273.0 439.0 844.0 58.0 844.0 
1 2 0.92 0.92 170.0 42.0 170.0 392.0 265.0 392.0 
1 2 0.57 0.57 411.0 173.0 411.0 279.0 43.0 279.0 
1 2 0.69 0.69 246.0 155.0 246.0 882.0 57.0 882.0 
1 2 0.44 0.44 401.0 19.0 401.0 646.0 259.0 646.0 
1 2 0.92 0.92 597.0 434.0 597.0 340.0 68.0 340.0 
1 2 0.72 0.72 491.0 237.0 491.0 874.0 214.0 874.0 
1 2 0.23 0.23 658.0 12.0 658.0 471.0 101.0 471.0 
1 3 0.24 0.24 658.0 12.0 658.0 471.0 101.0 471.0 498.0 4.0 498.0 
1 2 0.85 0.85 983.0 825.0 983.0 65.0 1.0 65.0 
1 2 0.91 0.91 667.0 579.0 667.0 166.0 8.0 166.0 
1 2 0.87 0.87 905.0 665.0 905.0 301.0 43.0 301.0 
1 2 0.92 0.92 235.0 200.0 235.0 930.0 70.0 930.0 
1 2 0.4 0.4 340.0 129.0 340.0 749.0 20.0 749.0 
1 3 0.87 0.87 340.0 129.0 340.0 749.0 20.0 749.0 990.0 466.0 990.0 
1 2 0.34 0.34 995.0 72.0 995.0 812.0 219.0 812.0 
1 2 0.77 0.77 829.0 639.0 829.0 1000.0 1.0 1000.0 
1 2 0.33 0.33 957.0 303.0 957.0 363.0 5.0 363.0 
1 3 0.92 0.92 957.0 303.0 957.0 363.0 5.0 363.0 629.0 377.0 629.0 
1 2 0.93 0.93 868.0 619.0 868.0 386.0 86.0 386.0 
1 2 0.5 0.5 873.0 60.0 873.0 566.0 248.0 566.0 
1 2 0.44 0.44 451.0 38.0 451.0 992.0 358.0 992.0 
1 2 0.87 0.87 435.0 54.0 435.0 8.0 6.0 8.0 
1 2 0.9 0.9 36.0 11.0 36.0 993.0 592.0 993.0 
1 2 0.96 0.96 566.0 418.0 566.0 392.0 87.0 392.0 
1 2 0.65 0.65 747.0 194.0 747.0 25.0 10.0 25.0 
1 2 0.64 0.64 319.0 63.0 319.0 488.0 219.0 488.0 
1 3 0.73 0.73 319.0 63.0 319.0 488.0 219.0 488.0 55.0 5.0 55.0 
1 2 0.91 0.91 978.0 641.0 978.0 440.0 116.0 440.0 
1 2 0.93 0.93 480.0 345.0 480.0 962.0 212.0 962.0 
1 2 0.36 0.36 227.0 3.0 227.0 205.0 73.0 205.0 
1 2 0.87 0.87 469.0 238.0 469.0 447.0 164.0 447.0 
1 2 0.71 0.71 348.0 56.0 348.0 571.0 315.0 571.0 
1 3 0.82 0.82 348.0 56.0 348.0 571.0 315.0 571.0 708.0 81.0 708.0 
1 2 0.98 0.98 770.0 188.0 770.0 581.0 431.0 581.0 
1 2 0.72 0.72 908.0 468.0 908.0 960.0 198.0 960.0 
1 2 0.41 0.41 510.0 174.0 510.0 483.0 35.0 483.0 
1 2 0.98 0.98 75.0 17.0 75.0 328.0 250.0 328.0 
1 2 0.53 0.53 309.0 159.0 309.0 698.0 14.0 698.0 
1 2 0.79 0.79 934.0 353.0 934.0 120.0 50.0 120.0 
1 3 0.8 0.8 934.0 353.0 934.0 120.0 50.0 120.0 848.0 13.0 848.0 
1 2 0.71 0.71 619.0 268.0 619.0 175.0 50.0 175.0 
1 2 0.58 0.58 177.0 13.0 177.0 556.0 285.0 556.0 
1 2 0.91 0.91 295.0 68.0 295.0 50.0 34.0 50.0 
1 2 0.37 0.37 878.0 55.0 878.0 792.0 250.0 792.0 
1 3 0.4 0.4 878.0 55.0 878.0 792.0 250.0 792.0 526.0 16.0 526.0 
1 2 0.88 0.88 36.0 26.0 36.0 6.0 1.0 6.0 
1 2 0.58 0.58 407.0 178.0 407.0 693.0 105.0 693.0 
1 2 0.83 0.83 535.0 18.0 535.0 929.0 747.0 929.0 
1 2 0.93 0.93 498.0 121.0 498.0 488.0 340.0 488.0 
1 2 0.71 0.71 548.0 309.0 548.0 515.0 78.0 515.0 
1 2 0.86 0.86 651.0 385.0 651.0 993.0 268.0 993.0 
1 2 0.92 0.92 764.0 577.0 764.0 54.0 9.0 54.0 
1 2 0.48 0.48 439.0 8.0 439.0 959.0 448.0 959.0 
1 3 0.54 0.54 439.0 8.0 439.0 959.0 448.0 959.0 171.0 11.0 171.0 
1 2 0.92 0.92 75.0 22.0 75.0 535.0 336.0 535.0 
1 2 0.94 0.94 328.0 17.0 328.0 713.0 638.0 713.0 
1 2 0.98 0.98 950.0 220.0 950.0 941.0 710.0 941.0 
1 2 0.92 0.92 792.0 685.0 792.0 851.0 50.0 851.0 
1 2 0.82 0.82 549.0 326.0 549.0 204.0 48.0 204.0 
1 3 0.85 0.85 549.0 326.0 549.0 204.0 48.0 204.0 895.0 21.0 895.0 
1 2 0.75 0.75 681.0 60.0 681.0 740.0 492.0 740.0 
1 2 0.67 0.67 780.0 133.0 780.0 317.0 160.0 317.0 
1 2 0.55 0.55 534.0 272.0 534.0 599.0 30.0 599.0 
1 2 0.83 0.83 304.0 72.0 304.0 566.0 338.0 566.0 
1 2 0.52 0.52 771.0 346.0 771.0 39.0 3.0 39.0 
1 2 0.99 0.99 904.0 497.0 904.0 925.0 412.0 925.0 
1 2 0.45 0.45 806.0 64.0 806.0 562.0 213.0 562.0 
1 2 0.21 0.21 751.0 53.0 751.0 325.0 47.0 325.0 
1 3 0.75 0.75 751.0 53.0 751.0 325.0 47.0 325.0 391.0 212.0 391.0 
1 2 0.83 0.83 877.0 173.0 877.0 332.0 213.0 332.0 
1 2 0.6 0.6 402.0 214.0 402.0 301.0 23.0 301.0 
1 3 0.7 0.7 402.0 214.0 402.0 301.0 23.0 301.0 301.0 30.0 301.0 
1 4 0.73 0.73 402.0 214.0 402.0 301.0 23.0 301.0 301.0 30.0 301.0 390.0 9.0 390.0 
1 5 0.86 0.86 402.0 214.0 402.0 301.0 23.0 301.0 301.0 30.0 301.0 390.0 9.0 390.0 652.0 85.0 652.0 
1 2 0.76 0.76 312.0 70.0 312.0 216.0 117.0 216.0 
1 3 0.85 0.85 312.0 70.0 312.0 216.0 117.0 216.0 590.0 54.0 590.0 
1 2 0.99 0.99 259.0 29.0 259.0 107.0 95.0 107.0 
1 2 0.86 0.86 609.0 146.0 609.0 609.0 379.0 609.0 
1 2 0.74 0.74 619.0 8.0 619.0 205.0 150.0 205.0 
1 3 0.83 0.83 619.0 8.0 619.0 205.0 150.0 205.0 148.0 13.0 148.0 
1 2 0.59 0.59 325.0 173.0 325.0 32.0 2.0 32.0 
1 2 0.98 0.98 901.0 385.0 901.0 774.0 434.0 774.0 
1 2 0.4 0.4 142.0 11.0 142.0 229.0 75.0 229.0 
1 2 0.54 0.54 901.0 94.0 901.0 377.0 166.0 377.0 
1 3 0.66 0.66 901.0 94.0 901.0 377.0 166.0 377.0 728.0 84.0 728.0 
1 4 0.79 0.79 901.0 94.0 901.0 377.0 166.0 377.0 728.0 84.0 728.0 796.0 106.0 796.0 
1 5 0.92 0.92 901.0 94.0 901.0 377.0 166.0 377.0 728.0 84.0 728.0 796.0 106.0 796.0 340.0 46.0 340.0 
1 2 0.66 0.66 387.0 36.0 387.0 148.0 85.0 148.0 
1 2 0.56 0.56 579.0 317.0 579.0 477.0 10.0 477.0 
1 2 0.95 0.95 237.0 129.0 237.0 358.0 146.0 358.0 
1 2 0.23 0.23 382.0 15.0 382.0 41.0 8.0 41.0 
1 2 0.58 0.58 446.0 201.0 446.0 366.0 48.0 366.0 
1 3 0.95 0.95 446.0 201.0 446.0 366.0 48.0 366.0 947.0 356.0 947.0 
1 2 0.97 0.97 170.0 59.0 170.0 399.0 249.0 399.0 
1 2 0.49 0.49 968.0 213.0 968.0 879.0 245.0 879.0 
1 2 0.35 0.35 538.0 12.0 538.0 892.0 299.0 892.0 
1 2 0.73 0.73 257.0 143.0 257.0 676.0 123.0 676.0 
1 3 0.98 0.98 257.0 143.0 257.0 676.0 123.0 676.0 950.0 239.0 950.0 
1 2 0.88 0.88 349.0 217.0 349.0 867.0 229.0 867.0 
1 2 0.38 0.38 387.0 49.0 387.0 31.0 8.0 31.0 
1 3 0.68 0.68 387.0 49.0 387.0 31.0 8.0 31.0 309.0 93.0 309.0 
1 2 0.82 0.82 391.0 217.0 391.0 225.0 61.0 225.0 
1 3 0.86 0.86 391.0 217.0 391.0 225.0 61.0 225.0 797.0 30.0 797.0 
1 2 0.63 0.63 775.0 431.0 775.0 125.0 10.0 125.0 
1 2 0.56 0.56 368.0 155.0 368.0 231.0 33.0 231.0 
1 3 0.65 0.65 368.0 155.0 368.0 231.0 33.0 231.0 55.0 5.0 55.0 
1 2 0.71 0.71 911.0 70.0 911.0 105.0 67.0 105.0 
1 2 0.54 0.54 875.0 87.0 875.0 216.0 97.0 216.0 
1 2 0.91 0.91 596.0 308.0 596.0 974.0 391.0 974.0 
1 2 0.97 0.97 210.0 116.0 210.0 535.0 228.0 535.0 
1 2 0.71 0.71 564.0 82.0 564.0 798.0 457.0 798.0 
1 3 0.96 0.96 564.0 82.0 564.0 798.0 457.0 798.0 224.0 55.0 224.0 
1 2 0.32 0.32 509.0 107.0 509.0 262.0 31.0 262.0 
1 2 0.45 0.45 521.0 195.0 521.0 51.0 4.0 51.0 
1 2 0.34 0.34 144.0 4.0 144.0 118.0 37.0 118.0 
1 3 0.82 0.82 144.0 4.0 144.0 118.0 37.0 118.0 759.0 366.0 759.0 
1 2 0.73 0.73 519.0 168.0 519.0 541.0 223.0 541.0 
1 2 0.95 0.95 61.0 57.0 61.0 526.0 13.0 526.0 
1 2 0.99 0.99 797.0 591.0 797.0 699.0 175.0 699.0 
1 2 0.68 0.68 76.0 12.0 76.0 634.0 336.0 634.0 
1 2 0.86 0.86 435.0 141.0 435.0 649.0 348.0 649.0 
1 2 0.27 0.27 827.0 108.0 827.0 416.0 61.0 416.0 
1 3 0.77 0.77 827.0 108.0 827.0 416.0 61.0 416.0 765.0 378.0 765.0 
1 2 0.51 0.51 888.0 4.0 888.0 791.0 404.0 791.0 
1 2 0.8 0.8 755.0 93.0 755.0 994.0 681.0 994.0 
1 2 0.5 0.5 618.0 148.0 618.0 591.0 154.0 591.0 
1 2 0.85 0.85 545.0 105.0 545.0 254.0 169.0 254.0 
1 2 0.8 0.8 552.0 420.0 552.0 912.0 39.0 912.0 
1 2 0.77 0.77 611.0 359.0 611.0 429.0 79.0 429.0 
1 2 0.81 0.81 263.0 195.0 263.0 789.0 55.0 789.0 
1 2 0.21 0.21 94.0 11.0 94.0 678.0 66.0 678.0 
1 2 0.83 0.83 994.0 487.0 994.0 291.0 99.0 291.0 
1 2 0.64 0.64 781.0 485.0 781.0 142.0 4.0 142.0 
1 3 0.68 0.68 781.0 485.0 781.0 142.0 4.0 142.0 840.0 30.0 840.0 
1 2 0.66 0.66 205.0 31.0 205.0 944.0 486.0 944.0 
1 2 0.93 0.93 527.0 469.0 527.0 517.0 22.0 517.0 
1 2 0.83 0.83 826.0 49.0 826.0 332.0 257.0 332.0 
1 2 0.29 0.29 154.0 43.0 154.0 742.0 14.0 742.0 
1 3 0.97 0.97 154.0 43.0 154.0 742.0 14.0 742.0 672.0 452.0 672.0 
1 2 0.89 0.89 964.0 694.0 964.0 216.0 38.0 216.0 
1 2 0.87 0.87 436.0 86.0 436.0 778.0 528.0 778.0 
1 2 0.79 0.79 828.0 624.0 828.0 853.0 36.0 853.0 
1 2 0.7 0.7 707.0 138.0 707.0 770.0 396.0 770.0 
1 2 0.63 0.63 104.0 57.0 104.0 289.0 26.0 289.0 
1 3 0.94 0.94 104.0 57.0 104.0 289.0 26.0 289.0 172.0 53.0 172.0 
1 2 0.74 0.74 632.0 18.0 632.0 993.0 716.0 993.0 
1 2 0.93 0.93 641.0 62.0 641.0 804.0 673.0 804.0 
1 3 0.95 0.95 641.0 62.0 641.0 804.0 673.0 804.0 856.0 17.0 856.0 
1 2 0.99 0.99 578.0 268.0 578.0 597.0 318.0 597.0 
1 2 0.25 0.25 66.0 12.0 66.0 931.0 64.0 931.0 
1 3 0.96 0.96 66.0 12.0 66.0 931.0 64.0 931.0 529.0 379.0 529.0 
1 2 0.97 0.97 297.0 168.0 297.0 196.0 80.0 196.0 
1 2 0.34 0.34 981.0 49.0 981.0 178.0 53.0 178.0 
1 2 0.99 0.99 831.0 435.0 831.0 634.0 297.0 634.0 
1 2 0.79 0.79 96.0 7.0 96.0 172.0 125.0 172.0 
1 2 0.98 0.98 540.0 41.0 540.0 755.0 688.0 755.0 
1 2 0.85 0.85 770.0 49.0 770.0 824.0 656.0 824.0 
1 2 0.6 0.6 73.0 35.0 73.0 174.0 21.0 174.0 
1 2 0.89 0.89 356.0 246.0 356.0 5.0 1.0 5.0 
1 2 0.89 0.89 690.0 565.0 690.0 109.0 8.0 109.0 
1 3 0.95 0.95 690.0 565.0 690.0 109.0 8.0 109.0 263.0 16.0 263.0 
1 2 0.6 0.6 797.0 284.0 797.0 12.0 3.0 12.0 
1 2 0.8 0.8 937.0 6.0 937.0 244.0 195.0 244.0 
1 2 0.26 0.26 426.0 17.0 426.0 342.0 78.0 342.0 
1 2 0.95 0.95 144.0 90.0 144.0 746.0 244.0 746.0 
1 2 0.63 0.63 991.0 452.0 991.0 519.0 91.0 519.0 
1 2 0.54 0.54 354.0 12.0 354.0 66.0 34.0 66.0 
1 2 0.87 0.87 816.0 421.0 816.0 493.0 175.0 493.0 
1 2 0.81 0.81 350.0 40.0 350.0 520.0 364.0 520.0 
1 2 0.67 0.67 350.0 127.0 350.0 673.0 208.0 673.0 
1 2 0.34 0.34 320.0 11.0 320.0 422.0 131.0 422.0 
1 2 0.55 0.55 944.0 186.0 944.0 844.0 303.0 844.0 
1 2 0.78 0.78 723.0 406.0 723.0 452.0 101.0 452.0 
1 2 0.88 0.88 529.0 41.0 529.0 609.0 489.0 609.0 
1 2 0.77 0.77 375.0 199.0 375.0 153.0 38.0 153.0 
1 2 0.67 0.67 305.0 149.0 305.0 306.0 57.0 306.0 
1 2 0.85 0.85 301.0 45.0 301.0 536.0 380.0 536.0 
1 2 0.98 0.98 519.0 52.0 519.0 610.0 539.0 610.0 
1 2 0.95 0.95 879.0 618.0 879.0 4.0 1.0 4.0 
1 2 0.9 0.9 75.0 57.0 75.0 196.0 28.0 196.0 
1 2 0.73 0.73 409.0 260.0 409.0 555.0 53.0 555.0 
1 3 0.95 0.95 409.0 260.0 409.0 555.0 53.0 555.0 742.0 164.0 742.0 
1 2 0.28 0.28 959.0 174.0 959.0 841.0 84.0 841.0 
1 3 0.73 0.73 959.0 174.0 959.0 841.0 84.0 841.0 366.0 166.0 366.0 
1 2 0.8 0.8 956.0 67.0 956.0 347.0 256.0 347.0 
1 2 0.57 0.57 230.0 95.0 230.0 509.0 80.0 509.0 
1 2 0.6 0.6 604.0 251.0 604.0 574.0 107.0 574.0 
1 2 0.92 0.92 251.0 181.0 251.0 848.0 172.0 848.0 
1 3 0.93 0.93 251.0 181.0 251.0 848.0 172.0 848.0 92.0 1.0 92.0 
1 2 0.58 0.58 536.0 293.0 536.0 106.0 4.0 106.0 
1 3 0.63 0.63 536.0 293.0 536.0 106.0 4.0 106.0 175.0 9.0 175.0 
1 2 0.72 0.72 447.0 306.0 447.0 25.0 1.0 25.0 
1 3 0.96 0.96 447.0 306.0 447.0 25.0 1.0 25.0 999.0 236.0 999.0 
1 2 0.82 0.82 829.0 130.0 829.0 897.0 597.0 897.0 
1 2 0.77 0.77 55.0 36.0 55.0 796.0 94.0 796.0 
1 2 0.92 0.92 856.0 502.0 856.0 805.0 274.0 805.0 
1 2 0.86 0.86 960.0 640.0 960.0 284.0 56.0 284.0 
1 2 0.63 0.63 70.0 42.0 70.0 277.0 9.0 277.0 
1 2 0.92 0.92 397.0 65.0 397.0 227.0 172.0 227.0 
1 2 0.97 0.97 146.0 25.0 146.0 884.0 709.0 884.0 
1 2 0.78 0.78 823.0 535.0 823.0 271.0 37.0 271.0 
1 2 0.81 0.81 115.0 9.0 115.0 985.0 727.0 985.0 
1 2 0.57 0.57 292.0 76.0 292.0 916.0 288.0 916.0 
1 2 0.49 0.49 666.0 78.0 666.0 68.0 26.0 68.0 
1 3 0.82 0.82 666.0 78.0 666.0 68.0 26.0 68.0 126.0 41.0 126.0 
1 2 0.73 0.73 45.0 19.0 45.0 907.0 283.0 907.0 
1 2 0.95 0.95 118.0 85.0 118.0 681.0 162.0 681.0 
1 3 0.99 0.99 118.0 85.0 118.0 681.0 162.0 681.0 336.0 13.0 336.0 
1 2 0.99 0.99 669.0 387.0 669.0 291.0 122.0 291.0 
1 2 0.96 0.96 153.0 72.0 153.0 633.0 312.0 633.0 
1 2 0.93 0.93 794.0 201.0 794.0 379.0 259.0 379.0 
1 2 0.7 0.7 324.0 16.0 324.0 389.0 256.0 389.0 
1 3 0.73 0.73 324.0 16.0 324.0 389.0 256.0 389.0 98.0 3.0 98.0 
1 2 0.55 0.55 550.0 146.0 550.0 847.0 243.0 847.0 
1 2 0.65 0.65 838.0 129.0 838.0 123.0 62.0 123.0 
1 2 0.84 0.84 579.0 392.0 579.0 685.0 116.0 685.0 
1 2 0.85 0.85 608.0 310.0 608.0 187.0 64.0 187.0 
1 2 0.59 0.59 796.0 69.0 796.0 891.0 450.0 891.0 
1 2 0.22 0.22 517.0 70.0 517.0 384.0 36.0 384.0 
1 2 0.93 0.93 918.0 389.0 918.0 94.0 48.0 94.0 
1 2 0.67 0.67 716.0 434.0 716.0 351.0 24.0 351.0 
1 2 0.92 0.92 329.0 189.0 329.0 873.0 306.0 873.0 
1 2 0.9 0.9 273.0 53.0 273.0 713.0 510.0 713.0 
1 2 0.9 0.9 680.0 106.0 680.0 276.0 207.0 276.0 
1 2 0.92 0.92 857.0 439.0 857.0 661.0 276.0 661.0 
1 2 0.97 0.97 997.0 617.0 997.0 598.0 212.0 598.0 
1 2 0.38 0.38 184.0 37.0 184.0 943.0 173.0 943.0 
1 3 0.95 0.95 184.0 37.0 184.0 943.0 173.0 943.0 7.0 4.0 7.0 
1 2 0.55 0.55 185.0 94.0 185.0 873.0 45.0 873.0 
1 2 0.88 0.88 456.0 6.0 456.0 713.0 625.0 713.0 
1 2 0.78 0.78 53.0 20.0 53.0 777.0 316.0 777.0 
1 2 0.92 0.92 198.0 60.0 198.0 725.0 452.0 725.0 
1 2 0.74 0.74 587.0 374.0 587.0 348.0 37.0 348.0 
1 2 0.42 0.42 570.0 158.0 570.0 224.0 32.0 224.0 
1 2 0.73 0.73 261.0 150.0 261.0 138.0 22.0 138.0 
1 2 0.94 0.94 684.0 237.0 684.0 197.0 117.0 197.0 
1 2 0.82 0.82 395.0 193.0 395.0 397.0 132.0 397.0 
1 2 0.85 0.85 747.0 336.0 747.0 418.0 169.0 418.0 
1 2 0.41 0.41 195.0 17.0 195.0 381.0 123.0 381.0 
1 3 0.98 0.98 195.0 17.0 195.0 381.0 123.0 381.0 871.0 505.0 871.0 
1 2 0.23 0.23 351.0 39.0 351.0 313.0 38.0 313.0 
1 3 0.75 0.75 351.0 39.0 351.0 313.0 38.0 313.0 121.0 63.0 121.0 
1 2 0.59 0.59 682.0 355.0 682.0 429.0 32.0 429.0 
1 3 0.64 0.64 682.0 355.0 682.0 429.0 32.0 429.0 203.0 10.0 203.0 
1 4 0.98 0.98 682.0 355.0 682.0 429.0 32.0 429.0 203.0 10.0 203.0 798.0 275.0 798.0 
1 2 0.71 0.71 930.0 377.0 930.0 268.0 83.0 268.0 
1 3 0.82 0.82 930.0 377.0 930.0 268.0 83.0 268.0 374.0 40.0 374.0 
1 2 0.85 0.85 338.0 9.0 338.0 615.0 507.0 615.0 
1 2 0.69 0.69 683.0 284.0 683.0 432.0 122.0 432.0 
1 2 0.99 0.99 979.0 613.0 979.0 523.0 193.0 523.0 
1 2 0.73 0.73 356.0 82.0 356.0 325.0 164.0 325.0 
1 3 0.94 0.94 356.0 82.0 356.0 325.0 164.0 325.0 558.0 119.0 558.0 
1 2 0.92 0.92 326.0 39.0 326.0 750.0 602.0 750.0 
1 2 0.63 0.63 482.0 304.0 482.0 786.0 3.0 786.0 
1 2 0.42 0.42 380.0 51.0 380.0 901.0 261.0 901.0 
1 3 0.74 0.74 380.0 51.0 380.0 901.0 261.0 901.0 167.0 53.0 167.0 
1 4 0.75 0.75 380.0 51.0 380.0 901.0 261.0 901.0 167.0 53.0 167.0 164.0 3.0 164.0 
1 2 0.91 0.91 526.0 49.0 526.0 270.0 221.0 270.0 
1 2 0.72 0.72 658.0 386.0 658.0 572.0 78.0 572.0 
1 2 0.81 0.81 706.0 417.0 706.0 793.0 177.0 793.0 
1 3 0.82 0.82 706.0 417.0 706.0 793.0 177.0 793.0 135.0 1.0 135.0 
1 2 0.95 0.95 570.0 231.0 570.0 272.0 150.0 272.0 
1 2 0.97 0.97 44.0 14.0 44.0 701.0 460.0 701.0 
1 2 0.99 0.99 513.0 239.0 513.0 944.0 498.0 944.0 
1 2 0.6 0.6 141.0 24.0 141.0 227.0 99.0 227.0 
1 2 0.95 0.95 614.0 354.0 614.0 415.0 159.0 415.0 
1 2 0.45 0.45 168.0 28.0 168.0 146.0 42.0 146.0 
1 2 0.83 0.83 83.0 32.0 83.0 921.0 410.0 921.0 
1 2 0.96 0.96 744.0 400.0 744.0 101.0 43.0 101.0 
1 2 0.92 0.92 477.0 23.0 477.0 592.0 520.0 592.0 
1 2 0.79 0.79 731.0 33.0 731.0 334.0 250.0 334.0 
1 2 0.91 0.91 117.0 87.0 117.0 783.0 134.0 783.0 
1 2 0.99 0.99 653.0 429.0 653.0 932.0 319.0 932.0 
1 2 0.62 0.62 35.0 19.0 35.0 250.0 21.0 250.0 
1 2 0.87 0.87 368.0 180.0 368.0 389.0 150.0 389.0 
1 2 0.66 0.66 799.0 278.0 799.0 985.0 310.0 985.0 
1 2 0.06 0.06 226.0 2.0 226.0 816.0 49.0 816.0 
1 3 0.72 0.72 226.0 2.0 226.0 816.0 49.0 816.0 26.0 17.0 26.0 
1 2 0.81 0.81 761.0 320.0 761.0 422.0 168.0 422.0 
1 2 0.94 0.94 312.0 209.0 312.0 519.0 143.0 519.0 
1 2 0.86 0.86 923.0 157.0 923.0 569.0 398.0 569.0 
1 2 0.95 0.95 594.0 62.0 594.0 773.0 655.0 773.0 
1 2 0.59 0.59 303.0 18.0 303.0 227.0 121.0 227.0 
1 2 0.42 0.42 476.0 25.0 476.0 508.0 188.0 508.0 
1 3 0.74 0.74 476.0 25.0 476.0 508.0 188.0 508.0 431.0 139.0 431.0 
1 2 0.99 0.99 165.0 92.0 165.0 648.0 283.0 648.0 
1 2 0.85 0.85 554.0 239.0 554.0 31.0 13.0 31.0 
1 2 0.62 0.62 91.0 42.0 91.0 334.0 55.0 334.0 
1 3 0.9 0.9 91.0 42.0 91.0 334.0 55.0 334.0 765.0 215.0 765.0 
1 2 0.97 0.97 727.0 12.0 727.0 612.0 589.0 612.0 
1 2 0.65 0.65 55.0 33.0 55.0 634.0 35.0 634.0 
1 2 0.24 0.24 720.0 106.0 720.0 51.0 5.0 51.0 
1 2 0.91 0.91 715.0 316.0 715.0 190.0 90.0 190.0 
1 2 0.42 0.42 928.0 1.0 928.0 353.0 149.0 353.0 
1 2 0.57 0.57 727.0 230.0 727.0 420.0 109.0 420.0 
1 2 0.36 0.36 618.0 144.0 618.0 88.0 12.0 88.0 
1 2 0.17 0.17 739.0 44.0 739.0 923.0 111.0 923.0 
1 3 0.79 0.79 739.0 44.0 739.0 923.0 111.0 923.0 884.0 546.0 884.0 
1 2 0.68 0.68 380.0 58.0 380.0 197.0 105.0 197.0 
1 2 0.74 0.74 302.0 219.0 302.0 593.0 14.0 593.0 
1 3 0.88 0.88 302.0 219.0 302.0 593.0 14.0 593.0 22.0 3.0 22.0 
1 2 0.84 0.84 713.0 206.0 713.0 214.0 119.0 214.0 
1 2 0.68 0.68 293.0 166.0 293.0 862.0 104.0 862.0 
1 2 0.79 0.79 595.0 434.0 595.0 992.0 66.0 992.0 
1 3 0.91 0.91 595.0 434.0 595.0 992.0 66.0 992.0 487.0 57.0 487.0 
1 2 0.73 0.73 294.0 162.0 294.0 511.0 92.0 511.0 
1 2 0.43 0.43 611.0 164.0 611.0 707.0 116.0 707.0 
1 3 0.94 0.94 611.0 164.0 611.0 707.0 116.0 707.0 64.0 33.0 64.0 
1 2 0.94 0.94 675.0 57.0 675.0 529.0 457.0 529.0 
1 2 0.39 0.39 380.0 54.0 380.0 640.0 164.0 640.0 
1 2 0.98 0.98 128.0 65.0 128.0 94.0 45.0 94.0 
1 2 0.63 0.63 802.0 392.0 802.0 95.0 14.0 95.0 
1 2 0.13 0.13 742.0 13.0 742.0 325.0 38.0 325.0 
1 3 0.4 0.4 742.0 13.0 742.0 325.0 38.0 325.0 189.0 51.0 189.0 
1 4 0.92 0.92 742.0 13.0 742.0 325.0 38.0 325.0 189.0 51.0 189.0 85.0 44.0 85.0 
1 2 0.87 0.87 485.0 403.0 485.0 642.0 27.0 642.0 
1 2 0.37 0.37 357.0 77.0 357.0 31.0 5.0 31.0 
1 2 0.48 0.48 492.0 71.0 492.0 193.0 66.0 193.0 
1 3 0.86 0.86 492.0 71.0 492.0 193.0 66.0 193.0 772.0 294.0 772.0 
1 2 0.98 0.98 131.0 72.0 131.0 524.0 227.0 524.0 
1 2 0.62 0.62 367.0 223.0 367.0 473.0 6.0 473.0 
1 3 0.97 0.97 367.0 223.0 367.0 473.0 6.0 473.0 967.0 347.0 967.0 
1 2 0.78 0.78 813.0 266.0 813.0 317.0 145.0 317.0 
1 2 0.98 0.98 615.0 232.0 615.0 164.0 100.0 164.0 
1 2 0.64 0.64 162.0 93.0 162.0 242.0 18.0 242.0 
1 2 0.8 0.8 261.0 64.0 261.0 620.0 344.0 620.0 
1 2 0.82 0.82 887.0 484.0 887.0 25.0 7.0 25.0 
1 2 0.94 0.94 114.0 50.0 114.0 573.0 290.0 573.0 
1 2 0.95 0.95 16.0 7.0 16.0 628.0 327.0 628.0 
1 2 0.77 0.77 67.0 3.0 67.0 456.0 332.0 456.0 
1 2 0.87 0.87 395.0 145.0 395.0 936.0 478.0 936.0 
1 2 0.67 0.67 689.0 378.0 689.0 957.0 117.0 957.0 
1 2 0.75 0.75 630.0 403.0 630.0 61.0 7.0 61.0 
1 3 0.91 0.91 630.0 403.0 630.0 61.0 7.0 61.0 453.0 73.0 453.0 
1 2 0.87 0.87 154.0 96.0 154.0 12.0 3.0 12.0 
1 2 0.66 0.66 514.0 305.0 514.0 579.0 40.0 579.0 
1 2 0.18 0.18 988.0 184.0 988.0 320.0 1.0 320.0 
1 3 0.98 0.98 988.0 184.0 988.0 320.0 1.0 320.0 102.0 81.0 102.0 
1 2 0.9 0.9 425.0 169.0 425.0 395.0 202.0 395.0 
1 2 0.94 0.94 989.0 111.0 989.0 262.0 219.0 262.0 
1 2 0.97 0.97 218.0 140.0 218.0 131.0 43.0 131.0 
1 2 0.34 0.34 481.0 40.0 481.0 77.0 20.0 77.0 
1 2 0.82 0.82 867.0 608.0 867.0 588.0 74.0 588.0 
1 3 0.91 0.91 867.0 608.0 867.0 588.0 74.0 588.0 685.0 59.0 685.0 
1 2 0.86 0.86 215.0 8.0 215.0 439.0 362.0 439.0 
1 2 0.88 0.88 861.0 190.0 861.0 359.0 240.0 359.0 
1 2 0.37 0.37 559.0 111.0 559.0 516.0 90.0 516.0 
1 2 0.89 0.89 113.0 68.0 113.0 936.0 273.0 936.0 
1 2 0.91 0.91 522.0 209.0 522.0 567.0 291.0 567.0 
1 2 0.99 0.99 691.0 86.0 691.0 759.0 657.0 759.0 
1 2 0.93 0.93 668.0 288.0 668.0 644.0 323.0 644.0 
1 2 0.97 0.97 287.0 113.0 287.0 440.0 254.0 440.0 
1 2 0.01 0.01 778.0 4.0 778.0 439.0 4.0 439.0 
1 3 0.48 0.48 778.0 4.0 778.0 439.0 4.0 439.0 405.0 191.0 405.0 
1 4 0.83 0.83 778.0 4.0 778.0 439.0 4.0 439.0 405.0 191.0 405.0 610.0 212.0 610.0 
1 2 0.74 0.74 961.0 359.0 961.0 533.0 196.0 533.0 
1 2 0.8 0.8 913.0 95.0 913.0 365.0 255.0 365.0 
1 2 0.98 0.98 597.0 106.0 597.0 132.0 106.0 132.0 
1 2 0.81 0.81 579.0 401.0 579.0 40.0 5.0 40.0 
1 2 0.99 0.99 40.0 28.0 40.0 758.0 225.0 758.0 
1 2 0.99 0.99 153.0 9.0 153.0 452.0 424.0 452.0 
1 2 0.86 0.86 819.0 696.0 819.0 519.0 8.0 519.0 
1 2 0.73 0.73 103.0 60.0 103.0 541.0 83.0 541.0 
1 2 0.78 0.78 43.0 23.0 43.0 769.0 189.0 769.0 
1 2 0.96 0.96 924.0 817.0 924.0 821.0 64.0 821.0 
1 2 0.8 0.8 455.0 179.0 455.0 405.0 167.0 405.0 
1 2 0.74 0.74 938.0 522.0 938.0 140.0 27.0 140.0 
1 2 0.79 0.79 110.0 77.0 110.0 99.0 9.0 99.0 
1 2 0.43 0.43 959.0 142.0 959.0 670.0 193.0 670.0 
1 3 0.9 0.9 959.0 142.0 959.0 670.0 193.0 670.0 413.0 195.0 413.0 
1 2 0.81 0.81 110.0 6.0 110.0 888.0 674.0 888.0 
1 2 0.57 0.57 319.0 152.0 319.0 755.0 77.0 755.0 
1 2 0.92 0.92 951.0 557.0 951.0 382.0 130.0 382.0 
1 2 0.47 0.47 12.0 2.0 12.0 869.0 271.0 869.0 
1 3 0.85 0.85 12.0 2.0 12.0 869.0 271.0 869.0 192.0 72.0 192.0 
1 2 0.9 0.9 300.0 113.0 300.0 966.0 509.0 966.0 
1 2 0.89 0.89 203.0 180.0 203.0 790.0 8.0 790.0 
1 2 0.39 0.39 822.0 246.0 822.0 142.0 14.0 142.0 
1 2 0.64 0.64 811.0 189.0 811.0 533.0 219.0 533.0 
1 2 0.74 0.74 758.0 296.0 758.0 593.0 210.0 593.0 
1 2 0.97 0.97 962.0 870.0 962.0 42.0 3.0 42.0 
1 2 0.72 0.72 174.0 62.0 174.0 79.0 29.0 79.0 
1 2 0.77 0.77 755.0 46.0 755.0 914.0 654.0 914.0 
1 2 0.81 0.81 843.0 114.0 843.0 222.0 151.0 222.0 
1 2 0.39 0.39 983.0 272.0 983.0 291.0 35.0 291.0 
1 2 0.75 0.75 268.0 55.0 268.0 276.0 151.0 276.0 
1 2 0.72 0.72 493.0 325.0 493.0 498.0 31.0 498.0 
1 2 0.92 0.92 503.0 286.0 503.0 579.0 204.0 579.0 
