2 3 1.28 1.28 683.0 677.0 683.0 371.0 97.0 371.0 188.0 7.0 188.0 
2 4 1.7 1.7 683.0 677.0 683.0 371.0 97.0 371.0 188.0 7.0 188.0 529.0 220.0 529.0 
2 3 1.11 1.11 904.0 383.0 904.0 766.0 355.0 766.0 746.0 167.0 746.0 
2 4 1.29 1.29 904.0 383.0 904.0 766.0 355.0 766.0 746.0 167.0 746.0 329.0 60.0 329.0 
2 5 1.45 1.45 904.0 383.0 904.0 766.0 355.0 766.0 746.0 167.0 746.0 329.0 60.0 329.0 44.0 7.0 44.0 
2 3 1.05 1.05 974.0 164.0 974.0 839.0 322.0 839.0 970.0 491.0 970.0 
2 4 1.72 1.72 974.0 164.0 974.0 839.0 322.0 839.0 970.0 491.0 970.0 374.0 248.0 374.0 
2 3 1.7 1.7 918.0 632.0 918.0 289.0 93.0 289.0 550.0 384.0 550.0 
2 3 0.71 0.71 802.0 409.0 802.0 423.0 75.0 423.0 711.0 22.0 711.0 
2 4 0.77 0.77 802.0 409.0 802.0 423.0 75.0 423.0 711.0 22.0 711.0 812.0 50.0 812.0 
2 5 0.91 0.91 802.0 409.0 802.0 423.0 75.0 423.0 711.0 22.0 711.0 812.0 50.0 812.0 924.0 125.0 924.0 
2 6 1.52 1.52 802.0 409.0 802.0 423.0 75.0 423.0 711.0 22.0 711.0 812.0 50.0 812.0 924.0 125.0 924.0 79.0 48.0 79.0 
2 7 1.78 1.78 802.0 409.0 802.0 423.0 75.0 423.0 711.0 22.0 711.0 812.0 50.0 812.0 924.0 125.0 924.0 79.0 48.0 79.0 303.0 80.0 303.0 
2 3 1.52 1.52 410.0 349.0 410.0 947.0 454.0 947.0 455.0 87.0 455.0 
2 3 1.37 1.37 984.0 346.0 984.0 751.0 587.0 751.0 541.0 129.0 541.0 
2 4 1.55 1.55 984.0 346.0 984.0 751.0 587.0 751.0 541.0 129.0 541.0 238.0 44.0 238.0 
2 3 1.5 1.5 682.0 482.0 682.0 730.0 207.0 730.0 148.0 76.0 148.0 
2 4 1.59 1.59 682.0 482.0 682.0 730.0 207.0 730.0 148.0 76.0 148.0 862.0 80.0 862.0 
2 5 1.96 1.96 682.0 482.0 682.0 730.0 207.0 730.0 148.0 76.0 148.0 862.0 80.0 862.0 81.0 30.0 81.0 
2 3 0.65 0.65 976.0 28.0 976.0 295.0 5.0 295.0 18.0 11.0 18.0 
2 4 1.58 1.58 976.0 28.0 976.0 295.0 5.0 295.0 18.0 11.0 18.0 251.0 233.0 251.0 
2 3 1.33 1.33 77.0 53.0 77.0 511.0 52.0 511.0 251.0 138.0 251.0 
2 4 1.78 1.78 77.0 53.0 77.0 511.0 52.0 511.0 251.0 138.0 251.0 437.0 196.0 437.0 
2 3 1.93 1.93 427.0 427.0 427.0 242.0 181.0 242.0 521.0 95.0 521.0 
2 3 0.79 0.79 656.0 8.0 656.0 809.0 298.0 809.0 383.0 159.0 383.0 
2 4 1.39 1.39 656.0 8.0 656.0 809.0 298.0 809.0 383.0 159.0 383.0 270.0 161.0 270.0 
2 5 1.45 1.45 656.0 8.0 656.0 809.0 298.0 809.0 383.0 159.0 383.0 270.0 161.0 270.0 750.0 47.0 750.0 
2 3 1.84 1.84 395.0 329.0 395.0 869.0 493.0 869.0 213.0 94.0 213.0 
2 3 1.44 1.44 340.0 167.0 340.0 933.0 606.0 933.0 578.0 178.0 578.0 
2 4 1.87 1.87 340.0 167.0 340.0 933.0 606.0 933.0 578.0 178.0 578.0 59.0 25.0 59.0 
2 3 1.37 1.37 404.0 84.0 404.0 482.0 271.0 482.0 50.0 30.0 50.0 
2 4 1.64 1.64 404.0 84.0 404.0 482.0 271.0 482.0 50.0 30.0 50.0 80.0 22.0 80.0 
2 5 1.9 1.9 404.0 84.0 404.0 482.0 271.0 482.0 50.0 30.0 50.0 80.0 22.0 80.0 687.0 176.0 687.0 
2 3 1.75 1.75 226.0 111.0 226.0 948.0 564.0 948.0 711.0 473.0 711.0 
2 3 1.76 1.76 910.0 195.0 910.0 466.0 458.0 466.0 569.0 321.0 569.0 
2 3 1.87 1.87 428.0 121.0 428.0 367.0 235.0 367.0 338.0 322.0 338.0 
2 3 1.82 1.82 567.0 332.0 567.0 485.0 269.0 485.0 702.0 483.0 702.0 
2 3 1.54 1.54 773.0 143.0 773.0 47.0 40.0 47.0 296.0 151.0 296.0 
2 3 1.21 1.21 409.0 256.0 409.0 373.0 32.0 373.0 836.0 422.0 836.0 
2 4 1.49 1.49 409.0 256.0 409.0 373.0 32.0 373.0 836.0 422.0 836.0 458.0 126.0 458.0 
2 3 1.11 1.11 232.0 123.0 232.0 446.0 23.0 446.0 87.0 46.0 87.0 
2 4 1.46 1.46 232.0 123.0 232.0 446.0 23.0 446.0 87.0 46.0 87.0 256.0 92.0 256.0 
2 5 1.99 1.99 232.0 123.0 232.0 446.0 23.0 446.0 87.0 46.0 87.0 256.0 92.0 256.0 309.0 163.0 309.0 
2 3 1.68 1.68 655.0 221.0 655.0 760.0 313.0 760.0 234.0 219.0 234.0 
2 3 0.75 0.75 390.0 227.0 390.0 398.0 29.0 398.0 573.0 57.0 573.0 
2 4 1.2 1.2 390.0 227.0 390.0 398.0 29.0 398.0 573.0 57.0 573.0 923.0 419.0 923.0 
2 3 0.64 0.64 303.0 15.0 303.0 668.0 336.0 668.0 588.0 52.0 588.0 
2 4 1.61 1.61 303.0 15.0 303.0 668.0 336.0 668.0 588.0 52.0 588.0 488.0 476.0 488.0 
2 5 1.94 1.94 303.0 15.0 303.0 668.0 336.0 668.0 588.0 52.0 588.0 488.0 476.0 488.0 560.0 185.0 560.0 
2 3 1.63 1.63 737.0 194.0 737.0 404.0 213.0 404.0 997.0 843.0 997.0 
2 4 1.91 1.91 737.0 194.0 737.0 404.0 213.0 404.0 997.0 843.0 997.0 444.0 125.0 444.0 
2 3 1.72 1.72 998.0 924.0 998.0 753.0 395.0 753.0 171.0 47.0 171.0 
2 3 1.58 1.58 944.0 693.0 944.0 795.0 116.0 795.0 643.0 454.0 643.0 
2 4 1.62 1.62 944.0 693.0 944.0 795.0 116.0 795.0 643.0 454.0 643.0 792.0 28.0 792.0 
2 3 1.63 1.63 594.0 377.0 594.0 932.0 388.0 932.0 258.0 150.0 258.0 
2 3 1.6 1.6 623.0 333.0 623.0 694.0 595.0 694.0 124.0 27.0 124.0 
2 3 0.61 0.61 536.0 72.0 536.0 910.0 268.0 910.0 152.0 28.0 152.0 
2 4 1.23 1.23 536.0 72.0 536.0 910.0 268.0 910.0 152.0 28.0 152.0 8.0 5.0 8.0 
2 5 1.75 1.75 536.0 72.0 536.0 910.0 268.0 910.0 152.0 28.0 152.0 8.0 5.0 8.0 192.0 99.0 192.0 
2 3 1.67 1.67 883.0 579.0 883.0 768.0 44.0 768.0 818.0 784.0 818.0 
2 3 1.1 1.1 580.0 381.0 580.0 710.0 101.0 710.0 347.0 106.0 347.0 
2 4 1.33 1.33 580.0 381.0 580.0 710.0 101.0 710.0 347.0 106.0 347.0 375.0 87.0 375.0 
2 5 1.39 1.39 580.0 381.0 580.0 710.0 101.0 710.0 347.0 106.0 347.0 375.0 87.0 375.0 572.0 35.0 572.0 
2 6 1.6 1.6 580.0 381.0 580.0 710.0 101.0 710.0 347.0 106.0 347.0 375.0 87.0 375.0 572.0 35.0 572.0 695.0 146.0 695.0 
2 3 1.47 1.47 831.0 483.0 831.0 203.0 63.0 203.0 979.0 573.0 979.0 
2 4 1.69 1.69 831.0 483.0 831.0 203.0 63.0 203.0 979.0 573.0 979.0 236.0 51.0 236.0 
2 3 0.69 0.69 178.0 47.0 178.0 975.0 377.0 975.0 857.0 35.0 857.0 
2 4 1.03 1.03 178.0 47.0 178.0 975.0 377.0 975.0 857.0 35.0 857.0 162.0 56.0 162.0 
2 5 1.06 1.06 178.0 47.0 178.0 975.0 377.0 975.0 857.0 35.0 857.0 162.0 56.0 162.0 884.0 27.0 884.0 
2 6 1.17 1.17 178.0 47.0 178.0 975.0 377.0 975.0 857.0 35.0 857.0 162.0 56.0 162.0 884.0 27.0 884.0 552.0 61.0 552.0 
2 7 1.6 1.6 178.0 47.0 178.0 975.0 377.0 975.0 857.0 35.0 857.0 162.0 56.0 162.0 884.0 27.0 884.0 552.0 61.0 552.0 165.0 71.0 165.0 
2 8 1.95 1.95 178.0 47.0 178.0 975.0 377.0 975.0 857.0 35.0 857.0 162.0 56.0 162.0 884.0 27.0 884.0 552.0 61.0 552.0 165.0 71.0 165.0 106.0 37.0 106.0 
2 3 1.91 1.91 849.0 697.0 849.0 666.0 311.0 666.0 890.0 556.0 890.0 
2 3 1.09 1.09 242.0 95.0 242.0 159.0 56.0 159.0 551.0 194.0 551.0 
2 4 1.95 1.95 242.0 95.0 242.0 159.0 56.0 159.0 551.0 194.0 551.0 850.0 733.0 850.0 
2 3 1.38 1.38 975.0 158.0 975.0 367.0 188.0 367.0 988.0 699.0 988.0 
2 3 1.81 1.81 521.0 263.0 521.0 535.0 476.0 535.0 564.0 239.0 564.0 
2 3 0.57 0.57 718.0 56.0 718.0 895.0 55.0 895.0 310.0 136.0 310.0 
2 4 1.44 1.44 718.0 56.0 718.0 895.0 55.0 895.0 310.0 136.0 310.0 84.0 73.0 84.0 
2 3 1.65 1.65 637.0 401.0 637.0 576.0 23.0 576.0 534.0 525.0 534.0 
2 4 1.75 1.75 637.0 401.0 637.0 576.0 23.0 576.0 534.0 525.0 534.0 575.0 61.0 575.0 
2 5 1.89 1.89 637.0 401.0 637.0 576.0 23.0 576.0 534.0 525.0 534.0 575.0 61.0 575.0 146.0 20.0 146.0 
2 3 1.81 1.81 804.0 553.0 804.0 714.0 394.0 714.0 7.0 4.0 7.0 
2 3 1.64 1.64 549.0 475.0 549.0 840.0 55.0 840.0 889.0 633.0 889.0 
2 3 1.32 1.32 913.0 775.0 913.0 108.0 29.0 108.0 905.0 184.0 905.0 
2 4 1.79 1.79 913.0 775.0 913.0 108.0 29.0 108.0 905.0 184.0 905.0 975.0 464.0 975.0 
2 3 1.08 1.08 67.0 10.0 67.0 979.0 214.0 979.0 477.0 344.0 477.0 
2 4 1.97 1.97 67.0 10.0 67.0 979.0 214.0 979.0 477.0 344.0 477.0 150.0 133.0 150.0 
2 3 1.42 1.42 557.0 170.0 557.0 899.0 441.0 899.0 94.0 59.0 94.0 
2 3 0.64 0.64 561.0 175.0 561.0 934.0 94.0 934.0 695.0 159.0 695.0 
2 4 0.78 0.78 561.0 175.0 561.0 934.0 94.0 934.0 695.0 159.0 695.0 384.0 54.0 384.0 
2 5 1.7 1.7 561.0 175.0 561.0 934.0 94.0 934.0 695.0 159.0 695.0 384.0 54.0 384.0 614.0 569.0 614.0 
2 6 1.71 1.71 561.0 175.0 561.0 934.0 94.0 934.0 695.0 159.0 695.0 384.0 54.0 384.0 614.0 569.0 614.0 457.0 1.0 457.0 
2 3 1.61 1.61 991.0 233.0 991.0 168.0 135.0 168.0 967.0 561.0 967.0 
2 3 1.7 1.7 138.0 110.0 138.0 474.0 365.0 474.0 339.0 48.0 339.0 
2 3 0.36 0.36 862.0 181.0 862.0 76.0 5.0 76.0 361.0 33.0 361.0 
2 4 1.28 1.28 862.0 181.0 862.0 76.0 5.0 76.0 361.0 33.0 361.0 482.0 441.0 482.0 
2 5 1.43 1.43 862.0 181.0 862.0 76.0 5.0 76.0 361.0 33.0 361.0 482.0 441.0 482.0 860.0 132.0 860.0 
2 6 1.78 1.78 862.0 181.0 862.0 76.0 5.0 76.0 361.0 33.0 361.0 482.0 441.0 482.0 860.0 132.0 860.0 902.0 316.0 902.0 
2 7 1.79 1.79 862.0 181.0 862.0 76.0 5.0 76.0 361.0 33.0 361.0 482.0 441.0 482.0 860.0 132.0 860.0 902.0 316.0 902.0 588.0 4.0 588.0 
2 3 1.38 1.38 528.0 518.0 528.0 315.0 22.0 315.0 183.0 61.0 183.0 
2 4 1.98 1.98 528.0 518.0 528.0 315.0 22.0 315.0 183.0 61.0 183.0 315.0 188.0 315.0 
2 3 0.67 0.67 594.0 31.0 594.0 434.0 51.0 434.0 93.0 47.0 93.0 
2 4 1.48 1.48 594.0 31.0 594.0 434.0 51.0 434.0 93.0 47.0 93.0 688.0 554.0 688.0 
2 3 1.63 1.63 751.0 475.0 751.0 314.0 188.0 314.0 400.0 162.0 400.0 
2 4 1.81 1.81 751.0 475.0 751.0 314.0 188.0 314.0 400.0 162.0 400.0 915.0 165.0 915.0 
2 3 1.67 1.67 795.0 519.0 795.0 914.0 768.0 914.0 699.0 126.0 699.0 
2 3 0.92 0.92 471.0 142.0 471.0 167.0 68.0 167.0 469.0 101.0 469.0 
2 4 1.09 1.09 471.0 142.0 471.0 167.0 68.0 167.0 469.0 101.0 469.0 528.0 88.0 528.0 
2 5 1.65 1.65 471.0 142.0 471.0 167.0 68.0 167.0 469.0 101.0 469.0 528.0 88.0 528.0 874.0 491.0 874.0 
2 3 1.87 1.87 537.0 317.0 537.0 960.0 654.0 960.0 594.0 359.0 594.0 
2 3 1.81 1.81 795.0 546.0 795.0 866.0 279.0 866.0 626.0 502.0 626.0 
2 3 1.53 1.53 681.0 469.0 681.0 563.0 123.0 563.0 263.0 166.0 263.0 
2 3 1.0 1.0 362.0 127.0 362.0 456.0 249.0 456.0 403.0 44.0 403.0 
2 4 1.4 1.4 362.0 127.0 362.0 456.0 249.0 456.0 403.0 44.0 403.0 333.0 133.0 333.0 
2 5 1.88 1.88 362.0 127.0 362.0 456.0 249.0 456.0 403.0 44.0 403.0 333.0 133.0 333.0 305.0 145.0 305.0 
2 3 1.86 1.86 500.0 373.0 500.0 468.0 159.0 468.0 494.0 386.0 494.0 
2 3 1.03 1.03 610.0 44.0 610.0 113.0 21.0 113.0 985.0 769.0 985.0 
2 4 1.4 1.4 610.0 44.0 610.0 113.0 21.0 113.0 985.0 769.0 985.0 149.0 55.0 149.0 
2 3 1.51 1.51 218.0 199.0 218.0 553.0 179.0 553.0 433.0 121.0 433.0 
2 3 1.13 1.13 655.0 391.0 655.0 413.0 161.0 413.0 932.0 140.0 932.0 
2 4 1.44 1.44 655.0 391.0 655.0 413.0 161.0 413.0 932.0 140.0 932.0 638.0 198.0 638.0 
2 5 1.61 1.61 655.0 391.0 655.0 413.0 161.0 413.0 932.0 140.0 932.0 638.0 198.0 638.0 768.0 127.0 768.0 
2 3 1.35 1.35 831.0 161.0 831.0 57.0 33.0 57.0 608.0 353.0 608.0 
2 4 1.5 1.5 831.0 161.0 831.0 57.0 33.0 57.0 608.0 353.0 608.0 965.0 145.0 965.0 
2 5 1.52 1.52 831.0 161.0 831.0 57.0 33.0 57.0 608.0 353.0 608.0 965.0 145.0 965.0 166.0 3.0 166.0 
2 6 1.67 1.67 831.0 161.0 831.0 57.0 33.0 57.0 608.0 353.0 608.0 965.0 145.0 965.0 166.0 3.0 166.0 26.0 4.0 26.0 
2 3 1.17 1.17 564.0 380.0 564.0 412.0 178.0 412.0 239.0 17.0 239.0 
2 4 1.3 1.3 564.0 380.0 564.0 412.0 178.0 412.0 239.0 17.0 239.0 459.0 61.0 459.0 
2 5 1.91 1.91 564.0 380.0 564.0 412.0 178.0 412.0 239.0 17.0 239.0 459.0 61.0 459.0 256.0 156.0 256.0 
2 3 1.84 1.84 447.0 365.0 447.0 530.0 475.0 530.0 858.0 110.0 858.0 
2 4 1.97 1.97 447.0 365.0 447.0 530.0 475.0 530.0 858.0 110.0 858.0 225.0 30.0 225.0 
2 3 1.45 1.45 470.0 130.0 470.0 944.0 291.0 944.0 295.0 258.0 295.0 
2 4 1.8 1.8 470.0 130.0 470.0 944.0 291.0 944.0 295.0 258.0 295.0 274.0 96.0 274.0 
2 3 0.46 0.46 905.0 277.0 905.0 880.0 141.0 880.0 978.0 3.0 978.0 
2 4 1.21 1.21 905.0 277.0 905.0 880.0 141.0 880.0 978.0 3.0 978.0 310.0 231.0 310.0 
2 5 1.92 1.92 905.0 277.0 905.0 880.0 141.0 880.0 978.0 3.0 978.0 310.0 231.0 310.0 660.0 471.0 660.0 
2 3 1.37 1.37 982.0 231.0 982.0 61.0 50.0 61.0 267.0 85.0 267.0 
2 3 1.55 1.55 362.0 240.0 362.0 807.0 668.0 807.0 831.0 56.0 831.0 
2 3 1.51 1.51 233.0 82.0 233.0 10.0 6.0 10.0 226.0 127.0 226.0 
2 3 0.49 0.49 471.0 7.0 471.0 875.0 238.0 875.0 955.0 201.0 955.0 
2 4 1.16 1.16 471.0 7.0 471.0 875.0 238.0 875.0 955.0 201.0 955.0 275.0 184.0 275.0 
2 5 1.44 1.44 471.0 7.0 471.0 875.0 238.0 875.0 955.0 201.0 955.0 275.0 184.0 275.0 248.0 70.0 248.0 
2 3 0.47 0.47 82.0 13.0 82.0 688.0 73.0 688.0 722.0 155.0 722.0 
2 4 0.59 0.59 82.0 13.0 82.0 688.0 73.0 688.0 722.0 155.0 722.0 811.0 94.0 811.0 
2 5 1.29 1.29 82.0 13.0 82.0 688.0 73.0 688.0 722.0 155.0 722.0 811.0 94.0 811.0 542.0 377.0 542.0 
2 3 1.14 1.14 84.0 13.0 84.0 690.0 187.0 690.0 246.0 176.0 246.0 
2 4 1.64 1.64 84.0 13.0 84.0 690.0 187.0 690.0 246.0 176.0 246.0 2.0 1.0 2.0 
2 5 1.87 1.87 84.0 13.0 84.0 690.0 187.0 690.0 246.0 176.0 246.0 2.0 1.0 2.0 379.0 88.0 379.0 
2 3 1.67 1.67 537.0 16.0 537.0 723.0 557.0 723.0 550.0 481.0 550.0 
2 3 1.22 1.22 652.0 237.0 652.0 660.0 144.0 660.0 329.0 213.0 329.0 
2 4 1.7 1.7 652.0 237.0 652.0 660.0 144.0 660.0 329.0 213.0 329.0 573.0 273.0 573.0 
2 5 1.98 1.98 652.0 237.0 652.0 660.0 144.0 660.0 329.0 213.0 329.0 573.0 273.0 573.0 211.0 59.0 211.0 
2 3 1.63 1.63 996.0 937.0 996.0 868.0 511.0 868.0 261.0 27.0 261.0 
2 3 1.75 1.75 527.0 124.0 527.0 824.0 475.0 824.0 802.0 755.0 802.0 
2 3 1.34 1.34 675.0 191.0 675.0 800.0 295.0 800.0 794.0 549.0 794.0 
2 4 1.47 1.47 675.0 191.0 675.0 800.0 295.0 800.0 794.0 549.0 794.0 494.0 64.0 494.0 
2 3 1.6 1.6 71.0 24.0 71.0 189.0 130.0 189.0 311.0 180.0 311.0 
2 3 1.32 1.32 386.0 115.0 386.0 561.0 158.0 561.0 809.0 601.0 809.0 
2 3 1.6 1.6 322.0 269.0 322.0 138.0 66.0 138.0 333.0 98.0 333.0 
2 3 1.42 1.42 947.0 825.0 947.0 504.0 70.0 504.0 478.0 196.0 478.0 
2 4 1.64 1.64 947.0 825.0 947.0 504.0 70.0 504.0 478.0 196.0 478.0 470.0 106.0 470.0 
2 3 1.65 1.65 294.0 2.0 294.0 798.0 769.0 798.0 856.0 584.0 856.0 
2 4 1.72 1.72 294.0 2.0 294.0 798.0 769.0 798.0 856.0 584.0 856.0 777.0 54.0 777.0 
2 3 1.84 1.84 23.0 9.0 23.0 622.0 360.0 622.0 673.0 590.0 673.0 
2 3 0.98 0.98 15.0 6.0 15.0 79.0 24.0 79.0 329.0 91.0 329.0 
2 4 1.19 1.19 15.0 6.0 15.0 79.0 24.0 79.0 329.0 91.0 329.0 542.0 116.0 542.0 
2 5 1.98 1.98 15.0 6.0 15.0 79.0 24.0 79.0 329.0 91.0 329.0 542.0 116.0 542.0 878.0 695.0 878.0 
2 3 1.19 1.19 427.0 185.0 427.0 488.0 324.0 488.0 928.0 87.0 928.0 
2 4 1.97 1.97 427.0 185.0 427.0 488.0 324.0 488.0 928.0 87.0 928.0 815.0 641.0 815.0 
2 3 1.99 1.99 139.0 35.0 139.0 404.0 364.0 404.0 705.0 594.0 705.0 
2 3 0.95 0.95 193.0 131.0 193.0 530.0 68.0 530.0 94.0 14.0 94.0 
2 4 1.22 1.22 193.0 131.0 193.0 530.0 68.0 530.0 94.0 14.0 94.0 246.0 66.0 246.0 
2 3 1.17 1.17 627.0 359.0 627.0 220.0 113.0 220.0 910.0 85.0 910.0 
2 4 1.88 1.88 627.0 359.0 627.0 220.0 113.0 220.0 910.0 85.0 910.0 523.0 367.0 523.0 
2 3 1.5 1.5 433.0 208.0 433.0 546.0 106.0 546.0 359.0 297.0 359.0 
2 4 1.97 1.97 433.0 208.0 433.0 546.0 106.0 546.0 359.0 297.0 359.0 906.0 433.0 906.0 
2 3 1.36 1.36 926.0 78.0 926.0 639.0 347.0 639.0 154.0 114.0 154.0 
2 4 1.82 1.82 926.0 78.0 926.0 639.0 347.0 639.0 154.0 114.0 154.0 258.0 117.0 258.0 
2 3 1.48 1.48 319.0 290.0 319.0 659.0 297.0 659.0 326.0 41.0 326.0 
2 3 1.21 1.21 860.0 14.0 860.0 17.0 12.0 17.0 900.0 445.0 900.0 
2 4 1.6 1.6 860.0 14.0 860.0 17.0 12.0 17.0 900.0 445.0 900.0 776.0 304.0 776.0 
2 5 1.87 1.87 860.0 14.0 860.0 17.0 12.0 17.0 900.0 445.0 900.0 776.0 304.0 776.0 813.0 214.0 813.0 
2 3 1.52 1.52 198.0 124.0 198.0 378.0 237.0 378.0 570.0 153.0 570.0 
2 3 1.12 1.12 702.0 274.0 702.0 602.0 411.0 602.0 219.0 11.0 219.0 
2 4 1.51 1.51 702.0 274.0 702.0 602.0 411.0 602.0 219.0 11.0 219.0 118.0 46.0 118.0 
2 5 1.92 1.92 702.0 274.0 702.0 602.0 411.0 602.0 219.0 11.0 219.0 118.0 46.0 118.0 599.0 249.0 599.0 
2 6 1.96 1.96 702.0 274.0 702.0 602.0 411.0 602.0 219.0 11.0 219.0 118.0 46.0 118.0 599.0 249.0 599.0 706.0 23.0 706.0 
2 3 1.81 1.81 204.0 177.0 204.0 669.0 253.0 669.0 300.0 170.0 300.0 
2 3 0.86 0.86 62.0 43.0 62.0 236.0 1.0 236.0 867.0 143.0 867.0 
2 4 0.87 0.87 62.0 43.0 62.0 236.0 1.0 236.0 867.0 143.0 867.0 148.0 2.0 148.0 
2 5 1.06 1.06 62.0 43.0 62.0 236.0 1.0 236.0 867.0 143.0 867.0 148.0 2.0 148.0 278.0 53.0 278.0 
2 6 1.88 1.88 62.0 43.0 62.0 236.0 1.0 236.0 867.0 143.0 867.0 148.0 2.0 148.0 278.0 53.0 278.0 247.0 201.0 247.0 
2 3 1.4 1.4 589.0 272.0 589.0 894.0 82.0 894.0 765.0 650.0 765.0 
2 4 1.78 1.78 589.0 272.0 589.0 894.0 82.0 894.0 765.0 650.0 765.0 257.0 97.0 257.0 
2 3 1.35 1.35 95.0 33.0 95.0 59.0 44.0 59.0 374.0 98.0 374.0 
2 4 1.44 1.44 95.0 33.0 95.0 59.0 44.0 59.0 374.0 98.0 374.0 654.0 61.0 654.0 
2 3 1.5 1.5 419.0 100.0 419.0 618.0 529.0 618.0 394.0 163.0 394.0 
2 4 1.89 1.89 419.0 100.0 419.0 618.0 529.0 618.0 394.0 163.0 394.0 960.0 372.0 960.0 
2 3 1.6 1.6 403.0 314.0 403.0 462.0 235.0 462.0 909.0 290.0 909.0 
2 4 1.64 1.64 403.0 314.0 403.0 462.0 235.0 462.0 909.0 290.0 909.0 462.0 18.0 462.0 
2 5 1.91 1.91 403.0 314.0 403.0 462.0 235.0 462.0 909.0 290.0 909.0 462.0 18.0 462.0 452.0 120.0 452.0 
2 3 1.26 1.26 410.0 395.0 410.0 290.0 26.0 290.0 406.0 85.0 406.0 
2 4 1.86 1.86 410.0 395.0 410.0 290.0 26.0 290.0 406.0 85.0 406.0 582.0 348.0 582.0 
2 3 0.71 0.71 326.0 31.0 326.0 701.0 232.0 701.0 59.0 17.0 59.0 
2 4 1.54 1.54 326.0 31.0 326.0 701.0 232.0 701.0 59.0 17.0 59.0 212.0 177.0 212.0 
2 3 1.32 1.32 213.0 128.0 213.0 941.0 613.0 941.0 207.0 14.0 207.0 
2 4 1.88 1.88 213.0 128.0 213.0 941.0 613.0 941.0 207.0 14.0 207.0 116.0 65.0 116.0 
2 3 1.5 1.5 33.0 23.0 33.0 862.0 663.0 862.0 54.0 2.0 54.0 
2 4 1.6 1.6 33.0 23.0 33.0 862.0 663.0 862.0 54.0 2.0 54.0 880.0 89.0 880.0 
2 5 1.94 1.94 33.0 23.0 33.0 862.0 663.0 862.0 54.0 2.0 54.0 880.0 89.0 880.0 193.0 65.0 193.0 
2 3 1.05 1.05 100.0 76.0 100.0 461.0 52.0 461.0 343.0 62.0 343.0 
2 3 1.62 1.62 587.0 318.0 587.0 384.0 291.0 384.0 539.0 176.0 539.0 
2 3 0.81 0.81 118.0 68.0 118.0 109.0 20.0 109.0 303.0 16.0 303.0 
2 4 1.52 1.52 118.0 68.0 118.0 109.0 20.0 109.0 303.0 16.0 303.0 241.0 171.0 241.0 
2 5 1.82 1.82 118.0 68.0 118.0 109.0 20.0 109.0 303.0 16.0 303.0 241.0 171.0 241.0 490.0 148.0 490.0 
2 3 0.86 0.86 281.0 12.0 281.0 62.0 47.0 62.0 283.0 19.0 283.0 
2 4 1.73 1.73 281.0 12.0 281.0 62.0 47.0 62.0 283.0 19.0 283.0 127.0 110.0 127.0 
2 3 1.83 1.83 302.0 169.0 302.0 255.0 148.0 255.0 246.0 172.0 246.0 
2 3 1.47 1.47 879.0 166.0 879.0 119.0 49.0 119.0 553.0 481.0 553.0 
2 3 1.3 1.3 581.0 5.0 581.0 732.0 705.0 732.0 510.0 168.0 510.0 
2 3 0.97 0.97 717.0 10.0 717.0 189.0 150.0 189.0 636.0 109.0 636.0 
2 4 1.77 1.77 717.0 10.0 717.0 189.0 150.0 189.0 636.0 109.0 636.0 378.0 301.0 378.0 
2 3 1.76 1.76 836.0 444.0 836.0 868.0 259.0 868.0 239.0 223.0 239.0 
2 4 1.85 1.85 836.0 444.0 836.0 868.0 259.0 868.0 239.0 223.0 239.0 863.0 77.0 863.0 
2 3 1.67 1.67 594.0 410.0 594.0 586.0 307.0 586.0 68.0 31.0 68.0 
2 4 1.67 1.67 594.0 410.0 594.0 586.0 307.0 586.0 68.0 31.0 68.0 351.0 2.0 351.0 
2 5 1.72 1.72 594.0 410.0 594.0 586.0 307.0 586.0 68.0 31.0 68.0 351.0 2.0 351.0 386.0 18.0 386.0 
2 3 1.29 1.29 850.0 652.0 850.0 95.0 15.0 95.0 99.0 37.0 99.0 
2 4 1.74 1.74 850.0 652.0 850.0 95.0 15.0 95.0 99.0 37.0 99.0 804.0 356.0 804.0 
2 3 0.96 0.96 223.0 43.0 223.0 337.0 175.0 337.0 511.0 128.0 511.0 
2 4 1.45 1.45 223.0 43.0 223.0 337.0 175.0 337.0 511.0 128.0 511.0 87.0 43.0 87.0 
2 3 1.84 1.84 852.0 553.0 852.0 518.0 112.0 518.0 321.0 315.0 321.0 
2 3 1.14 1.14 756.0 635.0 756.0 355.0 57.0 355.0 430.0 60.0 430.0 
2 4 1.14 1.14 756.0 635.0 756.0 355.0 57.0 355.0 430.0 60.0 430.0 209.0 1.0 209.0 
2 5 1.35 1.35 756.0 635.0 756.0 355.0 57.0 355.0 430.0 60.0 430.0 209.0 1.0 209.0 908.0 193.0 908.0 
2 3 1.35 1.35 628.0 496.0 628.0 502.0 235.0 502.0 989.0 95.0 989.0 
2 3 1.99 1.99 603.0 521.0 603.0 724.0 508.0 724.0 348.0 149.0 348.0 
2 3 1.63 1.63 768.0 234.0 768.0 706.0 513.0 706.0 702.0 423.0 702.0 
2 3 0.76 0.76 385.0 134.0 385.0 529.0 61.0 529.0 624.0 188.0 624.0 
2 4 1.33 1.33 385.0 134.0 385.0 529.0 61.0 529.0 624.0 188.0 624.0 294.0 168.0 294.0 
2 5 1.46 1.46 385.0 134.0 385.0 529.0 61.0 529.0 624.0 188.0 624.0 294.0 168.0 294.0 511.0 68.0 511.0 
2 6 1.98 1.98 385.0 134.0 385.0 529.0 61.0 529.0 624.0 188.0 624.0 294.0 168.0 294.0 511.0 68.0 511.0 738.0 383.0 738.0 
2 3 1.6 1.6 639.0 173.0 639.0 315.0 303.0 315.0 986.0 367.0 986.0 
2 3 1.63 1.63 786.0 597.0 786.0 151.0 26.0 151.0 243.0 170.0 243.0 
2 4 1.85 1.85 786.0 597.0 786.0 151.0 26.0 151.0 243.0 170.0 243.0 856.0 195.0 856.0 
2 3 0.66 0.66 907.0 214.0 907.0 186.0 55.0 186.0 559.0 75.0 559.0 
2 4 0.89 0.89 907.0 214.0 907.0 186.0 55.0 186.0 559.0 75.0 559.0 945.0 214.0 945.0 
2 5 1.39 1.39 907.0 214.0 907.0 186.0 55.0 186.0 559.0 75.0 559.0 945.0 214.0 945.0 923.0 465.0 923.0 
2 6 1.74 1.74 907.0 214.0 907.0 186.0 55.0 186.0 559.0 75.0 559.0 945.0 214.0 945.0 923.0 465.0 923.0 360.0 124.0 360.0 
2 3 0.87 0.87 520.0 357.0 520.0 377.0 70.0 377.0 521.0 1.0 521.0 
2 4 1.13 1.13 520.0 357.0 520.0 377.0 70.0 377.0 521.0 1.0 521.0 275.0 72.0 275.0 
2 5 1.45 1.45 520.0 357.0 520.0 377.0 70.0 377.0 521.0 1.0 521.0 275.0 72.0 275.0 752.0 239.0 752.0 
2 6 1.82 1.82 520.0 357.0 520.0 377.0 70.0 377.0 521.0 1.0 521.0 275.0 72.0 275.0 752.0 239.0 752.0 809.0 304.0 809.0 
2 3 1.42 1.42 412.0 296.0 412.0 850.0 491.0 850.0 175.0 23.0 175.0 
2 4 1.75 1.75 412.0 296.0 412.0 850.0 491.0 850.0 175.0 23.0 175.0 863.0 284.0 863.0 
2 3 0.91 0.91 413.0 87.0 413.0 81.0 39.0 81.0 480.0 107.0 480.0 
2 4 1.1 1.1 413.0 87.0 413.0 81.0 39.0 81.0 480.0 107.0 480.0 906.0 174.0 906.0 
2 5 1.99 1.99 413.0 87.0 413.0 81.0 39.0 81.0 480.0 107.0 480.0 906.0 174.0 906.0 112.0 99.0 112.0 
2 3 1.08 1.08 401.0 36.0 401.0 899.0 145.0 899.0 425.0 353.0 425.0 
2 4 1.5 1.5 401.0 36.0 401.0 899.0 145.0 899.0 425.0 353.0 425.0 368.0 154.0 368.0 
2 3 1.12 1.12 71.0 8.0 71.0 999.0 50.0 999.0 974.0 935.0 974.0 
2 4 1.73 1.73 71.0 8.0 71.0 999.0 50.0 999.0 974.0 935.0 974.0 460.0 283.0 460.0 
2 3 1.42 1.42 786.0 471.0 786.0 462.0 179.0 462.0 834.0 369.0 834.0 
2 4 1.67 1.67 786.0 471.0 786.0 462.0 179.0 462.0 834.0 369.0 834.0 991.0 239.0 991.0 
2 3 0.27 0.27 209.0 22.0 209.0 612.0 51.0 612.0 124.0 11.0 124.0 
2 4 0.74 0.74 209.0 22.0 209.0 612.0 51.0 612.0 124.0 11.0 124.0 401.0 187.0 401.0 
2 5 1.26 1.26 209.0 22.0 209.0 612.0 51.0 612.0 124.0 11.0 124.0 401.0 187.0 401.0 174.0 91.0 174.0 
2 6 1.72 1.72 209.0 22.0 209.0 612.0 51.0 612.0 124.0 11.0 124.0 401.0 187.0 401.0 174.0 91.0 174.0 137.0 63.0 137.0 
2 3 1.58 1.58 972.0 257.0 972.0 358.0 299.0 358.0 370.0 179.0 370.0 
2 3 1.65 1.65 279.0 186.0 279.0 580.0 159.0 580.0 920.0 653.0 920.0 
2 3 1.85 1.85 466.0 411.0 466.0 921.0 7.0 921.0 347.0 336.0 347.0 
2 3 1.21 1.21 960.0 825.0 960.0 365.0 121.0 365.0 729.0 14.0 729.0 
2 4 1.93 1.93 960.0 825.0 960.0 365.0 121.0 365.0 729.0 14.0 729.0 456.0 329.0 456.0 
2 3 1.5 1.5 401.0 143.0 401.0 178.0 171.0 178.0 267.0 49.0 267.0 
2 3 0.98 0.98 503.0 107.0 503.0 297.0 174.0 297.0 107.0 20.0 107.0 
2 4 1.26 1.26 503.0 107.0 503.0 297.0 174.0 297.0 107.0 20.0 107.0 767.0 217.0 767.0 
2 3 1.75 1.75 70.0 62.0 70.0 889.0 85.0 889.0 933.0 721.0 933.0 
2 3 0.55 0.55 997.0 23.0 997.0 72.0 2.0 72.0 256.0 129.0 256.0 
2 4 1.48 1.48 997.0 23.0 997.0 72.0 2.0 72.0 256.0 129.0 256.0 476.0 445.0 476.0 
2 3 1.64 1.64 192.0 133.0 192.0 564.0 234.0 564.0 354.0 190.0 354.0 
2 4 1.8 1.8 192.0 133.0 192.0 564.0 234.0 564.0 354.0 190.0 354.0 841.0 137.0 841.0 
2 3 1.83 1.83 320.0 219.0 320.0 916.0 768.0 916.0 82.0 26.0 82.0 
2 3 1.59 1.59 246.0 126.0 246.0 822.0 722.0 822.0 533.0 110.0 533.0 
2 3 1.34 1.34 571.0 315.0 571.0 979.0 253.0 979.0 71.0 38.0 71.0 
2 4 1.59 1.59 571.0 315.0 571.0 979.0 253.0 979.0 71.0 38.0 71.0 327.0 81.0 327.0 
2 3 0.91 0.91 828.0 40.0 828.0 309.0 58.0 309.0 483.0 330.0 483.0 
2 4 1.66 1.66 828.0 40.0 828.0 309.0 58.0 309.0 483.0 330.0 483.0 4.0 3.0 4.0 
2 5 1.71 1.71 828.0 40.0 828.0 309.0 58.0 309.0 483.0 330.0 483.0 4.0 3.0 4.0 588.0 26.0 588.0 
2 6 1.84 1.84 828.0 40.0 828.0 309.0 58.0 309.0 483.0 330.0 483.0 4.0 3.0 4.0 588.0 26.0 588.0 415.0 56.0 415.0 
2 3 1.97 1.97 881.0 532.0 881.0 222.0 154.0 222.0 683.0 463.0 683.0 
2 3 1.94 1.94 834.0 508.0 834.0 499.0 377.0 499.0 679.0 391.0 679.0 
2 3 1.11 1.11 371.0 308.0 371.0 522.0 30.0 522.0 188.0 43.0 188.0 
2 4 1.71 1.71 371.0 308.0 371.0 522.0 30.0 522.0 188.0 43.0 188.0 811.0 482.0 811.0 
2 3 1.79 1.79 8.0 4.0 8.0 180.0 175.0 180.0 697.0 224.0 697.0 
2 3 1.55 1.55 250.0 127.0 250.0 313.0 265.0 313.0 501.0 98.0 501.0 
2 3 1.29 1.29 593.0 58.0 593.0 787.0 655.0 787.0 693.0 251.0 693.0 
2 4 1.67 1.67 593.0 58.0 593.0 787.0 655.0 787.0 693.0 251.0 693.0 421.0 160.0 421.0 
2 3 1.25 1.25 150.0 54.0 150.0 427.0 141.0 427.0 804.0 457.0 804.0 
2 4 1.35 1.35 150.0 54.0 150.0 427.0 141.0 427.0 804.0 457.0 804.0 306.0 28.0 306.0 
2 5 1.49 1.49 150.0 54.0 150.0 427.0 141.0 427.0 804.0 457.0 804.0 306.0 28.0 306.0 223.0 33.0 223.0 
2 3 1.37 1.37 933.0 116.0 933.0 718.0 305.0 718.0 851.0 707.0 851.0 
2 4 1.9 1.9 933.0 116.0 933.0 718.0 305.0 718.0 851.0 707.0 851.0 604.0 317.0 604.0 
2 3 1.02 1.02 427.0 25.0 427.0 299.0 46.0 299.0 777.0 634.0 777.0 
2 4 1.58 1.58 427.0 25.0 427.0 299.0 46.0 299.0 777.0 634.0 777.0 911.0 508.0 911.0 
2 3 1.19 1.19 653.0 153.0 653.0 656.0 503.0 656.0 161.0 32.0 161.0 
2 3 1.58 1.58 244.0 14.0 244.0 423.0 263.0 423.0 646.0 584.0 646.0 
2 3 1.28 1.28 440.0 112.0 440.0 263.0 230.0 263.0 808.0 125.0 808.0 
2 3 1.93 1.93 507.0 218.0 507.0 842.0 598.0 842.0 39.0 31.0 39.0 
2 3 1.57 1.57 486.0 409.0 486.0 726.0 140.0 726.0 458.0 249.0 458.0 
2 4 1.58 1.58 486.0 409.0 486.0 726.0 140.0 726.0 458.0 249.0 458.0 743.0 8.0 743.0 
2 3 1.33 1.33 994.0 261.0 994.0 882.0 491.0 882.0 323.0 165.0 323.0 
2 4 1.85 1.85 994.0 261.0 994.0 882.0 491.0 882.0 323.0 165.0 323.0 584.0 304.0 584.0 
2 3 1.56 1.56 651.0 577.0 651.0 214.0 39.0 214.0 410.0 204.0 410.0 
2 3 1.0 1.0 441.0 98.0 441.0 583.0 49.0 583.0 460.0 322.0 460.0 
2 4 1.03 1.03 441.0 98.0 441.0 583.0 49.0 583.0 460.0 322.0 460.0 321.0 9.0 321.0 
2 5 1.25 1.25 441.0 98.0 441.0 583.0 49.0 583.0 460.0 322.0 460.0 321.0 9.0 321.0 250.0 55.0 250.0 
2 3 1.74 1.74 613.0 137.0 613.0 682.0 366.0 682.0 709.0 701.0 709.0 
2 3 1.51 1.51 458.0 290.0 458.0 809.0 369.0 809.0 752.0 322.0 752.0 
2 4 1.97 1.97 458.0 290.0 458.0 809.0 369.0 809.0 752.0 322.0 752.0 641.0 292.0 641.0 
2 3 1.47 1.47 391.0 180.0 391.0 548.0 506.0 548.0 73.0 7.0 73.0 
2 3 0.78 0.78 459.0 29.0 459.0 914.0 365.0 914.0 886.0 285.0 886.0 
2 4 0.97 0.97 459.0 29.0 459.0 914.0 365.0 914.0 886.0 285.0 886.0 711.0 135.0 711.0 
2 5 1.26 1.26 459.0 29.0 459.0 914.0 365.0 914.0 886.0 285.0 886.0 711.0 135.0 711.0 528.0 151.0 528.0 
2 6 1.29 1.29 459.0 29.0 459.0 914.0 365.0 914.0 886.0 285.0 886.0 711.0 135.0 711.0 528.0 151.0 528.0 892.0 35.0 892.0 
2 7 1.98 1.98 459.0 29.0 459.0 914.0 365.0 914.0 886.0 285.0 886.0 711.0 135.0 711.0 528.0 151.0 528.0 892.0 35.0 892.0 899.0 614.0 899.0 
2 3 1.58 1.58 300.0 151.0 300.0 255.0 147.0 255.0 746.0 374.0 746.0 
2 3 1.05 1.05 314.0 161.0 314.0 978.0 197.0 978.0 970.0 330.0 970.0 
2 4 1.83 1.83 314.0 161.0 314.0 978.0 197.0 978.0 970.0 330.0 970.0 78.0 61.0 78.0 
2 3 1.49 1.49 964.0 158.0 964.0 350.0 319.0 350.0 616.0 257.0 616.0 
2 4 1.58 1.58 964.0 158.0 964.0 350.0 319.0 350.0 616.0 257.0 616.0 855.0 82.0 855.0 
2 3 1.96 1.96 540.0 311.0 540.0 473.0 360.0 473.0 118.0 74.0 118.0 
2 3 1.05 1.05 148.0 3.0 148.0 110.0 31.0 110.0 891.0 669.0 891.0 
2 4 1.45 1.45 148.0 3.0 148.0 110.0 31.0 110.0 891.0 669.0 891.0 939.0 382.0 939.0 
2 5 1.65 1.65 148.0 3.0 148.0 110.0 31.0 110.0 891.0 669.0 891.0 939.0 382.0 939.0 317.0 62.0 317.0 
2 6 1.96 1.96 148.0 3.0 148.0 110.0 31.0 110.0 891.0 669.0 891.0 939.0 382.0 939.0 317.0 62.0 317.0 359.0 112.0 359.0 
2 3 1.61 1.61 545.0 33.0 545.0 560.0 416.0 560.0 909.0 738.0 909.0 
2 4 1.98 1.98 545.0 33.0 545.0 560.0 416.0 560.0 909.0 738.0 909.0 385.0 142.0 385.0 
2 3 1.88 1.88 235.0 215.0 235.0 517.0 105.0 517.0 307.0 234.0 307.0 
2 3 1.21 1.21 162.0 131.0 162.0 771.0 311.0 771.0 168.0 1.0 168.0 
2 4 1.51 1.51 162.0 131.0 162.0 771.0 311.0 771.0 168.0 1.0 168.0 823.0 242.0 823.0 
2 3 0.32 0.32 560.0 165.0 560.0 276.0 3.0 276.0 303.0 6.0 303.0 
2 4 0.8 0.8 560.0 165.0 560.0 276.0 3.0 276.0 303.0 6.0 303.0 476.0 230.0 476.0 
2 5 1.11 1.11 560.0 165.0 560.0 276.0 3.0 276.0 303.0 6.0 303.0 476.0 230.0 476.0 232.0 71.0 232.0 
2 3 1.07 1.07 482.0 5.0 482.0 339.0 192.0 339.0 849.0 423.0 849.0 
2 4 1.31 1.31 482.0 5.0 482.0 339.0 192.0 339.0 849.0 423.0 849.0 546.0 132.0 546.0 
2 5 1.73 1.73 482.0 5.0 482.0 339.0 192.0 339.0 849.0 423.0 849.0 546.0 132.0 546.0 276.0 115.0 276.0 
2 6 1.91 1.91 482.0 5.0 482.0 339.0 192.0 339.0 849.0 423.0 849.0 546.0 132.0 546.0 276.0 115.0 276.0 748.0 139.0 748.0 
2 3 1.54 1.54 457.0 327.0 457.0 121.0 74.0 121.0 629.0 140.0 629.0 
2 4 1.81 1.81 457.0 327.0 457.0 121.0 74.0 121.0 629.0 140.0 629.0 997.0 266.0 997.0 
2 5 1.98 1.98 457.0 327.0 457.0 121.0 74.0 121.0 629.0 140.0 629.0 997.0 266.0 997.0 432.0 72.0 432.0 
2 3 1.28 1.28 884.0 640.0 884.0 156.0 72.0 156.0 237.0 23.0 237.0 
2 4 1.68 1.68 884.0 640.0 884.0 156.0 72.0 156.0 237.0 23.0 237.0 787.0 320.0 787.0 
2 5 1.86 1.86 884.0 640.0 884.0 156.0 72.0 156.0 237.0 23.0 237.0 787.0 320.0 787.0 650.0 116.0 650.0 
2 3 1.25 1.25 718.0 125.0 718.0 867.0 177.0 867.0 97.0 85.0 97.0 
2 3 0.46 0.46 530.0 120.0 530.0 926.0 70.0 926.0 472.0 76.0 472.0 
2 4 0.8 0.8 530.0 120.0 530.0 926.0 70.0 926.0 472.0 76.0 472.0 538.0 186.0 538.0 
2 5 0.99 0.99 530.0 120.0 530.0 926.0 70.0 926.0 472.0 76.0 472.0 538.0 186.0 538.0 241.0 46.0 241.0 
2 6 1.96 1.96 530.0 120.0 530.0 926.0 70.0 926.0 472.0 76.0 472.0 538.0 186.0 538.0 241.0 46.0 241.0 504.0 485.0 504.0 
2 3 0.98 0.98 310.0 164.0 310.0 633.0 188.0 633.0 660.0 108.0 660.0 
2 4 1.37 1.37 310.0 164.0 310.0 633.0 188.0 633.0 660.0 108.0 660.0 587.0 226.0 587.0 
2 3 1.04 1.04 529.0 334.0 529.0 135.0 32.0 135.0 767.0 139.0 767.0 
2 4 1.75 1.75 529.0 334.0 529.0 135.0 32.0 135.0 767.0 139.0 767.0 616.0 435.0 616.0 
2 3 1.38 1.38 792.0 423.0 792.0 793.0 647.0 793.0 53.0 2.0 53.0 
2 3 0.77 0.77 864.0 232.0 864.0 215.0 36.0 215.0 556.0 190.0 556.0 
2 4 1.73 1.73 864.0 232.0 864.0 215.0 36.0 215.0 556.0 190.0 556.0 155.0 149.0 155.0 
2 5 1.9 1.9 864.0 232.0 864.0 215.0 36.0 215.0 556.0 190.0 556.0 155.0 149.0 155.0 654.0 107.0 654.0 
2 3 1.17 1.17 900.0 231.0 900.0 407.0 372.0 407.0 526.0 2.0 526.0 
2 3 1.25 1.25 606.0 449.0 606.0 761.0 378.0 761.0 382.0 5.0 382.0 
2 4 1.3 1.3 606.0 449.0 606.0 761.0 378.0 761.0 382.0 5.0 382.0 379.0 22.0 379.0 
2 5 1.38 1.38 606.0 449.0 606.0 761.0 378.0 761.0 382.0 5.0 382.0 379.0 22.0 379.0 697.0 52.0 697.0 
2 3 1.67 1.67 38.0 28.0 38.0 744.0 399.0 744.0 207.0 84.0 207.0 
2 3 1.79 1.79 221.0 202.0 221.0 974.0 689.0 974.0 941.0 168.0 941.0 
2 3 1.05 1.05 67.0 21.0 67.0 122.0 55.0 122.0 435.0 125.0 435.0 
2 4 1.86 1.86 67.0 21.0 67.0 122.0 55.0 122.0 435.0 125.0 435.0 446.0 363.0 446.0 
2 3 1.72 1.72 24.0 17.0 24.0 568.0 495.0 568.0 673.0 95.0 673.0 
2 4 1.93 1.93 24.0 17.0 24.0 568.0 495.0 568.0 673.0 95.0 673.0 884.0 187.0 884.0 
2 3 1.25 1.25 636.0 620.0 636.0 448.0 72.0 448.0 17.0 2.0 17.0 
2 3 1.86 1.86 355.0 311.0 355.0 341.0 141.0 341.0 970.0 560.0 970.0 
2 3 1.6 1.6 196.0 34.0 196.0 52.0 51.0 52.0 555.0 250.0 555.0 
2 3 1.37 1.37 862.0 678.0 862.0 91.0 31.0 91.0 402.0 100.0 402.0 
2 3 1.16 1.16 875.0 593.0 875.0 463.0 127.0 463.0 645.0 136.0 645.0 
2 4 1.84 1.84 875.0 593.0 875.0 463.0 127.0 463.0 645.0 136.0 645.0 736.0 502.0 736.0 
2 3 1.5 1.5 156.0 93.0 156.0 33.0 14.0 33.0 427.0 205.0 427.0 
2 3 0.8 0.8 224.0 75.0 224.0 436.0 130.0 436.0 419.0 72.0 419.0 
2 4 0.96 0.96 224.0 75.0 224.0 436.0 130.0 436.0 419.0 72.0 419.0 818.0 135.0 818.0 
2 5 1.4 1.4 224.0 75.0 224.0 436.0 130.0 436.0 419.0 72.0 419.0 818.0 135.0 818.0 372.0 162.0 372.0 
2 6 1.77 1.77 224.0 75.0 224.0 436.0 130.0 436.0 419.0 72.0 419.0 818.0 135.0 818.0 372.0 162.0 372.0 758.0 281.0 758.0 
2 3 1.5 1.5 237.0 156.0 237.0 122.0 22.0 122.0 731.0 486.0 731.0 
2 3 1.64 1.64 241.0 202.0 241.0 286.0 22.0 286.0 538.0 394.0 538.0 
2 4 1.7 1.7 241.0 202.0 241.0 286.0 22.0 286.0 538.0 394.0 538.0 904.0 52.0 904.0 
2 5 1.95 1.95 241.0 202.0 241.0 286.0 22.0 286.0 538.0 394.0 538.0 904.0 52.0 904.0 851.0 215.0 851.0 
2 3 1.04 1.04 455.0 132.0 455.0 510.0 351.0 510.0 728.0 48.0 728.0 
2 4 1.19 1.19 455.0 132.0 455.0 510.0 351.0 510.0 728.0 48.0 728.0 74.0 11.0 74.0 
2 5 1.49 1.49 455.0 132.0 455.0 510.0 351.0 510.0 728.0 48.0 728.0 74.0 11.0 74.0 504.0 151.0 504.0 
2 6 1.8 1.8 455.0 132.0 455.0 510.0 351.0 510.0 728.0 48.0 728.0 74.0 11.0 74.0 504.0 151.0 504.0 182.0 56.0 182.0 
2 3 1.76 1.76 785.0 314.0 785.0 349.0 185.0 349.0 240.0 200.0 240.0 
2 3 1.53 1.53 734.0 503.0 734.0 581.0 370.0 581.0 364.0 76.0 364.0 
2 3 1.54 1.54 744.0 649.0 744.0 966.0 131.0 966.0 683.0 364.0 683.0 
2 3 1.46 1.46 436.0 27.0 436.0 482.0 476.0 482.0 498.0 206.0 498.0 
2 3 1.92 1.92 961.0 533.0 961.0 936.0 560.0 936.0 61.0 47.0 61.0 
2 3 1.29 1.29 652.0 33.0 652.0 731.0 721.0 731.0 239.0 61.0 239.0 
2 4 1.93 1.93 652.0 33.0 652.0 731.0 721.0 731.0 239.0 61.0 239.0 855.0 553.0 855.0 
2 3 1.16 1.16 68.0 26.0 68.0 980.0 124.0 980.0 584.0 383.0 584.0 
2 4 1.8 1.8 68.0 26.0 68.0 980.0 124.0 980.0 584.0 383.0 584.0 637.0 410.0 637.0 
2 3 1.83 1.83 139.0 114.0 139.0 351.0 244.0 351.0 507.0 164.0 507.0 
2 3 1.73 1.73 367.0 165.0 367.0 329.0 136.0 329.0 334.0 292.0 334.0 
2 4 1.95 1.95 367.0 165.0 367.0 329.0 136.0 329.0 334.0 292.0 334.0 41.0 9.0 41.0 
2 3 1.89 1.89 953.0 7.0 953.0 385.0 383.0 385.0 802.0 716.0 802.0 
2 3 1.94 1.94 963.0 448.0 963.0 397.0 388.0 397.0 852.0 432.0 852.0 
2 3 1.21 1.21 832.0 16.0 832.0 778.0 549.0 778.0 871.0 425.0 871.0 
2 4 1.68 1.68 832.0 16.0 832.0 778.0 549.0 778.0 871.0 425.0 871.0 330.0 155.0 330.0 
2 5 1.78 1.78 832.0 16.0 832.0 778.0 549.0 778.0 871.0 425.0 871.0 330.0 155.0 330.0 382.0 39.0 382.0 
2 3 0.84 0.84 876.0 543.0 876.0 723.0 9.0 723.0 722.0 156.0 722.0 
2 4 1.81 1.81 876.0 543.0 876.0 723.0 9.0 723.0 722.0 156.0 722.0 836.0 811.0 836.0 
2 3 1.35 1.35 60.0 22.0 60.0 994.0 167.0 994.0 82.0 67.0 82.0 
2 4 1.45 1.45 60.0 22.0 60.0 994.0 167.0 994.0 82.0 67.0 82.0 142.0 15.0 142.0 
2 5 1.95 1.95 60.0 22.0 60.0 994.0 167.0 994.0 82.0 67.0 82.0 142.0 15.0 142.0 854.0 422.0 854.0 
2 3 1.87 1.87 141.0 20.0 141.0 77.0 58.0 77.0 465.0 455.0 465.0 
2 3 1.69 1.69 14.0 12.0 14.0 47.0 28.0 47.0 518.0 126.0 518.0 
2 3 1.9 1.9 421.0 297.0 421.0 138.0 47.0 138.0 873.0 751.0 873.0 
2 3 1.45 1.45 794.0 190.0 794.0 103.0 70.0 103.0 331.0 179.0 331.0 
2 3 1.48 1.48 414.0 172.0 414.0 64.0 14.0 64.0 131.0 111.0 131.0 
2 4 1.72 1.72 414.0 172.0 414.0 64.0 14.0 64.0 131.0 111.0 131.0 109.0 26.0 109.0 
2 3 1.86 1.86 651.0 125.0 651.0 630.0 544.0 630.0 483.0 392.0 483.0 
2 3 0.88 0.88 457.0 130.0 457.0 866.0 104.0 866.0 54.0 26.0 54.0 
2 4 1.13 1.13 457.0 130.0 457.0 866.0 104.0 866.0 54.0 26.0 54.0 966.0 238.0 966.0 
2 5 1.38 1.38 457.0 130.0 457.0 866.0 104.0 866.0 54.0 26.0 54.0 966.0 238.0 966.0 682.0 171.0 682.0 
2 6 1.69 1.69 457.0 130.0 457.0 866.0 104.0 866.0 54.0 26.0 54.0 966.0 238.0 966.0 682.0 171.0 682.0 636.0 201.0 636.0 
2 3 1.55 1.55 275.0 135.0 275.0 840.0 198.0 840.0 765.0 632.0 765.0 
2 3 1.42 1.42 561.0 354.0 561.0 381.0 285.0 381.0 952.0 40.0 952.0 
2 4 1.73 1.73 561.0 354.0 561.0 381.0 285.0 381.0 952.0 40.0 952.0 98.0 31.0 98.0 
2 3 1.75 1.75 648.0 390.0 648.0 397.0 91.0 397.0 613.0 569.0 613.0 
2 3 0.94 0.94 303.0 151.0 303.0 183.0 39.0 183.0 151.0 35.0 151.0 
2 4 1.36 1.36 303.0 151.0 303.0 183.0 39.0 183.0 151.0 35.0 151.0 767.0 321.0 767.0 
2 5 1.82 1.82 303.0 151.0 303.0 183.0 39.0 183.0 151.0 35.0 151.0 767.0 321.0 767.0 502.0 234.0 502.0 
2 3 1.6 1.6 386.0 286.0 386.0 173.0 57.0 173.0 578.0 309.0 578.0 
2 3 1.6 1.6 883.0 362.0 883.0 650.0 564.0 650.0 372.0 123.0 372.0 
2 3 1.25 1.25 49.0 17.0 49.0 23.0 8.0 23.0 955.0 539.0 955.0 
2 4 1.84 1.84 49.0 17.0 49.0 23.0 8.0 23.0 955.0 539.0 955.0 587.0 343.0 587.0 
2 3 0.81 0.81 285.0 39.0 285.0 479.0 242.0 479.0 259.0 45.0 259.0 
2 4 0.83 0.83 285.0 39.0 285.0 479.0 242.0 479.0 259.0 45.0 259.0 275.0 4.0 275.0 
2 5 1.49 1.49 285.0 39.0 285.0 479.0 242.0 479.0 259.0 45.0 259.0 275.0 4.0 275.0 796.0 533.0 796.0 
2 3 1.38 1.38 902.0 355.0 902.0 247.0 177.0 247.0 584.0 162.0 584.0 
2 4 1.82 1.82 902.0 355.0 902.0 247.0 177.0 247.0 584.0 162.0 584.0 187.0 82.0 187.0 
2 5 1.96 1.96 902.0 355.0 902.0 247.0 177.0 247.0 584.0 162.0 584.0 187.0 82.0 187.0 272.0 38.0 272.0 
2 3 1.63 1.63 497.0 346.0 497.0 935.0 426.0 935.0 118.0 57.0 118.0 
2 3 0.96 0.96 712.0 7.0 712.0 99.0 75.0 99.0 403.0 80.0 403.0 
2 4 1.69 1.69 712.0 7.0 712.0 99.0 75.0 99.0 403.0 80.0 403.0 806.0 587.0 806.0 
2 3 1.51 1.51 37.0 28.0 37.0 228.0 41.0 228.0 235.0 137.0 235.0 
2 4 1.64 1.64 37.0 28.0 37.0 228.0 41.0 228.0 235.0 137.0 235.0 679.0 87.0 679.0 
2 3 1.33 1.33 414.0 281.0 414.0 499.0 324.0 499.0 850.0 3.0 850.0 
2 4 1.48 1.48 414.0 281.0 414.0 499.0 324.0 499.0 850.0 3.0 850.0 683.0 108.0 683.0 
2 3 1.46 1.46 57.0 21.0 57.0 496.0 324.0 496.0 955.0 420.0 955.0 
2 3 1.24 1.24 673.0 445.0 673.0 697.0 206.0 697.0 203.0 59.0 203.0 
2 4 1.41 1.41 673.0 445.0 673.0 697.0 206.0 697.0 203.0 59.0 203.0 558.0 93.0 558.0 
2 3 0.84 0.84 593.0 29.0 593.0 193.0 105.0 193.0 557.0 139.0 557.0 
2 4 1.25 1.25 593.0 29.0 593.0 193.0 105.0 193.0 557.0 139.0 557.0 554.0 231.0 554.0 
2 5 1.92 1.92 593.0 29.0 593.0 193.0 105.0 193.0 557.0 139.0 557.0 554.0 231.0 554.0 524.0 349.0 524.0 
2 3 1.31 1.31 107.0 54.0 107.0 984.0 412.0 984.0 435.0 169.0 435.0 
2 4 1.38 1.38 107.0 54.0 107.0 984.0 412.0 984.0 435.0 169.0 435.0 70.0 5.0 70.0 
2 3 0.73 0.73 814.0 132.0 814.0 508.0 13.0 508.0 323.0 178.0 323.0 
2 4 1.48 1.48 814.0 132.0 814.0 508.0 13.0 508.0 323.0 178.0 323.0 975.0 731.0 975.0 
2 5 1.78 1.78 814.0 132.0 814.0 508.0 13.0 508.0 323.0 178.0 323.0 975.0 731.0 975.0 108.0 32.0 108.0 
2 3 1.65 1.65 279.0 196.0 279.0 919.0 821.0 919.0 242.0 14.0 242.0 
2 4 1.73 1.73 279.0 196.0 279.0 919.0 821.0 919.0 242.0 14.0 242.0 752.0 63.0 752.0 
2 3 1.33 1.33 742.0 384.0 742.0 533.0 295.0 533.0 300.0 79.0 300.0 
2 3 1.13 1.13 8.0 3.0 8.0 941.0 505.0 941.0 444.0 98.0 444.0 
2 4 1.53 1.53 8.0 3.0 8.0 941.0 505.0 941.0 444.0 98.0 444.0 963.0 383.0 963.0 
2 3 1.6 1.6 234.0 96.0 234.0 96.0 67.0 96.0 722.0 357.0 722.0 
2 4 1.66 1.66 234.0 96.0 234.0 96.0 67.0 96.0 722.0 357.0 722.0 423.0 27.0 423.0 
2 5 1.77 1.77 234.0 96.0 234.0 96.0 67.0 96.0 722.0 357.0 722.0 423.0 27.0 423.0 185.0 21.0 185.0 
2 3 1.38 1.38 4.0 1.0 4.0 81.0 47.0 81.0 602.0 334.0 602.0 
2 4 1.71 1.71 4.0 1.0 4.0 81.0 47.0 81.0 602.0 334.0 602.0 6.0 2.0 6.0 
2 3 1.29 1.29 802.0 505.0 802.0 285.0 78.0 285.0 191.0 74.0 191.0 
2 4 1.52 1.52 802.0 505.0 802.0 285.0 78.0 285.0 191.0 74.0 191.0 734.0 172.0 734.0 
2 3 1.8 1.8 33.0 27.0 33.0 590.0 398.0 590.0 673.0 209.0 673.0 
2 3 1.92 1.92 151.0 122.0 151.0 198.0 39.0 198.0 386.0 357.0 386.0 
2 3 1.44 1.44 167.0 45.0 167.0 576.0 475.0 576.0 323.0 112.0 323.0 
2 4 1.46 1.46 167.0 45.0 167.0 576.0 475.0 576.0 323.0 112.0 323.0 317.0 7.0 317.0 
2 3 1.62 1.62 152.0 56.0 152.0 254.0 142.0 254.0 994.0 691.0 994.0 
2 3 1.51 1.51 664.0 302.0 664.0 470.0 171.0 470.0 167.0 117.0 167.0 
2 4 1.62 1.62 664.0 302.0 664.0 470.0 171.0 470.0 167.0 117.0 167.0 375.0 41.0 375.0 
2 5 1.88 1.88 664.0 302.0 664.0 470.0 171.0 470.0 167.0 117.0 167.0 375.0 41.0 375.0 431.0 109.0 431.0 
2 3 1.78 1.78 878.0 320.0 878.0 58.0 51.0 58.0 150.0 81.0 150.0 
2 3 1.56 1.56 758.0 348.0 758.0 366.0 136.0 366.0 513.0 379.0 513.0 
2 3 1.88 1.88 63.0 22.0 63.0 446.0 259.0 446.0 996.0 952.0 996.0 
2 3 1.56 1.56 782.0 193.0 782.0 682.0 306.0 682.0 285.0 249.0 285.0 
2 4 1.89 1.89 782.0 193.0 782.0 682.0 306.0 682.0 285.0 249.0 285.0 601.0 195.0 601.0 
2 3 1.86 1.86 487.0 373.0 487.0 460.0 219.0 460.0 66.0 41.0 66.0 
2 3 1.93 1.93 850.0 735.0 850.0 183.0 113.0 183.0 793.0 361.0 793.0 
2 3 1.34 1.34 832.0 122.0 832.0 912.0 865.0 912.0 595.0 147.0 595.0 
2 3 1.06 1.06 849.0 272.0 849.0 561.0 393.0 561.0 763.0 31.0 763.0 
2 4 1.53 1.53 849.0 272.0 849.0 561.0 393.0 561.0 763.0 31.0 763.0 932.0 443.0 932.0 
2 3 0.67 0.67 778.0 264.0 778.0 414.0 34.0 414.0 203.0 52.0 203.0 
2 4 0.85 0.85 778.0 264.0 778.0 414.0 34.0 414.0 203.0 52.0 203.0 122.0 22.0 122.0 
2 5 1.63 1.63 778.0 264.0 778.0 414.0 34.0 414.0 203.0 52.0 203.0 122.0 22.0 122.0 41.0 32.0 41.0 
2 6 1.81 1.81 778.0 264.0 778.0 414.0 34.0 414.0 203.0 52.0 203.0 122.0 22.0 122.0 41.0 32.0 41.0 131.0 23.0 131.0 
2 3 1.81 1.81 335.0 114.0 335.0 840.0 553.0 840.0 621.0 505.0 621.0 
2 3 0.8 0.8 464.0 62.0 464.0 681.0 326.0 681.0 58.0 11.0 58.0 
2 4 1.02 1.02 464.0 62.0 464.0 681.0 326.0 681.0 58.0 11.0 58.0 119.0 26.0 119.0 
2 5 1.39 1.39 464.0 62.0 464.0 681.0 326.0 681.0 58.0 11.0 58.0 119.0 26.0 119.0 506.0 192.0 506.0 
2 3 1.55 1.55 620.0 132.0 620.0 108.0 48.0 108.0 254.0 228.0 254.0 
2 4 1.98 1.98 620.0 132.0 620.0 108.0 48.0 108.0 254.0 228.0 254.0 230.0 100.0 230.0 
2 3 1.52 1.52 638.0 611.0 638.0 796.0 157.0 796.0 911.0 334.0 911.0 
2 4 1.96 1.96 638.0 611.0 638.0 796.0 157.0 796.0 911.0 334.0 911.0 914.0 409.0 914.0 
2 3 0.73 0.73 784.0 155.0 784.0 104.0 32.0 104.0 350.0 80.0 350.0 
2 4 1.62 1.62 784.0 155.0 784.0 104.0 32.0 104.0 350.0 80.0 350.0 9.0 8.0 9.0 
2 3 1.17 1.17 365.0 18.0 365.0 690.0 163.0 690.0 137.0 122.0 137.0 
2 3 1.27 1.27 186.0 169.0 186.0 217.0 70.0 217.0 837.0 38.0 837.0 
2 3 0.83 0.83 272.0 114.0 272.0 55.0 5.0 55.0 720.0 237.0 720.0 
2 4 1.17 1.17 272.0 114.0 272.0 55.0 5.0 55.0 720.0 237.0 720.0 428.0 142.0 428.0 
2 5 1.52 1.52 272.0 114.0 272.0 55.0 5.0 55.0 720.0 237.0 720.0 428.0 142.0 428.0 167.0 59.0 167.0 
2 3 1.32 1.32 774.0 618.0 774.0 473.0 12.0 473.0 145.0 73.0 145.0 
2 3 1.75 1.75 924.0 305.0 924.0 907.0 650.0 907.0 106.0 75.0 106.0 
2 3 1.32 1.32 70.0 4.0 70.0 244.0 197.0 244.0 384.0 177.0 384.0 
2 4 1.75 1.75 70.0 4.0 70.0 244.0 197.0 244.0 384.0 177.0 384.0 865.0 375.0 865.0 
2 3 1.64 1.64 289.0 153.0 289.0 119.0 23.0 119.0 541.0 500.0 541.0 
2 4 1.68 1.68 289.0 153.0 289.0 119.0 23.0 119.0 541.0 500.0 541.0 969.0 36.0 969.0 
2 3 1.92 1.92 920.0 716.0 920.0 886.0 279.0 886.0 232.0 192.0 232.0 
2 3 1.49 1.49 485.0 146.0 485.0 181.0 153.0 181.0 826.0 289.0 826.0 
2 4 1.59 1.59 485.0 146.0 485.0 181.0 153.0 181.0 826.0 289.0 826.0 435.0 43.0 435.0 
2 5 1.65 1.65 485.0 146.0 485.0 181.0 153.0 181.0 826.0 289.0 826.0 435.0 43.0 435.0 225.0 13.0 225.0 
2 3 1.77 1.77 300.0 237.0 300.0 363.0 127.0 363.0 263.0 166.0 263.0 
2 4 1.97 1.97 300.0 237.0 300.0 363.0 127.0 363.0 263.0 166.0 263.0 144.0 30.0 144.0 
2 3 1.58 1.58 939.0 543.0 939.0 811.0 365.0 811.0 503.0 279.0 503.0 
2 4 1.76 1.76 939.0 543.0 939.0 811.0 365.0 811.0 503.0 279.0 503.0 623.0 114.0 623.0 
2 3 1.53 1.53 789.0 317.0 789.0 139.0 37.0 139.0 68.0 59.0 68.0 
2 4 1.97 1.97 789.0 317.0 789.0 139.0 37.0 139.0 68.0 59.0 68.0 297.0 130.0 297.0 
2 3 0.58 0.58 158.0 53.0 158.0 509.0 43.0 509.0 346.0 56.0 346.0 
2 4 0.69 0.69 158.0 53.0 158.0 509.0 43.0 509.0 346.0 56.0 346.0 926.0 107.0 926.0 
2 5 1.21 1.21 158.0 53.0 158.0 509.0 43.0 509.0 346.0 56.0 346.0 926.0 107.0 926.0 331.0 171.0 331.0 
2 6 1.56 1.56 158.0 53.0 158.0 509.0 43.0 509.0 346.0 56.0 346.0 926.0 107.0 926.0 331.0 171.0 331.0 870.0 308.0 870.0 
2 3 1.76 1.76 263.0 234.0 263.0 539.0 236.0 539.0 981.0 433.0 981.0 
2 3 1.3 1.3 871.0 693.0 871.0 328.0 60.0 328.0 624.0 206.0 624.0 
2 4 1.44 1.44 871.0 693.0 871.0 328.0 60.0 328.0 624.0 206.0 624.0 896.0 121.0 896.0 
2 3 1.05 1.05 676.0 353.0 676.0 616.0 250.0 616.0 234.0 30.0 234.0 
2 4 1.2 1.2 676.0 353.0 676.0 616.0 250.0 616.0 234.0 30.0 234.0 621.0 95.0 621.0 
2 5 1.86 1.86 676.0 353.0 676.0 616.0 250.0 616.0 234.0 30.0 234.0 621.0 95.0 621.0 636.0 419.0 636.0 
2 3 1.59 1.59 589.0 563.0 589.0 807.0 334.0 807.0 471.0 104.0 471.0 
2 3 1.19 1.19 604.0 247.0 604.0 676.0 85.0 676.0 156.0 103.0 156.0 
2 4 1.31 1.31 604.0 247.0 604.0 676.0 85.0 676.0 156.0 103.0 156.0 368.0 45.0 368.0 
2 3 1.1 1.1 959.0 307.0 959.0 112.0 39.0 112.0 563.0 246.0 563.0 
2 3 0.86 0.86 72.0 48.0 72.0 949.0 155.0 949.0 294.0 10.0 294.0 
2 4 1.05 1.05 72.0 48.0 72.0 949.0 155.0 949.0 294.0 10.0 294.0 600.0 116.0 600.0 
2 5 1.12 1.12 72.0 48.0 72.0 949.0 155.0 949.0 294.0 10.0 294.0 600.0 116.0 600.0 592.0 43.0 592.0 
2 6 1.65 1.65 72.0 48.0 72.0 949.0 155.0 949.0 294.0 10.0 294.0 600.0 116.0 600.0 592.0 43.0 592.0 552.0 292.0 552.0 
2 3 1.74 1.74 711.0 344.0 711.0 924.0 240.0 924.0 14.0 14.0 14.0 
2 3 0.89 0.89 679.0 409.0 679.0 705.0 90.0 705.0 25.0 4.0 25.0 
2 4 0.94 0.94 679.0 409.0 679.0 705.0 90.0 705.0 25.0 4.0 25.0 782.0 40.0 782.0 
2 5 1.48 1.48 679.0 409.0 679.0 705.0 90.0 705.0 25.0 4.0 25.0 782.0 40.0 782.0 970.0 532.0 970.0 
2 3 1.35 1.35 296.0 141.0 296.0 633.0 9.0 633.0 527.0 456.0 527.0 
2 4 1.96 1.96 296.0 141.0 296.0 633.0 9.0 633.0 527.0 456.0 527.0 300.0 184.0 300.0 
2 3 0.65 0.65 595.0 22.0 595.0 455.0 257.0 455.0 300.0 15.0 300.0 
2 4 1.08 1.08 595.0 22.0 595.0 455.0 257.0 455.0 300.0 15.0 300.0 890.0 389.0 890.0 
2 5 1.76 1.76 595.0 22.0 595.0 455.0 257.0 455.0 300.0 15.0 300.0 890.0 389.0 890.0 318.0 215.0 318.0 
2 3 1.21 1.21 497.0 56.0 497.0 117.0 106.0 117.0 765.0 151.0 765.0 
2 3 1.55 1.55 551.0 540.0 551.0 208.0 2.0 208.0 795.0 451.0 795.0 
2 4 1.92 1.92 551.0 540.0 551.0 208.0 2.0 208.0 795.0 451.0 795.0 143.0 53.0 143.0 
2 3 0.63 0.63 372.0 132.0 372.0 177.0 40.0 177.0 391.0 23.0 391.0 
2 4 1.4 1.4 372.0 132.0 372.0 177.0 40.0 177.0 391.0 23.0 391.0 562.0 431.0 562.0 
2 5 1.9 1.9 372.0 132.0 372.0 177.0 40.0 177.0 391.0 23.0 391.0 562.0 431.0 562.0 981.0 485.0 981.0 
2 3 1.11 1.11 373.0 138.0 373.0 673.0 315.0 673.0 662.0 184.0 662.0 
2 4 1.23 1.23 373.0 138.0 373.0 673.0 315.0 673.0 662.0 184.0 662.0 201.0 23.0 201.0 
2 3 1.38 1.38 837.0 153.0 837.0 979.0 332.0 979.0 156.0 135.0 156.0 
2 4 1.99 1.99 837.0 153.0 837.0 979.0 332.0 979.0 156.0 135.0 156.0 477.0 291.0 477.0 
2 3 1.15 1.15 751.0 440.0 751.0 876.0 168.0 876.0 513.0 196.0 513.0 
2 4 1.62 1.62 751.0 440.0 751.0 876.0 168.0 876.0 513.0 196.0 513.0 345.0 162.0 345.0 
2 3 1.84 1.84 617.0 156.0 617.0 612.0 377.0 612.0 856.0 834.0 856.0 
2 3 1.07 1.07 376.0 10.0 376.0 280.0 260.0 280.0 571.0 67.0 571.0 
2 4 1.65 1.65 376.0 10.0 376.0 280.0 260.0 280.0 571.0 67.0 571.0 930.0 543.0 930.0 
2 3 1.55 1.55 908.0 410.0 908.0 722.0 566.0 722.0 863.0 277.0 863.0 
2 4 1.6 1.6 908.0 410.0 908.0 722.0 566.0 722.0 863.0 277.0 863.0 674.0 34.0 674.0 
2 3 1.42 1.42 418.0 324.0 418.0 411.0 245.0 411.0 765.0 43.0 765.0 
2 3 1.69 1.69 644.0 538.0 644.0 568.0 94.0 568.0 723.0 500.0 723.0 
2 3 1.51 1.51 100.0 86.0 100.0 901.0 574.0 901.0 637.0 9.0 637.0 
2 3 0.97 0.97 142.0 50.0 142.0 256.0 144.0 256.0 527.0 32.0 527.0 
2 4 1.23 1.23 142.0 50.0 142.0 256.0 144.0 256.0 527.0 32.0 527.0 247.0 65.0 247.0 
2 5 1.46 1.46 142.0 50.0 142.0 256.0 144.0 256.0 527.0 32.0 527.0 247.0 65.0 247.0 426.0 98.0 426.0 
2 3 1.94 1.94 928.0 634.0 928.0 863.0 596.0 863.0 91.0 52.0 91.0 
2 3 0.78 0.78 486.0 199.0 486.0 54.0 7.0 54.0 192.0 47.0 192.0 
2 4 1.7 1.7 486.0 199.0 486.0 54.0 7.0 54.0 192.0 47.0 192.0 619.0 571.0 619.0 
2 5 1.87 1.87 486.0 199.0 486.0 54.0 7.0 54.0 192.0 47.0 192.0 619.0 571.0 619.0 41.0 7.0 41.0 
2 3 1.94 1.94 524.0 520.0 524.0 427.0 159.0 427.0 24.0 14.0 24.0 
2 3 1.45 1.45 910.0 385.0 910.0 605.0 338.0 605.0 703.0 332.0 703.0 
2 4 1.77 1.77 910.0 385.0 910.0 605.0 338.0 605.0 703.0 332.0 703.0 551.0 176.0 551.0 
2 5 1.96 1.96 910.0 385.0 910.0 605.0 338.0 605.0 703.0 332.0 703.0 551.0 176.0 551.0 981.0 186.0 981.0 
2 3 1.67 1.67 559.0 474.0 559.0 506.0 18.0 506.0 693.0 551.0 693.0 
2 4 1.93 1.93 559.0 474.0 559.0 506.0 18.0 506.0 693.0 551.0 693.0 647.0 164.0 647.0 
2 3 1.49 1.49 87.0 25.0 87.0 657.0 318.0 657.0 845.0 613.0 845.0 
2 4 1.97 1.97 87.0 25.0 87.0 657.0 318.0 657.0 845.0 613.0 845.0 773.0 373.0 773.0 
2 3 1.47 1.47 536.0 474.0 536.0 642.0 6.0 642.0 38.0 22.0 38.0 
2 3 1.45 1.45 798.0 274.0 798.0 358.0 160.0 358.0 357.0 236.0 357.0 
2 3 1.12 1.12 978.0 168.0 978.0 653.0 268.0 653.0 975.0 530.0 975.0 
2 3 1.11 1.11 729.0 98.0 729.0 730.0 511.0 730.0 389.0 108.0 389.0 
2 3 1.97 1.97 349.0 190.0 349.0 677.0 341.0 677.0 838.0 776.0 838.0 
2 3 1.9 1.9 571.0 109.0 571.0 891.0 758.0 891.0 748.0 644.0 748.0 
2 3 1.05 1.05 726.0 252.0 726.0 116.0 8.0 116.0 765.0 488.0 765.0 
2 4 1.24 1.24 726.0 252.0 726.0 116.0 8.0 116.0 765.0 488.0 765.0 845.0 164.0 845.0 
2 3 0.69 0.69 902.0 132.0 902.0 180.0 74.0 180.0 186.0 25.0 186.0 
2 4 1.21 1.21 902.0 132.0 902.0 180.0 74.0 180.0 186.0 25.0 186.0 745.0 387.0 745.0 
2 5 1.7 1.7 902.0 132.0 902.0 180.0 74.0 180.0 186.0 25.0 186.0 745.0 387.0 745.0 827.0 412.0 827.0 
2 3 1.34 1.34 867.0 363.0 867.0 593.0 463.0 593.0 20.0 3.0 20.0 
2 4 1.39 1.39 867.0 363.0 867.0 593.0 463.0 593.0 20.0 3.0 20.0 904.0 40.0 904.0 
2 3 0.97 0.97 645.0 210.0 645.0 987.0 567.0 987.0 677.0 51.0 677.0 
2 4 1.75 1.75 645.0 210.0 645.0 987.0 567.0 987.0 677.0 51.0 677.0 712.0 554.0 712.0 
2 3 1.66 1.66 124.0 114.0 124.0 484.0 26.0 484.0 670.0 462.0 670.0 
2 4 1.92 1.92 124.0 114.0 124.0 484.0 26.0 484.0 670.0 462.0 670.0 266.0 70.0 266.0 
2 3 1.48 1.48 317.0 14.0 317.0 136.0 99.0 136.0 306.0 217.0 306.0 
2 3 1.49 1.49 937.0 10.0 937.0 561.0 287.0 561.0 229.0 222.0 229.0 
2 3 1.2 1.2 873.0 1.0 873.0 167.0 75.0 167.0 609.0 461.0 609.0 
2 3 1.42 1.42 348.0 232.0 348.0 24.0 5.0 24.0 484.0 264.0 484.0 
2 3 1.22 1.22 974.0 795.0 974.0 174.0 61.0 174.0 240.0 15.0 240.0 
2 4 1.96 1.96 974.0 795.0 974.0 174.0 61.0 174.0 240.0 15.0 240.0 194.0 143.0 194.0 
2 3 1.58 1.58 405.0 230.0 405.0 895.0 18.0 895.0 884.0 882.0 884.0 
2 4 1.9 1.9 405.0 230.0 405.0 895.0 18.0 895.0 884.0 882.0 884.0 157.0 50.0 157.0 
2 3 1.77 1.77 632.0 317.0 632.0 482.0 349.0 482.0 109.0 60.0 109.0 
2 3 1.89 1.89 490.0 448.0 490.0 122.0 113.0 122.0 106.0 6.0 106.0 
2 3 1.39 1.39 917.0 184.0 917.0 480.0 219.0 480.0 217.0 160.0 217.0 
2 4 1.5 1.5 917.0 184.0 917.0 480.0 219.0 480.0 217.0 160.0 217.0 348.0 40.0 348.0 
2 5 1.6 1.6 917.0 184.0 917.0 480.0 219.0 480.0 217.0 160.0 217.0 348.0 40.0 348.0 238.0 23.0 238.0 
2 3 1.87 1.87 705.0 375.0 705.0 645.0 439.0 645.0 30.0 20.0 30.0 
2 3 1.91 1.91 208.0 94.0 208.0 699.0 530.0 699.0 309.0 219.0 309.0 
2 3 1.77 1.77 286.0 250.0 286.0 532.0 458.0 532.0 137.0 6.0 137.0 
2 3 1.68 1.68 901.0 580.0 901.0 185.0 64.0 185.0 922.0 640.0 922.0 
2 3 1.09 1.09 573.0 214.0 573.0 278.0 85.0 278.0 707.0 297.0 707.0 
2 4 1.24 1.24 573.0 214.0 573.0 278.0 85.0 278.0 707.0 297.0 707.0 264.0 38.0 264.0 
2 3 1.84 1.84 841.0 296.0 841.0 689.0 537.0 689.0 657.0 470.0 657.0 
2 3 1.01 1.01 825.0 393.0 825.0 618.0 175.0 618.0 254.0 66.0 254.0 
2 4 1.77 1.77 825.0 393.0 825.0 618.0 175.0 618.0 254.0 66.0 254.0 347.0 262.0 347.0 
2 3 1.04 1.04 521.0 26.0 521.0 491.0 213.0 491.0 124.0 70.0 124.0 
2 4 1.73 1.73 521.0 26.0 521.0 491.0 213.0 491.0 124.0 70.0 124.0 729.0 501.0 729.0 
2 3 1.56 1.56 867.0 707.0 867.0 229.0 92.0 229.0 713.0 246.0 713.0 
2 4 1.78 1.78 867.0 707.0 867.0 229.0 92.0 229.0 713.0 246.0 713.0 724.0 158.0 724.0 
2 3 1.37 1.37 757.0 61.0 757.0 802.0 563.0 802.0 508.0 299.0 508.0 
2 3 1.96 1.96 737.0 725.0 737.0 921.0 464.0 921.0 438.0 211.0 438.0 
2 3 1.21 1.21 946.0 535.0 946.0 822.0 293.0 822.0 416.0 121.0 416.0 
2 3 1.68 1.68 844.0 168.0 844.0 247.0 237.0 247.0 407.0 216.0 407.0 
2 4 1.84 1.84 844.0 168.0 844.0 247.0 237.0 247.0 407.0 216.0 407.0 603.0 96.0 603.0 
2 3 1.59 1.59 512.0 421.0 512.0 564.0 409.0 564.0 272.0 13.0 272.0 
2 3 0.83 0.83 672.0 85.0 672.0 97.0 26.0 97.0 467.0 204.0 467.0 
2 4 1.03 1.03 672.0 85.0 672.0 97.0 26.0 97.0 467.0 204.0 467.0 511.0 102.0 511.0 
2 5 1.08 1.08 672.0 85.0 672.0 97.0 26.0 97.0 467.0 204.0 467.0 511.0 102.0 511.0 748.0 39.0 748.0 
2 6 1.83 1.83 672.0 85.0 672.0 97.0 26.0 97.0 467.0 204.0 467.0 511.0 102.0 511.0 748.0 39.0 748.0 756.0 566.0 756.0 
2 3 1.86 1.86 515.0 210.0 515.0 631.0 317.0 631.0 457.0 436.0 457.0 
2 3 1.17 1.17 679.0 193.0 679.0 185.0 53.0 185.0 765.0 464.0 765.0 
2 4 1.38 1.38 679.0 193.0 679.0 185.0 53.0 185.0 765.0 464.0 765.0 594.0 125.0 594.0 
2 5 1.74 1.74 679.0 193.0 679.0 185.0 53.0 185.0 765.0 464.0 765.0 594.0 125.0 594.0 581.0 209.0 581.0 
2 3 1.06 1.06 22.0 17.0 22.0 702.0 31.0 702.0 522.0 128.0 522.0 
2 4 1.92 1.92 22.0 17.0 22.0 702.0 31.0 702.0 522.0 128.0 522.0 960.0 832.0 960.0 
2 3 0.89 0.89 762.0 479.0 762.0 144.0 1.0 144.0 511.0 131.0 511.0 
2 4 1.15 1.15 762.0 479.0 762.0 144.0 1.0 144.0 511.0 131.0 511.0 394.0 104.0 394.0 
2 5 1.29 1.29 762.0 479.0 762.0 144.0 1.0 144.0 511.0 131.0 511.0 394.0 104.0 394.0 921.0 127.0 921.0 
2 6 1.86 1.86 762.0 479.0 762.0 144.0 1.0 144.0 511.0 131.0 511.0 394.0 104.0 394.0 921.0 127.0 921.0 657.0 377.0 657.0 
2 3 1.95 1.95 410.0 201.0 410.0 545.0 399.0 545.0 861.0 630.0 861.0 
2 3 1.0 1.0 841.0 50.0 841.0 51.0 47.0 51.0 672.0 14.0 672.0 
2 4 1.83 1.83 841.0 50.0 841.0 51.0 47.0 51.0 672.0 14.0 672.0 370.0 308.0 370.0 
2 3 1.67 1.67 963.0 619.0 963.0 248.0 61.0 248.0 318.0 249.0 318.0 
2 3 1.24 1.24 2.0 1.0 2.0 85.0 28.0 85.0 876.0 360.0 876.0 
2 3 1.14 1.14 171.0 123.0 171.0 707.0 286.0 707.0 486.0 8.0 486.0 
2 4 1.56 1.56 171.0 123.0 171.0 707.0 286.0 707.0 486.0 8.0 486.0 411.0 176.0 411.0 
2 3 1.37 1.37 613.0 166.0 613.0 320.0 91.0 320.0 208.0 170.0 208.0 
2 4 1.81 1.81 613.0 166.0 613.0 320.0 91.0 320.0 208.0 170.0 208.0 822.0 365.0 822.0 
2 5 1.86 1.86 613.0 166.0 613.0 320.0 91.0 320.0 208.0 170.0 208.0 822.0 365.0 822.0 372.0 19.0 372.0 
2 3 0.87 0.87 139.0 96.0 139.0 360.0 34.0 360.0 269.0 25.0 269.0 
2 4 1.53 1.53 139.0 96.0 139.0 360.0 34.0 360.0 269.0 25.0 269.0 912.0 599.0 912.0 
2 3 1.35 1.35 555.0 530.0 555.0 317.0 53.0 317.0 897.0 209.0 897.0 
2 4 1.74 1.74 555.0 530.0 555.0 317.0 53.0 317.0 897.0 209.0 897.0 551.0 214.0 551.0 
2 3 1.74 1.74 319.0 251.0 319.0 602.0 528.0 602.0 189.0 16.0 189.0 
2 3 1.4 1.4 696.0 463.0 696.0 795.0 501.0 795.0 496.0 52.0 496.0 
2 3 1.81 1.81 630.0 483.0 630.0 882.0 368.0 882.0 101.0 64.0 101.0 
2 3 1.52 1.52 203.0 99.0 203.0 100.0 63.0 100.0 749.0 306.0 749.0 
2 4 1.84 1.84 203.0 99.0 203.0 100.0 63.0 100.0 749.0 306.0 749.0 470.0 150.0 470.0 
2 3 1.4 1.4 50.0 31.0 50.0 971.0 14.0 971.0 168.0 129.0 168.0 
2 3 1.06 1.06 966.0 657.0 966.0 298.0 80.0 298.0 89.0 10.0 89.0 
2 4 1.93 1.93 966.0 657.0 966.0 298.0 80.0 298.0 89.0 10.0 89.0 654.0 571.0 654.0 
2 3 1.43 1.43 153.0 19.0 153.0 60.0 36.0 60.0 233.0 166.0 233.0 
2 4 1.82 1.82 153.0 19.0 153.0 60.0 36.0 60.0 233.0 166.0 233.0 902.0 354.0 902.0 
2 3 1.62 1.62 83.0 51.0 83.0 261.0 247.0 261.0 895.0 57.0 895.0 
2 3 0.91 0.91 395.0 49.0 395.0 442.0 87.0 442.0 969.0 572.0 969.0 
2 4 1.54 1.54 395.0 49.0 395.0 442.0 87.0 442.0 969.0 572.0 969.0 71.0 45.0 71.0 
2 3 1.58 1.58 39.0 10.0 39.0 503.0 289.0 503.0 40.0 30.0 40.0 
2 4 1.59 1.59 39.0 10.0 39.0 503.0 289.0 503.0 40.0 30.0 40.0 604.0 8.0 604.0 
2 5 1.99 1.99 39.0 10.0 39.0 503.0 289.0 503.0 40.0 30.0 40.0 604.0 8.0 604.0 588.0 233.0 588.0 
2 3 1.62 1.62 565.0 263.0 565.0 302.0 87.0 302.0 24.0 21.0 24.0 
2 3 1.79 1.79 900.0 347.0 900.0 121.0 73.0 121.0 292.0 235.0 292.0 
2 3 1.59 1.59 626.0 102.0 626.0 354.0 354.0 354.0 438.0 190.0 438.0 
2 3 1.92 1.92 441.0 206.0 441.0 52.0 31.0 52.0 197.0 170.0 197.0 
2 3 0.92 0.92 365.0 174.0 365.0 179.0 34.0 179.0 795.0 207.0 795.0 
2 4 1.02 1.02 365.0 174.0 365.0 179.0 34.0 179.0 795.0 207.0 795.0 450.0 46.0 450.0 
2 5 1.6 1.6 365.0 174.0 365.0 179.0 34.0 179.0 795.0 207.0 795.0 450.0 46.0 450.0 774.0 442.0 774.0 
2 3 1.99 1.99 213.0 111.0 213.0 40.0 30.0 40.0 187.0 136.0 187.0 
2 3 1.26 1.26 290.0 23.0 290.0 27.0 18.0 27.0 307.0 158.0 307.0 
2 4 1.52 1.52 290.0 23.0 290.0 27.0 18.0 27.0 307.0 158.0 307.0 171.0 45.0 171.0 
2 5 1.89 1.89 290.0 23.0 290.0 27.0 18.0 27.0 307.0 158.0 307.0 171.0 45.0 171.0 992.0 372.0 992.0 
2 6 1.96 1.96 290.0 23.0 290.0 27.0 18.0 27.0 307.0 158.0 307.0 171.0 45.0 171.0 992.0 372.0 992.0 744.0 49.0 744.0 
2 3 1.52 1.52 211.0 101.0 211.0 723.0 627.0 723.0 111.0 20.0 111.0 
2 4 1.75 1.75 211.0 101.0 211.0 723.0 627.0 723.0 111.0 20.0 111.0 784.0 181.0 784.0 
2 5 1.91 1.91 211.0 101.0 211.0 723.0 627.0 723.0 111.0 20.0 111.0 784.0 181.0 784.0 899.0 143.0 899.0 
2 3 1.28 1.28 475.0 190.0 475.0 382.0 99.0 382.0 81.0 51.0 81.0 
2 4 1.46 1.46 475.0 190.0 475.0 382.0 99.0 382.0 81.0 51.0 81.0 783.0 140.0 783.0 
2 3 1.5 1.5 486.0 280.0 486.0 211.0 57.0 211.0 761.0 504.0 761.0 
2 3 1.55 1.55 231.0 73.0 231.0 361.0 359.0 361.0 466.0 116.0 466.0 
2 3 1.58 1.58 497.0 344.0 497.0 321.0 238.0 321.0 584.0 87.0 584.0 
2 3 1.42 1.42 341.0 69.0 341.0 365.0 348.0 365.0 686.0 182.0 686.0 
2 3 1.68 1.68 166.0 54.0 166.0 324.0 215.0 324.0 447.0 311.0 447.0 
2 4 1.83 1.83 166.0 54.0 166.0 324.0 215.0 324.0 447.0 311.0 447.0 744.0 113.0 744.0 
2 3 0.8 0.8 65.0 12.0 65.0 501.0 284.0 501.0 18.0 1.0 18.0 
2 4 1.08 1.08 65.0 12.0 65.0 501.0 284.0 501.0 18.0 1.0 18.0 716.0 202.0 716.0 
2 5 1.57 1.57 65.0 12.0 65.0 501.0 284.0 501.0 18.0 1.0 18.0 716.0 202.0 716.0 495.0 240.0 495.0 
2 6 1.75 1.75 65.0 12.0 65.0 501.0 284.0 501.0 18.0 1.0 18.0 716.0 202.0 716.0 495.0 240.0 495.0 135.0 25.0 135.0 
2 3 1.43 1.43 148.0 30.0 148.0 258.0 252.0 258.0 381.0 99.0 381.0 
2 3 1.87 1.87 625.0 124.0 625.0 30.0 24.0 30.0 455.0 398.0 455.0 
2 3 0.58 0.58 29.0 3.0 29.0 606.0 97.0 606.0 238.0 76.0 238.0 
2 4 0.79 0.79 29.0 3.0 29.0 606.0 97.0 606.0 238.0 76.0 238.0 312.0 67.0 312.0 
2 5 0.88 0.88 29.0 3.0 29.0 606.0 97.0 606.0 238.0 76.0 238.0 312.0 67.0 312.0 630.0 55.0 630.0 
2 6 1.1 1.1 29.0 3.0 29.0 606.0 97.0 606.0 238.0 76.0 238.0 312.0 67.0 312.0 630.0 55.0 630.0 920.0 204.0 920.0 
2 7 1.41 1.41 29.0 3.0 29.0 606.0 97.0 606.0 238.0 76.0 238.0 312.0 67.0 312.0 630.0 55.0 630.0 920.0 204.0 920.0 392.0 120.0 392.0 
2 3 1.09 1.09 813.0 225.0 813.0 898.0 331.0 898.0 234.0 106.0 234.0 
2 4 1.6 1.6 813.0 225.0 813.0 898.0 331.0 898.0 234.0 106.0 234.0 305.0 156.0 305.0 
2 5 1.72 1.72 813.0 225.0 813.0 898.0 331.0 898.0 234.0 106.0 234.0 305.0 156.0 305.0 196.0 23.0 196.0 
2 3 1.38 1.38 179.0 6.0 179.0 674.0 620.0 674.0 719.0 310.0 719.0 
2 3 0.98 0.98 831.0 373.0 831.0 377.0 151.0 377.0 507.0 69.0 507.0 
2 4 1.92 1.92 831.0 373.0 831.0 377.0 151.0 377.0 507.0 69.0 507.0 410.0 386.0 410.0 
2 3 0.63 0.63 61.0 3.0 61.0 776.0 443.0 776.0 486.0 5.0 486.0 
2 4 1.55 1.55 61.0 3.0 61.0 776.0 443.0 776.0 486.0 5.0 486.0 737.0 682.0 737.0 
2 3 1.37 1.37 468.0 131.0 468.0 132.0 49.0 132.0 837.0 610.0 837.0 
2 3 1.53 1.53 316.0 171.0 316.0 759.0 221.0 759.0 985.0 695.0 985.0 
2 3 1.75 1.75 786.0 231.0 786.0 24.0 15.0 24.0 80.0 67.0 80.0 
2 3 1.78 1.78 927.0 733.0 927.0 509.0 233.0 509.0 940.0 501.0 940.0 
2 3 1.35 1.35 112.0 8.0 112.0 342.0 103.0 342.0 462.0 452.0 462.0 
2 4 1.59 1.59 112.0 8.0 112.0 342.0 103.0 342.0 462.0 452.0 462.0 603.0 148.0 603.0 
2 3 0.97 0.97 9.0 5.0 9.0 721.0 171.0 721.0 113.0 21.0 113.0 
2 4 1.31 1.31 9.0 5.0 9.0 721.0 171.0 721.0 113.0 21.0 113.0 332.0 113.0 332.0 
2 5 1.83 1.83 9.0 5.0 9.0 721.0 171.0 721.0 113.0 21.0 113.0 332.0 113.0 332.0 209.0 107.0 209.0 
2 3 1.13 1.13 163.0 92.0 163.0 333.0 142.0 333.0 284.0 40.0 284.0 
2 3 1.11 1.11 185.0 169.0 185.0 429.0 69.0 429.0 937.0 40.0 937.0 
2 4 1.7 1.7 185.0 169.0 185.0 429.0 69.0 429.0 937.0 40.0 937.0 963.0 568.0 963.0 
2 3 1.78 1.78 212.0 153.0 212.0 50.0 48.0 50.0 843.0 83.0 843.0 
2 3 1.69 1.69 295.0 193.0 295.0 180.0 159.0 180.0 895.0 145.0 895.0 
2 3 1.57 1.57 545.0 271.0 545.0 498.0 429.0 498.0 324.0 71.0 324.0 
2 3 1.59 1.59 48.0 40.0 48.0 901.0 189.0 901.0 186.0 102.0 186.0 
2 3 0.68 0.68 326.0 164.0 326.0 486.0 63.0 486.0 433.0 22.0 433.0 
2 4 1.11 1.11 326.0 164.0 326.0 486.0 63.0 486.0 433.0 22.0 433.0 783.0 337.0 783.0 
2 5 1.14 1.14 326.0 164.0 326.0 486.0 63.0 486.0 433.0 22.0 433.0 783.0 337.0 783.0 76.0 2.0 76.0 
2 6 1.17 1.17 326.0 164.0 326.0 486.0 63.0 486.0 433.0 22.0 433.0 783.0 337.0 783.0 76.0 2.0 76.0 835.0 26.0 835.0 
2 7 1.33 1.33 326.0 164.0 326.0 486.0 63.0 486.0 433.0 22.0 433.0 783.0 337.0 783.0 76.0 2.0 76.0 835.0 26.0 835.0 169.0 28.0 169.0 
2 8 1.68 1.68 326.0 164.0 326.0 486.0 63.0 486.0 433.0 22.0 433.0 783.0 337.0 783.0 76.0 2.0 76.0 835.0 26.0 835.0 169.0 28.0 169.0 650.0 224.0 650.0 
2 3 1.76 1.76 493.0 256.0 493.0 44.0 40.0 44.0 528.0 177.0 528.0 
2 4 1.9 1.9 493.0 256.0 493.0 44.0 40.0 44.0 528.0 177.0 528.0 316.0 44.0 316.0 
2 3 1.09 1.09 183.0 48.0 183.0 409.0 210.0 409.0 144.0 46.0 144.0 
2 4 1.78 1.78 183.0 48.0 183.0 409.0 210.0 409.0 144.0 46.0 144.0 211.0 146.0 211.0 
2 3 1.2 1.2 954.0 742.0 954.0 768.0 265.0 768.0 226.0 19.0 226.0 
2 4 1.63 1.63 954.0 742.0 954.0 768.0 265.0 768.0 226.0 19.0 226.0 234.0 100.0 234.0 
2 3 1.25 1.25 741.0 321.0 741.0 48.0 23.0 48.0 162.0 56.0 162.0 
2 4 1.84 1.84 741.0 321.0 741.0 48.0 23.0 48.0 162.0 56.0 162.0 969.0 564.0 969.0 
2 5 1.84 1.84 741.0 321.0 741.0 48.0 23.0 48.0 162.0 56.0 162.0 969.0 564.0 969.0 824.0 2.0 824.0 
2 3 1.86 1.86 993.0 524.0 993.0 912.0 688.0 912.0 758.0 442.0 758.0 
2 3 1.22 1.22 275.0 130.0 275.0 719.0 295.0 719.0 727.0 250.0 727.0 
2 4 1.32 1.32 275.0 130.0 275.0 719.0 295.0 719.0 727.0 250.0 727.0 502.0 49.0 502.0 
2 3 1.48 1.48 372.0 240.0 372.0 614.0 269.0 614.0 275.0 110.0 275.0 
2 3 1.93 1.93 453.0 91.0 453.0 384.0 342.0 384.0 684.0 579.0 684.0 
2 3 1.67 1.67 266.0 134.0 266.0 779.0 332.0 779.0 690.0 514.0 690.0 
2 3 0.63 0.63 593.0 112.0 593.0 890.0 45.0 890.0 453.0 178.0 453.0 
2 4 1.12 1.12 593.0 112.0 593.0 890.0 45.0 890.0 453.0 178.0 453.0 742.0 364.0 742.0 
2 5 1.76 1.76 593.0 112.0 593.0 890.0 45.0 890.0 453.0 178.0 453.0 742.0 364.0 742.0 972.0 628.0 972.0 
2 3 1.89 1.89 610.0 549.0 610.0 495.0 150.0 495.0 476.0 327.0 476.0 
2 3 1.07 1.07 168.0 114.0 168.0 535.0 72.0 535.0 227.0 59.0 227.0 
2 4 1.32 1.32 168.0 114.0 168.0 535.0 72.0 535.0 227.0 59.0 227.0 823.0 205.0 823.0 
2 5 1.97 1.97 168.0 114.0 168.0 535.0 72.0 535.0 227.0 59.0 227.0 823.0 205.0 823.0 972.0 639.0 972.0 
2 3 1.58 1.58 153.0 91.0 153.0 147.0 121.0 147.0 131.0 22.0 131.0 
2 4 1.59 1.59 153.0 91.0 153.0 147.0 121.0 147.0 131.0 22.0 131.0 793.0 4.0 793.0 
2 3 1.23 1.23 414.0 303.0 414.0 352.0 51.0 352.0 876.0 315.0 876.0 
2 4 1.23 1.23 414.0 303.0 414.0 352.0 51.0 352.0 876.0 315.0 876.0 842.0 2.0 842.0 
2 5 1.33 1.33 414.0 303.0 414.0 352.0 51.0 352.0 876.0 315.0 876.0 842.0 2.0 842.0 64.0 6.0 64.0 
2 3 1.8 1.8 378.0 366.0 378.0 709.0 571.0 709.0 916.0 30.0 916.0 
2 3 0.62 0.62 995.0 77.0 995.0 477.0 111.0 477.0 701.0 223.0 701.0 
2 4 0.83 0.83 995.0 77.0 995.0 477.0 111.0 477.0 701.0 223.0 701.0 642.0 134.0 642.0 
2 5 1.68 1.68 995.0 77.0 995.0 477.0 111.0 477.0 701.0 223.0 701.0 642.0 134.0 642.0 667.0 567.0 667.0 
2 3 1.21 1.21 719.0 365.0 719.0 785.0 207.0 785.0 615.0 274.0 615.0 
2 3 0.88 0.88 936.0 382.0 936.0 264.0 69.0 264.0 427.0 94.0 427.0 
2 4 1.64 1.64 936.0 382.0 936.0 264.0 69.0 264.0 427.0 94.0 427.0 576.0 437.0 576.0 
2 5 1.87 1.87 936.0 382.0 936.0 264.0 69.0 264.0 427.0 94.0 427.0 576.0 437.0 576.0 381.0 87.0 381.0 
2 3 1.69 1.69 855.0 517.0 855.0 528.0 355.0 528.0 924.0 382.0 924.0 
2 3 1.06 1.06 607.0 25.0 607.0 155.0 4.0 155.0 182.0 181.0 182.0 
2 4 1.87 1.87 607.0 25.0 607.0 155.0 4.0 155.0 182.0 181.0 182.0 399.0 324.0 399.0 
2 3 1.93 1.93 202.0 162.0 202.0 108.0 61.0 108.0 7.0 4.0 7.0 
2 3 1.35 1.35 517.0 487.0 517.0 361.0 56.0 361.0 378.0 96.0 378.0 
2 4 1.93 1.93 517.0 487.0 517.0 361.0 56.0 361.0 378.0 96.0 378.0 69.0 40.0 69.0 
2 3 0.75 0.75 933.0 172.0 933.0 428.0 80.0 428.0 689.0 261.0 689.0 
2 4 1.46 1.46 933.0 172.0 933.0 428.0 80.0 428.0 689.0 261.0 689.0 804.0 578.0 804.0 
2 3 1.42 1.42 396.0 186.0 396.0 386.0 64.0 386.0 603.0 479.0 603.0 
2 4 1.76 1.76 396.0 186.0 396.0 386.0 64.0 386.0 603.0 479.0 603.0 481.0 162.0 481.0 
2 3 0.35 0.35 511.0 64.0 511.0 633.0 98.0 633.0 107.0 8.0 107.0 
2 4 0.83 0.83 511.0 64.0 511.0 633.0 98.0 633.0 107.0 8.0 107.0 347.0 166.0 347.0 
2 5 1.04 1.04 511.0 64.0 511.0 633.0 98.0 633.0 107.0 8.0 107.0 347.0 166.0 347.0 364.0 77.0 364.0 
2 6 1.9 1.9 511.0 64.0 511.0 633.0 98.0 633.0 107.0 8.0 107.0 347.0 166.0 347.0 364.0 77.0 364.0 107.0 92.0 107.0 
2 3 1.62 1.62 161.0 149.0 161.0 626.0 395.0 626.0 247.0 18.0 247.0 
2 3 1.08 1.08 895.0 233.0 895.0 172.0 5.0 172.0 193.0 154.0 193.0 
2 4 1.45 1.45 895.0 233.0 895.0 172.0 5.0 172.0 193.0 154.0 193.0 130.0 48.0 130.0 
2 3 1.49 1.49 340.0 192.0 340.0 496.0 96.0 496.0 219.0 162.0 219.0 
2 3 1.49 1.49 63.0 40.0 63.0 598.0 313.0 598.0 906.0 303.0 906.0 
2 3 1.08 1.08 708.0 365.0 708.0 355.0 41.0 355.0 984.0 447.0 984.0 
2 4 1.34 1.34 708.0 365.0 708.0 355.0 41.0 355.0 984.0 447.0 984.0 660.0 174.0 660.0 
2 5 1.74 1.74 708.0 365.0 708.0 355.0 41.0 355.0 984.0 447.0 984.0 660.0 174.0 660.0 286.0 112.0 286.0 
2 3 1.21 1.21 45.0 11.0 45.0 383.0 308.0 383.0 458.0 78.0 458.0 
2 4 1.26 1.26 45.0 11.0 45.0 383.0 308.0 383.0 458.0 78.0 458.0 653.0 30.0 653.0 
2 5 1.67 1.67 45.0 11.0 45.0 383.0 308.0 383.0 458.0 78.0 458.0 653.0 30.0 653.0 571.0 234.0 571.0 
2 3 1.35 1.35 928.0 487.0 928.0 436.0 280.0 436.0 560.0 106.0 560.0 
2 4 1.87 1.87 928.0 487.0 928.0 436.0 280.0 436.0 560.0 106.0 560.0 120.0 62.0 120.0 
2 3 1.27 1.27 183.0 53.0 183.0 284.0 163.0 284.0 267.0 109.0 267.0 
2 4 1.79 1.79 183.0 53.0 183.0 284.0 163.0 284.0 267.0 109.0 267.0 163.0 86.0 163.0 
2 5 1.87 1.87 183.0 53.0 183.0 284.0 163.0 284.0 267.0 109.0 267.0 163.0 86.0 163.0 106.0 8.0 106.0 
2 3 1.62 1.62 368.0 244.0 368.0 662.0 173.0 662.0 721.0 503.0 721.0 
2 4 1.86 1.86 368.0 244.0 368.0 662.0 173.0 662.0 721.0 503.0 721.0 983.0 237.0 983.0 
2 5 1.96 1.96 368.0 244.0 368.0 662.0 173.0 662.0 721.0 503.0 721.0 983.0 237.0 983.0 570.0 58.0 570.0 
2 3 1.43 1.43 828.0 310.0 828.0 281.0 267.0 281.0 677.0 78.0 677.0 
2 3 1.99 1.99 730.0 395.0 730.0 814.0 498.0 814.0 971.0 819.0 971.0 
2 3 1.61 1.61 889.0 877.0 889.0 909.0 176.0 909.0 394.0 171.0 394.0 
2 3 0.39 0.39 536.0 12.0 536.0 865.0 231.0 865.0 509.0 55.0 509.0 
2 4 0.63 0.63 536.0 12.0 536.0 865.0 231.0 865.0 509.0 55.0 509.0 207.0 49.0 207.0 
2 5 1.52 1.52 536.0 12.0 536.0 865.0 231.0 865.0 509.0 55.0 509.0 207.0 49.0 207.0 870.0 777.0 870.0 
2 6 1.93 1.93 536.0 12.0 536.0 865.0 231.0 865.0 509.0 55.0 509.0 207.0 49.0 207.0 870.0 777.0 870.0 211.0 86.0 211.0 
2 3 0.5 0.5 331.0 25.0 331.0 221.0 58.0 221.0 79.0 13.0 79.0 
2 4 1.16 1.16 331.0 25.0 331.0 221.0 58.0 221.0 79.0 13.0 79.0 873.0 580.0 873.0 
2 3 1.59 1.59 968.0 446.0 968.0 807.0 557.0 807.0 238.0 106.0 238.0 
2 4 1.74 1.74 968.0 446.0 968.0 807.0 557.0 807.0 238.0 106.0 238.0 631.0 95.0 631.0 
2 3 0.77 0.77 418.0 30.0 418.0 122.0 2.0 122.0 849.0 582.0 849.0 
2 4 1.57 1.57 418.0 30.0 418.0 122.0 2.0 122.0 849.0 582.0 849.0 199.0 160.0 199.0 
2 5 1.73 1.73 418.0 30.0 418.0 122.0 2.0 122.0 849.0 582.0 849.0 199.0 160.0 199.0 901.0 139.0 901.0 
2 3 1.77 1.77 447.0 354.0 447.0 756.0 486.0 756.0 666.0 226.0 666.0 
2 3 1.58 1.58 308.0 227.0 308.0 442.0 268.0 442.0 143.0 34.0 143.0 
2 4 1.86 1.86 308.0 227.0 308.0 442.0 268.0 442.0 143.0 34.0 143.0 482.0 139.0 482.0 
2 3 0.97 0.97 643.0 226.0 643.0 284.0 3.0 284.0 518.0 315.0 518.0 
2 4 1.67 1.67 643.0 226.0 643.0 284.0 3.0 284.0 518.0 315.0 518.0 375.0 266.0 375.0 
2 3 1.83 1.83 666.0 444.0 666.0 713.0 282.0 713.0 96.0 74.0 96.0 
2 3 1.3 1.3 501.0 13.0 501.0 590.0 229.0 590.0 56.0 50.0 56.0 
2 4 1.78 1.78 501.0 13.0 501.0 590.0 229.0 590.0 56.0 50.0 56.0 954.0 459.0 954.0 
2 3 1.4 1.4 849.0 48.0 849.0 863.0 675.0 863.0 81.0 46.0 81.0 
2 4 1.43 1.43 849.0 48.0 849.0 863.0 675.0 863.0 81.0 46.0 81.0 254.0 8.0 254.0 
2 5 1.84 1.84 849.0 48.0 849.0 863.0 675.0 863.0 81.0 46.0 81.0 254.0 8.0 254.0 990.0 404.0 990.0 
2 3 0.97 0.97 714.0 609.0 714.0 284.0 10.0 284.0 573.0 50.0 573.0 
2 4 1.24 1.24 714.0 609.0 714.0 284.0 10.0 284.0 573.0 50.0 573.0 333.0 89.0 333.0 
2 3 1.06 1.06 981.0 466.0 981.0 150.0 17.0 150.0 605.0 291.0 605.0 
2 4 1.29 1.29 981.0 466.0 981.0 150.0 17.0 150.0 605.0 291.0 605.0 187.0 43.0 187.0 
2 5 1.53 1.53 981.0 466.0 981.0 150.0 17.0 150.0 605.0 291.0 605.0 187.0 43.0 187.0 340.0 81.0 340.0 
2 3 1.24 1.24 57.0 2.0 57.0 431.0 357.0 431.0 831.0 316.0 831.0 
2 4 1.29 1.29 57.0 2.0 57.0 431.0 357.0 431.0 831.0 316.0 831.0 538.0 29.0 538.0 
2 3 1.55 1.55 489.0 219.0 489.0 815.0 678.0 815.0 251.0 70.0 251.0 
2 4 1.9 1.9 489.0 219.0 489.0 815.0 678.0 815.0 251.0 70.0 251.0 96.0 33.0 96.0 
2 5 1.97 1.97 489.0 219.0 489.0 815.0 678.0 815.0 251.0 70.0 251.0 96.0 33.0 96.0 28.0 2.0 28.0 
2 3 1.24 1.24 207.0 34.0 207.0 836.0 717.0 836.0 862.0 196.0 862.0 
2 4 1.81 1.81 207.0 34.0 207.0 836.0 717.0 836.0 862.0 196.0 862.0 256.0 145.0 256.0 
2 3 1.42 1.42 188.0 158.0 188.0 550.0 26.0 550.0 220.0 119.0 220.0 
2 4 1.74 1.74 188.0 158.0 188.0 550.0 26.0 550.0 220.0 119.0 220.0 826.0 264.0 826.0 
2 3 1.42 1.42 640.0 574.0 640.0 714.0 293.0 714.0 642.0 77.0 642.0 
2 4 1.51 1.51 640.0 574.0 640.0 714.0 293.0 714.0 642.0 77.0 642.0 22.0 2.0 22.0 
2 5 1.91 1.91 640.0 574.0 640.0 714.0 293.0 714.0 642.0 77.0 642.0 22.0 2.0 22.0 600.0 241.0 600.0 
2 3 1.19 1.19 740.0 309.0 740.0 563.0 370.0 563.0 369.0 46.0 369.0 
2 4 1.99 1.99 740.0 309.0 740.0 563.0 370.0 563.0 369.0 46.0 369.0 548.0 435.0 548.0 
2 3 1.07 1.07 86.0 22.0 86.0 851.0 95.0 851.0 449.0 317.0 449.0 
2 4 1.13 1.13 86.0 22.0 86.0 851.0 95.0 851.0 449.0 317.0 449.0 473.0 27.0 473.0 
2 3 0.74 0.74 352.0 12.0 352.0 199.0 34.0 199.0 419.0 227.0 419.0 
2 4 0.86 0.86 352.0 12.0 352.0 199.0 34.0 199.0 419.0 227.0 419.0 286.0 35.0 286.0 
2 5 1.6 1.6 352.0 12.0 352.0 199.0 34.0 199.0 419.0 227.0 419.0 286.0 35.0 286.0 448.0 329.0 448.0 
2 3 1.52 1.52 69.0 37.0 69.0 600.0 190.0 600.0 159.0 107.0 159.0 
2 3 1.27 1.27 154.0 26.0 154.0 111.0 83.0 111.0 586.0 212.0 586.0 
2 4 1.53 1.53 154.0 26.0 154.0 111.0 83.0 111.0 586.0 212.0 586.0 683.0 175.0 683.0 
2 5 1.75 1.75 154.0 26.0 154.0 111.0 83.0 111.0 586.0 212.0 586.0 683.0 175.0 683.0 591.0 132.0 591.0 
2 3 0.78 0.78 488.0 211.0 488.0 169.0 1.0 169.0 199.0 69.0 199.0 
2 4 0.86 0.86 488.0 211.0 488.0 169.0 1.0 169.0 199.0 69.0 199.0 731.0 61.0 731.0 
2 5 1.22 1.22 488.0 211.0 488.0 169.0 1.0 169.0 199.0 69.0 199.0 731.0 61.0 731.0 507.0 183.0 507.0 
2 6 1.5 1.5 488.0 211.0 488.0 169.0 1.0 169.0 199.0 69.0 199.0 731.0 61.0 731.0 507.0 183.0 507.0 431.0 120.0 431.0 
2 3 1.76 1.76 148.0 87.0 148.0 112.0 103.0 112.0 458.0 119.0 458.0 
2 3 1.72 1.72 70.0 48.0 70.0 310.0 182.0 310.0 603.0 274.0 603.0 
2 3 1.63 1.63 342.0 122.0 342.0 648.0 322.0 648.0 64.0 50.0 64.0 
2 4 1.78 1.78 342.0 122.0 342.0 648.0 322.0 648.0 64.0 50.0 64.0 443.0 67.0 443.0 
2 3 1.72 1.72 305.0 278.0 305.0 905.0 30.0 905.0 562.0 441.0 562.0 
2 3 0.59 0.59 550.0 167.0 550.0 107.0 9.0 107.0 880.0 183.0 880.0 
2 4 1.52 1.52 550.0 167.0 550.0 107.0 9.0 107.0 880.0 183.0 880.0 208.0 193.0 208.0 
2 3 1.48 1.48 987.0 498.0 987.0 678.0 257.0 678.0 758.0 457.0 758.0 
2 3 1.21 1.21 484.0 126.0 484.0 298.0 2.0 298.0 958.0 905.0 958.0 
2 4 1.59 1.59 484.0 126.0 484.0 298.0 2.0 298.0 958.0 905.0 958.0 451.0 173.0 451.0 
2 3 1.97 1.97 33.0 18.0 33.0 941.0 566.0 941.0 932.0 773.0 932.0 
2 3 0.84 0.84 539.0 292.0 539.0 522.0 101.0 522.0 205.0 23.0 205.0 
2 4 1.39 1.39 539.0 292.0 539.0 522.0 101.0 522.0 205.0 23.0 205.0 657.0 361.0 657.0 
2 3 1.95 1.95 62.0 55.0 62.0 819.0 468.0 819.0 925.0 455.0 925.0 
2 3 1.99 1.99 910.0 344.0 910.0 205.0 168.0 205.0 589.0 471.0 589.0 
2 3 0.43 0.43 913.0 161.0 913.0 635.0 149.0 635.0 105.0 2.0 105.0 
2 4 0.81 0.81 913.0 161.0 913.0 635.0 149.0 635.0 105.0 2.0 105.0 130.0 50.0 130.0 
2 5 1.05 1.05 913.0 161.0 913.0 635.0 149.0 635.0 105.0 2.0 105.0 130.0 50.0 130.0 87.0 21.0 87.0 
2 3 0.66 0.66 289.0 1.0 289.0 502.0 46.0 502.0 468.0 269.0 468.0 
2 4 0.69 0.69 289.0 1.0 289.0 502.0 46.0 502.0 468.0 269.0 468.0 927.0 24.0 927.0 
2 5 0.76 0.76 289.0 1.0 289.0 502.0 46.0 502.0 468.0 269.0 468.0 927.0 24.0 927.0 525.0 35.0 525.0 
2 6 1.33 1.33 289.0 1.0 289.0 502.0 46.0 502.0 468.0 269.0 468.0 927.0 24.0 927.0 525.0 35.0 525.0 778.0 447.0 778.0 
2 3 1.74 1.74 588.0 495.0 588.0 324.0 265.0 324.0 263.0 23.0 263.0 
2 3 1.67 1.67 30.0 12.0 30.0 736.0 634.0 736.0 758.0 312.0 758.0 
2 4 1.95 1.95 30.0 12.0 30.0 736.0 634.0 736.0 758.0 312.0 758.0 774.0 220.0 774.0 
2 3 1.71 1.71 54.0 25.0 54.0 822.0 456.0 822.0 881.0 612.0 881.0 
2 3 1.7 1.7 942.0 558.0 942.0 129.0 16.0 129.0 372.0 368.0 372.0 
2 3 1.03 1.03 872.0 153.0 872.0 645.0 232.0 645.0 385.0 192.0 385.0 
2 4 1.71 1.71 872.0 153.0 872.0 645.0 232.0 645.0 385.0 192.0 385.0 604.0 413.0 604.0 
2 3 1.78 1.78 812.0 633.0 812.0 633.0 508.0 633.0 883.0 175.0 883.0 
2 3 0.47 0.47 875.0 7.0 875.0 920.0 282.0 920.0 314.0 51.0 314.0 
2 4 1.13 1.13 875.0 7.0 875.0 920.0 282.0 920.0 314.0 51.0 314.0 922.0 604.0 922.0 
2 5 1.33 1.33 875.0 7.0 875.0 920.0 282.0 920.0 314.0 51.0 314.0 922.0 604.0 922.0 433.0 88.0 433.0 
2 6 1.4 1.4 875.0 7.0 875.0 920.0 282.0 920.0 314.0 51.0 314.0 922.0 604.0 922.0 433.0 88.0 433.0 220.0 16.0 220.0 
2 3 1.63 1.63 638.0 99.0 638.0 775.0 439.0 775.0 164.0 150.0 164.0 
2 3 1.56 1.56 379.0 289.0 379.0 79.0 42.0 79.0 290.0 78.0 290.0 
2 4 1.63 1.63 379.0 289.0 379.0 79.0 42.0 79.0 290.0 78.0 290.0 551.0 40.0 551.0 
2 5 1.65 1.65 379.0 289.0 379.0 79.0 42.0 79.0 290.0 78.0 290.0 551.0 40.0 551.0 346.0 7.0 346.0 
2 3 1.33 1.33 262.0 88.0 262.0 301.0 233.0 301.0 848.0 194.0 848.0 
2 4 1.44 1.44 262.0 88.0 262.0 301.0 233.0 301.0 848.0 194.0 848.0 556.0 57.0 556.0 
2 5 1.95 1.95 262.0 88.0 262.0 301.0 233.0 301.0 848.0 194.0 848.0 556.0 57.0 556.0 622.0 320.0 622.0 
2 6 1.99 1.99 262.0 88.0 262.0 301.0 233.0 301.0 848.0 194.0 848.0 556.0 57.0 556.0 622.0 320.0 622.0 456.0 16.0 456.0 
2 3 0.85 0.85 816.0 134.0 816.0 811.0 318.0 811.0 699.0 211.0 699.0 
2 4 1.03 1.03 816.0 134.0 816.0 811.0 318.0 811.0 699.0 211.0 699.0 419.0 72.0 419.0 
2 5 1.74 1.74 816.0 134.0 816.0 811.0 318.0 811.0 699.0 211.0 699.0 419.0 72.0 419.0 233.0 166.0 233.0 
2 3 1.79 1.79 958.0 233.0 958.0 456.0 338.0 456.0 222.0 180.0 222.0 
2 3 1.57 1.57 611.0 125.0 611.0 18.0 16.0 18.0 845.0 403.0 845.0 
2 3 1.2 1.2 99.0 39.0 99.0 109.0 12.0 109.0 87.0 61.0 87.0 
2 4 1.27 1.27 99.0 39.0 99.0 109.0 12.0 109.0 87.0 61.0 87.0 497.0 37.0 497.0 
2 5 1.79 1.79 99.0 39.0 99.0 109.0 12.0 109.0 87.0 61.0 87.0 497.0 37.0 497.0 337.0 173.0 337.0 
2 3 1.23 1.23 353.0 139.0 353.0 36.0 2.0 36.0 341.0 268.0 341.0 
2 4 1.95 1.95 353.0 139.0 353.0 36.0 2.0 36.0 341.0 268.0 341.0 795.0 571.0 795.0 
2 3 1.61 1.61 660.0 29.0 660.0 296.0 234.0 296.0 171.0 134.0 171.0 
2 4 1.76 1.76 660.0 29.0 660.0 296.0 234.0 296.0 171.0 134.0 171.0 483.0 70.0 483.0 
2 3 1.91 1.91 737.0 101.0 737.0 933.0 808.0 933.0 59.0 54.0 59.0 
2 3 0.96 0.96 223.0 15.0 223.0 513.0 446.0 513.0 123.0 3.0 123.0 
2 4 1.14 1.14 223.0 15.0 223.0 513.0 446.0 513.0 123.0 3.0 123.0 313.0 57.0 313.0 
2 5 1.95 1.95 223.0 15.0 223.0 513.0 446.0 513.0 123.0 3.0 123.0 313.0 57.0 313.0 604.0 489.0 604.0 
2 3 1.37 1.37 484.0 421.0 484.0 862.0 261.0 862.0 795.0 159.0 795.0 
2 3 1.42 1.42 392.0 333.0 392.0 691.0 350.0 691.0 463.0 33.0 463.0 
2 4 1.63 1.63 392.0 333.0 392.0 691.0 350.0 691.0 463.0 33.0 463.0 128.0 27.0 128.0 
2 5 1.93 1.93 392.0 333.0 392.0 691.0 350.0 691.0 463.0 33.0 463.0 128.0 27.0 128.0 802.0 242.0 802.0 
2 3 1.34 1.34 343.0 74.0 343.0 209.0 202.0 209.0 878.0 146.0 878.0 
2 4 1.83 1.83 343.0 74.0 343.0 209.0 202.0 209.0 878.0 146.0 878.0 188.0 92.0 188.0 
2 3 1.16 1.16 854.0 416.0 854.0 467.0 214.0 467.0 365.0 80.0 365.0 
2 4 1.59 1.59 854.0 416.0 854.0 467.0 214.0 467.0 365.0 80.0 365.0 316.0 136.0 316.0 
2 5 1.7 1.7 854.0 416.0 854.0 467.0 214.0 467.0 365.0 80.0 365.0 316.0 136.0 316.0 676.0 74.0 676.0 
2 3 1.48 1.48 484.0 413.0 484.0 57.0 33.0 57.0 81.0 4.0 81.0 
2 3 0.5 0.5 744.0 20.0 744.0 833.0 210.0 833.0 464.0 105.0 464.0 
2 4 0.95 0.95 744.0 20.0 744.0 833.0 210.0 833.0 464.0 105.0 464.0 597.0 271.0 597.0 
2 5 0.96 0.96 744.0 20.0 744.0 833.0 210.0 833.0 464.0 105.0 464.0 597.0 271.0 597.0 521.0 3.0 521.0 
2 6 1.57 1.57 744.0 20.0 744.0 833.0 210.0 833.0 464.0 105.0 464.0 597.0 271.0 597.0 521.0 3.0 521.0 166.0 101.0 166.0 
2 3 1.63 1.63 522.0 485.0 522.0 782.0 418.0 782.0 926.0 161.0 926.0 
2 3 0.83 0.83 972.0 186.0 972.0 628.0 57.0 628.0 984.0 544.0 984.0 
2 4 1.83 1.83 972.0 186.0 972.0 628.0 57.0 628.0 984.0 544.0 984.0 206.0 205.0 206.0 
2 3 1.55 1.55 581.0 138.0 581.0 760.0 438.0 760.0 42.0 31.0 42.0 
2 4 1.82 1.82 581.0 138.0 581.0 760.0 438.0 760.0 42.0 31.0 42.0 90.0 25.0 90.0 
2 3 0.95 0.95 995.0 906.0 995.0 764.0 27.0 764.0 495.0 5.0 495.0 
2 4 1.36 1.36 995.0 906.0 995.0 764.0 27.0 764.0 495.0 5.0 495.0 220.0 91.0 220.0 
2 3 1.22 1.22 951.0 14.0 951.0 949.0 851.0 949.0 855.0 265.0 855.0 
2 4 1.39 1.39 951.0 14.0 951.0 949.0 851.0 949.0 855.0 265.0 855.0 678.0 115.0 678.0 
2 3 1.56 1.56 232.0 226.0 232.0 614.0 68.0 614.0 269.0 130.0 269.0 
2 4 1.93 1.93 232.0 226.0 232.0 614.0 68.0 614.0 269.0 130.0 269.0 660.0 240.0 660.0 
2 3 0.97 0.97 86.0 44.0 86.0 170.0 13.0 170.0 575.0 221.0 575.0 
2 4 1.05 1.05 86.0 44.0 86.0 170.0 13.0 170.0 575.0 221.0 575.0 192.0 15.0 192.0 
2 5 1.71 1.71 86.0 44.0 86.0 170.0 13.0 170.0 575.0 221.0 575.0 192.0 15.0 192.0 736.0 490.0 736.0 
2 3 0.92 0.92 431.0 311.0 431.0 989.0 94.0 989.0 795.0 86.0 795.0 
2 4 1.22 1.22 431.0 311.0 431.0 989.0 94.0 989.0 795.0 86.0 795.0 646.0 196.0 646.0 
2 5 1.62 1.62 431.0 311.0 431.0 989.0 94.0 989.0 795.0 86.0 795.0 646.0 196.0 646.0 461.0 184.0 461.0 
2 3 1.91 1.91 378.0 315.0 378.0 394.0 232.0 394.0 89.0 44.0 89.0 
2 3 1.41 1.41 20.0 5.0 20.0 203.0 142.0 203.0 802.0 375.0 802.0 
2 3 0.56 0.56 622.0 185.0 622.0 4.0 1.0 4.0 658.0 12.0 658.0 
2 4 1.33 1.33 622.0 185.0 622.0 4.0 1.0 4.0 658.0 12.0 658.0 523.0 403.0 523.0 
2 5 1.93 1.93 622.0 185.0 622.0 4.0 1.0 4.0 658.0 12.0 658.0 523.0 403.0 523.0 299.0 179.0 299.0 
2 3 1.67 1.67 645.0 167.0 645.0 161.0 155.0 161.0 11.0 5.0 11.0 
2 3 1.86 1.86 743.0 553.0 743.0 373.0 351.0 373.0 442.0 78.0 442.0 
2 3 1.95 1.95 848.0 817.0 848.0 652.0 140.0 652.0 620.0 484.0 620.0 
2 3 1.75 1.75 563.0 284.0 563.0 578.0 300.0 578.0 103.0 75.0 103.0 
2 3 1.08 1.08 123.0 67.0 123.0 121.0 37.0 121.0 201.0 48.0 201.0 
2 4 1.13 1.13 123.0 67.0 123.0 121.0 37.0 121.0 201.0 48.0 201.0 434.0 20.0 434.0 
2 5 1.47 1.47 123.0 67.0 123.0 121.0 37.0 121.0 201.0 48.0 201.0 434.0 20.0 434.0 880.0 298.0 880.0 
2 3 1.7 1.7 132.0 90.0 132.0 920.0 226.0 920.0 834.0 652.0 834.0 
2 3 1.03 1.03 707.0 139.0 707.0 767.0 143.0 767.0 994.0 653.0 994.0 
2 4 1.72 1.72 707.0 139.0 707.0 767.0 143.0 767.0 994.0 653.0 994.0 896.0 617.0 896.0 
2 3 0.71 0.71 754.0 154.0 754.0 259.0 30.0 259.0 933.0 372.0 933.0 
2 4 1.04 1.04 754.0 154.0 754.0 259.0 30.0 259.0 933.0 372.0 933.0 771.0 250.0 771.0 
2 5 1.06 1.06 754.0 154.0 754.0 259.0 30.0 259.0 933.0 372.0 933.0 771.0 250.0 771.0 885.0 17.0 885.0 
2 6 1.98 1.98 754.0 154.0 754.0 259.0 30.0 259.0 933.0 372.0 933.0 771.0 250.0 771.0 885.0 17.0 885.0 927.0 856.0 927.0 
2 3 1.42 1.42 513.0 69.0 513.0 892.0 330.0 892.0 13.0 12.0 13.0 
2 4 1.97 1.97 513.0 69.0 513.0 892.0 330.0 892.0 13.0 12.0 13.0 376.0 207.0 376.0 
2 3 1.26 1.26 304.0 120.0 304.0 564.0 77.0 564.0 959.0 700.0 959.0 
2 3 0.83 0.83 96.0 5.0 96.0 656.0 341.0 656.0 672.0 176.0 672.0 
2 4 0.97 0.97 96.0 5.0 96.0 656.0 341.0 656.0 672.0 176.0 672.0 888.0 121.0 888.0 
2 5 1.1 1.1 96.0 5.0 96.0 656.0 341.0 656.0 672.0 176.0 672.0 888.0 121.0 888.0 251.0 35.0 251.0 
2 3 1.73 1.73 760.0 395.0 760.0 593.0 128.0 593.0 508.0 506.0 508.0 
2 4 1.84 1.84 760.0 395.0 760.0 593.0 128.0 593.0 508.0 506.0 508.0 9.0 1.0 9.0 
2 3 0.27 0.27 73.0 8.0 73.0 579.0 45.0 579.0 235.0 20.0 235.0 
2 4 0.44 0.44 73.0 8.0 73.0 579.0 45.0 579.0 235.0 20.0 235.0 403.0 71.0 403.0 
2 5 1.05 1.05 73.0 8.0 73.0 579.0 45.0 579.0 235.0 20.0 235.0 403.0 71.0 403.0 337.0 203.0 337.0 
2 6 1.56 1.56 73.0 8.0 73.0 579.0 45.0 579.0 235.0 20.0 235.0 403.0 71.0 403.0 337.0 203.0 337.0 635.0 324.0 635.0 
2 3 0.86 0.86 678.0 324.0 678.0 534.0 169.0 534.0 704.0 47.0 704.0 
2 4 1.29 1.29 678.0 324.0 678.0 534.0 169.0 534.0 704.0 47.0 704.0 841.0 364.0 841.0 
2 5 1.73 1.73 678.0 324.0 678.0 534.0 169.0 534.0 704.0 47.0 704.0 841.0 364.0 841.0 329.0 145.0 329.0 
2 3 1.33 1.33 859.0 186.0 859.0 47.0 45.0 47.0 522.0 84.0 522.0 
2 4 1.41 1.41 859.0 186.0 859.0 47.0 45.0 47.0 522.0 84.0 522.0 862.0 65.0 862.0 
2 3 1.88 1.88 711.0 291.0 711.0 842.0 406.0 842.0 244.0 243.0 244.0 
2 3 1.41 1.41 710.0 401.0 710.0 685.0 336.0 685.0 974.0 347.0 974.0 
