2 3 1.42 1.42 234.0 11.0 234.0 439.0 207.0 439.0 945.0 853.0 945.0 
2 3 1.16 1.16 68.0 36.0 68.0 703.0 2.0 703.0 697.0 442.0 697.0 
2 4 1.4 1.4 68.0 36.0 68.0 703.0 2.0 703.0 697.0 442.0 697.0 945.0 222.0 945.0 
2 5 1.55 1.55 68.0 36.0 68.0 703.0 2.0 703.0 697.0 442.0 697.0 945.0 222.0 945.0 129.0 20.0 129.0 
2 6 1.61 1.61 68.0 36.0 68.0 703.0 2.0 703.0 697.0 442.0 697.0 945.0 222.0 945.0 129.0 20.0 129.0 573.0 31.0 573.0 
2 7 1.87 1.87 68.0 36.0 68.0 703.0 2.0 703.0 697.0 442.0 697.0 945.0 222.0 945.0 129.0 20.0 129.0 573.0 31.0 573.0 662.0 178.0 662.0 
2 3 1.83 1.83 318.0 158.0 318.0 297.0 201.0 297.0 566.0 374.0 566.0 
2 3 1.73 1.73 556.0 179.0 556.0 949.0 516.0 949.0 497.0 434.0 497.0 
2 3 0.94 0.94 461.0 85.0 461.0 208.0 44.0 208.0 498.0 275.0 498.0 
2 4 1.08 1.08 461.0 85.0 461.0 208.0 44.0 208.0 498.0 275.0 498.0 503.0 70.0 503.0 
2 5 1.31 1.31 461.0 85.0 461.0 208.0 44.0 208.0 498.0 275.0 498.0 503.0 70.0 503.0 868.0 195.0 868.0 
2 6 1.68 1.68 461.0 85.0 461.0 208.0 44.0 208.0 498.0 275.0 498.0 503.0 70.0 503.0 868.0 195.0 868.0 276.0 102.0 276.0 
2 7 1.94 1.94 461.0 85.0 461.0 208.0 44.0 208.0 498.0 275.0 498.0 503.0 70.0 503.0 868.0 195.0 868.0 276.0 102.0 276.0 405.0 106.0 405.0 
2 3 0.63 0.63 900.0 32.0 900.0 647.0 125.0 647.0 378.0 152.0 378.0 
2 4 1.42 1.42 900.0 32.0 900.0 647.0 125.0 647.0 378.0 152.0 378.0 975.0 770.0 975.0 
2 5 1.78 1.78 900.0 32.0 900.0 647.0 125.0 647.0 378.0 152.0 378.0 975.0 770.0 975.0 77.0 28.0 77.0 
2 3 1.6 1.6 351.0 112.0 351.0 513.0 157.0 513.0 956.0 936.0 956.0 
2 4 1.74 1.74 351.0 112.0 351.0 513.0 157.0 513.0 956.0 936.0 956.0 746.0 104.0 746.0 
2 3 1.78 1.78 812.0 458.0 812.0 298.0 116.0 298.0 159.0 132.0 159.0 
2 3 0.15 0.15 440.0 8.0 440.0 393.0 49.0 393.0 447.0 7.0 447.0 
2 4 0.18 0.18 440.0 8.0 440.0 393.0 49.0 393.0 447.0 7.0 447.0 210.0 5.0 210.0 
2 5 0.54 0.54 440.0 8.0 440.0 393.0 49.0 393.0 447.0 7.0 447.0 210.0 5.0 210.0 476.0 175.0 476.0 
2 6 1.16 1.16 440.0 8.0 440.0 393.0 49.0 393.0 447.0 7.0 447.0 210.0 5.0 210.0 476.0 175.0 476.0 446.0 275.0 446.0 
2 7 1.91 1.91 440.0 8.0 440.0 393.0 49.0 393.0 447.0 7.0 447.0 210.0 5.0 210.0 476.0 175.0 476.0 446.0 275.0 446.0 503.0 374.0 503.0 
2 3 1.07 1.07 69.0 61.0 69.0 963.0 4.0 963.0 538.0 98.0 538.0 
2 4 1.08 1.08 69.0 61.0 69.0 963.0 4.0 963.0 538.0 98.0 538.0 383.0 6.0 383.0 
2 5 1.83 1.83 69.0 61.0 69.0 963.0 4.0 963.0 538.0 98.0 538.0 383.0 6.0 383.0 4.0 3.0 4.0 
2 6 1.97 1.97 69.0 61.0 69.0 963.0 4.0 963.0 538.0 98.0 538.0 383.0 6.0 383.0 4.0 3.0 4.0 423.0 60.0 423.0 
2 3 1.32 1.32 130.0 29.0 130.0 556.0 273.0 556.0 814.0 495.0 814.0 
2 4 1.74 1.74 130.0 29.0 130.0 556.0 273.0 556.0 814.0 495.0 814.0 474.0 199.0 474.0 
2 5 1.83 1.83 130.0 29.0 130.0 556.0 273.0 556.0 814.0 495.0 814.0 474.0 199.0 474.0 688.0 61.0 688.0 
2 3 0.4 0.4 851.0 213.0 851.0 166.0 21.0 166.0 437.0 11.0 437.0 
2 4 0.53 0.53 851.0 213.0 851.0 166.0 21.0 166.0 437.0 11.0 437.0 861.0 117.0 861.0 
2 5 1.29 1.29 851.0 213.0 851.0 166.0 21.0 166.0 437.0 11.0 437.0 861.0 117.0 861.0 480.0 362.0 480.0 
2 6 1.99 1.99 851.0 213.0 851.0 166.0 21.0 166.0 437.0 11.0 437.0 861.0 117.0 861.0 480.0 362.0 480.0 130.0 92.0 130.0 
2 3 1.4 1.4 365.0 44.0 365.0 84.0 56.0 84.0 923.0 568.0 923.0 
2 4 1.45 1.45 365.0 44.0 365.0 84.0 56.0 84.0 923.0 568.0 923.0 831.0 45.0 831.0 
2 3 1.8 1.8 5.0 5.0 5.0 914.0 368.0 914.0 354.0 141.0 354.0 
2 4 1.94 1.94 5.0 5.0 5.0 914.0 368.0 914.0 354.0 141.0 354.0 588.0 87.0 588.0 
2 3 1.54 1.54 297.0 48.0 297.0 676.0 539.0 676.0 529.0 311.0 529.0 
2 4 1.61 1.61 297.0 48.0 297.0 676.0 539.0 676.0 529.0 311.0 529.0 106.0 7.0 106.0 
2 3 1.29 1.29 171.0 93.0 171.0 413.0 114.0 413.0 399.0 190.0 399.0 
2 4 1.33 1.33 171.0 93.0 171.0 413.0 114.0 413.0 399.0 190.0 399.0 429.0 17.0 429.0 
2 5 1.43 1.43 171.0 93.0 171.0 413.0 114.0 413.0 399.0 190.0 399.0 429.0 17.0 429.0 986.0 99.0 986.0 
2 6 1.45 1.45 171.0 93.0 171.0 413.0 114.0 413.0 399.0 190.0 399.0 429.0 17.0 429.0 986.0 99.0 986.0 771.0 17.0 771.0 
2 7 1.77 1.77 171.0 93.0 171.0 413.0 114.0 413.0 399.0 190.0 399.0 429.0 17.0 429.0 986.0 99.0 986.0 771.0 17.0 771.0 586.0 188.0 586.0 
2 3 1.87 1.87 850.0 815.0 850.0 652.0 329.0 652.0 938.0 390.0 938.0 
2 3 1.06 1.06 672.0 97.0 672.0 928.0 458.0 928.0 384.0 165.0 384.0 
2 4 1.31 1.31 672.0 97.0 672.0 928.0 458.0 928.0 384.0 165.0 384.0 684.0 170.0 684.0 
2 3 0.76 0.76 934.0 461.0 934.0 175.0 28.0 175.0 750.0 83.0 750.0 
2 4 1.4 1.4 934.0 461.0 934.0 175.0 28.0 175.0 750.0 83.0 750.0 427.0 274.0 427.0 
2 5 1.44 1.44 934.0 461.0 934.0 175.0 28.0 175.0 750.0 83.0 750.0 427.0 274.0 427.0 668.0 29.0 668.0 
2 6 1.78 1.78 934.0 461.0 934.0 175.0 28.0 175.0 750.0 83.0 750.0 427.0 274.0 427.0 668.0 29.0 668.0 3.0 1.0 3.0 
2 3 1.37 1.37 974.0 559.0 974.0 849.0 364.0 849.0 846.0 319.0 846.0 
2 3 1.25 1.25 315.0 68.0 315.0 648.0 161.0 648.0 24.0 19.0 24.0 
2 3 1.51 1.51 24.0 6.0 24.0 107.0 100.0 107.0 805.0 263.0 805.0 
2 4 1.72 1.72 24.0 6.0 24.0 107.0 100.0 107.0 805.0 263.0 805.0 623.0 133.0 623.0 
2 3 0.95 0.95 25.0 15.0 25.0 803.0 263.0 803.0 137.0 4.0 137.0 
2 4 1.82 1.82 25.0 15.0 25.0 803.0 263.0 803.0 137.0 4.0 137.0 459.0 399.0 459.0 
2 5 1.99 1.99 25.0 15.0 25.0 803.0 263.0 803.0 137.0 4.0 137.0 459.0 399.0 459.0 975.0 162.0 975.0 
2 3 1.24 1.24 101.0 47.0 101.0 529.0 170.0 529.0 474.0 218.0 474.0 
2 4 1.38 1.38 101.0 47.0 101.0 529.0 170.0 529.0 474.0 218.0 474.0 992.0 142.0 992.0 
2 5 1.46 1.46 101.0 47.0 101.0 529.0 170.0 529.0 474.0 218.0 474.0 992.0 142.0 992.0 596.0 44.0 596.0 
2 3 1.4 1.4 704.0 516.0 704.0 518.0 187.0 518.0 650.0 202.0 650.0 
2 4 1.8 1.8 704.0 516.0 704.0 518.0 187.0 518.0 650.0 202.0 650.0 607.0 242.0 607.0 
2 3 1.49 1.49 628.0 181.0 628.0 51.0 37.0 51.0 584.0 282.0 584.0 
2 3 1.59 1.59 345.0 197.0 345.0 512.0 332.0 512.0 914.0 342.0 914.0 
2 4 1.7 1.7 345.0 197.0 345.0 512.0 332.0 512.0 914.0 342.0 914.0 560.0 63.0 560.0 
2 5 1.86 1.86 345.0 197.0 345.0 512.0 332.0 512.0 914.0 342.0 914.0 560.0 63.0 560.0 491.0 76.0 491.0 
2 3 0.6 0.6 201.0 14.0 201.0 797.0 135.0 797.0 516.0 191.0 516.0 
2 4 0.61 0.61 201.0 14.0 201.0 797.0 135.0 797.0 516.0 191.0 516.0 423.0 4.0 423.0 
2 5 0.96 0.96 201.0 14.0 201.0 797.0 135.0 797.0 516.0 191.0 516.0 423.0 4.0 423.0 739.0 259.0 739.0 
2 6 1.22 1.22 201.0 14.0 201.0 797.0 135.0 797.0 516.0 191.0 516.0 423.0 4.0 423.0 739.0 259.0 739.0 639.0 166.0 639.0 
2 7 1.31 1.31 201.0 14.0 201.0 797.0 135.0 797.0 516.0 191.0 516.0 423.0 4.0 423.0 739.0 259.0 739.0 639.0 166.0 639.0 537.0 48.0 537.0 
2 8 1.41 1.41 201.0 14.0 201.0 797.0 135.0 797.0 516.0 191.0 516.0 423.0 4.0 423.0 739.0 259.0 739.0 639.0 166.0 639.0 537.0 48.0 537.0 435.0 44.0 435.0 
2 9 1.46 1.46 201.0 14.0 201.0 797.0 135.0 797.0 516.0 191.0 516.0 423.0 4.0 423.0 739.0 259.0 739.0 639.0 166.0 639.0 537.0 48.0 537.0 435.0 44.0 435.0 709.0 35.0 709.0 
2 10 1.75 1.75 201.0 14.0 201.0 797.0 135.0 797.0 516.0 191.0 516.0 423.0 4.0 423.0 739.0 259.0 739.0 639.0 166.0 639.0 537.0 48.0 537.0 435.0 44.0 435.0 709.0 35.0 709.0 21.0 6.0 21.0 
2 11 1.85 1.85 201.0 14.0 201.0 797.0 135.0 797.0 516.0 191.0 516.0 423.0 4.0 423.0 739.0 259.0 739.0 639.0 166.0 639.0 537.0 48.0 537.0 435.0 44.0 435.0 709.0 35.0 709.0 21.0 6.0 21.0 354.0 35.0 354.0 
2 3 1.5 1.5 221.0 85.0 221.0 569.0 562.0 569.0 30.0 4.0 30.0 
2 3 1.99 1.99 35.0 33.0 35.0 522.0 253.0 522.0 613.0 349.0 613.0 
2 3 1.9 1.9 956.0 180.0 956.0 260.0 198.0 260.0 546.0 519.0 546.0 
2 3 1.72 1.72 427.0 98.0 427.0 744.0 597.0 744.0 66.0 46.0 66.0 
2 3 0.65 0.65 970.0 235.0 970.0 598.0 233.0 598.0 495.0 12.0 495.0 
2 4 1.2 1.2 970.0 235.0 970.0 598.0 233.0 598.0 495.0 12.0 495.0 907.0 502.0 907.0 
2 5 1.62 1.62 970.0 235.0 970.0 598.0 233.0 598.0 495.0 12.0 495.0 907.0 502.0 907.0 396.0 163.0 396.0 
2 6 1.87 1.87 970.0 235.0 970.0 598.0 233.0 598.0 495.0 12.0 495.0 907.0 502.0 907.0 396.0 163.0 396.0 276.0 70.0 276.0 
2 3 1.34 1.34 596.0 501.0 596.0 676.0 302.0 676.0 796.0 42.0 796.0 
2 3 1.83 1.83 370.0 23.0 370.0 708.0 549.0 708.0 547.0 545.0 547.0 
2 3 1.27 1.27 812.0 63.0 812.0 222.0 118.0 222.0 987.0 656.0 987.0 
2 3 1.74 1.74 6.0 5.0 6.0 907.0 396.0 907.0 786.0 370.0 786.0 
2 3 1.49 1.49 263.0 99.0 263.0 627.0 429.0 627.0 589.0 255.0 589.0 
2 4 1.64 1.64 263.0 99.0 263.0 627.0 429.0 627.0 589.0 255.0 589.0 814.0 127.0 814.0 
2 3 0.51 0.51 768.0 61.0 768.0 481.0 25.0 481.0 701.0 267.0 701.0 
2 4 0.59 0.59 768.0 61.0 768.0 481.0 25.0 481.0 701.0 267.0 701.0 311.0 27.0 311.0 
2 5 1.31 1.31 768.0 61.0 768.0 481.0 25.0 481.0 701.0 267.0 701.0 311.0 27.0 311.0 293.0 211.0 293.0 
2 6 1.88 1.88 768.0 61.0 768.0 481.0 25.0 481.0 701.0 267.0 701.0 311.0 27.0 311.0 293.0 211.0 293.0 575.0 327.0 575.0 
2 7 1.94 1.94 768.0 61.0 768.0 481.0 25.0 481.0 701.0 267.0 701.0 311.0 27.0 311.0 293.0 211.0 293.0 575.0 327.0 575.0 883.0 50.0 883.0 
2 3 1.77 1.77 902.0 44.0 902.0 440.0 422.0 440.0 266.0 203.0 266.0 
2 3 0.49 0.49 532.0 76.0 532.0 994.0 331.0 994.0 319.0 6.0 319.0 
2 4 1.35 1.35 532.0 76.0 532.0 994.0 331.0 994.0 319.0 6.0 319.0 944.0 809.0 944.0 
2 5 1.49 1.49 532.0 76.0 532.0 994.0 331.0 994.0 319.0 6.0 319.0 944.0 809.0 944.0 842.0 119.0 842.0 
2 6 1.52 1.52 532.0 76.0 532.0 994.0 331.0 994.0 319.0 6.0 319.0 944.0 809.0 944.0 842.0 119.0 842.0 659.0 23.0 659.0 
2 7 1.83 1.83 532.0 76.0 532.0 994.0 331.0 994.0 319.0 6.0 319.0 944.0 809.0 944.0 842.0 119.0 842.0 659.0 23.0 659.0 649.0 202.0 649.0 
2 3 1.06 1.06 874.0 194.0 874.0 45.0 6.0 45.0 973.0 695.0 973.0 
2 4 1.83 1.83 874.0 194.0 874.0 45.0 6.0 45.0 973.0 695.0 973.0 13.0 10.0 13.0 
2 3 1.45 1.45 96.0 54.0 96.0 393.0 303.0 393.0 763.0 94.0 763.0 
2 4 1.52 1.52 96.0 54.0 96.0 393.0 303.0 393.0 763.0 94.0 763.0 205.0 15.0 205.0 
2 3 1.43 1.43 202.0 137.0 202.0 57.0 42.0 57.0 596.0 10.0 596.0 
2 4 1.7 1.7 202.0 137.0 202.0 57.0 42.0 57.0 596.0 10.0 596.0 391.0 108.0 391.0 
2 3 0.92 0.92 878.0 210.0 878.0 860.0 481.0 860.0 472.0 62.0 472.0 
2 4 1.2 1.2 878.0 210.0 878.0 860.0 481.0 860.0 472.0 62.0 472.0 820.0 226.0 820.0 
2 3 0.89 0.89 583.0 25.0 583.0 15.0 10.0 15.0 194.0 36.0 194.0 
2 4 0.94 0.94 583.0 25.0 583.0 15.0 10.0 15.0 194.0 36.0 194.0 880.0 44.0 880.0 
2 5 1.1 1.1 583.0 25.0 583.0 15.0 10.0 15.0 194.0 36.0 194.0 880.0 44.0 880.0 667.0 104.0 667.0 
2 6 1.54 1.54 583.0 25.0 583.0 15.0 10.0 15.0 194.0 36.0 194.0 880.0 44.0 880.0 667.0 104.0 667.0 123.0 54.0 123.0 
2 7 1.8 1.8 583.0 25.0 583.0 15.0 10.0 15.0 194.0 36.0 194.0 880.0 44.0 880.0 667.0 104.0 667.0 123.0 54.0 123.0 45.0 12.0 45.0 
2 3 0.86 0.86 757.0 217.0 757.0 772.0 234.0 772.0 617.0 172.0 617.0 
2 4 1.59 1.59 757.0 217.0 757.0 772.0 234.0 772.0 617.0 172.0 617.0 950.0 690.0 950.0 
2 3 1.51 1.51 203.0 121.0 203.0 27.0 21.0 27.0 765.0 107.0 765.0 
2 4 1.79 1.79 203.0 121.0 203.0 27.0 21.0 27.0 765.0 107.0 765.0 280.0 80.0 280.0 
2 3 1.0 1.0 865.0 395.0 865.0 231.0 105.0 231.0 134.0 12.0 134.0 
2 4 1.96 1.96 865.0 395.0 865.0 231.0 105.0 231.0 134.0 12.0 134.0 627.0 605.0 627.0 
2 3 1.18 1.18 193.0 87.0 193.0 877.0 92.0 877.0 520.0 327.0 520.0 
2 4 1.79 1.79 193.0 87.0 193.0 877.0 92.0 877.0 520.0 327.0 520.0 973.0 594.0 973.0 
2 5 1.83 1.83 193.0 87.0 193.0 877.0 92.0 877.0 520.0 327.0 520.0 973.0 594.0 973.0 630.0 24.0 630.0 
2 3 0.84 0.84 711.0 221.0 711.0 140.0 39.0 140.0 500.0 127.0 500.0 
2 4 1.52 1.52 711.0 221.0 711.0 140.0 39.0 140.0 500.0 127.0 500.0 558.0 382.0 558.0 
2 3 0.26 0.26 951.0 195.0 951.0 515.0 29.0 515.0 180.0 1.0 180.0 
2 4 0.59 0.59 951.0 195.0 951.0 515.0 29.0 515.0 180.0 1.0 180.0 73.0 24.0 73.0 
2 5 0.8 0.8 951.0 195.0 951.0 515.0 29.0 515.0 180.0 1.0 180.0 73.0 24.0 73.0 929.0 194.0 929.0 
2 6 1.77 1.77 951.0 195.0 951.0 515.0 29.0 515.0 180.0 1.0 180.0 73.0 24.0 73.0 929.0 194.0 929.0 32.0 31.0 32.0 
2 3 1.12 1.12 141.0 1.0 141.0 64.0 15.0 64.0 241.0 212.0 241.0 
2 4 1.16 1.16 141.0 1.0 141.0 64.0 15.0 64.0 241.0 212.0 241.0 165.0 8.0 165.0 
2 5 1.28 1.28 141.0 1.0 141.0 64.0 15.0 64.0 241.0 212.0 241.0 165.0 8.0 165.0 835.0 99.0 835.0 
2 6 1.94 1.94 141.0 1.0 141.0 64.0 15.0 64.0 241.0 212.0 241.0 165.0 8.0 165.0 835.0 99.0 835.0 481.0 317.0 481.0 
2 3 1.27 1.27 36.0 15.0 36.0 889.0 162.0 889.0 884.0 598.0 884.0 
2 4 1.36 1.36 36.0 15.0 36.0 889.0 162.0 889.0 884.0 598.0 884.0 111.0 10.0 111.0 
2 5 1.68 1.68 36.0 15.0 36.0 889.0 162.0 889.0 884.0 598.0 884.0 111.0 10.0 111.0 491.0 157.0 491.0 
2 3 1.24 1.24 988.0 202.0 988.0 468.0 186.0 468.0 164.0 106.0 164.0 
2 4 1.95 1.95 988.0 202.0 988.0 468.0 186.0 468.0 164.0 106.0 164.0 467.0 328.0 467.0 
2 5 1.97 1.97 988.0 202.0 988.0 468.0 186.0 468.0 164.0 106.0 164.0 467.0 328.0 467.0 400.0 9.0 400.0 
2 3 0.64 0.64 804.0 395.0 804.0 676.0 25.0 676.0 874.0 104.0 874.0 
2 4 0.88 0.88 804.0 395.0 804.0 676.0 25.0 676.0 874.0 104.0 874.0 993.0 233.0 993.0 
2 5 1.36 1.36 804.0 395.0 804.0 676.0 25.0 676.0 874.0 104.0 874.0 993.0 233.0 993.0 575.0 280.0 575.0 
2 6 1.86 1.86 804.0 395.0 804.0 676.0 25.0 676.0 874.0 104.0 874.0 993.0 233.0 993.0 575.0 280.0 575.0 987.0 488.0 987.0 
2 3 0.86 0.86 927.0 303.0 927.0 783.0 336.0 783.0 995.0 106.0 995.0 
2 4 1.51 1.51 927.0 303.0 927.0 783.0 336.0 783.0 995.0 106.0 995.0 194.0 127.0 194.0 
2 5 1.65 1.65 927.0 303.0 927.0 783.0 336.0 783.0 995.0 106.0 995.0 194.0 127.0 194.0 310.0 44.0 310.0 
2 3 1.19 1.19 647.0 353.0 647.0 578.0 329.0 578.0 682.0 53.0 682.0 
2 4 1.54 1.54 647.0 353.0 647.0 578.0 329.0 578.0 682.0 53.0 682.0 728.0 253.0 728.0 
2 3 1.28 1.28 608.0 257.0 608.0 261.0 53.0 261.0 309.0 203.0 309.0 
2 3 1.17 1.17 84.0 10.0 84.0 180.0 97.0 180.0 955.0 494.0 955.0 
2 4 1.32 1.32 84.0 10.0 84.0 180.0 97.0 180.0 955.0 494.0 955.0 880.0 134.0 880.0 
2 3 1.03 1.03 157.0 9.0 157.0 327.0 27.0 327.0 797.0 710.0 797.0 
2 4 1.82 1.82 157.0 9.0 157.0 327.0 27.0 327.0 797.0 710.0 797.0 889.0 706.0 889.0 
2 3 1.26 1.26 484.0 110.0 484.0 493.0 94.0 493.0 932.0 794.0 932.0 
2 4 1.98 1.98 484.0 110.0 484.0 493.0 94.0 493.0 932.0 794.0 932.0 107.0 77.0 107.0 
2 3 0.48 0.48 274.0 60.0 274.0 294.0 50.0 294.0 807.0 79.0 807.0 
2 4 1.09 1.09 274.0 60.0 274.0 294.0 50.0 294.0 807.0 79.0 807.0 792.0 479.0 792.0 
2 5 1.39 1.39 274.0 60.0 274.0 294.0 50.0 294.0 807.0 79.0 807.0 792.0 479.0 792.0 483.0 145.0 483.0 
2 6 1.62 1.62 274.0 60.0 274.0 294.0 50.0 294.0 807.0 79.0 807.0 792.0 479.0 792.0 483.0 145.0 483.0 505.0 118.0 505.0 
2 7 1.65 1.65 274.0 60.0 274.0 294.0 50.0 294.0 807.0 79.0 807.0 792.0 479.0 792.0 483.0 145.0 483.0 505.0 118.0 505.0 32.0 1.0 32.0 
2 8 1.88 1.88 274.0 60.0 274.0 294.0 50.0 294.0 807.0 79.0 807.0 792.0 479.0 792.0 483.0 145.0 483.0 505.0 118.0 505.0 32.0 1.0 32.0 898.0 207.0 898.0 
2 3 0.9 0.9 740.0 578.0 740.0 912.0 63.0 912.0 176.0 10.0 176.0 
2 4 1.31 1.31 740.0 578.0 740.0 912.0 63.0 912.0 176.0 10.0 176.0 111.0 45.0 111.0 
2 5 1.89 1.89 740.0 578.0 740.0 912.0 63.0 912.0 176.0 10.0 176.0 111.0 45.0 111.0 854.0 495.0 854.0 
2 6 1.95 1.95 740.0 578.0 740.0 912.0 63.0 912.0 176.0 10.0 176.0 111.0 45.0 111.0 854.0 495.0 854.0 519.0 33.0 519.0 
2 3 1.19 1.19 741.0 27.0 741.0 397.0 209.0 397.0 332.0 210.0 332.0 
2 4 1.8 1.8 741.0 27.0 741.0 397.0 209.0 397.0 332.0 210.0 332.0 373.0 226.0 373.0 
2 3 0.44 0.44 774.0 55.0 774.0 111.0 40.0 111.0 726.0 9.0 726.0 
2 4 0.61 0.61 774.0 55.0 774.0 111.0 40.0 111.0 726.0 9.0 726.0 559.0 95.0 559.0 
2 5 0.82 0.82 774.0 55.0 774.0 111.0 40.0 111.0 726.0 9.0 726.0 559.0 95.0 559.0 195.0 41.0 195.0 
2 6 1.67 1.67 774.0 55.0 774.0 111.0 40.0 111.0 726.0 9.0 726.0 559.0 95.0 559.0 195.0 41.0 195.0 632.0 538.0 632.0 
2 7 1.84 1.84 774.0 55.0 774.0 111.0 40.0 111.0 726.0 9.0 726.0 559.0 95.0 559.0 195.0 41.0 195.0 632.0 538.0 632.0 398.0 69.0 398.0 
2 3 1.26 1.26 903.0 385.0 903.0 509.0 386.0 509.0 828.0 64.0 828.0 
2 4 1.73 1.73 903.0 385.0 903.0 509.0 386.0 509.0 828.0 64.0 828.0 192.0 90.0 192.0 
2 3 0.96 0.96 102.0 2.0 102.0 83.0 1.0 83.0 634.0 594.0 634.0 
2 4 1.28 1.28 102.0 2.0 102.0 83.0 1.0 83.0 634.0 594.0 634.0 580.0 182.0 580.0 
2 5 1.3 1.3 102.0 2.0 102.0 83.0 1.0 83.0 634.0 594.0 634.0 580.0 182.0 580.0 97.0 2.0 97.0 
2 6 1.38 1.38 102.0 2.0 102.0 83.0 1.0 83.0 634.0 594.0 634.0 580.0 182.0 580.0 97.0 2.0 97.0 589.0 46.0 589.0 
2 7 1.57 1.57 102.0 2.0 102.0 83.0 1.0 83.0 634.0 594.0 634.0 580.0 182.0 580.0 97.0 2.0 97.0 589.0 46.0 589.0 612.0 116.0 612.0 
2 3 0.76 0.76 399.0 13.0 399.0 798.0 426.0 798.0 830.0 161.0 830.0 
2 4 1.08 1.08 399.0 13.0 399.0 798.0 426.0 798.0 830.0 161.0 830.0 531.0 171.0 531.0 
2 5 1.22 1.22 399.0 13.0 399.0 798.0 426.0 798.0 830.0 161.0 830.0 531.0 171.0 531.0 814.0 116.0 814.0 
2 6 1.6 1.6 399.0 13.0 399.0 798.0 426.0 798.0 830.0 161.0 830.0 531.0 171.0 531.0 814.0 116.0 814.0 625.0 240.0 625.0 
2 7 1.7 1.7 399.0 13.0 399.0 798.0 426.0 798.0 830.0 161.0 830.0 531.0 171.0 531.0 814.0 116.0 814.0 625.0 240.0 625.0 31.0 3.0 31.0 
2 3 1.4 1.4 756.0 218.0 756.0 916.0 510.0 916.0 523.0 291.0 523.0 
2 4 1.9 1.9 756.0 218.0 756.0 916.0 510.0 916.0 523.0 291.0 523.0 2.0 1.0 2.0 
2 3 1.1 1.1 30.0 13.0 30.0 856.0 190.0 856.0 138.0 62.0 138.0 
2 4 1.62 1.62 30.0 13.0 30.0 856.0 190.0 856.0 138.0 62.0 138.0 362.0 189.0 362.0 
2 5 1.67 1.67 30.0 13.0 30.0 856.0 190.0 856.0 138.0 62.0 138.0 362.0 189.0 362.0 102.0 5.0 102.0 
2 3 0.5 0.5 996.0 174.0 996.0 597.0 44.0 597.0 389.0 99.0 389.0 
2 4 1.02 1.02 996.0 174.0 996.0 597.0 44.0 597.0 389.0 99.0 389.0 318.0 166.0 318.0 
2 5 1.56 1.56 996.0 174.0 996.0 597.0 44.0 597.0 389.0 99.0 389.0 318.0 166.0 318.0 787.0 426.0 787.0 
2 3 1.62 1.62 503.0 398.0 503.0 872.0 29.0 872.0 10.0 8.0 10.0 
2 4 1.99 1.99 503.0 398.0 503.0 872.0 29.0 872.0 10.0 8.0 10.0 523.0 196.0 523.0 
2 3 0.93 0.93 498.0 269.0 498.0 685.0 246.0 685.0 61.0 2.0 61.0 
2 4 1.85 1.85 498.0 269.0 498.0 685.0 246.0 685.0 61.0 2.0 61.0 423.0 391.0 423.0 
2 3 1.75 1.75 490.0 119.0 490.0 432.0 324.0 432.0 50.0 38.0 50.0 
2 4 1.9 1.9 490.0 119.0 490.0 432.0 324.0 432.0 50.0 38.0 50.0 611.0 92.0 611.0 
2 5 1.9 1.9 490.0 119.0 490.0 432.0 324.0 432.0 50.0 38.0 50.0 611.0 92.0 611.0 1000.0 5.0 1000.0 
2 3 0.69 0.69 422.0 183.0 422.0 797.0 22.0 797.0 224.0 52.0 224.0 
2 4 0.97 0.97 422.0 183.0 422.0 797.0 22.0 797.0 224.0 52.0 224.0 36.0 10.0 36.0 
2 5 1.22 1.22 422.0 183.0 422.0 797.0 22.0 797.0 224.0 52.0 224.0 36.0 10.0 36.0 20.0 5.0 20.0 
2 6 1.81 1.81 422.0 183.0 422.0 797.0 22.0 797.0 224.0 52.0 224.0 36.0 10.0 36.0 20.0 5.0 20.0 72.0 43.0 72.0 
2 3 1.53 1.53 939.0 643.0 939.0 757.0 265.0 757.0 384.0 193.0 384.0 
2 4 1.6 1.6 939.0 643.0 939.0 757.0 265.0 757.0 384.0 193.0 384.0 168.0 11.0 168.0 
2 5 1.81 1.81 939.0 643.0 939.0 757.0 265.0 757.0 384.0 193.0 384.0 168.0 11.0 168.0 449.0 95.0 449.0 
2 6 1.96 1.96 939.0 643.0 939.0 757.0 265.0 757.0 384.0 193.0 384.0 168.0 11.0 168.0 449.0 95.0 449.0 605.0 94.0 605.0 
2 3 1.31 1.31 280.0 7.0 280.0 666.0 647.0 666.0 590.0 186.0 590.0 
2 4 1.47 1.47 280.0 7.0 280.0 666.0 647.0 666.0 590.0 186.0 590.0 86.0 14.0 86.0 
2 5 1.65 1.65 280.0 7.0 280.0 666.0 647.0 666.0 590.0 186.0 590.0 86.0 14.0 86.0 184.0 33.0 184.0 
2 6 1.85 1.85 280.0 7.0 280.0 666.0 647.0 666.0 590.0 186.0 590.0 86.0 14.0 86.0 184.0 33.0 184.0 722.0 142.0 722.0 
2 3 1.21 1.21 45.0 35.0 45.0 387.0 126.0 387.0 998.0 112.0 998.0 
2 4 1.31 1.31 45.0 35.0 45.0 387.0 126.0 387.0 998.0 112.0 998.0 534.0 51.0 534.0 
2 3 0.91 0.91 179.0 61.0 179.0 75.0 22.0 75.0 67.0 19.0 67.0 
2 4 1.21 1.21 179.0 61.0 179.0 75.0 22.0 75.0 67.0 19.0 67.0 194.0 57.0 194.0 
2 5 1.64 1.64 179.0 61.0 179.0 75.0 22.0 75.0 67.0 19.0 67.0 194.0 57.0 194.0 842.0 367.0 842.0 
2 6 1.7 1.7 179.0 61.0 179.0 75.0 22.0 75.0 67.0 19.0 67.0 194.0 57.0 194.0 842.0 367.0 842.0 886.0 55.0 886.0 
2 3 1.71 1.71 433.0 368.0 433.0 121.0 42.0 121.0 845.0 439.0 845.0 
2 3 1.65 1.65 981.0 700.0 981.0 736.0 215.0 736.0 992.0 647.0 992.0 
2 3 1.39 1.39 152.0 54.0 152.0 319.0 272.0 319.0 299.0 56.0 299.0 
2 3 1.49 1.49 664.0 348.0 664.0 461.0 190.0 461.0 936.0 519.0 936.0 
2 3 1.23 1.23 755.0 557.0 755.0 885.0 432.0 885.0 471.0 5.0 471.0 
2 4 1.79 1.79 755.0 557.0 755.0 885.0 432.0 885.0 471.0 5.0 471.0 106.0 59.0 106.0 
2 3 1.27 1.27 387.0 103.0 387.0 762.0 681.0 762.0 390.0 46.0 390.0 
2 4 1.49 1.49 387.0 103.0 387.0 762.0 681.0 762.0 390.0 46.0 390.0 140.0 31.0 140.0 
2 5 1.96 1.96 387.0 103.0 387.0 762.0 681.0 762.0 390.0 46.0 390.0 140.0 31.0 140.0 302.0 140.0 302.0 
2 3 0.96 0.96 122.0 6.0 122.0 975.0 402.0 975.0 46.0 23.0 46.0 
2 4 1.91 1.91 122.0 6.0 122.0 975.0 402.0 975.0 46.0 23.0 46.0 963.0 923.0 963.0 
2 3 1.11 1.11 845.0 207.0 845.0 701.0 422.0 701.0 446.0 120.0 446.0 
2 4 1.68 1.68 845.0 207.0 845.0 701.0 422.0 701.0 446.0 120.0 446.0 505.0 288.0 505.0 
2 3 0.49 0.49 975.0 37.0 975.0 430.0 66.0 430.0 627.0 189.0 627.0 
2 4 0.6 0.6 975.0 37.0 975.0 430.0 66.0 430.0 627.0 189.0 627.0 351.0 41.0 351.0 
2 5 0.92 0.92 975.0 37.0 975.0 430.0 66.0 430.0 627.0 189.0 627.0 351.0 41.0 351.0 980.0 306.0 980.0 
2 6 0.97 0.97 975.0 37.0 975.0 430.0 66.0 430.0 627.0 189.0 627.0 351.0 41.0 351.0 980.0 306.0 980.0 657.0 38.0 657.0 
2 7 1.36 1.36 975.0 37.0 975.0 430.0 66.0 430.0 627.0 189.0 627.0 351.0 41.0 351.0 980.0 306.0 980.0 657.0 38.0 657.0 270.0 103.0 270.0 
2 3 1.12 1.12 236.0 137.0 236.0 896.0 23.0 896.0 729.0 377.0 729.0 
2 4 1.3 1.3 236.0 137.0 236.0 896.0 23.0 896.0 729.0 377.0 729.0 577.0 104.0 577.0 
2 5 1.99 1.99 236.0 137.0 236.0 896.0 23.0 896.0 729.0 377.0 729.0 577.0 104.0 577.0 655.0 456.0 655.0 
2 3 0.94 0.94 541.0 417.0 541.0 743.0 66.0 743.0 369.0 30.0 369.0 
2 4 1.38 1.38 541.0 417.0 541.0 743.0 66.0 743.0 369.0 30.0 369.0 436.0 192.0 436.0 
2 5 1.53 1.53 541.0 417.0 541.0 743.0 66.0 743.0 369.0 30.0 369.0 436.0 192.0 436.0 463.0 72.0 463.0 
2 6 1.99 1.99 541.0 417.0 541.0 743.0 66.0 743.0 369.0 30.0 369.0 436.0 192.0 436.0 463.0 72.0 463.0 93.0 43.0 93.0 
2 3 0.63 0.63 519.0 136.0 519.0 717.0 15.0 717.0 48.0 17.0 48.0 
2 4 0.79 0.79 519.0 136.0 519.0 717.0 15.0 717.0 48.0 17.0 48.0 827.0 132.0 827.0 
2 5 1.31 1.31 519.0 136.0 519.0 717.0 15.0 717.0 48.0 17.0 48.0 827.0 132.0 827.0 551.0 287.0 551.0 
2 6 1.34 1.34 519.0 136.0 519.0 717.0 15.0 717.0 48.0 17.0 48.0 827.0 132.0 827.0 551.0 287.0 551.0 893.0 20.0 893.0 
2 7 1.79 1.79 519.0 136.0 519.0 717.0 15.0 717.0 48.0 17.0 48.0 827.0 132.0 827.0 551.0 287.0 551.0 893.0 20.0 893.0 11.0 5.0 11.0 
2 8 1.86 1.86 519.0 136.0 519.0 717.0 15.0 717.0 48.0 17.0 48.0 827.0 132.0 827.0 551.0 287.0 551.0 893.0 20.0 893.0 11.0 5.0 11.0 413.0 30.0 413.0 
2 9 1.99 1.99 519.0 136.0 519.0 717.0 15.0 717.0 48.0 17.0 48.0 827.0 132.0 827.0 551.0 287.0 551.0 893.0 20.0 893.0 11.0 5.0 11.0 413.0 30.0 413.0 627.0 77.0 627.0 
2 3 0.76 0.76 157.0 71.0 157.0 252.0 57.0 252.0 467.0 42.0 467.0 
2 4 1.44 1.44 157.0 71.0 157.0 252.0 57.0 252.0 467.0 42.0 467.0 169.0 115.0 169.0 
2 3 1.85 1.85 248.0 188.0 248.0 423.0 199.0 423.0 387.0 242.0 387.0 
2 3 1.45 1.45 899.0 621.0 899.0 620.0 187.0 620.0 680.0 315.0 680.0 
2 3 1.37 1.37 714.0 508.0 714.0 278.0 87.0 278.0 939.0 327.0 939.0 
2 4 1.43 1.43 714.0 508.0 714.0 278.0 87.0 278.0 939.0 327.0 939.0 30.0 2.0 30.0 
2 5 1.49 1.49 714.0 508.0 714.0 278.0 87.0 278.0 939.0 327.0 939.0 30.0 2.0 30.0 779.0 47.0 779.0 
2 6 1.94 1.94 714.0 508.0 714.0 278.0 87.0 278.0 939.0 327.0 939.0 30.0 2.0 30.0 779.0 47.0 779.0 247.0 110.0 247.0 
2 3 1.39 1.39 59.0 19.0 59.0 71.0 16.0 71.0 731.0 616.0 731.0 
2 4 1.76 1.76 59.0 19.0 59.0 71.0 16.0 71.0 731.0 616.0 731.0 175.0 65.0 175.0 
2 5 1.92 1.92 59.0 19.0 59.0 71.0 16.0 71.0 731.0 616.0 731.0 175.0 65.0 175.0 822.0 132.0 822.0 
2 6 1.98 1.98 59.0 19.0 59.0 71.0 16.0 71.0 731.0 616.0 731.0 175.0 65.0 175.0 822.0 132.0 822.0 517.0 33.0 517.0 
2 3 1.28 1.28 134.0 8.0 134.0 712.0 302.0 712.0 867.0 691.0 867.0 
2 4 1.42 1.42 134.0 8.0 134.0 712.0 302.0 712.0 867.0 691.0 867.0 27.0 4.0 27.0 
2 3 1.45 1.45 732.0 17.0 732.0 657.0 633.0 657.0 398.0 186.0 398.0 
2 4 1.7 1.7 732.0 17.0 732.0 657.0 633.0 657.0 398.0 186.0 398.0 733.0 186.0 733.0 
2 5 1.74 1.74 732.0 17.0 732.0 657.0 633.0 657.0 398.0 186.0 398.0 733.0 186.0 733.0 848.0 29.0 848.0 
2 6 1.83 1.83 732.0 17.0 732.0 657.0 633.0 657.0 398.0 186.0 398.0 733.0 186.0 733.0 848.0 29.0 848.0 497.0 44.0 497.0 
2 3 0.68 0.68 649.0 186.0 649.0 837.0 40.0 837.0 852.0 299.0 852.0 
2 4 0.81 0.81 649.0 186.0 649.0 837.0 40.0 837.0 852.0 299.0 852.0 56.0 7.0 56.0 
2 5 1.21 1.21 649.0 186.0 649.0 837.0 40.0 837.0 852.0 299.0 852.0 56.0 7.0 56.0 308.0 124.0 308.0 
2 3 1.24 1.24 1000.0 934.0 1000.0 122.0 9.0 122.0 68.0 16.0 68.0 
2 4 1.35 1.35 1000.0 934.0 1000.0 122.0 9.0 122.0 68.0 16.0 68.0 568.0 63.0 568.0 
2 5 1.47 1.47 1000.0 934.0 1000.0 122.0 9.0 122.0 68.0 16.0 68.0 568.0 63.0 568.0 874.0 102.0 874.0 
2 3 1.25 1.25 456.0 134.0 456.0 442.0 409.0 442.0 853.0 28.0 853.0 
2 4 1.29 1.29 456.0 134.0 456.0 442.0 409.0 442.0 853.0 28.0 853.0 329.0 13.0 329.0 
2 5 1.71 1.71 456.0 134.0 456.0 442.0 409.0 442.0 853.0 28.0 853.0 329.0 13.0 329.0 531.0 223.0 531.0 
2 6 1.99 1.99 456.0 134.0 456.0 442.0 409.0 442.0 853.0 28.0 853.0 329.0 13.0 329.0 531.0 223.0 531.0 470.0 133.0 470.0 
2 3 1.0 1.0 932.0 138.0 932.0 117.0 81.0 117.0 54.0 9.0 54.0 
2 4 1.62 1.62 932.0 138.0 932.0 117.0 81.0 117.0 54.0 9.0 54.0 248.0 154.0 248.0 
2 3 0.48 0.48 580.0 171.0 580.0 583.0 56.0 583.0 174.0 17.0 174.0 
2 4 0.63 0.63 580.0 171.0 580.0 583.0 56.0 583.0 174.0 17.0 174.0 536.0 81.0 536.0 
2 5 0.74 0.74 580.0 171.0 580.0 583.0 56.0 583.0 174.0 17.0 174.0 536.0 81.0 536.0 664.0 72.0 664.0 
2 6 0.89 0.89 580.0 171.0 580.0 583.0 56.0 583.0 174.0 17.0 174.0 536.0 81.0 536.0 664.0 72.0 664.0 419.0 63.0 419.0 
2 7 0.92 0.92 580.0 171.0 580.0 583.0 56.0 583.0 174.0 17.0 174.0 536.0 81.0 536.0 664.0 72.0 664.0 419.0 63.0 419.0 682.0 18.0 682.0 
2 8 1.22 1.22 580.0 171.0 580.0 583.0 56.0 583.0 174.0 17.0 174.0 536.0 81.0 536.0 664.0 72.0 664.0 419.0 63.0 419.0 682.0 18.0 682.0 182.0 55.0 182.0 
2 9 1.94 1.94 580.0 171.0 580.0 583.0 56.0 583.0 174.0 17.0 174.0 536.0 81.0 536.0 664.0 72.0 664.0 419.0 63.0 419.0 682.0 18.0 682.0 182.0 55.0 182.0 907.0 654.0 907.0 
2 10 1.99 1.99 580.0 171.0 580.0 583.0 56.0 583.0 174.0 17.0 174.0 536.0 81.0 536.0 664.0 72.0 664.0 419.0 63.0 419.0 682.0 18.0 682.0 182.0 55.0 182.0 907.0 654.0 907.0 869.0 41.0 869.0 
2 3 0.51 0.51 325.0 6.0 325.0 276.0 3.0 276.0 774.0 374.0 774.0 
2 4 0.93 0.93 325.0 6.0 325.0 276.0 3.0 276.0 774.0 374.0 774.0 797.0 335.0 797.0 
2 5 1.7 1.7 325.0 6.0 325.0 276.0 3.0 276.0 774.0 374.0 774.0 797.0 335.0 797.0 52.0 40.0 52.0 
2 6 1.89 1.89 325.0 6.0 325.0 276.0 3.0 276.0 774.0 374.0 774.0 797.0 335.0 797.0 52.0 40.0 52.0 639.0 123.0 639.0 
2 3 1.3 1.3 402.0 185.0 402.0 556.0 181.0 556.0 220.0 115.0 220.0 
2 4 1.69 1.69 402.0 185.0 402.0 556.0 181.0 556.0 220.0 115.0 220.0 254.0 98.0 254.0 
2 5 1.98 1.98 402.0 185.0 402.0 556.0 181.0 556.0 220.0 115.0 220.0 254.0 98.0 254.0 909.0 263.0 909.0 
2 3 0.2 0.2 513.0 7.0 513.0 164.0 10.0 164.0 489.0 64.0 489.0 
2 4 0.73 0.73 513.0 7.0 513.0 164.0 10.0 164.0 489.0 64.0 489.0 886.0 469.0 886.0 
2 5 1.5 1.5 513.0 7.0 513.0 164.0 10.0 164.0 489.0 64.0 489.0 886.0 469.0 886.0 664.0 511.0 664.0 
2 3 1.45 1.45 694.0 485.0 694.0 924.0 452.0 924.0 839.0 228.0 839.0 
2 3 0.49 0.49 9.0 1.0 9.0 406.0 120.0 406.0 367.0 32.0 367.0 
2 4 0.97 0.97 9.0 1.0 9.0 406.0 120.0 406.0 367.0 32.0 367.0 931.0 445.0 931.0 
2 5 1.28 1.28 9.0 1.0 9.0 406.0 120.0 406.0 367.0 32.0 367.0 931.0 445.0 931.0 68.0 21.0 68.0 
2 6 1.67 1.67 9.0 1.0 9.0 406.0 120.0 406.0 367.0 32.0 367.0 931.0 445.0 931.0 68.0 21.0 68.0 953.0 375.0 953.0 
2 3 0.83 0.83 934.0 114.0 934.0 464.0 233.0 464.0 765.0 162.0 765.0 
2 4 1.53 1.53 934.0 114.0 934.0 464.0 233.0 464.0 765.0 162.0 765.0 174.0 122.0 174.0 
2 3 1.61 1.61 310.0 258.0 310.0 712.0 121.0 712.0 476.0 294.0 476.0 
2 3 1.31 1.31 727.0 386.0 727.0 838.0 508.0 838.0 629.0 109.0 629.0 
2 3 1.61 1.61 833.0 478.0 833.0 150.0 38.0 150.0 559.0 439.0 559.0 
2 3 0.74 0.74 886.0 153.0 886.0 53.0 14.0 53.0 475.0 145.0 475.0 
2 4 1.01 1.01 886.0 153.0 886.0 53.0 14.0 53.0 475.0 145.0 475.0 383.0 106.0 383.0 
2 5 1.73 1.73 886.0 153.0 886.0 53.0 14.0 53.0 475.0 145.0 475.0 383.0 106.0 383.0 700.0 499.0 700.0 
2 6 1.89 1.89 886.0 153.0 886.0 53.0 14.0 53.0 475.0 145.0 475.0 383.0 106.0 383.0 700.0 499.0 700.0 704.0 116.0 704.0 
2 3 1.16 1.16 544.0 357.0 544.0 467.0 94.0 467.0 890.0 271.0 890.0 
2 4 1.37 1.37 544.0 357.0 544.0 467.0 94.0 467.0 890.0 271.0 890.0 162.0 35.0 162.0 
2 3 0.98 0.98 401.0 307.0 401.0 843.0 135.0 843.0 282.0 18.0 282.0 
2 4 1.04 1.04 401.0 307.0 401.0 843.0 135.0 843.0 282.0 18.0 282.0 100.0 6.0 100.0 
2 5 1.54 1.54 401.0 307.0 401.0 843.0 135.0 843.0 282.0 18.0 282.0 100.0 6.0 100.0 468.0 230.0 468.0 
2 6 1.75 1.75 401.0 307.0 401.0 843.0 135.0 843.0 282.0 18.0 282.0 100.0 6.0 100.0 468.0 230.0 468.0 337.0 72.0 337.0 
2 3 1.39 1.39 540.0 208.0 540.0 960.0 420.0 960.0 798.0 459.0 798.0 
2 4 1.48 1.48 540.0 208.0 540.0 960.0 420.0 960.0 798.0 459.0 798.0 231.0 19.0 231.0 
2 5 1.52 1.52 540.0 208.0 540.0 960.0 420.0 960.0 798.0 459.0 798.0 231.0 19.0 231.0 589.0 24.0 589.0 
2 6 1.72 1.72 540.0 208.0 540.0 960.0 420.0 960.0 798.0 459.0 798.0 231.0 19.0 231.0 589.0 24.0 589.0 259.0 52.0 259.0 
2 3 1.04 1.04 8.0 3.0 8.0 375.0 175.0 375.0 346.0 71.0 346.0 
2 4 1.05 1.05 8.0 3.0 8.0 375.0 175.0 375.0 346.0 71.0 346.0 170.0 2.0 170.0 
2 5 1.89 1.89 8.0 3.0 8.0 375.0 175.0 375.0 346.0 71.0 346.0 170.0 2.0 170.0 140.0 117.0 140.0 
2 3 1.06 1.06 54.0 9.0 54.0 159.0 70.0 159.0 633.0 288.0 633.0 
2 4 1.14 1.14 54.0 9.0 54.0 159.0 70.0 159.0 633.0 288.0 633.0 83.0 7.0 83.0 
2 5 1.67 1.67 54.0 9.0 54.0 159.0 70.0 159.0 633.0 288.0 633.0 83.0 7.0 83.0 77.0 41.0 77.0 
2 3 1.42 1.42 20.0 11.0 20.0 268.0 226.0 268.0 531.0 18.0 531.0 
2 4 1.56 1.56 20.0 11.0 20.0 268.0 226.0 268.0 531.0 18.0 531.0 199.0 28.0 199.0 
2 3 0.5 0.5 229.0 35.0 229.0 285.0 58.0 285.0 987.0 147.0 987.0 
2 4 0.76 0.76 229.0 35.0 229.0 285.0 58.0 285.0 987.0 147.0 987.0 696.0 180.0 696.0 
2 5 1.43 1.43 229.0 35.0 229.0 285.0 58.0 285.0 987.0 147.0 987.0 696.0 180.0 696.0 316.0 212.0 316.0 
2 6 1.56 1.56 229.0 35.0 229.0 285.0 58.0 285.0 987.0 147.0 987.0 696.0 180.0 696.0 316.0 212.0 316.0 317.0 40.0 317.0 
2 7 1.57 1.57 229.0 35.0 229.0 285.0 58.0 285.0 987.0 147.0 987.0 696.0 180.0 696.0 316.0 212.0 316.0 317.0 40.0 317.0 234.0 4.0 234.0 
2 8 1.83 1.83 229.0 35.0 229.0 285.0 58.0 285.0 987.0 147.0 987.0 696.0 180.0 696.0 316.0 212.0 316.0 317.0 40.0 317.0 234.0 4.0 234.0 742.0 192.0 742.0 
2 3 1.35 1.35 429.0 354.0 429.0 66.0 5.0 66.0 253.0 114.0 253.0 
2 4 1.82 1.82 429.0 354.0 429.0 66.0 5.0 66.0 253.0 114.0 253.0 974.0 460.0 974.0 
2 3 0.88 0.88 709.0 388.0 709.0 575.0 88.0 575.0 38.0 7.0 38.0 
2 4 1.01 1.01 709.0 388.0 709.0 575.0 88.0 575.0 38.0 7.0 38.0 726.0 92.0 726.0 
2 5 1.53 1.53 709.0 388.0 709.0 575.0 88.0 575.0 38.0 7.0 38.0 726.0 92.0 726.0 139.0 73.0 139.0 
2 6 1.93 1.93 709.0 388.0 709.0 575.0 88.0 575.0 38.0 7.0 38.0 726.0 92.0 726.0 139.0 73.0 139.0 304.0 122.0 304.0 
2 3 1.13 1.13 757.0 687.0 757.0 625.0 48.0 625.0 454.0 67.0 454.0 
2 4 1.36 1.36 757.0 687.0 757.0 625.0 48.0 625.0 454.0 67.0 454.0 474.0 112.0 474.0 
2 5 1.99 1.99 757.0 687.0 757.0 625.0 48.0 625.0 454.0 67.0 454.0 474.0 112.0 474.0 287.0 180.0 287.0 
2 3 1.5 1.5 614.0 208.0 614.0 452.0 291.0 452.0 268.0 139.0 268.0 
2 3 1.27 1.27 353.0 252.0 353.0 391.0 176.0 391.0 152.0 17.0 152.0 
2 4 1.42 1.42 353.0 252.0 353.0 391.0 176.0 391.0 152.0 17.0 152.0 737.0 108.0 737.0 
2 3 1.41 1.41 578.0 547.0 578.0 133.0 19.0 133.0 545.0 176.0 545.0 
2 4 1.48 1.48 578.0 547.0 578.0 133.0 19.0 133.0 545.0 176.0 545.0 553.0 42.0 553.0 
2 5 1.85 1.85 578.0 547.0 578.0 133.0 19.0 133.0 545.0 176.0 545.0 553.0 42.0 553.0 981.0 358.0 981.0 
2 3 1.57 1.57 274.0 176.0 274.0 875.0 67.0 875.0 98.0 84.0 98.0 
2 3 1.98 1.98 354.0 143.0 354.0 277.0 188.0 277.0 921.0 829.0 921.0 
2 3 0.85 0.85 653.0 407.0 653.0 567.0 82.0 567.0 668.0 60.0 668.0 
2 4 1.43 1.43 653.0 407.0 653.0 567.0 82.0 567.0 668.0 60.0 668.0 712.0 410.0 712.0 
2 5 1.55 1.55 653.0 407.0 653.0 567.0 82.0 567.0 668.0 60.0 668.0 712.0 410.0 712.0 338.0 41.0 338.0 
2 6 1.94 1.94 653.0 407.0 653.0 567.0 82.0 567.0 668.0 60.0 668.0 712.0 410.0 712.0 338.0 41.0 338.0 533.0 209.0 533.0 
2 3 0.91 0.91 450.0 40.0 450.0 292.0 59.0 292.0 538.0 336.0 538.0 
2 4 1.69 1.69 450.0 40.0 450.0 292.0 59.0 292.0 538.0 336.0 538.0 194.0 151.0 194.0 
2 3 0.9 0.9 499.0 232.0 499.0 898.0 149.0 898.0 66.0 18.0 66.0 
2 4 1.61 1.61 499.0 232.0 499.0 898.0 149.0 898.0 66.0 18.0 66.0 331.0 236.0 331.0 
2 3 0.73 0.73 200.0 12.0 200.0 902.0 284.0 902.0 963.0 345.0 963.0 
2 4 0.88 0.88 200.0 12.0 200.0 902.0 284.0 902.0 963.0 345.0 963.0 504.0 76.0 504.0 
2 5 0.89 0.89 200.0 12.0 200.0 902.0 284.0 902.0 963.0 345.0 963.0 504.0 76.0 504.0 699.0 7.0 699.0 
2 6 1.61 1.61 200.0 12.0 200.0 902.0 284.0 902.0 963.0 345.0 963.0 504.0 76.0 504.0 699.0 7.0 699.0 410.0 296.0 410.0 
2 3 1.16 1.16 979.0 306.0 979.0 256.0 146.0 256.0 733.0 208.0 733.0 
2 4 1.38 1.38 979.0 306.0 979.0 256.0 146.0 256.0 733.0 208.0 733.0 892.0 199.0 892.0 
2 5 1.57 1.57 979.0 306.0 979.0 256.0 146.0 256.0 733.0 208.0 733.0 892.0 199.0 892.0 712.0 130.0 712.0 
2 3 1.71 1.71 140.0 39.0 140.0 876.0 608.0 876.0 638.0 475.0 638.0 
2 3 0.63 0.63 696.0 173.0 696.0 330.0 12.0 330.0 324.0 113.0 324.0 
2 4 0.63 0.63 696.0 173.0 696.0 330.0 12.0 330.0 324.0 113.0 324.0 375.0 2.0 375.0 
2 5 0.95 0.95 696.0 173.0 696.0 330.0 12.0 330.0 324.0 113.0 324.0 375.0 2.0 375.0 491.0 157.0 491.0 
2 6 1.89 1.89 696.0 173.0 696.0 330.0 12.0 330.0 324.0 113.0 324.0 375.0 2.0 375.0 491.0 157.0 491.0 608.0 572.0 608.0 
2 7 1.96 1.96 696.0 173.0 696.0 330.0 12.0 330.0 324.0 113.0 324.0 375.0 2.0 375.0 491.0 157.0 491.0 608.0 572.0 608.0 81.0 5.0 81.0 
2 3 1.88 1.88 878.0 753.0 878.0 185.0 97.0 185.0 890.0 445.0 890.0 
2 3 1.76 1.76 689.0 687.0 689.0 873.0 284.0 873.0 338.0 151.0 338.0 
2 3 0.64 0.64 614.0 138.0 614.0 416.0 132.0 416.0 81.0 8.0 81.0 
2 4 0.66 0.66 614.0 138.0 614.0 416.0 132.0 416.0 81.0 8.0 81.0 394.0 10.0 394.0 
2 5 0.97 0.97 614.0 138.0 614.0 416.0 132.0 416.0 81.0 8.0 81.0 394.0 10.0 394.0 163.0 50.0 163.0 
2 6 1.15 1.15 614.0 138.0 614.0 416.0 132.0 416.0 81.0 8.0 81.0 394.0 10.0 394.0 163.0 50.0 163.0 784.0 139.0 784.0 
2 7 1.19 1.19 614.0 138.0 614.0 416.0 132.0 416.0 81.0 8.0 81.0 394.0 10.0 394.0 163.0 50.0 163.0 784.0 139.0 784.0 866.0 38.0 866.0 
2 8 1.68 1.68 614.0 138.0 614.0 416.0 132.0 416.0 81.0 8.0 81.0 394.0 10.0 394.0 163.0 50.0 163.0 784.0 139.0 784.0 866.0 38.0 866.0 890.0 438.0 890.0 
2 3 1.58 1.58 120.0 44.0 120.0 636.0 379.0 636.0 173.0 108.0 173.0 
2 3 1.86 1.86 133.0 96.0 133.0 24.0 23.0 24.0 163.0 30.0 163.0 
2 3 1.91 1.91 751.0 563.0 751.0 848.0 425.0 848.0 15.0 10.0 15.0 
2 3 1.04 1.04 389.0 177.0 389.0 897.0 349.0 897.0 161.0 32.0 161.0 
2 3 1.91 1.91 236.0 176.0 236.0 681.0 398.0 681.0 688.0 402.0 688.0 
2 3 0.83 0.83 292.0 93.0 292.0 618.0 271.0 618.0 73.0 6.0 73.0 
2 4 1.65 1.65 292.0 93.0 292.0 618.0 271.0 618.0 73.0 6.0 73.0 645.0 524.0 645.0 
2 5 1.65 1.65 292.0 93.0 292.0 618.0 271.0 618.0 73.0 6.0 73.0 645.0 524.0 645.0 552.0 1.0 552.0 
2 3 1.64 1.64 265.0 251.0 265.0 841.0 282.0 841.0 789.0 284.0 789.0 
2 3 1.6 1.6 623.0 384.0 623.0 574.0 374.0 574.0 395.0 134.0 395.0 
2 4 1.68 1.68 623.0 384.0 623.0 574.0 374.0 574.0 395.0 134.0 395.0 788.0 65.0 788.0 
2 3 1.34 1.34 375.0 145.0 375.0 843.0 347.0 843.0 188.0 103.0 188.0 
2 4 1.43 1.43 375.0 145.0 375.0 843.0 347.0 843.0 188.0 103.0 188.0 414.0 38.0 414.0 
2 5 1.7 1.7 375.0 145.0 375.0 843.0 347.0 843.0 188.0 103.0 188.0 414.0 38.0 414.0 59.0 16.0 59.0 
2 3 1.73 1.73 156.0 124.0 156.0 922.0 689.0 922.0 967.0 191.0 967.0 
2 4 1.8 1.8 156.0 124.0 156.0 922.0 689.0 922.0 967.0 191.0 967.0 97.0 6.0 97.0 
2 3 0.9 0.9 543.0 36.0 543.0 745.0 394.0 745.0 424.0 132.0 424.0 
2 4 1.2 1.2 543.0 36.0 543.0 745.0 394.0 745.0 424.0 132.0 424.0 832.0 248.0 832.0 
2 3 0.84 0.84 355.0 16.0 355.0 355.0 153.0 355.0 768.0 280.0 768.0 
2 4 1.84 1.84 355.0 16.0 355.0 355.0 153.0 355.0 768.0 280.0 768.0 2.0 2.0 2.0 
2 3 1.07 1.07 267.0 74.0 267.0 533.0 16.0 533.0 708.0 546.0 708.0 
2 4 1.14 1.14 267.0 74.0 267.0 533.0 16.0 533.0 708.0 546.0 708.0 257.0 17.0 257.0 
2 5 1.84 1.84 267.0 74.0 267.0 533.0 16.0 533.0 708.0 546.0 708.0 257.0 17.0 257.0 823.0 575.0 823.0 
2 6 1.93 1.93 267.0 74.0 267.0 533.0 16.0 533.0 708.0 546.0 708.0 257.0 17.0 257.0 823.0 575.0 823.0 986.0 92.0 986.0 
2 3 1.3 1.3 291.0 190.0 291.0 777.0 167.0 777.0 73.0 32.0 73.0 
2 4 1.52 1.52 291.0 190.0 291.0 777.0 167.0 777.0 73.0 32.0 73.0 718.0 158.0 718.0 
2 5 1.65 1.65 291.0 190.0 291.0 777.0 167.0 777.0 73.0 32.0 73.0 718.0 158.0 718.0 570.0 75.0 570.0 
2 3 0.91 0.91 249.0 34.0 249.0 546.0 327.0 546.0 891.0 159.0 891.0 
2 4 1.08 1.08 249.0 34.0 249.0 546.0 327.0 546.0 891.0 159.0 891.0 660.0 114.0 660.0 
2 5 1.14 1.14 249.0 34.0 249.0 546.0 327.0 546.0 891.0 159.0 891.0 660.0 114.0 660.0 281.0 15.0 281.0 
2 6 1.55 1.55 249.0 34.0 249.0 546.0 327.0 546.0 891.0 159.0 891.0 660.0 114.0 660.0 281.0 15.0 281.0 661.0 273.0 661.0 
2 3 0.78 0.78 542.0 265.0 542.0 925.0 235.0 925.0 210.0 9.0 210.0 
2 4 1.27 1.27 542.0 265.0 542.0 925.0 235.0 925.0 210.0 9.0 210.0 454.0 221.0 454.0 
2 3 1.62 1.62 755.0 541.0 755.0 835.0 700.0 835.0 929.0 61.0 929.0 
2 4 1.8 1.8 755.0 541.0 755.0 835.0 700.0 835.0 929.0 61.0 929.0 33.0 6.0 33.0 
2 5 1.82 1.82 755.0 541.0 755.0 835.0 700.0 835.0 929.0 61.0 929.0 33.0 6.0 33.0 988.0 21.0 988.0 
2 3 1.9 1.9 681.0 63.0 681.0 187.0 153.0 187.0 737.0 736.0 737.0 
2 3 1.68 1.68 26.0 21.0 26.0 488.0 311.0 488.0 765.0 180.0 765.0 
2 3 0.88 0.88 510.0 78.0 510.0 634.0 248.0 634.0 273.0 92.0 273.0 
2 4 1.5 1.5 510.0 78.0 510.0 634.0 248.0 634.0 273.0 92.0 273.0 431.0 271.0 431.0 
2 3 1.13 1.13 575.0 229.0 575.0 482.0 328.0 482.0 546.0 29.0 546.0 
2 4 1.8 1.8 575.0 229.0 575.0 482.0 328.0 482.0 546.0 29.0 546.0 407.0 273.0 407.0 
2 3 1.02 1.02 172.0 45.0 172.0 595.0 181.0 595.0 615.0 281.0 615.0 
2 4 1.05 1.05 172.0 45.0 172.0 595.0 181.0 595.0 615.0 281.0 615.0 144.0 5.0 144.0 
2 5 1.98 1.98 172.0 45.0 172.0 595.0 181.0 595.0 615.0 281.0 615.0 144.0 5.0 144.0 140.0 130.0 140.0 
2 3 1.66 1.66 241.0 97.0 241.0 655.0 210.0 655.0 56.0 53.0 56.0 
2 4 1.88 1.88 241.0 97.0 241.0 655.0 210.0 655.0 56.0 53.0 56.0 33.0 7.0 33.0 
2 3 1.56 1.56 84.0 30.0 84.0 461.0 105.0 461.0 149.0 146.0 149.0 
2 4 1.76 1.76 84.0 30.0 84.0 461.0 105.0 461.0 149.0 146.0 149.0 667.0 133.0 667.0 
2 5 1.9 1.9 84.0 30.0 84.0 461.0 105.0 461.0 149.0 146.0 149.0 667.0 133.0 667.0 772.0 111.0 772.0 
2 3 1.48 1.48 614.0 385.0 614.0 773.0 127.0 773.0 739.0 513.0 739.0 
2 4 1.89 1.89 614.0 385.0 614.0 773.0 127.0 773.0 739.0 513.0 739.0 664.0 274.0 664.0 
2 3 0.73 0.73 11.0 4.0 11.0 341.0 84.0 341.0 399.0 48.0 399.0 
2 4 0.92 0.92 11.0 4.0 11.0 341.0 84.0 341.0 399.0 48.0 399.0 329.0 65.0 329.0 
2 5 1.84 1.84 11.0 4.0 11.0 341.0 84.0 341.0 399.0 48.0 399.0 329.0 65.0 329.0 35.0 32.0 35.0 
2 3 1.31 1.31 162.0 3.0 162.0 728.0 653.0 728.0 371.0 149.0 371.0 
2 4 1.57 1.57 162.0 3.0 162.0 728.0 653.0 728.0 371.0 149.0 371.0 516.0 132.0 516.0 
2 3 1.43 1.43 11.0 11.0 11.0 254.0 95.0 254.0 866.0 49.0 866.0 
2 3 1.14 1.14 925.0 88.0 925.0 690.0 527.0 690.0 927.0 267.0 927.0 
2 4 1.66 1.66 925.0 88.0 925.0 690.0 527.0 690.0 927.0 267.0 927.0 304.0 159.0 304.0 
2 3 1.58 1.58 602.0 573.0 602.0 812.0 141.0 812.0 46.0 21.0 46.0 
2 4 1.75 1.75 602.0 573.0 602.0 812.0 141.0 812.0 46.0 21.0 46.0 820.0 138.0 820.0 
2 3 0.18 0.18 512.0 17.0 512.0 14.0 1.0 14.0 121.0 10.0 121.0 
2 4 0.45 0.45 512.0 17.0 512.0 14.0 1.0 14.0 121.0 10.0 121.0 616.0 167.0 616.0 
2 5 0.6 0.6 512.0 17.0 512.0 14.0 1.0 14.0 121.0 10.0 121.0 616.0 167.0 616.0 859.0 130.0 859.0 
2 6 0.77 0.77 512.0 17.0 512.0 14.0 1.0 14.0 121.0 10.0 121.0 616.0 167.0 616.0 859.0 130.0 859.0 260.0 44.0 260.0 
2 7 0.85 0.85 512.0 17.0 512.0 14.0 1.0 14.0 121.0 10.0 121.0 616.0 167.0 616.0 859.0 130.0 859.0 260.0 44.0 260.0 557.0 43.0 557.0 
2 8 1.39 1.39 512.0 17.0 512.0 14.0 1.0 14.0 121.0 10.0 121.0 616.0 167.0 616.0 859.0 130.0 859.0 260.0 44.0 260.0 557.0 43.0 557.0 446.0 240.0 446.0 
2 9 1.56 1.56 512.0 17.0 512.0 14.0 1.0 14.0 121.0 10.0 121.0 616.0 167.0 616.0 859.0 130.0 859.0 260.0 44.0 260.0 557.0 43.0 557.0 446.0 240.0 446.0 702.0 123.0 702.0 
2 3 1.28 1.28 410.0 60.0 410.0 529.0 392.0 529.0 900.0 362.0 900.0 
2 4 1.33 1.33 410.0 60.0 410.0 529.0 392.0 529.0 900.0 362.0 900.0 459.0 19.0 459.0 
2 5 1.43 1.43 410.0 60.0 410.0 529.0 392.0 529.0 900.0 362.0 900.0 459.0 19.0 459.0 229.0 24.0 229.0 
2 6 1.57 1.57 410.0 60.0 410.0 529.0 392.0 529.0 900.0 362.0 900.0 459.0 19.0 459.0 229.0 24.0 229.0 952.0 132.0 952.0 
2 7 1.65 1.65 410.0 60.0 410.0 529.0 392.0 529.0 900.0 362.0 900.0 459.0 19.0 459.0 229.0 24.0 229.0 952.0 132.0 952.0 26.0 2.0 26.0 
2 8 1.93 1.93 410.0 60.0 410.0 529.0 392.0 529.0 900.0 362.0 900.0 459.0 19.0 459.0 229.0 24.0 229.0 952.0 132.0 952.0 26.0 2.0 26.0 845.0 237.0 845.0 
2 3 1.49 1.49 102.0 63.0 102.0 283.0 185.0 283.0 265.0 60.0 265.0 
2 4 1.53 1.53 102.0 63.0 102.0 283.0 185.0 283.0 265.0 60.0 265.0 26.0 1.0 26.0 
2 5 1.85 1.85 102.0 63.0 102.0 283.0 185.0 283.0 265.0 60.0 265.0 26.0 1.0 26.0 385.0 121.0 385.0 
2 6 1.87 1.87 102.0 63.0 102.0 283.0 185.0 283.0 265.0 60.0 265.0 26.0 1.0 26.0 385.0 121.0 385.0 349.0 9.0 349.0 
2 3 1.97 1.97 498.0 283.0 498.0 272.0 127.0 272.0 78.0 73.0 78.0 
2 3 0.61 0.61 257.0 6.0 257.0 379.0 210.0 379.0 513.0 19.0 513.0 
2 4 0.95 0.95 257.0 6.0 257.0 379.0 210.0 379.0 513.0 19.0 513.0 102.0 35.0 102.0 
2 5 1.83 1.83 257.0 6.0 257.0 379.0 210.0 379.0 513.0 19.0 513.0 102.0 35.0 102.0 323.0 284.0 323.0 
2 3 1.23 1.23 215.0 72.0 215.0 547.0 187.0 547.0 606.0 338.0 606.0 
2 4 1.28 1.28 215.0 72.0 215.0 547.0 187.0 547.0 606.0 338.0 606.0 56.0 3.0 56.0 
2 5 1.98 1.98 215.0 72.0 215.0 547.0 187.0 547.0 606.0 338.0 606.0 56.0 3.0 56.0 862.0 598.0 862.0 
2 3 1.53 1.53 245.0 176.0 245.0 135.0 108.0 135.0 801.0 10.0 801.0 
2 4 1.96 1.96 245.0 176.0 245.0 135.0 108.0 135.0 801.0 10.0 801.0 311.0 134.0 311.0 
2 3 0.69 0.69 329.0 101.0 329.0 545.0 171.0 545.0 492.0 37.0 492.0 
2 4 1.05 1.05 329.0 101.0 329.0 545.0 171.0 545.0 492.0 37.0 492.0 47.0 17.0 47.0 
2 5 1.53 1.53 329.0 101.0 329.0 545.0 171.0 545.0 492.0 37.0 492.0 47.0 17.0 47.0 517.0 245.0 517.0 
2 3 1.43 1.43 794.0 561.0 794.0 67.0 45.0 67.0 719.0 43.0 719.0 
2 4 1.73 1.73 794.0 561.0 794.0 67.0 45.0 67.0 719.0 43.0 719.0 51.0 15.0 51.0 
2 3 1.83 1.83 776.0 187.0 776.0 732.0 506.0 732.0 629.0 567.0 629.0 
2 4 1.99 1.99 776.0 187.0 776.0 732.0 506.0 732.0 629.0 567.0 629.0 613.0 101.0 613.0 
2 3 1.96 1.96 860.0 595.0 860.0 8.0 8.0 8.0 102.0 28.0 102.0 
2 3 1.49 1.49 220.0 147.0 220.0 257.0 85.0 257.0 961.0 476.0 961.0 
2 4 1.64 1.64 220.0 147.0 220.0 257.0 85.0 257.0 961.0 476.0 961.0 752.0 111.0 752.0 
2 3 1.08 1.08 955.0 432.0 955.0 196.0 62.0 196.0 997.0 312.0 997.0 
2 4 1.92 1.92 955.0 432.0 955.0 196.0 62.0 196.0 997.0 312.0 997.0 269.0 226.0 269.0 
2 3 1.5 1.5 154.0 69.0 154.0 995.0 673.0 995.0 172.0 66.0 172.0 
2 4 1.94 1.94 154.0 69.0 154.0 995.0 673.0 995.0 172.0 66.0 172.0 361.0 157.0 361.0 
2 3 0.68 0.68 89.0 34.0 89.0 299.0 10.0 299.0 628.0 172.0 628.0 
2 4 1.27 1.27 89.0 34.0 89.0 299.0 10.0 299.0 628.0 172.0 628.0 127.0 75.0 127.0 
2 5 1.76 1.76 89.0 34.0 89.0 299.0 10.0 299.0 628.0 172.0 628.0 127.0 75.0 127.0 703.0 339.0 703.0 
2 3 0.73 0.73 268.0 55.0 268.0 673.0 167.0 673.0 245.0 69.0 245.0 
2 4 1.08 1.08 268.0 55.0 268.0 673.0 167.0 673.0 245.0 69.0 245.0 873.0 308.0 873.0 
2 5 1.65 1.65 268.0 55.0 268.0 673.0 167.0 673.0 245.0 69.0 245.0 873.0 308.0 873.0 607.0 344.0 607.0 
2 6 1.77 1.77 268.0 55.0 268.0 673.0 167.0 673.0 245.0 69.0 245.0 873.0 308.0 873.0 607.0 344.0 607.0 506.0 59.0 506.0 
2 7 1.95 1.95 268.0 55.0 268.0 673.0 167.0 673.0 245.0 69.0 245.0 873.0 308.0 873.0 607.0 344.0 607.0 506.0 59.0 506.0 572.0 108.0 572.0 
2 3 1.64 1.64 994.0 303.0 994.0 629.0 345.0 629.0 679.0 538.0 679.0 
2 4 1.88 1.88 994.0 303.0 994.0 629.0 345.0 629.0 679.0 538.0 679.0 988.0 233.0 988.0 
2 3 1.88 1.88 155.0 139.0 155.0 180.0 39.0 180.0 351.0 271.0 351.0 
2 3 0.29 0.29 516.0 12.0 516.0 949.0 129.0 949.0 786.0 103.0 786.0 
2 4 0.38 0.38 516.0 12.0 516.0 949.0 129.0 949.0 786.0 103.0 786.0 460.0 43.0 460.0 
2 5 1.24 1.24 516.0 12.0 516.0 949.0 129.0 949.0 786.0 103.0 786.0 460.0 43.0 460.0 969.0 831.0 969.0 
2 6 1.63 1.63 516.0 12.0 516.0 949.0 129.0 949.0 786.0 103.0 786.0 460.0 43.0 460.0 969.0 831.0 969.0 256.0 102.0 256.0 
2 3 1.56 1.56 146.0 131.0 146.0 927.0 381.0 927.0 748.0 194.0 748.0 
2 3 1.44 1.44 699.0 295.0 699.0 306.0 236.0 306.0 204.0 52.0 204.0 
2 4 1.47 1.47 699.0 295.0 699.0 306.0 236.0 306.0 204.0 52.0 204.0 959.0 25.0 959.0 
2 3 0.68 0.68 22.0 1.0 22.0 877.0 538.0 877.0 860.0 26.0 860.0 
2 4 0.84 0.84 22.0 1.0 22.0 877.0 538.0 877.0 860.0 26.0 860.0 967.0 149.0 967.0 
2 5 1.25 1.25 22.0 1.0 22.0 877.0 538.0 877.0 860.0 26.0 860.0 967.0 149.0 967.0 147.0 61.0 147.0 
2 3 0.46 0.46 209.0 35.0 209.0 22.0 5.0 22.0 96.0 7.0 96.0 
2 4 1.26 1.26 209.0 35.0 209.0 22.0 5.0 22.0 96.0 7.0 96.0 5.0 4.0 5.0 
2 3 1.39 1.39 17.0 2.0 17.0 173.0 53.0 173.0 407.0 397.0 407.0 
2 4 1.54 1.54 17.0 2.0 17.0 173.0 53.0 173.0 407.0 397.0 407.0 893.0 130.0 893.0 
2 5 1.64 1.64 17.0 2.0 17.0 173.0 53.0 173.0 407.0 397.0 407.0 893.0 130.0 893.0 51.0 5.0 51.0 
2 6 1.76 1.76 17.0 2.0 17.0 173.0 53.0 173.0 407.0 397.0 407.0 893.0 130.0 893.0 51.0 5.0 51.0 886.0 111.0 886.0 
2 3 1.27 1.27 722.0 242.0 722.0 442.0 73.0 442.0 409.0 318.0 409.0 
2 4 1.36 1.36 722.0 242.0 722.0 442.0 73.0 442.0 409.0 318.0 409.0 621.0 54.0 621.0 
2 3 0.61 0.61 346.0 130.0 346.0 901.0 110.0 901.0 684.0 80.0 684.0 
2 4 0.71 0.71 346.0 130.0 346.0 901.0 110.0 901.0 684.0 80.0 684.0 119.0 12.0 119.0 
2 5 0.97 0.97 346.0 130.0 346.0 901.0 110.0 901.0 684.0 80.0 684.0 119.0 12.0 119.0 838.0 219.0 838.0 
2 6 1.09 1.09 346.0 130.0 346.0 901.0 110.0 901.0 684.0 80.0 684.0 119.0 12.0 119.0 838.0 219.0 838.0 789.0 95.0 789.0 
2 7 1.18 1.18 346.0 130.0 346.0 901.0 110.0 901.0 684.0 80.0 684.0 119.0 12.0 119.0 838.0 219.0 838.0 789.0 95.0 789.0 651.0 56.0 651.0 
2 8 1.35 1.35 346.0 130.0 346.0 901.0 110.0 901.0 684.0 80.0 684.0 119.0 12.0 119.0 838.0 219.0 838.0 789.0 95.0 789.0 651.0 56.0 651.0 187.0 32.0 187.0 
2 9 1.68 1.68 346.0 130.0 346.0 901.0 110.0 901.0 684.0 80.0 684.0 119.0 12.0 119.0 838.0 219.0 838.0 789.0 95.0 789.0 651.0 56.0 651.0 187.0 32.0 187.0 992.0 323.0 992.0 
2 10 1.89 1.89 346.0 130.0 346.0 901.0 110.0 901.0 684.0 80.0 684.0 119.0 12.0 119.0 838.0 219.0 838.0 789.0 95.0 789.0 651.0 56.0 651.0 187.0 32.0 187.0 992.0 323.0 992.0 809.0 176.0 809.0 
2 3 1.76 1.76 811.0 797.0 811.0 848.0 486.0 848.0 357.0 75.0 357.0 
2 3 0.44 0.44 125.0 13.0 125.0 797.0 7.0 797.0 995.0 330.0 995.0 
2 4 0.67 0.67 125.0 13.0 125.0 797.0 7.0 797.0 995.0 330.0 995.0 930.0 211.0 930.0 
2 5 1.31 1.31 125.0 13.0 125.0 797.0 7.0 797.0 995.0 330.0 995.0 930.0 211.0 930.0 500.0 320.0 500.0 
2 6 1.48 1.48 125.0 13.0 125.0 797.0 7.0 797.0 995.0 330.0 995.0 930.0 211.0 930.0 500.0 320.0 500.0 151.0 26.0 151.0 
2 7 1.85 1.85 125.0 13.0 125.0 797.0 7.0 797.0 995.0 330.0 995.0 930.0 211.0 930.0 500.0 320.0 500.0 151.0 26.0 151.0 54.0 20.0 54.0 
2 8 1.99 1.99 125.0 13.0 125.0 797.0 7.0 797.0 995.0 330.0 995.0 930.0 211.0 930.0 500.0 320.0 500.0 151.0 26.0 151.0 54.0 20.0 54.0 48.0 7.0 48.0 
2 3 0.1 0.1 496.0 32.0 496.0 503.0 12.0 503.0 410.0 7.0 410.0 
2 4 0.35 0.35 496.0 32.0 496.0 503.0 12.0 503.0 410.0 7.0 410.0 515.0 126.0 515.0 
2 5 0.84 0.84 496.0 32.0 496.0 503.0 12.0 503.0 410.0 7.0 410.0 515.0 126.0 515.0 915.0 457.0 915.0 
2 6 1.07 1.07 496.0 32.0 496.0 503.0 12.0 503.0 410.0 7.0 410.0 515.0 126.0 515.0 915.0 457.0 915.0 495.0 111.0 495.0 
2 7 1.39 1.39 496.0 32.0 496.0 503.0 12.0 503.0 410.0 7.0 410.0 515.0 126.0 515.0 915.0 457.0 915.0 495.0 111.0 495.0 962.0 308.0 962.0 
2 8 1.82 1.82 496.0 32.0 496.0 503.0 12.0 503.0 410.0 7.0 410.0 515.0 126.0 515.0 915.0 457.0 915.0 495.0 111.0 495.0 962.0 308.0 962.0 35.0 15.0 35.0 
2 3 1.94 1.94 853.0 419.0 853.0 36.0 29.0 36.0 150.0 97.0 150.0 
2 3 1.36 1.36 846.0 235.0 846.0 994.0 908.0 994.0 331.0 57.0 331.0 
2 4 1.59 1.59 846.0 235.0 846.0 994.0 908.0 994.0 331.0 57.0 331.0 61.0 14.0 61.0 
2 5 1.61 1.61 846.0 235.0 846.0 994.0 908.0 994.0 331.0 57.0 331.0 61.0 14.0 61.0 481.0 13.0 481.0 
2 3 1.86 1.86 504.0 463.0 504.0 699.0 56.0 699.0 485.0 422.0 485.0 
2 3 1.44 1.44 520.0 13.0 520.0 500.0 448.0 500.0 597.0 311.0 597.0 
2 4 1.93 1.93 520.0 13.0 520.0 500.0 448.0 500.0 597.0 311.0 597.0 115.0 57.0 115.0 
2 3 0.45 0.45 295.0 6.0 295.0 780.0 68.0 780.0 647.0 227.0 647.0 
2 4 1.07 1.07 295.0 6.0 295.0 780.0 68.0 780.0 647.0 227.0 647.0 620.0 383.0 620.0 
2 5 1.97 1.97 295.0 6.0 295.0 780.0 68.0 780.0 647.0 227.0 647.0 620.0 383.0 620.0 605.0 542.0 605.0 
2 3 1.63 1.63 90.0 55.0 90.0 963.0 388.0 963.0 973.0 605.0 973.0 
2 3 1.52 1.52 463.0 406.0 463.0 110.0 51.0 110.0 433.0 79.0 433.0 
2 4 1.6 1.6 463.0 406.0 463.0 110.0 51.0 110.0 433.0 79.0 433.0 616.0 50.0 616.0 
2 3 0.91 0.91 16.0 7.0 16.0 119.0 26.0 119.0 565.0 149.0 565.0 
2 4 1.1 1.1 16.0 7.0 16.0 119.0 26.0 119.0 565.0 149.0 565.0 715.0 131.0 715.0 
2 5 1.27 1.27 16.0 7.0 16.0 119.0 26.0 119.0 565.0 149.0 565.0 715.0 131.0 715.0 705.0 121.0 705.0 
2 3 0.55 0.55 616.0 159.0 616.0 632.0 49.0 632.0 167.0 36.0 167.0 
2 4 1.12 1.12 616.0 159.0 616.0 632.0 49.0 632.0 167.0 36.0 167.0 491.0 280.0 491.0 
2 5 1.67 1.67 616.0 159.0 616.0 632.0 49.0 632.0 167.0 36.0 167.0 491.0 280.0 491.0 130.0 72.0 130.0 
2 3 1.1 1.1 845.0 724.0 845.0 66.0 3.0 66.0 390.0 81.0 390.0 
2 4 1.52 1.52 845.0 724.0 845.0 66.0 3.0 66.0 390.0 81.0 390.0 398.0 167.0 398.0 
2 5 1.98 1.98 845.0 724.0 845.0 66.0 3.0 66.0 390.0 81.0 390.0 398.0 167.0 398.0 909.0 417.0 909.0 
2 3 1.56 1.56 17.0 7.0 17.0 944.0 287.0 944.0 52.0 44.0 52.0 
2 4 1.76 1.76 17.0 7.0 17.0 944.0 287.0 944.0 52.0 44.0 52.0 204.0 41.0 204.0 
2 5 1.87 1.87 17.0 7.0 17.0 944.0 287.0 944.0 52.0 44.0 52.0 204.0 41.0 204.0 516.0 56.0 516.0 
2 3 0.92 0.92 702.0 30.0 702.0 677.0 149.0 677.0 124.0 82.0 124.0 
2 4 1.38 1.38 702.0 30.0 702.0 677.0 149.0 677.0 124.0 82.0 124.0 360.0 165.0 360.0 
2 5 1.52 1.52 702.0 30.0 702.0 677.0 149.0 677.0 124.0 82.0 124.0 360.0 165.0 360.0 610.0 87.0 610.0 
2 6 1.93 1.93 702.0 30.0 702.0 677.0 149.0 677.0 124.0 82.0 124.0 360.0 165.0 360.0 610.0 87.0 610.0 775.0 319.0 775.0 
2 3 1.21 1.21 201.0 54.0 201.0 22.0 7.0 22.0 935.0 590.0 935.0 
2 4 1.25 1.25 201.0 54.0 201.0 22.0 7.0 22.0 935.0 590.0 935.0 98.0 4.0 98.0 
2 5 1.46 1.46 201.0 54.0 201.0 22.0 7.0 22.0 935.0 590.0 935.0 98.0 4.0 98.0 767.0 157.0 767.0 
2 6 1.5 1.5 201.0 54.0 201.0 22.0 7.0 22.0 935.0 590.0 935.0 98.0 4.0 98.0 767.0 157.0 767.0 964.0 37.0 964.0 
2 7 1.63 1.63 201.0 54.0 201.0 22.0 7.0 22.0 935.0 590.0 935.0 98.0 4.0 98.0 767.0 157.0 767.0 964.0 37.0 964.0 683.0 92.0 683.0 
2 3 0.92 0.92 511.0 111.0 511.0 840.0 248.0 840.0 242.0 101.0 242.0 
2 4 1.58 1.58 511.0 111.0 511.0 840.0 248.0 840.0 242.0 101.0 242.0 766.0 502.0 766.0 
2 5 1.62 1.62 511.0 111.0 511.0 840.0 248.0 840.0 242.0 101.0 242.0 766.0 502.0 766.0 498.0 21.0 498.0 
2 6 1.91 1.91 511.0 111.0 511.0 840.0 248.0 840.0 242.0 101.0 242.0 766.0 502.0 766.0 498.0 21.0 498.0 983.0 279.0 983.0 
2 3 1.58 1.58 303.0 38.0 303.0 102.0 102.0 102.0 520.0 238.0 520.0 
2 3 1.49 1.49 755.0 66.0 755.0 148.0 61.0 148.0 216.0 216.0 216.0 
2 4 1.66 1.66 755.0 66.0 755.0 148.0 61.0 148.0 216.0 216.0 216.0 203.0 33.0 203.0 
2 3 1.39 1.39 413.0 119.0 413.0 560.0 537.0 560.0 517.0 76.0 517.0 
2 3 1.94 1.94 712.0 516.0 712.0 97.0 50.0 97.0 20.0 14.0 20.0 
2 4 1.97 1.97 712.0 516.0 712.0 97.0 50.0 97.0 20.0 14.0 20.0 626.0 24.0 626.0 
2 3 0.82 0.82 681.0 144.0 681.0 636.0 336.0 636.0 646.0 57.0 646.0 
2 4 1.17 1.17 681.0 144.0 681.0 636.0 336.0 636.0 646.0 57.0 646.0 473.0 166.0 473.0 
2 5 1.31 1.31 681.0 144.0 681.0 636.0 336.0 636.0 646.0 57.0 646.0 473.0 166.0 473.0 586.0 81.0 586.0 
2 6 1.58 1.58 681.0 144.0 681.0 636.0 336.0 636.0 646.0 57.0 646.0 473.0 166.0 473.0 586.0 81.0 586.0 759.0 200.0 759.0 
2 3 1.02 1.02 427.0 23.0 427.0 497.0 78.0 497.0 475.0 386.0 475.0 
2 4 1.19 1.19 427.0 23.0 427.0 497.0 78.0 497.0 475.0 386.0 475.0 97.0 17.0 97.0 
2 5 1.83 1.83 427.0 23.0 427.0 497.0 78.0 497.0 475.0 386.0 475.0 97.0 17.0 97.0 289.0 185.0 289.0 
2 6 1.9 1.9 427.0 23.0 427.0 497.0 78.0 497.0 475.0 386.0 475.0 97.0 17.0 97.0 289.0 185.0 289.0 744.0 47.0 744.0 
2 3 0.46 0.46 755.0 97.0 755.0 300.0 10.0 300.0 941.0 289.0 941.0 
2 4 1.46 1.46 755.0 97.0 755.0 300.0 10.0 300.0 941.0 289.0 941.0 972.0 965.0 972.0 
2 5 1.86 1.86 755.0 97.0 755.0 300.0 10.0 300.0 941.0 289.0 941.0 972.0 965.0 972.0 463.0 185.0 463.0 
2 3 0.78 0.78 246.0 57.0 246.0 693.0 340.0 693.0 884.0 53.0 884.0 
2 4 1.28 1.28 246.0 57.0 246.0 693.0 340.0 693.0 884.0 53.0 884.0 314.0 158.0 314.0 
2 5 1.66 1.66 246.0 57.0 246.0 693.0 340.0 693.0 884.0 53.0 884.0 314.0 158.0 314.0 944.0 359.0 944.0 
2 6 1.96 1.96 246.0 57.0 246.0 693.0 340.0 693.0 884.0 53.0 884.0 314.0 158.0 314.0 944.0 359.0 944.0 168.0 51.0 168.0 
2 3 1.76 1.76 661.0 550.0 661.0 135.0 103.0 135.0 278.0 47.0 278.0 
2 4 1.85 1.85 661.0 550.0 661.0 135.0 103.0 135.0 278.0 47.0 278.0 835.0 79.0 835.0 
2 3 0.88 0.88 874.0 198.0 874.0 31.0 9.0 31.0 535.0 199.0 535.0 
2 4 1.02 1.02 874.0 198.0 874.0 31.0 9.0 31.0 535.0 199.0 535.0 811.0 108.0 811.0 
2 5 1.89 1.89 874.0 198.0 874.0 31.0 9.0 31.0 535.0 199.0 535.0 811.0 108.0 811.0 596.0 518.0 596.0 
2 3 0.99 0.99 276.0 8.0 276.0 203.0 142.0 203.0 734.0 195.0 734.0 
2 4 1.11 1.11 276.0 8.0 276.0 203.0 142.0 203.0 734.0 195.0 734.0 525.0 64.0 525.0 
2 5 1.47 1.47 276.0 8.0 276.0 203.0 142.0 203.0 734.0 195.0 734.0 525.0 64.0 525.0 982.0 349.0 982.0 
2 6 1.89 1.89 276.0 8.0 276.0 203.0 142.0 203.0 734.0 195.0 734.0 525.0 64.0 525.0 982.0 349.0 982.0 54.0 23.0 54.0 
2 3 0.67 0.67 731.0 169.0 731.0 187.0 45.0 187.0 95.0 19.0 95.0 
2 4 1.32 1.32 731.0 169.0 731.0 187.0 45.0 187.0 95.0 19.0 95.0 934.0 614.0 934.0 
2 3 0.77 0.77 112.0 5.0 112.0 112.0 62.0 112.0 909.0 162.0 909.0 
2 4 1.0 1.0 112.0 5.0 112.0 112.0 62.0 112.0 909.0 162.0 909.0 523.0 122.0 523.0 
2 5 1.59 1.59 112.0 5.0 112.0 112.0 62.0 112.0 909.0 162.0 909.0 523.0 122.0 523.0 317.0 187.0 317.0 
2 6 1.89 1.89 112.0 5.0 112.0 112.0 62.0 112.0 909.0 162.0 909.0 523.0 122.0 523.0 317.0 187.0 317.0 515.0 150.0 515.0 
2 3 1.54 1.54 158.0 28.0 158.0 213.0 86.0 213.0 254.0 245.0 254.0 
2 3 1.69 1.69 497.0 47.0 497.0 439.0 326.0 439.0 207.0 177.0 207.0 
2 3 0.74 0.74 659.0 272.0 659.0 542.0 10.0 542.0 249.0 79.0 249.0 
2 4 1.04 1.04 659.0 272.0 659.0 542.0 10.0 542.0 249.0 79.0 249.0 676.0 200.0 676.0 
2 5 1.09 1.09 659.0 272.0 659.0 542.0 10.0 542.0 249.0 79.0 249.0 676.0 200.0 676.0 91.0 5.0 91.0 
2 6 1.96 1.96 659.0 272.0 659.0 542.0 10.0 542.0 249.0 79.0 249.0 676.0 200.0 676.0 91.0 5.0 91.0 641.0 553.0 641.0 
2 3 1.96 1.96 684.0 315.0 684.0 634.0 618.0 634.0 293.0 156.0 293.0 
2 3 1.2 1.2 926.0 430.0 926.0 461.0 49.0 461.0 860.0 544.0 860.0 
2 4 1.76 1.76 926.0 430.0 926.0 461.0 49.0 461.0 860.0 544.0 860.0 1000.0 558.0 1000.0 
2 5 1.77 1.77 926.0 430.0 926.0 461.0 49.0 461.0 860.0 544.0 860.0 1000.0 558.0 1000.0 223.0 2.0 223.0 
2 3 1.23 1.23 638.0 225.0 638.0 28.0 22.0 28.0 829.0 80.0 829.0 
2 4 1.39 1.39 638.0 225.0 638.0 28.0 22.0 28.0 829.0 80.0 829.0 472.0 74.0 472.0 
2 5 1.75 1.75 638.0 225.0 638.0 28.0 22.0 28.0 829.0 80.0 829.0 472.0 74.0 472.0 562.0 207.0 562.0 
2 6 1.91 1.91 638.0 225.0 638.0 28.0 22.0 28.0 829.0 80.0 829.0 472.0 74.0 472.0 562.0 207.0 562.0 959.0 152.0 959.0 
2 3 0.71 0.71 658.0 430.0 658.0 485.0 23.0 485.0 130.0 2.0 130.0 
2 4 1.61 1.61 658.0 430.0 658.0 485.0 23.0 485.0 130.0 2.0 130.0 970.0 874.0 970.0 
2 5 1.74 1.74 658.0 430.0 658.0 485.0 23.0 485.0 130.0 2.0 130.0 970.0 874.0 970.0 671.0 87.0 671.0 
2 3 1.64 1.64 420.0 8.0 420.0 578.0 459.0 578.0 514.0 425.0 514.0 
2 3 1.42 1.42 492.0 73.0 492.0 484.0 140.0 484.0 917.0 909.0 917.0 
2 3 1.34 1.34 185.0 53.0 185.0 46.0 44.0 46.0 439.0 46.0 439.0 
2 3 1.3 1.3 720.0 314.0 720.0 529.0 310.0 529.0 816.0 228.0 816.0 
2 4 1.4 1.4 720.0 314.0 720.0 529.0 310.0 529.0 816.0 228.0 816.0 836.0 88.0 836.0 
2 5 1.59 1.59 720.0 314.0 720.0 529.0 310.0 529.0 816.0 228.0 816.0 836.0 88.0 836.0 229.0 43.0 229.0 
2 6 1.6 1.6 720.0 314.0 720.0 529.0 310.0 529.0 816.0 228.0 816.0 836.0 88.0 836.0 229.0 43.0 229.0 208.0 2.0 208.0 
2 3 0.81 0.81 871.0 348.0 871.0 979.0 60.0 979.0 885.0 315.0 885.0 
2 4 1.17 1.17 871.0 348.0 871.0 979.0 60.0 979.0 885.0 315.0 885.0 291.0 104.0 291.0 
2 5 1.47 1.47 871.0 348.0 871.0 979.0 60.0 979.0 885.0 315.0 885.0 291.0 104.0 291.0 175.0 53.0 175.0 
2 6 1.8 1.8 871.0 348.0 871.0 979.0 60.0 979.0 885.0 315.0 885.0 291.0 104.0 291.0 175.0 53.0 175.0 977.0 323.0 977.0 
2 3 0.31 0.31 188.0 18.0 188.0 664.0 118.0 664.0 505.0 22.0 505.0 
2 4 1.07 1.07 188.0 18.0 188.0 664.0 118.0 664.0 505.0 22.0 505.0 508.0 386.0 508.0 
2 5 1.59 1.59 188.0 18.0 188.0 664.0 118.0 664.0 505.0 22.0 505.0 508.0 386.0 508.0 553.0 287.0 553.0 
2 6 1.77 1.77 188.0 18.0 188.0 664.0 118.0 664.0 505.0 22.0 505.0 508.0 386.0 508.0 553.0 287.0 553.0 57.0 10.0 57.0 
2 7 1.86 1.86 188.0 18.0 188.0 664.0 118.0 664.0 505.0 22.0 505.0 508.0 386.0 508.0 553.0 287.0 553.0 57.0 10.0 57.0 21.0 2.0 21.0 
2 3 0.96 0.96 478.0 197.0 478.0 578.0 96.0 578.0 896.0 347.0 896.0 
2 4 1.04 1.04 478.0 197.0 478.0 578.0 96.0 578.0 896.0 347.0 896.0 844.0 69.0 844.0 
2 5 1.36 1.36 478.0 197.0 478.0 578.0 96.0 578.0 896.0 347.0 896.0 844.0 69.0 844.0 970.0 308.0 970.0 
2 3 0.73 0.73 784.0 339.0 784.0 966.0 30.0 966.0 650.0 178.0 650.0 
2 4 0.88 0.88 784.0 339.0 784.0 966.0 30.0 966.0 650.0 178.0 650.0 7.0 1.0 7.0 
2 5 1.07 1.07 784.0 339.0 784.0 966.0 30.0 966.0 650.0 178.0 650.0 7.0 1.0 7.0 831.0 164.0 831.0 
2 6 1.51 1.51 784.0 339.0 784.0 966.0 30.0 966.0 650.0 178.0 650.0 7.0 1.0 7.0 831.0 164.0 831.0 215.0 94.0 215.0 
2 7 1.61 1.61 784.0 339.0 784.0 966.0 30.0 966.0 650.0 178.0 650.0 7.0 1.0 7.0 831.0 164.0 831.0 215.0 94.0 215.0 619.0 60.0 619.0 
2 8 1.96 1.96 784.0 339.0 784.0 966.0 30.0 966.0 650.0 178.0 650.0 7.0 1.0 7.0 831.0 164.0 831.0 215.0 94.0 215.0 619.0 60.0 619.0 435.0 153.0 435.0 
2 3 0.58 0.58 368.0 76.0 368.0 294.0 96.0 294.0 602.0 33.0 602.0 
2 4 1.49 1.49 368.0 76.0 368.0 294.0 96.0 294.0 602.0 33.0 602.0 288.0 260.0 288.0 
2 5 1.75 1.75 368.0 76.0 368.0 294.0 96.0 294.0 602.0 33.0 602.0 288.0 260.0 288.0 737.0 192.0 737.0 
2 3 0.42 0.42 796.0 75.0 796.0 969.0 184.0 969.0 952.0 133.0 952.0 
2 4 0.61 0.61 796.0 75.0 796.0 969.0 184.0 969.0 952.0 133.0 952.0 909.0 177.0 909.0 
2 5 0.75 0.75 796.0 75.0 796.0 969.0 184.0 969.0 952.0 133.0 952.0 909.0 177.0 909.0 173.0 24.0 173.0 
2 6 0.86 0.86 796.0 75.0 796.0 969.0 184.0 969.0 952.0 133.0 952.0 909.0 177.0 909.0 173.0 24.0 173.0 692.0 76.0 692.0 
2 7 0.91 0.91 796.0 75.0 796.0 969.0 184.0 969.0 952.0 133.0 952.0 909.0 177.0 909.0 173.0 24.0 173.0 692.0 76.0 692.0 882.0 43.0 882.0 
2 8 1.69 1.69 796.0 75.0 796.0 969.0 184.0 969.0 952.0 133.0 952.0 909.0 177.0 909.0 173.0 24.0 173.0 692.0 76.0 692.0 882.0 43.0 882.0 669.0 520.0 669.0 
2 3 1.44 1.44 801.0 463.0 801.0 976.0 40.0 976.0 325.0 269.0 325.0 
2 4 1.99 1.99 801.0 463.0 801.0 976.0 40.0 976.0 325.0 269.0 325.0 945.0 517.0 945.0 
2 3 0.5 0.5 777.0 162.0 777.0 465.0 81.0 465.0 49.0 6.0 49.0 
2 4 1.03 1.03 777.0 162.0 777.0 465.0 81.0 465.0 49.0 6.0 49.0 19.0 10.0 19.0 
2 5 1.37 1.37 777.0 162.0 777.0 465.0 81.0 465.0 49.0 6.0 49.0 19.0 10.0 19.0 185.0 63.0 185.0 
2 6 1.7 1.7 777.0 162.0 777.0 465.0 81.0 465.0 49.0 6.0 49.0 19.0 10.0 19.0 185.0 63.0 185.0 651.0 214.0 651.0 
2 3 0.74 0.74 959.0 514.0 959.0 808.0 25.0 808.0 332.0 59.0 332.0 
2 4 1.04 1.04 959.0 514.0 959.0 808.0 25.0 808.0 332.0 59.0 332.0 209.0 62.0 209.0 
2 5 1.78 1.78 959.0 514.0 959.0 808.0 25.0 808.0 332.0 59.0 332.0 209.0 62.0 209.0 693.0 513.0 693.0 
2 3 0.69 0.69 720.0 85.0 720.0 133.0 67.0 133.0 252.0 19.0 252.0 
2 4 1.68 1.68 720.0 85.0 720.0 133.0 67.0 133.0 252.0 19.0 252.0 722.0 713.0 722.0 
2 5 1.94 1.94 720.0 85.0 720.0 133.0 67.0 133.0 252.0 19.0 252.0 722.0 713.0 722.0 110.0 29.0 110.0 
2 6 1.96 1.96 720.0 85.0 720.0 133.0 67.0 133.0 252.0 19.0 252.0 722.0 713.0 722.0 110.0 29.0 110.0 948.0 14.0 948.0 
2 3 1.79 1.79 23.0 3.0 23.0 972.0 806.0 972.0 196.0 163.0 196.0 
2 3 0.78 0.78 5.0 3.0 5.0 366.0 11.0 366.0 689.0 106.0 689.0 
2 4 0.87 0.87 5.0 3.0 5.0 366.0 11.0 366.0 689.0 106.0 689.0 220.0 20.0 220.0 
2 5 0.95 0.95 5.0 3.0 5.0 366.0 11.0 366.0 689.0 106.0 689.0 220.0 20.0 220.0 565.0 43.0 565.0 
2 6 1.49 1.49 5.0 3.0 5.0 366.0 11.0 366.0 689.0 106.0 689.0 220.0 20.0 220.0 565.0 43.0 565.0 980.0 538.0 980.0 
2 7 1.6 1.6 5.0 3.0 5.0 366.0 11.0 366.0 689.0 106.0 689.0 220.0 20.0 220.0 565.0 43.0 565.0 980.0 538.0 980.0 591.0 62.0 591.0 
2 3 0.52 0.52 620.0 86.0 620.0 892.0 139.0 892.0 644.0 148.0 644.0 
2 4 0.67 0.67 620.0 86.0 620.0 892.0 139.0 892.0 644.0 148.0 644.0 192.0 29.0 192.0 
2 5 0.86 0.86 620.0 86.0 620.0 892.0 139.0 892.0 644.0 148.0 644.0 192.0 29.0 192.0 651.0 126.0 651.0 
2 6 1.83 1.83 620.0 86.0 620.0 892.0 139.0 892.0 644.0 148.0 644.0 192.0 29.0 192.0 651.0 126.0 651.0 960.0 930.0 960.0 
2 3 1.49 1.49 19.0 2.0 19.0 273.0 232.0 273.0 740.0 402.0 740.0 
2 4 1.88 1.88 19.0 2.0 19.0 273.0 232.0 273.0 740.0 402.0 740.0 801.0 310.0 801.0 
2 3 1.04 1.04 617.0 488.0 617.0 444.0 1.0 444.0 562.0 142.0 562.0 
2 4 1.94 1.94 617.0 488.0 617.0 444.0 1.0 444.0 562.0 142.0 562.0 316.0 283.0 316.0 
2 3 1.65 1.65 667.0 70.0 667.0 904.0 824.0 904.0 212.0 136.0 212.0 
2 4 1.79 1.79 667.0 70.0 667.0 904.0 824.0 904.0 212.0 136.0 212.0 652.0 89.0 652.0 
2 3 0.94 0.94 849.0 203.0 849.0 862.0 75.0 862.0 423.0 260.0 423.0 
2 4 1.64 1.64 849.0 203.0 849.0 862.0 75.0 862.0 423.0 260.0 423.0 212.0 150.0 212.0 
2 3 1.06 1.06 669.0 345.0 669.0 378.0 126.0 378.0 375.0 82.0 375.0 
2 4 1.12 1.12 669.0 345.0 669.0 378.0 126.0 378.0 375.0 82.0 375.0 456.0 24.0 456.0 
2 5 1.38 1.38 669.0 345.0 669.0 378.0 126.0 378.0 375.0 82.0 375.0 456.0 24.0 456.0 359.0 94.0 359.0 
2 6 1.73 1.73 669.0 345.0 669.0 378.0 126.0 378.0 375.0 82.0 375.0 456.0 24.0 456.0 359.0 94.0 359.0 520.0 182.0 520.0 
2 3 0.75 0.75 422.0 24.0 422.0 472.0 269.0 472.0 129.0 17.0 129.0 
2 4 0.84 0.84 422.0 24.0 422.0 472.0 269.0 472.0 129.0 17.0 129.0 129.0 11.0 129.0 
2 5 1.34 1.34 422.0 24.0 422.0 472.0 269.0 472.0 129.0 17.0 129.0 129.0 11.0 129.0 803.0 406.0 803.0 
2 6 1.63 1.63 422.0 24.0 422.0 472.0 269.0 472.0 129.0 17.0 129.0 129.0 11.0 129.0 803.0 406.0 803.0 14.0 4.0 14.0 
2 7 1.86 1.86 422.0 24.0 422.0 472.0 269.0 472.0 129.0 17.0 129.0 129.0 11.0 129.0 803.0 406.0 803.0 14.0 4.0 14.0 893.0 208.0 893.0 
2 3 1.53 1.53 277.0 230.0 277.0 908.0 31.0 908.0 244.0 164.0 244.0 
2 4 1.6 1.6 277.0 230.0 277.0 908.0 31.0 908.0 244.0 164.0 244.0 887.0 59.0 887.0 
2 3 0.64 0.64 225.0 40.0 225.0 965.0 385.0 965.0 547.0 40.0 547.0 
2 4 1.21 1.21 225.0 40.0 225.0 965.0 385.0 965.0 547.0 40.0 547.0 544.0 305.0 544.0 
2 3 1.2 1.2 407.0 107.0 407.0 295.0 153.0 295.0 225.0 96.0 225.0 
2 4 1.3 1.3 407.0 107.0 407.0 295.0 153.0 295.0 225.0 96.0 225.0 335.0 34.0 335.0 
2 5 1.36 1.36 407.0 107.0 407.0 295.0 153.0 295.0 225.0 96.0 225.0 335.0 34.0 335.0 760.0 45.0 760.0 
2 6 1.67 1.67 407.0 107.0 407.0 295.0 153.0 295.0 225.0 96.0 225.0 335.0 34.0 335.0 760.0 45.0 760.0 416.0 127.0 416.0 
2 7 1.96 1.96 407.0 107.0 407.0 295.0 153.0 295.0 225.0 96.0 225.0 335.0 34.0 335.0 760.0 45.0 760.0 416.0 127.0 416.0 718.0 207.0 718.0 
2 3 1.67 1.67 291.0 136.0 291.0 158.0 46.0 158.0 743.0 683.0 743.0 
2 4 1.82 1.82 291.0 136.0 291.0 158.0 46.0 158.0 743.0 683.0 743.0 527.0 80.0 527.0 
2 3 0.67 0.67 351.0 122.0 351.0 19.0 5.0 19.0 230.0 14.0 230.0 
2 4 1.58 1.58 351.0 122.0 351.0 19.0 5.0 19.0 230.0 14.0 230.0 888.0 811.0 888.0 
2 5 1.78 1.78 351.0 122.0 351.0 19.0 5.0 19.0 230.0 14.0 230.0 888.0 811.0 888.0 937.0 183.0 937.0 
2 3 0.84 0.84 985.0 87.0 985.0 953.0 624.0 953.0 518.0 53.0 518.0 
2 4 1.1 1.1 985.0 87.0 985.0 953.0 624.0 953.0 518.0 53.0 518.0 35.0 9.0 35.0 
2 5 1.32 1.32 985.0 87.0 985.0 953.0 624.0 953.0 518.0 53.0 518.0 35.0 9.0 35.0 829.0 188.0 829.0 
2 3 1.85 1.85 585.0 488.0 585.0 952.0 394.0 952.0 300.0 182.0 300.0 
2 3 1.18 1.18 50.0 22.0 50.0 545.0 137.0 545.0 690.0 342.0 690.0 
2 4 1.22 1.22 50.0 22.0 50.0 545.0 137.0 545.0 690.0 342.0 690.0 201.0 7.0 201.0 
2 5 1.78 1.78 50.0 22.0 50.0 545.0 137.0 545.0 690.0 342.0 690.0 201.0 7.0 201.0 286.0 160.0 286.0 
2 6 1.83 1.83 50.0 22.0 50.0 545.0 137.0 545.0 690.0 342.0 690.0 201.0 7.0 201.0 286.0 160.0 286.0 37.0 2.0 37.0 
2 3 0.33 0.33 454.0 90.0 454.0 436.0 14.0 436.0 933.0 95.0 933.0 
2 4 0.64 0.64 454.0 90.0 454.0 436.0 14.0 436.0 933.0 95.0 933.0 167.0 52.0 167.0 
2 5 1.04 1.04 454.0 90.0 454.0 436.0 14.0 436.0 933.0 95.0 933.0 167.0 52.0 167.0 824.0 330.0 824.0 
2 6 1.85 1.85 454.0 90.0 454.0 436.0 14.0 436.0 933.0 95.0 933.0 167.0 52.0 167.0 824.0 330.0 824.0 75.0 61.0 75.0 
2 3 1.01 1.01 221.0 74.0 221.0 589.0 144.0 589.0 789.0 347.0 789.0 
2 4 1.39 1.39 221.0 74.0 221.0 589.0 144.0 589.0 789.0 347.0 789.0 965.0 362.0 965.0 
2 5 1.58 1.58 221.0 74.0 221.0 589.0 144.0 589.0 789.0 347.0 789.0 965.0 362.0 965.0 251.0 48.0 251.0 
2 3 1.5 1.5 916.0 405.0 916.0 46.0 6.0 46.0 681.0 632.0 681.0 
2 4 1.87 1.87 916.0 405.0 916.0 46.0 6.0 46.0 681.0 632.0 681.0 173.0 65.0 173.0 
2 3 0.29 0.29 608.0 90.0 608.0 828.0 92.0 828.0 266.0 9.0 266.0 
2 4 1.21 1.21 608.0 90.0 608.0 828.0 92.0 828.0 266.0 9.0 266.0 241.0 222.0 241.0 
2 5 1.49 1.49 608.0 90.0 608.0 828.0 92.0 828.0 266.0 9.0 266.0 241.0 222.0 241.0 503.0 141.0 503.0 
2 3 0.92 0.92 229.0 68.0 229.0 542.0 313.0 542.0 383.0 19.0 383.0 
2 4 1.49 1.49 229.0 68.0 229.0 542.0 313.0 542.0 383.0 19.0 383.0 339.0 193.0 339.0 
2 5 1.75 1.75 229.0 68.0 229.0 542.0 313.0 542.0 383.0 19.0 383.0 339.0 193.0 339.0 610.0 162.0 610.0 
2 3 1.99 1.99 229.0 176.0 229.0 123.0 80.0 123.0 713.0 409.0 713.0 
2 3 1.54 1.54 248.0 115.0 248.0 564.0 326.0 564.0 730.0 369.0 730.0 
2 4 1.71 1.71 248.0 115.0 248.0 564.0 326.0 564.0 730.0 369.0 730.0 953.0 162.0 953.0 
2 5 1.89 1.89 248.0 115.0 248.0 564.0 326.0 564.0 730.0 369.0 730.0 953.0 162.0 953.0 633.0 114.0 633.0 
2 3 1.16 1.16 563.0 306.0 563.0 198.0 113.0 198.0 809.0 45.0 809.0 
2 4 1.75 1.75 563.0 306.0 563.0 198.0 113.0 198.0 809.0 45.0 809.0 156.0 91.0 156.0 
2 3 1.21 1.21 65.0 15.0 65.0 315.0 136.0 315.0 701.0 384.0 701.0 
2 4 1.91 1.91 65.0 15.0 65.0 315.0 136.0 315.0 701.0 384.0 701.0 968.0 686.0 968.0 
2 3 0.79 0.79 405.0 117.0 405.0 374.0 2.0 374.0 563.0 284.0 563.0 
2 4 1.75 1.75 405.0 117.0 405.0 374.0 2.0 374.0 563.0 284.0 563.0 270.0 258.0 270.0 
2 3 1.75 1.75 562.0 485.0 562.0 103.0 22.0 103.0 507.0 345.0 507.0 
2 4 1.99 1.99 562.0 485.0 562.0 103.0 22.0 103.0 507.0 345.0 507.0 960.0 227.0 960.0 
2 3 1.47 1.47 909.0 591.0 909.0 640.0 462.0 640.0 263.0 26.0 263.0 
2 3 1.01 1.01 920.0 41.0 920.0 849.0 460.0 849.0 47.0 20.0 47.0 
2 4 1.76 1.76 920.0 41.0 920.0 849.0 460.0 849.0 47.0 20.0 47.0 884.0 669.0 884.0 
2 3 0.91 0.91 917.0 154.0 917.0 757.0 262.0 757.0 1000.0 398.0 1000.0 
2 4 1.56 1.56 917.0 154.0 917.0 757.0 262.0 757.0 1000.0 398.0 1000.0 681.0 442.0 681.0 
2 3 1.22 1.22 821.0 180.0 821.0 211.0 131.0 211.0 994.0 387.0 994.0 
2 3 1.31 1.31 413.0 349.0 413.0 677.0 16.0 677.0 983.0 442.0 983.0 
2 4 1.48 1.48 413.0 349.0 413.0 677.0 16.0 677.0 983.0 442.0 983.0 833.0 142.0 833.0 
2 3 1.2 1.2 21.0 8.0 21.0 817.0 414.0 817.0 931.0 294.0 931.0 
2 4 1.26 1.26 21.0 8.0 21.0 817.0 414.0 817.0 931.0 294.0 931.0 466.0 31.0 466.0 
2 3 0.67 0.67 292.0 16.0 292.0 782.0 376.0 782.0 345.0 49.0 345.0 
2 4 1.18 1.18 292.0 16.0 292.0 782.0 376.0 782.0 345.0 49.0 345.0 648.0 329.0 648.0 
2 5 1.99 1.99 292.0 16.0 292.0 782.0 376.0 782.0 345.0 49.0 345.0 648.0 329.0 648.0 529.0 429.0 529.0 
2 3 1.33 1.33 754.0 196.0 754.0 630.0 335.0 630.0 646.0 349.0 646.0 
2 4 1.53 1.53 754.0 196.0 754.0 630.0 335.0 630.0 646.0 349.0 646.0 323.0 65.0 323.0 
2 5 1.97 1.97 754.0 196.0 754.0 630.0 335.0 630.0 646.0 349.0 646.0 323.0 65.0 323.0 184.0 82.0 184.0 
2 3 1.03 1.03 715.0 463.0 715.0 457.0 16.0 457.0 739.0 260.0 739.0 
2 4 1.71 1.71 715.0 463.0 715.0 457.0 16.0 457.0 739.0 260.0 739.0 202.0 138.0 202.0 
2 3 1.84 1.84 9.0 8.0 9.0 588.0 506.0 588.0 756.0 72.0 756.0 
2 3 1.6 1.6 726.0 382.0 726.0 200.0 103.0 200.0 112.0 63.0 112.0 
2 3 1.57 1.57 413.0 51.0 413.0 293.0 264.0 293.0 414.0 229.0 414.0 
2 4 1.61 1.61 413.0 51.0 413.0 293.0 264.0 293.0 414.0 229.0 414.0 924.0 38.0 924.0 
2 3 0.81 0.81 391.0 52.0 391.0 686.0 387.0 686.0 318.0 39.0 318.0 
2 4 1.01 1.01 391.0 52.0 391.0 686.0 387.0 686.0 318.0 39.0 318.0 901.0 175.0 901.0 
2 5 1.41 1.41 391.0 52.0 391.0 686.0 387.0 686.0 318.0 39.0 318.0 901.0 175.0 901.0 251.0 101.0 251.0 
2 3 0.72 0.72 741.0 443.0 741.0 388.0 30.0 388.0 709.0 38.0 709.0 
2 4 1.15 1.15 741.0 443.0 741.0 388.0 30.0 388.0 709.0 38.0 709.0 7.0 3.0 7.0 
2 5 1.4 1.4 741.0 443.0 741.0 388.0 30.0 388.0 709.0 38.0 709.0 7.0 3.0 7.0 723.0 178.0 723.0 
2 6 1.8 1.8 741.0 443.0 741.0 388.0 30.0 388.0 709.0 38.0 709.0 7.0 3.0 7.0 723.0 178.0 723.0 582.0 236.0 582.0 
2 7 1.96 1.96 741.0 443.0 741.0 388.0 30.0 388.0 709.0 38.0 709.0 7.0 3.0 7.0 723.0 178.0 723.0 582.0 236.0 582.0 701.0 107.0 701.0 
2 3 0.52 0.52 974.0 242.0 974.0 583.0 112.0 583.0 958.0 77.0 958.0 
2 4 1.24 1.24 974.0 242.0 974.0 583.0 112.0 583.0 958.0 77.0 958.0 726.0 523.0 726.0 
2 5 1.27 1.27 974.0 242.0 974.0 583.0 112.0 583.0 958.0 77.0 958.0 726.0 523.0 726.0 645.0 20.0 645.0 
2 6 1.67 1.67 974.0 242.0 974.0 583.0 112.0 583.0 958.0 77.0 958.0 726.0 523.0 726.0 645.0 20.0 645.0 663.0 270.0 663.0 
2 7 1.86 1.86 974.0 242.0 974.0 583.0 112.0 583.0 958.0 77.0 958.0 726.0 523.0 726.0 645.0 20.0 645.0 663.0 270.0 663.0 894.0 167.0 894.0 
2 3 0.98 0.98 62.0 41.0 62.0 67.0 1.0 67.0 882.0 269.0 882.0 
2 4 1.06 1.06 62.0 41.0 62.0 67.0 1.0 67.0 882.0 269.0 882.0 814.0 71.0 814.0 
2 5 1.58 1.58 62.0 41.0 62.0 67.0 1.0 67.0 882.0 269.0 882.0 814.0 71.0 814.0 682.0 352.0 682.0 
2 3 1.19 1.19 651.0 173.0 651.0 457.0 247.0 457.0 682.0 268.0 682.0 
2 4 1.64 1.64 651.0 173.0 651.0 457.0 247.0 457.0 682.0 268.0 682.0 651.0 287.0 651.0 
2 5 1.73 1.73 651.0 173.0 651.0 457.0 247.0 457.0 682.0 268.0 682.0 651.0 287.0 651.0 276.0 26.0 276.0 
2 3 1.54 1.54 900.0 682.0 900.0 152.0 58.0 152.0 97.0 39.0 97.0 
2 4 1.83 1.83 900.0 682.0 900.0 152.0 58.0 152.0 97.0 39.0 97.0 61.0 18.0 61.0 
2 3 1.33 1.33 558.0 544.0 558.0 271.0 21.0 271.0 498.0 139.0 498.0 
2 4 1.6 1.6 558.0 544.0 558.0 271.0 21.0 271.0 498.0 139.0 498.0 168.0 46.0 168.0 
2 5 1.61 1.61 558.0 544.0 558.0 271.0 21.0 271.0 498.0 139.0 498.0 168.0 46.0 168.0 928.0 8.0 928.0 
2 6 1.93 1.93 558.0 544.0 558.0 271.0 21.0 271.0 498.0 139.0 498.0 168.0 46.0 168.0 928.0 8.0 928.0 891.0 289.0 891.0 
2 7 1.99 1.99 558.0 544.0 558.0 271.0 21.0 271.0 498.0 139.0 498.0 168.0 46.0 168.0 928.0 8.0 928.0 891.0 289.0 891.0 616.0 34.0 616.0 
2 3 1.15 1.15 241.0 154.0 241.0 867.0 159.0 867.0 285.0 96.0 285.0 
2 4 1.34 1.34 241.0 154.0 241.0 867.0 159.0 867.0 285.0 96.0 285.0 413.0 75.0 413.0 
2 5 1.41 1.41 241.0 154.0 241.0 867.0 159.0 867.0 285.0 96.0 285.0 413.0 75.0 413.0 580.0 42.0 580.0 
2 6 1.67 1.67 241.0 154.0 241.0 867.0 159.0 867.0 285.0 96.0 285.0 413.0 75.0 413.0 580.0 42.0 580.0 35.0 9.0 35.0 
2 3 1.47 1.47 686.0 259.0 686.0 459.0 334.0 459.0 766.0 284.0 766.0 
2 3 1.2 1.2 436.0 205.0 436.0 124.0 82.0 124.0 518.0 37.0 518.0 
2 4 1.63 1.63 436.0 205.0 436.0 124.0 82.0 124.0 518.0 37.0 518.0 86.0 37.0 86.0 
2 3 1.91 1.91 71.0 6.0 71.0 302.0 292.0 302.0 311.0 270.0 311.0 
2 3 1.79 1.79 128.0 54.0 128.0 823.0 537.0 823.0 484.0 348.0 484.0 
2 3 1.1 1.1 869.0 39.0 869.0 19.0 13.0 19.0 8.0 3.0 8.0 
2 4 1.37 1.37 869.0 39.0 869.0 19.0 13.0 19.0 8.0 3.0 8.0 762.0 208.0 762.0 
2 5 1.67 1.67 869.0 39.0 869.0 19.0 13.0 19.0 8.0 3.0 8.0 762.0 208.0 762.0 332.0 100.0 332.0 
2 3 0.61 0.61 296.0 80.0 296.0 797.0 87.0 797.0 869.0 209.0 869.0 
2 4 1.33 1.33 296.0 80.0 296.0 797.0 87.0 797.0 869.0 209.0 869.0 171.0 123.0 171.0 
2 5 1.79 1.79 296.0 80.0 296.0 797.0 87.0 797.0 869.0 209.0 869.0 171.0 123.0 171.0 165.0 75.0 165.0 
2 6 1.91 1.91 296.0 80.0 296.0 797.0 87.0 797.0 869.0 209.0 869.0 171.0 123.0 171.0 165.0 75.0 165.0 384.0 46.0 384.0 
2 3 1.13 1.13 940.0 318.0 940.0 221.0 143.0 221.0 919.0 139.0 919.0 
2 4 1.26 1.26 940.0 318.0 940.0 221.0 143.0 221.0 919.0 139.0 919.0 72.0 9.0 72.0 
2 5 1.39 1.39 940.0 318.0 940.0 221.0 143.0 221.0 919.0 139.0 919.0 72.0 9.0 72.0 941.0 127.0 941.0 
2 3 1.02 1.02 850.0 82.0 850.0 799.0 194.0 799.0 150.0 103.0 150.0 
2 4 1.55 1.55 850.0 82.0 850.0 799.0 194.0 799.0 150.0 103.0 150.0 975.0 515.0 975.0 
2 5 1.8 1.8 850.0 82.0 850.0 799.0 194.0 799.0 150.0 103.0 150.0 975.0 515.0 975.0 302.0 77.0 302.0 
2 3 0.66 0.66 49.0 13.0 49.0 969.0 19.0 969.0 21.0 8.0 21.0 
2 4 0.79 0.79 49.0 13.0 49.0 969.0 19.0 969.0 21.0 8.0 21.0 617.0 79.0 617.0 
2 5 1.33 1.33 49.0 13.0 49.0 969.0 19.0 969.0 21.0 8.0 21.0 617.0 79.0 617.0 925.0 501.0 925.0 
2 6 1.66 1.66 49.0 13.0 49.0 969.0 19.0 969.0 21.0 8.0 21.0 617.0 79.0 617.0 925.0 501.0 925.0 497.0 163.0 497.0 
2 7 1.69 1.69 49.0 13.0 49.0 969.0 19.0 969.0 21.0 8.0 21.0 617.0 79.0 617.0 925.0 501.0 925.0 497.0 163.0 497.0 585.0 16.0 585.0 
2 3 1.35 1.35 59.0 44.0 59.0 470.0 100.0 470.0 73.0 29.0 73.0 
2 3 1.24 1.24 154.0 64.0 154.0 174.0 74.0 174.0 904.0 363.0 904.0 
2 4 1.38 1.38 154.0 64.0 154.0 174.0 74.0 174.0 904.0 363.0 904.0 34.0 5.0 34.0 
2 5 1.4 1.4 154.0 64.0 154.0 174.0 74.0 174.0 904.0 363.0 904.0 34.0 5.0 34.0 933.0 15.0 933.0 
2 6 1.89 1.89 154.0 64.0 154.0 174.0 74.0 174.0 904.0 363.0 904.0 34.0 5.0 34.0 933.0 15.0 933.0 419.0 206.0 419.0 
2 3 0.93 0.93 711.0 312.0 711.0 862.0 250.0 862.0 302.0 61.0 302.0 
2 4 1.83 1.83 711.0 312.0 711.0 862.0 250.0 862.0 302.0 61.0 302.0 76.0 69.0 76.0 
2 3 1.68 1.68 642.0 515.0 642.0 253.0 163.0 253.0 762.0 181.0 762.0 
2 3 0.97 0.97 858.0 46.0 858.0 639.0 360.0 639.0 492.0 175.0 492.0 
2 4 1.53 1.53 858.0 46.0 858.0 639.0 360.0 639.0 492.0 175.0 492.0 127.0 72.0 127.0 
2 5 1.83 1.83 858.0 46.0 858.0 639.0 360.0 639.0 492.0 175.0 492.0 127.0 72.0 127.0 287.0 86.0 287.0 
2 3 0.43 0.43 945.0 91.0 945.0 570.0 140.0 570.0 778.0 75.0 778.0 
2 4 1.07 1.07 945.0 91.0 945.0 570.0 140.0 570.0 778.0 75.0 778.0 610.0 390.0 610.0 
2 5 1.76 1.76 945.0 91.0 945.0 570.0 140.0 570.0 778.0 75.0 778.0 610.0 390.0 610.0 688.0 476.0 688.0 
2 3 1.06 1.06 878.0 563.0 878.0 947.0 60.0 947.0 179.0 65.0 179.0 
2 4 1.91 1.91 878.0 563.0 878.0 947.0 60.0 947.0 179.0 65.0 179.0 902.0 766.0 902.0 
2 3 0.91 0.91 132.0 24.0 132.0 713.0 501.0 713.0 521.0 18.0 521.0 
2 4 1.36 1.36 132.0 24.0 132.0 713.0 501.0 713.0 521.0 18.0 521.0 535.0 239.0 535.0 
2 5 1.78 1.78 132.0 24.0 132.0 713.0 501.0 713.0 521.0 18.0 521.0 535.0 239.0 535.0 303.0 126.0 303.0 
2 3 0.86 0.86 663.0 388.0 663.0 421.0 61.0 421.0 443.0 60.0 443.0 
2 4 1.54 1.54 663.0 388.0 663.0 421.0 61.0 421.0 443.0 60.0 443.0 38.0 26.0 38.0 
2 5 1.94 1.94 663.0 388.0 663.0 421.0 61.0 421.0 443.0 60.0 443.0 38.0 26.0 38.0 579.0 227.0 579.0 
2 3 1.09 1.09 352.0 54.0 352.0 962.0 814.0 962.0 207.0 19.0 207.0 
2 4 1.18 1.18 352.0 54.0 352.0 962.0 814.0 962.0 207.0 19.0 207.0 633.0 58.0 633.0 
2 5 1.48 1.48 352.0 54.0 352.0 962.0 814.0 962.0 207.0 19.0 207.0 633.0 58.0 633.0 884.0 266.0 884.0 
2 3 1.35 1.35 56.0 16.0 56.0 31.0 8.0 31.0 70.0 57.0 70.0 
2 4 1.68 1.68 56.0 16.0 56.0 31.0 8.0 31.0 70.0 57.0 70.0 669.0 220.0 669.0 
2 5 1.93 1.93 56.0 16.0 56.0 31.0 8.0 31.0 70.0 57.0 70.0 669.0 220.0 669.0 718.0 176.0 718.0 
2 3 0.66 0.66 101.0 37.0 101.0 768.0 222.0 768.0 488.0 7.0 488.0 
2 4 0.75 0.75 101.0 37.0 101.0 768.0 222.0 768.0 488.0 7.0 488.0 704.0 61.0 704.0 
2 5 1.58 1.58 101.0 37.0 101.0 768.0 222.0 768.0 488.0 7.0 488.0 704.0 61.0 704.0 114.0 95.0 114.0 
2 3 1.08 1.08 604.0 346.0 604.0 613.0 241.0 613.0 262.0 30.0 262.0 
2 4 1.26 1.26 604.0 346.0 604.0 613.0 241.0 613.0 262.0 30.0 262.0 351.0 64.0 351.0 
2 5 1.48 1.48 604.0 346.0 604.0 613.0 241.0 613.0 262.0 30.0 262.0 351.0 64.0 351.0 754.0 169.0 754.0 
2 3 0.8 0.8 495.0 58.0 495.0 634.0 405.0 634.0 499.0 22.0 499.0 
2 4 1.19 1.19 495.0 58.0 495.0 634.0 405.0 634.0 499.0 22.0 499.0 137.0 54.0 137.0 
2 5 1.55 1.55 495.0 58.0 495.0 634.0 405.0 634.0 499.0 22.0 499.0 137.0 54.0 137.0 479.0 175.0 479.0 
2 3 1.57 1.57 336.0 316.0 336.0 996.0 271.0 996.0 520.0 187.0 520.0 
2 3 0.91 0.91 190.0 59.0 190.0 150.0 82.0 150.0 681.0 37.0 681.0 
2 4 1.27 1.27 190.0 59.0 190.0 150.0 82.0 150.0 681.0 37.0 681.0 505.0 185.0 505.0 
2 5 1.66 1.66 190.0 59.0 190.0 150.0 82.0 150.0 681.0 37.0 681.0 505.0 185.0 505.0 716.0 274.0 716.0 
2 6 1.87 1.87 190.0 59.0 190.0 150.0 82.0 150.0 681.0 37.0 681.0 505.0 185.0 505.0 716.0 274.0 716.0 971.0 210.0 971.0 
2 3 0.75 0.75 297.0 177.0 297.0 935.0 93.0 935.0 35.0 2.0 35.0 
2 4 0.88 0.88 297.0 177.0 297.0 935.0 93.0 935.0 35.0 2.0 35.0 727.0 94.0 727.0 
2 5 1.48 1.48 297.0 177.0 297.0 935.0 93.0 935.0 35.0 2.0 35.0 727.0 94.0 727.0 820.0 496.0 820.0 
2 3 1.42 1.42 694.0 282.0 694.0 157.0 71.0 157.0 499.0 285.0 499.0 
2 3 1.49 1.49 64.0 44.0 64.0 616.0 490.0 616.0 590.0 5.0 590.0 
2 3 0.8 0.8 709.0 226.0 709.0 132.0 40.0 132.0 498.0 89.0 498.0 
2 4 0.86 0.86 709.0 226.0 709.0 132.0 40.0 132.0 498.0 89.0 498.0 200.0 13.0 200.0 
2 5 1.12 1.12 709.0 226.0 709.0 132.0 40.0 132.0 498.0 89.0 498.0 200.0 13.0 200.0 207.0 53.0 207.0 
2 6 1.37 1.37 709.0 226.0 709.0 132.0 40.0 132.0 498.0 89.0 498.0 200.0 13.0 200.0 207.0 53.0 207.0 462.0 119.0 462.0 
2 7 1.78 1.78 709.0 226.0 709.0 132.0 40.0 132.0 498.0 89.0 498.0 200.0 13.0 200.0 207.0 53.0 207.0 462.0 119.0 462.0 159.0 65.0 159.0 
2 8 1.95 1.95 709.0 226.0 709.0 132.0 40.0 132.0 498.0 89.0 498.0 200.0 13.0 200.0 207.0 53.0 207.0 462.0 119.0 462.0 159.0 65.0 159.0 862.0 141.0 862.0 
2 3 0.89 0.89 889.0 507.0 889.0 40.0 3.0 40.0 614.0 152.0 614.0 
2 4 1.86 1.86 889.0 507.0 889.0 40.0 3.0 40.0 614.0 152.0 614.0 853.0 830.0 853.0 
2 3 0.68 0.68 817.0 105.0 817.0 756.0 21.0 756.0 32.0 17.0 32.0 
2 4 1.01 1.01 817.0 105.0 817.0 756.0 21.0 756.0 32.0 17.0 32.0 606.0 196.0 606.0 
2 5 1.99 1.99 817.0 105.0 817.0 756.0 21.0 756.0 32.0 17.0 32.0 606.0 196.0 606.0 787.0 777.0 787.0 
2 3 0.67 0.67 337.0 17.0 337.0 932.0 222.0 932.0 398.0 154.0 398.0 
2 4 1.4 1.4 337.0 17.0 337.0 932.0 222.0 932.0 398.0 154.0 398.0 322.0 235.0 322.0 
2 5 1.47 1.47 337.0 17.0 337.0 932.0 222.0 932.0 398.0 154.0 398.0 322.0 235.0 322.0 260.0 19.0 260.0 
2 6 1.48 1.48 337.0 17.0 337.0 932.0 222.0 932.0 398.0 154.0 398.0 322.0 235.0 322.0 260.0 19.0 260.0 755.0 4.0 755.0 
2 7 1.95 1.95 337.0 17.0 337.0 932.0 222.0 932.0 398.0 154.0 398.0 322.0 235.0 322.0 260.0 19.0 260.0 755.0 4.0 755.0 396.0 186.0 396.0 
2 3 1.05 1.05 317.0 29.0 317.0 173.0 18.0 173.0 160.0 138.0 160.0 
2 4 1.75 1.75 317.0 29.0 317.0 173.0 18.0 173.0 160.0 138.0 160.0 469.0 325.0 469.0 
2 3 1.95 1.95 766.0 643.0 766.0 752.0 329.0 752.0 104.0 70.0 104.0 
2 3 1.28 1.28 119.0 36.0 119.0 226.0 170.0 226.0 287.0 67.0 287.0 
2 4 1.3 1.3 119.0 36.0 119.0 226.0 170.0 226.0 287.0 67.0 287.0 464.0 6.0 464.0 
2 5 1.88 1.88 119.0 36.0 119.0 226.0 170.0 226.0 287.0 67.0 287.0 464.0 6.0 464.0 907.0 527.0 907.0 
2 3 1.68 1.68 400.0 163.0 400.0 247.0 143.0 247.0 976.0 679.0 976.0 
2 3 1.09 1.09 34.0 18.0 34.0 105.0 21.0 105.0 414.0 152.0 414.0 
2 4 1.6 1.6 34.0 18.0 34.0 105.0 21.0 105.0 414.0 152.0 414.0 129.0 65.0 129.0 
2 5 1.68 1.68 34.0 18.0 34.0 105.0 21.0 105.0 414.0 152.0 414.0 129.0 65.0 129.0 35.0 3.0 35.0 
2 3 1.61 1.61 216.0 58.0 216.0 185.0 100.0 185.0 761.0 613.0 761.0 
2 3 1.42 1.42 1000.0 761.0 1000.0 965.0 456.0 965.0 112.0 22.0 112.0 
2 4 1.74 1.74 1000.0 761.0 1000.0 965.0 456.0 965.0 112.0 22.0 112.0 667.0 211.0 667.0 
2 3 0.94 0.94 950.0 361.0 950.0 637.0 246.0 637.0 946.0 165.0 946.0 
2 4 1.1 1.1 950.0 361.0 950.0 637.0 246.0 637.0 946.0 165.0 946.0 112.0 18.0 112.0 
2 3 1.2 1.2 341.0 12.0 341.0 609.0 153.0 609.0 343.0 314.0 343.0 
2 4 1.34 1.34 341.0 12.0 341.0 609.0 153.0 609.0 343.0 314.0 343.0 389.0 57.0 389.0 
2 5 1.85 1.85 341.0 12.0 341.0 609.0 153.0 609.0 343.0 314.0 343.0 389.0 57.0 389.0 945.0 476.0 945.0 
2 3 1.71 1.71 485.0 402.0 485.0 235.0 2.0 235.0 142.0 124.0 142.0 
2 4 1.78 1.78 485.0 402.0 485.0 235.0 2.0 235.0 142.0 124.0 142.0 170.0 13.0 170.0 
2 3 0.17 0.17 22.0 1.0 22.0 868.0 80.0 868.0 673.0 27.0 673.0 
2 4 0.47 0.47 22.0 1.0 22.0 868.0 80.0 868.0 673.0 27.0 673.0 823.0 246.0 823.0 
2 5 1.32 1.32 22.0 1.0 22.0 868.0 80.0 868.0 673.0 27.0 673.0 823.0 246.0 823.0 163.0 139.0 163.0 
2 6 1.74 1.74 22.0 1.0 22.0 868.0 80.0 868.0 673.0 27.0 673.0 823.0 246.0 823.0 163.0 139.0 163.0 924.0 387.0 924.0 
2 3 0.22 0.22 314.0 41.0 314.0 790.0 50.0 790.0 274.0 8.0 274.0 
2 4 0.61 0.61 314.0 41.0 314.0 790.0 50.0 790.0 274.0 8.0 274.0 208.0 82.0 208.0 
2 5 0.74 0.74 314.0 41.0 314.0 790.0 50.0 790.0 274.0 8.0 274.0 208.0 82.0 208.0 64.0 8.0 64.0 
2 6 0.8 0.8 314.0 41.0 314.0 790.0 50.0 790.0 274.0 8.0 274.0 208.0 82.0 208.0 64.0 8.0 64.0 545.0 36.0 545.0 
2 7 1.04 1.04 314.0 41.0 314.0 790.0 50.0 790.0 274.0 8.0 274.0 208.0 82.0 208.0 64.0 8.0 64.0 545.0 36.0 545.0 695.0 161.0 695.0 
2 8 1.97 1.97 314.0 41.0 314.0 790.0 50.0 790.0 274.0 8.0 274.0 208.0 82.0 208.0 64.0 8.0 64.0 545.0 36.0 545.0 695.0 161.0 695.0 205.0 191.0 205.0 
2 3 1.52 1.52 293.0 130.0 293.0 676.0 316.0 676.0 447.0 275.0 447.0 
2 4 1.59 1.59 293.0 130.0 293.0 676.0 316.0 676.0 447.0 275.0 447.0 913.0 63.0 913.0 
2 3 1.66 1.66 777.0 394.0 777.0 563.0 324.0 563.0 917.0 535.0 917.0 
2 3 0.61 0.61 364.0 5.0 364.0 976.0 161.0 976.0 653.0 286.0 653.0 
2 4 0.64 0.64 364.0 5.0 364.0 976.0 161.0 976.0 653.0 286.0 653.0 211.0 5.0 211.0 
2 5 1.13 1.13 364.0 5.0 364.0 976.0 161.0 976.0 653.0 286.0 653.0 211.0 5.0 211.0 914.0 451.0 914.0 
2 6 1.87 1.87 364.0 5.0 364.0 976.0 161.0 976.0 653.0 286.0 653.0 211.0 5.0 211.0 914.0 451.0 914.0 697.0 515.0 697.0 
2 7 1.88 1.88 364.0 5.0 364.0 976.0 161.0 976.0 653.0 286.0 653.0 211.0 5.0 211.0 914.0 451.0 914.0 697.0 515.0 697.0 547.0 7.0 547.0 
2 3 1.2 1.2 396.0 63.0 396.0 765.0 689.0 765.0 544.0 80.0 544.0 
2 4 1.23 1.23 396.0 63.0 396.0 765.0 689.0 765.0 544.0 80.0 544.0 389.0 10.0 389.0 
2 5 1.56 1.56 396.0 63.0 396.0 765.0 689.0 765.0 544.0 80.0 544.0 389.0 10.0 389.0 3.0 1.0 3.0 
2 3 0.68 0.68 795.0 208.0 795.0 702.0 182.0 702.0 983.0 162.0 983.0 
2 4 0.98 0.98 795.0 208.0 795.0 702.0 182.0 702.0 983.0 162.0 983.0 264.0 79.0 264.0 
2 5 1.02 1.02 795.0 208.0 795.0 702.0 182.0 702.0 983.0 162.0 983.0 264.0 79.0 264.0 231.0 9.0 231.0 
2 6 1.48 1.48 795.0 208.0 795.0 702.0 182.0 702.0 983.0 162.0 983.0 264.0 79.0 264.0 231.0 9.0 231.0 890.0 412.0 890.0 
2 7 1.98 1.98 795.0 208.0 795.0 702.0 182.0 702.0 983.0 162.0 983.0 264.0 79.0 264.0 231.0 9.0 231.0 890.0 412.0 890.0 433.0 216.0 433.0 
2 3 1.05 1.05 910.0 441.0 910.0 468.0 135.0 468.0 267.0 75.0 267.0 
2 4 1.53 1.53 910.0 441.0 910.0 468.0 135.0 468.0 267.0 75.0 267.0 385.0 187.0 385.0 
2 3 1.94 1.94 742.0 533.0 742.0 763.0 215.0 763.0 722.0 683.0 722.0 
2 3 0.89 0.89 672.0 139.0 672.0 441.0 206.0 441.0 772.0 173.0 772.0 
2 4 1.34 1.34 672.0 139.0 672.0 441.0 206.0 441.0 772.0 173.0 772.0 360.0 162.0 360.0 
2 5 1.81 1.81 672.0 139.0 672.0 441.0 206.0 441.0 772.0 173.0 772.0 360.0 162.0 360.0 918.0 426.0 918.0 
2 6 1.88 1.88 672.0 139.0 672.0 441.0 206.0 441.0 772.0 173.0 772.0 360.0 162.0 360.0 918.0 426.0 918.0 732.0 54.0 732.0 
2 3 1.29 1.29 620.0 79.0 620.0 208.0 106.0 208.0 412.0 272.0 412.0 
2 3 0.22 0.22 557.0 31.0 557.0 671.0 35.0 671.0 796.0 91.0 796.0 
2 4 0.63 0.63 557.0 31.0 557.0 671.0 35.0 671.0 796.0 91.0 796.0 542.0 225.0 542.0 
2 5 1.18 1.18 557.0 31.0 557.0 671.0 35.0 671.0 796.0 91.0 796.0 542.0 225.0 542.0 999.0 549.0 999.0 
2 6 1.23 1.23 557.0 31.0 557.0 671.0 35.0 671.0 796.0 91.0 796.0 542.0 225.0 542.0 999.0 549.0 999.0 44.0 2.0 44.0 
2 7 1.32 1.32 557.0 31.0 557.0 671.0 35.0 671.0 796.0 91.0 796.0 542.0 225.0 542.0 999.0 549.0 999.0 44.0 2.0 44.0 273.0 24.0 273.0 
2 8 1.43 1.43 557.0 31.0 557.0 671.0 35.0 671.0 796.0 91.0 796.0 542.0 225.0 542.0 999.0 549.0 999.0 44.0 2.0 44.0 273.0 24.0 273.0 888.0 106.0 888.0 
2 9 1.54 1.54 557.0 31.0 557.0 671.0 35.0 671.0 796.0 91.0 796.0 542.0 225.0 542.0 999.0 549.0 999.0 44.0 2.0 44.0 273.0 24.0 273.0 888.0 106.0 888.0 537.0 59.0 537.0 
2 3 1.03 1.03 560.0 54.0 560.0 233.0 38.0 233.0 95.0 74.0 95.0 
2 4 1.22 1.22 560.0 54.0 560.0 233.0 38.0 233.0 95.0 74.0 95.0 914.0 172.0 914.0 
2 5 1.48 1.48 560.0 54.0 560.0 233.0 38.0 233.0 95.0 74.0 95.0 914.0 172.0 914.0 429.0 112.0 429.0 
2 6 1.63 1.63 560.0 54.0 560.0 233.0 38.0 233.0 95.0 74.0 95.0 914.0 172.0 914.0 429.0 112.0 429.0 424.0 64.0 424.0 
2 3 0.83 0.83 785.0 54.0 785.0 308.0 79.0 308.0 950.0 487.0 950.0 
2 4 0.91 0.91 785.0 54.0 785.0 308.0 79.0 308.0 950.0 487.0 950.0 750.0 59.0 750.0 
2 5 1.79 1.79 785.0 54.0 785.0 308.0 79.0 308.0 950.0 487.0 950.0 750.0 59.0 750.0 495.0 433.0 495.0 
2 3 1.83 1.83 446.0 201.0 446.0 387.0 211.0 387.0 994.0 833.0 994.0 
2 3 0.91 0.91 94.0 72.0 94.0 659.0 97.0 659.0 400.0 1.0 400.0 
2 4 1.8 1.8 94.0 72.0 94.0 659.0 97.0 659.0 400.0 1.0 400.0 369.0 330.0 369.0 
2 3 1.48 1.48 780.0 440.0 780.0 470.0 74.0 470.0 941.0 716.0 941.0 
2 4 1.72 1.72 780.0 440.0 780.0 470.0 74.0 470.0 941.0 716.0 941.0 692.0 170.0 692.0 
2 3 1.85 1.85 427.0 196.0 427.0 887.0 511.0 887.0 994.0 812.0 994.0 
2 3 0.71 0.71 809.0 490.0 809.0 600.0 14.0 600.0 665.0 57.0 665.0 
2 4 1.14 1.14 809.0 490.0 809.0 600.0 14.0 600.0 665.0 57.0 665.0 464.0 198.0 464.0 
2 5 1.38 1.38 809.0 490.0 809.0 600.0 14.0 600.0 665.0 57.0 665.0 464.0 198.0 464.0 344.0 85.0 344.0 
2 6 1.62 1.62 809.0 490.0 809.0 600.0 14.0 600.0 665.0 57.0 665.0 464.0 198.0 464.0 344.0 85.0 344.0 952.0 229.0 952.0 
2 3 1.59 1.59 816.0 505.0 816.0 940.0 300.0 940.0 886.0 581.0 886.0 
2 3 0.46 0.46 390.0 46.0 390.0 112.0 11.0 112.0 296.0 74.0 296.0 
2 4 1.16 1.16 390.0 46.0 390.0 112.0 11.0 112.0 296.0 74.0 296.0 516.0 362.0 516.0 
2 5 1.24 1.24 390.0 46.0 390.0 112.0 11.0 112.0 296.0 74.0 296.0 516.0 362.0 516.0 171.0 13.0 171.0 
2 6 1.53 1.53 390.0 46.0 390.0 112.0 11.0 112.0 296.0 74.0 296.0 516.0 362.0 516.0 171.0 13.0 171.0 526.0 153.0 526.0 
2 7 1.66 1.66 390.0 46.0 390.0 112.0 11.0 112.0 296.0 74.0 296.0 516.0 362.0 516.0 171.0 13.0 171.0 526.0 153.0 526.0 266.0 35.0 266.0 
2 3 1.04 1.04 436.0 31.0 436.0 546.0 134.0 546.0 999.0 730.0 999.0 
2 4 1.32 1.32 436.0 31.0 436.0 546.0 134.0 546.0 999.0 730.0 999.0 708.0 196.0 708.0 
2 5 1.44 1.44 436.0 31.0 436.0 546.0 134.0 546.0 999.0 730.0 999.0 708.0 196.0 708.0 41.0 5.0 41.0 
2 3 0.48 0.48 850.0 339.0 850.0 208.0 6.0 208.0 941.0 57.0 941.0 
2 4 0.7 0.7 850.0 339.0 850.0 208.0 6.0 208.0 941.0 57.0 941.0 746.0 158.0 746.0 
2 5 1.0 1.0 850.0 339.0 850.0 208.0 6.0 208.0 941.0 57.0 941.0 746.0 158.0 746.0 328.0 99.0 328.0 
2 6 1.88 1.88 850.0 339.0 850.0 208.0 6.0 208.0 941.0 57.0 941.0 746.0 158.0 746.0 328.0 99.0 328.0 619.0 547.0 619.0 
2 3 0.98 0.98 464.0 60.0 464.0 914.0 571.0 914.0 553.0 128.0 553.0 
2 4 1.83 1.83 464.0 60.0 464.0 914.0 571.0 914.0 553.0 128.0 553.0 841.0 716.0 841.0 
2 5 1.98 1.98 464.0 60.0 464.0 914.0 571.0 914.0 553.0 128.0 553.0 841.0 716.0 841.0 67.0 10.0 67.0 
2 3 1.05 1.05 955.0 318.0 955.0 708.0 484.0 708.0 395.0 14.0 395.0 
2 4 1.79 1.79 955.0 318.0 955.0 708.0 484.0 708.0 395.0 14.0 395.0 371.0 277.0 371.0 
2 5 1.89 1.89 955.0 318.0 955.0 708.0 484.0 708.0 395.0 14.0 395.0 371.0 277.0 371.0 503.0 50.0 503.0 
2 3 1.55 1.55 345.0 317.0 345.0 153.0 46.0 153.0 200.0 68.0 200.0 
2 3 1.71 1.71 247.0 26.0 247.0 832.0 733.0 832.0 429.0 311.0 429.0 
2 3 1.01 1.01 973.0 152.0 973.0 785.0 510.0 785.0 123.0 26.0 123.0 
2 4 1.82 1.82 973.0 152.0 973.0 785.0 510.0 785.0 123.0 26.0 123.0 507.0 411.0 507.0 
2 3 0.35 0.35 358.0 24.0 358.0 307.0 46.0 307.0 186.0 25.0 186.0 
2 4 0.89 0.89 358.0 24.0 358.0 307.0 46.0 307.0 186.0 25.0 186.0 928.0 503.0 928.0 
2 5 1.57 1.57 358.0 24.0 358.0 307.0 46.0 307.0 186.0 25.0 186.0 928.0 503.0 928.0 371.0 252.0 371.0 
2 3 1.36 1.36 688.0 181.0 688.0 641.0 411.0 641.0 918.0 427.0 918.0 
2 4 1.39 1.39 688.0 181.0 688.0 641.0 411.0 641.0 918.0 427.0 918.0 466.0 13.0 466.0 
2 3 0.58 0.58 677.0 175.0 677.0 402.0 26.0 402.0 476.0 127.0 476.0 
2 4 1.12 1.12 677.0 175.0 677.0 402.0 26.0 402.0 476.0 127.0 476.0 122.0 65.0 122.0 
2 5 1.78 1.78 677.0 175.0 677.0 402.0 26.0 402.0 476.0 127.0 476.0 122.0 65.0 122.0 214.0 141.0 214.0 
2 3 1.81 1.81 112.0 109.0 112.0 838.0 320.0 838.0 788.0 359.0 788.0 
2 3 0.23 0.23 313.0 11.0 313.0 673.0 51.0 673.0 495.0 59.0 495.0 
2 4 1.03 1.03 313.0 11.0 313.0 673.0 51.0 673.0 495.0 59.0 495.0 105.0 85.0 105.0 
2 5 1.51 1.51 313.0 11.0 313.0 673.0 51.0 673.0 495.0 59.0 495.0 105.0 85.0 105.0 125.0 60.0 125.0 
