1 2 0.19 0.19 294.0 9.0 294.0 469.0 76.0 469.0 
1 3 0.55 0.55 294.0 9.0 294.0 469.0 76.0 469.0 631.0 229.0 631.0 
1 4 0.96 0.96 294.0 9.0 294.0 469.0 76.0 469.0 631.0 229.0 631.0 153.0 63.0 153.0 
1 2 0.96 0.96 677.0 243.0 677.0 813.0 490.0 813.0 
1 2 0.74 0.74 509.0 107.0 509.0 649.0 348.0 649.0 
1 2 0.81 0.81 972.0 445.0 972.0 491.0 174.0 491.0 
1 2 0.28 0.28 137.0 11.0 137.0 694.0 141.0 694.0 
1 3 0.72 0.72 137.0 11.0 137.0 694.0 141.0 694.0 233.0 102.0 233.0 
1 2 0.51 0.51 53.0 11.0 53.0 341.0 104.0 341.0 
1 3 0.99 0.99 53.0 11.0 53.0 341.0 104.0 341.0 35.0 17.0 35.0 
1 2 0.18 0.18 689.0 41.0 689.0 721.0 94.0 721.0 
1 3 0.26 0.26 689.0 41.0 689.0 721.0 94.0 721.0 267.0 19.0 267.0 
1 4 0.75 0.75 689.0 41.0 689.0 721.0 94.0 721.0 267.0 19.0 267.0 294.0 146.0 294.0 
1 2 0.57 0.57 419.0 101.0 419.0 202.0 68.0 202.0 
1 3 0.98 0.98 419.0 101.0 419.0 202.0 68.0 202.0 377.0 152.0 377.0 
1 2 0.39 0.39 571.0 17.0 571.0 625.0 231.0 625.0 
1 3 0.6 0.6 571.0 17.0 571.0 625.0 231.0 625.0 714.0 149.0 714.0 
1 4 0.7 0.7 571.0 17.0 571.0 625.0 231.0 625.0 714.0 149.0 714.0 604.0 60.0 604.0 
1 5 0.93 0.93 571.0 17.0 571.0 625.0 231.0 625.0 714.0 149.0 714.0 604.0 60.0 604.0 516.0 117.0 516.0 
1 2 0.34 0.34 438.0 93.0 438.0 137.0 18.0 137.0 
1 3 0.79 0.79 438.0 93.0 438.0 137.0 18.0 137.0 833.0 380.0 833.0 
1 2 0.88 0.88 400.0 188.0 400.0 62.0 26.0 62.0 
1 2 0.8 0.8 442.0 312.0 442.0 77.0 8.0 77.0 
1 2 0.57 0.57 722.0 253.0 722.0 837.0 189.0 837.0 
1 3 0.68 0.68 722.0 253.0 722.0 837.0 189.0 837.0 349.0 37.0 349.0 
1 2 0.51 0.51 291.0 5.0 291.0 344.0 172.0 344.0 
1 2 0.52 0.52 340.0 132.0 340.0 819.0 110.0 819.0 
1 3 0.73 0.73 340.0 132.0 340.0 819.0 110.0 819.0 470.0 98.0 470.0 
1 2 0.4 0.4 951.0 179.0 951.0 345.0 74.0 345.0 
1 3 0.82 0.82 951.0 179.0 951.0 345.0 74.0 345.0 950.0 398.0 950.0 
1 2 0.74 0.74 553.0 166.0 553.0 114.0 51.0 114.0 
1 3 0.92 0.92 553.0 166.0 553.0 114.0 51.0 114.0 490.0 85.0 490.0 
1 2 0.85 0.85 323.0 157.0 323.0 965.0 357.0 965.0 
1 3 0.99 0.99 323.0 157.0 323.0 965.0 357.0 965.0 439.0 59.0 439.0 
1 2 0.88 0.88 628.0 311.0 628.0 472.0 182.0 472.0 
1 2 0.31 0.31 628.0 97.0 628.0 495.0 77.0 495.0 
1 3 0.54 0.54 628.0 97.0 628.0 495.0 77.0 495.0 278.0 64.0 278.0 
1 4 0.88 0.88 628.0 97.0 628.0 495.0 77.0 495.0 278.0 64.0 278.0 232.0 79.0 232.0 
1 2 0.74 0.74 118.0 77.0 118.0 834.0 77.0 834.0 
1 2 0.29 0.29 187.0 34.0 187.0 17.0 2.0 17.0 
1 3 0.66 0.66 187.0 34.0 187.0 17.0 2.0 17.0 826.0 301.0 826.0 
1 4 0.75 0.75 187.0 34.0 187.0 17.0 2.0 17.0 826.0 301.0 826.0 446.0 41.0 446.0 
1 5 0.97 0.97 187.0 34.0 187.0 17.0 2.0 17.0 826.0 301.0 826.0 446.0 41.0 446.0 976.0 217.0 976.0 
1 2 0.5 0.5 819.0 35.0 819.0 601.0 275.0 601.0 
1 3 0.82 0.82 819.0 35.0 819.0 601.0 275.0 601.0 361.0 116.0 361.0 
1 4 0.84 0.84 819.0 35.0 819.0 601.0 275.0 601.0 361.0 116.0 361.0 500.0 10.0 500.0 
1 2 0.38 0.38 622.0 12.0 622.0 609.0 223.0 609.0 
1 3 0.85 0.85 622.0 12.0 622.0 609.0 223.0 609.0 951.0 446.0 951.0 
1 2 0.51 0.51 569.0 272.0 569.0 231.0 9.0 231.0 
1 2 0.68 0.68 398.0 152.0 398.0 706.0 216.0 706.0 
1 3 0.92 0.92 398.0 152.0 398.0 706.0 216.0 706.0 253.0 60.0 253.0 
1 2 0.6 0.6 548.0 217.0 548.0 281.0 59.0 281.0 
1 3 0.64 0.64 548.0 217.0 548.0 281.0 59.0 281.0 914.0 37.0 914.0 
1 4 0.91 0.91 548.0 217.0 548.0 281.0 59.0 281.0 914.0 37.0 914.0 345.0 91.0 345.0 
1 5 0.95 0.95 548.0 217.0 548.0 281.0 59.0 281.0 914.0 37.0 914.0 345.0 91.0 345.0 83.0 4.0 83.0 
1 2 0.47 0.47 782.0 292.0 782.0 642.0 63.0 642.0 
1 3 0.8 0.8 782.0 292.0 782.0 642.0 63.0 642.0 445.0 150.0 445.0 
1 4 0.94 0.94 782.0 292.0 782.0 642.0 63.0 642.0 445.0 150.0 445.0 758.0 102.0 758.0 
1 2 0.7 0.7 484.0 87.0 484.0 623.0 326.0 623.0 
1 2 0.33 0.33 920.0 6.0 920.0 216.0 72.0 216.0 
1 2 0.85 0.85 290.0 128.0 290.0 612.0 256.0 612.0 
1 2 0.3 0.3 715.0 199.0 715.0 809.0 20.0 809.0 
1 3 0.83 0.83 715.0 199.0 715.0 809.0 20.0 809.0 800.0 424.0 800.0 
1 2 0.3 0.3 631.0 175.0 631.0 305.0 9.0 305.0 
1 3 0.75 0.75 631.0 175.0 631.0 305.0 9.0 305.0 683.0 307.0 683.0 
1 4 0.95 0.95 631.0 175.0 631.0 305.0 9.0 305.0 683.0 307.0 683.0 538.0 106.0 538.0 
1 2 0.53 0.53 800.0 282.0 800.0 315.0 57.0 315.0 
1 2 0.53 0.53 49.0 2.0 49.0 293.0 144.0 293.0 
1 3 0.54 0.54 49.0 2.0 49.0 293.0 144.0 293.0 858.0 7.0 858.0 
1 4 0.92 0.92 49.0 2.0 49.0 293.0 144.0 293.0 858.0 7.0 858.0 394.0 153.0 394.0 
1 2 0.72 0.72 742.0 204.0 742.0 894.0 402.0 894.0 
1 3 0.81 0.81 742.0 204.0 742.0 894.0 402.0 894.0 705.0 65.0 705.0 
1 2 0.57 0.57 542.0 90.0 542.0 621.0 256.0 621.0 
1 3 0.64 0.64 542.0 90.0 542.0 621.0 256.0 621.0 906.0 58.0 906.0 
1 4 0.7 0.7 542.0 90.0 542.0 621.0 256.0 621.0 906.0 58.0 906.0 74.0 5.0 74.0 
1 5 0.85 0.85 542.0 90.0 542.0 621.0 256.0 621.0 906.0 58.0 906.0 74.0 5.0 74.0 265.0 39.0 265.0 
1 2 0.38 0.38 61.0 19.0 61.0 271.0 21.0 271.0 
1 3 0.48 0.48 61.0 19.0 61.0 271.0 21.0 271.0 210.0 20.0 210.0 
1 4 0.68 0.68 61.0 19.0 61.0 271.0 21.0 271.0 210.0 20.0 210.0 96.0 19.0 96.0 
1 5 0.9 0.9 61.0 19.0 61.0 271.0 21.0 271.0 210.0 20.0 210.0 96.0 19.0 96.0 215.0 47.0 215.0 
1 2 0.43 0.43 490.0 11.0 490.0 163.0 68.0 163.0 
1 3 0.9 0.9 490.0 11.0 490.0 163.0 68.0 163.0 127.0 59.0 127.0 
1 2 0.5 0.5 74.0 14.0 74.0 582.0 186.0 582.0 
1 3 0.91 0.91 74.0 14.0 74.0 582.0 186.0 582.0 501.0 204.0 501.0 
1 2 0.66 0.66 316.0 120.0 316.0 753.0 212.0 753.0 
1 2 0.37 0.37 678.0 198.0 678.0 583.0 47.0 583.0 
1 3 0.38 0.38 678.0 198.0 678.0 583.0 47.0 583.0 498.0 5.0 498.0 
1 4 0.83 0.83 678.0 198.0 678.0 583.0 47.0 583.0 498.0 5.0 498.0 208.0 94.0 208.0 
1 2 0.46 0.46 256.0 56.0 256.0 929.0 231.0 929.0 
1 3 0.81 0.81 256.0 56.0 256.0 929.0 231.0 929.0 934.0 328.0 934.0 
1 4 0.98 0.98 256.0 56.0 256.0 929.0 231.0 929.0 934.0 328.0 934.0 551.0 93.0 551.0 
1 2 0.37 0.37 34.0 1.0 34.0 222.0 76.0 222.0 
1 3 0.67 0.67 34.0 1.0 34.0 222.0 76.0 222.0 980.0 299.0 980.0 
1 4 0.91 0.91 34.0 1.0 34.0 222.0 76.0 222.0 980.0 299.0 980.0 63.0 15.0 63.0 
1 5 0.92 0.92 34.0 1.0 34.0 222.0 76.0 222.0 980.0 299.0 980.0 63.0 15.0 63.0 195.0 2.0 195.0 
1 6 0.97 0.97 34.0 1.0 34.0 222.0 76.0 222.0 980.0 299.0 980.0 63.0 15.0 63.0 195.0 2.0 195.0 219.0 11.0 219.0 
1 2 0.23 0.23 308.0 19.0 308.0 390.0 67.0 390.0 
1 3 0.32 0.32 308.0 19.0 308.0 390.0 67.0 390.0 583.0 53.0 583.0 
1 4 0.6 0.6 308.0 19.0 308.0 390.0 67.0 390.0 583.0 53.0 583.0 882.0 247.0 882.0 
1 2 0.23 0.23 480.0 24.0 480.0 490.0 89.0 490.0 
1 3 0.72 0.72 480.0 24.0 480.0 490.0 89.0 490.0 610.0 304.0 610.0 
1 2 0.83 0.83 83.0 39.0 83.0 426.0 157.0 426.0 
1 2 0.65 0.65 72.0 34.0 72.0 200.0 36.0 200.0 
1 3 0.83 0.83 72.0 34.0 72.0 200.0 36.0 200.0 497.0 93.0 497.0 
1 2 0.41 0.41 418.0 126.0 418.0 880.0 101.0 880.0 
1 3 0.53 0.53 418.0 126.0 418.0 880.0 101.0 880.0 398.0 49.0 398.0 
1 4 0.83 0.83 418.0 126.0 418.0 880.0 101.0 880.0 398.0 49.0 398.0 980.0 287.0 980.0 
1 2 0.11 0.11 74.0 1.0 74.0 62.0 6.0 62.0 
1 3 0.12 0.12 74.0 1.0 74.0 62.0 6.0 62.0 946.0 17.0 946.0 
1 4 0.31 0.31 74.0 1.0 74.0 62.0 6.0 62.0 946.0 17.0 946.0 241.0 46.0 241.0 
1 5 0.81 0.81 74.0 1.0 74.0 62.0 6.0 62.0 946.0 17.0 946.0 241.0 46.0 241.0 928.0 464.0 928.0 
1 2 0.52 0.52 785.0 239.0 785.0 692.0 154.0 692.0 
1 3 0.61 0.61 785.0 239.0 785.0 692.0 154.0 692.0 301.0 27.0 301.0 
1 4 0.83 0.83 785.0 239.0 785.0 692.0 154.0 692.0 301.0 27.0 301.0 656.0 142.0 656.0 
1 2 0.41 0.41 274.0 27.0 274.0 353.0 112.0 353.0 
1 3 0.61 0.61 274.0 27.0 274.0 353.0 112.0 353.0 171.0 34.0 171.0 
1 2 0.67 0.67 829.0 384.0 829.0 736.0 159.0 736.0 
1 2 0.59 0.59 526.0 239.0 526.0 425.0 59.0 425.0 
1 2 0.67 0.67 703.0 267.0 703.0 694.0 204.0 694.0 
1 3 0.69 0.69 703.0 267.0 703.0 694.0 204.0 694.0 988.0 20.0 988.0 
1 2 0.38 0.38 123.0 29.0 123.0 838.0 129.0 838.0 
1 3 0.52 0.52 123.0 29.0 123.0 838.0 129.0 838.0 621.0 81.0 621.0 
1 4 0.83 0.83 123.0 29.0 123.0 838.0 129.0 838.0 621.0 81.0 621.0 92.0 29.0 92.0 
1 2 0.82 0.82 376.0 95.0 376.0 175.0 101.0 175.0 
1 2 0.39 0.39 634.0 188.0 634.0 278.0 27.0 278.0 
1 3 0.84 0.84 634.0 188.0 634.0 278.0 27.0 278.0 22.0 10.0 22.0 
1 2 0.44 0.44 295.0 6.0 295.0 161.0 69.0 161.0 
1 3 0.77 0.77 295.0 6.0 295.0 161.0 69.0 161.0 799.0 259.0 799.0 
1 4 0.93 0.93 295.0 6.0 295.0 161.0 69.0 161.0 799.0 259.0 799.0 689.0 113.0 689.0 
1 2 0.73 0.73 722.0 199.0 722.0 389.0 177.0 389.0 
1 3 0.96 0.96 722.0 199.0 722.0 389.0 177.0 389.0 636.0 148.0 636.0 
1 2 0.44 0.44 443.0 61.0 443.0 826.0 251.0 826.0 
1 3 0.84 0.84 443.0 61.0 443.0 826.0 251.0 826.0 525.0 213.0 525.0 
1 2 0.62 0.62 481.0 71.0 481.0 257.0 122.0 257.0 
1 3 0.7 0.7 481.0 71.0 481.0 257.0 122.0 257.0 286.0 25.0 286.0 
1 4 0.78 0.78 481.0 71.0 481.0 257.0 122.0 257.0 286.0 25.0 286.0 699.0 56.0 699.0 
1 2 0.29 0.29 596.0 104.0 596.0 440.0 52.0 440.0 
1 3 0.33 0.33 596.0 104.0 596.0 440.0 52.0 440.0 540.0 22.0 540.0 
1 4 0.82 0.82 596.0 104.0 596.0 440.0 52.0 440.0 540.0 22.0 540.0 502.0 246.0 502.0 
1 5 0.97 0.97 596.0 104.0 596.0 440.0 52.0 440.0 540.0 22.0 540.0 502.0 246.0 502.0 115.0 17.0 115.0 
1 2 0.81 0.81 892.0 406.0 892.0 786.0 279.0 786.0 
1 2 0.61 0.61 536.0 229.0 536.0 823.0 155.0 823.0 
1 3 0.64 0.64 536.0 229.0 536.0 823.0 155.0 823.0 264.0 7.0 264.0 
1 4 0.99 0.99 536.0 229.0 536.0 823.0 155.0 823.0 264.0 7.0 264.0 121.0 43.0 121.0 
1 2 0.36 0.36 695.0 223.0 695.0 618.0 26.0 618.0 
1 3 0.47 0.47 695.0 223.0 695.0 618.0 26.0 618.0 699.0 75.0 699.0 
1 2 0.32 0.32 791.0 96.0 791.0 591.0 120.0 591.0 
1 3 0.38 0.38 791.0 96.0 791.0 591.0 120.0 591.0 510.0 33.0 510.0 
1 4 0.7 0.7 791.0 96.0 791.0 591.0 120.0 591.0 510.0 33.0 510.0 124.0 39.0 124.0 
1 2 0.12 0.12 287.0 14.0 287.0 167.0 12.0 167.0 
1 3 0.25 0.25 287.0 14.0 287.0 167.0 12.0 167.0 351.0 48.0 351.0 
1 4 0.33 0.33 287.0 14.0 287.0 167.0 12.0 167.0 351.0 48.0 351.0 167.0 13.0 167.0 
1 5 0.57 0.57 287.0 14.0 287.0 167.0 12.0 167.0 351.0 48.0 351.0 167.0 13.0 167.0 543.0 132.0 543.0 
1 6 0.86 0.86 287.0 14.0 287.0 167.0 12.0 167.0 351.0 48.0 351.0 167.0 13.0 167.0 543.0 132.0 543.0 305.0 87.0 305.0 
1 2 0.24 0.24 416.0 36.0 416.0 245.0 40.0 245.0 
1 3 0.6 0.6 416.0 36.0 416.0 245.0 40.0 245.0 113.0 40.0 113.0 
1 4 0.84 0.84 416.0 36.0 416.0 245.0 40.0 245.0 113.0 40.0 113.0 488.0 117.0 488.0 
1 5 0.94 0.94 416.0 36.0 416.0 245.0 40.0 245.0 113.0 40.0 113.0 488.0 117.0 488.0 640.0 68.0 640.0 
1 2 0.64 0.64 541.0 175.0 541.0 935.0 302.0 935.0 
1 2 0.59 0.59 779.0 390.0 779.0 875.0 81.0 875.0 
1 2 0.61 0.61 571.0 151.0 571.0 306.0 108.0 306.0 
1 3 0.92 0.92 571.0 151.0 571.0 306.0 108.0 306.0 498.0 154.0 498.0 
1 2 0.37 0.37 456.0 143.0 456.0 121.0 8.0 121.0 
1 3 0.65 0.65 456.0 143.0 456.0 121.0 8.0 121.0 360.0 98.0 360.0 
1 4 0.9 0.9 456.0 143.0 456.0 121.0 8.0 121.0 360.0 98.0 360.0 548.0 138.0 548.0 
1 2 0.59 0.59 935.0 425.0 935.0 662.0 91.0 662.0 
1 3 0.66 0.66 935.0 425.0 935.0 662.0 91.0 662.0 536.0 38.0 536.0 
1 4 0.77 0.77 935.0 425.0 935.0 662.0 91.0 662.0 536.0 38.0 536.0 357.0 40.0 357.0 
1 2 0.4 0.4 523.0 183.0 523.0 801.0 42.0 801.0 
1 3 0.47 0.47 523.0 183.0 523.0 801.0 42.0 801.0 566.0 43.0 566.0 
1 4 0.64 0.64 523.0 183.0 523.0 801.0 42.0 801.0 566.0 43.0 566.0 421.0 71.0 421.0 
1 5 0.91 0.91 523.0 183.0 523.0 801.0 42.0 801.0 566.0 43.0 566.0 421.0 71.0 421.0 154.0 42.0 154.0 
1 2 0.24 0.24 680.0 29.0 680.0 131.0 26.0 131.0 
1 2 0.8 0.8 137.0 83.0 137.0 748.0 151.0 748.0 
1 2 0.31 0.31 514.0 40.0 514.0 43.0 10.0 43.0 
1 3 0.57 0.57 514.0 40.0 514.0 43.0 10.0 43.0 968.0 252.0 968.0 
1 4 0.77 0.77 514.0 40.0 514.0 43.0 10.0 43.0 968.0 252.0 968.0 235.0 47.0 235.0 
1 5 0.9 0.9 514.0 40.0 514.0 43.0 10.0 43.0 968.0 252.0 968.0 235.0 47.0 235.0 540.0 72.0 540.0 
1 2 0.54 0.54 242.0 22.0 242.0 268.0 123.0 268.0 
1 3 0.7 0.7 242.0 22.0 242.0 268.0 123.0 268.0 617.0 96.0 617.0 
1 2 0.43 0.43 461.0 129.0 461.0 44.0 7.0 44.0 
1 3 0.7 0.7 461.0 129.0 461.0 44.0 7.0 44.0 268.0 72.0 268.0 
1 4 0.92 0.92 461.0 129.0 461.0 44.0 7.0 44.0 268.0 72.0 268.0 69.0 15.0 69.0 
1 2 0.73 0.73 465.0 117.0 465.0 249.0 121.0 249.0 
1 2 0.69 0.69 811.0 181.0 811.0 680.0 318.0 680.0 
1 2 0.27 0.27 881.0 216.0 881.0 356.0 9.0 356.0 
1 3 0.41 0.41 881.0 216.0 881.0 356.0 9.0 356.0 490.0 72.0 490.0 
1 4 0.73 0.73 881.0 216.0 881.0 356.0 9.0 356.0 490.0 72.0 490.0 992.0 314.0 992.0 
1 5 0.75 0.75 881.0 216.0 881.0 356.0 9.0 356.0 490.0 72.0 490.0 992.0 314.0 992.0 626.0 12.0 626.0 
1 2 0.42 0.42 609.0 10.0 609.0 672.0 277.0 672.0 
1 3 0.9 0.9 609.0 10.0 609.0 672.0 277.0 672.0 120.0 57.0 120.0 
1 4 0.95 0.95 609.0 10.0 609.0 672.0 277.0 672.0 120.0 57.0 120.0 540.0 27.0 540.0 
1 2 0.11 0.11 924.0 57.0 924.0 106.0 6.0 106.0 
1 3 0.25 0.25 924.0 57.0 924.0 106.0 6.0 106.0 823.0 114.0 823.0 
1 4 0.75 0.75 924.0 57.0 924.0 106.0 6.0 106.0 823.0 114.0 823.0 330.0 164.0 330.0 
1 5 0.85 0.85 924.0 57.0 924.0 106.0 6.0 106.0 823.0 114.0 823.0 330.0 164.0 330.0 557.0 57.0 557.0 
1 2 0.11 0.11 638.0 39.0 638.0 386.0 22.0 386.0 
1 3 0.95 0.95 638.0 39.0 638.0 386.0 22.0 386.0 561.0 467.0 561.0 
1 2 0.38 0.38 306.0 43.0 306.0 596.0 143.0 596.0 
1 3 0.57 0.57 306.0 43.0 306.0 596.0 143.0 596.0 196.0 39.0 196.0 
1 2 0.72 0.72 949.0 382.0 949.0 860.0 281.0 860.0 
1 2 0.7 0.7 276.0 60.0 276.0 534.0 263.0 534.0 
1 2 0.7 0.7 822.0 206.0 822.0 866.0 394.0 866.0 
1 2 0.33 0.33 747.0 41.0 747.0 368.0 103.0 368.0 
1 3 0.83 0.83 747.0 41.0 747.0 368.0 103.0 368.0 215.0 108.0 215.0 
1 4 0.88 0.88 747.0 41.0 747.0 368.0 103.0 368.0 215.0 108.0 215.0 344.0 16.0 344.0 
1 2 0.99 0.99 755.0 14.0 755.0 79.0 77.0 79.0 
1 2 0.85 0.85 717.0 270.0 717.0 662.0 317.0 662.0 
1 2 0.44 0.44 774.0 275.0 774.0 410.0 35.0 410.0 
1 3 0.62 0.62 774.0 275.0 774.0 410.0 35.0 410.0 394.0 73.0 394.0 
1 2 0.58 0.58 989.0 492.0 989.0 171.0 15.0 171.0 
1 3 0.8 0.8 989.0 492.0 989.0 171.0 15.0 171.0 352.0 79.0 352.0 
1 2 0.3 0.3 695.0 121.0 695.0 863.0 114.0 863.0 
1 3 0.41 0.41 695.0 121.0 695.0 863.0 114.0 863.0 341.0 37.0 341.0 
1 4 0.67 0.67 695.0 121.0 695.0 863.0 114.0 863.0 341.0 37.0 341.0 961.0 251.0 961.0 
1 5 0.86 0.86 695.0 121.0 695.0 863.0 114.0 863.0 341.0 37.0 341.0 961.0 251.0 961.0 549.0 105.0 549.0 
1 6 0.97 0.97 695.0 121.0 695.0 863.0 114.0 863.0 341.0 37.0 341.0 961.0 251.0 961.0 549.0 105.0 549.0 765.0 82.0 765.0 
1 2 0.13 0.13 261.0 30.0 261.0 363.0 6.0 363.0 
1 3 0.49 0.49 261.0 30.0 261.0 363.0 6.0 363.0 633.0 227.0 633.0 
1 4 0.59 0.59 261.0 30.0 261.0 363.0 6.0 363.0 633.0 227.0 633.0 481.0 51.0 481.0 
1 2 0.68 0.68 435.0 118.0 435.0 108.0 45.0 108.0 
1 3 0.85 0.85 435.0 118.0 435.0 108.0 45.0 108.0 41.0 7.0 41.0 
1 2 0.37 0.37 955.0 237.0 955.0 959.0 121.0 959.0 
1 2 0.67 0.67 540.0 41.0 540.0 704.0 423.0 704.0 
1 3 0.88 0.88 540.0 41.0 540.0 704.0 423.0 704.0 427.0 88.0 427.0 
1 4 0.91 0.91 540.0 41.0 540.0 704.0 423.0 704.0 427.0 88.0 427.0 643.0 18.0 643.0 
1 2 0.48 0.48 181.0 2.0 181.0 801.0 376.0 801.0 
1 3 0.5 0.5 181.0 2.0 181.0 801.0 376.0 801.0 859.0 23.0 859.0 
1 4 0.52 0.52 181.0 2.0 181.0 801.0 376.0 801.0 859.0 23.0 859.0 678.0 10.0 678.0 
1 5 0.93 0.93 181.0 2.0 181.0 801.0 376.0 801.0 859.0 23.0 859.0 678.0 10.0 678.0 242.0 101.0 242.0 
1 2 0.17 0.17 678.0 49.0 678.0 355.0 36.0 355.0 
1 3 0.22 0.22 678.0 49.0 678.0 355.0 36.0 355.0 413.0 20.0 413.0 
1 4 0.69 0.69 678.0 49.0 678.0 355.0 36.0 355.0 413.0 20.0 413.0 636.0 302.0 636.0 
1 5 0.85 0.85 678.0 49.0 678.0 355.0 36.0 355.0 413.0 20.0 413.0 636.0 302.0 636.0 651.0 106.0 651.0 
1 2 0.63 0.63 459.0 134.0 459.0 161.0 56.0 161.0 
1 3 0.73 0.73 459.0 134.0 459.0 161.0 56.0 161.0 754.0 71.0 754.0 
1 4 0.95 0.95 459.0 134.0 459.0 161.0 56.0 161.0 754.0 71.0 754.0 913.0 205.0 913.0 
1 2 0.5 0.5 110.0 11.0 110.0 513.0 206.0 513.0 
1 3 0.91 0.91 110.0 11.0 110.0 513.0 206.0 513.0 51.0 21.0 51.0 
1 2 0.11 0.11 206.0 23.0 206.0 329.0 1.0 329.0 
1 3 0.31 0.31 206.0 23.0 206.0 329.0 1.0 329.0 904.0 183.0 904.0 
1 4 0.72 0.72 206.0 23.0 206.0 329.0 1.0 329.0 904.0 183.0 904.0 187.0 77.0 187.0 
1 2 0.89 0.89 120.0 59.0 120.0 358.0 145.0 358.0 
1 3 0.97 0.97 120.0 59.0 120.0 358.0 145.0 358.0 309.0 25.0 309.0 
1 2 0.51 0.51 413.0 15.0 413.0 497.0 238.0 497.0 
1 3 0.86 0.86 413.0 15.0 413.0 497.0 238.0 497.0 147.0 51.0 147.0 
1 2 0.49 0.49 77.0 5.0 77.0 505.0 217.0 505.0 
1 3 0.52 0.52 77.0 5.0 77.0 505.0 217.0 505.0 962.0 32.0 962.0 
1 2 0.28 0.28 821.0 3.0 821.0 950.0 267.0 950.0 
1 3 0.4 0.4 821.0 3.0 821.0 950.0 267.0 950.0 194.0 23.0 194.0 
1 4 0.55 0.55 821.0 3.0 821.0 950.0 267.0 950.0 194.0 23.0 194.0 911.0 138.0 911.0 
1 5 0.94 0.94 821.0 3.0 821.0 950.0 267.0 950.0 194.0 23.0 194.0 911.0 138.0 911.0 41.0 16.0 41.0 
1 2 0.25 0.25 85.0 6.0 85.0 997.0 186.0 997.0 
1 3 0.74 0.74 85.0 6.0 85.0 997.0 186.0 997.0 873.0 427.0 873.0 
1 4 0.91 0.91 85.0 6.0 85.0 997.0 186.0 997.0 873.0 427.0 873.0 391.0 66.0 391.0 
1 2 0.12 0.12 627.0 28.0 627.0 99.0 8.0 99.0 
1 2 0.87 0.87 569.0 100.0 569.0 921.0 648.0 921.0 
1 2 0.52 0.52 583.0 89.0 583.0 574.0 214.0 574.0 
1 3 0.6 0.6 583.0 89.0 583.0 574.0 214.0 574.0 651.0 49.0 651.0 
1 4 0.9 0.9 583.0 89.0 583.0 574.0 214.0 574.0 651.0 49.0 651.0 400.0 121.0 400.0 
1 2 0.26 0.26 743.0 194.0 743.0 407.0 3.0 407.0 
1 3 0.59 0.59 743.0 194.0 743.0 407.0 3.0 407.0 176.0 57.0 176.0 
1 2 0.78 0.78 967.0 307.0 967.0 364.0 170.0 364.0 
1 2 0.56 0.56 973.0 122.0 973.0 650.0 283.0 650.0 
1 2 0.5 0.5 62.0 20.0 62.0 196.0 35.0 196.0 
1 3 0.79 0.79 62.0 20.0 62.0 196.0 35.0 196.0 535.0 157.0 535.0 
1 2 0.64 0.64 267.0 53.0 267.0 214.0 96.0 214.0 
1 3 0.79 0.79 267.0 53.0 267.0 214.0 96.0 214.0 858.0 126.0 858.0 
1 2 0.44 0.44 27.0 4.0 27.0 761.0 228.0 761.0 
1 3 0.64 0.64 27.0 4.0 27.0 761.0 228.0 761.0 696.0 134.0 696.0 
1 4 0.97 0.97 27.0 4.0 27.0 761.0 228.0 761.0 696.0 134.0 696.0 3.0 1.0 3.0 
1 2 0.55 0.55 879.0 179.0 879.0 17.0 6.0 17.0 
1 3 0.99 0.99 879.0 179.0 879.0 17.0 6.0 17.0 683.0 299.0 683.0 
1 2 0.47 0.47 851.0 9.0 851.0 919.0 426.0 919.0 
1 3 0.58 0.58 851.0 9.0 851.0 919.0 426.0 919.0 852.0 98.0 852.0 
1 4 0.88 0.88 851.0 9.0 851.0 919.0 426.0 919.0 852.0 98.0 852.0 30.0 9.0 30.0 
1 2 0.86 0.86 981.0 119.0 981.0 760.0 564.0 760.0 
1 3 0.88 0.88 981.0 119.0 981.0 760.0 564.0 760.0 932.0 24.0 932.0 
1 2 0.23 0.23 746.0 60.0 746.0 172.0 26.0 172.0 
1 3 0.29 0.29 746.0 60.0 746.0 172.0 26.0 172.0 236.0 16.0 236.0 
1 4 0.48 0.48 746.0 60.0 746.0 172.0 26.0 172.0 236.0 16.0 236.0 830.0 158.0 830.0 
1 5 0.55 0.55 746.0 60.0 746.0 172.0 26.0 172.0 236.0 16.0 236.0 830.0 158.0 830.0 159.0 10.0 159.0 
1 6 0.99 0.99 746.0 60.0 746.0 172.0 26.0 172.0 236.0 16.0 236.0 830.0 158.0 830.0 159.0 10.0 159.0 670.0 295.0 670.0 
1 2 0.73 0.73 424.0 204.0 424.0 287.0 72.0 287.0 
1 2 0.5 0.5 15.0 6.0 15.0 205.0 22.0 205.0 
1 3 0.63 0.63 15.0 6.0 15.0 205.0 22.0 205.0 39.0 5.0 39.0 
1 4 0.97 0.97 15.0 6.0 15.0 205.0 22.0 205.0 39.0 5.0 39.0 248.0 83.0 248.0 
1 2 0.63 0.63 290.0 47.0 290.0 273.0 129.0 273.0 
1 3 0.65 0.65 290.0 47.0 290.0 273.0 129.0 273.0 324.0 7.0 324.0 
1 4 0.94 0.94 290.0 47.0 290.0 273.0 129.0 273.0 324.0 7.0 324.0 944.0 271.0 944.0 
1 5 0.95 0.95 290.0 47.0 290.0 273.0 129.0 273.0 324.0 7.0 324.0 944.0 271.0 944.0 500.0 8.0 500.0 
1 2 0.55 0.55 136.0 56.0 136.0 402.0 56.0 402.0 
1 3 0.73 0.73 136.0 56.0 136.0 402.0 56.0 402.0 452.0 82.0 452.0 
1 4 0.82 0.82 136.0 56.0 136.0 402.0 56.0 402.0 452.0 82.0 452.0 327.0 29.0 327.0 
1 2 0.89 0.89 437.0 92.0 437.0 995.0 677.0 995.0 
1 2 0.84 0.84 318.0 145.0 318.0 79.0 31.0 79.0 
1 2 0.96 0.96 716.0 509.0 716.0 192.0 49.0 192.0 
1 2 0.16 0.16 824.0 111.0 824.0 115.0 3.0 115.0 
1 3 0.17 0.17 824.0 111.0 824.0 115.0 3.0 115.0 801.0 8.0 801.0 
1 4 0.37 0.37 824.0 111.0 824.0 115.0 3.0 115.0 801.0 8.0 801.0 601.0 123.0 601.0 
1 5 0.58 0.58 824.0 111.0 824.0 115.0 3.0 115.0 801.0 8.0 801.0 601.0 123.0 601.0 580.0 124.0 580.0 
1 6 0.77 0.77 824.0 111.0 824.0 115.0 3.0 115.0 801.0 8.0 801.0 601.0 123.0 601.0 580.0 124.0 580.0 131.0 24.0 131.0 
1 7 0.94 0.94 824.0 111.0 824.0 115.0 3.0 115.0 801.0 8.0 801.0 601.0 123.0 601.0 580.0 124.0 580.0 131.0 24.0 131.0 988.0 169.0 988.0 
1 2 0.59 0.59 622.0 194.0 622.0 7.0 2.0 7.0 
1 3 0.93 0.93 622.0 194.0 622.0 7.0 2.0 7.0 6.0 2.0 6.0 
1 2 0.32 0.32 931.0 124.0 931.0 182.0 35.0 182.0 
1 3 0.39 0.39 931.0 124.0 931.0 182.0 35.0 182.0 917.0 64.0 917.0 
1 4 0.84 0.84 931.0 124.0 931.0 182.0 35.0 182.0 917.0 64.0 917.0 342.0 153.0 342.0 
1 2 0.78 0.78 369.0 146.0 369.0 972.0 383.0 972.0 
1 3 0.97 0.97 369.0 146.0 369.0 972.0 383.0 972.0 334.0 61.0 334.0 
1 2 0.85 0.85 347.0 157.0 347.0 172.0 69.0 172.0 
1 2 0.65 0.65 701.0 167.0 701.0 710.0 297.0 710.0 
1 2 0.6 0.6 304.0 136.0 304.0 870.0 134.0 870.0 
1 2 0.15 0.15 141.0 3.0 141.0 513.0 70.0 513.0 
1 3 0.32 0.32 141.0 3.0 141.0 513.0 70.0 513.0 170.0 29.0 170.0 
1 4 0.53 0.53 141.0 3.0 141.0 513.0 70.0 513.0 170.0 29.0 170.0 946.0 199.0 946.0 
1 5 0.69 0.69 141.0 3.0 141.0 513.0 70.0 513.0 170.0 29.0 170.0 946.0 199.0 946.0 500.0 78.0 500.0 
1 6 0.77 0.77 141.0 3.0 141.0 513.0 70.0 513.0 170.0 29.0 170.0 946.0 199.0 946.0 500.0 78.0 500.0 284.0 22.0 284.0 
1 2 0.46 0.46 529.0 173.0 529.0 802.0 110.0 802.0 
1 3 0.73 0.73 529.0 173.0 529.0 802.0 110.0 802.0 312.0 83.0 312.0 
1 2 0.79 0.79 62.0 24.0 62.0 763.0 313.0 763.0 
1 2 0.5 0.5 112.0 8.0 112.0 918.0 398.0 918.0 
1 3 0.75 0.75 112.0 8.0 112.0 918.0 398.0 918.0 957.0 244.0 957.0 
1 4 0.89 0.89 112.0 8.0 112.0 918.0 398.0 918.0 957.0 244.0 957.0 941.0 129.0 941.0 
1 5 0.9 0.9 112.0 8.0 112.0 918.0 398.0 918.0 957.0 244.0 957.0 941.0 129.0 941.0 217.0 2.0 217.0 
1 6 0.96 0.96 112.0 8.0 112.0 918.0 398.0 918.0 957.0 244.0 957.0 941.0 129.0 941.0 217.0 2.0 217.0 203.0 12.0 203.0 
1 2 0.44 0.44 874.0 95.0 874.0 54.0 18.0 54.0 
1 2 0.22 0.22 428.0 24.0 428.0 752.0 124.0 752.0 
1 3 0.52 0.52 428.0 24.0 428.0 752.0 124.0 752.0 483.0 146.0 483.0 
1 2 0.28 0.28 855.0 151.0 855.0 450.0 48.0 450.0 
1 3 0.55 0.55 855.0 151.0 855.0 450.0 48.0 450.0 556.0 149.0 556.0 
1 4 0.86 0.86 855.0 151.0 855.0 450.0 48.0 450.0 556.0 149.0 556.0 562.0 176.0 562.0 
1 2 0.63 0.63 272.0 68.0 272.0 242.0 94.0 242.0 
1 3 0.87 0.87 272.0 68.0 272.0 242.0 94.0 242.0 932.0 222.0 932.0 
1 4 0.92 0.92 272.0 68.0 272.0 242.0 94.0 242.0 932.0 222.0 932.0 812.0 38.0 812.0 
1 5 0.94 0.94 272.0 68.0 272.0 242.0 94.0 242.0 932.0 222.0 932.0 812.0 38.0 812.0 632.0 13.0 632.0 
1 2 0.83 0.83 709.0 269.0 709.0 148.0 68.0 148.0 
1 2 0.93 0.93 740.0 304.0 740.0 764.0 402.0 764.0 
1 2 0.1 0.1 378.0 30.0 378.0 621.0 14.0 621.0 
1 3 0.51 0.51 378.0 30.0 378.0 621.0 14.0 621.0 220.0 90.0 220.0 
1 4 0.83 0.83 378.0 30.0 378.0 621.0 14.0 621.0 220.0 90.0 220.0 500.0 160.0 500.0 
1 2 0.51 0.51 71.0 28.0 71.0 24.0 3.0 24.0 
1 3 0.7 0.7 71.0 28.0 71.0 24.0 3.0 24.0 297.0 54.0 297.0 
1 2 0.93 0.93 886.0 269.0 886.0 167.0 106.0 167.0 
1 2 0.27 0.27 946.0 249.0 946.0 656.0 9.0 656.0 
1 3 0.53 0.53 946.0 249.0 946.0 656.0 9.0 656.0 449.0 115.0 449.0 
1 4 0.86 0.86 946.0 249.0 946.0 656.0 9.0 656.0 449.0 115.0 449.0 101.0 34.0 101.0 
1 2 0.85 0.85 543.0 257.0 543.0 65.0 25.0 65.0 
1 2 0.09 0.09 273.0 24.0 273.0 252.0 1.0 252.0 
1 3 0.26 0.26 273.0 24.0 273.0 252.0 1.0 252.0 436.0 77.0 436.0 
1 4 0.41 0.41 273.0 24.0 273.0 252.0 1.0 252.0 436.0 77.0 436.0 494.0 73.0 494.0 
1 5 0.85 0.85 273.0 24.0 273.0 252.0 1.0 252.0 436.0 77.0 436.0 494.0 73.0 494.0 365.0 160.0 365.0 
1 6 0.87 0.87 273.0 24.0 273.0 252.0 1.0 252.0 436.0 77.0 436.0 494.0 73.0 494.0 365.0 160.0 365.0 842.0 15.0 842.0 
1 7 0.96 0.96 273.0 24.0 273.0 252.0 1.0 252.0 436.0 77.0 436.0 494.0 73.0 494.0 365.0 160.0 365.0 842.0 15.0 842.0 749.0 69.0 749.0 
1 2 0.26 0.26 389.0 68.0 389.0 451.0 39.0 451.0 
1 3 0.61 0.61 389.0 68.0 389.0 451.0 39.0 451.0 244.0 87.0 244.0 
1 2 0.74 0.74 737.0 198.0 737.0 67.0 32.0 67.0 
1 3 0.88 0.88 737.0 198.0 737.0 67.0 32.0 67.0 29.0 4.0 29.0 
1 2 0.47 0.47 475.0 25.0 475.0 341.0 143.0 341.0 
1 2 0.39 0.39 300.0 21.0 300.0 310.0 101.0 310.0 
1 3 0.45 0.45 300.0 21.0 300.0 310.0 101.0 310.0 201.0 12.0 201.0 
1 4 0.93 0.93 300.0 21.0 300.0 310.0 101.0 310.0 201.0 12.0 201.0 460.0 222.0 460.0 
1 2 0.57 0.57 319.0 153.0 319.0 267.0 25.0 267.0 
1 3 0.64 0.64 319.0 153.0 319.0 267.0 25.0 267.0 744.0 56.0 744.0 
1 4 0.84 0.84 319.0 153.0 319.0 267.0 25.0 267.0 744.0 56.0 744.0 992.0 191.0 992.0 
1 2 0.15 0.15 550.0 81.0 550.0 512.0 4.0 512.0 
1 3 0.2 0.2 550.0 81.0 550.0 512.0 4.0 512.0 231.0 12.0 231.0 
1 4 0.62 0.62 550.0 81.0 550.0 512.0 4.0 512.0 231.0 12.0 231.0 392.0 163.0 392.0 
1 2 0.39 0.39 188.0 30.0 188.0 683.0 158.0 683.0 
1 3 0.65 0.65 188.0 30.0 188.0 683.0 158.0 683.0 925.0 243.0 925.0 
1 4 0.75 0.75 188.0 30.0 188.0 683.0 158.0 683.0 925.0 243.0 925.0 516.0 53.0 516.0 
1 2 0.33 0.33 269.0 79.0 269.0 324.0 15.0 324.0 
1 3 0.41 0.41 269.0 79.0 269.0 324.0 15.0 324.0 505.0 40.0 505.0 
1 4 0.5 0.5 269.0 79.0 269.0 324.0 15.0 324.0 505.0 40.0 505.0 513.0 42.0 513.0 
1 5 0.8 0.8 269.0 79.0 269.0 324.0 15.0 324.0 505.0 40.0 505.0 513.0 42.0 513.0 962.0 290.0 962.0 
1 6 0.86 0.86 269.0 79.0 269.0 324.0 15.0 324.0 505.0 40.0 505.0 513.0 42.0 513.0 962.0 290.0 962.0 806.0 53.0 806.0 
1 2 0.88 0.88 71.0 23.0 71.0 947.0 530.0 947.0 
1 2 0.83 0.83 8.0 4.0 8.0 922.0 312.0 922.0 
1 3 0.94 0.94 8.0 4.0 8.0 922.0 312.0 922.0 310.0 34.0 310.0 
1 2 0.89 0.89 111.0 52.0 111.0 131.0 56.0 131.0 
1 3 0.98 0.98 111.0 52.0 111.0 131.0 56.0 131.0 221.0 20.0 221.0 
1 2 0.44 0.44 236.0 4.0 236.0 594.0 252.0 594.0 
1 3 0.6 0.6 236.0 4.0 236.0 594.0 252.0 594.0 267.0 44.0 267.0 
1 4 0.94 0.94 236.0 4.0 236.0 594.0 252.0 594.0 267.0 44.0 267.0 909.0 305.0 909.0 
1 2 0.72 0.72 601.0 227.0 601.0 565.0 198.0 565.0 
1 2 0.58 0.58 960.0 293.0 960.0 752.0 214.0 752.0 
1 3 0.98 0.98 960.0 293.0 960.0 752.0 214.0 752.0 871.0 347.0 871.0 
1 2 0.72 0.72 676.0 288.0 676.0 356.0 106.0 356.0 
1 2 0.29 0.29 556.0 12.0 556.0 402.0 108.0 402.0 
1 3 0.4 0.4 556.0 12.0 556.0 402.0 108.0 402.0 185.0 21.0 185.0 
1 4 0.78 0.78 556.0 12.0 556.0 402.0 108.0 402.0 185.0 21.0 185.0 123.0 47.0 123.0 
1 2 0.31 0.31 15.0 3.0 15.0 965.0 113.0 965.0 
1 3 0.62 0.62 15.0 3.0 15.0 965.0 113.0 965.0 547.0 171.0 547.0 
1 2 0.41 0.41 337.0 52.0 337.0 679.0 179.0 679.0 
1 3 0.47 0.47 337.0 52.0 337.0 679.0 179.0 679.0 218.0 13.0 218.0 
1 4 0.49 0.49 337.0 52.0 337.0 679.0 179.0 679.0 218.0 13.0 218.0 52.0 1.0 52.0 
1 5 0.9 0.9 337.0 52.0 337.0 679.0 179.0 679.0 218.0 13.0 218.0 52.0 1.0 52.0 85.0 35.0 85.0 
1 2 0.62 0.62 165.0 54.0 165.0 314.0 95.0 314.0 
1 3 0.91 0.91 165.0 54.0 165.0 314.0 95.0 314.0 926.0 267.0 926.0 
1 2 0.79 0.79 228.0 99.0 228.0 626.0 225.0 626.0 
1 3 0.92 0.92 228.0 99.0 228.0 626.0 225.0 626.0 543.0 70.0 543.0 
1 2 0.52 0.52 252.0 46.0 252.0 682.0 233.0 682.0 
1 3 0.74 0.74 252.0 46.0 252.0 682.0 233.0 682.0 93.0 21.0 93.0 
1 2 0.54 0.54 654.0 233.0 654.0 114.0 22.0 114.0 
1 3 0.78 0.78 654.0 233.0 654.0 114.0 22.0 114.0 25.0 6.0 25.0 
1 4 0.87 0.87 654.0 233.0 654.0 114.0 22.0 114.0 25.0 6.0 25.0 346.0 31.0 346.0 
1 2 0.73 0.73 437.0 66.0 437.0 438.0 255.0 438.0 
1 2 0.29 0.29 573.0 132.0 573.0 933.0 60.0 933.0 
1 3 0.43 0.43 573.0 132.0 573.0 933.0 60.0 933.0 893.0 122.0 893.0 
1 4 0.56 0.56 573.0 132.0 573.0 933.0 60.0 933.0 893.0 122.0 893.0 268.0 35.0 268.0 
1 5 0.95 0.95 573.0 132.0 573.0 933.0 60.0 933.0 893.0 122.0 893.0 268.0 35.0 268.0 832.0 331.0 832.0 
1 2 0.56 0.56 155.0 67.0 155.0 615.0 83.0 615.0 
1 3 0.87 0.87 155.0 67.0 155.0 615.0 83.0 615.0 874.0 268.0 874.0 
1 2 0.41 0.41 401.0 121.0 401.0 786.0 89.0 786.0 
1 3 0.61 0.61 401.0 121.0 401.0 786.0 89.0 786.0 146.0 29.0 146.0 
1 4 0.88 0.88 401.0 121.0 401.0 786.0 89.0 786.0 146.0 29.0 146.0 279.0 75.0 279.0 
1 2 0.33 0.33 523.0 130.0 523.0 966.0 83.0 966.0 
1 2 0.66 0.66 758.0 367.0 758.0 338.0 62.0 338.0 
1 3 0.78 0.78 758.0 367.0 758.0 338.0 62.0 338.0 936.0 114.0 936.0 
1 4 0.81 0.81 758.0 367.0 758.0 338.0 62.0 338.0 936.0 114.0 936.0 950.0 25.0 950.0 
1 2 0.22 0.22 468.0 16.0 468.0 935.0 183.0 935.0 
1 3 0.28 0.28 468.0 16.0 468.0 935.0 183.0 935.0 765.0 41.0 765.0 
1 4 0.33 0.33 468.0 16.0 468.0 935.0 183.0 935.0 765.0 41.0 765.0 482.0 27.0 482.0 
1 5 0.63 0.63 468.0 16.0 468.0 935.0 183.0 935.0 765.0 41.0 765.0 482.0 27.0 482.0 57.0 17.0 57.0 
1 6 0.66 0.66 468.0 16.0 468.0 935.0 183.0 935.0 765.0 41.0 765.0 482.0 27.0 482.0 57.0 17.0 57.0 804.0 25.0 804.0 
1 7 0.8 0.8 468.0 16.0 468.0 935.0 183.0 935.0 765.0 41.0 765.0 482.0 27.0 482.0 57.0 17.0 57.0 804.0 25.0 804.0 460.0 61.0 460.0 
1 2 0.52 0.52 189.0 12.0 189.0 80.0 37.0 80.0 
1 3 0.72 0.72 189.0 12.0 189.0 80.0 37.0 80.0 672.0 131.0 672.0 
1 4 0.74 0.74 189.0 12.0 189.0 80.0 37.0 80.0 672.0 131.0 672.0 347.0 9.0 347.0 
1 5 0.98 0.98 189.0 12.0 189.0 80.0 37.0 80.0 672.0 131.0 672.0 347.0 9.0 347.0 987.0 234.0 987.0 
1 2 0.86 0.86 697.0 324.0 697.0 721.0 285.0 721.0 
1 3 0.9 0.9 697.0 324.0 697.0 721.0 285.0 721.0 622.0 27.0 622.0 
1 4 0.96 0.96 697.0 324.0 697.0 721.0 285.0 721.0 622.0 27.0 622.0 843.0 55.0 843.0 
1 2 0.4 0.4 976.0 336.0 976.0 717.0 41.0 717.0 
1 3 0.5 0.5 976.0 336.0 976.0 717.0 41.0 717.0 419.0 42.0 419.0 
1 4 0.61 0.61 976.0 336.0 976.0 717.0 41.0 717.0 419.0 42.0 419.0 844.0 97.0 844.0 
1 5 0.7 0.7 976.0 336.0 976.0 717.0 41.0 717.0 419.0 42.0 419.0 844.0 97.0 844.0 89.0 8.0 89.0 
1 2 0.49 0.49 762.0 9.0 762.0 31.0 15.0 31.0 
1 3 0.57 0.57 762.0 9.0 762.0 31.0 15.0 31.0 772.0 61.0 772.0 
1 2 0.91 0.91 2.0 1.0 2.0 736.0 308.0 736.0 
1 2 0.96 0.96 449.0 92.0 449.0 626.0 475.0 626.0 
1 2 0.61 0.61 989.0 487.0 989.0 543.0 64.0 543.0 
1 3 0.89 0.89 989.0 487.0 989.0 543.0 64.0 543.0 511.0 144.0 511.0 
1 2 0.49 0.49 577.0 16.0 577.0 701.0 329.0 701.0 
1 3 0.83 0.83 577.0 16.0 577.0 701.0 329.0 701.0 333.0 113.0 333.0 
1 2 0.71 0.71 581.0 172.0 581.0 260.0 108.0 260.0 
1 3 0.89 0.89 581.0 172.0 581.0 260.0 108.0 260.0 395.0 74.0 395.0 
1 2 0.46 0.46 540.0 226.0 540.0 755.0 32.0 755.0 
1 3 0.58 0.58 540.0 226.0 540.0 755.0 32.0 755.0 422.0 54.0 422.0 
1 4 0.87 0.87 540.0 226.0 540.0 755.0 32.0 755.0 422.0 54.0 422.0 592.0 168.0 592.0 
1 2 0.55 0.55 829.0 116.0 829.0 495.0 206.0 495.0 
1 2 0.42 0.42 176.0 20.0 176.0 633.0 195.0 633.0 
1 3 0.8 0.8 176.0 20.0 176.0 633.0 195.0 633.0 746.0 289.0 746.0 
1 2 0.62 0.62 180.0 31.0 180.0 151.0 69.0 151.0 
1 3 0.89 0.89 180.0 31.0 180.0 151.0 69.0 151.0 452.0 121.0 452.0 
1 2 0.47 0.47 139.0 42.0 139.0 215.0 38.0 215.0 
1 2 0.39 0.39 493.0 80.0 493.0 594.0 137.0 594.0 
1 3 0.55 0.55 493.0 80.0 493.0 594.0 137.0 594.0 488.0 81.0 488.0 
1 4 0.66 0.66 493.0 80.0 493.0 594.0 137.0 594.0 488.0 81.0 488.0 637.0 69.0 637.0 
1 5 0.78 0.78 493.0 80.0 493.0 594.0 137.0 594.0 488.0 81.0 488.0 637.0 69.0 637.0 292.0 35.0 292.0 
1 2 0.53 0.53 566.0 91.0 566.0 961.0 363.0 961.0 
1 3 0.96 0.96 566.0 91.0 566.0 961.0 363.0 961.0 477.0 202.0 477.0 
1 2 0.58 0.58 993.0 243.0 993.0 372.0 127.0 372.0 
1 3 0.99 0.99 993.0 243.0 993.0 372.0 127.0 372.0 367.0 151.0 367.0 
1 2 0.7 0.7 579.0 160.0 579.0 105.0 45.0 105.0 
1 3 0.75 0.75 579.0 160.0 579.0 105.0 45.0 105.0 482.0 24.0 482.0 
1 4 0.77 0.77 579.0 160.0 579.0 105.0 45.0 105.0 482.0 24.0 482.0 703.0 13.0 703.0 
1 2 0.59 0.59 16.0 5.0 16.0 128.0 36.0 128.0 
1 2 0.85 0.85 567.0 226.0 567.0 771.0 355.0 771.0 
1 2 0.34 0.34 593.0 134.0 593.0 632.0 76.0 632.0 
1 3 0.37 0.37 593.0 134.0 593.0 632.0 76.0 632.0 327.0 11.0 327.0 
1 4 0.69 0.69 593.0 134.0 593.0 632.0 76.0 632.0 327.0 11.0 327.0 954.0 296.0 954.0 
1 2 0.7 0.7 259.0 99.0 259.0 160.0 51.0 160.0 
1 3 0.89 0.89 259.0 99.0 259.0 160.0 51.0 160.0 940.0 181.0 940.0 
1 2 0.61 0.61 573.0 106.0 573.0 74.0 32.0 74.0 
1 3 0.82 0.82 573.0 106.0 573.0 74.0 32.0 74.0 648.0 133.0 648.0 
1 4 0.92 0.92 573.0 106.0 573.0 74.0 32.0 74.0 648.0 133.0 648.0 84.0 9.0 84.0 
1 2 0.69 0.69 452.0 137.0 452.0 673.0 262.0 673.0 
1 2 0.44 0.44 762.0 208.0 762.0 29.0 5.0 29.0 
1 3 0.59 0.59 762.0 208.0 762.0 29.0 5.0 29.0 119.0 18.0 119.0 
1 4 0.65 0.65 762.0 208.0 762.0 29.0 5.0 29.0 119.0 18.0 119.0 646.0 36.0 646.0 
1 5 0.88 0.88 762.0 208.0 762.0 29.0 5.0 29.0 119.0 18.0 119.0 646.0 36.0 646.0 43.0 10.0 43.0 
1 2 0.64 0.64 138.0 14.0 138.0 575.0 312.0 575.0 
1 2 0.53 0.53 916.0 172.0 916.0 544.0 187.0 544.0 
1 3 0.65 0.65 916.0 172.0 916.0 544.0 187.0 544.0 559.0 67.0 559.0 
1 4 0.66 0.66 916.0 172.0 916.0 544.0 187.0 544.0 559.0 67.0 559.0 458.0 6.0 458.0 
1 5 0.94 0.94 916.0 172.0 916.0 544.0 187.0 544.0 559.0 67.0 559.0 458.0 6.0 458.0 746.0 212.0 746.0 
1 2 0.58 0.58 358.0 37.0 358.0 611.0 295.0 611.0 
1 2 0.78 0.78 605.0 123.0 605.0 978.0 566.0 978.0 
1 3 0.91 0.91 605.0 123.0 605.0 978.0 566.0 978.0 546.0 72.0 546.0 
1 2 0.56 0.56 975.0 272.0 975.0 810.0 233.0 810.0 
1 3 0.84 0.84 975.0 272.0 975.0 810.0 233.0 810.0 244.0 68.0 244.0 
1 2 0.47 0.47 474.0 138.0 474.0 38.0 7.0 38.0 
1 3 0.51 0.51 474.0 138.0 474.0 38.0 7.0 38.0 991.0 36.0 991.0 
1 4 0.9 0.9 474.0 138.0 474.0 38.0 7.0 38.0 991.0 36.0 991.0 523.0 204.0 523.0 
1 5 0.94 0.94 474.0 138.0 474.0 38.0 7.0 38.0 991.0 36.0 991.0 523.0 204.0 523.0 804.0 36.0 804.0 
1 2 0.48 0.48 711.0 196.0 711.0 439.0 92.0 439.0 
1 3 0.91 0.91 711.0 196.0 711.0 439.0 92.0 439.0 318.0 136.0 318.0 
1 2 0.61 0.61 678.0 166.0 678.0 841.0 314.0 841.0 
1 2 0.36 0.36 399.0 8.0 399.0 644.0 221.0 644.0 
1 3 0.61 0.61 399.0 8.0 399.0 644.0 221.0 644.0 750.0 190.0 750.0 
1 4 0.86 0.86 399.0 8.0 399.0 644.0 221.0 644.0 750.0 190.0 750.0 868.0 217.0 868.0 
1 5 0.89 0.89 399.0 8.0 399.0 644.0 221.0 644.0 750.0 190.0 750.0 868.0 217.0 868.0 681.0 20.0 681.0 
1 2 0.5 0.5 554.0 192.0 554.0 221.0 35.0 221.0 
1 3 0.55 0.55 554.0 192.0 554.0 221.0 35.0 221.0 985.0 52.0 985.0 
1 4 0.98 0.98 554.0 192.0 554.0 221.0 35.0 221.0 985.0 52.0 985.0 575.0 246.0 575.0 
1 2 0.82 0.82 710.0 422.0 710.0 74.0 17.0 74.0 
1 2 0.6 0.6 972.0 388.0 972.0 139.0 29.0 139.0 
1 2 0.63 0.63 189.0 6.0 189.0 581.0 353.0 581.0 
1 3 0.67 0.67 189.0 6.0 189.0 581.0 353.0 581.0 838.0 29.0 838.0 
1 2 0.91 0.91 94.0 16.0 94.0 754.0 559.0 754.0 
1 2 0.45 0.45 266.0 111.0 266.0 575.0 19.0 575.0 
1 3 0.66 0.66 266.0 111.0 266.0 575.0 19.0 575.0 825.0 175.0 825.0 
1 2 0.25 0.25 287.0 57.0 287.0 802.0 45.0 802.0 
1 3 0.26 0.26 287.0 57.0 287.0 802.0 45.0 802.0 731.0 4.0 731.0 
1 4 0.38 0.38 287.0 57.0 287.0 802.0 45.0 802.0 731.0 4.0 731.0 150.0 19.0 150.0 
1 5 0.82 0.82 287.0 57.0 287.0 802.0 45.0 802.0 731.0 4.0 731.0 150.0 19.0 150.0 149.0 65.0 149.0 
1 2 0.7 0.7 444.0 168.0 444.0 652.0 213.0 652.0 
1 2 0.28 0.28 830.0 144.0 830.0 945.0 102.0 945.0 
1 3 0.66 0.66 830.0 144.0 830.0 945.0 102.0 945.0 286.0 111.0 286.0 
1 2 0.98 0.98 581.0 229.0 581.0 435.0 258.0 435.0 
1 2 0.45 0.45 23.0 8.0 23.0 468.0 48.0 468.0 
1 3 0.81 0.81 23.0 8.0 23.0 468.0 48.0 468.0 361.0 133.0 361.0 
1 2 0.46 0.46 872.0 173.0 872.0 603.0 158.0 603.0 
1 3 0.96 0.96 872.0 173.0 872.0 603.0 158.0 603.0 348.0 174.0 348.0 
1 4 0.97 0.97 872.0 173.0 872.0 603.0 158.0 603.0 348.0 174.0 348.0 303.0 4.0 303.0 
1 2 0.56 0.56 270.0 107.0 270.0 294.0 51.0 294.0 
1 3 0.8 0.8 270.0 107.0 270.0 294.0 51.0 294.0 85.0 20.0 85.0 
1 2 0.68 0.68 673.0 286.0 673.0 427.0 110.0 427.0 
1 2 0.8 0.8 261.0 21.0 261.0 874.0 636.0 874.0 
1 2 0.2 0.2 563.0 64.0 563.0 634.0 55.0 634.0 
1 3 0.45 0.45 563.0 64.0 563.0 634.0 55.0 634.0 499.0 129.0 499.0 
1 4 0.49 0.49 563.0 64.0 563.0 634.0 55.0 634.0 499.0 129.0 499.0 348.0 11.0 348.0 
1 2 0.63 0.63 759.0 339.0 759.0 116.0 22.0 116.0 
1 3 0.91 0.91 759.0 339.0 759.0 116.0 22.0 116.0 772.0 212.0 772.0 
1 2 0.17 0.17 670.0 45.0 670.0 169.0 19.0 169.0 
1 3 0.3 0.3 670.0 45.0 670.0 169.0 19.0 169.0 388.0 47.0 388.0 
1 4 0.79 0.79 670.0 45.0 670.0 169.0 19.0 169.0 388.0 47.0 388.0 971.0 483.0 971.0 
1 5 0.8 0.8 670.0 45.0 670.0 169.0 19.0 169.0 388.0 47.0 388.0 971.0 483.0 971.0 199.0 2.0 199.0 
1 2 0.43 0.43 996.0 42.0 996.0 843.0 330.0 843.0 
1 3 0.49 0.49 996.0 42.0 996.0 843.0 330.0 843.0 275.0 18.0 275.0 
1 4 0.86 0.86 996.0 42.0 996.0 843.0 330.0 843.0 275.0 18.0 275.0 424.0 155.0 424.0 
1 2 0.29 0.29 849.0 189.0 849.0 768.0 55.0 768.0 
1 3 0.53 0.53 849.0 189.0 849.0 768.0 55.0 768.0 554.0 133.0 554.0 
1 4 0.61 0.61 849.0 189.0 849.0 768.0 55.0 768.0 554.0 133.0 554.0 990.0 81.0 990.0 
1 5 0.94 0.94 849.0 189.0 849.0 768.0 55.0 768.0 554.0 133.0 554.0 990.0 81.0 990.0 6.0 2.0 6.0 
1 2 0.48 0.48 706.0 40.0 706.0 477.0 205.0 477.0 
1 3 0.5 0.5 706.0 40.0 706.0 477.0 205.0 477.0 901.0 15.0 901.0 
1 2 0.54 0.54 917.0 63.0 917.0 713.0 337.0 713.0 
1 3 0.6 0.6 917.0 63.0 917.0 713.0 337.0 713.0 968.0 61.0 968.0 
1 4 0.66 0.66 917.0 63.0 917.0 713.0 337.0 713.0 968.0 61.0 968.0 191.0 12.0 191.0 
1 2 0.37 0.37 962.0 35.0 962.0 892.0 301.0 892.0 
1 3 0.54 0.54 962.0 35.0 962.0 892.0 301.0 892.0 402.0 67.0 402.0 
1 4 0.68 0.68 962.0 35.0 962.0 892.0 301.0 892.0 402.0 67.0 402.0 779.0 116.0 779.0 
1 5 0.75 0.75 962.0 35.0 962.0 892.0 301.0 892.0 402.0 67.0 402.0 779.0 116.0 779.0 773.0 53.0 773.0 
1 6 0.79 0.79 962.0 35.0 962.0 892.0 301.0 892.0 402.0 67.0 402.0 779.0 116.0 779.0 773.0 53.0 773.0 538.0 18.0 538.0 
1 2 0.21 0.21 126.0 25.0 126.0 666.0 8.0 666.0 
1 3 0.59 0.59 126.0 25.0 126.0 666.0 8.0 666.0 388.0 150.0 388.0 
1 2 0.24 0.24 895.0 19.0 895.0 815.0 182.0 815.0 
1 3 0.44 0.44 895.0 19.0 895.0 815.0 182.0 815.0 662.0 132.0 662.0 
1 4 0.45 0.45 895.0 19.0 895.0 815.0 182.0 815.0 662.0 132.0 662.0 381.0 4.0 381.0 
1 5 0.5 0.5 895.0 19.0 895.0 815.0 182.0 815.0 662.0 132.0 662.0 381.0 4.0 381.0 543.0 29.0 543.0 
1 6 0.52 0.52 895.0 19.0 895.0 815.0 182.0 815.0 662.0 132.0 662.0 381.0 4.0 381.0 543.0 29.0 543.0 384.0 8.0 384.0 
1 7 0.85 0.85 895.0 19.0 895.0 815.0 182.0 815.0 662.0 132.0 662.0 381.0 4.0 381.0 543.0 29.0 543.0 384.0 8.0 384.0 892.0 293.0 892.0 
1 2 0.7 0.7 888.0 410.0 888.0 323.0 79.0 323.0 
1 3 0.77 0.77 888.0 410.0 888.0 323.0 79.0 323.0 731.0 53.0 731.0 
1 4 0.86 0.86 888.0 410.0 888.0 323.0 79.0 323.0 731.0 53.0 731.0 56.0 5.0 56.0 
1 5 0.92 0.92 888.0 410.0 888.0 323.0 79.0 323.0 731.0 53.0 731.0 56.0 5.0 56.0 36.0 2.0 36.0 
1 2 0.37 0.37 9.0 3.0 9.0 776.0 32.0 776.0 
1 3 0.52 0.52 9.0 3.0 9.0 776.0 32.0 776.0 550.0 82.0 550.0 
1 4 0.69 0.69 9.0 3.0 9.0 776.0 32.0 776.0 550.0 82.0 550.0 480.0 80.0 480.0 
1 2 0.29 0.29 392.0 20.0 392.0 271.0 65.0 271.0 
1 3 0.43 0.43 392.0 20.0 392.0 271.0 65.0 271.0 813.0 117.0 813.0 
1 4 0.92 0.92 392.0 20.0 392.0 271.0 65.0 271.0 813.0 117.0 813.0 778.0 385.0 778.0 
1 2 0.31 0.31 435.0 96.0 435.0 726.0 68.0 726.0 
1 3 0.61 0.61 435.0 96.0 435.0 726.0 68.0 726.0 384.0 116.0 384.0 
1 4 0.64 0.64 435.0 96.0 435.0 726.0 68.0 726.0 384.0 116.0 384.0 963.0 24.0 963.0 
1 2 0.43 0.43 731.0 237.0 731.0 340.0 39.0 340.0 
1 3 0.82 0.82 731.0 237.0 731.0 340.0 39.0 340.0 682.0 266.0 682.0 
1 2 0.48 0.48 855.0 156.0 855.0 160.0 49.0 160.0 
1 3 0.51 0.51 855.0 156.0 855.0 160.0 49.0 160.0 501.0 12.0 501.0 
1 4 0.84 0.84 855.0 156.0 855.0 160.0 49.0 160.0 501.0 12.0 501.0 386.0 130.0 386.0 
1 2 0.41 0.41 567.0 179.0 567.0 219.0 22.0 219.0 
1 3 0.52 0.52 567.0 179.0 567.0 219.0 22.0 219.0 802.0 87.0 802.0 
1 4 0.75 0.75 567.0 179.0 567.0 219.0 22.0 219.0 802.0 87.0 802.0 536.0 121.0 536.0 
1 5 0.86 0.86 567.0 179.0 567.0 219.0 22.0 219.0 802.0 87.0 802.0 536.0 121.0 536.0 103.0 12.0 103.0 
1 2 0.36 0.36 681.0 89.0 681.0 393.0 91.0 393.0 
1 3 0.83 0.83 681.0 89.0 681.0 393.0 91.0 393.0 317.0 149.0 317.0 
1 2 0.23 0.23 742.0 168.0 742.0 884.0 10.0 884.0 
1 3 0.54 0.54 742.0 168.0 742.0 884.0 10.0 884.0 775.0 240.0 775.0 
1 4 0.9 0.9 742.0 168.0 742.0 884.0 10.0 884.0 775.0 240.0 775.0 31.0 11.0 31.0 
1 5 0.98 0.98 742.0 168.0 742.0 884.0 10.0 884.0 775.0 240.0 775.0 31.0 11.0 31.0 991.0 79.0 991.0 
1 2 0.46 0.46 99.0 36.0 99.0 878.0 93.0 878.0 
1 3 0.9 0.9 99.0 36.0 99.0 878.0 93.0 878.0 268.0 118.0 268.0 
1 2 0.47 0.47 432.0 137.0 432.0 826.0 130.0 826.0 
1 3 0.88 0.88 432.0 137.0 432.0 826.0 130.0 826.0 29.0 12.0 29.0 
1 2 0.59 0.59 211.0 29.0 211.0 11.0 5.0 11.0 
1 3 0.82 0.82 211.0 29.0 211.0 11.0 5.0 11.0 185.0 43.0 185.0 
1 2 0.56 0.56 932.0 449.0 932.0 742.0 63.0 742.0 
1 2 0.91 0.91 699.0 303.0 699.0 251.0 122.0 251.0 
1 2 0.2 0.2 467.0 43.0 467.0 341.0 39.0 341.0 
1 3 0.36 0.36 467.0 43.0 467.0 341.0 39.0 341.0 362.0 59.0 362.0 
1 4 0.65 0.65 467.0 43.0 467.0 341.0 39.0 341.0 362.0 59.0 362.0 363.0 105.0 363.0 
1 2 0.71 0.71 84.0 20.0 84.0 753.0 360.0 753.0 
1 2 0.88 0.88 717.0 176.0 717.0 509.0 328.0 509.0 
1 2 0.4 0.4 418.0 95.0 418.0 131.0 23.0 131.0 
1 3 0.82 0.82 418.0 95.0 418.0 131.0 23.0 131.0 293.0 124.0 293.0 
1 2 0.68 0.68 112.0 22.0 112.0 76.0 37.0 76.0 
1 2 0.69 0.69 958.0 33.0 958.0 852.0 561.0 852.0 
1 3 0.91 0.91 958.0 33.0 958.0 852.0 561.0 852.0 820.0 181.0 820.0 
1 2 0.58 0.58 756.0 266.0 756.0 779.0 185.0 779.0 
1 3 0.66 0.66 756.0 266.0 756.0 779.0 185.0 779.0 13.0 1.0 13.0 
1 4 0.81 0.81 756.0 266.0 756.0 779.0 185.0 779.0 13.0 1.0 13.0 86.0 13.0 86.0 
1 2 0.45 0.45 872.0 363.0 872.0 506.0 21.0 506.0 
1 2 0.77 0.77 909.0 10.0 909.0 863.0 657.0 863.0 
1 2 0.12 0.12 19.0 2.0 19.0 750.0 14.0 750.0 
1 3 0.16 0.16 19.0 2.0 19.0 750.0 14.0 750.0 794.0 32.0 794.0 
1 4 0.49 0.49 19.0 2.0 19.0 750.0 14.0 750.0 794.0 32.0 794.0 248.0 82.0 248.0 
1 5 0.92 0.92 19.0 2.0 19.0 750.0 14.0 750.0 794.0 32.0 794.0 248.0 82.0 248.0 304.0 130.0 304.0 
1 6 0.93 0.93 19.0 2.0 19.0 750.0 14.0 750.0 794.0 32.0 794.0 248.0 82.0 248.0 304.0 130.0 304.0 188.0 2.0 188.0 
1 2 0.43 0.43 856.0 4.0 856.0 375.0 163.0 375.0 
1 3 0.62 0.62 856.0 4.0 856.0 375.0 163.0 375.0 256.0 47.0 256.0 
1 4 0.73 0.73 856.0 4.0 856.0 375.0 163.0 375.0 256.0 47.0 256.0 576.0 65.0 576.0 
1 5 0.94 0.94 856.0 4.0 856.0 375.0 163.0 375.0 256.0 47.0 256.0 576.0 65.0 576.0 885.0 184.0 885.0 
1 6 0.97 0.97 856.0 4.0 856.0 375.0 163.0 375.0 256.0 47.0 256.0 576.0 65.0 576.0 885.0 184.0 885.0 879.0 29.0 879.0 
1 2 0.6 0.6 735.0 317.0 735.0 379.0 64.0 379.0 
1 2 0.68 0.68 854.0 360.0 854.0 56.0 15.0 56.0 
1 2 0.43 0.43 818.0 291.0 818.0 665.0 50.0 665.0 
1 3 0.62 0.62 818.0 291.0 818.0 665.0 50.0 665.0 955.0 181.0 955.0 
1 4 0.82 0.82 818.0 291.0 818.0 665.0 50.0 665.0 955.0 181.0 955.0 855.0 175.0 855.0 
1 2 0.15 0.15 696.0 33.0 696.0 738.0 77.0 738.0 
1 3 0.25 0.25 696.0 33.0 696.0 738.0 77.0 738.0 977.0 105.0 977.0 
1 4 0.61 0.61 696.0 33.0 696.0 738.0 77.0 738.0 977.0 105.0 977.0 34.0 12.0 34.0 
1 5 0.9 0.9 696.0 33.0 696.0 738.0 77.0 738.0 977.0 105.0 977.0 34.0 12.0 34.0 573.0 169.0 573.0 
1 2 0.58 0.58 607.0 215.0 607.0 851.0 198.0 851.0 
1 3 0.98 0.98 607.0 215.0 607.0 851.0 198.0 851.0 134.0 53.0 134.0 
1 2 0.58 0.58 426.0 178.0 426.0 927.0 158.0 927.0 
1 3 0.87 0.87 426.0 178.0 426.0 927.0 158.0 927.0 504.0 144.0 504.0 
1 2 0.7 0.7 401.0 195.0 401.0 727.0 160.0 727.0 
1 3 0.94 0.94 401.0 195.0 401.0 727.0 160.0 727.0 246.0 58.0 246.0 
1 2 0.23 0.23 59.0 13.0 59.0 881.0 13.0 881.0 
1 3 0.34 0.34 59.0 13.0 59.0 881.0 13.0 881.0 460.0 49.0 460.0 
1 4 0.77 0.77 59.0 13.0 59.0 881.0 13.0 881.0 460.0 49.0 460.0 584.0 255.0 584.0 
1 5 0.78 0.78 59.0 13.0 59.0 881.0 13.0 881.0 460.0 49.0 460.0 584.0 255.0 584.0 343.0 2.0 343.0 
1 2 0.42 0.42 661.0 219.0 661.0 442.0 43.0 442.0 
1 3 0.91 0.91 661.0 219.0 661.0 442.0 43.0 442.0 660.0 321.0 660.0 
1 2 0.41 0.41 226.0 13.0 226.0 999.0 353.0 999.0 
1 3 0.85 0.85 226.0 13.0 226.0 999.0 353.0 999.0 598.0 264.0 598.0 
1 2 0.69 0.69 524.0 123.0 524.0 255.0 117.0 255.0 
1 3 0.99 0.99 524.0 123.0 524.0 255.0 117.0 255.0 534.0 163.0 534.0 
1 2 0.25 0.25 514.0 53.0 514.0 344.0 52.0 344.0 
1 3 0.7 0.7 514.0 53.0 514.0 344.0 52.0 344.0 782.0 356.0 782.0 
1 4 0.98 0.98 514.0 53.0 514.0 344.0 52.0 344.0 782.0 356.0 782.0 581.0 159.0 581.0 
1 2 0.26 0.26 866.0 99.0 866.0 631.0 93.0 631.0 
1 3 0.62 0.62 866.0 99.0 866.0 631.0 93.0 631.0 507.0 185.0 507.0 
1 4 0.98 0.98 866.0 99.0 866.0 631.0 93.0 631.0 507.0 185.0 507.0 501.0 182.0 501.0 
1 2 0.07 0.07 61.0 4.0 61.0 147.0 1.0 147.0 
1 3 0.08 0.08 61.0 4.0 61.0 147.0 1.0 147.0 967.0 14.0 967.0 
1 4 0.16 0.16 61.0 4.0 61.0 147.0 1.0 147.0 967.0 14.0 967.0 120.0 9.0 120.0 
1 5 0.46 0.46 61.0 4.0 61.0 147.0 1.0 147.0 967.0 14.0 967.0 120.0 9.0 120.0 170.0 51.0 170.0 
1 6 0.66 0.66 61.0 4.0 61.0 147.0 1.0 147.0 967.0 14.0 967.0 120.0 9.0 120.0 170.0 51.0 170.0 246.0 51.0 246.0 
1 2 0.48 0.48 585.0 71.0 585.0 411.0 149.0 411.0 
1 3 0.52 0.52 585.0 71.0 585.0 411.0 149.0 411.0 94.0 4.0 94.0 
1 2 0.29 0.29 526.0 65.0 526.0 265.0 45.0 265.0 
1 3 0.58 0.58 526.0 65.0 526.0 265.0 45.0 265.0 31.0 9.0 31.0 
1 4 0.58 0.58 526.0 65.0 526.0 265.0 45.0 265.0 31.0 9.0 31.0 531.0 2.0 531.0 
1 5 0.63 0.63 526.0 65.0 526.0 265.0 45.0 265.0 31.0 9.0 31.0 531.0 2.0 531.0 276.0 14.0 276.0 
1 6 0.73 0.73 526.0 65.0 526.0 265.0 45.0 265.0 31.0 9.0 31.0 531.0 2.0 531.0 276.0 14.0 276.0 818.0 81.0 818.0 
1 2 0.15 0.15 636.0 90.0 636.0 176.0 2.0 176.0 
1 3 0.56 0.56 636.0 90.0 636.0 176.0 2.0 176.0 214.0 88.0 214.0 
1 4 0.6 0.6 636.0 90.0 636.0 176.0 2.0 176.0 214.0 88.0 214.0 220.0 8.0 220.0 
1 5 0.91 0.91 636.0 90.0 636.0 176.0 2.0 176.0 214.0 88.0 214.0 220.0 8.0 220.0 154.0 49.0 154.0 
1 2 0.34 0.34 790.0 226.0 790.0 567.0 33.0 567.0 
1 3 0.68 0.68 790.0 226.0 790.0 567.0 33.0 567.0 658.0 224.0 658.0 
1 2 0.07 0.07 66.0 1.0 66.0 228.0 13.0 228.0 
1 3 0.52 0.52 66.0 1.0 66.0 228.0 13.0 228.0 720.0 328.0 720.0 
1 2 0.42 0.42 57.0 4.0 57.0 964.0 342.0 964.0 
1 3 0.43 0.43 57.0 4.0 57.0 964.0 342.0 964.0 908.0 9.0 908.0 
1 4 0.59 0.59 57.0 4.0 57.0 964.0 342.0 964.0 908.0 9.0 908.0 771.0 126.0 771.0 
1 5 0.86 0.86 57.0 4.0 57.0 964.0 342.0 964.0 908.0 9.0 908.0 771.0 126.0 771.0 996.0 267.0 996.0 
1 2 0.89 0.89 31.0 13.0 31.0 525.0 248.0 525.0 
1 2 0.83 0.83 274.0 115.0 274.0 611.0 253.0 611.0 
1 2 0.56 0.56 735.0 363.0 735.0 181.0 13.0 181.0 
1 2 0.63 0.63 651.0 181.0 651.0 973.0 347.0 973.0 
1 2 0.94 0.94 238.0 106.0 238.0 113.0 57.0 113.0 
1 2 0.43 0.43 669.0 189.0 669.0 587.0 88.0 587.0 
1 3 0.75 0.75 669.0 189.0 669.0 587.0 88.0 587.0 963.0 315.0 963.0 
1 2 0.23 0.23 625.0 108.0 625.0 867.0 52.0 867.0 
1 3 0.42 0.42 625.0 108.0 625.0 867.0 52.0 867.0 455.0 87.0 455.0 
1 4 0.44 0.44 625.0 108.0 625.0 867.0 52.0 867.0 455.0 87.0 455.0 416.0 8.0 416.0 
1 5 0.8 0.8 625.0 108.0 625.0 867.0 52.0 867.0 455.0 87.0 455.0 416.0 8.0 416.0 488.0 177.0 488.0 
1 2 0.85 0.85 293.0 119.0 293.0 523.0 237.0 523.0 
1 2 0.38 0.38 795.0 150.0 795.0 497.0 97.0 497.0 
1 3 0.5 0.5 795.0 150.0 795.0 497.0 97.0 497.0 195.0 23.0 195.0 
1 4 0.75 0.75 795.0 150.0 795.0 497.0 97.0 497.0 195.0 23.0 195.0 555.0 138.0 555.0 
1 5 0.86 0.86 795.0 150.0 795.0 497.0 97.0 497.0 195.0 23.0 195.0 555.0 138.0 555.0 596.0 71.0 596.0 
1 2 0.67 0.67 161.0 49.0 161.0 262.0 98.0 262.0 
1 3 0.94 0.94 161.0 49.0 161.0 262.0 98.0 262.0 471.0 124.0 471.0 
1 2 0.27 0.27 744.0 58.0 744.0 249.0 49.0 249.0 
1 3 0.48 0.48 744.0 58.0 744.0 249.0 49.0 249.0 603.0 125.0 603.0 
1 4 0.66 0.66 744.0 58.0 744.0 249.0 49.0 249.0 603.0 125.0 603.0 968.0 177.0 968.0 
1 2 0.65 0.65 468.0 194.0 468.0 627.0 151.0 627.0 
1 3 0.81 0.81 468.0 194.0 468.0 627.0 151.0 627.0 43.0 7.0 43.0 
1 4 0.89 0.89 468.0 194.0 468.0 627.0 151.0 627.0 43.0 7.0 43.0 169.0 13.0 169.0 
1 5 0.91 0.91 468.0 194.0 468.0 627.0 151.0 627.0 43.0 7.0 43.0 169.0 13.0 169.0 389.0 9.0 389.0 
1 2 0.76 0.76 518.0 243.0 518.0 407.0 120.0 407.0 
1 2 0.63 0.63 975.0 460.0 975.0 224.0 36.0 224.0 
1 3 0.7 0.7 975.0 460.0 975.0 224.0 36.0 224.0 622.0 42.0 622.0 
1 2 0.17 0.17 310.0 18.0 310.0 906.0 106.0 906.0 
1 3 0.59 0.59 310.0 18.0 310.0 906.0 106.0 906.0 937.0 397.0 937.0 
1 2 0.39 0.39 322.0 69.0 322.0 736.0 131.0 736.0 
1 3 0.75 0.75 322.0 69.0 322.0 736.0 131.0 736.0 860.0 310.0 860.0 
1 2 0.3 0.3 456.0 55.0 456.0 478.0 88.0 478.0 
1 3 0.52 0.52 456.0 55.0 456.0 478.0 88.0 478.0 400.0 88.0 400.0 
1 4 0.54 0.54 456.0 55.0 456.0 478.0 88.0 478.0 400.0 88.0 400.0 176.0 4.0 176.0 
1 5 0.91 0.91 456.0 55.0 456.0 478.0 88.0 478.0 400.0 88.0 400.0 176.0 4.0 176.0 749.0 273.0 749.0 
1 2 0.91 0.91 864.0 206.0 864.0 351.0 238.0 351.0 
1 2 0.67 0.67 655.0 161.0 655.0 445.0 191.0 445.0 
1 3 0.69 0.69 655.0 161.0 655.0 445.0 191.0 445.0 444.0 8.0 444.0 
1 4 0.86 0.86 655.0 161.0 655.0 445.0 191.0 445.0 444.0 8.0 444.0 881.0 151.0 881.0 
1 5 0.9 0.9 655.0 161.0 655.0 445.0 191.0 445.0 444.0 8.0 444.0 881.0 151.0 881.0 770.0 33.0 770.0 
1 6 0.92 0.92 655.0 161.0 655.0 445.0 191.0 445.0 444.0 8.0 444.0 881.0 151.0 881.0 770.0 33.0 770.0 510.0 10.0 510.0 
1 2 0.3 0.3 148.0 33.0 148.0 226.0 19.0 226.0 
1 3 0.55 0.55 148.0 33.0 148.0 226.0 19.0 226.0 689.0 170.0 689.0 
1 4 0.74 0.74 148.0 33.0 148.0 226.0 19.0 226.0 689.0 170.0 689.0 594.0 111.0 594.0 
1 2 0.55 0.55 959.0 233.0 959.0 532.0 165.0 532.0 
1 3 0.69 0.69 959.0 233.0 959.0 532.0 165.0 532.0 181.0 26.0 181.0 
1 2 0.62 0.62 90.0 38.0 90.0 745.0 153.0 745.0 
1 3 0.68 0.68 90.0 38.0 90.0 745.0 153.0 745.0 501.0 30.0 501.0 
1 4 0.81 0.81 90.0 38.0 90.0 745.0 153.0 745.0 501.0 30.0 501.0 135.0 17.0 135.0 
1 2 0.68 0.68 295.0 194.0 295.0 769.0 21.0 769.0 
1 3 0.99 0.99 295.0 194.0 295.0 769.0 21.0 769.0 499.0 156.0 499.0 
1 2 0.44 0.44 622.0 246.0 622.0 103.0 5.0 103.0 
1 3 0.67 0.67 622.0 246.0 622.0 103.0 5.0 103.0 239.0 55.0 239.0 
1 4 0.93 0.93 622.0 246.0 622.0 103.0 5.0 103.0 239.0 55.0 239.0 600.0 155.0 600.0 
1 2 0.53 0.53 544.0 56.0 544.0 809.0 352.0 809.0 
1 3 0.79 0.79 544.0 56.0 544.0 809.0 352.0 809.0 31.0 8.0 31.0 
1 2 0.33 0.33 217.0 53.0 217.0 371.0 35.0 371.0 
1 3 0.5 0.5 217.0 53.0 217.0 371.0 35.0 371.0 885.0 144.0 885.0 
1 4 0.9 0.9 217.0 53.0 217.0 371.0 35.0 371.0 885.0 144.0 885.0 143.0 58.0 143.0 
1 2 0.12 0.12 899.0 103.0 899.0 201.0 2.0 201.0 
1 3 0.26 0.26 899.0 103.0 899.0 201.0 2.0 201.0 853.0 117.0 853.0 
1 4 0.3 0.3 899.0 103.0 899.0 201.0 2.0 201.0 853.0 117.0 853.0 754.0 32.0 754.0 
1 5 0.55 0.55 899.0 103.0 899.0 201.0 2.0 201.0 853.0 117.0 853.0 754.0 32.0 754.0 117.0 29.0 117.0 
1 6 0.84 0.84 899.0 103.0 899.0 201.0 2.0 201.0 853.0 117.0 853.0 754.0 32.0 754.0 117.0 29.0 117.0 898.0 263.0 898.0 
1 7 0.98 0.98 899.0 103.0 899.0 201.0 2.0 201.0 853.0 117.0 853.0 754.0 32.0 754.0 117.0 29.0 117.0 898.0 263.0 898.0 449.0 64.0 449.0 
1 2 0.69 0.69 80.0 19.0 80.0 867.0 396.0 867.0 
1 2 0.44 0.44 229.0 62.0 229.0 576.0 101.0 576.0 
1 3 0.67 0.67 229.0 62.0 229.0 576.0 101.0 576.0 370.0 84.0 370.0 
1 2 0.49 0.49 315.0 75.0 315.0 318.0 81.0 318.0 
1 3 0.85 0.85 315.0 75.0 315.0 318.0 81.0 318.0 981.0 351.0 981.0 
1 2 0.44 0.44 641.0 4.0 641.0 145.0 63.0 145.0 
1 3 0.67 0.67 641.0 4.0 641.0 145.0 63.0 145.0 580.0 138.0 580.0 
1 4 0.92 0.92 641.0 4.0 641.0 145.0 63.0 145.0 580.0 138.0 580.0 961.0 239.0 961.0 
1 2 0.78 0.78 898.0 433.0 898.0 400.0 123.0 400.0 
1 2 0.57 0.57 437.0 90.0 437.0 126.0 46.0 126.0 
1 3 0.58 0.58 437.0 90.0 437.0 126.0 46.0 126.0 536.0 5.0 536.0 
1 4 0.78 0.78 437.0 90.0 437.0 126.0 46.0 126.0 536.0 5.0 536.0 102.0 21.0 102.0 
1 5 0.91 0.91 437.0 90.0 437.0 126.0 46.0 126.0 536.0 5.0 536.0 102.0 21.0 102.0 707.0 91.0 707.0 
1 2 0.52 0.52 614.0 296.0 614.0 216.0 9.0 216.0 
1 3 0.91 0.91 614.0 296.0 614.0 216.0 9.0 216.0 514.0 201.0 514.0 
1 2 0.71 0.71 651.0 162.0 651.0 231.0 107.0 231.0 
1 3 0.97 0.97 651.0 162.0 651.0 231.0 107.0 231.0 969.0 252.0 969.0 
1 2 0.56 0.56 414.0 59.0 414.0 302.0 127.0 302.0 
1 3 0.76 0.76 414.0 59.0 414.0 302.0 127.0 302.0 822.0 164.0 822.0 
1 2 0.44 0.44 185.0 82.0 185.0 873.0 2.0 873.0 
1 3 0.65 0.65 185.0 82.0 185.0 873.0 2.0 873.0 577.0 123.0 577.0 
1 4 0.77 0.77 185.0 82.0 185.0 873.0 2.0 873.0 577.0 123.0 577.0 500.0 57.0 500.0 
1 5 0.77 0.77 185.0 82.0 185.0 873.0 2.0 873.0 577.0 123.0 577.0 500.0 57.0 500.0 289.0 2.0 289.0 
1 6 0.89 0.89 185.0 82.0 185.0 873.0 2.0 873.0 577.0 123.0 577.0 500.0 57.0 500.0 289.0 2.0 289.0 17.0 2.0 17.0 
1 2 0.62 0.62 559.0 163.0 559.0 325.0 108.0 325.0 
1 3 0.78 0.78 559.0 163.0 559.0 325.0 108.0 325.0 881.0 139.0 881.0 
1 4 0.8 0.8 559.0 163.0 559.0 325.0 108.0 325.0 881.0 139.0 881.0 776.0 20.0 776.0 
1 5 0.88 0.88 559.0 163.0 559.0 325.0 108.0 325.0 881.0 139.0 881.0 776.0 20.0 776.0 831.0 61.0 831.0 
1 2 0.22 0.22 421.0 37.0 421.0 159.0 22.0 159.0 
1 3 0.57 0.57 421.0 37.0 421.0 159.0 22.0 159.0 138.0 48.0 138.0 
1 4 0.93 0.93 421.0 37.0 421.0 159.0 22.0 159.0 138.0 48.0 138.0 122.0 44.0 122.0 
1 2 0.49 0.49 23.0 2.0 23.0 822.0 334.0 822.0 
1 3 0.75 0.75 23.0 2.0 23.0 822.0 334.0 822.0 988.0 261.0 988.0 
1 4 0.78 0.78 23.0 2.0 23.0 822.0 334.0 822.0 988.0 261.0 988.0 721.0 17.0 721.0 
1 5 0.88 0.88 23.0 2.0 23.0 822.0 334.0 822.0 988.0 261.0 988.0 721.0 17.0 721.0 277.0 30.0 277.0 
1 6 0.96 0.96 23.0 2.0 23.0 822.0 334.0 822.0 988.0 261.0 988.0 721.0 17.0 721.0 277.0 30.0 277.0 898.0 67.0 898.0 
1 2 0.15 0.15 668.0 28.0 668.0 9.0 1.0 9.0 
1 3 0.58 0.58 668.0 28.0 668.0 9.0 1.0 9.0 283.0 121.0 283.0 
1 4 0.91 0.91 668.0 28.0 668.0 9.0 1.0 9.0 283.0 121.0 283.0 18.0 6.0 18.0 
1 5 0.95 0.95 668.0 28.0 668.0 9.0 1.0 9.0 283.0 121.0 283.0 18.0 6.0 18.0 351.0 13.0 351.0 
1 2 0.8 0.8 755.0 319.0 755.0 654.0 247.0 654.0 
1 2 0.93 0.93 46.0 7.0 46.0 732.0 571.0 732.0 
1 2 0.63 0.63 470.0 130.0 470.0 351.0 126.0 351.0 
1 3 0.87 0.87 470.0 130.0 470.0 351.0 126.0 351.0 838.0 203.0 838.0 
1 4 0.95 0.95 470.0 130.0 470.0 351.0 126.0 351.0 838.0 203.0 838.0 292.0 23.0 292.0 
1 2 0.4 0.4 228.0 24.0 228.0 327.0 98.0 327.0 
1 3 0.75 0.75 228.0 24.0 228.0 327.0 98.0 327.0 388.0 134.0 388.0 
1 2 0.52 0.52 775.0 231.0 775.0 45.0 10.0 45.0 
1 3 0.84 0.84 775.0 231.0 775.0 45.0 10.0 45.0 106.0 34.0 106.0 
1 2 0.64 0.64 314.0 112.0 314.0 188.0 55.0 188.0 
1 2 0.68 0.68 131.0 3.0 131.0 841.0 555.0 841.0 
1 3 0.87 0.87 131.0 3.0 131.0 841.0 555.0 841.0 264.0 51.0 264.0 
1 2 0.27 0.27 700.0 105.0 700.0 895.0 111.0 895.0 
1 3 0.39 0.39 700.0 105.0 700.0 895.0 111.0 895.0 820.0 100.0 820.0 
1 4 0.44 0.44 700.0 105.0 700.0 895.0 111.0 895.0 820.0 100.0 820.0 909.0 41.0 909.0 
1 5 0.82 0.82 700.0 105.0 700.0 895.0 111.0 895.0 820.0 100.0 820.0 909.0 41.0 909.0 129.0 49.0 129.0 
1 6 0.96 0.96 700.0 105.0 700.0 895.0 111.0 895.0 820.0 100.0 820.0 909.0 41.0 909.0 129.0 49.0 129.0 975.0 139.0 975.0 
1 2 0.21 0.21 851.0 88.0 851.0 217.0 25.0 217.0 
1 3 0.24 0.24 851.0 88.0 851.0 217.0 25.0 217.0 72.0 2.0 72.0 
1 4 0.66 0.66 851.0 88.0 851.0 217.0 25.0 217.0 72.0 2.0 72.0 668.0 280.0 668.0 
1 5 0.99 0.99 851.0 88.0 851.0 217.0 25.0 217.0 72.0 2.0 72.0 668.0 280.0 668.0 176.0 58.0 176.0 
1 2 0.31 0.31 828.0 110.0 828.0 831.0 151.0 831.0 
1 3 0.68 0.68 828.0 110.0 828.0 831.0 151.0 831.0 95.0 35.0 95.0 
1 2 0.59 0.59 379.0 48.0 379.0 172.0 81.0 172.0 
1 3 0.66 0.66 379.0 48.0 379.0 172.0 81.0 172.0 970.0 63.0 970.0 
1 2 0.46 0.46 366.0 29.0 366.0 713.0 275.0 713.0 
1 3 0.62 0.62 366.0 29.0 366.0 713.0 275.0 713.0 482.0 75.0 482.0 
1 2 0.85 0.85 703.0 319.0 703.0 815.0 328.0 815.0 
1 2 0.84 0.84 149.0 103.0 149.0 227.0 35.0 227.0 
1 2 0.16 0.16 648.0 107.0 648.0 912.0 4.0 912.0 
1 2 0.95 0.95 647.0 595.0 647.0 818.0 30.0 818.0 
1 2 0.94 0.94 918.0 408.0 918.0 438.0 218.0 438.0 
1 3 0.95 0.95 918.0 408.0 918.0 438.0 218.0 438.0 923.0 8.0 923.0 
1 2 0.78 0.78 764.0 554.0 764.0 831.0 51.0 831.0 
1 2 0.4 0.4 633.0 200.0 633.0 227.0 20.0 227.0 
1 3 0.51 0.51 633.0 200.0 633.0 227.0 20.0 227.0 391.0 44.0 391.0 
1 2 0.2 0.2 737.0 95.0 737.0 758.0 61.0 758.0 
1 3 0.85 0.85 737.0 95.0 737.0 758.0 61.0 758.0 45.0 29.0 45.0 
1 4 0.94 0.94 737.0 95.0 737.0 758.0 61.0 758.0 45.0 29.0 45.0 502.0 45.0 502.0 
1 2 0.62 0.62 244.0 57.0 244.0 177.0 69.0 177.0 
1 3 0.94 0.94 244.0 57.0 244.0 177.0 69.0 177.0 135.0 44.0 135.0 
1 2 0.7 0.7 78.0 24.0 78.0 420.0 166.0 420.0 
1 3 0.99 0.99 78.0 24.0 78.0 420.0 166.0 420.0 122.0 36.0 122.0 
1 2 0.56 0.56 388.0 95.0 388.0 484.0 156.0 484.0 
1 2 0.36 0.36 317.0 4.0 317.0 236.0 84.0 236.0 
1 3 0.55 0.55 317.0 4.0 317.0 236.0 84.0 236.0 649.0 118.0 649.0 
1 4 0.79 0.79 317.0 4.0 317.0 236.0 84.0 236.0 649.0 118.0 649.0 372.0 90.0 372.0 
1 5 0.85 0.85 317.0 4.0 317.0 236.0 84.0 236.0 649.0 118.0 649.0 372.0 90.0 372.0 701.0 42.0 701.0 
1 2 0.67 0.67 950.0 419.0 950.0 930.0 222.0 930.0 
1 3 0.81 0.81 950.0 419.0 950.0 930.0 222.0 930.0 735.0 101.0 735.0 
1 2 0.77 0.77 820.0 570.0 820.0 309.0 25.0 309.0 
1 3 0.89 0.89 820.0 570.0 820.0 309.0 25.0 309.0 969.0 115.0 969.0 
1 2 0.66 0.66 967.0 281.0 967.0 699.0 262.0 699.0 
1 3 0.83 0.83 967.0 281.0 967.0 699.0 262.0 699.0 6.0 1.0 6.0 
1 2 0.36 0.36 501.0 12.0 501.0 411.0 141.0 411.0 
1 3 0.69 0.69 501.0 12.0 501.0 411.0 141.0 411.0 322.0 107.0 322.0 
1 2 0.43 0.43 327.0 17.0 327.0 102.0 39.0 102.0 
1 3 0.59 0.59 327.0 17.0 327.0 102.0 39.0 102.0 384.0 63.0 384.0 
1 4 0.87 0.87 327.0 17.0 327.0 102.0 39.0 102.0 384.0 63.0 384.0 398.0 111.0 398.0 
1 2 0.27 0.27 212.0 7.0 212.0 651.0 158.0 651.0 
1 3 0.4 0.4 212.0 7.0 212.0 651.0 158.0 651.0 222.0 28.0 222.0 
1 4 0.47 0.47 212.0 7.0 212.0 651.0 158.0 651.0 222.0 28.0 222.0 452.0 33.0 452.0 
1 5 0.65 0.65 212.0 7.0 212.0 651.0 158.0 651.0 222.0 28.0 222.0 452.0 33.0 452.0 444.0 80.0 444.0 
1 2 0.7 0.7 723.0 178.0 723.0 317.0 145.0 317.0 
1 2 0.63 0.63 589.0 204.0 589.0 7.0 2.0 7.0 
1 2 0.49 0.49 203.0 60.0 203.0 154.0 30.0 154.0 
1 3 0.75 0.75 203.0 60.0 203.0 154.0 30.0 154.0 970.0 253.0 970.0 
1 2 0.53 0.53 937.0 413.0 937.0 720.0 65.0 720.0 
1 3 0.58 0.58 937.0 413.0 937.0 720.0 65.0 720.0 538.0 31.0 538.0 
1 2 0.46 0.46 855.0 125.0 855.0 204.0 66.0 204.0 
1 3 0.7 0.7 855.0 125.0 855.0 204.0 66.0 204.0 462.0 107.0 462.0 
1 4 0.8 0.8 855.0 125.0 855.0 204.0 66.0 204.0 462.0 107.0 462.0 197.0 21.0 197.0 
1 2 0.62 0.62 462.0 114.0 462.0 542.0 204.0 542.0 
1 3 0.8 0.8 462.0 114.0 462.0 542.0 204.0 542.0 752.0 139.0 752.0 
1 4 0.91 0.91 462.0 114.0 462.0 542.0 204.0 542.0 752.0 139.0 752.0 462.0 48.0 462.0 
1 2 0.81 0.81 377.0 262.0 377.0 581.0 72.0 581.0 
1 2 0.79 0.79 617.0 228.0 617.0 165.0 70.0 165.0 
1 2 0.5 0.5 936.0 55.0 936.0 495.0 221.0 495.0 
1 3 0.99 0.99 936.0 55.0 936.0 495.0 221.0 495.0 850.0 417.0 850.0 
1 2 0.9 0.9 10.0 8.0 10.0 835.0 84.0 835.0 
1 2 0.22 0.22 894.0 10.0 894.0 94.0 20.0 94.0 
1 3 0.33 0.33 894.0 10.0 894.0 94.0 20.0 94.0 760.0 87.0 760.0 
1 4 0.71 0.71 894.0 10.0 894.0 94.0 20.0 94.0 760.0 87.0 760.0 885.0 331.0 885.0 
1 5 0.86 0.86 894.0 10.0 894.0 94.0 20.0 94.0 760.0 87.0 760.0 885.0 331.0 885.0 598.0 89.0 598.0 
1 6 0.94 0.94 894.0 10.0 894.0 94.0 20.0 94.0 760.0 87.0 760.0 885.0 331.0 885.0 598.0 89.0 598.0 528.0 44.0 528.0 
1 2 0.35 0.35 833.0 125.0 833.0 354.0 74.0 354.0 
1 3 0.81 0.81 833.0 125.0 833.0 354.0 74.0 354.0 961.0 437.0 961.0 
1 2 0.62 0.62 115.0 17.0 115.0 234.0 112.0 234.0 
1 3 0.67 0.67 115.0 17.0 115.0 234.0 112.0 234.0 431.0 23.0 431.0 
1 2 0.61 0.61 196.0 67.0 196.0 228.0 63.0 228.0 
1 3 0.84 0.84 196.0 67.0 196.0 228.0 63.0 228.0 189.0 42.0 189.0 
1 2 0.38 0.38 742.0 274.0 742.0 970.0 18.0 970.0 
1 3 0.68 0.68 742.0 274.0 742.0 970.0 18.0 970.0 985.0 296.0 985.0 
1 4 0.83 0.83 742.0 274.0 742.0 970.0 18.0 970.0 985.0 296.0 985.0 256.0 38.0 256.0 
1 2 0.82 0.82 475.0 166.0 475.0 362.0 171.0 362.0 
1 3 0.97 0.97 475.0 166.0 475.0 362.0 171.0 362.0 943.0 142.0 943.0 
1 2 0.74 0.74 494.0 46.0 494.0 637.0 415.0 637.0 
1 2 0.41 0.41 63.0 12.0 63.0 904.0 205.0 904.0 
1 3 0.87 0.87 63.0 12.0 63.0 904.0 205.0 904.0 626.0 289.0 626.0 
1 2 0.15 0.15 51.0 2.0 51.0 97.0 11.0 97.0 
1 3 0.38 0.38 51.0 2.0 51.0 97.0 11.0 97.0 413.0 94.0 413.0 
1 4 0.87 0.87 51.0 2.0 51.0 97.0 11.0 97.0 413.0 94.0 413.0 312.0 153.0 312.0 
1 2 0.95 0.95 194.0 34.0 194.0 806.0 628.0 806.0 
1 3 0.95 0.95 194.0 34.0 194.0 806.0 628.0 806.0 963.0 1.0 963.0 
1 4 0.97 0.97 194.0 34.0 194.0 806.0 628.0 806.0 963.0 1.0 963.0 90.0 2.0 90.0 
1 2 0.75 0.75 595.0 283.0 595.0 583.0 163.0 583.0 
1 2 0.56 0.56 222.0 31.0 222.0 803.0 339.0 803.0 
1 3 0.9 0.9 222.0 31.0 222.0 803.0 339.0 803.0 875.0 301.0 875.0 
1 2 0.48 0.48 95.0 19.0 95.0 493.0 141.0 493.0 
1 3 0.54 0.54 95.0 19.0 95.0 493.0 141.0 493.0 306.0 19.0 306.0 
1 4 0.56 0.56 95.0 19.0 95.0 493.0 141.0 493.0 306.0 19.0 306.0 466.0 8.0 466.0 
1 5 0.75 0.75 95.0 19.0 95.0 493.0 141.0 493.0 306.0 19.0 306.0 466.0 8.0 466.0 562.0 106.0 562.0 
1 2 0.7 0.7 66.0 27.0 66.0 536.0 161.0 536.0 
1 2 0.49 0.49 970.0 261.0 970.0 180.0 41.0 180.0 
1 3 0.66 0.66 970.0 261.0 970.0 180.0 41.0 180.0 828.0 141.0 828.0 
1 4 0.89 0.89 970.0 261.0 970.0 180.0 41.0 180.0 828.0 141.0 828.0 460.0 106.0 460.0 
1 5 0.98 0.98 970.0 261.0 970.0 180.0 41.0 180.0 828.0 141.0 828.0 460.0 106.0 460.0 687.0 63.0 687.0 
1 2 0.43 0.43 612.0 181.0 612.0 731.0 105.0 731.0 
1 3 0.92 0.92 612.0 181.0 612.0 731.0 105.0 731.0 462.0 225.0 462.0 
1 2 0.35 0.35 718.0 137.0 718.0 595.0 98.0 595.0 
1 3 0.91 0.91 718.0 137.0 718.0 595.0 98.0 595.0 9.0 5.0 9.0 
1 2 0.34 0.34 228.0 23.0 228.0 463.0 114.0 463.0 
1 3 0.8 0.8 228.0 23.0 228.0 463.0 114.0 463.0 176.0 81.0 176.0 
1 2 0.62 0.62 974.0 141.0 974.0 205.0 99.0 205.0 
1 3 0.94 0.94 974.0 141.0 974.0 205.0 99.0 205.0 833.0 263.0 833.0 
1 2 0.59 0.59 730.0 403.0 730.0 786.0 35.0 786.0 
1 3 0.95 0.95 730.0 403.0 730.0 786.0 35.0 786.0 388.0 138.0 388.0 
1 2 0.52 0.52 645.0 91.0 645.0 849.0 323.0 849.0 
1 3 0.77 0.77 645.0 91.0 645.0 849.0 323.0 849.0 207.0 52.0 207.0 
1 2 0.42 0.42 340.0 77.0 340.0 5.0 1.0 5.0 
1 3 0.77 0.77 340.0 77.0 340.0 5.0 1.0 5.0 351.0 122.0 351.0 
1 4 0.87 0.87 340.0 77.0 340.0 5.0 1.0 5.0 351.0 122.0 351.0 326.0 32.0 326.0 
1 2 0.88 0.88 139.0 41.0 139.0 937.0 550.0 937.0 
1 2 0.29 0.29 987.0 100.0 987.0 482.0 95.0 482.0 
1 3 0.96 0.96 987.0 100.0 987.0 482.0 95.0 482.0 836.0 557.0 836.0 
1 2 0.91 0.91 724.0 323.0 724.0 790.0 372.0 790.0 
1 2 0.28 0.28 315.0 52.0 315.0 422.0 51.0 422.0 
1 3 0.84 0.84 315.0 52.0 315.0 422.0 51.0 422.0 884.0 493.0 884.0 
1 2 0.62 0.62 190.0 36.0 190.0 507.0 223.0 507.0 
1 3 0.75 0.75 190.0 36.0 190.0 507.0 223.0 507.0 131.0 17.0 131.0 
1 2 0.57 0.57 693.0 344.0 693.0 746.0 56.0 746.0 
1 3 0.85 0.85 693.0 344.0 693.0 746.0 56.0 746.0 923.0 264.0 923.0 
1 4 0.99 0.99 693.0 344.0 693.0 746.0 56.0 746.0 923.0 264.0 923.0 52.0 7.0 52.0 
1 2 0.45 0.45 495.0 93.0 495.0 477.0 127.0 477.0 
1 3 0.82 0.82 495.0 93.0 495.0 477.0 127.0 477.0 422.0 155.0 422.0 
1 2 0.87 0.87 270.0 129.0 270.0 572.0 227.0 572.0 
1 2 0.38 0.38 128.0 6.0 128.0 228.0 78.0 228.0 
1 3 0.71 0.71 128.0 6.0 128.0 228.0 78.0 228.0 865.0 284.0 865.0 
1 2 0.54 0.54 975.0 47.0 975.0 865.0 429.0 865.0 
1 3 0.85 0.85 975.0 47.0 975.0 865.0 429.0 865.0 659.0 207.0 659.0 
1 2 0.41 0.41 859.0 216.0 859.0 85.0 14.0 85.0 
1 3 0.86 0.86 859.0 216.0 859.0 85.0 14.0 85.0 880.0 393.0 880.0 
1 4 0.93 0.93 859.0 216.0 859.0 85.0 14.0 85.0 880.0 393.0 880.0 471.0 33.0 471.0 
1 2 0.41 0.41 259.0 88.0 259.0 555.0 43.0 555.0 
1 3 0.59 0.59 259.0 88.0 259.0 555.0 43.0 555.0 616.0 111.0 616.0 
1 4 0.87 0.87 259.0 88.0 259.0 555.0 43.0 555.0 616.0 111.0 616.0 11.0 3.0 11.0 
1 5 0.88 0.88 259.0 88.0 259.0 555.0 43.0 555.0 616.0 111.0 616.0 11.0 3.0 11.0 737.0 11.0 737.0 
1 2 0.57 0.57 13.0 1.0 13.0 42.0 21.0 42.0 
1 3 0.81 0.81 13.0 1.0 13.0 42.0 21.0 42.0 238.0 56.0 238.0 
1 2 0.52 0.52 213.0 80.0 213.0 538.0 80.0 538.0 
1 3 0.66 0.66 213.0 80.0 213.0 538.0 80.0 538.0 749.0 106.0 749.0 
1 4 0.96 0.96 213.0 80.0 213.0 538.0 80.0 538.0 749.0 106.0 749.0 729.0 216.0 729.0 
1 2 0.45 0.45 449.0 117.0 449.0 882.0 172.0 882.0 
1 3 0.54 0.54 449.0 117.0 449.0 882.0 172.0 882.0 770.0 72.0 770.0 
1 2 0.67 0.67 829.0 148.0 829.0 67.0 33.0 67.0 
1 2 0.38 0.38 976.0 303.0 976.0 916.0 69.0 916.0 
1 3 0.47 0.47 976.0 303.0 976.0 916.0 69.0 916.0 279.0 26.0 279.0 
1 4 0.86 0.86 976.0 303.0 976.0 916.0 69.0 916.0 279.0 26.0 279.0 706.0 272.0 706.0 
1 2 0.67 0.67 966.0 270.0 966.0 685.0 271.0 685.0 
1 3 0.88 0.88 966.0 270.0 966.0 685.0 271.0 685.0 738.0 157.0 738.0 
1 4 0.94 0.94 966.0 270.0 966.0 685.0 271.0 685.0 738.0 157.0 738.0 953.0 53.0 953.0 
1 5 0.96 0.96 966.0 270.0 966.0 685.0 271.0 685.0 738.0 157.0 738.0 953.0 53.0 953.0 297.0 5.0 297.0 
1 2 0.38 0.38 175.0 22.0 175.0 153.0 40.0 153.0 
1 3 0.73 0.73 175.0 22.0 175.0 153.0 40.0 153.0 761.0 264.0 761.0 
1 4 0.93 0.93 175.0 22.0 175.0 153.0 40.0 153.0 761.0 264.0 761.0 75.0 15.0 75.0 
1 2 0.46 0.46 247.0 24.0 247.0 148.0 54.0 148.0 
1 3 0.89 0.89 247.0 24.0 247.0 148.0 54.0 148.0 291.0 127.0 291.0 
1 4 0.9 0.9 247.0 24.0 247.0 148.0 54.0 148.0 291.0 127.0 291.0 963.0 2.0 963.0 
1 2 0.37 0.37 655.0 53.0 655.0 249.0 73.0 249.0 
1 3 0.65 0.65 655.0 53.0 655.0 249.0 73.0 249.0 596.0 170.0 596.0 
1 2 0.48 0.48 243.0 21.0 243.0 30.0 12.0 30.0 
1 3 0.64 0.64 243.0 21.0 243.0 30.0 12.0 30.0 19.0 3.0 19.0 
1 4 0.67 0.67 243.0 21.0 243.0 30.0 12.0 30.0 19.0 3.0 19.0 470.0 14.0 470.0 
1 5 0.93 0.93 243.0 21.0 243.0 30.0 12.0 30.0 19.0 3.0 19.0 470.0 14.0 470.0 379.0 99.0 379.0 
1 2 0.54 0.54 52.0 12.0 52.0 843.0 263.0 843.0 
1 3 0.99 0.99 52.0 12.0 52.0 843.0 263.0 843.0 598.0 269.0 598.0 
1 2 0.6 0.6 879.0 268.0 879.0 427.0 130.0 427.0 
1 3 0.97 0.97 879.0 268.0 879.0 427.0 130.0 427.0 46.0 17.0 46.0 
1 2 0.6 0.6 227.0 37.0 227.0 571.0 251.0 571.0 
1 3 0.73 0.73 227.0 37.0 227.0 571.0 251.0 571.0 679.0 90.0 679.0 
1 2 0.31 0.31 734.0 60.0 734.0 326.0 77.0 326.0 
1 3 0.63 0.63 734.0 60.0 734.0 326.0 77.0 326.0 331.0 106.0 331.0 
1 4 0.93 0.93 734.0 60.0 734.0 326.0 77.0 326.0 331.0 106.0 331.0 105.0 31.0 105.0 
1 2 0.44 0.44 413.0 126.0 413.0 636.0 88.0 636.0 
1 3 0.79 0.79 413.0 126.0 413.0 636.0 88.0 636.0 801.0 283.0 801.0 
1 4 0.87 0.87 413.0 126.0 413.0 636.0 88.0 636.0 801.0 283.0 801.0 712.0 54.0 712.0 
1 2 0.37 0.37 184.0 23.0 184.0 8.0 2.0 8.0 
1 3 0.8 0.8 184.0 23.0 184.0 8.0 2.0 8.0 180.0 77.0 180.0 
1 2 0.78 0.78 557.0 235.0 557.0 461.0 168.0 461.0 
1 2 0.13 0.13 617.0 20.0 617.0 30.0 3.0 30.0 
1 3 0.3 0.3 617.0 20.0 617.0 30.0 3.0 30.0 868.0 151.0 868.0 
1 4 0.32 0.32 617.0 20.0 617.0 30.0 3.0 30.0 868.0 151.0 868.0 595.0 13.0 595.0 
1 5 0.74 0.74 617.0 20.0 617.0 30.0 3.0 30.0 868.0 151.0 868.0 595.0 13.0 595.0 24.0 10.0 24.0 
1 6 0.78 0.78 617.0 20.0 617.0 30.0 3.0 30.0 868.0 151.0 868.0 595.0 13.0 595.0 24.0 10.0 24.0 945.0 36.0 945.0 
1 7 0.99 0.99 617.0 20.0 617.0 30.0 3.0 30.0 868.0 151.0 868.0 595.0 13.0 595.0 24.0 10.0 24.0 945.0 36.0 945.0 89.0 19.0 89.0 
1 2 0.26 0.26 753.0 110.0 753.0 451.0 52.0 451.0 
1 3 0.67 0.67 753.0 110.0 753.0 451.0 52.0 451.0 450.0 184.0 450.0 
1 2 0.47 0.47 366.0 44.0 366.0 217.0 78.0 217.0 
1 3 0.61 0.61 366.0 44.0 366.0 217.0 78.0 217.0 237.0 32.0 237.0 
1 2 0.19 0.19 775.0 14.0 775.0 593.0 102.0 593.0 
1 3 0.39 0.39 775.0 14.0 775.0 593.0 102.0 593.0 365.0 74.0 365.0 
1 4 0.52 0.52 775.0 14.0 775.0 593.0 102.0 593.0 365.0 74.0 365.0 564.0 75.0 564.0 
1 5 0.68 0.68 775.0 14.0 775.0 593.0 102.0 593.0 365.0 74.0 365.0 564.0 75.0 564.0 155.0 24.0 155.0 
1 2 0.38 0.38 369.0 12.0 369.0 175.0 61.0 175.0 
