2 3 1.41 1.41 759.0 28.0 759.0 874.0 772.0 874.0 293.0 146.0 293.0 
2 3 1.19 1.19 74.0 21.0 74.0 287.0 232.0 287.0 857.0 92.0 857.0 
2 4 1.25 1.25 74.0 21.0 74.0 287.0 232.0 287.0 857.0 92.0 857.0 54.0 3.0 54.0 
2 5 1.43 1.43 74.0 21.0 74.0 287.0 232.0 287.0 857.0 92.0 857.0 54.0 3.0 54.0 217.0 39.0 217.0 
2 6 1.81 1.81 74.0 21.0 74.0 287.0 232.0 287.0 857.0 92.0 857.0 54.0 3.0 54.0 217.0 39.0 217.0 42.0 16.0 42.0 
2 7 1.96 1.96 74.0 21.0 74.0 287.0 232.0 287.0 857.0 92.0 857.0 54.0 3.0 54.0 217.0 39.0 217.0 42.0 16.0 42.0 603.0 91.0 603.0 
2 3 1.25 1.25 466.0 48.0 466.0 63.0 62.0 63.0 24.0 4.0 24.0 
2 4 1.38 1.38 466.0 48.0 466.0 63.0 62.0 63.0 24.0 4.0 24.0 911.0 118.0 911.0 
2 5 1.48 1.48 466.0 48.0 466.0 63.0 62.0 63.0 24.0 4.0 24.0 911.0 118.0 911.0 941.0 99.0 941.0 
2 6 1.52 1.52 466.0 48.0 466.0 63.0 62.0 63.0 24.0 4.0 24.0 911.0 118.0 911.0 941.0 99.0 941.0 302.0 10.0 302.0 
2 7 1.83 1.83 466.0 48.0 466.0 63.0 62.0 63.0 24.0 4.0 24.0 911.0 118.0 911.0 941.0 99.0 941.0 302.0 10.0 302.0 854.0 265.0 854.0 
2 3 1.78 1.78 133.0 12.0 133.0 501.0 437.0 501.0 565.0 462.0 565.0 
2 3 0.61 0.61 236.0 15.0 236.0 87.0 11.0 87.0 448.0 190.0 448.0 
2 4 1.49 1.49 236.0 15.0 236.0 87.0 11.0 87.0 448.0 190.0 448.0 103.0 91.0 103.0 
2 5 1.93 1.93 236.0 15.0 236.0 87.0 11.0 87.0 448.0 190.0 448.0 103.0 91.0 103.0 140.0 61.0 140.0 
2 6 1.93 1.93 236.0 15.0 236.0 87.0 11.0 87.0 448.0 190.0 448.0 103.0 91.0 103.0 140.0 61.0 140.0 609.0 4.0 609.0 
2 3 1.48 1.48 88.0 62.0 88.0 236.0 78.0 236.0 846.0 384.0 846.0 
2 4 1.77 1.77 88.0 62.0 88.0 236.0 78.0 236.0 846.0 384.0 846.0 764.0 221.0 764.0 
2 5 1.92 1.92 88.0 62.0 88.0 236.0 78.0 236.0 846.0 384.0 846.0 764.0 221.0 764.0 778.0 112.0 778.0 
2 3 0.99 0.99 24.0 14.0 24.0 303.0 57.0 303.0 610.0 134.0 610.0 
2 4 1.85 1.85 24.0 14.0 24.0 303.0 57.0 303.0 610.0 134.0 610.0 265.0 230.0 265.0 
2 3 1.78 1.78 162.0 108.0 162.0 372.0 201.0 372.0 382.0 219.0 382.0 
2 3 0.81 0.81 782.0 10.0 782.0 787.0 476.0 787.0 355.0 70.0 355.0 
2 4 1.34 1.34 782.0 10.0 782.0 787.0 476.0 787.0 355.0 70.0 355.0 702.0 372.0 702.0 
2 5 1.83 1.83 782.0 10.0 782.0 787.0 476.0 787.0 355.0 70.0 355.0 702.0 372.0 702.0 499.0 243.0 499.0 
2 3 1.31 1.31 456.0 303.0 456.0 809.0 259.0 809.0 810.0 271.0 810.0 
2 4 1.66 1.66 456.0 303.0 456.0 809.0 259.0 809.0 810.0 271.0 810.0 774.0 270.0 774.0 
2 5 1.84 1.84 456.0 303.0 456.0 809.0 259.0 809.0 810.0 271.0 810.0 774.0 270.0 774.0 775.0 136.0 775.0 
2 3 1.05 1.05 159.0 43.0 159.0 65.0 27.0 65.0 656.0 240.0 656.0 
2 4 1.24 1.24 159.0 43.0 159.0 65.0 27.0 65.0 656.0 240.0 656.0 729.0 141.0 729.0 
2 5 1.59 1.59 159.0 43.0 159.0 65.0 27.0 65.0 656.0 240.0 656.0 729.0 141.0 729.0 920.0 325.0 920.0 
2 3 1.79 1.79 685.0 71.0 685.0 688.0 516.0 688.0 901.0 844.0 901.0 
2 4 1.98 1.98 685.0 71.0 685.0 688.0 516.0 688.0 901.0 844.0 901.0 486.0 97.0 486.0 
2 3 1.61 1.61 343.0 246.0 343.0 464.0 332.0 464.0 834.0 156.0 834.0 
2 4 1.8 1.8 343.0 246.0 343.0 464.0 332.0 464.0 834.0 156.0 834.0 359.0 67.0 359.0 
2 3 0.8 0.8 379.0 216.0 379.0 381.0 56.0 381.0 545.0 50.0 545.0 
2 4 1.2 1.2 379.0 216.0 379.0 381.0 56.0 381.0 545.0 50.0 545.0 987.0 389.0 987.0 
2 5 1.26 1.26 379.0 216.0 379.0 381.0 56.0 381.0 545.0 50.0 545.0 987.0 389.0 987.0 809.0 48.0 809.0 
2 6 1.67 1.67 379.0 216.0 379.0 381.0 56.0 381.0 545.0 50.0 545.0 987.0 389.0 987.0 809.0 48.0 809.0 298.0 122.0 298.0 
2 3 1.01 1.01 554.0 5.0 554.0 312.0 252.0 312.0 988.0 195.0 988.0 
2 4 1.89 1.89 554.0 5.0 554.0 312.0 252.0 312.0 988.0 195.0 988.0 286.0 253.0 286.0 
2 3 1.7 1.7 276.0 45.0 276.0 624.0 589.0 624.0 67.0 40.0 67.0 
2 4 1.71 1.71 276.0 45.0 276.0 624.0 589.0 624.0 67.0 40.0 67.0 338.0 5.0 338.0 
2 3 0.51 0.51 658.0 38.0 658.0 797.0 183.0 797.0 663.0 148.0 663.0 
2 4 0.79 0.79 658.0 38.0 658.0 797.0 183.0 797.0 663.0 148.0 663.0 112.0 32.0 112.0 
2 5 1.41 1.41 658.0 38.0 658.0 797.0 183.0 797.0 663.0 148.0 663.0 112.0 32.0 112.0 584.0 363.0 584.0 
2 6 1.82 1.82 658.0 38.0 658.0 797.0 183.0 797.0 663.0 148.0 663.0 112.0 32.0 112.0 584.0 363.0 584.0 861.0 349.0 861.0 
2 3 1.58 1.58 975.0 15.0 975.0 313.0 218.0 313.0 924.0 806.0 924.0 
2 3 1.47 1.47 437.0 146.0 437.0 314.0 100.0 314.0 129.0 106.0 129.0 
2 3 1.34 1.34 588.0 201.0 588.0 884.0 173.0 884.0 128.0 103.0 128.0 
2 4 1.77 1.77 588.0 201.0 588.0 884.0 173.0 884.0 128.0 103.0 128.0 280.0 121.0 280.0 
2 5 1.87 1.87 588.0 201.0 588.0 884.0 173.0 884.0 128.0 103.0 128.0 280.0 121.0 280.0 636.0 66.0 636.0 
2 3 1.79 1.79 984.0 962.0 984.0 44.0 34.0 44.0 622.0 27.0 622.0 
2 3 0.5 0.5 830.0 119.0 830.0 670.0 33.0 670.0 961.0 296.0 961.0 
2 4 1.41 1.41 830.0 119.0 830.0 670.0 33.0 670.0 961.0 296.0 961.0 223.0 203.0 223.0 
2 5 1.59 1.59 830.0 119.0 830.0 670.0 33.0 670.0 961.0 296.0 961.0 223.0 203.0 223.0 472.0 86.0 472.0 
2 3 1.03 1.03 529.0 254.0 529.0 884.0 117.0 884.0 246.0 105.0 246.0 
2 4 1.57 1.57 529.0 254.0 529.0 884.0 117.0 884.0 246.0 105.0 246.0 760.0 409.0 760.0 
2 3 1.97 1.97 633.0 537.0 633.0 916.0 623.0 916.0 330.0 146.0 330.0 
2 3 0.82 0.82 566.0 242.0 566.0 11.0 1.0 11.0 963.0 297.0 963.0 
2 4 1.17 1.17 566.0 242.0 566.0 11.0 1.0 11.0 963.0 297.0 963.0 708.0 247.0 708.0 
2 5 1.2 1.2 566.0 242.0 566.0 11.0 1.0 11.0 963.0 297.0 963.0 708.0 247.0 708.0 643.0 16.0 643.0 
2 6 1.21 1.21 566.0 242.0 566.0 11.0 1.0 11.0 963.0 297.0 963.0 708.0 247.0 708.0 643.0 16.0 643.0 237.0 3.0 237.0 
2 7 1.94 1.94 566.0 242.0 566.0 11.0 1.0 11.0 963.0 297.0 963.0 708.0 247.0 708.0 643.0 16.0 643.0 237.0 3.0 237.0 154.0 113.0 154.0 
2 3 0.87 0.87 580.0 148.0 580.0 104.0 3.0 104.0 230.0 136.0 230.0 
2 4 1.22 1.22 580.0 148.0 580.0 104.0 3.0 104.0 230.0 136.0 230.0 352.0 122.0 352.0 
2 5 1.48 1.48 580.0 148.0 580.0 104.0 3.0 104.0 230.0 136.0 230.0 352.0 122.0 352.0 862.0 231.0 862.0 
2 6 1.49 1.49 580.0 148.0 580.0 104.0 3.0 104.0 230.0 136.0 230.0 352.0 122.0 352.0 862.0 231.0 862.0 962.0 6.0 962.0 
2 7 1.79 1.79 580.0 148.0 580.0 104.0 3.0 104.0 230.0 136.0 230.0 352.0 122.0 352.0 862.0 231.0 862.0 962.0 6.0 962.0 453.0 136.0 453.0 
2 3 1.59 1.59 669.0 378.0 669.0 305.0 273.0 305.0 146.0 19.0 146.0 
2 4 1.59 1.59 669.0 378.0 669.0 305.0 273.0 305.0 146.0 19.0 146.0 969.0 5.0 969.0 
2 3 1.44 1.44 179.0 11.0 179.0 150.0 62.0 150.0 34.0 33.0 34.0 
2 3 0.82 0.82 567.0 117.0 567.0 976.0 171.0 976.0 486.0 215.0 486.0 
2 4 1.47 1.47 567.0 117.0 567.0 976.0 171.0 976.0 486.0 215.0 486.0 924.0 605.0 924.0 
2 5 1.57 1.57 567.0 117.0 567.0 976.0 171.0 976.0 486.0 215.0 486.0 924.0 605.0 924.0 961.0 90.0 961.0 
2 6 1.81 1.81 567.0 117.0 567.0 976.0 171.0 976.0 486.0 215.0 486.0 924.0 605.0 924.0 961.0 90.0 961.0 919.0 222.0 919.0 
2 7 1.98 1.98 567.0 117.0 567.0 976.0 171.0 976.0 486.0 215.0 486.0 924.0 605.0 924.0 961.0 90.0 961.0 919.0 222.0 919.0 219.0 38.0 219.0 
2 3 0.83 0.83 733.0 428.0 733.0 824.0 179.0 824.0 545.0 20.0 545.0 
2 4 0.85 0.85 733.0 428.0 733.0 824.0 179.0 824.0 545.0 20.0 545.0 796.0 14.0 796.0 
2 5 1.27 1.27 733.0 428.0 733.0 824.0 179.0 824.0 545.0 20.0 545.0 796.0 14.0 796.0 24.0 10.0 24.0 
2 6 1.9 1.9 733.0 428.0 733.0 824.0 179.0 824.0 545.0 20.0 545.0 796.0 14.0 796.0 24.0 10.0 24.0 424.0 270.0 424.0 
2 7 1.93 1.93 733.0 428.0 733.0 824.0 179.0 824.0 545.0 20.0 545.0 796.0 14.0 796.0 24.0 10.0 24.0 424.0 270.0 424.0 573.0 13.0 573.0 
2 3 1.33 1.33 32.0 1.0 32.0 369.0 260.0 369.0 266.0 159.0 266.0 
2 4 1.4 1.4 32.0 1.0 32.0 369.0 260.0 369.0 266.0 159.0 266.0 466.0 34.0 466.0 
2 5 1.62 1.62 32.0 1.0 32.0 369.0 260.0 369.0 266.0 159.0 266.0 466.0 34.0 466.0 293.0 64.0 293.0 
2 6 1.65 1.65 32.0 1.0 32.0 369.0 260.0 369.0 266.0 159.0 266.0 466.0 34.0 466.0 293.0 64.0 293.0 237.0 8.0 237.0 
2 7 1.76 1.76 32.0 1.0 32.0 369.0 260.0 369.0 266.0 159.0 266.0 466.0 34.0 466.0 293.0 64.0 293.0 237.0 8.0 237.0 378.0 41.0 378.0 
2 3 1.86 1.86 470.0 214.0 470.0 744.0 605.0 744.0 421.0 252.0 421.0 
2 3 1.32 1.32 813.0 636.0 813.0 418.0 33.0 418.0 211.0 97.0 211.0 
2 4 1.66 1.66 813.0 636.0 813.0 418.0 33.0 418.0 211.0 97.0 211.0 164.0 57.0 164.0 
2 3 0.8 0.8 611.0 109.0 611.0 87.0 48.0 87.0 399.0 28.0 399.0 
2 4 0.94 0.94 611.0 109.0 611.0 87.0 48.0 87.0 399.0 28.0 399.0 783.0 111.0 783.0 
2 5 1.37 1.37 611.0 109.0 611.0 87.0 48.0 87.0 399.0 28.0 399.0 783.0 111.0 783.0 865.0 371.0 865.0 
2 6 1.84 1.84 611.0 109.0 611.0 87.0 48.0 87.0 399.0 28.0 399.0 783.0 111.0 783.0 865.0 371.0 865.0 357.0 168.0 357.0 
2 3 1.32 1.32 305.0 7.0 305.0 640.0 447.0 640.0 746.0 448.0 746.0 
2 4 1.37 1.37 305.0 7.0 305.0 640.0 447.0 640.0 746.0 448.0 746.0 62.0 3.0 62.0 
2 5 1.4 1.4 305.0 7.0 305.0 640.0 447.0 640.0 746.0 448.0 746.0 62.0 3.0 62.0 76.0 3.0 76.0 
2 3 0.77 0.77 721.0 206.0 721.0 813.0 75.0 813.0 540.0 212.0 540.0 
2 4 0.92 0.92 721.0 206.0 721.0 813.0 75.0 813.0 540.0 212.0 540.0 315.0 49.0 315.0 
2 5 1.22 1.22 721.0 206.0 721.0 813.0 75.0 813.0 540.0 212.0 540.0 315.0 49.0 315.0 490.0 148.0 490.0 
2 6 1.86 1.86 721.0 206.0 721.0 813.0 75.0 813.0 540.0 212.0 540.0 315.0 49.0 315.0 490.0 148.0 490.0 848.0 541.0 848.0 
2 7 1.97 1.97 721.0 206.0 721.0 813.0 75.0 813.0 540.0 212.0 540.0 315.0 49.0 315.0 490.0 148.0 490.0 848.0 541.0 848.0 357.0 40.0 357.0 
2 3 1.78 1.78 480.0 405.0 480.0 132.0 40.0 132.0 895.0 570.0 895.0 
2 3 1.57 1.57 455.0 189.0 455.0 225.0 190.0 225.0 589.0 185.0 589.0 
2 3 1.78 1.78 619.0 289.0 619.0 760.0 558.0 760.0 930.0 540.0 930.0 
2 3 1.82 1.82 308.0 164.0 308.0 20.0 10.0 20.0 24.0 19.0 24.0 
2 3 0.72 0.72 887.0 439.0 887.0 153.0 13.0 153.0 848.0 127.0 848.0 
2 4 1.36 1.36 887.0 439.0 887.0 153.0 13.0 153.0 848.0 127.0 848.0 563.0 356.0 563.0 
2 5 1.66 1.66 887.0 439.0 887.0 153.0 13.0 153.0 848.0 127.0 848.0 563.0 356.0 563.0 20.0 6.0 20.0 
2 6 1.67 1.67 887.0 439.0 887.0 153.0 13.0 153.0 848.0 127.0 848.0 563.0 356.0 563.0 20.0 6.0 20.0 585.0 10.0 585.0 
2 3 0.98 0.98 991.0 630.0 991.0 724.0 213.0 724.0 850.0 51.0 850.0 
2 4 1.33 1.33 991.0 630.0 991.0 724.0 213.0 724.0 850.0 51.0 850.0 492.0 168.0 492.0 
2 5 1.59 1.59 991.0 630.0 991.0 724.0 213.0 724.0 850.0 51.0 850.0 492.0 168.0 492.0 318.0 83.0 318.0 
2 6 1.66 1.66 991.0 630.0 991.0 724.0 213.0 724.0 850.0 51.0 850.0 492.0 168.0 492.0 318.0 83.0 318.0 992.0 72.0 992.0 
2 3 1.32 1.32 803.0 465.0 803.0 651.0 152.0 651.0 400.0 204.0 400.0 
2 4 1.64 1.64 803.0 465.0 803.0 651.0 152.0 651.0 400.0 204.0 400.0 100.0 32.0 100.0 
2 3 1.14 1.14 261.0 25.0 261.0 226.0 124.0 226.0 363.0 181.0 363.0 
2 4 1.34 1.34 261.0 25.0 261.0 226.0 124.0 226.0 363.0 181.0 363.0 749.0 148.0 749.0 
2 5 1.76 1.76 261.0 25.0 261.0 226.0 124.0 226.0 363.0 181.0 363.0 749.0 148.0 749.0 597.0 252.0 597.0 
2 3 0.39 0.39 432.0 70.0 432.0 767.0 44.0 767.0 434.0 76.0 434.0 
2 4 1.06 1.06 432.0 70.0 432.0 767.0 44.0 767.0 434.0 76.0 434.0 174.0 116.0 174.0 
2 5 1.74 1.74 432.0 70.0 432.0 767.0 44.0 767.0 434.0 76.0 434.0 174.0 116.0 174.0 141.0 96.0 141.0 
2 3 1.12 1.12 747.0 67.0 747.0 489.0 59.0 489.0 293.0 267.0 293.0 
2 4 1.4 1.4 747.0 67.0 747.0 489.0 59.0 489.0 293.0 267.0 293.0 280.0 80.0 280.0 
2 5 1.41 1.41 747.0 67.0 747.0 489.0 59.0 489.0 293.0 267.0 293.0 280.0 80.0 280.0 367.0 1.0 367.0 
2 3 0.97 0.97 910.0 517.0 910.0 472.0 164.0 472.0 546.0 31.0 546.0 
2 4 1.77 1.77 910.0 517.0 910.0 472.0 164.0 472.0 546.0 31.0 546.0 906.0 723.0 906.0 
2 3 0.85 0.85 319.0 89.0 319.0 938.0 75.0 938.0 836.0 415.0 836.0 
2 4 1.03 1.03 319.0 89.0 319.0 938.0 75.0 938.0 836.0 415.0 836.0 868.0 152.0 868.0 
2 5 1.05 1.05 319.0 89.0 319.0 938.0 75.0 938.0 836.0 415.0 836.0 868.0 152.0 868.0 375.0 10.0 375.0 
2 6 1.35 1.35 319.0 89.0 319.0 938.0 75.0 938.0 836.0 415.0 836.0 868.0 152.0 868.0 375.0 10.0 375.0 659.0 196.0 659.0 
2 3 0.92 0.92 92.0 12.0 92.0 879.0 542.0 879.0 149.0 26.0 149.0 
2 4 1.38 1.38 92.0 12.0 92.0 879.0 542.0 879.0 149.0 26.0 149.0 505.0 235.0 505.0 
2 3 0.61 0.61 375.0 30.0 375.0 945.0 378.0 945.0 516.0 72.0 516.0 
2 4 0.93 0.93 375.0 30.0 375.0 945.0 378.0 945.0 516.0 72.0 516.0 138.0 44.0 138.0 
2 5 1.3 1.3 375.0 30.0 375.0 945.0 378.0 945.0 516.0 72.0 516.0 138.0 44.0 138.0 454.0 168.0 454.0 
2 3 0.74 0.74 158.0 112.0 158.0 218.0 8.0 218.0 289.0 1.0 289.0 
2 4 1.31 1.31 158.0 112.0 158.0 218.0 8.0 218.0 289.0 1.0 289.0 319.0 179.0 319.0 
2 5 1.33 1.33 158.0 112.0 158.0 218.0 8.0 218.0 289.0 1.0 289.0 319.0 179.0 319.0 185.0 5.0 185.0 
2 6 1.99 1.99 158.0 112.0 158.0 218.0 8.0 218.0 289.0 1.0 289.0 319.0 179.0 319.0 185.0 5.0 185.0 364.0 239.0 364.0 
2 3 1.61 1.61 6.0 3.0 6.0 821.0 565.0 821.0 114.0 49.0 114.0 
2 3 1.63 1.63 933.0 270.0 933.0 935.0 934.0 935.0 594.0 205.0 594.0 
2 3 1.17 1.17 533.0 18.0 533.0 586.0 545.0 586.0 653.0 137.0 653.0 
2 4 1.23 1.23 533.0 18.0 533.0 586.0 545.0 586.0 653.0 137.0 653.0 95.0 6.0 95.0 
2 3 0.67 0.67 612.0 59.0 612.0 675.0 144.0 675.0 312.0 113.0 312.0 
2 4 1.33 1.33 612.0 59.0 612.0 675.0 144.0 675.0 312.0 113.0 312.0 618.0 412.0 618.0 
2 5 1.35 1.35 612.0 59.0 612.0 675.0 144.0 675.0 312.0 113.0 312.0 618.0 412.0 618.0 814.0 12.0 814.0 
2 3 1.5 1.5 5.0 5.0 5.0 3.0 1.0 3.0 549.0 93.0 549.0 
2 3 1.28 1.28 642.0 621.0 642.0 735.0 15.0 735.0 173.0 52.0 173.0 
2 4 1.65 1.65 642.0 621.0 642.0 735.0 15.0 735.0 173.0 52.0 173.0 576.0 209.0 576.0 
2 5 1.83 1.83 642.0 621.0 642.0 735.0 15.0 735.0 173.0 52.0 173.0 576.0 209.0 576.0 854.0 153.0 854.0 
2 3 1.66 1.66 416.0 293.0 416.0 229.0 150.0 229.0 242.0 75.0 242.0 
2 3 0.6 0.6 575.0 31.0 575.0 53.0 15.0 53.0 545.0 146.0 545.0 
2 4 0.79 0.79 575.0 31.0 575.0 53.0 15.0 53.0 545.0 146.0 545.0 544.0 105.0 544.0 
2 5 0.99 0.99 575.0 31.0 575.0 53.0 15.0 53.0 545.0 146.0 545.0 544.0 105.0 544.0 913.0 182.0 913.0 
2 6 1.68 1.68 575.0 31.0 575.0 53.0 15.0 53.0 545.0 146.0 545.0 544.0 105.0 544.0 913.0 182.0 913.0 470.0 325.0 470.0 
2 3 1.1 1.1 614.0 308.0 614.0 290.0 155.0 290.0 14.0 1.0 14.0 
2 4 1.7 1.7 614.0 308.0 614.0 290.0 155.0 290.0 14.0 1.0 14.0 944.0 568.0 944.0 
2 3 0.61 0.61 76.0 37.0 76.0 509.0 11.0 509.0 578.0 60.0 578.0 
2 4 0.79 0.79 76.0 37.0 76.0 509.0 11.0 509.0 578.0 60.0 578.0 586.0 110.0 586.0 
2 5 0.98 0.98 76.0 37.0 76.0 509.0 11.0 509.0 578.0 60.0 578.0 586.0 110.0 586.0 471.0 86.0 471.0 
2 6 1.15 1.15 76.0 37.0 76.0 509.0 11.0 509.0 578.0 60.0 578.0 586.0 110.0 586.0 471.0 86.0 471.0 647.0 114.0 647.0 
2 7 1.37 1.37 76.0 37.0 76.0 509.0 11.0 509.0 578.0 60.0 578.0 586.0 110.0 586.0 471.0 86.0 471.0 647.0 114.0 647.0 213.0 45.0 213.0 
2 3 1.61 1.61 334.0 114.0 334.0 612.0 194.0 612.0 668.0 641.0 668.0 
2 4 1.71 1.71 334.0 114.0 334.0 612.0 194.0 612.0 668.0 641.0 668.0 99.0 10.0 99.0 
2 3 0.71 0.71 462.0 287.0 462.0 68.0 2.0 68.0 311.0 21.0 311.0 
2 4 0.72 0.72 462.0 287.0 462.0 68.0 2.0 68.0 311.0 21.0 311.0 380.0 1.0 380.0 
2 5 0.72 0.72 462.0 287.0 462.0 68.0 2.0 68.0 311.0 21.0 311.0 380.0 1.0 380.0 475.0 3.0 475.0 
2 6 0.78 0.78 462.0 287.0 462.0 68.0 2.0 68.0 311.0 21.0 311.0 380.0 1.0 380.0 475.0 3.0 475.0 727.0 41.0 727.0 
2 7 1.19 1.19 462.0 287.0 462.0 68.0 2.0 68.0 311.0 21.0 311.0 380.0 1.0 380.0 475.0 3.0 475.0 727.0 41.0 727.0 849.0 348.0 849.0 
2 8 1.41 1.41 462.0 287.0 462.0 68.0 2.0 68.0 311.0 21.0 311.0 380.0 1.0 380.0 475.0 3.0 475.0 727.0 41.0 727.0 849.0 348.0 849.0 923.0 206.0 923.0 
2 9 1.89 1.89 462.0 287.0 462.0 68.0 2.0 68.0 311.0 21.0 311.0 380.0 1.0 380.0 475.0 3.0 475.0 727.0 41.0 727.0 849.0 348.0 849.0 923.0 206.0 923.0 428.0 205.0 428.0 
2 3 1.84 1.84 880.0 477.0 880.0 193.0 86.0 193.0 614.0 525.0 614.0 
2 3 0.83 0.83 179.0 33.0 179.0 198.0 105.0 198.0 689.0 82.0 689.0 
2 4 1.5 1.5 179.0 33.0 179.0 198.0 105.0 198.0 689.0 82.0 689.0 759.0 511.0 759.0 
2 3 1.62 1.62 180.0 18.0 180.0 798.0 669.0 798.0 895.0 613.0 895.0 
2 3 1.3 1.3 554.0 189.0 554.0 681.0 199.0 681.0 680.0 456.0 680.0 
2 4 1.67 1.67 554.0 189.0 554.0 681.0 199.0 681.0 680.0 456.0 680.0 732.0 271.0 732.0 
2 5 1.78 1.78 554.0 189.0 554.0 681.0 199.0 681.0 680.0 456.0 680.0 732.0 271.0 732.0 412.0 47.0 412.0 
2 3 1.12 1.12 830.0 459.0 830.0 726.0 239.0 726.0 680.0 165.0 680.0 
2 4 1.19 1.19 830.0 459.0 830.0 726.0 239.0 726.0 680.0 165.0 680.0 762.0 55.0 762.0 
2 5 1.63 1.63 830.0 459.0 830.0 726.0 239.0 726.0 680.0 165.0 680.0 762.0 55.0 762.0 80.0 35.0 80.0 
2 3 1.44 1.44 807.0 475.0 807.0 180.0 49.0 180.0 764.0 446.0 764.0 
2 4 1.72 1.72 807.0 475.0 807.0 180.0 49.0 180.0 764.0 446.0 764.0 287.0 81.0 287.0 
2 3 0.82 0.82 181.0 13.0 181.0 512.0 98.0 512.0 834.0 471.0 834.0 
2 4 1.18 1.18 181.0 13.0 181.0 512.0 98.0 512.0 834.0 471.0 834.0 956.0 340.0 956.0 
2 3 0.67 0.67 745.0 310.0 745.0 55.0 10.0 55.0 198.0 16.0 198.0 
2 4 0.71 0.71 745.0 310.0 745.0 55.0 10.0 55.0 198.0 16.0 198.0 84.0 3.0 84.0 
2 5 0.96 0.96 745.0 310.0 745.0 55.0 10.0 55.0 198.0 16.0 198.0 84.0 3.0 84.0 656.0 165.0 656.0 
2 6 1.82 1.82 745.0 310.0 745.0 55.0 10.0 55.0 198.0 16.0 198.0 84.0 3.0 84.0 656.0 165.0 656.0 613.0 524.0 613.0 
2 3 0.61 0.61 474.0 153.0 474.0 518.0 29.0 518.0 131.0 31.0 131.0 
2 4 0.93 0.93 474.0 153.0 474.0 518.0 29.0 518.0 131.0 31.0 131.0 28.0 9.0 28.0 
2 5 1.05 1.05 474.0 153.0 474.0 518.0 29.0 518.0 131.0 31.0 131.0 28.0 9.0 28.0 737.0 86.0 737.0 
2 6 1.06 1.06 474.0 153.0 474.0 518.0 29.0 518.0 131.0 31.0 131.0 28.0 9.0 28.0 737.0 86.0 737.0 500.0 8.0 500.0 
2 7 1.1 1.1 474.0 153.0 474.0 518.0 29.0 518.0 131.0 31.0 131.0 28.0 9.0 28.0 737.0 86.0 737.0 500.0 8.0 500.0 363.0 13.0 363.0 
2 8 1.91 1.91 474.0 153.0 474.0 518.0 29.0 518.0 131.0 31.0 131.0 28.0 9.0 28.0 737.0 86.0 737.0 500.0 8.0 500.0 363.0 13.0 363.0 491.0 399.0 491.0 
2 3 1.24 1.24 57.0 27.0 57.0 427.0 279.0 427.0 350.0 43.0 350.0 
2 4 1.43 1.43 57.0 27.0 57.0 427.0 279.0 427.0 350.0 43.0 350.0 333.0 62.0 333.0 
2 5 1.49 1.49 57.0 27.0 57.0 427.0 279.0 427.0 350.0 43.0 350.0 333.0 62.0 333.0 32.0 2.0 32.0 
2 6 1.85 1.85 57.0 27.0 57.0 427.0 279.0 427.0 350.0 43.0 350.0 333.0 62.0 333.0 32.0 2.0 32.0 540.0 194.0 540.0 
2 3 0.71 0.71 986.0 237.0 986.0 818.0 388.0 818.0 574.0 2.0 574.0 
2 4 0.93 0.93 986.0 237.0 986.0 818.0 388.0 818.0 574.0 2.0 574.0 59.0 13.0 59.0 
2 5 1.03 1.03 986.0 237.0 986.0 818.0 388.0 818.0 574.0 2.0 574.0 59.0 13.0 59.0 592.0 55.0 592.0 
2 6 1.93 1.93 986.0 237.0 986.0 818.0 388.0 818.0 574.0 2.0 574.0 59.0 13.0 59.0 592.0 55.0 592.0 762.0 691.0 762.0 
2 3 0.66 0.66 988.0 41.0 988.0 765.0 449.0 765.0 357.0 13.0 357.0 
2 4 0.82 0.82 988.0 41.0 988.0 765.0 449.0 765.0 357.0 13.0 357.0 921.0 149.0 921.0 
2 5 1.11 1.11 988.0 41.0 988.0 765.0 449.0 765.0 357.0 13.0 357.0 921.0 149.0 921.0 569.0 162.0 569.0 
2 3 1.24 1.24 795.0 324.0 795.0 593.0 80.0 593.0 824.0 580.0 824.0 
2 4 1.37 1.37 795.0 324.0 795.0 593.0 80.0 593.0 824.0 580.0 824.0 890.0 113.0 890.0 
2 5 1.91 1.91 795.0 324.0 795.0 593.0 80.0 593.0 824.0 580.0 824.0 890.0 113.0 890.0 167.0 90.0 167.0 
2 3 1.73 1.73 537.0 79.0 537.0 399.0 321.0 399.0 249.0 194.0 249.0 
2 4 1.92 1.92 537.0 79.0 537.0 399.0 321.0 399.0 249.0 194.0 249.0 760.0 145.0 760.0 
2 3 1.55 1.55 185.0 42.0 185.0 847.0 763.0 847.0 35.0 15.0 35.0 
2 3 1.08 1.08 591.0 91.0 591.0 616.0 320.0 616.0 826.0 336.0 826.0 
2 4 1.85 1.85 591.0 91.0 591.0 616.0 320.0 616.0 826.0 336.0 826.0 906.0 698.0 906.0 
2 3 1.05 1.05 404.0 25.0 404.0 321.0 215.0 321.0 726.0 235.0 726.0 
2 3 1.74 1.74 790.0 511.0 790.0 939.0 687.0 939.0 962.0 348.0 962.0 
2 3 1.48 1.48 875.0 524.0 875.0 75.0 9.0 75.0 77.0 59.0 77.0 
2 4 1.8 1.8 875.0 524.0 875.0 75.0 9.0 75.0 77.0 59.0 77.0 199.0 64.0 199.0 
2 3 0.56 0.56 450.0 15.0 450.0 151.0 6.0 151.0 867.0 427.0 867.0 
2 4 0.6 0.6 450.0 15.0 450.0 151.0 6.0 151.0 867.0 427.0 867.0 24.0 1.0 24.0 
2 5 1.33 1.33 450.0 15.0 450.0 151.0 6.0 151.0 867.0 427.0 867.0 24.0 1.0 24.0 621.0 451.0 621.0 
2 6 1.47 1.47 450.0 15.0 450.0 151.0 6.0 151.0 867.0 427.0 867.0 24.0 1.0 24.0 621.0 451.0 621.0 623.0 87.0 623.0 
2 7 1.57 1.57 450.0 15.0 450.0 151.0 6.0 151.0 867.0 427.0 867.0 24.0 1.0 24.0 621.0 451.0 621.0 623.0 87.0 623.0 770.0 81.0 770.0 
2 8 1.67 1.67 450.0 15.0 450.0 151.0 6.0 151.0 867.0 427.0 867.0 24.0 1.0 24.0 621.0 451.0 621.0 623.0 87.0 623.0 770.0 81.0 770.0 10.0 1.0 10.0 
2 9 1.86 1.86 450.0 15.0 450.0 151.0 6.0 151.0 867.0 427.0 867.0 24.0 1.0 24.0 621.0 451.0 621.0 623.0 87.0 623.0 770.0 81.0 770.0 10.0 1.0 10.0 941.0 177.0 941.0 
2 10 1.88 1.88 450.0 15.0 450.0 151.0 6.0 151.0 867.0 427.0 867.0 24.0 1.0 24.0 621.0 451.0 621.0 623.0 87.0 623.0 770.0 81.0 770.0 10.0 1.0 10.0 941.0 177.0 941.0 387.0 7.0 387.0 
2 11 1.99 1.99 450.0 15.0 450.0 151.0 6.0 151.0 867.0 427.0 867.0 24.0 1.0 24.0 621.0 451.0 621.0 623.0 87.0 623.0 770.0 81.0 770.0 10.0 1.0 10.0 941.0 177.0 941.0 387.0 7.0 387.0 652.0 71.0 652.0 
2 3 1.35 1.35 232.0 105.0 232.0 388.0 245.0 388.0 932.0 253.0 932.0 
2 4 1.45 1.45 232.0 105.0 232.0 388.0 245.0 388.0 932.0 253.0 932.0 668.0 68.0 668.0 
2 5 1.96 1.96 232.0 105.0 232.0 388.0 245.0 388.0 932.0 253.0 932.0 668.0 68.0 668.0 638.0 324.0 638.0 
2 3 0.42 0.42 326.0 31.0 326.0 179.0 19.0 179.0 356.0 80.0 356.0 
2 4 1.16 1.16 326.0 31.0 326.0 179.0 19.0 179.0 356.0 80.0 356.0 418.0 307.0 418.0 
2 5 1.37 1.37 326.0 31.0 326.0 179.0 19.0 179.0 356.0 80.0 356.0 418.0 307.0 418.0 222.0 48.0 222.0 
2 6 1.41 1.41 326.0 31.0 326.0 179.0 19.0 179.0 356.0 80.0 356.0 418.0 307.0 418.0 222.0 48.0 222.0 886.0 38.0 886.0 
2 3 1.12 1.12 728.0 413.0 728.0 889.0 27.0 889.0 490.0 256.0 490.0 
2 4 1.13 1.13 728.0 413.0 728.0 889.0 27.0 889.0 490.0 256.0 490.0 61.0 1.0 61.0 
2 5 1.16 1.16 728.0 413.0 728.0 889.0 27.0 889.0 490.0 256.0 490.0 61.0 1.0 61.0 918.0 26.0 918.0 
2 6 1.17 1.17 728.0 413.0 728.0 889.0 27.0 889.0 490.0 256.0 490.0 61.0 1.0 61.0 918.0 26.0 918.0 242.0 2.0 242.0 
2 7 1.24 1.24 728.0 413.0 728.0 889.0 27.0 889.0 490.0 256.0 490.0 61.0 1.0 61.0 918.0 26.0 918.0 242.0 2.0 242.0 620.0 47.0 620.0 
2 8 1.68 1.68 728.0 413.0 728.0 889.0 27.0 889.0 490.0 256.0 490.0 61.0 1.0 61.0 918.0 26.0 918.0 242.0 2.0 242.0 620.0 47.0 620.0 78.0 34.0 78.0 
2 3 0.29 0.29 957.0 3.0 957.0 358.0 72.0 358.0 383.0 33.0 383.0 
2 4 0.59 0.59 957.0 3.0 957.0 358.0 72.0 358.0 383.0 33.0 383.0 852.0 258.0 852.0 
2 5 0.75 0.75 957.0 3.0 957.0 358.0 72.0 358.0 383.0 33.0 383.0 852.0 258.0 852.0 957.0 159.0 957.0 
2 6 1.31 1.31 957.0 3.0 957.0 358.0 72.0 358.0 383.0 33.0 383.0 852.0 258.0 852.0 957.0 159.0 957.0 970.0 542.0 970.0 
2 7 1.45 1.45 957.0 3.0 957.0 358.0 72.0 358.0 383.0 33.0 383.0 852.0 258.0 852.0 957.0 159.0 957.0 970.0 542.0 970.0 811.0 113.0 811.0 
2 3 1.36 1.36 521.0 494.0 521.0 212.0 56.0 212.0 549.0 83.0 549.0 
2 4 1.54 1.54 521.0 494.0 521.0 212.0 56.0 212.0 549.0 83.0 549.0 146.0 26.0 146.0 
2 3 0.74 0.74 274.0 37.0 274.0 941.0 6.0 941.0 79.0 48.0 79.0 
2 4 0.85 0.85 274.0 37.0 274.0 941.0 6.0 941.0 79.0 48.0 79.0 860.0 87.0 860.0 
2 5 0.97 0.97 274.0 37.0 274.0 941.0 6.0 941.0 79.0 48.0 79.0 860.0 87.0 860.0 803.0 104.0 803.0 
2 6 1.95 1.95 274.0 37.0 274.0 941.0 6.0 941.0 79.0 48.0 79.0 860.0 87.0 860.0 803.0 104.0 803.0 238.0 232.0 238.0 
2 3 1.6 1.6 178.0 123.0 178.0 252.0 53.0 252.0 511.0 358.0 511.0 
2 4 1.82 1.82 178.0 123.0 178.0 252.0 53.0 252.0 511.0 358.0 511.0 303.0 69.0 303.0 
2 5 1.98 1.98 178.0 123.0 178.0 252.0 53.0 252.0 511.0 358.0 511.0 303.0 69.0 303.0 960.0 153.0 960.0 
2 3 1.31 1.31 588.0 273.0 588.0 346.0 123.0 346.0 256.0 128.0 256.0 
2 4 1.54 1.54 588.0 273.0 588.0 346.0 123.0 346.0 256.0 128.0 256.0 805.0 180.0 805.0 
2 3 0.49 0.49 757.0 7.0 757.0 417.0 46.0 417.0 109.0 41.0 109.0 
2 4 0.56 0.56 757.0 7.0 757.0 417.0 46.0 417.0 109.0 41.0 109.0 676.0 46.0 676.0 
2 5 0.76 0.76 757.0 7.0 757.0 417.0 46.0 417.0 109.0 41.0 109.0 676.0 46.0 676.0 907.0 179.0 907.0 
2 6 0.99 0.99 757.0 7.0 757.0 417.0 46.0 417.0 109.0 41.0 109.0 676.0 46.0 676.0 907.0 179.0 907.0 840.0 194.0 840.0 
2 7 1.71 1.71 757.0 7.0 757.0 417.0 46.0 417.0 109.0 41.0 109.0 676.0 46.0 676.0 907.0 179.0 907.0 840.0 194.0 840.0 43.0 31.0 43.0 
2 3 1.03 1.03 268.0 5.0 268.0 761.0 59.0 761.0 280.0 262.0 280.0 
2 4 1.86 1.86 268.0 5.0 268.0 761.0 59.0 761.0 280.0 262.0 280.0 334.0 277.0 334.0 
2 3 1.63 1.63 828.0 518.0 828.0 847.0 545.0 847.0 394.0 143.0 394.0 
2 3 1.9 1.9 42.0 36.0 42.0 210.0 133.0 210.0 587.0 241.0 587.0 
2 4 1.92 1.92 42.0 36.0 42.0 210.0 133.0 210.0 587.0 241.0 587.0 439.0 12.0 439.0 
2 3 1.7 1.7 841.0 232.0 841.0 552.0 321.0 552.0 888.0 756.0 888.0 
2 4 1.86 1.86 841.0 232.0 841.0 552.0 321.0 552.0 888.0 756.0 888.0 19.0 3.0 19.0 
2 3 1.27 1.27 380.0 126.0 380.0 295.0 163.0 295.0 287.0 111.0 287.0 
2 4 1.48 1.48 380.0 126.0 380.0 295.0 163.0 295.0 287.0 111.0 287.0 167.0 35.0 167.0 
2 3 1.25 1.25 332.0 214.0 332.0 10.0 6.0 10.0 104.0 1.0 104.0 
2 4 1.99 1.99 332.0 214.0 332.0 10.0 6.0 10.0 104.0 1.0 104.0 531.0 396.0 531.0 
2 3 1.75 1.75 695.0 286.0 695.0 310.0 255.0 310.0 253.0 131.0 253.0 
2 3 0.72 0.72 15.0 1.0 15.0 327.0 21.0 327.0 591.0 349.0 591.0 
2 4 1.0 1.0 15.0 1.0 15.0 327.0 21.0 327.0 591.0 349.0 591.0 28.0 8.0 28.0 
2 5 1.01 1.01 15.0 1.0 15.0 327.0 21.0 327.0 591.0 349.0 591.0 28.0 8.0 28.0 513.0 6.0 513.0 
2 6 1.5 1.5 15.0 1.0 15.0 327.0 21.0 327.0 591.0 349.0 591.0 28.0 8.0 28.0 513.0 6.0 513.0 230.0 111.0 230.0 
2 3 1.26 1.26 121.0 110.0 121.0 390.0 8.0 390.0 806.0 274.0 806.0 
2 4 1.8 1.8 121.0 110.0 121.0 390.0 8.0 390.0 806.0 274.0 806.0 156.0 83.0 156.0 
2 5 1.87 1.87 121.0 110.0 121.0 390.0 8.0 390.0 806.0 274.0 806.0 156.0 83.0 156.0 564.0 39.0 564.0 
2 3 0.84 0.84 498.0 178.0 498.0 692.0 180.0 692.0 13.0 3.0 13.0 
2 4 0.9 0.9 498.0 178.0 498.0 692.0 180.0 692.0 13.0 3.0 13.0 320.0 17.0 320.0 
2 5 1.26 1.26 498.0 178.0 498.0 692.0 180.0 692.0 13.0 3.0 13.0 320.0 17.0 320.0 988.0 357.0 988.0 
2 3 0.78 0.78 540.0 8.0 540.0 704.0 363.0 704.0 745.0 192.0 745.0 
2 4 1.1 1.1 540.0 8.0 540.0 704.0 363.0 704.0 745.0 192.0 745.0 172.0 55.0 172.0 
2 5 1.31 1.31 540.0 8.0 540.0 704.0 363.0 704.0 745.0 192.0 745.0 172.0 55.0 172.0 208.0 43.0 208.0 
2 3 1.96 1.96 74.0 55.0 74.0 312.0 99.0 312.0 461.0 417.0 461.0 
2 3 1.23 1.23 363.0 212.0 363.0 209.0 101.0 209.0 482.0 83.0 482.0 
2 4 1.58 1.58 363.0 212.0 363.0 209.0 101.0 209.0 482.0 83.0 482.0 865.0 303.0 865.0 
2 5 1.99 1.99 363.0 212.0 363.0 209.0 101.0 209.0 482.0 83.0 482.0 865.0 303.0 865.0 589.0 240.0 589.0 
2 3 0.39 0.39 85.0 2.0 85.0 537.0 39.0 537.0 685.0 207.0 685.0 
2 4 1.0 1.0 85.0 2.0 85.0 537.0 39.0 537.0 685.0 207.0 685.0 969.0 588.0 969.0 
2 5 1.13 1.13 85.0 2.0 85.0 537.0 39.0 537.0 685.0 207.0 685.0 969.0 588.0 969.0 403.0 54.0 403.0 
2 6 1.51 1.51 85.0 2.0 85.0 537.0 39.0 537.0 685.0 207.0 685.0 969.0 588.0 969.0 403.0 54.0 403.0 32.0 12.0 32.0 
2 3 0.61 0.61 922.0 199.0 922.0 785.0 149.0 785.0 464.0 98.0 464.0 
2 4 1.17 1.17 922.0 199.0 922.0 785.0 149.0 785.0 464.0 98.0 464.0 767.0 425.0 767.0 
2 5 1.84 1.84 922.0 199.0 922.0 785.0 149.0 785.0 464.0 98.0 464.0 767.0 425.0 767.0 850.0 570.0 850.0 
2 3 0.93 0.93 459.0 387.0 459.0 188.0 2.0 188.0 962.0 74.0 962.0 
2 4 1.81 1.81 459.0 387.0 459.0 188.0 2.0 188.0 962.0 74.0 962.0 422.0 373.0 422.0 
2 3 1.4 1.4 206.0 182.0 206.0 555.0 190.0 555.0 28.0 5.0 28.0 
2 3 0.74 0.74 70.0 20.0 70.0 60.0 26.0 60.0 117.0 3.0 117.0 
2 4 1.14 1.14 70.0 20.0 70.0 60.0 26.0 60.0 117.0 3.0 117.0 905.0 366.0 905.0 
2 5 1.38 1.38 70.0 20.0 70.0 60.0 26.0 60.0 117.0 3.0 117.0 905.0 366.0 905.0 791.0 189.0 791.0 
2 6 1.58 1.58 70.0 20.0 70.0 60.0 26.0 60.0 117.0 3.0 117.0 905.0 366.0 905.0 791.0 189.0 791.0 696.0 139.0 696.0 
2 7 1.64 1.64 70.0 20.0 70.0 60.0 26.0 60.0 117.0 3.0 117.0 905.0 366.0 905.0 791.0 189.0 791.0 696.0 139.0 696.0 102.0 6.0 102.0 
2 3 1.44 1.44 206.0 138.0 206.0 706.0 50.0 706.0 797.0 558.0 797.0 
2 4 1.87 1.87 206.0 138.0 206.0 706.0 50.0 706.0 797.0 558.0 797.0 768.0 334.0 768.0 
2 3 0.92 0.92 519.0 151.0 519.0 568.0 32.0 568.0 800.0 460.0 800.0 
2 4 1.51 1.51 519.0 151.0 519.0 568.0 32.0 568.0 800.0 460.0 800.0 655.0 385.0 655.0 
2 3 0.43 0.43 536.0 67.0 536.0 730.0 193.0 730.0 103.0 5.0 103.0 
2 4 1.2 1.2 536.0 67.0 536.0 730.0 193.0 730.0 103.0 5.0 103.0 113.0 87.0 113.0 
2 5 1.39 1.39 536.0 67.0 536.0 730.0 193.0 730.0 103.0 5.0 103.0 113.0 87.0 113.0 262.0 50.0 262.0 
2 6 1.6 1.6 536.0 67.0 536.0 730.0 193.0 730.0 103.0 5.0 103.0 113.0 87.0 113.0 262.0 50.0 262.0 248.0 51.0 248.0 
2 3 1.41 1.41 636.0 194.0 636.0 121.0 61.0 121.0 508.0 307.0 508.0 
2 4 1.51 1.51 636.0 194.0 636.0 121.0 61.0 121.0 508.0 307.0 508.0 620.0 66.0 620.0 
2 5 1.94 1.94 636.0 194.0 636.0 121.0 61.0 121.0 508.0 307.0 508.0 620.0 66.0 620.0 133.0 56.0 133.0 
2 3 1.35 1.35 707.0 218.0 707.0 974.0 602.0 974.0 884.0 375.0 884.0 
2 4 1.84 1.84 707.0 218.0 707.0 974.0 602.0 974.0 884.0 375.0 884.0 958.0 474.0 958.0 
2 5 1.93 1.93 707.0 218.0 707.0 974.0 602.0 974.0 884.0 375.0 884.0 958.0 474.0 958.0 85.0 8.0 85.0 
2 3 1.08 1.08 205.0 36.0 205.0 614.0 560.0 614.0 901.0 1.0 901.0 
2 4 1.15 1.15 205.0 36.0 205.0 614.0 560.0 614.0 901.0 1.0 901.0 508.0 36.0 508.0 
2 5 1.97 1.97 205.0 36.0 205.0 614.0 560.0 614.0 901.0 1.0 901.0 508.0 36.0 508.0 961.0 788.0 961.0 
2 3 0.78 0.78 869.0 320.0 869.0 82.0 6.0 82.0 97.0 33.0 97.0 
2 4 1.36 1.36 869.0 320.0 869.0 82.0 6.0 82.0 97.0 33.0 97.0 537.0 313.0 537.0 
2 5 1.64 1.64 869.0 320.0 869.0 82.0 6.0 82.0 97.0 33.0 97.0 537.0 313.0 537.0 769.0 217.0 769.0 
2 3 1.39 1.39 303.0 142.0 303.0 560.0 253.0 560.0 593.0 284.0 593.0 
2 4 1.44 1.44 303.0 142.0 303.0 560.0 253.0 560.0 593.0 284.0 593.0 856.0 42.0 856.0 
2 5 1.47 1.47 303.0 142.0 303.0 560.0 253.0 560.0 593.0 284.0 593.0 856.0 42.0 856.0 659.0 16.0 659.0 
2 6 1.81 1.81 303.0 142.0 303.0 560.0 253.0 560.0 593.0 284.0 593.0 856.0 42.0 856.0 659.0 16.0 659.0 653.0 223.0 653.0 
2 3 1.38 1.38 278.0 50.0 278.0 867.0 475.0 867.0 527.0 349.0 527.0 
2 3 0.99 0.99 658.0 547.0 658.0 672.0 98.0 672.0 646.0 14.0 646.0 
2 4 1.29 1.29 658.0 547.0 658.0 672.0 98.0 672.0 646.0 14.0 646.0 232.0 68.0 232.0 
2 5 1.36 1.36 658.0 547.0 658.0 672.0 98.0 672.0 646.0 14.0 646.0 232.0 68.0 232.0 26.0 2.0 26.0 
2 6 1.91 1.91 658.0 547.0 658.0 672.0 98.0 672.0 646.0 14.0 646.0 232.0 68.0 232.0 26.0 2.0 26.0 607.0 334.0 607.0 
2 3 1.17 1.17 317.0 32.0 317.0 67.0 28.0 67.0 712.0 468.0 712.0 
2 4 1.73 1.73 317.0 32.0 317.0 67.0 28.0 67.0 712.0 468.0 712.0 737.0 413.0 737.0 
2 3 1.34 1.34 108.0 52.0 108.0 652.0 146.0 652.0 666.0 424.0 666.0 
2 4 1.86 1.86 108.0 52.0 108.0 652.0 146.0 652.0 666.0 424.0 666.0 384.0 202.0 384.0 
2 5 1.88 1.88 108.0 52.0 108.0 652.0 146.0 652.0 666.0 424.0 666.0 384.0 202.0 384.0 434.0 8.0 434.0 
2 3 1.92 1.92 686.0 25.0 686.0 998.0 953.0 998.0 819.0 765.0 819.0 
2 3 1.6 1.6 567.0 143.0 567.0 358.0 278.0 358.0 551.0 318.0 551.0 
2 3 0.66 0.66 303.0 142.0 303.0 833.0 35.0 833.0 221.0 35.0 221.0 
2 4 0.78 0.78 303.0 142.0 303.0 833.0 35.0 833.0 221.0 35.0 221.0 885.0 107.0 885.0 
2 5 0.79 0.79 303.0 142.0 303.0 833.0 35.0 833.0 221.0 35.0 221.0 885.0 107.0 885.0 668.0 6.0 668.0 
2 6 1.64 1.64 303.0 142.0 303.0 833.0 35.0 833.0 221.0 35.0 221.0 885.0 107.0 885.0 668.0 6.0 668.0 658.0 559.0 658.0 
2 3 1.0 1.0 319.0 58.0 319.0 831.0 614.0 831.0 700.0 56.0 700.0 
2 4 1.96 1.96 319.0 58.0 319.0 831.0 614.0 831.0 700.0 56.0 700.0 706.0 680.0 706.0 
2 3 1.6 1.6 292.0 215.0 292.0 305.0 33.0 305.0 746.0 565.0 746.0 
2 3 1.32 1.32 117.0 36.0 117.0 981.0 701.0 981.0 895.0 274.0 895.0 
2 4 1.48 1.48 117.0 36.0 117.0 981.0 701.0 981.0 895.0 274.0 895.0 254.0 39.0 254.0 
2 5 1.79 1.79 117.0 36.0 117.0 981.0 701.0 981.0 895.0 274.0 895.0 254.0 39.0 254.0 749.0 237.0 749.0 
2 3 1.98 1.98 960.0 752.0 960.0 554.0 111.0 554.0 900.0 897.0 900.0 
2 3 0.58 0.58 689.0 175.0 689.0 893.0 223.0 893.0 743.0 63.0 743.0 
2 4 0.72 0.72 689.0 175.0 689.0 893.0 223.0 893.0 743.0 63.0 743.0 15.0 2.0 15.0 
2 5 1.35 1.35 689.0 175.0 689.0 893.0 223.0 893.0 743.0 63.0 743.0 15.0 2.0 15.0 207.0 131.0 207.0 
2 6 1.89 1.89 689.0 175.0 689.0 893.0 223.0 893.0 743.0 63.0 743.0 15.0 2.0 15.0 207.0 131.0 207.0 241.0 131.0 241.0 
2 7 1.92 1.92 689.0 175.0 689.0 893.0 223.0 893.0 743.0 63.0 743.0 15.0 2.0 15.0 207.0 131.0 207.0 241.0 131.0 241.0 357.0 11.0 357.0 
2 3 1.31 1.31 354.0 199.0 354.0 503.0 214.0 503.0 859.0 280.0 859.0 
2 3 0.86 0.86 552.0 63.0 552.0 512.0 86.0 512.0 626.0 365.0 626.0 
2 4 1.44 1.44 552.0 63.0 552.0 512.0 86.0 512.0 626.0 365.0 626.0 267.0 154.0 267.0 
2 3 1.89 1.89 325.0 228.0 325.0 263.0 151.0 263.0 486.0 302.0 486.0 
2 3 1.54 1.54 880.0 472.0 880.0 129.0 14.0 129.0 928.0 832.0 928.0 
2 4 1.91 1.91 880.0 472.0 880.0 129.0 14.0 129.0 928.0 832.0 928.0 130.0 48.0 130.0 
2 5 1.94 1.94 880.0 472.0 880.0 129.0 14.0 129.0 928.0 832.0 928.0 130.0 48.0 130.0 248.0 8.0 248.0 
2 3 1.64 1.64 84.0 25.0 84.0 943.0 380.0 943.0 708.0 670.0 708.0 
2 4 1.74 1.74 84.0 25.0 84.0 943.0 380.0 943.0 708.0 670.0 708.0 608.0 62.0 608.0 
2 3 1.44 1.44 432.0 161.0 432.0 473.0 326.0 473.0 214.0 82.0 214.0 
2 4 1.98 1.98 432.0 161.0 432.0 473.0 326.0 473.0 214.0 82.0 214.0 459.0 249.0 459.0 
2 3 1.64 1.64 812.0 158.0 812.0 75.0 67.0 75.0 402.0 224.0 402.0 
2 3 0.94 0.94 549.0 34.0 549.0 595.0 233.0 595.0 890.0 433.0 890.0 
2 4 1.18 1.18 549.0 34.0 549.0 595.0 233.0 595.0 890.0 433.0 890.0 284.0 69.0 284.0 
2 5 1.46 1.46 549.0 34.0 549.0 595.0 233.0 595.0 890.0 433.0 890.0 284.0 69.0 284.0 594.0 168.0 594.0 
2 6 1.67 1.67 549.0 34.0 549.0 595.0 233.0 595.0 890.0 433.0 890.0 284.0 69.0 284.0 594.0 168.0 594.0 937.0 199.0 937.0 
2 3 1.1 1.1 669.0 396.0 669.0 923.0 15.0 923.0 879.0 438.0 879.0 
2 3 0.94 0.94 140.0 30.0 140.0 283.0 179.0 283.0 964.0 94.0 964.0 
2 4 1.53 1.53 140.0 30.0 140.0 283.0 179.0 283.0 964.0 94.0 964.0 266.0 158.0 266.0 
2 3 1.39 1.39 588.0 177.0 588.0 896.0 212.0 896.0 919.0 789.0 919.0 
2 4 1.5 1.5 588.0 177.0 588.0 896.0 212.0 896.0 919.0 789.0 919.0 9.0 1.0 9.0 
2 3 0.77 0.77 525.0 41.0 525.0 657.0 361.0 657.0 356.0 51.0 356.0 
2 4 1.63 1.63 525.0 41.0 525.0 657.0 361.0 657.0 356.0 51.0 356.0 105.0 91.0 105.0 
2 3 0.94 0.94 933.0 214.0 933.0 973.0 592.0 973.0 555.0 59.0 555.0 
2 4 1.33 1.33 933.0 214.0 933.0 973.0 592.0 973.0 555.0 59.0 555.0 145.0 57.0 145.0 
2 5 1.75 1.75 933.0 214.0 933.0 973.0 592.0 973.0 555.0 59.0 555.0 145.0 57.0 145.0 932.0 389.0 932.0 
2 3 0.81 0.81 363.0 43.0 363.0 748.0 200.0 748.0 907.0 386.0 907.0 
2 4 1.41 1.41 363.0 43.0 363.0 748.0 200.0 748.0 907.0 386.0 907.0 298.0 179.0 298.0 
2 5 1.6 1.6 363.0 43.0 363.0 748.0 200.0 748.0 907.0 386.0 907.0 298.0 179.0 298.0 883.0 169.0 883.0 
2 3 1.99 1.99 535.0 438.0 535.0 112.0 77.0 112.0 917.0 447.0 917.0 
2 3 1.26 1.26 371.0 263.0 371.0 971.0 501.0 971.0 907.0 34.0 907.0 
2 4 1.56 1.56 371.0 263.0 371.0 971.0 501.0 971.0 907.0 34.0 907.0 683.0 204.0 683.0 
2 5 1.61 1.61 371.0 263.0 371.0 971.0 501.0 971.0 907.0 34.0 907.0 683.0 204.0 683.0 669.0 38.0 669.0 
2 6 1.83 1.83 371.0 263.0 371.0 971.0 501.0 971.0 907.0 34.0 907.0 683.0 204.0 683.0 669.0 38.0 669.0 102.0 22.0 102.0 
2 3 0.5 0.5 109.0 10.0 109.0 307.0 53.0 307.0 315.0 77.0 315.0 
2 4 0.68 0.68 109.0 10.0 109.0 307.0 53.0 307.0 315.0 77.0 315.0 358.0 64.0 358.0 
2 5 0.71 0.71 109.0 10.0 109.0 307.0 53.0 307.0 315.0 77.0 315.0 358.0 64.0 358.0 435.0 10.0 435.0 
2 6 1.68 1.68 109.0 10.0 109.0 307.0 53.0 307.0 315.0 77.0 315.0 358.0 64.0 358.0 435.0 10.0 435.0 314.0 305.0 314.0 
2 7 1.94 1.94 109.0 10.0 109.0 307.0 53.0 307.0 315.0 77.0 315.0 358.0 64.0 358.0 435.0 10.0 435.0 314.0 305.0 314.0 620.0 163.0 620.0 
2 3 1.28 1.28 617.0 353.0 617.0 585.0 222.0 585.0 774.0 260.0 774.0 
2 4 1.38 1.38 617.0 353.0 617.0 585.0 222.0 585.0 774.0 260.0 774.0 834.0 79.0 834.0 
2 5 1.4 1.4 617.0 353.0 617.0 585.0 222.0 585.0 774.0 260.0 774.0 834.0 79.0 834.0 215.0 4.0 215.0 
2 6 1.71 1.71 617.0 353.0 617.0 585.0 222.0 585.0 774.0 260.0 774.0 834.0 79.0 834.0 215.0 4.0 215.0 947.0 299.0 947.0 
2 7 1.97 1.97 617.0 353.0 617.0 585.0 222.0 585.0 774.0 260.0 774.0 834.0 79.0 834.0 215.0 4.0 215.0 947.0 299.0 947.0 723.0 187.0 723.0 
2 3 1.26 1.26 748.0 319.0 748.0 82.0 31.0 82.0 206.0 95.0 206.0 
2 4 1.44 1.44 748.0 319.0 748.0 82.0 31.0 82.0 206.0 95.0 206.0 85.0 15.0 85.0 
2 5 1.54 1.54 748.0 319.0 748.0 82.0 31.0 82.0 206.0 95.0 206.0 85.0 15.0 85.0 499.0 53.0 499.0 
2 3 0.63 0.63 119.0 27.0 119.0 681.0 78.0 681.0 847.0 251.0 847.0 
2 4 0.9 0.9 119.0 27.0 119.0 681.0 78.0 681.0 847.0 251.0 847.0 595.0 161.0 595.0 
2 5 1.72 1.72 119.0 27.0 119.0 681.0 78.0 681.0 847.0 251.0 847.0 595.0 161.0 595.0 521.0 427.0 521.0 
2 6 1.78 1.78 119.0 27.0 119.0 681.0 78.0 681.0 847.0 251.0 847.0 595.0 161.0 595.0 521.0 427.0 521.0 952.0 56.0 952.0 
2 3 1.66 1.66 768.0 257.0 768.0 52.0 29.0 52.0 921.0 709.0 921.0 
2 3 0.92 0.92 127.0 27.0 127.0 46.0 30.0 46.0 157.0 9.0 157.0 
2 4 1.17 1.17 127.0 27.0 127.0 46.0 30.0 46.0 157.0 9.0 157.0 59.0 15.0 59.0 
2 5 1.91 1.91 127.0 27.0 127.0 46.0 30.0 46.0 157.0 9.0 157.0 59.0 15.0 59.0 294.0 216.0 294.0 
2 3 0.44 0.44 581.0 121.0 581.0 478.0 82.0 478.0 129.0 8.0 129.0 
2 4 0.75 0.75 581.0 121.0 581.0 478.0 82.0 478.0 129.0 8.0 129.0 142.0 44.0 142.0 
2 5 1.16 1.16 581.0 121.0 581.0 478.0 82.0 478.0 129.0 8.0 129.0 142.0 44.0 142.0 963.0 402.0 963.0 
2 3 0.71 0.71 643.0 24.0 643.0 582.0 348.0 582.0 689.0 53.0 689.0 
2 4 1.6 1.6 643.0 24.0 643.0 582.0 348.0 582.0 689.0 53.0 689.0 234.0 210.0 234.0 
2 3 0.96 0.96 229.0 40.0 229.0 293.0 155.0 293.0 461.0 122.0 461.0 
2 4 1.15 1.15 229.0 40.0 229.0 293.0 155.0 293.0 461.0 122.0 461.0 149.0 28.0 149.0 
2 5 1.2 1.2 229.0 40.0 229.0 293.0 155.0 293.0 461.0 122.0 461.0 149.0 28.0 149.0 122.0 6.0 122.0 
2 6 1.69 1.69 229.0 40.0 229.0 293.0 155.0 293.0 461.0 122.0 461.0 149.0 28.0 149.0 122.0 6.0 122.0 96.0 47.0 96.0 
2 3 0.47 0.47 736.0 187.0 736.0 123.0 24.0 123.0 892.0 25.0 892.0 
2 4 0.63 0.63 736.0 187.0 736.0 123.0 24.0 123.0 892.0 25.0 892.0 554.0 89.0 554.0 
2 5 0.76 0.76 736.0 187.0 736.0 123.0 24.0 123.0 892.0 25.0 892.0 554.0 89.0 554.0 520.0 64.0 520.0 
2 6 0.82 0.82 736.0 187.0 736.0 123.0 24.0 123.0 892.0 25.0 892.0 554.0 89.0 554.0 520.0 64.0 520.0 186.0 11.0 186.0 
2 7 1.07 1.07 736.0 187.0 736.0 123.0 24.0 123.0 892.0 25.0 892.0 554.0 89.0 554.0 520.0 64.0 520.0 186.0 11.0 186.0 444.0 113.0 444.0 
2 8 1.08 1.08 736.0 187.0 736.0 123.0 24.0 123.0 892.0 25.0 892.0 554.0 89.0 554.0 520.0 64.0 520.0 186.0 11.0 186.0 444.0 113.0 444.0 926.0 10.0 926.0 
2 9 1.8 1.8 736.0 187.0 736.0 123.0 24.0 123.0 892.0 25.0 892.0 554.0 89.0 554.0 520.0 64.0 520.0 186.0 11.0 186.0 444.0 113.0 444.0 926.0 10.0 926.0 435.0 311.0 435.0 
2 3 1.89 1.89 90.0 75.0 90.0 363.0 104.0 363.0 66.0 51.0 66.0 
2 3 1.77 1.77 445.0 302.0 445.0 528.0 446.0 528.0 629.0 161.0 629.0 
2 3 1.64 1.64 76.0 4.0 76.0 821.0 779.0 821.0 138.0 89.0 138.0 
2 3 0.88 0.88 222.0 4.0 222.0 556.0 407.0 556.0 714.0 95.0 714.0 
2 4 0.96 0.96 222.0 4.0 222.0 556.0 407.0 556.0 714.0 95.0 714.0 52.0 4.0 52.0 
2 5 1.54 1.54 222.0 4.0 222.0 556.0 407.0 556.0 714.0 95.0 714.0 52.0 4.0 52.0 554.0 326.0 554.0 
2 3 0.35 0.35 134.0 8.0 134.0 394.0 80.0 394.0 444.0 39.0 444.0 
2 4 0.41 0.41 134.0 8.0 134.0 394.0 80.0 394.0 444.0 39.0 444.0 725.0 49.0 725.0 
2 5 1.0 1.0 134.0 8.0 134.0 394.0 80.0 394.0 444.0 39.0 444.0 725.0 49.0 725.0 465.0 271.0 465.0 
2 6 1.06 1.06 134.0 8.0 134.0 394.0 80.0 394.0 444.0 39.0 444.0 725.0 49.0 725.0 465.0 271.0 465.0 268.0 18.0 268.0 
2 7 1.15 1.15 134.0 8.0 134.0 394.0 80.0 394.0 444.0 39.0 444.0 725.0 49.0 725.0 465.0 271.0 465.0 268.0 18.0 268.0 839.0 73.0 839.0 
2 3 1.34 1.34 733.0 96.0 733.0 183.0 92.0 183.0 291.0 206.0 291.0 
2 3 1.54 1.54 175.0 68.0 175.0 846.0 718.0 846.0 902.0 281.0 902.0 
2 4 1.85 1.85 175.0 68.0 175.0 846.0 718.0 846.0 902.0 281.0 902.0 467.0 143.0 467.0 
2 5 1.98 1.98 175.0 68.0 175.0 846.0 718.0 846.0 902.0 281.0 902.0 467.0 143.0 467.0 427.0 57.0 427.0 
2 3 0.84 0.84 470.0 59.0 470.0 599.0 150.0 599.0 123.0 58.0 123.0 
2 4 1.74 1.74 470.0 59.0 470.0 599.0 150.0 599.0 123.0 58.0 123.0 230.0 207.0 230.0 
2 3 1.43 1.43 415.0 367.0 415.0 439.0 142.0 439.0 174.0 39.0 174.0 
2 4 1.95 1.95 415.0 367.0 415.0 439.0 142.0 439.0 174.0 39.0 174.0 405.0 210.0 405.0 
2 3 1.42 1.42 94.0 54.0 94.0 343.0 265.0 343.0 645.0 48.0 645.0 
2 3 0.65 0.65 566.0 27.0 566.0 893.0 402.0 893.0 451.0 73.0 451.0 
2 4 1.19 1.19 566.0 27.0 566.0 893.0 402.0 893.0 451.0 73.0 451.0 439.0 236.0 439.0 
2 5 1.51 1.51 566.0 27.0 566.0 893.0 402.0 893.0 451.0 73.0 451.0 439.0 236.0 439.0 357.0 114.0 357.0 
2 3 1.8 1.8 244.0 70.0 244.0 589.0 457.0 589.0 427.0 318.0 427.0 
2 3 0.98 0.98 790.0 438.0 790.0 325.0 122.0 325.0 801.0 48.0 801.0 
2 4 1.79 1.79 790.0 438.0 790.0 325.0 122.0 325.0 801.0 48.0 801.0 400.0 321.0 400.0 
2 3 0.89 0.89 435.0 250.0 435.0 673.0 89.0 673.0 684.0 132.0 684.0 
2 4 1.1 1.1 435.0 250.0 435.0 673.0 89.0 673.0 684.0 132.0 684.0 353.0 71.0 353.0 
2 5 1.56 1.56 435.0 250.0 435.0 673.0 89.0 673.0 684.0 132.0 684.0 353.0 71.0 353.0 32.0 15.0 32.0 
2 3 1.27 1.27 719.0 197.0 719.0 668.0 435.0 668.0 327.0 113.0 327.0 
2 4 1.79 1.79 719.0 197.0 719.0 668.0 435.0 668.0 327.0 113.0 327.0 747.0 393.0 747.0 
2 3 1.51 1.51 303.0 83.0 303.0 12.0 8.0 12.0 63.0 36.0 63.0 
2 3 1.15 1.15 69.0 51.0 69.0 582.0 173.0 582.0 102.0 12.0 102.0 
2 4 1.25 1.25 69.0 51.0 69.0 582.0 173.0 582.0 102.0 12.0 102.0 827.0 80.0 827.0 
2 5 1.48 1.48 69.0 51.0 69.0 582.0 173.0 582.0 102.0 12.0 102.0 827.0 80.0 827.0 924.0 213.0 924.0 
2 6 1.82 1.82 69.0 51.0 69.0 582.0 173.0 582.0 102.0 12.0 102.0 827.0 80.0 827.0 924.0 213.0 924.0 851.0 292.0 851.0 
2 7 1.85 1.85 69.0 51.0 69.0 582.0 173.0 582.0 102.0 12.0 102.0 827.0 80.0 827.0 924.0 213.0 924.0 851.0 292.0 851.0 778.0 21.0 778.0 
2 3 1.12 1.12 338.0 9.0 338.0 911.0 791.0 911.0 648.0 146.0 648.0 
2 4 1.91 1.91 338.0 9.0 338.0 911.0 791.0 911.0 648.0 146.0 648.0 851.0 680.0 851.0 
2 3 1.14 1.14 767.0 42.0 767.0 7.0 2.0 7.0 940.0 757.0 940.0 
2 4 1.42 1.42 767.0 42.0 767.0 7.0 2.0 7.0 940.0 757.0 940.0 541.0 150.0 541.0 
2 5 1.53 1.53 767.0 42.0 767.0 7.0 2.0 7.0 940.0 757.0 940.0 541.0 150.0 541.0 814.0 88.0 814.0 
2 3 1.57 1.57 134.0 12.0 134.0 681.0 591.0 681.0 409.0 251.0 409.0 
2 4 1.73 1.73 134.0 12.0 134.0 681.0 591.0 681.0 409.0 251.0 409.0 376.0 61.0 376.0 
2 5 1.89 1.89 134.0 12.0 134.0 681.0 591.0 681.0 409.0 251.0 409.0 376.0 61.0 376.0 796.0 130.0 796.0 
2 6 1.98 1.98 134.0 12.0 134.0 681.0 591.0 681.0 409.0 251.0 409.0 376.0 61.0 376.0 796.0 130.0 796.0 920.0 82.0 920.0 
2 3 1.3 1.3 197.0 24.0 197.0 277.0 159.0 277.0 841.0 510.0 841.0 
2 4 1.41 1.41 197.0 24.0 197.0 277.0 159.0 277.0 841.0 510.0 841.0 54.0 6.0 54.0 
2 5 1.68 1.68 197.0 24.0 197.0 277.0 159.0 277.0 841.0 510.0 841.0 54.0 6.0 54.0 462.0 127.0 462.0 
2 3 1.57 1.57 802.0 591.0 802.0 889.0 434.0 889.0 852.0 296.0 852.0 
2 3 1.44 1.44 633.0 385.0 633.0 991.0 564.0 991.0 207.0 55.0 207.0 
2 4 1.74 1.74 633.0 385.0 633.0 991.0 564.0 991.0 207.0 55.0 207.0 555.0 166.0 555.0 
2 3 0.64 0.64 953.0 134.0 953.0 793.0 160.0 793.0 419.0 126.0 419.0 
2 4 0.98 0.98 953.0 134.0 953.0 793.0 160.0 793.0 419.0 126.0 419.0 610.0 209.0 610.0 
2 5 1.02 1.02 953.0 134.0 953.0 793.0 160.0 793.0 419.0 126.0 419.0 610.0 209.0 610.0 95.0 4.0 95.0 
2 6 1.66 1.66 953.0 134.0 953.0 793.0 160.0 793.0 419.0 126.0 419.0 610.0 209.0 610.0 95.0 4.0 95.0 33.0 21.0 33.0 
2 3 1.44 1.44 708.0 239.0 708.0 786.0 607.0 786.0 955.0 318.0 955.0 
2 4 1.76 1.76 708.0 239.0 708.0 786.0 607.0 786.0 955.0 318.0 955.0 957.0 304.0 957.0 
2 5 1.92 1.92 708.0 239.0 708.0 786.0 607.0 786.0 955.0 318.0 955.0 957.0 304.0 957.0 828.0 136.0 828.0 
2 3 0.89 0.89 503.0 141.0 503.0 337.0 118.0 337.0 158.0 42.0 158.0 
2 4 0.95 0.95 503.0 141.0 503.0 337.0 118.0 337.0 158.0 42.0 158.0 471.0 27.0 471.0 
2 5 1.07 1.07 503.0 141.0 503.0 337.0 118.0 337.0 158.0 42.0 158.0 471.0 27.0 471.0 16.0 2.0 16.0 
2 6 1.89 1.89 503.0 141.0 503.0 337.0 118.0 337.0 158.0 42.0 158.0 471.0 27.0 471.0 16.0 2.0 16.0 607.0 497.0 607.0 
2 7 1.92 1.92 503.0 141.0 503.0 337.0 118.0 337.0 158.0 42.0 158.0 471.0 27.0 471.0 16.0 2.0 16.0 607.0 497.0 607.0 335.0 8.0 335.0 
2 3 0.62 0.62 572.0 118.0 572.0 541.0 69.0 541.0 631.0 185.0 631.0 
2 4 1.06 1.06 572.0 118.0 572.0 541.0 69.0 541.0 631.0 185.0 631.0 884.0 391.0 884.0 
2 5 1.54 1.54 572.0 118.0 572.0 541.0 69.0 541.0 631.0 185.0 631.0 884.0 391.0 884.0 889.0 419.0 889.0 
2 3 1.99 1.99 611.0 444.0 611.0 476.0 141.0 476.0 157.0 152.0 157.0 
2 3 0.69 0.69 859.0 383.0 859.0 571.0 31.0 571.0 79.0 15.0 79.0 
2 4 0.87 0.87 859.0 383.0 859.0 571.0 31.0 571.0 79.0 15.0 79.0 714.0 130.0 714.0 
2 5 0.96 0.96 859.0 383.0 859.0 571.0 31.0 571.0 79.0 15.0 79.0 714.0 130.0 714.0 281.0 25.0 281.0 
2 6 1.01 1.01 859.0 383.0 859.0 571.0 31.0 571.0 79.0 15.0 79.0 714.0 130.0 714.0 281.0 25.0 281.0 262.0 15.0 262.0 
2 7 1.98 1.98 859.0 383.0 859.0 571.0 31.0 571.0 79.0 15.0 79.0 714.0 130.0 714.0 281.0 25.0 281.0 262.0 15.0 262.0 338.0 328.0 338.0 
2 3 1.36 1.36 262.0 162.0 262.0 10.0 1.0 10.0 840.0 546.0 840.0 
2 3 1.0 1.0 631.0 506.0 631.0 650.0 111.0 650.0 221.0 8.0 221.0 
2 4 1.12 1.12 631.0 506.0 631.0 650.0 111.0 650.0 221.0 8.0 221.0 915.0 104.0 915.0 
2 5 1.47 1.47 631.0 506.0 631.0 650.0 111.0 650.0 221.0 8.0 221.0 915.0 104.0 915.0 121.0 43.0 121.0 
2 6 1.61 1.61 631.0 506.0 631.0 650.0 111.0 650.0 221.0 8.0 221.0 915.0 104.0 915.0 121.0 43.0 121.0 684.0 94.0 684.0 
2 3 1.05 1.05 814.0 476.0 814.0 430.0 78.0 430.0 95.0 27.0 95.0 
2 4 1.26 1.26 814.0 476.0 814.0 430.0 78.0 430.0 95.0 27.0 95.0 342.0 72.0 342.0 
2 5 1.37 1.37 814.0 476.0 814.0 430.0 78.0 430.0 95.0 27.0 95.0 342.0 72.0 342.0 644.0 72.0 644.0 
2 6 1.74 1.74 814.0 476.0 814.0 430.0 78.0 430.0 95.0 27.0 95.0 342.0 72.0 342.0 644.0 72.0 644.0 337.0 125.0 337.0 
2 7 1.74 1.74 814.0 476.0 814.0 430.0 78.0 430.0 95.0 27.0 95.0 342.0 72.0 342.0 644.0 72.0 644.0 337.0 125.0 337.0 635.0 3.0 635.0 
2 3 0.36 0.36 56.0 9.0 56.0 670.0 121.0 670.0 957.0 21.0 957.0 
2 4 0.79 0.79 56.0 9.0 56.0 670.0 121.0 670.0 957.0 21.0 957.0 178.0 77.0 178.0 
2 5 0.82 0.82 56.0 9.0 56.0 670.0 121.0 670.0 957.0 21.0 957.0 178.0 77.0 178.0 184.0 5.0 184.0 
2 6 0.99 0.99 56.0 9.0 56.0 670.0 121.0 670.0 957.0 21.0 957.0 178.0 77.0 178.0 184.0 5.0 184.0 655.0 115.0 655.0 
2 7 1.31 1.31 56.0 9.0 56.0 670.0 121.0 670.0 957.0 21.0 957.0 178.0 77.0 178.0 184.0 5.0 184.0 655.0 115.0 655.0 314.0 100.0 314.0 
2 8 1.91 1.91 56.0 9.0 56.0 670.0 121.0 670.0 957.0 21.0 957.0 178.0 77.0 178.0 184.0 5.0 184.0 655.0 115.0 655.0 314.0 100.0 314.0 249.0 149.0 249.0 
2 3 0.72 0.72 497.0 36.0 497.0 112.0 1.0 112.0 447.0 289.0 447.0 
2 4 1.16 1.16 497.0 36.0 497.0 112.0 1.0 112.0 447.0 289.0 447.0 288.0 125.0 288.0 
2 5 1.29 1.29 497.0 36.0 497.0 112.0 1.0 112.0 447.0 289.0 447.0 288.0 125.0 288.0 985.0 136.0 985.0 
2 3 0.89 0.89 136.0 31.0 136.0 633.0 352.0 633.0 750.0 85.0 750.0 
2 4 1.26 1.26 136.0 31.0 136.0 633.0 352.0 633.0 750.0 85.0 750.0 679.0 253.0 679.0 
2 5 1.4 1.4 136.0 31.0 136.0 633.0 352.0 633.0 750.0 85.0 750.0 679.0 253.0 679.0 497.0 66.0 497.0 
2 6 1.55 1.55 136.0 31.0 136.0 633.0 352.0 633.0 750.0 85.0 750.0 679.0 253.0 679.0 497.0 66.0 497.0 865.0 131.0 865.0 
2 3 0.93 0.93 666.0 158.0 666.0 677.0 243.0 677.0 695.0 238.0 695.0 
2 4 1.35 1.35 666.0 158.0 666.0 677.0 243.0 677.0 695.0 238.0 695.0 29.0 12.0 29.0 
2 5 1.48 1.48 666.0 158.0 666.0 677.0 243.0 677.0 695.0 238.0 695.0 29.0 12.0 29.0 400.0 54.0 400.0 
2 6 1.89 1.89 666.0 158.0 666.0 677.0 243.0 677.0 695.0 238.0 695.0 29.0 12.0 29.0 400.0 54.0 400.0 710.0 288.0 710.0 
2 3 0.87 0.87 315.0 86.0 315.0 975.0 534.0 975.0 651.0 36.0 651.0 
2 4 1.15 1.15 315.0 86.0 315.0 975.0 534.0 975.0 651.0 36.0 651.0 643.0 181.0 643.0 
2 5 1.4 1.4 315.0 86.0 315.0 975.0 534.0 975.0 651.0 36.0 651.0 643.0 181.0 643.0 752.0 186.0 752.0 
2 6 1.4 1.4 315.0 86.0 315.0 975.0 534.0 975.0 651.0 36.0 651.0 643.0 181.0 643.0 752.0 186.0 752.0 415.0 1.0 415.0 
2 3 1.28 1.28 582.0 143.0 582.0 918.0 825.0 918.0 708.0 97.0 708.0 
2 4 1.3 1.3 582.0 143.0 582.0 918.0 825.0 918.0 708.0 97.0 708.0 222.0 6.0 222.0 
2 5 1.84 1.84 582.0 143.0 582.0 918.0 825.0 918.0 708.0 97.0 708.0 222.0 6.0 222.0 862.0 461.0 862.0 
2 3 1.23 1.23 289.0 141.0 289.0 352.0 102.0 352.0 196.0 90.0 196.0 
2 4 1.47 1.47 289.0 141.0 289.0 352.0 102.0 352.0 196.0 90.0 196.0 256.0 60.0 256.0 
2 3 1.18 1.18 778.0 75.0 778.0 569.0 310.0 569.0 717.0 391.0 717.0 
2 4 1.3 1.3 778.0 75.0 778.0 569.0 310.0 569.0 717.0 391.0 717.0 709.0 84.0 709.0 
2 5 1.52 1.52 778.0 75.0 778.0 569.0 310.0 569.0 717.0 391.0 717.0 709.0 84.0 709.0 365.0 79.0 365.0 
2 6 1.97 1.97 778.0 75.0 778.0 569.0 310.0 569.0 717.0 391.0 717.0 709.0 84.0 709.0 365.0 79.0 365.0 597.0 273.0 597.0 
2 3 1.25 1.25 19.0 12.0 19.0 571.0 298.0 571.0 592.0 61.0 592.0 
2 4 1.62 1.62 19.0 12.0 19.0 571.0 298.0 571.0 592.0 61.0 592.0 289.0 106.0 289.0 
2 3 1.94 1.94 921.0 698.0 921.0 50.0 11.0 50.0 822.0 796.0 822.0 
2 3 0.85 0.85 870.0 248.0 870.0 280.0 3.0 280.0 871.0 488.0 871.0 
2 4 1.21 1.21 870.0 248.0 870.0 280.0 3.0 280.0 871.0 488.0 871.0 568.0 203.0 568.0 
2 5 1.97 1.97 870.0 248.0 870.0 280.0 3.0 280.0 871.0 488.0 871.0 568.0 203.0 568.0 139.0 106.0 139.0 
2 3 1.15 1.15 541.0 38.0 541.0 786.0 329.0 786.0 12.0 8.0 12.0 
2 4 1.61 1.61 541.0 38.0 541.0 786.0 329.0 786.0 12.0 8.0 12.0 912.0 422.0 912.0 
2 5 1.83 1.83 541.0 38.0 541.0 786.0 329.0 786.0 12.0 8.0 12.0 912.0 422.0 912.0 504.0 111.0 504.0 
2 3 0.8 0.8 504.0 37.0 504.0 255.0 98.0 255.0 29.0 10.0 29.0 
2 4 1.03 1.03 504.0 37.0 504.0 255.0 98.0 255.0 29.0 10.0 29.0 855.0 201.0 855.0 
2 5 1.04 1.04 504.0 37.0 504.0 255.0 98.0 255.0 29.0 10.0 29.0 855.0 201.0 855.0 875.0 3.0 875.0 
2 6 1.4 1.4 504.0 37.0 504.0 255.0 98.0 255.0 29.0 10.0 29.0 855.0 201.0 855.0 875.0 3.0 875.0 672.0 247.0 672.0 
2 7 1.71 1.71 504.0 37.0 504.0 255.0 98.0 255.0 29.0 10.0 29.0 855.0 201.0 855.0 875.0 3.0 875.0 672.0 247.0 672.0 849.0 262.0 849.0 
2 3 1.8 1.8 943.0 524.0 943.0 741.0 566.0 741.0 744.0 363.0 744.0 
2 4 1.86 1.86 943.0 524.0 943.0 741.0 566.0 741.0 744.0 363.0 744.0 606.0 32.0 606.0 
2 3 0.95 0.95 799.0 430.0 799.0 344.0 113.0 344.0 992.0 83.0 992.0 
2 4 1.04 1.04 799.0 430.0 799.0 344.0 113.0 344.0 992.0 83.0 992.0 659.0 61.0 659.0 
2 5 1.09 1.09 799.0 430.0 799.0 344.0 113.0 344.0 992.0 83.0 992.0 659.0 61.0 659.0 228.0 11.0 228.0 
2 6 1.25 1.25 799.0 430.0 799.0 344.0 113.0 344.0 992.0 83.0 992.0 659.0 61.0 659.0 228.0 11.0 228.0 543.0 90.0 543.0 
2 7 1.47 1.47 799.0 430.0 799.0 344.0 113.0 344.0 992.0 83.0 992.0 659.0 61.0 659.0 228.0 11.0 228.0 543.0 90.0 543.0 51.0 11.0 51.0 
2 8 1.7 1.7 799.0 430.0 799.0 344.0 113.0 344.0 992.0 83.0 992.0 659.0 61.0 659.0 228.0 11.0 228.0 543.0 90.0 543.0 51.0 11.0 51.0 341.0 80.0 341.0 
2 3 1.21 1.21 903.0 34.0 903.0 5.0 1.0 5.0 991.0 969.0 991.0 
2 4 1.81 1.81 903.0 34.0 903.0 5.0 1.0 5.0 991.0 969.0 991.0 161.0 96.0 161.0 
2 3 1.52 1.52 893.0 737.0 893.0 607.0 251.0 607.0 936.0 272.0 936.0 
2 4 1.57 1.57 893.0 737.0 893.0 607.0 251.0 607.0 936.0 272.0 936.0 997.0 50.0 997.0 
2 5 1.82 1.82 893.0 737.0 893.0 607.0 251.0 607.0 936.0 272.0 936.0 997.0 50.0 997.0 366.0 88.0 366.0 
2 3 1.16 1.16 165.0 51.0 165.0 747.0 185.0 747.0 731.0 442.0 731.0 
2 4 1.19 1.19 165.0 51.0 165.0 747.0 185.0 747.0 731.0 442.0 731.0 484.0 18.0 484.0 
2 5 1.93 1.93 165.0 51.0 165.0 747.0 185.0 747.0 731.0 442.0 731.0 484.0 18.0 484.0 411.0 302.0 411.0 
2 3 0.38 0.38 32.0 6.0 32.0 829.0 101.0 829.0 661.0 49.0 661.0 
2 4 0.64 0.64 32.0 6.0 32.0 829.0 101.0 829.0 661.0 49.0 661.0 123.0 32.0 123.0 
2 5 1.51 1.51 32.0 6.0 32.0 829.0 101.0 829.0 661.0 49.0 661.0 123.0 32.0 123.0 813.0 705.0 813.0 
2 6 1.92 1.92 32.0 6.0 32.0 829.0 101.0 829.0 661.0 49.0 661.0 123.0 32.0 123.0 813.0 705.0 813.0 185.0 77.0 185.0 
2 3 1.15 1.15 664.0 48.0 664.0 869.0 617.0 869.0 623.0 232.0 623.0 
2 4 1.97 1.97 664.0 48.0 664.0 869.0 617.0 869.0 623.0 232.0 623.0 165.0 136.0 165.0 
2 3 1.74 1.74 601.0 399.0 601.0 476.0 259.0 476.0 445.0 238.0 445.0 
2 3 1.66 1.66 908.0 543.0 908.0 426.0 37.0 426.0 946.0 931.0 946.0 
2 4 1.89 1.89 908.0 543.0 908.0 426.0 37.0 426.0 946.0 931.0 946.0 990.0 223.0 990.0 
2 3 1.34 1.34 782.0 117.0 782.0 221.0 214.0 221.0 581.0 134.0 581.0 
2 4 1.77 1.77 782.0 117.0 782.0 221.0 214.0 221.0 581.0 134.0 581.0 201.0 85.0 201.0 
2 5 1.77 1.77 782.0 117.0 782.0 221.0 214.0 221.0 581.0 134.0 581.0 201.0 85.0 201.0 863.0 7.0 863.0 
2 6 1.9 1.9 782.0 117.0 782.0 221.0 214.0 221.0 581.0 134.0 581.0 201.0 85.0 201.0 863.0 7.0 863.0 357.0 44.0 357.0 
2 3 1.16 1.16 881.0 19.0 881.0 598.0 598.0 598.0 508.0 71.0 508.0 
2 4 1.32 1.32 881.0 19.0 881.0 598.0 598.0 598.0 508.0 71.0 508.0 772.0 126.0 772.0 
2 3 1.54 1.54 460.0 170.0 460.0 838.0 220.0 838.0 791.0 723.0 791.0 
2 3 0.76 0.76 520.0 195.0 520.0 749.0 162.0 749.0 544.0 96.0 544.0 
2 4 1.16 1.16 520.0 195.0 520.0 749.0 162.0 749.0 544.0 96.0 544.0 428.0 170.0 428.0 
2 5 1.32 1.32 520.0 195.0 520.0 749.0 162.0 749.0 544.0 96.0 544.0 428.0 170.0 428.0 686.0 107.0 686.0 
2 3 1.05 1.05 103.0 32.0 103.0 572.0 259.0 572.0 781.0 227.0 781.0 
2 4 1.41 1.41 103.0 32.0 103.0 572.0 259.0 572.0 781.0 227.0 781.0 700.0 256.0 700.0 
2 5 1.54 1.54 103.0 32.0 103.0 572.0 259.0 572.0 781.0 227.0 781.0 700.0 256.0 700.0 355.0 45.0 355.0 
2 3 1.29 1.29 675.0 431.0 675.0 329.0 186.0 329.0 846.0 77.0 846.0 
2 4 1.57 1.57 675.0 431.0 675.0 329.0 186.0 329.0 846.0 77.0 846.0 849.0 239.0 849.0 
2 3 1.68 1.68 521.0 117.0 521.0 298.0 198.0 298.0 888.0 707.0 888.0 
2 3 1.76 1.76 356.0 283.0 356.0 214.0 129.0 214.0 77.0 28.0 77.0 
2 3 1.1 1.1 38.0 9.0 38.0 474.0 79.0 474.0 282.0 199.0 282.0 
2 4 1.34 1.34 38.0 9.0 38.0 474.0 79.0 474.0 282.0 199.0 282.0 792.0 187.0 792.0 
2 5 1.82 1.82 38.0 9.0 38.0 474.0 79.0 474.0 282.0 199.0 282.0 792.0 187.0 792.0 226.0 109.0 226.0 
2 3 0.59 0.59 667.0 162.0 667.0 137.0 1.0 137.0 537.0 186.0 537.0 
2 4 1.3 1.3 667.0 162.0 667.0 137.0 1.0 137.0 537.0 186.0 537.0 731.0 519.0 731.0 
2 5 1.43 1.43 667.0 162.0 667.0 137.0 1.0 137.0 537.0 186.0 537.0 731.0 519.0 731.0 288.0 37.0 288.0 
2 6 1.99 1.99 667.0 162.0 667.0 137.0 1.0 137.0 537.0 186.0 537.0 731.0 519.0 731.0 288.0 37.0 288.0 259.0 144.0 259.0 
2 3 1.28 1.28 686.0 315.0 686.0 23.0 6.0 23.0 566.0 318.0 566.0 
2 4 1.42 1.42 686.0 315.0 686.0 23.0 6.0 23.0 566.0 318.0 566.0 843.0 124.0 843.0 
2 3 1.47 1.47 807.0 753.0 807.0 24.0 7.0 24.0 64.0 16.0 64.0 
2 4 1.53 1.53 807.0 753.0 807.0 24.0 7.0 24.0 64.0 16.0 64.0 385.0 22.0 385.0 
2 5 1.61 1.61 807.0 753.0 807.0 24.0 7.0 24.0 64.0 16.0 64.0 385.0 22.0 385.0 488.0 42.0 488.0 
2 3 0.68 0.68 140.0 35.0 140.0 87.0 12.0 87.0 682.0 203.0 682.0 
2 4 0.94 0.94 140.0 35.0 140.0 87.0 12.0 87.0 682.0 203.0 682.0 861.0 224.0 861.0 
2 5 1.35 1.35 140.0 35.0 140.0 87.0 12.0 87.0 682.0 203.0 682.0 861.0 224.0 861.0 153.0 62.0 153.0 
2 6 1.9 1.9 140.0 35.0 140.0 87.0 12.0 87.0 682.0 203.0 682.0 861.0 224.0 861.0 153.0 62.0 153.0 315.0 173.0 315.0 
2 3 1.38 1.38 538.0 448.0 538.0 607.0 108.0 607.0 8.0 3.0 8.0 
2 3 0.82 0.82 46.0 8.0 46.0 741.0 288.0 741.0 185.0 49.0 185.0 
2 4 0.9 0.9 46.0 8.0 46.0 741.0 288.0 741.0 185.0 49.0 185.0 218.0 16.0 218.0 
2 5 1.58 1.58 46.0 8.0 46.0 741.0 288.0 741.0 185.0 49.0 185.0 218.0 16.0 218.0 285.0 195.0 285.0 
2 3 1.88 1.88 3.0 2.0 3.0 850.0 234.0 850.0 401.0 377.0 401.0 
2 3 0.8 0.8 137.0 24.0 137.0 374.0 118.0 374.0 702.0 222.0 702.0 
2 4 1.71 1.71 137.0 24.0 137.0 374.0 118.0 374.0 702.0 222.0 702.0 395.0 360.0 395.0 
2 5 1.85 1.85 137.0 24.0 137.0 374.0 118.0 374.0 702.0 222.0 702.0 395.0 360.0 395.0 647.0 90.0 647.0 
2 3 0.13 0.13 681.0 68.0 681.0 788.0 8.0 788.0 350.0 9.0 350.0 
2 4 0.53 0.53 681.0 68.0 681.0 788.0 8.0 788.0 350.0 9.0 350.0 310.0 125.0 310.0 
2 5 0.63 0.63 681.0 68.0 681.0 788.0 8.0 788.0 350.0 9.0 350.0 310.0 125.0 310.0 775.0 74.0 775.0 
2 6 1.33 1.33 681.0 68.0 681.0 788.0 8.0 788.0 350.0 9.0 350.0 310.0 125.0 310.0 775.0 74.0 775.0 92.0 64.0 92.0 
2 3 0.98 0.98 580.0 351.0 580.0 651.0 234.0 651.0 380.0 7.0 380.0 
2 4 1.0 1.0 580.0 351.0 580.0 651.0 234.0 651.0 380.0 7.0 380.0 751.0 16.0 751.0 
2 5 1.68 1.68 580.0 351.0 580.0 651.0 234.0 651.0 380.0 7.0 380.0 751.0 16.0 751.0 721.0 491.0 721.0 
2 3 1.8 1.8 738.0 735.0 738.0 214.0 122.0 214.0 704.0 166.0 704.0 
2 4 1.86 1.86 738.0 735.0 738.0 214.0 122.0 214.0 704.0 166.0 704.0 457.0 31.0 457.0 
2 3 1.92 1.92 457.0 401.0 457.0 762.0 71.0 762.0 546.0 519.0 546.0 
2 3 1.43 1.43 292.0 80.0 292.0 614.0 276.0 614.0 924.0 653.0 924.0 
2 3 0.82 0.82 214.0 17.0 214.0 463.0 36.0 463.0 335.0 223.0 335.0 
2 4 1.02 1.02 214.0 17.0 214.0 463.0 36.0 463.0 335.0 223.0 335.0 182.0 36.0 182.0 
2 5 1.04 1.04 214.0 17.0 214.0 463.0 36.0 463.0 335.0 223.0 335.0 182.0 36.0 182.0 664.0 13.0 664.0 
2 6 1.6 1.6 214.0 17.0 214.0 463.0 36.0 463.0 335.0 223.0 335.0 182.0 36.0 182.0 664.0 13.0 664.0 337.0 192.0 337.0 
2 3 1.29 1.29 802.0 77.0 802.0 597.0 351.0 597.0 221.0 135.0 221.0 
2 4 1.71 1.71 802.0 77.0 802.0 597.0 351.0 597.0 221.0 135.0 221.0 708.0 295.0 708.0 
2 5 1.9 1.9 802.0 77.0 802.0 597.0 351.0 597.0 221.0 135.0 221.0 708.0 295.0 708.0 276.0 53.0 276.0 
2 3 1.34 1.34 619.0 91.0 619.0 732.0 254.0 732.0 178.0 151.0 178.0 
2 4 1.36 1.36 619.0 91.0 619.0 732.0 254.0 732.0 178.0 151.0 178.0 608.0 14.0 608.0 
2 3 0.94 0.94 842.0 162.0 842.0 196.0 55.0 196.0 660.0 312.0 660.0 
2 4 1.76 1.76 842.0 162.0 842.0 196.0 55.0 196.0 660.0 312.0 660.0 162.0 132.0 162.0 
2 5 1.83 1.83 842.0 162.0 842.0 196.0 55.0 196.0 660.0 312.0 660.0 162.0 132.0 162.0 492.0 35.0 492.0 
2 3 0.61 0.61 761.0 168.0 761.0 823.0 269.0 823.0 528.0 38.0 528.0 
2 4 0.78 0.78 761.0 168.0 761.0 823.0 269.0 823.0 528.0 38.0 528.0 722.0 123.0 722.0 
2 5 1.4 1.4 761.0 168.0 761.0 823.0 269.0 823.0 528.0 38.0 528.0 722.0 123.0 722.0 302.0 185.0 302.0 
2 3 1.84 1.84 943.0 824.0 943.0 820.0 506.0 820.0 731.0 259.0 731.0 
2 3 0.99 0.99 70.0 13.0 70.0 419.0 293.0 419.0 329.0 35.0 329.0 
2 4 1.23 1.23 70.0 13.0 70.0 419.0 293.0 419.0 329.0 35.0 329.0 568.0 138.0 568.0 
2 5 1.74 1.74 70.0 13.0 70.0 419.0 293.0 419.0 329.0 35.0 329.0 568.0 138.0 568.0 57.0 29.0 57.0 
2 6 1.87 1.87 70.0 13.0 70.0 419.0 293.0 419.0 329.0 35.0 329.0 568.0 138.0 568.0 57.0 29.0 57.0 159.0 21.0 159.0 
2 3 1.43 1.43 986.0 408.0 986.0 199.0 48.0 199.0 691.0 537.0 691.0 
2 4 1.5 1.5 986.0 408.0 986.0 199.0 48.0 199.0 691.0 537.0 691.0 97.0 7.0 97.0 
2 5 1.52 1.52 986.0 408.0 986.0 199.0 48.0 199.0 691.0 537.0 691.0 97.0 7.0 97.0 47.0 1.0 47.0 
2 3 1.47 1.47 746.0 604.0 746.0 543.0 277.0 543.0 717.0 111.0 717.0 
2 4 1.54 1.54 746.0 604.0 746.0 543.0 277.0 543.0 717.0 111.0 717.0 621.0 44.0 621.0 
2 5 1.85 1.85 746.0 604.0 746.0 543.0 277.0 543.0 717.0 111.0 717.0 621.0 44.0 621.0 249.0 78.0 249.0 
2 6 1.87 1.87 746.0 604.0 746.0 543.0 277.0 543.0 717.0 111.0 717.0 621.0 44.0 621.0 249.0 78.0 249.0 523.0 11.0 523.0 
2 3 1.65 1.65 725.0 511.0 725.0 115.0 61.0 115.0 476.0 202.0 476.0 
2 4 1.85 1.85 725.0 511.0 725.0 115.0 61.0 115.0 476.0 202.0 476.0 527.0 103.0 527.0 
2 3 1.83 1.83 631.0 621.0 631.0 680.0 351.0 680.0 320.0 106.0 320.0 
2 3 0.41 0.41 162.0 15.0 162.0 244.0 70.0 244.0 916.0 32.0 916.0 
2 4 0.45 0.45 162.0 15.0 162.0 244.0 70.0 244.0 916.0 32.0 916.0 22.0 1.0 22.0 
2 5 0.53 0.53 162.0 15.0 162.0 244.0 70.0 244.0 916.0 32.0 916.0 22.0 1.0 22.0 508.0 40.0 508.0 
2 6 1.27 1.27 162.0 15.0 162.0 244.0 70.0 244.0 916.0 32.0 916.0 22.0 1.0 22.0 508.0 40.0 508.0 365.0 268.0 365.0 
2 7 1.4 1.4 162.0 15.0 162.0 244.0 70.0 244.0 916.0 32.0 916.0 22.0 1.0 22.0 508.0 40.0 508.0 365.0 268.0 365.0 957.0 123.0 957.0 
2 8 1.76 1.76 162.0 15.0 162.0 244.0 70.0 244.0 916.0 32.0 916.0 22.0 1.0 22.0 508.0 40.0 508.0 365.0 268.0 365.0 957.0 123.0 957.0 855.0 307.0 855.0 
2 3 1.98 1.98 88.0 72.0 88.0 841.0 164.0 841.0 986.0 955.0 986.0 
2 3 1.81 1.81 90.0 63.0 90.0 43.0 18.0 43.0 902.0 631.0 902.0 
2 3 0.71 0.71 668.0 125.0 668.0 872.0 75.0 872.0 174.0 77.0 174.0 
2 4 0.86 0.86 668.0 125.0 668.0 872.0 75.0 872.0 174.0 77.0 174.0 307.0 47.0 307.0 
2 5 1.43 1.43 668.0 125.0 668.0 872.0 75.0 872.0 174.0 77.0 174.0 307.0 47.0 307.0 627.0 358.0 627.0 
2 3 1.63 1.63 415.0 33.0 415.0 768.0 650.0 768.0 327.0 231.0 327.0 
2 4 1.76 1.76 415.0 33.0 415.0 768.0 650.0 768.0 327.0 231.0 327.0 384.0 51.0 384.0 
2 3 1.68 1.68 980.0 116.0 980.0 698.0 468.0 698.0 687.0 618.0 687.0 
2 3 1.25 1.25 194.0 92.0 194.0 619.0 204.0 619.0 616.0 279.0 616.0 
2 4 1.61 1.61 194.0 92.0 194.0 619.0 204.0 619.0 616.0 279.0 616.0 129.0 46.0 129.0 
2 3 1.41 1.41 630.0 485.0 630.0 627.0 23.0 627.0 921.0 557.0 921.0 
2 3 1.48 1.48 754.0 346.0 754.0 161.0 68.0 161.0 414.0 252.0 414.0 
2 4 1.49 1.49 754.0 346.0 754.0 161.0 68.0 161.0 414.0 252.0 414.0 341.0 3.0 341.0 
2 3 1.38 1.38 690.0 330.0 690.0 997.0 84.0 997.0 876.0 724.0 876.0 
2 4 1.41 1.41 690.0 330.0 690.0 997.0 84.0 997.0 876.0 724.0 876.0 566.0 12.0 566.0 
2 3 1.15 1.15 808.0 356.0 808.0 843.0 183.0 843.0 805.0 401.0 805.0 
2 4 1.22 1.22 808.0 356.0 808.0 843.0 183.0 843.0 805.0 401.0 805.0 351.0 23.0 351.0 
2 5 1.87 1.87 808.0 356.0 808.0 843.0 183.0 843.0 805.0 401.0 805.0 351.0 23.0 351.0 671.0 436.0 671.0 
2 3 1.91 1.91 635.0 491.0 635.0 988.0 734.0 988.0 433.0 172.0 433.0 
2 3 1.54 1.54 346.0 270.0 346.0 756.0 223.0 756.0 225.0 105.0 225.0 
2 3 1.54 1.54 898.0 111.0 898.0 799.0 642.0 799.0 734.0 453.0 734.0 
2 3 1.47 1.47 692.0 446.0 692.0 641.0 451.0 641.0 573.0 72.0 573.0 
2 4 1.93 1.93 692.0 446.0 692.0 641.0 451.0 641.0 573.0 72.0 573.0 579.0 265.0 579.0 
2 3 1.17 1.17 703.0 315.0 703.0 739.0 205.0 739.0 987.0 440.0 987.0 
2 4 1.5 1.5 703.0 315.0 703.0 739.0 205.0 739.0 987.0 440.0 987.0 489.0 164.0 489.0 
2 5 1.63 1.63 703.0 315.0 703.0 739.0 205.0 739.0 987.0 440.0 987.0 489.0 164.0 489.0 384.0 51.0 384.0 
2 3 1.63 1.63 181.0 66.0 181.0 882.0 445.0 882.0 408.0 313.0 408.0 
2 4 1.7 1.7 181.0 66.0 181.0 882.0 445.0 882.0 408.0 313.0 408.0 884.0 60.0 884.0 
2 3 0.61 0.61 849.0 221.0 849.0 605.0 200.0 605.0 198.0 4.0 198.0 
2 4 1.07 1.07 849.0 221.0 849.0 605.0 200.0 605.0 198.0 4.0 198.0 375.0 173.0 375.0 
2 3 0.88 0.88 440.0 76.0 440.0 516.0 296.0 516.0 114.0 16.0 114.0 
2 4 1.0 1.0 440.0 76.0 440.0 516.0 296.0 516.0 114.0 16.0 114.0 673.0 77.0 673.0 
2 5 1.81 1.81 440.0 76.0 440.0 516.0 296.0 516.0 114.0 16.0 114.0 673.0 77.0 673.0 817.0 669.0 817.0 
2 3 1.66 1.66 188.0 65.0 188.0 470.0 378.0 470.0 370.0 192.0 370.0 
2 4 1.98 1.98 188.0 65.0 188.0 470.0 378.0 470.0 370.0 192.0 370.0 138.0 43.0 138.0 
2 3 1.77 1.77 579.0 493.0 579.0 741.0 233.0 741.0 59.0 36.0 59.0 
2 3 0.89 0.89 491.0 341.0 491.0 956.0 150.0 956.0 201.0 9.0 201.0 
2 4 1.44 1.44 491.0 341.0 491.0 956.0 150.0 956.0 201.0 9.0 201.0 263.0 144.0 263.0 
2 3 1.27 1.27 982.0 391.0 982.0 639.0 547.0 639.0 667.0 16.0 667.0 
2 4 1.45 1.45 982.0 391.0 982.0 639.0 547.0 639.0 667.0 16.0 667.0 393.0 68.0 393.0 
2 5 1.86 1.86 982.0 391.0 982.0 639.0 547.0 639.0 667.0 16.0 667.0 393.0 68.0 393.0 845.0 353.0 845.0 
2 3 0.71 0.71 892.0 6.0 892.0 486.0 100.0 486.0 18.0 9.0 18.0 
2 4 1.14 1.14 892.0 6.0 892.0 486.0 100.0 486.0 18.0 9.0 18.0 708.0 309.0 708.0 
2 5 1.41 1.41 892.0 6.0 892.0 486.0 100.0 486.0 18.0 9.0 18.0 708.0 309.0 708.0 556.0 146.0 556.0 
2 6 1.75 1.75 892.0 6.0 892.0 486.0 100.0 486.0 18.0 9.0 18.0 708.0 309.0 708.0 556.0 146.0 556.0 886.0 305.0 886.0 
2 7 1.96 1.96 892.0 6.0 892.0 486.0 100.0 486.0 18.0 9.0 18.0 708.0 309.0 708.0 556.0 146.0 556.0 886.0 305.0 886.0 394.0 84.0 394.0 
2 3 1.17 1.17 398.0 118.0 398.0 28.0 18.0 28.0 77.0 18.0 77.0 
2 4 1.17 1.17 398.0 118.0 398.0 28.0 18.0 28.0 77.0 18.0 77.0 966.0 2.0 966.0 
2 5 1.88 1.88 398.0 118.0 398.0 28.0 18.0 28.0 77.0 18.0 77.0 966.0 2.0 966.0 745.0 532.0 745.0 
2 3 0.85 0.85 226.0 65.0 226.0 212.0 111.0 212.0 500.0 24.0 500.0 
2 4 1.19 1.19 226.0 65.0 226.0 212.0 111.0 212.0 500.0 24.0 500.0 575.0 192.0 575.0 
2 5 1.28 1.28 226.0 65.0 226.0 212.0 111.0 212.0 500.0 24.0 500.0 575.0 192.0 575.0 490.0 46.0 490.0 
2 3 0.81 0.81 873.0 15.0 873.0 539.0 79.0 539.0 788.0 510.0 788.0 
2 4 1.62 1.62 873.0 15.0 873.0 539.0 79.0 539.0 788.0 510.0 788.0 954.0 772.0 954.0 
2 5 1.73 1.73 873.0 15.0 873.0 539.0 79.0 539.0 788.0 510.0 788.0 954.0 772.0 954.0 442.0 50.0 442.0 
2 3 1.89 1.89 636.0 458.0 636.0 683.0 670.0 683.0 276.0 53.0 276.0 
2 4 1.94 1.94 636.0 458.0 636.0 683.0 670.0 683.0 276.0 53.0 276.0 675.0 38.0 675.0 
2 3 0.84 0.84 601.0 319.0 601.0 339.0 50.0 339.0 420.0 68.0 420.0 
2 4 1.25 1.25 601.0 319.0 601.0 339.0 50.0 339.0 420.0 68.0 420.0 357.0 147.0 357.0 
2 5 1.25 1.25 601.0 319.0 601.0 339.0 50.0 339.0 420.0 68.0 420.0 357.0 147.0 357.0 467.0 1.0 467.0 
2 6 1.54 1.54 601.0 319.0 601.0 339.0 50.0 339.0 420.0 68.0 420.0 357.0 147.0 357.0 467.0 1.0 467.0 599.0 173.0 599.0 
2 3 0.34 0.34 87.0 22.0 87.0 471.0 27.0 471.0 986.0 30.0 986.0 
2 4 0.46 0.46 87.0 22.0 87.0 471.0 27.0 471.0 986.0 30.0 986.0 736.0 95.0 736.0 
2 5 0.65 0.65 87.0 22.0 87.0 471.0 27.0 471.0 986.0 30.0 986.0 736.0 95.0 736.0 171.0 31.0 171.0 
2 6 1.35 1.35 87.0 22.0 87.0 471.0 27.0 471.0 986.0 30.0 986.0 736.0 95.0 736.0 171.0 31.0 171.0 638.0 448.0 638.0 
2 7 1.99 1.99 87.0 22.0 87.0 471.0 27.0 471.0 986.0 30.0 986.0 736.0 95.0 736.0 171.0 31.0 171.0 638.0 448.0 638.0 801.0 514.0 801.0 
2 3 0.95 0.95 406.0 29.0 406.0 910.0 672.0 910.0 178.0 25.0 178.0 
2 4 1.3 1.3 406.0 29.0 406.0 910.0 672.0 910.0 178.0 25.0 178.0 667.0 236.0 667.0 
2 5 1.41 1.41 406.0 29.0 406.0 910.0 672.0 910.0 178.0 25.0 178.0 667.0 236.0 667.0 616.0 71.0 616.0 
2 6 1.49 1.49 406.0 29.0 406.0 910.0 672.0 910.0 178.0 25.0 178.0 667.0 236.0 667.0 616.0 71.0 616.0 548.0 41.0 548.0 
2 7 1.98 1.98 406.0 29.0 406.0 910.0 672.0 910.0 178.0 25.0 178.0 667.0 236.0 667.0 616.0 71.0 616.0 548.0 41.0 548.0 765.0 374.0 765.0 
2 3 1.86 1.86 204.0 144.0 204.0 755.0 423.0 755.0 349.0 210.0 349.0 
2 3 1.16 1.16 435.0 340.0 435.0 567.0 181.0 567.0 211.0 13.0 211.0 
2 4 1.82 1.82 435.0 340.0 435.0 567.0 181.0 567.0 211.0 13.0 211.0 3.0 2.0 3.0 
2 3 0.61 0.61 15.0 4.0 15.0 557.0 135.0 557.0 972.0 105.0 972.0 
2 4 0.9 0.9 15.0 4.0 15.0 557.0 135.0 557.0 972.0 105.0 972.0 202.0 59.0 202.0 
2 5 1.06 1.06 15.0 4.0 15.0 557.0 135.0 557.0 972.0 105.0 972.0 202.0 59.0 202.0 859.0 132.0 859.0 
2 6 1.3 1.3 15.0 4.0 15.0 557.0 135.0 557.0 972.0 105.0 972.0 202.0 59.0 202.0 859.0 132.0 859.0 620.0 150.0 620.0 
2 3 1.63 1.63 551.0 466.0 551.0 941.0 406.0 941.0 172.0 61.0 172.0 
2 4 1.66 1.66 551.0 466.0 551.0 941.0 406.0 941.0 172.0 61.0 172.0 106.0 4.0 106.0 
2 5 1.95 1.95 551.0 466.0 551.0 941.0 406.0 941.0 172.0 61.0 172.0 106.0 4.0 106.0 262.0 76.0 262.0 
2 3 0.52 0.52 468.0 33.0 468.0 330.0 42.0 330.0 969.0 313.0 969.0 
2 4 0.54 0.54 468.0 33.0 468.0 330.0 42.0 330.0 969.0 313.0 969.0 360.0 7.0 360.0 
2 5 0.7 0.7 468.0 33.0 468.0 330.0 42.0 330.0 969.0 313.0 969.0 360.0 7.0 360.0 679.0 111.0 679.0 
2 6 1.15 1.15 468.0 33.0 468.0 330.0 42.0 330.0 969.0 313.0 969.0 360.0 7.0 360.0 679.0 111.0 679.0 91.0 41.0 91.0 
2 7 1.48 1.48 468.0 33.0 468.0 330.0 42.0 330.0 969.0 313.0 969.0 360.0 7.0 360.0 679.0 111.0 679.0 91.0 41.0 91.0 388.0 128.0 388.0 
2 3 1.44 1.44 820.0 121.0 820.0 319.0 271.0 319.0 533.0 241.0 533.0 
2 3 0.71 0.71 849.0 348.0 849.0 496.0 69.0 496.0 249.0 42.0 249.0 
2 4 1.6 1.6 849.0 348.0 849.0 496.0 69.0 496.0 249.0 42.0 249.0 438.0 390.0 438.0 
2 3 1.5 1.5 542.0 461.0 542.0 802.0 254.0 802.0 21.0 7.0 21.0 
2 4 1.71 1.71 542.0 461.0 542.0 802.0 254.0 802.0 21.0 7.0 21.0 171.0 37.0 171.0 
2 3 1.87 1.87 107.0 86.0 107.0 494.0 340.0 494.0 393.0 151.0 393.0 
2 3 0.75 0.75 872.0 342.0 872.0 212.0 64.0 212.0 369.0 23.0 369.0 
2 4 0.88 0.88 872.0 342.0 872.0 212.0 64.0 212.0 369.0 23.0 369.0 224.0 29.0 224.0 
2 5 1.15 1.15 872.0 342.0 872.0 212.0 64.0 212.0 369.0 23.0 369.0 224.0 29.0 224.0 249.0 67.0 249.0 
2 3 0.78 0.78 315.0 120.0 315.0 626.0 160.0 626.0 267.0 40.0 267.0 
2 4 1.67 1.67 315.0 120.0 315.0 626.0 160.0 626.0 267.0 40.0 267.0 830.0 739.0 830.0 
2 3 1.24 1.24 650.0 14.0 650.0 26.0 25.0 26.0 162.0 43.0 162.0 
2 4 1.68 1.68 650.0 14.0 650.0 26.0 25.0 26.0 162.0 43.0 162.0 343.0 151.0 343.0 
2 3 0.66 0.66 468.0 92.0 468.0 406.0 74.0 406.0 869.0 249.0 869.0 
2 4 1.16 1.16 468.0 92.0 468.0 406.0 74.0 406.0 869.0 249.0 869.0 42.0 21.0 42.0 
2 5 1.49 1.49 468.0 92.0 468.0 406.0 74.0 406.0 869.0 249.0 869.0 42.0 21.0 42.0 78.0 26.0 78.0 
2 3 1.3 1.3 988.0 707.0 988.0 778.0 448.0 778.0 681.0 9.0 681.0 
2 4 1.73 1.73 988.0 707.0 988.0 778.0 448.0 778.0 681.0 9.0 681.0 983.0 426.0 983.0 
2 3 1.19 1.19 729.0 260.0 729.0 90.0 40.0 90.0 257.0 100.0 257.0 
2 4 1.73 1.73 729.0 260.0 729.0 90.0 40.0 90.0 257.0 100.0 257.0 284.0 154.0 284.0 
2 5 1.8 1.8 729.0 260.0 729.0 90.0 40.0 90.0 257.0 100.0 257.0 284.0 154.0 284.0 855.0 62.0 855.0 
2 3 1.8 1.8 223.0 72.0 223.0 914.0 528.0 914.0 989.0 898.0 989.0 
2 3 0.65 0.65 240.0 54.0 240.0 44.0 10.0 44.0 373.0 77.0 373.0 
2 4 0.99 0.99 240.0 54.0 240.0 44.0 10.0 44.0 373.0 77.0 373.0 3.0 1.0 3.0 
2 5 1.68 1.68 240.0 54.0 240.0 44.0 10.0 44.0 373.0 77.0 373.0 3.0 1.0 3.0 554.0 383.0 554.0 
2 3 0.98 0.98 373.0 38.0 373.0 33.0 28.0 33.0 612.0 21.0 612.0 
2 4 1.74 1.74 373.0 38.0 373.0 33.0 28.0 33.0 612.0 21.0 612.0 627.0 477.0 627.0 
2 5 1.96 1.96 373.0 38.0 373.0 33.0 28.0 33.0 612.0 21.0 612.0 627.0 477.0 627.0 889.0 197.0 889.0 
2 3 1.44 1.44 898.0 762.0 898.0 613.0 232.0 613.0 450.0 98.0 450.0 
2 4 1.9 1.9 898.0 762.0 898.0 613.0 232.0 613.0 450.0 98.0 450.0 663.0 303.0 663.0 
2 3 0.96 0.96 641.0 142.0 641.0 636.0 315.0 636.0 858.0 217.0 858.0 
2 4 1.33 1.33 641.0 142.0 641.0 636.0 315.0 636.0 858.0 217.0 858.0 385.0 141.0 385.0 
2 5 1.55 1.55 641.0 142.0 641.0 636.0 315.0 636.0 858.0 217.0 858.0 385.0 141.0 385.0 581.0 127.0 581.0 
2 3 0.35 0.35 948.0 205.0 948.0 966.0 42.0 966.0 52.0 5.0 52.0 
2 4 0.35 0.35 948.0 205.0 948.0 966.0 42.0 966.0 52.0 5.0 52.0 876.0 3.0 876.0 
2 5 0.7 0.7 948.0 205.0 948.0 966.0 42.0 966.0 52.0 5.0 52.0 876.0 3.0 876.0 905.0 313.0 905.0 
2 6 0.75 0.75 948.0 205.0 948.0 966.0 42.0 966.0 52.0 5.0 52.0 876.0 3.0 876.0 905.0 313.0 905.0 658.0 30.0 658.0 
2 7 0.82 0.82 948.0 205.0 948.0 966.0 42.0 966.0 52.0 5.0 52.0 876.0 3.0 876.0 905.0 313.0 905.0 658.0 30.0 658.0 460.0 36.0 460.0 
2 8 1.51 1.51 948.0 205.0 948.0 966.0 42.0 966.0 52.0 5.0 52.0 876.0 3.0 876.0 905.0 313.0 905.0 658.0 30.0 658.0 460.0 36.0 460.0 116.0 79.0 116.0 
2 9 1.9 1.9 948.0 205.0 948.0 966.0 42.0 966.0 52.0 5.0 52.0 876.0 3.0 876.0 905.0 313.0 905.0 658.0 30.0 658.0 460.0 36.0 460.0 116.0 79.0 116.0 555.0 220.0 555.0 
2 3 0.33 0.33 419.0 48.0 419.0 384.0 58.0 384.0 215.0 14.0 215.0 
2 4 0.75 0.75 419.0 48.0 419.0 384.0 58.0 384.0 215.0 14.0 215.0 552.0 235.0 552.0 
2 5 1.01 1.01 419.0 48.0 419.0 384.0 58.0 384.0 215.0 14.0 215.0 552.0 235.0 552.0 568.0 145.0 568.0 
2 3 0.29 0.29 809.0 109.0 809.0 517.0 13.0 517.0 617.0 82.0 617.0 
2 4 0.74 0.74 809.0 109.0 809.0 517.0 13.0 517.0 617.0 82.0 617.0 911.0 409.0 911.0 
2 5 1.37 1.37 809.0 109.0 809.0 517.0 13.0 517.0 617.0 82.0 617.0 911.0 409.0 911.0 603.0 383.0 603.0 
2 6 1.74 1.74 809.0 109.0 809.0 517.0 13.0 517.0 617.0 82.0 617.0 911.0 409.0 911.0 603.0 383.0 603.0 193.0 71.0 193.0 
2 7 1.93 1.93 809.0 109.0 809.0 517.0 13.0 517.0 617.0 82.0 617.0 911.0 409.0 911.0 603.0 383.0 603.0 193.0 71.0 193.0 708.0 133.0 708.0 
2 3 0.32 0.32 151.0 15.0 151.0 643.0 25.0 643.0 720.0 131.0 720.0 
2 4 1.04 1.04 151.0 15.0 151.0 643.0 25.0 643.0 720.0 131.0 720.0 899.0 649.0 899.0 
2 5 1.3 1.3 151.0 15.0 151.0 643.0 25.0 643.0 720.0 131.0 720.0 899.0 649.0 899.0 369.0 96.0 369.0 
2 3 1.76 1.76 537.0 483.0 537.0 720.0 529.0 720.0 553.0 72.0 553.0 
2 4 1.99 1.99 537.0 483.0 537.0 720.0 529.0 720.0 553.0 72.0 553.0 805.0 189.0 805.0 
2 3 1.62 1.62 441.0 41.0 441.0 487.0 351.0 487.0 194.0 157.0 194.0 
2 3 1.27 1.27 488.0 359.0 488.0 479.0 81.0 479.0 577.0 211.0 577.0 
2 4 1.9 1.9 488.0 359.0 488.0 479.0 81.0 479.0 577.0 211.0 577.0 686.0 436.0 686.0 
2 3 1.3 1.3 970.0 381.0 970.0 390.0 111.0 390.0 990.0 621.0 990.0 
2 3 0.51 0.51 567.0 46.0 567.0 464.0 141.0 464.0 975.0 128.0 975.0 
2 4 1.31 1.31 567.0 46.0 567.0 464.0 141.0 464.0 975.0 128.0 975.0 648.0 520.0 648.0 
2 3 1.2 1.2 40.0 11.0 40.0 66.0 16.0 66.0 356.0 243.0 356.0 
2 3 1.46 1.46 740.0 521.0 740.0 72.0 20.0 72.0 860.0 412.0 860.0 
2 3 0.61 0.61 578.0 211.0 578.0 280.0 51.0 280.0 669.0 46.0 669.0 
2 4 1.09 1.09 578.0 211.0 578.0 280.0 51.0 280.0 669.0 46.0 669.0 789.0 378.0 789.0 
2 3 1.59 1.59 652.0 20.0 652.0 25.0 25.0 25.0 654.0 372.0 654.0 
2 4 1.65 1.65 652.0 20.0 652.0 25.0 25.0 25.0 654.0 372.0 654.0 674.0 38.0 674.0 
2 3 0.91 0.91 473.0 23.0 473.0 512.0 106.0 512.0 281.0 186.0 281.0 
2 4 1.27 1.27 473.0 23.0 473.0 512.0 106.0 512.0 281.0 186.0 281.0 783.0 283.0 783.0 
2 5 1.5 1.5 473.0 23.0 473.0 512.0 106.0 512.0 281.0 186.0 281.0 783.0 283.0 783.0 566.0 128.0 566.0 
2 6 1.52 1.52 473.0 23.0 473.0 512.0 106.0 512.0 281.0 186.0 281.0 783.0 283.0 783.0 566.0 128.0 566.0 817.0 20.0 817.0 
2 7 1.83 1.83 473.0 23.0 473.0 512.0 106.0 512.0 281.0 186.0 281.0 783.0 283.0 783.0 566.0 128.0 566.0 817.0 20.0 817.0 835.0 259.0 835.0 
2 3 1.44 1.44 588.0 295.0 588.0 339.0 316.0 339.0 768.0 12.0 768.0 
2 4 1.6 1.6 588.0 295.0 588.0 339.0 316.0 339.0 768.0 12.0 768.0 263.0 41.0 263.0 
2 5 1.65 1.65 588.0 295.0 588.0 339.0 316.0 339.0 768.0 12.0 768.0 263.0 41.0 263.0 725.0 36.0 725.0 
2 3 1.03 1.03 901.0 278.0 901.0 492.0 299.0 492.0 753.0 88.0 753.0 
2 4 1.14 1.14 901.0 278.0 901.0 492.0 299.0 492.0 753.0 88.0 753.0 996.0 116.0 996.0 
2 5 1.23 1.23 901.0 278.0 901.0 492.0 299.0 492.0 753.0 88.0 753.0 996.0 116.0 996.0 250.0 21.0 250.0 
2 6 1.73 1.73 901.0 278.0 901.0 492.0 299.0 492.0 753.0 88.0 753.0 996.0 116.0 996.0 250.0 21.0 250.0 804.0 405.0 804.0 
2 7 1.93 1.93 901.0 278.0 901.0 492.0 299.0 492.0 753.0 88.0 753.0 996.0 116.0 996.0 250.0 21.0 250.0 804.0 405.0 804.0 383.0 77.0 383.0 
2 3 0.53 0.53 365.0 23.0 365.0 230.0 85.0 230.0 559.0 56.0 559.0 
2 4 1.5 1.5 365.0 23.0 365.0 230.0 85.0 230.0 559.0 56.0 559.0 796.0 774.0 796.0 
2 5 1.67 1.67 365.0 23.0 365.0 230.0 85.0 230.0 559.0 56.0 559.0 796.0 774.0 796.0 812.0 134.0 812.0 
2 6 1.72 1.72 365.0 23.0 365.0 230.0 85.0 230.0 559.0 56.0 559.0 796.0 774.0 796.0 812.0 134.0 812.0 878.0 50.0 878.0 
2 7 1.83 1.83 365.0 23.0 365.0 230.0 85.0 230.0 559.0 56.0 559.0 796.0 774.0 796.0 812.0 134.0 812.0 878.0 50.0 878.0 701.0 75.0 701.0 
2 3 0.78 0.78 742.0 227.0 742.0 253.0 56.0 253.0 414.0 105.0 414.0 
2 4 1.18 1.18 742.0 227.0 742.0 253.0 56.0 253.0 414.0 105.0 414.0 15.0 6.0 15.0 
2 5 1.92 1.92 742.0 227.0 742.0 253.0 56.0 253.0 414.0 105.0 414.0 15.0 6.0 15.0 993.0 736.0 993.0 
2 3 1.48 1.48 24.0 12.0 24.0 879.0 297.0 879.0 891.0 580.0 891.0 
2 4 1.59 1.59 24.0 12.0 24.0 879.0 297.0 879.0 891.0 580.0 891.0 511.0 53.0 511.0 
2 5 1.83 1.83 24.0 12.0 24.0 879.0 297.0 879.0 891.0 580.0 891.0 511.0 53.0 511.0 944.0 228.0 944.0 
2 3 0.62 0.62 457.0 73.0 457.0 338.0 109.0 338.0 239.0 35.0 239.0 
2 4 1.12 1.12 457.0 73.0 457.0 338.0 109.0 338.0 239.0 35.0 239.0 345.0 171.0 345.0 
2 5 1.75 1.75 457.0 73.0 457.0 338.0 109.0 338.0 239.0 35.0 239.0 345.0 171.0 345.0 212.0 134.0 212.0 
2 3 0.53 0.53 628.0 64.0 628.0 619.0 150.0 619.0 693.0 132.0 693.0 
2 4 0.64 0.64 628.0 64.0 628.0 619.0 150.0 619.0 693.0 132.0 693.0 260.0 28.0 260.0 
2 5 1.16 1.16 628.0 64.0 628.0 619.0 150.0 619.0 693.0 132.0 693.0 260.0 28.0 260.0 103.0 54.0 103.0 
2 6 1.32 1.32 628.0 64.0 628.0 619.0 150.0 619.0 693.0 132.0 693.0 260.0 28.0 260.0 103.0 54.0 103.0 45.0 7.0 45.0 
2 7 1.58 1.58 628.0 64.0 628.0 619.0 150.0 619.0 693.0 132.0 693.0 260.0 28.0 260.0 103.0 54.0 103.0 45.0 7.0 45.0 171.0 45.0 171.0 
2 8 1.82 1.82 628.0 64.0 628.0 619.0 150.0 619.0 693.0 132.0 693.0 260.0 28.0 260.0 103.0 54.0 103.0 45.0 7.0 45.0 171.0 45.0 171.0 626.0 152.0 626.0 
2 3 1.24 1.24 376.0 100.0 376.0 780.0 204.0 780.0 407.0 291.0 407.0 
2 3 0.54 0.54 133.0 15.0 133.0 999.0 256.0 999.0 586.0 104.0 586.0 
2 4 0.8 0.8 133.0 15.0 133.0 999.0 256.0 999.0 586.0 104.0 586.0 156.0 40.0 156.0 
2 5 1.66 1.66 133.0 15.0 133.0 999.0 256.0 999.0 586.0 104.0 586.0 156.0 40.0 156.0 387.0 333.0 387.0 
2 6 1.68 1.68 133.0 15.0 133.0 999.0 256.0 999.0 586.0 104.0 586.0 156.0 40.0 156.0 387.0 333.0 387.0 471.0 12.0 471.0 
2 7 1.75 1.75 133.0 15.0 133.0 999.0 256.0 999.0 586.0 104.0 586.0 156.0 40.0 156.0 387.0 333.0 387.0 471.0 12.0 471.0 241.0 17.0 241.0 
2 3 1.32 1.32 640.0 139.0 640.0 918.0 397.0 918.0 448.0 302.0 448.0 
2 3 0.97 0.97 364.0 117.0 364.0 203.0 74.0 203.0 178.0 51.0 178.0 
2 4 1.85 1.85 364.0 117.0 364.0 203.0 74.0 203.0 178.0 51.0 178.0 653.0 579.0 653.0 
2 3 0.87 0.87 395.0 299.0 395.0 558.0 5.0 558.0 832.0 93.0 832.0 
2 4 1.57 1.57 395.0 299.0 395.0 558.0 5.0 558.0 832.0 93.0 832.0 432.0 302.0 432.0 
2 3 0.6 0.6 18.0 1.0 18.0 76.0 21.0 76.0 917.0 253.0 917.0 
2 4 0.82 0.82 18.0 1.0 18.0 76.0 21.0 76.0 917.0 253.0 917.0 80.0 17.0 80.0 
2 5 1.22 1.22 18.0 1.0 18.0 76.0 21.0 76.0 917.0 253.0 917.0 80.0 17.0 80.0 489.0 198.0 489.0 
2 6 1.98 1.98 18.0 1.0 18.0 76.0 21.0 76.0 917.0 253.0 917.0 80.0 17.0 80.0 489.0 198.0 489.0 102.0 77.0 102.0 
2 3 0.99 0.99 421.0 103.0 421.0 287.0 114.0 287.0 647.0 228.0 647.0 
2 4 1.11 1.11 421.0 103.0 421.0 287.0 114.0 287.0 647.0 228.0 647.0 312.0 37.0 312.0 
2 5 1.28 1.28 421.0 103.0 421.0 287.0 114.0 287.0 647.0 228.0 647.0 312.0 37.0 312.0 146.0 25.0 146.0 
2 6 1.29 1.29 421.0 103.0 421.0 287.0 114.0 287.0 647.0 228.0 647.0 312.0 37.0 312.0 146.0 25.0 146.0 237.0 3.0 237.0 
2 3 1.71 1.71 379.0 281.0 379.0 593.0 110.0 593.0 342.0 268.0 342.0 
2 3 1.37 1.37 282.0 101.0 282.0 324.0 24.0 324.0 582.0 549.0 582.0 
2 4 1.74 1.74 282.0 101.0 282.0 324.0 24.0 324.0 582.0 549.0 582.0 579.0 215.0 579.0 
2 3 1.4 1.4 132.0 62.0 132.0 979.0 10.0 979.0 506.0 467.0 506.0 
2 4 1.42 1.42 132.0 62.0 132.0 979.0 10.0 979.0 506.0 467.0 506.0 756.0 18.0 756.0 
2 5 1.7 1.7 132.0 62.0 132.0 979.0 10.0 979.0 506.0 467.0 506.0 756.0 18.0 756.0 845.0 236.0 845.0 
2 3 1.33 1.33 640.0 468.0 640.0 723.0 67.0 723.0 850.0 433.0 850.0 
2 3 0.33 0.33 492.0 76.0 492.0 16.0 2.0 16.0 539.0 29.0 539.0 
2 4 0.73 0.73 492.0 76.0 492.0 16.0 2.0 16.0 539.0 29.0 539.0 696.0 280.0 696.0 
2 5 1.08 1.08 492.0 76.0 492.0 16.0 2.0 16.0 539.0 29.0 539.0 696.0 280.0 696.0 206.0 72.0 206.0 
2 6 1.25 1.25 492.0 76.0 492.0 16.0 2.0 16.0 539.0 29.0 539.0 696.0 280.0 696.0 206.0 72.0 206.0 274.0 46.0 274.0 
2 7 1.69 1.69 492.0 76.0 492.0 16.0 2.0 16.0 539.0 29.0 539.0 696.0 280.0 696.0 206.0 72.0 206.0 274.0 46.0 274.0 930.0 414.0 930.0 
2 8 1.7 1.7 492.0 76.0 492.0 16.0 2.0 16.0 539.0 29.0 539.0 696.0 280.0 696.0 206.0 72.0 206.0 274.0 46.0 274.0 930.0 414.0 930.0 702.0 7.0 702.0 
2 3 0.79 0.79 279.0 113.0 279.0 274.0 27.0 274.0 581.0 170.0 581.0 
2 4 0.84 0.84 279.0 113.0 279.0 274.0 27.0 274.0 581.0 170.0 581.0 175.0 8.0 175.0 
2 5 1.48 1.48 279.0 113.0 279.0 274.0 27.0 274.0 581.0 170.0 581.0 175.0 8.0 175.0 626.0 402.0 626.0 
2 6 1.51 1.51 279.0 113.0 279.0 274.0 27.0 274.0 581.0 170.0 581.0 175.0 8.0 175.0 626.0 402.0 626.0 915.0 26.0 915.0 
2 7 1.68 1.68 279.0 113.0 279.0 274.0 27.0 274.0 581.0 170.0 581.0 175.0 8.0 175.0 626.0 402.0 626.0 915.0 26.0 915.0 135.0 23.0 135.0 
2 3 0.99 0.99 504.0 35.0 504.0 982.0 567.0 982.0 989.0 343.0 989.0 
2 4 1.93 1.93 504.0 35.0 504.0 982.0 567.0 982.0 989.0 343.0 989.0 17.0 16.0 17.0 
2 3 1.33 1.33 219.0 36.0 219.0 483.0 105.0 483.0 46.0 44.0 46.0 
2 3 1.28 1.28 117.0 31.0 117.0 166.0 38.0 166.0 981.0 779.0 981.0 
2 3 0.8 0.8 546.0 177.0 546.0 152.0 22.0 152.0 437.0 148.0 437.0 
2 4 1.46 1.46 546.0 177.0 546.0 152.0 22.0 152.0 437.0 148.0 437.0 374.0 245.0 374.0 
2 3 1.71 1.71 912.0 732.0 912.0 179.0 105.0 179.0 142.0 46.0 142.0 
2 4 1.92 1.92 912.0 732.0 912.0 179.0 105.0 179.0 142.0 46.0 142.0 383.0 83.0 383.0 
2 3 1.62 1.62 960.0 742.0 960.0 608.0 120.0 608.0 368.0 240.0 368.0 
2 3 1.72 1.72 667.0 401.0 667.0 781.0 388.0 781.0 81.0 51.0 81.0 
2 4 1.75 1.75 667.0 401.0 667.0 781.0 388.0 781.0 81.0 51.0 81.0 243.0 7.0 243.0 
2 3 1.2 1.2 932.0 531.0 932.0 462.0 102.0 462.0 17.0 7.0 17.0 
2 4 1.47 1.47 932.0 531.0 932.0 462.0 102.0 462.0 17.0 7.0 17.0 715.0 196.0 715.0 
2 5 1.49 1.49 932.0 531.0 932.0 462.0 102.0 462.0 17.0 7.0 17.0 715.0 196.0 715.0 818.0 17.0 818.0 
2 6 1.57 1.57 932.0 531.0 932.0 462.0 102.0 462.0 17.0 7.0 17.0 715.0 196.0 715.0 818.0 17.0 818.0 51.0 4.0 51.0 
2 7 1.71 1.71 932.0 531.0 932.0 462.0 102.0 462.0 17.0 7.0 17.0 715.0 196.0 715.0 818.0 17.0 818.0 51.0 4.0 51.0 84.0 12.0 84.0 
2 3 0.41 0.41 551.0 13.0 551.0 563.0 143.0 563.0 371.0 51.0 371.0 
2 4 1.08 1.08 551.0 13.0 551.0 563.0 143.0 563.0 371.0 51.0 371.0 681.0 453.0 681.0 
2 5 1.28 1.28 551.0 13.0 551.0 563.0 143.0 563.0 371.0 51.0 371.0 681.0 453.0 681.0 427.0 87.0 427.0 
2 6 1.31 1.31 551.0 13.0 551.0 563.0 143.0 563.0 371.0 51.0 371.0 681.0 453.0 681.0 427.0 87.0 427.0 864.0 29.0 864.0 
2 7 1.51 1.51 551.0 13.0 551.0 563.0 143.0 563.0 371.0 51.0 371.0 681.0 453.0 681.0 427.0 87.0 427.0 864.0 29.0 864.0 682.0 138.0 682.0 
2 3 1.41 1.41 508.0 354.0 508.0 222.0 36.0 222.0 197.0 109.0 197.0 
2 4 1.87 1.87 508.0 354.0 508.0 222.0 36.0 222.0 197.0 109.0 197.0 579.0 270.0 579.0 
2 3 1.4 1.4 449.0 321.0 449.0 643.0 28.0 643.0 154.0 99.0 154.0 
2 4 1.93 1.93 449.0 321.0 449.0 643.0 28.0 643.0 154.0 99.0 154.0 965.0 515.0 965.0 
2 5 1.96 1.96 449.0 321.0 449.0 643.0 28.0 643.0 154.0 99.0 154.0 965.0 515.0 965.0 899.0 25.0 899.0 
2 3 1.15 1.15 113.0 18.0 113.0 974.0 317.0 974.0 909.0 613.0 909.0 
2 4 1.3 1.3 113.0 18.0 113.0 974.0 317.0 974.0 909.0 613.0 909.0 432.0 63.0 432.0 
2 5 1.59 1.59 113.0 18.0 113.0 974.0 317.0 974.0 909.0 613.0 909.0 432.0 63.0 432.0 607.0 177.0 607.0 
2 6 1.69 1.69 113.0 18.0 113.0 974.0 317.0 974.0 909.0 613.0 909.0 432.0 63.0 432.0 607.0 177.0 607.0 582.0 55.0 582.0 
2 3 0.71 0.71 729.0 67.0 729.0 845.0 198.0 845.0 317.0 123.0 317.0 
2 4 0.81 0.81 729.0 67.0 729.0 845.0 198.0 845.0 317.0 123.0 317.0 950.0 96.0 950.0 
2 5 1.31 1.31 729.0 67.0 729.0 845.0 198.0 845.0 317.0 123.0 317.0 950.0 96.0 950.0 664.0 331.0 664.0 
2 6 1.55 1.55 729.0 67.0 729.0 845.0 198.0 845.0 317.0 123.0 317.0 950.0 96.0 950.0 664.0 331.0 664.0 920.0 226.0 920.0 
2 7 1.86 1.86 729.0 67.0 729.0 845.0 198.0 845.0 317.0 123.0 317.0 950.0 96.0 950.0 664.0 331.0 664.0 920.0 226.0 920.0 416.0 127.0 416.0 
2 8 1.95 1.95 729.0 67.0 729.0 845.0 198.0 845.0 317.0 123.0 317.0 950.0 96.0 950.0 664.0 331.0 664.0 920.0 226.0 920.0 416.0 127.0 416.0 98.0 9.0 98.0 
2 9 1.98 1.98 729.0 67.0 729.0 845.0 198.0 845.0 317.0 123.0 317.0 950.0 96.0 950.0 664.0 331.0 664.0 920.0 226.0 920.0 416.0 127.0 416.0 98.0 9.0 98.0 992.0 29.0 992.0 
2 3 0.84 0.84 356.0 3.0 356.0 184.0 49.0 184.0 496.0 282.0 496.0 
2 4 0.88 0.88 356.0 3.0 356.0 184.0 49.0 184.0 496.0 282.0 496.0 234.0 10.0 234.0 
2 5 1.87 1.87 356.0 3.0 356.0 184.0 49.0 184.0 496.0 282.0 496.0 234.0 10.0 234.0 98.0 97.0 98.0 
2 3 1.94 1.94 255.0 178.0 255.0 449.0 403.0 449.0 684.0 241.0 684.0 
2 3 0.72 0.72 658.0 29.0 658.0 580.0 147.0 580.0 391.0 166.0 391.0 
2 4 1.6 1.6 658.0 29.0 658.0 580.0 147.0 580.0 391.0 166.0 391.0 392.0 347.0 392.0 
2 3 1.0 1.0 288.0 21.0 288.0 714.0 409.0 714.0 648.0 233.0 648.0 
2 4 1.28 1.28 288.0 21.0 288.0 714.0 409.0 714.0 648.0 233.0 648.0 643.0 182.0 643.0 
2 5 1.34 1.34 288.0 21.0 288.0 714.0 409.0 714.0 648.0 233.0 648.0 643.0 182.0 643.0 125.0 7.0 125.0 
2 6 1.86 1.86 288.0 21.0 288.0 714.0 409.0 714.0 648.0 233.0 648.0 643.0 182.0 643.0 125.0 7.0 125.0 905.0 469.0 905.0 
2 3 0.71 0.71 946.0 309.0 946.0 683.0 4.0 683.0 403.0 155.0 403.0 
2 4 1.0 1.0 946.0 309.0 946.0 683.0 4.0 683.0 403.0 155.0 403.0 934.0 269.0 934.0 
2 5 1.29 1.29 946.0 309.0 946.0 683.0 4.0 683.0 403.0 155.0 403.0 934.0 269.0 934.0 514.0 147.0 514.0 
2 6 1.77 1.77 946.0 309.0 946.0 683.0 4.0 683.0 403.0 155.0 403.0 934.0 269.0 934.0 514.0 147.0 514.0 103.0 50.0 103.0 
2 3 1.77 1.77 386.0 379.0 386.0 350.0 91.0 350.0 580.0 311.0 580.0 
2 4 1.98 1.98 386.0 379.0 386.0 350.0 91.0 350.0 580.0 311.0 580.0 678.0 138.0 678.0 
2 3 1.35 1.35 184.0 140.0 184.0 106.0 40.0 106.0 615.0 132.0 615.0 
2 4 1.46 1.46 184.0 140.0 184.0 106.0 40.0 106.0 615.0 132.0 615.0 907.0 102.0 907.0 
2 5 1.47 1.47 184.0 140.0 184.0 106.0 40.0 106.0 615.0 132.0 615.0 907.0 102.0 907.0 978.0 6.0 978.0 
2 3 0.36 0.36 787.0 114.0 787.0 660.0 12.0 660.0 836.0 171.0 836.0 
2 4 0.93 0.93 787.0 114.0 787.0 660.0 12.0 660.0 836.0 171.0 836.0 495.0 280.0 495.0 
2 5 1.06 1.06 787.0 114.0 787.0 660.0 12.0 660.0 836.0 171.0 836.0 495.0 280.0 495.0 405.0 52.0 405.0 
2 6 1.91 1.91 787.0 114.0 787.0 660.0 12.0 660.0 836.0 171.0 836.0 495.0 280.0 495.0 405.0 52.0 405.0 204.0 175.0 204.0 
2 3 0.89 0.89 467.0 42.0 467.0 806.0 570.0 806.0 457.0 45.0 457.0 
2 4 1.38 1.38 467.0 42.0 467.0 806.0 570.0 806.0 457.0 45.0 457.0 323.0 158.0 323.0 
2 5 1.75 1.75 467.0 42.0 467.0 806.0 570.0 806.0 457.0 45.0 457.0 323.0 158.0 323.0 926.0 344.0 926.0 
2 3 1.3 1.3 474.0 265.0 474.0 987.0 82.0 987.0 610.0 406.0 610.0 
2 4 1.4 1.4 474.0 265.0 474.0 987.0 82.0 987.0 610.0 406.0 610.0 480.0 45.0 480.0 
2 3 1.59 1.59 186.0 107.0 186.0 953.0 916.0 953.0 623.0 35.0 623.0 
2 4 1.87 1.87 186.0 107.0 186.0 953.0 916.0 953.0 623.0 35.0 623.0 883.0 251.0 883.0 
2 3 1.86 1.86 667.0 137.0 667.0 833.0 818.0 833.0 398.0 271.0 398.0 
2 3 1.62 1.62 778.0 479.0 778.0 88.0 18.0 88.0 5.0 4.0 5.0 
2 4 1.77 1.77 778.0 479.0 778.0 88.0 18.0 88.0 5.0 4.0 5.0 260.0 39.0 260.0 
2 3 1.67 1.67 490.0 173.0 490.0 183.0 95.0 183.0 413.0 332.0 413.0 
2 3 1.31 1.31 24.0 1.0 24.0 274.0 179.0 274.0 463.0 288.0 463.0 
2 4 1.77 1.77 24.0 1.0 24.0 274.0 179.0 274.0 463.0 288.0 463.0 839.0 388.0 839.0 
2 3 1.42 1.42 334.0 144.0 334.0 708.0 47.0 708.0 955.0 886.0 955.0 
2 4 1.86 1.86 334.0 144.0 334.0 708.0 47.0 708.0 955.0 886.0 955.0 500.0 219.0 500.0 
2 5 1.98 1.98 334.0 144.0 334.0 708.0 47.0 708.0 955.0 886.0 955.0 500.0 219.0 500.0 305.0 38.0 305.0 
2 3 0.43 0.43 65.0 10.0 65.0 443.0 41.0 443.0 673.0 129.0 673.0 
2 4 0.82 0.82 65.0 10.0 65.0 443.0 41.0 443.0 673.0 129.0 673.0 366.0 140.0 366.0 
2 5 1.12 1.12 65.0 10.0 65.0 443.0 41.0 443.0 673.0 129.0 673.0 366.0 140.0 366.0 614.0 189.0 614.0 
2 6 1.39 1.39 65.0 10.0 65.0 443.0 41.0 443.0 673.0 129.0 673.0 366.0 140.0 366.0 614.0 189.0 614.0 53.0 14.0 53.0 
2 3 0.61 0.61 222.0 44.0 222.0 211.0 12.0 211.0 80.0 29.0 80.0 
2 4 1.44 1.44 222.0 44.0 222.0 211.0 12.0 211.0 80.0 29.0 80.0 520.0 430.0 520.0 
2 5 1.98 1.98 222.0 44.0 222.0 211.0 12.0 211.0 80.0 29.0 80.0 520.0 430.0 520.0 896.0 480.0 896.0 
2 3 1.22 1.22 607.0 551.0 607.0 413.0 53.0 413.0 246.0 46.0 246.0 
2 4 1.57 1.57 607.0 551.0 607.0 413.0 53.0 413.0 246.0 46.0 246.0 721.0 255.0 721.0 
2 5 1.61 1.61 607.0 551.0 607.0 413.0 53.0 413.0 246.0 46.0 246.0 721.0 255.0 721.0 940.0 38.0 940.0 
2 6 1.62 1.62 607.0 551.0 607.0 413.0 53.0 413.0 246.0 46.0 246.0 721.0 255.0 721.0 940.0 38.0 940.0 89.0 1.0 89.0 
2 3 1.28 1.28 840.0 459.0 840.0 949.0 318.0 949.0 760.0 304.0 760.0 
2 4 1.92 1.92 840.0 459.0 840.0 949.0 318.0 949.0 760.0 304.0 760.0 990.0 639.0 990.0 
2 3 0.71 0.71 800.0 133.0 800.0 446.0 185.0 446.0 528.0 73.0 528.0 
2 4 0.72 0.72 800.0 133.0 800.0 446.0 185.0 446.0 528.0 73.0 528.0 611.0 5.0 611.0 
2 5 1.59 1.59 800.0 133.0 800.0 446.0 185.0 446.0 528.0 73.0 528.0 611.0 5.0 611.0 403.0 350.0 403.0 
2 6 1.7 1.7 800.0 133.0 800.0 446.0 185.0 446.0 528.0 73.0 528.0 611.0 5.0 611.0 403.0 350.0 403.0 867.0 97.0 867.0 
2 7 1.88 1.88 800.0 133.0 800.0 446.0 185.0 446.0 528.0 73.0 528.0 611.0 5.0 611.0 403.0 350.0 403.0 867.0 97.0 867.0 146.0 26.0 146.0 
2 3 0.99 0.99 561.0 153.0 561.0 538.0 159.0 538.0 158.0 68.0 158.0 
2 4 1.02 1.02 561.0 153.0 561.0 538.0 159.0 538.0 158.0 68.0 158.0 957.0 25.0 957.0 
2 5 1.22 1.22 561.0 153.0 561.0 538.0 159.0 538.0 158.0 68.0 158.0 957.0 25.0 957.0 906.0 178.0 906.0 
2 6 1.53 1.53 561.0 153.0 561.0 538.0 159.0 538.0 158.0 68.0 158.0 957.0 25.0 957.0 906.0 178.0 906.0 692.0 214.0 692.0 
2 7 1.92 1.92 561.0 153.0 561.0 538.0 159.0 538.0 158.0 68.0 158.0 957.0 25.0 957.0 906.0 178.0 906.0 692.0 214.0 692.0 662.0 264.0 662.0 
2 3 1.3 1.3 897.0 820.0 897.0 129.0 18.0 129.0 695.0 177.0 695.0 
2 4 1.91 1.91 897.0 820.0 897.0 129.0 18.0 129.0 695.0 177.0 695.0 395.0 239.0 395.0 
2 3 1.62 1.62 126.0 108.0 126.0 614.0 148.0 614.0 290.0 153.0 290.0 
2 4 1.71 1.71 126.0 108.0 126.0 614.0 148.0 614.0 290.0 153.0 290.0 489.0 42.0 489.0 
2 3 0.69 0.69 501.0 243.0 501.0 89.0 12.0 89.0 947.0 71.0 947.0 
2 4 1.09 1.09 501.0 243.0 501.0 89.0 12.0 89.0 947.0 71.0 947.0 354.0 143.0 354.0 
2 5 1.44 1.44 501.0 243.0 501.0 89.0 12.0 89.0 947.0 71.0 947.0 354.0 143.0 354.0 78.0 27.0 78.0 
2 6 1.61 1.61 501.0 243.0 501.0 89.0 12.0 89.0 947.0 71.0 947.0 354.0 143.0 354.0 78.0 27.0 78.0 814.0 142.0 814.0 
2 3 1.01 1.01 717.0 141.0 717.0 664.0 46.0 664.0 320.0 239.0 320.0 
2 4 1.47 1.47 717.0 141.0 717.0 664.0 46.0 664.0 320.0 239.0 320.0 476.0 219.0 476.0 
2 3 1.24 1.24 145.0 73.0 145.0 133.0 54.0 133.0 909.0 303.0 909.0 
