1 2 0.05 0.05 265.0 4.0 265.0 499.0 21.0 499.0 
1 3 0.14 0.14 265.0 4.0 265.0 499.0 21.0 499.0 231.0 21.0 231.0 
1 4 0.21 0.21 265.0 4.0 265.0 499.0 21.0 499.0 231.0 21.0 231.0 649.0 44.0 649.0 
1 5 0.23 0.23 265.0 4.0 265.0 499.0 21.0 499.0 231.0 21.0 231.0 649.0 44.0 649.0 969.0 20.0 969.0 
1 6 0.56 0.56 265.0 4.0 265.0 499.0 21.0 499.0 231.0 21.0 231.0 649.0 44.0 649.0 969.0 20.0 969.0 399.0 133.0 399.0 
1 7 0.64 0.64 265.0 4.0 265.0 499.0 21.0 499.0 231.0 21.0 231.0 649.0 44.0 649.0 969.0 20.0 969.0 399.0 133.0 399.0 81.0 6.0 81.0 
1 8 0.66 0.66 265.0 4.0 265.0 499.0 21.0 499.0 231.0 21.0 231.0 649.0 44.0 649.0 969.0 20.0 969.0 399.0 133.0 399.0 81.0 6.0 81.0 727.0 17.0 727.0 
1 9 0.69 0.69 265.0 4.0 265.0 499.0 21.0 499.0 231.0 21.0 231.0 649.0 44.0 649.0 969.0 20.0 969.0 399.0 133.0 399.0 81.0 6.0 81.0 727.0 17.0 727.0 110.0 3.0 110.0 
1 2 0.68 0.68 246.0 101.0 246.0 393.0 109.0 393.0 
1 2 0.21 0.21 898.0 144.0 898.0 732.0 42.0 732.0 
1 3 0.7 0.7 898.0 144.0 898.0 732.0 42.0 732.0 567.0 276.0 567.0 
1 4 0.7 0.7 898.0 144.0 898.0 732.0 42.0 732.0 567.0 276.0 567.0 977.0 3.0 977.0 
1 2 0.3 0.3 507.0 143.0 507.0 146.0 3.0 146.0 
1 3 0.81 0.81 507.0 143.0 507.0 146.0 3.0 146.0 283.0 146.0 283.0 
1 2 0.55 0.55 33.0 1.0 33.0 998.0 524.0 998.0 
1 3 0.99 0.99 33.0 1.0 33.0 998.0 524.0 998.0 635.0 281.0 635.0 
1 2 0.32 0.32 338.0 75.0 338.0 775.0 77.0 775.0 
1 3 0.44 0.44 338.0 75.0 338.0 775.0 77.0 775.0 619.0 76.0 619.0 
1 2 0.41 0.41 636.0 113.0 636.0 663.0 159.0 663.0 
1 2 0.77 0.77 34.0 17.0 34.0 715.0 198.0 715.0 
1 3 0.82 0.82 34.0 17.0 34.0 715.0 198.0 715.0 425.0 21.0 425.0 
1 2 0.82 0.82 887.0 617.0 887.0 24.0 3.0 24.0 
1 2 0.43 0.43 473.0 163.0 473.0 853.0 74.0 853.0 
1 2 0.71 0.71 564.0 14.0 564.0 391.0 269.0 391.0 
1 3 0.99 0.99 564.0 14.0 564.0 391.0 269.0 391.0 965.0 277.0 965.0 
1 2 0.7 0.7 90.0 37.0 90.0 837.0 242.0 837.0 
1 3 0.74 0.74 90.0 37.0 90.0 837.0 242.0 837.0 282.0 14.0 282.0 
1 2 0.23 0.23 117.0 13.0 117.0 772.0 95.0 772.0 
1 3 0.84 0.84 117.0 13.0 117.0 772.0 95.0 772.0 463.0 281.0 463.0 
1 2 0.72 0.72 71.0 3.0 71.0 563.0 382.0 563.0 
1 3 0.79 0.79 71.0 3.0 71.0 563.0 382.0 563.0 495.0 36.0 495.0 
1 2 0.51 0.51 225.0 69.0 225.0 792.0 165.0 792.0 
1 3 0.75 0.75 225.0 69.0 225.0 792.0 165.0 792.0 659.0 155.0 659.0 
1 2 0.62 0.62 515.0 83.0 515.0 64.0 30.0 64.0 
1 3 0.77 0.77 515.0 83.0 515.0 64.0 30.0 64.0 977.0 140.0 977.0 
1 2 0.37 0.37 649.0 64.0 649.0 329.0 92.0 329.0 
1 2 0.77 0.77 58.0 13.0 58.0 404.0 223.0 404.0 
1 2 0.89 0.89 634.0 474.0 634.0 694.0 99.0 694.0 
1 2 0.74 0.74 671.0 443.0 671.0 471.0 38.0 471.0 
1 2 0.44 0.44 656.0 66.0 656.0 875.0 302.0 875.0 
1 2 0.92 0.92 124.0 66.0 124.0 915.0 362.0 915.0 
1 3 0.97 0.97 124.0 66.0 124.0 915.0 362.0 915.0 369.0 16.0 369.0 
1 2 0.85 0.85 971.0 58.0 971.0 40.0 32.0 40.0 
1 2 0.81 0.81 847.0 314.0 847.0 649.0 286.0 649.0 
1 2 0.21 0.21 838.0 130.0 838.0 586.0 37.0 586.0 
1 3 0.52 0.52 838.0 130.0 838.0 586.0 37.0 586.0 258.0 78.0 258.0 
1 4 0.99 0.99 838.0 130.0 838.0 586.0 37.0 586.0 258.0 78.0 258.0 346.0 163.0 346.0 
1 2 0.23 0.23 70.0 13.0 70.0 269.0 14.0 269.0 
1 3 0.49 0.49 70.0 13.0 70.0 269.0 14.0 269.0 379.0 96.0 379.0 
1 4 0.89 0.89 70.0 13.0 70.0 269.0 14.0 269.0 379.0 96.0 379.0 570.0 231.0 570.0 
1 2 0.22 0.22 910.0 97.0 910.0 965.0 119.0 965.0 
1 3 0.46 0.46 910.0 97.0 910.0 965.0 119.0 965.0 664.0 157.0 664.0 
1 4 0.69 0.69 910.0 97.0 910.0 965.0 119.0 965.0 664.0 157.0 664.0 664.0 149.0 664.0 
1 2 0.61 0.61 65.0 12.0 65.0 803.0 345.0 803.0 
1 3 0.86 0.86 65.0 12.0 65.0 803.0 345.0 803.0 987.0 243.0 987.0 
1 2 0.42 0.42 834.0 329.0 834.0 730.0 24.0 730.0 
1 2 0.82 0.82 845.0 205.0 845.0 820.0 474.0 820.0 
1 3 0.97 0.97 845.0 205.0 845.0 820.0 474.0 820.0 145.0 22.0 145.0 
1 2 0.38 0.38 954.0 115.0 954.0 69.0 18.0 69.0 
1 3 0.59 0.59 954.0 115.0 954.0 69.0 18.0 69.0 502.0 106.0 502.0 
1 2 0.7 0.7 705.0 182.0 705.0 993.0 440.0 993.0 
1 2 0.18 0.18 377.0 27.0 377.0 356.0 39.0 356.0 
1 3 0.53 0.53 377.0 27.0 377.0 356.0 39.0 356.0 492.0 176.0 492.0 
1 4 0.57 0.57 377.0 27.0 377.0 356.0 39.0 356.0 492.0 176.0 492.0 999.0 38.0 999.0 
1 2 0.95 0.95 465.0 381.0 465.0 258.0 34.0 258.0 
1 2 0.38 0.38 558.0 73.0 558.0 354.0 90.0 354.0 
1 3 0.8 0.8 558.0 73.0 558.0 354.0 90.0 354.0 225.0 95.0 225.0 
1 2 0.94 0.94 134.0 112.0 134.0 655.0 70.0 655.0 
1 2 0.26 0.26 888.0 90.0 888.0 119.0 19.0 119.0 
1 3 0.58 0.58 888.0 90.0 888.0 119.0 19.0 119.0 43.0 14.0 43.0 
1 4 0.59 0.59 888.0 90.0 888.0 119.0 19.0 119.0 43.0 14.0 43.0 513.0 4.0 513.0 
1 5 0.86 0.86 888.0 90.0 888.0 119.0 19.0 119.0 43.0 14.0 43.0 513.0 4.0 513.0 15.0 4.0 15.0 
1 2 0.93 0.93 625.0 281.0 625.0 239.0 115.0 239.0 
1 2 0.64 0.64 181.0 115.0 181.0 347.0 4.0 347.0 
1 3 0.76 0.76 181.0 115.0 181.0 347.0 4.0 347.0 435.0 52.0 435.0 
1 4 0.89 0.89 181.0 115.0 181.0 347.0 4.0 347.0 435.0 52.0 435.0 761.0 100.0 761.0 
1 2 0.97 0.97 63.0 6.0 63.0 789.0 697.0 789.0 
1 2 0.37 0.37 43.0 4.0 43.0 262.0 73.0 262.0 
1 3 0.43 0.43 43.0 4.0 43.0 262.0 73.0 262.0 15.0 1.0 15.0 
1 4 0.56 0.56 43.0 4.0 43.0 262.0 73.0 262.0 15.0 1.0 15.0 581.0 75.0 581.0 
1 2 0.83 0.83 72.0 11.0 72.0 557.0 382.0 557.0 
1 2 0.2 0.2 668.0 111.0 668.0 24.0 1.0 24.0 
1 3 0.32 0.32 668.0 111.0 668.0 24.0 1.0 24.0 746.0 90.0 746.0 
1 4 0.83 0.83 668.0 111.0 668.0 24.0 1.0 24.0 746.0 90.0 746.0 636.0 321.0 636.0 
1 2 0.18 0.18 31.0 1.0 31.0 686.0 102.0 686.0 
1 3 0.28 0.28 31.0 1.0 31.0 686.0 102.0 686.0 673.0 70.0 673.0 
1 4 0.56 0.56 31.0 1.0 31.0 686.0 102.0 686.0 673.0 70.0 673.0 582.0 161.0 582.0 
1 5 0.88 0.88 31.0 1.0 31.0 686.0 102.0 686.0 673.0 70.0 673.0 582.0 161.0 582.0 719.0 230.0 719.0 
1 2 0.06 0.06 486.0 18.0 486.0 235.0 6.0 235.0 
1 3 0.1 0.1 486.0 18.0 486.0 235.0 6.0 235.0 698.0 28.0 698.0 
1 4 0.14 0.14 486.0 18.0 486.0 235.0 6.0 235.0 698.0 28.0 698.0 418.0 17.0 418.0 
1 5 0.64 0.64 486.0 18.0 486.0 235.0 6.0 235.0 698.0 28.0 698.0 418.0 17.0 418.0 279.0 140.0 279.0 
1 2 0.63 0.63 271.0 28.0 271.0 94.0 50.0 94.0 
1 3 0.87 0.87 271.0 28.0 271.0 94.0 50.0 94.0 879.0 210.0 879.0 
1 2 0.29 0.29 604.0 81.0 604.0 442.0 72.0 442.0 
1 3 0.59 0.59 604.0 81.0 604.0 442.0 72.0 442.0 548.0 166.0 548.0 
1 4 0.82 0.82 604.0 81.0 604.0 442.0 72.0 442.0 548.0 166.0 548.0 996.0 221.0 996.0 
1 5 0.87 0.87 604.0 81.0 604.0 442.0 72.0 442.0 548.0 166.0 548.0 996.0 221.0 996.0 93.0 5.0 93.0 
1 2 0.47 0.47 966.0 414.0 966.0 297.0 13.0 297.0 
1 2 0.55 0.55 684.0 39.0 684.0 736.0 367.0 736.0 
1 3 0.83 0.83 684.0 39.0 684.0 736.0 367.0 736.0 942.0 260.0 942.0 
1 2 0.13 0.13 367.0 31.0 367.0 842.0 41.0 842.0 
1 3 0.26 0.26 367.0 31.0 367.0 842.0 41.0 842.0 68.0 9.0 68.0 
1 4 0.68 0.68 367.0 31.0 367.0 842.0 41.0 842.0 68.0 9.0 68.0 823.0 343.0 823.0 
1 5 0.68 0.68 367.0 31.0 367.0 842.0 41.0 842.0 68.0 9.0 68.0 823.0 343.0 823.0 410.0 2.0 410.0 
1 2 0.95 0.95 625.0 87.0 625.0 821.0 670.0 821.0 
1 2 0.6 0.6 694.0 185.0 694.0 364.0 122.0 364.0 
1 3 0.79 0.79 694.0 185.0 694.0 364.0 122.0 364.0 102.0 20.0 102.0 
1 4 0.82 0.82 694.0 185.0 694.0 364.0 122.0 364.0 102.0 20.0 102.0 110.0 3.0 110.0 
1 2 0.79 0.79 74.0 51.0 74.0 380.0 40.0 380.0 
1 2 0.38 0.38 704.0 254.0 704.0 104.0 2.0 104.0 
1 3 0.4 0.4 704.0 254.0 704.0 104.0 2.0 104.0 90.0 2.0 90.0 
1 2 0.78 0.78 247.0 2.0 247.0 777.0 600.0 777.0 
1 3 0.82 0.82 247.0 2.0 247.0 777.0 600.0 777.0 343.0 17.0 343.0 
1 4 0.86 0.86 247.0 2.0 247.0 777.0 600.0 777.0 343.0 17.0 343.0 287.0 10.0 287.0 
1 5 0.96 0.96 247.0 2.0 247.0 777.0 600.0 777.0 343.0 17.0 343.0 287.0 10.0 287.0 133.0 14.0 133.0 
1 2 0.96 0.96 645.0 428.0 645.0 166.0 50.0 166.0 
1 2 0.43 0.43 239.0 100.0 239.0 332.0 4.0 332.0 
1 3 0.49 0.49 239.0 100.0 239.0 332.0 4.0 332.0 779.0 50.0 779.0 
1 2 0.13 0.13 818.0 103.0 818.0 487.0 3.0 487.0 
1 3 0.25 0.25 818.0 103.0 818.0 487.0 3.0 487.0 114.0 14.0 114.0 
1 2 0.47 0.47 692.0 123.0 692.0 123.0 36.0 123.0 
1 3 0.61 0.61 692.0 123.0 692.0 123.0 36.0 123.0 81.0 12.0 81.0 
1 4 0.67 0.67 692.0 123.0 692.0 123.0 36.0 123.0 81.0 12.0 81.0 95.0 5.0 95.0 
1 2 0.68 0.68 103.0 48.0 103.0 412.0 91.0 412.0 
1 3 0.8 0.8 103.0 48.0 103.0 412.0 91.0 412.0 273.0 33.0 273.0 
1 4 0.89 0.89 103.0 48.0 103.0 412.0 91.0 412.0 273.0 33.0 273.0 313.0 26.0 313.0 
1 5 0.89 0.89 103.0 48.0 103.0 412.0 91.0 412.0 273.0 33.0 273.0 313.0 26.0 313.0 609.0 5.0 609.0 
1 2 0.81 0.81 758.0 153.0 758.0 235.0 144.0 235.0 
1 2 0.13 0.13 623.0 12.0 623.0 840.0 98.0 840.0 
1 3 0.99 0.99 623.0 12.0 623.0 840.0 98.0 840.0 956.0 821.0 956.0 
1 2 0.67 0.67 12.0 6.0 12.0 639.0 113.0 639.0 
1 3 0.99 0.99 12.0 6.0 12.0 639.0 113.0 639.0 657.0 207.0 657.0 
1 2 0.86 0.86 259.0 142.0 259.0 993.0 312.0 993.0 
1 2 0.48 0.48 217.0 93.0 217.0 925.0 50.0 925.0 
1 3 0.57 0.57 217.0 93.0 217.0 925.0 50.0 925.0 456.0 41.0 456.0 
1 2 0.36 0.36 186.0 30.0 186.0 230.0 48.0 230.0 
1 3 0.79 0.79 186.0 30.0 186.0 230.0 48.0 230.0 689.0 293.0 689.0 
1 4 0.95 0.95 186.0 30.0 186.0 230.0 48.0 230.0 689.0 293.0 689.0 318.0 50.0 318.0 
1 5 0.97 0.97 186.0 30.0 186.0 230.0 48.0 230.0 689.0 293.0 689.0 318.0 50.0 318.0 373.0 10.0 373.0 
1 2 0.73 0.73 414.0 295.0 414.0 614.0 13.0 614.0 
1 3 0.98 0.98 414.0 295.0 414.0 614.0 13.0 614.0 4.0 1.0 4.0 
1 2 0.93 0.93 123.0 70.0 123.0 863.0 315.0 863.0 
1 3 0.96 0.96 123.0 70.0 123.0 863.0 315.0 863.0 575.0 17.0 575.0 
1 2 0.53 0.53 137.0 53.0 137.0 109.0 16.0 109.0 
1 3 0.62 0.62 137.0 53.0 137.0 109.0 16.0 109.0 272.0 24.0 272.0 
1 2 0.41 0.41 574.0 135.0 574.0 671.0 121.0 671.0 
1 3 0.64 0.64 574.0 135.0 574.0 671.0 121.0 671.0 721.0 164.0 721.0 
1 4 0.82 0.82 574.0 135.0 574.0 671.0 121.0 671.0 721.0 164.0 721.0 387.0 70.0 387.0 
1 2 0.8 0.8 809.0 344.0 809.0 806.0 307.0 806.0 
1 3 0.9 0.9 809.0 344.0 809.0 806.0 307.0 806.0 650.0 65.0 650.0 
1 2 0.48 0.48 983.0 352.0 983.0 429.0 53.0 429.0 
1 3 0.89 0.89 983.0 352.0 983.0 429.0 53.0 429.0 743.0 307.0 743.0 
1 2 0.57 0.57 299.0 95.0 299.0 705.0 184.0 705.0 
1 3 0.86 0.86 299.0 95.0 299.0 705.0 184.0 705.0 433.0 124.0 433.0 
1 4 0.96 0.96 299.0 95.0 299.0 705.0 184.0 705.0 433.0 124.0 433.0 174.0 18.0 174.0 
1 2 0.63 0.63 17.0 4.0 17.0 352.0 139.0 352.0 
1 2 0.55 0.55 913.0 113.0 913.0 746.0 323.0 746.0 
1 2 0.33 0.33 434.0 38.0 434.0 869.0 212.0 869.0 
1 3 0.44 0.44 434.0 38.0 434.0 869.0 212.0 869.0 530.0 58.0 530.0 
1 2 0.09 0.09 83.0 2.0 83.0 844.0 59.0 844.0 
1 2 0.54 0.54 865.0 82.0 865.0 714.0 318.0 714.0 
1 3 0.57 0.57 865.0 82.0 865.0 714.0 318.0 714.0 464.0 18.0 464.0 
1 2 0.57 0.57 198.0 70.0 198.0 159.0 36.0 159.0 
1 3 0.72 0.72 198.0 70.0 198.0 159.0 36.0 159.0 171.0 25.0 171.0 
1 2 0.67 0.67 468.0 115.0 468.0 473.0 204.0 473.0 
1 3 0.93 0.93 468.0 115.0 468.0 473.0 204.0 473.0 836.0 219.0 836.0 
1 2 0.31 0.31 675.0 153.0 675.0 199.0 17.0 199.0 
1 2 0.81 0.81 480.0 124.0 480.0 209.0 117.0 209.0 
1 3 0.92 0.92 480.0 124.0 480.0 209.0 117.0 209.0 310.0 33.0 310.0 
1 2 0.59 0.59 196.0 33.0 196.0 204.0 87.0 204.0 
1 3 0.62 0.62 196.0 33.0 196.0 204.0 87.0 204.0 789.0 24.0 789.0 
1 4 0.74 0.74 196.0 33.0 196.0 204.0 87.0 204.0 789.0 24.0 789.0 696.0 86.0 696.0 
1 2 0.4 0.4 482.0 115.0 482.0 771.0 129.0 771.0 
1 2 0.48 0.48 865.0 200.0 865.0 559.0 144.0 559.0 
1 2 0.44 0.44 101.0 33.0 101.0 841.0 103.0 841.0 
1 3 0.49 0.49 101.0 33.0 101.0 841.0 103.0 841.0 414.0 17.0 414.0 
1 4 0.65 0.65 101.0 33.0 101.0 841.0 103.0 841.0 414.0 17.0 414.0 92.0 15.0 92.0 
1 5 0.77 0.77 101.0 33.0 101.0 841.0 103.0 841.0 414.0 17.0 414.0 92.0 15.0 92.0 49.0 6.0 49.0 
1 2 0.64 0.64 113.0 13.0 113.0 167.0 89.0 167.0 
1 3 0.8 0.8 113.0 13.0 113.0 167.0 89.0 167.0 402.0 65.0 402.0 
1 4 0.9 0.9 113.0 13.0 113.0 167.0 89.0 167.0 402.0 65.0 402.0 202.0 20.0 202.0 
1 2 0.44 0.44 569.0 171.0 569.0 556.0 78.0 556.0 
1 3 0.46 0.46 569.0 171.0 569.0 556.0 78.0 556.0 695.0 18.0 695.0 
1 2 0.83 0.83 472.0 111.0 472.0 923.0 550.0 923.0 
1 2 0.63 0.63 246.0 62.0 246.0 792.0 304.0 792.0 
1 2 0.21 0.21 776.0 110.0 776.0 882.0 66.0 882.0 
1 3 0.55 0.55 776.0 110.0 776.0 882.0 66.0 882.0 439.0 149.0 439.0 
1 2 0.42 0.42 105.0 37.0 105.0 642.0 46.0 642.0 
1 3 0.56 0.56 105.0 37.0 105.0 642.0 46.0 642.0 829.0 116.0 829.0 
1 2 0.62 0.62 347.0 112.0 347.0 192.0 58.0 192.0 
1 3 0.98 0.98 347.0 112.0 347.0 192.0 58.0 192.0 388.0 140.0 388.0 
1 2 0.68 0.68 705.0 91.0 705.0 439.0 243.0 439.0 
1 2 0.48 0.48 554.0 100.0 554.0 929.0 285.0 929.0 
1 3 0.81 0.81 554.0 100.0 554.0 929.0 285.0 929.0 790.0 262.0 790.0 
1 2 0.87 0.87 197.0 136.0 197.0 151.0 28.0 151.0 
1 2 0.87 0.87 299.0 32.0 299.0 866.0 663.0 866.0 
1 2 0.59 0.59 428.0 118.0 428.0 496.0 159.0 496.0 
1 3 0.95 0.95 428.0 118.0 428.0 496.0 159.0 496.0 724.0 257.0 724.0 
1 2 0.75 0.75 468.0 332.0 468.0 215.0 9.0 215.0 
1 2 0.41 0.41 534.0 135.0 534.0 254.0 41.0 254.0 
1 3 0.62 0.62 534.0 135.0 534.0 254.0 41.0 254.0 82.0 17.0 82.0 
1 4 0.82 0.82 534.0 135.0 534.0 254.0 41.0 254.0 82.0 17.0 82.0 321.0 66.0 321.0 
1 2 0.67 0.67 380.0 190.0 380.0 965.0 167.0 965.0 
1 2 0.85 0.85 204.0 155.0 204.0 622.0 58.0 622.0 
1 2 0.15 0.15 58.0 7.0 58.0 172.0 6.0 172.0 
1 3 0.48 0.48 58.0 7.0 58.0 172.0 6.0 172.0 438.0 146.0 438.0 
1 4 0.76 0.76 58.0 7.0 58.0 172.0 6.0 172.0 438.0 146.0 438.0 592.0 164.0 592.0 
1 5 0.98 0.98 58.0 7.0 58.0 172.0 6.0 172.0 438.0 146.0 438.0 592.0 164.0 592.0 536.0 120.0 536.0 
1 2 0.31 0.31 849.0 168.0 849.0 785.0 89.0 785.0 
1 3 0.35 0.35 849.0 168.0 849.0 785.0 89.0 785.0 147.0 7.0 147.0 
1 4 0.57 0.57 849.0 168.0 849.0 785.0 89.0 785.0 147.0 7.0 147.0 856.0 189.0 856.0 
1 5 0.74 0.74 849.0 168.0 849.0 785.0 89.0 785.0 147.0 7.0 147.0 856.0 189.0 856.0 969.0 162.0 969.0 
1 6 0.76 0.76 849.0 168.0 849.0 785.0 89.0 785.0 147.0 7.0 147.0 856.0 189.0 856.0 969.0 162.0 969.0 459.0 7.0 459.0 
1 2 0.33 0.33 114.0 24.0 114.0 955.0 118.0 955.0 
1 3 0.46 0.46 114.0 24.0 114.0 955.0 118.0 955.0 601.0 78.0 601.0 
1 4 0.57 0.57 114.0 24.0 114.0 955.0 118.0 955.0 601.0 78.0 601.0 122.0 13.0 122.0 
1 2 0.11 0.11 290.0 2.0 290.0 167.0 18.0 167.0 
1 3 0.19 0.19 290.0 2.0 290.0 167.0 18.0 167.0 900.0 70.0 900.0 
1 4 0.31 0.31 290.0 2.0 290.0 167.0 18.0 167.0 900.0 70.0 900.0 103.0 13.0 103.0 
1 5 0.45 0.45 290.0 2.0 290.0 167.0 18.0 167.0 900.0 70.0 900.0 103.0 13.0 103.0 177.0 24.0 177.0 
1 6 0.66 0.66 290.0 2.0 290.0 167.0 18.0 167.0 900.0 70.0 900.0 103.0 13.0 103.0 177.0 24.0 177.0 317.0 67.0 317.0 
1 7 0.92 0.92 290.0 2.0 290.0 167.0 18.0 167.0 900.0 70.0 900.0 103.0 13.0 103.0 177.0 24.0 177.0 317.0 67.0 317.0 912.0 235.0 912.0 
1 2 0.79 0.79 313.0 138.0 313.0 494.0 177.0 494.0 
1 2 0.43 0.43 499.0 197.0 499.0 622.0 24.0 622.0 
1 2 0.43 0.43 52.0 1.0 52.0 189.0 78.0 189.0 
1 2 0.29 0.29 644.0 138.0 644.0 354.0 29.0 354.0 
1 2 0.84 0.84 695.0 409.0 695.0 678.0 173.0 678.0 
1 3 0.85 0.85 695.0 409.0 695.0 678.0 173.0 678.0 338.0 3.0 338.0 
1 4 0.99 0.99 695.0 409.0 695.0 678.0 173.0 678.0 338.0 3.0 338.0 593.0 83.0 593.0 
1 2 0.63 0.63 233.0 124.0 233.0 425.0 42.0 425.0 
1 3 0.73 0.73 233.0 124.0 233.0 425.0 42.0 425.0 885.0 96.0 885.0 
1 4 0.79 0.79 233.0 124.0 233.0 425.0 42.0 425.0 885.0 96.0 885.0 649.0 38.0 649.0 
1 2 0.19 0.19 824.0 25.0 824.0 892.0 143.0 892.0 
1 3 0.83 0.83 824.0 25.0 824.0 892.0 143.0 892.0 894.0 577.0 894.0 
1 4 0.97 0.97 824.0 25.0 824.0 892.0 143.0 892.0 894.0 577.0 894.0 391.0 54.0 391.0 
1 2 0.17 0.17 382.0 13.0 382.0 122.0 17.0 122.0 
1 3 0.17 0.17 382.0 13.0 382.0 122.0 17.0 122.0 949.0 5.0 949.0 
1 4 0.26 0.26 382.0 13.0 382.0 122.0 17.0 122.0 949.0 5.0 949.0 276.0 24.0 276.0 
1 5 0.32 0.32 382.0 13.0 382.0 122.0 17.0 122.0 949.0 5.0 949.0 276.0 24.0 276.0 667.0 39.0 667.0 
1 6 0.8 0.8 382.0 13.0 382.0 122.0 17.0 122.0 949.0 5.0 949.0 276.0 24.0 276.0 667.0 39.0 667.0 629.0 301.0 629.0 
1 7 0.9 0.9 382.0 13.0 382.0 122.0 17.0 122.0 949.0 5.0 949.0 276.0 24.0 276.0 667.0 39.0 667.0 629.0 301.0 629.0 759.0 77.0 759.0 
1 8 0.99 0.99 382.0 13.0 382.0 122.0 17.0 122.0 949.0 5.0 949.0 276.0 24.0 276.0 667.0 39.0 667.0 629.0 301.0 629.0 759.0 77.0 759.0 646.0 61.0 646.0 
1 2 0.45 0.45 30.0 3.0 30.0 755.0 270.0 755.0 
1 3 0.56 0.56 30.0 3.0 30.0 755.0 270.0 755.0 822.0 90.0 822.0 
1 4 0.77 0.77 30.0 3.0 30.0 755.0 270.0 755.0 822.0 90.0 822.0 169.0 35.0 169.0 
1 2 0.77 0.77 697.0 288.0 697.0 850.0 310.0 850.0 
1 2 0.54 0.54 698.0 40.0 698.0 1000.0 485.0 1000.0 
1 3 0.69 0.69 698.0 40.0 698.0 1000.0 485.0 1000.0 555.0 87.0 555.0 
1 4 0.83 0.83 698.0 40.0 698.0 1000.0 485.0 1000.0 555.0 87.0 555.0 605.0 83.0 605.0 
1 5 0.85 0.85 698.0 40.0 698.0 1000.0 485.0 1000.0 555.0 87.0 555.0 605.0 83.0 605.0 461.0 9.0 461.0 
1 2 0.72 0.72 677.0 385.0 677.0 758.0 117.0 758.0 
1 2 0.92 0.92 811.0 672.0 811.0 168.0 16.0 168.0 
1 3 0.97 0.97 811.0 672.0 811.0 168.0 16.0 168.0 271.0 14.0 271.0 
1 2 0.88 0.88 984.0 56.0 984.0 502.0 417.0 502.0 
1 2 0.38 0.38 629.0 191.0 629.0 495.0 38.0 495.0 
1 3 0.48 0.48 629.0 191.0 629.0 495.0 38.0 495.0 286.0 29.0 286.0 
1 4 0.97 0.97 629.0 191.0 629.0 495.0 38.0 495.0 286.0 29.0 286.0 159.0 78.0 159.0 
1 2 0.87 0.87 190.0 129.0 190.0 181.0 35.0 181.0 
1 2 0.29 0.29 216.0 42.0 216.0 767.0 76.0 767.0 
1 3 0.62 0.62 216.0 42.0 216.0 767.0 76.0 767.0 87.0 29.0 87.0 
1 4 0.7 0.7 216.0 42.0 216.0 767.0 76.0 767.0 87.0 29.0 87.0 308.0 24.0 308.0 
1 2 0.91 0.91 699.0 10.0 699.0 550.0 497.0 550.0 
1 3 0.92 0.92 699.0 10.0 699.0 550.0 497.0 550.0 663.0 3.0 663.0 
1 2 0.11 0.11 697.0 51.0 697.0 695.0 31.0 695.0 
1 3 0.27 0.27 697.0 51.0 697.0 695.0 31.0 695.0 937.0 144.0 937.0 
1 2 0.61 0.61 344.0 75.0 344.0 283.0 113.0 283.0 
1 3 0.88 0.88 344.0 75.0 344.0 283.0 113.0 283.0 452.0 120.0 452.0 
1 2 0.85 0.85 614.0 495.0 614.0 353.0 16.0 353.0 
1 2 0.71 0.71 469.0 187.0 469.0 89.0 28.0 89.0 
1 2 0.94 0.94 562.0 55.0 562.0 258.0 219.0 258.0 
1 2 0.38 0.38 67.0 23.0 67.0 604.0 25.0 604.0 
1 3 0.82 0.82 67.0 23.0 67.0 604.0 25.0 604.0 823.0 360.0 823.0 
1 4 0.85 0.85 67.0 23.0 67.0 604.0 25.0 604.0 823.0 360.0 823.0 427.0 13.0 427.0 
1 5 0.86 0.86 67.0 23.0 67.0 604.0 25.0 604.0 823.0 360.0 823.0 427.0 13.0 427.0 860.0 13.0 860.0 
1 2 0.77 0.77 190.0 41.0 190.0 685.0 386.0 685.0 
1 2 0.62 0.62 384.0 36.0 384.0 47.0 25.0 47.0 
1 3 0.71 0.71 384.0 36.0 384.0 47.0 25.0 47.0 33.0 3.0 33.0 
1 2 0.78 0.78 607.0 218.0 607.0 21.0 9.0 21.0 
1 2 0.69 0.69 460.0 80.0 460.0 705.0 365.0 705.0 
1 2 0.71 0.71 577.0 140.0 577.0 131.0 62.0 131.0 
1 3 0.96 0.96 577.0 140.0 577.0 131.0 62.0 131.0 431.0 108.0 431.0 
1 2 0.54 0.54 795.0 159.0 795.0 84.0 29.0 84.0 
1 3 0.79 0.79 795.0 159.0 795.0 84.0 29.0 84.0 408.0 103.0 408.0 
1 2 0.38 0.38 365.0 137.0 365.0 598.0 4.0 598.0 
1 3 0.39 0.39 365.0 137.0 365.0 598.0 4.0 598.0 233.0 3.0 233.0 
1 4 0.66 0.66 365.0 137.0 365.0 598.0 4.0 598.0 233.0 3.0 233.0 26.0 7.0 26.0 
1 2 0.2 0.2 121.0 7.0 121.0 132.0 19.0 132.0 
1 3 0.23 0.23 121.0 7.0 121.0 132.0 19.0 132.0 54.0 2.0 54.0 
1 2 0.96 0.96 724.0 590.0 724.0 856.0 132.0 856.0 
1 2 0.83 0.83 534.0 396.0 534.0 740.0 69.0 740.0 
1 2 0.72 0.72 226.0 99.0 226.0 728.0 211.0 728.0 
1 3 0.79 0.79 226.0 99.0 226.0 728.0 211.0 728.0 58.0 4.0 58.0 
1 2 0.43 0.43 588.0 144.0 588.0 799.0 155.0 799.0 
1 2 0.48 0.48 521.0 55.0 521.0 865.0 328.0 865.0 
1 2 0.27 0.27 316.0 85.0 316.0 952.0 2.0 952.0 
1 3 0.28 0.28 316.0 85.0 316.0 952.0 2.0 952.0 209.0 3.0 209.0 
1 4 0.45 0.45 316.0 85.0 316.0 952.0 2.0 952.0 209.0 3.0 209.0 524.0 89.0 524.0 
1 5 0.71 0.71 316.0 85.0 316.0 952.0 2.0 952.0 209.0 3.0 209.0 524.0 89.0 524.0 480.0 123.0 480.0 
1 6 0.86 0.86 316.0 85.0 316.0 952.0 2.0 952.0 209.0 3.0 209.0 524.0 89.0 524.0 480.0 123.0 480.0 534.0 80.0 534.0 
1 2 0.57 0.57 575.0 176.0 575.0 836.0 228.0 836.0 
1 2 0.22 0.22 753.0 146.0 753.0 97.0 3.0 97.0 
1 3 0.29 0.29 753.0 146.0 753.0 97.0 3.0 97.0 824.0 60.0 824.0 
1 4 0.43 0.43 753.0 146.0 753.0 97.0 3.0 97.0 824.0 60.0 824.0 362.0 50.0 362.0 
1 5 0.94 0.94 753.0 146.0 753.0 97.0 3.0 97.0 824.0 60.0 824.0 362.0 50.0 362.0 535.0 275.0 535.0 
1 2 0.32 0.32 875.0 83.0 875.0 700.0 162.0 700.0 
1 2 0.62 0.62 164.0 16.0 164.0 160.0 84.0 160.0 
1 2 0.63 0.63 612.0 12.0 612.0 214.0 131.0 214.0 
1 3 0.93 0.93 612.0 12.0 612.0 214.0 131.0 214.0 702.0 212.0 702.0 
1 4 0.97 0.97 612.0 12.0 612.0 214.0 131.0 214.0 702.0 212.0 702.0 408.0 15.0 408.0 
1 2 0.63 0.63 297.0 177.0 297.0 885.0 34.0 885.0 
1 3 0.71 0.71 297.0 177.0 297.0 885.0 34.0 885.0 248.0 21.0 248.0 
1 4 0.83 0.83 297.0 177.0 297.0 885.0 34.0 885.0 248.0 21.0 248.0 330.0 37.0 330.0 
1 5 0.92 0.92 297.0 177.0 297.0 885.0 34.0 885.0 248.0 21.0 248.0 330.0 37.0 330.0 213.0 21.0 213.0 
1 2 0.33 0.33 507.0 114.0 507.0 88.0 10.0 88.0 
1 3 0.42 0.42 507.0 114.0 507.0 88.0 10.0 88.0 681.0 60.0 681.0 
1 2 0.9 0.9 156.0 125.0 156.0 847.0 84.0 847.0 
1 3 0.93 0.93 156.0 125.0 156.0 847.0 84.0 847.0 152.0 6.0 152.0 
1 2 0.26 0.26 825.0 174.0 825.0 77.0 4.0 77.0 
1 3 0.41 0.41 825.0 174.0 825.0 77.0 4.0 77.0 354.0 53.0 354.0 
1 4 0.66 0.66 825.0 174.0 825.0 77.0 4.0 77.0 354.0 53.0 354.0 413.0 106.0 413.0 
1 5 0.69 0.69 825.0 174.0 825.0 77.0 4.0 77.0 354.0 53.0 354.0 413.0 106.0 413.0 547.0 14.0 547.0 
1 2 0.24 0.24 22.0 4.0 22.0 783.0 52.0 783.0 
1 3 0.86 0.86 22.0 4.0 22.0 783.0 52.0 783.0 615.0 380.0 615.0 
1 2 0.61 0.61 183.0 35.0 183.0 1000.0 425.0 1000.0 
1 3 0.75 0.75 183.0 35.0 183.0 1000.0 425.0 1000.0 70.0 10.0 70.0 
1 2 0.93 0.93 129.0 9.0 129.0 353.0 306.0 353.0 
1 2 0.75 0.75 93.0 41.0 93.0 358.0 114.0 358.0 
1 3 0.97 0.97 93.0 41.0 93.0 358.0 114.0 358.0 691.0 152.0 691.0 
1 2 0.15 0.15 669.0 51.0 669.0 307.0 25.0 307.0 
1 3 0.65 0.65 669.0 51.0 669.0 307.0 25.0 307.0 172.0 86.0 172.0 
1 4 0.75 0.75 669.0 51.0 669.0 307.0 25.0 307.0 172.0 86.0 172.0 288.0 28.0 288.0 
1 5 0.97 0.97 669.0 51.0 669.0 307.0 25.0 307.0 172.0 86.0 172.0 288.0 28.0 288.0 192.0 42.0 192.0 
1 6 0.98 0.98 669.0 51.0 669.0 307.0 25.0 307.0 172.0 86.0 172.0 288.0 28.0 288.0 192.0 42.0 192.0 611.0 8.0 611.0 
1 2 0.89 0.89 911.0 388.0 911.0 263.0 124.0 263.0 
1 2 0.52 0.52 792.0 294.0 792.0 940.0 146.0 940.0 
1 3 0.85 0.85 792.0 294.0 792.0 940.0 146.0 940.0 344.0 114.0 344.0 
1 2 0.71 0.71 17.0 9.0 17.0 162.0 30.0 162.0 
1 3 0.86 0.86 17.0 9.0 17.0 162.0 30.0 162.0 573.0 86.0 573.0 
1 4 0.89 0.89 17.0 9.0 17.0 162.0 30.0 162.0 573.0 86.0 573.0 374.0 10.0 374.0 
1 2 0.79 0.79 20.0 2.0 20.0 431.0 301.0 431.0 
1 3 0.99 0.99 20.0 2.0 20.0 431.0 301.0 431.0 809.0 160.0 809.0 
1 2 0.46 0.46 985.0 186.0 985.0 723.0 198.0 723.0 
1 2 0.94 0.94 658.0 400.0 658.0 711.0 238.0 711.0 
1 2 0.28 0.28 900.0 114.0 900.0 653.0 102.0 653.0 
1 3 0.82 0.82 900.0 114.0 900.0 653.0 102.0 653.0 235.0 128.0 235.0 
1 4 0.92 0.92 900.0 114.0 900.0 653.0 102.0 653.0 235.0 128.0 235.0 896.0 85.0 896.0 
1 5 0.94 0.94 900.0 114.0 900.0 653.0 102.0 653.0 235.0 128.0 235.0 896.0 85.0 896.0 799.0 17.0 799.0 
1 6 0.96 0.96 900.0 114.0 900.0 653.0 102.0 653.0 235.0 128.0 235.0 896.0 85.0 896.0 799.0 17.0 799.0 480.0 11.0 480.0 
1 2 0.33 0.33 978.0 189.0 978.0 108.0 15.0 108.0 
1 3 0.35 0.35 978.0 189.0 978.0 108.0 15.0 108.0 374.0 10.0 374.0 
1 4 0.58 0.58 978.0 189.0 978.0 108.0 15.0 108.0 374.0 10.0 374.0 885.0 196.0 885.0 
1 5 0.68 0.68 978.0 189.0 978.0 108.0 15.0 108.0 374.0 10.0 374.0 885.0 196.0 885.0 976.0 105.0 976.0 
1 2 0.89 0.89 724.0 274.0 724.0 447.0 230.0 447.0 
1 3 0.89 0.89 724.0 274.0 724.0 447.0 230.0 447.0 794.0 3.0 794.0 
1 2 0.85 0.85 166.0 25.0 166.0 206.0 145.0 206.0 
1 2 0.68 0.68 684.0 377.0 684.0 296.0 41.0 296.0 
1 3 0.87 0.87 684.0 377.0 684.0 296.0 41.0 296.0 22.0 4.0 22.0 
1 2 0.24 0.24 515.0 96.0 515.0 645.0 41.0 645.0 
1 3 0.47 0.47 515.0 96.0 515.0 645.0 41.0 645.0 154.0 35.0 154.0 
1 4 0.57 0.57 515.0 96.0 515.0 645.0 41.0 645.0 154.0 35.0 154.0 259.0 26.0 259.0 
1 2 0.73 0.73 335.0 202.0 335.0 855.0 114.0 855.0 
1 2 0.48 0.48 229.0 3.0 229.0 527.0 249.0 527.0 
1 3 0.73 0.73 229.0 3.0 229.0 527.0 249.0 527.0 876.0 218.0 876.0 
1 2 0.08 0.08 30.0 1.0 30.0 246.0 12.0 246.0 
1 3 0.26 0.26 30.0 1.0 30.0 246.0 12.0 246.0 257.0 46.0 257.0 
1 4 0.87 0.87 30.0 1.0 30.0 246.0 12.0 246.0 257.0 46.0 257.0 655.0 405.0 655.0 
1 2 0.74 0.74 901.0 127.0 901.0 508.0 306.0 508.0 
1 2 0.68 0.68 378.0 222.0 378.0 621.0 63.0 621.0 
1 2 0.43 0.43 497.0 44.0 497.0 450.0 156.0 450.0 
1 3 0.5 0.5 497.0 44.0 497.0 450.0 156.0 450.0 848.0 55.0 848.0 
1 4 0.96 0.96 497.0 44.0 497.0 450.0 156.0 450.0 848.0 55.0 848.0 109.0 51.0 109.0 
1 2 0.45 0.45 345.0 39.0 345.0 667.0 227.0 667.0 
1 3 0.98 0.98 345.0 39.0 345.0 667.0 227.0 667.0 123.0 65.0 123.0 
1 2 0.52 0.52 590.0 237.0 590.0 800.0 96.0 800.0 
1 3 0.62 0.62 590.0 237.0 590.0 800.0 96.0 800.0 751.0 78.0 751.0 
1 4 0.67 0.67 590.0 237.0 590.0 800.0 96.0 800.0 751.0 78.0 751.0 535.0 24.0 535.0 
1 2 0.51 0.51 525.0 257.0 525.0 75.0 2.0 75.0 
1 2 0.56 0.56 230.0 98.0 230.0 178.0 24.0 178.0 
1 2 0.58 0.58 512.0 116.0 512.0 828.0 300.0 828.0 
1 3 0.68 0.68 512.0 116.0 512.0 828.0 300.0 828.0 41.0 4.0 41.0 
1 2 0.23 0.23 263.0 32.0 263.0 562.0 63.0 562.0 
1 3 0.75 0.75 263.0 32.0 263.0 562.0 63.0 562.0 554.0 287.0 554.0 
1 2 0.98 0.98 471.0 389.0 471.0 380.0 60.0 380.0 
1 2 0.15 0.15 593.0 66.0 593.0 86.0 4.0 86.0 
1 3 0.8 0.8 593.0 66.0 593.0 86.0 4.0 86.0 983.0 638.0 983.0 
1 4 0.97 0.97 593.0 66.0 593.0 86.0 4.0 86.0 983.0 638.0 983.0 150.0 25.0 150.0 
1 2 0.06 0.06 818.0 49.0 818.0 943.0 7.0 943.0 
1 3 0.52 0.52 818.0 49.0 818.0 943.0 7.0 943.0 838.0 386.0 838.0 
1 4 0.78 0.78 818.0 49.0 818.0 943.0 7.0 943.0 838.0 386.0 838.0 589.0 152.0 589.0 
1 5 0.96 0.96 818.0 49.0 818.0 943.0 7.0 943.0 838.0 386.0 838.0 589.0 152.0 589.0 931.0 166.0 931.0 
1 2 0.53 0.53 766.0 30.0 766.0 4.0 2.0 4.0 
1 3 0.57 0.57 766.0 30.0 766.0 4.0 2.0 4.0 127.0 4.0 127.0 
1 4 0.83 0.83 766.0 30.0 766.0 4.0 2.0 4.0 127.0 4.0 127.0 38.0 10.0 38.0 
1 5 0.87 0.87 766.0 30.0 766.0 4.0 2.0 4.0 127.0 4.0 127.0 38.0 10.0 38.0 323.0 14.0 323.0 
1 6 0.93 0.93 766.0 30.0 766.0 4.0 2.0 4.0 127.0 4.0 127.0 38.0 10.0 38.0 323.0 14.0 323.0 188.0 10.0 188.0 
1 2 0.8 0.8 830.0 331.0 830.0 322.0 130.0 322.0 
1 2 0.83 0.83 256.0 39.0 256.0 995.0 677.0 995.0 
1 3 0.88 0.88 256.0 39.0 256.0 995.0 677.0 995.0 182.0 10.0 182.0 
1 2 0.79 0.79 929.0 397.0 929.0 157.0 58.0 157.0 
1 2 0.54 0.54 234.0 55.0 234.0 679.0 209.0 679.0 
1 2 0.31 0.31 863.0 73.0 863.0 757.0 171.0 757.0 
1 3 0.68 0.68 863.0 73.0 863.0 757.0 171.0 757.0 173.0 64.0 173.0 
1 4 0.74 0.74 863.0 73.0 863.0 757.0 171.0 757.0 173.0 64.0 173.0 217.0 13.0 217.0 
1 5 0.83 0.83 863.0 73.0 863.0 757.0 171.0 757.0 173.0 64.0 173.0 217.0 13.0 217.0 607.0 55.0 607.0 
1 2 0.3 0.3 227.0 34.0 227.0 592.0 93.0 592.0 
1 3 0.38 0.38 227.0 34.0 227.0 592.0 93.0 592.0 394.0 30.0 394.0 
1 4 0.41 0.41 227.0 34.0 227.0 592.0 93.0 592.0 394.0 30.0 394.0 820.0 23.0 820.0 
1 5 0.77 0.77 227.0 34.0 227.0 592.0 93.0 592.0 394.0 30.0 394.0 820.0 23.0 820.0 309.0 113.0 309.0 
1 2 0.12 0.12 857.0 101.0 857.0 961.0 8.0 961.0 
1 3 0.55 0.55 857.0 101.0 857.0 961.0 8.0 961.0 263.0 112.0 263.0 
1 4 0.76 0.76 857.0 101.0 857.0 961.0 8.0 961.0 263.0 112.0 263.0 499.0 107.0 499.0 
1 5 0.88 0.88 857.0 101.0 857.0 961.0 8.0 961.0 263.0 112.0 263.0 499.0 107.0 499.0 574.0 70.0 574.0 
1 2 0.37 0.37 334.0 75.0 334.0 137.0 21.0 137.0 
1 3 0.49 0.49 334.0 75.0 334.0 137.0 21.0 137.0 74.0 9.0 74.0 
1 2 0.23 0.23 578.0 104.0 578.0 728.0 37.0 728.0 
1 3 0.66 0.66 578.0 104.0 578.0 728.0 37.0 728.0 271.0 119.0 271.0 
1 4 0.96 0.96 578.0 104.0 578.0 728.0 37.0 728.0 271.0 119.0 271.0 855.0 253.0 855.0 
1 2 0.64 0.64 245.0 23.0 245.0 499.0 277.0 499.0 
1 3 0.8 0.8 245.0 23.0 245.0 499.0 277.0 499.0 262.0 41.0 262.0 
1 2 0.75 0.75 224.0 150.0 224.0 134.0 11.0 134.0 
1 2 0.92 0.92 210.0 157.0 210.0 555.0 101.0 555.0 
1 3 0.99 0.99 210.0 157.0 210.0 555.0 101.0 555.0 746.0 49.0 746.0 
1 2 0.89 0.89 407.0 352.0 407.0 816.0 27.0 816.0 
1 2 0.36 0.36 38.0 8.0 38.0 518.0 80.0 518.0 
1 2 0.19 0.19 62.0 5.0 62.0 781.0 93.0 781.0 
1 2 0.49 0.49 627.0 31.0 627.0 699.0 313.0 699.0 
1 3 0.71 0.71 627.0 31.0 627.0 699.0 313.0 699.0 924.0 197.0 924.0 
1 2 0.62 0.62 34.0 8.0 34.0 239.0 92.0 239.0 
1 2 0.46 0.46 569.0 194.0 569.0 747.0 93.0 747.0 
1 3 0.6 0.6 569.0 194.0 569.0 747.0 93.0 747.0 36.0 5.0 36.0 
1 2 0.43 0.43 393.0 147.0 393.0 959.0 61.0 959.0 
1 3 0.78 0.78 393.0 147.0 393.0 959.0 61.0 959.0 617.0 214.0 617.0 
1 4 0.91 0.91 393.0 147.0 393.0 959.0 61.0 959.0 617.0 214.0 617.0 897.0 116.0 897.0 
1 2 0.79 0.79 214.0 33.0 214.0 195.0 125.0 195.0 
1 3 0.8 0.8 214.0 33.0 214.0 195.0 125.0 195.0 327.0 2.0 327.0 
1 2 0.47 0.47 41.0 13.0 41.0 513.0 79.0 513.0 
1 3 0.67 0.67 41.0 13.0 41.0 513.0 79.0 513.0 256.0 52.0 256.0 
1 4 0.92 0.92 41.0 13.0 41.0 513.0 79.0 513.0 256.0 52.0 256.0 247.0 61.0 247.0 
1 5 0.94 0.94 41.0 13.0 41.0 513.0 79.0 513.0 256.0 52.0 256.0 247.0 61.0 247.0 348.0 7.0 348.0 
1 2 0.14 0.14 228.0 25.0 228.0 897.0 32.0 897.0 
1 3 0.83 0.83 228.0 25.0 228.0 897.0 32.0 897.0 430.0 296.0 430.0 
1 2 0.32 0.32 921.0 283.0 921.0 459.0 9.0 459.0 
1 2 0.68 0.68 112.0 19.0 112.0 565.0 291.0 565.0 
1 3 0.88 0.88 112.0 19.0 112.0 565.0 291.0 565.0 412.0 82.0 412.0 
1 2 0.97 0.97 321.0 130.0 321.0 214.0 122.0 214.0 
1 2 0.42 0.42 442.0 74.0 442.0 839.0 220.0 839.0 
1 3 0.46 0.46 442.0 74.0 442.0 839.0 220.0 839.0 153.0 5.0 153.0 
1 2 0.79 0.79 46.0 2.0 46.0 942.0 705.0 942.0 
1 2 0.16 0.16 303.0 22.0 303.0 427.0 39.0 427.0 
1 3 0.65 0.65 303.0 22.0 303.0 427.0 39.0 427.0 375.0 183.0 375.0 
1 2 0.73 0.73 355.0 217.0 355.0 951.0 113.0 951.0 
1 3 0.96 0.96 355.0 217.0 355.0 951.0 113.0 951.0 977.0 226.0 977.0 
1 4 0.97 0.97 355.0 217.0 355.0 951.0 113.0 951.0 977.0 226.0 977.0 479.0 5.0 479.0 
1 2 0.14 0.14 231.0 17.0 231.0 129.0 9.0 129.0 
1 3 0.23 0.23 231.0 17.0 231.0 129.0 9.0 129.0 77.0 7.0 77.0 
1 4 0.33 0.33 231.0 17.0 231.0 129.0 9.0 129.0 77.0 7.0 77.0 513.0 50.0 513.0 
1 5 0.87 0.87 231.0 17.0 231.0 129.0 9.0 129.0 77.0 7.0 77.0 513.0 50.0 513.0 380.0 206.0 380.0 
1 6 0.88 0.88 231.0 17.0 231.0 129.0 9.0 129.0 77.0 7.0 77.0 513.0 50.0 513.0 380.0 206.0 380.0 621.0 10.0 621.0 
1 2 0.39 0.39 691.0 133.0 691.0 323.0 67.0 323.0 
1 3 0.48 0.48 691.0 133.0 691.0 323.0 67.0 323.0 544.0 48.0 544.0 
1 4 0.93 0.93 691.0 133.0 691.0 323.0 67.0 323.0 544.0 48.0 544.0 703.0 316.0 703.0 
1 5 0.99 0.99 691.0 133.0 691.0 323.0 67.0 323.0 544.0 48.0 544.0 703.0 316.0 703.0 908.0 55.0 908.0 
1 2 0.31 0.31 140.0 3.0 140.0 514.0 151.0 514.0 
1 3 0.87 0.87 140.0 3.0 140.0 514.0 151.0 514.0 887.0 499.0 887.0 
1 4 0.95 0.95 140.0 3.0 140.0 514.0 151.0 514.0 887.0 499.0 887.0 460.0 34.0 460.0 
1 5 0.97 0.97 140.0 3.0 140.0 514.0 151.0 514.0 887.0 499.0 887.0 460.0 34.0 460.0 584.0 16.0 584.0 
1 2 0.46 0.46 350.0 75.0 350.0 844.0 213.0 844.0 
1 3 0.63 0.63 350.0 75.0 350.0 844.0 213.0 844.0 6.0 1.0 6.0 
1 4 0.66 0.66 350.0 75.0 350.0 844.0 213.0 844.0 6.0 1.0 6.0 111.0 3.0 111.0 
1 2 0.5 0.5 753.0 301.0 753.0 694.0 70.0 694.0 
1 2 0.2 0.2 160.0 18.0 160.0 271.0 26.0 271.0 
1 3 0.38 0.38 160.0 18.0 160.0 271.0 26.0 271.0 153.0 27.0 153.0 
1 2 0.9 0.9 984.0 637.0 984.0 485.0 124.0 485.0 
1 2 0.72 0.72 544.0 67.0 544.0 978.0 585.0 978.0 
1 3 0.85 0.85 544.0 67.0 544.0 978.0 585.0 978.0 231.0 31.0 231.0 
1 2 0.16 0.16 537.0 44.0 537.0 60.0 5.0 60.0 
1 3 0.45 0.45 537.0 44.0 537.0 60.0 5.0 60.0 145.0 42.0 145.0 
1 4 0.56 0.56 537.0 44.0 537.0 60.0 5.0 60.0 145.0 42.0 145.0 452.0 52.0 452.0 
1 2 0.49 0.49 717.0 92.0 717.0 132.0 48.0 132.0 
1 3 0.79 0.79 717.0 92.0 717.0 132.0 48.0 132.0 150.0 46.0 150.0 
1 2 0.48 0.48 32.0 6.0 32.0 521.0 157.0 521.0 
1 3 0.58 0.58 32.0 6.0 32.0 521.0 157.0 521.0 769.0 75.0 769.0 
1 4 0.9 0.9 32.0 6.0 32.0 521.0 157.0 521.0 769.0 75.0 769.0 159.0 50.0 159.0 
1 2 0.49 0.49 753.0 225.0 753.0 319.0 63.0 319.0 
1 3 0.72 0.72 753.0 225.0 753.0 319.0 63.0 319.0 408.0 94.0 408.0 
1 4 0.78 0.78 753.0 225.0 753.0 319.0 63.0 319.0 408.0 94.0 408.0 672.0 38.0 672.0 
1 2 0.18 0.18 945.0 58.0 945.0 268.0 32.0 268.0 
1 3 0.56 0.56 945.0 58.0 945.0 268.0 32.0 268.0 759.0 293.0 759.0 
1 2 0.73 0.73 22.0 1.0 22.0 633.0 438.0 633.0 
1 2 0.35 0.35 41.0 2.0 41.0 971.0 301.0 971.0 
1 3 0.44 0.44 41.0 2.0 41.0 971.0 301.0 971.0 135.0 11.0 135.0 
1 4 0.92 0.92 41.0 2.0 41.0 971.0 301.0 971.0 135.0 11.0 135.0 129.0 63.0 129.0 
1 2 0.23 0.23 362.0 38.0 362.0 297.0 38.0 297.0 
1 3 0.88 0.88 362.0 38.0 362.0 297.0 38.0 297.0 653.0 428.0 653.0 
1 4 0.89 0.89 362.0 38.0 362.0 297.0 38.0 297.0 653.0 428.0 653.0 904.0 8.0 904.0 
1 2 0.26 0.26 926.0 87.0 926.0 383.0 66.0 383.0 
1 3 0.29 0.29 926.0 87.0 926.0 383.0 66.0 383.0 702.0 17.0 702.0 
1 4 0.86 0.86 926.0 87.0 926.0 383.0 66.0 383.0 702.0 17.0 702.0 456.0 264.0 456.0 
1 5 0.9 0.9 926.0 87.0 926.0 383.0 66.0 383.0 702.0 17.0 702.0 456.0 264.0 456.0 959.0 35.0 959.0 
1 2 0.39 0.39 537.0 70.0 537.0 571.0 149.0 571.0 
1 2 0.31 0.31 918.0 33.0 918.0 963.0 268.0 963.0 
1 3 0.36 0.36 918.0 33.0 918.0 963.0 268.0 963.0 340.0 17.0 340.0 
1 2 0.5 0.5 719.0 138.0 719.0 726.0 230.0 726.0 
1 2 0.57 0.57 906.0 164.0 906.0 274.0 108.0 274.0 
1 2 0.4 0.4 609.0 40.0 609.0 621.0 211.0 621.0 
1 3 0.54 0.54 609.0 40.0 609.0 621.0 211.0 621.0 70.0 10.0 70.0 
1 4 0.69 0.69 609.0 40.0 609.0 621.0 211.0 621.0 70.0 10.0 70.0 922.0 134.0 922.0 
1 2 0.43 0.43 402.0 145.0 402.0 993.0 72.0 993.0 
1 2 0.88 0.88 929.0 618.0 929.0 742.0 160.0 742.0 
1 2 0.82 0.82 25.0 17.0 25.0 878.0 126.0 878.0 
1 2 0.4 0.4 84.0 20.0 84.0 970.0 159.0 970.0 
1 3 0.51 0.51 84.0 20.0 84.0 970.0 159.0 970.0 211.0 23.0 211.0 
1 2 0.61 0.61 125.0 1.0 125.0 396.0 239.0 396.0 
1 3 0.68 0.68 125.0 1.0 125.0 396.0 239.0 396.0 709.0 50.0 709.0 
1 4 0.71 0.71 125.0 1.0 125.0 396.0 239.0 396.0 709.0 50.0 709.0 80.0 3.0 80.0 
1 2 0.8 0.8 821.0 482.0 821.0 56.0 12.0 56.0 
1 2 0.31 0.31 872.0 269.0 872.0 947.0 2.0 947.0 
1 2 0.75 0.75 37.0 3.0 37.0 169.0 114.0 169.0 
1 3 0.98 0.98 37.0 3.0 37.0 169.0 114.0 169.0 415.0 94.0 415.0 
1 2 0.41 0.41 372.0 100.0 372.0 770.0 115.0 770.0 
1 3 0.98 0.98 372.0 100.0 372.0 770.0 115.0 770.0 23.0 13.0 23.0 
1 2 0.62 0.62 560.0 108.0 560.0 906.0 390.0 906.0 
1 2 0.9 0.9 726.0 116.0 726.0 678.0 503.0 678.0 
1 3 0.97 0.97 726.0 116.0 726.0 678.0 503.0 678.0 333.0 23.0 333.0 
1 2 0.39 0.39 492.0 29.0 492.0 800.0 271.0 800.0 
1 2 0.69 0.69 164.0 20.0 164.0 703.0 400.0 703.0 
1 2 0.69 0.69 798.0 204.0 798.0 919.0 403.0 919.0 
1 3 0.75 0.75 798.0 204.0 798.0 919.0 403.0 919.0 813.0 53.0 813.0 
1 2 0.52 0.52 497.0 106.0 497.0 556.0 171.0 556.0 
1 2 0.95 0.95 126.0 95.0 126.0 978.0 198.0 978.0 
1 2 0.5 0.5 965.0 163.0 965.0 766.0 257.0 766.0 
1 2 0.76 0.76 758.0 8.0 758.0 686.0 515.0 686.0 
1 3 0.85 0.85 758.0 8.0 758.0 686.0 515.0 686.0 62.0 6.0 62.0 
1 4 0.98 0.98 758.0 8.0 758.0 686.0 515.0 686.0 62.0 6.0 62.0 953.0 117.0 953.0 
1 2 0.62 0.62 387.0 202.0 387.0 152.0 15.0 152.0 
1 2 0.33 0.33 879.0 123.0 879.0 980.0 191.0 980.0 
1 3 0.88 0.88 879.0 123.0 879.0 980.0 191.0 980.0 283.0 157.0 283.0 
1 2 0.6 0.6 400.0 198.0 400.0 35.0 4.0 35.0 
1 2 0.22 0.22 449.0 63.0 449.0 95.0 8.0 95.0 
1 3 0.42 0.42 449.0 63.0 449.0 95.0 8.0 95.0 840.0 165.0 840.0 
1 2 0.17 0.17 736.0 125.0 736.0 588.0 5.0 588.0 
1 3 0.42 0.42 736.0 125.0 736.0 588.0 5.0 588.0 189.0 47.0 189.0 
1 4 0.44 0.44 736.0 125.0 736.0 588.0 5.0 588.0 189.0 47.0 189.0 633.0 12.0 633.0 
1 5 0.55 0.55 736.0 125.0 736.0 588.0 5.0 588.0 189.0 47.0 189.0 633.0 12.0 633.0 488.0 53.0 488.0 
1 2 0.33 0.33 580.0 48.0 580.0 774.0 196.0 774.0 
1 3 0.81 0.81 580.0 48.0 580.0 774.0 196.0 774.0 678.0 322.0 678.0 
1 4 0.88 0.88 580.0 48.0 580.0 774.0 196.0 774.0 678.0 322.0 678.0 526.0 40.0 526.0 
1 2 0.36 0.36 518.0 128.0 518.0 183.0 22.0 183.0 
1 3 0.81 0.81 518.0 128.0 518.0 183.0 22.0 183.0 758.0 340.0 758.0 
1 4 0.85 0.85 518.0 128.0 518.0 183.0 22.0 183.0 758.0 340.0 758.0 259.0 11.0 259.0 
1 2 0.71 0.71 883.0 18.0 883.0 338.0 236.0 338.0 
1 2 0.41 0.41 425.0 154.0 425.0 420.0 21.0 420.0 
1 3 0.59 0.59 425.0 154.0 425.0 420.0 21.0 420.0 961.0 179.0 961.0 
1 4 0.92 0.92 425.0 154.0 425.0 420.0 21.0 420.0 961.0 179.0 961.0 615.0 201.0 615.0 
1 2 0.91 0.91 829.0 732.0 829.0 380.0 11.0 380.0 
1 2 0.08 0.08 843.0 23.0 843.0 597.0 34.0 597.0 
1 2 0.27 0.27 372.0 67.0 372.0 823.0 79.0 823.0 
1 3 0.92 0.92 372.0 67.0 372.0 823.0 79.0 823.0 164.0 107.0 164.0 
1 4 0.96 0.96 372.0 67.0 372.0 823.0 79.0 823.0 164.0 107.0 164.0 161.0 6.0 161.0 
1 2 0.88 0.88 272.0 172.0 272.0 943.0 242.0 943.0 
1 3 0.92 0.92 272.0 172.0 272.0 943.0 242.0 943.0 461.0 18.0 461.0 
1 2 0.84 0.84 537.0 28.0 537.0 166.0 131.0 166.0 
1 3 0.89 0.89 537.0 28.0 537.0 166.0 131.0 166.0 893.0 48.0 893.0 
1 2 0.66 0.66 169.0 50.0 169.0 843.0 314.0 843.0 
1 2 0.67 0.67 740.0 482.0 740.0 70.0 2.0 70.0 
1 2 0.72 0.72 547.0 55.0 547.0 714.0 448.0 714.0 
1 2 0.21 0.21 798.0 117.0 798.0 734.0 50.0 734.0 
1 3 0.43 0.43 798.0 117.0 798.0 734.0 50.0 734.0 583.0 131.0 583.0 
1 4 0.59 0.59 798.0 117.0 798.0 734.0 50.0 734.0 583.0 131.0 583.0 514.0 79.0 514.0 
1 2 0.65 0.65 460.0 177.0 460.0 929.0 255.0 929.0 
1 3 0.69 0.69 460.0 177.0 460.0 929.0 255.0 929.0 792.0 28.0 792.0 
1 2 0.87 0.87 589.0 58.0 589.0 436.0 338.0 436.0 
1 2 0.61 0.61 850.0 491.0 850.0 192.0 8.0 192.0 
1 2 0.51 0.51 952.0 419.0 952.0 1000.0 77.0 1000.0 
1 2 0.75 0.75 213.0 152.0 213.0 764.0 28.0 764.0 
1 2 0.71 0.71 170.0 6.0 170.0 136.0 92.0 136.0 
1 3 0.86 0.86 170.0 6.0 170.0 136.0 92.0 136.0 407.0 64.0 407.0 
1 4 0.89 0.89 170.0 6.0 170.0 136.0 92.0 136.0 407.0 64.0 407.0 623.0 14.0 623.0 
1 2 0.79 0.79 546.0 166.0 546.0 110.0 54.0 110.0 
1 2 0.8 0.8 523.0 392.0 523.0 297.0 16.0 297.0 
1 2 0.39 0.39 651.0 213.0 651.0 166.0 12.0 166.0 
1 3 0.47 0.47 651.0 213.0 651.0 166.0 12.0 166.0 887.0 67.0 887.0 
1 4 0.7 0.7 651.0 213.0 651.0 166.0 12.0 166.0 887.0 67.0 887.0 70.0 16.0 70.0 
1 5 0.73 0.73 651.0 213.0 651.0 166.0 12.0 166.0 887.0 67.0 887.0 70.0 16.0 70.0 488.0 14.0 488.0 
1 2 0.97 0.97 150.0 144.0 150.0 723.0 8.0 723.0 
1 2 0.7 0.7 606.0 121.0 606.0 920.0 463.0 920.0 
1 3 0.9 0.9 606.0 121.0 606.0 920.0 463.0 920.0 136.0 27.0 136.0 
1 2 0.58 0.58 729.0 151.0 729.0 168.0 64.0 168.0 
1 3 0.7 0.7 729.0 151.0 729.0 168.0 64.0 168.0 670.0 79.0 670.0 
1 2 0.38 0.38 301.0 101.0 301.0 413.0 20.0 413.0 
1 3 0.62 0.62 301.0 101.0 301.0 413.0 20.0 413.0 173.0 42.0 173.0 
1 4 0.81 0.81 301.0 101.0 301.0 413.0 20.0 413.0 173.0 42.0 173.0 637.0 123.0 637.0 
1 2 0.19 0.19 71.0 12.0 71.0 68.0 2.0 68.0 
1 3 0.2 0.2 71.0 12.0 71.0 68.0 2.0 68.0 659.0 2.0 659.0 
1 4 0.81 0.81 71.0 12.0 71.0 68.0 2.0 68.0 659.0 2.0 659.0 54.0 33.0 54.0 
1 2 0.05 0.05 497.0 19.0 497.0 372.0 7.0 372.0 
1 3 0.34 0.34 497.0 19.0 497.0 372.0 7.0 372.0 360.0 103.0 360.0 
1 4 0.49 0.49 497.0 19.0 497.0 372.0 7.0 372.0 360.0 103.0 360.0 68.0 10.0 68.0 
1 2 0.48 0.48 260.0 46.0 260.0 930.0 286.0 930.0 
1 3 0.53 0.53 260.0 46.0 260.0 930.0 286.0 930.0 467.0 25.0 467.0 
1 2 0.09 0.09 986.0 43.0 986.0 273.0 13.0 273.0 
1 3 0.13 0.13 986.0 43.0 986.0 273.0 13.0 273.0 148.0 7.0 148.0 
1 4 0.63 0.63 986.0 43.0 986.0 273.0 13.0 273.0 148.0 7.0 148.0 584.0 290.0 584.0 
1 2 0.52 0.52 801.0 215.0 801.0 581.0 148.0 581.0 
1 3 0.83 0.83 801.0 215.0 801.0 581.0 148.0 581.0 594.0 186.0 594.0 
1 2 0.52 0.52 550.0 83.0 550.0 288.0 108.0 288.0 
1 3 0.58 0.58 550.0 83.0 550.0 288.0 108.0 288.0 515.0 31.0 515.0 
1 4 0.78 0.78 550.0 83.0 550.0 288.0 108.0 288.0 515.0 31.0 515.0 334.0 67.0 334.0 
1 2 0.31 0.31 992.0 91.0 992.0 412.0 94.0 412.0 
1 3 0.67 0.67 992.0 91.0 992.0 412.0 94.0 412.0 678.0 241.0 678.0 
1 4 0.77 0.77 992.0 91.0 992.0 412.0 94.0 412.0 678.0 241.0 678.0 777.0 75.0 777.0 
1 2 0.55 0.55 232.0 94.0 232.0 136.0 21.0 136.0 
1 3 0.94 0.94 232.0 94.0 232.0 136.0 21.0 136.0 989.0 381.0 989.0 
1 2 0.49 0.49 35.0 17.0 35.0 428.0 3.0 428.0 
1 3 0.59 0.59 35.0 17.0 35.0 428.0 3.0 428.0 98.0 10.0 98.0 
1 4 0.96 0.96 35.0 17.0 35.0 428.0 3.0 428.0 98.0 10.0 98.0 218.0 80.0 218.0 
1 2 0.2 0.2 129.0 1.0 129.0 671.0 130.0 671.0 
1 3 0.96 0.96 129.0 1.0 129.0 671.0 130.0 671.0 277.0 212.0 277.0 
1 2 0.21 0.21 263.0 41.0 263.0 189.0 12.0 189.0 
1 3 0.25 0.25 263.0 41.0 263.0 189.0 12.0 189.0 451.0 17.0 451.0 
1 2 0.59 0.59 581.0 74.0 581.0 986.0 465.0 986.0 
1 3 0.73 0.73 581.0 74.0 581.0 986.0 465.0 986.0 44.0 6.0 44.0 
1 2 0.71 0.71 846.0 83.0 846.0 735.0 453.0 735.0 
1 3 0.72 0.72 846.0 83.0 846.0 735.0 453.0 735.0 529.0 3.0 529.0 
1 2 0.93 0.93 906.0 304.0 906.0 756.0 455.0 756.0 
1 2 0.78 0.78 822.0 464.0 822.0 871.0 193.0 871.0 
1 3 0.84 0.84 822.0 464.0 822.0 871.0 193.0 871.0 739.0 43.0 739.0 
1 2 0.23 0.23 14.0 1.0 14.0 639.0 107.0 639.0 
1 3 0.61 0.61 14.0 1.0 14.0 639.0 107.0 639.0 893.0 336.0 893.0 
1 4 0.83 0.83 14.0 1.0 14.0 639.0 107.0 639.0 893.0 336.0 893.0 962.0 212.0 962.0 
1 2 0.33 0.33 678.0 85.0 678.0 34.0 7.0 34.0 
1 3 0.56 0.56 678.0 85.0 678.0 34.0 7.0 34.0 883.0 204.0 883.0 
1 4 0.58 0.58 678.0 85.0 678.0 34.0 7.0 34.0 883.0 204.0 883.0 251.0 6.0 251.0 
1 5 0.79 0.79 678.0 85.0 678.0 34.0 7.0 34.0 883.0 204.0 883.0 251.0 6.0 251.0 416.0 87.0 416.0 
1 2 0.98 0.98 138.0 57.0 138.0 268.0 153.0 268.0 
1 3 0.99 0.99 138.0 57.0 138.0 268.0 153.0 268.0 378.0 5.0 378.0 
1 2 0.25 0.25 560.0 50.0 560.0 885.0 145.0 885.0 
1 3 0.55 0.55 560.0 50.0 560.0 885.0 145.0 885.0 113.0 34.0 113.0 
1 2 0.99 0.99 844.0 76.0 844.0 91.0 82.0 91.0 
1 2 0.74 0.74 995.0 235.0 995.0 324.0 164.0 324.0 
1 2 0.8 0.8 866.0 153.0 866.0 749.0 471.0 749.0 
1 3 0.88 0.88 866.0 153.0 866.0 749.0 471.0 749.0 50.0 4.0 50.0 
1 2 0.47 0.47 237.0 29.0 237.0 256.0 89.0 256.0 
1 3 0.52 0.52 237.0 29.0 237.0 256.0 89.0 256.0 704.0 40.0 704.0 
1 4 0.63 0.63 237.0 29.0 237.0 256.0 89.0 256.0 704.0 40.0 704.0 977.0 108.0 977.0 
1 5 0.8 0.8 237.0 29.0 237.0 256.0 89.0 256.0 704.0 40.0 704.0 977.0 108.0 977.0 576.0 99.0 576.0 
1 2 0.27 0.27 819.0 115.0 819.0 128.0 17.0 128.0 
1 3 0.89 0.89 819.0 115.0 819.0 128.0 17.0 128.0 252.0 156.0 252.0 
1 4 0.89 0.89 819.0 115.0 819.0 128.0 17.0 128.0 252.0 156.0 252.0 636.0 3.0 636.0 
1 2 0.68 0.68 838.0 405.0 838.0 995.0 204.0 995.0 
1 3 0.98 0.98 838.0 405.0 838.0 995.0 204.0 995.0 331.0 99.0 331.0 
1 2 0.37 0.37 513.0 34.0 513.0 612.0 188.0 612.0 
1 2 0.18 0.18 825.0 67.0 825.0 792.0 79.0 792.0 
1 3 0.36 0.36 825.0 67.0 825.0 792.0 79.0 792.0 699.0 127.0 699.0 
1 2 0.19 0.19 74.0 8.0 74.0 287.0 25.0 287.0 
1 3 0.38 0.38 74.0 8.0 74.0 287.0 25.0 287.0 575.0 107.0 575.0 
1 4 0.89 0.89 74.0 8.0 74.0 287.0 25.0 287.0 575.0 107.0 575.0 235.0 120.0 235.0 
1 5 0.9 0.9 74.0 8.0 74.0 287.0 25.0 287.0 575.0 107.0 575.0 235.0 120.0 235.0 183.0 3.0 183.0 
1 2 0.58 0.58 326.0 177.0 326.0 966.0 41.0 966.0 
1 2 0.4 0.4 616.0 30.0 616.0 859.0 305.0 859.0 
1 3 0.41 0.41 616.0 30.0 616.0 859.0 305.0 859.0 206.0 3.0 206.0 
1 4 0.81 0.81 616.0 30.0 616.0 859.0 305.0 859.0 206.0 3.0 206.0 450.0 180.0 450.0 
1 2 0.54 0.54 851.0 98.0 851.0 272.0 117.0 272.0 
1 3 0.99 0.99 851.0 98.0 851.0 272.0 117.0 272.0 248.0 112.0 248.0 
1 2 0.76 0.76 528.0 237.0 528.0 47.0 15.0 47.0 
1 2 0.38 0.38 418.0 93.0 418.0 629.0 100.0 629.0 
1 3 0.56 0.56 418.0 93.0 418.0 629.0 100.0 629.0 424.0 79.0 424.0 
1 2 0.9 0.9 604.0 497.0 604.0 269.0 21.0 269.0 
1 2 0.16 0.16 648.0 39.0 648.0 872.0 93.0 872.0 
1 3 0.9 0.9 648.0 39.0 648.0 872.0 93.0 872.0 837.0 617.0 837.0 
1 2 0.81 0.81 60.0 39.0 60.0 18.0 3.0 18.0 
1 2 0.08 0.08 202.0 8.0 202.0 821.0 37.0 821.0 
1 3 0.13 0.13 202.0 8.0 202.0 821.0 37.0 821.0 422.0 22.0 422.0 
1 4 0.27 0.27 202.0 8.0 202.0 821.0 37.0 821.0 422.0 22.0 422.0 574.0 81.0 574.0 
1 5 0.41 0.41 202.0 8.0 202.0 821.0 37.0 821.0 422.0 22.0 422.0 574.0 81.0 574.0 531.0 71.0 531.0 
1 6 0.67 0.67 202.0 8.0 202.0 821.0 37.0 821.0 422.0 22.0 422.0 574.0 81.0 574.0 531.0 71.0 531.0 860.0 223.0 860.0 
1 7 0.68 0.68 202.0 8.0 202.0 821.0 37.0 821.0 422.0 22.0 422.0 574.0 81.0 574.0 531.0 71.0 531.0 860.0 223.0 860.0 935.0 15.0 935.0 
1 2 0.14 0.14 189.0 21.0 189.0 232.0 9.0 232.0 
1 3 0.23 0.23 189.0 21.0 189.0 232.0 9.0 232.0 35.0 3.0 35.0 
1 4 0.51 0.51 189.0 21.0 189.0 232.0 9.0 232.0 35.0 3.0 35.0 788.0 221.0 788.0 
1 2 0.86 0.86 765.0 477.0 765.0 729.0 173.0 729.0 
1 3 0.91 0.91 765.0 477.0 765.0 729.0 173.0 729.0 887.0 52.0 887.0 
1 2 0.09 0.09 615.0 8.0 615.0 399.0 34.0 399.0 
1 3 0.7 0.7 615.0 8.0 615.0 399.0 34.0 399.0 416.0 253.0 416.0 
1 4 0.82 0.82 615.0 8.0 615.0 399.0 34.0 399.0 416.0 253.0 416.0 914.0 104.0 914.0 
1 2 0.87 0.87 61.0 4.0 61.0 678.0 551.0 678.0 
1 2 0.43 0.43 498.0 151.0 498.0 203.0 27.0 203.0 
1 2 0.33 0.33 18.0 6.0 18.0 888.0 3.0 888.0 
1 3 0.81 0.81 18.0 6.0 18.0 888.0 3.0 888.0 172.0 82.0 172.0 
1 4 0.83 0.83 18.0 6.0 18.0 888.0 3.0 888.0 172.0 82.0 172.0 885.0 19.0 885.0 
1 2 0.73 0.73 437.0 78.0 437.0 518.0 288.0 518.0 
1 2 0.3 0.3 570.0 91.0 570.0 965.0 142.0 965.0 
1 3 0.38 0.38 570.0 91.0 570.0 965.0 142.0 965.0 819.0 63.0 819.0 
1 4 0.46 0.46 570.0 91.0 570.0 965.0 142.0 965.0 819.0 63.0 819.0 280.0 24.0 280.0 
1 5 0.75 0.75 570.0 91.0 570.0 965.0 142.0 965.0 819.0 63.0 819.0 280.0 24.0 280.0 408.0 117.0 408.0 
1 6 0.75 0.75 570.0 91.0 570.0 965.0 142.0 965.0 819.0 63.0 819.0 280.0 24.0 280.0 408.0 117.0 408.0 827.0 1.0 827.0 
1 2 0.67 0.67 49.0 12.0 49.0 537.0 233.0 537.0 
1 3 0.81 0.81 49.0 12.0 49.0 537.0 233.0 537.0 524.0 72.0 524.0 
1 2 0.93 0.93 369.0 85.0 369.0 638.0 451.0 638.0 
1 2 0.97 0.97 819.0 353.0 819.0 109.0 59.0 109.0 
1 3 0.97 0.97 819.0 353.0 819.0 109.0 59.0 109.0 694.0 1.0 694.0 
1 2 0.88 0.88 644.0 408.0 644.0 239.0 59.0 239.0 
1 2 0.32 0.32 805.0 114.0 805.0 303.0 55.0 303.0 
1 3 0.54 0.54 805.0 114.0 805.0 303.0 55.0 303.0 533.0 120.0 533.0 
1 4 0.59 0.59 805.0 114.0 805.0 303.0 55.0 303.0 533.0 120.0 533.0 376.0 19.0 376.0 
1 5 0.94 0.94 805.0 114.0 805.0 303.0 55.0 303.0 533.0 120.0 533.0 376.0 19.0 376.0 621.0 218.0 621.0 
1 2 0.69 0.69 513.0 42.0 513.0 290.0 178.0 290.0 
1 2 0.7 0.7 334.0 108.0 334.0 988.0 375.0 988.0 
1 3 0.75 0.75 334.0 108.0 334.0 988.0 375.0 988.0 499.0 27.0 499.0 
1 4 0.8 0.8 334.0 108.0 334.0 988.0 375.0 988.0 499.0 27.0 499.0 415.0 20.0 415.0 
1 5 0.95 0.95 334.0 108.0 334.0 988.0 375.0 988.0 499.0 27.0 499.0 415.0 20.0 415.0 246.0 38.0 246.0 
1 2 0.61 0.61 21.0 12.0 21.0 394.0 18.0 394.0 
1 3 0.67 0.67 21.0 12.0 21.0 394.0 18.0 394.0 345.0 19.0 345.0 
1 4 0.97 0.97 21.0 12.0 21.0 394.0 18.0 394.0 345.0 19.0 345.0 629.0 188.0 629.0 
1 2 0.52 0.52 924.0 376.0 924.0 77.0 9.0 77.0 
1 3 0.81 0.81 924.0 376.0 924.0 77.0 9.0 77.0 969.0 283.0 969.0 
1 2 0.71 0.71 920.0 115.0 920.0 903.0 531.0 903.0 
1 2 0.66 0.66 688.0 218.0 688.0 181.0 63.0 181.0 
1 2 0.68 0.68 463.0 3.0 463.0 937.0 639.0 937.0 
1 2 0.53 0.53 730.0 190.0 730.0 208.0 57.0 208.0 
1 3 0.73 0.73 730.0 190.0 730.0 208.0 57.0 208.0 991.0 196.0 991.0 
1 2 0.42 0.42 448.0 183.0 448.0 730.0 9.0 730.0 
1 2 0.85 0.85 129.0 63.0 129.0 773.0 281.0 773.0 
1 3 0.98 0.98 129.0 63.0 129.0 773.0 281.0 773.0 257.0 33.0 257.0 
1 2 0.28 0.28 306.0 81.0 306.0 325.0 5.0 325.0 
1 2 0.24 0.24 776.0 182.0 776.0 964.0 11.0 964.0 
1 3 0.62 0.62 776.0 182.0 776.0 964.0 11.0 964.0 137.0 52.0 137.0 
1 2 0.97 0.97 102.0 55.0 102.0 487.0 210.0 487.0 
1 2 0.89 0.89 405.0 264.0 405.0 386.0 93.0 386.0 
1 2 0.84 0.84 137.0 33.0 137.0 197.0 119.0 197.0 
1 2 0.76 0.76 105.0 36.0 105.0 631.0 269.0 631.0 
1 2 0.5 0.5 621.0 72.0 621.0 235.0 91.0 235.0 
1 3 0.56 0.56 621.0 72.0 621.0 235.0 91.0 235.0 138.0 9.0 138.0 
1 2 0.53 0.53 16.0 5.0 16.0 524.0 118.0 524.0 
1 3 0.76 0.76 16.0 5.0 16.0 524.0 118.0 524.0 151.0 34.0 151.0 
1 2 0.13 0.13 250.0 27.0 250.0 39.0 1.0 39.0 
1 3 0.16 0.16 250.0 27.0 250.0 39.0 1.0 39.0 481.0 15.0 481.0 
1 4 0.25 0.25 250.0 27.0 250.0 39.0 1.0 39.0 481.0 15.0 481.0 555.0 51.0 555.0 
1 5 0.45 0.45 250.0 27.0 250.0 39.0 1.0 39.0 481.0 15.0 481.0 555.0 51.0 555.0 978.0 191.0 978.0 
1 6 0.61 0.61 250.0 27.0 250.0 39.0 1.0 39.0 481.0 15.0 481.0 555.0 51.0 555.0 978.0 191.0 978.0 37.0 6.0 37.0 
1 2 0.7 0.7 224.0 109.0 224.0 763.0 168.0 763.0 
1 2 0.57 0.57 262.0 144.0 262.0 69.0 2.0 69.0 
1 2 0.59 0.59 34.0 12.0 34.0 198.0 48.0 198.0 
1 2 0.0 0.0 922.0 6.0 922.0 651.0 1.0 651.0 
1 3 0.32 0.32 922.0 6.0 922.0 651.0 1.0 651.0 421.0 133.0 421.0 
1 4 0.91 0.91 922.0 6.0 922.0 651.0 1.0 651.0 421.0 133.0 421.0 309.0 184.0 309.0 
1 2 0.26 0.26 142.0 12.0 142.0 195.0 35.0 195.0 
1 3 0.27 0.27 142.0 12.0 142.0 195.0 35.0 195.0 197.0 2.0 197.0 
1 4 0.51 0.51 142.0 12.0 142.0 195.0 35.0 195.0 197.0 2.0 197.0 393.0 94.0 393.0 
1 2 0.52 0.52 32.0 12.0 32.0 388.0 59.0 388.0 
1 3 0.59 0.59 32.0 12.0 32.0 388.0 59.0 388.0 216.0 14.0 216.0 
1 2 0.28 0.28 19.0 2.0 19.0 103.0 19.0 103.0 
1 3 0.42 0.42 19.0 2.0 19.0 103.0 19.0 103.0 448.0 60.0 448.0 
1 4 0.52 0.52 19.0 2.0 19.0 103.0 19.0 103.0 448.0 60.0 448.0 869.0 89.0 869.0 
1 2 0.48 0.48 258.0 67.0 258.0 331.0 74.0 331.0 
1 3 0.49 0.49 258.0 67.0 258.0 331.0 74.0 331.0 961.0 15.0 961.0 
1 2 0.69 0.69 820.0 504.0 820.0 626.0 48.0 626.0 
1 2 0.34 0.34 571.0 10.0 571.0 442.0 144.0 442.0 
1 3 0.87 0.87 571.0 10.0 571.0 442.0 144.0 442.0 753.0 402.0 753.0 
1 2 0.68 0.68 210.0 100.0 210.0 991.0 204.0 991.0 
1 2 0.66 0.66 958.0 500.0 958.0 813.0 118.0 813.0 
1 2 0.79 0.79 685.0 3.0 685.0 195.0 155.0 195.0 
1 3 0.85 0.85 685.0 3.0 685.0 195.0 155.0 195.0 669.0 34.0 669.0 
1 2 0.76 0.76 99.0 64.0 99.0 635.0 73.0 635.0 
1 2 0.9 0.9 817.0 433.0 817.0 569.0 215.0 569.0 
1 2 0.6 0.6 328.0 98.0 328.0 111.0 34.0 111.0 
1 2 0.8 0.8 112.0 63.0 112.0 998.0 241.0 998.0 
1 2 0.85 0.85 83.0 54.0 83.0 10.0 2.0 10.0 
1 2 0.59 0.59 847.0 363.0 847.0 864.0 148.0 864.0 
1 3 0.77 0.77 847.0 363.0 847.0 864.0 148.0 864.0 100.0 18.0 100.0 
1 2 0.29 0.29 785.0 112.0 785.0 981.0 150.0 981.0 
1 3 0.52 0.52 785.0 112.0 785.0 981.0 150.0 981.0 202.0 46.0 202.0 
1 4 0.72 0.72 785.0 112.0 785.0 981.0 150.0 981.0 202.0 46.0 202.0 5.0 1.0 5.0 
1 5 0.86 0.86 785.0 112.0 785.0 981.0 150.0 981.0 202.0 46.0 202.0 5.0 1.0 5.0 629.0 86.0 629.0 
1 2 0.2 0.2 459.0 5.0 459.0 806.0 153.0 806.0 
1 3 0.39 0.39 459.0 5.0 459.0 806.0 153.0 806.0 62.0 12.0 62.0 
1 4 0.56 0.56 459.0 5.0 459.0 806.0 153.0 806.0 62.0 12.0 62.0 999.0 175.0 999.0 
1 5 0.63 0.63 459.0 5.0 459.0 806.0 153.0 806.0 62.0 12.0 62.0 999.0 175.0 999.0 612.0 43.0 612.0 
1 6 0.79 0.79 459.0 5.0 459.0 806.0 153.0 806.0 62.0 12.0 62.0 999.0 175.0 999.0 612.0 43.0 612.0 158.0 25.0 158.0 
1 7 0.87 0.87 459.0 5.0 459.0 806.0 153.0 806.0 62.0 12.0 62.0 999.0 175.0 999.0 612.0 43.0 612.0 158.0 25.0 158.0 608.0 45.0 608.0 
1 2 0.42 0.42 716.0 59.0 716.0 429.0 148.0 429.0 
1 3 0.45 0.45 716.0 59.0 716.0 429.0 148.0 429.0 786.0 22.0 786.0 
1 2 0.03 0.03 61.0 1.0 61.0 356.0 5.0 356.0 
1 3 0.04 0.04 61.0 1.0 61.0 356.0 5.0 356.0 646.0 12.0 646.0 
1 4 0.15 0.15 61.0 1.0 61.0 356.0 5.0 356.0 646.0 12.0 646.0 836.0 90.0 836.0 
1 5 0.41 0.41 61.0 1.0 61.0 356.0 5.0 356.0 646.0 12.0 646.0 836.0 90.0 836.0 357.0 93.0 357.0 
1 6 0.58 0.58 61.0 1.0 61.0 356.0 5.0 356.0 646.0 12.0 646.0 836.0 90.0 836.0 357.0 93.0 357.0 431.0 74.0 431.0 
1 7 0.97 0.97 61.0 1.0 61.0 356.0 5.0 356.0 646.0 12.0 646.0 836.0 90.0 836.0 357.0 93.0 357.0 431.0 74.0 431.0 541.0 210.0 541.0 
1 2 0.89 0.89 476.0 14.0 476.0 637.0 550.0 637.0 
1 2 0.89 0.89 44.0 39.0 44.0 839.0 4.0 839.0 
1 2 0.26 0.26 377.0 32.0 377.0 648.0 115.0 648.0 
1 3 0.52 0.52 377.0 32.0 377.0 648.0 115.0 648.0 163.0 43.0 163.0 
1 2 0.86 0.86 190.0 87.0 190.0 929.0 379.0 929.0 
1 2 0.78 0.78 817.0 309.0 817.0 532.0 219.0 532.0 
1 3 0.84 0.84 817.0 309.0 817.0 532.0 219.0 532.0 977.0 53.0 977.0 
1 2 0.7 0.7 313.0 29.0 313.0 588.0 359.0 588.0 
1 3 0.95 0.95 313.0 29.0 313.0 588.0 359.0 588.0 478.0 118.0 478.0 
1 2 0.35 0.35 235.0 57.0 235.0 303.0 34.0 303.0 
1 3 0.4 0.4 235.0 57.0 235.0 303.0 34.0 303.0 39.0 2.0 39.0 
1 4 0.82 0.82 235.0 57.0 235.0 303.0 34.0 303.0 39.0 2.0 39.0 137.0 57.0 137.0 
1 2 0.63 0.63 136.0 19.0 136.0 630.0 310.0 630.0 
1 2 0.38 0.38 854.0 46.0 854.0 890.0 294.0 890.0 
1 3 0.55 0.55 854.0 46.0 854.0 890.0 294.0 890.0 604.0 102.0 604.0 
1 4 0.69 0.69 854.0 46.0 854.0 890.0 294.0 890.0 604.0 102.0 604.0 28.0 4.0 28.0 
1 2 0.45 0.45 536.0 39.0 536.0 340.0 130.0 340.0 
1 3 0.74 0.74 536.0 39.0 536.0 340.0 130.0 340.0 765.0 222.0 765.0 
1 4 0.78 0.78 536.0 39.0 536.0 340.0 130.0 340.0 765.0 222.0 765.0 767.0 33.0 767.0 
1 2 0.54 0.54 941.0 482.0 941.0 769.0 24.0 769.0 
1 2 0.68 0.68 526.0 207.0 526.0 538.0 157.0 538.0 
1 2 0.77 0.77 187.0 9.0 187.0 132.0 96.0 132.0 
1 3 0.88 0.88 187.0 9.0 187.0 132.0 96.0 132.0 553.0 58.0 553.0 
1 4 0.98 0.98 187.0 9.0 187.0 132.0 96.0 132.0 553.0 58.0 553.0 98.0 10.0 98.0 
1 2 0.27 0.27 268.0 52.0 268.0 12.0 1.0 12.0 
1 3 0.39 0.39 268.0 52.0 268.0 12.0 1.0 12.0 781.0 93.0 781.0 
1 4 0.53 0.53 268.0 52.0 268.0 12.0 1.0 12.0 781.0 93.0 781.0 414.0 56.0 414.0 
1 5 0.62 0.62 268.0 52.0 268.0 12.0 1.0 12.0 781.0 93.0 781.0 414.0 56.0 414.0 237.0 22.0 237.0 
1 2 0.34 0.34 652.0 22.0 652.0 912.0 280.0 912.0 
1 3 0.51 0.51 652.0 22.0 652.0 912.0 280.0 912.0 515.0 90.0 515.0 
1 2 0.15 0.15 167.0 13.0 167.0 165.0 12.0 165.0 
1 3 0.24 0.24 167.0 13.0 167.0 165.0 12.0 165.0 213.0 20.0 213.0 
1 4 0.42 0.42 167.0 13.0 167.0 165.0 12.0 165.0 213.0 20.0 213.0 658.0 119.0 658.0 
1 5 0.63 0.63 167.0 13.0 167.0 165.0 12.0 165.0 213.0 20.0 213.0 658.0 119.0 658.0 14.0 3.0 14.0 
1 6 0.75 0.75 167.0 13.0 167.0 165.0 12.0 165.0 213.0 20.0 213.0 658.0 119.0 658.0 14.0 3.0 14.0 89.0 10.0 89.0 
1 7 0.98 0.98 167.0 13.0 167.0 165.0 12.0 165.0 213.0 20.0 213.0 658.0 119.0 658.0 14.0 3.0 14.0 89.0 10.0 89.0 644.0 147.0 644.0 
1 2 0.28 0.28 394.0 93.0 394.0 343.0 18.0 343.0 
1 3 0.29 0.29 394.0 93.0 394.0 343.0 18.0 343.0 312.0 2.0 312.0 
1 4 0.37 0.37 394.0 93.0 394.0 343.0 18.0 343.0 312.0 2.0 312.0 851.0 67.0 851.0 
1 5 0.91 0.91 394.0 93.0 394.0 343.0 18.0 343.0 312.0 2.0 312.0 851.0 67.0 851.0 295.0 160.0 295.0 
1 2 0.2 0.2 525.0 99.0 525.0 668.0 14.0 668.0 
1 3 0.49 0.49 525.0 99.0 525.0 668.0 14.0 668.0 333.0 94.0 333.0 
1 2 0.66 0.66 487.0 32.0 487.0 10.0 6.0 10.0 
1 3 0.67 0.67 487.0 32.0 487.0 10.0 6.0 10.0 640.0 3.0 640.0 
1 2 0.46 0.46 638.0 199.0 638.0 692.0 106.0 692.0 
1 3 0.54 0.54 638.0 199.0 638.0 692.0 106.0 692.0 992.0 81.0 992.0 
1 4 0.75 0.75 638.0 199.0 638.0 692.0 106.0 692.0 992.0 81.0 992.0 682.0 141.0 682.0 
1 2 0.91 0.91 933.0 541.0 933.0 24.0 8.0 24.0 
1 2 0.08 0.08 15.0 1.0 15.0 846.0 16.0 846.0 
1 3 0.19 0.19 15.0 1.0 15.0 846.0 16.0 846.0 9.0 1.0 9.0 
1 4 0.23 0.23 15.0 1.0 15.0 846.0 16.0 846.0 9.0 1.0 9.0 439.0 18.0 439.0 
1 5 0.39 0.39 15.0 1.0 15.0 846.0 16.0 846.0 9.0 1.0 9.0 439.0 18.0 439.0 162.0 25.0 162.0 
1 6 0.8 0.8 15.0 1.0 15.0 846.0 16.0 846.0 9.0 1.0 9.0 439.0 18.0 439.0 162.0 25.0 162.0 857.0 356.0 857.0 
1 2 0.73 0.73 424.0 166.0 424.0 210.0 73.0 210.0 
1 2 0.46 0.46 143.0 34.0 143.0 637.0 145.0 637.0 
1 3 0.62 0.62 143.0 34.0 143.0 637.0 145.0 637.0 675.0 107.0 675.0 
1 4 0.74 0.74 143.0 34.0 143.0 637.0 145.0 637.0 675.0 107.0 675.0 482.0 60.0 482.0 
1 2 0.98 0.98 267.0 19.0 267.0 938.0 861.0 938.0 
1 3 0.99 0.99 267.0 19.0 267.0 938.0 861.0 938.0 425.0 4.0 425.0 
1 2 0.95 0.95 951.0 138.0 951.0 473.0 384.0 473.0 
1 2 0.55 0.55 580.0 113.0 580.0 542.0 197.0 542.0 
1 3 0.87 0.87 580.0 113.0 580.0 542.0 197.0 542.0 287.0 92.0 287.0 
1 2 0.29 0.29 417.0 54.0 417.0 558.0 92.0 558.0 
1 3 0.37 0.37 417.0 54.0 417.0 558.0 92.0 558.0 62.0 5.0 62.0 
1 2 0.45 0.45 248.0 33.0 248.0 453.0 144.0 453.0 
1 3 0.5 0.5 248.0 33.0 248.0 453.0 144.0 453.0 572.0 33.0 572.0 
1 4 0.51 0.51 248.0 33.0 248.0 453.0 144.0 453.0 572.0 33.0 572.0 258.0 1.0 258.0 
1 5 0.58 0.58 248.0 33.0 248.0 453.0 144.0 453.0 572.0 33.0 572.0 258.0 1.0 258.0 643.0 44.0 643.0 
1 6 0.83 0.83 248.0 33.0 248.0 453.0 144.0 453.0 572.0 33.0 572.0 258.0 1.0 258.0 643.0 44.0 643.0 988.0 250.0 988.0 
1 2 0.44 0.44 302.0 81.0 302.0 888.0 157.0 888.0 
1 3 0.64 0.64 302.0 81.0 302.0 888.0 157.0 888.0 992.0 203.0 992.0 
1 4 0.66 0.66 302.0 81.0 302.0 888.0 157.0 888.0 992.0 203.0 992.0 427.0 6.0 427.0 
1 5 0.69 0.69 302.0 81.0 302.0 888.0 157.0 888.0 992.0 203.0 992.0 427.0 6.0 427.0 762.0 23.0 762.0 
1 6 0.82 0.82 302.0 81.0 302.0 888.0 157.0 888.0 992.0 203.0 992.0 427.0 6.0 427.0 762.0 23.0 762.0 756.0 102.0 756.0 
1 2 0.26 0.26 570.0 46.0 570.0 447.0 82.0 447.0 
1 3 0.9 0.9 570.0 46.0 570.0 447.0 82.0 447.0 467.0 297.0 467.0 
1 2 0.57 0.57 713.0 344.0 713.0 363.0 33.0 363.0 
1 3 0.65 0.65 713.0 344.0 713.0 363.0 33.0 363.0 667.0 56.0 667.0 
1 4 0.78 0.78 713.0 344.0 713.0 363.0 33.0 363.0 667.0 56.0 667.0 207.0 26.0 207.0 
1 2 0.55 0.55 176.0 2.0 176.0 508.0 277.0 508.0 
1 3 0.61 0.61 176.0 2.0 176.0 508.0 277.0 508.0 284.0 16.0 284.0 
1 2 0.53 0.53 904.0 130.0 904.0 181.0 70.0 181.0 
1 3 0.71 0.71 904.0 130.0 904.0 181.0 70.0 181.0 529.0 98.0 529.0 
1 4 0.93 0.93 904.0 130.0 904.0 181.0 70.0 181.0 529.0 98.0 529.0 786.0 171.0 786.0 
1 5 0.94 0.94 904.0 130.0 904.0 181.0 70.0 181.0 529.0 98.0 529.0 786.0 171.0 786.0 670.0 8.0 670.0 
1 2 0.52 0.52 956.0 148.0 956.0 781.0 287.0 781.0 
1 3 0.53 0.53 956.0 148.0 956.0 781.0 287.0 781.0 901.0 7.0 901.0 
1 4 0.66 0.66 956.0 148.0 956.0 781.0 287.0 781.0 901.0 7.0 901.0 816.0 113.0 816.0 
1 2 0.97 0.97 570.0 94.0 570.0 839.0 677.0 839.0 
1 2 0.37 0.37 374.0 81.0 374.0 983.0 154.0 983.0 
1 3 0.74 0.74 374.0 81.0 374.0 983.0 154.0 983.0 536.0 197.0 536.0 
1 4 0.76 0.76 374.0 81.0 374.0 983.0 154.0 983.0 536.0 197.0 536.0 240.0 7.0 240.0 
1 5 0.95 0.95 374.0 81.0 374.0 983.0 154.0 983.0 536.0 197.0 536.0 240.0 7.0 240.0 16.0 3.0 16.0 
1 2 0.75 0.75 239.0 155.0 239.0 945.0 104.0 945.0 
1 3 0.79 0.79 239.0 155.0 239.0 945.0 104.0 945.0 481.0 18.0 481.0 
1 4 0.88 0.88 239.0 155.0 239.0 945.0 104.0 945.0 481.0 18.0 481.0 80.0 7.0 80.0 
1 2 0.54 0.54 609.0 72.0 609.0 253.0 109.0 253.0 
1 2 0.14 0.14 330.0 38.0 330.0 580.0 19.0 580.0 
1 3 0.27 0.27 330.0 38.0 330.0 580.0 19.0 580.0 137.0 18.0 137.0 
1 2 0.66 0.66 556.0 276.0 556.0 239.0 40.0 239.0 
1 2 0.72 0.72 422.0 53.0 422.0 323.0 195.0 323.0 
1 2 0.32 0.32 197.0 40.0 197.0 493.0 61.0 493.0 
1 2 0.3 0.3 762.0 191.0 762.0 557.0 29.0 557.0 
1 3 0.34 0.34 762.0 191.0 762.0 557.0 29.0 557.0 451.0 21.0 451.0 
1 2 0.88 0.88 908.0 324.0 908.0 972.0 515.0 972.0 
1 2 0.64 0.64 10.0 1.0 10.0 24.0 13.0 24.0 
1 3 0.77 0.77 10.0 1.0 10.0 24.0 13.0 24.0 668.0 87.0 668.0 
1 4 0.83 0.83 10.0 1.0 10.0 24.0 13.0 24.0 668.0 87.0 668.0 557.0 33.0 557.0 
1 5 0.99 0.99 10.0 1.0 10.0 24.0 13.0 24.0 668.0 87.0 668.0 557.0 33.0 557.0 656.0 110.0 656.0 
1 2 0.88 0.88 17.0 3.0 17.0 133.0 94.0 133.0 
1 2 0.4 0.4 78.0 18.0 78.0 674.0 116.0 674.0 
1 3 0.47 0.47 78.0 18.0 78.0 674.0 116.0 674.0 611.0 43.0 611.0 
1 4 0.57 0.57 78.0 18.0 78.0 674.0 116.0 674.0 611.0 43.0 611.0 612.0 63.0 612.0 
1 2 0.24 0.24 87.0 6.0 87.0 669.0 120.0 669.0 
1 3 0.38 0.38 87.0 6.0 87.0 669.0 120.0 669.0 435.0 59.0 435.0 
1 4 0.53 0.53 87.0 6.0 87.0 669.0 120.0 669.0 435.0 59.0 435.0 982.0 144.0 982.0 
1 5 0.66 0.66 87.0 6.0 87.0 669.0 120.0 669.0 435.0 59.0 435.0 982.0 144.0 982.0 212.0 28.0 212.0 
1 6 0.8 0.8 87.0 6.0 87.0 669.0 120.0 669.0 435.0 59.0 435.0 982.0 144.0 982.0 212.0 28.0 212.0 964.0 141.0 964.0 
1 2 0.92 0.92 53.0 25.0 53.0 869.0 398.0 869.0 
1 2 0.18 0.18 201.0 31.0 201.0 623.0 17.0 623.0 
1 3 0.78 0.78 201.0 31.0 201.0 623.0 17.0 623.0 708.0 429.0 708.0 
1 4 0.94 0.94 201.0 31.0 201.0 623.0 17.0 623.0 708.0 429.0 708.0 297.0 47.0 297.0 
1 2 0.02 0.02 672.0 13.0 672.0 579.0 4.0 579.0 
1 3 0.09 0.09 672.0 13.0 672.0 579.0 4.0 579.0 44.0 3.0 44.0 
1 4 0.15 0.15 672.0 13.0 672.0 579.0 4.0 579.0 44.0 3.0 44.0 164.0 10.0 164.0 
1 5 0.47 0.47 672.0 13.0 672.0 579.0 4.0 579.0 44.0 3.0 44.0 164.0 10.0 164.0 851.0 269.0 851.0 
1 6 0.67 0.67 672.0 13.0 672.0 579.0 4.0 579.0 44.0 3.0 44.0 164.0 10.0 164.0 851.0 269.0 851.0 892.0 182.0 892.0 
1 7 0.81 0.81 672.0 13.0 672.0 579.0 4.0 579.0 44.0 3.0 44.0 164.0 10.0 164.0 851.0 269.0 851.0 892.0 182.0 892.0 419.0 58.0 419.0 
1 2 0.9 0.9 447.0 167.0 447.0 106.0 56.0 106.0 
1 3 0.99 0.99 447.0 167.0 447.0 106.0 56.0 106.0 613.0 60.0 613.0 
1 2 0.51 0.51 201.0 94.0 201.0 430.0 21.0 430.0 
1 3 0.75 0.75 201.0 94.0 201.0 430.0 21.0 430.0 785.0 185.0 785.0 
1 4 0.82 0.82 201.0 94.0 201.0 430.0 21.0 430.0 785.0 185.0 785.0 336.0 23.0 336.0 
1 2 0.42 0.42 155.0 54.0 155.0 734.0 53.0 734.0 
1 2 0.63 0.63 830.0 237.0 830.0 940.0 324.0 940.0 
1 3 0.64 0.64 830.0 237.0 830.0 940.0 324.0 940.0 373.0 6.0 373.0 
1 4 0.69 0.69 830.0 237.0 830.0 940.0 324.0 940.0 373.0 6.0 373.0 19.0 1.0 19.0 
1 5 0.9 0.9 830.0 237.0 830.0 940.0 324.0 940.0 373.0 6.0 373.0 19.0 1.0 19.0 615.0 125.0 615.0 
1 2 0.63 0.63 408.0 29.0 408.0 299.0 170.0 299.0 
1 2 0.54 0.54 106.0 55.0 106.0 33.0 1.0 33.0 
1 3 0.81 0.81 106.0 55.0 106.0 33.0 1.0 33.0 820.0 215.0 820.0 
1 4 0.94 0.94 106.0 55.0 106.0 33.0 1.0 33.0 820.0 215.0 820.0 313.0 42.0 313.0 
1 2 0.05 0.05 321.0 13.0 321.0 304.0 5.0 304.0 
1 3 0.24 0.24 321.0 13.0 321.0 304.0 5.0 304.0 16.0 3.0 16.0 
1 4 0.56 0.56 321.0 13.0 321.0 304.0 5.0 304.0 16.0 3.0 16.0 231.0 75.0 231.0 
1 5 0.94 0.94 321.0 13.0 321.0 304.0 5.0 304.0 16.0 3.0 16.0 231.0 75.0 231.0 529.0 197.0 529.0 
1 2 0.8 0.8 668.0 166.0 668.0 382.0 211.0 382.0 
1 2 0.58 0.58 474.0 246.0 474.0 302.0 20.0 302.0 
1 3 0.92 0.92 474.0 246.0 474.0 302.0 20.0 302.0 439.0 151.0 439.0 
1 4 0.93 0.93 474.0 246.0 474.0 302.0 20.0 302.0 439.0 151.0 439.0 433.0 1.0 433.0 
1 2 0.45 0.45 99.0 23.0 99.0 54.0 12.0 54.0 
1 3 0.86 0.86 99.0 23.0 99.0 54.0 12.0 54.0 776.0 319.0 776.0 
1 2 0.62 0.62 179.0 100.0 179.0 543.0 36.0 543.0 
1 3 0.94 0.94 179.0 100.0 179.0 543.0 36.0 543.0 187.0 59.0 187.0 
1 2 0.68 0.68 601.0 220.0 601.0 848.0 273.0 848.0 
1 2 0.79 0.79 188.0 48.0 188.0 437.0 235.0 437.0 
1 2 0.6 0.6 899.0 306.0 899.0 796.0 211.0 796.0 
1 2 0.66 0.66 859.0 442.0 859.0 78.0 12.0 78.0 
1 2 0.2 0.2 858.0 98.0 858.0 459.0 40.0 459.0 
1 2 0.39 0.39 544.0 137.0 544.0 148.0 21.0 148.0 
1 2 0.56 0.56 665.0 296.0 665.0 588.0 70.0 588.0 
1 2 0.58 0.58 692.0 212.0 692.0 906.0 256.0 906.0 
1 3 0.75 0.75 692.0 212.0 692.0 906.0 256.0 906.0 684.0 112.0 684.0 
1 4 0.9 0.9 692.0 212.0 692.0 906.0 256.0 906.0 684.0 112.0 684.0 682.0 101.0 682.0 
1 5 0.95 0.95 692.0 212.0 692.0 906.0 256.0 906.0 684.0 112.0 684.0 682.0 101.0 682.0 755.0 39.0 755.0 
1 2 0.77 0.77 89.0 12.0 89.0 11.0 7.0 11.0 
1 2 0.34 0.34 499.0 54.0 499.0 963.0 226.0 963.0 
1 3 0.81 0.81 499.0 54.0 499.0 963.0 226.0 963.0 687.0 322.0 687.0 
1 2 0.73 0.73 862.0 165.0 862.0 877.0 477.0 877.0 
1 2 0.52 0.52 915.0 298.0 915.0 20.0 4.0 20.0 
1 2 0.82 0.82 88.0 2.0 88.0 987.0 792.0 987.0 
1 3 0.89 0.89 88.0 2.0 88.0 987.0 792.0 987.0 179.0 12.0 179.0 
1 2 0.87 0.87 205.0 33.0 205.0 775.0 554.0 775.0 
1 3 0.91 0.91 205.0 33.0 205.0 775.0 554.0 775.0 363.0 14.0 363.0 
1 2 0.09 0.09 875.0 60.0 875.0 655.0 17.0 655.0 
1 3 0.26 0.26 875.0 60.0 875.0 655.0 17.0 655.0 411.0 69.0 411.0 
1 4 0.29 0.29 875.0 60.0 875.0 655.0 17.0 655.0 411.0 69.0 411.0 808.0 29.0 808.0 
1 5 0.8 0.8 875.0 60.0 875.0 655.0 17.0 655.0 411.0 69.0 411.0 808.0 29.0 808.0 126.0 64.0 126.0 
1 2 0.61 0.61 379.0 99.0 379.0 500.0 175.0 500.0 
1 3 0.86 0.86 379.0 99.0 379.0 500.0 175.0 500.0 513.0 132.0 513.0 
1 2 0.82 0.82 396.0 267.0 396.0 959.0 145.0 959.0 
1 2 0.98 0.98 257.0 85.0 257.0 49.0 32.0 49.0 
1 2 0.4 0.4 339.0 67.0 339.0 514.0 109.0 514.0 
1 3 0.74 0.74 339.0 67.0 339.0 514.0 109.0 514.0 719.0 241.0 719.0 
1 4 0.99 0.99 339.0 67.0 339.0 514.0 109.0 514.0 719.0 241.0 719.0 601.0 151.0 601.0 
1 2 0.21 0.21 544.0 55.0 544.0 642.0 71.0 642.0 
1 3 0.38 0.38 544.0 55.0 544.0 642.0 71.0 642.0 444.0 77.0 444.0 
1 2 0.49 0.49 708.0 116.0 708.0 204.0 68.0 204.0 
1 3 0.98 0.98 708.0 116.0 708.0 204.0 68.0 204.0 674.0 326.0 674.0 
1 2 0.61 0.61 90.0 43.0 90.0 670.0 89.0 670.0 
1 2 0.93 0.93 667.0 612.0 667.0 616.0 13.0 616.0 
1 2 0.89 0.89 778.0 419.0 778.0 468.0 166.0 468.0 
1 2 0.48 0.48 615.0 49.0 615.0 849.0 343.0 849.0 
1 3 0.49 0.49 615.0 49.0 615.0 849.0 343.0 849.0 284.0 3.0 284.0 
1 2 0.62 0.62 654.0 145.0 654.0 296.0 120.0 296.0 
1 2 0.38 0.38 731.0 131.0 731.0 429.0 88.0 429.0 
1 3 0.71 0.71 731.0 131.0 731.0 429.0 88.0 429.0 701.0 229.0 701.0 
1 2 0.64 0.64 192.0 20.0 192.0 607.0 331.0 607.0 
1 2 0.59 0.59 361.0 67.0 361.0 221.0 91.0 221.0 
1 2 0.91 0.91 334.0 214.0 334.0 111.0 31.0 111.0 
1 2 0.6 0.6 693.0 59.0 693.0 886.0 457.0 886.0 
1 3 0.62 0.62 693.0 59.0 693.0 886.0 457.0 886.0 565.0 11.0 565.0 
1 2 0.51 0.51 162.0 46.0 162.0 939.0 217.0 939.0 
1 2 0.35 0.35 81.0 28.0 81.0 895.0 8.0 895.0 
1 2 0.09 0.09 67.0 6.0 67.0 206.0 2.0 206.0 
1 3 0.15 0.15 67.0 6.0 67.0 206.0 2.0 206.0 597.0 33.0 597.0 
1 4 0.32 0.32 67.0 6.0 67.0 206.0 2.0 206.0 597.0 33.0 597.0 562.0 97.0 562.0 
1 2 0.63 0.63 340.0 182.0 340.0 505.0 52.0 505.0 
1 3 0.95 0.95 340.0 182.0 340.0 505.0 52.0 505.0 220.0 70.0 220.0 
1 2 0.56 0.56 820.0 209.0 820.0 787.0 243.0 787.0 
1 2 0.6 0.6 356.0 37.0 356.0 107.0 54.0 107.0 
