2 3 0.16 0.16 18.0 2.0 18.0 895.0 8.0 895.0 43.0 2.0 43.0 
2 4 0.66 0.66 18.0 2.0 18.0 895.0 8.0 895.0 43.0 2.0 43.0 201.0 100.0 201.0 
2 5 1.45 1.45 18.0 2.0 18.0 895.0 8.0 895.0 43.0 2.0 43.0 201.0 100.0 201.0 947.0 746.0 947.0 
2 6 1.55 1.55 18.0 2.0 18.0 895.0 8.0 895.0 43.0 2.0 43.0 201.0 100.0 201.0 947.0 746.0 947.0 671.0 71.0 671.0 
2 3 0.13 0.13 544.0 12.0 544.0 414.0 33.0 414.0 947.0 30.0 947.0 
2 4 0.47 0.47 544.0 12.0 544.0 414.0 33.0 414.0 947.0 30.0 947.0 826.0 282.0 826.0 
2 5 1.07 1.07 544.0 12.0 544.0 414.0 33.0 414.0 947.0 30.0 947.0 826.0 282.0 826.0 15.0 9.0 15.0 
2 6 1.21 1.21 544.0 12.0 544.0 414.0 33.0 414.0 947.0 30.0 947.0 826.0 282.0 826.0 15.0 9.0 15.0 43.0 6.0 43.0 
2 7 1.77 1.77 544.0 12.0 544.0 414.0 33.0 414.0 947.0 30.0 947.0 826.0 282.0 826.0 15.0 9.0 15.0 43.0 6.0 43.0 784.0 442.0 784.0 
2 3 0.09 0.09 806.0 12.0 806.0 699.0 46.0 699.0 954.0 15.0 954.0 
2 4 0.12 0.12 806.0 12.0 806.0 699.0 46.0 699.0 954.0 15.0 954.0 121.0 4.0 121.0 
2 5 0.29 0.29 806.0 12.0 806.0 699.0 46.0 699.0 954.0 15.0 954.0 121.0 4.0 121.0 129.0 21.0 129.0 
2 6 0.39 0.39 806.0 12.0 806.0 699.0 46.0 699.0 954.0 15.0 954.0 121.0 4.0 121.0 129.0 21.0 129.0 513.0 54.0 513.0 
2 7 0.67 0.67 806.0 12.0 806.0 699.0 46.0 699.0 954.0 15.0 954.0 121.0 4.0 121.0 129.0 21.0 129.0 513.0 54.0 513.0 800.0 223.0 800.0 
2 8 0.84 0.84 806.0 12.0 806.0 699.0 46.0 699.0 954.0 15.0 954.0 121.0 4.0 121.0 129.0 21.0 129.0 513.0 54.0 513.0 800.0 223.0 800.0 845.0 144.0 845.0 
2 9 0.94 0.94 806.0 12.0 806.0 699.0 46.0 699.0 954.0 15.0 954.0 121.0 4.0 121.0 129.0 21.0 129.0 513.0 54.0 513.0 800.0 223.0 800.0 845.0 144.0 845.0 503.0 50.0 503.0 
2 10 1.51 1.51 806.0 12.0 806.0 699.0 46.0 699.0 954.0 15.0 954.0 121.0 4.0 121.0 129.0 21.0 129.0 513.0 54.0 513.0 800.0 223.0 800.0 845.0 144.0 845.0 503.0 50.0 503.0 814.0 464.0 814.0 
2 11 1.58 1.58 806.0 12.0 806.0 699.0 46.0 699.0 954.0 15.0 954.0 121.0 4.0 121.0 129.0 21.0 129.0 513.0 54.0 513.0 800.0 223.0 800.0 845.0 144.0 845.0 503.0 50.0 503.0 814.0 464.0 814.0 556.0 40.0 556.0 
2 3 1.5 1.5 872.0 490.0 872.0 288.0 224.0 288.0 633.0 102.0 633.0 
2 4 1.93 1.93 872.0 490.0 872.0 288.0 224.0 288.0 633.0 102.0 633.0 521.0 227.0 521.0 
2 3 1.57 1.57 118.0 105.0 118.0 526.0 283.0 526.0 56.0 8.0 56.0 
2 3 1.35 1.35 502.0 390.0 502.0 201.0 113.0 201.0 58.0 1.0 58.0 
2 4 1.77 1.77 502.0 390.0 502.0 201.0 113.0 201.0 58.0 1.0 58.0 220.0 93.0 220.0 
2 3 1.58 1.58 960.0 341.0 960.0 823.0 480.0 823.0 926.0 602.0 926.0 
2 3 0.74 0.74 634.0 71.0 634.0 930.0 169.0 930.0 923.0 419.0 923.0 
2 4 0.83 0.83 634.0 71.0 634.0 930.0 169.0 930.0 923.0 419.0 923.0 281.0 25.0 281.0 
2 5 1.49 1.49 634.0 71.0 634.0 930.0 169.0 930.0 923.0 419.0 923.0 281.0 25.0 281.0 345.0 228.0 345.0 
2 3 0.75 0.75 237.0 78.0 237.0 128.0 38.0 128.0 445.0 57.0 445.0 
2 4 0.87 0.87 237.0 78.0 237.0 128.0 38.0 128.0 445.0 57.0 445.0 475.0 59.0 475.0 
2 5 1.08 1.08 237.0 78.0 237.0 128.0 38.0 128.0 445.0 57.0 445.0 475.0 59.0 475.0 314.0 66.0 314.0 
2 6 1.47 1.47 237.0 78.0 237.0 128.0 38.0 128.0 445.0 57.0 445.0 475.0 59.0 475.0 314.0 66.0 314.0 243.0 95.0 243.0 
2 7 1.52 1.52 237.0 78.0 237.0 128.0 38.0 128.0 445.0 57.0 445.0 475.0 59.0 475.0 314.0 66.0 314.0 243.0 95.0 243.0 590.0 27.0 590.0 
2 8 1.58 1.58 237.0 78.0 237.0 128.0 38.0 128.0 445.0 57.0 445.0 475.0 59.0 475.0 314.0 66.0 314.0 243.0 95.0 243.0 590.0 27.0 590.0 582.0 35.0 582.0 
2 9 1.61 1.61 237.0 78.0 237.0 128.0 38.0 128.0 445.0 57.0 445.0 475.0 59.0 475.0 314.0 66.0 314.0 243.0 95.0 243.0 590.0 27.0 590.0 582.0 35.0 582.0 262.0 7.0 262.0 
2 3 0.43 0.43 987.0 314.0 987.0 748.0 60.0 748.0 317.0 12.0 317.0 
2 4 0.51 0.51 987.0 314.0 987.0 748.0 60.0 748.0 317.0 12.0 317.0 51.0 4.0 51.0 
2 5 0.54 0.54 987.0 314.0 987.0 748.0 60.0 748.0 317.0 12.0 317.0 51.0 4.0 51.0 161.0 5.0 161.0 
2 6 0.55 0.55 987.0 314.0 987.0 748.0 60.0 748.0 317.0 12.0 317.0 51.0 4.0 51.0 161.0 5.0 161.0 590.0 6.0 590.0 
2 7 0.77 0.77 987.0 314.0 987.0 748.0 60.0 748.0 317.0 12.0 317.0 51.0 4.0 51.0 161.0 5.0 161.0 590.0 6.0 590.0 603.0 131.0 603.0 
2 8 0.86 0.86 987.0 314.0 987.0 748.0 60.0 748.0 317.0 12.0 317.0 51.0 4.0 51.0 161.0 5.0 161.0 590.0 6.0 590.0 603.0 131.0 603.0 414.0 37.0 414.0 
2 9 1.01 1.01 987.0 314.0 987.0 748.0 60.0 748.0 317.0 12.0 317.0 51.0 4.0 51.0 161.0 5.0 161.0 590.0 6.0 590.0 603.0 131.0 603.0 414.0 37.0 414.0 292.0 45.0 292.0 
2 10 1.38 1.38 987.0 314.0 987.0 748.0 60.0 748.0 317.0 12.0 317.0 51.0 4.0 51.0 161.0 5.0 161.0 590.0 6.0 590.0 603.0 131.0 603.0 414.0 37.0 414.0 292.0 45.0 292.0 601.0 223.0 601.0 
2 3 1.35 1.35 38.0 34.0 38.0 444.0 15.0 444.0 769.0 329.0 769.0 
2 4 1.68 1.68 38.0 34.0 38.0 444.0 15.0 444.0 769.0 329.0 769.0 9.0 3.0 9.0 
2 3 0.35 0.35 567.0 10.0 567.0 475.0 17.0 475.0 747.0 224.0 747.0 
2 4 0.57 0.57 567.0 10.0 567.0 475.0 17.0 475.0 747.0 224.0 747.0 751.0 166.0 751.0 
2 5 0.99 0.99 567.0 10.0 567.0 475.0 17.0 475.0 747.0 224.0 747.0 751.0 166.0 751.0 757.0 318.0 757.0 
2 6 1.02 1.02 567.0 10.0 567.0 475.0 17.0 475.0 747.0 224.0 747.0 751.0 166.0 751.0 757.0 318.0 757.0 94.0 3.0 94.0 
2 7 1.35 1.35 567.0 10.0 567.0 475.0 17.0 475.0 747.0 224.0 747.0 751.0 166.0 751.0 757.0 318.0 757.0 94.0 3.0 94.0 440.0 143.0 440.0 
2 3 0.41 0.41 732.0 17.0 732.0 664.0 243.0 664.0 553.0 17.0 553.0 
2 4 0.87 0.87 732.0 17.0 732.0 664.0 243.0 664.0 553.0 17.0 553.0 548.0 251.0 548.0 
2 5 1.24 1.24 732.0 17.0 732.0 664.0 243.0 664.0 553.0 17.0 553.0 548.0 251.0 548.0 212.0 77.0 212.0 
2 6 1.55 1.55 732.0 17.0 732.0 664.0 243.0 664.0 553.0 17.0 553.0 548.0 251.0 548.0 212.0 77.0 212.0 825.0 257.0 825.0 
2 7 1.62 1.62 732.0 17.0 732.0 664.0 243.0 664.0 553.0 17.0 553.0 548.0 251.0 548.0 212.0 77.0 212.0 825.0 257.0 825.0 951.0 72.0 951.0 
2 3 0.84 0.84 726.0 459.0 726.0 228.0 29.0 228.0 855.0 69.0 855.0 
2 4 1.39 1.39 726.0 459.0 726.0 228.0 29.0 228.0 855.0 69.0 855.0 614.0 341.0 614.0 
2 3 0.66 0.66 522.0 210.0 522.0 487.0 24.0 487.0 932.0 199.0 932.0 
2 4 0.7 0.7 522.0 210.0 522.0 487.0 24.0 487.0 932.0 199.0 932.0 528.0 22.0 528.0 
2 5 0.91 0.91 522.0 210.0 522.0 487.0 24.0 487.0 932.0 199.0 932.0 528.0 22.0 528.0 878.0 181.0 878.0 
2 6 1.42 1.42 522.0 210.0 522.0 487.0 24.0 487.0 932.0 199.0 932.0 528.0 22.0 528.0 878.0 181.0 878.0 969.0 500.0 969.0 
2 7 1.44 1.44 522.0 210.0 522.0 487.0 24.0 487.0 932.0 199.0 932.0 528.0 22.0 528.0 878.0 181.0 878.0 969.0 500.0 969.0 390.0 8.0 390.0 
2 8 1.6 1.6 522.0 210.0 522.0 487.0 24.0 487.0 932.0 199.0 932.0 528.0 22.0 528.0 878.0 181.0 878.0 969.0 500.0 969.0 390.0 8.0 390.0 216.0 33.0 216.0 
2 9 1.76 1.76 522.0 210.0 522.0 487.0 24.0 487.0 932.0 199.0 932.0 528.0 22.0 528.0 878.0 181.0 878.0 969.0 500.0 969.0 390.0 8.0 390.0 216.0 33.0 216.0 568.0 90.0 568.0 
2 3 1.4 1.4 584.0 7.0 584.0 394.0 365.0 394.0 625.0 290.0 625.0 
2 4 1.75 1.75 584.0 7.0 584.0 394.0 365.0 394.0 625.0 290.0 625.0 716.0 251.0 716.0 
2 5 1.97 1.97 584.0 7.0 584.0 394.0 365.0 394.0 625.0 290.0 625.0 716.0 251.0 716.0 836.0 188.0 836.0 
2 3 0.13 0.13 191.0 21.0 191.0 401.0 2.0 401.0 914.0 17.0 914.0 
2 4 0.22 0.22 191.0 21.0 191.0 401.0 2.0 401.0 914.0 17.0 914.0 502.0 48.0 502.0 
2 5 0.33 0.33 191.0 21.0 191.0 401.0 2.0 401.0 914.0 17.0 914.0 502.0 48.0 502.0 832.0 91.0 832.0 
2 6 0.45 0.45 191.0 21.0 191.0 401.0 2.0 401.0 914.0 17.0 914.0 502.0 48.0 502.0 832.0 91.0 832.0 849.0 97.0 849.0 
2 7 0.86 0.86 191.0 21.0 191.0 401.0 2.0 401.0 914.0 17.0 914.0 502.0 48.0 502.0 832.0 91.0 832.0 849.0 97.0 849.0 720.0 297.0 720.0 
2 8 1.09 1.09 191.0 21.0 191.0 401.0 2.0 401.0 914.0 17.0 914.0 502.0 48.0 502.0 832.0 91.0 832.0 849.0 97.0 849.0 720.0 297.0 720.0 904.0 205.0 904.0 
2 9 1.13 1.13 191.0 21.0 191.0 401.0 2.0 401.0 914.0 17.0 914.0 502.0 48.0 502.0 832.0 91.0 832.0 849.0 97.0 849.0 720.0 297.0 720.0 904.0 205.0 904.0 738.0 29.0 738.0 
2 10 1.22 1.22 191.0 21.0 191.0 401.0 2.0 401.0 914.0 17.0 914.0 502.0 48.0 502.0 832.0 91.0 832.0 849.0 97.0 849.0 720.0 297.0 720.0 904.0 205.0 904.0 738.0 29.0 738.0 834.0 75.0 834.0 
2 11 1.23 1.23 191.0 21.0 191.0 401.0 2.0 401.0 914.0 17.0 914.0 502.0 48.0 502.0 832.0 91.0 832.0 849.0 97.0 849.0 720.0 297.0 720.0 904.0 205.0 904.0 738.0 29.0 738.0 834.0 75.0 834.0 693.0 12.0 693.0 
2 12 1.52 1.52 191.0 21.0 191.0 401.0 2.0 401.0 914.0 17.0 914.0 502.0 48.0 502.0 832.0 91.0 832.0 849.0 97.0 849.0 720.0 297.0 720.0 904.0 205.0 904.0 738.0 29.0 738.0 834.0 75.0 834.0 693.0 12.0 693.0 411.0 116.0 411.0 
2 3 0.86 0.86 563.0 39.0 563.0 636.0 339.0 636.0 289.0 75.0 289.0 
2 4 1.08 1.08 563.0 39.0 563.0 636.0 339.0 636.0 289.0 75.0 289.0 568.0 124.0 568.0 
2 5 1.31 1.31 563.0 39.0 563.0 636.0 339.0 636.0 289.0 75.0 289.0 568.0 124.0 568.0 172.0 41.0 172.0 
2 6 1.73 1.73 563.0 39.0 563.0 636.0 339.0 636.0 289.0 75.0 289.0 568.0 124.0 568.0 172.0 41.0 172.0 68.0 28.0 68.0 
2 7 1.74 1.74 563.0 39.0 563.0 636.0 339.0 636.0 289.0 75.0 289.0 568.0 124.0 568.0 172.0 41.0 172.0 68.0 28.0 68.0 244.0 3.0 244.0 
2 3 1.07 1.07 878.0 512.0 878.0 577.0 176.0 577.0 593.0 109.0 593.0 
2 4 1.63 1.63 878.0 512.0 878.0 577.0 176.0 577.0 593.0 109.0 593.0 537.0 305.0 537.0 
2 5 1.98 1.98 878.0 512.0 878.0 577.0 176.0 577.0 593.0 109.0 593.0 537.0 305.0 537.0 548.0 189.0 548.0 
2 3 0.3 0.3 440.0 61.0 440.0 423.0 11.0 423.0 367.0 51.0 367.0 
2 4 0.47 0.47 440.0 61.0 440.0 423.0 11.0 423.0 367.0 51.0 367.0 689.0 119.0 689.0 
2 5 0.48 0.48 440.0 61.0 440.0 423.0 11.0 423.0 367.0 51.0 367.0 689.0 119.0 689.0 181.0 2.0 181.0 
2 6 1.03 1.03 440.0 61.0 440.0 423.0 11.0 423.0 367.0 51.0 367.0 689.0 119.0 689.0 181.0 2.0 181.0 89.0 49.0 89.0 
2 7 1.09 1.09 440.0 61.0 440.0 423.0 11.0 423.0 367.0 51.0 367.0 689.0 119.0 689.0 181.0 2.0 181.0 89.0 49.0 89.0 503.0 30.0 503.0 
2 8 1.96 1.96 440.0 61.0 440.0 423.0 11.0 423.0 367.0 51.0 367.0 689.0 119.0 689.0 181.0 2.0 181.0 89.0 49.0 89.0 503.0 30.0 503.0 685.0 591.0 685.0 
2 3 1.06 1.06 166.0 80.0 166.0 655.0 266.0 655.0 193.0 34.0 193.0 
2 4 1.65 1.65 166.0 80.0 166.0 655.0 266.0 655.0 193.0 34.0 193.0 760.0 451.0 760.0 
2 5 1.9 1.9 166.0 80.0 166.0 655.0 266.0 655.0 193.0 34.0 193.0 760.0 451.0 760.0 61.0 15.0 61.0 
2 6 1.98 1.98 166.0 80.0 166.0 655.0 266.0 655.0 193.0 34.0 193.0 760.0 451.0 760.0 61.0 15.0 61.0 244.0 20.0 244.0 
2 3 0.53 0.53 50.0 13.0 50.0 511.0 79.0 511.0 781.0 94.0 781.0 
2 4 0.66 0.66 50.0 13.0 50.0 511.0 79.0 511.0 781.0 94.0 781.0 685.0 88.0 685.0 
2 5 0.8 0.8 50.0 13.0 50.0 511.0 79.0 511.0 781.0 94.0 781.0 685.0 88.0 685.0 814.0 118.0 814.0 
2 6 0.83 0.83 50.0 13.0 50.0 511.0 79.0 511.0 781.0 94.0 781.0 685.0 88.0 685.0 814.0 118.0 814.0 32.0 1.0 32.0 
2 7 0.99 0.99 50.0 13.0 50.0 511.0 79.0 511.0 781.0 94.0 781.0 685.0 88.0 685.0 814.0 118.0 814.0 32.0 1.0 32.0 500.0 80.0 500.0 
2 8 1.34 1.34 50.0 13.0 50.0 511.0 79.0 511.0 781.0 94.0 781.0 685.0 88.0 685.0 814.0 118.0 814.0 32.0 1.0 32.0 500.0 80.0 500.0 193.0 66.0 193.0 
2 9 1.69 1.69 50.0 13.0 50.0 511.0 79.0 511.0 781.0 94.0 781.0 685.0 88.0 685.0 814.0 118.0 814.0 32.0 1.0 32.0 500.0 80.0 500.0 193.0 66.0 193.0 320.0 113.0 320.0 
2 10 1.89 1.89 50.0 13.0 50.0 511.0 79.0 511.0 781.0 94.0 781.0 685.0 88.0 685.0 814.0 118.0 814.0 32.0 1.0 32.0 500.0 80.0 500.0 193.0 66.0 193.0 320.0 113.0 320.0 25.0 5.0 25.0 
2 3 0.38 0.38 694.0 10.0 694.0 517.0 7.0 517.0 793.0 282.0 793.0 
2 4 1.17 1.17 694.0 10.0 694.0 517.0 7.0 517.0 793.0 282.0 793.0 389.0 309.0 389.0 
2 3 0.69 0.69 714.0 285.0 714.0 101.0 4.0 101.0 91.0 23.0 91.0 
2 4 1.31 1.31 714.0 285.0 714.0 101.0 4.0 101.0 91.0 23.0 91.0 199.0 125.0 199.0 
2 5 1.82 1.82 714.0 285.0 714.0 101.0 4.0 101.0 91.0 23.0 91.0 199.0 125.0 199.0 153.0 78.0 153.0 
2 6 1.95 1.95 714.0 285.0 714.0 101.0 4.0 101.0 91.0 23.0 91.0 199.0 125.0 199.0 153.0 78.0 153.0 976.0 119.0 976.0 
2 3 0.64 0.64 929.0 72.0 929.0 756.0 394.0 756.0 419.0 19.0 419.0 
2 4 1.33 1.33 929.0 72.0 929.0 756.0 394.0 756.0 419.0 19.0 419.0 790.0 543.0 790.0 
2 5 1.93 1.93 929.0 72.0 929.0 756.0 394.0 756.0 419.0 19.0 419.0 790.0 543.0 790.0 614.0 368.0 614.0 
2 3 1.66 1.66 443.0 371.0 443.0 626.0 12.0 626.0 684.0 553.0 684.0 
2 3 1.76 1.76 765.0 557.0 765.0 764.0 425.0 764.0 174.0 84.0 174.0 
2 3 1.5 1.5 839.0 737.0 839.0 761.0 280.0 761.0 515.0 134.0 515.0 
2 3 0.89 0.89 45.0 2.0 45.0 358.0 142.0 358.0 205.0 94.0 205.0 
2 4 1.1 1.1 45.0 2.0 45.0 358.0 142.0 358.0 205.0 94.0 205.0 215.0 44.0 215.0 
2 5 1.17 1.17 45.0 2.0 45.0 358.0 142.0 358.0 205.0 94.0 205.0 215.0 44.0 215.0 796.0 59.0 796.0 
2 6 1.71 1.71 45.0 2.0 45.0 358.0 142.0 358.0 205.0 94.0 205.0 215.0 44.0 215.0 796.0 59.0 796.0 442.0 239.0 442.0 
2 3 1.47 1.47 680.0 465.0 680.0 962.0 483.0 962.0 378.0 108.0 378.0 
2 4 1.72 1.72 680.0 465.0 680.0 962.0 483.0 962.0 378.0 108.0 378.0 906.0 227.0 906.0 
2 3 0.62 0.62 979.0 94.0 979.0 745.0 85.0 745.0 460.0 192.0 460.0 
2 4 0.65 0.65 979.0 94.0 979.0 745.0 85.0 745.0 460.0 192.0 460.0 765.0 20.0 765.0 
2 5 0.78 0.78 979.0 94.0 979.0 745.0 85.0 745.0 460.0 192.0 460.0 765.0 20.0 765.0 545.0 70.0 545.0 
2 6 0.83 0.83 979.0 94.0 979.0 745.0 85.0 745.0 460.0 192.0 460.0 765.0 20.0 765.0 545.0 70.0 545.0 872.0 49.0 872.0 
2 7 0.84 0.84 979.0 94.0 979.0 745.0 85.0 745.0 460.0 192.0 460.0 765.0 20.0 765.0 545.0 70.0 545.0 872.0 49.0 872.0 796.0 3.0 796.0 
2 8 1.13 1.13 979.0 94.0 979.0 745.0 85.0 745.0 460.0 192.0 460.0 765.0 20.0 765.0 545.0 70.0 545.0 872.0 49.0 872.0 796.0 3.0 796.0 719.0 214.0 719.0 
2 9 1.16 1.16 979.0 94.0 979.0 745.0 85.0 745.0 460.0 192.0 460.0 765.0 20.0 765.0 545.0 70.0 545.0 872.0 49.0 872.0 796.0 3.0 796.0 719.0 214.0 719.0 758.0 17.0 758.0 
2 10 1.33 1.33 979.0 94.0 979.0 745.0 85.0 745.0 460.0 192.0 460.0 765.0 20.0 765.0 545.0 70.0 545.0 872.0 49.0 872.0 796.0 3.0 796.0 719.0 214.0 719.0 758.0 17.0 758.0 302.0 51.0 302.0 
2 3 0.56 0.56 901.0 239.0 901.0 230.0 41.0 230.0 663.0 82.0 663.0 
2 4 0.67 0.67 901.0 239.0 901.0 230.0 41.0 230.0 663.0 82.0 663.0 597.0 66.0 597.0 
2 5 0.92 0.92 901.0 239.0 901.0 230.0 41.0 230.0 663.0 82.0 663.0 597.0 66.0 597.0 516.0 127.0 516.0 
2 6 1.32 1.32 901.0 239.0 901.0 230.0 41.0 230.0 663.0 82.0 663.0 597.0 66.0 597.0 516.0 127.0 516.0 969.0 385.0 969.0 
2 7 1.58 1.58 901.0 239.0 901.0 230.0 41.0 230.0 663.0 82.0 663.0 597.0 66.0 597.0 516.0 127.0 516.0 969.0 385.0 969.0 951.0 252.0 951.0 
2 3 1.09 1.09 978.0 855.0 978.0 799.0 171.0 799.0 492.0 1.0 492.0 
2 4 1.18 1.18 978.0 855.0 978.0 799.0 171.0 799.0 492.0 1.0 492.0 162.0 16.0 162.0 
2 5 1.37 1.37 978.0 855.0 978.0 799.0 171.0 799.0 492.0 1.0 492.0 162.0 16.0 162.0 548.0 103.0 548.0 
2 6 1.75 1.75 978.0 855.0 978.0 799.0 171.0 799.0 492.0 1.0 492.0 162.0 16.0 162.0 548.0 103.0 548.0 171.0 64.0 171.0 
2 3 0.7 0.7 842.0 261.0 842.0 862.0 164.0 862.0 370.0 76.0 370.0 
2 4 0.84 0.84 842.0 261.0 842.0 862.0 164.0 862.0 370.0 76.0 370.0 998.0 136.0 998.0 
2 5 1.19 1.19 842.0 261.0 842.0 862.0 164.0 862.0 370.0 76.0 370.0 998.0 136.0 998.0 947.0 333.0 947.0 
2 6 1.4 1.4 842.0 261.0 842.0 862.0 164.0 862.0 370.0 76.0 370.0 998.0 136.0 998.0 947.0 333.0 947.0 410.0 85.0 410.0 
2 3 0.92 0.92 835.0 327.0 835.0 303.0 80.0 303.0 818.0 218.0 818.0 
2 4 1.18 1.18 835.0 327.0 835.0 303.0 80.0 303.0 818.0 218.0 818.0 93.0 24.0 93.0 
2 5 1.48 1.48 835.0 327.0 835.0 303.0 80.0 303.0 818.0 218.0 818.0 93.0 24.0 93.0 979.0 303.0 979.0 
2 6 1.58 1.58 835.0 327.0 835.0 303.0 80.0 303.0 818.0 218.0 818.0 93.0 24.0 93.0 979.0 303.0 979.0 914.0 83.0 914.0 
2 7 1.96 1.96 835.0 327.0 835.0 303.0 80.0 303.0 818.0 218.0 818.0 93.0 24.0 93.0 979.0 303.0 979.0 914.0 83.0 914.0 914.0 352.0 914.0 
2 3 1.12 1.12 327.0 59.0 327.0 130.0 85.0 130.0 347.0 101.0 347.0 
2 4 1.2 1.2 327.0 59.0 327.0 130.0 85.0 130.0 347.0 101.0 347.0 274.0 21.0 274.0 
2 3 0.91 0.91 94.0 43.0 94.0 76.0 27.0 76.0 581.0 58.0 581.0 
2 4 1.18 1.18 94.0 43.0 94.0 76.0 27.0 76.0 581.0 58.0 581.0 155.0 42.0 155.0 
2 5 1.32 1.32 94.0 43.0 94.0 76.0 27.0 76.0 581.0 58.0 581.0 155.0 42.0 155.0 780.0 109.0 780.0 
2 6 1.42 1.42 94.0 43.0 94.0 76.0 27.0 76.0 581.0 58.0 581.0 155.0 42.0 155.0 780.0 109.0 780.0 20.0 2.0 20.0 
2 7 1.97 1.97 94.0 43.0 94.0 76.0 27.0 76.0 581.0 58.0 581.0 155.0 42.0 155.0 780.0 109.0 780.0 20.0 2.0 20.0 300.0 165.0 300.0 
2 3 0.66 0.66 525.0 74.0 525.0 268.0 25.0 268.0 7.0 3.0 7.0 
2 4 0.94 0.94 525.0 74.0 525.0 268.0 25.0 268.0 7.0 3.0 7.0 105.0 30.0 105.0 
2 5 1.28 1.28 525.0 74.0 525.0 268.0 25.0 268.0 7.0 3.0 7.0 105.0 30.0 105.0 503.0 170.0 503.0 
2 6 1.55 1.55 525.0 74.0 525.0 268.0 25.0 268.0 7.0 3.0 7.0 105.0 30.0 105.0 503.0 170.0 503.0 22.0 6.0 22.0 
2 7 1.67 1.67 525.0 74.0 525.0 268.0 25.0 268.0 7.0 3.0 7.0 105.0 30.0 105.0 503.0 170.0 503.0 22.0 6.0 22.0 34.0 4.0 34.0 
2 3 0.37 0.37 548.0 6.0 548.0 784.0 159.0 784.0 717.0 117.0 717.0 
2 4 0.48 0.48 548.0 6.0 548.0 784.0 159.0 784.0 717.0 117.0 717.0 855.0 95.0 855.0 
2 5 0.8 0.8 548.0 6.0 548.0 784.0 159.0 784.0 717.0 117.0 717.0 855.0 95.0 855.0 411.0 131.0 411.0 
2 6 0.84 0.84 548.0 6.0 548.0 784.0 159.0 784.0 717.0 117.0 717.0 855.0 95.0 855.0 411.0 131.0 411.0 945.0 32.0 945.0 
2 7 1.15 1.15 548.0 6.0 548.0 784.0 159.0 784.0 717.0 117.0 717.0 855.0 95.0 855.0 411.0 131.0 411.0 945.0 32.0 945.0 179.0 56.0 179.0 
2 8 1.29 1.29 548.0 6.0 548.0 784.0 159.0 784.0 717.0 117.0 717.0 855.0 95.0 855.0 411.0 131.0 411.0 945.0 32.0 945.0 179.0 56.0 179.0 467.0 66.0 467.0 
2 9 1.42 1.42 548.0 6.0 548.0 784.0 159.0 784.0 717.0 117.0 717.0 855.0 95.0 855.0 411.0 131.0 411.0 945.0 32.0 945.0 179.0 56.0 179.0 467.0 66.0 467.0 45.0 6.0 45.0 
2 10 1.64 1.64 548.0 6.0 548.0 784.0 159.0 784.0 717.0 117.0 717.0 855.0 95.0 855.0 411.0 131.0 411.0 945.0 32.0 945.0 179.0 56.0 179.0 467.0 66.0 467.0 45.0 6.0 45.0 598.0 129.0 598.0 
2 11 1.74 1.74 548.0 6.0 548.0 784.0 159.0 784.0 717.0 117.0 717.0 855.0 95.0 855.0 411.0 131.0 411.0 945.0 32.0 945.0 179.0 56.0 179.0 467.0 66.0 467.0 45.0 6.0 45.0 598.0 129.0 598.0 698.0 68.0 698.0 
2 3 1.0 1.0 429.0 138.0 429.0 368.0 239.0 368.0 477.0 18.0 477.0 
2 4 1.03 1.03 429.0 138.0 429.0 368.0 239.0 368.0 477.0 18.0 477.0 879.0 27.0 879.0 
2 5 1.38 1.38 429.0 138.0 429.0 368.0 239.0 368.0 477.0 18.0 477.0 879.0 27.0 879.0 520.0 178.0 520.0 
2 3 0.59 0.59 91.0 31.0 91.0 135.0 4.0 135.0 662.0 148.0 662.0 
2 4 1.21 1.21 91.0 31.0 91.0 135.0 4.0 135.0 662.0 148.0 662.0 867.0 536.0 867.0 
2 5 1.74 1.74 91.0 31.0 91.0 135.0 4.0 135.0 662.0 148.0 662.0 867.0 536.0 867.0 944.0 506.0 944.0 
2 6 1.98 1.98 91.0 31.0 91.0 135.0 4.0 135.0 662.0 148.0 662.0 867.0 536.0 867.0 944.0 506.0 944.0 237.0 56.0 237.0 
2 3 0.27 0.27 62.0 10.0 62.0 713.0 54.0 713.0 26.0 1.0 26.0 
2 4 0.79 0.79 62.0 10.0 62.0 713.0 54.0 713.0 26.0 1.0 26.0 321.0 167.0 321.0 
2 5 1.74 1.74 62.0 10.0 62.0 713.0 54.0 713.0 26.0 1.0 26.0 321.0 167.0 321.0 654.0 618.0 654.0 
2 6 1.86 1.86 62.0 10.0 62.0 713.0 54.0 713.0 26.0 1.0 26.0 321.0 167.0 321.0 654.0 618.0 654.0 140.0 17.0 140.0 
2 3 0.3 0.3 523.0 64.0 523.0 67.0 8.0 67.0 678.0 43.0 678.0 
2 4 0.7 0.7 523.0 64.0 523.0 67.0 8.0 67.0 678.0 43.0 678.0 91.0 36.0 91.0 
2 5 1.24 1.24 523.0 64.0 523.0 67.0 8.0 67.0 678.0 43.0 678.0 91.0 36.0 91.0 469.0 256.0 469.0 
2 6 1.51 1.51 523.0 64.0 523.0 67.0 8.0 67.0 678.0 43.0 678.0 91.0 36.0 91.0 469.0 256.0 469.0 127.0 34.0 127.0 
2 7 1.63 1.63 523.0 64.0 523.0 67.0 8.0 67.0 678.0 43.0 678.0 91.0 36.0 91.0 469.0 256.0 469.0 127.0 34.0 127.0 524.0 62.0 524.0 
2 8 1.66 1.66 523.0 64.0 523.0 67.0 8.0 67.0 678.0 43.0 678.0 91.0 36.0 91.0 469.0 256.0 469.0 127.0 34.0 127.0 524.0 62.0 524.0 514.0 16.0 514.0 
2 9 1.85 1.85 523.0 64.0 523.0 67.0 8.0 67.0 678.0 43.0 678.0 91.0 36.0 91.0 469.0 256.0 469.0 127.0 34.0 127.0 524.0 62.0 524.0 514.0 16.0 514.0 382.0 74.0 382.0 
2 10 1.9 1.9 523.0 64.0 523.0 67.0 8.0 67.0 678.0 43.0 678.0 91.0 36.0 91.0 469.0 256.0 469.0 127.0 34.0 127.0 524.0 62.0 524.0 514.0 16.0 514.0 382.0 74.0 382.0 442.0 19.0 442.0 
2 3 0.82 0.82 308.0 7.0 308.0 947.0 17.0 947.0 748.0 586.0 748.0 
2 4 1.04 1.04 308.0 7.0 308.0 947.0 17.0 947.0 748.0 586.0 748.0 963.0 214.0 963.0 
2 5 1.41 1.41 308.0 7.0 308.0 947.0 17.0 947.0 748.0 586.0 748.0 963.0 214.0 963.0 468.0 174.0 468.0 
2 3 0.79 0.79 989.0 579.0 989.0 295.0 2.0 295.0 738.0 147.0 738.0 
2 4 0.9 0.9 989.0 579.0 989.0 295.0 2.0 295.0 738.0 147.0 738.0 237.0 26.0 237.0 
2 5 1.05 1.05 989.0 579.0 989.0 295.0 2.0 295.0 738.0 147.0 738.0 237.0 26.0 237.0 712.0 110.0 712.0 
2 6 1.73 1.73 989.0 579.0 989.0 295.0 2.0 295.0 738.0 147.0 738.0 237.0 26.0 237.0 712.0 110.0 712.0 232.0 158.0 232.0 
2 7 1.87 1.87 989.0 579.0 989.0 295.0 2.0 295.0 738.0 147.0 738.0 237.0 26.0 237.0 712.0 110.0 712.0 232.0 158.0 232.0 598.0 85.0 598.0 
2 3 0.56 0.56 934.0 34.0 934.0 82.0 21.0 82.0 652.0 176.0 652.0 
2 4 0.86 0.86 934.0 34.0 934.0 82.0 21.0 82.0 652.0 176.0 652.0 586.0 178.0 586.0 
2 5 1.57 1.57 934.0 34.0 934.0 82.0 21.0 82.0 652.0 176.0 652.0 586.0 178.0 586.0 361.0 257.0 361.0 
2 6 1.58 1.58 934.0 34.0 934.0 82.0 21.0 82.0 652.0 176.0 652.0 586.0 178.0 586.0 361.0 257.0 361.0 791.0 9.0 791.0 
2 7 1.69 1.69 934.0 34.0 934.0 82.0 21.0 82.0 652.0 176.0 652.0 586.0 178.0 586.0 361.0 257.0 361.0 791.0 9.0 791.0 127.0 14.0 127.0 
2 8 1.82 1.82 934.0 34.0 934.0 82.0 21.0 82.0 652.0 176.0 652.0 586.0 178.0 586.0 361.0 257.0 361.0 791.0 9.0 791.0 127.0 14.0 127.0 760.0 96.0 760.0 
2 3 1.46 1.46 618.0 583.0 618.0 35.0 17.0 35.0 885.0 30.0 885.0 
2 4 1.5 1.5 618.0 583.0 618.0 35.0 17.0 35.0 885.0 30.0 885.0 557.0 26.0 557.0 
2 3 1.52 1.52 540.0 195.0 540.0 595.0 331.0 595.0 237.0 143.0 237.0 
2 4 1.53 1.53 540.0 195.0 540.0 595.0 331.0 595.0 237.0 143.0 237.0 980.0 14.0 980.0 
2 3 1.14 1.14 590.0 63.0 590.0 169.0 144.0 169.0 562.0 106.0 562.0 
2 4 1.9 1.9 590.0 63.0 590.0 169.0 144.0 169.0 562.0 106.0 562.0 675.0 509.0 675.0 
2 3 0.37 0.37 606.0 10.0 606.0 346.0 44.0 346.0 497.0 113.0 497.0 
2 4 0.49 0.49 606.0 10.0 606.0 346.0 44.0 346.0 497.0 113.0 497.0 708.0 87.0 708.0 
2 5 0.51 0.51 606.0 10.0 606.0 346.0 44.0 346.0 497.0 113.0 497.0 708.0 87.0 708.0 803.0 15.0 803.0 
2 6 1.37 1.37 606.0 10.0 606.0 346.0 44.0 346.0 497.0 113.0 497.0 708.0 87.0 708.0 803.0 15.0 803.0 668.0 575.0 668.0 
2 7 1.73 1.73 606.0 10.0 606.0 346.0 44.0 346.0 497.0 113.0 497.0 708.0 87.0 708.0 803.0 15.0 803.0 668.0 575.0 668.0 787.0 284.0 787.0 
2 8 1.73 1.73 606.0 10.0 606.0 346.0 44.0 346.0 497.0 113.0 497.0 708.0 87.0 708.0 803.0 15.0 803.0 668.0 575.0 668.0 787.0 284.0 787.0 714.0 3.0 714.0 
2 9 1.88 1.88 606.0 10.0 606.0 346.0 44.0 346.0 497.0 113.0 497.0 708.0 87.0 708.0 803.0 15.0 803.0 668.0 575.0 668.0 787.0 284.0 787.0 714.0 3.0 714.0 380.0 55.0 380.0 
2 3 0.37 0.37 751.0 126.0 751.0 8.0 1.0 8.0 332.0 27.0 332.0 
2 4 0.94 0.94 751.0 126.0 751.0 8.0 1.0 8.0 332.0 27.0 332.0 259.0 149.0 259.0 
2 5 1.04 1.04 751.0 126.0 751.0 8.0 1.0 8.0 332.0 27.0 332.0 259.0 149.0 259.0 288.0 28.0 288.0 
2 6 1.15 1.15 751.0 126.0 751.0 8.0 1.0 8.0 332.0 27.0 332.0 259.0 149.0 259.0 288.0 28.0 288.0 642.0 71.0 642.0 
2 7 1.28 1.28 751.0 126.0 751.0 8.0 1.0 8.0 332.0 27.0 332.0 259.0 149.0 259.0 288.0 28.0 288.0 642.0 71.0 642.0 352.0 45.0 352.0 
2 8 1.37 1.37 751.0 126.0 751.0 8.0 1.0 8.0 332.0 27.0 332.0 259.0 149.0 259.0 288.0 28.0 288.0 642.0 71.0 642.0 352.0 45.0 352.0 550.0 52.0 550.0 
2 9 1.43 1.43 751.0 126.0 751.0 8.0 1.0 8.0 332.0 27.0 332.0 259.0 149.0 259.0 288.0 28.0 288.0 642.0 71.0 642.0 352.0 45.0 352.0 550.0 52.0 550.0 19.0 1.0 19.0 
2 10 1.5 1.5 751.0 126.0 751.0 8.0 1.0 8.0 332.0 27.0 332.0 259.0 149.0 259.0 288.0 28.0 288.0 642.0 71.0 642.0 352.0 45.0 352.0 550.0 52.0 550.0 19.0 1.0 19.0 467.0 33.0 467.0 
2 3 1.88 1.88 555.0 230.0 555.0 462.0 254.0 462.0 840.0 775.0 840.0 
2 3 0.78 0.78 220.0 28.0 220.0 443.0 180.0 443.0 435.0 111.0 435.0 
2 4 1.45 1.45 220.0 28.0 220.0 443.0 180.0 443.0 435.0 111.0 435.0 978.0 651.0 978.0 
2 5 1.54 1.54 220.0 28.0 220.0 443.0 180.0 443.0 435.0 111.0 435.0 978.0 651.0 978.0 526.0 49.0 526.0 
2 6 1.6 1.6 220.0 28.0 220.0 443.0 180.0 443.0 435.0 111.0 435.0 978.0 651.0 978.0 526.0 49.0 526.0 742.0 42.0 742.0 
2 7 1.79 1.79 220.0 28.0 220.0 443.0 180.0 443.0 435.0 111.0 435.0 978.0 651.0 978.0 526.0 49.0 526.0 742.0 42.0 742.0 340.0 64.0 340.0 
2 8 1.93 1.93 220.0 28.0 220.0 443.0 180.0 443.0 435.0 111.0 435.0 978.0 651.0 978.0 526.0 49.0 526.0 742.0 42.0 742.0 340.0 64.0 340.0 485.0 67.0 485.0 
2 3 0.28 0.28 162.0 8.0 162.0 367.0 38.0 367.0 386.0 50.0 386.0 
2 4 0.28 0.28 162.0 8.0 162.0 367.0 38.0 367.0 386.0 50.0 386.0 669.0 5.0 669.0 
2 5 0.63 0.63 162.0 8.0 162.0 367.0 38.0 367.0 386.0 50.0 386.0 669.0 5.0 669.0 963.0 336.0 963.0 
2 6 0.73 0.73 162.0 8.0 162.0 367.0 38.0 367.0 386.0 50.0 386.0 669.0 5.0 669.0 963.0 336.0 963.0 169.0 17.0 169.0 
2 7 1.14 1.14 162.0 8.0 162.0 367.0 38.0 367.0 386.0 50.0 386.0 669.0 5.0 669.0 963.0 336.0 963.0 169.0 17.0 169.0 415.0 169.0 415.0 
2 8 1.39 1.39 162.0 8.0 162.0 367.0 38.0 367.0 386.0 50.0 386.0 669.0 5.0 669.0 963.0 336.0 963.0 169.0 17.0 169.0 415.0 169.0 415.0 950.0 240.0 950.0 
2 9 1.45 1.45 162.0 8.0 162.0 367.0 38.0 367.0 386.0 50.0 386.0 669.0 5.0 669.0 963.0 336.0 963.0 169.0 17.0 169.0 415.0 169.0 415.0 950.0 240.0 950.0 925.0 51.0 925.0 
2 3 1.79 1.79 651.0 612.0 651.0 743.0 206.0 743.0 160.0 93.0 160.0 
2 4 1.95 1.95 651.0 612.0 651.0 743.0 206.0 743.0 160.0 93.0 160.0 759.0 115.0 759.0 
2 3 0.46 0.46 707.0 103.0 707.0 392.0 12.0 392.0 966.0 275.0 966.0 
2 4 1.1 1.1 707.0 103.0 707.0 392.0 12.0 392.0 966.0 275.0 966.0 225.0 144.0 225.0 
2 5 1.65 1.65 707.0 103.0 707.0 392.0 12.0 392.0 966.0 275.0 966.0 225.0 144.0 225.0 342.0 191.0 342.0 
2 6 1.66 1.66 707.0 103.0 707.0 392.0 12.0 392.0 966.0 275.0 966.0 225.0 144.0 225.0 342.0 191.0 342.0 275.0 1.0 275.0 
2 7 1.91 1.91 707.0 103.0 707.0 392.0 12.0 392.0 966.0 275.0 966.0 225.0 144.0 225.0 342.0 191.0 342.0 275.0 1.0 275.0 568.0 141.0 568.0 
2 3 0.51 0.51 70.0 9.0 70.0 915.0 167.0 915.0 365.0 73.0 365.0 
2 4 0.88 0.88 70.0 9.0 70.0 915.0 167.0 915.0 365.0 73.0 365.0 201.0 76.0 201.0 
2 5 1.09 1.09 70.0 9.0 70.0 915.0 167.0 915.0 365.0 73.0 365.0 201.0 76.0 201.0 276.0 57.0 276.0 
2 6 1.61 1.61 70.0 9.0 70.0 915.0 167.0 915.0 365.0 73.0 365.0 201.0 76.0 201.0 276.0 57.0 276.0 546.0 281.0 546.0 
2 3 1.15 1.15 791.0 749.0 791.0 869.0 89.0 869.0 117.0 12.0 117.0 
2 4 1.99 1.99 791.0 749.0 791.0 869.0 89.0 869.0 117.0 12.0 117.0 496.0 420.0 496.0 
2 3 0.67 0.67 740.0 89.0 740.0 225.0 73.0 225.0 412.0 95.0 412.0 
2 4 1.17 1.17 740.0 89.0 740.0 225.0 73.0 225.0 412.0 95.0 412.0 285.0 142.0 285.0 
2 5 1.18 1.18 740.0 89.0 740.0 225.0 73.0 225.0 412.0 95.0 412.0 285.0 142.0 285.0 692.0 6.0 692.0 
2 6 1.3 1.3 740.0 89.0 740.0 225.0 73.0 225.0 412.0 95.0 412.0 285.0 142.0 285.0 692.0 6.0 692.0 917.0 111.0 917.0 
2 7 1.96 1.96 740.0 89.0 740.0 225.0 73.0 225.0 412.0 95.0 412.0 285.0 142.0 285.0 692.0 6.0 692.0 917.0 111.0 917.0 682.0 448.0 682.0 
2 3 0.23 0.23 224.0 38.0 224.0 567.0 35.0 567.0 282.0 1.0 282.0 
2 4 0.39 0.39 224.0 38.0 224.0 567.0 35.0 567.0 282.0 1.0 282.0 746.0 120.0 746.0 
2 5 1.35 1.35 224.0 38.0 224.0 567.0 35.0 567.0 282.0 1.0 282.0 746.0 120.0 746.0 184.0 177.0 184.0 
2 6 1.43 1.43 224.0 38.0 224.0 567.0 35.0 567.0 282.0 1.0 282.0 746.0 120.0 746.0 184.0 177.0 184.0 909.0 73.0 909.0 
2 7 1.94 1.94 224.0 38.0 224.0 567.0 35.0 567.0 282.0 1.0 282.0 746.0 120.0 746.0 184.0 177.0 184.0 909.0 73.0 909.0 659.0 332.0 659.0 
2 3 0.67 0.67 144.0 15.0 144.0 631.0 112.0 631.0 761.0 301.0 761.0 
2 4 0.74 0.74 144.0 15.0 144.0 631.0 112.0 631.0 761.0 301.0 761.0 895.0 60.0 895.0 
2 5 1.06 1.06 144.0 15.0 144.0 631.0 112.0 631.0 761.0 301.0 761.0 895.0 60.0 895.0 446.0 145.0 446.0 
2 6 1.84 1.84 144.0 15.0 144.0 631.0 112.0 631.0 761.0 301.0 761.0 895.0 60.0 895.0 446.0 145.0 446.0 781.0 603.0 781.0 
2 7 1.95 1.95 144.0 15.0 144.0 631.0 112.0 631.0 761.0 301.0 761.0 895.0 60.0 895.0 446.0 145.0 446.0 781.0 603.0 781.0 221.0 26.0 221.0 
2 3 0.52 0.52 739.0 17.0 739.0 32.0 4.0 32.0 811.0 303.0 811.0 
2 4 0.87 0.87 739.0 17.0 739.0 32.0 4.0 32.0 811.0 303.0 811.0 676.0 238.0 676.0 
2 5 1.87 1.87 739.0 17.0 739.0 32.0 4.0 32.0 811.0 303.0 811.0 676.0 238.0 676.0 158.0 158.0 158.0 
2 3 0.44 0.44 355.0 74.0 355.0 167.0 4.0 167.0 827.0 179.0 827.0 
2 4 0.49 0.49 355.0 74.0 355.0 167.0 4.0 167.0 827.0 179.0 827.0 291.0 12.0 291.0 
2 5 0.62 0.62 355.0 74.0 355.0 167.0 4.0 167.0 827.0 179.0 827.0 291.0 12.0 291.0 473.0 64.0 473.0 
2 6 1.06 1.06 355.0 74.0 355.0 167.0 4.0 167.0 827.0 179.0 827.0 291.0 12.0 291.0 473.0 64.0 473.0 764.0 336.0 764.0 
2 7 1.19 1.19 355.0 74.0 355.0 167.0 4.0 167.0 827.0 179.0 827.0 291.0 12.0 291.0 473.0 64.0 473.0 764.0 336.0 764.0 262.0 35.0 262.0 
2 8 1.72 1.72 355.0 74.0 355.0 167.0 4.0 167.0 827.0 179.0 827.0 291.0 12.0 291.0 473.0 64.0 473.0 764.0 336.0 764.0 262.0 35.0 262.0 356.0 188.0 356.0 
2 9 1.94 1.94 355.0 74.0 355.0 167.0 4.0 167.0 827.0 179.0 827.0 291.0 12.0 291.0 473.0 64.0 473.0 764.0 336.0 764.0 262.0 35.0 262.0 356.0 188.0 356.0 758.0 168.0 758.0 
2 3 1.16 1.16 939.0 148.0 939.0 724.0 101.0 724.0 112.0 97.0 112.0 
2 3 0.92 0.92 643.0 186.0 643.0 972.0 132.0 972.0 758.0 382.0 758.0 
2 4 1.24 1.24 643.0 186.0 643.0 972.0 132.0 972.0 758.0 382.0 758.0 449.0 140.0 449.0 
2 5 1.74 1.74 643.0 186.0 643.0 972.0 132.0 972.0 758.0 382.0 758.0 449.0 140.0 449.0 448.0 224.0 448.0 
2 3 1.19 1.19 934.0 224.0 934.0 935.0 728.0 935.0 671.0 120.0 671.0 
2 4 1.34 1.34 934.0 224.0 934.0 935.0 728.0 935.0 671.0 120.0 671.0 468.0 71.0 468.0 
2 5 1.37 1.37 934.0 224.0 934.0 935.0 728.0 935.0 671.0 120.0 671.0 468.0 71.0 468.0 813.0 22.0 813.0 
2 6 1.94 1.94 934.0 224.0 934.0 935.0 728.0 935.0 671.0 120.0 671.0 468.0 71.0 468.0 813.0 22.0 813.0 926.0 526.0 926.0 
2 3 1.68 1.68 225.0 171.0 225.0 624.0 229.0 624.0 57.0 32.0 57.0 
2 4 1.94 1.94 225.0 171.0 225.0 624.0 229.0 624.0 57.0 32.0 57.0 27.0 7.0 27.0 
2 3 0.45 0.45 713.0 127.0 713.0 222.0 18.0 222.0 271.0 52.0 271.0 
2 4 0.61 0.61 713.0 127.0 713.0 222.0 18.0 222.0 271.0 52.0 271.0 237.0 39.0 237.0 
2 5 0.65 0.65 713.0 127.0 713.0 222.0 18.0 222.0 271.0 52.0 271.0 237.0 39.0 237.0 715.0 31.0 715.0 
2 6 0.81 0.81 713.0 127.0 713.0 222.0 18.0 222.0 271.0 52.0 271.0 237.0 39.0 237.0 715.0 31.0 715.0 754.0 118.0 754.0 
2 7 0.86 0.86 713.0 127.0 713.0 222.0 18.0 222.0 271.0 52.0 271.0 237.0 39.0 237.0 715.0 31.0 715.0 754.0 118.0 754.0 532.0 24.0 532.0 
2 8 1.69 1.69 713.0 127.0 713.0 222.0 18.0 222.0 271.0 52.0 271.0 237.0 39.0 237.0 715.0 31.0 715.0 754.0 118.0 754.0 532.0 24.0 532.0 306.0 254.0 306.0 
2 3 1.27 1.27 552.0 490.0 552.0 52.0 5.0 52.0 434.0 128.0 434.0 
2 4 1.71 1.71 552.0 490.0 552.0 52.0 5.0 52.0 434.0 128.0 434.0 377.0 164.0 377.0 
2 3 1.67 1.67 260.0 226.0 260.0 829.0 99.0 829.0 617.0 426.0 617.0 
2 4 1.68 1.68 260.0 226.0 260.0 829.0 99.0 829.0 617.0 426.0 617.0 190.0 1.0 190.0 
2 3 0.83 0.83 528.0 22.0 528.0 974.0 255.0 974.0 955.0 506.0 955.0 
2 4 1.77 1.77 528.0 22.0 528.0 974.0 255.0 974.0 955.0 506.0 955.0 553.0 523.0 553.0 
2 3 1.04 1.04 92.0 12.0 92.0 603.0 150.0 603.0 6.0 4.0 6.0 
2 4 1.1 1.1 92.0 12.0 92.0 603.0 150.0 603.0 6.0 4.0 6.0 623.0 36.0 623.0 
2 5 1.35 1.35 92.0 12.0 92.0 603.0 150.0 603.0 6.0 4.0 6.0 623.0 36.0 623.0 501.0 126.0 501.0 
2 6 1.47 1.47 92.0 12.0 92.0 603.0 150.0 603.0 6.0 4.0 6.0 623.0 36.0 623.0 501.0 126.0 501.0 458.0 54.0 458.0 
2 7 1.7 1.7 92.0 12.0 92.0 603.0 150.0 603.0 6.0 4.0 6.0 623.0 36.0 623.0 501.0 126.0 501.0 458.0 54.0 458.0 739.0 172.0 739.0 
2 8 1.78 1.78 92.0 12.0 92.0 603.0 150.0 603.0 6.0 4.0 6.0 623.0 36.0 623.0 501.0 126.0 501.0 458.0 54.0 458.0 739.0 172.0 739.0 862.0 68.0 862.0 
2 9 1.98 1.98 92.0 12.0 92.0 603.0 150.0 603.0 6.0 4.0 6.0 623.0 36.0 623.0 501.0 126.0 501.0 458.0 54.0 458.0 739.0 172.0 739.0 862.0 68.0 862.0 605.0 119.0 605.0 
2 3 0.84 0.84 210.0 91.0 210.0 276.0 2.0 276.0 946.0 386.0 946.0 
2 4 1.05 1.05 210.0 91.0 210.0 276.0 2.0 276.0 946.0 386.0 946.0 263.0 55.0 263.0 
2 5 1.6 1.6 210.0 91.0 210.0 276.0 2.0 276.0 946.0 386.0 946.0 263.0 55.0 263.0 560.0 304.0 560.0 
2 3 1.37 1.37 540.0 160.0 540.0 202.0 92.0 202.0 406.0 253.0 406.0 
2 4 1.46 1.46 540.0 160.0 540.0 202.0 92.0 202.0 406.0 253.0 406.0 161.0 14.0 161.0 
2 5 1.7 1.7 540.0 160.0 540.0 202.0 92.0 202.0 406.0 253.0 406.0 161.0 14.0 161.0 227.0 56.0 227.0 
2 6 1.76 1.76 540.0 160.0 540.0 202.0 92.0 202.0 406.0 253.0 406.0 161.0 14.0 161.0 227.0 56.0 227.0 949.0 49.0 949.0 
2 7 1.78 1.78 540.0 160.0 540.0 202.0 92.0 202.0 406.0 253.0 406.0 161.0 14.0 161.0 227.0 56.0 227.0 949.0 49.0 949.0 704.0 20.0 704.0 
2 3 0.76 0.76 105.0 5.0 105.0 319.0 96.0 319.0 926.0 383.0 926.0 
2 4 1.18 1.18 105.0 5.0 105.0 319.0 96.0 319.0 926.0 383.0 926.0 694.0 295.0 694.0 
2 5 1.51 1.51 105.0 5.0 105.0 319.0 96.0 319.0 926.0 383.0 926.0 694.0 295.0 694.0 420.0 136.0 420.0 
2 6 1.79 1.79 105.0 5.0 105.0 319.0 96.0 319.0 926.0 383.0 926.0 694.0 295.0 694.0 420.0 136.0 420.0 164.0 46.0 164.0 
2 7 1.87 1.87 105.0 5.0 105.0 319.0 96.0 319.0 926.0 383.0 926.0 694.0 295.0 694.0 420.0 136.0 420.0 164.0 46.0 164.0 402.0 35.0 402.0 
2 3 0.73 0.73 726.0 12.0 726.0 784.0 460.0 784.0 293.0 38.0 293.0 
2 4 1.31 1.31 726.0 12.0 726.0 784.0 460.0 784.0 293.0 38.0 293.0 944.0 550.0 944.0 
2 5 1.55 1.55 726.0 12.0 726.0 784.0 460.0 784.0 293.0 38.0 293.0 944.0 550.0 944.0 55.0 13.0 55.0 
2 3 1.12 1.12 631.0 12.0 631.0 764.0 233.0 764.0 937.0 748.0 937.0 
2 4 1.19 1.19 631.0 12.0 631.0 764.0 233.0 764.0 937.0 748.0 937.0 287.0 22.0 287.0 
2 5 1.35 1.35 631.0 12.0 631.0 764.0 233.0 764.0 937.0 748.0 937.0 287.0 22.0 287.0 432.0 66.0 432.0 
2 6 1.6 1.6 631.0 12.0 631.0 764.0 233.0 764.0 937.0 748.0 937.0 287.0 22.0 287.0 432.0 66.0 432.0 864.0 221.0 864.0 
2 7 1.98 1.98 631.0 12.0 631.0 764.0 233.0 764.0 937.0 748.0 937.0 287.0 22.0 287.0 432.0 66.0 432.0 864.0 221.0 864.0 682.0 255.0 682.0 
2 3 0.85 0.85 599.0 133.0 599.0 472.0 228.0 472.0 144.0 21.0 144.0 
2 4 0.99 0.99 599.0 133.0 599.0 472.0 228.0 472.0 144.0 21.0 144.0 842.0 123.0 842.0 
2 5 1.97 1.97 599.0 133.0 599.0 472.0 228.0 472.0 144.0 21.0 144.0 842.0 123.0 842.0 112.0 110.0 112.0 
2 3 0.96 0.96 435.0 216.0 435.0 821.0 339.0 821.0 68.0 4.0 68.0 
2 4 1.39 1.39 435.0 216.0 435.0 821.0 339.0 821.0 68.0 4.0 68.0 537.0 229.0 537.0 
2 5 1.52 1.52 435.0 216.0 435.0 821.0 339.0 821.0 68.0 4.0 68.0 537.0 229.0 537.0 15.0 2.0 15.0 
2 6 1.7 1.7 435.0 216.0 435.0 821.0 339.0 821.0 68.0 4.0 68.0 537.0 229.0 537.0 15.0 2.0 15.0 675.0 117.0 675.0 
2 3 1.23 1.23 589.0 348.0 589.0 781.0 30.0 781.0 847.0 516.0 847.0 
2 4 1.34 1.34 589.0 348.0 589.0 781.0 30.0 781.0 847.0 516.0 847.0 55.0 6.0 55.0 
2 5 1.6 1.6 589.0 348.0 589.0 781.0 30.0 781.0 847.0 516.0 847.0 55.0 6.0 55.0 666.0 172.0 666.0 
2 3 1.15 1.15 416.0 201.0 416.0 308.0 85.0 308.0 51.0 20.0 51.0 
2 4 1.77 1.77 416.0 201.0 416.0 308.0 85.0 308.0 51.0 20.0 51.0 698.0 438.0 698.0 
2 3 0.94 0.94 399.0 27.0 399.0 253.0 83.0 253.0 250.0 138.0 250.0 
2 4 1.25 1.25 399.0 27.0 399.0 253.0 83.0 253.0 250.0 138.0 250.0 543.0 167.0 543.0 
2 5 1.51 1.51 399.0 27.0 399.0 253.0 83.0 253.0 250.0 138.0 250.0 543.0 167.0 543.0 651.0 168.0 651.0 
2 3 1.71 1.71 743.0 114.0 743.0 665.0 553.0 665.0 822.0 603.0 822.0 
2 4 1.87 1.87 743.0 114.0 743.0 665.0 553.0 665.0 822.0 603.0 822.0 757.0 119.0 757.0 
2 3 0.71 0.71 23.0 3.0 23.0 71.0 41.0 71.0 526.0 6.0 526.0 
2 4 0.93 0.93 23.0 3.0 23.0 71.0 41.0 71.0 526.0 6.0 526.0 245.0 54.0 245.0 
2 5 1.83 1.83 23.0 3.0 23.0 71.0 41.0 71.0 526.0 6.0 526.0 245.0 54.0 245.0 145.0 130.0 145.0 
2 6 1.93 1.93 23.0 3.0 23.0 71.0 41.0 71.0 526.0 6.0 526.0 245.0 54.0 245.0 145.0 130.0 145.0 190.0 18.0 190.0 
2 3 0.96 0.96 247.0 50.0 247.0 222.0 16.0 222.0 97.0 67.0 97.0 
2 4 1.0 1.0 247.0 50.0 247.0 222.0 16.0 222.0 97.0 67.0 97.0 380.0 15.0 380.0 
2 5 1.69 1.69 247.0 50.0 247.0 222.0 16.0 222.0 97.0 67.0 97.0 380.0 15.0 380.0 180.0 125.0 180.0 
2 6 1.7 1.7 247.0 50.0 247.0 222.0 16.0 222.0 97.0 67.0 97.0 380.0 15.0 380.0 180.0 125.0 180.0 197.0 1.0 197.0 
2 7 1.78 1.78 247.0 50.0 247.0 222.0 16.0 222.0 97.0 67.0 97.0 380.0 15.0 380.0 180.0 125.0 180.0 197.0 1.0 197.0 178.0 15.0 178.0 
2 3 1.13 1.13 721.0 594.0 721.0 198.0 61.0 198.0 663.0 2.0 663.0 
2 3 0.28 0.28 931.0 11.0 931.0 648.0 153.0 648.0 622.0 25.0 622.0 
2 4 0.48 0.48 931.0 11.0 931.0 648.0 153.0 648.0 622.0 25.0 622.0 5.0 1.0 5.0 
2 5 0.83 0.83 931.0 11.0 931.0 648.0 153.0 648.0 622.0 25.0 622.0 5.0 1.0 5.0 631.0 216.0 631.0 
2 6 0.88 0.88 931.0 11.0 931.0 648.0 153.0 648.0 622.0 25.0 622.0 5.0 1.0 5.0 631.0 216.0 631.0 803.0 41.0 803.0 
2 7 1.4 1.4 931.0 11.0 931.0 648.0 153.0 648.0 622.0 25.0 622.0 5.0 1.0 5.0 631.0 216.0 631.0 803.0 41.0 803.0 77.0 40.0 77.0 
2 3 1.51 1.51 504.0 177.0 504.0 280.0 123.0 280.0 792.0 576.0 792.0 
2 4 1.65 1.65 504.0 177.0 504.0 280.0 123.0 280.0 792.0 576.0 792.0 531.0 74.0 531.0 
2 3 0.74 0.74 8.0 1.0 8.0 147.0 88.0 147.0 84.0 2.0 84.0 
2 4 1.02 1.02 8.0 1.0 8.0 147.0 88.0 147.0 84.0 2.0 84.0 785.0 216.0 785.0 
2 5 1.09 1.09 8.0 1.0 8.0 147.0 88.0 147.0 84.0 2.0 84.0 785.0 216.0 785.0 579.0 43.0 579.0 
2 6 1.32 1.32 8.0 1.0 8.0 147.0 88.0 147.0 84.0 2.0 84.0 785.0 216.0 785.0 579.0 43.0 579.0 800.0 185.0 800.0 
2 7 1.4 1.4 8.0 1.0 8.0 147.0 88.0 147.0 84.0 2.0 84.0 785.0 216.0 785.0 579.0 43.0 579.0 800.0 185.0 800.0 40.0 3.0 40.0 
2 8 1.89 1.89 8.0 1.0 8.0 147.0 88.0 147.0 84.0 2.0 84.0 785.0 216.0 785.0 579.0 43.0 579.0 800.0 185.0 800.0 40.0 3.0 40.0 430.0 210.0 430.0 
2 9 1.99 1.99 8.0 1.0 8.0 147.0 88.0 147.0 84.0 2.0 84.0 785.0 216.0 785.0 579.0 43.0 579.0 800.0 185.0 800.0 40.0 3.0 40.0 430.0 210.0 430.0 794.0 79.0 794.0 
2 3 1.27 1.27 726.0 532.0 726.0 456.0 158.0 456.0 125.0 25.0 125.0 
2 3 0.4 0.4 884.0 225.0 884.0 997.0 136.0 997.0 60.0 1.0 60.0 
2 4 0.49 0.49 884.0 225.0 884.0 997.0 136.0 997.0 60.0 1.0 60.0 915.0 84.0 915.0 
2 5 1.1 1.1 884.0 225.0 884.0 997.0 136.0 997.0 60.0 1.0 60.0 915.0 84.0 915.0 919.0 552.0 919.0 
2 6 1.68 1.68 884.0 225.0 884.0 997.0 136.0 997.0 60.0 1.0 60.0 915.0 84.0 915.0 919.0 552.0 919.0 365.0 212.0 365.0 
2 7 1.9 1.9 884.0 225.0 884.0 997.0 136.0 997.0 60.0 1.0 60.0 915.0 84.0 915.0 919.0 552.0 919.0 365.0 212.0 365.0 213.0 48.0 213.0 
2 3 1.45 1.45 154.0 154.0 154.0 501.0 9.0 501.0 459.0 202.0 459.0 
2 4 1.95 1.95 154.0 154.0 154.0 501.0 9.0 501.0 459.0 202.0 459.0 515.0 258.0 515.0 
2 5 1.96 1.96 154.0 154.0 154.0 501.0 9.0 501.0 459.0 202.0 459.0 515.0 258.0 515.0 282.0 3.0 282.0 
2 3 0.4 0.4 982.0 17.0 982.0 410.0 109.0 410.0 673.0 80.0 673.0 
2 4 0.66 0.66 982.0 17.0 982.0 410.0 109.0 410.0 673.0 80.0 673.0 519.0 135.0 519.0 
2 5 0.97 0.97 982.0 17.0 982.0 410.0 109.0 410.0 673.0 80.0 673.0 519.0 135.0 519.0 38.0 12.0 38.0 
2 6 1.7 1.7 982.0 17.0 982.0 410.0 109.0 410.0 673.0 80.0 673.0 519.0 135.0 519.0 38.0 12.0 38.0 296.0 214.0 296.0 
2 3 1.28 1.28 21.0 4.0 21.0 459.0 77.0 459.0 366.0 339.0 366.0 
2 4 1.56 1.56 21.0 4.0 21.0 459.0 77.0 459.0 366.0 339.0 366.0 241.0 68.0 241.0 
2 3 0.57 0.57 207.0 6.0 207.0 533.0 250.0 533.0 705.0 52.0 705.0 
2 4 1.22 1.22 207.0 6.0 207.0 533.0 250.0 533.0 705.0 52.0 705.0 842.0 553.0 842.0 
2 5 1.37 1.37 207.0 6.0 207.0 533.0 250.0 533.0 705.0 52.0 705.0 842.0 553.0 842.0 500.0 73.0 500.0 
2 3 0.77 0.77 585.0 207.0 585.0 129.0 4.0 129.0 146.0 57.0 146.0 
2 4 0.94 0.94 585.0 207.0 585.0 129.0 4.0 129.0 146.0 57.0 146.0 229.0 40.0 229.0 
2 5 1.75 1.75 585.0 207.0 585.0 129.0 4.0 129.0 146.0 57.0 146.0 229.0 40.0 229.0 673.0 542.0 673.0 
2 6 1.81 1.81 585.0 207.0 585.0 129.0 4.0 129.0 146.0 57.0 146.0 229.0 40.0 229.0 673.0 542.0 673.0 35.0 2.0 35.0 
2 7 1.83 1.83 585.0 207.0 585.0 129.0 4.0 129.0 146.0 57.0 146.0 229.0 40.0 229.0 673.0 542.0 673.0 35.0 2.0 35.0 442.0 12.0 442.0 
2 3 1.48 1.48 66.0 30.0 66.0 939.0 144.0 939.0 990.0 865.0 990.0 
2 4 1.97 1.97 66.0 30.0 66.0 939.0 144.0 939.0 990.0 865.0 990.0 303.0 148.0 303.0 
2 3 1.08 1.08 941.0 9.0 941.0 686.0 116.0 686.0 289.0 262.0 289.0 
2 4 1.61 1.61 941.0 9.0 941.0 686.0 116.0 686.0 289.0 262.0 289.0 929.0 494.0 929.0 
2 5 1.95 1.95 941.0 9.0 941.0 686.0 116.0 686.0 289.0 262.0 289.0 929.0 494.0 929.0 903.0 306.0 903.0 
2 6 1.99 1.99 941.0 9.0 941.0 686.0 116.0 686.0 289.0 262.0 289.0 929.0 494.0 929.0 903.0 306.0 903.0 873.0 30.0 873.0 
2 3 1.05 1.05 829.0 28.0 829.0 595.0 436.0 595.0 415.0 120.0 415.0 
2 4 1.13 1.13 829.0 28.0 829.0 595.0 436.0 595.0 415.0 120.0 415.0 533.0 42.0 533.0 
2 5 1.53 1.53 829.0 28.0 829.0 595.0 436.0 595.0 415.0 120.0 415.0 533.0 42.0 533.0 671.0 269.0 671.0 
2 6 1.79 1.79 829.0 28.0 829.0 595.0 436.0 595.0 415.0 120.0 415.0 533.0 42.0 533.0 671.0 269.0 671.0 819.0 213.0 819.0 
2 3 0.79 0.79 751.0 20.0 751.0 263.0 121.0 263.0 945.0 290.0 945.0 
2 4 1.7 1.7 751.0 20.0 751.0 263.0 121.0 263.0 945.0 290.0 945.0 926.0 844.0 926.0 
2 5 1.75 1.75 751.0 20.0 751.0 263.0 121.0 263.0 945.0 290.0 945.0 926.0 844.0 926.0 184.0 10.0 184.0 
2 6 1.78 1.78 751.0 20.0 751.0 263.0 121.0 263.0 945.0 290.0 945.0 926.0 844.0 926.0 184.0 10.0 184.0 47.0 1.0 47.0 
2 7 1.8 1.8 751.0 20.0 751.0 263.0 121.0 263.0 945.0 290.0 945.0 926.0 844.0 926.0 184.0 10.0 184.0 47.0 1.0 47.0 562.0 16.0 562.0 
2 3 0.68 0.68 867.0 215.0 867.0 940.0 313.0 940.0 748.0 79.0 748.0 
2 4 0.99 0.99 867.0 215.0 867.0 940.0 313.0 940.0 748.0 79.0 748.0 440.0 134.0 440.0 
2 5 1.26 1.26 867.0 215.0 867.0 940.0 313.0 940.0 748.0 79.0 748.0 440.0 134.0 440.0 652.0 179.0 652.0 
2 6 1.57 1.57 867.0 215.0 867.0 940.0 313.0 940.0 748.0 79.0 748.0 440.0 134.0 440.0 652.0 179.0 652.0 892.0 276.0 892.0 
2 7 1.58 1.58 867.0 215.0 867.0 940.0 313.0 940.0 748.0 79.0 748.0 440.0 134.0 440.0 652.0 179.0 652.0 892.0 276.0 892.0 855.0 11.0 855.0 
2 3 0.86 0.86 81.0 10.0 81.0 169.0 60.0 169.0 266.0 103.0 266.0 
2 4 0.93 0.93 81.0 10.0 81.0 169.0 60.0 169.0 266.0 103.0 266.0 932.0 60.0 932.0 
2 5 0.94 0.94 81.0 10.0 81.0 169.0 60.0 169.0 266.0 103.0 266.0 932.0 60.0 932.0 339.0 6.0 339.0 
2 6 1.17 1.17 81.0 10.0 81.0 169.0 60.0 169.0 266.0 103.0 266.0 932.0 60.0 932.0 339.0 6.0 339.0 458.0 103.0 458.0 
2 7 1.54 1.54 81.0 10.0 81.0 169.0 60.0 169.0 266.0 103.0 266.0 932.0 60.0 932.0 339.0 6.0 339.0 458.0 103.0 458.0 54.0 20.0 54.0 
2 8 1.76 1.76 81.0 10.0 81.0 169.0 60.0 169.0 266.0 103.0 266.0 932.0 60.0 932.0 339.0 6.0 339.0 458.0 103.0 458.0 54.0 20.0 54.0 923.0 202.0 923.0 
2 3 1.1 1.1 781.0 55.0 781.0 621.0 30.0 621.0 898.0 890.0 898.0 
2 4 1.17 1.17 781.0 55.0 781.0 621.0 30.0 621.0 898.0 890.0 898.0 501.0 33.0 501.0 
2 5 1.18 1.18 781.0 55.0 781.0 621.0 30.0 621.0 898.0 890.0 898.0 501.0 33.0 501.0 107.0 1.0 107.0 
2 6 1.51 1.51 781.0 55.0 781.0 621.0 30.0 621.0 898.0 890.0 898.0 501.0 33.0 501.0 107.0 1.0 107.0 275.0 91.0 275.0 
2 7 1.83 1.83 781.0 55.0 781.0 621.0 30.0 621.0 898.0 890.0 898.0 501.0 33.0 501.0 107.0 1.0 107.0 275.0 91.0 275.0 278.0 89.0 278.0 
2 8 1.92 1.92 781.0 55.0 781.0 621.0 30.0 621.0 898.0 890.0 898.0 501.0 33.0 501.0 107.0 1.0 107.0 275.0 91.0 275.0 278.0 89.0 278.0 949.0 85.0 949.0 
2 3 1.17 1.17 249.0 19.0 249.0 3.0 3.0 3.0 963.0 92.0 963.0 
2 4 1.17 1.17 249.0 19.0 249.0 3.0 3.0 3.0 963.0 92.0 963.0 377.0 3.0 377.0 
2 5 1.57 1.57 249.0 19.0 249.0 3.0 3.0 3.0 963.0 92.0 963.0 377.0 3.0 377.0 163.0 65.0 163.0 
2 3 1.04 1.04 864.0 72.0 864.0 734.0 416.0 734.0 807.0 315.0 807.0 
2 4 1.11 1.11 864.0 72.0 864.0 734.0 416.0 734.0 807.0 315.0 807.0 520.0 38.0 520.0 
2 5 1.95 1.95 864.0 72.0 864.0 734.0 416.0 734.0 807.0 315.0 807.0 520.0 38.0 520.0 840.0 709.0 840.0 
2 3 0.84 0.84 736.0 231.0 736.0 443.0 107.0 443.0 972.0 279.0 972.0 
2 4 1.27 1.27 736.0 231.0 736.0 443.0 107.0 443.0 972.0 279.0 972.0 719.0 309.0 719.0 
2 5 1.87 1.87 736.0 231.0 736.0 443.0 107.0 443.0 972.0 279.0 972.0 719.0 309.0 719.0 790.0 476.0 790.0 
2 6 1.93 1.93 736.0 231.0 736.0 443.0 107.0 443.0 972.0 279.0 972.0 719.0 309.0 719.0 790.0 476.0 790.0 358.0 22.0 358.0 
2 3 1.34 1.34 646.0 193.0 646.0 564.0 284.0 564.0 172.0 93.0 172.0 
2 4 1.43 1.43 646.0 193.0 646.0 564.0 284.0 564.0 172.0 93.0 172.0 810.0 78.0 810.0 
2 5 1.49 1.49 646.0 193.0 646.0 564.0 284.0 564.0 172.0 93.0 172.0 810.0 78.0 810.0 682.0 37.0 682.0 
2 6 1.73 1.73 646.0 193.0 646.0 564.0 284.0 564.0 172.0 93.0 172.0 810.0 78.0 810.0 682.0 37.0 682.0 310.0 76.0 310.0 
2 3 0.64 0.64 103.0 5.0 103.0 402.0 18.0 402.0 844.0 465.0 844.0 
2 4 0.74 0.74 103.0 5.0 103.0 402.0 18.0 402.0 844.0 465.0 844.0 807.0 79.0 807.0 
2 5 0.8 0.8 103.0 5.0 103.0 402.0 18.0 402.0 844.0 465.0 844.0 807.0 79.0 807.0 261.0 17.0 261.0 
2 6 0.88 0.88 103.0 5.0 103.0 402.0 18.0 402.0 844.0 465.0 844.0 807.0 79.0 807.0 261.0 17.0 261.0 88.0 7.0 88.0 
2 7 1.0 1.0 103.0 5.0 103.0 402.0 18.0 402.0 844.0 465.0 844.0 807.0 79.0 807.0 261.0 17.0 261.0 88.0 7.0 88.0 750.0 86.0 750.0 
2 8 1.02 1.02 103.0 5.0 103.0 402.0 18.0 402.0 844.0 465.0 844.0 807.0 79.0 807.0 261.0 17.0 261.0 88.0 7.0 88.0 750.0 86.0 750.0 557.0 11.0 557.0 
2 9 1.31 1.31 103.0 5.0 103.0 402.0 18.0 402.0 844.0 465.0 844.0 807.0 79.0 807.0 261.0 17.0 261.0 88.0 7.0 88.0 750.0 86.0 750.0 557.0 11.0 557.0 793.0 232.0 793.0 
2 10 1.46 1.46 103.0 5.0 103.0 402.0 18.0 402.0 844.0 465.0 844.0 807.0 79.0 807.0 261.0 17.0 261.0 88.0 7.0 88.0 750.0 86.0 750.0 557.0 11.0 557.0 793.0 232.0 793.0 265.0 39.0 265.0 
2 11 1.61 1.61 103.0 5.0 103.0 402.0 18.0 402.0 844.0 465.0 844.0 807.0 79.0 807.0 261.0 17.0 261.0 88.0 7.0 88.0 750.0 86.0 750.0 557.0 11.0 557.0 793.0 232.0 793.0 265.0 39.0 265.0 112.0 17.0 112.0 
2 3 0.65 0.65 487.0 225.0 487.0 730.0 101.0 730.0 765.0 40.0 765.0 
2 4 1.41 1.41 487.0 225.0 487.0 730.0 101.0 730.0 765.0 40.0 765.0 626.0 479.0 626.0 
2 5 1.75 1.75 487.0 225.0 487.0 730.0 101.0 730.0 765.0 40.0 765.0 626.0 479.0 626.0 563.0 189.0 563.0 
2 3 1.16 1.16 597.0 595.0 597.0 221.0 5.0 221.0 553.0 83.0 553.0 
2 4 1.58 1.58 597.0 595.0 597.0 221.0 5.0 221.0 553.0 83.0 553.0 532.0 223.0 532.0 
2 5 1.6 1.6 597.0 595.0 597.0 221.0 5.0 221.0 553.0 83.0 553.0 532.0 223.0 532.0 974.0 16.0 974.0 
2 3 1.96 1.96 910.0 856.0 910.0 78.0 4.0 78.0 542.0 526.0 542.0 
2 3 0.11 0.11 432.0 2.0 432.0 982.0 82.0 982.0 690.0 20.0 690.0 
2 4 0.29 0.29 432.0 2.0 432.0 982.0 82.0 982.0 690.0 20.0 690.0 922.0 167.0 922.0 
2 5 0.44 0.44 432.0 2.0 432.0 982.0 82.0 982.0 690.0 20.0 690.0 922.0 167.0 922.0 34.0 5.0 34.0 
2 6 0.98 0.98 432.0 2.0 432.0 982.0 82.0 982.0 690.0 20.0 690.0 922.0 167.0 922.0 34.0 5.0 34.0 693.0 372.0 693.0 
2 7 1.35 1.35 432.0 2.0 432.0 982.0 82.0 982.0 690.0 20.0 690.0 922.0 167.0 922.0 34.0 5.0 34.0 693.0 372.0 693.0 120.0 45.0 120.0 
2 8 1.91 1.91 432.0 2.0 432.0 982.0 82.0 982.0 690.0 20.0 690.0 922.0 167.0 922.0 34.0 5.0 34.0 693.0 372.0 693.0 120.0 45.0 120.0 216.0 121.0 216.0 
2 3 1.0 1.0 514.0 165.0 514.0 69.0 18.0 69.0 252.0 107.0 252.0 
2 4 1.06 1.06 514.0 165.0 514.0 69.0 18.0 69.0 252.0 107.0 252.0 931.0 59.0 931.0 
2 5 1.43 1.43 514.0 165.0 514.0 69.0 18.0 69.0 252.0 107.0 252.0 931.0 59.0 931.0 919.0 332.0 919.0 
2 6 1.59 1.59 514.0 165.0 514.0 69.0 18.0 69.0 252.0 107.0 252.0 931.0 59.0 931.0 919.0 332.0 919.0 645.0 107.0 645.0 
2 7 1.63 1.63 514.0 165.0 514.0 69.0 18.0 69.0 252.0 107.0 252.0 931.0 59.0 931.0 919.0 332.0 919.0 645.0 107.0 645.0 391.0 14.0 391.0 
2 8 1.75 1.75 514.0 165.0 514.0 69.0 18.0 69.0 252.0 107.0 252.0 931.0 59.0 931.0 919.0 332.0 919.0 645.0 107.0 645.0 391.0 14.0 391.0 836.0 99.0 836.0 
2 3 0.65 0.65 841.0 197.0 841.0 96.0 9.0 96.0 139.0 45.0 139.0 
2 4 0.73 0.73 841.0 197.0 841.0 96.0 9.0 96.0 139.0 45.0 139.0 693.0 57.0 693.0 
2 5 0.88 0.88 841.0 197.0 841.0 96.0 9.0 96.0 139.0 45.0 139.0 693.0 57.0 693.0 373.0 55.0 373.0 
2 6 0.93 0.93 841.0 197.0 841.0 96.0 9.0 96.0 139.0 45.0 139.0 693.0 57.0 693.0 373.0 55.0 373.0 924.0 48.0 924.0 
2 7 1.32 1.32 841.0 197.0 841.0 96.0 9.0 96.0 139.0 45.0 139.0 693.0 57.0 693.0 373.0 55.0 373.0 924.0 48.0 924.0 717.0 282.0 717.0 
2 8 1.92 1.92 841.0 197.0 841.0 96.0 9.0 96.0 139.0 45.0 139.0 693.0 57.0 693.0 373.0 55.0 373.0 924.0 48.0 924.0 717.0 282.0 717.0 439.0 261.0 439.0 
2 3 0.97 0.97 274.0 2.0 274.0 112.0 61.0 112.0 819.0 344.0 819.0 
2 4 1.16 1.16 274.0 2.0 274.0 112.0 61.0 112.0 819.0 344.0 819.0 877.0 171.0 877.0 
2 5 1.6 1.6 274.0 2.0 274.0 112.0 61.0 112.0 819.0 344.0 819.0 877.0 171.0 877.0 972.0 429.0 972.0 
2 6 1.99 1.99 274.0 2.0 274.0 112.0 61.0 112.0 819.0 344.0 819.0 877.0 171.0 877.0 972.0 429.0 972.0 579.0 223.0 579.0 
2 3 0.83 0.83 615.0 61.0 615.0 519.0 349.0 519.0 586.0 38.0 586.0 
2 4 1.06 1.06 615.0 61.0 615.0 519.0 349.0 519.0 586.0 38.0 586.0 442.0 99.0 442.0 
2 5 1.64 1.64 615.0 61.0 615.0 519.0 349.0 519.0 586.0 38.0 586.0 442.0 99.0 442.0 483.0 284.0 483.0 
2 6 1.75 1.75 615.0 61.0 615.0 519.0 349.0 519.0 586.0 38.0 586.0 442.0 99.0 442.0 483.0 284.0 483.0 955.0 97.0 955.0 
2 3 1.21 1.21 197.0 147.0 197.0 158.0 41.0 158.0 576.0 122.0 576.0 
2 4 1.88 1.88 197.0 147.0 197.0 158.0 41.0 158.0 576.0 122.0 576.0 89.0 59.0 89.0 
2 5 1.89 1.89 197.0 147.0 197.0 158.0 41.0 158.0 576.0 122.0 576.0 89.0 59.0 89.0 132.0 2.0 132.0 
2 3 0.88 0.88 963.0 758.0 963.0 501.0 9.0 501.0 873.0 74.0 873.0 
2 4 0.94 0.94 963.0 758.0 963.0 501.0 9.0 501.0 873.0 74.0 873.0 934.0 53.0 934.0 
2 5 1.58 1.58 963.0 758.0 963.0 501.0 9.0 501.0 873.0 74.0 873.0 934.0 53.0 934.0 852.0 540.0 852.0 
2 6 1.74 1.74 963.0 758.0 963.0 501.0 9.0 501.0 873.0 74.0 873.0 934.0 53.0 934.0 852.0 540.0 852.0 607.0 97.0 607.0 
2 3 1.37 1.37 671.0 495.0 671.0 197.0 82.0 197.0 792.0 176.0 792.0 
2 3 1.39 1.39 292.0 243.0 292.0 884.0 314.0 884.0 825.0 174.0 825.0 
2 4 1.41 1.41 292.0 243.0 292.0 884.0 314.0 884.0 825.0 174.0 825.0 432.0 7.0 432.0 
2 5 1.57 1.57 292.0 243.0 292.0 884.0 314.0 884.0 825.0 174.0 825.0 432.0 7.0 432.0 328.0 53.0 328.0 
2 3 1.78 1.78 842.0 650.0 842.0 481.0 9.0 481.0 964.0 954.0 964.0 
2 4 1.79 1.79 842.0 650.0 842.0 481.0 9.0 481.0 964.0 954.0 964.0 747.0 14.0 747.0 
2 5 1.85 1.85 842.0 650.0 842.0 481.0 9.0 481.0 964.0 954.0 964.0 747.0 14.0 747.0 321.0 19.0 321.0 
2 3 0.61 0.61 20.0 4.0 20.0 152.0 22.0 152.0 773.0 208.0 773.0 
2 4 1.28 1.28 20.0 4.0 20.0 152.0 22.0 152.0 773.0 208.0 773.0 202.0 135.0 202.0 
2 5 1.42 1.42 20.0 4.0 20.0 152.0 22.0 152.0 773.0 208.0 773.0 202.0 135.0 202.0 977.0 142.0 977.0 
2 6 1.72 1.72 20.0 4.0 20.0 152.0 22.0 152.0 773.0 208.0 773.0 202.0 135.0 202.0 977.0 142.0 977.0 843.0 249.0 843.0 
2 3 0.73 0.73 529.0 127.0 529.0 9.0 4.0 9.0 702.0 35.0 702.0 
2 4 1.07 1.07 529.0 127.0 529.0 9.0 4.0 9.0 702.0 35.0 702.0 622.0 213.0 622.0 
2 5 1.12 1.12 529.0 127.0 529.0 9.0 4.0 9.0 702.0 35.0 702.0 622.0 213.0 622.0 21.0 1.0 21.0 
2 6 1.26 1.26 529.0 127.0 529.0 9.0 4.0 9.0 702.0 35.0 702.0 622.0 213.0 622.0 21.0 1.0 21.0 990.0 136.0 990.0 
2 7 1.32 1.32 529.0 127.0 529.0 9.0 4.0 9.0 702.0 35.0 702.0 622.0 213.0 622.0 21.0 1.0 21.0 990.0 136.0 990.0 518.0 32.0 518.0 
2 8 1.66 1.66 529.0 127.0 529.0 9.0 4.0 9.0 702.0 35.0 702.0 622.0 213.0 622.0 21.0 1.0 21.0 990.0 136.0 990.0 518.0 32.0 518.0 342.0 116.0 342.0 
2 3 1.55 1.55 199.0 104.0 199.0 523.0 276.0 523.0 14.0 7.0 14.0 
2 4 1.97 1.97 199.0 104.0 199.0 523.0 276.0 523.0 14.0 7.0 14.0 569.0 242.0 569.0 
2 3 1.15 1.15 768.0 154.0 768.0 226.0 26.0 226.0 163.0 137.0 163.0 
2 4 1.3 1.3 768.0 154.0 768.0 226.0 26.0 226.0 163.0 137.0 163.0 266.0 39.0 266.0 
2 5 1.78 1.78 768.0 154.0 768.0 226.0 26.0 226.0 163.0 137.0 163.0 266.0 39.0 266.0 785.0 377.0 785.0 
2 3 0.73 0.73 250.0 6.0 250.0 458.0 145.0 458.0 391.0 155.0 391.0 
2 4 0.81 0.81 250.0 6.0 250.0 458.0 145.0 458.0 391.0 155.0 391.0 271.0 22.0 271.0 
2 5 1.25 1.25 250.0 6.0 250.0 458.0 145.0 458.0 391.0 155.0 391.0 271.0 22.0 271.0 818.0 355.0 818.0 
2 6 1.7 1.7 250.0 6.0 250.0 458.0 145.0 458.0 391.0 155.0 391.0 271.0 22.0 271.0 818.0 355.0 818.0 306.0 139.0 306.0 
2 3 0.94 0.94 925.0 11.0 925.0 555.0 417.0 555.0 756.0 141.0 756.0 
2 4 0.97 0.97 925.0 11.0 925.0 555.0 417.0 555.0 756.0 141.0 756.0 262.0 6.0 262.0 
2 5 1.16 1.16 925.0 11.0 925.0 555.0 417.0 555.0 756.0 141.0 756.0 262.0 6.0 262.0 881.0 169.0 881.0 
2 6 1.74 1.74 925.0 11.0 925.0 555.0 417.0 555.0 756.0 141.0 756.0 262.0 6.0 262.0 881.0 169.0 881.0 301.0 175.0 301.0 
2 3 0.81 0.81 926.0 663.0 926.0 617.0 22.0 617.0 217.0 14.0 217.0 
2 4 1.31 1.31 926.0 663.0 926.0 617.0 22.0 617.0 217.0 14.0 217.0 350.0 176.0 350.0 
2 5 1.51 1.51 926.0 663.0 926.0 617.0 22.0 617.0 217.0 14.0 217.0 350.0 176.0 350.0 715.0 142.0 715.0 
2 6 1.54 1.54 926.0 663.0 926.0 617.0 22.0 617.0 217.0 14.0 217.0 350.0 176.0 350.0 715.0 142.0 715.0 676.0 19.0 676.0 
2 7 1.8 1.8 926.0 663.0 926.0 617.0 22.0 617.0 217.0 14.0 217.0 350.0 176.0 350.0 715.0 142.0 715.0 676.0 19.0 676.0 114.0 30.0 114.0 
2 8 1.82 1.82 926.0 663.0 926.0 617.0 22.0 617.0 217.0 14.0 217.0 350.0 176.0 350.0 715.0 142.0 715.0 676.0 19.0 676.0 114.0 30.0 114.0 468.0 8.0 468.0 
2 3 1.15 1.15 472.0 10.0 472.0 696.0 517.0 696.0 484.0 188.0 484.0 
2 3 1.49 1.49 828.0 201.0 828.0 464.0 267.0 464.0 422.0 287.0 422.0 
2 4 1.57 1.57 828.0 201.0 828.0 464.0 267.0 464.0 422.0 287.0 422.0 307.0 23.0 307.0 
2 3 0.94 0.94 313.0 124.0 313.0 809.0 23.0 809.0 273.0 141.0 273.0 
2 4 1.12 1.12 313.0 124.0 313.0 809.0 23.0 809.0 273.0 141.0 273.0 907.0 170.0 907.0 
2 5 1.36 1.36 313.0 124.0 313.0 809.0 23.0 809.0 273.0 141.0 273.0 907.0 170.0 907.0 190.0 45.0 190.0 
2 6 1.82 1.82 313.0 124.0 313.0 809.0 23.0 809.0 273.0 141.0 273.0 907.0 170.0 907.0 190.0 45.0 190.0 313.0 144.0 313.0 
2 3 1.05 1.05 832.0 196.0 832.0 260.0 47.0 260.0 859.0 549.0 859.0 
2 4 1.93 1.93 832.0 196.0 832.0 260.0 47.0 260.0 859.0 549.0 859.0 821.0 718.0 821.0 
2 3 0.86 0.86 154.0 64.0 154.0 76.0 5.0 76.0 587.0 228.0 587.0 
2 4 1.56 1.56 154.0 64.0 154.0 76.0 5.0 76.0 587.0 228.0 587.0 415.0 289.0 415.0 
2 5 1.9 1.9 154.0 64.0 154.0 76.0 5.0 76.0 587.0 228.0 587.0 415.0 289.0 415.0 74.0 25.0 74.0 
2 3 1.33 1.33 167.0 49.0 167.0 928.0 715.0 928.0 249.0 68.0 249.0 
2 4 1.39 1.39 167.0 49.0 167.0 928.0 715.0 928.0 249.0 68.0 249.0 890.0 54.0 890.0 
2 5 1.46 1.46 167.0 49.0 167.0 928.0 715.0 928.0 249.0 68.0 249.0 890.0 54.0 890.0 910.0 63.0 910.0 
2 6 1.79 1.79 167.0 49.0 167.0 928.0 715.0 928.0 249.0 68.0 249.0 890.0 54.0 890.0 910.0 63.0 910.0 744.0 242.0 744.0 
2 3 0.61 0.61 50.0 6.0 50.0 593.0 75.0 593.0 320.0 118.0 320.0 
2 4 0.88 0.88 50.0 6.0 50.0 593.0 75.0 593.0 320.0 118.0 320.0 91.0 25.0 91.0 
2 5 1.58 1.58 50.0 6.0 50.0 593.0 75.0 593.0 320.0 118.0 320.0 91.0 25.0 91.0 565.0 395.0 565.0 
2 6 1.6 1.6 50.0 6.0 50.0 593.0 75.0 593.0 320.0 118.0 320.0 91.0 25.0 91.0 565.0 395.0 565.0 482.0 10.0 482.0 
2 7 1.68 1.68 50.0 6.0 50.0 593.0 75.0 593.0 320.0 118.0 320.0 91.0 25.0 91.0 565.0 395.0 565.0 482.0 10.0 482.0 699.0 53.0 699.0 
2 8 1.91 1.91 50.0 6.0 50.0 593.0 75.0 593.0 320.0 118.0 320.0 91.0 25.0 91.0 565.0 395.0 565.0 482.0 10.0 482.0 699.0 53.0 699.0 480.0 112.0 480.0 
2 9 1.99 1.99 50.0 6.0 50.0 593.0 75.0 593.0 320.0 118.0 320.0 91.0 25.0 91.0 565.0 395.0 565.0 482.0 10.0 482.0 699.0 53.0 699.0 480.0 112.0 480.0 433.0 31.0 433.0 
2 3 0.34 0.34 735.0 91.0 735.0 113.0 21.0 113.0 738.0 27.0 738.0 
2 4 0.46 0.46 735.0 91.0 735.0 113.0 21.0 113.0 738.0 27.0 738.0 824.0 99.0 824.0 
2 5 0.59 0.59 735.0 91.0 735.0 113.0 21.0 113.0 738.0 27.0 738.0 824.0 99.0 824.0 16.0 2.0 16.0 
2 6 0.99 0.99 735.0 91.0 735.0 113.0 21.0 113.0 738.0 27.0 738.0 824.0 99.0 824.0 16.0 2.0 16.0 489.0 198.0 489.0 
2 7 1.05 1.05 735.0 91.0 735.0 113.0 21.0 113.0 738.0 27.0 738.0 824.0 99.0 824.0 16.0 2.0 16.0 489.0 198.0 489.0 846.0 52.0 846.0 
2 8 1.27 1.27 735.0 91.0 735.0 113.0 21.0 113.0 738.0 27.0 738.0 824.0 99.0 824.0 16.0 2.0 16.0 489.0 198.0 489.0 846.0 52.0 846.0 1000.0 219.0 1000.0 
2 9 1.4 1.4 735.0 91.0 735.0 113.0 21.0 113.0 738.0 27.0 738.0 824.0 99.0 824.0 16.0 2.0 16.0 489.0 198.0 489.0 846.0 52.0 846.0 1000.0 219.0 1000.0 737.0 91.0 737.0 
2 10 1.68 1.68 735.0 91.0 735.0 113.0 21.0 113.0 738.0 27.0 738.0 824.0 99.0 824.0 16.0 2.0 16.0 489.0 198.0 489.0 846.0 52.0 846.0 1000.0 219.0 1000.0 737.0 91.0 737.0 148.0 42.0 148.0 
2 11 1.74 1.74 735.0 91.0 735.0 113.0 21.0 113.0 738.0 27.0 738.0 824.0 99.0 824.0 16.0 2.0 16.0 489.0 198.0 489.0 846.0 52.0 846.0 1000.0 219.0 1000.0 737.0 91.0 737.0 148.0 42.0 148.0 497.0 29.0 497.0 
2 3 1.22 1.22 362.0 6.0 362.0 573.0 545.0 573.0 611.0 155.0 611.0 
2 4 1.5 1.5 362.0 6.0 362.0 573.0 545.0 573.0 611.0 155.0 611.0 513.0 146.0 513.0 
2 5 1.69 1.69 362.0 6.0 362.0 573.0 545.0 573.0 611.0 155.0 611.0 513.0 146.0 513.0 138.0 26.0 138.0 
2 3 0.94 0.94 880.0 272.0 880.0 585.0 165.0 585.0 953.0 339.0 953.0 
2 4 1.94 1.94 880.0 272.0 880.0 585.0 165.0 585.0 953.0 339.0 953.0 160.0 159.0 160.0 
2 5 1.97 1.97 880.0 272.0 880.0 585.0 165.0 585.0 953.0 339.0 953.0 160.0 159.0 160.0 955.0 30.0 955.0 
2 3 1.14 1.14 432.0 32.0 432.0 469.0 221.0 469.0 608.0 363.0 608.0 
2 4 1.31 1.31 432.0 32.0 432.0 469.0 221.0 469.0 608.0 363.0 608.0 740.0 125.0 740.0 
2 5 1.53 1.53 432.0 32.0 432.0 469.0 221.0 469.0 608.0 363.0 608.0 740.0 125.0 740.0 378.0 84.0 378.0 
2 3 0.73 0.73 564.0 106.0 564.0 218.0 21.0 218.0 336.0 152.0 336.0 
2 4 0.85 0.85 564.0 106.0 564.0 218.0 21.0 218.0 336.0 152.0 336.0 894.0 102.0 894.0 
2 5 0.98 0.98 564.0 106.0 564.0 218.0 21.0 218.0 336.0 152.0 336.0 894.0 102.0 894.0 109.0 15.0 109.0 
2 6 1.17 1.17 564.0 106.0 564.0 218.0 21.0 218.0 336.0 152.0 336.0 894.0 102.0 894.0 109.0 15.0 109.0 542.0 101.0 542.0 
2 7 1.21 1.21 564.0 106.0 564.0 218.0 21.0 218.0 336.0 152.0 336.0 894.0 102.0 894.0 109.0 15.0 109.0 542.0 101.0 542.0 543.0 22.0 543.0 
2 8 1.42 1.42 564.0 106.0 564.0 218.0 21.0 218.0 336.0 152.0 336.0 894.0 102.0 894.0 109.0 15.0 109.0 542.0 101.0 542.0 543.0 22.0 543.0 623.0 132.0 623.0 
2 3 0.32 0.32 804.0 174.0 804.0 534.0 11.0 534.0 141.0 12.0 141.0 
2 4 0.36 0.36 804.0 174.0 804.0 534.0 11.0 534.0 141.0 12.0 141.0 320.0 15.0 320.0 
2 5 0.65 0.65 804.0 174.0 804.0 534.0 11.0 534.0 141.0 12.0 141.0 320.0 15.0 320.0 550.0 157.0 550.0 
2 6 0.73 0.73 804.0 174.0 804.0 534.0 11.0 534.0 141.0 12.0 141.0 320.0 15.0 320.0 550.0 157.0 550.0 148.0 12.0 148.0 
2 7 1.31 1.31 804.0 174.0 804.0 534.0 11.0 534.0 141.0 12.0 141.0 320.0 15.0 320.0 550.0 157.0 550.0 148.0 12.0 148.0 351.0 203.0 351.0 
2 8 1.58 1.58 804.0 174.0 804.0 534.0 11.0 534.0 141.0 12.0 141.0 320.0 15.0 320.0 550.0 157.0 550.0 148.0 12.0 148.0 351.0 203.0 351.0 343.0 93.0 343.0 
2 3 1.5 1.5 319.0 243.0 319.0 831.0 107.0 831.0 44.0 27.0 44.0 
2 4 1.56 1.56 319.0 243.0 319.0 831.0 107.0 831.0 44.0 27.0 44.0 754.0 48.0 754.0 
2 5 1.62 1.62 319.0 243.0 319.0 831.0 107.0 831.0 44.0 27.0 44.0 754.0 48.0 754.0 50.0 3.0 50.0 
2 3 1.9 1.9 565.0 267.0 565.0 687.0 406.0 687.0 137.0 115.0 137.0 
2 3 1.3 1.3 944.0 579.0 944.0 349.0 167.0 349.0 263.0 56.0 263.0 
2 3 1.25 1.25 630.0 20.0 630.0 662.0 496.0 662.0 273.0 129.0 273.0 
2 4 1.32 1.32 630.0 20.0 630.0 662.0 496.0 662.0 273.0 129.0 273.0 858.0 60.0 858.0 
2 3 0.98 0.98 82.0 6.0 82.0 289.0 198.0 289.0 515.0 116.0 515.0 
2 4 1.19 1.19 82.0 6.0 82.0 289.0 198.0 289.0 515.0 116.0 515.0 626.0 134.0 626.0 
2 5 1.33 1.33 82.0 6.0 82.0 289.0 198.0 289.0 515.0 116.0 515.0 626.0 134.0 626.0 359.0 49.0 359.0 
2 6 1.77 1.77 82.0 6.0 82.0 289.0 198.0 289.0 515.0 116.0 515.0 626.0 134.0 626.0 359.0 49.0 359.0 399.0 174.0 399.0 
2 3 1.36 1.36 410.0 177.0 410.0 11.0 6.0 11.0 910.0 352.0 910.0 
2 4 1.4 1.4 410.0 177.0 410.0 11.0 6.0 11.0 910.0 352.0 910.0 429.0 16.0 429.0 
2 5 1.54 1.54 410.0 177.0 410.0 11.0 6.0 11.0 910.0 352.0 910.0 429.0 16.0 429.0 581.0 82.0 581.0 
2 6 1.69 1.69 410.0 177.0 410.0 11.0 6.0 11.0 910.0 352.0 910.0 429.0 16.0 429.0 581.0 82.0 581.0 776.0 116.0 776.0 
2 7 1.74 1.74 410.0 177.0 410.0 11.0 6.0 11.0 910.0 352.0 910.0 429.0 16.0 429.0 581.0 82.0 581.0 776.0 116.0 776.0 271.0 14.0 271.0 
2 8 1.91 1.91 410.0 177.0 410.0 11.0 6.0 11.0 910.0 352.0 910.0 429.0 16.0 429.0 581.0 82.0 581.0 776.0 116.0 776.0 271.0 14.0 271.0 616.0 108.0 616.0 
2 9 1.92 1.92 410.0 177.0 410.0 11.0 6.0 11.0 910.0 352.0 910.0 429.0 16.0 429.0 581.0 82.0 581.0 776.0 116.0 776.0 271.0 14.0 271.0 616.0 108.0 616.0 707.0 5.0 707.0 
2 3 1.45 1.45 957.0 3.0 957.0 357.0 269.0 357.0 720.0 502.0 720.0 
2 4 1.83 1.83 957.0 3.0 957.0 357.0 269.0 357.0 720.0 502.0 720.0 842.0 322.0 842.0 
2 5 1.9 1.9 957.0 3.0 957.0 357.0 269.0 357.0 720.0 502.0 720.0 842.0 322.0 842.0 310.0 20.0 310.0 
2 3 1.52 1.52 881.0 336.0 881.0 546.0 154.0 546.0 94.0 81.0 94.0 
2 4 1.93 1.93 881.0 336.0 881.0 546.0 154.0 546.0 94.0 81.0 94.0 849.0 344.0 849.0 
2 3 1.13 1.13 511.0 105.0 511.0 292.0 268.0 292.0 353.0 3.0 353.0 
2 4 1.13 1.13 511.0 105.0 511.0 292.0 268.0 292.0 353.0 3.0 353.0 377.0 1.0 377.0 
2 5 1.57 1.57 511.0 105.0 511.0 292.0 268.0 292.0 353.0 3.0 353.0 377.0 1.0 377.0 303.0 133.0 303.0 
2 6 1.85 1.85 511.0 105.0 511.0 292.0 268.0 292.0 353.0 3.0 353.0 377.0 1.0 377.0 303.0 133.0 303.0 718.0 200.0 718.0 
2 7 1.86 1.86 511.0 105.0 511.0 292.0 268.0 292.0 353.0 3.0 353.0 377.0 1.0 377.0 303.0 133.0 303.0 718.0 200.0 718.0 715.0 12.0 715.0 
2 3 0.31 0.31 296.0 2.0 296.0 941.0 148.0 941.0 727.0 110.0 727.0 
2 4 0.56 0.56 296.0 2.0 296.0 941.0 148.0 941.0 727.0 110.0 727.0 524.0 132.0 524.0 
2 5 0.82 0.82 296.0 2.0 296.0 941.0 148.0 941.0 727.0 110.0 727.0 524.0 132.0 524.0 625.0 162.0 625.0 
2 6 0.87 0.87 296.0 2.0 296.0 941.0 148.0 941.0 727.0 110.0 727.0 524.0 132.0 524.0 625.0 162.0 625.0 312.0 16.0 312.0 
2 7 1.07 1.07 296.0 2.0 296.0 941.0 148.0 941.0 727.0 110.0 727.0 524.0 132.0 524.0 625.0 162.0 625.0 312.0 16.0 312.0 940.0 188.0 940.0 
2 8 1.3 1.3 296.0 2.0 296.0 941.0 148.0 941.0 727.0 110.0 727.0 524.0 132.0 524.0 625.0 162.0 625.0 312.0 16.0 312.0 940.0 188.0 940.0 254.0 58.0 254.0 
2 9 1.65 1.65 296.0 2.0 296.0 941.0 148.0 941.0 727.0 110.0 727.0 524.0 132.0 524.0 625.0 162.0 625.0 312.0 16.0 312.0 940.0 188.0 940.0 254.0 58.0 254.0 632.0 219.0 632.0 
2 10 1.94 1.94 296.0 2.0 296.0 941.0 148.0 941.0 727.0 110.0 727.0 524.0 132.0 524.0 625.0 162.0 625.0 312.0 16.0 312.0 940.0 188.0 940.0 254.0 58.0 254.0 632.0 219.0 632.0 971.0 287.0 971.0 
2 3 0.94 0.94 304.0 62.0 304.0 453.0 330.0 453.0 514.0 5.0 514.0 
2 4 1.03 1.03 304.0 62.0 304.0 453.0 330.0 453.0 514.0 5.0 514.0 595.0 57.0 595.0 
2 5 1.43 1.43 304.0 62.0 304.0 453.0 330.0 453.0 514.0 5.0 514.0 595.0 57.0 595.0 567.0 224.0 567.0 
2 3 0.99 0.99 689.0 304.0 689.0 268.0 105.0 268.0 144.0 23.0 144.0 
2 4 1.12 1.12 689.0 304.0 689.0 268.0 105.0 268.0 144.0 23.0 144.0 842.0 113.0 842.0 
2 5 1.4 1.4 689.0 304.0 689.0 268.0 105.0 268.0 144.0 23.0 144.0 842.0 113.0 842.0 885.0 245.0 885.0 
2 6 1.53 1.53 689.0 304.0 689.0 268.0 105.0 268.0 144.0 23.0 144.0 842.0 113.0 842.0 885.0 245.0 885.0 769.0 100.0 769.0 
2 3 0.52 0.52 890.0 73.0 890.0 667.0 232.0 667.0 630.0 60.0 630.0 
2 4 0.88 0.88 890.0 73.0 890.0 667.0 232.0 667.0 630.0 60.0 630.0 418.0 151.0 418.0 
2 5 1.26 1.26 890.0 73.0 890.0 667.0 232.0 667.0 630.0 60.0 630.0 418.0 151.0 418.0 937.0 358.0 937.0 
2 3 1.21 1.21 639.0 176.0 639.0 71.0 65.0 71.0 445.0 10.0 445.0 
2 4 1.97 1.97 639.0 176.0 639.0 71.0 65.0 71.0 445.0 10.0 445.0 224.0 170.0 224.0 
2 3 1.29 1.29 814.0 410.0 814.0 827.0 71.0 827.0 440.0 310.0 440.0 
2 3 0.94 0.94 55.0 25.0 55.0 803.0 353.0 803.0 505.0 27.0 505.0 
2 4 1.14 1.14 55.0 25.0 55.0 803.0 353.0 803.0 505.0 27.0 505.0 154.0 30.0 154.0 
2 5 1.19 1.19 55.0 25.0 55.0 803.0 353.0 803.0 505.0 27.0 505.0 154.0 30.0 154.0 455.0 26.0 455.0 
2 6 1.59 1.59 55.0 25.0 55.0 803.0 353.0 803.0 505.0 27.0 505.0 154.0 30.0 154.0 455.0 26.0 455.0 339.0 135.0 339.0 
2 3 1.33 1.33 834.0 165.0 834.0 268.0 151.0 268.0 93.0 53.0 93.0 
2 4 1.46 1.46 834.0 165.0 834.0 268.0 151.0 268.0 93.0 53.0 93.0 435.0 57.0 435.0 
2 3 0.25 0.25 233.0 46.0 233.0 372.0 5.0 372.0 283.0 12.0 283.0 
2 4 1.01 1.01 233.0 46.0 233.0 372.0 5.0 372.0 283.0 12.0 283.0 587.0 450.0 587.0 
2 5 1.17 1.17 233.0 46.0 233.0 372.0 5.0 372.0 283.0 12.0 283.0 587.0 450.0 587.0 892.0 135.0 892.0 
2 3 1.64 1.64 635.0 64.0 635.0 248.0 175.0 248.0 212.0 177.0 212.0 
2 4 1.99 1.99 635.0 64.0 635.0 248.0 175.0 248.0 212.0 177.0 212.0 422.0 150.0 422.0 
2 3 0.35 0.35 371.0 25.0 371.0 92.0 16.0 92.0 214.0 24.0 214.0 
2 4 0.75 0.75 371.0 25.0 371.0 92.0 16.0 92.0 214.0 24.0 214.0 773.0 313.0 773.0 
2 5 1.08 1.08 371.0 25.0 371.0 92.0 16.0 92.0 214.0 24.0 214.0 773.0 313.0 773.0 494.0 160.0 494.0 
2 6 1.44 1.44 371.0 25.0 371.0 92.0 16.0 92.0 214.0 24.0 214.0 773.0 313.0 773.0 494.0 160.0 494.0 673.0 242.0 673.0 
2 7 1.49 1.49 371.0 25.0 371.0 92.0 16.0 92.0 214.0 24.0 214.0 773.0 313.0 773.0 494.0 160.0 494.0 673.0 242.0 673.0 56.0 3.0 56.0 
2 8 1.74 1.74 371.0 25.0 371.0 92.0 16.0 92.0 214.0 24.0 214.0 773.0 313.0 773.0 494.0 160.0 494.0 673.0 242.0 673.0 56.0 3.0 56.0 854.0 211.0 854.0 
2 9 1.76 1.76 371.0 25.0 371.0 92.0 16.0 92.0 214.0 24.0 214.0 773.0 313.0 773.0 494.0 160.0 494.0 673.0 242.0 673.0 56.0 3.0 56.0 854.0 211.0 854.0 444.0 10.0 444.0 
2 3 0.87 0.87 152.0 13.0 152.0 462.0 111.0 462.0 320.0 177.0 320.0 
2 4 0.99 0.99 152.0 13.0 152.0 462.0 111.0 462.0 320.0 177.0 320.0 256.0 30.0 256.0 
2 5 1.15 1.15 152.0 13.0 152.0 462.0 111.0 462.0 320.0 177.0 320.0 256.0 30.0 256.0 205.0 33.0 205.0 
2 6 1.52 1.52 152.0 13.0 152.0 462.0 111.0 462.0 320.0 177.0 320.0 256.0 30.0 256.0 205.0 33.0 205.0 22.0 8.0 22.0 
2 7 1.86 1.86 152.0 13.0 152.0 462.0 111.0 462.0 320.0 177.0 320.0 256.0 30.0 256.0 205.0 33.0 205.0 22.0 8.0 22.0 841.0 289.0 841.0 
2 3 1.29 1.29 366.0 303.0 366.0 223.0 75.0 223.0 189.0 24.0 189.0 
2 4 1.63 1.63 366.0 303.0 366.0 223.0 75.0 223.0 189.0 24.0 189.0 228.0 79.0 228.0 
2 3 0.88 0.88 78.0 12.0 78.0 659.0 226.0 659.0 158.0 62.0 158.0 
2 4 1.72 1.72 78.0 12.0 78.0 659.0 226.0 659.0 158.0 62.0 158.0 475.0 397.0 475.0 
2 3 0.63 0.63 546.0 130.0 546.0 390.0 134.0 390.0 659.0 34.0 659.0 
2 4 0.9 0.9 546.0 130.0 546.0 390.0 134.0 390.0 659.0 34.0 659.0 102.0 28.0 102.0 
2 5 1.63 1.63 546.0 130.0 546.0 390.0 134.0 390.0 659.0 34.0 659.0 102.0 28.0 102.0 620.0 451.0 620.0 
2 6 1.67 1.67 546.0 130.0 546.0 390.0 134.0 390.0 659.0 34.0 659.0 102.0 28.0 102.0 620.0 451.0 620.0 84.0 3.0 84.0 
2 3 0.76 0.76 63.0 8.0 63.0 8.0 2.0 8.0 659.0 253.0 659.0 
2 4 1.26 1.26 63.0 8.0 63.0 8.0 2.0 8.0 659.0 253.0 659.0 10.0 5.0 10.0 
2 5 1.38 1.38 63.0 8.0 63.0 8.0 2.0 8.0 659.0 253.0 659.0 10.0 5.0 10.0 146.0 18.0 146.0 
2 6 1.92 1.92 63.0 8.0 63.0 8.0 2.0 8.0 659.0 253.0 659.0 10.0 5.0 10.0 146.0 18.0 146.0 691.0 377.0 691.0 
2 3 1.4 1.4 86.0 44.0 86.0 289.0 17.0 289.0 751.0 629.0 751.0 
2 3 0.46 0.46 65.0 10.0 65.0 932.0 59.0 932.0 4.0 1.0 4.0 
2 4 0.49 0.49 65.0 10.0 65.0 932.0 59.0 932.0 4.0 1.0 4.0 642.0 21.0 642.0 
2 5 0.55 0.55 65.0 10.0 65.0 932.0 59.0 932.0 4.0 1.0 4.0 642.0 21.0 642.0 508.0 30.0 508.0 
2 6 1.41 1.41 65.0 10.0 65.0 932.0 59.0 932.0 4.0 1.0 4.0 642.0 21.0 642.0 508.0 30.0 508.0 670.0 575.0 670.0 
2 7 1.6 1.6 65.0 10.0 65.0 932.0 59.0 932.0 4.0 1.0 4.0 642.0 21.0 642.0 508.0 30.0 508.0 670.0 575.0 670.0 349.0 65.0 349.0 
2 8 1.85 1.85 65.0 10.0 65.0 932.0 59.0 932.0 4.0 1.0 4.0 642.0 21.0 642.0 508.0 30.0 508.0 670.0 575.0 670.0 349.0 65.0 349.0 385.0 98.0 385.0 
2 3 1.01 1.01 668.0 303.0 668.0 933.0 330.0 933.0 475.0 101.0 475.0 
2 4 1.31 1.31 668.0 303.0 668.0 933.0 330.0 933.0 475.0 101.0 475.0 398.0 119.0 398.0 
2 5 1.42 1.42 668.0 303.0 668.0 933.0 330.0 933.0 475.0 101.0 475.0 398.0 119.0 398.0 762.0 83.0 762.0 
2 6 1.54 1.54 668.0 303.0 668.0 933.0 330.0 933.0 475.0 101.0 475.0 398.0 119.0 398.0 762.0 83.0 762.0 237.0 27.0 237.0 
2 3 1.96 1.96 953.0 666.0 953.0 98.0 90.0 98.0 32.0 11.0 32.0 
2 3 1.72 1.72 243.0 171.0 243.0 135.0 102.0 135.0 238.0 63.0 238.0 
2 3 0.51 0.51 278.0 56.0 278.0 9.0 2.0 9.0 244.0 22.0 244.0 
2 4 0.8 0.8 278.0 56.0 278.0 9.0 2.0 9.0 244.0 22.0 244.0 456.0 133.0 456.0 
2 5 0.89 0.89 278.0 56.0 278.0 9.0 2.0 9.0 244.0 22.0 244.0 456.0 133.0 456.0 705.0 63.0 705.0 
2 6 1.07 1.07 278.0 56.0 278.0 9.0 2.0 9.0 244.0 22.0 244.0 456.0 133.0 456.0 705.0 63.0 705.0 580.0 102.0 580.0 
2 7 1.53 1.53 278.0 56.0 278.0 9.0 2.0 9.0 244.0 22.0 244.0 456.0 133.0 456.0 705.0 63.0 705.0 580.0 102.0 580.0 573.0 266.0 573.0 
2 3 1.52 1.52 320.0 29.0 320.0 797.0 547.0 797.0 683.0 511.0 683.0 
2 3 1.9 1.9 78.0 70.0 78.0 167.0 26.0 167.0 234.0 200.0 234.0 
2 4 1.98 1.98 78.0 70.0 78.0 167.0 26.0 167.0 234.0 200.0 234.0 77.0 6.0 77.0 
2 3 0.62 0.62 596.0 219.0 596.0 960.0 231.0 960.0 139.0 2.0 139.0 
2 4 1.35 1.35 596.0 219.0 596.0 960.0 231.0 960.0 139.0 2.0 139.0 442.0 324.0 442.0 
2 5 1.5 1.5 596.0 219.0 596.0 960.0 231.0 960.0 139.0 2.0 139.0 442.0 324.0 442.0 715.0 109.0 715.0 
2 3 1.09 1.09 364.0 19.0 364.0 838.0 492.0 838.0 172.0 78.0 172.0 
2 4 1.86 1.86 364.0 19.0 364.0 838.0 492.0 838.0 172.0 78.0 172.0 142.0 110.0 142.0 
2 3 0.79 0.79 373.0 99.0 373.0 549.0 176.0 549.0 458.0 96.0 458.0 
2 4 1.26 1.26 373.0 99.0 373.0 549.0 176.0 549.0 458.0 96.0 458.0 155.0 72.0 155.0 
2 3 0.61 0.61 432.0 106.0 432.0 344.0 20.0 344.0 154.0 48.0 154.0 
2 4 1.49 1.49 432.0 106.0 432.0 344.0 20.0 344.0 154.0 48.0 154.0 855.0 755.0 855.0 
2 5 1.53 1.53 432.0 106.0 432.0 344.0 20.0 344.0 154.0 48.0 154.0 855.0 755.0 855.0 738.0 25.0 738.0 
2 6 1.77 1.77 432.0 106.0 432.0 344.0 20.0 344.0 154.0 48.0 154.0 855.0 755.0 855.0 738.0 25.0 738.0 551.0 132.0 551.0 
2 3 0.6 0.6 587.0 206.0 587.0 87.0 12.0 87.0 188.0 21.0 188.0 
2 4 1.45 1.45 587.0 206.0 587.0 87.0 12.0 87.0 188.0 21.0 188.0 100.0 85.0 100.0 
2 5 1.96 1.96 587.0 206.0 587.0 87.0 12.0 87.0 188.0 21.0 188.0 100.0 85.0 100.0 109.0 56.0 109.0 
2 3 0.81 0.81 490.0 76.0 490.0 287.0 160.0 287.0 77.0 8.0 77.0 
2 4 1.39 1.39 490.0 76.0 490.0 287.0 160.0 287.0 77.0 8.0 77.0 643.0 375.0 643.0 
2 5 1.81 1.81 490.0 76.0 490.0 287.0 160.0 287.0 77.0 8.0 77.0 643.0 375.0 643.0 29.0 12.0 29.0 
2 3 1.42 1.42 863.0 559.0 863.0 267.0 111.0 267.0 954.0 345.0 954.0 
2 4 1.91 1.91 863.0 559.0 863.0 267.0 111.0 267.0 954.0 345.0 954.0 320.0 157.0 320.0 
2 3 0.7 0.7 920.0 296.0 920.0 215.0 22.0 215.0 665.0 184.0 665.0 
2 4 0.85 0.85 920.0 296.0 920.0 215.0 22.0 215.0 665.0 184.0 665.0 275.0 42.0 275.0 
2 5 1.29 1.29 920.0 296.0 920.0 215.0 22.0 215.0 665.0 184.0 665.0 275.0 42.0 275.0 995.0 444.0 995.0 
2 6 1.45 1.45 920.0 296.0 920.0 215.0 22.0 215.0 665.0 184.0 665.0 275.0 42.0 275.0 995.0 444.0 995.0 214.0 34.0 214.0 
2 7 1.59 1.59 920.0 296.0 920.0 215.0 22.0 215.0 665.0 184.0 665.0 275.0 42.0 275.0 995.0 444.0 995.0 214.0 34.0 214.0 809.0 109.0 809.0 
2 8 1.65 1.65 920.0 296.0 920.0 215.0 22.0 215.0 665.0 184.0 665.0 275.0 42.0 275.0 995.0 444.0 995.0 214.0 34.0 214.0 809.0 109.0 809.0 237.0 14.0 237.0 
2 3 0.82 0.82 761.0 210.0 761.0 748.0 154.0 748.0 38.0 13.0 38.0 
2 4 1.18 1.18 761.0 210.0 761.0 748.0 154.0 748.0 38.0 13.0 38.0 695.0 253.0 695.0 
2 3 1.75 1.75 535.0 415.0 535.0 378.0 114.0 378.0 851.0 573.0 851.0 
2 4 1.78 1.78 535.0 415.0 535.0 378.0 114.0 378.0 851.0 573.0 851.0 886.0 31.0 886.0 
2 5 1.83 1.83 535.0 415.0 535.0 378.0 114.0 378.0 851.0 573.0 851.0 886.0 31.0 886.0 521.0 24.0 521.0 
2 3 0.63 0.63 430.0 105.0 430.0 490.0 59.0 490.0 659.0 181.0 659.0 
2 4 0.91 0.91 430.0 105.0 430.0 490.0 59.0 490.0 659.0 181.0 659.0 622.0 169.0 622.0 
2 5 1.46 1.46 430.0 105.0 430.0 490.0 59.0 490.0 659.0 181.0 659.0 622.0 169.0 622.0 599.0 332.0 599.0 
2 6 1.73 1.73 430.0 105.0 430.0 490.0 59.0 490.0 659.0 181.0 659.0 622.0 169.0 622.0 599.0 332.0 599.0 334.0 91.0 334.0 
2 7 1.99 1.99 430.0 105.0 430.0 490.0 59.0 490.0 659.0 181.0 659.0 622.0 169.0 622.0 599.0 332.0 599.0 334.0 91.0 334.0 406.0 104.0 406.0 
2 3 0.89 0.89 654.0 427.0 654.0 241.0 25.0 241.0 869.0 117.0 869.0 
2 4 1.74 1.74 654.0 427.0 654.0 241.0 25.0 241.0 869.0 117.0 869.0 497.0 422.0 497.0 
2 3 1.25 1.25 601.0 352.0 601.0 386.0 136.0 386.0 124.0 39.0 124.0 
2 4 1.42 1.42 601.0 352.0 601.0 386.0 136.0 386.0 124.0 39.0 124.0 538.0 94.0 538.0 
2 5 1.47 1.47 601.0 352.0 601.0 386.0 136.0 386.0 124.0 39.0 124.0 538.0 94.0 538.0 23.0 1.0 23.0 
2 6 1.63 1.63 601.0 352.0 601.0 386.0 136.0 386.0 124.0 39.0 124.0 538.0 94.0 538.0 23.0 1.0 23.0 663.0 107.0 663.0 
2 7 1.7 1.7 601.0 352.0 601.0 386.0 136.0 386.0 124.0 39.0 124.0 538.0 94.0 538.0 23.0 1.0 23.0 663.0 107.0 663.0 811.0 57.0 811.0 
2 8 1.81 1.81 601.0 352.0 601.0 386.0 136.0 386.0 124.0 39.0 124.0 538.0 94.0 538.0 23.0 1.0 23.0 663.0 107.0 663.0 811.0 57.0 811.0 932.0 106.0 932.0 
2 9 1.85 1.85 601.0 352.0 601.0 386.0 136.0 386.0 124.0 39.0 124.0 538.0 94.0 538.0 23.0 1.0 23.0 663.0 107.0 663.0 811.0 57.0 811.0 932.0 106.0 932.0 885.0 33.0 885.0 
2 10 1.99 1.99 601.0 352.0 601.0 386.0 136.0 386.0 124.0 39.0 124.0 538.0 94.0 538.0 23.0 1.0 23.0 663.0 107.0 663.0 811.0 57.0 811.0 932.0 106.0 932.0 885.0 33.0 885.0 912.0 131.0 912.0 
2 3 1.65 1.65 890.0 564.0 890.0 621.0 291.0 621.0 944.0 521.0 944.0 
2 3 0.87 0.87 959.0 209.0 959.0 714.0 312.0 714.0 803.0 176.0 803.0 
2 4 0.93 0.93 959.0 209.0 959.0 714.0 312.0 714.0 803.0 176.0 803.0 33.0 2.0 33.0 
2 5 1.12 1.12 959.0 209.0 959.0 714.0 312.0 714.0 803.0 176.0 803.0 33.0 2.0 33.0 686.0 128.0 686.0 
2 6 1.3 1.3 959.0 209.0 959.0 714.0 312.0 714.0 803.0 176.0 803.0 33.0 2.0 33.0 686.0 128.0 686.0 732.0 135.0 732.0 
2 7 1.57 1.57 959.0 209.0 959.0 714.0 312.0 714.0 803.0 176.0 803.0 33.0 2.0 33.0 686.0 128.0 686.0 732.0 135.0 732.0 618.0 167.0 618.0 
2 8 1.92 1.92 959.0 209.0 959.0 714.0 312.0 714.0 803.0 176.0 803.0 33.0 2.0 33.0 686.0 128.0 686.0 732.0 135.0 732.0 618.0 167.0 618.0 126.0 44.0 126.0 
2 3 1.11 1.11 477.0 383.0 477.0 902.0 146.0 902.0 521.0 76.0 521.0 
2 4 1.16 1.16 477.0 383.0 477.0 902.0 146.0 902.0 521.0 76.0 521.0 573.0 32.0 573.0 
2 5 1.21 1.21 477.0 383.0 477.0 902.0 146.0 902.0 521.0 76.0 521.0 573.0 32.0 573.0 399.0 18.0 399.0 
2 6 1.98 1.98 477.0 383.0 477.0 902.0 146.0 902.0 521.0 76.0 521.0 573.0 32.0 573.0 399.0 18.0 399.0 263.0 204.0 263.0 
2 7 1.99 1.99 477.0 383.0 477.0 902.0 146.0 902.0 521.0 76.0 521.0 573.0 32.0 573.0 399.0 18.0 399.0 263.0 204.0 263.0 185.0 1.0 185.0 
2 3 0.45 0.45 938.0 15.0 938.0 70.0 19.0 70.0 272.0 45.0 272.0 
2 4 0.73 0.73 938.0 15.0 938.0 70.0 19.0 70.0 272.0 45.0 272.0 922.0 258.0 922.0 
2 5 1.0 1.0 938.0 15.0 938.0 70.0 19.0 70.0 272.0 45.0 272.0 922.0 258.0 922.0 142.0 38.0 142.0 
2 6 1.03 1.03 938.0 15.0 938.0 70.0 19.0 70.0 272.0 45.0 272.0 922.0 258.0 922.0 142.0 38.0 142.0 631.0 21.0 631.0 
2 7 1.25 1.25 938.0 15.0 938.0 70.0 19.0 70.0 272.0 45.0 272.0 922.0 258.0 922.0 142.0 38.0 142.0 631.0 21.0 631.0 752.0 165.0 752.0 
2 8 1.53 1.53 938.0 15.0 938.0 70.0 19.0 70.0 272.0 45.0 272.0 922.0 258.0 922.0 142.0 38.0 142.0 631.0 21.0 631.0 752.0 165.0 752.0 946.0 270.0 946.0 
2 9 1.73 1.73 938.0 15.0 938.0 70.0 19.0 70.0 272.0 45.0 272.0 922.0 258.0 922.0 142.0 38.0 142.0 631.0 21.0 631.0 752.0 165.0 752.0 946.0 270.0 946.0 496.0 96.0 496.0 
2 10 1.94 1.94 938.0 15.0 938.0 70.0 19.0 70.0 272.0 45.0 272.0 922.0 258.0 922.0 142.0 38.0 142.0 631.0 21.0 631.0 752.0 165.0 752.0 946.0 270.0 946.0 496.0 96.0 496.0 955.0 202.0 955.0 
2 3 1.23 1.23 545.0 362.0 545.0 417.0 46.0 417.0 466.0 214.0 466.0 
2 4 1.26 1.26 545.0 362.0 545.0 417.0 46.0 417.0 466.0 214.0 466.0 35.0 1.0 35.0 
2 5 1.42 1.42 545.0 362.0 545.0 417.0 46.0 417.0 466.0 214.0 466.0 35.0 1.0 35.0 441.0 71.0 441.0 
2 6 1.67 1.67 545.0 362.0 545.0 417.0 46.0 417.0 466.0 214.0 466.0 35.0 1.0 35.0 441.0 71.0 441.0 168.0 43.0 168.0 
2 7 1.7 1.7 545.0 362.0 545.0 417.0 46.0 417.0 466.0 214.0 466.0 35.0 1.0 35.0 441.0 71.0 441.0 168.0 43.0 168.0 667.0 17.0 667.0 
2 3 0.26 0.26 524.0 25.0 524.0 469.0 96.0 469.0 115.0 2.0 115.0 
2 4 0.3 0.3 524.0 25.0 524.0 469.0 96.0 469.0 115.0 2.0 115.0 385.0 14.0 385.0 
2 5 1.03 1.03 524.0 25.0 524.0 469.0 96.0 469.0 115.0 2.0 115.0 385.0 14.0 385.0 428.0 313.0 428.0 
2 6 1.88 1.88 524.0 25.0 524.0 469.0 96.0 469.0 115.0 2.0 115.0 385.0 14.0 385.0 428.0 313.0 428.0 883.0 749.0 883.0 
2 3 0.47 0.47 632.0 98.0 632.0 607.0 94.0 607.0 757.0 123.0 757.0 
2 4 0.63 0.63 632.0 98.0 632.0 607.0 94.0 607.0 757.0 123.0 757.0 441.0 71.0 441.0 
2 5 0.71 0.71 632.0 98.0 632.0 607.0 94.0 607.0 757.0 123.0 757.0 441.0 71.0 441.0 301.0 25.0 301.0 
2 6 0.71 0.71 632.0 98.0 632.0 607.0 94.0 607.0 757.0 123.0 757.0 441.0 71.0 441.0 301.0 25.0 301.0 373.0 1.0 373.0 
2 7 0.78 0.78 632.0 98.0 632.0 607.0 94.0 607.0 757.0 123.0 757.0 441.0 71.0 441.0 301.0 25.0 301.0 373.0 1.0 373.0 247.0 16.0 247.0 
2 8 1.57 1.57 632.0 98.0 632.0 607.0 94.0 607.0 757.0 123.0 757.0 441.0 71.0 441.0 301.0 25.0 301.0 373.0 1.0 373.0 247.0 16.0 247.0 527.0 419.0 527.0 
2 9 1.91 1.91 632.0 98.0 632.0 607.0 94.0 607.0 757.0 123.0 757.0 441.0 71.0 441.0 301.0 25.0 301.0 373.0 1.0 373.0 247.0 16.0 247.0 527.0 419.0 527.0 274.0 93.0 274.0 
2 10 1.93 1.93 632.0 98.0 632.0 607.0 94.0 607.0 757.0 123.0 757.0 441.0 71.0 441.0 301.0 25.0 301.0 373.0 1.0 373.0 247.0 16.0 247.0 527.0 419.0 527.0 274.0 93.0 274.0 748.0 10.0 748.0 
2 3 1.83 1.83 19.0 10.0 19.0 406.0 314.0 406.0 536.0 287.0 536.0 
2 4 1.98 1.98 19.0 10.0 19.0 406.0 314.0 406.0 536.0 287.0 536.0 26.0 4.0 26.0 
2 3 0.33 0.33 914.0 24.0 914.0 519.0 94.0 519.0 143.0 18.0 143.0 
2 4 0.47 0.47 914.0 24.0 914.0 519.0 94.0 519.0 143.0 18.0 143.0 939.0 129.0 939.0 
2 5 0.81 0.81 914.0 24.0 914.0 519.0 94.0 519.0 143.0 18.0 143.0 939.0 129.0 939.0 955.0 333.0 955.0 
2 6 1.16 1.16 914.0 24.0 914.0 519.0 94.0 519.0 143.0 18.0 143.0 939.0 129.0 939.0 955.0 333.0 955.0 860.0 301.0 860.0 
2 7 1.73 1.73 914.0 24.0 914.0 519.0 94.0 519.0 143.0 18.0 143.0 939.0 129.0 939.0 955.0 333.0 955.0 860.0 301.0 860.0 790.0 447.0 790.0 
2 3 1.13 1.13 103.0 61.0 103.0 804.0 161.0 804.0 551.0 188.0 551.0 
2 4 1.5 1.5 103.0 61.0 103.0 804.0 161.0 804.0 551.0 188.0 551.0 757.0 281.0 757.0 
2 5 1.55 1.55 103.0 61.0 103.0 804.0 161.0 804.0 551.0 188.0 551.0 757.0 281.0 757.0 681.0 35.0 681.0 
2 6 1.83 1.83 103.0 61.0 103.0 804.0 161.0 804.0 551.0 188.0 551.0 757.0 281.0 757.0 681.0 35.0 681.0 708.0 200.0 708.0 
2 3 0.86 0.86 698.0 384.0 698.0 706.0 167.0 706.0 524.0 40.0 524.0 
2 4 1.24 1.24 698.0 384.0 698.0 706.0 167.0 706.0 524.0 40.0 524.0 831.0 320.0 831.0 
2 5 1.51 1.51 698.0 384.0 698.0 706.0 167.0 706.0 524.0 40.0 524.0 831.0 320.0 831.0 347.0 92.0 347.0 
2 6 1.62 1.62 698.0 384.0 698.0 706.0 167.0 706.0 524.0 40.0 524.0 831.0 320.0 831.0 347.0 92.0 347.0 496.0 53.0 496.0 
2 7 1.9 1.9 698.0 384.0 698.0 706.0 167.0 706.0 524.0 40.0 524.0 831.0 320.0 831.0 347.0 92.0 347.0 496.0 53.0 496.0 822.0 234.0 822.0 
2 3 1.77 1.77 589.0 328.0 589.0 887.0 218.0 887.0 821.0 799.0 821.0 
2 4 1.91 1.91 589.0 328.0 589.0 887.0 218.0 887.0 821.0 799.0 821.0 71.0 10.0 71.0 
2 3 1.31 1.31 838.0 713.0 838.0 970.0 156.0 970.0 336.0 103.0 336.0 
2 3 1.11 1.11 606.0 40.0 606.0 584.0 174.0 584.0 606.0 458.0 606.0 
2 4 1.22 1.22 606.0 40.0 606.0 584.0 174.0 584.0 606.0 458.0 606.0 545.0 55.0 545.0 
2 5 1.22 1.22 606.0 40.0 606.0 584.0 174.0 584.0 606.0 458.0 606.0 545.0 55.0 545.0 970.0 5.0 970.0 
2 3 0.65 0.65 87.0 31.0 87.0 886.0 8.0 886.0 247.0 71.0 247.0 
2 4 1.46 1.46 87.0 31.0 87.0 886.0 8.0 886.0 247.0 71.0 247.0 147.0 120.0 147.0 
2 5 1.89 1.89 87.0 31.0 87.0 886.0 8.0 886.0 247.0 71.0 247.0 147.0 120.0 147.0 910.0 383.0 910.0 
2 3 0.67 0.67 158.0 38.0 158.0 436.0 46.0 436.0 926.0 302.0 926.0 
2 4 1.48 1.48 158.0 38.0 158.0 436.0 46.0 436.0 926.0 302.0 926.0 762.0 619.0 762.0 
2 5 1.53 1.53 158.0 38.0 158.0 436.0 46.0 436.0 926.0 302.0 926.0 762.0 619.0 762.0 319.0 16.0 319.0 
2 6 1.67 1.67 158.0 38.0 158.0 436.0 46.0 436.0 926.0 302.0 926.0 762.0 619.0 762.0 319.0 16.0 319.0 733.0 101.0 733.0 
2 3 1.44 1.44 262.0 243.0 262.0 407.0 50.0 407.0 128.0 50.0 128.0 
2 4 1.61 1.61 262.0 243.0 262.0 407.0 50.0 407.0 128.0 50.0 128.0 843.0 150.0 843.0 
2 5 1.65 1.65 262.0 243.0 262.0 407.0 50.0 407.0 128.0 50.0 128.0 843.0 150.0 843.0 310.0 10.0 310.0 
2 6 1.71 1.71 262.0 243.0 262.0 407.0 50.0 407.0 128.0 50.0 128.0 843.0 150.0 843.0 310.0 10.0 310.0 522.0 32.0 522.0 
2 3 1.29 1.29 464.0 393.0 464.0 783.0 242.0 783.0 43.0 6.0 43.0 
2 4 1.96 1.96 464.0 393.0 464.0 783.0 242.0 783.0 43.0 6.0 43.0 18.0 12.0 18.0 
2 3 0.89 0.89 43.0 5.0 43.0 937.0 717.0 937.0 849.0 10.0 849.0 
2 4 1.21 1.21 43.0 5.0 43.0 937.0 717.0 937.0 849.0 10.0 849.0 724.0 235.0 724.0 
2 5 1.34 1.34 43.0 5.0 43.0 937.0 717.0 937.0 849.0 10.0 849.0 724.0 235.0 724.0 883.0 115.0 883.0 
2 6 1.91 1.91 43.0 5.0 43.0 937.0 717.0 937.0 849.0 10.0 849.0 724.0 235.0 724.0 883.0 115.0 883.0 806.0 453.0 806.0 
2 3 0.6 0.6 846.0 219.0 846.0 756.0 11.0 756.0 745.0 244.0 745.0 
2 4 1.37 1.37 846.0 219.0 846.0 756.0 11.0 756.0 745.0 244.0 745.0 312.0 240.0 312.0 
2 5 1.7 1.7 846.0 219.0 846.0 756.0 11.0 756.0 745.0 244.0 745.0 312.0 240.0 312.0 238.0 80.0 238.0 
2 3 1.37 1.37 262.0 100.0 262.0 21.0 15.0 21.0 965.0 270.0 965.0 
2 4 1.43 1.43 262.0 100.0 262.0 21.0 15.0 21.0 965.0 270.0 965.0 393.0 25.0 393.0 
2 5 1.56 1.56 262.0 100.0 262.0 21.0 15.0 21.0 965.0 270.0 965.0 393.0 25.0 393.0 429.0 52.0 429.0 
2 3 1.43 1.43 619.0 196.0 619.0 800.0 464.0 800.0 189.0 102.0 189.0 
2 3 0.95 0.95 216.0 30.0 216.0 622.0 326.0 622.0 227.0 66.0 227.0 
2 4 1.42 1.42 216.0 30.0 216.0 622.0 326.0 622.0 227.0 66.0 227.0 693.0 326.0 693.0 
2 5 1.51 1.51 216.0 30.0 216.0 622.0 326.0 622.0 227.0 66.0 227.0 693.0 326.0 693.0 107.0 10.0 107.0 
2 6 1.74 1.74 216.0 30.0 216.0 622.0 326.0 622.0 227.0 66.0 227.0 693.0 326.0 693.0 107.0 10.0 107.0 610.0 139.0 610.0 
2 7 1.81 1.81 216.0 30.0 216.0 622.0 326.0 622.0 227.0 66.0 227.0 693.0 326.0 693.0 107.0 10.0 107.0 610.0 139.0 610.0 338.0 23.0 338.0 
2 3 1.95 1.95 87.0 68.0 87.0 489.0 123.0 489.0 585.0 542.0 585.0 
2 3 1.25 1.25 592.0 384.0 592.0 944.0 444.0 944.0 858.0 115.0 858.0 
2 4 1.61 1.61 592.0 384.0 592.0 944.0 444.0 944.0 858.0 115.0 858.0 934.0 338.0 934.0 
2 3 1.18 1.18 449.0 40.0 449.0 642.0 484.0 642.0 828.0 285.0 828.0 
2 4 1.76 1.76 449.0 40.0 449.0 642.0 484.0 642.0 828.0 285.0 828.0 142.0 82.0 142.0 
2 3 0.28 0.28 720.0 105.0 720.0 407.0 32.0 407.0 313.0 18.0 313.0 
2 4 1.08 1.08 720.0 105.0 720.0 407.0 32.0 407.0 313.0 18.0 313.0 911.0 729.0 911.0 
2 5 1.99 1.99 720.0 105.0 720.0 407.0 32.0 407.0 313.0 18.0 313.0 911.0 729.0 911.0 283.0 258.0 283.0 
2 3 0.12 0.12 47.0 4.0 47.0 425.0 4.0 425.0 555.0 19.0 555.0 
2 4 1.09 1.09 47.0 4.0 47.0 425.0 4.0 425.0 555.0 19.0 555.0 689.0 665.0 689.0 
2 5 1.15 1.15 47.0 4.0 47.0 425.0 4.0 425.0 555.0 19.0 555.0 689.0 665.0 689.0 994.0 62.0 994.0 
2 6 1.72 1.72 47.0 4.0 47.0 425.0 4.0 425.0 555.0 19.0 555.0 689.0 665.0 689.0 994.0 62.0 994.0 199.0 114.0 199.0 
2 7 1.73 1.73 47.0 4.0 47.0 425.0 4.0 425.0 555.0 19.0 555.0 689.0 665.0 689.0 994.0 62.0 994.0 199.0 114.0 199.0 883.0 6.0 883.0 
2 8 1.74 1.74 47.0 4.0 47.0 425.0 4.0 425.0 555.0 19.0 555.0 689.0 665.0 689.0 994.0 62.0 994.0 199.0 114.0 199.0 883.0 6.0 883.0 430.0 3.0 430.0 
2 9 1.75 1.75 47.0 4.0 47.0 425.0 4.0 425.0 555.0 19.0 555.0 689.0 665.0 689.0 994.0 62.0 994.0 199.0 114.0 199.0 883.0 6.0 883.0 430.0 3.0 430.0 603.0 9.0 603.0 
2 3 0.85 0.85 796.0 206.0 796.0 290.0 93.0 290.0 679.0 190.0 679.0 
2 4 1.4 1.4 796.0 206.0 796.0 290.0 93.0 290.0 679.0 190.0 679.0 405.0 223.0 405.0 
2 5 1.69 1.69 796.0 206.0 796.0 290.0 93.0 290.0 679.0 190.0 679.0 405.0 223.0 405.0 520.0 149.0 520.0 
2 3 0.89 0.89 470.0 21.0 470.0 27.0 13.0 27.0 663.0 246.0 663.0 
2 4 0.92 0.92 470.0 21.0 470.0 27.0 13.0 27.0 663.0 246.0 663.0 34.0 1.0 34.0 
2 5 1.23 1.23 470.0 21.0 470.0 27.0 13.0 27.0 663.0 246.0 663.0 34.0 1.0 34.0 978.0 306.0 978.0 
2 6 1.31 1.31 470.0 21.0 470.0 27.0 13.0 27.0 663.0 246.0 663.0 34.0 1.0 34.0 978.0 306.0 978.0 573.0 46.0 573.0 
2 7 1.41 1.41 470.0 21.0 470.0 27.0 13.0 27.0 663.0 246.0 663.0 34.0 1.0 34.0 978.0 306.0 978.0 573.0 46.0 573.0 10.0 1.0 10.0 
2 8 1.54 1.54 470.0 21.0 470.0 27.0 13.0 27.0 663.0 246.0 663.0 34.0 1.0 34.0 978.0 306.0 978.0 573.0 46.0 573.0 10.0 1.0 10.0 341.0 44.0 341.0 
2 9 1.85 1.85 470.0 21.0 470.0 27.0 13.0 27.0 663.0 246.0 663.0 34.0 1.0 34.0 978.0 306.0 978.0 573.0 46.0 573.0 10.0 1.0 10.0 341.0 44.0 341.0 710.0 214.0 710.0 
2 3 1.02 1.02 762.0 567.0 762.0 231.0 42.0 231.0 149.0 15.0 149.0 
2 4 1.06 1.06 762.0 567.0 762.0 231.0 42.0 231.0 149.0 15.0 149.0 554.0 19.0 554.0 
2 5 1.17 1.17 762.0 567.0 762.0 231.0 42.0 231.0 149.0 15.0 149.0 554.0 19.0 554.0 998.0 118.0 998.0 
2 6 1.23 1.23 762.0 567.0 762.0 231.0 42.0 231.0 149.0 15.0 149.0 554.0 19.0 554.0 998.0 118.0 998.0 19.0 1.0 19.0 
2 7 1.53 1.53 762.0 567.0 762.0 231.0 42.0 231.0 149.0 15.0 149.0 554.0 19.0 554.0 998.0 118.0 998.0 19.0 1.0 19.0 10.0 3.0 10.0 
2 8 1.7 1.7 762.0 567.0 762.0 231.0 42.0 231.0 149.0 15.0 149.0 554.0 19.0 554.0 998.0 118.0 998.0 19.0 1.0 19.0 10.0 3.0 10.0 682.0 120.0 682.0 
2 9 1.72 1.72 762.0 567.0 762.0 231.0 42.0 231.0 149.0 15.0 149.0 554.0 19.0 554.0 998.0 118.0 998.0 19.0 1.0 19.0 10.0 3.0 10.0 682.0 120.0 682.0 118.0 2.0 118.0 
2 3 0.61 0.61 99.0 39.0 99.0 939.0 196.0 939.0 997.0 17.0 997.0 
2 4 1.17 1.17 99.0 39.0 99.0 939.0 196.0 939.0 997.0 17.0 997.0 433.0 239.0 433.0 
2 5 1.29 1.29 99.0 39.0 99.0 939.0 196.0 939.0 997.0 17.0 997.0 433.0 239.0 433.0 149.0 19.0 149.0 
2 6 1.35 1.35 99.0 39.0 99.0 939.0 196.0 939.0 997.0 17.0 997.0 433.0 239.0 433.0 149.0 19.0 149.0 788.0 44.0 788.0 
2 3 1.7 1.7 173.0 82.0 173.0 368.0 180.0 368.0 784.0 584.0 784.0 
2 4 1.85 1.85 173.0 82.0 173.0 368.0 180.0 368.0 784.0 584.0 784.0 909.0 134.0 909.0 
2 3 0.3 0.3 302.0 39.0 302.0 573.0 22.0 573.0 864.0 119.0 864.0 
2 4 0.94 0.94 302.0 39.0 302.0 573.0 22.0 573.0 864.0 119.0 864.0 129.0 83.0 129.0 
2 5 0.99 0.99 302.0 39.0 302.0 573.0 22.0 573.0 864.0 119.0 864.0 129.0 83.0 129.0 554.0 27.0 554.0 
2 6 1.05 1.05 302.0 39.0 302.0 573.0 22.0 573.0 864.0 119.0 864.0 129.0 83.0 129.0 554.0 27.0 554.0 412.0 24.0 412.0 
2 7 1.63 1.63 302.0 39.0 302.0 573.0 22.0 573.0 864.0 119.0 864.0 129.0 83.0 129.0 554.0 27.0 554.0 412.0 24.0 412.0 271.0 157.0 271.0 
2 8 1.95 1.95 302.0 39.0 302.0 573.0 22.0 573.0 864.0 119.0 864.0 129.0 83.0 129.0 554.0 27.0 554.0 412.0 24.0 412.0 271.0 157.0 271.0 66.0 21.0 66.0 
2 3 0.65 0.65 838.0 429.0 838.0 475.0 20.0 475.0 424.0 42.0 424.0 
2 4 0.99 0.99 838.0 429.0 838.0 475.0 20.0 475.0 424.0 42.0 424.0 836.0 283.0 836.0 
2 5 1.5 1.5 838.0 429.0 838.0 475.0 20.0 475.0 424.0 42.0 424.0 836.0 283.0 836.0 491.0 251.0 491.0 
2 6 1.8 1.8 838.0 429.0 838.0 475.0 20.0 475.0 424.0 42.0 424.0 836.0 283.0 836.0 491.0 251.0 491.0 313.0 96.0 313.0 
2 3 0.41 0.41 49.0 14.0 49.0 310.0 27.0 310.0 442.0 20.0 442.0 
2 4 0.49 0.49 49.0 14.0 49.0 310.0 27.0 310.0 442.0 20.0 442.0 750.0 61.0 750.0 
2 5 0.98 0.98 49.0 14.0 49.0 310.0 27.0 310.0 442.0 20.0 442.0 750.0 61.0 750.0 786.0 382.0 786.0 
2 6 1.03 1.03 49.0 14.0 49.0 310.0 27.0 310.0 442.0 20.0 442.0 750.0 61.0 750.0 786.0 382.0 786.0 914.0 41.0 914.0 
2 7 1.38 1.38 49.0 14.0 49.0 310.0 27.0 310.0 442.0 20.0 442.0 750.0 61.0 750.0 786.0 382.0 786.0 914.0 41.0 914.0 667.0 238.0 667.0 
2 3 0.69 0.69 870.0 487.0 870.0 647.0 61.0 647.0 950.0 41.0 950.0 
2 4 0.8 0.8 870.0 487.0 870.0 647.0 61.0 647.0 950.0 41.0 950.0 584.0 64.0 584.0 
2 5 1.37 1.37 870.0 487.0 870.0 647.0 61.0 647.0 950.0 41.0 950.0 584.0 64.0 584.0 782.0 441.0 782.0 
2 6 1.64 1.64 870.0 487.0 870.0 647.0 61.0 647.0 950.0 41.0 950.0 584.0 64.0 584.0 782.0 441.0 782.0 731.0 203.0 731.0 
2 7 1.99 1.99 870.0 487.0 870.0 647.0 61.0 647.0 950.0 41.0 950.0 584.0 64.0 584.0 782.0 441.0 782.0 731.0 203.0 731.0 128.0 44.0 128.0 
2 3 1.02 1.02 668.0 77.0 668.0 597.0 416.0 597.0 561.0 117.0 561.0 
2 4 1.62 1.62 668.0 77.0 668.0 597.0 416.0 597.0 561.0 117.0 561.0 472.0 287.0 472.0 
2 5 1.77 1.77 668.0 77.0 668.0 597.0 416.0 597.0 561.0 117.0 561.0 472.0 287.0 472.0 163.0 24.0 163.0 
2 3 1.05 1.05 579.0 118.0 579.0 288.0 78.0 288.0 390.0 228.0 390.0 
2 4 1.5 1.5 579.0 118.0 579.0 288.0 78.0 288.0 390.0 228.0 390.0 65.0 29.0 65.0 
2 5 1.85 1.85 579.0 118.0 579.0 288.0 78.0 288.0 390.0 228.0 390.0 65.0 29.0 65.0 813.0 288.0 813.0 
2 3 0.99 0.99 329.0 59.0 329.0 181.0 51.0 181.0 289.0 155.0 289.0 
2 4 1.63 1.63 329.0 59.0 329.0 181.0 51.0 181.0 289.0 155.0 289.0 830.0 531.0 830.0 
2 5 1.89 1.89 329.0 59.0 329.0 181.0 51.0 181.0 289.0 155.0 289.0 830.0 531.0 830.0 571.0 145.0 571.0 
2 3 1.12 1.12 941.0 204.0 941.0 510.0 358.0 510.0 354.0 74.0 354.0 
2 4 1.13 1.13 941.0 204.0 941.0 510.0 358.0 510.0 354.0 74.0 354.0 246.0 1.0 246.0 
2 5 1.88 1.88 941.0 204.0 941.0 510.0 358.0 510.0 354.0 74.0 354.0 246.0 1.0 246.0 786.0 590.0 786.0 
2 6 1.96 1.96 941.0 204.0 941.0 510.0 358.0 510.0 354.0 74.0 354.0 246.0 1.0 246.0 786.0 590.0 786.0 378.0 33.0 378.0 
2 3 1.03 1.03 935.0 236.0 935.0 353.0 273.0 353.0 930.0 8.0 930.0 
2 3 0.29 0.29 747.0 178.0 747.0 232.0 10.0 232.0 911.0 16.0 911.0 
2 4 0.56 0.56 747.0 178.0 747.0 232.0 10.0 232.0 911.0 16.0 911.0 359.0 96.0 359.0 
2 5 0.73 0.73 747.0 178.0 747.0 232.0 10.0 232.0 911.0 16.0 911.0 359.0 96.0 359.0 614.0 103.0 614.0 
2 6 0.95 0.95 747.0 178.0 747.0 232.0 10.0 232.0 911.0 16.0 911.0 359.0 96.0 359.0 614.0 103.0 614.0 989.0 217.0 989.0 
2 7 1.46 1.46 747.0 178.0 747.0 232.0 10.0 232.0 911.0 16.0 911.0 359.0 96.0 359.0 614.0 103.0 614.0 989.0 217.0 989.0 766.0 395.0 766.0 
2 8 1.87 1.87 747.0 178.0 747.0 232.0 10.0 232.0 911.0 16.0 911.0 359.0 96.0 359.0 614.0 103.0 614.0 989.0 217.0 989.0 766.0 395.0 766.0 435.0 176.0 435.0 
2 3 0.93 0.93 718.0 358.0 718.0 738.0 16.0 738.0 718.0 300.0 718.0 
2 4 1.04 1.04 718.0 358.0 718.0 738.0 16.0 738.0 718.0 300.0 718.0 171.0 18.0 171.0 
2 5 1.14 1.14 718.0 358.0 718.0 738.0 16.0 738.0 718.0 300.0 718.0 171.0 18.0 171.0 612.0 60.0 612.0 
2 6 1.6 1.6 718.0 358.0 718.0 738.0 16.0 738.0 718.0 300.0 718.0 171.0 18.0 171.0 612.0 60.0 612.0 587.0 270.0 587.0 
2 3 1.82 1.82 999.0 210.0 999.0 556.0 435.0 556.0 386.0 322.0 386.0 
2 3 1.04 1.04 852.0 154.0 852.0 63.0 32.0 63.0 680.0 240.0 680.0 
2 4 1.32 1.32 852.0 154.0 852.0 63.0 32.0 63.0 680.0 240.0 680.0 566.0 162.0 566.0 
2 5 1.75 1.75 852.0 154.0 852.0 63.0 32.0 63.0 680.0 240.0 680.0 566.0 162.0 566.0 718.0 305.0 718.0 
2 6 1.95 1.95 852.0 154.0 852.0 63.0 32.0 63.0 680.0 240.0 680.0 566.0 162.0 566.0 718.0 305.0 718.0 649.0 132.0 649.0 
2 3 1.79 1.79 551.0 420.0 551.0 855.0 683.0 855.0 972.0 230.0 972.0 
2 3 1.04 1.04 881.0 653.0 881.0 225.0 17.0 225.0 156.0 35.0 156.0 
2 4 1.36 1.36 881.0 653.0 881.0 225.0 17.0 225.0 156.0 35.0 156.0 246.0 79.0 246.0 
2 5 1.39 1.39 881.0 653.0 881.0 225.0 17.0 225.0 156.0 35.0 156.0 246.0 79.0 246.0 529.0 16.0 529.0 
2 3 0.91 0.91 65.0 27.0 65.0 615.0 27.0 615.0 791.0 360.0 791.0 
2 4 1.0 1.0 65.0 27.0 65.0 615.0 27.0 615.0 791.0 360.0 791.0 547.0 52.0 547.0 
2 5 1.66 1.66 65.0 27.0 65.0 615.0 27.0 615.0 791.0 360.0 791.0 547.0 52.0 547.0 822.0 537.0 822.0 
2 3 1.68 1.68 966.0 677.0 966.0 105.0 7.0 105.0 710.0 649.0 710.0 
2 3 1.04 1.04 611.0 251.0 611.0 35.0 16.0 35.0 90.0 16.0 90.0 
2 4 1.17 1.17 611.0 251.0 611.0 35.0 16.0 35.0 90.0 16.0 90.0 976.0 125.0 976.0 
2 5 1.79 1.79 611.0 251.0 611.0 35.0 16.0 35.0 90.0 16.0 90.0 976.0 125.0 976.0 256.0 158.0 256.0 
2 3 1.26 1.26 873.0 92.0 873.0 831.0 232.0 831.0 807.0 710.0 807.0 
2 4 1.43 1.43 873.0 92.0 873.0 831.0 232.0 831.0 807.0 710.0 807.0 815.0 136.0 815.0 
2 5 1.81 1.81 873.0 92.0 873.0 831.0 232.0 831.0 807.0 710.0 807.0 815.0 136.0 815.0 801.0 305.0 801.0 
2 6 1.96 1.96 873.0 92.0 873.0 831.0 232.0 831.0 807.0 710.0 807.0 815.0 136.0 815.0 801.0 305.0 801.0 258.0 39.0 258.0 
2 3 0.76 0.76 999.0 238.0 999.0 293.0 30.0 293.0 781.0 332.0 781.0 
2 4 1.53 1.53 999.0 238.0 999.0 293.0 30.0 293.0 781.0 332.0 781.0 320.0 245.0 320.0 
2 5 1.8 1.8 999.0 238.0 999.0 293.0 30.0 293.0 781.0 332.0 781.0 320.0 245.0 320.0 291.0 80.0 291.0 
2 3 1.03 1.03 520.0 250.0 520.0 3.0 1.0 3.0 118.0 26.0 118.0 
2 4 1.21 1.21 520.0 250.0 520.0 3.0 1.0 3.0 118.0 26.0 118.0 915.0 167.0 915.0 
2 5 1.27 1.27 520.0 250.0 520.0 3.0 1.0 3.0 118.0 26.0 118.0 915.0 167.0 915.0 922.0 55.0 922.0 
2 3 0.55 0.55 162.0 8.0 162.0 863.0 358.0 863.0 443.0 40.0 443.0 
2 4 0.88 0.88 162.0 8.0 162.0 863.0 358.0 863.0 443.0 40.0 443.0 916.0 301.0 916.0 
2 5 1.07 1.07 162.0 8.0 162.0 863.0 358.0 863.0 443.0 40.0 443.0 916.0 301.0 916.0 870.0 171.0 870.0 
2 6 1.7 1.7 162.0 8.0 162.0 863.0 358.0 863.0 443.0 40.0 443.0 916.0 301.0 916.0 870.0 171.0 870.0 765.0 478.0 765.0 
2 3 1.51 1.51 425.0 199.0 425.0 373.0 19.0 373.0 945.0 937.0 945.0 
2 4 1.75 1.75 425.0 199.0 425.0 373.0 19.0 373.0 945.0 937.0 945.0 989.0 240.0 989.0 
2 3 1.2 1.2 321.0 219.0 321.0 74.0 14.0 74.0 637.0 215.0 637.0 
2 4 1.88 1.88 321.0 219.0 321.0 74.0 14.0 74.0 637.0 215.0 637.0 453.0 308.0 453.0 
2 3 1.02 1.02 600.0 289.0 600.0 373.0 32.0 373.0 13.0 6.0 13.0 
2 4 1.04 1.04 600.0 289.0 600.0 373.0 32.0 373.0 13.0 6.0 13.0 718.0 10.0 718.0 
2 5 1.17 1.17 600.0 289.0 600.0 373.0 32.0 373.0 13.0 6.0 13.0 718.0 10.0 718.0 120.0 16.0 120.0 
2 6 1.53 1.53 600.0 289.0 600.0 373.0 32.0 373.0 13.0 6.0 13.0 718.0 10.0 718.0 120.0 16.0 120.0 861.0 313.0 861.0 
2 7 1.92 1.92 600.0 289.0 600.0 373.0 32.0 373.0 13.0 6.0 13.0 718.0 10.0 718.0 120.0 16.0 120.0 861.0 313.0 861.0 179.0 69.0 179.0 
2 8 1.99 1.99 600.0 289.0 600.0 373.0 32.0 373.0 13.0 6.0 13.0 718.0 10.0 718.0 120.0 16.0 120.0 861.0 313.0 861.0 179.0 69.0 179.0 462.0 33.0 462.0 
2 3 0.72 0.72 592.0 85.0 592.0 380.0 23.0 380.0 376.0 194.0 376.0 
2 4 0.84 0.84 592.0 85.0 592.0 380.0 23.0 380.0 376.0 194.0 376.0 338.0 41.0 338.0 
2 5 1.3 1.3 592.0 85.0 592.0 380.0 23.0 380.0 376.0 194.0 376.0 338.0 41.0 338.0 179.0 83.0 179.0 
2 6 1.49 1.49 592.0 85.0 592.0 380.0 23.0 380.0 376.0 194.0 376.0 338.0 41.0 338.0 179.0 83.0 179.0 773.0 147.0 773.0 
2 3 0.84 0.84 587.0 265.0 587.0 766.0 194.0 766.0 799.0 110.0 799.0 
2 4 1.57 1.57 587.0 265.0 587.0 766.0 194.0 766.0 799.0 110.0 799.0 19.0 14.0 19.0 
2 5 1.83 1.83 587.0 265.0 587.0 766.0 194.0 766.0 799.0 110.0 799.0 19.0 14.0 19.0 315.0 79.0 315.0 
2 3 0.86 0.86 489.0 67.0 489.0 341.0 124.0 341.0 188.0 69.0 188.0 
2 4 1.56 1.56 489.0 67.0 489.0 341.0 124.0 341.0 188.0 69.0 188.0 958.0 665.0 958.0 
2 3 0.24 0.24 549.0 120.0 549.0 115.0 3.0 115.0 728.0 2.0 728.0 
2 4 0.24 0.24 549.0 120.0 549.0 115.0 3.0 115.0 728.0 2.0 728.0 680.0 1.0 680.0 
2 5 0.68 0.68 549.0 120.0 549.0 115.0 3.0 115.0 728.0 2.0 728.0 680.0 1.0 680.0 343.0 149.0 343.0 
2 6 0.85 0.85 549.0 120.0 549.0 115.0 3.0 115.0 728.0 2.0 728.0 680.0 1.0 680.0 343.0 149.0 343.0 689.0 116.0 689.0 
2 7 1.14 1.14 549.0 120.0 549.0 115.0 3.0 115.0 728.0 2.0 728.0 680.0 1.0 680.0 343.0 149.0 343.0 689.0 116.0 689.0 500.0 147.0 500.0 
2 8 1.67 1.67 549.0 120.0 549.0 115.0 3.0 115.0 728.0 2.0 728.0 680.0 1.0 680.0 343.0 149.0 343.0 689.0 116.0 689.0 500.0 147.0 500.0 68.0 36.0 68.0 
2 3 1.55 1.55 54.0 23.0 54.0 650.0 357.0 650.0 884.0 512.0 884.0 
2 4 1.91 1.91 54.0 23.0 54.0 650.0 357.0 650.0 884.0 512.0 884.0 342.0 125.0 342.0 
2 3 0.63 0.63 341.0 25.0 341.0 634.0 76.0 634.0 265.0 117.0 265.0 
2 4 0.97 0.97 341.0 25.0 341.0 634.0 76.0 634.0 265.0 117.0 265.0 32.0 11.0 32.0 
2 5 1.03 1.03 341.0 25.0 341.0 634.0 76.0 634.0 265.0 117.0 265.0 32.0 11.0 32.0 927.0 54.0 927.0 
2 6 1.68 1.68 341.0 25.0 341.0 634.0 76.0 634.0 265.0 117.0 265.0 32.0 11.0 32.0 927.0 54.0 927.0 420.0 272.0 420.0 
2 3 0.91 0.91 370.0 250.0 370.0 694.0 44.0 694.0 599.0 103.0 599.0 
2 4 1.24 1.24 370.0 250.0 370.0 694.0 44.0 694.0 599.0 103.0 599.0 9.0 3.0 9.0 
2 5 1.78 1.78 370.0 250.0 370.0 694.0 44.0 694.0 599.0 103.0 599.0 9.0 3.0 9.0 117.0 63.0 117.0 
2 6 1.9 1.9 370.0 250.0 370.0 694.0 44.0 694.0 599.0 103.0 599.0 9.0 3.0 9.0 117.0 63.0 117.0 8.0 1.0 8.0 
2 3 1.27 1.27 855.0 547.0 855.0 368.0 160.0 368.0 50.0 10.0 50.0 
2 4 1.3 1.3 855.0 547.0 855.0 368.0 160.0 368.0 50.0 10.0 50.0 995.0 34.0 995.0 
2 5 1.41 1.41 855.0 547.0 855.0 368.0 160.0 368.0 50.0 10.0 50.0 995.0 34.0 995.0 424.0 46.0 424.0 
2 6 1.47 1.47 855.0 547.0 855.0 368.0 160.0 368.0 50.0 10.0 50.0 995.0 34.0 995.0 424.0 46.0 424.0 743.0 46.0 743.0 
2 7 1.54 1.54 855.0 547.0 855.0 368.0 160.0 368.0 50.0 10.0 50.0 995.0 34.0 995.0 424.0 46.0 424.0 743.0 46.0 743.0 889.0 60.0 889.0 
2 8 1.57 1.57 855.0 547.0 855.0 368.0 160.0 368.0 50.0 10.0 50.0 995.0 34.0 995.0 424.0 46.0 424.0 743.0 46.0 743.0 889.0 60.0 889.0 491.0 12.0 491.0 
2 3 1.4 1.4 706.0 457.0 706.0 344.0 151.0 344.0 451.0 143.0 451.0 
2 4 1.56 1.56 706.0 457.0 706.0 344.0 151.0 344.0 451.0 143.0 451.0 124.0 20.0 124.0 
2 3 1.07 1.07 201.0 64.0 201.0 684.0 155.0 684.0 834.0 445.0 834.0 
2 4 1.53 1.53 201.0 64.0 201.0 684.0 155.0 684.0 834.0 445.0 834.0 66.0 30.0 66.0 
2 5 1.64 1.64 201.0 64.0 201.0 684.0 155.0 684.0 834.0 445.0 834.0 66.0 30.0 66.0 802.0 86.0 802.0 
2 6 1.76 1.76 201.0 64.0 201.0 684.0 155.0 684.0 834.0 445.0 834.0 66.0 30.0 66.0 802.0 86.0 802.0 122.0 15.0 122.0 
2 3 0.82 0.82 495.0 31.0 495.0 905.0 302.0 905.0 182.0 78.0 182.0 
2 4 0.84 0.84 495.0 31.0 495.0 905.0 302.0 905.0 182.0 78.0 182.0 998.0 16.0 998.0 
2 5 1.11 1.11 495.0 31.0 495.0 905.0 302.0 905.0 182.0 78.0 182.0 998.0 16.0 998.0 764.0 206.0 764.0 
2 6 1.82 1.82 495.0 31.0 495.0 905.0 302.0 905.0 182.0 78.0 182.0 998.0 16.0 998.0 764.0 206.0 764.0 961.0 691.0 961.0 
2 3 0.86 0.86 128.0 2.0 128.0 600.0 496.0 600.0 87.0 2.0 87.0 
2 4 0.91 0.91 128.0 2.0 128.0 600.0 496.0 600.0 87.0 2.0 87.0 755.0 35.0 755.0 
2 5 1.07 1.07 128.0 2.0 128.0 600.0 496.0 600.0 87.0 2.0 87.0 755.0 35.0 755.0 348.0 58.0 348.0 
2 6 1.25 1.25 128.0 2.0 128.0 600.0 496.0 600.0 87.0 2.0 87.0 755.0 35.0 755.0 348.0 58.0 348.0 307.0 53.0 307.0 
2 7 1.38 1.38 128.0 2.0 128.0 600.0 496.0 600.0 87.0 2.0 87.0 755.0 35.0 755.0 348.0 58.0 348.0 307.0 53.0 307.0 850.0 115.0 850.0 
2 8 1.47 1.47 128.0 2.0 128.0 600.0 496.0 600.0 87.0 2.0 87.0 755.0 35.0 755.0 348.0 58.0 348.0 307.0 53.0 307.0 850.0 115.0 850.0 850.0 77.0 850.0 
2 9 1.56 1.56 128.0 2.0 128.0 600.0 496.0 600.0 87.0 2.0 87.0 755.0 35.0 755.0 348.0 58.0 348.0 307.0 53.0 307.0 850.0 115.0 850.0 850.0 77.0 850.0 164.0 15.0 164.0 
2 10 1.93 1.93 128.0 2.0 128.0 600.0 496.0 600.0 87.0 2.0 87.0 755.0 35.0 755.0 348.0 58.0 348.0 307.0 53.0 307.0 850.0 115.0 850.0 850.0 77.0 850.0 164.0 15.0 164.0 400.0 146.0 400.0 
2 3 1.22 1.22 784.0 401.0 784.0 672.0 159.0 672.0 876.0 422.0 876.0 
2 4 1.81 1.81 784.0 401.0 784.0 672.0 159.0 672.0 876.0 422.0 876.0 229.0 133.0 229.0 
2 3 1.05 1.05 534.0 60.0 534.0 835.0 680.0 835.0 557.0 71.0 557.0 
2 4 1.07 1.07 534.0 60.0 534.0 835.0 680.0 835.0 557.0 71.0 557.0 221.0 4.0 221.0 
2 5 1.58 1.58 534.0 60.0 534.0 835.0 680.0 835.0 557.0 71.0 557.0 221.0 4.0 221.0 862.0 445.0 862.0 
2 3 0.47 0.47 548.0 58.0 548.0 931.0 209.0 931.0 316.0 46.0 316.0 
2 4 0.8 0.8 548.0 58.0 548.0 931.0 209.0 931.0 316.0 46.0 316.0 644.0 215.0 644.0 
2 5 1.53 1.53 548.0 58.0 548.0 931.0 209.0 931.0 316.0 46.0 316.0 644.0 215.0 644.0 767.0 560.0 767.0 
2 3 1.65 1.65 739.0 499.0 739.0 380.0 152.0 380.0 685.0 397.0 685.0 
2 4 1.92 1.92 739.0 499.0 739.0 380.0 152.0 380.0 685.0 397.0 685.0 117.0 32.0 117.0 
2 3 0.41 0.41 800.0 100.0 800.0 18.0 2.0 18.0 11.0 2.0 11.0 
2 4 0.43 0.43 800.0 100.0 800.0 18.0 2.0 18.0 11.0 2.0 11.0 402.0 6.0 402.0 
2 5 0.69 0.69 800.0 100.0 800.0 18.0 2.0 18.0 11.0 2.0 11.0 402.0 6.0 402.0 450.0 119.0 450.0 
2 6 0.89 0.89 800.0 100.0 800.0 18.0 2.0 18.0 11.0 2.0 11.0 402.0 6.0 402.0 450.0 119.0 450.0 923.0 182.0 923.0 
2 7 1.15 1.15 800.0 100.0 800.0 18.0 2.0 18.0 11.0 2.0 11.0 402.0 6.0 402.0 450.0 119.0 450.0 923.0 182.0 923.0 334.0 86.0 334.0 
2 8 1.74 1.74 800.0 100.0 800.0 18.0 2.0 18.0 11.0 2.0 11.0 402.0 6.0 402.0 450.0 119.0 450.0 923.0 182.0 923.0 334.0 86.0 334.0 934.0 552.0 934.0 
2 3 1.52 1.52 932.0 361.0 932.0 210.0 117.0 210.0 394.0 228.0 394.0 
2 3 1.66 1.66 962.0 862.0 962.0 472.0 221.0 472.0 981.0 292.0 981.0 
2 3 1.38 1.38 285.0 105.0 285.0 485.0 396.0 485.0 670.0 134.0 670.0 
2 4 1.65 1.65 285.0 105.0 285.0 485.0 396.0 485.0 670.0 134.0 670.0 915.0 243.0 915.0 
