1 2 0.86 0.86 950.0 682.0 950.0 788.0 117.0 788.0 
1 2 0.85 0.85 326.0 237.0 326.0 717.0 90.0 717.0 
1 2 0.97 0.97 262.0 154.0 262.0 120.0 47.0 120.0 
1 2 0.92 0.92 920.0 523.0 920.0 64.0 23.0 64.0 
1 2 0.83 0.83 472.0 144.0 472.0 808.0 429.0 808.0 
1 2 0.93 0.93 889.0 272.0 889.0 812.0 514.0 812.0 
1 2 0.92 0.92 469.0 359.0 469.0 165.0 26.0 165.0 
1 2 0.78 0.78 873.0 468.0 873.0 625.0 154.0 625.0 
1 2 0.73 0.73 207.0 150.0 207.0 605.0 4.0 605.0 
1 2 0.42 0.42 13.0 2.0 13.0 817.0 218.0 817.0 
1 2 0.56 0.56 267.0 135.0 267.0 959.0 54.0 959.0 
1 2 0.77 0.77 850.0 44.0 850.0 726.0 522.0 726.0 
1 2 0.86 0.86 547.0 54.0 547.0 980.0 751.0 980.0 
1 2 0.96 0.96 361.0 14.0 361.0 958.0 883.0 958.0 
1 2 0.76 0.76 569.0 361.0 569.0 23.0 3.0 23.0 
1 3 0.84 0.84 569.0 361.0 569.0 23.0 3.0 23.0 698.0 57.0 698.0 
1 2 0.4 0.4 248.0 58.0 248.0 6.0 1.0 6.0 
1 3 0.93 0.93 248.0 58.0 248.0 6.0 1.0 6.0 705.0 378.0 705.0 
1 2 0.87 0.87 365.0 70.0 365.0 411.0 281.0 411.0 
1 2 0.98 0.98 156.0 133.0 156.0 768.0 101.0 768.0 
1 2 0.74 0.74 814.0 173.0 814.0 312.0 165.0 312.0 
1 2 0.99 0.99 687.0 145.0 687.0 964.0 751.0 964.0 
1 2 0.84 0.84 517.0 264.0 517.0 396.0 131.0 396.0 
1 2 0.66 0.66 552.0 315.0 552.0 637.0 57.0 637.0 
1 2 0.76 0.76 409.0 21.0 409.0 838.0 596.0 838.0 
1 2 0.51 0.51 721.0 8.0 721.0 383.0 194.0 383.0 
1 2 0.83 0.83 148.0 1.0 148.0 663.0 547.0 663.0 
1 2 0.81 0.81 75.0 50.0 75.0 852.0 125.0 852.0 
1 2 0.78 0.78 719.0 373.0 719.0 198.0 52.0 198.0 
1 2 0.71 0.71 630.0 446.0 630.0 955.0 7.0 955.0 
1 2 0.98 0.98 281.0 190.0 281.0 181.0 56.0 181.0 
1 2 0.95 0.95 355.0 233.0 355.0 919.0 270.0 919.0 
1 2 0.93 0.93 883.0 322.0 883.0 514.0 294.0 514.0 
1 2 0.55 0.55 618.0 44.0 618.0 728.0 350.0 728.0 
1 2 0.92 0.92 359.0 23.0 359.0 515.0 444.0 515.0 
1 2 0.8 0.8 761.0 219.0 761.0 665.0 342.0 665.0 
1 2 0.98 0.98 466.0 25.0 466.0 738.0 690.0 738.0 
1 2 0.37 0.37 597.0 63.0 597.0 696.0 185.0 696.0 
1 3 0.76 0.76 597.0 63.0 597.0 696.0 185.0 696.0 512.0 203.0 512.0 
1 2 0.86 0.86 390.0 288.0 390.0 727.0 94.0 727.0 
1 2 0.82 0.82 36.0 2.0 36.0 996.0 763.0 996.0 
1 2 0.92 0.92 383.0 6.0 383.0 792.0 717.0 792.0 
1 2 0.99 0.99 288.0 66.0 288.0 871.0 669.0 871.0 
1 2 0.65 0.65 200.0 101.0 200.0 584.0 88.0 584.0 
1 2 0.75 0.75 971.0 552.0 971.0 465.0 88.0 465.0 
1 2 0.89 0.89 264.0 152.0 264.0 981.0 311.0 981.0 
1 2 0.76 0.76 775.0 415.0 775.0 694.0 157.0 694.0 
1 2 0.7 0.7 910.0 537.0 910.0 935.0 111.0 935.0 
1 2 0.86 0.86 618.0 40.0 618.0 518.0 417.0 518.0 
1 2 0.9 0.9 963.0 73.0 963.0 126.0 105.0 126.0 
1 2 0.84 0.84 372.0 152.0 372.0 381.0 166.0 381.0 
1 2 0.98 0.98 747.0 653.0 747.0 622.0 72.0 622.0 
1 2 0.65 0.65 294.0 38.0 294.0 970.0 513.0 970.0 
1 2 0.66 0.66 372.0 14.0 372.0 942.0 592.0 942.0 
1 2 0.89 0.89 922.0 615.0 922.0 641.0 146.0 641.0 
1 2 0.81 0.81 522.0 395.0 522.0 48.0 3.0 48.0 
1 2 0.77 0.77 623.0 479.0 623.0 916.0 6.0 916.0 
1 2 0.9 0.9 509.0 292.0 509.0 261.0 86.0 261.0 
1 2 0.55 0.55 701.0 244.0 701.0 200.0 41.0 200.0 
1 3 0.57 0.57 701.0 244.0 701.0 200.0 41.0 200.0 996.0 20.0 996.0 
1 2 0.72 0.72 994.0 43.0 994.0 194.0 132.0 194.0 
1 2 0.58 0.58 768.0 35.0 768.0 621.0 335.0 621.0 
1 3 0.84 0.84 768.0 35.0 768.0 621.0 335.0 621.0 758.0 197.0 758.0 
1 2 0.74 0.74 25.0 15.0 25.0 795.0 118.0 795.0 
1 2 0.72 0.72 506.0 32.0 506.0 165.0 109.0 165.0 
1 2 0.86 0.86 322.0 56.0 322.0 611.0 423.0 611.0 
1 2 0.86 0.86 934.0 471.0 934.0 753.0 275.0 753.0 
1 2 0.99 0.99 101.0 92.0 101.0 319.0 27.0 319.0 
1 2 0.92 0.92 369.0 28.0 369.0 13.0 11.0 13.0 
1 2 0.89 0.89 757.0 606.0 757.0 737.0 73.0 737.0 
1 2 0.74 0.74 819.0 595.0 819.0 521.0 9.0 521.0 
1 2 0.66 0.66 677.0 340.0 677.0 452.0 74.0 452.0 
1 2 0.46 0.46 469.0 125.0 469.0 179.0 35.0 179.0 
1 3 0.69 0.69 469.0 125.0 469.0 179.0 35.0 179.0 287.0 67.0 287.0 
1 2 0.79 0.79 73.0 38.0 73.0 670.0 187.0 670.0 
1 2 0.93 0.93 470.0 388.0 470.0 585.0 62.0 585.0 
1 2 0.99 0.99 599.0 351.0 599.0 526.0 216.0 526.0 
1 2 0.86 0.86 206.0 3.0 206.0 359.0 305.0 359.0 
1 2 0.85 0.85 185.0 148.0 185.0 139.0 7.0 139.0 
1 2 0.93 0.93 305.0 22.0 305.0 152.0 131.0 152.0 
1 2 0.75 0.75 26.0 16.0 26.0 862.0 117.0 862.0 
1 2 0.8 0.8 690.0 161.0 690.0 264.0 151.0 264.0 
1 2 0.85 0.85 992.0 224.0 992.0 183.0 115.0 183.0 
1 2 0.93 0.93 420.0 367.0 420.0 336.0 22.0 336.0 
1 2 0.66 0.66 511.0 278.0 511.0 219.0 27.0 219.0 
1 2 0.6 0.6 442.0 1.0 442.0 600.0 363.0 600.0 
1 3 0.97 0.97 442.0 1.0 442.0 600.0 363.0 600.0 996.0 368.0 996.0 
1 2 0.55 0.55 402.0 128.0 402.0 893.0 207.0 893.0 
1 2 0.6 0.6 466.0 245.0 466.0 680.0 51.0 680.0 
1 2 0.64 0.64 1000.0 545.0 1000.0 87.0 9.0 87.0 
1 2 0.95 0.95 786.0 259.0 786.0 860.0 542.0 860.0 
1 2 0.96 0.96 673.0 255.0 673.0 228.0 133.0 228.0 
1 2 0.86 0.86 147.0 105.0 147.0 518.0 76.0 518.0 
1 2 0.96 0.96 999.0 705.0 999.0 985.0 254.0 985.0 
1 2 0.67 0.67 122.0 5.0 122.0 131.0 83.0 131.0 
1 2 0.99 0.99 797.0 341.0 797.0 959.0 546.0 959.0 
1 2 0.89 0.89 638.0 56.0 638.0 385.0 309.0 385.0 
1 2 0.84 0.84 629.0 510.0 629.0 557.0 18.0 557.0 
1 2 0.88 0.88 349.0 289.0 349.0 50.0 3.0 50.0 
1 2 0.98 0.98 176.0 29.0 176.0 177.0 145.0 177.0 
1 2 0.8 0.8 673.0 536.0 673.0 436.0 5.0 436.0 
1 2 0.71 0.71 611.0 338.0 611.0 515.0 85.0 515.0 
1 2 0.71 0.71 756.0 108.0 756.0 637.0 365.0 637.0 
1 2 0.41 0.41 455.0 153.0 455.0 982.0 82.0 982.0 
1 2 0.91 0.91 257.0 95.0 257.0 968.0 529.0 968.0 
1 2 0.68 0.68 959.0 601.0 959.0 128.0 7.0 128.0 
1 3 0.95 0.95 959.0 601.0 959.0 128.0 7.0 128.0 93.0 25.0 93.0 
1 2 0.84 0.84 5.0 4.0 5.0 831.0 37.0 831.0 
1 2 0.98 0.98 392.0 314.0 392.0 457.0 86.0 457.0 
1 2 0.83 0.83 331.0 171.0 331.0 287.0 90.0 287.0 
1 2 0.92 0.92 837.0 62.0 837.0 996.0 848.0 996.0 
1 2 0.79 0.79 840.0 53.0 840.0 163.0 119.0 163.0 
1 2 0.94 0.94 929.0 845.0 929.0 428.0 14.0 428.0 
1 2 0.98 0.98 720.0 663.0 720.0 342.0 22.0 342.0 
1 2 0.89 0.89 575.0 144.0 575.0 557.0 359.0 557.0 
1 2 0.86 0.86 322.0 266.0 322.0 814.0 28.0 814.0 
1 2 0.94 0.94 8.0 3.0 8.0 921.0 525.0 921.0 
1 2 0.76 0.76 158.0 105.0 158.0 292.0 30.0 292.0 
1 2 0.64 0.64 811.0 75.0 811.0 295.0 162.0 295.0 
1 2 0.7 0.7 693.0 102.0 693.0 663.0 367.0 663.0 
1 3 0.78 0.78 693.0 102.0 693.0 663.0 367.0 663.0 602.0 49.0 602.0 
1 2 0.71 0.71 325.0 199.0 325.0 277.0 28.0 277.0 
1 2 0.76 0.76 423.0 226.0 423.0 587.0 138.0 587.0 
1 2 0.71 0.71 524.0 307.0 524.0 825.0 103.0 825.0 
1 2 0.79 0.79 778.0 107.0 778.0 453.0 297.0 453.0 
1 2 0.98 0.98 681.0 377.0 681.0 237.0 103.0 237.0 
1 2 0.78 0.78 907.0 67.0 907.0 266.0 189.0 266.0 
1 2 0.85 0.85 332.0 116.0 332.0 867.0 437.0 867.0 
1 2 0.39 0.39 335.0 98.0 335.0 989.0 102.0 989.0 
1 2 0.61 0.61 356.0 216.0 356.0 217.0 1.0 217.0 
1 3 0.83 0.83 356.0 216.0 356.0 217.0 1.0 217.0 637.0 140.0 637.0 
1 2 0.79 0.79 968.0 521.0 968.0 664.0 170.0 664.0 
1 2 0.97 0.97 716.0 158.0 716.0 564.0 423.0 564.0 
1 2 0.99 0.99 110.0 4.0 110.0 942.0 907.0 942.0 
1 2 0.84 0.84 983.0 77.0 983.0 182.0 140.0 182.0 
1 2 0.97 0.97 962.0 162.0 962.0 800.0 644.0 800.0 
1 2 0.96 0.96 587.0 156.0 587.0 781.0 546.0 781.0 
1 2 0.46 0.46 459.0 142.0 459.0 51.0 8.0 51.0 
1 2 0.97 0.97 819.0 643.0 819.0 466.0 90.0 466.0 
1 2 0.91 0.91 79.0 9.0 79.0 696.0 557.0 696.0 
1 2 0.96 0.96 919.0 782.0 919.0 465.0 51.0 465.0 
1 2 0.6 0.6 889.0 74.0 889.0 424.0 222.0 424.0 
1 2 0.98 0.98 815.0 68.0 815.0 857.0 772.0 857.0 
1 2 0.65 0.65 579.0 75.0 579.0 266.0 141.0 266.0 
1 2 0.79 0.79 596.0 62.0 596.0 380.0 264.0 380.0 
1 2 0.7 0.7 866.0 120.0 866.0 935.0 534.0 935.0 
1 2 0.83 0.83 581.0 175.0 581.0 661.0 353.0 661.0 
1 2 0.79 0.79 727.0 537.0 727.0 248.0 15.0 248.0 
1 2 0.94 0.94 184.0 37.0 184.0 96.0 71.0 96.0 
1 2 0.66 0.66 743.0 270.0 743.0 433.0 129.0 433.0 
1 2 0.67 0.67 802.0 122.0 802.0 909.0 474.0 909.0 
1 2 0.79 0.79 479.0 106.0 479.0 670.0 382.0 670.0 
1 2 0.8 0.8 120.0 66.0 120.0 468.0 117.0 468.0 
1 2 0.85 0.85 567.0 119.0 567.0 641.0 413.0 641.0 
1 2 0.88 0.88 303.0 253.0 303.0 113.0 6.0 113.0 
1 2 0.67 0.67 270.0 26.0 270.0 760.0 439.0 760.0 
1 2 0.81 0.81 883.0 227.0 883.0 105.0 59.0 105.0 
1 2 0.65 0.65 992.0 336.0 992.0 278.0 87.0 278.0 
1 2 0.91 0.91 585.0 381.0 585.0 625.0 162.0 625.0 
1 2 0.87 0.87 267.0 154.0 267.0 846.0 251.0 846.0 
1 2 0.57 0.57 250.0 11.0 250.0 401.0 213.0 401.0 
1 2 0.98 0.98 618.0 553.0 618.0 149.0 14.0 149.0 
1 2 0.94 0.94 407.0 216.0 407.0 301.0 124.0 301.0 
1 2 0.79 0.79 131.0 73.0 131.0 232.0 56.0 232.0 
1 2 0.86 0.86 327.0 13.0 327.0 304.0 250.0 304.0 
1 2 0.83 0.83 343.0 264.0 343.0 922.0 58.0 922.0 
1 2 0.86 0.86 536.0 101.0 536.0 436.0 297.0 436.0 
1 2 0.78 0.78 596.0 348.0 596.0 602.0 122.0 602.0 
1 2 0.74 0.74 690.0 377.0 690.0 5.0 1.0 5.0 
1 2 0.91 0.91 260.0 198.0 260.0 45.0 7.0 45.0 
1 2 0.72 0.72 755.0 137.0 755.0 263.0 144.0 263.0 
1 2 0.74 0.74 529.0 303.0 529.0 507.0 89.0 507.0 
1 2 0.77 0.77 696.0 185.0 696.0 518.0 264.0 518.0 
1 2 0.69 0.69 444.0 256.0 444.0 354.0 41.0 354.0 
1 2 0.7 0.7 686.0 6.0 686.0 113.0 79.0 113.0 
1 2 0.46 0.46 778.0 62.0 778.0 456.0 175.0 456.0 
1 2 0.86 0.86 504.0 389.0 504.0 198.0 18.0 198.0 
1 2 0.97 0.97 87.0 76.0 87.0 648.0 64.0 648.0 
1 2 0.51 0.51 175.0 88.0 175.0 912.0 8.0 912.0 
1 3 0.94 0.94 175.0 88.0 175.0 912.0 8.0 912.0 479.0 207.0 479.0 
1 2 0.95 0.95 524.0 445.0 524.0 814.0 90.0 814.0 
1 2 0.66 0.66 580.0 370.0 580.0 320.0 8.0 320.0 
1 2 0.93 0.93 242.0 94.0 242.0 395.0 217.0 395.0 
1 2 0.86 0.86 602.0 415.0 602.0 141.0 25.0 141.0 
1 2 0.76 0.76 823.0 133.0 823.0 447.0 268.0 447.0 
1 2 0.81 0.81 699.0 79.0 699.0 588.0 412.0 588.0 
1 2 0.78 0.78 558.0 36.0 558.0 703.0 510.0 703.0 
1 2 0.54 0.54 944.0 77.0 944.0 161.0 74.0 161.0 
1 2 0.79 0.79 792.0 267.0 792.0 210.0 96.0 210.0 
1 2 0.58 0.58 464.0 20.0 464.0 938.0 509.0 938.0 
1 2 0.8 0.8 723.0 141.0 723.0 747.0 456.0 747.0 
1 2 0.77 0.77 430.0 23.0 430.0 618.0 443.0 618.0 
1 2 0.58 0.58 911.0 40.0 911.0 321.0 173.0 321.0 
1 2 0.99 0.99 396.0 282.0 396.0 344.0 97.0 344.0 
1 2 0.93 0.93 915.0 234.0 915.0 119.0 81.0 119.0 
1 2 0.89 0.89 663.0 506.0 663.0 954.0 128.0 954.0 
1 2 0.85 0.85 432.0 113.0 432.0 471.0 278.0 471.0 
1 2 0.5 0.5 867.0 311.0 867.0 83.0 12.0 83.0 
1 2 0.83 0.83 44.0 25.0 44.0 423.0 114.0 423.0 
1 2 0.94 0.94 46.0 6.0 46.0 59.0 48.0 59.0 
1 2 0.75 0.75 696.0 407.0 696.0 436.0 74.0 436.0 
1 2 0.74 0.74 576.0 50.0 576.0 281.0 186.0 281.0 
1 2 0.86 0.86 285.0 49.0 285.0 887.0 617.0 887.0 
1 2 0.96 0.96 904.0 618.0 904.0 993.0 277.0 993.0 
1 2 0.78 0.78 93.0 15.0 93.0 236.0 148.0 236.0 
1 2 0.9 0.9 949.0 82.0 949.0 730.0 596.0 730.0 
1 2 0.67 0.67 210.0 120.0 210.0 37.0 4.0 37.0 
1 2 0.93 0.93 87.0 54.0 87.0 29.0 9.0 29.0 
1 2 0.96 0.96 946.0 658.0 946.0 180.0 48.0 180.0 
1 2 0.69 0.69 164.0 24.0 164.0 572.0 313.0 572.0 
1 2 0.82 0.82 104.0 30.0 104.0 235.0 126.0 235.0 
1 2 0.94 0.94 450.0 262.0 450.0 851.0 305.0 851.0 
1 2 0.81 0.81 865.0 669.0 865.0 43.0 2.0 43.0 
1 2 0.9 0.9 79.0 58.0 79.0 668.0 115.0 668.0 
1 2 0.78 0.78 985.0 114.0 985.0 312.0 208.0 312.0 
1 2 0.73 0.73 817.0 184.0 817.0 795.0 402.0 795.0 
1 2 0.92 0.92 883.0 42.0 883.0 50.0 44.0 50.0 
1 2 0.78 0.78 561.0 13.0 561.0 281.0 215.0 281.0 
1 2 0.78 0.78 287.0 215.0 287.0 799.0 32.0 799.0 
1 2 0.87 0.87 411.0 234.0 411.0 452.0 137.0 452.0 
1 2 0.83 0.83 548.0 390.0 548.0 266.0 32.0 266.0 
1 2 0.85 0.85 615.0 361.0 615.0 387.0 105.0 387.0 
1 2 0.9 0.9 755.0 216.0 755.0 437.0 272.0 437.0 
1 2 0.93 0.93 249.0 58.0 249.0 133.0 94.0 133.0 
1 2 0.99 0.99 96.0 4.0 96.0 20.0 19.0 20.0 
1 2 0.8 0.8 81.0 4.0 81.0 659.0 500.0 659.0 
1 2 0.89 0.89 604.0 193.0 604.0 769.0 442.0 769.0 
1 2 0.87 0.87 525.0 414.0 525.0 120.0 10.0 120.0 
1 2 0.63 0.63 963.0 539.0 963.0 552.0 39.0 552.0 
1 2 0.79 0.79 146.0 74.0 146.0 126.0 36.0 126.0 
1 2 0.94 0.94 943.0 753.0 943.0 942.0 141.0 942.0 
1 2 0.89 0.89 58.0 3.0 58.0 370.0 312.0 370.0 
1 2 0.82 0.82 121.0 84.0 121.0 220.0 29.0 220.0 
1 2 0.87 0.87 926.0 671.0 926.0 945.0 141.0 945.0 
1 2 0.97 0.97 949.0 826.0 949.0 304.0 32.0 304.0 
1 3 0.98 0.98 949.0 826.0 949.0 304.0 32.0 304.0 178.0 1.0 178.0 
1 2 0.7 0.7 105.0 66.0 105.0 808.0 61.0 808.0 
1 2 0.88 0.88 89.0 8.0 89.0 804.0 638.0 804.0 
1 2 0.93 0.93 40.0 13.0 40.0 437.0 268.0 437.0 
1 2 0.93 0.93 457.0 115.0 457.0 19.0 13.0 19.0 
1 2 0.76 0.76 958.0 527.0 958.0 275.0 59.0 275.0 
1 2 0.88 0.88 794.0 186.0 794.0 138.0 90.0 138.0 
1 2 0.77 0.77 693.0 82.0 693.0 866.0 566.0 866.0 
1 2 0.91 0.91 259.0 36.0 259.0 150.0 116.0 150.0 
1 2 0.57 0.57 640.0 35.0 640.0 56.0 29.0 56.0 
1 3 0.97 0.97 640.0 35.0 640.0 56.0 29.0 56.0 537.0 214.0 537.0 
1 2 0.91 0.91 110.0 12.0 110.0 98.0 79.0 98.0 
1 2 0.57 0.57 433.0 228.0 433.0 939.0 41.0 939.0 
1 2 0.99 0.99 272.0 230.0 272.0 397.0 59.0 397.0 
1 2 0.99 0.99 533.0 66.0 533.0 663.0 576.0 663.0 
1 2 0.95 0.95 965.0 370.0 965.0 90.0 51.0 90.0 
1 2 0.97 0.97 98.0 68.0 98.0 712.0 197.0 712.0 
1 2 0.56 0.56 699.0 111.0 699.0 866.0 351.0 866.0 
1 2 0.9 0.9 142.0 103.0 142.0 125.0 23.0 125.0 
1 2 0.99 0.99 88.0 38.0 88.0 127.0 72.0 127.0 
1 2 0.69 0.69 478.0 41.0 478.0 796.0 488.0 796.0 
1 2 0.68 0.68 33.0 4.0 33.0 749.0 423.0 749.0 
1 2 0.9 0.9 80.0 43.0 80.0 659.0 239.0 659.0 
1 2 0.68 0.68 893.0 133.0 893.0 337.0 179.0 337.0 
1 2 0.72 0.72 511.0 30.0 511.0 746.0 500.0 746.0 
1 2 0.83 0.83 974.0 288.0 974.0 24.0 13.0 24.0 
1 2 0.62 0.62 648.0 392.0 648.0 874.0 16.0 874.0 
1 2 0.71 0.71 78.0 52.0 78.0 44.0 2.0 44.0 
1 2 0.72 0.72 117.0 65.0 117.0 489.0 82.0 489.0 
1 2 0.75 0.75 95.0 71.0 95.0 811.0 10.0 811.0 
1 3 0.89 0.89 95.0 71.0 95.0 811.0 10.0 811.0 860.0 115.0 860.0 
1 2 0.71 0.71 265.0 167.0 265.0 355.0 29.0 355.0 
1 2 0.99 0.99 112.0 70.0 112.0 371.0 136.0 371.0 
1 2 0.91 0.91 230.0 35.0 230.0 692.0 528.0 692.0 
1 2 0.92 0.92 819.0 575.0 819.0 445.0 97.0 445.0 
1 2 0.94 0.94 495.0 353.0 495.0 833.0 189.0 833.0 
1 2 0.68 0.68 229.0 3.0 229.0 371.0 248.0 371.0 
1 2 0.86 0.86 170.0 91.0 170.0 12.0 4.0 12.0 
1 2 0.89 0.89 113.0 81.0 113.0 978.0 176.0 978.0 
1 2 0.54 0.54 934.0 17.0 934.0 916.0 480.0 916.0 
1 2 0.92 0.92 683.0 206.0 683.0 16.0 10.0 16.0 
1 2 0.68 0.68 424.0 187.0 424.0 428.0 105.0 428.0 
1 2 0.85 0.85 181.0 152.0 181.0 559.0 8.0 559.0 
1 2 0.7 0.7 209.0 107.0 209.0 579.0 109.0 579.0 
1 2 0.74 0.74 605.0 60.0 605.0 252.0 164.0 252.0 
1 2 0.8 0.8 450.0 342.0 450.0 250.0 12.0 250.0 
1 2 0.87 0.87 16.0 4.0 16.0 840.0 524.0 840.0 
1 2 0.93 0.93 634.0 159.0 634.0 199.0 136.0 199.0 
1 2 0.84 0.84 566.0 437.0 566.0 68.0 5.0 68.0 
1 2 0.96 0.96 494.0 364.0 494.0 777.0 180.0 777.0 
1 2 0.88 0.88 538.0 158.0 538.0 78.0 46.0 78.0 
1 2 0.87 0.87 724.0 59.0 724.0 185.0 146.0 185.0 
1 2 0.68 0.68 654.0 372.0 654.0 211.0 25.0 211.0 
1 2 0.89 0.89 474.0 160.0 474.0 313.0 176.0 313.0 
1 2 0.77 0.77 691.0 496.0 691.0 57.0 3.0 57.0 
1 2 0.86 0.86 518.0 419.0 518.0 327.0 18.0 327.0 
1 2 0.64 0.64 390.0 239.0 390.0 84.0 3.0 84.0 
1 2 0.88 0.88 33.0 1.0 33.0 27.0 23.0 27.0 
1 2 0.98 0.98 928.0 102.0 928.0 784.0 686.0 784.0 
1 2 0.44 0.44 774.0 256.0 774.0 915.0 108.0 915.0 
1 2 0.9 0.9 518.0 63.0 518.0 394.0 309.0 394.0 
1 2 0.92 0.92 920.0 318.0 920.0 786.0 452.0 786.0 
1 2 0.57 0.57 445.0 32.0 445.0 6.0 3.0 6.0 
1 2 0.98 0.98 468.0 367.0 468.0 521.0 104.0 521.0 
1 2 0.85 0.85 709.0 190.0 709.0 632.0 374.0 632.0 
1 2 0.63 0.63 383.0 20.0 383.0 77.0 45.0 77.0 
1 2 0.85 0.85 547.0 24.0 547.0 714.0 578.0 714.0 
1 2 0.93 0.93 852.0 462.0 852.0 889.0 348.0 889.0 
1 2 0.89 0.89 240.0 156.0 240.0 568.0 138.0 568.0 
1 2 0.74 0.74 566.0 7.0 566.0 166.0 121.0 166.0 
1 2 0.45 0.45 610.0 255.0 610.0 385.0 15.0 385.0 
1 2 0.67 0.67 940.0 103.0 940.0 891.0 504.0 891.0 
1 2 0.86 0.86 676.0 363.0 676.0 322.0 105.0 322.0 
1 2 0.88 0.88 891.0 759.0 891.0 944.0 31.0 944.0 
1 2 0.65 0.65 730.0 57.0 730.0 586.0 337.0 586.0 
1 2 0.98 0.98 162.0 90.0 162.0 67.0 29.0 67.0 
1 2 0.3 0.3 674.0 37.0 674.0 472.0 119.0 472.0 
1 3 0.88 0.88 674.0 37.0 674.0 472.0 119.0 472.0 61.0 35.0 61.0 
1 2 0.83 0.83 455.0 16.0 455.0 484.0 387.0 484.0 
1 2 0.69 0.69 423.0 238.0 423.0 387.0 51.0 387.0 
1 2 0.94 0.94 574.0 508.0 574.0 394.0 22.0 394.0 
1 2 0.93 0.93 508.0 123.0 508.0 33.0 23.0 33.0 
1 2 0.98 0.98 868.0 729.0 868.0 733.0 110.0 733.0 
1 2 0.62 0.62 713.0 47.0 713.0 535.0 297.0 535.0 
1 2 0.98 0.98 56.0 2.0 56.0 340.0 324.0 340.0 
1 2 0.99 0.99 426.0 255.0 426.0 556.0 222.0 556.0 
1 2 0.82 0.82 650.0 392.0 650.0 778.0 170.0 778.0 
1 2 0.94 0.94 480.0 67.0 480.0 824.0 665.0 824.0 
1 2 0.9 0.9 500.0 333.0 500.0 326.0 77.0 326.0 
1 2 0.79 0.79 307.0 183.0 307.0 249.0 49.0 249.0 
1 2 0.9 0.9 115.0 17.0 115.0 836.0 634.0 836.0 
1 2 0.65 0.65 584.0 40.0 584.0 797.0 469.0 797.0 
1 2 0.93 0.93 955.0 84.0 955.0 45.0 38.0 45.0 
1 2 0.97 0.97 321.0 208.0 321.0 403.0 132.0 403.0 
1 2 0.93 0.93 288.0 21.0 288.0 998.0 863.0 998.0 
1 2 0.31 0.31 337.0 20.0 337.0 677.0 176.0 677.0 
1 3 0.48 0.48 337.0 20.0 337.0 677.0 176.0 677.0 667.0 112.0 667.0 
1 2 0.36 0.36 210.0 7.0 210.0 727.0 241.0 727.0 
1 2 0.64 0.64 114.0 58.0 114.0 513.0 68.0 513.0 
1 2 0.69 0.69 74.0 39.0 74.0 268.0 45.0 268.0 
1 2 0.9 0.9 274.0 192.0 274.0 877.0 179.0 877.0 
1 2 0.99 0.99 453.0 370.0 453.0 483.0 86.0 483.0 
1 2 0.96 0.96 901.0 327.0 901.0 787.0 475.0 787.0 
1 2 0.52 0.52 834.0 134.0 834.0 729.0 266.0 729.0 
1 2 0.6 0.6 69.0 39.0 69.0 986.0 36.0 986.0 
1 2 0.94 0.94 753.0 41.0 753.0 452.0 401.0 452.0 
1 2 0.88 0.88 336.0 54.0 336.0 643.0 463.0 643.0 
1 2 0.84 0.84 456.0 257.0 456.0 913.0 253.0 913.0 
1 2 0.85 0.85 899.0 656.0 899.0 490.0 61.0 490.0 
1 2 0.88 0.88 15.0 10.0 15.0 849.0 183.0 849.0 
1 2 0.94 0.94 296.0 204.0 296.0 535.0 138.0 535.0 
1 2 0.95 0.95 983.0 399.0 983.0 138.0 76.0 138.0 
1 2 0.83 0.83 507.0 45.0 507.0 795.0 592.0 795.0 
1 2 0.86 0.86 260.0 6.0 260.0 870.0 733.0 870.0 
1 2 0.86 0.86 399.0 334.0 399.0 439.0 11.0 439.0 
1 2 0.91 0.91 579.0 354.0 579.0 386.0 116.0 386.0 
1 2 0.84 0.84 424.0 7.0 424.0 373.0 310.0 373.0 
1 3 0.92 0.92 424.0 7.0 424.0 373.0 310.0 373.0 765.0 62.0 765.0 
1 2 0.78 0.78 760.0 3.0 760.0 472.0 369.0 472.0 
1 2 0.53 0.53 78.0 1.0 78.0 296.0 154.0 296.0 
1 2 0.77 0.77 677.0 454.0 677.0 814.0 89.0 814.0 
1 2 0.97 0.97 358.0 31.0 358.0 719.0 639.0 719.0 
1 2 0.94 0.94 626.0 11.0 626.0 95.0 88.0 95.0 
1 2 0.93 0.93 700.0 519.0 700.0 755.0 146.0 755.0 
1 2 0.78 0.78 52.0 13.0 52.0 298.0 160.0 298.0 
1 2 0.71 0.71 522.0 331.0 522.0 561.0 47.0 561.0 
1 2 0.48 0.48 508.0 154.0 508.0 993.0 184.0 993.0 
1 2 0.79 0.79 505.0 28.0 505.0 863.0 639.0 863.0 
1 2 0.26 0.26 523.0 48.0 523.0 976.0 168.0 976.0 
1 2 0.97 0.97 159.0 2.0 159.0 301.0 291.0 301.0 
1 2 0.85 0.85 584.0 451.0 584.0 810.0 64.0 810.0 
1 2 0.91 0.91 618.0 316.0 618.0 334.0 136.0 334.0 
1 2 0.89 0.89 828.0 416.0 828.0 738.0 293.0 738.0 
1 2 0.68 0.68 671.0 410.0 671.0 455.0 33.0 455.0 
1 2 0.73 0.73 531.0 346.0 531.0 580.0 48.0 580.0 
1 2 0.87 0.87 735.0 543.0 735.0 582.0 80.0 582.0 
1 2 0.91 0.91 818.0 627.0 818.0 640.0 92.0 640.0 
1 2 0.93 0.93 756.0 278.0 756.0 984.0 563.0 984.0 
1 2 0.6 0.6 641.0 33.0 641.0 819.0 456.0 819.0 
1 2 0.9 0.9 150.0 31.0 150.0 260.0 181.0 260.0 
1 2 0.96 0.96 739.0 379.0 739.0 154.0 69.0 154.0 
1 2 0.64 0.64 821.0 12.0 821.0 365.0 230.0 365.0 
1 2 0.89 0.89 687.0 395.0 687.0 810.0 260.0 810.0 
1 2 0.86 0.86 876.0 524.0 876.0 247.0 66.0 247.0 
1 2 0.73 0.73 55.0 36.0 55.0 122.0 10.0 122.0 
1 2 0.69 0.69 598.0 318.0 598.0 498.0 80.0 498.0 
1 2 0.54 0.54 780.0 392.0 780.0 827.0 34.0 827.0 
1 2 0.99 0.99 163.0 160.0 163.0 230.0 3.0 230.0 
1 2 0.63 0.63 742.0 441.0 742.0 973.0 41.0 973.0 
1 2 0.98 0.98 78.0 29.0 78.0 714.0 438.0 714.0 
1 2 0.92 0.92 1000.0 666.0 1000.0 632.0 163.0 632.0 
1 2 0.8 0.8 149.0 102.0 149.0 859.0 107.0 859.0 
1 2 0.93 0.93 549.0 141.0 549.0 321.0 219.0 321.0 
1 2 0.98 0.98 200.0 8.0 200.0 487.0 461.0 487.0 
1 2 0.87 0.87 217.0 165.0 217.0 36.0 4.0 36.0 
1 2 0.97 0.97 920.0 574.0 920.0 820.0 285.0 820.0 
1 2 0.96 0.96 517.0 198.0 517.0 389.0 227.0 389.0 
1 2 0.84 0.84 217.0 69.0 217.0 638.0 334.0 638.0 
1 2 0.53 0.53 273.0 1.0 273.0 260.0 137.0 260.0 
1 2 0.9 0.9 214.0 36.0 214.0 569.0 417.0 569.0 
1 2 0.91 0.91 40.0 34.0 40.0 390.0 25.0 390.0 
1 2 0.76 0.76 655.0 31.0 655.0 781.0 561.0 781.0 
1 2 0.86 0.86 516.0 235.0 516.0 202.0 82.0 202.0 
1 2 0.91 0.91 85.0 49.0 85.0 490.0 168.0 490.0 
1 2 0.84 0.84 209.0 120.0 209.0 271.0 74.0 271.0 
1 2 0.95 0.95 106.0 7.0 106.0 349.0 309.0 349.0 
1 2 0.94 0.94 385.0 7.0 385.0 843.0 785.0 843.0 
1 2 0.7 0.7 506.0 102.0 506.0 245.0 124.0 245.0 
1 2 0.97 0.97 839.0 358.0 839.0 576.0 313.0 576.0 
1 2 0.79 0.79 381.0 108.0 381.0 587.0 299.0 587.0 
1 2 0.97 0.97 433.0 12.0 433.0 518.0 493.0 518.0 
1 2 0.66 0.66 11.0 7.0 11.0 604.0 16.0 604.0 
1 2 0.97 0.97 78.0 66.0 78.0 416.0 55.0 416.0 
1 2 0.96 0.96 675.0 284.0 675.0 810.0 442.0 810.0 
1 2 0.9 0.9 109.0 80.0 109.0 805.0 138.0 805.0 
1 2 0.76 0.76 576.0 351.0 576.0 256.0 39.0 256.0 
1 2 0.99 0.99 600.0 46.0 600.0 24.0 22.0 24.0 
1 2 0.75 0.75 980.0 222.0 980.0 686.0 361.0 686.0 
1 2 0.65 0.65 194.0 111.0 194.0 928.0 77.0 928.0 
1 2 0.77 0.77 967.0 718.0 967.0 679.0 23.0 679.0 
1 2 0.6 0.6 6.0 2.0 6.0 150.0 40.0 150.0 
1 3 0.69 0.69 6.0 2.0 6.0 150.0 40.0 150.0 236.0 22.0 236.0 
1 2 0.88 0.88 53.0 45.0 53.0 57.0 2.0 57.0 
1 2 0.87 0.87 95.0 50.0 95.0 523.0 182.0 523.0 
1 2 0.76 0.76 936.0 701.0 936.0 395.0 5.0 395.0 
1 2 0.84 0.84 178.0 53.0 178.0 100.0 55.0 100.0 
1 2 0.97 0.97 990.0 94.0 990.0 487.0 430.0 487.0 
1 2 0.57 0.57 882.0 30.0 882.0 821.0 442.0 821.0 
1 2 0.99 0.99 144.0 141.0 144.0 938.0 19.0 938.0 
1 2 0.97 0.97 826.0 621.0 826.0 40.0 9.0 40.0 
1 2 0.88 0.88 256.0 96.0 256.0 338.0 174.0 338.0 
1 2 0.99 0.99 179.0 153.0 179.0 291.0 41.0 291.0 
1 2 0.88 0.88 14.0 9.0 14.0 677.0 164.0 677.0 
1 2 0.9 0.9 67.0 56.0 67.0 491.0 36.0 491.0 
1 2 0.79 0.79 14.0 2.0 14.0 80.0 52.0 80.0 
1 2 0.85 0.85 617.0 490.0 617.0 344.0 20.0 344.0 
1 2 0.55 0.55 494.0 9.0 494.0 997.0 532.0 997.0 
1 2 0.51 0.51 168.0 78.0 168.0 909.0 46.0 909.0 
1 2 0.9 0.9 375.0 85.0 375.0 523.0 355.0 523.0 
1 2 0.83 0.83 439.0 277.0 439.0 73.0 15.0 73.0 
1 2 0.86 0.86 385.0 78.0 385.0 596.0 392.0 596.0 
1 2 0.92 0.92 741.0 265.0 741.0 160.0 90.0 160.0 
1 2 0.56 0.56 617.0 54.0 617.0 425.0 204.0 425.0 
1 3 0.7 0.7 617.0 54.0 617.0 425.0 204.0 425.0 613.0 84.0 613.0 
1 2 0.88 0.88 516.0 411.0 516.0 659.0 57.0 659.0 
1 2 0.66 0.66 773.0 506.0 773.0 874.0 13.0 874.0 
1 2 0.46 0.46 461.0 62.0 461.0 560.0 184.0 560.0 
1 2 0.93 0.93 414.0 322.0 414.0 557.0 90.0 557.0 
1 2 0.95 0.95 998.0 71.0 998.0 442.0 390.0 442.0 
1 2 0.85 0.85 893.0 621.0 893.0 790.0 123.0 790.0 
1 2 0.94 0.94 870.0 268.0 870.0 614.0 390.0 614.0 
1 2 0.99 0.99 849.0 453.0 849.0 350.0 163.0 350.0 
1 2 0.76 0.76 423.0 255.0 423.0 638.0 105.0 638.0 
1 2 0.76 0.76 777.0 175.0 777.0 186.0 101.0 186.0 
1 2 0.62 0.62 736.0 63.0 736.0 392.0 212.0 392.0 
1 3 0.67 0.67 736.0 63.0 736.0 392.0 212.0 392.0 79.0 4.0 79.0 
1 2 0.69 0.69 971.0 287.0 971.0 156.0 63.0 156.0 
1 2 0.88 0.88 867.0 6.0 867.0 100.0 88.0 100.0 
1 2 0.86 0.86 170.0 108.0 170.0 865.0 199.0 865.0 
1 2 0.53 0.53 69.0 36.0 69.0 712.0 9.0 712.0 
1 3 0.97 0.97 69.0 36.0 69.0 712.0 9.0 712.0 546.0 241.0 546.0 
1 2 0.77 0.77 119.0 28.0 119.0 558.0 302.0 558.0 
1 2 0.8 0.8 527.0 161.0 527.0 472.0 237.0 472.0 
1 2 0.69 0.69 340.0 13.0 340.0 991.0 650.0 991.0 
1 2 0.85 0.85 180.0 45.0 180.0 356.0 215.0 356.0 
1 2 0.67 0.67 18.0 12.0 18.0 86.0 1.0 86.0 
1 2 0.7 0.7 55.0 10.0 55.0 19.0 10.0 19.0 
1 2 0.66 0.66 412.0 44.0 412.0 301.0 168.0 301.0 
1 2 0.61 0.61 517.0 318.0 517.0 476.0 1.0 476.0 
1 2 0.8 0.8 269.0 48.0 269.0 296.0 184.0 296.0 
1 2 0.44 0.44 909.0 348.0 909.0 356.0 23.0 356.0 
1 2 0.45 0.45 489.0 160.0 489.0 546.0 69.0 546.0 
1 2 0.82 0.82 105.0 65.0 105.0 164.0 34.0 164.0 
1 2 0.55 0.55 542.0 297.0 542.0 943.0 11.0 943.0 
1 2 0.98 0.98 171.0 136.0 171.0 215.0 41.0 215.0 
1 2 0.96 0.96 441.0 270.0 441.0 819.0 285.0 819.0 
1 2 0.69 0.69 932.0 575.0 932.0 425.0 34.0 425.0 
1 2 0.96 0.96 862.0 269.0 862.0 204.0 133.0 204.0 
1 2 0.71 0.71 279.0 50.0 279.0 938.0 500.0 938.0 
1 2 0.61 0.61 768.0 26.0 768.0 24.0 14.0 24.0 
1 2 0.94 0.94 733.0 388.0 733.0 914.0 384.0 914.0 
1 2 0.93 0.93 48.0 27.0 48.0 274.0 101.0 274.0 
1 2 0.84 0.84 986.0 281.0 986.0 986.0 548.0 986.0 
1 2 0.23 0.23 881.0 164.0 881.0 917.0 45.0 917.0 
1 2 0.86 0.86 635.0 215.0 635.0 128.0 68.0 128.0 
1 2 0.68 0.68 186.0 17.0 186.0 586.0 347.0 586.0 
1 2 0.55 0.55 543.0 9.0 543.0 386.0 209.0 386.0 
1 2 0.99 0.99 404.0 262.0 404.0 250.0 87.0 250.0 
1 2 0.99 0.99 881.0 612.0 881.0 371.0 111.0 371.0 
1 2 0.66 0.66 174.0 46.0 174.0 60.0 24.0 60.0 
1 2 0.7 0.7 70.0 40.0 70.0 792.0 105.0 792.0 
1 3 0.97 0.97 70.0 40.0 70.0 792.0 105.0 792.0 522.0 144.0 522.0 
1 2 0.88 0.88 534.0 280.0 534.0 84.0 30.0 84.0 
1 2 0.71 0.71 958.0 616.0 958.0 909.0 63.0 909.0 
1 2 0.57 0.57 218.0 116.0 218.0 196.0 9.0 196.0 
1 2 0.72 0.72 104.0 58.0 104.0 461.0 79.0 461.0 
1 2 0.74 0.74 913.0 495.0 913.0 167.0 34.0 167.0 
1 2 0.66 0.66 973.0 314.0 973.0 29.0 10.0 29.0 
1 2 0.65 0.65 909.0 3.0 909.0 394.0 257.0 394.0 
1 2 0.96 0.96 431.0 199.0 431.0 313.0 159.0 313.0 
1 2 0.96 0.96 868.0 515.0 868.0 194.0 72.0 194.0 
1 2 0.79 0.79 215.0 24.0 215.0 877.0 601.0 877.0 
1 2 0.88 0.88 744.0 6.0 744.0 56.0 49.0 56.0 
1 2 0.91 0.91 485.0 36.0 485.0 704.0 592.0 704.0 
1 2 0.89 0.89 375.0 259.0 375.0 74.0 15.0 74.0 
1 3 0.91 0.91 375.0 259.0 375.0 74.0 15.0 74.0 926.0 20.0 926.0 
1 2 0.89 0.89 428.0 24.0 428.0 515.0 432.0 515.0 
1 2 0.98 0.98 676.0 354.0 676.0 72.0 33.0 72.0 
1 2 0.78 0.78 732.0 379.0 732.0 602.0 158.0 602.0 
1 2 0.96 0.96 951.0 580.0 951.0 426.0 153.0 426.0 
1 2 0.86 0.86 188.0 45.0 188.0 679.0 427.0 679.0 
1 2 0.83 0.83 210.0 8.0 210.0 432.0 343.0 432.0 
1 2 0.63 0.63 645.0 337.0 645.0 913.0 100.0 913.0 
1 2 0.85 0.85 599.0 186.0 599.0 740.0 403.0 740.0 
1 2 0.75 0.75 634.0 97.0 634.0 328.0 198.0 328.0 
1 2 0.92 0.92 671.0 532.0 671.0 282.0 37.0 282.0 
1 2 0.85 0.85 407.0 105.0 407.0 415.0 247.0 415.0 
1 2 0.96 0.96 363.0 263.0 363.0 355.0 84.0 355.0 
1 2 0.97 0.97 829.0 244.0 829.0 68.0 46.0 68.0 
1 2 0.98 0.98 47.0 11.0 47.0 77.0 58.0 77.0 
1 2 0.9 0.9 34.0 6.0 34.0 169.0 123.0 169.0 
1 2 0.9 0.9 789.0 264.0 789.0 778.0 447.0 778.0 
1 2 0.98 0.98 634.0 552.0 634.0 862.0 96.0 862.0 
1 2 0.8 0.8 874.0 92.0 874.0 180.0 126.0 180.0 
1 2 0.58 0.58 869.0 50.0 869.0 474.0 250.0 474.0 
1 2 0.83 0.83 107.0 14.0 107.0 109.0 77.0 109.0 
1 2 0.83 0.83 803.0 259.0 803.0 284.0 145.0 284.0 
1 2 0.37 0.37 141.0 22.0 141.0 844.0 186.0 844.0 
1 2 0.69 0.69 170.0 100.0 170.0 487.0 51.0 487.0 
1 2 0.92 0.92 992.0 686.0 992.0 224.0 52.0 224.0 
1 2 0.72 0.72 496.0 326.0 496.0 451.0 32.0 451.0 
1 2 0.98 0.98 968.0 100.0 968.0 67.0 59.0 67.0 
1 2 0.91 0.91 541.0 52.0 541.0 126.0 103.0 126.0 
1 2 0.61 0.61 978.0 9.0 978.0 470.0 284.0 470.0 
1 2 0.57 0.57 686.0 49.0 686.0 210.0 105.0 210.0 
1 2 0.83 0.83 377.0 222.0 377.0 625.0 154.0 625.0 
1 2 0.87 0.87 691.0 456.0 691.0 23.0 5.0 23.0 
1 2 0.84 0.84 870.0 264.0 870.0 375.0 203.0 375.0 
1 2 0.94 0.94 261.0 193.0 261.0 790.0 160.0 790.0 
1 2 0.77 0.77 691.0 126.0 691.0 34.0 20.0 34.0 
1 2 0.77 0.77 900.0 651.0 900.0 992.0 56.0 992.0 
1 3 0.86 0.86 900.0 651.0 900.0 992.0 56.0 992.0 657.0 53.0 657.0 
1 2 0.72 0.72 639.0 63.0 639.0 623.0 391.0 623.0 
1 2 0.66 0.66 85.0 1.0 85.0 557.0 363.0 557.0 
1 2 0.87 0.87 204.0 168.0 204.0 533.0 28.0 533.0 
1 2 0.72 0.72 974.0 6.0 974.0 177.0 128.0 177.0 
1 2 0.99 0.99 108.0 12.0 108.0 680.0 598.0 680.0 
1 2 0.95 0.95 848.0 194.0 848.0 451.0 327.0 451.0 
1 2 0.99 0.99 245.0 229.0 245.0 752.0 43.0 752.0 
1 2 0.88 0.88 339.0 80.0 339.0 464.0 300.0 464.0 
1 2 0.93 0.93 215.0 173.0 215.0 100.0 13.0 100.0 
1 2 0.88 0.88 667.0 13.0 667.0 154.0 133.0 154.0 
1 2 0.97 0.97 709.0 71.0 709.0 664.0 581.0 664.0 
1 2 0.91 0.91 11.0 2.0 11.0 435.0 320.0 435.0 
1 2 0.95 0.95 736.0 198.0 736.0 572.0 392.0 572.0 
1 2 0.81 0.81 606.0 320.0 606.0 227.0 66.0 227.0 
1 2 0.57 0.57 252.0 133.0 252.0 500.0 23.0 500.0 
1 2 0.69 0.69 778.0 513.0 778.0 808.0 26.0 808.0 
1 2 0.87 0.87 799.0 466.0 799.0 784.0 231.0 784.0 
1 2 0.97 0.97 507.0 443.0 507.0 785.0 83.0 785.0 
1 2 0.74 0.74 330.0 166.0 330.0 666.0 159.0 666.0 
1 2 0.98 0.98 200.0 8.0 200.0 827.0 778.0 827.0 
1 2 0.75 0.75 630.0 18.0 630.0 266.0 194.0 266.0 
1 3 0.8 0.8 630.0 18.0 630.0 266.0 194.0 266.0 656.0 32.0 656.0 
1 2 0.37 0.37 330.0 66.0 330.0 551.0 94.0 551.0 
1 2 0.57 0.57 140.0 8.0 140.0 170.0 88.0 170.0 
1 2 0.94 0.94 518.0 18.0 518.0 876.0 795.0 876.0 
1 2 0.74 0.74 18.0 11.0 18.0 184.0 25.0 184.0 
1 2 0.71 0.71 858.0 555.0 858.0 775.0 53.0 775.0 
1 2 0.12 0.12 513.0 40.0 513.0 646.0 31.0 646.0 
1 3 0.81 0.81 513.0 40.0 513.0 646.0 31.0 646.0 502.0 344.0 502.0 
1 2 0.84 0.84 463.0 139.0 463.0 375.0 203.0 375.0 
1 2 0.66 0.66 682.0 70.0 682.0 152.0 86.0 152.0 
1 2 0.95 0.95 990.0 695.0 990.0 521.0 130.0 521.0 
1 2 0.83 0.83 882.0 655.0 882.0 144.0 14.0 144.0 
1 2 0.93 0.93 590.0 441.0 590.0 513.0 94.0 513.0 
1 2 0.92 0.92 722.0 498.0 722.0 214.0 51.0 214.0 
1 2 0.95 0.95 457.0 80.0 457.0 726.0 565.0 726.0 
1 2 0.92 0.92 10.0 2.0 10.0 855.0 623.0 855.0 
1 2 0.93 0.93 740.0 544.0 740.0 550.0 109.0 550.0 
1 2 0.81 0.81 367.0 289.0 367.0 321.0 10.0 321.0 
1 2 0.69 0.69 339.0 13.0 339.0 158.0 103.0 158.0 
1 2 0.76 0.76 228.0 128.0 228.0 900.0 180.0 900.0 
1 2 0.83 0.83 546.0 132.0 546.0 382.0 228.0 382.0 
1 2 0.93 0.93 747.0 494.0 747.0 870.0 241.0 870.0 
1 2 0.92 0.92 757.0 642.0 757.0 352.0 26.0 352.0 
1 2 0.32 0.32 25.0 7.0 25.0 906.0 39.0 906.0 
1 3 0.96 0.96 25.0 7.0 25.0 906.0 39.0 906.0 502.0 321.0 502.0 
1 2 0.91 0.91 754.0 233.0 754.0 752.0 453.0 752.0 
1 2 0.87 0.87 865.0 471.0 865.0 454.0 150.0 454.0 
1 2 0.69 0.69 150.0 12.0 150.0 675.0 417.0 675.0 
1 3 0.82 0.82 150.0 12.0 150.0 675.0 417.0 675.0 420.0 55.0 420.0 
1 2 0.67 0.67 413.0 140.0 413.0 114.0 38.0 114.0 
1 2 0.98 0.98 45.0 38.0 45.0 632.0 88.0 632.0 
1 2 0.99 0.99 898.0 203.0 898.0 353.0 270.0 353.0 
1 2 0.63 0.63 117.0 68.0 117.0 612.0 35.0 612.0 
1 2 0.86 0.86 423.0 19.0 423.0 216.0 178.0 216.0 
1 3 0.96 0.96 423.0 19.0 423.0 216.0 178.0 216.0 960.0 95.0 960.0 
1 2 0.95 0.95 687.0 178.0 687.0 871.0 602.0 871.0 
1 2 0.73 0.73 577.0 1.0 577.0 290.0 212.0 290.0 
1 2 0.85 0.85 397.0 92.0 397.0 323.0 201.0 323.0 
1 3 0.91 0.91 397.0 92.0 397.0 323.0 201.0 323.0 846.0 49.0 846.0 
1 2 0.83 0.83 648.0 468.0 648.0 306.0 33.0 306.0 
1 2 0.99 0.99 458.0 145.0 458.0 786.0 532.0 786.0 
1 2 0.85 0.85 290.0 86.0 290.0 845.0 472.0 845.0 
1 2 0.73 0.73 428.0 216.0 428.0 893.0 203.0 893.0 
1 2 0.83 0.83 506.0 378.0 506.0 994.0 88.0 994.0 
1 2 0.66 0.66 695.0 453.0 695.0 542.0 5.0 542.0 
1 2 0.76 0.76 652.0 81.0 652.0 199.0 127.0 199.0 
1 2 0.55 0.55 833.0 350.0 833.0 530.0 71.0 530.0 
1 2 0.84 0.84 158.0 88.0 158.0 313.0 91.0 313.0 
1 2 0.63 0.63 661.0 81.0 661.0 703.0 363.0 703.0 
1 3 0.68 0.68 661.0 81.0 661.0 703.0 363.0 703.0 482.0 24.0 482.0 
1 2 0.76 0.76 366.0 212.0 366.0 683.0 130.0 683.0 
1 2 0.69 0.69 502.0 256.0 502.0 170.0 31.0 170.0 
1 2 0.75 0.75 756.0 73.0 756.0 904.0 592.0 904.0 
1 2 0.83 0.83 530.0 172.0 530.0 766.0 393.0 766.0 
1 2 0.67 0.67 748.0 488.0 748.0 414.0 10.0 414.0 
1 2 0.58 0.58 729.0 53.0 729.0 661.0 336.0 661.0 
1 2 0.65 0.65 296.0 61.0 296.0 102.0 46.0 102.0 
1 2 0.73 0.73 889.0 533.0 889.0 787.0 109.0 787.0 
1 2 0.82 0.82 281.0 52.0 281.0 880.0 564.0 880.0 
1 2 0.72 0.72 11.0 6.0 11.0 408.0 75.0 408.0 
1 2 0.67 0.67 721.0 432.0 721.0 683.0 55.0 683.0 
1 2 0.89 0.89 279.0 241.0 279.0 104.0 3.0 104.0 
1 2 0.34 0.34 320.0 64.0 320.0 548.0 78.0 548.0 
1 2 0.69 0.69 613.0 91.0 613.0 521.0 284.0 521.0 
1 2 0.61 0.61 604.0 139.0 604.0 216.0 84.0 216.0 
1 2 0.92 0.92 908.0 232.0 908.0 63.0 42.0 63.0 
1 2 0.76 0.76 821.0 115.0 821.0 945.0 594.0 945.0 
1 2 0.85 0.85 232.0 185.0 232.0 512.0 27.0 512.0 
1 2 0.69 0.69 414.0 258.0 414.0 72.0 5.0 72.0 
1 2 0.9 0.9 543.0 85.0 543.0 230.0 171.0 230.0 
1 2 0.92 0.92 650.0 275.0 650.0 640.0 321.0 640.0 
1 2 0.9 0.9 853.0 584.0 853.0 686.0 154.0 686.0 
1 2 0.98 0.98 916.0 104.0 916.0 295.0 258.0 295.0 
1 2 0.78 0.78 547.0 338.0 547.0 6.0 1.0 6.0 
1 2 0.67 0.67 191.0 74.0 191.0 73.0 21.0 73.0 
1 2 0.9 0.9 864.0 482.0 864.0 819.0 287.0 819.0 
1 2 0.58 0.58 962.0 557.0 962.0 768.0 5.0 768.0 
1 2 0.7 0.7 801.0 522.0 801.0 490.0 28.0 490.0 
1 2 0.71 0.71 950.0 507.0 950.0 154.0 28.0 154.0 
1 2 0.92 0.92 580.0 172.0 580.0 43.0 27.0 43.0 
1 2 0.71 0.71 88.0 55.0 88.0 232.0 22.0 232.0 
1 2 0.84 0.84 787.0 45.0 787.0 842.0 661.0 842.0 
1 2 0.98 0.98 324.0 191.0 324.0 168.0 66.0 168.0 
1 2 0.89 0.89 520.0 13.0 520.0 218.0 189.0 218.0 
1 2 0.76 0.76 725.0 400.0 725.0 463.0 100.0 463.0 
1 2 0.95 0.95 351.0 303.0 351.0 391.0 35.0 391.0 
1 2 0.95 0.95 828.0 702.0 828.0 321.0 36.0 321.0 
1 2 0.94 0.94 153.0 79.0 153.0 865.0 369.0 865.0 
1 2 0.95 0.95 706.0 104.0 706.0 963.0 773.0 963.0 
1 2 0.91 0.91 193.0 141.0 193.0 32.0 6.0 32.0 
1 2 0.95 0.95 442.0 38.0 442.0 414.0 359.0 414.0 
1 2 0.76 0.76 644.0 294.0 644.0 514.0 157.0 514.0 
1 2 0.65 0.65 542.0 33.0 542.0 811.0 478.0 811.0 
1 2 0.82 0.82 957.0 141.0 957.0 617.0 421.0 617.0 
1 2 0.27 0.27 983.0 185.0 983.0 89.0 8.0 89.0 
1 2 0.8 0.8 523.0 112.0 523.0 447.0 265.0 447.0 
1 2 0.86 0.86 358.0 9.0 358.0 668.0 560.0 668.0 
1 2 0.78 0.78 334.0 169.0 334.0 260.0 72.0 260.0 
1 2 0.81 0.81 113.0 28.0 113.0 476.0 272.0 476.0 
1 2 0.95 0.95 865.0 216.0 865.0 383.0 271.0 383.0 
1 2 0.97 0.97 396.0 257.0 396.0 73.0 24.0 73.0 
1 2 0.56 0.56 37.0 20.0 37.0 435.0 10.0 435.0 
1 2 0.64 0.64 226.0 121.0 226.0 778.0 87.0 778.0 
1 2 0.92 0.92 698.0 503.0 698.0 15.0 3.0 15.0 
1 2 0.87 0.87 280.0 192.0 280.0 21.0 4.0 21.0 
1 2 0.84 0.84 927.0 676.0 927.0 743.0 87.0 743.0 
1 2 0.94 0.94 542.0 132.0 542.0 958.0 676.0 958.0 
1 2 0.86 0.86 609.0 1.0 609.0 720.0 624.0 720.0 
1 2 0.73 0.73 897.0 610.0 897.0 326.0 18.0 326.0 
1 2 0.91 0.91 675.0 240.0 675.0 569.0 319.0 569.0 
1 2 0.52 0.52 614.0 37.0 614.0 998.0 463.0 998.0 
1 2 0.99 0.99 872.0 362.0 872.0 488.0 284.0 488.0 
1 2 0.71 0.71 972.0 71.0 972.0 109.0 70.0 109.0 
1 2 0.88 0.88 741.0 204.0 741.0 652.0 400.0 652.0 
1 2 0.71 0.71 536.0 24.0 536.0 631.0 425.0 631.0 
1 3 0.8 0.8 536.0 24.0 536.0 631.0 425.0 631.0 200.0 17.0 200.0 
1 2 0.62 0.62 454.0 57.0 454.0 24.0 12.0 24.0 
1 2 0.92 0.92 737.0 601.0 737.0 952.0 105.0 952.0 
1 2 0.85 0.85 512.0 420.0 512.0 761.0 27.0 761.0 
1 2 0.63 0.63 850.0 74.0 850.0 829.0 454.0 829.0 
1 2 0.48 0.48 961.0 198.0 961.0 273.0 75.0 273.0 
1 2 0.63 0.63 459.0 50.0 459.0 466.0 246.0 466.0 
1 2 0.95 0.95 894.0 356.0 894.0 399.0 223.0 399.0 
1 2 0.98 0.98 363.0 288.0 363.0 26.0 5.0 26.0 
1 2 0.87 0.87 776.0 421.0 776.0 492.0 166.0 492.0 
1 2 0.82 0.82 357.0 35.0 357.0 58.0 42.0 58.0 
1 3 0.91 0.91 357.0 35.0 357.0 58.0 42.0 58.0 186.0 18.0 186.0 
1 2 0.74 0.74 960.0 544.0 960.0 265.0 48.0 265.0 
1 2 0.62 0.62 987.0 571.0 987.0 445.0 22.0 445.0 
1 2 0.66 0.66 978.0 523.0 978.0 972.0 127.0 972.0 
1 2 0.53 0.53 267.0 68.0 267.0 436.0 121.0 436.0 
1 2 0.85 0.85 844.0 124.0 844.0 190.0 134.0 190.0 
1 2 0.88 0.88 705.0 5.0 705.0 779.0 685.0 779.0 
1 2 0.87 0.87 942.0 3.0 942.0 267.0 232.0 267.0 
1 2 0.9 0.9 666.0 141.0 666.0 693.0 478.0 693.0 
1 2 0.85 0.85 768.0 580.0 768.0 542.0 54.0 542.0 
1 2 0.63 0.63 565.0 209.0 565.0 587.0 153.0 587.0 
1 2 0.97 0.97 920.0 626.0 920.0 54.0 16.0 54.0 
1 2 0.7 0.7 112.0 67.0 112.0 867.0 90.0 867.0 
1 2 0.95 0.95 606.0 5.0 606.0 373.0 353.0 373.0 
1 2 0.84 0.84 268.0 41.0 268.0 986.0 680.0 986.0 
1 2 0.92 0.92 317.0 129.0 317.0 391.0 201.0 391.0 
1 2 0.93 0.93 419.0 154.0 419.0 393.0 222.0 393.0 
1 2 0.91 0.91 785.0 274.0 785.0 812.0 457.0 812.0 
1 2 0.94 0.94 553.0 56.0 553.0 318.0 268.0 318.0 
1 2 0.86 0.86 395.0 239.0 395.0 682.0 178.0 682.0 
1 2 0.89 0.89 135.0 25.0 135.0 691.0 490.0 691.0 
1 2 0.99 0.99 454.0 18.0 454.0 926.0 887.0 926.0 
1 2 0.57 0.57 453.0 73.0 453.0 734.0 303.0 734.0 
1 2 0.85 0.85 247.0 141.0 247.0 417.0 117.0 417.0 
1 2 0.78 0.78 350.0 176.0 350.0 60.0 17.0 60.0 
1 2 0.82 0.82 334.0 252.0 334.0 169.0 12.0 169.0 
1 2 0.84 0.84 710.0 376.0 710.0 598.0 186.0 598.0 
1 2 0.78 0.78 420.0 281.0 420.0 402.0 47.0 402.0 
1 2 0.77 0.77 981.0 592.0 981.0 184.0 31.0 184.0 
1 2 0.89 0.89 805.0 572.0 805.0 204.0 38.0 204.0 
1 2 0.81 0.81 876.0 537.0 876.0 963.0 191.0 963.0 
1 2 0.94 0.94 648.0 158.0 648.0 20.0 14.0 20.0 
1 2 0.41 0.41 853.0 127.0 853.0 672.0 182.0 672.0 
1 3 0.99 0.99 853.0 127.0 853.0 672.0 182.0 672.0 269.0 155.0 269.0 
1 2 0.78 0.78 397.0 83.0 397.0 776.0 449.0 776.0 
1 2 0.91 0.91 591.0 321.0 591.0 78.0 29.0 78.0 
1 2 0.89 0.89 379.0 294.0 379.0 479.0 56.0 479.0 
1 2 0.83 0.83 180.0 118.0 180.0 155.0 28.0 155.0 
1 2 0.98 0.98 937.0 230.0 937.0 604.0 448.0 604.0 
1 2 0.52 0.52 914.0 462.0 914.0 836.0 14.0 836.0 
1 2 0.95 0.95 374.0 108.0 374.0 872.0 579.0 872.0 
1 2 0.83 0.83 844.0 662.0 844.0 286.0 14.0 286.0 
1 2 0.99 0.99 69.0 7.0 69.0 438.0 391.0 438.0 
1 2 0.99 0.99 133.0 2.0 133.0 115.0 113.0 115.0 
1 2 0.96 0.96 777.0 223.0 777.0 798.0 541.0 798.0 
1 2 0.76 0.76 167.0 7.0 167.0 494.0 355.0 494.0 
1 2 0.72 0.72 812.0 61.0 812.0 212.0 137.0 212.0 
1 2 0.79 0.79 238.0 134.0 238.0 263.0 61.0 263.0 
1 2 0.88 0.88 721.0 14.0 721.0 206.0 178.0 206.0 
1 2 0.97 0.97 282.0 81.0 282.0 884.0 611.0 884.0 
1 2 0.1 0.1 524.0 4.0 524.0 941.0 88.0 941.0 
1 3 0.73 0.73 524.0 4.0 524.0 941.0 88.0 941.0 938.0 592.0 938.0 
1 2 0.9 0.9 170.0 116.0 170.0 173.0 38.0 173.0 
1 2 0.66 0.66 954.0 9.0 954.0 545.0 355.0 545.0 
1 2 0.94 0.94 785.0 628.0 785.0 586.0 84.0 586.0 
1 2 0.74 0.74 217.0 114.0 217.0 852.0 187.0 852.0 
1 2 0.95 0.95 270.0 160.0 270.0 490.0 177.0 490.0 
1 2 0.9 0.9 589.0 447.0 589.0 266.0 40.0 266.0 
1 2 0.82 0.82 843.0 18.0 843.0 60.0 48.0 60.0 
1 2 0.97 0.97 410.0 260.0 410.0 849.0 286.0 849.0 
1 2 0.81 0.81 602.0 395.0 602.0 227.0 35.0 227.0 
1 2 0.95 0.95 443.0 162.0 443.0 859.0 505.0 859.0 
1 2 0.86 0.86 836.0 519.0 836.0 693.0 167.0 693.0 
1 2 0.82 0.82 874.0 87.0 874.0 83.0 60.0 83.0 
1 2 0.91 0.91 821.0 540.0 821.0 574.0 148.0 574.0 
1 2 0.77 0.77 205.0 9.0 205.0 585.0 426.0 585.0 
1 2 0.81 0.81 490.0 52.0 490.0 499.0 353.0 499.0 
1 3 0.93 0.93 490.0 52.0 490.0 499.0 353.0 499.0 262.0 33.0 262.0 
1 2 0.95 0.95 197.0 183.0 197.0 443.0 13.0 443.0 
1 2 0.99 0.99 280.0 255.0 280.0 281.0 25.0 281.0 
1 2 0.38 0.38 616.0 86.0 616.0 881.0 216.0 881.0 
1 3 0.94 0.94 616.0 86.0 616.0 881.0 216.0 881.0 275.0 153.0 275.0 
1 2 0.87 0.87 759.0 119.0 759.0 158.0 113.0 158.0 
1 2 0.5 0.5 194.0 63.0 194.0 205.0 36.0 205.0 
1 3 0.88 0.88 194.0 63.0 194.0 205.0 36.0 205.0 809.0 311.0 809.0 
1 2 0.87 0.87 384.0 73.0 384.0 574.0 393.0 574.0 
1 2 0.92 0.92 877.0 181.0 877.0 99.0 71.0 99.0 
1 2 0.84 0.84 481.0 99.0 481.0 920.0 591.0 920.0 
1 2 0.22 0.22 992.0 183.0 992.0 370.0 15.0 370.0 
1 2 0.95 0.95 500.0 385.0 500.0 751.0 138.0 751.0 
1 2 0.8 0.8 345.0 197.0 345.0 657.0 152.0 657.0 
1 2 0.95 0.95 482.0 101.0 482.0 931.0 692.0 931.0 
1 2 0.94 0.94 384.0 306.0 384.0 174.0 25.0 174.0 
1 2 0.64 0.64 506.0 70.0 506.0 689.0 351.0 689.0 
1 2 0.75 0.75 961.0 600.0 961.0 723.0 97.0 723.0 
1 2 0.48 0.48 23.0 9.0 23.0 298.0 29.0 298.0 
1 2 0.7 0.7 320.0 24.0 320.0 767.0 480.0 767.0 
1 2 0.89 0.89 915.0 80.0 915.0 887.0 719.0 887.0 
1 2 0.77 0.77 196.0 18.0 196.0 648.0 441.0 648.0 
1 2 0.71 0.71 139.0 90.0 139.0 848.0 56.0 848.0 
1 2 0.61 0.61 466.0 57.0 466.0 367.0 179.0 367.0 
1 2 0.74 0.74 243.0 180.0 243.0 121.0 1.0 121.0 
1 2 0.91 0.91 777.0 9.0 777.0 487.0 440.0 487.0 
1 2 0.9 0.9 337.0 29.0 337.0 34.0 28.0 34.0 
1 2 0.99 0.99 945.0 773.0 945.0 195.0 35.0 195.0 
1 2 0.74 0.74 963.0 96.0 963.0 786.0 508.0 786.0 
1 2 0.77 0.77 214.0 1.0 214.0 211.0 163.0 211.0 
1 2 0.87 0.87 551.0 379.0 551.0 993.0 187.0 993.0 
1 2 0.73 0.73 489.0 275.0 489.0 283.0 48.0 283.0 
1 3 0.9 0.9 489.0 275.0 489.0 283.0 48.0 283.0 525.0 89.0 525.0 
1 2 0.67 0.67 405.0 225.0 405.0 646.0 74.0 646.0 
1 2 0.68 0.68 108.0 5.0 108.0 733.0 471.0 733.0 
1 2 0.75 0.75 73.0 9.0 73.0 19.0 12.0 19.0 
1 2 0.95 0.95 676.0 127.0 676.0 872.0 669.0 872.0 
1 2 0.84 0.84 135.0 101.0 135.0 10.0 1.0 10.0 
1 2 0.97 0.97 572.0 381.0 572.0 802.0 248.0 802.0 
1 2 0.78 0.78 818.0 561.0 818.0 154.0 16.0 154.0 
1 2 0.89 0.89 194.0 155.0 194.0 675.0 68.0 675.0 
1 2 0.85 0.85 453.0 82.0 453.0 251.0 168.0 251.0 
1 2 0.64 0.64 883.0 564.0 883.0 546.0 2.0 546.0 
1 2 0.84 0.84 896.0 476.0 896.0 649.0 201.0 649.0 
1 3 0.9 0.9 896.0 476.0 896.0 649.0 201.0 649.0 114.0 7.0 114.0 
1 2 0.72 0.72 358.0 195.0 358.0 384.0 71.0 384.0 
1 2 0.99 0.99 201.0 77.0 201.0 955.0 582.0 955.0 
1 2 0.93 0.93 716.0 604.0 716.0 32.0 3.0 32.0 
1 2 0.85 0.85 713.0 488.0 713.0 809.0 134.0 809.0 
1 2 0.97 0.97 746.0 23.0 746.0 771.0 725.0 771.0 
1 2 0.76 0.76 241.0 176.0 241.0 619.0 19.0 619.0 
1 2 0.92 0.92 7.0 1.0 7.0 518.0 403.0 518.0 
1 2 0.95 0.95 975.0 704.0 975.0 107.0 25.0 107.0 
1 2 0.93 0.93 308.0 118.0 308.0 921.0 505.0 921.0 
1 2 0.8 0.8 971.0 650.0 971.0 755.0 105.0 755.0 
1 2 0.73 0.73 83.0 60.0 83.0 820.0 9.0 820.0 
1 2 0.82 0.82 290.0 59.0 290.0 726.0 450.0 726.0 
1 2 0.94 0.94 658.0 150.0 658.0 312.0 224.0 312.0 
1 2 0.63 0.63 930.0 511.0 930.0 305.0 27.0 305.0 
1 2 0.59 0.59 889.0 23.0 889.0 187.0 107.0 187.0 
1 2 0.89 0.89 889.0 700.0 889.0 85.0 9.0 85.0 
1 2 0.77 0.77 438.0 13.0 438.0 16.0 12.0 16.0 
1 3 0.91 0.91 438.0 13.0 438.0 16.0 12.0 16.0 562.0 74.0 562.0 
1 2 0.88 0.88 171.0 62.0 171.0 435.0 227.0 435.0 
1 2 0.88 0.88 131.0 82.0 131.0 790.0 207.0 790.0 
1 2 0.61 0.61 982.0 570.0 982.0 712.0 26.0 712.0 
1 2 0.58 0.58 51.0 27.0 51.0 109.0 6.0 109.0 
1 2 0.97 0.97 13.0 6.0 13.0 509.0 261.0 509.0 
1 2 0.9 0.9 835.0 655.0 835.0 525.0 61.0 525.0 
1 2 0.91 0.91 960.0 535.0 960.0 106.0 38.0 106.0 
1 3 0.97 0.97 960.0 535.0 960.0 106.0 38.0 106.0 421.0 25.0 421.0 
1 2 0.72 0.72 561.0 54.0 561.0 798.0 501.0 798.0 
1 2 0.65 0.65 693.0 3.0 693.0 254.0 166.0 254.0 
1 2 0.83 0.83 894.0 126.0 894.0 523.0 361.0 523.0 
1 2 0.2 0.2 847.0 10.0 847.0 697.0 133.0 697.0 
1 2 0.95 0.95 391.0 93.0 391.0 785.0 564.0 785.0 
1 2 0.94 0.94 61.0 42.0 61.0 345.0 88.0 345.0 
1 2 0.65 0.65 874.0 450.0 874.0 418.0 57.0 418.0 
1 2 0.91 0.91 332.0 58.0 332.0 684.0 507.0 684.0 
1 2 0.9 0.9 828.0 445.0 828.0 994.0 366.0 994.0 
1 2 0.97 0.97 394.0 274.0 394.0 942.0 265.0 942.0 
1 2 0.99 0.99 35.0 7.0 35.0 782.0 620.0 782.0 
1 2 0.74 0.74 182.0 122.0 182.0 827.0 60.0 827.0 
1 2 0.85 0.85 998.0 679.0 998.0 41.0 7.0 41.0 
1 2 0.62 0.62 253.0 51.0 253.0 288.0 122.0 288.0 
1 2 0.97 0.97 108.0 101.0 108.0 321.0 14.0 321.0 
1 2 0.95 0.95 406.0 311.0 406.0 398.0 74.0 398.0 
1 2 0.8 0.8 146.0 96.0 146.0 159.0 23.0 159.0 
1 2 0.79 0.79 878.0 211.0 878.0 813.0 454.0 813.0 
1 2 0.65 0.65 446.0 271.0 446.0 866.0 37.0 866.0 
1 2 0.93 0.93 956.0 469.0 956.0 803.0 360.0 803.0 
1 2 0.87 0.87 130.0 112.0 130.0 78.0 1.0 78.0 
1 2 0.8 0.8 380.0 157.0 380.0 438.0 170.0 438.0 
1 2 0.71 0.71 496.0 260.0 496.0 911.0 175.0 911.0 
1 2 0.87 0.87 192.0 42.0 192.0 139.0 91.0 139.0 
1 3 0.92 0.92 192.0 42.0 192.0 139.0 91.0 139.0 777.0 38.0 777.0 
1 2 0.94 0.94 341.0 88.0 341.0 240.0 166.0 240.0 
1 2 0.62 0.62 402.0 27.0 402.0 573.0 320.0 573.0 
1 2 0.78 0.78 734.0 99.0 734.0 83.0 54.0 83.0 
1 2 0.61 0.61 948.0 530.0 948.0 599.0 35.0 599.0 
1 2 0.98 0.98 625.0 573.0 625.0 528.0 36.0 528.0 
1 2 0.61 0.61 421.0 189.0 421.0 878.0 142.0 878.0 
1 3 0.65 0.65 421.0 189.0 421.0 878.0 142.0 878.0 151.0 6.0 151.0 
1 2 0.32 0.32 283.0 18.0 283.0 253.0 67.0 253.0 
1 2 0.86 0.86 224.0 171.0 224.0 172.0 18.0 172.0 
1 2 0.69 0.69 6.0 2.0 6.0 923.0 335.0 923.0 
1 2 0.88 0.88 424.0 375.0 424.0 973.0 1.0 973.0 
1 2 0.89 0.89 767.0 492.0 767.0 907.0 231.0 907.0 
1 2 0.82 0.82 922.0 37.0 922.0 60.0 47.0 60.0 
1 2 0.96 0.96 271.0 54.0 271.0 308.0 237.0 308.0 
1 2 0.7 0.7 333.0 172.0 333.0 900.0 166.0 900.0 
1 2 0.99 0.99 771.0 64.0 771.0 481.0 440.0 481.0 
1 2 0.74 0.74 474.0 77.0 474.0 627.0 365.0 627.0 
1 2 0.89 0.89 752.0 162.0 752.0 930.0 634.0 930.0 
1 2 0.85 0.85 339.0 274.0 339.0 109.0 5.0 109.0 
1 2 0.21 0.21 602.0 12.0 602.0 126.0 24.0 126.0 
1 2 0.75 0.75 215.0 16.0 215.0 175.0 119.0 175.0 
1 2 0.75 0.75 679.0 60.0 679.0 183.0 122.0 183.0 
1 2 0.83 0.83 618.0 20.0 618.0 419.0 336.0 419.0 
1 2 0.89 0.89 343.0 3.0 343.0 770.0 685.0 770.0 
1 2 0.98 0.98 866.0 271.0 866.0 591.0 400.0 591.0 
1 2 0.94 0.94 306.0 83.0 306.0 91.0 61.0 91.0 
1 2 0.57 0.57 166.0 28.0 166.0 314.0 128.0 314.0 
1 2 0.87 0.87 78.0 14.0 78.0 202.0 140.0 202.0 
1 2 0.68 0.68 681.0 57.0 681.0 808.0 487.0 808.0 
1 2 0.79 0.79 6.0 4.0 6.0 106.0 14.0 106.0 
1 2 0.8 0.8 70.0 42.0 70.0 716.0 144.0 716.0 
1 2 0.49 0.49 324.0 121.0 324.0 368.0 46.0 368.0 
1 2 0.22 0.22 812.0 175.0 812.0 616.0 6.0 616.0 
1 2 0.93 0.93 485.0 27.0 485.0 48.0 42.0 48.0 
1 2 0.78 0.78 828.0 623.0 828.0 544.0 16.0 544.0 
1 2 0.89 0.89 224.0 186.0 224.0 380.0 25.0 380.0 
1 2 0.89 0.89 204.0 174.0 204.0 113.0 5.0 113.0 
1 2 0.93 0.93 724.0 649.0 724.0 86.0 3.0 86.0 
1 2 0.86 0.86 324.0 85.0 324.0 876.0 527.0 876.0 
1 2 0.58 0.58 266.0 152.0 266.0 349.0 3.0 349.0 
1 3 0.91 0.91 266.0 152.0 266.0 349.0 3.0 349.0 3.0 1.0 3.0 
1 4 0.97 0.97 266.0 152.0 266.0 349.0 3.0 349.0 3.0 1.0 3.0 682.0 40.0 682.0 
1 2 0.7 0.7 837.0 467.0 837.0 460.0 66.0 460.0 
1 2 0.47 0.47 864.0 251.0 864.0 781.0 145.0 781.0 
1 2 0.81 0.81 974.0 276.0 974.0 1000.0 534.0 1000.0 
1 2 0.58 0.58 404.0 235.0 404.0 621.0 3.0 621.0 
1 2 0.67 0.67 562.0 95.0 562.0 660.0 332.0 660.0 
1 2 0.79 0.79 652.0 6.0 652.0 554.0 438.0 554.0 
1 2 0.83 0.83 69.0 28.0 69.0 604.0 260.0 604.0 
1 2 0.64 0.64 783.0 466.0 783.0 952.0 44.0 952.0 
1 2 0.96 0.96 444.0 330.0 444.0 257.0 56.0 257.0 
1 2 0.73 0.73 123.0 13.0 123.0 952.0 599.0 952.0 
1 2 0.72 0.72 299.0 59.0 299.0 524.0 279.0 524.0 
1 2 0.99 0.99 984.0 73.0 984.0 992.0 917.0 992.0 
1 2 0.89 0.89 533.0 284.0 533.0 808.0 289.0 808.0 
1 2 0.91 0.91 144.0 119.0 144.0 757.0 70.0 757.0 
1 2 0.99 0.99 886.0 868.0 886.0 477.0 6.0 477.0 
1 2 0.92 0.92 586.0 221.0 586.0 145.0 80.0 145.0 
1 2 0.98 0.98 572.0 349.0 572.0 385.0 143.0 385.0 
1 2 0.76 0.76 338.0 40.0 338.0 219.0 142.0 219.0 
1 2 0.76 0.76 543.0 47.0 543.0 674.0 454.0 674.0 
1 2 0.85 0.85 129.0 83.0 129.0 466.0 99.0 466.0 
1 2 0.94 0.94 177.0 78.0 177.0 144.0 73.0 144.0 
1 2 0.82 0.82 60.0 42.0 60.0 950.0 119.0 950.0 
1 2 0.87 0.87 133.0 24.0 133.0 440.0 304.0 440.0 
1 2 0.86 0.86 376.0 9.0 376.0 544.0 460.0 544.0 
1 2 0.97 0.97 818.0 230.0 818.0 568.0 394.0 568.0 
1 2 0.99 0.99 287.0 10.0 287.0 395.0 378.0 395.0 
1 2 0.54 0.54 259.0 96.0 259.0 566.0 101.0 566.0 
1 3 0.75 0.75 259.0 96.0 259.0 566.0 101.0 566.0 554.0 115.0 554.0 
1 2 0.82 0.82 415.0 300.0 415.0 173.0 18.0 173.0 
1 2 0.91 0.91 888.0 304.0 888.0 270.0 155.0 270.0 
1 2 0.91 0.91 913.0 181.0 913.0 112.0 80.0 112.0 
1 2 0.96 0.96 45.0 35.0 45.0 836.0 157.0 836.0 
1 2 0.94 0.94 207.0 16.0 207.0 876.0 762.0 876.0 
1 2 0.79 0.79 384.0 277.0 384.0 247.0 17.0 247.0 
1 2 0.98 0.98 359.0 336.0 359.0 782.0 41.0 782.0 
1 2 0.86 0.86 95.0 65.0 95.0 764.0 141.0 764.0 
1 2 0.92 0.92 233.0 78.0 233.0 212.0 125.0 212.0 
1 2 0.82 0.82 577.0 114.0 577.0 236.0 149.0 236.0 
1 2 0.74 0.74 280.0 1.0 280.0 278.0 206.0 278.0 
1 2 0.68 0.68 986.0 160.0 986.0 929.0 481.0 929.0 
1 2 0.71 0.71 677.0 436.0 677.0 493.0 36.0 493.0 
1 2 0.98 0.98 957.0 202.0 957.0 749.0 583.0 749.0 
1 2 0.82 0.82 904.0 51.0 904.0 764.0 589.0 764.0 
1 2 0.8 0.8 723.0 116.0 723.0 697.0 452.0 697.0 
1 2 0.88 0.88 932.0 209.0 932.0 772.0 512.0 772.0 
1 2 0.78 0.78 299.0 201.0 299.0 934.0 102.0 934.0 
1 2 0.68 0.68 577.0 61.0 577.0 795.0 462.0 795.0 
1 2 0.72 0.72 952.0 675.0 952.0 404.0 8.0 404.0 
1 2 0.93 0.93 385.0 311.0 385.0 387.0 48.0 387.0 
1 2 0.85 0.85 657.0 112.0 657.0 668.0 457.0 668.0 
1 2 0.47 0.47 384.0 50.0 384.0 505.0 175.0 505.0 
1 2 0.94 0.94 611.0 522.0 611.0 191.0 17.0 191.0 
1 2 0.92 0.92 299.0 224.0 299.0 458.0 81.0 458.0 
1 2 0.84 0.84 88.0 5.0 88.0 662.0 525.0 662.0 
1 2 0.95 0.95 802.0 461.0 802.0 363.0 139.0 363.0 
1 2 0.79 0.79 472.0 126.0 472.0 680.0 356.0 680.0 
1 2 0.52 0.52 521.0 109.0 521.0 25.0 8.0 25.0 
1 2 0.66 0.66 808.0 375.0 808.0 418.0 83.0 418.0 
1 2 0.98 0.98 619.0 489.0 619.0 982.0 193.0 982.0 
1 2 0.7 0.7 246.0 31.0 246.0 137.0 79.0 137.0 
1 2 0.79 0.79 737.0 207.0 737.0 72.0 37.0 72.0 
1 2 0.77 0.77 461.0 242.0 461.0 554.0 136.0 554.0 
1 2 0.95 0.95 592.0 417.0 592.0 436.0 110.0 436.0 
1 2 0.89 0.89 6.0 5.0 6.0 252.0 15.0 252.0 
1 2 0.59 0.59 798.0 17.0 798.0 455.0 262.0 455.0 
1 3 0.75 0.75 798.0 17.0 798.0 455.0 262.0 455.0 219.0 35.0 219.0 
1 2 0.97 0.97 266.0 155.0 266.0 264.0 103.0 264.0 
1 2 0.93 0.93 333.0 237.0 333.0 469.0 106.0 469.0 
1 2 0.86 0.86 792.0 252.0 792.0 301.0 166.0 301.0 
1 2 0.82 0.82 906.0 531.0 906.0 168.0 40.0 168.0 
1 2 0.5 0.5 736.0 271.0 736.0 52.0 7.0 52.0 
1 2 0.66 0.66 324.0 26.0 324.0 236.0 137.0 236.0 
1 2 0.73 0.73 208.0 27.0 208.0 963.0 580.0 963.0 
1 2 0.76 0.76 514.0 377.0 514.0 510.0 14.0 510.0 
1 2 0.7 0.7 942.0 162.0 942.0 699.0 376.0 699.0 
1 2 0.98 0.98 72.0 18.0 72.0 308.0 227.0 308.0 
1 2 0.76 0.76 788.0 562.0 788.0 655.0 33.0 655.0 
1 2 0.92 0.92 288.0 239.0 288.0 909.0 84.0 909.0 
1 2 0.85 0.85 939.0 714.0 939.0 241.0 23.0 241.0 
1 2 0.44 0.44 276.0 46.0 276.0 509.0 143.0 509.0 
1 2 0.54 0.54 543.0 273.0 543.0 45.0 2.0 45.0 
1 2 0.79 0.79 320.0 147.0 320.0 414.0 141.0 414.0 
1 2 0.88 0.88 965.0 765.0 965.0 772.0 71.0 772.0 
1 2 0.77 0.77 471.0 97.0 471.0 123.0 70.0 123.0 
1 2 0.55 0.55 480.0 261.0 480.0 944.0 9.0 944.0 
1 2 0.66 0.66 407.0 22.0 407.0 722.0 444.0 722.0 
1 2 0.73 0.73 353.0 224.0 353.0 136.0 14.0 136.0 
1 2 0.93 0.93 713.0 433.0 713.0 944.0 309.0 944.0 
1 2 0.91 0.91 966.0 641.0 966.0 868.0 221.0 868.0 
1 2 0.65 0.65 325.0 33.0 325.0 449.0 250.0 449.0 
1 2 0.86 0.86 562.0 424.0 562.0 652.0 74.0 652.0 
1 2 0.84 0.84 174.0 121.0 174.0 688.0 102.0 688.0 
1 2 0.83 0.83 825.0 611.0 825.0 925.0 84.0 925.0 
1 2 0.87 0.87 344.0 286.0 344.0 134.0 6.0 134.0 
1 2 0.96 0.96 105.0 92.0 105.0 413.0 36.0 413.0 
1 2 0.76 0.76 208.0 37.0 208.0 919.0 544.0 919.0 
1 2 0.34 0.34 204.0 42.0 204.0 21.0 3.0 21.0 
1 2 0.86 0.86 843.0 376.0 843.0 707.0 297.0 707.0 
1 2 0.85 0.85 909.0 681.0 909.0 233.0 25.0 233.0 
1 2 0.87 0.87 589.0 372.0 589.0 315.0 77.0 315.0 
1 2 0.9 0.9 468.0 44.0 468.0 249.0 201.0 249.0 
1 2 0.88 0.88 213.0 50.0 213.0 628.0 411.0 628.0 
1 2 0.88 0.88 318.0 21.0 318.0 128.0 105.0 128.0 
1 3 0.94 0.94 318.0 21.0 318.0 128.0 105.0 128.0 953.0 58.0 953.0 
1 2 0.88 0.88 712.0 524.0 712.0 816.0 122.0 816.0 
1 2 0.61 0.61 428.0 249.0 428.0 763.0 25.0 763.0 
1 2 0.94 0.94 37.0 23.0 37.0 198.0 64.0 198.0 
1 2 0.89 0.89 513.0 419.0 513.0 704.0 52.0 704.0 
1 2 0.67 0.67 869.0 115.0 869.0 558.0 301.0 558.0 
1 2 0.64 0.64 470.0 103.0 470.0 651.0 274.0 651.0 
1 2 0.8 0.8 713.0 377.0 713.0 83.0 23.0 83.0 
