2 3 1.59 1.59 400.0 178.0 400.0 917.0 631.0 917.0 102.0 47.0 102.0 
2 3 1.11 1.11 456.0 29.0 456.0 808.0 592.0 808.0 624.0 200.0 624.0 
2 4 1.88 1.88 456.0 29.0 456.0 808.0 592.0 808.0 624.0 200.0 624.0 393.0 302.0 393.0 
2 3 1.42 1.42 960.0 847.0 960.0 303.0 123.0 303.0 237.0 33.0 237.0 
2 3 1.02 1.02 361.0 41.0 361.0 850.0 474.0 850.0 116.0 41.0 116.0 
2 4 1.71 1.71 361.0 41.0 361.0 850.0 474.0 850.0 116.0 41.0 116.0 637.0 441.0 637.0 
2 3 1.97 1.97 839.0 661.0 839.0 859.0 676.0 859.0 769.0 308.0 769.0 
2 3 1.2 1.2 573.0 399.0 573.0 511.0 18.0 511.0 509.0 239.0 509.0 
2 4 1.62 1.62 573.0 399.0 573.0 511.0 18.0 511.0 509.0 239.0 509.0 338.0 142.0 338.0 
2 5 1.97 1.97 573.0 399.0 573.0 511.0 18.0 511.0 509.0 239.0 509.0 338.0 142.0 338.0 947.0 333.0 947.0 
2 3 1.4 1.4 510.0 277.0 510.0 149.0 54.0 149.0 657.0 329.0 657.0 
2 3 1.09 1.09 34.0 15.0 34.0 519.0 281.0 519.0 400.0 44.0 400.0 
2 4 1.36 1.36 34.0 15.0 34.0 519.0 281.0 519.0 400.0 44.0 400.0 280.0 77.0 280.0 
2 5 1.37 1.37 34.0 15.0 34.0 519.0 281.0 519.0 400.0 44.0 400.0 280.0 77.0 280.0 107.0 1.0 107.0 
2 6 1.56 1.56 34.0 15.0 34.0 519.0 281.0 519.0 400.0 44.0 400.0 280.0 77.0 280.0 107.0 1.0 107.0 944.0 175.0 944.0 
2 7 1.56 1.56 34.0 15.0 34.0 519.0 281.0 519.0 400.0 44.0 400.0 280.0 77.0 280.0 107.0 1.0 107.0 944.0 175.0 944.0 302.0 1.0 302.0 
2 3 1.1 1.1 966.0 85.0 966.0 91.0 34.0 91.0 59.0 38.0 59.0 
2 4 1.53 1.53 966.0 85.0 966.0 91.0 34.0 91.0 59.0 38.0 59.0 271.0 117.0 271.0 
2 5 1.55 1.55 966.0 85.0 966.0 91.0 34.0 91.0 59.0 38.0 59.0 271.0 117.0 271.0 928.0 15.0 928.0 
2 3 0.89 0.89 779.0 125.0 779.0 492.0 355.0 492.0 736.0 7.0 736.0 
2 4 1.15 1.15 779.0 125.0 779.0 492.0 355.0 492.0 736.0 7.0 736.0 431.0 114.0 431.0 
2 5 1.57 1.57 779.0 125.0 779.0 492.0 355.0 492.0 736.0 7.0 736.0 431.0 114.0 431.0 228.0 95.0 228.0 
2 3 1.81 1.81 106.0 55.0 106.0 425.0 376.0 425.0 840.0 349.0 840.0 
2 3 1.87 1.87 415.0 354.0 415.0 343.0 262.0 343.0 757.0 197.0 757.0 
2 3 1.05 1.05 44.0 7.0 44.0 329.0 150.0 329.0 1000.0 444.0 1000.0 
2 4 1.46 1.46 44.0 7.0 44.0 329.0 150.0 329.0 1000.0 444.0 1000.0 366.0 148.0 366.0 
2 5 1.48 1.48 44.0 7.0 44.0 329.0 150.0 329.0 1000.0 444.0 1000.0 366.0 148.0 366.0 628.0 13.0 628.0 
2 3 1.15 1.15 308.0 236.0 308.0 461.0 47.0 461.0 551.0 160.0 551.0 
2 4 1.32 1.32 308.0 236.0 308.0 461.0 47.0 461.0 551.0 160.0 551.0 260.0 42.0 260.0 
2 5 1.52 1.52 308.0 236.0 308.0 461.0 47.0 461.0 551.0 160.0 551.0 260.0 42.0 260.0 608.0 123.0 608.0 
2 3 1.05 1.05 593.0 167.0 593.0 840.0 164.0 840.0 26.0 15.0 26.0 
2 4 1.51 1.51 593.0 167.0 593.0 840.0 164.0 840.0 26.0 15.0 26.0 1000.0 461.0 1000.0 
2 5 1.87 1.87 593.0 167.0 593.0 840.0 164.0 840.0 26.0 15.0 26.0 1000.0 461.0 1000.0 76.0 27.0 76.0 
2 6 1.94 1.94 593.0 167.0 593.0 840.0 164.0 840.0 26.0 15.0 26.0 1000.0 461.0 1000.0 76.0 27.0 76.0 770.0 58.0 770.0 
2 3 1.7 1.7 512.0 15.0 512.0 347.0 236.0 347.0 198.0 197.0 198.0 
2 4 1.94 1.94 512.0 15.0 512.0 347.0 236.0 347.0 198.0 197.0 198.0 400.0 96.0 400.0 
2 3 1.96 1.96 692.0 272.0 692.0 437.0 365.0 437.0 853.0 628.0 853.0 
2 3 1.0 1.0 691.0 125.0 691.0 407.0 162.0 407.0 77.0 33.0 77.0 
2 4 1.75 1.75 691.0 125.0 691.0 407.0 162.0 407.0 77.0 33.0 77.0 779.0 582.0 779.0 
2 3 1.18 1.18 376.0 321.0 376.0 468.0 105.0 468.0 165.0 17.0 165.0 
2 3 1.78 1.78 218.0 89.0 218.0 285.0 162.0 285.0 37.0 30.0 37.0 
2 3 1.81 1.81 773.0 259.0 773.0 530.0 292.0 530.0 269.0 251.0 269.0 
2 3 1.5 1.5 694.0 423.0 694.0 645.0 268.0 645.0 770.0 368.0 770.0 
2 3 1.52 1.52 69.0 52.0 69.0 520.0 87.0 520.0 502.0 302.0 502.0 
2 3 1.22 1.22 235.0 157.0 235.0 901.0 478.0 901.0 942.0 24.0 942.0 
2 4 1.64 1.64 235.0 157.0 235.0 901.0 478.0 901.0 942.0 24.0 942.0 455.0 190.0 455.0 
2 3 1.72 1.72 640.0 101.0 640.0 540.0 333.0 540.0 84.0 80.0 84.0 
2 3 0.94 0.94 325.0 101.0 325.0 843.0 52.0 843.0 880.0 506.0 880.0 
2 4 1.76 1.76 325.0 101.0 325.0 843.0 52.0 843.0 880.0 506.0 880.0 562.0 459.0 562.0 
2 3 1.39 1.39 668.0 164.0 668.0 634.0 341.0 634.0 937.0 570.0 937.0 
2 4 1.57 1.57 668.0 164.0 668.0 634.0 341.0 634.0 937.0 570.0 937.0 33.0 6.0 33.0 
2 5 1.8 1.8 668.0 164.0 668.0 634.0 341.0 634.0 937.0 570.0 937.0 33.0 6.0 33.0 30.0 7.0 30.0 
2 3 1.22 1.22 590.0 292.0 590.0 188.0 15.0 188.0 468.0 304.0 468.0 
2 4 1.73 1.73 590.0 292.0 590.0 188.0 15.0 188.0 468.0 304.0 468.0 842.0 434.0 842.0 
2 3 1.73 1.73 47.0 30.0 47.0 745.0 113.0 745.0 169.0 160.0 169.0 
2 3 1.46 1.46 731.0 337.0 731.0 942.0 565.0 942.0 185.0 75.0 185.0 
2 4 1.74 1.74 731.0 337.0 731.0 942.0 565.0 942.0 185.0 75.0 185.0 64.0 18.0 64.0 
2 5 1.97 1.97 731.0 337.0 731.0 942.0 565.0 942.0 185.0 75.0 185.0 64.0 18.0 64.0 813.0 181.0 813.0 
2 3 1.94 1.94 757.0 633.0 757.0 614.0 593.0 614.0 809.0 113.0 809.0 
2 3 1.26 1.26 811.0 376.0 811.0 988.0 270.0 988.0 785.0 414.0 785.0 
2 4 1.68 1.68 811.0 376.0 811.0 988.0 270.0 988.0 785.0 414.0 785.0 942.0 393.0 942.0 
2 3 0.99 0.99 558.0 479.0 558.0 297.0 13.0 297.0 502.0 46.0 502.0 
2 4 1.93 1.93 558.0 479.0 558.0 297.0 13.0 297.0 502.0 46.0 502.0 937.0 884.0 937.0 
2 5 1.93 1.93 558.0 479.0 558.0 297.0 13.0 297.0 502.0 46.0 502.0 937.0 884.0 937.0 860.0 2.0 860.0 
2 3 1.48 1.48 923.0 492.0 923.0 178.0 103.0 178.0 353.0 132.0 353.0 
2 4 1.55 1.55 923.0 492.0 923.0 178.0 103.0 178.0 353.0 132.0 353.0 604.0 44.0 604.0 
2 3 0.77 0.77 581.0 21.0 581.0 82.0 44.0 82.0 658.0 132.0 658.0 
2 4 0.84 0.84 581.0 21.0 581.0 82.0 44.0 82.0 658.0 132.0 658.0 454.0 33.0 454.0 
2 5 1.18 1.18 581.0 21.0 581.0 82.0 44.0 82.0 658.0 132.0 658.0 454.0 33.0 454.0 163.0 56.0 163.0 
2 6 1.41 1.41 581.0 21.0 581.0 82.0 44.0 82.0 658.0 132.0 658.0 454.0 33.0 454.0 163.0 56.0 163.0 334.0 76.0 334.0 
2 7 1.83 1.83 581.0 21.0 581.0 82.0 44.0 82.0 658.0 132.0 658.0 454.0 33.0 454.0 163.0 56.0 163.0 334.0 76.0 334.0 377.0 159.0 377.0 
2 3 1.87 1.87 755.0 365.0 755.0 641.0 381.0 641.0 217.0 172.0 217.0 
2 3 1.72 1.72 246.0 181.0 246.0 30.0 6.0 30.0 894.0 708.0 894.0 
2 3 0.4 0.4 40.0 6.0 40.0 883.0 211.0 883.0 377.0 6.0 377.0 
2 4 0.8 0.8 40.0 6.0 40.0 883.0 211.0 883.0 377.0 6.0 377.0 223.0 89.0 223.0 
2 5 1.4 1.4 40.0 6.0 40.0 883.0 211.0 883.0 377.0 6.0 377.0 223.0 89.0 223.0 150.0 90.0 150.0 
2 3 1.11 1.11 166.0 53.0 166.0 219.0 8.0 219.0 137.0 104.0 137.0 
2 4 1.13 1.13 166.0 53.0 166.0 219.0 8.0 219.0 137.0 104.0 137.0 408.0 9.0 408.0 
2 5 1.82 1.82 166.0 53.0 166.0 219.0 8.0 219.0 137.0 104.0 137.0 408.0 9.0 408.0 471.0 326.0 471.0 
2 3 1.33 1.33 492.0 137.0 492.0 166.0 22.0 166.0 222.0 206.0 222.0 
2 3 1.74 1.74 163.0 58.0 163.0 509.0 379.0 509.0 607.0 393.0 607.0 
2 3 0.55 0.55 145.0 68.0 145.0 190.0 16.0 190.0 975.0 5.0 975.0 
2 4 1.12 1.12 145.0 68.0 145.0 190.0 16.0 190.0 975.0 5.0 975.0 21.0 12.0 21.0 
2 5 1.78 1.78 145.0 68.0 145.0 190.0 16.0 190.0 975.0 5.0 975.0 21.0 12.0 21.0 197.0 129.0 197.0 
2 6 1.95 1.95 145.0 68.0 145.0 190.0 16.0 190.0 975.0 5.0 975.0 21.0 12.0 21.0 197.0 129.0 197.0 887.0 149.0 887.0 
2 3 1.26 1.26 712.0 546.0 712.0 849.0 408.0 849.0 737.0 12.0 737.0 
2 4 1.78 1.78 712.0 546.0 712.0 849.0 408.0 849.0 737.0 12.0 737.0 416.0 217.0 416.0 
2 3 1.69 1.69 312.0 75.0 312.0 298.0 184.0 298.0 877.0 730.0 877.0 
2 3 1.66 1.66 700.0 412.0 700.0 753.0 152.0 753.0 562.0 490.0 562.0 
2 4 1.88 1.88 700.0 412.0 700.0 753.0 152.0 753.0 562.0 490.0 562.0 85.0 19.0 85.0 
2 3 1.84 1.84 966.0 760.0 966.0 754.0 719.0 754.0 891.0 96.0 891.0 
2 3 1.42 1.42 335.0 121.0 335.0 521.0 429.0 521.0 970.0 233.0 970.0 
2 3 1.52 1.52 395.0 243.0 395.0 671.0 247.0 671.0 360.0 195.0 360.0 
2 4 1.76 1.76 395.0 243.0 395.0 671.0 247.0 671.0 360.0 195.0 360.0 219.0 52.0 219.0 
2 3 1.6 1.6 615.0 250.0 615.0 993.0 381.0 993.0 779.0 633.0 779.0 
2 4 1.68 1.68 615.0 250.0 615.0 993.0 381.0 993.0 779.0 633.0 779.0 929.0 77.0 929.0 
2 3 1.18 1.18 915.0 611.0 915.0 786.0 77.0 786.0 510.0 212.0 510.0 
2 4 1.64 1.64 915.0 611.0 915.0 786.0 77.0 786.0 510.0 212.0 510.0 470.0 217.0 470.0 
2 5 1.99 1.99 915.0 611.0 915.0 786.0 77.0 786.0 510.0 212.0 510.0 470.0 217.0 470.0 147.0 52.0 147.0 
2 3 0.68 0.68 257.0 48.0 257.0 361.0 30.0 361.0 220.0 92.0 220.0 
2 4 1.02 1.02 257.0 48.0 257.0 361.0 30.0 361.0 220.0 92.0 220.0 486.0 166.0 486.0 
2 5 1.04 1.04 257.0 48.0 257.0 361.0 30.0 361.0 220.0 92.0 220.0 486.0 166.0 486.0 777.0 15.0 777.0 
2 6 1.39 1.39 257.0 48.0 257.0 361.0 30.0 361.0 220.0 92.0 220.0 486.0 166.0 486.0 777.0 15.0 777.0 935.0 320.0 935.0 
2 3 1.16 1.16 419.0 33.0 419.0 143.0 24.0 143.0 399.0 366.0 399.0 
2 4 1.78 1.78 419.0 33.0 419.0 143.0 24.0 143.0 399.0 366.0 399.0 552.0 344.0 552.0 
2 5 1.98 1.98 419.0 33.0 419.0 143.0 24.0 143.0 399.0 366.0 399.0 552.0 344.0 552.0 406.0 81.0 406.0 
2 3 1.38 1.38 926.0 85.0 926.0 247.0 80.0 247.0 444.0 432.0 444.0 
2 3 1.34 1.34 375.0 232.0 375.0 451.0 146.0 451.0 996.0 401.0 996.0 
2 4 1.9 1.9 375.0 232.0 375.0 451.0 146.0 451.0 996.0 401.0 996.0 302.0 170.0 302.0 
2 5 1.95 1.95 375.0 232.0 375.0 451.0 146.0 451.0 996.0 401.0 996.0 302.0 170.0 302.0 20.0 1.0 20.0 
2 3 0.91 0.91 436.0 27.0 436.0 198.0 26.0 198.0 380.0 273.0 380.0 
2 4 1.41 1.41 436.0 27.0 436.0 198.0 26.0 198.0 380.0 273.0 380.0 394.0 198.0 394.0 
2 5 1.54 1.54 436.0 27.0 436.0 198.0 26.0 198.0 380.0 273.0 380.0 394.0 198.0 394.0 704.0 93.0 704.0 
2 3 1.13 1.13 709.0 178.0 709.0 425.0 4.0 425.0 438.0 384.0 438.0 
2 4 1.74 1.74 709.0 178.0 709.0 425.0 4.0 425.0 438.0 384.0 438.0 876.0 529.0 876.0 
2 3 1.1 1.1 511.0 139.0 511.0 571.0 445.0 571.0 725.0 42.0 725.0 
2 4 1.45 1.45 511.0 139.0 511.0 571.0 445.0 571.0 725.0 42.0 725.0 863.0 296.0 863.0 
2 3 1.73 1.73 882.0 384.0 882.0 842.0 498.0 842.0 614.0 437.0 614.0 
2 3 1.8 1.8 110.0 56.0 110.0 701.0 247.0 701.0 165.0 155.0 165.0 
2 3 0.59 0.59 23.0 4.0 23.0 643.0 59.0 643.0 269.0 88.0 269.0 
2 4 1.09 1.09 23.0 4.0 23.0 643.0 59.0 643.0 269.0 88.0 269.0 935.0 470.0 935.0 
2 5 1.82 1.82 23.0 4.0 23.0 643.0 59.0 643.0 269.0 88.0 269.0 935.0 470.0 935.0 891.0 650.0 891.0 
2 6 1.89 1.89 23.0 4.0 23.0 643.0 59.0 643.0 269.0 88.0 269.0 935.0 470.0 935.0 891.0 650.0 891.0 867.0 57.0 867.0 
2 3 1.86 1.86 430.0 164.0 430.0 312.0 182.0 312.0 292.0 263.0 292.0 
2 3 1.73 1.73 217.0 11.0 217.0 378.0 296.0 378.0 406.0 364.0 406.0 
2 3 1.62 1.62 8.0 4.0 8.0 740.0 149.0 740.0 994.0 914.0 994.0 
2 4 1.76 1.76 8.0 4.0 8.0 740.0 149.0 740.0 994.0 914.0 994.0 748.0 108.0 748.0 
2 3 0.84 0.84 717.0 102.0 717.0 439.0 234.0 439.0 919.0 153.0 919.0 
2 4 0.96 0.96 717.0 102.0 717.0 439.0 234.0 439.0 919.0 153.0 919.0 883.0 110.0 883.0 
2 5 1.65 1.65 717.0 102.0 717.0 439.0 234.0 439.0 919.0 153.0 919.0 883.0 110.0 883.0 766.0 526.0 766.0 
2 6 1.82 1.82 717.0 102.0 717.0 439.0 234.0 439.0 919.0 153.0 919.0 883.0 110.0 883.0 766.0 526.0 766.0 75.0 13.0 75.0 
2 7 1.96 1.96 717.0 102.0 717.0 439.0 234.0 439.0 919.0 153.0 919.0 883.0 110.0 883.0 766.0 526.0 766.0 75.0 13.0 75.0 370.0 50.0 370.0 
2 8 1.98 1.98 717.0 102.0 717.0 439.0 234.0 439.0 919.0 153.0 919.0 883.0 110.0 883.0 766.0 526.0 766.0 75.0 13.0 75.0 370.0 50.0 370.0 111.0 3.0 111.0 
2 3 0.65 0.65 666.0 4.0 666.0 204.0 95.0 204.0 33.0 6.0 33.0 
2 4 0.92 0.92 666.0 4.0 666.0 204.0 95.0 204.0 33.0 6.0 33.0 344.0 93.0 344.0 
2 5 1.7 1.7 666.0 4.0 666.0 204.0 95.0 204.0 33.0 6.0 33.0 344.0 93.0 344.0 46.0 36.0 46.0 
2 6 1.82 1.82 666.0 4.0 666.0 204.0 95.0 204.0 33.0 6.0 33.0 344.0 93.0 344.0 46.0 36.0 46.0 364.0 42.0 364.0 
2 3 1.99 1.99 445.0 319.0 445.0 554.0 444.0 554.0 646.0 305.0 646.0 
2 3 1.43 1.43 738.0 13.0 738.0 662.0 551.0 662.0 998.0 582.0 998.0 
2 3 1.54 1.54 257.0 96.0 257.0 243.0 124.0 243.0 198.0 131.0 198.0 
2 4 1.91 1.91 257.0 96.0 257.0 243.0 124.0 243.0 198.0 131.0 198.0 499.0 182.0 499.0 
2 3 1.53 1.53 655.0 109.0 655.0 711.0 596.0 711.0 91.0 48.0 91.0 
2 3 1.44 1.44 327.0 273.0 327.0 397.0 84.0 397.0 857.0 339.0 857.0 
2 3 1.92 1.92 742.0 148.0 742.0 101.0 88.0 101.0 7.0 6.0 7.0 
2 3 1.72 1.72 322.0 261.0 322.0 9.0 4.0 9.0 286.0 134.0 286.0 
2 4 1.81 1.81 322.0 261.0 322.0 9.0 4.0 9.0 286.0 134.0 286.0 341.0 32.0 341.0 
2 3 0.96 0.96 856.0 200.0 856.0 242.0 61.0 242.0 559.0 266.0 559.0 
2 4 1.46 1.46 856.0 200.0 856.0 242.0 61.0 242.0 559.0 266.0 559.0 286.0 145.0 286.0 
2 3 1.62 1.62 182.0 160.0 182.0 949.0 582.0 949.0 927.0 123.0 927.0 
2 3 1.59 1.59 673.0 210.0 673.0 442.0 155.0 442.0 225.0 209.0 225.0 
2 4 1.92 1.92 673.0 210.0 673.0 442.0 155.0 442.0 225.0 209.0 225.0 432.0 146.0 432.0 
2 3 1.8 1.8 640.0 421.0 640.0 832.0 144.0 832.0 345.0 336.0 345.0 
2 3 1.77 1.77 196.0 144.0 196.0 27.0 26.0 27.0 853.0 62.0 853.0 
2 3 0.96 0.96 171.0 74.0 171.0 758.0 34.0 758.0 855.0 416.0 855.0 
2 4 1.66 1.66 171.0 74.0 171.0 758.0 34.0 758.0 855.0 416.0 855.0 764.0 537.0 764.0 
2 3 1.26 1.26 59.0 40.0 59.0 673.0 230.0 673.0 756.0 184.0 756.0 
2 4 1.74 1.74 59.0 40.0 59.0 673.0 230.0 673.0 756.0 184.0 756.0 497.0 240.0 497.0 
2 3 1.13 1.13 291.0 58.0 291.0 819.0 657.0 819.0 177.0 24.0 177.0 
2 4 1.47 1.47 291.0 58.0 291.0 819.0 657.0 819.0 177.0 24.0 177.0 252.0 86.0 252.0 
2 3 1.1 1.1 753.0 439.0 753.0 617.0 47.0 617.0 551.0 243.0 551.0 
2 4 1.34 1.34 753.0 439.0 753.0 617.0 47.0 617.0 551.0 243.0 551.0 538.0 134.0 538.0 
2 3 1.38 1.38 570.0 376.0 570.0 500.0 359.0 500.0 484.0 2.0 484.0 
2 4 1.79 1.79 570.0 376.0 570.0 500.0 359.0 500.0 484.0 2.0 484.0 260.0 107.0 260.0 
2 3 1.73 1.73 263.0 115.0 263.0 483.0 207.0 483.0 915.0 798.0 915.0 
2 3 1.11 1.11 277.0 14.0 277.0 757.0 552.0 757.0 859.0 287.0 859.0 
2 4 1.81 1.81 277.0 14.0 277.0 757.0 552.0 757.0 859.0 287.0 859.0 415.0 291.0 415.0 
2 5 1.81 1.81 277.0 14.0 277.0 757.0 552.0 757.0 859.0 287.0 859.0 415.0 291.0 415.0 401.0 1.0 401.0 
2 3 1.82 1.82 527.0 367.0 527.0 338.0 116.0 338.0 790.0 617.0 790.0 
2 3 1.71 1.71 787.0 144.0 787.0 548.0 458.0 548.0 374.0 261.0 374.0 
2 3 0.62 0.62 307.0 17.0 307.0 578.0 230.0 578.0 832.0 147.0 832.0 
2 4 0.76 0.76 307.0 17.0 307.0 578.0 230.0 578.0 832.0 147.0 832.0 881.0 119.0 881.0 
2 5 1.42 1.42 307.0 17.0 307.0 578.0 230.0 578.0 832.0 147.0 832.0 881.0 119.0 881.0 403.0 267.0 403.0 
2 6 1.55 1.55 307.0 17.0 307.0 578.0 230.0 578.0 832.0 147.0 832.0 881.0 119.0 881.0 403.0 267.0 403.0 841.0 104.0 841.0 
2 7 1.89 1.89 307.0 17.0 307.0 578.0 230.0 578.0 832.0 147.0 832.0 881.0 119.0 881.0 403.0 267.0 403.0 841.0 104.0 841.0 411.0 143.0 411.0 
2 3 1.17 1.17 319.0 140.0 319.0 922.0 520.0 922.0 434.0 74.0 434.0 
2 4 1.78 1.78 319.0 140.0 319.0 922.0 520.0 922.0 434.0 74.0 434.0 750.0 457.0 750.0 
2 3 1.72 1.72 291.0 123.0 291.0 744.0 660.0 744.0 80.0 33.0 80.0 
2 3 1.73 1.73 744.0 523.0 744.0 35.0 35.0 35.0 584.0 18.0 584.0 
2 3 1.57 1.57 146.0 17.0 146.0 287.0 244.0 287.0 100.0 61.0 100.0 
2 3 1.48 1.48 783.0 100.0 783.0 135.0 132.0 135.0 726.0 275.0 726.0 
2 4 1.85 1.85 783.0 100.0 783.0 135.0 132.0 135.0 726.0 275.0 726.0 314.0 116.0 314.0 
2 3 1.06 1.06 249.0 168.0 249.0 163.0 36.0 163.0 267.0 44.0 267.0 
2 4 1.27 1.27 249.0 168.0 249.0 163.0 36.0 163.0 267.0 44.0 267.0 157.0 33.0 157.0 
2 5 1.43 1.43 249.0 168.0 249.0 163.0 36.0 163.0 267.0 44.0 267.0 157.0 33.0 157.0 786.0 130.0 786.0 
2 3 1.21 1.21 310.0 192.0 310.0 694.0 305.0 694.0 524.0 83.0 524.0 
2 4 1.84 1.84 310.0 192.0 310.0 694.0 305.0 694.0 524.0 83.0 524.0 362.0 229.0 362.0 
2 5 1.93 1.93 310.0 192.0 310.0 694.0 305.0 694.0 524.0 83.0 524.0 362.0 229.0 362.0 356.0 30.0 356.0 
2 3 0.71 0.71 14.0 1.0 14.0 385.0 166.0 385.0 459.0 99.0 459.0 
2 4 0.96 0.96 14.0 1.0 14.0 385.0 166.0 385.0 459.0 99.0 459.0 28.0 7.0 28.0 
2 5 1.86 1.86 14.0 1.0 14.0 385.0 166.0 385.0 459.0 99.0 459.0 28.0 7.0 28.0 409.0 367.0 409.0 
2 3 1.45 1.45 759.0 229.0 759.0 224.0 156.0 224.0 334.0 151.0 334.0 
2 4 1.55 1.55 759.0 229.0 759.0 224.0 156.0 224.0 334.0 151.0 334.0 38.0 4.0 38.0 
2 3 1.58 1.58 167.0 163.0 167.0 672.0 374.0 672.0 510.0 25.0 510.0 
2 3 1.9 1.9 111.0 93.0 111.0 72.0 52.0 72.0 633.0 218.0 633.0 
2 3 1.87 1.87 581.0 34.0 581.0 907.0 894.0 907.0 752.0 626.0 752.0 
2 3 1.24 1.24 195.0 43.0 195.0 418.0 245.0 418.0 765.0 339.0 765.0 
2 3 0.97 0.97 299.0 207.0 299.0 608.0 93.0 608.0 591.0 75.0 591.0 
2 4 1.12 1.12 299.0 207.0 299.0 608.0 93.0 608.0 591.0 75.0 591.0 554.0 84.0 554.0 
2 5 1.82 1.82 299.0 207.0 299.0 608.0 93.0 608.0 591.0 75.0 591.0 554.0 84.0 554.0 830.0 585.0 830.0 
2 3 1.95 1.95 62.0 54.0 62.0 364.0 86.0 364.0 153.0 130.0 153.0 
2 3 1.23 1.23 284.0 99.0 284.0 40.0 25.0 40.0 764.0 199.0 764.0 
2 4 1.41 1.41 284.0 99.0 284.0 40.0 25.0 40.0 764.0 199.0 764.0 707.0 125.0 707.0 
2 3 1.16 1.16 768.0 153.0 768.0 425.0 377.0 425.0 13.0 1.0 13.0 
2 4 1.55 1.55 768.0 153.0 768.0 425.0 377.0 425.0 13.0 1.0 13.0 490.0 193.0 490.0 
2 3 1.47 1.47 149.0 98.0 149.0 213.0 100.0 213.0 179.0 62.0 179.0 
2 4 1.53 1.53 149.0 98.0 149.0 213.0 100.0 213.0 179.0 62.0 179.0 850.0 52.0 850.0 
2 3 1.45 1.45 46.0 18.0 46.0 609.0 590.0 609.0 323.0 31.0 323.0 
2 3 1.31 1.31 439.0 268.0 439.0 176.0 39.0 176.0 468.0 224.0 468.0 
2 3 1.41 1.41 789.0 49.0 789.0 258.0 107.0 258.0 356.0 334.0 356.0 
2 4 1.66 1.66 789.0 49.0 789.0 258.0 107.0 258.0 356.0 334.0 356.0 676.0 166.0 676.0 
2 5 1.91 1.91 789.0 49.0 789.0 258.0 107.0 258.0 356.0 334.0 356.0 676.0 166.0 676.0 618.0 157.0 618.0 
2 3 0.87 0.87 274.0 54.0 274.0 562.0 141.0 562.0 993.0 428.0 993.0 
2 4 1.09 1.09 274.0 54.0 274.0 562.0 141.0 562.0 993.0 428.0 993.0 80.0 17.0 80.0 
2 3 1.48 1.48 681.0 57.0 681.0 219.0 112.0 219.0 202.0 180.0 202.0 
2 4 1.57 1.57 681.0 57.0 681.0 219.0 112.0 219.0 202.0 180.0 202.0 35.0 3.0 35.0 
2 5 1.89 1.89 681.0 57.0 681.0 219.0 112.0 219.0 202.0 180.0 202.0 35.0 3.0 35.0 257.0 84.0 257.0 
2 3 1.33 1.33 127.0 55.0 127.0 327.0 248.0 327.0 239.0 35.0 239.0 
2 4 1.95 1.95 127.0 55.0 127.0 327.0 248.0 327.0 239.0 35.0 239.0 429.0 266.0 429.0 
2 3 0.3 0.3 706.0 126.0 706.0 678.0 29.0 678.0 273.0 24.0 273.0 
2 4 0.43 0.43 706.0 126.0 706.0 678.0 29.0 678.0 273.0 24.0 273.0 352.0 45.0 352.0 
2 5 0.51 0.51 706.0 126.0 706.0 678.0 29.0 678.0 273.0 24.0 273.0 352.0 45.0 352.0 460.0 38.0 460.0 
2 6 1.29 1.29 706.0 126.0 706.0 678.0 29.0 678.0 273.0 24.0 273.0 352.0 45.0 352.0 460.0 38.0 460.0 182.0 142.0 182.0 
2 7 1.74 1.74 706.0 126.0 706.0 678.0 29.0 678.0 273.0 24.0 273.0 352.0 45.0 352.0 460.0 38.0 460.0 182.0 142.0 182.0 544.0 241.0 544.0 
2 3 0.65 0.65 120.0 9.0 120.0 365.0 39.0 365.0 904.0 424.0 904.0 
2 4 0.97 0.97 120.0 9.0 120.0 365.0 39.0 365.0 904.0 424.0 904.0 874.0 282.0 874.0 
2 5 1.5 1.5 120.0 9.0 120.0 365.0 39.0 365.0 904.0 424.0 904.0 874.0 282.0 874.0 685.0 363.0 685.0 
2 3 1.27 1.27 15.0 1.0 15.0 762.0 155.0 762.0 24.0 24.0 24.0 
2 4 1.78 1.78 15.0 1.0 15.0 762.0 155.0 762.0 24.0 24.0 24.0 731.0 380.0 731.0 
2 3 1.33 1.33 748.0 177.0 748.0 799.0 751.0 799.0 162.0 26.0 162.0 
2 3 1.47 1.47 402.0 240.0 402.0 755.0 574.0 755.0 441.0 54.0 441.0 
2 3 1.79 1.79 680.0 85.0 680.0 463.0 315.0 463.0 396.0 393.0 396.0 
2 3 1.35 1.35 825.0 640.0 825.0 827.0 225.0 827.0 967.0 294.0 967.0 
2 3 0.85 0.85 418.0 186.0 418.0 331.0 83.0 331.0 408.0 66.0 408.0 
2 4 1.23 1.23 418.0 186.0 418.0 331.0 83.0 331.0 408.0 66.0 408.0 712.0 271.0 712.0 
2 5 1.55 1.55 418.0 186.0 418.0 331.0 83.0 331.0 408.0 66.0 408.0 712.0 271.0 712.0 175.0 55.0 175.0 
2 6 1.74 1.74 418.0 186.0 418.0 331.0 83.0 331.0 408.0 66.0 408.0 712.0 271.0 712.0 175.0 55.0 175.0 63.0 12.0 63.0 
2 3 1.61 1.61 598.0 245.0 598.0 420.0 92.0 420.0 60.0 59.0 60.0 
2 3 1.68 1.68 639.0 85.0 639.0 114.0 103.0 114.0 621.0 405.0 621.0 
2 4 1.95 1.95 639.0 85.0 639.0 114.0 103.0 114.0 621.0 405.0 621.0 745.0 200.0 745.0 
2 3 1.91 1.91 226.0 186.0 226.0 370.0 211.0 370.0 858.0 446.0 858.0 
2 3 0.98 0.98 293.0 54.0 293.0 962.0 375.0 962.0 774.0 315.0 774.0 
2 4 1.3 1.3 293.0 54.0 293.0 962.0 375.0 962.0 774.0 315.0 774.0 863.0 276.0 863.0 
2 3 1.36 1.36 739.0 500.0 739.0 589.0 36.0 589.0 924.0 581.0 924.0 
2 4 1.96 1.96 739.0 500.0 739.0 589.0 36.0 589.0 924.0 581.0 924.0 547.0 329.0 547.0 
2 3 1.17 1.17 525.0 183.0 525.0 563.0 214.0 563.0 470.0 212.0 470.0 
2 4 1.87 1.87 525.0 183.0 525.0 563.0 214.0 563.0 470.0 212.0 470.0 36.0 25.0 36.0 
2 3 0.78 0.78 785.0 52.0 785.0 973.0 356.0 973.0 105.0 37.0 105.0 
2 4 1.58 1.58 785.0 52.0 785.0 973.0 356.0 973.0 105.0 37.0 105.0 343.0 274.0 343.0 
2 3 1.53 1.53 261.0 182.0 261.0 174.0 47.0 174.0 21.0 12.0 21.0 
2 3 1.86 1.86 119.0 61.0 119.0 783.0 574.0 783.0 476.0 293.0 476.0 
2 3 1.47 1.47 127.0 56.0 127.0 113.0 89.0 113.0 511.0 127.0 511.0 
2 4 1.83 1.83 127.0 56.0 127.0 113.0 89.0 113.0 511.0 127.0 511.0 158.0 57.0 158.0 
2 5 1.87 1.87 127.0 56.0 127.0 113.0 89.0 113.0 511.0 127.0 511.0 158.0 57.0 158.0 842.0 28.0 842.0 
2 3 1.82 1.82 860.0 607.0 860.0 574.0 355.0 574.0 353.0 175.0 353.0 
2 3 1.64 1.64 735.0 271.0 735.0 900.0 396.0 900.0 584.0 490.0 584.0 
2 3 0.7 0.7 795.0 145.0 795.0 804.0 186.0 804.0 354.0 102.0 354.0 
2 4 1.48 1.48 795.0 145.0 795.0 804.0 186.0 804.0 354.0 102.0 354.0 900.0 708.0 900.0 
2 5 1.51 1.51 795.0 145.0 795.0 804.0 186.0 804.0 354.0 102.0 354.0 900.0 708.0 900.0 512.0 11.0 512.0 
2 3 0.73 0.73 258.0 14.0 258.0 26.0 4.0 26.0 873.0 464.0 873.0 
2 4 1.27 1.27 258.0 14.0 258.0 26.0 4.0 26.0 873.0 464.0 873.0 211.0 113.0 211.0 
2 5 1.68 1.68 258.0 14.0 258.0 26.0 4.0 26.0 873.0 464.0 873.0 211.0 113.0 211.0 368.0 150.0 368.0 
2 3 1.28 1.28 541.0 346.0 541.0 151.0 45.0 151.0 270.0 95.0 270.0 
2 3 1.0 1.0 717.0 38.0 717.0 664.0 387.0 664.0 479.0 175.0 479.0 
2 4 1.25 1.25 717.0 38.0 717.0 664.0 387.0 664.0 479.0 175.0 479.0 180.0 46.0 180.0 
2 3 1.4 1.4 21.0 20.0 21.0 322.0 64.0 322.0 494.0 127.0 494.0 
2 4 1.56 1.56 21.0 20.0 21.0 322.0 64.0 322.0 494.0 127.0 494.0 214.0 33.0 214.0 
2 3 1.78 1.78 262.0 40.0 262.0 184.0 152.0 184.0 132.0 107.0 132.0 
2 3 0.51 0.51 100.0 14.0 100.0 444.0 158.0 444.0 136.0 3.0 136.0 
2 4 0.54 0.54 100.0 14.0 100.0 444.0 158.0 444.0 136.0 3.0 136.0 526.0 14.0 526.0 
2 5 0.81 0.81 100.0 14.0 100.0 444.0 158.0 444.0 136.0 3.0 136.0 526.0 14.0 526.0 340.0 92.0 340.0 
2 6 1.02 1.02 100.0 14.0 100.0 444.0 158.0 444.0 136.0 3.0 136.0 526.0 14.0 526.0 340.0 92.0 340.0 304.0 65.0 304.0 
2 7 1.38 1.38 100.0 14.0 100.0 444.0 158.0 444.0 136.0 3.0 136.0 526.0 14.0 526.0 340.0 92.0 340.0 304.0 65.0 304.0 202.0 71.0 202.0 
2 3 1.67 1.67 620.0 219.0 620.0 115.0 87.0 115.0 552.0 314.0 552.0 
2 4 1.99 1.99 620.0 219.0 620.0 115.0 87.0 115.0 552.0 314.0 552.0 862.0 277.0 862.0 
2 3 0.96 0.96 805.0 226.0 805.0 854.0 227.0 854.0 335.0 140.0 335.0 
2 4 1.21 1.21 805.0 226.0 805.0 854.0 227.0 854.0 335.0 140.0 335.0 483.0 123.0 483.0 
2 5 1.81 1.81 805.0 226.0 805.0 854.0 227.0 854.0 335.0 140.0 335.0 483.0 123.0 483.0 689.0 410.0 689.0 
2 3 1.96 1.96 39.0 22.0 39.0 49.0 43.0 49.0 425.0 222.0 425.0 
2 3 1.77 1.77 668.0 160.0 668.0 909.0 593.0 909.0 767.0 680.0 767.0 
2 3 1.05 1.05 186.0 85.0 186.0 153.0 67.0 153.0 746.0 120.0 746.0 
2 4 1.71 1.71 186.0 85.0 186.0 153.0 67.0 153.0 746.0 120.0 746.0 164.0 108.0 164.0 
2 3 1.64 1.64 657.0 417.0 657.0 147.0 84.0 147.0 486.0 211.0 486.0 
2 3 1.14 1.14 461.0 432.0 461.0 64.0 6.0 64.0 730.0 82.0 730.0 
2 4 1.8 1.8 461.0 432.0 461.0 64.0 6.0 64.0 730.0 82.0 730.0 338.0 225.0 338.0 
2 5 1.88 1.88 461.0 432.0 461.0 64.0 6.0 64.0 730.0 82.0 730.0 338.0 225.0 338.0 327.0 24.0 327.0 
2 3 1.72 1.72 49.0 33.0 49.0 572.0 484.0 572.0 667.0 139.0 667.0 
2 3 1.06 1.06 956.0 41.0 956.0 513.0 113.0 513.0 809.0 650.0 809.0 
2 4 1.81 1.81 956.0 41.0 956.0 513.0 113.0 513.0 809.0 650.0 809.0 279.0 209.0 279.0 
2 3 1.64 1.64 990.0 809.0 990.0 163.0 42.0 163.0 405.0 231.0 405.0 
2 3 1.09 1.09 153.0 66.0 153.0 45.0 4.0 45.0 985.0 571.0 985.0 
2 4 1.48 1.48 153.0 66.0 153.0 45.0 4.0 45.0 985.0 571.0 985.0 802.0 306.0 802.0 
2 5 1.58 1.58 153.0 66.0 153.0 45.0 4.0 45.0 985.0 571.0 985.0 802.0 306.0 802.0 813.0 88.0 813.0 
2 3 1.83 1.83 468.0 304.0 468.0 227.0 217.0 227.0 255.0 59.0 255.0 
2 3 1.73 1.73 9.0 3.0 9.0 607.0 313.0 607.0 34.0 30.0 34.0 
2 4 1.91 1.91 9.0 3.0 9.0 607.0 313.0 607.0 34.0 30.0 34.0 375.0 68.0 375.0 
2 3 1.13 1.13 767.0 734.0 767.0 680.0 43.0 680.0 591.0 68.0 591.0 
2 4 1.16 1.16 767.0 734.0 767.0 680.0 43.0 680.0 591.0 68.0 591.0 915.0 25.0 915.0 
2 5 1.79 1.79 767.0 734.0 767.0 680.0 43.0 680.0 591.0 68.0 591.0 915.0 25.0 915.0 501.0 318.0 501.0 
2 3 1.47 1.47 860.0 600.0 860.0 341.0 169.0 341.0 718.0 201.0 718.0 
2 4 1.5 1.5 860.0 600.0 860.0 341.0 169.0 341.0 718.0 201.0 718.0 686.0 24.0 686.0 
2 5 1.87 1.87 860.0 600.0 860.0 341.0 169.0 341.0 718.0 201.0 718.0 686.0 24.0 686.0 735.0 266.0 735.0 
2 3 1.13 1.13 391.0 37.0 391.0 726.0 570.0 726.0 499.0 126.0 499.0 
2 4 1.76 1.76 391.0 37.0 391.0 726.0 570.0 726.0 499.0 126.0 499.0 11.0 7.0 11.0 
2 3 1.83 1.83 611.0 507.0 611.0 978.0 287.0 978.0 789.0 562.0 789.0 
2 3 1.53 1.53 173.0 105.0 173.0 381.0 301.0 381.0 101.0 14.0 101.0 
2 4 1.86 1.86 173.0 105.0 173.0 381.0 301.0 381.0 101.0 14.0 101.0 821.0 268.0 821.0 
2 3 1.7 1.7 104.0 38.0 104.0 244.0 82.0 244.0 98.0 98.0 98.0 
2 3 0.88 0.88 120.0 71.0 120.0 207.0 39.0 207.0 142.0 15.0 142.0 
2 4 1.19 1.19 120.0 71.0 120.0 207.0 39.0 207.0 142.0 15.0 142.0 354.0 111.0 354.0 
2 3 1.89 1.89 667.0 468.0 667.0 257.0 250.0 257.0 60.0 13.0 60.0 
2 3 1.26 1.26 181.0 34.0 181.0 657.0 494.0 657.0 995.0 320.0 995.0 
2 4 1.48 1.48 181.0 34.0 181.0 657.0 494.0 657.0 995.0 320.0 995.0 713.0 163.0 713.0 
2 3 1.05 1.05 897.0 227.0 897.0 377.0 233.0 377.0 866.0 155.0 866.0 
2 4 1.27 1.27 897.0 227.0 897.0 377.0 233.0 377.0 866.0 155.0 866.0 118.0 26.0 118.0 
2 3 0.55 0.55 780.0 364.0 780.0 976.0 1.0 976.0 594.0 49.0 594.0 
2 4 1.28 1.28 780.0 364.0 780.0 976.0 1.0 976.0 594.0 49.0 594.0 962.0 711.0 962.0 
2 5 1.74 1.74 780.0 364.0 780.0 976.0 1.0 976.0 594.0 49.0 594.0 962.0 711.0 962.0 961.0 436.0 961.0 
2 3 1.6 1.6 148.0 87.0 148.0 934.0 320.0 934.0 809.0 542.0 809.0 
2 3 0.99 0.99 317.0 1.0 317.0 320.0 216.0 320.0 716.0 229.0 716.0 
2 4 1.53 1.53 317.0 1.0 317.0 320.0 216.0 320.0 716.0 229.0 716.0 739.0 394.0 739.0 
2 3 1.69 1.69 781.0 591.0 781.0 90.0 52.0 90.0 202.0 73.0 202.0 
2 3 1.51 1.51 895.0 119.0 895.0 854.0 615.0 854.0 908.0 600.0 908.0 
2 4 1.79 1.79 895.0 119.0 895.0 854.0 615.0 854.0 908.0 600.0 908.0 761.0 213.0 761.0 
2 3 1.31 1.31 221.0 35.0 221.0 791.0 460.0 791.0 144.0 83.0 144.0 
2 4 1.89 1.89 221.0 35.0 221.0 791.0 460.0 791.0 144.0 83.0 144.0 43.0 25.0 43.0 
2 3 1.35 1.35 581.0 244.0 581.0 996.0 165.0 996.0 523.0 401.0 523.0 
2 4 1.83 1.83 581.0 244.0 581.0 996.0 165.0 996.0 523.0 401.0 523.0 148.0 72.0 148.0 
2 3 0.76 0.76 923.0 257.0 923.0 887.0 214.0 887.0 99.0 24.0 99.0 
2 4 1.29 1.29 923.0 257.0 923.0 887.0 214.0 887.0 99.0 24.0 99.0 916.0 491.0 916.0 
2 5 1.52 1.52 923.0 257.0 923.0 887.0 214.0 887.0 99.0 24.0 99.0 916.0 491.0 916.0 563.0 126.0 563.0 
2 6 1.86 1.86 923.0 257.0 923.0 887.0 214.0 887.0 99.0 24.0 99.0 916.0 491.0 916.0 563.0 126.0 563.0 121.0 42.0 121.0 
2 3 0.96 0.96 694.0 238.0 694.0 349.0 34.0 349.0 117.0 61.0 117.0 
2 4 1.36 1.36 694.0 238.0 694.0 349.0 34.0 349.0 117.0 61.0 117.0 604.0 244.0 604.0 
2 5 1.74 1.74 694.0 238.0 694.0 349.0 34.0 349.0 117.0 61.0 117.0 604.0 244.0 604.0 601.0 227.0 601.0 
2 6 1.93 1.93 694.0 238.0 694.0 349.0 34.0 349.0 117.0 61.0 117.0 604.0 244.0 604.0 601.0 227.0 601.0 79.0 15.0 79.0 
2 3 0.94 0.94 236.0 35.0 236.0 476.0 196.0 476.0 893.0 341.0 893.0 
2 4 1.8 1.8 236.0 35.0 236.0 476.0 196.0 476.0 893.0 341.0 893.0 691.0 594.0 691.0 
2 3 1.78 1.78 329.0 244.0 329.0 569.0 82.0 569.0 446.0 400.0 446.0 
2 3 1.83 1.83 932.0 554.0 932.0 52.0 44.0 52.0 189.0 74.0 189.0 
2 3 1.44 1.44 181.0 64.0 181.0 594.0 57.0 594.0 16.0 16.0 16.0 
2 3 1.99 1.99 792.0 667.0 792.0 485.0 410.0 485.0 280.0 85.0 280.0 
2 3 1.69 1.69 317.0 260.0 317.0 958.0 52.0 958.0 605.0 498.0 605.0 
2 3 1.07 1.07 737.0 685.0 737.0 540.0 58.0 540.0 788.0 28.0 788.0 
2 4 1.13 1.13 737.0 685.0 737.0 540.0 58.0 540.0 788.0 28.0 788.0 751.0 47.0 751.0 
2 5 1.88 1.88 737.0 685.0 737.0 540.0 58.0 540.0 788.0 28.0 788.0 751.0 47.0 751.0 343.0 257.0 343.0 
2 3 0.93 0.93 610.0 94.0 610.0 802.0 381.0 802.0 908.0 282.0 908.0 
2 4 0.98 0.98 610.0 94.0 610.0 802.0 381.0 802.0 908.0 282.0 908.0 765.0 35.0 765.0 
2 5 1.97 1.97 610.0 94.0 610.0 802.0 381.0 802.0 908.0 282.0 908.0 765.0 35.0 765.0 807.0 802.0 807.0 
2 3 0.81 0.81 479.0 163.0 479.0 870.0 57.0 870.0 123.0 50.0 123.0 
2 4 1.19 1.19 479.0 163.0 479.0 870.0 57.0 870.0 123.0 50.0 123.0 823.0 318.0 823.0 
2 5 1.21 1.21 479.0 163.0 479.0 870.0 57.0 870.0 123.0 50.0 123.0 823.0 318.0 823.0 242.0 4.0 242.0 
2 6 1.36 1.36 479.0 163.0 479.0 870.0 57.0 870.0 123.0 50.0 123.0 823.0 318.0 823.0 242.0 4.0 242.0 282.0 41.0 282.0 
2 7 1.66 1.66 479.0 163.0 479.0 870.0 57.0 870.0 123.0 50.0 123.0 823.0 318.0 823.0 242.0 4.0 242.0 282.0 41.0 282.0 582.0 179.0 582.0 
2 8 1.7 1.7 479.0 163.0 479.0 870.0 57.0 870.0 123.0 50.0 123.0 823.0 318.0 823.0 242.0 4.0 242.0 282.0 41.0 282.0 582.0 179.0 582.0 766.0 27.0 766.0 
2 3 1.23 1.23 56.0 38.0 56.0 546.0 103.0 546.0 392.0 144.0 392.0 
2 4 1.65 1.65 56.0 38.0 56.0 546.0 103.0 546.0 392.0 144.0 392.0 315.0 133.0 315.0 
2 3 0.65 0.65 52.0 1.0 52.0 264.0 120.0 264.0 776.0 137.0 776.0 
2 4 0.9 0.9 52.0 1.0 52.0 264.0 120.0 264.0 776.0 137.0 776.0 190.0 48.0 190.0 
2 5 1.44 1.44 52.0 1.0 52.0 264.0 120.0 264.0 776.0 137.0 776.0 190.0 48.0 190.0 213.0 116.0 213.0 
2 6 1.47 1.47 52.0 1.0 52.0 264.0 120.0 264.0 776.0 137.0 776.0 190.0 48.0 190.0 213.0 116.0 213.0 207.0 6.0 207.0 
2 3 1.51 1.51 751.0 642.0 751.0 665.0 367.0 665.0 987.0 110.0 987.0 
2 4 1.75 1.75 751.0 642.0 751.0 665.0 367.0 665.0 987.0 110.0 987.0 116.0 28.0 116.0 
2 3 1.58 1.58 721.0 455.0 721.0 784.0 131.0 784.0 868.0 682.0 868.0 
2 3 1.62 1.62 755.0 737.0 755.0 757.0 353.0 757.0 699.0 128.0 699.0 
2 3 1.21 1.21 225.0 24.0 225.0 290.0 59.0 290.0 906.0 821.0 906.0 
2 4 1.82 1.82 225.0 24.0 225.0 290.0 59.0 290.0 906.0 821.0 906.0 937.0 570.0 937.0 
2 3 1.33 1.33 812.0 145.0 812.0 472.0 165.0 472.0 900.0 729.0 900.0 
2 4 1.87 1.87 812.0 145.0 812.0 472.0 165.0 472.0 900.0 729.0 900.0 530.0 287.0 530.0 
2 3 1.42 1.42 499.0 453.0 499.0 938.0 68.0 938.0 165.0 73.0 165.0 
2 3 0.81 0.81 726.0 35.0 726.0 221.0 14.0 221.0 647.0 453.0 647.0 
2 4 1.75 1.75 726.0 35.0 726.0 221.0 14.0 221.0 647.0 453.0 647.0 742.0 703.0 742.0 
2 3 0.96 0.96 149.0 51.0 149.0 16.0 8.0 16.0 990.0 122.0 990.0 
2 4 1.62 1.62 149.0 51.0 149.0 16.0 8.0 16.0 990.0 122.0 990.0 362.0 240.0 362.0 
2 3 0.98 0.98 751.0 50.0 751.0 486.0 198.0 486.0 51.0 26.0 51.0 
2 4 1.04 1.04 751.0 50.0 751.0 486.0 198.0 486.0 51.0 26.0 51.0 403.0 26.0 403.0 
2 5 1.92 1.92 751.0 50.0 751.0 486.0 198.0 486.0 51.0 26.0 51.0 403.0 26.0 403.0 695.0 608.0 695.0 
2 6 1.94 1.94 751.0 50.0 751.0 486.0 198.0 486.0 51.0 26.0 51.0 403.0 26.0 403.0 695.0 608.0 695.0 676.0 16.0 676.0 
2 3 1.32 1.32 420.0 2.0 420.0 584.0 569.0 584.0 773.0 268.0 773.0 
2 3 1.22 1.22 794.0 664.0 794.0 199.0 38.0 199.0 584.0 114.0 584.0 
2 4 1.94 1.94 794.0 664.0 794.0 199.0 38.0 199.0 584.0 114.0 584.0 714.0 515.0 714.0 
2 5 1.96 1.96 794.0 664.0 794.0 199.0 38.0 199.0 584.0 114.0 584.0 714.0 515.0 714.0 483.0 10.0 483.0 
2 3 1.21 1.21 391.0 220.0 391.0 179.0 97.0 179.0 924.0 99.0 924.0 
2 4 1.49 1.49 391.0 220.0 391.0 179.0 97.0 179.0 924.0 99.0 924.0 714.0 203.0 714.0 
2 5 1.86 1.86 391.0 220.0 391.0 179.0 97.0 179.0 924.0 99.0 924.0 714.0 203.0 714.0 995.0 371.0 995.0 
2 3 1.4 1.4 63.0 59.0 63.0 743.0 317.0 743.0 693.0 31.0 693.0 
2 4 1.46 1.46 63.0 59.0 63.0 743.0 317.0 743.0 693.0 31.0 693.0 911.0 56.0 911.0 
2 5 1.86 1.86 63.0 59.0 63.0 743.0 317.0 743.0 693.0 31.0 693.0 911.0 56.0 911.0 720.0 287.0 720.0 
2 3 1.23 1.23 699.0 366.0 699.0 899.0 579.0 899.0 61.0 4.0 61.0 
2 3 1.29 1.29 690.0 283.0 690.0 763.0 443.0 763.0 501.0 154.0 501.0 
2 4 1.93 1.93 690.0 283.0 690.0 763.0 443.0 763.0 501.0 154.0 501.0 421.0 269.0 421.0 
2 3 1.46 1.46 37.0 27.0 37.0 618.0 292.0 618.0 781.0 208.0 781.0 
2 4 1.78 1.78 37.0 27.0 37.0 618.0 292.0 618.0 781.0 208.0 781.0 996.0 315.0 996.0 
2 3 1.97 1.97 193.0 125.0 193.0 388.0 249.0 388.0 777.0 529.0 777.0 
2 3 1.39 1.39 315.0 188.0 315.0 249.0 139.0 249.0 701.0 168.0 701.0 
2 3 1.94 1.94 292.0 129.0 292.0 378.0 283.0 378.0 165.0 124.0 165.0 
2 3 1.28 1.28 879.0 390.0 879.0 471.0 338.0 471.0 864.0 104.0 864.0 
2 4 1.33 1.33 879.0 390.0 879.0 471.0 338.0 471.0 864.0 104.0 864.0 144.0 8.0 144.0 
2 5 1.94 1.94 879.0 390.0 879.0 471.0 338.0 471.0 864.0 104.0 864.0 144.0 8.0 144.0 989.0 602.0 989.0 
2 3 0.88 0.88 404.0 160.0 404.0 827.0 57.0 827.0 351.0 149.0 351.0 
2 4 1.79 1.79 404.0 160.0 404.0 827.0 57.0 827.0 351.0 149.0 351.0 488.0 440.0 488.0 
2 5 1.83 1.83 404.0 160.0 404.0 827.0 57.0 827.0 351.0 149.0 351.0 488.0 440.0 488.0 902.0 37.0 902.0 
2 3 1.47 1.47 410.0 256.0 410.0 53.0 3.0 53.0 981.0 777.0 981.0 
2 3 1.42 1.42 4.0 3.0 4.0 795.0 465.0 795.0 176.0 16.0 176.0 
2 4 1.79 1.79 4.0 3.0 4.0 795.0 465.0 795.0 176.0 16.0 176.0 855.0 318.0 855.0 
2 3 1.96 1.96 905.0 572.0 905.0 445.0 194.0 445.0 327.0 293.0 327.0 
2 3 1.56 1.56 797.0 471.0 797.0 986.0 861.0 986.0 39.0 4.0 39.0 
2 3 1.07 1.07 279.0 36.0 279.0 394.0 75.0 394.0 964.0 730.0 964.0 
2 4 1.91 1.91 279.0 36.0 279.0 394.0 75.0 394.0 964.0 730.0 964.0 335.0 282.0 335.0 
2 3 1.74 1.74 488.0 37.0 488.0 950.0 703.0 950.0 808.0 751.0 808.0 
2 3 1.65 1.65 935.0 498.0 935.0 378.0 375.0 378.0 782.0 99.0 782.0 
2 4 1.92 1.92 935.0 498.0 935.0 378.0 375.0 378.0 782.0 99.0 782.0 693.0 187.0 693.0 
2 3 1.32 1.32 717.0 672.0 717.0 358.0 52.0 358.0 503.0 124.0 503.0 
2 4 1.59 1.59 717.0 672.0 717.0 358.0 52.0 358.0 503.0 124.0 503.0 655.0 173.0 655.0 
2 5 1.74 1.74 717.0 672.0 717.0 358.0 52.0 358.0 503.0 124.0 503.0 655.0 173.0 655.0 84.0 13.0 84.0 
2 3 1.29 1.29 21.0 12.0 21.0 125.0 51.0 125.0 306.0 97.0 306.0 
2 3 0.71 0.71 214.0 23.0 214.0 316.0 36.0 316.0 111.0 55.0 111.0 
2 4 1.53 1.53 214.0 23.0 214.0 316.0 36.0 316.0 111.0 55.0 111.0 581.0 476.0 581.0 
2 3 1.18 1.18 601.0 102.0 601.0 402.0 126.0 402.0 83.0 58.0 83.0 
2 4 1.23 1.23 601.0 102.0 601.0 402.0 126.0 402.0 83.0 58.0 83.0 532.0 27.0 532.0 
2 5 1.97 1.97 601.0 102.0 601.0 402.0 126.0 402.0 83.0 58.0 83.0 532.0 27.0 532.0 248.0 183.0 248.0 
2 3 1.83 1.83 96.0 54.0 96.0 965.0 472.0 965.0 68.0 53.0 68.0 
2 3 1.33 1.33 156.0 85.0 156.0 227.0 43.0 227.0 193.0 116.0 193.0 
2 3 1.53 1.53 908.0 353.0 908.0 743.0 321.0 743.0 413.0 293.0 413.0 
2 4 1.82 1.82 908.0 353.0 908.0 743.0 321.0 743.0 413.0 293.0 413.0 947.0 277.0 947.0 
2 5 1.91 1.91 908.0 353.0 908.0 743.0 321.0 743.0 413.0 293.0 413.0 947.0 277.0 947.0 731.0 70.0 731.0 
2 3 1.47 1.47 485.0 401.0 485.0 536.0 264.0 536.0 454.0 71.0 454.0 
2 4 1.95 1.95 485.0 401.0 485.0 536.0 264.0 536.0 454.0 71.0 454.0 187.0 90.0 187.0 
2 3 0.7 0.7 209.0 47.0 209.0 856.0 401.0 856.0 131.0 2.0 131.0 
2 4 1.28 1.28 209.0 47.0 209.0 856.0 401.0 856.0 131.0 2.0 131.0 847.0 490.0 847.0 
2 5 1.99 1.99 209.0 47.0 209.0 856.0 401.0 856.0 131.0 2.0 131.0 847.0 490.0 847.0 160.0 114.0 160.0 
2 3 0.56 0.56 151.0 55.0 151.0 584.0 69.0 584.0 200.0 17.0 200.0 
2 4 0.72 0.72 151.0 55.0 151.0 584.0 69.0 584.0 200.0 17.0 200.0 131.0 20.0 131.0 
2 5 1.38 1.38 151.0 55.0 151.0 584.0 69.0 584.0 200.0 17.0 200.0 131.0 20.0 131.0 56.0 37.0 56.0 
2 6 1.97 1.97 151.0 55.0 151.0 584.0 69.0 584.0 200.0 17.0 200.0 131.0 20.0 131.0 56.0 37.0 56.0 419.0 248.0 419.0 
2 3 1.01 1.01 137.0 64.0 137.0 723.0 366.0 723.0 974.0 38.0 974.0 
2 4 1.65 1.65 137.0 64.0 137.0 723.0 366.0 723.0 974.0 38.0 974.0 834.0 539.0 834.0 
2 3 1.13 1.13 732.0 357.0 732.0 34.0 9.0 34.0 457.0 173.0 457.0 
2 4 1.4 1.4 732.0 357.0 732.0 34.0 9.0 34.0 457.0 173.0 457.0 312.0 85.0 312.0 
2 5 1.51 1.51 732.0 357.0 732.0 34.0 9.0 34.0 457.0 173.0 457.0 312.0 85.0 312.0 595.0 68.0 595.0 
2 3 1.86 1.86 810.0 751.0 810.0 800.0 583.0 800.0 803.0 166.0 803.0 
2 3 0.87 0.87 996.0 296.0 996.0 238.0 116.0 238.0 797.0 76.0 797.0 
2 4 1.28 1.28 996.0 296.0 996.0 238.0 116.0 238.0 797.0 76.0 797.0 855.0 346.0 855.0 
2 5 1.61 1.61 996.0 296.0 996.0 238.0 116.0 238.0 797.0 76.0 797.0 855.0 346.0 855.0 3.0 1.0 3.0 
2 6 1.83 1.83 996.0 296.0 996.0 238.0 116.0 238.0 797.0 76.0 797.0 855.0 346.0 855.0 3.0 1.0 3.0 621.0 133.0 621.0 
2 7 1.9 1.9 996.0 296.0 996.0 238.0 116.0 238.0 797.0 76.0 797.0 855.0 346.0 855.0 3.0 1.0 3.0 621.0 133.0 621.0 677.0 52.0 677.0 
2 3 1.5 1.5 167.0 137.0 167.0 246.0 59.0 246.0 337.0 149.0 337.0 
2 4 1.96 1.96 167.0 137.0 167.0 246.0 59.0 246.0 337.0 149.0 337.0 885.0 409.0 885.0 
2 3 1.95 1.95 768.0 546.0 768.0 649.0 248.0 649.0 291.0 250.0 291.0 
2 3 1.9 1.9 262.0 188.0 262.0 833.0 644.0 833.0 281.0 117.0 281.0 
2 3 1.78 1.78 979.0 29.0 979.0 950.0 857.0 950.0 866.0 743.0 866.0 
2 3 1.64 1.64 714.0 558.0 714.0 613.0 462.0 613.0 988.0 106.0 988.0 
2 4 1.64 1.64 714.0 558.0 714.0 613.0 462.0 613.0 988.0 106.0 988.0 142.0 1.0 142.0 
2 3 1.56 1.56 132.0 56.0 132.0 21.0 9.0 21.0 201.0 144.0 201.0 
2 4 1.66 1.66 132.0 56.0 132.0 21.0 9.0 21.0 201.0 144.0 201.0 515.0 48.0 515.0 
2 3 1.09 1.09 861.0 158.0 861.0 564.0 142.0 564.0 809.0 537.0 809.0 
2 4 1.26 1.26 861.0 158.0 861.0 564.0 142.0 564.0 809.0 537.0 809.0 877.0 145.0 877.0 
2 3 1.35 1.35 631.0 138.0 631.0 924.0 315.0 924.0 943.0 747.0 943.0 
2 4 1.35 1.35 631.0 138.0 631.0 924.0 315.0 924.0 943.0 747.0 943.0 767.0 6.0 767.0 
2 5 1.48 1.48 631.0 138.0 631.0 924.0 315.0 924.0 943.0 747.0 943.0 767.0 6.0 767.0 617.0 77.0 617.0 
2 6 1.52 1.52 631.0 138.0 631.0 924.0 315.0 924.0 943.0 747.0 943.0 767.0 6.0 767.0 617.0 77.0 617.0 964.0 39.0 964.0 
2 3 1.3 1.3 727.0 121.0 727.0 182.0 174.0 182.0 846.0 153.0 846.0 
2 3 1.89 1.89 71.0 69.0 71.0 938.0 704.0 938.0 413.0 71.0 413.0 
2 3 0.51 0.51 557.0 105.0 557.0 719.0 60.0 719.0 644.0 156.0 644.0 
2 4 1.09 1.09 557.0 105.0 557.0 719.0 60.0 719.0 644.0 156.0 644.0 190.0 110.0 190.0 
2 5 1.52 1.52 557.0 105.0 557.0 719.0 60.0 719.0 644.0 156.0 644.0 190.0 110.0 190.0 504.0 219.0 504.0 
2 6 1.86 1.86 557.0 105.0 557.0 719.0 60.0 719.0 644.0 156.0 644.0 190.0 110.0 190.0 504.0 219.0 504.0 201.0 67.0 201.0 
2 7 1.97 1.97 557.0 105.0 557.0 719.0 60.0 719.0 644.0 156.0 644.0 190.0 110.0 190.0 504.0 219.0 504.0 201.0 67.0 201.0 974.0 110.0 974.0 
2 3 1.8 1.8 62.0 7.0 62.0 584.0 505.0 584.0 131.0 109.0 131.0 
2 3 0.87 0.87 958.0 49.0 958.0 360.0 8.0 360.0 56.0 45.0 56.0 
2 4 1.08 1.08 958.0 49.0 958.0 360.0 8.0 360.0 56.0 45.0 56.0 607.0 126.0 607.0 
2 5 1.51 1.51 958.0 49.0 958.0 360.0 8.0 360.0 56.0 45.0 56.0 607.0 126.0 607.0 193.0 84.0 193.0 
2 6 1.62 1.62 958.0 49.0 958.0 360.0 8.0 360.0 56.0 45.0 56.0 607.0 126.0 607.0 193.0 84.0 193.0 681.0 70.0 681.0 
2 3 1.69 1.69 872.0 516.0 872.0 501.0 400.0 501.0 906.0 275.0 906.0 
2 3 1.11 1.11 248.0 63.0 248.0 669.0 351.0 669.0 225.0 75.0 225.0 
2 4 1.63 1.63 248.0 63.0 248.0 669.0 351.0 669.0 225.0 75.0 225.0 76.0 40.0 76.0 
2 3 1.18 1.18 866.0 599.0 866.0 941.0 25.0 941.0 272.0 126.0 272.0 
2 4 1.54 1.54 866.0 599.0 866.0 941.0 25.0 941.0 272.0 126.0 272.0 164.0 60.0 164.0 
2 3 1.35 1.35 608.0 400.0 608.0 134.0 10.0 134.0 163.0 101.0 163.0 
2 4 1.51 1.51 608.0 400.0 608.0 134.0 10.0 134.0 163.0 101.0 163.0 690.0 113.0 690.0 
2 5 1.84 1.84 608.0 400.0 608.0 134.0 10.0 134.0 163.0 101.0 163.0 690.0 113.0 690.0 256.0 83.0 256.0 
2 3 1.73 1.73 772.0 612.0 772.0 782.0 205.0 782.0 739.0 503.0 739.0 
2 4 1.85 1.85 772.0 612.0 772.0 782.0 205.0 782.0 739.0 503.0 739.0 444.0 51.0 444.0 
2 3 1.14 1.14 580.0 112.0 580.0 479.0 15.0 479.0 107.0 98.0 107.0 
2 3 0.99 0.99 868.0 38.0 868.0 321.0 37.0 321.0 747.0 626.0 747.0 
2 4 1.48 1.48 868.0 38.0 868.0 321.0 37.0 321.0 747.0 626.0 747.0 927.0 454.0 927.0 
2 3 1.13 1.13 269.0 120.0 269.0 540.0 239.0 540.0 684.0 170.0 684.0 
2 4 1.31 1.31 269.0 120.0 269.0 540.0 239.0 540.0 684.0 170.0 684.0 959.0 173.0 959.0 
2 5 1.45 1.45 269.0 120.0 269.0 540.0 239.0 540.0 684.0 170.0 684.0 959.0 173.0 959.0 682.0 93.0 682.0 
2 6 1.99 1.99 269.0 120.0 269.0 540.0 239.0 540.0 684.0 170.0 684.0 959.0 173.0 959.0 682.0 93.0 682.0 778.0 419.0 778.0 
2 3 1.67 1.67 71.0 36.0 71.0 215.0 84.0 215.0 730.0 564.0 730.0 
2 3 1.56 1.56 727.0 166.0 727.0 671.0 405.0 671.0 840.0 615.0 840.0 
2 3 1.63 1.63 841.0 701.0 841.0 124.0 43.0 124.0 374.0 170.0 374.0 
2 4 1.69 1.69 841.0 701.0 841.0 124.0 43.0 124.0 374.0 170.0 374.0 908.0 52.0 908.0 
2 3 1.21 1.21 679.0 317.0 679.0 595.0 436.0 595.0 407.0 8.0 407.0 
2 4 1.94 1.94 679.0 317.0 679.0 595.0 436.0 595.0 407.0 8.0 407.0 466.0 337.0 466.0 
2 3 0.66 0.66 387.0 68.0 387.0 328.0 52.0 328.0 942.0 314.0 942.0 
2 4 0.89 0.89 387.0 68.0 387.0 328.0 52.0 328.0 942.0 314.0 942.0 464.0 105.0 464.0 
2 5 1.19 1.19 387.0 68.0 387.0 328.0 52.0 328.0 942.0 314.0 942.0 464.0 105.0 464.0 27.0 8.0 27.0 
2 6 1.64 1.64 387.0 68.0 387.0 328.0 52.0 328.0 942.0 314.0 942.0 464.0 105.0 464.0 27.0 8.0 27.0 11.0 5.0 11.0 
2 3 1.79 1.79 472.0 181.0 472.0 461.0 402.0 461.0 939.0 510.0 939.0 
2 3 1.26 1.26 14.0 1.0 14.0 953.0 529.0 953.0 686.0 436.0 686.0 
2 3 1.12 1.12 813.0 504.0 813.0 876.0 24.0 876.0 74.0 35.0 74.0 
2 4 1.59 1.59 813.0 504.0 813.0 876.0 24.0 876.0 74.0 35.0 74.0 708.0 335.0 708.0 
2 5 1.66 1.66 813.0 504.0 813.0 876.0 24.0 876.0 74.0 35.0 74.0 708.0 335.0 708.0 893.0 66.0 893.0 
2 3 1.8 1.8 704.0 700.0 704.0 984.0 275.0 984.0 460.0 243.0 460.0 
2 3 0.68 0.68 295.0 94.0 295.0 573.0 121.0 573.0 302.0 47.0 302.0 
2 4 1.28 1.28 295.0 94.0 295.0 573.0 121.0 573.0 302.0 47.0 302.0 348.0 207.0 348.0 
2 3 0.98 0.98 259.0 81.0 259.0 351.0 206.0 351.0 489.0 41.0 489.0 
2 4 1.47 1.47 259.0 81.0 259.0 351.0 206.0 351.0 489.0 41.0 489.0 889.0 434.0 889.0 
2 3 0.83 0.83 485.0 120.0 485.0 503.0 158.0 503.0 617.0 166.0 617.0 
2 4 1.33 1.33 485.0 120.0 485.0 503.0 158.0 503.0 617.0 166.0 617.0 218.0 109.0 218.0 
2 5 1.62 1.62 485.0 120.0 485.0 503.0 158.0 503.0 617.0 166.0 617.0 218.0 109.0 218.0 725.0 217.0 725.0 
2 3 1.51 1.51 49.0 11.0 49.0 284.0 91.0 284.0 587.0 567.0 587.0 
2 3 1.83 1.83 436.0 404.0 436.0 410.0 128.0 410.0 10.0 6.0 10.0 
2 3 1.45 1.45 618.0 390.0 618.0 48.0 5.0 48.0 841.0 604.0 841.0 
2 3 1.93 1.93 222.0 78.0 222.0 553.0 369.0 553.0 305.0 278.0 305.0 
2 4 1.99 1.99 222.0 78.0 222.0 553.0 369.0 553.0 305.0 278.0 305.0 837.0 55.0 837.0 
2 3 1.19 1.19 839.0 73.0 839.0 991.0 180.0 991.0 181.0 167.0 181.0 
2 3 1.5 1.5 765.0 178.0 765.0 525.0 159.0 525.0 941.0 911.0 941.0 
2 3 1.39 1.39 145.0 49.0 145.0 222.0 100.0 222.0 626.0 381.0 626.0 
2 4 1.49 1.49 145.0 49.0 145.0 222.0 100.0 222.0 626.0 381.0 626.0 106.0 10.0 106.0 
2 3 1.05 1.05 506.0 374.0 506.0 917.0 98.0 917.0 143.0 30.0 143.0 
2 3 1.04 1.04 786.0 48.0 786.0 781.0 667.0 781.0 175.0 23.0 175.0 
2 4 1.8 1.8 786.0 48.0 786.0 781.0 667.0 781.0 175.0 23.0 175.0 103.0 78.0 103.0 
2 3 1.63 1.63 371.0 294.0 371.0 452.0 61.0 452.0 933.0 660.0 933.0 
2 3 1.03 1.03 384.0 23.0 384.0 119.0 56.0 119.0 866.0 433.0 866.0 
2 3 1.54 1.54 506.0 366.0 506.0 772.0 541.0 772.0 606.0 74.0 606.0 
2 4 1.59 1.59 506.0 366.0 506.0 772.0 541.0 772.0 606.0 74.0 606.0 45.0 2.0 45.0 
2 5 1.76 1.76 506.0 366.0 506.0 772.0 541.0 772.0 606.0 74.0 606.0 45.0 2.0 45.0 23.0 4.0 23.0 
2 3 1.62 1.62 695.0 515.0 695.0 327.0 74.0 327.0 974.0 636.0 974.0 
2 4 1.72 1.72 695.0 515.0 695.0 327.0 74.0 327.0 974.0 636.0 974.0 557.0 57.0 557.0 
2 5 1.78 1.78 695.0 515.0 695.0 327.0 74.0 327.0 974.0 636.0 974.0 557.0 57.0 557.0 362.0 22.0 362.0 
2 3 1.58 1.58 247.0 155.0 247.0 605.0 178.0 605.0 21.0 14.0 21.0 
2 4 1.9 1.9 247.0 155.0 247.0 605.0 178.0 605.0 21.0 14.0 21.0 452.0 145.0 452.0 
2 3 1.46 1.46 504.0 68.0 504.0 394.0 290.0 394.0 962.0 567.0 962.0 
2 3 1.16 1.16 643.0 280.0 643.0 988.0 319.0 988.0 709.0 289.0 709.0 
2 4 1.34 1.34 643.0 280.0 643.0 988.0 319.0 988.0 709.0 289.0 709.0 241.0 42.0 241.0 
2 5 1.52 1.52 643.0 280.0 643.0 988.0 319.0 988.0 709.0 289.0 709.0 241.0 42.0 241.0 773.0 142.0 773.0 
2 6 1.92 1.92 643.0 280.0 643.0 988.0 319.0 988.0 709.0 289.0 709.0 241.0 42.0 241.0 773.0 142.0 773.0 286.0 115.0 286.0 
2 3 1.54 1.54 45.0 41.0 45.0 33.0 10.0 33.0 353.0 117.0 353.0 
2 3 1.86 1.86 323.0 207.0 323.0 445.0 333.0 445.0 665.0 318.0 665.0 
2 3 1.47 1.47 742.0 404.0 742.0 770.0 703.0 770.0 119.0 2.0 119.0 
2 3 1.31 1.31 121.0 41.0 121.0 464.0 370.0 464.0 724.0 131.0 724.0 
2 3 1.09 1.09 923.0 610.0 923.0 971.0 411.0 971.0 305.0 4.0 305.0 
2 4 1.5 1.5 923.0 610.0 923.0 971.0 411.0 971.0 305.0 4.0 305.0 252.0 102.0 252.0 
2 3 1.35 1.35 758.0 578.0 758.0 534.0 167.0 534.0 558.0 154.0 558.0 
2 3 1.42 1.42 810.0 472.0 810.0 277.0 52.0 277.0 991.0 652.0 991.0 
2 4 1.95 1.95 810.0 472.0 810.0 277.0 52.0 277.0 991.0 652.0 991.0 344.0 182.0 344.0 
2 3 1.49 1.49 663.0 103.0 663.0 234.0 105.0 234.0 290.0 259.0 290.0 
2 3 0.91 0.91 668.0 3.0 668.0 17.0 10.0 17.0 453.0 146.0 453.0 
2 4 1.67 1.67 668.0 3.0 668.0 17.0 10.0 17.0 453.0 146.0 453.0 966.0 735.0 966.0 
2 3 1.26 1.26 865.0 194.0 865.0 838.0 85.0 838.0 323.0 302.0 323.0 
2 3 1.34 1.34 383.0 157.0 383.0 430.0 202.0 430.0 516.0 242.0 516.0 
2 4 1.77 1.77 383.0 157.0 383.0 430.0 202.0 430.0 516.0 242.0 516.0 130.0 55.0 130.0 
2 3 1.27 1.27 198.0 83.0 198.0 542.0 444.0 542.0 414.0 15.0 414.0 
2 4 1.5 1.5 198.0 83.0 198.0 542.0 444.0 542.0 414.0 15.0 414.0 321.0 74.0 321.0 
2 3 1.29 1.29 70.0 21.0 70.0 48.0 41.0 48.0 484.0 70.0 484.0 
2 4 1.48 1.48 70.0 21.0 70.0 48.0 41.0 48.0 484.0 70.0 484.0 66.0 12.0 66.0 
2 5 1.78 1.78 70.0 21.0 70.0 48.0 41.0 48.0 484.0 70.0 484.0 66.0 12.0 66.0 408.0 123.0 408.0 
2 3 1.23 1.23 895.0 295.0 895.0 73.0 30.0 73.0 371.0 182.0 371.0 
2 4 1.94 1.94 895.0 295.0 895.0 73.0 30.0 73.0 371.0 182.0 371.0 620.0 443.0 620.0 
2 3 0.85 0.85 835.0 14.0 835.0 691.0 337.0 691.0 408.0 144.0 408.0 
2 4 1.7 1.7 835.0 14.0 835.0 691.0 337.0 691.0 408.0 144.0 408.0 181.0 154.0 181.0 
2 5 1.72 1.72 835.0 14.0 835.0 691.0 337.0 691.0 408.0 144.0 408.0 181.0 154.0 181.0 607.0 10.0 607.0 
2 3 0.57 0.57 190.0 41.0 190.0 392.0 87.0 392.0 529.0 75.0 529.0 
2 4 0.6 0.6 190.0 41.0 190.0 392.0 87.0 392.0 529.0 75.0 529.0 973.0 25.0 973.0 
2 5 1.02 1.02 190.0 41.0 190.0 392.0 87.0 392.0 529.0 75.0 529.0 973.0 25.0 973.0 262.0 111.0 262.0 
2 6 1.4 1.4 190.0 41.0 190.0 392.0 87.0 392.0 529.0 75.0 529.0 973.0 25.0 973.0 262.0 111.0 262.0 854.0 324.0 854.0 
2 3 0.6 0.6 527.0 62.0 527.0 390.0 102.0 390.0 71.0 16.0 71.0 
2 4 0.68 0.68 527.0 62.0 527.0 390.0 102.0 390.0 71.0 16.0 71.0 569.0 44.0 569.0 
2 5 1.12 1.12 527.0 62.0 527.0 390.0 102.0 390.0 71.0 16.0 71.0 569.0 44.0 569.0 247.0 109.0 247.0 
2 6 1.58 1.58 527.0 62.0 527.0 390.0 102.0 390.0 71.0 16.0 71.0 569.0 44.0 569.0 247.0 109.0 247.0 345.0 159.0 345.0 
2 3 1.26 1.26 110.0 2.0 110.0 126.0 125.0 126.0 835.0 211.0 835.0 
2 4 1.75 1.75 110.0 2.0 110.0 126.0 125.0 126.0 835.0 211.0 835.0 481.0 237.0 481.0 
2 3 1.57 1.57 579.0 234.0 579.0 760.0 335.0 760.0 226.0 164.0 226.0 
2 3 1.97 1.97 473.0 389.0 473.0 341.0 154.0 341.0 199.0 140.0 199.0 
2 3 1.67 1.67 359.0 256.0 359.0 464.0 379.0 464.0 286.0 41.0 286.0 
2 4 1.75 1.75 359.0 256.0 359.0 464.0 379.0 464.0 286.0 41.0 286.0 967.0 78.0 967.0 
2 3 1.1 1.1 983.0 719.0 983.0 524.0 83.0 524.0 106.0 23.0 106.0 
2 3 1.8 1.8 456.0 314.0 456.0 522.0 276.0 522.0 550.0 321.0 550.0 
2 4 1.84 1.84 456.0 314.0 456.0 522.0 276.0 522.0 550.0 321.0 550.0 425.0 20.0 425.0 
2 3 0.85 0.85 402.0 164.0 402.0 636.0 210.0 636.0 232.0 28.0 232.0 
2 4 1.68 1.68 402.0 164.0 402.0 636.0 210.0 636.0 232.0 28.0 232.0 955.0 785.0 955.0 
2 5 1.83 1.83 402.0 164.0 402.0 636.0 210.0 636.0 232.0 28.0 232.0 955.0 785.0 955.0 44.0 7.0 44.0 
2 3 0.76 0.76 423.0 139.0 423.0 47.0 9.0 47.0 799.0 195.0 799.0 
2 4 1.63 1.63 423.0 139.0 423.0 47.0 9.0 47.0 799.0 195.0 799.0 791.0 692.0 791.0 
2 5 1.91 1.91 423.0 139.0 423.0 47.0 9.0 47.0 799.0 195.0 799.0 791.0 692.0 791.0 964.0 266.0 964.0 
2 3 1.8 1.8 401.0 326.0 401.0 787.0 389.0 787.0 147.0 73.0 147.0 
2 3 1.18 1.18 505.0 53.0 505.0 753.0 559.0 753.0 375.0 126.0 375.0 
2 4 1.39 1.39 505.0 53.0 505.0 753.0 559.0 753.0 375.0 126.0 375.0 24.0 5.0 24.0 
2 3 1.37 1.37 419.0 157.0 419.0 111.0 7.0 111.0 980.0 923.0 980.0 
2 4 1.68 1.68 419.0 157.0 419.0 111.0 7.0 111.0 980.0 923.0 980.0 39.0 12.0 39.0 
2 5 1.83 1.83 419.0 157.0 419.0 111.0 7.0 111.0 980.0 923.0 980.0 39.0 12.0 39.0 53.0 8.0 53.0 
2 3 1.0 1.0 769.0 378.0 769.0 787.0 11.0 787.0 74.0 37.0 74.0 
2 4 1.52 1.52 769.0 378.0 769.0 787.0 11.0 787.0 74.0 37.0 74.0 415.0 216.0 415.0 
2 5 1.57 1.57 769.0 378.0 769.0 787.0 11.0 787.0 74.0 37.0 74.0 415.0 216.0 415.0 454.0 20.0 454.0 
2 6 1.95 1.95 769.0 378.0 769.0 787.0 11.0 787.0 74.0 37.0 74.0 415.0 216.0 415.0 454.0 20.0 454.0 808.0 315.0 808.0 
2 3 1.4 1.4 656.0 526.0 656.0 210.0 80.0 210.0 68.0 15.0 68.0 
2 4 1.75 1.75 656.0 526.0 656.0 210.0 80.0 210.0 68.0 15.0 68.0 962.0 339.0 962.0 
2 3 0.75 0.75 589.0 168.0 589.0 814.0 303.0 814.0 673.0 68.0 673.0 
2 4 1.25 1.25 589.0 168.0 589.0 814.0 303.0 814.0 673.0 68.0 673.0 669.0 333.0 669.0 
2 5 1.91 1.91 589.0 168.0 589.0 814.0 303.0 814.0 673.0 68.0 673.0 669.0 333.0 669.0 235.0 155.0 235.0 
2 3 0.81 0.81 452.0 106.0 452.0 330.0 136.0 330.0 115.0 19.0 115.0 
2 4 1.66 1.66 452.0 106.0 452.0 330.0 136.0 330.0 115.0 19.0 115.0 522.0 444.0 522.0 
2 5 1.75 1.75 452.0 106.0 452.0 330.0 136.0 330.0 115.0 19.0 115.0 522.0 444.0 522.0 611.0 56.0 611.0 
2 3 0.9 0.9 956.0 453.0 956.0 514.0 169.0 514.0 242.0 24.0 242.0 
2 4 1.17 1.17 956.0 453.0 956.0 514.0 169.0 514.0 242.0 24.0 242.0 368.0 101.0 368.0 
2 3 1.02 1.02 463.0 283.0 463.0 578.0 84.0 578.0 337.0 91.0 337.0 
2 4 1.67 1.67 463.0 283.0 463.0 578.0 84.0 578.0 337.0 91.0 337.0 660.0 428.0 660.0 
2 5 1.97 1.97 463.0 283.0 463.0 578.0 84.0 578.0 337.0 91.0 337.0 660.0 428.0 660.0 481.0 144.0 481.0 
2 3 1.43 1.43 952.0 305.0 952.0 316.0 124.0 316.0 299.0 215.0 299.0 
2 4 1.48 1.48 952.0 305.0 952.0 316.0 124.0 316.0 299.0 215.0 299.0 708.0 40.0 708.0 
2 5 1.5 1.5 952.0 305.0 952.0 316.0 124.0 316.0 299.0 215.0 299.0 708.0 40.0 708.0 778.0 16.0 778.0 
2 3 0.62 0.62 364.0 4.0 364.0 730.0 197.0 730.0 252.0 86.0 252.0 
2 4 1.53 1.53 364.0 4.0 364.0 730.0 197.0 730.0 252.0 86.0 252.0 866.0 787.0 866.0 
2 5 1.59 1.59 364.0 4.0 364.0 730.0 197.0 730.0 252.0 86.0 252.0 866.0 787.0 866.0 414.0 26.0 414.0 
2 6 1.61 1.61 364.0 4.0 364.0 730.0 197.0 730.0 252.0 86.0 252.0 866.0 787.0 866.0 414.0 26.0 414.0 952.0 20.0 952.0 
2 7 1.95 1.95 364.0 4.0 364.0 730.0 197.0 730.0 252.0 86.0 252.0 866.0 787.0 866.0 414.0 26.0 414.0 952.0 20.0 952.0 801.0 269.0 801.0 
2 3 1.09 1.09 88.0 16.0 88.0 377.0 245.0 377.0 120.0 32.0 120.0 
2 4 1.91 1.91 88.0 16.0 88.0 377.0 245.0 377.0 120.0 32.0 120.0 591.0 481.0 591.0 
2 3 1.42 1.42 315.0 268.0 315.0 636.0 188.0 636.0 160.0 45.0 160.0 
2 3 1.55 1.55 192.0 97.0 192.0 243.0 237.0 243.0 647.0 50.0 647.0 
2 3 1.31 1.31 269.0 108.0 269.0 120.0 26.0 120.0 533.0 371.0 533.0 
2 4 1.92 1.92 269.0 108.0 269.0 120.0 26.0 120.0 533.0 371.0 533.0 571.0 351.0 571.0 
2 3 1.34 1.34 970.0 286.0 970.0 122.0 22.0 122.0 622.0 538.0 622.0 
2 4 1.63 1.63 970.0 286.0 970.0 122.0 22.0 122.0 622.0 538.0 622.0 342.0 102.0 342.0 
2 3 1.26 1.26 936.0 56.0 936.0 417.0 84.0 417.0 543.0 543.0 543.0 
2 4 1.58 1.58 936.0 56.0 936.0 417.0 84.0 417.0 543.0 543.0 543.0 233.0 76.0 233.0 
2 3 1.88 1.88 377.0 321.0 377.0 131.0 115.0 131.0 809.0 122.0 809.0 
2 3 1.54 1.54 478.0 459.0 478.0 657.0 162.0 657.0 188.0 64.0 188.0 
2 3 0.97 0.97 567.0 25.0 567.0 413.0 78.0 413.0 931.0 695.0 931.0 
2 4 1.58 1.58 567.0 25.0 567.0 413.0 78.0 413.0 931.0 695.0 931.0 298.0 181.0 298.0 
2 5 1.82 1.82 567.0 25.0 567.0 413.0 78.0 413.0 931.0 695.0 931.0 298.0 181.0 298.0 543.0 132.0 543.0 
2 3 1.68 1.68 285.0 174.0 285.0 167.0 83.0 167.0 623.0 360.0 623.0 
2 3 1.18 1.18 969.0 745.0 969.0 609.0 98.0 609.0 347.0 88.0 347.0 
2 4 1.97 1.97 969.0 745.0 969.0 609.0 98.0 609.0 347.0 88.0 347.0 184.0 145.0 184.0 
2 3 1.0 1.0 701.0 76.0 701.0 906.0 167.0 906.0 597.0 424.0 597.0 
2 4 1.5 1.5 701.0 76.0 701.0 906.0 167.0 906.0 597.0 424.0 597.0 223.0 112.0 223.0 
2 3 1.29 1.29 936.0 168.0 936.0 331.0 47.0 331.0 435.0 425.0 435.0 
2 4 1.73 1.73 936.0 168.0 936.0 331.0 47.0 331.0 435.0 425.0 435.0 149.0 65.0 149.0 
2 3 1.23 1.23 27.0 16.0 27.0 725.0 82.0 725.0 93.0 49.0 93.0 
2 4 1.9 1.9 27.0 16.0 27.0 725.0 82.0 725.0 93.0 49.0 93.0 694.0 469.0 694.0 
2 3 0.88 0.88 185.0 75.0 185.0 404.0 176.0 404.0 594.0 28.0 594.0 
2 4 1.03 1.03 185.0 75.0 185.0 404.0 176.0 404.0 594.0 28.0 594.0 954.0 137.0 954.0 
2 5 1.22 1.22 185.0 75.0 185.0 404.0 176.0 404.0 594.0 28.0 594.0 954.0 137.0 954.0 163.0 31.0 163.0 
2 6 1.29 1.29 185.0 75.0 185.0 404.0 176.0 404.0 594.0 28.0 594.0 954.0 137.0 954.0 163.0 31.0 163.0 387.0 28.0 387.0 
2 3 1.62 1.62 162.0 75.0 162.0 644.0 405.0 644.0 821.0 435.0 821.0 
2 4 1.65 1.65 162.0 75.0 162.0 644.0 405.0 644.0 821.0 435.0 821.0 391.0 14.0 391.0 
2 3 0.75 0.75 264.0 65.0 264.0 388.0 25.0 388.0 191.0 84.0 191.0 
2 4 1.67 1.67 264.0 65.0 264.0 388.0 25.0 388.0 191.0 84.0 191.0 975.0 901.0 975.0 
2 3 1.46 1.46 758.0 363.0 758.0 959.0 14.0 959.0 64.0 62.0 64.0 
2 4 1.94 1.94 758.0 363.0 758.0 959.0 14.0 959.0 64.0 62.0 64.0 228.0 110.0 228.0 
2 3 1.94 1.94 800.0 781.0 800.0 355.0 344.0 355.0 904.0 2.0 904.0 
2 3 1.46 1.46 746.0 220.0 746.0 52.0 29.0 52.0 727.0 446.0 727.0 
2 4 1.49 1.49 746.0 220.0 746.0 52.0 29.0 52.0 727.0 446.0 727.0 511.0 16.0 511.0 
2 5 1.76 1.76 746.0 220.0 746.0 52.0 29.0 52.0 727.0 446.0 727.0 511.0 16.0 511.0 906.0 240.0 906.0 
2 3 1.54 1.54 408.0 175.0 408.0 589.0 398.0 589.0 201.0 88.0 201.0 
2 4 1.99 1.99 408.0 175.0 408.0 589.0 398.0 589.0 201.0 88.0 201.0 220.0 100.0 220.0 
2 3 1.68 1.68 718.0 145.0 718.0 127.0 89.0 127.0 643.0 502.0 643.0 
2 3 1.56 1.56 559.0 5.0 559.0 870.0 821.0 870.0 221.0 135.0 221.0 
2 3 1.98 1.98 872.0 843.0 872.0 314.0 70.0 314.0 265.0 210.0 265.0 
2 4 1.98 1.98 872.0 843.0 872.0 314.0 70.0 314.0 265.0 210.0 265.0 263.0 1.0 263.0 
2 3 0.8 0.8 502.0 41.0 502.0 505.0 303.0 505.0 672.0 84.0 672.0 
2 4 1.46 1.46 502.0 41.0 502.0 505.0 303.0 505.0 672.0 84.0 672.0 739.0 483.0 739.0 
2 5 1.94 1.94 502.0 41.0 502.0 505.0 303.0 505.0 672.0 84.0 672.0 739.0 483.0 739.0 796.0 386.0 796.0 
2 3 1.8 1.8 934.0 534.0 934.0 20.0 13.0 20.0 675.0 392.0 675.0 
2 3 1.81 1.81 237.0 201.0 237.0 831.0 141.0 831.0 738.0 590.0 738.0 
2 4 1.93 1.93 237.0 201.0 237.0 831.0 141.0 831.0 738.0 590.0 738.0 945.0 107.0 945.0 
2 3 1.73 1.73 979.0 767.0 979.0 322.0 105.0 322.0 920.0 579.0 920.0 
2 3 1.16 1.16 238.0 16.0 238.0 518.0 100.0 518.0 264.0 240.0 264.0 
2 4 1.6 1.6 238.0 16.0 238.0 518.0 100.0 518.0 264.0 240.0 264.0 436.0 192.0 436.0 
2 5 1.73 1.73 238.0 16.0 238.0 518.0 100.0 518.0 264.0 240.0 264.0 436.0 192.0 436.0 678.0 86.0 678.0 
2 3 1.46 1.46 101.0 11.0 101.0 707.0 390.0 707.0 36.0 29.0 36.0 
2 3 1.09 1.09 162.0 59.0 162.0 445.0 224.0 445.0 471.0 108.0 471.0 
2 4 1.27 1.27 162.0 59.0 162.0 445.0 224.0 445.0 471.0 108.0 471.0 741.0 132.0 741.0 
2 3 0.75 0.75 943.0 32.0 943.0 588.0 188.0 588.0 547.0 221.0 547.0 
2 4 1.71 1.71 943.0 32.0 943.0 588.0 188.0 588.0 547.0 221.0 547.0 903.0 865.0 903.0 
2 3 1.42 1.42 409.0 126.0 409.0 970.0 500.0 970.0 111.0 67.0 111.0 
2 4 1.68 1.68 409.0 126.0 409.0 970.0 500.0 970.0 111.0 67.0 111.0 339.0 89.0 339.0 
2 5 1.98 1.98 409.0 126.0 409.0 970.0 500.0 970.0 111.0 67.0 111.0 339.0 89.0 339.0 503.0 150.0 503.0 
2 3 1.73 1.73 462.0 432.0 462.0 867.0 432.0 867.0 119.0 36.0 119.0 
2 4 1.97 1.97 462.0 432.0 462.0 867.0 432.0 867.0 119.0 36.0 119.0 78.0 19.0 78.0 
2 3 1.37 1.37 898.0 554.0 898.0 97.0 69.0 97.0 612.0 27.0 612.0 
2 3 1.74 1.74 348.0 4.0 348.0 403.0 300.0 403.0 355.0 350.0 355.0 
2 3 0.36 0.36 415.0 43.0 415.0 407.0 25.0 407.0 97.0 19.0 97.0 
2 4 0.46 0.46 415.0 43.0 415.0 407.0 25.0 407.0 97.0 19.0 97.0 444.0 47.0 444.0 
2 5 0.84 0.84 415.0 43.0 415.0 407.0 25.0 407.0 97.0 19.0 97.0 444.0 47.0 444.0 182.0 68.0 182.0 
2 6 0.94 0.94 415.0 43.0 415.0 407.0 25.0 407.0 97.0 19.0 97.0 444.0 47.0 444.0 182.0 68.0 182.0 960.0 105.0 960.0 
2 7 1.66 1.66 415.0 43.0 415.0 407.0 25.0 407.0 97.0 19.0 97.0 444.0 47.0 444.0 182.0 68.0 182.0 960.0 105.0 960.0 569.0 406.0 569.0 
2 8 1.81 1.81 415.0 43.0 415.0 407.0 25.0 407.0 97.0 19.0 97.0 444.0 47.0 444.0 182.0 68.0 182.0 960.0 105.0 960.0 569.0 406.0 569.0 897.0 133.0 897.0 
2 3 0.85 0.85 555.0 147.0 555.0 860.0 124.0 860.0 566.0 252.0 566.0 
2 4 1.02 1.02 555.0 147.0 555.0 860.0 124.0 860.0 566.0 252.0 566.0 222.0 39.0 222.0 
2 5 1.31 1.31 555.0 147.0 555.0 860.0 124.0 860.0 566.0 252.0 566.0 222.0 39.0 222.0 602.0 171.0 602.0 
2 3 1.76 1.76 538.0 299.0 538.0 744.0 309.0 744.0 603.0 476.0 603.0 
2 3 1.65 1.65 58.0 38.0 58.0 309.0 26.0 309.0 852.0 781.0 852.0 
2 3 1.87 1.87 898.0 600.0 898.0 293.0 84.0 293.0 774.0 709.0 774.0 
2 4 1.92 1.92 898.0 600.0 898.0 293.0 84.0 293.0 774.0 709.0 774.0 388.0 22.0 388.0 
2 3 1.76 1.76 345.0 2.0 345.0 974.0 779.0 974.0 720.0 690.0 720.0 
2 4 1.95 1.95 345.0 2.0 345.0 974.0 779.0 974.0 720.0 690.0 720.0 623.0 120.0 623.0 
2 3 1.75 1.75 74.0 16.0 74.0 404.0 293.0 404.0 37.0 30.0 37.0 
2 3 1.48 1.48 93.0 54.0 93.0 134.0 106.0 134.0 398.0 44.0 398.0 
2 3 1.36 1.36 59.0 37.0 59.0 503.0 139.0 503.0 892.0 414.0 892.0 
2 3 1.33 1.33 256.0 238.0 256.0 26.0 9.0 26.0 840.0 49.0 840.0 
2 3 1.6 1.6 540.0 378.0 540.0 560.0 265.0 560.0 180.0 77.0 180.0 
2 4 1.67 1.67 540.0 378.0 540.0 560.0 265.0 560.0 180.0 77.0 180.0 444.0 31.0 444.0 
2 5 1.71 1.71 540.0 378.0 540.0 560.0 265.0 560.0 180.0 77.0 180.0 444.0 31.0 444.0 665.0 30.0 665.0 
2 6 1.97 1.97 540.0 378.0 540.0 560.0 265.0 560.0 180.0 77.0 180.0 444.0 31.0 444.0 665.0 30.0 665.0 567.0 145.0 567.0 
2 3 1.28 1.28 842.0 437.0 842.0 851.0 144.0 851.0 371.0 220.0 371.0 
2 3 0.52 0.52 68.0 25.0 68.0 783.0 85.0 783.0 471.0 22.0 471.0 
2 4 1.41 1.41 68.0 25.0 68.0 783.0 85.0 783.0 471.0 22.0 471.0 494.0 441.0 494.0 
2 5 1.8 1.8 68.0 25.0 68.0 783.0 85.0 783.0 471.0 22.0 471.0 494.0 441.0 494.0 593.0 229.0 593.0 
2 3 1.31 1.31 150.0 43.0 150.0 481.0 266.0 481.0 947.0 452.0 947.0 
2 3 1.92 1.92 621.0 167.0 621.0 844.0 742.0 844.0 678.0 530.0 678.0 
2 3 0.8 0.8 310.0 97.0 310.0 974.0 10.0 974.0 534.0 255.0 534.0 
2 4 1.47 1.47 310.0 97.0 310.0 974.0 10.0 974.0 534.0 255.0 534.0 680.0 459.0 680.0 
2 3 1.3 1.3 749.0 591.0 749.0 296.0 51.0 296.0 823.0 283.0 823.0 
2 3 0.65 0.65 29.0 1.0 29.0 479.0 117.0 479.0 536.0 203.0 536.0 
2 4 1.58 1.58 29.0 1.0 29.0 479.0 117.0 479.0 536.0 203.0 536.0 422.0 391.0 422.0 
2 5 1.68 1.68 29.0 1.0 29.0 479.0 117.0 479.0 536.0 203.0 536.0 422.0 391.0 422.0 835.0 87.0 835.0 
2 3 1.39 1.39 793.0 462.0 793.0 73.0 26.0 73.0 200.0 92.0 200.0 
2 3 1.89 1.89 416.0 264.0 416.0 639.0 579.0 639.0 329.0 118.0 329.0 
2 3 1.19 1.19 522.0 25.0 522.0 850.0 766.0 850.0 44.0 11.0 44.0 
2 3 1.8 1.8 479.0 34.0 479.0 523.0 475.0 523.0 307.0 253.0 307.0 
2 3 1.83 1.83 938.0 333.0 938.0 244.0 168.0 244.0 575.0 454.0 575.0 
2 4 1.89 1.89 938.0 333.0 938.0 244.0 168.0 244.0 575.0 454.0 575.0 668.0 39.0 668.0 
2 3 1.16 1.16 711.0 391.0 711.0 471.0 279.0 471.0 140.0 3.0 140.0 
2 4 1.17 1.17 711.0 391.0 711.0 471.0 279.0 471.0 140.0 3.0 140.0 669.0 7.0 669.0 
2 5 1.88 1.88 711.0 391.0 711.0 471.0 279.0 471.0 140.0 3.0 140.0 669.0 7.0 669.0 184.0 131.0 184.0 
2 3 1.83 1.83 132.0 113.0 132.0 204.0 29.0 204.0 897.0 751.0 897.0 
2 3 1.73 1.73 451.0 368.0 451.0 235.0 213.0 235.0 685.0 9.0 685.0 
2 4 1.84 1.84 451.0 368.0 451.0 235.0 213.0 235.0 685.0 9.0 685.0 35.0 4.0 35.0 
2 3 1.61 1.61 993.0 609.0 993.0 736.0 269.0 736.0 813.0 514.0 813.0 
2 4 1.64 1.64 993.0 609.0 993.0 736.0 269.0 736.0 813.0 514.0 813.0 68.0 2.0 68.0 
2 3 0.42 0.42 94.0 9.0 94.0 611.0 182.0 611.0 761.0 25.0 761.0 
2 4 0.48 0.48 94.0 9.0 94.0 611.0 182.0 611.0 761.0 25.0 761.0 487.0 29.0 487.0 
2 5 0.71 0.71 94.0 9.0 94.0 611.0 182.0 611.0 761.0 25.0 761.0 487.0 29.0 487.0 841.0 193.0 841.0 
2 6 0.85 0.85 94.0 9.0 94.0 611.0 182.0 611.0 761.0 25.0 761.0 487.0 29.0 487.0 841.0 193.0 841.0 482.0 65.0 482.0 
2 7 1.34 1.34 94.0 9.0 94.0 611.0 182.0 611.0 761.0 25.0 761.0 487.0 29.0 487.0 841.0 193.0 841.0 482.0 65.0 482.0 179.0 89.0 179.0 
2 3 1.59 1.59 413.0 5.0 413.0 968.0 903.0 968.0 301.0 196.0 301.0 
2 3 0.51 0.51 922.0 406.0 922.0 368.0 21.0 368.0 55.0 1.0 55.0 
2 4 0.8 0.8 922.0 406.0 922.0 368.0 21.0 368.0 55.0 1.0 55.0 194.0 57.0 194.0 
2 5 1.17 1.17 922.0 406.0 922.0 368.0 21.0 368.0 55.0 1.0 55.0 194.0 57.0 194.0 624.0 227.0 624.0 
2 3 1.12 1.12 921.0 148.0 921.0 317.0 218.0 317.0 955.0 261.0 955.0 
2 4 1.47 1.47 921.0 148.0 921.0 317.0 218.0 317.0 955.0 261.0 955.0 593.0 209.0 593.0 
2 3 1.09 1.09 67.0 53.0 67.0 736.0 169.0 736.0 139.0 10.0 139.0 
2 4 1.78 1.78 67.0 53.0 67.0 736.0 169.0 736.0 139.0 10.0 139.0 715.0 493.0 715.0 
2 3 1.6 1.6 805.0 527.0 805.0 141.0 127.0 141.0 761.0 34.0 761.0 
2 3 1.26 1.26 615.0 250.0 615.0 582.0 334.0 582.0 444.0 126.0 444.0 
2 4 1.79 1.79 615.0 250.0 615.0 582.0 334.0 582.0 444.0 126.0 444.0 405.0 214.0 405.0 
2 5 1.85 1.85 615.0 250.0 615.0 582.0 334.0 582.0 444.0 126.0 444.0 405.0 214.0 405.0 763.0 46.0 763.0 
2 3 1.23 1.23 860.0 326.0 860.0 649.0 364.0 649.0 417.0 122.0 417.0 
2 4 1.59 1.59 860.0 326.0 860.0 649.0 364.0 649.0 417.0 122.0 417.0 453.0 162.0 453.0 
2 3 1.98 1.98 296.0 290.0 296.0 25.0 23.0 25.0 492.0 40.0 492.0 
2 4 1.98 1.98 296.0 290.0 296.0 25.0 23.0 25.0 492.0 40.0 492.0 395.0 3.0 395.0 
2 3 0.77 0.77 205.0 32.0 205.0 414.0 180.0 414.0 665.0 125.0 665.0 
2 4 1.47 1.47 205.0 32.0 205.0 414.0 180.0 414.0 665.0 125.0 665.0 341.0 239.0 341.0 
2 3 0.58 0.58 318.0 49.0 318.0 510.0 102.0 510.0 926.0 217.0 926.0 
2 4 1.19 1.19 318.0 49.0 318.0 510.0 102.0 510.0 926.0 217.0 926.0 985.0 601.0 985.0 
2 3 1.77 1.77 411.0 188.0 411.0 105.0 82.0 105.0 643.0 343.0 643.0 
2 3 1.29 1.29 195.0 92.0 195.0 698.0 414.0 698.0 285.0 66.0 285.0 
2 3 0.75 0.75 301.0 25.0 301.0 293.0 136.0 293.0 611.0 126.0 611.0 
2 4 1.31 1.31 301.0 25.0 301.0 293.0 136.0 293.0 611.0 126.0 611.0 991.0 556.0 991.0 
2 5 1.5 1.5 301.0 25.0 301.0 293.0 136.0 293.0 611.0 126.0 611.0 991.0 556.0 991.0 921.0 173.0 921.0 
2 6 1.56 1.56 301.0 25.0 301.0 293.0 136.0 293.0 611.0 126.0 611.0 991.0 556.0 991.0 921.0 173.0 921.0 966.0 64.0 966.0 
2 3 1.34 1.34 777.0 38.0 777.0 795.0 463.0 795.0 337.0 240.0 337.0 
2 4 1.36 1.36 777.0 38.0 777.0 795.0 463.0 795.0 337.0 240.0 337.0 137.0 3.0 137.0 
2 5 1.38 1.38 777.0 38.0 777.0 795.0 463.0 795.0 337.0 240.0 337.0 137.0 3.0 137.0 123.0 3.0 123.0 
2 3 0.6 0.6 725.0 13.0 725.0 383.0 94.0 383.0 586.0 199.0 586.0 
2 4 0.67 0.67 725.0 13.0 725.0 383.0 94.0 383.0 586.0 199.0 586.0 780.0 56.0 780.0 
2 5 0.83 0.83 725.0 13.0 725.0 383.0 94.0 383.0 586.0 199.0 586.0 780.0 56.0 780.0 32.0 5.0 32.0 
2 6 1.81 1.81 725.0 13.0 725.0 383.0 94.0 383.0 586.0 199.0 586.0 780.0 56.0 780.0 32.0 5.0 32.0 998.0 979.0 998.0 
2 3 1.1 1.1 823.0 7.0 823.0 885.0 568.0 885.0 900.0 410.0 900.0 
2 4 1.87 1.87 823.0 7.0 823.0 885.0 568.0 885.0 900.0 410.0 900.0 376.0 290.0 376.0 
2 3 1.26 1.26 518.0 70.0 518.0 991.0 458.0 991.0 583.0 389.0 583.0 
2 3 1.42 1.42 384.0 54.0 384.0 421.0 260.0 421.0 559.0 374.0 559.0 
2 3 1.51 1.51 554.0 351.0 554.0 947.0 433.0 947.0 7.0 3.0 7.0 
2 3 1.73 1.73 231.0 30.0 231.0 448.0 379.0 448.0 841.0 636.0 841.0 
2 3 0.37 0.37 316.0 18.0 316.0 941.0 277.0 941.0 390.0 11.0 390.0 
2 4 1.29 1.29 316.0 18.0 316.0 941.0 277.0 941.0 390.0 11.0 390.0 25.0 23.0 25.0 
2 5 1.79 1.79 316.0 18.0 316.0 941.0 277.0 941.0 390.0 11.0 390.0 25.0 23.0 25.0 566.0 280.0 566.0 
2 3 1.25 1.25 495.0 94.0 495.0 392.0 202.0 392.0 195.0 108.0 195.0 
2 4 1.33 1.33 495.0 94.0 495.0 392.0 202.0 392.0 195.0 108.0 195.0 640.0 47.0 640.0 
2 3 1.14 1.14 445.0 142.0 445.0 643.0 440.0 643.0 141.0 20.0 141.0 
2 3 1.6 1.6 388.0 170.0 388.0 856.0 564.0 856.0 651.0 332.0 651.0 
2 4 1.75 1.75 388.0 170.0 388.0 856.0 564.0 856.0 651.0 332.0 651.0 502.0 73.0 502.0 
2 3 1.33 1.33 202.0 92.0 202.0 907.0 256.0 907.0 890.0 535.0 890.0 
2 4 1.87 1.87 202.0 92.0 202.0 907.0 256.0 907.0 890.0 535.0 890.0 162.0 87.0 162.0 
2 3 1.36 1.36 675.0 441.0 675.0 201.0 102.0 201.0 182.0 38.0 182.0 
2 3 0.86 0.86 386.0 85.0 386.0 178.0 38.0 178.0 524.0 228.0 524.0 
2 4 1.81 1.81 386.0 85.0 386.0 178.0 38.0 178.0 524.0 228.0 524.0 532.0 502.0 532.0 
2 3 1.59 1.59 490.0 193.0 490.0 174.0 148.0 174.0 418.0 146.0 418.0 
2 3 1.39 1.39 896.0 746.0 896.0 147.0 46.0 147.0 262.0 66.0 262.0 
2 3 0.74 0.74 555.0 16.0 555.0 730.0 29.0 730.0 867.0 589.0 867.0 
2 4 1.29 1.29 555.0 16.0 555.0 730.0 29.0 730.0 867.0 589.0 867.0 765.0 415.0 765.0 
2 5 1.55 1.55 555.0 16.0 555.0 730.0 29.0 730.0 867.0 589.0 867.0 765.0 415.0 765.0 621.0 166.0 621.0 
2 3 1.9 1.9 404.0 184.0 404.0 71.0 55.0 71.0 271.0 183.0 271.0 
2 3 1.89 1.89 904.0 753.0 904.0 621.0 377.0 621.0 522.0 238.0 522.0 
2 3 1.61 1.61 709.0 318.0 709.0 128.0 77.0 128.0 236.0 134.0 236.0 
2 3 1.75 1.75 992.0 584.0 992.0 229.0 104.0 229.0 486.0 345.0 486.0 
2 3 1.73 1.73 687.0 405.0 687.0 426.0 386.0 426.0 563.0 137.0 563.0 
2 3 1.79 1.79 926.0 203.0 926.0 55.0 35.0 55.0 35.0 33.0 35.0 
2 4 1.97 1.97 926.0 203.0 926.0 55.0 35.0 55.0 35.0 33.0 35.0 447.0 77.0 447.0 
2 3 1.6 1.6 940.0 635.0 940.0 730.0 620.0 730.0 625.0 52.0 625.0 
2 3 0.63 0.63 480.0 172.0 480.0 762.0 201.0 762.0 475.0 5.0 475.0 
2 4 1.24 1.24 480.0 172.0 480.0 762.0 201.0 762.0 475.0 5.0 475.0 74.0 45.0 74.0 
2 5 1.76 1.76 480.0 172.0 480.0 762.0 201.0 762.0 475.0 5.0 475.0 74.0 45.0 74.0 136.0 71.0 136.0 
2 3 1.41 1.41 914.0 331.0 914.0 214.0 122.0 214.0 723.0 349.0 723.0 
2 4 1.5 1.5 914.0 331.0 914.0 214.0 122.0 214.0 723.0 349.0 723.0 598.0 53.0 598.0 
2 5 1.58 1.58 914.0 331.0 914.0 214.0 122.0 214.0 723.0 349.0 723.0 598.0 53.0 598.0 639.0 51.0 639.0 
2 6 1.7 1.7 914.0 331.0 914.0 214.0 122.0 214.0 723.0 349.0 723.0 598.0 53.0 598.0 639.0 51.0 639.0 296.0 37.0 296.0 
2 3 0.69 0.69 390.0 82.0 390.0 377.0 107.0 377.0 481.0 99.0 481.0 
2 4 1.45 1.45 390.0 82.0 390.0 377.0 107.0 377.0 481.0 99.0 481.0 262.0 198.0 262.0 
2 5 1.64 1.64 390.0 82.0 390.0 377.0 107.0 377.0 481.0 99.0 481.0 262.0 198.0 262.0 282.0 52.0 282.0 
2 6 1.69 1.69 390.0 82.0 390.0 377.0 107.0 377.0 481.0 99.0 481.0 262.0 198.0 262.0 282.0 52.0 282.0 989.0 52.0 989.0 
2 3 1.38 1.38 986.0 654.0 986.0 546.0 91.0 546.0 435.0 240.0 435.0 
2 4 1.82 1.82 986.0 654.0 986.0 546.0 91.0 546.0 435.0 240.0 435.0 842.0 374.0 842.0 
2 5 1.96 1.96 986.0 654.0 986.0 546.0 91.0 546.0 435.0 240.0 435.0 842.0 374.0 842.0 588.0 83.0 588.0 
2 3 0.76 0.76 636.0 86.0 636.0 754.0 178.0 754.0 354.0 138.0 354.0 
2 4 0.85 0.85 636.0 86.0 636.0 754.0 178.0 754.0 354.0 138.0 354.0 524.0 48.0 524.0 
2 5 1.56 1.56 636.0 86.0 636.0 754.0 178.0 754.0 354.0 138.0 354.0 524.0 48.0 524.0 648.0 461.0 648.0 
2 3 1.31 1.31 972.0 715.0 972.0 979.0 49.0 979.0 574.0 302.0 574.0 
2 4 1.52 1.52 972.0 715.0 972.0 979.0 49.0 979.0 574.0 302.0 574.0 725.0 154.0 725.0 
2 5 1.74 1.74 972.0 715.0 972.0 979.0 49.0 979.0 574.0 302.0 574.0 725.0 154.0 725.0 765.0 172.0 765.0 
2 6 1.86 1.86 972.0 715.0 972.0 979.0 49.0 979.0 574.0 302.0 574.0 725.0 154.0 725.0 765.0 172.0 765.0 775.0 88.0 775.0 
2 3 1.71 1.71 947.0 922.0 947.0 610.0 155.0 610.0 385.0 186.0 385.0 
2 3 1.43 1.43 871.0 180.0 871.0 898.0 663.0 898.0 865.0 420.0 865.0 
2 3 0.66 0.66 661.0 37.0 661.0 921.0 29.0 921.0 88.0 51.0 88.0 
2 4 1.15 1.15 661.0 37.0 661.0 921.0 29.0 921.0 88.0 51.0 88.0 981.0 474.0 981.0 
2 5 1.56 1.56 661.0 37.0 661.0 921.0 29.0 921.0 88.0 51.0 88.0 981.0 474.0 981.0 820.0 340.0 820.0 
2 3 0.87 0.87 463.0 95.0 463.0 266.0 120.0 266.0 847.0 189.0 847.0 
2 4 1.68 1.68 463.0 95.0 463.0 266.0 120.0 266.0 847.0 189.0 847.0 485.0 393.0 485.0 
2 5 1.85 1.85 463.0 95.0 463.0 266.0 120.0 266.0 847.0 189.0 847.0 485.0 393.0 485.0 314.0 52.0 314.0 
2 3 1.11 1.11 42.0 6.0 42.0 57.0 10.0 57.0 693.0 549.0 693.0 
2 3 1.54 1.54 372.0 149.0 372.0 729.0 625.0 729.0 453.0 128.0 453.0 
2 3 1.19 1.19 475.0 255.0 475.0 329.0 62.0 329.0 223.0 104.0 223.0 
2 3 1.95 1.95 519.0 223.0 519.0 266.0 192.0 266.0 622.0 497.0 622.0 
2 3 0.8 0.8 224.0 27.0 224.0 809.0 489.0 809.0 917.0 74.0 917.0 
2 4 1.27 1.27 224.0 27.0 224.0 809.0 489.0 809.0 917.0 74.0 917.0 777.0 364.0 777.0 
2 5 1.43 1.43 224.0 27.0 224.0 809.0 489.0 809.0 917.0 74.0 917.0 777.0 364.0 777.0 710.0 114.0 710.0 
2 6 1.59 1.59 224.0 27.0 224.0 809.0 489.0 809.0 917.0 74.0 917.0 777.0 364.0 777.0 710.0 114.0 710.0 972.0 151.0 972.0 
2 7 1.83 1.83 224.0 27.0 224.0 809.0 489.0 809.0 917.0 74.0 917.0 777.0 364.0 777.0 710.0 114.0 710.0 972.0 151.0 972.0 262.0 65.0 262.0 
2 3 1.61 1.61 210.0 59.0 210.0 22.0 18.0 22.0 534.0 275.0 534.0 
2 4 1.82 1.82 210.0 59.0 210.0 22.0 18.0 22.0 534.0 275.0 534.0 195.0 42.0 195.0 
2 3 0.81 0.81 453.0 59.0 453.0 206.0 76.0 206.0 494.0 158.0 494.0 
2 4 1.78 1.78 453.0 59.0 453.0 206.0 76.0 206.0 494.0 158.0 494.0 513.0 494.0 513.0 
2 5 1.85 1.85 453.0 59.0 453.0 206.0 76.0 206.0 494.0 158.0 494.0 513.0 494.0 513.0 200.0 15.0 200.0 
2 3 1.4 1.4 911.0 375.0 911.0 161.0 140.0 161.0 768.0 98.0 768.0 
2 3 1.88 1.88 769.0 495.0 769.0 471.0 285.0 471.0 95.0 60.0 95.0 
2 3 1.03 1.03 863.0 225.0 863.0 265.0 7.0 265.0 753.0 565.0 753.0 
2 4 1.95 1.95 863.0 225.0 863.0 265.0 7.0 265.0 753.0 565.0 753.0 222.0 204.0 222.0 
2 3 1.96 1.96 654.0 527.0 654.0 231.0 154.0 231.0 153.0 76.0 153.0 
2 4 1.97 1.97 654.0 527.0 654.0 231.0 154.0 231.0 153.0 76.0 153.0 501.0 4.0 501.0 
2 3 1.61 1.61 232.0 75.0 232.0 180.0 104.0 180.0 445.0 316.0 445.0 
2 4 1.84 1.84 232.0 75.0 232.0 180.0 104.0 180.0 445.0 316.0 445.0 342.0 79.0 342.0 
2 3 1.16 1.16 50.0 5.0 50.0 273.0 231.0 273.0 630.0 140.0 630.0 
2 4 1.74 1.74 50.0 5.0 50.0 273.0 231.0 273.0 630.0 140.0 630.0 580.0 335.0 580.0 
2 3 1.98 1.98 735.0 631.0 735.0 865.0 452.0 865.0 490.0 297.0 490.0 
2 3 1.24 1.24 996.0 286.0 996.0 90.0 83.0 90.0 909.0 29.0 909.0 
2 4 1.79 1.79 996.0 286.0 996.0 90.0 83.0 90.0 909.0 29.0 909.0 642.0 356.0 642.0 
2 5 1.83 1.83 996.0 286.0 996.0 90.0 83.0 90.0 909.0 29.0 909.0 642.0 356.0 642.0 264.0 10.0 264.0 
2 3 1.39 1.39 724.0 683.0 724.0 358.0 10.0 358.0 710.0 298.0 710.0 
2 3 1.94 1.94 208.0 84.0 208.0 272.0 196.0 272.0 910.0 747.0 910.0 
2 3 1.7 1.7 717.0 74.0 717.0 643.0 430.0 643.0 697.0 650.0 697.0 
2 3 0.88 0.88 6.0 2.0 6.0 97.0 8.0 97.0 34.0 16.0 34.0 
2 4 1.78 1.78 6.0 2.0 6.0 97.0 8.0 97.0 34.0 16.0 34.0 372.0 336.0 372.0 
2 5 1.85 1.85 6.0 2.0 6.0 97.0 8.0 97.0 34.0 16.0 34.0 372.0 336.0 372.0 822.0 54.0 822.0 
2 3 0.73 0.73 246.0 11.0 246.0 615.0 95.0 615.0 757.0 404.0 757.0 
2 4 1.58 1.58 246.0 11.0 246.0 615.0 95.0 615.0 757.0 404.0 757.0 958.0 816.0 958.0 
2 5 1.77 1.77 246.0 11.0 246.0 615.0 95.0 615.0 757.0 404.0 757.0 958.0 816.0 958.0 917.0 171.0 917.0 
2 3 1.19 1.19 671.0 166.0 671.0 33.0 12.0 33.0 873.0 509.0 873.0 
2 3 0.58 0.58 752.0 57.0 752.0 954.0 106.0 954.0 622.0 247.0 622.0 
2 4 1.02 1.02 752.0 57.0 752.0 954.0 106.0 954.0 622.0 247.0 622.0 927.0 411.0 927.0 
2 5 1.9 1.9 752.0 57.0 752.0 954.0 106.0 954.0 622.0 247.0 622.0 927.0 411.0 927.0 471.0 412.0 471.0 
2 3 1.71 1.71 813.0 384.0 813.0 736.0 513.0 736.0 84.0 46.0 84.0 
2 3 1.03 1.03 733.0 96.0 733.0 547.0 354.0 547.0 658.0 166.0 658.0 
2 4 1.65 1.65 733.0 96.0 733.0 547.0 354.0 547.0 658.0 166.0 658.0 285.0 178.0 285.0 
2 3 1.51 1.51 413.0 244.0 413.0 345.0 53.0 345.0 184.0 141.0 184.0 
2 3 1.45 1.45 148.0 127.0 148.0 944.0 37.0 944.0 902.0 499.0 902.0 
2 4 1.96 1.96 148.0 127.0 148.0 944.0 37.0 944.0 902.0 499.0 902.0 945.0 489.0 945.0 
2 3 1.4 1.4 782.0 284.0 782.0 225.0 128.0 225.0 686.0 324.0 686.0 
2 3 1.83 1.83 781.0 667.0 781.0 930.0 231.0 930.0 96.0 70.0 96.0 
2 3 0.67 0.67 932.0 203.0 932.0 992.0 375.0 992.0 377.0 29.0 377.0 
2 4 0.89 0.89 932.0 203.0 932.0 992.0 375.0 992.0 377.0 29.0 377.0 94.0 21.0 94.0 
2 5 1.3 1.3 932.0 203.0 932.0 992.0 375.0 992.0 377.0 29.0 377.0 94.0 21.0 94.0 701.0 288.0 701.0 
2 3 0.87 0.87 173.0 86.0 173.0 820.0 301.0 820.0 842.0 12.0 842.0 
2 4 0.9 0.9 173.0 86.0 173.0 820.0 301.0 820.0 842.0 12.0 842.0 287.0 7.0 287.0 
2 5 1.35 1.35 173.0 86.0 173.0 820.0 301.0 820.0 842.0 12.0 842.0 287.0 7.0 287.0 364.0 164.0 364.0 
2 6 1.52 1.52 173.0 86.0 173.0 820.0 301.0 820.0 842.0 12.0 842.0 287.0 7.0 287.0 364.0 164.0 364.0 411.0 69.0 411.0 
2 7 1.6 1.6 173.0 86.0 173.0 820.0 301.0 820.0 842.0 12.0 842.0 287.0 7.0 287.0 364.0 164.0 364.0 411.0 69.0 411.0 782.0 62.0 782.0 
2 3 1.56 1.56 300.0 229.0 300.0 912.0 365.0 912.0 725.0 289.0 725.0 
2 4 1.64 1.64 300.0 229.0 300.0 912.0 365.0 912.0 725.0 289.0 725.0 912.0 74.0 912.0 
2 5 1.7 1.7 300.0 229.0 300.0 912.0 365.0 912.0 725.0 289.0 725.0 912.0 74.0 912.0 263.0 16.0 263.0 
2 6 1.94 1.94 300.0 229.0 300.0 912.0 365.0 912.0 725.0 289.0 725.0 912.0 74.0 912.0 263.0 16.0 263.0 290.0 69.0 290.0 
2 3 0.66 0.66 168.0 21.0 168.0 474.0 112.0 474.0 388.0 119.0 388.0 
2 4 1.1 1.1 168.0 21.0 168.0 474.0 112.0 474.0 388.0 119.0 388.0 968.0 420.0 968.0 
2 5 1.35 1.35 168.0 21.0 168.0 474.0 112.0 474.0 388.0 119.0 388.0 968.0 420.0 968.0 579.0 144.0 579.0 
2 3 1.86 1.86 582.0 203.0 582.0 637.0 501.0 637.0 859.0 624.0 859.0 
2 3 1.81 1.81 420.0 22.0 420.0 856.0 649.0 856.0 12.0 12.0 12.0 
2 3 1.69 1.69 809.0 379.0 809.0 582.0 233.0 582.0 429.0 353.0 429.0 
2 3 1.39 1.39 486.0 327.0 486.0 613.0 411.0 613.0 570.0 28.0 570.0 
2 3 1.12 1.12 576.0 110.0 576.0 911.0 791.0 911.0 427.0 27.0 427.0 
2 4 1.78 1.78 576.0 110.0 576.0 911.0 791.0 911.0 427.0 27.0 427.0 817.0 541.0 817.0 
2 3 1.73 1.73 205.0 76.0 205.0 630.0 602.0 630.0 459.0 186.0 459.0 
2 3 1.72 1.72 947.0 577.0 947.0 821.0 568.0 821.0 992.0 420.0 992.0 
2 4 1.76 1.76 947.0 577.0 947.0 821.0 568.0 821.0 992.0 420.0 992.0 940.0 36.0 940.0 
2 3 1.24 1.24 674.0 38.0 674.0 241.0 237.0 241.0 160.0 33.0 160.0 
2 4 1.87 1.87 674.0 38.0 674.0 241.0 237.0 241.0 160.0 33.0 160.0 59.0 37.0 59.0 
2 3 1.54 1.54 404.0 402.0 404.0 272.0 39.0 272.0 352.0 144.0 352.0 
2 3 0.84 0.84 53.0 24.0 53.0 359.0 21.0 359.0 6.0 2.0 6.0 
2 4 1.64 1.64 53.0 24.0 53.0 359.0 21.0 359.0 6.0 2.0 6.0 187.0 150.0 187.0 
2 3 1.63 1.63 108.0 79.0 108.0 273.0 28.0 273.0 663.0 529.0 663.0 
2 3 1.42 1.42 375.0 66.0 375.0 870.0 800.0 870.0 697.0 227.0 697.0 
2 3 1.54 1.54 857.0 576.0 857.0 135.0 66.0 135.0 606.0 235.0 606.0 
2 3 0.97 0.97 929.0 320.0 929.0 186.0 23.0 186.0 627.0 318.0 627.0 
2 4 1.08 1.08 929.0 320.0 929.0 186.0 23.0 186.0 627.0 318.0 627.0 861.0 93.0 861.0 
2 5 1.1 1.1 929.0 320.0 929.0 186.0 23.0 186.0 627.0 318.0 627.0 861.0 93.0 861.0 721.0 14.0 721.0 
2 6 1.78 1.78 929.0 320.0 929.0 186.0 23.0 186.0 627.0 318.0 627.0 861.0 93.0 861.0 721.0 14.0 721.0 747.0 512.0 747.0 
2 3 0.95 0.95 500.0 96.0 500.0 814.0 460.0 814.0 409.0 82.0 409.0 
2 4 1.87 1.87 500.0 96.0 500.0 814.0 460.0 814.0 409.0 82.0 409.0 986.0 900.0 986.0 
2 3 1.53 1.53 26.0 19.0 26.0 737.0 461.0 737.0 444.0 79.0 444.0 
2 3 0.63 0.63 636.0 258.0 636.0 95.0 4.0 95.0 855.0 158.0 855.0 
2 4 0.74 0.74 636.0 258.0 636.0 95.0 4.0 95.0 855.0 158.0 855.0 119.0 13.0 119.0 
2 5 1.4 1.4 636.0 258.0 636.0 95.0 4.0 95.0 855.0 158.0 855.0 119.0 13.0 119.0 962.0 637.0 962.0 
2 6 1.74 1.74 636.0 258.0 636.0 95.0 4.0 95.0 855.0 158.0 855.0 119.0 13.0 119.0 962.0 637.0 962.0 828.0 281.0 828.0 
2 3 1.18 1.18 377.0 99.0 377.0 849.0 287.0 849.0 860.0 502.0 860.0 
2 3 1.79 1.79 868.0 504.0 868.0 87.0 35.0 87.0 755.0 613.0 755.0 
2 3 1.41 1.41 658.0 517.0 658.0 755.0 449.0 755.0 716.0 25.0 716.0 
2 4 1.57 1.57 658.0 517.0 658.0 755.0 449.0 755.0 716.0 25.0 716.0 274.0 43.0 274.0 
2 5 1.7 1.7 658.0 517.0 658.0 755.0 449.0 755.0 716.0 25.0 716.0 274.0 43.0 274.0 835.0 108.0 835.0 
2 6 1.88 1.88 658.0 517.0 658.0 755.0 449.0 755.0 716.0 25.0 716.0 274.0 43.0 274.0 835.0 108.0 835.0 604.0 110.0 604.0 
2 3 1.45 1.45 596.0 357.0 596.0 693.0 257.0 693.0 471.0 227.0 471.0 
2 4 1.85 1.85 596.0 357.0 596.0 693.0 257.0 693.0 471.0 227.0 471.0 699.0 281.0 699.0 
2 3 1.98 1.98 515.0 404.0 515.0 555.0 352.0 555.0 251.0 142.0 251.0 
2 3 0.78 0.78 654.0 171.0 654.0 985.0 109.0 985.0 937.0 388.0 937.0 
2 4 0.81 0.81 654.0 171.0 654.0 985.0 109.0 985.0 937.0 388.0 937.0 491.0 15.0 491.0 
2 5 0.91 0.91 654.0 171.0 654.0 985.0 109.0 985.0 937.0 388.0 937.0 491.0 15.0 491.0 180.0 17.0 180.0 
2 6 0.93 0.93 654.0 171.0 654.0 985.0 109.0 985.0 937.0 388.0 937.0 491.0 15.0 491.0 180.0 17.0 180.0 743.0 17.0 743.0 
2 7 1.47 1.47 654.0 171.0 654.0 985.0 109.0 985.0 937.0 388.0 937.0 491.0 15.0 491.0 180.0 17.0 180.0 743.0 17.0 743.0 163.0 88.0 163.0 
2 8 1.62 1.62 654.0 171.0 654.0 985.0 109.0 985.0 937.0 388.0 937.0 491.0 15.0 491.0 180.0 17.0 180.0 743.0 17.0 743.0 163.0 88.0 163.0 79.0 12.0 79.0 
2 9 1.67 1.67 654.0 171.0 654.0 985.0 109.0 985.0 937.0 388.0 937.0 491.0 15.0 491.0 180.0 17.0 180.0 743.0 17.0 743.0 163.0 88.0 163.0 79.0 12.0 79.0 906.0 41.0 906.0 
2 3 1.44 1.44 915.0 513.0 915.0 230.0 126.0 230.0 323.0 110.0 323.0 
2 4 1.64 1.64 915.0 513.0 915.0 230.0 126.0 230.0 323.0 110.0 323.0 778.0 151.0 778.0 
2 5 1.72 1.72 915.0 513.0 915.0 230.0 126.0 230.0 323.0 110.0 323.0 778.0 151.0 778.0 761.0 63.0 761.0 
2 3 1.38 1.38 997.0 783.0 997.0 829.0 147.0 829.0 102.0 43.0 102.0 
2 3 1.72 1.72 90.0 54.0 90.0 183.0 108.0 183.0 527.0 283.0 527.0 
2 3 1.73 1.73 979.0 391.0 979.0 964.0 445.0 964.0 414.0 362.0 414.0 
2 3 1.9 1.9 932.0 811.0 932.0 127.0 33.0 127.0 167.0 130.0 167.0 
2 3 0.59 0.59 404.0 102.0 404.0 205.0 55.0 205.0 911.0 68.0 911.0 
2 4 0.79 0.79 404.0 102.0 404.0 205.0 55.0 205.0 911.0 68.0 911.0 351.0 69.0 351.0 
2 5 0.94 0.94 404.0 102.0 404.0 205.0 55.0 205.0 911.0 68.0 911.0 351.0 69.0 351.0 488.0 74.0 488.0 
2 6 1.62 1.62 404.0 102.0 404.0 205.0 55.0 205.0 911.0 68.0 911.0 351.0 69.0 351.0 488.0 74.0 488.0 996.0 681.0 996.0 
2 3 1.58 1.58 387.0 51.0 387.0 546.0 337.0 546.0 373.0 313.0 373.0 
2 3 1.79 1.79 18.0 16.0 18.0 785.0 144.0 785.0 321.0 231.0 321.0 
2 4 1.91 1.91 18.0 16.0 18.0 785.0 144.0 785.0 321.0 231.0 321.0 992.0 125.0 992.0 
2 3 1.51 1.51 242.0 18.0 242.0 781.0 585.0 781.0 729.0 507.0 729.0 
2 4 1.53 1.53 242.0 18.0 242.0 781.0 585.0 781.0 729.0 507.0 729.0 659.0 12.0 659.0 
2 3 1.02 1.02 608.0 5.0 608.0 141.0 83.0 141.0 126.0 54.0 126.0 
2 4 1.2 1.2 608.0 5.0 608.0 141.0 83.0 141.0 126.0 54.0 126.0 332.0 61.0 332.0 
2 3 1.92 1.92 864.0 752.0 864.0 247.0 63.0 247.0 831.0 664.0 831.0 
2 3 1.79 1.79 998.0 432.0 998.0 691.0 607.0 691.0 662.0 319.0 662.0 
2 3 1.63 1.63 308.0 128.0 308.0 915.0 358.0 915.0 791.0 659.0 791.0 
2 4 1.77 1.77 308.0 128.0 308.0 915.0 358.0 915.0 791.0 659.0 791.0 299.0 41.0 299.0 
2 3 1.56 1.56 139.0 121.0 139.0 803.0 174.0 803.0 617.0 293.0 617.0 
2 3 1.38 1.38 616.0 575.0 616.0 840.0 67.0 840.0 954.0 351.0 954.0 
2 3 1.64 1.64 515.0 474.0 515.0 771.0 303.0 771.0 765.0 251.0 765.0 
2 3 1.52 1.52 236.0 50.0 236.0 562.0 488.0 562.0 29.0 13.0 29.0 
2 3 1.01 1.01 582.0 185.0 582.0 360.0 97.0 360.0 725.0 307.0 725.0 
2 4 1.98 1.98 582.0 185.0 582.0 360.0 97.0 360.0 725.0 307.0 725.0 487.0 476.0 487.0 
2 3 0.87 0.87 431.0 188.0 431.0 86.0 19.0 86.0 993.0 217.0 993.0 
2 4 1.63 1.63 431.0 188.0 431.0 86.0 19.0 86.0 993.0 217.0 993.0 76.0 58.0 76.0 
2 3 1.89 1.89 790.0 341.0 790.0 724.0 516.0 724.0 870.0 653.0 870.0 
2 4 1.93 1.93 790.0 341.0 790.0 724.0 516.0 724.0 870.0 653.0 870.0 732.0 30.0 732.0 
2 3 1.52 1.52 480.0 374.0 480.0 798.0 62.0 798.0 3.0 2.0 3.0 
2 3 1.27 1.27 199.0 53.0 199.0 418.0 230.0 418.0 703.0 324.0 703.0 
2 4 1.6 1.6 199.0 53.0 199.0 418.0 230.0 418.0 703.0 324.0 703.0 620.0 203.0 620.0 
2 5 1.62 1.62 199.0 53.0 199.0 418.0 230.0 418.0 703.0 324.0 703.0 620.0 203.0 620.0 161.0 4.0 161.0 
2 6 1.95 1.95 199.0 53.0 199.0 418.0 230.0 418.0 703.0 324.0 703.0 620.0 203.0 620.0 161.0 4.0 161.0 167.0 55.0 167.0 
2 3 0.75 0.75 798.0 73.0 798.0 554.0 245.0 554.0 611.0 138.0 611.0 
2 4 0.87 0.87 798.0 73.0 798.0 554.0 245.0 554.0 611.0 138.0 611.0 264.0 30.0 264.0 
2 5 1.2 1.2 798.0 73.0 798.0 554.0 245.0 554.0 611.0 138.0 611.0 264.0 30.0 264.0 280.0 94.0 280.0 
2 6 1.77 1.77 798.0 73.0 798.0 554.0 245.0 554.0 611.0 138.0 611.0 264.0 30.0 264.0 280.0 94.0 280.0 417.0 235.0 417.0 
2 7 1.98 1.98 798.0 73.0 798.0 554.0 245.0 554.0 611.0 138.0 611.0 264.0 30.0 264.0 280.0 94.0 280.0 417.0 235.0 417.0 335.0 71.0 335.0 
2 3 1.72 1.72 894.0 286.0 894.0 670.0 346.0 670.0 787.0 702.0 787.0 
2 3 1.99 1.99 527.0 304.0 527.0 775.0 444.0 775.0 166.0 140.0 166.0 
2 3 1.59 1.59 800.0 100.0 800.0 28.0 28.0 28.0 598.0 282.0 598.0 
2 4 1.75 1.75 800.0 100.0 800.0 28.0 28.0 28.0 598.0 282.0 598.0 842.0 132.0 842.0 
2 3 1.62 1.62 406.0 306.0 406.0 215.0 166.0 215.0 665.0 68.0 665.0 
2 3 1.35 1.35 721.0 440.0 721.0 350.0 23.0 350.0 886.0 599.0 886.0 
2 4 1.4 1.4 721.0 440.0 721.0 350.0 23.0 350.0 886.0 599.0 886.0 806.0 41.0 806.0 
2 5 1.97 1.97 721.0 440.0 721.0 350.0 23.0 350.0 886.0 599.0 886.0 806.0 41.0 806.0 326.0 188.0 326.0 
2 3 1.79 1.79 829.0 348.0 829.0 510.0 462.0 510.0 332.0 156.0 332.0 
2 3 1.46 1.46 497.0 252.0 497.0 962.0 152.0 962.0 421.0 337.0 421.0 
2 3 1.95 1.95 139.0 132.0 139.0 111.0 5.0 111.0 662.0 634.0 662.0 
2 3 1.86 1.86 608.0 552.0 608.0 403.0 281.0 403.0 927.0 245.0 927.0 
2 3 1.1 1.1 168.0 99.0 168.0 830.0 76.0 830.0 681.0 286.0 681.0 
2 4 1.53 1.53 168.0 99.0 168.0 830.0 76.0 830.0 681.0 286.0 681.0 399.0 172.0 399.0 
2 3 1.5 1.5 780.0 88.0 780.0 155.0 121.0 155.0 329.0 201.0 329.0 
2 3 1.91 1.91 575.0 537.0 575.0 157.0 58.0 157.0 198.0 121.0 198.0 
2 3 0.96 0.96 563.0 195.0 563.0 931.0 158.0 931.0 666.0 300.0 666.0 
2 4 1.22 1.22 563.0 195.0 563.0 931.0 158.0 931.0 666.0 300.0 666.0 558.0 147.0 558.0 
