2 3 1.36 1.36 79.0 23.0 79.0 415.0 214.0 415.0 506.0 283.0 506.0 
2 4 1.87 1.87 79.0 23.0 79.0 415.0 214.0 415.0 506.0 283.0 506.0 121.0 61.0 121.0 
2 5 1.95 1.95 79.0 23.0 79.0 415.0 214.0 415.0 506.0 283.0 506.0 121.0 61.0 121.0 234.0 21.0 234.0 
2 3 1.1 1.1 947.0 276.0 947.0 155.0 13.0 155.0 231.0 168.0 231.0 
2 4 1.96 1.96 947.0 276.0 947.0 155.0 13.0 155.0 231.0 168.0 231.0 71.0 61.0 71.0 
2 3 0.62 0.62 321.0 4.0 321.0 109.0 6.0 109.0 129.0 72.0 129.0 
2 4 1.15 1.15 321.0 4.0 321.0 109.0 6.0 109.0 129.0 72.0 129.0 246.0 131.0 246.0 
2 5 1.83 1.83 321.0 4.0 321.0 109.0 6.0 109.0 129.0 72.0 129.0 246.0 131.0 246.0 785.0 532.0 785.0 
2 3 1.41 1.41 913.0 292.0 913.0 754.0 209.0 754.0 463.0 381.0 463.0 
2 4 1.91 1.91 913.0 292.0 913.0 754.0 209.0 754.0 463.0 381.0 463.0 558.0 274.0 558.0 
2 3 1.76 1.76 144.0 64.0 144.0 728.0 612.0 728.0 585.0 281.0 585.0 
2 3 1.96 1.96 12.0 7.0 12.0 650.0 607.0 650.0 496.0 221.0 496.0 
2 3 1.64 1.64 852.0 703.0 852.0 719.0 537.0 719.0 636.0 44.0 636.0 
2 3 1.66 1.66 934.0 635.0 934.0 897.0 487.0 897.0 427.0 188.0 427.0 
2 4 1.75 1.75 934.0 635.0 934.0 897.0 487.0 897.0 427.0 188.0 427.0 146.0 14.0 146.0 
2 5 1.86 1.86 934.0 635.0 934.0 897.0 487.0 897.0 427.0 188.0 427.0 146.0 14.0 146.0 641.0 67.0 641.0 
2 3 1.37 1.37 263.0 181.0 263.0 732.0 29.0 732.0 455.0 294.0 455.0 
2 3 1.45 1.45 721.0 233.0 721.0 100.0 59.0 100.0 242.0 130.0 242.0 
2 4 1.76 1.76 721.0 233.0 721.0 100.0 59.0 100.0 242.0 130.0 242.0 598.0 190.0 598.0 
2 3 1.43 1.43 215.0 206.0 215.0 289.0 49.0 289.0 693.0 213.0 693.0 
2 3 1.72 1.72 349.0 225.0 349.0 499.0 429.0 499.0 138.0 31.0 138.0 
2 3 1.3 1.3 319.0 65.0 319.0 550.0 367.0 550.0 39.0 17.0 39.0 
2 3 1.92 1.92 966.0 600.0 966.0 784.0 496.0 784.0 473.0 318.0 473.0 
2 3 1.91 1.91 248.0 78.0 248.0 305.0 228.0 305.0 901.0 772.0 901.0 
2 3 1.28 1.28 791.0 447.0 791.0 961.0 30.0 961.0 585.0 400.0 585.0 
2 4 1.56 1.56 791.0 447.0 791.0 961.0 30.0 961.0 585.0 400.0 585.0 14.0 4.0 14.0 
2 5 1.69 1.69 791.0 447.0 791.0 961.0 30.0 961.0 585.0 400.0 585.0 14.0 4.0 14.0 558.0 73.0 558.0 
2 3 1.6 1.6 736.0 596.0 736.0 108.0 70.0 108.0 667.0 96.0 667.0 
2 3 1.88 1.88 470.0 209.0 470.0 550.0 471.0 550.0 415.0 242.0 415.0 
2 3 1.64 1.64 251.0 23.0 251.0 789.0 484.0 789.0 319.0 299.0 319.0 
2 3 1.73 1.73 796.0 412.0 796.0 678.0 184.0 678.0 262.0 249.0 262.0 
2 4 1.98 1.98 796.0 412.0 796.0 678.0 184.0 678.0 262.0 249.0 262.0 394.0 95.0 394.0 
2 3 1.02 1.02 172.0 74.0 172.0 771.0 254.0 771.0 743.0 195.0 743.0 
2 4 1.56 1.56 172.0 74.0 172.0 771.0 254.0 771.0 743.0 195.0 743.0 743.0 402.0 743.0 
2 3 1.86 1.86 86.0 76.0 86.0 208.0 155.0 208.0 186.0 43.0 186.0 
2 3 1.55 1.55 83.0 46.0 83.0 164.0 109.0 164.0 671.0 227.0 671.0 
2 3 1.59 1.59 531.0 72.0 531.0 513.0 257.0 513.0 580.0 554.0 580.0 
2 3 1.76 1.76 710.0 501.0 710.0 93.0 87.0 93.0 518.0 62.0 518.0 
2 4 1.89 1.89 710.0 501.0 710.0 93.0 87.0 93.0 518.0 62.0 518.0 301.0 39.0 301.0 
2 3 0.86 0.86 202.0 18.0 202.0 423.0 5.0 423.0 244.0 186.0 244.0 
2 4 1.5 1.5 202.0 18.0 202.0 423.0 5.0 423.0 244.0 186.0 244.0 552.0 355.0 552.0 
2 3 0.87 0.87 179.0 7.0 179.0 359.0 200.0 359.0 429.0 119.0 429.0 
2 4 1.29 1.29 179.0 7.0 179.0 359.0 200.0 359.0 429.0 119.0 429.0 797.0 336.0 797.0 
2 5 1.52 1.52 179.0 7.0 179.0 359.0 200.0 359.0 429.0 119.0 429.0 797.0 336.0 797.0 95.0 22.0 95.0 
2 6 1.54 1.54 179.0 7.0 179.0 359.0 200.0 359.0 429.0 119.0 429.0 797.0 336.0 797.0 95.0 22.0 95.0 416.0 7.0 416.0 
2 3 1.63 1.63 795.0 420.0 795.0 720.0 132.0 720.0 176.0 162.0 176.0 
2 3 1.89 1.89 156.0 96.0 156.0 926.0 656.0 926.0 359.0 206.0 359.0 
2 3 1.38 1.38 827.0 400.0 827.0 876.0 335.0 876.0 695.0 360.0 695.0 
2 4 1.94 1.94 827.0 400.0 827.0 876.0 335.0 876.0 695.0 360.0 695.0 380.0 215.0 380.0 
2 3 1.79 1.79 402.0 102.0 402.0 513.0 387.0 513.0 511.0 402.0 511.0 
2 3 1.44 1.44 816.0 268.0 816.0 254.0 111.0 254.0 744.0 502.0 744.0 
2 3 1.8 1.8 830.0 537.0 830.0 142.0 91.0 142.0 403.0 207.0 403.0 
2 3 1.7 1.7 973.0 715.0 973.0 348.0 106.0 348.0 524.0 350.0 524.0 
2 4 1.72 1.72 973.0 715.0 973.0 348.0 106.0 348.0 524.0 350.0 524.0 711.0 9.0 711.0 
2 3 1.38 1.38 890.0 87.0 890.0 285.0 188.0 285.0 433.0 271.0 433.0 
2 3 1.95 1.95 239.0 238.0 239.0 613.0 571.0 613.0 215.0 7.0 215.0 
2 3 1.81 1.81 114.0 73.0 114.0 920.0 483.0 920.0 88.0 57.0 88.0 
2 4 1.84 1.84 114.0 73.0 114.0 920.0 483.0 920.0 88.0 57.0 88.0 658.0 24.0 658.0 
2 5 1.94 1.94 114.0 73.0 114.0 920.0 483.0 920.0 88.0 57.0 88.0 658.0 24.0 658.0 123.0 12.0 123.0 
2 3 1.02 1.02 949.0 21.0 949.0 31.0 18.0 31.0 380.0 161.0 380.0 
2 4 1.34 1.34 949.0 21.0 949.0 31.0 18.0 31.0 380.0 161.0 380.0 172.0 55.0 172.0 
2 3 1.18 1.18 64.0 29.0 64.0 388.0 173.0 388.0 498.0 140.0 498.0 
2 4 1.85 1.85 64.0 29.0 64.0 388.0 173.0 388.0 498.0 140.0 498.0 929.0 629.0 929.0 
2 3 1.18 1.18 124.0 41.0 124.0 501.0 385.0 501.0 497.0 44.0 497.0 
2 4 1.75 1.75 124.0 41.0 124.0 501.0 385.0 501.0 497.0 44.0 497.0 958.0 546.0 958.0 
2 3 1.99 1.99 616.0 410.0 616.0 563.0 417.0 563.0 915.0 542.0 915.0 
2 3 1.77 1.77 839.0 251.0 839.0 877.0 594.0 877.0 429.0 341.0 429.0 
2 3 1.33 1.33 772.0 281.0 772.0 691.0 576.0 691.0 22.0 3.0 22.0 
2 3 1.82 1.82 838.0 837.0 838.0 250.0 16.0 250.0 953.0 727.0 953.0 
2 3 1.42 1.42 128.0 38.0 128.0 797.0 428.0 797.0 103.0 61.0 103.0 
2 3 1.59 1.59 66.0 54.0 66.0 781.0 518.0 781.0 213.0 25.0 213.0 
2 3 1.83 1.83 781.0 469.0 781.0 248.0 151.0 248.0 319.0 200.0 319.0 
2 3 1.46 1.46 716.0 284.0 716.0 940.0 580.0 940.0 194.0 88.0 194.0 
2 3 1.19 1.19 673.0 374.0 673.0 599.0 11.0 599.0 801.0 501.0 801.0 
2 4 1.74 1.74 673.0 374.0 673.0 599.0 11.0 599.0 801.0 501.0 801.0 436.0 239.0 436.0 
2 3 1.91 1.91 410.0 218.0 410.0 335.0 169.0 335.0 809.0 713.0 809.0 
2 3 1.83 1.83 104.0 39.0 104.0 968.0 498.0 968.0 575.0 544.0 575.0 
2 3 1.84 1.84 180.0 113.0 180.0 729.0 249.0 729.0 399.0 351.0 399.0 
2 3 1.31 1.31 164.0 8.0 164.0 976.0 512.0 976.0 768.0 568.0 768.0 
2 3 1.93 1.93 800.0 742.0 800.0 900.0 596.0 900.0 737.0 258.0 737.0 
2 3 1.23 1.23 163.0 6.0 163.0 820.0 321.0 820.0 944.0 764.0 944.0 
2 4 1.82 1.82 163.0 6.0 163.0 820.0 321.0 820.0 944.0 764.0 944.0 496.0 291.0 496.0 
2 3 1.52 1.52 240.0 134.0 240.0 604.0 420.0 604.0 544.0 145.0 544.0 
2 3 1.31 1.31 135.0 27.0 135.0 978.0 680.0 978.0 108.0 45.0 108.0 
2 4 1.78 1.78 135.0 27.0 135.0 978.0 680.0 978.0 108.0 45.0 108.0 957.0 454.0 957.0 
2 3 1.55 1.55 282.0 11.0 282.0 701.0 417.0 701.0 955.0 880.0 955.0 
2 3 1.73 1.73 196.0 117.0 196.0 726.0 710.0 726.0 319.0 50.0 319.0 
2 3 1.45 1.45 730.0 379.0 730.0 159.0 121.0 159.0 465.0 82.0 465.0 
2 3 1.83 1.83 252.0 229.0 252.0 354.0 89.0 354.0 91.0 61.0 91.0 
2 3 1.51 1.51 648.0 435.0 648.0 30.0 20.0 30.0 144.0 25.0 144.0 
2 4 1.59 1.59 648.0 435.0 648.0 30.0 20.0 30.0 144.0 25.0 144.0 304.0 26.0 304.0 
2 3 1.05 1.05 939.0 148.0 939.0 67.0 17.0 67.0 643.0 412.0 643.0 
2 4 1.27 1.27 939.0 148.0 939.0 67.0 17.0 67.0 643.0 412.0 643.0 18.0 4.0 18.0 
2 5 1.6 1.6 939.0 148.0 939.0 67.0 17.0 67.0 643.0 412.0 643.0 18.0 4.0 18.0 442.0 148.0 442.0 
2 6 1.79 1.79 939.0 148.0 939.0 67.0 17.0 67.0 643.0 412.0 643.0 18.0 4.0 18.0 442.0 148.0 442.0 579.0 108.0 579.0 
2 3 1.21 1.21 690.0 589.0 690.0 792.0 102.0 792.0 403.0 93.0 403.0 
2 4 1.83 1.83 690.0 589.0 690.0 792.0 102.0 792.0 403.0 93.0 403.0 913.0 572.0 913.0 
2 3 0.65 0.65 555.0 186.0 555.0 233.0 73.0 233.0 925.0 6.0 925.0 
2 4 1.31 1.31 555.0 186.0 555.0 233.0 73.0 233.0 925.0 6.0 925.0 809.0 532.0 809.0 
2 3 1.5 1.5 665.0 131.0 665.0 659.0 416.0 659.0 746.0 506.0 746.0 
2 4 1.97 1.97 665.0 131.0 665.0 659.0 416.0 659.0 746.0 506.0 746.0 918.0 434.0 918.0 
2 3 1.7 1.7 194.0 112.0 194.0 955.0 452.0 955.0 184.0 121.0 184.0 
2 3 1.39 1.39 191.0 128.0 191.0 26.0 18.0 26.0 601.0 22.0 601.0 
2 3 1.75 1.75 875.0 513.0 875.0 465.0 309.0 465.0 639.0 320.0 639.0 
2 3 1.29 1.29 894.0 330.0 894.0 255.0 11.0 255.0 43.0 38.0 43.0 
2 4 1.58 1.58 894.0 330.0 894.0 255.0 11.0 255.0 43.0 38.0 43.0 189.0 54.0 189.0 
2 3 1.63 1.63 970.0 728.0 970.0 644.0 180.0 644.0 248.0 151.0 248.0 
2 4 1.84 1.84 970.0 728.0 970.0 644.0 180.0 644.0 248.0 151.0 248.0 504.0 105.0 504.0 
2 3 1.5 1.5 252.0 224.0 252.0 948.0 436.0 948.0 220.0 34.0 220.0 
2 3 1.94 1.94 359.0 218.0 359.0 395.0 289.0 395.0 209.0 126.0 209.0 
2 3 1.16 1.16 807.0 337.0 807.0 544.0 359.0 544.0 884.0 73.0 884.0 
2 4 1.92 1.92 807.0 337.0 807.0 544.0 359.0 544.0 884.0 73.0 884.0 312.0 238.0 312.0 
2 3 0.97 0.97 233.0 107.0 233.0 75.0 3.0 75.0 222.0 106.0 222.0 
2 4 1.96 1.96 233.0 107.0 233.0 75.0 3.0 75.0 222.0 106.0 222.0 490.0 484.0 490.0 
2 3 1.81 1.81 645.0 455.0 645.0 394.0 191.0 394.0 808.0 503.0 808.0 
2 3 1.4 1.4 441.0 65.0 441.0 607.0 323.0 607.0 165.0 120.0 165.0 
2 4 1.98 1.98 441.0 65.0 441.0 607.0 323.0 607.0 165.0 120.0 165.0 210.0 121.0 210.0 
2 3 1.39 1.39 69.0 68.0 69.0 62.0 2.0 62.0 872.0 328.0 872.0 
2 4 1.96 1.96 69.0 68.0 69.0 62.0 2.0 62.0 872.0 328.0 872.0 586.0 334.0 586.0 
2 3 1.83 1.83 185.0 89.0 185.0 860.0 705.0 860.0 181.0 97.0 181.0 
2 3 1.67 1.67 607.0 493.0 607.0 415.0 19.0 415.0 643.0 528.0 643.0 
2 3 1.77 1.77 632.0 409.0 632.0 212.0 144.0 212.0 837.0 373.0 837.0 
2 3 1.61 1.61 509.0 479.0 509.0 358.0 226.0 358.0 328.0 15.0 328.0 
2 3 1.79 1.79 460.0 40.0 460.0 686.0 569.0 686.0 707.0 623.0 707.0 
2 3 1.59 1.59 999.0 602.0 999.0 469.0 32.0 469.0 91.0 84.0 91.0 
2 3 1.64 1.64 854.0 148.0 854.0 546.0 340.0 546.0 869.0 735.0 869.0 
2 3 0.33 0.33 246.0 27.0 246.0 64.0 1.0 64.0 112.0 24.0 112.0 
2 4 0.83 0.83 246.0 27.0 246.0 64.0 1.0 64.0 112.0 24.0 112.0 824.0 411.0 824.0 
2 5 1.71 1.71 246.0 27.0 246.0 64.0 1.0 64.0 112.0 24.0 112.0 824.0 411.0 824.0 841.0 736.0 841.0 
2 3 1.75 1.75 672.0 336.0 672.0 968.0 525.0 968.0 637.0 451.0 637.0 
2 4 1.77 1.77 672.0 336.0 672.0 968.0 525.0 968.0 637.0 451.0 637.0 494.0 14.0 494.0 
2 3 1.15 1.15 307.0 130.0 307.0 640.0 28.0 640.0 572.0 396.0 572.0 
2 4 1.74 1.74 307.0 130.0 307.0 640.0 28.0 640.0 572.0 396.0 572.0 677.0 395.0 677.0 
2 3 1.96 1.96 471.0 395.0 471.0 181.0 56.0 181.0 933.0 766.0 933.0 
2 3 1.57 1.57 317.0 301.0 317.0 293.0 32.0 293.0 720.0 371.0 720.0 
2 3 1.56 1.56 878.0 205.0 878.0 540.0 357.0 540.0 973.0 652.0 973.0 
2 3 1.36 1.36 708.0 665.0 708.0 386.0 77.0 386.0 886.0 199.0 886.0 
2 4 1.71 1.71 708.0 665.0 708.0 386.0 77.0 386.0 886.0 199.0 886.0 536.0 191.0 536.0 
2 3 1.62 1.62 757.0 691.0 757.0 97.0 60.0 97.0 458.0 42.0 458.0 
2 4 1.64 1.64 757.0 691.0 757.0 97.0 60.0 97.0 458.0 42.0 458.0 53.0 1.0 53.0 
2 3 1.8 1.8 781.0 207.0 781.0 792.0 754.0 792.0 299.0 175.0 299.0 
2 3 1.83 1.83 97.0 90.0 97.0 662.0 129.0 662.0 250.0 179.0 250.0 
2 3 0.69 0.69 931.0 279.0 931.0 451.0 91.0 451.0 558.0 107.0 558.0 
2 4 1.55 1.55 931.0 279.0 931.0 451.0 91.0 451.0 558.0 107.0 558.0 248.0 214.0 248.0 
2 5 1.84 1.84 931.0 279.0 931.0 451.0 91.0 451.0 558.0 107.0 558.0 248.0 214.0 248.0 800.0 231.0 800.0 
2 6 1.99 1.99 931.0 279.0 931.0 451.0 91.0 451.0 558.0 107.0 558.0 248.0 214.0 248.0 800.0 231.0 800.0 971.0 141.0 971.0 
2 3 1.45 1.45 457.0 74.0 457.0 16.0 15.0 16.0 755.0 265.0 755.0 
2 3 1.93 1.93 364.0 250.0 364.0 704.0 701.0 704.0 602.0 149.0 602.0 
2 3 1.72 1.72 36.0 8.0 36.0 325.0 239.0 325.0 627.0 480.0 627.0 
2 3 1.73 1.73 73.0 49.0 73.0 774.0 552.0 774.0 770.0 271.0 770.0 
2 3 1.61 1.61 49.0 10.0 49.0 387.0 302.0 387.0 219.0 137.0 219.0 
2 3 0.99 0.99 417.0 279.0 417.0 15.0 4.0 15.0 49.0 3.0 49.0 
2 4 1.73 1.73 417.0 279.0 417.0 15.0 4.0 15.0 49.0 3.0 49.0 476.0 350.0 476.0 
2 3 1.99 1.99 182.0 153.0 182.0 729.0 482.0 729.0 881.0 436.0 881.0 
2 3 1.56 1.56 877.0 418.0 877.0 775.0 549.0 775.0 951.0 359.0 951.0 
2 4 1.7 1.7 877.0 418.0 877.0 775.0 549.0 775.0 951.0 359.0 951.0 111.0 16.0 111.0 
2 3 1.77 1.77 123.0 86.0 123.0 287.0 158.0 287.0 325.0 172.0 325.0 
2 3 1.63 1.63 693.0 369.0 693.0 82.0 48.0 82.0 661.0 344.0 661.0 
2 4 1.99 1.99 693.0 369.0 693.0 82.0 48.0 82.0 661.0 344.0 661.0 716.0 255.0 716.0 
2 3 0.9 0.9 252.0 161.0 252.0 301.0 37.0 301.0 292.0 43.0 292.0 
2 4 1.57 1.57 252.0 161.0 252.0 301.0 37.0 301.0 292.0 43.0 292.0 909.0 607.0 909.0 
2 5 1.96 1.96 252.0 161.0 252.0 301.0 37.0 301.0 292.0 43.0 292.0 909.0 607.0 909.0 664.0 255.0 664.0 
2 3 1.22 1.22 399.0 161.0 399.0 844.0 457.0 844.0 407.0 115.0 407.0 
2 4 1.51 1.51 399.0 161.0 399.0 844.0 457.0 844.0 407.0 115.0 407.0 586.0 168.0 586.0 
2 3 1.89 1.89 930.0 27.0 930.0 378.0 369.0 378.0 628.0 560.0 628.0 
2 3 1.5 1.5 855.0 220.0 855.0 767.0 550.0 767.0 55.0 29.0 55.0 
2 3 1.67 1.67 511.0 142.0 511.0 605.0 503.0 605.0 787.0 442.0 787.0 
2 3 1.84 1.84 819.0 386.0 819.0 915.0 409.0 915.0 264.0 244.0 264.0 
2 3 1.91 1.91 536.0 226.0 536.0 695.0 553.0 695.0 787.0 546.0 787.0 
2 3 1.62 1.62 878.0 262.0 878.0 624.0 453.0 624.0 581.0 347.0 581.0 
2 4 1.75 1.75 878.0 262.0 878.0 624.0 453.0 624.0 581.0 347.0 581.0 402.0 55.0 402.0 
2 5 1.8 1.8 878.0 262.0 878.0 624.0 453.0 624.0 581.0 347.0 581.0 402.0 55.0 402.0 44.0 2.0 44.0 
2 3 1.48 1.48 230.0 159.0 230.0 754.0 382.0 754.0 684.0 196.0 684.0 
2 3 1.89 1.89 370.0 237.0 370.0 633.0 545.0 633.0 641.0 251.0 641.0 
2 3 1.33 1.33 66.0 1.0 66.0 857.0 627.0 857.0 145.0 85.0 145.0 
2 3 1.92 1.92 884.0 445.0 884.0 621.0 450.0 621.0 730.0 507.0 730.0 
2 3 0.97 0.97 591.0 213.0 591.0 419.0 9.0 419.0 180.0 107.0 180.0 
2 4 1.72 1.72 591.0 213.0 591.0 419.0 9.0 419.0 180.0 107.0 180.0 20.0 15.0 20.0 
2 5 1.88 1.88 591.0 213.0 591.0 419.0 9.0 419.0 180.0 107.0 180.0 20.0 15.0 20.0 758.0 117.0 758.0 
2 3 0.73 0.73 523.0 68.0 523.0 421.0 33.0 421.0 347.0 181.0 347.0 
2 4 1.28 1.28 523.0 68.0 523.0 421.0 33.0 421.0 347.0 181.0 347.0 898.0 499.0 898.0 
2 5 1.88 1.88 523.0 68.0 523.0 421.0 33.0 421.0 347.0 181.0 347.0 898.0 499.0 898.0 828.0 496.0 828.0 
2 6 1.97 1.97 523.0 68.0 523.0 421.0 33.0 421.0 347.0 181.0 347.0 898.0 499.0 898.0 828.0 496.0 828.0 428.0 38.0 428.0 
2 3 1.86 1.86 623.0 419.0 623.0 114.0 63.0 114.0 340.0 218.0 340.0 
2 3 1.21 1.21 643.0 323.0 643.0 721.0 418.0 721.0 446.0 60.0 446.0 
2 4 1.81 1.81 643.0 323.0 643.0 721.0 418.0 721.0 446.0 60.0 446.0 114.0 68.0 114.0 
2 3 1.17 1.17 263.0 73.0 263.0 507.0 324.0 507.0 847.0 223.0 847.0 
2 3 0.85 0.85 327.0 171.0 327.0 74.0 13.0 74.0 426.0 68.0 426.0 
2 4 1.57 1.57 327.0 171.0 327.0 74.0 13.0 74.0 426.0 68.0 426.0 628.0 447.0 628.0 
2 3 1.49 1.49 879.0 176.0 879.0 745.0 516.0 745.0 547.0 331.0 547.0 
2 4 1.71 1.71 879.0 176.0 879.0 745.0 516.0 745.0 547.0 331.0 547.0 435.0 93.0 435.0 
2 5 1.93 1.93 879.0 176.0 879.0 745.0 516.0 745.0 547.0 331.0 547.0 435.0 93.0 435.0 829.0 186.0 829.0 
2 3 0.76 0.76 968.0 210.0 968.0 13.0 6.0 13.0 895.0 74.0 895.0 
2 4 1.32 1.32 968.0 210.0 968.0 13.0 6.0 13.0 895.0 74.0 895.0 882.0 493.0 882.0 
2 3 1.98 1.98 495.0 346.0 495.0 633.0 621.0 633.0 50.0 15.0 50.0 
2 3 1.44 1.44 39.0 14.0 39.0 50.0 5.0 50.0 562.0 555.0 562.0 
2 3 1.98 1.98 932.0 560.0 932.0 631.0 295.0 631.0 205.0 188.0 205.0 
2 3 1.65 1.65 88.0 51.0 88.0 182.0 182.0 182.0 240.0 18.0 240.0 
2 3 1.45 1.45 263.0 169.0 263.0 113.0 60.0 113.0 578.0 160.0 578.0 
2 3 0.94 0.94 401.0 21.0 401.0 337.0 288.0 337.0 367.0 13.0 367.0 
2 4 1.38 1.38 401.0 21.0 401.0 337.0 288.0 337.0 367.0 13.0 367.0 755.0 332.0 755.0 
2 5 1.9 1.9 401.0 21.0 401.0 337.0 288.0 337.0 367.0 13.0 367.0 755.0 332.0 755.0 537.0 280.0 537.0 
2 3 1.67 1.67 456.0 261.0 456.0 109.0 39.0 109.0 319.0 238.0 319.0 
2 3 0.87 0.87 193.0 145.0 193.0 929.0 105.0 929.0 65.0 1.0 65.0 
2 4 1.71 1.71 193.0 145.0 193.0 929.0 105.0 929.0 65.0 1.0 65.0 525.0 436.0 525.0 
2 3 1.37 1.37 78.0 42.0 78.0 629.0 421.0 629.0 745.0 124.0 745.0 
2 4 1.95 1.95 78.0 42.0 78.0 629.0 421.0 629.0 745.0 124.0 745.0 863.0 498.0 863.0 
2 3 1.84 1.84 237.0 55.0 237.0 655.0 531.0 655.0 403.0 324.0 403.0 
2 3 1.09 1.09 503.0 81.0 503.0 656.0 548.0 656.0 936.0 88.0 936.0 
2 4 1.63 1.63 503.0 81.0 503.0 656.0 548.0 656.0 936.0 88.0 936.0 81.0 44.0 81.0 
2 3 1.26 1.26 853.0 72.0 853.0 959.0 807.0 959.0 100.0 34.0 100.0 
2 4 1.73 1.73 853.0 72.0 853.0 959.0 807.0 959.0 100.0 34.0 100.0 728.0 339.0 728.0 
2 3 1.89 1.89 672.0 669.0 672.0 286.0 15.0 286.0 888.0 749.0 888.0 
2 3 1.94 1.94 935.0 376.0 935.0 611.0 592.0 611.0 883.0 511.0 883.0 
2 3 1.55 1.55 171.0 32.0 171.0 996.0 612.0 996.0 658.0 494.0 658.0 
2 3 1.28 1.28 707.0 421.0 707.0 982.0 668.0 982.0 743.0 6.0 743.0 
2 4 1.92 1.92 707.0 421.0 707.0 982.0 668.0 982.0 743.0 6.0 743.0 829.0 533.0 829.0 
2 5 1.93 1.93 707.0 421.0 707.0 982.0 668.0 982.0 743.0 6.0 743.0 829.0 533.0 829.0 203.0 1.0 203.0 
2 3 1.18 1.18 632.0 4.0 632.0 166.0 92.0 166.0 713.0 442.0 713.0 
2 4 1.93 1.93 632.0 4.0 632.0 166.0 92.0 166.0 713.0 442.0 713.0 223.0 168.0 223.0 
2 3 1.57 1.57 471.0 252.0 471.0 244.0 91.0 244.0 688.0 460.0 688.0 
2 3 1.5 1.5 340.0 195.0 340.0 376.0 276.0 376.0 588.0 114.0 588.0 
2 3 1.98 1.98 193.0 190.0 193.0 973.0 731.0 973.0 801.0 202.0 801.0 
2 3 1.88 1.88 398.0 350.0 398.0 410.0 287.0 410.0 782.0 236.0 782.0 
2 3 0.68 0.68 618.0 12.0 618.0 214.0 12.0 214.0 46.0 28.0 46.0 
2 4 0.79 0.79 618.0 12.0 618.0 214.0 12.0 214.0 46.0 28.0 46.0 595.0 64.0 595.0 
2 5 0.99 0.99 618.0 12.0 618.0 214.0 12.0 214.0 46.0 28.0 46.0 595.0 64.0 595.0 651.0 130.0 651.0 
2 6 1.31 1.31 618.0 12.0 618.0 214.0 12.0 214.0 46.0 28.0 46.0 595.0 64.0 595.0 651.0 130.0 651.0 991.0 318.0 991.0 
2 7 1.85 1.85 618.0 12.0 618.0 214.0 12.0 214.0 46.0 28.0 46.0 595.0 64.0 595.0 651.0 130.0 651.0 991.0 318.0 991.0 767.0 418.0 767.0 
2 8 1.94 1.94 618.0 12.0 618.0 214.0 12.0 214.0 46.0 28.0 46.0 595.0 64.0 595.0 651.0 130.0 651.0 991.0 318.0 991.0 767.0 418.0 767.0 815.0 72.0 815.0 
2 3 1.44 1.44 904.0 468.0 904.0 194.0 170.0 194.0 186.0 9.0 186.0 
2 3 1.17 1.17 970.0 813.0 970.0 231.0 7.0 231.0 277.0 86.0 277.0 
2 4 1.94 1.94 970.0 813.0 970.0 231.0 7.0 231.0 277.0 86.0 277.0 638.0 486.0 638.0 
2 3 1.15 1.15 206.0 27.0 206.0 343.0 307.0 343.0 245.0 32.0 245.0 
2 4 1.85 1.85 206.0 27.0 206.0 343.0 307.0 343.0 245.0 32.0 245.0 735.0 516.0 735.0 
2 3 1.22 1.22 594.0 145.0 594.0 431.0 319.0 431.0 310.0 74.0 310.0 
2 4 1.36 1.36 594.0 145.0 594.0 431.0 319.0 431.0 310.0 74.0 310.0 374.0 54.0 374.0 
2 3 1.27 1.27 460.0 309.0 460.0 569.0 292.0 569.0 210.0 19.0 210.0 
2 4 1.95 1.95 460.0 309.0 460.0 569.0 292.0 569.0 210.0 19.0 210.0 206.0 140.0 206.0 
2 3 1.86 1.86 324.0 211.0 324.0 956.0 583.0 956.0 302.0 181.0 302.0 
2 3 1.94 1.94 537.0 420.0 537.0 244.0 204.0 244.0 599.0 198.0 599.0 
2 3 1.4 1.4 454.0 267.0 454.0 721.0 37.0 721.0 52.0 40.0 52.0 
2 3 1.74 1.74 211.0 128.0 211.0 304.0 208.0 304.0 624.0 283.0 624.0 
2 3 1.24 1.24 752.0 303.0 752.0 259.0 28.0 259.0 89.0 65.0 89.0 
2 4 1.56 1.56 752.0 303.0 752.0 259.0 28.0 259.0 89.0 65.0 89.0 858.0 278.0 858.0 
2 5 1.87 1.87 752.0 303.0 752.0 259.0 28.0 259.0 89.0 65.0 89.0 858.0 278.0 858.0 758.0 238.0 758.0 
2 3 1.7 1.7 188.0 110.0 188.0 966.0 325.0 966.0 672.0 528.0 672.0 
2 3 1.8 1.8 30.0 13.0 30.0 123.0 103.0 123.0 664.0 354.0 664.0 
2 3 1.66 1.66 345.0 97.0 345.0 688.0 297.0 688.0 705.0 672.0 705.0 
2 3 1.56 1.56 98.0 78.0 98.0 221.0 10.0 221.0 540.0 391.0 540.0 
2 3 1.34 1.34 487.0 385.0 487.0 548.0 121.0 548.0 510.0 171.0 510.0 
2 3 1.75 1.75 327.0 180.0 327.0 982.0 799.0 982.0 684.0 267.0 684.0 
2 3 1.56 1.56 639.0 158.0 639.0 462.0 206.0 462.0 332.0 291.0 332.0 
2 3 1.83 1.83 656.0 520.0 656.0 455.0 200.0 455.0 15.0 9.0 15.0 
2 3 1.72 1.72 541.0 262.0 541.0 758.0 623.0 758.0 386.0 160.0 386.0 
2 3 1.73 1.73 819.0 433.0 819.0 446.0 256.0 446.0 728.0 457.0 728.0 
2 3 0.57 0.57 610.0 104.0 610.0 30.0 9.0 30.0 145.0 15.0 145.0 
2 4 1.06 1.06 610.0 104.0 610.0 30.0 9.0 30.0 145.0 15.0 145.0 940.0 458.0 940.0 
2 5 1.47 1.47 610.0 104.0 610.0 30.0 9.0 30.0 145.0 15.0 145.0 940.0 458.0 940.0 198.0 82.0 198.0 
2 6 1.86 1.86 610.0 104.0 610.0 30.0 9.0 30.0 145.0 15.0 145.0 940.0 458.0 940.0 198.0 82.0 198.0 113.0 44.0 113.0 
2 3 1.6 1.6 623.0 470.0 623.0 999.0 286.0 999.0 30.0 17.0 30.0 
2 3 1.25 1.25 132.0 39.0 132.0 964.0 266.0 964.0 527.0 359.0 527.0 
2 3 1.95 1.95 947.0 585.0 947.0 887.0 645.0 887.0 373.0 226.0 373.0 
2 3 1.11 1.11 847.0 526.0 847.0 721.0 82.0 721.0 905.0 347.0 905.0 
2 3 1.58 1.58 573.0 192.0 573.0 728.0 546.0 728.0 785.0 392.0 785.0 
2 4 1.66 1.66 573.0 192.0 573.0 728.0 546.0 728.0 785.0 392.0 785.0 394.0 30.0 394.0 
2 3 0.35 0.35 184.0 53.0 184.0 145.0 5.0 145.0 979.0 34.0 979.0 
2 4 1.14 1.14 184.0 53.0 184.0 145.0 5.0 145.0 979.0 34.0 979.0 908.0 718.0 908.0 
2 5 1.66 1.66 184.0 53.0 184.0 145.0 5.0 145.0 979.0 34.0 979.0 908.0 718.0 908.0 497.0 259.0 497.0 
2 6 1.68 1.68 184.0 53.0 184.0 145.0 5.0 145.0 979.0 34.0 979.0 908.0 718.0 908.0 497.0 259.0 497.0 999.0 11.0 999.0 
2 3 1.25 1.25 832.0 255.0 832.0 642.0 108.0 642.0 961.0 747.0 961.0 
2 4 1.88 1.88 832.0 255.0 832.0 642.0 108.0 642.0 961.0 747.0 961.0 669.0 423.0 669.0 
2 3 1.47 1.47 96.0 56.0 96.0 473.0 413.0 473.0 364.0 5.0 364.0 
2 3 1.97 1.97 195.0 72.0 195.0 892.0 644.0 892.0 917.0 809.0 917.0 
2 3 1.66 1.66 817.0 583.0 817.0 410.0 5.0 410.0 156.0 147.0 156.0 
2 3 1.68 1.68 788.0 668.0 788.0 875.0 278.0 875.0 978.0 505.0 978.0 
2 3 1.87 1.87 326.0 248.0 326.0 123.0 78.0 123.0 974.0 472.0 974.0 
2 3 1.2 1.2 742.0 382.0 742.0 713.0 402.0 713.0 509.0 63.0 509.0 
2 3 1.44 1.44 725.0 428.0 725.0 143.0 105.0 143.0 544.0 68.0 544.0 
2 3 1.48 1.48 765.0 636.0 765.0 418.0 26.0 418.0 32.0 19.0 32.0 
2 4 1.72 1.72 765.0 636.0 765.0 418.0 26.0 418.0 32.0 19.0 32.0 737.0 175.0 737.0 
2 3 1.87 1.87 892.0 472.0 892.0 112.0 89.0 112.0 582.0 318.0 582.0 
2 3 1.94 1.94 671.0 153.0 671.0 811.0 595.0 811.0 936.0 919.0 936.0 
2 3 1.57 1.57 546.0 382.0 546.0 523.0 411.0 523.0 487.0 43.0 487.0 
2 3 1.11 1.11 562.0 111.0 562.0 51.0 43.0 51.0 870.0 67.0 870.0 
2 4 1.77 1.77 562.0 111.0 562.0 51.0 43.0 51.0 870.0 67.0 870.0 381.0 249.0 381.0 
2 3 1.77 1.77 896.0 786.0 896.0 418.0 32.0 418.0 355.0 292.0 355.0 
2 3 1.46 1.46 645.0 247.0 645.0 934.0 485.0 934.0 529.0 300.0 529.0 
2 3 1.3 1.3 2.0 1.0 2.0 436.0 55.0 436.0 894.0 611.0 894.0 
2 4 1.79 1.79 2.0 1.0 2.0 436.0 55.0 436.0 894.0 611.0 894.0 659.0 317.0 659.0 
2 3 1.01 1.01 394.0 127.0 394.0 724.0 360.0 724.0 62.0 12.0 62.0 
2 4 1.76 1.76 394.0 127.0 394.0 724.0 360.0 724.0 62.0 12.0 62.0 443.0 334.0 443.0 
2 3 1.88 1.88 432.0 88.0 432.0 415.0 393.0 415.0 93.0 68.0 93.0 
2 4 1.96 1.96 432.0 88.0 432.0 415.0 393.0 415.0 93.0 68.0 93.0 441.0 36.0 441.0 
2 3 1.67 1.67 499.0 299.0 499.0 162.0 62.0 162.0 89.0 62.0 89.0 
2 3 1.66 1.66 683.0 262.0 683.0 936.0 836.0 936.0 52.0 20.0 52.0 
2 3 1.73 1.73 952.0 865.0 952.0 584.0 328.0 584.0 128.0 34.0 128.0 
2 3 1.68 1.68 521.0 405.0 521.0 836.0 8.0 836.0 262.0 234.0 262.0 
2 3 1.66 1.66 862.0 343.0 862.0 833.0 560.0 833.0 948.0 564.0 948.0 
2 4 1.69 1.69 862.0 343.0 862.0 833.0 560.0 833.0 948.0 564.0 948.0 279.0 8.0 279.0 
2 3 1.63 1.63 434.0 407.0 434.0 690.0 372.0 690.0 391.0 63.0 391.0 
2 3 1.97 1.97 51.0 11.0 51.0 553.0 515.0 553.0 266.0 219.0 266.0 
2 3 1.3 1.3 831.0 428.0 831.0 24.0 6.0 24.0 786.0 421.0 786.0 
2 4 1.91 1.91 831.0 428.0 831.0 24.0 6.0 24.0 786.0 421.0 786.0 717.0 439.0 717.0 
2 3 1.63 1.63 375.0 253.0 375.0 477.0 244.0 477.0 570.0 253.0 570.0 
2 3 1.47 1.47 924.0 731.0 924.0 846.0 534.0 846.0 951.0 47.0 951.0 
2 3 1.59 1.59 817.0 543.0 817.0 200.0 128.0 200.0 80.0 23.0 80.0 
2 3 1.44 1.44 715.0 186.0 715.0 551.0 349.0 551.0 800.0 444.0 800.0 
2 4 1.46 1.46 715.0 186.0 715.0 551.0 349.0 551.0 800.0 444.0 800.0 368.0 5.0 368.0 
2 5 1.61 1.61 715.0 186.0 715.0 551.0 349.0 551.0 800.0 444.0 800.0 368.0 5.0 368.0 680.0 101.0 680.0 
2 3 1.58 1.58 155.0 11.0 155.0 576.0 473.0 576.0 39.0 27.0 39.0 
2 3 1.26 1.26 495.0 35.0 495.0 868.0 515.0 868.0 220.0 132.0 220.0 
2 4 1.49 1.49 495.0 35.0 495.0 868.0 515.0 868.0 220.0 132.0 220.0 336.0 79.0 336.0 
2 3 1.92 1.92 552.0 261.0 552.0 756.0 744.0 756.0 192.0 90.0 192.0 
2 3 1.52 1.52 772.0 688.0 772.0 206.0 21.0 206.0 455.0 242.0 455.0 
2 3 1.74 1.74 798.0 687.0 798.0 875.0 162.0 875.0 572.0 398.0 572.0 
2 3 1.48 1.48 793.0 126.0 793.0 174.0 75.0 174.0 569.0 510.0 569.0 
2 3 1.6 1.6 245.0 141.0 245.0 807.0 186.0 807.0 10.0 8.0 10.0 
2 3 1.68 1.68 471.0 298.0 471.0 150.0 21.0 150.0 366.0 333.0 366.0 
2 3 1.28 1.28 692.0 4.0 692.0 253.0 128.0 253.0 273.0 210.0 273.0 
2 4 1.97 1.97 692.0 4.0 692.0 253.0 128.0 253.0 273.0 210.0 273.0 49.0 34.0 49.0 
2 3 1.31 1.31 142.0 39.0 142.0 719.0 271.0 719.0 126.0 84.0 126.0 
2 4 1.47 1.47 142.0 39.0 142.0 719.0 271.0 719.0 126.0 84.0 126.0 236.0 36.0 236.0 
2 3 1.77 1.77 819.0 496.0 819.0 64.0 40.0 64.0 578.0 316.0 578.0 
2 3 1.83 1.83 813.0 587.0 813.0 206.0 146.0 206.0 554.0 222.0 554.0 
2 3 1.03 1.03 316.0 37.0 316.0 64.0 23.0 64.0 84.0 47.0 84.0 
2 4 1.57 1.57 316.0 37.0 316.0 64.0 23.0 64.0 84.0 47.0 84.0 947.0 512.0 947.0 
2 3 1.42 1.42 379.0 270.0 379.0 41.0 8.0 41.0 783.0 403.0 783.0 
2 3 1.85 1.85 211.0 176.0 211.0 243.0 123.0 243.0 247.0 127.0 247.0 
2 3 1.94 1.94 628.0 87.0 628.0 914.0 775.0 914.0 424.0 407.0 424.0 
2 3 1.2 1.2 340.0 304.0 340.0 632.0 95.0 632.0 462.0 75.0 462.0 
2 3 1.81 1.81 358.0 277.0 358.0 790.0 228.0 790.0 394.0 297.0 394.0 
2 3 1.58 1.58 233.0 141.0 233.0 452.0 168.0 452.0 245.0 150.0 245.0 
2 3 0.79 0.79 282.0 24.0 282.0 903.0 64.0 903.0 435.0 280.0 435.0 
2 4 1.78 1.78 282.0 24.0 282.0 903.0 64.0 903.0 435.0 280.0 435.0 669.0 659.0 669.0 
2 3 1.15 1.15 70.0 45.0 70.0 622.0 65.0 622.0 160.0 65.0 160.0 
2 4 1.93 1.93 70.0 45.0 70.0 622.0 65.0 622.0 160.0 65.0 160.0 36.0 28.0 36.0 
2 3 1.78 1.78 568.0 410.0 568.0 905.0 671.0 905.0 921.0 297.0 921.0 
2 3 1.66 1.66 453.0 349.0 453.0 224.0 144.0 224.0 817.0 204.0 817.0 
2 4 1.78 1.78 453.0 349.0 453.0 224.0 144.0 224.0 817.0 204.0 817.0 797.0 96.0 797.0 
2 5 1.98 1.98 453.0 349.0 453.0 224.0 144.0 224.0 817.0 204.0 817.0 797.0 96.0 797.0 59.0 12.0 59.0 
2 3 0.9 0.9 627.0 507.0 627.0 353.0 25.0 353.0 879.0 21.0 879.0 
2 4 1.02 1.02 627.0 507.0 627.0 353.0 25.0 353.0 879.0 21.0 879.0 127.0 16.0 127.0 
2 5 1.17 1.17 627.0 507.0 627.0 353.0 25.0 353.0 879.0 21.0 879.0 127.0 16.0 127.0 7.0 1.0 7.0 
2 6 1.55 1.55 627.0 507.0 627.0 353.0 25.0 353.0 879.0 21.0 879.0 127.0 16.0 127.0 7.0 1.0 7.0 105.0 40.0 105.0 
2 3 1.39 1.39 54.0 31.0 54.0 959.0 5.0 959.0 835.0 678.0 835.0 
2 3 1.07 1.07 375.0 204.0 375.0 663.0 35.0 663.0 754.0 361.0 754.0 
2 3 1.46 1.46 45.0 18.0 45.0 627.0 357.0 627.0 565.0 281.0 565.0 
2 3 1.24 1.24 834.0 173.0 834.0 409.0 25.0 409.0 705.0 689.0 705.0 
2 3 1.88 1.88 724.0 669.0 724.0 428.0 4.0 428.0 253.0 242.0 253.0 
2 4 1.97 1.97 724.0 669.0 724.0 428.0 4.0 428.0 253.0 242.0 253.0 734.0 65.0 734.0 
2 3 1.92 1.92 791.0 479.0 791.0 659.0 420.0 659.0 181.0 123.0 181.0 
2 3 1.02 1.02 771.0 66.0 771.0 63.0 9.0 63.0 213.0 169.0 213.0 
2 4 1.06 1.06 771.0 66.0 771.0 63.0 9.0 63.0 213.0 169.0 213.0 22.0 1.0 22.0 
2 3 1.62 1.62 535.0 39.0 535.0 256.0 217.0 256.0 424.0 299.0 424.0 
2 4 1.66 1.66 535.0 39.0 535.0 256.0 217.0 256.0 424.0 299.0 424.0 24.0 1.0 24.0 
2 3 1.55 1.55 917.0 870.0 917.0 805.0 451.0 805.0 478.0 24.0 478.0 
2 3 1.83 1.83 861.0 483.0 861.0 946.0 942.0 946.0 607.0 167.0 607.0 
2 4 1.86 1.86 861.0 483.0 861.0 946.0 942.0 946.0 607.0 167.0 607.0 247.0 7.0 247.0 
2 3 1.51 1.51 403.0 293.0 403.0 994.0 246.0 994.0 251.0 135.0 251.0 
2 4 1.99 1.99 403.0 293.0 403.0 994.0 246.0 994.0 251.0 135.0 251.0 216.0 105.0 216.0 
2 3 1.96 1.96 213.0 17.0 213.0 398.0 369.0 398.0 413.0 394.0 413.0 
2 3 0.97 0.97 294.0 60.0 294.0 212.0 56.0 212.0 239.0 120.0 239.0 
2 4 1.56 1.56 294.0 60.0 294.0 212.0 56.0 212.0 239.0 120.0 239.0 129.0 77.0 129.0 
2 3 0.83 0.83 786.0 80.0 786.0 220.0 3.0 220.0 398.0 285.0 398.0 
2 4 0.93 0.93 786.0 80.0 786.0 220.0 3.0 220.0 398.0 285.0 398.0 10.0 1.0 10.0 
2 5 1.79 1.79 786.0 80.0 786.0 220.0 3.0 220.0 398.0 285.0 398.0 10.0 1.0 10.0 529.0 459.0 529.0 
2 3 1.73 1.73 750.0 410.0 750.0 867.0 771.0 867.0 742.0 221.0 742.0 
2 3 1.39 1.39 836.0 484.0 836.0 235.0 15.0 235.0 767.0 575.0 767.0 
2 3 1.37 1.37 944.0 249.0 944.0 293.0 191.0 293.0 420.0 191.0 420.0 
2 3 1.36 1.36 826.0 368.0 826.0 273.0 106.0 273.0 562.0 298.0 562.0 
2 3 1.5 1.5 402.0 247.0 402.0 515.0 204.0 515.0 785.0 386.0 785.0 
2 3 1.68 1.68 850.0 533.0 850.0 864.0 247.0 864.0 878.0 675.0 878.0 
2 4 1.98 1.98 850.0 533.0 850.0 864.0 247.0 864.0 878.0 675.0 878.0 585.0 175.0 585.0 
2 3 1.33 1.33 752.0 167.0 752.0 432.0 321.0 432.0 922.0 341.0 922.0 
2 4 1.78 1.78 752.0 167.0 752.0 432.0 321.0 432.0 922.0 341.0 922.0 905.0 409.0 905.0 
2 3 1.64 1.64 892.0 599.0 892.0 487.0 108.0 487.0 354.0 265.0 354.0 
2 3 1.77 1.77 14.0 9.0 14.0 527.0 454.0 527.0 535.0 145.0 535.0 
2 3 0.75 0.75 298.0 103.0 298.0 208.0 82.0 208.0 50.0 1.0 50.0 
2 4 1.29 1.29 298.0 103.0 298.0 208.0 82.0 208.0 50.0 1.0 50.0 433.0 231.0 433.0 
2 3 1.42 1.42 530.0 283.0 530.0 133.0 5.0 133.0 839.0 715.0 839.0 
2 4 1.97 1.97 530.0 283.0 530.0 133.0 5.0 133.0 839.0 715.0 839.0 120.0 66.0 120.0 
2 3 1.56 1.56 899.0 109.0 899.0 666.0 526.0 666.0 242.0 159.0 242.0 
2 3 1.46 1.46 553.0 423.0 553.0 129.0 25.0 129.0 500.0 254.0 500.0 
2 3 1.94 1.94 148.0 137.0 148.0 239.0 20.0 239.0 143.0 134.0 143.0 
2 3 1.99 1.99 89.0 39.0 89.0 124.0 115.0 124.0 24.0 15.0 24.0 
2 3 1.58 1.58 657.0 260.0 657.0 302.0 91.0 302.0 605.0 539.0 605.0 
2 3 1.83 1.83 361.0 177.0 361.0 128.0 76.0 128.0 952.0 717.0 952.0 
2 3 1.12 1.12 52.0 8.0 52.0 778.0 738.0 778.0 744.0 18.0 744.0 
2 3 1.58 1.58 852.0 61.0 852.0 947.0 599.0 947.0 170.0 150.0 170.0 
2 3 0.96 0.96 286.0 23.0 286.0 248.0 160.0 248.0 310.0 74.0 310.0 
2 4 1.67 1.67 286.0 23.0 286.0 248.0 160.0 248.0 310.0 74.0 310.0 117.0 83.0 117.0 
2 3 1.89 1.89 49.0 26.0 49.0 487.0 331.0 487.0 144.0 99.0 144.0 
2 3 1.46 1.46 779.0 8.0 779.0 381.0 315.0 381.0 901.0 568.0 901.0 
2 3 1.41 1.41 741.0 354.0 741.0 885.0 779.0 885.0 986.0 58.0 986.0 
2 3 1.82 1.82 819.0 8.0 819.0 445.0 396.0 445.0 829.0 763.0 829.0 
2 3 1.44 1.44 92.0 61.0 92.0 138.0 11.0 138.0 447.0 313.0 447.0 
2 3 1.84 1.84 511.0 457.0 511.0 964.0 691.0 964.0 714.0 164.0 714.0 
2 3 1.29 1.29 193.0 120.0 193.0 356.0 219.0 356.0 564.0 34.0 564.0 
2 3 1.8 1.8 939.0 496.0 939.0 490.0 247.0 490.0 175.0 136.0 175.0 
2 3 1.6 1.6 387.0 227.0 387.0 631.0 554.0 631.0 73.0 10.0 73.0 
2 3 1.06 1.06 122.0 104.0 122.0 260.0 50.0 260.0 941.0 16.0 941.0 
2 4 1.44 1.44 122.0 104.0 122.0 260.0 50.0 260.0 941.0 16.0 941.0 567.0 220.0 567.0 
2 3 1.98 1.98 776.0 569.0 776.0 751.0 531.0 751.0 399.0 216.0 399.0 
2 3 1.49 1.49 306.0 57.0 306.0 7.0 5.0 7.0 190.0 112.0 190.0 
2 4 1.58 1.58 306.0 57.0 306.0 7.0 5.0 7.0 190.0 112.0 190.0 151.0 15.0 151.0 
2 3 1.81 1.81 243.0 141.0 243.0 398.0 291.0 398.0 887.0 446.0 887.0 
2 3 1.38 1.38 392.0 287.0 392.0 950.0 545.0 950.0 53.0 4.0 53.0 
2 3 1.8 1.8 918.0 527.0 918.0 220.0 141.0 220.0 226.0 134.0 226.0 
2 3 1.31 1.31 459.0 67.0 459.0 388.0 272.0 388.0 369.0 173.0 369.0 
2 4 1.87 1.87 459.0 67.0 459.0 388.0 272.0 388.0 369.0 173.0 369.0 847.0 477.0 847.0 
2 3 1.93 1.93 297.0 139.0 297.0 337.0 166.0 337.0 466.0 454.0 466.0 
2 3 1.87 1.87 500.0 136.0 500.0 472.0 354.0 472.0 982.0 836.0 982.0 
2 3 1.96 1.96 672.0 589.0 672.0 385.0 220.0 385.0 523.0 272.0 523.0 
2 3 1.83 1.83 173.0 123.0 173.0 339.0 182.0 339.0 448.0 262.0 448.0 
2 3 1.94 1.94 418.0 339.0 418.0 500.0 332.0 500.0 49.0 23.0 49.0 
2 3 1.92 1.92 590.0 511.0 590.0 890.0 878.0 890.0 805.0 62.0 805.0 
2 3 1.67 1.67 429.0 154.0 429.0 948.0 506.0 948.0 506.0 396.0 506.0 
2 3 1.67 1.67 256.0 156.0 256.0 364.0 248.0 364.0 273.0 104.0 273.0 
2 3 1.56 1.56 590.0 541.0 590.0 790.0 81.0 790.0 118.0 64.0 118.0 
2 3 1.95 1.95 972.0 367.0 972.0 334.0 199.0 334.0 633.0 623.0 633.0 
2 3 1.91 1.91 37.0 32.0 37.0 175.0 90.0 175.0 391.0 210.0 391.0 
2 3 1.92 1.92 419.0 356.0 419.0 232.0 145.0 232.0 925.0 414.0 925.0 
2 3 1.4 1.4 420.0 417.0 420.0 334.0 108.0 334.0 340.0 31.0 340.0 
2 3 1.59 1.59 54.0 11.0 54.0 146.0 107.0 146.0 303.0 198.0 303.0 
2 3 1.34 1.34 946.0 287.0 946.0 397.0 396.0 397.0 862.0 40.0 862.0 
2 3 0.78 0.78 955.0 96.0 955.0 364.0 193.0 364.0 583.0 92.0 583.0 
2 4 1.74 1.74 955.0 96.0 955.0 364.0 193.0 364.0 583.0 92.0 583.0 777.0 744.0 777.0 
2 3 0.97 0.97 298.0 27.0 298.0 793.0 251.0 793.0 570.0 321.0 570.0 
2 4 1.73 1.73 298.0 27.0 298.0 793.0 251.0 793.0 570.0 321.0 570.0 235.0 180.0 235.0 
2 3 1.24 1.24 174.0 66.0 174.0 954.0 650.0 954.0 81.0 15.0 81.0 
2 4 1.94 1.94 174.0 66.0 174.0 954.0 650.0 954.0 81.0 15.0 81.0 395.0 275.0 395.0 
2 3 1.89 1.89 538.0 532.0 538.0 220.0 115.0 220.0 882.0 339.0 882.0 
2 3 1.22 1.22 380.0 57.0 380.0 631.0 68.0 631.0 668.0 646.0 668.0 
2 3 1.84 1.84 903.0 379.0 903.0 864.0 457.0 864.0 56.0 50.0 56.0 
2 3 1.53 1.53 141.0 43.0 141.0 630.0 424.0 630.0 504.0 279.0 504.0 
2 3 1.83 1.83 423.0 295.0 423.0 888.0 188.0 888.0 978.0 910.0 978.0 
2 3 1.72 1.72 618.0 561.0 618.0 256.0 32.0 256.0 870.0 598.0 870.0 
2 4 1.83 1.83 618.0 561.0 618.0 256.0 32.0 256.0 870.0 598.0 870.0 326.0 36.0 326.0 
2 3 1.87 1.87 397.0 286.0 397.0 605.0 188.0 605.0 604.0 512.0 604.0 
2 3 1.52 1.52 801.0 430.0 801.0 721.0 631.0 721.0 177.0 20.0 177.0 
2 4 1.79 1.79 801.0 430.0 801.0 721.0 631.0 721.0 177.0 20.0 177.0 701.0 186.0 701.0 
2 3 1.48 1.48 210.0 132.0 210.0 481.0 366.0 481.0 40.0 4.0 40.0 
2 3 1.69 1.69 683.0 509.0 683.0 497.0 438.0 497.0 158.0 11.0 158.0 
2 3 1.62 1.62 612.0 497.0 612.0 25.0 1.0 25.0 903.0 699.0 903.0 
2 3 1.58 1.58 342.0 93.0 342.0 684.0 409.0 684.0 506.0 360.0 506.0 
2 3 1.81 1.81 896.0 40.0 896.0 482.0 437.0 482.0 15.0 13.0 15.0 
2 3 1.73 1.73 882.0 446.0 882.0 550.0 179.0 550.0 416.0 377.0 416.0 
2 3 1.56 1.56 361.0 82.0 361.0 317.0 306.0 317.0 767.0 282.0 767.0 
2 3 1.15 1.15 245.0 173.0 245.0 583.0 176.0 583.0 552.0 81.0 552.0 
2 4 1.85 1.85 245.0 173.0 245.0 583.0 176.0 583.0 552.0 81.0 552.0 639.0 450.0 639.0 
2 3 1.76 1.76 164.0 132.0 164.0 689.0 659.0 689.0 909.0 3.0 909.0 
2 4 1.99 1.99 164.0 132.0 164.0 689.0 659.0 689.0 909.0 3.0 909.0 489.0 115.0 489.0 
2 3 1.39 1.39 357.0 184.0 357.0 473.0 279.0 473.0 364.0 105.0 364.0 
2 3 1.14 1.14 360.0 211.0 360.0 523.0 23.0 523.0 201.0 104.0 201.0 
2 4 1.93 1.93 360.0 211.0 360.0 523.0 23.0 523.0 201.0 104.0 201.0 342.0 268.0 342.0 
2 3 1.51 1.51 659.0 450.0 659.0 956.0 1.0 956.0 400.0 334.0 400.0 
2 3 1.71 1.71 440.0 356.0 440.0 622.0 555.0 622.0 932.0 14.0 932.0 
2 3 1.63 1.63 511.0 134.0 511.0 918.0 720.0 918.0 429.0 254.0 429.0 
2 3 1.85 1.85 970.0 893.0 970.0 70.0 27.0 70.0 747.0 409.0 747.0 
2 3 1.53 1.53 312.0 114.0 312.0 969.0 217.0 969.0 96.0 91.0 96.0 
2 3 0.8 0.8 372.0 136.0 372.0 648.0 261.0 648.0 262.0 9.0 262.0 
2 4 1.47 1.47 372.0 136.0 372.0 648.0 261.0 648.0 262.0 9.0 262.0 162.0 109.0 162.0 
2 3 1.98 1.98 725.0 505.0 725.0 418.0 256.0 418.0 644.0 438.0 644.0 
2 3 1.69 1.69 52.0 31.0 52.0 998.0 499.0 998.0 25.0 15.0 25.0 
2 3 1.06 1.06 898.0 56.0 898.0 571.0 503.0 571.0 16.0 2.0 16.0 
2 3 1.19 1.19 888.0 848.0 888.0 329.0 68.0 329.0 56.0 2.0 56.0 
2 4 1.89 1.89 888.0 848.0 888.0 329.0 68.0 329.0 56.0 2.0 56.0 462.0 322.0 462.0 
2 3 1.61 1.61 598.0 358.0 598.0 158.0 134.0 158.0 644.0 111.0 644.0 
2 4 1.84 1.84 598.0 358.0 598.0 158.0 134.0 158.0 644.0 111.0 644.0 339.0 76.0 339.0 
2 5 1.92 1.92 598.0 358.0 598.0 158.0 134.0 158.0 644.0 111.0 644.0 339.0 76.0 339.0 65.0 5.0 65.0 
2 3 1.69 1.69 792.0 480.0 792.0 583.0 469.0 583.0 671.0 193.0 671.0 
2 3 1.17 1.17 368.0 314.0 368.0 541.0 71.0 541.0 636.0 122.0 636.0 
2 4 1.63 1.63 368.0 314.0 368.0 541.0 71.0 541.0 636.0 122.0 636.0 321.0 147.0 321.0 
2 5 1.78 1.78 368.0 314.0 368.0 541.0 71.0 541.0 636.0 122.0 636.0 321.0 147.0 321.0 420.0 63.0 420.0 
2 3 1.32 1.32 606.0 294.0 606.0 775.0 158.0 775.0 784.0 501.0 784.0 
2 3 1.39 1.39 23.0 15.0 23.0 913.0 500.0 913.0 559.0 110.0 559.0 
2 3 1.55 1.55 363.0 312.0 363.0 601.0 312.0 601.0 907.0 160.0 907.0 
2 4 1.73 1.73 363.0 312.0 363.0 601.0 312.0 601.0 907.0 160.0 907.0 329.0 59.0 329.0 
2 3 1.92 1.92 449.0 304.0 449.0 273.0 111.0 273.0 139.0 117.0 139.0 
2 3 1.17 1.17 886.0 47.0 886.0 385.0 205.0 385.0 207.0 121.0 207.0 
2 4 1.46 1.46 886.0 47.0 886.0 385.0 205.0 385.0 207.0 121.0 207.0 727.0 211.0 727.0 
2 5 1.98 1.98 886.0 47.0 886.0 385.0 205.0 385.0 207.0 121.0 207.0 727.0 211.0 727.0 945.0 495.0 945.0 
2 3 1.87 1.87 620.0 234.0 620.0 749.0 696.0 749.0 78.0 44.0 78.0 
2 3 1.55 1.55 499.0 354.0 499.0 808.0 672.0 808.0 539.0 7.0 539.0 
2 3 1.66 1.66 309.0 161.0 309.0 705.0 316.0 705.0 660.0 457.0 660.0 
2 3 1.88 1.88 648.0 525.0 648.0 363.0 162.0 363.0 788.0 495.0 788.0 
2 3 1.27 1.27 783.0 507.0 783.0 515.0 263.0 515.0 421.0 49.0 421.0 
2 4 1.9 1.9 783.0 507.0 783.0 515.0 263.0 515.0 421.0 49.0 421.0 735.0 466.0 735.0 
2 3 1.91 1.91 551.0 277.0 551.0 898.0 743.0 898.0 395.0 231.0 395.0 
2 3 1.58 1.58 952.0 860.0 952.0 438.0 187.0 438.0 4.0 1.0 4.0 
2 3 1.82 1.82 999.0 718.0 999.0 327.0 140.0 327.0 862.0 584.0 862.0 
2 3 0.96 0.96 993.0 860.0 993.0 394.0 38.0 394.0 574.0 2.0 574.0 
2 4 1.95 1.95 993.0 860.0 993.0 394.0 38.0 394.0 574.0 2.0 574.0 745.0 740.0 745.0 
2 3 1.78 1.78 336.0 269.0 336.0 71.0 21.0 71.0 182.0 125.0 182.0 
2 3 0.92 0.92 65.0 21.0 65.0 99.0 31.0 99.0 682.0 196.0 682.0 
2 4 1.53 1.53 65.0 21.0 65.0 99.0 31.0 99.0 682.0 196.0 682.0 351.0 214.0 351.0 
2 5 1.93 1.93 65.0 21.0 65.0 99.0 31.0 99.0 682.0 196.0 682.0 351.0 214.0 351.0 10.0 4.0 10.0 
2 3 1.88 1.88 904.0 843.0 904.0 30.0 28.0 30.0 743.0 12.0 743.0 
2 3 1.38 1.38 343.0 290.0 343.0 785.0 50.0 785.0 248.0 119.0 248.0 
2 3 0.9 0.9 774.0 448.0 774.0 432.0 93.0 432.0 589.0 65.0 589.0 
2 4 1.62 1.62 774.0 448.0 774.0 432.0 93.0 432.0 589.0 65.0 589.0 421.0 305.0 421.0 
2 5 1.72 1.72 774.0 448.0 774.0 432.0 93.0 432.0 589.0 65.0 589.0 421.0 305.0 421.0 539.0 51.0 539.0 
2 3 1.79 1.79 5.0 3.0 5.0 95.0 64.0 95.0 874.0 454.0 874.0 
2 4 1.85 1.85 5.0 3.0 5.0 95.0 64.0 95.0 874.0 454.0 874.0 970.0 64.0 970.0 
2 3 1.46 1.46 827.0 434.0 827.0 382.0 253.0 382.0 657.0 184.0 657.0 
2 4 1.53 1.53 827.0 434.0 827.0 382.0 253.0 382.0 657.0 184.0 657.0 210.0 15.0 210.0 
2 3 1.9 1.9 893.0 521.0 893.0 925.0 716.0 925.0 631.0 348.0 631.0 
2 3 1.98 1.98 391.0 293.0 391.0 348.0 238.0 348.0 996.0 549.0 996.0 
2 3 1.87 1.87 60.0 60.0 60.0 317.0 116.0 317.0 303.0 153.0 303.0 
2 3 1.33 1.33 941.0 289.0 941.0 658.0 436.0 658.0 131.0 48.0 131.0 
2 4 1.39 1.39 941.0 289.0 941.0 658.0 436.0 658.0 131.0 48.0 131.0 477.0 28.0 477.0 
2 3 1.85 1.85 471.0 212.0 471.0 470.0 413.0 470.0 262.0 139.0 262.0 
2 3 1.71 1.71 648.0 14.0 648.0 852.0 693.0 852.0 338.0 299.0 338.0 
2 3 1.62 1.62 237.0 130.0 237.0 467.0 243.0 467.0 359.0 201.0 359.0 
2 3 1.9 1.9 637.0 513.0 637.0 391.0 286.0 391.0 966.0 351.0 966.0 
2 3 1.66 1.66 356.0 188.0 356.0 928.0 189.0 928.0 690.0 645.0 690.0 
2 3 1.32 1.32 1000.0 571.0 1000.0 259.0 28.0 259.0 960.0 624.0 960.0 
2 4 1.38 1.38 1000.0 571.0 1000.0 259.0 28.0 259.0 960.0 624.0 960.0 355.0 21.0 355.0 
2 3 1.36 1.36 759.0 480.0 759.0 34.0 9.0 34.0 730.0 344.0 730.0 
2 4 1.5 1.5 759.0 480.0 759.0 34.0 9.0 34.0 730.0 344.0 730.0 138.0 19.0 138.0 
2 3 1.65 1.65 259.0 123.0 259.0 756.0 621.0 756.0 992.0 358.0 992.0 
2 3 1.95 1.95 531.0 294.0 531.0 715.0 466.0 715.0 773.0 579.0 773.0 
2 3 1.65 1.65 413.0 322.0 413.0 886.0 132.0 886.0 491.0 359.0 491.0 
2 3 1.67 1.67 384.0 369.0 384.0 651.0 86.0 651.0 166.0 96.0 166.0 
2 3 1.93 1.93 560.0 353.0 560.0 236.0 224.0 236.0 153.0 55.0 153.0 
2 3 0.8 0.8 926.0 6.0 926.0 859.0 115.0 859.0 475.0 315.0 475.0 
2 4 1.54 1.54 926.0 6.0 926.0 859.0 115.0 859.0 475.0 315.0 475.0 452.0 337.0 452.0 
2 3 1.94 1.94 955.0 486.0 955.0 647.0 523.0 647.0 522.0 330.0 522.0 
2 3 1.98 1.98 606.0 351.0 606.0 72.0 48.0 72.0 940.0 692.0 940.0 
2 3 1.99 1.99 617.0 340.0 617.0 845.0 576.0 845.0 858.0 650.0 858.0 
2 3 1.6 1.6 345.0 262.0 345.0 564.0 19.0 564.0 624.0 504.0 624.0 
2 3 1.18 1.18 169.0 44.0 169.0 716.0 414.0 716.0 208.0 72.0 208.0 
2 3 1.48 1.48 886.0 100.0 886.0 486.0 268.0 486.0 208.0 170.0 208.0 
2 4 1.57 1.57 886.0 100.0 886.0 486.0 268.0 486.0 208.0 170.0 208.0 474.0 42.0 474.0 
2 3 1.32 1.32 872.0 451.0 872.0 756.0 417.0 756.0 744.0 194.0 744.0 
2 4 1.9 1.9 872.0 451.0 872.0 756.0 417.0 756.0 744.0 194.0 744.0 59.0 34.0 59.0 
2 3 0.93 0.93 636.0 500.0 636.0 476.0 58.0 476.0 36.0 1.0 36.0 
2 4 1.3 1.3 636.0 500.0 636.0 476.0 58.0 476.0 36.0 1.0 36.0 251.0 93.0 251.0 
2 3 1.35 1.35 856.0 36.0 856.0 233.0 168.0 233.0 769.0 458.0 769.0 
2 4 1.97 1.97 856.0 36.0 856.0 233.0 168.0 233.0 769.0 458.0 769.0 895.0 551.0 895.0 
2 3 1.39 1.39 154.0 67.0 154.0 500.0 415.0 500.0 344.0 46.0 344.0 
2 3 1.64 1.64 466.0 58.0 466.0 703.0 513.0 703.0 679.0 535.0 679.0 
2 3 1.06 1.06 730.0 92.0 730.0 466.0 173.0 466.0 552.0 315.0 552.0 
2 4 1.82 1.82 730.0 92.0 730.0 466.0 173.0 466.0 552.0 315.0 552.0 73.0 55.0 73.0 
2 3 1.51 1.51 454.0 287.0 454.0 151.0 118.0 151.0 109.0 11.0 109.0 
2 4 1.64 1.64 454.0 287.0 454.0 151.0 118.0 151.0 109.0 11.0 109.0 673.0 86.0 673.0 
2 3 1.5 1.5 946.0 542.0 946.0 171.0 66.0 171.0 501.0 272.0 501.0 
2 3 1.34 1.34 48.0 15.0 48.0 70.0 35.0 70.0 111.0 59.0 111.0 
2 4 1.6 1.6 48.0 15.0 48.0 70.0 35.0 70.0 111.0 59.0 111.0 159.0 41.0 159.0 
2 3 1.27 1.27 487.0 359.0 487.0 440.0 131.0 440.0 420.0 99.0 420.0 
2 3 1.26 1.26 4.0 3.0 4.0 883.0 353.0 883.0 386.0 43.0 386.0 
2 4 1.98 1.98 4.0 3.0 4.0 883.0 353.0 883.0 386.0 43.0 386.0 513.0 370.0 513.0 
2 3 1.26 1.26 727.0 195.0 727.0 258.0 62.0 258.0 623.0 471.0 623.0 
2 4 1.94 1.94 727.0 195.0 727.0 258.0 62.0 258.0 623.0 471.0 623.0 177.0 121.0 177.0 
2 3 1.73 1.73 603.0 366.0 603.0 657.0 583.0 657.0 564.0 136.0 564.0 
2 3 1.44 1.44 280.0 18.0 280.0 174.0 114.0 174.0 711.0 517.0 711.0 
2 4 1.99 1.99 280.0 18.0 280.0 174.0 114.0 174.0 711.0 517.0 711.0 31.0 17.0 31.0 
2 3 1.11 1.11 365.0 67.0 365.0 768.0 46.0 768.0 821.0 712.0 821.0 
2 4 1.48 1.48 365.0 67.0 365.0 768.0 46.0 768.0 821.0 712.0 821.0 620.0 233.0 620.0 
2 3 1.8 1.8 624.0 528.0 624.0 711.0 665.0 711.0 511.0 12.0 511.0 
2 3 1.7 1.7 51.0 23.0 51.0 773.0 470.0 773.0 274.0 177.0 274.0 
2 3 1.14 1.14 144.0 41.0 144.0 668.0 444.0 668.0 720.0 144.0 720.0 
2 4 1.33 1.33 144.0 41.0 144.0 668.0 444.0 668.0 720.0 144.0 720.0 94.0 17.0 94.0 
2 5 1.36 1.36 144.0 41.0 144.0 668.0 444.0 668.0 720.0 144.0 720.0 94.0 17.0 94.0 949.0 34.0 949.0 
2 3 1.54 1.54 402.0 264.0 402.0 372.0 317.0 372.0 515.0 21.0 515.0 
2 3 1.61 1.61 686.0 631.0 686.0 578.0 322.0 578.0 137.0 19.0 137.0 
2 3 1.62 1.62 834.0 571.0 834.0 262.0 194.0 262.0 995.0 203.0 995.0 
2 3 1.74 1.74 416.0 238.0 416.0 996.0 869.0 996.0 169.0 50.0 169.0 
2 3 1.53 1.53 257.0 40.0 257.0 981.0 398.0 981.0 878.0 854.0 878.0 
2 4 1.96 1.96 257.0 40.0 257.0 981.0 398.0 981.0 878.0 854.0 878.0 317.0 138.0 317.0 
2 3 1.46 1.46 519.0 377.0 519.0 462.0 6.0 462.0 992.0 719.0 992.0 
2 3 1.68 1.68 529.0 359.0 529.0 932.0 347.0 932.0 397.0 253.0 397.0 
2 3 1.52 1.52 185.0 101.0 185.0 373.0 113.0 373.0 345.0 234.0 345.0 
2 3 1.89 1.89 699.0 124.0 699.0 363.0 285.0 363.0 459.0 426.0 459.0 
2 3 1.57 1.57 207.0 1.0 207.0 567.0 471.0 567.0 732.0 543.0 732.0 
2 3 0.9 0.9 776.0 513.0 776.0 228.0 35.0 228.0 931.0 88.0 931.0 
2 4 1.9 1.9 776.0 513.0 776.0 228.0 35.0 228.0 931.0 88.0 931.0 844.0 839.0 844.0 
2 3 1.46 1.46 858.0 254.0 858.0 927.0 537.0 927.0 39.0 23.0 39.0 
2 4 1.96 1.96 858.0 254.0 858.0 927.0 537.0 927.0 39.0 23.0 39.0 248.0 124.0 248.0 
2 3 1.75 1.75 70.0 56.0 70.0 453.0 294.0 453.0 339.0 105.0 339.0 
2 3 1.88 1.88 792.0 681.0 792.0 778.0 590.0 778.0 741.0 199.0 741.0 
2 3 1.42 1.42 523.0 440.0 523.0 858.0 409.0 858.0 125.0 14.0 125.0 
2 4 1.93 1.93 523.0 440.0 523.0 858.0 409.0 858.0 125.0 14.0 125.0 867.0 439.0 867.0 
2 3 1.93 1.93 778.0 506.0 778.0 941.0 347.0 941.0 96.0 88.0 96.0 
2 3 1.53 1.53 117.0 61.0 117.0 776.0 279.0 776.0 477.0 311.0 477.0 
2 3 1.45 1.45 450.0 240.0 450.0 261.0 37.0 261.0 709.0 556.0 709.0 
2 4 1.49 1.49 450.0 240.0 450.0 261.0 37.0 261.0 709.0 556.0 709.0 780.0 24.0 780.0 
2 3 1.97 1.97 723.0 517.0 723.0 53.0 37.0 53.0 792.0 447.0 792.0 
2 3 1.69 1.69 587.0 455.0 587.0 310.0 225.0 310.0 179.0 34.0 179.0 
2 3 1.35 1.35 60.0 33.0 60.0 268.0 155.0 268.0 115.0 26.0 115.0 
2 4 1.97 1.97 60.0 33.0 60.0 268.0 155.0 268.0 115.0 26.0 115.0 997.0 616.0 997.0 
2 3 1.81 1.81 130.0 90.0 130.0 607.0 235.0 607.0 127.0 94.0 127.0 
2 4 1.87 1.87 130.0 90.0 130.0 607.0 235.0 607.0 127.0 94.0 127.0 826.0 44.0 826.0 
2 3 1.77 1.77 883.0 617.0 883.0 534.0 133.0 534.0 408.0 336.0 408.0 
2 3 1.82 1.82 810.0 55.0 810.0 841.0 769.0 841.0 542.0 455.0 542.0 
2 3 1.78 1.78 990.0 671.0 990.0 330.0 44.0 330.0 129.0 125.0 129.0 
2 3 0.99 0.99 921.0 6.0 921.0 549.0 15.0 549.0 657.0 632.0 657.0 
2 4 1.69 1.69 921.0 6.0 921.0 549.0 15.0 549.0 657.0 632.0 657.0 698.0 487.0 698.0 
2 3 1.77 1.77 327.0 212.0 327.0 686.0 414.0 686.0 771.0 405.0 771.0 
2 3 1.29 1.29 524.0 54.0 524.0 440.0 423.0 440.0 621.0 144.0 621.0 
2 4 1.48 1.48 524.0 54.0 524.0 440.0 423.0 440.0 621.0 144.0 621.0 840.0 162.0 840.0 
2 5 1.69 1.69 524.0 54.0 524.0 440.0 423.0 440.0 621.0 144.0 621.0 840.0 162.0 840.0 914.0 187.0 914.0 
2 3 1.96 1.96 96.0 82.0 96.0 296.0 162.0 296.0 386.0 217.0 386.0 
2 3 1.25 1.25 685.0 106.0 685.0 903.0 700.0 903.0 936.0 307.0 936.0 
2 3 1.64 1.64 56.0 31.0 56.0 846.0 790.0 846.0 978.0 159.0 978.0 
2 3 1.06 1.06 738.0 297.0 738.0 858.0 133.0 858.0 739.0 375.0 739.0 
2 4 1.74 1.74 738.0 297.0 738.0 858.0 133.0 858.0 739.0 375.0 739.0 603.0 408.0 603.0 
2 3 1.45 1.45 809.0 49.0 809.0 562.0 343.0 562.0 23.0 18.0 23.0 
2 4 1.57 1.57 809.0 49.0 809.0 562.0 343.0 562.0 23.0 18.0 23.0 752.0 94.0 752.0 
2 3 1.45 1.45 934.0 531.0 934.0 537.0 309.0 537.0 764.0 238.0 764.0 
2 4 1.5 1.5 934.0 531.0 934.0 537.0 309.0 537.0 764.0 238.0 764.0 429.0 21.0 429.0 
2 5 1.61 1.61 934.0 531.0 934.0 537.0 309.0 537.0 764.0 238.0 764.0 429.0 21.0 429.0 27.0 3.0 27.0 
2 3 1.89 1.89 763.0 676.0 763.0 731.0 348.0 731.0 361.0 191.0 361.0 
2 3 1.9 1.9 824.0 496.0 824.0 663.0 370.0 663.0 895.0 670.0 895.0 
2 3 1.79 1.79 925.0 478.0 925.0 510.0 361.0 510.0 58.0 33.0 58.0 
2 3 1.17 1.17 877.0 369.0 877.0 30.0 22.0 30.0 176.0 4.0 176.0 
2 4 1.75 1.75 877.0 369.0 877.0 30.0 22.0 30.0 176.0 4.0 176.0 449.0 258.0 449.0 
2 3 1.79 1.79 502.0 427.0 502.0 189.0 26.0 189.0 451.0 363.0 451.0 
2 3 0.74 0.74 95.0 7.0 95.0 51.0 25.0 51.0 597.0 108.0 597.0 
2 4 0.82 0.82 95.0 7.0 95.0 51.0 25.0 51.0 597.0 108.0 597.0 296.0 24.0 296.0 
2 5 1.49 1.49 95.0 7.0 95.0 51.0 25.0 51.0 597.0 108.0 597.0 296.0 24.0 296.0 319.0 212.0 319.0 
2 3 1.62 1.62 278.0 242.0 278.0 738.0 528.0 738.0 716.0 26.0 716.0 
2 3 1.97 1.97 294.0 173.0 294.0 387.0 350.0 387.0 305.0 148.0 305.0 
2 3 1.44 1.44 716.0 94.0 716.0 712.0 592.0 712.0 500.0 240.0 500.0 
2 4 1.5 1.5 716.0 94.0 716.0 712.0 592.0 712.0 500.0 240.0 500.0 636.0 39.0 636.0 
2 5 1.85 1.85 716.0 94.0 716.0 712.0 592.0 712.0 500.0 240.0 500.0 636.0 39.0 636.0 665.0 235.0 665.0 
2 3 1.28 1.28 218.0 160.0 218.0 742.0 295.0 742.0 696.0 104.0 696.0 
2 3 0.95 0.95 424.0 42.0 424.0 515.0 5.0 515.0 210.0 177.0 210.0 
2 4 1.91 1.91 424.0 42.0 424.0 515.0 5.0 515.0 210.0 177.0 210.0 909.0 877.0 909.0 
2 3 1.52 1.52 394.0 20.0 394.0 967.0 514.0 967.0 942.0 891.0 942.0 
2 3 1.74 1.74 377.0 76.0 377.0 586.0 434.0 586.0 966.0 777.0 966.0 
2 4 1.96 1.96 377.0 76.0 377.0 586.0 434.0 586.0 966.0 777.0 966.0 285.0 63.0 285.0 
2 3 1.75 1.75 923.0 800.0 923.0 582.0 507.0 582.0 566.0 12.0 566.0 
2 3 1.82 1.82 286.0 250.0 286.0 862.0 733.0 862.0 221.0 23.0 221.0 
2 3 1.75 1.75 232.0 93.0 232.0 86.0 42.0 86.0 616.0 536.0 616.0 
2 3 1.5 1.5 764.0 279.0 764.0 628.0 159.0 628.0 358.0 318.0 358.0 
2 3 0.87 0.87 227.0 151.0 227.0 197.0 5.0 197.0 11.0 2.0 11.0 
2 4 1.74 1.74 227.0 151.0 227.0 197.0 5.0 197.0 11.0 2.0 11.0 985.0 861.0 985.0 
2 3 1.26 1.26 828.0 547.0 828.0 14.0 5.0 14.0 601.0 146.0 601.0 
2 4 1.62 1.62 828.0 547.0 828.0 14.0 5.0 14.0 601.0 146.0 601.0 418.0 154.0 418.0 
2 3 1.4 1.4 819.0 398.0 819.0 718.0 309.0 718.0 658.0 323.0 658.0 
2 3 1.41 1.41 768.0 464.0 768.0 612.0 82.0 612.0 278.0 189.0 278.0 
2 3 1.21 1.21 651.0 327.0 651.0 472.0 20.0 472.0 570.0 380.0 570.0 
2 4 1.96 1.96 651.0 327.0 651.0 472.0 20.0 472.0 570.0 380.0 570.0 109.0 82.0 109.0 
2 3 1.14 1.14 47.0 1.0 47.0 81.0 41.0 81.0 409.0 253.0 409.0 
2 4 1.69 1.69 47.0 1.0 47.0 81.0 41.0 81.0 409.0 253.0 409.0 60.0 33.0 60.0 
2 3 1.86 1.86 766.0 502.0 766.0 297.0 151.0 297.0 180.0 127.0 180.0 
2 3 0.78 0.78 372.0 190.0 372.0 17.0 3.0 17.0 738.0 75.0 738.0 
2 4 1.54 1.54 372.0 190.0 372.0 17.0 3.0 17.0 738.0 75.0 738.0 763.0 578.0 763.0 
2 5 1.6 1.6 372.0 190.0 372.0 17.0 3.0 17.0 738.0 75.0 738.0 763.0 578.0 763.0 756.0 41.0 756.0 
2 3 1.54 1.54 760.0 502.0 760.0 344.0 130.0 344.0 597.0 303.0 597.0 
2 3 1.48 1.48 397.0 52.0 397.0 930.0 427.0 930.0 374.0 334.0 374.0 
2 4 1.77 1.77 397.0 52.0 397.0 930.0 427.0 930.0 374.0 334.0 374.0 72.0 21.0 72.0 
2 5 1.78 1.78 397.0 52.0 397.0 930.0 427.0 930.0 374.0 334.0 374.0 72.0 21.0 72.0 817.0 6.0 817.0 
2 3 1.22 1.22 88.0 35.0 88.0 156.0 30.0 156.0 147.0 94.0 147.0 
2 4 1.95 1.95 88.0 35.0 88.0 156.0 30.0 156.0 147.0 94.0 147.0 165.0 119.0 165.0 
2 3 1.0 1.0 806.0 219.0 806.0 923.0 465.0 923.0 43.0 10.0 43.0 
2 4 1.59 1.59 806.0 219.0 806.0 923.0 465.0 923.0 43.0 10.0 43.0 763.0 449.0 763.0 
2 3 1.85 1.85 683.0 579.0 683.0 863.0 201.0 863.0 684.0 530.0 684.0 
2 3 1.7 1.7 404.0 336.0 404.0 21.0 8.0 21.0 517.0 252.0 517.0 
2 3 1.07 1.07 223.0 4.0 223.0 461.0 126.0 461.0 489.0 385.0 489.0 
2 4 1.38 1.38 223.0 4.0 223.0 461.0 126.0 461.0 489.0 385.0 489.0 139.0 42.0 139.0 
2 5 1.83 1.83 223.0 4.0 223.0 461.0 126.0 461.0 489.0 385.0 489.0 139.0 42.0 139.0 282.0 128.0 282.0 
2 6 1.88 1.88 223.0 4.0 223.0 461.0 126.0 461.0 489.0 385.0 489.0 139.0 42.0 139.0 282.0 128.0 282.0 771.0 41.0 771.0 
2 3 1.44 1.44 166.0 15.0 166.0 420.0 174.0 420.0 457.0 429.0 457.0 
2 4 1.74 1.74 166.0 15.0 166.0 420.0 174.0 420.0 457.0 429.0 457.0 945.0 288.0 945.0 
2 3 1.93 1.93 970.0 932.0 970.0 697.0 656.0 697.0 188.0 7.0 188.0 
2 4 1.99 1.99 970.0 932.0 970.0 697.0 656.0 697.0 188.0 7.0 188.0 558.0 30.0 558.0 
2 3 1.87 1.87 953.0 480.0 953.0 421.0 363.0 421.0 488.0 250.0 488.0 
2 3 1.83 1.83 290.0 187.0 290.0 520.0 285.0 520.0 375.0 239.0 375.0 
2 3 1.67 1.67 992.0 493.0 992.0 928.0 620.0 928.0 332.0 169.0 332.0 
2 3 1.79 1.79 843.0 435.0 843.0 548.0 438.0 548.0 773.0 374.0 773.0 
2 3 1.85 1.85 230.0 169.0 230.0 972.0 730.0 972.0 513.0 188.0 513.0 
2 3 1.78 1.78 936.0 478.0 936.0 350.0 95.0 350.0 18.0 18.0 18.0 
2 3 1.97 1.97 939.0 722.0 939.0 503.0 371.0 503.0 443.0 207.0 443.0 
2 3 1.51 1.51 176.0 103.0 176.0 495.0 388.0 495.0 683.0 101.0 683.0 
2 4 1.92 1.92 176.0 103.0 176.0 495.0 388.0 495.0 683.0 101.0 683.0 593.0 242.0 593.0 
2 3 1.49 1.49 503.0 66.0 503.0 129.0 80.0 129.0 167.0 124.0 167.0 
2 4 1.99 1.99 503.0 66.0 503.0 129.0 80.0 129.0 167.0 124.0 167.0 754.0 380.0 754.0 
2 3 1.79 1.79 938.0 415.0 938.0 570.0 559.0 570.0 342.0 128.0 342.0 
2 3 1.69 1.69 110.0 33.0 110.0 140.0 92.0 140.0 780.0 577.0 780.0 
2 4 1.84 1.84 110.0 33.0 110.0 140.0 92.0 140.0 780.0 577.0 780.0 913.0 132.0 913.0 
2 3 1.27 1.27 549.0 411.0 549.0 66.0 2.0 66.0 518.0 255.0 518.0 
2 3 1.36 1.36 262.0 6.0 262.0 379.0 208.0 379.0 837.0 664.0 837.0 
2 4 1.49 1.49 262.0 6.0 262.0 379.0 208.0 379.0 837.0 664.0 837.0 8.0 1.0 8.0 
2 5 1.5 1.5 262.0 6.0 262.0 379.0 208.0 379.0 837.0 664.0 837.0 8.0 1.0 8.0 966.0 18.0 966.0 
2 6 1.7 1.7 262.0 6.0 262.0 379.0 208.0 379.0 837.0 664.0 837.0 8.0 1.0 8.0 966.0 18.0 966.0 938.0 181.0 938.0 
2 7 1.86 1.86 262.0 6.0 262.0 379.0 208.0 379.0 837.0 664.0 837.0 8.0 1.0 8.0 966.0 18.0 966.0 938.0 181.0 938.0 532.0 86.0 532.0 
2 3 1.83 1.83 686.0 171.0 686.0 432.0 257.0 432.0 500.0 493.0 500.0 
2 3 1.77 1.77 952.0 347.0 952.0 619.0 560.0 619.0 763.0 384.0 763.0 
2 3 1.29 1.29 221.0 151.0 221.0 406.0 236.0 406.0 185.0 6.0 185.0 
2 3 1.75 1.75 125.0 85.0 125.0 474.0 185.0 474.0 239.0 163.0 239.0 
2 3 1.64 1.64 341.0 67.0 341.0 698.0 600.0 698.0 118.0 69.0 118.0 
2 3 1.86 1.86 830.0 628.0 830.0 540.0 218.0 540.0 681.0 481.0 681.0 
2 4 1.89 1.89 830.0 628.0 830.0 540.0 218.0 540.0 681.0 481.0 681.0 526.0 16.0 526.0 
2 3 1.45 1.45 581.0 329.0 581.0 303.0 141.0 303.0 310.0 130.0 310.0 
2 3 1.83 1.83 575.0 234.0 575.0 588.0 302.0 588.0 180.0 165.0 180.0 
2 3 1.16 1.16 737.0 293.0 737.0 347.0 236.0 347.0 277.0 23.0 277.0 
2 4 1.67 1.67 737.0 293.0 737.0 347.0 236.0 347.0 277.0 23.0 277.0 626.0 321.0 626.0 
2 3 1.96 1.96 291.0 135.0 291.0 36.0 23.0 36.0 255.0 219.0 255.0 
2 3 1.56 1.56 959.0 836.0 959.0 979.0 590.0 979.0 398.0 37.0 398.0 
2 3 0.62 0.62 572.0 159.0 572.0 626.0 165.0 626.0 576.0 50.0 576.0 
2 4 1.39 1.39 572.0 159.0 572.0 626.0 165.0 626.0 576.0 50.0 576.0 65.0 50.0 65.0 
2 5 1.89 1.89 572.0 159.0 572.0 626.0 165.0 626.0 576.0 50.0 576.0 65.0 50.0 65.0 574.0 283.0 574.0 
2 3 1.94 1.94 383.0 205.0 383.0 544.0 224.0 544.0 804.0 802.0 804.0 
2 3 1.97 1.97 263.0 249.0 263.0 363.0 37.0 363.0 449.0 418.0 449.0 
2 3 1.79 1.79 726.0 702.0 726.0 204.0 107.0 204.0 796.0 245.0 796.0 
2 3 1.87 1.87 631.0 441.0 631.0 999.0 436.0 999.0 563.0 417.0 563.0 
2 3 1.61 1.61 606.0 438.0 606.0 989.0 337.0 989.0 788.0 438.0 788.0 
2 4 1.74 1.74 606.0 438.0 606.0 989.0 337.0 989.0 788.0 438.0 788.0 684.0 85.0 684.0 
2 3 1.91 1.91 663.0 241.0 663.0 423.0 312.0 423.0 869.0 708.0 869.0 
2 3 1.46 1.46 921.0 80.0 921.0 663.0 274.0 663.0 464.0 447.0 464.0 
2 3 1.95 1.95 712.0 355.0 712.0 84.0 77.0 84.0 388.0 208.0 388.0 
2 3 1.23 1.23 625.0 590.0 625.0 851.0 99.0 851.0 239.0 42.0 239.0 
2 3 1.99 1.99 196.0 174.0 196.0 456.0 161.0 456.0 797.0 600.0 797.0 
2 3 0.94 0.94 716.0 540.0 716.0 42.0 7.0 42.0 786.0 17.0 786.0 
2 4 1.65 1.65 716.0 540.0 716.0 42.0 7.0 42.0 786.0 17.0 786.0 113.0 80.0 113.0 
2 3 1.73 1.73 692.0 99.0 692.0 913.0 795.0 913.0 892.0 639.0 892.0 
2 3 1.88 1.88 877.0 370.0 877.0 994.0 922.0 994.0 779.0 417.0 779.0 
2 3 0.99 0.99 923.0 349.0 923.0 812.0 250.0 812.0 48.0 15.0 48.0 
2 4 1.1 1.1 923.0 349.0 923.0 812.0 250.0 812.0 48.0 15.0 48.0 199.0 22.0 199.0 
2 5 1.74 1.74 923.0 349.0 923.0 812.0 250.0 812.0 48.0 15.0 48.0 199.0 22.0 199.0 392.0 248.0 392.0 
2 3 1.75 1.75 622.0 385.0 622.0 43.0 35.0 43.0 430.0 139.0 430.0 
2 3 1.99 1.99 924.0 389.0 924.0 637.0 586.0 637.0 662.0 436.0 662.0 
2 3 1.17 1.17 59.0 25.0 59.0 825.0 313.0 825.0 382.0 141.0 382.0 
2 4 1.22 1.22 59.0 25.0 59.0 825.0 313.0 825.0 382.0 141.0 382.0 989.0 53.0 989.0 
2 5 1.69 1.69 59.0 25.0 59.0 825.0 313.0 825.0 382.0 141.0 382.0 989.0 53.0 989.0 500.0 234.0 500.0 
2 3 1.67 1.67 992.0 640.0 992.0 78.0 17.0 78.0 852.0 689.0 852.0 
2 4 1.69 1.69 992.0 640.0 992.0 78.0 17.0 78.0 852.0 689.0 852.0 580.0 14.0 580.0 
2 3 1.86 1.86 793.0 728.0 793.0 710.0 529.0 710.0 857.0 172.0 857.0 
2 3 0.69 0.69 621.0 96.0 621.0 89.0 8.0 89.0 704.0 317.0 704.0 
2 4 1.56 1.56 621.0 96.0 621.0 89.0 8.0 89.0 704.0 317.0 704.0 828.0 721.0 828.0 
2 3 1.7 1.7 223.0 114.0 223.0 548.0 339.0 548.0 247.0 142.0 247.0 
2 4 1.72 1.72 223.0 114.0 223.0 548.0 339.0 548.0 247.0 142.0 247.0 585.0 10.0 585.0 
2 3 1.7 1.7 341.0 283.0 341.0 627.0 103.0 627.0 741.0 524.0 741.0 
2 3 1.98 1.98 69.0 45.0 69.0 698.0 445.0 698.0 994.0 690.0 994.0 
2 3 1.74 1.74 974.0 929.0 974.0 602.0 249.0 602.0 214.0 81.0 214.0 
2 3 1.74 1.74 55.0 29.0 55.0 622.0 163.0 622.0 24.0 23.0 24.0 
2 3 1.97 1.97 286.0 165.0 286.0 91.0 43.0 91.0 383.0 355.0 383.0 
2 3 1.94 1.94 674.0 212.0 674.0 671.0 486.0 671.0 559.0 504.0 559.0 
2 3 1.34 1.34 688.0 56.0 688.0 899.0 665.0 899.0 397.0 208.0 397.0 
2 3 1.92 1.92 595.0 423.0 595.0 56.0 55.0 56.0 515.0 122.0 515.0 
2 3 1.87 1.87 739.0 66.0 739.0 291.0 234.0 291.0 915.0 897.0 915.0 
2 3 1.28 1.28 314.0 69.0 314.0 775.0 728.0 775.0 178.0 23.0 178.0 
2 4 1.5 1.5 314.0 69.0 314.0 775.0 728.0 775.0 178.0 23.0 178.0 398.0 85.0 398.0 
2 3 1.56 1.56 172.0 28.0 172.0 273.0 184.0 273.0 396.0 289.0 396.0 
2 3 1.42 1.42 270.0 236.0 270.0 861.0 391.0 861.0 498.0 49.0 498.0 
2 4 1.63 1.63 270.0 236.0 270.0 861.0 391.0 861.0 498.0 49.0 498.0 692.0 146.0 692.0 
2 3 1.21 1.21 617.0 100.0 617.0 435.0 79.0 435.0 105.0 91.0 105.0 
2 4 1.77 1.77 617.0 100.0 617.0 435.0 79.0 435.0 105.0 91.0 105.0 828.0 470.0 828.0 
2 3 1.54 1.54 727.0 378.0 727.0 900.0 537.0 900.0 900.0 387.0 900.0 
2 4 1.94 1.94 727.0 378.0 727.0 900.0 537.0 900.0 900.0 387.0 900.0 694.0 277.0 694.0 
2 3 1.95 1.95 914.0 747.0 914.0 966.0 479.0 966.0 412.0 264.0 412.0 
2 3 1.5 1.5 194.0 143.0 194.0 487.0 263.0 487.0 433.0 99.0 433.0 
2 3 1.54 1.54 333.0 259.0 333.0 97.0 17.0 97.0 305.0 182.0 305.0 
2 4 1.63 1.63 333.0 259.0 333.0 97.0 17.0 97.0 305.0 182.0 305.0 207.0 17.0 207.0 
2 3 0.86 0.86 440.0 8.0 440.0 531.0 164.0 531.0 35.0 19.0 35.0 
2 4 1.46 1.46 440.0 8.0 440.0 531.0 164.0 531.0 35.0 19.0 35.0 386.0 229.0 386.0 
2 5 1.95 1.95 440.0 8.0 440.0 531.0 164.0 531.0 35.0 19.0 35.0 386.0 229.0 386.0 295.0 144.0 295.0 
2 3 1.48 1.48 774.0 333.0 774.0 860.0 54.0 860.0 280.0 277.0 280.0 
2 3 0.91 0.91 908.0 240.0 908.0 381.0 216.0 381.0 423.0 35.0 423.0 
2 4 1.09 1.09 908.0 240.0 908.0 381.0 216.0 381.0 423.0 35.0 423.0 849.0 155.0 849.0 
2 5 1.42 1.42 908.0 240.0 908.0 381.0 216.0 381.0 423.0 35.0 423.0 849.0 155.0 849.0 825.0 268.0 825.0 
2 3 1.46 1.46 58.0 39.0 58.0 214.0 73.0 214.0 175.0 79.0 175.0 
2 3 1.77 1.77 290.0 191.0 290.0 319.0 137.0 319.0 406.0 280.0 406.0 
2 3 1.02 1.02 897.0 546.0 897.0 282.0 83.0 282.0 742.0 90.0 742.0 
2 4 1.25 1.25 897.0 546.0 897.0 282.0 83.0 282.0 742.0 90.0 742.0 531.0 123.0 531.0 
2 3 1.83 1.83 906.0 835.0 906.0 904.0 747.0 904.0 403.0 36.0 403.0 
2 3 0.31 0.31 630.0 60.0 630.0 272.0 52.0 272.0 712.0 22.0 712.0 
2 4 1.01 1.01 630.0 60.0 630.0 272.0 52.0 272.0 712.0 22.0 712.0 316.0 221.0 316.0 
2 5 1.99 1.99 630.0 60.0 630.0 272.0 52.0 272.0 712.0 22.0 712.0 316.0 221.0 316.0 662.0 648.0 662.0 
2 3 1.24 1.24 317.0 38.0 317.0 855.0 211.0 855.0 807.0 706.0 807.0 
2 4 1.78 1.78 317.0 38.0 317.0 855.0 211.0 855.0 807.0 706.0 807.0 829.0 450.0 829.0 
2 3 1.8 1.8 803.0 441.0 803.0 25.0 12.0 25.0 573.0 442.0 573.0 
2 3 1.82 1.82 685.0 495.0 685.0 363.0 124.0 363.0 667.0 507.0 667.0 
2 3 1.13 1.13 664.0 378.0 664.0 541.0 162.0 541.0 790.0 212.0 790.0 
2 4 1.43 1.43 664.0 378.0 664.0 541.0 162.0 541.0 790.0 212.0 790.0 786.0 237.0 786.0 
2 3 1.4 1.4 392.0 89.0 392.0 717.0 279.0 717.0 836.0 656.0 836.0 
2 3 1.04 1.04 310.0 224.0 310.0 782.0 161.0 782.0 280.0 32.0 280.0 
2 4 1.45 1.45 310.0 224.0 310.0 782.0 161.0 782.0 280.0 32.0 280.0 378.0 156.0 378.0 
2 3 0.89 0.89 616.0 69.0 616.0 92.0 45.0 92.0 889.0 259.0 889.0 
2 4 1.25 1.25 616.0 69.0 616.0 92.0 45.0 92.0 889.0 259.0 889.0 61.0 22.0 61.0 
2 5 1.55 1.55 616.0 69.0 616.0 92.0 45.0 92.0 889.0 259.0 889.0 61.0 22.0 61.0 10.0 3.0 10.0 
2 3 1.86 1.86 78.0 39.0 78.0 5.0 2.0 5.0 187.0 180.0 187.0 
2 3 1.35 1.35 418.0 102.0 418.0 368.0 278.0 368.0 589.0 209.0 589.0 
2 3 1.98 1.98 881.0 863.0 881.0 263.0 192.0 263.0 944.0 262.0 944.0 
2 3 1.69 1.69 740.0 256.0 740.0 456.0 330.0 456.0 205.0 128.0 205.0 
2 3 1.9 1.9 955.0 953.0 955.0 288.0 112.0 288.0 891.0 460.0 891.0 
2 3 1.65 1.65 519.0 441.0 519.0 536.0 350.0 536.0 466.0 70.0 466.0 
2 4 1.95 1.95 519.0 441.0 519.0 536.0 350.0 536.0 466.0 70.0 466.0 664.0 203.0 664.0 
2 3 1.83 1.83 456.0 366.0 456.0 957.0 773.0 957.0 286.0 65.0 286.0 
2 3 0.92 0.92 860.0 382.0 860.0 588.0 71.0 588.0 248.0 89.0 248.0 
2 4 1.44 1.44 860.0 382.0 860.0 588.0 71.0 588.0 248.0 89.0 248.0 209.0 108.0 209.0 
2 5 1.8 1.8 860.0 382.0 860.0 588.0 71.0 588.0 248.0 89.0 248.0 209.0 108.0 209.0 737.0 268.0 737.0 
2 3 1.04 1.04 952.0 641.0 952.0 467.0 35.0 467.0 415.0 123.0 415.0 
2 4 1.58 1.58 952.0 641.0 952.0 467.0 35.0 467.0 415.0 123.0 415.0 394.0 212.0 394.0 
2 3 1.43 1.43 80.0 79.0 80.0 405.0 31.0 405.0 494.0 185.0 494.0 
2 3 1.5 1.5 305.0 138.0 305.0 473.0 253.0 473.0 950.0 488.0 950.0 
2 4 1.78 1.78 305.0 138.0 305.0 473.0 253.0 473.0 950.0 488.0 950.0 14.0 4.0 14.0 
2 3 0.91 0.91 196.0 8.0 196.0 766.0 68.0 766.0 102.0 80.0 102.0 
2 4 1.85 1.85 196.0 8.0 196.0 766.0 68.0 766.0 102.0 80.0 102.0 545.0 511.0 545.0 
2 3 1.58 1.58 81.0 9.0 81.0 138.0 128.0 138.0 348.0 191.0 348.0 
2 3 1.9 1.9 164.0 126.0 164.0 334.0 293.0 334.0 254.0 67.0 254.0 
2 3 1.3 1.3 51.0 10.0 51.0 856.0 243.0 856.0 239.0 196.0 239.0 
2 3 1.16 1.16 96.0 5.0 96.0 340.0 326.0 340.0 474.0 73.0 474.0 
2 4 1.95 1.95 96.0 5.0 96.0 340.0 326.0 340.0 474.0 73.0 474.0 653.0 514.0 653.0 
2 3 1.57 1.57 5.0 2.0 5.0 105.0 74.0 105.0 928.0 437.0 928.0 
2 3 1.43 1.43 835.0 507.0 835.0 703.0 450.0 703.0 275.0 51.0 275.0 
2 3 1.76 1.76 513.0 224.0 513.0 707.0 507.0 707.0 569.0 347.0 569.0 
2 3 1.98 1.98 832.0 602.0 832.0 507.0 300.0 507.0 906.0 610.0 906.0 
2 3 1.95 1.95 827.0 419.0 827.0 476.0 229.0 476.0 110.0 106.0 110.0 
2 4 1.96 1.96 827.0 419.0 827.0 476.0 229.0 476.0 110.0 106.0 110.0 550.0 6.0 550.0 
2 3 1.86 1.86 830.0 184.0 830.0 721.0 685.0 721.0 81.0 56.0 81.0 
2 3 1.64 1.64 863.0 34.0 863.0 639.0 419.0 639.0 342.0 325.0 342.0 
2 4 1.93 1.93 863.0 34.0 863.0 639.0 419.0 639.0 342.0 325.0 342.0 83.0 24.0 83.0 
2 3 1.25 1.25 485.0 190.0 485.0 580.0 120.0 580.0 594.0 392.0 594.0 
2 3 1.84 1.84 408.0 340.0 408.0 488.0 471.0 488.0 487.0 24.0 487.0 
2 3 0.88 0.88 389.0 173.0 389.0 684.0 110.0 684.0 952.0 269.0 952.0 
2 4 1.49 1.49 389.0 173.0 389.0 684.0 110.0 684.0 952.0 269.0 952.0 760.0 458.0 760.0 
2 5 1.49 1.49 389.0 173.0 389.0 684.0 110.0 684.0 952.0 269.0 952.0 760.0 458.0 760.0 873.0 7.0 873.0 
2 3 1.75 1.75 779.0 534.0 779.0 92.0 6.0 92.0 13.0 13.0 13.0 
2 4 1.94 1.94 779.0 534.0 779.0 92.0 6.0 92.0 13.0 13.0 13.0 764.0 152.0 764.0 
2 3 1.1 1.1 734.0 374.0 734.0 816.0 94.0 816.0 942.0 455.0 942.0 
2 4 1.23 1.23 734.0 374.0 734.0 816.0 94.0 816.0 942.0 455.0 942.0 567.0 73.0 567.0 
2 5 1.26 1.26 734.0 374.0 734.0 816.0 94.0 816.0 942.0 455.0 942.0 567.0 73.0 567.0 210.0 6.0 210.0 
2 3 1.03 1.03 355.0 231.0 355.0 855.0 209.0 855.0 763.0 110.0 763.0 
2 4 1.89 1.89 355.0 231.0 355.0 855.0 209.0 855.0 763.0 110.0 763.0 660.0 563.0 660.0 
2 3 0.75 0.75 908.0 51.0 908.0 144.0 3.0 144.0 723.0 488.0 723.0 
2 4 1.42 1.42 908.0 51.0 908.0 144.0 3.0 144.0 723.0 488.0 723.0 772.0 521.0 772.0 
2 3 1.41 1.41 858.0 226.0 858.0 335.0 322.0 335.0 307.0 58.0 307.0 
2 3 1.76 1.76 642.0 296.0 642.0 501.0 289.0 501.0 871.0 637.0 871.0 
2 3 1.83 1.83 782.0 586.0 782.0 566.0 148.0 566.0 946.0 775.0 946.0 
2 3 1.78 1.78 189.0 178.0 189.0 246.0 180.0 246.0 762.0 84.0 762.0 
2 3 1.45 1.45 349.0 212.0 349.0 780.0 82.0 780.0 861.0 641.0 861.0 
2 3 1.79 1.79 355.0 269.0 355.0 599.0 203.0 599.0 191.0 134.0 191.0 
2 4 1.93 1.93 355.0 269.0 355.0 599.0 203.0 599.0 191.0 134.0 191.0 573.0 80.0 573.0 
2 3 1.27 1.27 109.0 14.0 109.0 975.0 964.0 975.0 841.0 129.0 841.0 
2 4 1.9 1.9 109.0 14.0 109.0 975.0 964.0 975.0 841.0 129.0 841.0 11.0 7.0 11.0 
2 3 1.49 1.49 872.0 284.0 872.0 515.0 246.0 515.0 821.0 568.0 821.0 
2 3 1.46 1.46 491.0 106.0 491.0 395.0 368.0 395.0 88.0 28.0 88.0 
2 3 1.13 1.13 243.0 111.0 243.0 37.0 13.0 37.0 731.0 239.0 731.0 
2 4 1.91 1.91 243.0 111.0 243.0 37.0 13.0 37.0 731.0 239.0 731.0 523.0 406.0 523.0 
2 3 1.09 1.09 522.0 194.0 522.0 69.0 46.0 69.0 36.0 2.0 36.0 
2 3 1.89 1.89 986.0 610.0 986.0 816.0 720.0 816.0 122.0 48.0 122.0 
2 3 1.36 1.36 971.0 84.0 971.0 636.0 421.0 636.0 42.0 26.0 42.0 
2 3 1.36 1.36 662.0 51.0 662.0 898.0 640.0 898.0 529.0 303.0 529.0 
2 3 1.2 1.2 455.0 7.0 455.0 211.0 82.0 211.0 87.0 70.0 87.0 
2 4 1.48 1.48 455.0 7.0 455.0 211.0 82.0 211.0 87.0 70.0 87.0 219.0 61.0 219.0 
2 3 1.4 1.4 189.0 38.0 189.0 462.0 247.0 462.0 273.0 183.0 273.0 
2 4 1.9 1.9 189.0 38.0 189.0 462.0 247.0 462.0 273.0 183.0 273.0 918.0 454.0 918.0 
2 3 1.96 1.96 67.0 23.0 67.0 615.0 609.0 615.0 348.0 219.0 348.0 
2 3 1.3 1.3 343.0 341.0 343.0 279.0 75.0 279.0 24.0 1.0 24.0 
2 3 1.62 1.62 974.0 950.0 974.0 469.0 278.0 469.0 733.0 40.0 733.0 
2 3 1.59 1.59 352.0 226.0 352.0 732.0 353.0 732.0 739.0 349.0 739.0 
2 4 1.61 1.61 352.0 226.0 352.0 732.0 353.0 732.0 739.0 349.0 739.0 887.0 12.0 887.0 
2 3 1.81 1.81 922.0 603.0 922.0 481.0 470.0 481.0 243.0 44.0 243.0 
2 3 1.99 1.99 343.0 327.0 343.0 946.0 218.0 946.0 826.0 666.0 826.0 
2 3 1.23 1.23 758.0 16.0 758.0 576.0 324.0 576.0 990.0 643.0 990.0 
2 3 1.01 1.01 506.0 56.0 506.0 803.0 135.0 803.0 295.0 217.0 295.0 
2 4 1.76 1.76 506.0 56.0 506.0 803.0 135.0 803.0 295.0 217.0 295.0 552.0 414.0 552.0 
2 3 1.91 1.91 247.0 208.0 247.0 408.0 393.0 408.0 831.0 88.0 831.0 
2 3 1.82 1.82 618.0 585.0 618.0 562.0 349.0 562.0 614.0 157.0 614.0 
2 3 1.96 1.96 245.0 3.0 245.0 667.0 666.0 667.0 828.0 786.0 828.0 
2 3 1.61 1.61 426.0 31.0 426.0 562.0 387.0 562.0 291.0 249.0 291.0 
2 4 1.91 1.91 426.0 31.0 426.0 562.0 387.0 562.0 291.0 249.0 291.0 361.0 109.0 361.0 
2 3 1.8 1.8 742.0 463.0 742.0 443.0 149.0 443.0 566.0 476.0 566.0 
2 3 1.85 1.85 234.0 142.0 234.0 424.0 225.0 424.0 320.0 229.0 320.0 
2 3 1.63 1.63 754.0 221.0 754.0 380.0 189.0 380.0 758.0 639.0 758.0 
2 3 1.7 1.7 195.0 169.0 195.0 126.0 69.0 126.0 476.0 136.0 476.0 
2 3 1.33 1.33 594.0 247.0 594.0 228.0 207.0 228.0 409.0 3.0 409.0 
2 3 1.44 1.44 785.0 771.0 785.0 414.0 106.0 414.0 519.0 109.0 519.0 
2 4 1.62 1.62 785.0 771.0 785.0 414.0 106.0 414.0 519.0 109.0 519.0 695.0 121.0 695.0 
2 3 1.72 1.72 441.0 247.0 441.0 216.0 180.0 216.0 656.0 218.0 656.0 
2 3 1.65 1.65 684.0 275.0 684.0 714.0 359.0 714.0 757.0 570.0 757.0 
2 4 1.99 1.99 684.0 275.0 684.0 714.0 359.0 714.0 757.0 570.0 757.0 56.0 19.0 56.0 
2 3 1.53 1.53 864.0 765.0 864.0 258.0 6.0 258.0 146.0 92.0 146.0 
2 3 0.77 0.77 343.0 5.0 343.0 590.0 357.0 590.0 565.0 90.0 565.0 
2 4 1.35 1.35 343.0 5.0 343.0 590.0 357.0 590.0 565.0 90.0 565.0 875.0 500.0 875.0 
2 5 1.75 1.75 343.0 5.0 343.0 590.0 357.0 590.0 565.0 90.0 565.0 875.0 500.0 875.0 789.0 317.0 789.0 
2 3 1.43 1.43 700.0 653.0 700.0 226.0 104.0 226.0 860.0 33.0 860.0 
2 3 1.44 1.44 319.0 78.0 319.0 41.0 14.0 41.0 563.0 481.0 563.0 
2 4 1.55 1.55 319.0 78.0 319.0 41.0 14.0 41.0 563.0 481.0 563.0 478.0 53.0 478.0 
2 3 1.5 1.5 465.0 240.0 465.0 455.0 201.0 455.0 510.0 277.0 510.0 
2 3 1.72 1.72 266.0 232.0 266.0 47.0 25.0 47.0 631.0 200.0 631.0 
2 3 1.67 1.67 439.0 264.0 439.0 717.0 639.0 717.0 483.0 86.0 483.0 
2 4 1.88 1.88 439.0 264.0 439.0 717.0 639.0 717.0 483.0 86.0 483.0 455.0 97.0 455.0 
2 5 1.93 1.93 439.0 264.0 439.0 717.0 639.0 717.0 483.0 86.0 483.0 455.0 97.0 455.0 489.0 24.0 489.0 
2 3 0.9 0.9 606.0 12.0 606.0 491.0 421.0 491.0 748.0 20.0 748.0 
2 4 1.7 1.7 606.0 12.0 606.0 491.0 421.0 491.0 748.0 20.0 748.0 326.0 260.0 326.0 
2 3 1.68 1.68 950.0 193.0 950.0 783.0 436.0 783.0 755.0 697.0 755.0 
2 3 1.96 1.96 215.0 183.0 215.0 716.0 545.0 716.0 678.0 239.0 678.0 
2 3 1.87 1.87 826.0 366.0 826.0 281.0 232.0 281.0 821.0 496.0 821.0 
2 4 1.87 1.87 826.0 366.0 826.0 281.0 232.0 281.0 821.0 496.0 821.0 951.0 5.0 951.0 
2 3 1.68 1.68 114.0 6.0 114.0 155.0 112.0 155.0 260.0 236.0 260.0 
2 4 1.75 1.75 114.0 6.0 114.0 155.0 112.0 155.0 260.0 236.0 260.0 291.0 22.0 291.0 
2 3 1.2 1.2 452.0 362.0 452.0 855.0 292.0 855.0 16.0 1.0 16.0 
2 3 1.27 1.27 227.0 13.0 227.0 860.0 585.0 860.0 762.0 409.0 762.0 
2 3 1.5 1.5 677.0 652.0 677.0 344.0 82.0 344.0 496.0 152.0 496.0 
2 4 1.69 1.69 677.0 652.0 677.0 344.0 82.0 344.0 496.0 152.0 496.0 210.0 40.0 210.0 
2 3 1.41 1.41 5.0 4.0 5.0 869.0 72.0 869.0 756.0 405.0 756.0 
2 3 1.96 1.96 455.0 405.0 455.0 273.0 57.0 273.0 99.0 86.0 99.0 
2 3 0.97 0.97 304.0 15.0 304.0 176.0 6.0 176.0 471.0 422.0 471.0 
2 4 1.84 1.84 304.0 15.0 304.0 176.0 6.0 176.0 471.0 422.0 471.0 659.0 571.0 659.0 
2 3 1.3 1.3 339.0 64.0 339.0 910.0 478.0 910.0 894.0 528.0 894.0 
2 3 1.16 1.16 410.0 9.0 410.0 930.0 851.0 930.0 740.0 168.0 740.0 
2 3 1.51 1.51 470.0 153.0 470.0 612.0 396.0 612.0 959.0 520.0 959.0 
2 3 1.67 1.67 139.0 125.0 139.0 337.0 20.0 337.0 940.0 677.0 940.0 
2 3 1.47 1.47 259.0 13.0 259.0 214.0 135.0 214.0 913.0 722.0 913.0 
2 3 1.79 1.79 834.0 111.0 834.0 253.0 169.0 253.0 232.0 231.0 232.0 
2 3 1.91 1.91 559.0 390.0 559.0 386.0 258.0 386.0 817.0 452.0 817.0 
2 3 1.48 1.48 356.0 231.0 356.0 833.0 294.0 833.0 39.0 19.0 39.0 
2 3 1.7 1.7 87.0 20.0 87.0 802.0 620.0 802.0 321.0 225.0 321.0 
2 4 1.93 1.93 87.0 20.0 87.0 802.0 620.0 802.0 321.0 225.0 321.0 13.0 3.0 13.0 
2 3 1.98 1.98 572.0 115.0 572.0 600.0 545.0 600.0 521.0 457.0 521.0 
2 3 1.45 1.45 892.0 145.0 892.0 824.0 489.0 824.0 398.0 278.0 398.0 
2 4 1.68 1.68 892.0 145.0 892.0 824.0 489.0 824.0 398.0 278.0 398.0 52.0 12.0 52.0 
2 3 1.62 1.62 282.0 76.0 282.0 59.0 46.0 59.0 14.0 8.0 14.0 
2 3 1.53 1.53 811.0 158.0 811.0 283.0 177.0 283.0 875.0 626.0 875.0 
2 4 1.55 1.55 811.0 158.0 811.0 283.0 177.0 283.0 875.0 626.0 875.0 304.0 7.0 304.0 
2 3 1.46 1.46 909.0 571.0 909.0 397.0 73.0 397.0 840.0 551.0 840.0 
2 3 1.92 1.92 900.0 299.0 900.0 214.0 164.0 214.0 903.0 742.0 903.0 
2 3 1.14 1.14 699.0 481.0 699.0 875.0 79.0 875.0 311.0 114.0 311.0 
2 3 1.78 1.78 24.0 16.0 24.0 780.0 395.0 780.0 90.0 55.0 90.0 
2 3 1.68 1.68 849.0 35.0 849.0 994.0 900.0 994.0 745.0 552.0 745.0 
2 3 1.03 1.03 845.0 222.0 845.0 658.0 28.0 658.0 380.0 278.0 380.0 
2 4 1.63 1.63 845.0 222.0 845.0 658.0 28.0 658.0 380.0 278.0 380.0 734.0 438.0 734.0 
2 3 1.64 1.64 702.0 592.0 702.0 601.0 3.0 601.0 590.0 470.0 590.0 
2 3 1.67 1.67 299.0 70.0 299.0 233.0 150.0 233.0 574.0 455.0 574.0 
2 3 0.67 0.67 606.0 31.0 606.0 100.0 57.0 100.0 899.0 45.0 899.0 
2 4 1.46 1.46 606.0 31.0 606.0 100.0 57.0 100.0 899.0 45.0 899.0 423.0 334.0 423.0 
2 3 0.91 0.91 135.0 23.0 135.0 400.0 71.0 400.0 126.0 72.0 126.0 
2 4 1.72 1.72 135.0 23.0 135.0 400.0 71.0 400.0 126.0 72.0 126.0 243.0 197.0 243.0 
2 5 1.86 1.86 135.0 23.0 135.0 400.0 71.0 400.0 126.0 72.0 126.0 243.0 197.0 243.0 742.0 103.0 742.0 
2 3 0.96 0.96 668.0 390.0 668.0 528.0 20.0 528.0 285.0 97.0 285.0 
2 4 1.76 1.76 668.0 390.0 668.0 528.0 20.0 528.0 285.0 97.0 285.0 441.0 354.0 441.0 
2 3 1.56 1.56 656.0 552.0 656.0 990.0 611.0 990.0 893.0 96.0 893.0 
2 3 1.15 1.15 571.0 465.0 571.0 789.0 50.0 789.0 391.0 110.0 391.0 
2 3 1.33 1.33 438.0 261.0 438.0 125.0 5.0 125.0 647.0 454.0 647.0 
2 3 1.63 1.63 186.0 55.0 186.0 572.0 426.0 572.0 247.0 146.0 247.0 
2 3 1.06 1.06 326.0 123.0 326.0 356.0 4.0 356.0 940.0 632.0 940.0 
2 4 1.86 1.86 326.0 123.0 326.0 356.0 4.0 356.0 940.0 632.0 940.0 982.0 786.0 982.0 
2 3 1.57 1.57 596.0 161.0 596.0 1000.0 777.0 1000.0 766.0 405.0 766.0 
2 3 1.71 1.71 746.0 439.0 746.0 97.0 23.0 97.0 136.0 121.0 136.0 
2 3 1.22 1.22 327.0 158.0 327.0 435.0 70.0 435.0 906.0 526.0 906.0 
2 4 1.83 1.83 327.0 158.0 327.0 435.0 70.0 435.0 906.0 526.0 906.0 62.0 38.0 62.0 
2 3 1.37 1.37 533.0 229.0 533.0 786.0 72.0 786.0 164.0 140.0 164.0 
2 4 1.38 1.38 533.0 229.0 533.0 786.0 72.0 786.0 164.0 140.0 164.0 362.0 2.0 362.0 
2 3 1.4 1.4 986.0 143.0 986.0 939.0 758.0 939.0 756.0 341.0 756.0 
2 3 1.7 1.7 69.0 10.0 69.0 317.0 215.0 317.0 656.0 580.0 656.0 
2 3 1.16 1.16 222.0 57.0 222.0 564.0 51.0 564.0 632.0 515.0 632.0 
2 3 1.47 1.47 288.0 270.0 288.0 387.0 54.0 387.0 918.0 363.0 918.0 
2 3 0.85 0.85 45.0 26.0 45.0 311.0 6.0 311.0 593.0 151.0 593.0 
2 4 1.49 1.49 45.0 26.0 45.0 311.0 6.0 311.0 593.0 151.0 593.0 324.0 210.0 324.0 
2 5 1.69 1.69 45.0 26.0 45.0 311.0 6.0 311.0 593.0 151.0 593.0 324.0 210.0 324.0 265.0 53.0 265.0 
2 3 1.09 1.09 854.0 531.0 854.0 232.0 32.0 232.0 83.0 28.0 83.0 
2 4 1.11 1.11 854.0 531.0 854.0 232.0 32.0 232.0 83.0 28.0 83.0 814.0 15.0 814.0 
2 5 1.63 1.63 854.0 531.0 854.0 232.0 32.0 232.0 83.0 28.0 83.0 814.0 15.0 814.0 468.0 243.0 468.0 
2 3 1.18 1.18 949.0 518.0 949.0 669.0 71.0 669.0 514.0 276.0 514.0 
2 4 1.26 1.26 949.0 518.0 949.0 669.0 71.0 669.0 514.0 276.0 514.0 660.0 49.0 660.0 
2 3 1.94 1.94 53.0 45.0 53.0 602.0 496.0 602.0 263.0 72.0 263.0 
2 3 0.79 0.79 359.0 127.0 359.0 98.0 27.0 98.0 925.0 153.0 925.0 
2 4 1.61 1.61 359.0 127.0 359.0 98.0 27.0 98.0 925.0 153.0 925.0 758.0 625.0 758.0 
2 3 1.13 1.13 645.0 475.0 645.0 990.0 73.0 990.0 913.0 300.0 913.0 
2 4 1.67 1.67 645.0 475.0 645.0 990.0 73.0 990.0 913.0 300.0 913.0 809.0 433.0 809.0 
2 5 1.96 1.96 645.0 475.0 645.0 990.0 73.0 990.0 913.0 300.0 913.0 809.0 433.0 809.0 395.0 115.0 395.0 
2 3 1.99 1.99 833.0 540.0 833.0 931.0 344.0 931.0 551.0 538.0 551.0 
2 3 1.6 1.6 912.0 470.0 912.0 249.0 125.0 249.0 443.0 261.0 443.0 
2 3 1.93 1.93 814.0 486.0 814.0 395.0 317.0 395.0 961.0 519.0 961.0 
2 3 1.19 1.19 792.0 159.0 792.0 397.0 297.0 397.0 744.0 182.0 744.0 
2 4 1.72 1.72 792.0 159.0 792.0 397.0 297.0 397.0 744.0 182.0 744.0 329.0 174.0 329.0 
2 3 1.5 1.5 936.0 263.0 936.0 922.0 560.0 922.0 470.0 291.0 470.0 
2 3 1.95 1.95 248.0 191.0 248.0 981.0 543.0 981.0 308.0 193.0 308.0 
2 3 1.02 1.02 42.0 9.0 42.0 791.0 290.0 791.0 873.0 391.0 873.0 
2 4 1.94 1.94 42.0 9.0 42.0 791.0 290.0 791.0 873.0 391.0 873.0 856.0 780.0 856.0 
2 5 1.98 1.98 42.0 9.0 42.0 791.0 290.0 791.0 873.0 391.0 873.0 856.0 780.0 856.0 346.0 14.0 346.0 
2 3 1.56 1.56 351.0 183.0 351.0 978.0 127.0 978.0 952.0 871.0 952.0 
2 3 1.77 1.77 512.0 177.0 512.0 407.0 385.0 407.0 280.0 136.0 280.0 
2 3 1.95 1.95 372.0 264.0 372.0 44.0 44.0 44.0 485.0 120.0 485.0 
2 3 1.39 1.39 970.0 584.0 970.0 147.0 99.0 147.0 489.0 57.0 489.0 
2 4 1.45 1.45 970.0 584.0 970.0 147.0 99.0 147.0 489.0 57.0 489.0 955.0 61.0 955.0 
2 3 1.89 1.89 262.0 97.0 262.0 839.0 776.0 839.0 895.0 539.0 895.0 
2 3 1.4 1.4 965.0 45.0 965.0 934.0 909.0 934.0 264.0 102.0 264.0 
2 3 1.53 1.53 425.0 256.0 425.0 622.0 289.0 622.0 643.0 303.0 643.0 
2 3 0.97 0.97 126.0 76.0 126.0 327.0 52.0 327.0 167.0 35.0 167.0 
2 4 1.94 1.94 126.0 76.0 126.0 327.0 52.0 327.0 167.0 35.0 167.0 245.0 239.0 245.0 
2 3 1.5 1.5 461.0 376.0 461.0 724.0 155.0 724.0 165.0 79.0 165.0 
2 3 1.28 1.28 571.0 398.0 571.0 243.0 82.0 243.0 514.0 127.0 514.0 
2 3 1.67 1.67 295.0 187.0 295.0 52.0 34.0 52.0 170.0 66.0 170.0 
2 3 0.91 0.91 510.0 127.0 510.0 449.0 90.0 449.0 347.0 163.0 347.0 
2 4 1.77 1.77 510.0 127.0 510.0 449.0 90.0 449.0 347.0 163.0 347.0 68.0 58.0 68.0 
2 5 1.85 1.85 510.0 127.0 510.0 449.0 90.0 449.0 347.0 163.0 347.0 68.0 58.0 68.0 84.0 7.0 84.0 
2 3 1.95 1.95 730.0 682.0 730.0 722.0 520.0 722.0 998.0 299.0 998.0 
2 3 1.39 1.39 547.0 332.0 547.0 497.0 136.0 497.0 89.0 46.0 89.0 
2 3 1.64 1.64 443.0 311.0 443.0 124.0 62.0 124.0 363.0 159.0 363.0 
2 3 1.57 1.57 502.0 353.0 502.0 980.0 679.0 980.0 741.0 130.0 741.0 
2 3 1.71 1.71 519.0 53.0 519.0 18.0 14.0 18.0 500.0 420.0 500.0 
2 3 1.82 1.82 698.0 492.0 698.0 658.0 224.0 658.0 422.0 330.0 422.0 
2 3 0.87 0.87 171.0 70.0 171.0 247.0 73.0 247.0 548.0 91.0 548.0 
2 4 1.13 1.13 171.0 70.0 171.0 247.0 73.0 247.0 548.0 91.0 548.0 15.0 4.0 15.0 
