1 2 0.83 0.83 131.0 59.0 131.0 658.0 250.0 658.0 
1 2 0.54 0.54 356.0 60.0 356.0 404.0 151.0 404.0 
1 3 0.78 0.78 356.0 60.0 356.0 404.0 151.0 404.0 484.0 118.0 484.0 
1 2 0.8 0.8 736.0 415.0 736.0 604.0 145.0 604.0 
1 3 0.88 0.88 736.0 415.0 736.0 604.0 145.0 604.0 239.0 20.0 239.0 
1 2 0.5 0.5 2.0 1.0 2.0 668.0 6.0 668.0 
1 3 0.51 0.51 2.0 1.0 2.0 668.0 6.0 668.0 974.0 9.0 974.0 
1 4 0.95 0.95 2.0 1.0 2.0 668.0 6.0 668.0 974.0 9.0 974.0 385.0 168.0 385.0 
1 2 0.51 0.51 774.0 363.0 774.0 253.0 12.0 253.0 
1 3 0.87 0.87 774.0 363.0 774.0 253.0 12.0 253.0 372.0 133.0 372.0 
1 4 0.94 0.94 774.0 363.0 774.0 253.0 12.0 253.0 372.0 133.0 372.0 834.0 57.0 834.0 
1 2 0.04 0.04 726.0 13.0 726.0 69.0 2.0 69.0 
1 3 0.66 0.66 726.0 13.0 726.0 69.0 2.0 69.0 150.0 92.0 150.0 
1 2 0.5 0.5 796.0 182.0 796.0 967.0 271.0 967.0 
1 3 0.77 0.77 796.0 182.0 796.0 967.0 271.0 967.0 606.0 164.0 606.0 
1 4 0.83 0.83 796.0 182.0 796.0 967.0 271.0 967.0 606.0 164.0 606.0 509.0 29.0 509.0 
1 5 0.94 0.94 796.0 182.0 796.0 967.0 271.0 967.0 606.0 164.0 606.0 509.0 29.0 509.0 161.0 17.0 161.0 
1 2 0.2 0.2 159.0 27.0 159.0 898.0 35.0 898.0 
1 3 0.87 0.87 159.0 27.0 159.0 898.0 35.0 898.0 974.0 652.0 974.0 
1 2 0.24 0.24 225.0 34.0 225.0 336.0 33.0 336.0 
1 3 0.59 0.59 225.0 34.0 225.0 336.0 33.0 336.0 329.0 113.0 329.0 
1 2 0.12 0.12 912.0 96.0 912.0 438.0 7.0 438.0 
1 3 0.75 0.75 912.0 96.0 912.0 438.0 7.0 438.0 898.0 571.0 898.0 
1 2 0.5 0.5 831.0 308.0 831.0 569.0 79.0 569.0 
1 3 0.69 0.69 831.0 308.0 831.0 569.0 79.0 569.0 687.0 126.0 687.0 
1 2 0.65 0.65 431.0 158.0 431.0 773.0 222.0 773.0 
1 2 0.73 0.73 320.0 15.0 320.0 195.0 134.0 195.0 
1 2 0.16 0.16 585.0 3.0 585.0 544.0 87.0 544.0 
1 3 0.62 0.62 585.0 3.0 585.0 544.0 87.0 544.0 319.0 146.0 319.0 
1 2 0.33 0.33 264.0 35.0 264.0 675.0 139.0 675.0 
1 3 0.35 0.35 264.0 35.0 264.0 675.0 139.0 675.0 514.0 10.0 514.0 
1 4 0.85 0.85 264.0 35.0 264.0 675.0 139.0 675.0 514.0 10.0 514.0 936.0 467.0 936.0 
1 2 0.89 0.89 130.0 34.0 130.0 88.0 56.0 88.0 
1 2 0.36 0.36 433.0 133.0 433.0 160.0 9.0 160.0 
1 3 0.4 0.4 433.0 133.0 433.0 160.0 9.0 160.0 624.0 27.0 624.0 
1 4 0.65 0.65 433.0 133.0 433.0 160.0 9.0 160.0 624.0 27.0 624.0 106.0 26.0 106.0 
1 2 0.59 0.59 777.0 204.0 777.0 277.0 92.0 277.0 
1 2 0.47 0.47 840.0 174.0 840.0 481.0 131.0 481.0 
1 3 0.55 0.55 840.0 174.0 840.0 481.0 131.0 481.0 840.0 65.0 840.0 
1 4 0.84 0.84 840.0 174.0 840.0 481.0 131.0 481.0 840.0 65.0 840.0 215.0 61.0 215.0 
1 2 0.59 0.59 618.0 364.0 618.0 306.0 2.0 306.0 
1 3 0.8 0.8 618.0 364.0 618.0 306.0 2.0 306.0 558.0 119.0 558.0 
1 2 0.43 0.43 961.0 167.0 961.0 156.0 40.0 156.0 
1 3 0.58 0.58 961.0 167.0 961.0 156.0 40.0 156.0 766.0 121.0 766.0 
1 4 0.81 0.81 961.0 167.0 961.0 156.0 40.0 156.0 766.0 121.0 766.0 587.0 136.0 587.0 
1 5 0.89 0.89 961.0 167.0 961.0 156.0 40.0 156.0 766.0 121.0 766.0 587.0 136.0 587.0 202.0 15.0 202.0 
1 6 0.93 0.93 961.0 167.0 961.0 156.0 40.0 156.0 766.0 121.0 766.0 587.0 136.0 587.0 202.0 15.0 202.0 306.0 12.0 306.0 
1 2 0.35 0.35 380.0 8.0 380.0 638.0 214.0 638.0 
1 3 0.83 0.83 380.0 8.0 380.0 638.0 214.0 638.0 922.0 442.0 922.0 
1 2 0.98 0.98 259.0 37.0 259.0 52.0 44.0 52.0 
1 2 0.32 0.32 95.0 27.0 95.0 69.0 3.0 69.0 
1 3 0.36 0.36 95.0 27.0 95.0 69.0 3.0 69.0 681.0 28.0 681.0 
1 4 0.56 0.56 95.0 27.0 95.0 69.0 3.0 69.0 681.0 28.0 681.0 362.0 72.0 362.0 
1 5 0.73 0.73 95.0 27.0 95.0 69.0 3.0 69.0 681.0 28.0 681.0 362.0 72.0 362.0 188.0 31.0 188.0 
1 2 0.6 0.6 76.0 20.0 76.0 614.0 207.0 614.0 
1 2 0.16 0.16 590.0 92.0 590.0 705.0 9.0 705.0 
1 3 0.28 0.28 590.0 92.0 590.0 705.0 9.0 705.0 547.0 66.0 547.0 
1 4 0.3 0.3 590.0 92.0 590.0 705.0 9.0 705.0 547.0 66.0 547.0 745.0 11.0 745.0 
1 5 0.89 0.89 590.0 92.0 590.0 705.0 9.0 705.0 547.0 66.0 547.0 745.0 11.0 745.0 559.0 331.0 559.0 
1 2 0.57 0.57 709.0 278.0 709.0 790.0 142.0 790.0 
1 3 0.64 0.64 709.0 278.0 709.0 790.0 142.0 790.0 431.0 33.0 431.0 
1 4 0.77 0.77 709.0 278.0 709.0 790.0 142.0 790.0 431.0 33.0 431.0 635.0 81.0 635.0 
1 5 0.91 0.91 709.0 278.0 709.0 790.0 142.0 790.0 431.0 33.0 431.0 635.0 81.0 635.0 526.0 75.0 526.0 
1 2 0.66 0.66 911.0 473.0 911.0 972.0 141.0 972.0 
1 2 0.37 0.37 528.0 104.0 528.0 940.0 171.0 940.0 
1 3 0.74 0.74 528.0 104.0 528.0 940.0 171.0 940.0 387.0 143.0 387.0 
1 4 0.8 0.8 528.0 104.0 528.0 940.0 171.0 940.0 387.0 143.0 387.0 65.0 4.0 65.0 
1 5 0.9 0.9 528.0 104.0 528.0 940.0 171.0 940.0 387.0 143.0 387.0 65.0 4.0 65.0 486.0 48.0 486.0 
1 2 0.62 0.62 324.0 13.0 324.0 266.0 156.0 266.0 
1 3 0.67 0.67 324.0 13.0 324.0 266.0 156.0 266.0 769.0 39.0 769.0 
1 2 0.76 0.76 438.0 176.0 438.0 245.0 89.0 245.0 
1 3 0.79 0.79 438.0 176.0 438.0 245.0 89.0 245.0 539.0 17.0 539.0 
1 2 0.67 0.67 275.0 132.0 275.0 273.0 54.0 273.0 
1 3 0.76 0.76 275.0 132.0 275.0 273.0 54.0 273.0 45.0 4.0 45.0 
1 4 0.88 0.88 275.0 132.0 275.0 273.0 54.0 273.0 45.0 4.0 45.0 211.0 24.0 211.0 
1 2 0.82 0.82 360.0 147.0 360.0 451.0 189.0 451.0 
1 2 0.84 0.84 22.0 14.0 22.0 911.0 193.0 911.0 
1 2 0.71 0.71 867.0 606.0 867.0 805.0 10.0 805.0 
1 3 0.96 0.96 867.0 606.0 867.0 805.0 10.0 805.0 680.0 170.0 680.0 
1 2 0.75 0.75 308.0 191.0 308.0 815.0 108.0 815.0 
1 2 0.9 0.9 725.0 310.0 725.0 134.0 64.0 134.0 
1 2 0.25 0.25 403.0 41.0 403.0 71.0 11.0 71.0 
1 3 0.73 0.73 403.0 41.0 403.0 71.0 11.0 71.0 848.0 407.0 848.0 
1 4 0.81 0.81 403.0 41.0 403.0 71.0 11.0 71.0 848.0 407.0 848.0 748.0 58.0 748.0 
1 2 0.75 0.75 565.0 278.0 565.0 453.0 119.0 453.0 
1 3 0.97 0.97 565.0 278.0 565.0 453.0 119.0 453.0 449.0 99.0 449.0 
1 2 0.77 0.77 767.0 463.0 767.0 160.0 27.0 160.0 
1 2 0.22 0.22 285.0 64.0 285.0 599.0 1.0 599.0 
1 3 0.57 0.57 285.0 64.0 285.0 599.0 1.0 599.0 664.0 231.0 664.0 
1 4 0.76 0.76 285.0 64.0 285.0 599.0 1.0 599.0 664.0 231.0 664.0 802.0 151.0 802.0 
1 2 0.69 0.69 738.0 501.0 738.0 575.0 12.0 575.0 
1 3 0.77 0.77 738.0 501.0 738.0 575.0 12.0 575.0 53.0 4.0 53.0 
1 2 0.14 0.14 75.0 10.0 75.0 729.0 6.0 729.0 
1 3 0.36 0.36 75.0 10.0 75.0 729.0 6.0 729.0 49.0 11.0 49.0 
1 4 0.47 0.47 75.0 10.0 75.0 729.0 6.0 729.0 49.0 11.0 49.0 546.0 61.0 546.0 
1 5 0.52 0.52 75.0 10.0 75.0 729.0 6.0 729.0 49.0 11.0 49.0 546.0 61.0 546.0 913.0 41.0 913.0 
1 6 0.68 0.68 75.0 10.0 75.0 729.0 6.0 729.0 49.0 11.0 49.0 546.0 61.0 546.0 913.0 41.0 913.0 859.0 136.0 859.0 
1 2 0.76 0.76 368.0 67.0 368.0 801.0 466.0 801.0 
1 2 0.32 0.32 917.0 88.0 917.0 805.0 183.0 805.0 
1 3 0.38 0.38 917.0 88.0 917.0 805.0 183.0 805.0 169.0 10.0 169.0 
1 4 0.4 0.4 917.0 88.0 917.0 805.0 183.0 805.0 169.0 10.0 169.0 302.0 7.0 302.0 
1 2 0.97 0.97 363.0 246.0 363.0 536.0 157.0 536.0 
1 2 0.39 0.39 324.0 101.0 324.0 753.0 61.0 753.0 
1 2 0.74 0.74 900.0 405.0 900.0 259.0 77.0 259.0 
1 3 0.78 0.78 900.0 405.0 900.0 259.0 77.0 259.0 735.0 28.0 735.0 
1 4 0.95 0.95 900.0 405.0 900.0 259.0 77.0 259.0 735.0 28.0 735.0 890.0 150.0 890.0 
1 2 0.5 0.5 940.0 217.0 940.0 370.0 100.0 370.0 
1 3 0.88 0.88 940.0 217.0 940.0 370.0 100.0 370.0 913.0 355.0 913.0 
1 2 0.52 0.52 137.0 31.0 137.0 563.0 170.0 563.0 
1 3 0.74 0.74 137.0 31.0 137.0 563.0 170.0 563.0 912.0 201.0 912.0 
1 4 0.99 0.99 137.0 31.0 137.0 563.0 170.0 563.0 912.0 201.0 912.0 201.0 50.0 201.0 
1 2 0.7 0.7 832.0 254.0 832.0 580.0 229.0 580.0 
1 3 0.91 0.91 832.0 254.0 832.0 580.0 229.0 580.0 174.0 37.0 174.0 
1 2 0.34 0.34 602.0 130.0 602.0 575.0 72.0 575.0 
1 3 0.67 0.67 602.0 130.0 602.0 575.0 72.0 575.0 813.0 268.0 813.0 
1 4 0.96 0.96 602.0 130.0 602.0 575.0 72.0 575.0 813.0 268.0 813.0 552.0 164.0 552.0 
1 2 0.85 0.85 96.0 15.0 96.0 534.0 375.0 534.0 
1 3 0.97 0.97 96.0 15.0 96.0 534.0 375.0 534.0 368.0 42.0 368.0 
1 2 0.22 0.22 975.0 209.0 975.0 681.0 4.0 681.0 
1 3 0.78 0.78 975.0 209.0 975.0 681.0 4.0 681.0 414.0 232.0 414.0 
1 4 0.99 0.99 975.0 209.0 975.0 681.0 4.0 681.0 414.0 232.0 414.0 270.0 57.0 270.0 
1 2 0.45 0.45 355.0 56.0 355.0 544.0 159.0 544.0 
1 3 0.78 0.78 355.0 56.0 355.0 544.0 159.0 544.0 955.0 319.0 955.0 
1 4 0.88 0.88 355.0 56.0 355.0 544.0 159.0 544.0 955.0 319.0 955.0 283.0 28.0 283.0 
1 2 0.86 0.86 359.0 270.0 359.0 766.0 90.0 766.0 
1 2 0.5 0.5 142.0 60.0 142.0 999.0 86.0 999.0 
1 3 0.76 0.76 142.0 60.0 142.0 999.0 86.0 999.0 713.0 181.0 713.0 
1 2 0.43 0.43 752.0 2.0 752.0 895.0 389.0 895.0 
1 3 0.9 0.9 752.0 2.0 752.0 895.0 389.0 895.0 741.0 344.0 741.0 
1 2 0.23 0.23 824.0 69.0 824.0 769.0 120.0 769.0 
1 3 0.38 0.38 824.0 69.0 824.0 769.0 120.0 769.0 257.0 37.0 257.0 
1 4 0.49 0.49 824.0 69.0 824.0 769.0 120.0 769.0 257.0 37.0 257.0 444.0 48.0 444.0 
1 2 0.7 0.7 601.0 270.0 601.0 267.0 68.0 267.0 
1 2 0.44 0.44 56.0 10.0 56.0 213.0 56.0 213.0 
1 2 0.49 0.49 954.0 140.0 954.0 435.0 153.0 435.0 
1 3 0.64 0.64 954.0 140.0 954.0 435.0 153.0 435.0 970.0 144.0 970.0 
1 2 0.76 0.76 746.0 468.0 746.0 922.0 131.0 922.0 
1 2 0.62 0.62 954.0 210.0 954.0 251.0 101.0 251.0 
1 3 0.83 0.83 954.0 210.0 954.0 251.0 101.0 251.0 133.0 28.0 133.0 
1 2 0.42 0.42 26.0 1.0 26.0 41.0 16.0 41.0 
1 2 0.28 0.28 878.0 107.0 878.0 158.0 26.0 158.0 
1 3 0.37 0.37 878.0 107.0 878.0 158.0 26.0 158.0 421.0 38.0 421.0 
1 4 0.68 0.68 878.0 107.0 878.0 158.0 26.0 158.0 421.0 38.0 421.0 666.0 206.0 666.0 
1 2 0.53 0.53 258.0 129.0 258.0 530.0 16.0 530.0 
1 2 0.07 0.07 409.0 3.0 409.0 818.0 57.0 818.0 
1 3 0.33 0.33 409.0 3.0 409.0 818.0 57.0 818.0 853.0 218.0 853.0 
1 2 0.44 0.44 953.0 203.0 953.0 229.0 52.0 229.0 
1 3 0.74 0.74 953.0 203.0 953.0 229.0 52.0 229.0 272.0 83.0 272.0 
1 4 0.84 0.84 953.0 203.0 953.0 229.0 52.0 229.0 272.0 83.0 272.0 119.0 12.0 119.0 
1 5 0.92 0.92 953.0 203.0 953.0 229.0 52.0 229.0 272.0 83.0 272.0 119.0 12.0 119.0 516.0 39.0 516.0 
1 2 0.23 0.23 111.0 5.0 111.0 851.0 161.0 851.0 
1 3 0.94 0.94 111.0 5.0 111.0 851.0 161.0 851.0 229.0 162.0 229.0 
1 2 0.48 0.48 956.0 401.0 956.0 207.0 14.0 207.0 
1 3 0.7 0.7 956.0 401.0 956.0 207.0 14.0 207.0 780.0 173.0 780.0 
1 4 0.85 0.85 956.0 401.0 956.0 207.0 14.0 207.0 780.0 173.0 780.0 7.0 1.0 7.0 
1 2 0.97 0.97 586.0 89.0 586.0 787.0 651.0 787.0 
1 2 0.7 0.7 593.0 300.0 593.0 123.0 24.0 123.0 
1 2 0.37 0.37 154.0 15.0 154.0 773.0 215.0 773.0 
1 3 0.69 0.69 154.0 15.0 154.0 773.0 215.0 773.0 829.0 263.0 829.0 
1 4 0.91 0.91 154.0 15.0 154.0 773.0 215.0 773.0 829.0 263.0 829.0 827.0 185.0 827.0 
1 2 0.86 0.86 383.0 170.0 383.0 579.0 244.0 579.0 
1 3 0.91 0.91 383.0 170.0 383.0 579.0 244.0 579.0 508.0 27.0 508.0 
1 2 0.44 0.44 735.0 108.0 735.0 460.0 135.0 460.0 
1 3 0.45 0.45 735.0 108.0 735.0 460.0 135.0 460.0 211.0 4.0 211.0 
1 4 0.7 0.7 735.0 108.0 735.0 460.0 135.0 460.0 211.0 4.0 211.0 298.0 72.0 298.0 
1 5 0.81 0.81 735.0 108.0 735.0 460.0 135.0 460.0 211.0 4.0 211.0 298.0 72.0 298.0 882.0 101.0 882.0 
1 2 0.99 0.99 214.0 81.0 214.0 355.0 218.0 355.0 
1 2 0.97 0.97 598.0 241.0 598.0 853.0 487.0 853.0 
1 2 0.84 0.84 745.0 65.0 745.0 397.0 302.0 397.0 
1 2 0.17 0.17 861.0 86.0 861.0 693.0 54.0 693.0 
1 3 0.18 0.18 861.0 86.0 861.0 693.0 54.0 693.0 591.0 7.0 591.0 
1 4 0.87 0.87 861.0 86.0 861.0 693.0 54.0 693.0 591.0 7.0 591.0 931.0 636.0 931.0 
1 5 0.95 0.95 861.0 86.0 861.0 693.0 54.0 693.0 591.0 7.0 591.0 931.0 636.0 931.0 435.0 34.0 435.0 
1 2 0.64 0.64 688.0 138.0 688.0 257.0 114.0 257.0 
1 3 0.97 0.97 688.0 138.0 688.0 257.0 114.0 257.0 756.0 251.0 756.0 
1 2 0.74 0.74 416.0 39.0 416.0 276.0 181.0 276.0 
1 3 0.82 0.82 416.0 39.0 416.0 276.0 181.0 276.0 557.0 44.0 557.0 
1 2 0.36 0.36 660.0 105.0 660.0 782.0 159.0 782.0 
1 3 0.43 0.43 660.0 105.0 660.0 782.0 159.0 782.0 838.0 58.0 838.0 
1 4 0.83 0.83 660.0 105.0 660.0 782.0 159.0 782.0 838.0 58.0 838.0 459.0 186.0 459.0 
1 5 0.86 0.86 660.0 105.0 660.0 782.0 159.0 782.0 838.0 58.0 838.0 459.0 186.0 459.0 100.0 3.0 100.0 
1 2 0.43 0.43 479.0 156.0 479.0 731.0 81.0 731.0 
1 3 0.49 0.49 479.0 156.0 479.0 731.0 81.0 731.0 130.0 7.0 130.0 
1 2 0.5 0.5 7.0 2.0 7.0 349.0 75.0 349.0 
1 3 0.72 0.72 7.0 2.0 7.0 349.0 75.0 349.0 336.0 74.0 336.0 
1 4 0.82 0.82 7.0 2.0 7.0 349.0 75.0 349.0 336.0 74.0 336.0 443.0 47.0 443.0 
1 2 0.82 0.82 452.0 209.0 452.0 47.0 17.0 47.0 
1 2 0.13 0.13 136.0 3.0 136.0 165.0 19.0 165.0 
1 3 0.58 0.58 136.0 3.0 136.0 165.0 19.0 165.0 928.0 418.0 928.0 
1 2 0.64 0.64 385.0 145.0 385.0 719.0 193.0 719.0 
1 3 0.87 0.87 385.0 145.0 385.0 719.0 193.0 719.0 746.0 168.0 746.0 
1 2 0.29 0.29 458.0 96.0 458.0 291.0 26.0 291.0 
1 3 0.59 0.59 458.0 96.0 458.0 291.0 26.0 291.0 481.0 141.0 481.0 
1 2 0.4 0.4 61.0 22.0 61.0 144.0 6.0 144.0 
1 2 0.25 0.25 807.0 54.0 807.0 757.0 145.0 757.0 
1 3 0.7 0.7 807.0 54.0 807.0 757.0 145.0 757.0 350.0 157.0 350.0 
1 2 0.79 0.79 566.0 204.0 566.0 208.0 91.0 208.0 
1 2 0.56 0.56 782.0 141.0 782.0 800.0 304.0 800.0 
1 3 0.88 0.88 782.0 141.0 782.0 800.0 304.0 800.0 962.0 315.0 962.0 
1 2 0.39 0.39 38.0 13.0 38.0 497.0 24.0 497.0 
1 3 0.41 0.41 38.0 13.0 38.0 497.0 24.0 497.0 34.0 1.0 34.0 
1 4 0.7 0.7 38.0 13.0 38.0 497.0 24.0 497.0 34.0 1.0 34.0 953.0 269.0 953.0 
1 5 0.92 0.92 38.0 13.0 38.0 497.0 24.0 497.0 34.0 1.0 34.0 953.0 269.0 953.0 375.0 84.0 375.0 
1 2 0.86 0.86 868.0 336.0 868.0 937.0 448.0 937.0 
1 2 0.77 0.77 687.0 366.0 687.0 986.0 237.0 986.0 
1 2 0.74 0.74 873.0 113.0 873.0 65.0 40.0 65.0 
1 3 0.82 0.82 873.0 113.0 873.0 65.0 40.0 65.0 500.0 40.0 500.0 
1 2 0.75 0.75 640.0 97.0 640.0 274.0 164.0 274.0 
1 2 0.14 0.14 510.0 16.0 510.0 693.0 80.0 693.0 
1 2 0.64 0.64 672.0 303.0 672.0 193.0 37.0 193.0 
1 3 0.84 0.84 672.0 303.0 672.0 193.0 37.0 193.0 423.0 86.0 423.0 
1 2 0.75 0.75 950.0 472.0 950.0 284.0 73.0 284.0 
1 2 0.29 0.29 346.0 50.0 346.0 946.0 144.0 946.0 
1 3 0.94 0.94 346.0 50.0 346.0 946.0 144.0 946.0 961.0 621.0 961.0 
1 2 0.72 0.72 661.0 243.0 661.0 910.0 326.0 910.0 
1 2 0.89 0.89 272.0 180.0 272.0 235.0 54.0 235.0 
1 2 0.69 0.69 95.0 35.0 95.0 647.0 210.0 647.0 
1 2 0.32 0.32 454.0 38.0 454.0 777.0 185.0 777.0 
1 3 0.37 0.37 454.0 38.0 454.0 777.0 185.0 777.0 595.0 33.0 595.0 
1 4 0.51 0.51 454.0 38.0 454.0 777.0 185.0 777.0 595.0 33.0 595.0 667.0 90.0 667.0 
1 2 0.91 0.91 563.0 437.0 563.0 7.0 1.0 7.0 
1 2 0.65 0.65 215.0 42.0 215.0 735.0 336.0 735.0 
1 2 0.58 0.58 922.0 122.0 922.0 80.0 36.0 80.0 
1 3 0.77 0.77 922.0 122.0 922.0 80.0 36.0 80.0 92.0 18.0 92.0 
1 4 0.9 0.9 922.0 122.0 922.0 80.0 36.0 80.0 92.0 18.0 92.0 789.0 100.0 789.0 
1 2 0.8 0.8 480.0 54.0 480.0 567.0 392.0 567.0 
1 2 0.99 0.99 341.0 18.0 341.0 75.0 71.0 75.0 
1 2 0.55 0.55 856.0 134.0 856.0 628.0 250.0 628.0 
1 2 0.75 0.75 542.0 20.0 542.0 129.0 92.0 129.0 
1 2 0.29 0.29 954.0 262.0 954.0 349.0 6.0 349.0 
1 3 0.36 0.36 954.0 262.0 954.0 349.0 6.0 349.0 925.0 69.0 925.0 
1 4 0.85 0.85 954.0 262.0 954.0 349.0 6.0 349.0 925.0 69.0 925.0 72.0 35.0 72.0 
1 2 0.74 0.74 660.0 391.0 660.0 371.0 56.0 371.0 
1 3 0.75 0.75 660.0 391.0 660.0 371.0 56.0 371.0 505.0 8.0 505.0 
1 4 0.91 0.91 660.0 391.0 660.0 371.0 56.0 371.0 505.0 8.0 505.0 555.0 87.0 555.0 
1 5 0.92 0.92 660.0 391.0 660.0 371.0 56.0 371.0 505.0 8.0 505.0 555.0 87.0 555.0 532.0 4.0 532.0 
1 2 0.57 0.57 873.0 269.0 873.0 980.0 258.0 980.0 
1 3 0.8 0.8 873.0 269.0 873.0 980.0 258.0 980.0 905.0 209.0 905.0 
1 4 0.91 0.91 873.0 269.0 873.0 980.0 258.0 980.0 905.0 209.0 905.0 313.0 35.0 313.0 
1 2 0.82 0.82 911.0 733.0 911.0 48.0 1.0 48.0 
1 2 0.55 0.55 700.0 239.0 700.0 264.0 57.0 264.0 
1 2 0.55 0.55 11.0 6.0 11.0 316.0 2.0 316.0 
1 2 0.95 0.95 207.0 186.0 207.0 313.0 18.0 313.0 
1 2 0.48 0.48 649.0 168.0 649.0 9.0 2.0 9.0 
1 3 0.96 0.96 649.0 168.0 649.0 9.0 2.0 9.0 681.0 330.0 681.0 
1 2 0.44 0.44 602.0 227.0 602.0 206.0 14.0 206.0 
1 3 0.46 0.46 602.0 227.0 602.0 206.0 14.0 206.0 615.0 14.0 615.0 
1 4 0.69 0.69 602.0 227.0 602.0 206.0 14.0 206.0 615.0 14.0 615.0 104.0 24.0 104.0 
1 2 0.49 0.49 952.0 339.0 952.0 164.0 23.0 164.0 
1 3 0.82 0.82 952.0 339.0 952.0 164.0 23.0 164.0 962.0 312.0 962.0 
1 2 0.7 0.7 441.0 219.0 441.0 295.0 62.0 295.0 
1 3 0.84 0.84 441.0 219.0 441.0 295.0 62.0 295.0 965.0 131.0 965.0 
1 2 0.65 0.65 431.0 121.0 431.0 709.0 265.0 709.0 
1 3 0.69 0.69 431.0 121.0 431.0 709.0 265.0 709.0 931.0 37.0 931.0 
1 2 0.07 0.07 896.0 58.0 896.0 971.0 11.0 971.0 
1 3 0.15 0.15 896.0 58.0 896.0 971.0 11.0 971.0 481.0 40.0 481.0 
1 4 0.51 0.51 896.0 58.0 896.0 971.0 11.0 971.0 481.0 40.0 481.0 702.0 249.0 702.0 
1 5 0.55 0.55 896.0 58.0 896.0 971.0 11.0 971.0 481.0 40.0 481.0 702.0 249.0 702.0 580.0 21.0 580.0 
1 6 0.93 0.93 896.0 58.0 896.0 971.0 11.0 971.0 481.0 40.0 481.0 702.0 249.0 702.0 580.0 21.0 580.0 440.0 170.0 440.0 
1 2 0.65 0.65 404.0 160.0 404.0 116.0 30.0 116.0 
1 2 0.62 0.62 936.0 121.0 936.0 8.0 4.0 8.0 
1 3 0.88 0.88 936.0 121.0 936.0 8.0 4.0 8.0 925.0 241.0 925.0 
1 2 0.15 0.15 966.0 26.0 966.0 907.0 115.0 907.0 
1 3 0.49 0.49 966.0 26.0 966.0 907.0 115.0 907.0 276.0 93.0 276.0 
1 4 0.63 0.63 966.0 26.0 966.0 907.0 115.0 907.0 276.0 93.0 276.0 711.0 102.0 711.0 
1 5 0.8 0.8 966.0 26.0 966.0 907.0 115.0 907.0 276.0 93.0 276.0 711.0 102.0 711.0 795.0 133.0 795.0 
1 2 0.73 0.73 527.0 236.0 527.0 804.0 232.0 804.0 
1 2 0.18 0.18 866.0 5.0 866.0 804.0 145.0 804.0 
1 3 0.69 0.69 866.0 5.0 866.0 804.0 145.0 804.0 936.0 480.0 936.0 
1 4 0.75 0.75 866.0 5.0 866.0 804.0 145.0 804.0 936.0 480.0 936.0 934.0 53.0 934.0 
1 5 0.83 0.83 866.0 5.0 866.0 804.0 145.0 804.0 936.0 480.0 936.0 934.0 53.0 934.0 933.0 70.0 933.0 
1 2 0.21 0.21 549.0 8.0 549.0 330.0 67.0 330.0 
1 3 0.44 0.44 549.0 8.0 549.0 330.0 67.0 330.0 13.0 3.0 13.0 
1 2 0.62 0.62 762.0 202.0 762.0 863.0 309.0 863.0 
1 3 0.87 0.87 762.0 202.0 762.0 863.0 309.0 863.0 830.0 208.0 830.0 
1 2 0.97 0.97 78.0 29.0 78.0 251.0 151.0 251.0 
1 2 0.83 0.83 846.0 148.0 846.0 291.0 191.0 291.0 
1 2 0.55 0.55 650.0 210.0 650.0 447.0 102.0 447.0 
1 3 0.57 0.57 650.0 210.0 650.0 447.0 102.0 447.0 995.0 22.0 995.0 
1 4 0.79 0.79 650.0 210.0 650.0 447.0 102.0 447.0 995.0 22.0 995.0 183.0 41.0 183.0 
1 5 0.86 0.86 650.0 210.0 650.0 447.0 102.0 447.0 995.0 22.0 995.0 183.0 41.0 183.0 804.0 54.0 804.0 
1 2 0.58 0.58 36.0 13.0 36.0 377.0 85.0 377.0 
1 3 0.73 0.73 36.0 13.0 36.0 377.0 85.0 377.0 584.0 84.0 584.0 
1 2 0.6 0.6 372.0 66.0 372.0 279.0 120.0 279.0 
1 3 0.89 0.89 372.0 66.0 372.0 279.0 120.0 279.0 746.0 216.0 746.0 
1 2 0.49 0.49 528.0 233.0 528.0 914.0 46.0 914.0 
1 2 0.04 0.04 769.0 15.0 769.0 151.0 4.0 151.0 
1 3 0.38 0.38 769.0 15.0 769.0 151.0 4.0 151.0 975.0 328.0 975.0 
1 4 0.63 0.63 769.0 15.0 769.0 151.0 4.0 151.0 975.0 328.0 975.0 636.0 158.0 636.0 
1 2 0.47 0.47 267.0 105.0 267.0 640.0 53.0 640.0 
1 2 0.08 0.08 742.0 15.0 742.0 354.0 22.0 354.0 
1 3 0.58 0.58 742.0 15.0 742.0 354.0 22.0 354.0 554.0 276.0 554.0 
1 4 0.78 0.78 742.0 15.0 742.0 354.0 22.0 354.0 554.0 276.0 554.0 10.0 2.0 10.0 
1 5 0.81 0.81 742.0 15.0 742.0 354.0 22.0 354.0 554.0 276.0 554.0 10.0 2.0 10.0 60.0 2.0 60.0 
1 6 0.99 0.99 742.0 15.0 742.0 354.0 22.0 354.0 554.0 276.0 554.0 10.0 2.0 10.0 60.0 2.0 60.0 303.0 54.0 303.0 
1 2 0.09 0.09 589.0 9.0 589.0 441.0 34.0 441.0 
1 3 0.74 0.74 589.0 9.0 589.0 441.0 34.0 441.0 100.0 65.0 100.0 
1 2 0.31 0.31 184.0 29.0 184.0 917.0 142.0 917.0 
1 3 0.9 0.9 184.0 29.0 184.0 917.0 142.0 917.0 268.0 159.0 268.0 
1 2 0.3 0.3 197.0 50.0 197.0 808.0 43.0 808.0 
1 3 0.32 0.32 197.0 50.0 197.0 808.0 43.0 808.0 751.0 13.0 751.0 
1 4 0.57 0.57 197.0 50.0 197.0 808.0 43.0 808.0 751.0 13.0 751.0 51.0 13.0 51.0 
1 5 0.77 0.77 197.0 50.0 197.0 808.0 43.0 808.0 751.0 13.0 751.0 51.0 13.0 51.0 714.0 140.0 714.0 
1 2 0.1 0.1 889.0 42.0 889.0 64.0 4.0 64.0 
1 3 0.16 0.16 889.0 42.0 889.0 64.0 4.0 64.0 767.0 40.0 767.0 
1 4 0.59 0.59 889.0 42.0 889.0 64.0 4.0 64.0 767.0 40.0 767.0 927.0 405.0 927.0 
1 5 0.74 0.74 889.0 42.0 889.0 64.0 4.0 64.0 767.0 40.0 767.0 927.0 405.0 927.0 777.0 110.0 777.0 
1 2 0.55 0.55 426.0 223.0 426.0 939.0 31.0 939.0 
1 3 0.6 0.6 426.0 223.0 426.0 939.0 31.0 939.0 650.0 32.0 650.0 
1 4 0.82 0.82 426.0 223.0 426.0 939.0 31.0 939.0 650.0 32.0 650.0 938.0 204.0 938.0 
1 2 0.28 0.28 325.0 55.0 325.0 682.0 80.0 682.0 
1 3 0.56 0.56 325.0 55.0 325.0 682.0 80.0 682.0 547.0 152.0 547.0 
1 4 0.69 0.69 325.0 55.0 325.0 682.0 80.0 682.0 547.0 152.0 547.0 141.0 19.0 141.0 
1 2 0.67 0.67 764.0 230.0 764.0 847.0 316.0 847.0 
1 2 0.89 0.89 139.0 104.0 139.0 442.0 67.0 442.0 
1 2 0.71 0.71 460.0 118.0 460.0 795.0 363.0 795.0 
1 3 0.81 0.81 460.0 118.0 460.0 795.0 363.0 795.0 955.0 95.0 955.0 
1 4 0.81 0.81 460.0 118.0 460.0 795.0 363.0 795.0 955.0 95.0 955.0 413.0 2.0 413.0 
1 5 0.9 0.9 460.0 118.0 460.0 795.0 363.0 795.0 955.0 95.0 955.0 413.0 2.0 413.0 65.0 6.0 65.0 
1 2 0.5 0.5 592.0 236.0 592.0 524.0 55.0 524.0 
1 3 0.55 0.55 592.0 236.0 592.0 524.0 55.0 524.0 281.0 15.0 281.0 
1 4 0.73 0.73 592.0 236.0 592.0 524.0 55.0 524.0 281.0 15.0 281.0 356.0 64.0 356.0 
1 2 0.64 0.64 514.0 249.0 514.0 498.0 81.0 498.0 
1 2 0.94 0.94 39.0 5.0 39.0 447.0 363.0 447.0 
1 2 0.88 0.88 122.0 49.0 122.0 560.0 268.0 560.0 
1 2 0.23 0.23 829.0 38.0 829.0 558.0 103.0 558.0 
1 3 0.58 0.58 829.0 38.0 829.0 558.0 103.0 558.0 636.0 224.0 636.0 
1 2 0.32 0.32 148.0 9.0 148.0 319.0 83.0 319.0 
1 3 0.71 0.71 148.0 9.0 148.0 319.0 83.0 319.0 453.0 178.0 453.0 
1 4 0.89 0.89 148.0 9.0 148.0 319.0 83.0 319.0 453.0 178.0 453.0 933.0 171.0 933.0 
1 2 0.74 0.74 383.0 237.0 383.0 356.0 44.0 356.0 
1 2 0.59 0.59 651.0 85.0 651.0 395.0 185.0 395.0 
1 2 0.45 0.45 128.0 18.0 128.0 671.0 208.0 671.0 
1 3 0.68 0.68 128.0 18.0 128.0 671.0 208.0 671.0 591.0 136.0 591.0 
1 4 0.96 0.96 128.0 18.0 128.0 671.0 208.0 671.0 591.0 136.0 591.0 7.0 2.0 7.0 
1 2 0.75 0.75 646.0 48.0 646.0 847.0 577.0 847.0 
1 2 0.68 0.68 529.0 177.0 529.0 757.0 266.0 757.0 
1 2 0.57 0.57 133.0 37.0 133.0 910.0 268.0 910.0 
1 3 0.76 0.76 133.0 37.0 133.0 910.0 268.0 910.0 900.0 176.0 900.0 
1 2 0.77 0.77 120.0 79.0 120.0 314.0 37.0 314.0 
1 2 0.15 0.15 742.0 85.0 742.0 422.0 15.0 422.0 
1 3 0.22 0.22 742.0 85.0 742.0 422.0 15.0 422.0 728.0 53.0 728.0 
1 4 0.53 0.53 742.0 85.0 742.0 422.0 15.0 422.0 728.0 53.0 728.0 458.0 141.0 458.0 
1 5 0.79 0.79 742.0 85.0 742.0 422.0 15.0 422.0 728.0 53.0 728.0 458.0 141.0 458.0 952.0 251.0 952.0 
1 6 0.81 0.81 742.0 85.0 742.0 422.0 15.0 422.0 728.0 53.0 728.0 458.0 141.0 458.0 952.0 251.0 952.0 431.0 10.0 431.0 
1 7 0.82 0.82 742.0 85.0 742.0 422.0 15.0 422.0 728.0 53.0 728.0 458.0 141.0 458.0 952.0 251.0 952.0 431.0 10.0 431.0 494.0 2.0 494.0 
1 2 0.8 0.8 147.0 66.0 147.0 65.0 23.0 65.0 
1 2 0.75 0.75 692.0 199.0 692.0 312.0 145.0 312.0 
1 3 0.94 0.94 692.0 199.0 692.0 312.0 145.0 312.0 879.0 166.0 879.0 
1 2 0.9 0.9 225.0 20.0 225.0 387.0 317.0 387.0 
1 2 0.62 0.62 619.0 151.0 619.0 460.0 174.0 460.0 
1 2 0.1 0.1 393.0 16.0 393.0 353.0 23.0 353.0 
1 3 0.18 0.18 393.0 16.0 393.0 353.0 23.0 353.0 889.0 72.0 889.0 
1 4 0.62 0.62 393.0 16.0 393.0 353.0 23.0 353.0 889.0 72.0 889.0 149.0 66.0 149.0 
1 5 0.88 0.88 393.0 16.0 393.0 353.0 23.0 353.0 889.0 72.0 889.0 149.0 66.0 149.0 93.0 24.0 93.0 
1 2 0.88 0.88 834.0 46.0 834.0 445.0 370.0 445.0 
1 2 0.9 0.9 706.0 434.0 706.0 993.0 288.0 993.0 
1 2 0.27 0.27 450.0 57.0 450.0 199.0 30.0 199.0 
1 3 0.37 0.37 450.0 57.0 450.0 199.0 30.0 199.0 118.0 11.0 118.0 
1 4 0.52 0.52 450.0 57.0 450.0 199.0 30.0 199.0 118.0 11.0 118.0 665.0 105.0 665.0 
1 2 0.24 0.24 505.0 12.0 505.0 102.0 23.0 102.0 
1 2 0.85 0.85 424.0 63.0 424.0 757.0 538.0 757.0 
1 2 0.92 0.92 826.0 535.0 826.0 278.0 77.0 278.0 
1 2 0.4 0.4 834.0 31.0 834.0 579.0 212.0 579.0 
1 3 0.46 0.46 834.0 31.0 834.0 579.0 212.0 579.0 621.0 38.0 621.0 
1 2 0.65 0.65 23.0 2.0 23.0 797.0 452.0 797.0 
1 3 0.67 0.67 23.0 2.0 23.0 797.0 452.0 797.0 128.0 3.0 128.0 
1 4 0.96 0.96 23.0 2.0 23.0 797.0 452.0 797.0 128.0 3.0 128.0 944.0 269.0 944.0 
1 2 0.69 0.69 995.0 59.0 995.0 342.0 217.0 342.0 
1 2 0.3 0.3 812.0 60.0 812.0 644.0 150.0 644.0 
1 3 0.44 0.44 812.0 60.0 812.0 644.0 150.0 644.0 461.0 65.0 461.0 
1 2 0.2 0.2 888.0 83.0 888.0 922.0 105.0 922.0 
1 3 0.25 0.25 888.0 83.0 888.0 922.0 105.0 922.0 87.0 4.0 87.0 
1 4 0.59 0.59 888.0 83.0 888.0 922.0 105.0 922.0 87.0 4.0 87.0 176.0 61.0 176.0 
1 5 0.8 0.8 888.0 83.0 888.0 922.0 105.0 922.0 87.0 4.0 87.0 176.0 61.0 176.0 188.0 38.0 188.0 
1 6 0.84 0.84 888.0 83.0 888.0 922.0 105.0 922.0 87.0 4.0 87.0 176.0 61.0 176.0 188.0 38.0 188.0 478.0 19.0 478.0 
1 2 0.25 0.25 850.0 40.0 850.0 798.0 167.0 798.0 
1 3 0.69 0.69 850.0 40.0 850.0 798.0 167.0 798.0 598.0 262.0 598.0 
1 2 0.47 0.47 658.0 206.0 658.0 118.0 19.0 118.0 
1 3 0.83 0.83 658.0 206.0 658.0 118.0 19.0 118.0 556.0 203.0 556.0 
1 2 0.62 0.62 905.0 322.0 905.0 954.0 257.0 954.0 
1 2 0.89 0.89 179.0 86.0 179.0 852.0 350.0 852.0 
1 2 0.55 0.55 936.0 299.0 936.0 378.0 88.0 378.0 
1 3 0.65 0.65 936.0 299.0 936.0 378.0 88.0 378.0 603.0 62.0 603.0 
1 4 0.96 0.96 936.0 299.0 936.0 378.0 88.0 378.0 603.0 62.0 603.0 541.0 167.0 541.0 
1 2 0.13 0.13 661.0 51.0 661.0 941.0 58.0 941.0 
1 3 0.22 0.22 661.0 51.0 661.0 941.0 58.0 941.0 503.0 45.0 503.0 
1 2 0.76 0.76 499.0 288.0 499.0 32.0 6.0 32.0 
1 3 0.85 0.85 499.0 288.0 499.0 32.0 6.0 32.0 682.0 61.0 682.0 
1 4 0.95 0.95 499.0 288.0 499.0 32.0 6.0 32.0 682.0 61.0 682.0 38.0 4.0 38.0 
1 2 0.77 0.77 665.0 95.0 665.0 369.0 234.0 369.0 
1 3 0.97 0.97 665.0 95.0 665.0 369.0 234.0 369.0 308.0 60.0 308.0 
1 2 0.93 0.93 295.0 10.0 295.0 746.0 669.0 746.0 
1 2 0.18 0.18 31.0 4.0 31.0 627.0 36.0 627.0 
1 3 0.97 0.97 31.0 4.0 31.0 627.0 36.0 627.0 38.0 30.0 38.0 
1 2 0.62 0.62 823.0 419.0 823.0 140.0 16.0 140.0 
1 3 0.65 0.65 823.0 419.0 823.0 140.0 16.0 140.0 738.0 20.0 738.0 
1 4 0.84 0.84 823.0 419.0 823.0 140.0 16.0 140.0 738.0 20.0 738.0 687.0 134.0 687.0 
1 2 0.59 0.59 85.0 45.0 85.0 406.0 26.0 406.0 
1 3 0.65 0.65 85.0 45.0 85.0 406.0 26.0 406.0 346.0 21.0 346.0 
1 4 0.69 0.69 85.0 45.0 85.0 406.0 26.0 406.0 346.0 21.0 346.0 450.0 20.0 450.0 
1 2 0.97 0.97 902.0 516.0 902.0 245.0 99.0 245.0 
1 2 0.65 0.65 122.0 75.0 122.0 325.0 12.0 325.0 
1 2 0.43 0.43 29.0 4.0 29.0 601.0 179.0 601.0 
1 3 0.67 0.67 29.0 4.0 29.0 601.0 179.0 601.0 72.0 17.0 72.0 
1 4 0.68 0.68 29.0 4.0 29.0 601.0 179.0 601.0 72.0 17.0 72.0 305.0 5.0 305.0 
1 5 0.79 0.79 29.0 4.0 29.0 601.0 179.0 601.0 72.0 17.0 72.0 305.0 5.0 305.0 37.0 4.0 37.0 
1 2 0.9 0.9 710.0 511.0 710.0 227.0 43.0 227.0 
1 2 0.71 0.71 239.0 34.0 239.0 738.0 419.0 738.0 
1 2 0.48 0.48 356.0 71.0 356.0 489.0 139.0 489.0 
1 2 0.36 0.36 337.0 90.0 337.0 53.0 5.0 53.0 
1 2 0.88 0.88 391.0 170.0 391.0 785.0 352.0 785.0 
1 2 0.64 0.64 557.0 317.0 557.0 794.0 60.0 794.0 
1 3 0.97 0.97 557.0 317.0 557.0 794.0 60.0 794.0 457.0 150.0 457.0 
1 2 0.45 0.45 977.0 133.0 977.0 350.0 110.0 350.0 
1 3 0.51 0.51 977.0 133.0 977.0 350.0 110.0 350.0 373.0 24.0 373.0 
1 2 0.3 0.3 445.0 87.0 445.0 80.0 9.0 80.0 
1 3 0.68 0.68 445.0 87.0 445.0 80.0 9.0 80.0 134.0 51.0 134.0 
1 4 0.83 0.83 445.0 87.0 445.0 80.0 9.0 80.0 134.0 51.0 134.0 808.0 116.0 808.0 
1 2 0.46 0.46 569.0 147.0 569.0 700.0 142.0 700.0 
1 3 0.71 0.71 569.0 147.0 569.0 700.0 142.0 700.0 48.0 12.0 48.0 
1 4 0.76 0.76 569.0 147.0 569.0 700.0 142.0 700.0 48.0 12.0 48.0 373.0 19.0 373.0 
1 2 0.69 0.69 772.0 76.0 772.0 641.0 382.0 641.0 
1 3 0.93 0.93 772.0 76.0 772.0 641.0 382.0 641.0 817.0 194.0 817.0 
1 4 0.97 0.97 772.0 76.0 772.0 641.0 382.0 641.0 817.0 194.0 817.0 838.0 36.0 838.0 
1 2 0.78 0.78 945.0 33.0 945.0 888.0 667.0 888.0 
1 3 0.8 0.8 945.0 33.0 945.0 888.0 667.0 888.0 388.0 7.0 388.0 
1 4 0.86 0.86 945.0 33.0 945.0 888.0 667.0 888.0 388.0 7.0 388.0 119.0 7.0 119.0 
1 2 0.49 0.49 233.0 79.0 233.0 789.0 122.0 789.0 
1 3 0.51 0.51 233.0 79.0 233.0 789.0 122.0 789.0 575.0 10.0 575.0 
1 4 0.85 0.85 233.0 79.0 233.0 789.0 122.0 789.0 575.0 10.0 575.0 842.0 286.0 842.0 
1 2 0.64 0.64 687.0 175.0 687.0 691.0 272.0 691.0 
1 2 0.48 0.48 517.0 92.0 517.0 793.0 247.0 793.0 
1 3 0.98 0.98 517.0 92.0 517.0 793.0 247.0 793.0 237.0 118.0 237.0 
1 4 0.99 0.99 517.0 92.0 517.0 793.0 247.0 793.0 237.0 118.0 237.0 640.0 2.0 640.0 
1 2 0.25 0.25 246.0 22.0 246.0 89.0 15.0 89.0 
1 3 0.3 0.3 246.0 22.0 246.0 89.0 15.0 89.0 377.0 16.0 377.0 
1 4 0.98 0.98 246.0 22.0 246.0 89.0 15.0 89.0 377.0 16.0 377.0 608.0 419.0 608.0 
1 2 0.07 0.07 204.0 12.0 204.0 176.0 3.0 176.0 
1 3 0.69 0.69 204.0 12.0 204.0 176.0 3.0 176.0 969.0 597.0 969.0 
1 4 0.93 0.93 204.0 12.0 204.0 176.0 3.0 176.0 969.0 597.0 969.0 373.0 92.0 373.0 
1 2 0.38 0.38 500.0 55.0 500.0 911.0 247.0 911.0 
1 2 0.83 0.83 399.0 300.0 399.0 942.0 82.0 942.0 
1 2 0.99 0.99 446.0 128.0 446.0 685.0 482.0 685.0 
1 2 0.89 0.89 217.0 36.0 217.0 187.0 136.0 187.0 
1 2 0.99 0.99 648.0 314.0 648.0 957.0 492.0 957.0 
1 2 0.46 0.46 886.0 192.0 886.0 386.0 95.0 386.0 
1 2 0.71 0.71 575.0 15.0 575.0 342.0 235.0 342.0 
1 3 0.82 0.82 575.0 15.0 575.0 342.0 235.0 342.0 354.0 40.0 354.0 
1 2 0.45 0.45 343.0 7.0 343.0 96.0 42.0 96.0 
1 3 0.54 0.54 343.0 7.0 343.0 96.0 42.0 96.0 228.0 20.0 228.0 
1 4 0.79 0.79 343.0 7.0 343.0 96.0 42.0 96.0 228.0 20.0 228.0 16.0 4.0 16.0 
1 2 0.49 0.49 10.0 1.0 10.0 555.0 220.0 555.0 
1 2 0.91 0.91 546.0 297.0 546.0 480.0 180.0 480.0 
1 2 0.3 0.3 936.0 171.0 936.0 358.0 45.0 358.0 
1 3 0.42 0.42 936.0 171.0 936.0 358.0 45.0 358.0 729.0 86.0 729.0 
1 4 0.61 0.61 936.0 171.0 936.0 358.0 45.0 358.0 729.0 86.0 729.0 751.0 140.0 751.0 
1 5 0.78 0.78 936.0 171.0 936.0 358.0 45.0 358.0 729.0 86.0 729.0 751.0 140.0 751.0 428.0 75.0 428.0 
1 6 0.81 0.81 936.0 171.0 936.0 358.0 45.0 358.0 729.0 86.0 729.0 751.0 140.0 751.0 428.0 75.0 428.0 38.0 1.0 38.0 
1 2 0.27 0.27 796.0 93.0 796.0 956.0 149.0 956.0 
1 3 0.92 0.92 796.0 93.0 796.0 956.0 149.0 956.0 347.0 228.0 347.0 
1 2 0.29 0.29 79.0 1.0 79.0 951.0 265.0 951.0 
1 3 0.4 0.4 79.0 1.0 79.0 951.0 265.0 951.0 687.0 77.0 687.0 
1 4 0.41 0.41 79.0 1.0 79.0 951.0 265.0 951.0 687.0 77.0 687.0 324.0 5.0 324.0 
1 2 0.22 0.22 422.0 15.0 422.0 68.0 13.0 68.0 
1 3 0.25 0.25 422.0 15.0 422.0 68.0 13.0 68.0 605.0 17.0 605.0 
1 4 0.82 0.82 422.0 15.0 422.0 68.0 13.0 68.0 605.0 17.0 605.0 37.0 21.0 37.0 
1 5 0.92 0.92 422.0 15.0 422.0 68.0 13.0 68.0 605.0 17.0 605.0 37.0 21.0 37.0 259.0 26.0 259.0 
1 2 0.96 0.96 632.0 265.0 632.0 954.0 521.0 954.0 
1 2 0.2 0.2 194.0 2.0 194.0 511.0 97.0 511.0 
1 3 0.21 0.21 194.0 2.0 194.0 511.0 97.0 511.0 970.0 14.0 970.0 
1 4 0.36 0.36 194.0 2.0 194.0 511.0 97.0 511.0 970.0 14.0 970.0 642.0 99.0 642.0 
1 5 0.67 0.67 194.0 2.0 194.0 511.0 97.0 511.0 970.0 14.0 970.0 642.0 99.0 642.0 52.0 16.0 52.0 
1 6 0.86 0.86 194.0 2.0 194.0 511.0 97.0 511.0 970.0 14.0 970.0 642.0 99.0 642.0 52.0 16.0 52.0 158.0 29.0 158.0 
1 7 0.87 0.87 194.0 2.0 194.0 511.0 97.0 511.0 970.0 14.0 970.0 642.0 99.0 642.0 52.0 16.0 52.0 158.0 29.0 158.0 485.0 8.0 485.0 
1 8 0.92 0.92 194.0 2.0 194.0 511.0 97.0 511.0 970.0 14.0 970.0 642.0 99.0 642.0 52.0 16.0 52.0 158.0 29.0 158.0 485.0 8.0 485.0 298.0 13.0 298.0 
1 2 0.42 0.42 98.0 13.0 98.0 873.0 255.0 873.0 
1 3 0.91 0.91 98.0 13.0 98.0 873.0 255.0 873.0 321.0 157.0 321.0 
1 2 0.23 0.23 295.0 34.0 295.0 449.0 56.0 449.0 
1 3 0.88 0.88 295.0 34.0 295.0 449.0 56.0 449.0 498.0 320.0 498.0 
1 2 0.41 0.41 993.0 102.0 993.0 847.0 262.0 847.0 
1 3 0.67 0.67 993.0 102.0 993.0 847.0 262.0 847.0 115.0 30.0 115.0 
1 2 0.27 0.27 318.0 58.0 318.0 215.0 20.0 215.0 
1 3 0.87 0.87 318.0 58.0 318.0 215.0 20.0 215.0 999.0 596.0 999.0 
1 2 0.37 0.37 811.0 101.0 811.0 453.0 112.0 453.0 
1 3 0.41 0.41 811.0 101.0 811.0 453.0 112.0 453.0 437.0 19.0 437.0 
1 4 0.67 0.67 811.0 101.0 811.0 453.0 112.0 453.0 437.0 19.0 437.0 969.0 247.0 969.0 
1 5 0.83 0.83 811.0 101.0 811.0 453.0 112.0 453.0 437.0 19.0 437.0 969.0 247.0 969.0 878.0 146.0 878.0 
1 6 0.84 0.84 811.0 101.0 811.0 453.0 112.0 453.0 437.0 19.0 437.0 969.0 247.0 969.0 878.0 146.0 878.0 601.0 6.0 601.0 
1 2 0.83 0.83 670.0 3.0 670.0 268.0 223.0 268.0 
1 2 0.94 0.94 151.0 71.0 151.0 453.0 213.0 453.0 
1 3 0.95 0.95 151.0 71.0 151.0 453.0 213.0 453.0 690.0 12.0 690.0 
1 2 0.29 0.29 529.0 38.0 529.0 401.0 89.0 401.0 
1 3 0.46 0.46 529.0 38.0 529.0 401.0 89.0 401.0 295.0 51.0 295.0 
1 2 0.81 0.81 406.0 323.0 406.0 91.0 2.0 91.0 
1 3 0.87 0.87 406.0 323.0 406.0 91.0 2.0 91.0 416.0 25.0 416.0 
1 2 0.51 0.51 601.0 105.0 601.0 779.0 265.0 779.0 
1 2 0.16 0.16 59.0 3.0 59.0 801.0 92.0 801.0 
1 3 0.98 0.98 59.0 3.0 59.0 801.0 92.0 801.0 61.0 50.0 61.0 
1 2 0.32 0.32 901.0 188.0 901.0 61.0 7.0 61.0 
1 3 0.71 0.71 901.0 188.0 901.0 61.0 7.0 61.0 433.0 169.0 433.0 
1 2 0.08 0.08 45.0 3.0 45.0 706.0 13.0 706.0 
1 3 0.34 0.34 45.0 3.0 45.0 706.0 13.0 706.0 853.0 220.0 853.0 
1 4 0.73 0.73 45.0 3.0 45.0 706.0 13.0 706.0 853.0 220.0 853.0 839.0 325.0 839.0 
1 2 0.1 0.1 280.0 24.0 280.0 583.0 14.0 583.0 
1 3 0.23 0.23 280.0 24.0 280.0 583.0 14.0 583.0 796.0 100.0 796.0 
1 4 0.79 0.79 280.0 24.0 280.0 583.0 14.0 583.0 796.0 100.0 796.0 248.0 138.0 248.0 
1 5 0.97 0.97 280.0 24.0 280.0 583.0 14.0 583.0 796.0 100.0 796.0 248.0 138.0 248.0 132.0 24.0 132.0 
1 2 0.78 0.78 383.0 16.0 383.0 473.0 353.0 473.0 
1 3 0.95 0.95 383.0 16.0 383.0 473.0 353.0 473.0 898.0 150.0 898.0 
1 2 0.78 0.78 523.0 2.0 523.0 98.0 77.0 98.0 
1 3 0.91 0.91 523.0 2.0 523.0 98.0 77.0 98.0 399.0 50.0 399.0 
1 2 0.36 0.36 296.0 99.0 296.0 703.0 18.0 703.0 
1 3 0.79 0.79 296.0 99.0 296.0 703.0 18.0 703.0 251.0 109.0 251.0 
1 4 0.82 0.82 296.0 99.0 296.0 703.0 18.0 703.0 251.0 109.0 251.0 483.0 16.0 483.0 
1 2 0.54 0.54 76.0 3.0 76.0 841.0 427.0 841.0 
1 3 0.99 0.99 76.0 3.0 76.0 841.0 427.0 841.0 226.0 102.0 226.0 
1 2 0.76 0.76 192.0 51.0 192.0 287.0 142.0 287.0 
1 2 0.51 0.51 289.0 94.0 289.0 64.0 12.0 64.0 
1 3 0.52 0.52 289.0 94.0 289.0 64.0 12.0 64.0 742.0 12.0 742.0 
1 4 0.8 0.8 289.0 94.0 289.0 64.0 12.0 64.0 742.0 12.0 742.0 788.0 215.0 788.0 
1 2 0.36 0.36 33.0 2.0 33.0 532.0 161.0 532.0 
1 3 0.93 0.93 33.0 2.0 33.0 532.0 161.0 532.0 758.0 430.0 758.0 
1 2 0.62 0.62 188.0 8.0 188.0 804.0 467.0 804.0 
1 3 0.86 0.86 188.0 8.0 188.0 804.0 467.0 804.0 196.0 47.0 196.0 
1 2 0.43 0.43 592.0 50.0 592.0 277.0 96.0 277.0 
1 3 0.8 0.8 592.0 50.0 592.0 277.0 96.0 277.0 74.0 28.0 74.0 
1 2 0.27 0.27 408.0 15.0 408.0 701.0 168.0 701.0 
1 3 0.31 0.31 408.0 15.0 408.0 701.0 168.0 701.0 331.0 13.0 331.0 
1 4 0.78 0.78 408.0 15.0 408.0 701.0 168.0 701.0 331.0 13.0 331.0 697.0 328.0 697.0 
1 5 0.99 0.99 408.0 15.0 408.0 701.0 168.0 701.0 331.0 13.0 331.0 697.0 328.0 697.0 629.0 132.0 629.0 
1 2 0.37 0.37 604.0 69.0 604.0 803.0 211.0 803.0 
1 3 0.75 0.75 604.0 69.0 604.0 803.0 211.0 803.0 899.0 337.0 899.0 
1 2 0.36 0.36 272.0 19.0 272.0 101.0 30.0 101.0 
1 2 0.48 0.48 634.0 214.0 634.0 935.0 142.0 935.0 
1 2 0.12 0.12 147.0 10.0 147.0 891.0 49.0 891.0 
1 3 0.12 0.12 147.0 10.0 147.0 891.0 49.0 891.0 725.0 5.0 725.0 
1 4 0.19 0.19 147.0 10.0 147.0 891.0 49.0 891.0 725.0 5.0 725.0 420.0 27.0 420.0 
1 5 0.57 0.57 147.0 10.0 147.0 891.0 49.0 891.0 725.0 5.0 725.0 420.0 27.0 420.0 942.0 355.0 942.0 
1 6 0.59 0.59 147.0 10.0 147.0 891.0 49.0 891.0 725.0 5.0 725.0 420.0 27.0 420.0 942.0 355.0 942.0 372.0 9.0 372.0 
1 7 0.68 0.68 147.0 10.0 147.0 891.0 49.0 891.0 725.0 5.0 725.0 420.0 27.0 420.0 942.0 355.0 942.0 372.0 9.0 372.0 625.0 59.0 625.0 
1 8 0.74 0.74 147.0 10.0 147.0 891.0 49.0 891.0 725.0 5.0 725.0 420.0 27.0 420.0 942.0 355.0 942.0 372.0 9.0 372.0 625.0 59.0 625.0 252.0 13.0 252.0 
1 9 0.97 0.97 147.0 10.0 147.0 891.0 49.0 891.0 725.0 5.0 725.0 420.0 27.0 420.0 942.0 355.0 942.0 372.0 9.0 372.0 625.0 59.0 625.0 252.0 13.0 252.0 193.0 45.0 193.0 
1 2 0.53 0.53 682.0 118.0 682.0 688.0 250.0 688.0 
1 3 0.69 0.69 682.0 118.0 682.0 688.0 250.0 688.0 719.0 111.0 719.0 
1 2 0.51 0.51 790.0 134.0 790.0 318.0 111.0 318.0 
1 2 0.94 0.94 302.0 52.0 302.0 661.0 510.0 661.0 
1 2 0.76 0.76 404.0 192.0 404.0 517.0 151.0 517.0 
1 2 0.49 0.49 833.0 37.0 833.0 660.0 299.0 660.0 
1 3 0.68 0.68 833.0 37.0 833.0 660.0 299.0 660.0 675.0 129.0 675.0 
1 2 0.43 0.43 749.0 249.0 749.0 376.0 39.0 376.0 
1 3 0.48 0.48 749.0 249.0 749.0 376.0 39.0 376.0 970.0 50.0 970.0 
1 2 0.58 0.58 343.0 97.0 343.0 20.0 6.0 20.0 
1 3 0.77 0.77 343.0 97.0 343.0 20.0 6.0 20.0 463.0 87.0 463.0 
1 2 0.66 0.66 404.0 149.0 404.0 677.0 198.0 677.0 
1 2 0.38 0.38 10.0 2.0 10.0 54.0 10.0 54.0 
1 3 0.5 0.5 10.0 2.0 10.0 54.0 10.0 54.0 415.0 50.0 415.0 
1 2 0.52 0.52 214.0 87.0 214.0 112.0 13.0 112.0 
1 3 0.72 0.72 214.0 87.0 214.0 112.0 13.0 112.0 982.0 196.0 982.0 
1 2 0.57 0.57 464.0 145.0 464.0 553.0 147.0 553.0 
1 3 0.6 0.6 464.0 145.0 464.0 553.0 147.0 553.0 649.0 16.0 649.0 
1 2 0.2 0.2 166.0 6.0 166.0 98.0 17.0 98.0 
1 3 0.47 0.47 166.0 6.0 166.0 98.0 17.0 98.0 518.0 138.0 518.0 
1 4 0.81 0.81 166.0 6.0 166.0 98.0 17.0 98.0 518.0 138.0 518.0 337.0 113.0 337.0 
1 5 0.84 0.84 166.0 6.0 166.0 98.0 17.0 98.0 518.0 138.0 518.0 337.0 113.0 337.0 242.0 9.0 242.0 
1 6 0.93 0.93 166.0 6.0 166.0 98.0 17.0 98.0 518.0 138.0 518.0 337.0 113.0 337.0 242.0 9.0 242.0 103.0 9.0 103.0 
1 2 0.96 0.96 358.0 274.0 358.0 384.0 76.0 384.0 
1 2 0.7 0.7 634.0 290.0 634.0 685.0 172.0 685.0 
1 3 0.92 0.92 634.0 290.0 634.0 685.0 172.0 685.0 901.0 194.0 901.0 
1 2 0.66 0.66 353.0 156.0 353.0 662.0 145.0 662.0 
1 3 0.76 0.76 353.0 156.0 353.0 662.0 145.0 662.0 658.0 69.0 658.0 
1 2 0.33 0.33 513.0 87.0 513.0 990.0 160.0 990.0 
1 3 0.53 0.53 513.0 87.0 513.0 990.0 160.0 990.0 585.0 120.0 585.0 
1 4 0.82 0.82 513.0 87.0 513.0 990.0 160.0 990.0 585.0 120.0 585.0 950.0 276.0 950.0 
1 5 0.83 0.83 513.0 87.0 513.0 990.0 160.0 990.0 585.0 120.0 585.0 950.0 276.0 950.0 869.0 4.0 869.0 
1 2 0.27 0.27 682.0 62.0 682.0 291.0 53.0 291.0 
1 3 0.78 0.78 682.0 62.0 682.0 291.0 53.0 291.0 952.0 487.0 952.0 
1 4 0.95 0.95 682.0 62.0 682.0 291.0 53.0 291.0 952.0 487.0 952.0 941.0 162.0 941.0 
1 2 0.7 0.7 102.0 41.0 102.0 65.0 20.0 65.0 
1 2 0.33 0.33 54.0 11.0 54.0 389.0 51.0 389.0 
1 3 0.64 0.64 54.0 11.0 54.0 389.0 51.0 389.0 74.0 23.0 74.0 
1 4 0.9 0.9 54.0 11.0 54.0 389.0 51.0 389.0 74.0 23.0 74.0 578.0 148.0 578.0 
1 2 0.93 0.93 199.0 175.0 199.0 904.0 54.0 904.0 
1 2 0.52 0.52 384.0 138.0 384.0 657.0 111.0 657.0 
1 3 0.57 0.57 384.0 138.0 384.0 657.0 111.0 657.0 118.0 6.0 118.0 
1 2 0.66 0.66 998.0 349.0 998.0 319.0 102.0 319.0 
1 3 0.77 0.77 998.0 349.0 998.0 319.0 102.0 319.0 740.0 76.0 740.0 
1 4 0.93 0.93 998.0 349.0 998.0 319.0 102.0 319.0 740.0 76.0 740.0 878.0 145.0 878.0 
1 2 0.37 0.37 249.0 39.0 249.0 970.0 210.0 970.0 
1 3 0.69 0.69 249.0 39.0 249.0 970.0 210.0 970.0 344.0 111.0 344.0 
1 2 0.67 0.67 330.0 9.0 330.0 715.0 464.0 715.0 
1 2 0.22 0.22 595.0 113.0 595.0 555.0 19.0 555.0 
1 3 0.24 0.24 595.0 113.0 595.0 555.0 19.0 555.0 589.0 15.0 589.0 
1 4 0.64 0.64 595.0 113.0 595.0 555.0 19.0 555.0 589.0 15.0 589.0 525.0 208.0 525.0 
1 5 0.68 0.68 595.0 113.0 595.0 555.0 19.0 555.0 589.0 15.0 589.0 525.0 208.0 525.0 327.0 14.0 327.0 
1 2 0.19 0.19 366.0 66.0 366.0 829.0 15.0 829.0 
1 3 0.56 0.56 366.0 66.0 366.0 829.0 15.0 829.0 693.0 253.0 693.0 
1 4 0.99 0.99 366.0 66.0 366.0 829.0 15.0 829.0 693.0 253.0 693.0 21.0 9.0 21.0 
1 2 0.74 0.74 29.0 1.0 29.0 929.0 657.0 929.0 
1 3 0.8 0.8 29.0 1.0 29.0 929.0 657.0 929.0 536.0 34.0 536.0 
1 4 0.86 0.86 29.0 1.0 29.0 929.0 657.0 929.0 536.0 34.0 536.0 297.0 17.0 297.0 
1 2 0.83 0.83 605.0 10.0 605.0 90.0 74.0 90.0 
1 2 0.73 0.73 464.0 247.0 464.0 578.0 118.0 578.0 
1 2 0.94 0.94 431.0 31.0 431.0 138.0 120.0 138.0 
1 2 0.47 0.47 655.0 90.0 655.0 249.0 85.0 249.0 
1 3 0.79 0.79 655.0 90.0 655.0 249.0 85.0 249.0 19.0 6.0 19.0 
1 4 0.86 0.86 655.0 90.0 655.0 249.0 85.0 249.0 19.0 6.0 19.0 865.0 65.0 865.0 
1 2 0.63 0.63 363.0 131.0 363.0 94.0 26.0 94.0 
1 3 0.85 0.85 363.0 131.0 363.0 94.0 26.0 94.0 836.0 182.0 836.0 
1 2 0.28 0.28 882.0 100.0 882.0 220.0 38.0 220.0 
1 3 0.53 0.53 882.0 100.0 882.0 220.0 38.0 220.0 312.0 78.0 312.0 
1 2 0.55 0.55 714.0 131.0 714.0 111.0 41.0 111.0 
1 2 0.8 0.8 397.0 270.0 397.0 338.0 42.0 338.0 
1 3 0.83 0.83 397.0 270.0 397.0 338.0 42.0 338.0 879.0 25.0 879.0 
1 2 0.1 0.1 287.0 20.0 287.0 222.0 8.0 222.0 
1 3 0.31 0.31 287.0 20.0 287.0 222.0 8.0 222.0 959.0 200.0 959.0 
1 4 0.47 0.47 287.0 20.0 287.0 222.0 8.0 222.0 959.0 200.0 959.0 984.0 163.0 984.0 
1 5 0.91 0.91 287.0 20.0 287.0 222.0 8.0 222.0 959.0 200.0 959.0 984.0 163.0 984.0 583.0 252.0 583.0 
1 6 0.97 0.97 287.0 20.0 287.0 222.0 8.0 222.0 959.0 200.0 959.0 984.0 163.0 984.0 583.0 252.0 583.0 649.0 41.0 649.0 
1 2 0.73 0.73 220.0 43.0 220.0 632.0 340.0 632.0 
1 3 0.8 0.8 220.0 43.0 220.0 632.0 340.0 632.0 368.0 28.0 368.0 
1 4 0.94 0.94 220.0 43.0 220.0 632.0 340.0 632.0 368.0 28.0 368.0 267.0 35.0 267.0 
1 2 0.9 0.9 486.0 127.0 486.0 153.0 99.0 153.0 
1 2 0.69 0.69 249.0 60.0 249.0 285.0 130.0 285.0 
1 3 0.86 0.86 249.0 60.0 249.0 285.0 130.0 285.0 6.0 1.0 6.0 
1 2 0.4 0.4 412.0 78.0 412.0 306.0 67.0 306.0 
1 3 0.45 0.45 412.0 78.0 412.0 306.0 67.0 306.0 358.0 17.0 358.0 
1 4 0.7 0.7 412.0 78.0 412.0 306.0 67.0 306.0 358.0 17.0 358.0 551.0 137.0 551.0 
1 5 0.98 0.98 412.0 78.0 412.0 306.0 67.0 306.0 358.0 17.0 358.0 551.0 137.0 551.0 47.0 13.0 47.0 
1 2 0.41 0.41 437.0 9.0 437.0 260.0 103.0 260.0 
1 3 0.47 0.47 437.0 9.0 437.0 260.0 103.0 260.0 107.0 6.0 107.0 
1 4 0.56 0.56 437.0 9.0 437.0 260.0 103.0 260.0 107.0 6.0 107.0 179.0 17.0 179.0 
1 5 0.83 0.83 437.0 9.0 437.0 260.0 103.0 260.0 107.0 6.0 107.0 179.0 17.0 179.0 649.0 175.0 649.0 
1 2 0.42 0.42 558.0 139.0 558.0 614.0 111.0 614.0 
1 3 0.58 0.58 558.0 139.0 558.0 614.0 111.0 614.0 666.0 100.0 666.0 
1 4 0.64 0.64 558.0 139.0 558.0 614.0 111.0 614.0 666.0 100.0 666.0 967.0 65.0 967.0 
1 5 0.75 0.75 558.0 139.0 558.0 614.0 111.0 614.0 666.0 100.0 666.0 967.0 65.0 967.0 413.0 43.0 413.0 
1 2 0.82 0.82 938.0 327.0 938.0 727.0 343.0 727.0 
1 3 0.98 0.98 938.0 327.0 938.0 727.0 343.0 727.0 156.0 25.0 156.0 
1 4 0.98 0.98 938.0 327.0 938.0 727.0 343.0 727.0 156.0 25.0 156.0 687.0 1.0 687.0 
1 2 0.27 0.27 749.0 111.0 749.0 119.0 15.0 119.0 
1 3 0.44 0.44 749.0 111.0 749.0 119.0 15.0 119.0 958.0 160.0 958.0 
1 2 0.43 0.43 706.0 200.0 706.0 757.0 114.0 757.0 
1 3 0.78 0.78 706.0 200.0 706.0 757.0 114.0 757.0 234.0 82.0 234.0 
1 2 0.15 0.15 705.0 37.0 705.0 368.0 37.0 368.0 
1 3 0.28 0.28 705.0 37.0 705.0 368.0 37.0 368.0 379.0 51.0 379.0 
1 2 0.33 0.33 620.0 124.0 620.0 813.0 113.0 813.0 
1 3 0.44 0.44 620.0 124.0 620.0 813.0 113.0 813.0 760.0 79.0 760.0 
1 4 0.55 0.55 620.0 124.0 620.0 813.0 113.0 813.0 760.0 79.0 760.0 829.0 89.0 829.0 
1 2 0.19 0.19 330.0 5.0 330.0 152.0 28.0 152.0 
1 3 0.79 0.79 330.0 5.0 330.0 152.0 28.0 152.0 180.0 108.0 180.0 
1 2 0.75 0.75 311.0 191.0 311.0 865.0 118.0 865.0 
1 3 0.89 0.89 311.0 191.0 311.0 865.0 118.0 865.0 724.0 107.0 724.0 
1 2 0.81 0.81 557.0 290.0 557.0 772.0 224.0 772.0 
1 2 0.85 0.85 534.0 431.0 534.0 541.0 27.0 541.0 
1 3 0.93 0.93 534.0 431.0 534.0 541.0 27.0 541.0 678.0 55.0 678.0 
1 2 0.26 0.26 36.0 8.0 36.0 596.0 26.0 596.0 
1 3 0.29 0.29 36.0 8.0 36.0 596.0 26.0 596.0 61.0 2.0 61.0 
1 4 0.41 0.41 36.0 8.0 36.0 596.0 26.0 596.0 61.0 2.0 61.0 796.0 90.0 796.0 
1 5 0.87 0.87 36.0 8.0 36.0 596.0 26.0 596.0 61.0 2.0 61.0 796.0 90.0 796.0 945.0 435.0 945.0 
1 6 0.89 0.89 36.0 8.0 36.0 596.0 26.0 596.0 61.0 2.0 61.0 796.0 90.0 796.0 945.0 435.0 945.0 638.0 15.0 638.0 
1 2 0.31 0.31 648.0 179.0 648.0 928.0 36.0 928.0 
1 3 0.93 0.93 648.0 179.0 648.0 928.0 36.0 928.0 403.0 251.0 403.0 
1 2 0.68 0.68 887.0 398.0 887.0 720.0 173.0 720.0 
1 2 0.35 0.35 383.0 116.0 383.0 876.0 48.0 876.0 
1 2 0.25 0.25 285.0 12.0 285.0 19.0 4.0 19.0 
1 3 0.55 0.55 285.0 12.0 285.0 19.0 4.0 19.0 527.0 159.0 527.0 
1 4 0.77 0.77 285.0 12.0 285.0 19.0 4.0 19.0 527.0 159.0 527.0 192.0 43.0 192.0 
1 5 0.85 0.85 285.0 12.0 285.0 19.0 4.0 19.0 527.0 159.0 527.0 192.0 43.0 192.0 254.0 20.0 254.0 
1 2 0.9 0.9 268.0 183.0 268.0 881.0 199.0 881.0 
1 3 0.93 0.93 268.0 183.0 268.0 881.0 199.0 881.0 149.0 4.0 149.0 
1 2 0.03 0.03 713.0 1.0 713.0 457.0 14.0 457.0 
1 3 0.26 0.26 713.0 1.0 713.0 457.0 14.0 457.0 911.0 216.0 911.0 
1 4 0.89 0.89 713.0 1.0 713.0 457.0 14.0 457.0 911.0 216.0 911.0 399.0 251.0 399.0 
1 2 0.25 0.25 582.0 122.0 582.0 69.0 3.0 69.0 
1 3 0.42 0.42 582.0 122.0 582.0 69.0 3.0 69.0 725.0 126.0 725.0 
1 4 0.58 0.58 582.0 122.0 582.0 69.0 3.0 69.0 725.0 126.0 725.0 135.0 22.0 135.0 
1 2 0.95 0.95 955.0 480.0 955.0 141.0 64.0 141.0 
1 2 0.2 0.2 730.0 88.0 730.0 90.0 8.0 90.0 
1 3 0.36 0.36 730.0 88.0 730.0 90.0 8.0 90.0 269.0 41.0 269.0 
1 4 0.39 0.39 730.0 88.0 730.0 90.0 8.0 90.0 269.0 41.0 269.0 804.0 29.0 804.0 
1 2 0.22 0.22 85.0 6.0 85.0 58.0 9.0 58.0 
1 3 0.46 0.46 85.0 6.0 85.0 58.0 9.0 58.0 546.0 133.0 546.0 
1 4 0.52 0.52 85.0 6.0 85.0 58.0 9.0 58.0 546.0 133.0 546.0 832.0 47.0 832.0 
1 5 0.89 0.89 85.0 6.0 85.0 58.0 9.0 58.0 546.0 133.0 546.0 832.0 47.0 832.0 595.0 218.0 595.0 
1 2 0.19 0.19 393.0 17.0 393.0 222.0 34.0 222.0 
1 3 0.32 0.32 393.0 17.0 393.0 222.0 34.0 222.0 552.0 72.0 552.0 
1 2 0.89 0.89 463.0 162.0 463.0 602.0 329.0 602.0 
1 2 0.33 0.33 374.0 113.0 374.0 853.0 29.0 853.0 
1 3 0.56 0.56 374.0 113.0 374.0 853.0 29.0 853.0 317.0 72.0 317.0 
1 4 0.83 0.83 374.0 113.0 374.0 853.0 29.0 853.0 317.0 72.0 317.0 901.0 246.0 901.0 
1 2 0.41 0.41 181.0 31.0 181.0 429.0 103.0 429.0 
1 3 0.43 0.43 181.0 31.0 181.0 429.0 103.0 429.0 673.0 16.0 673.0 
1 4 0.68 0.68 181.0 31.0 181.0 429.0 103.0 429.0 673.0 16.0 673.0 4.0 1.0 4.0 
1 5 0.81 0.81 181.0 31.0 181.0 429.0 103.0 429.0 673.0 16.0 673.0 4.0 1.0 4.0 816.0 106.0 816.0 
1 6 0.84 0.84 181.0 31.0 181.0 429.0 103.0 429.0 673.0 16.0 673.0 4.0 1.0 4.0 816.0 106.0 816.0 821.0 25.0 821.0 
1 7 0.85 0.85 181.0 31.0 181.0 429.0 103.0 429.0 673.0 16.0 673.0 4.0 1.0 4.0 816.0 106.0 816.0 821.0 25.0 821.0 545.0 5.0 545.0 
1 8 0.9 0.9 181.0 31.0 181.0 429.0 103.0 429.0 673.0 16.0 673.0 4.0 1.0 4.0 816.0 106.0 816.0 821.0 25.0 821.0 545.0 5.0 545.0 179.0 9.0 179.0 
1 2 0.4 0.4 913.0 184.0 913.0 40.0 8.0 40.0 
1 3 0.72 0.72 913.0 184.0 913.0 40.0 8.0 40.0 322.0 105.0 322.0 
1 4 0.91 0.91 913.0 184.0 913.0 40.0 8.0 40.0 322.0 105.0 322.0 468.0 89.0 468.0 
1 5 0.92 0.92 913.0 184.0 913.0 40.0 8.0 40.0 322.0 105.0 322.0 468.0 89.0 468.0 453.0 2.0 453.0 
1 2 0.84 0.84 90.0 49.0 90.0 386.0 116.0 386.0 
1 2 0.1 0.1 983.0 32.0 983.0 871.0 60.0 871.0 
1 3 0.21 0.21 983.0 32.0 983.0 871.0 60.0 871.0 745.0 84.0 745.0 
1 4 0.35 0.35 983.0 32.0 983.0 871.0 60.0 871.0 745.0 84.0 745.0 993.0 142.0 993.0 
1 2 0.55 0.55 347.0 163.0 347.0 856.0 69.0 856.0 
1 2 0.99 0.99 834.0 611.0 834.0 951.0 253.0 951.0 
1 2 0.65 0.65 55.0 17.0 55.0 267.0 93.0 267.0 
1 2 0.41 0.41 811.0 310.0 811.0 361.0 11.0 361.0 
1 3 0.95 0.95 811.0 310.0 811.0 361.0 11.0 361.0 894.0 482.0 894.0 
1 2 0.37 0.37 26.0 9.0 26.0 377.0 12.0 377.0 
1 3 0.61 0.61 26.0 9.0 26.0 377.0 12.0 377.0 942.0 219.0 942.0 
1 2 0.69 0.69 950.0 381.0 950.0 892.0 264.0 892.0 
1 3 0.85 0.85 950.0 381.0 950.0 892.0 264.0 892.0 528.0 83.0 528.0 
1 4 0.87 0.87 950.0 381.0 950.0 892.0 264.0 892.0 528.0 83.0 528.0 39.0 1.0 39.0 
1 5 0.9 0.9 950.0 381.0 950.0 892.0 264.0 892.0 528.0 83.0 528.0 39.0 1.0 39.0 219.0 6.0 219.0 
1 2 0.96 0.96 284.0 267.0 284.0 790.0 22.0 790.0 
1 2 0.05 0.05 774.0 11.0 774.0 822.0 33.0 822.0 
1 3 0.99 0.99 774.0 11.0 774.0 822.0 33.0 822.0 485.0 456.0 485.0 
1 2 0.95 0.95 730.0 178.0 730.0 1000.0 709.0 1000.0 
1 2 0.55 0.55 572.0 187.0 572.0 249.0 58.0 249.0 
1 3 0.6 0.6 572.0 187.0 572.0 249.0 58.0 249.0 416.0 17.0 416.0 
1 4 0.99 0.99 572.0 187.0 572.0 249.0 58.0 249.0 416.0 17.0 416.0 859.0 338.0 859.0 
1 2 0.96 0.96 404.0 2.0 404.0 499.0 477.0 499.0 
1 2 0.65 0.65 788.0 158.0 788.0 889.0 403.0 889.0 
1 3 0.71 0.71 788.0 158.0 788.0 889.0 403.0 889.0 47.0 3.0 47.0 
1 2 0.4 0.4 897.0 66.0 897.0 360.0 118.0 360.0 
1 3 0.7 0.7 897.0 66.0 897.0 360.0 118.0 360.0 114.0 35.0 114.0 
1 2 0.74 0.74 497.0 123.0 497.0 514.0 256.0 514.0 
1 2 0.93 0.93 133.0 119.0 133.0 106.0 4.0 106.0 
1 3 0.96 0.96 133.0 119.0 133.0 106.0 4.0 106.0 364.0 13.0 364.0 
1 2 0.25 0.25 772.0 19.0 772.0 240.0 56.0 240.0 
1 3 0.88 0.88 772.0 19.0 772.0 240.0 56.0 240.0 387.0 243.0 387.0 
1 2 0.95 0.95 655.0 415.0 655.0 883.0 284.0 883.0 
1 2 0.48 0.48 841.0 220.0 841.0 718.0 157.0 718.0 
1 3 0.48 0.48 841.0 220.0 841.0 718.0 157.0 718.0 787.0 1.0 787.0 
1 4 0.5 0.5 841.0 220.0 841.0 718.0 157.0 718.0 787.0 1.0 787.0 458.0 10.0 458.0 
1 5 0.84 0.84 841.0 220.0 841.0 718.0 157.0 718.0 787.0 1.0 787.0 458.0 10.0 458.0 851.0 292.0 851.0 
1 2 0.36 0.36 422.0 66.0 422.0 808.0 166.0 808.0 
1 3 0.79 0.79 422.0 66.0 422.0 808.0 166.0 808.0 23.0 10.0 23.0 
1 2 0.71 0.71 769.0 437.0 769.0 555.0 81.0 555.0 
1 3 0.75 0.75 769.0 437.0 769.0 555.0 81.0 555.0 814.0 35.0 814.0 
1 4 0.92 0.92 769.0 437.0 769.0 555.0 81.0 555.0 814.0 35.0 814.0 332.0 55.0 332.0 
1 2 0.92 0.92 425.0 113.0 425.0 79.0 52.0 79.0 
1 2 0.72 0.72 49.0 21.0 49.0 10.0 3.0 10.0 
1 3 0.8 0.8 49.0 21.0 49.0 10.0 3.0 10.0 676.0 54.0 676.0 
1 2 0.67 0.67 51.0 30.0 51.0 459.0 41.0 459.0 
1 2 0.77 0.77 491.0 204.0 491.0 248.0 89.0 248.0 
1 2 0.91 0.91 232.0 192.0 232.0 455.0 40.0 455.0 
1 2 0.75 0.75 618.0 373.0 618.0 807.0 125.0 807.0 
1 2 0.72 0.72 882.0 262.0 882.0 399.0 172.0 399.0 
1 2 0.22 0.22 442.0 26.0 442.0 748.0 126.0 748.0 
1 3 0.62 0.62 442.0 26.0 442.0 748.0 126.0 748.0 530.0 209.0 530.0 
1 4 0.87 0.87 442.0 26.0 442.0 748.0 126.0 748.0 530.0 209.0 530.0 831.0 214.0 831.0 
1 2 0.88 0.88 144.0 106.0 144.0 508.0 75.0 508.0 
1 2 0.37 0.37 427.0 86.0 427.0 986.0 175.0 986.0 
1 3 0.45 0.45 427.0 86.0 427.0 986.0 175.0 986.0 257.0 19.0 257.0 
1 4 0.84 0.84 427.0 86.0 427.0 986.0 175.0 986.0 257.0 19.0 257.0 234.0 92.0 234.0 
1 2 0.56 0.56 365.0 121.0 365.0 757.0 174.0 757.0 
1 3 0.59 0.59 365.0 121.0 365.0 757.0 174.0 757.0 922.0 27.0 922.0 
1 2 0.98 0.98 705.0 23.0 705.0 538.0 514.0 538.0 
1 2 0.26 0.26 236.0 49.0 236.0 870.0 46.0 870.0 
1 3 0.41 0.41 236.0 49.0 236.0 870.0 46.0 870.0 945.0 150.0 945.0 
1 2 0.44 0.44 411.0 137.0 411.0 26.0 3.0 26.0 
1 2 0.68 0.68 49.0 29.0 49.0 217.0 21.0 217.0 
1 3 0.99 0.99 49.0 29.0 49.0 217.0 21.0 217.0 342.0 104.0 342.0 
1 2 0.43 0.43 302.0 63.0 302.0 531.0 118.0 531.0 
1 2 0.92 0.92 247.0 88.0 247.0 123.0 70.0 123.0 
1 2 0.23 0.23 327.0 77.0 327.0 231.0 1.0 231.0 
1 3 0.98 0.98 327.0 77.0 327.0 231.0 1.0 231.0 811.0 605.0 811.0 
1 2 0.49 0.49 479.0 53.0 479.0 88.0 34.0 88.0 
1 3 0.57 0.57 479.0 53.0 479.0 88.0 34.0 88.0 397.0 29.0 397.0 
1 4 0.82 0.82 479.0 53.0 479.0 88.0 34.0 88.0 397.0 29.0 397.0 273.0 69.0 273.0 
1 2 0.34 0.34 607.0 10.0 607.0 658.0 214.0 658.0 
1 3 0.54 0.54 607.0 10.0 607.0 658.0 214.0 658.0 976.0 197.0 976.0 
1 4 0.9 0.9 607.0 10.0 607.0 658.0 214.0 658.0 976.0 197.0 976.0 930.0 334.0 930.0 
1 5 0.92 0.92 607.0 10.0 607.0 658.0 214.0 658.0 976.0 197.0 976.0 930.0 334.0 930.0 899.0 18.0 899.0 
1 6 0.93 0.93 607.0 10.0 607.0 658.0 214.0 658.0 976.0 197.0 976.0 930.0 334.0 930.0 899.0 18.0 899.0 862.0 7.0 862.0 
1 2 0.75 0.75 819.0 563.0 819.0 431.0 27.0 431.0 
1 2 0.34 0.34 168.0 57.0 168.0 376.0 2.0 376.0 
1 3 0.66 0.66 168.0 57.0 168.0 376.0 2.0 376.0 110.0 35.0 110.0 
1 2 0.31 0.31 666.0 135.0 666.0 820.0 94.0 820.0 
1 3 0.78 0.78 666.0 135.0 666.0 820.0 94.0 820.0 271.0 128.0 271.0 
1 2 0.45 0.45 602.0 218.0 602.0 165.0 15.0 165.0 
1 3 0.57 0.57 602.0 218.0 602.0 165.0 15.0 165.0 418.0 52.0 418.0 
1 4 0.63 0.63 602.0 218.0 602.0 165.0 15.0 165.0 418.0 52.0 418.0 759.0 41.0 759.0 
1 2 0.31 0.31 36.0 11.0 36.0 998.0 5.0 998.0 
1 2 0.07 0.07 700.0 40.0 700.0 348.0 6.0 348.0 
1 3 0.16 0.16 700.0 40.0 700.0 348.0 6.0 348.0 162.0 14.0 162.0 
1 4 0.24 0.24 700.0 40.0 700.0 348.0 6.0 348.0 162.0 14.0 162.0 496.0 42.0 496.0 
1 5 0.31 0.31 700.0 40.0 700.0 348.0 6.0 348.0 162.0 14.0 162.0 496.0 42.0 496.0 14.0 1.0 14.0 
1 6 0.46 0.46 700.0 40.0 700.0 348.0 6.0 348.0 162.0 14.0 162.0 496.0 42.0 496.0 14.0 1.0 14.0 505.0 77.0 505.0 
1 7 0.48 0.48 700.0 40.0 700.0 348.0 6.0 348.0 162.0 14.0 162.0 496.0 42.0 496.0 14.0 1.0 14.0 505.0 77.0 505.0 559.0 11.0 559.0 
1 8 0.7 0.7 700.0 40.0 700.0 348.0 6.0 348.0 162.0 14.0 162.0 496.0 42.0 496.0 14.0 1.0 14.0 505.0 77.0 505.0 559.0 11.0 559.0 627.0 138.0 627.0 
1 2 0.82 0.82 745.0 1.0 745.0 725.0 594.0 725.0 
1 2 0.18 0.18 172.0 14.0 172.0 459.0 48.0 459.0 
1 3 0.81 0.81 172.0 14.0 172.0 459.0 48.0 459.0 672.0 420.0 672.0 
1 2 0.39 0.39 11.0 3.0 11.0 289.0 34.0 289.0 
1 3 0.57 0.57 11.0 3.0 11.0 289.0 34.0 289.0 37.0 7.0 37.0 
1 4 0.82 0.82 11.0 3.0 11.0 289.0 34.0 289.0 37.0 7.0 37.0 308.0 75.0 308.0 
1 2 0.25 0.25 897.0 117.0 897.0 980.0 118.0 980.0 
1 3 0.67 0.67 897.0 117.0 897.0 980.0 118.0 980.0 459.0 194.0 459.0 
1 4 0.68 0.68 897.0 117.0 897.0 980.0 118.0 980.0 459.0 194.0 459.0 917.0 9.0 917.0 
1 2 0.58 0.58 135.0 72.0 135.0 639.0 32.0 639.0 
1 3 0.98 0.98 135.0 72.0 135.0 639.0 32.0 639.0 955.0 379.0 955.0 
1 2 0.75 0.75 418.0 52.0 418.0 489.0 306.0 489.0 
1 3 0.98 0.98 418.0 52.0 418.0 489.0 306.0 489.0 413.0 96.0 413.0 
1 2 0.57 0.57 219.0 45.0 219.0 922.0 341.0 922.0 
1 3 0.68 0.68 219.0 45.0 219.0 922.0 341.0 922.0 623.0 70.0 623.0 
1 4 0.73 0.73 219.0 45.0 219.0 922.0 341.0 922.0 623.0 70.0 623.0 584.0 26.0 584.0 
1 2 0.35 0.35 286.0 39.0 286.0 402.0 89.0 402.0 
1 3 0.89 0.89 286.0 39.0 286.0 402.0 89.0 402.0 249.0 134.0 249.0 
1 2 0.82 0.82 692.0 8.0 692.0 588.0 479.0 588.0 
1 3 0.89 0.89 692.0 8.0 692.0 588.0 479.0 588.0 534.0 35.0 534.0 
1 2 0.96 0.96 501.0 135.0 501.0 986.0 683.0 986.0 
1 2 0.79 0.79 826.0 3.0 826.0 83.0 66.0 83.0 
1 2 0.67 0.67 847.0 99.0 847.0 715.0 396.0 715.0 
1 3 0.74 0.74 847.0 99.0 847.0 715.0 396.0 715.0 27.0 2.0 27.0 
1 2 0.48 0.48 392.0 88.0 392.0 885.0 233.0 885.0 
1 3 0.53 0.53 392.0 88.0 392.0 885.0 233.0 885.0 738.0 37.0 738.0 
1 4 0.68 0.68 392.0 88.0 392.0 885.0 233.0 885.0 738.0 37.0 738.0 89.0 13.0 89.0 
1 5 0.82 0.82 392.0 88.0 392.0 885.0 233.0 885.0 738.0 37.0 738.0 89.0 13.0 89.0 787.0 113.0 787.0 
1 2 0.78 0.78 307.0 158.0 307.0 517.0 139.0 517.0 
1 3 0.97 0.97 307.0 158.0 307.0 517.0 139.0 517.0 777.0 147.0 777.0 
1 2 0.69 0.69 986.0 27.0 986.0 611.0 406.0 611.0 
1 3 0.85 0.85 986.0 27.0 986.0 611.0 406.0 611.0 163.0 26.0 163.0 
1 4 0.88 0.88 986.0 27.0 986.0 611.0 406.0 611.0 163.0 26.0 163.0 237.0 8.0 237.0 
1 2 0.75 0.75 201.0 20.0 201.0 179.0 118.0 179.0 
1 3 0.76 0.76 201.0 20.0 201.0 179.0 118.0 179.0 807.0 3.0 807.0 
1 4 0.95 0.95 201.0 20.0 201.0 179.0 118.0 179.0 807.0 3.0 807.0 786.0 150.0 786.0 
1 2 0.64 0.64 522.0 132.0 522.0 96.0 38.0 96.0 
1 2 0.55 0.55 843.0 386.0 843.0 564.0 53.0 564.0 
1 3 0.81 0.81 843.0 386.0 843.0 564.0 53.0 564.0 85.0 22.0 85.0 
1 4 0.94 0.94 843.0 386.0 843.0 564.0 53.0 564.0 85.0 22.0 85.0 612.0 82.0 612.0 
1 5 0.96 0.96 843.0 386.0 843.0 564.0 53.0 564.0 85.0 22.0 85.0 612.0 82.0 612.0 829.0 17.0 829.0 
1 6 0.99 0.99 843.0 386.0 843.0 564.0 53.0 564.0 85.0 22.0 85.0 612.0 82.0 612.0 829.0 17.0 829.0 40.0 1.0 40.0 
1 2 0.86 0.86 753.0 358.0 753.0 85.0 33.0 85.0 
1 2 0.53 0.53 528.0 273.0 528.0 435.0 9.0 435.0 
1 3 0.96 0.96 528.0 273.0 528.0 435.0 9.0 435.0 217.0 92.0 217.0 
1 2 0.78 0.78 68.0 11.0 68.0 531.0 332.0 531.0 
1 2 0.82 0.82 763.0 302.0 763.0 98.0 42.0 98.0 
1 3 0.95 0.95 763.0 302.0 763.0 98.0 42.0 98.0 162.0 21.0 162.0 
1 2 0.36 0.36 172.0 4.0 172.0 38.0 13.0 38.0 
1 3 0.68 0.68 172.0 4.0 172.0 38.0 13.0 38.0 305.0 98.0 305.0 
1 4 0.89 0.89 172.0 4.0 172.0 38.0 13.0 38.0 305.0 98.0 305.0 922.0 193.0 922.0 
1 2 0.42 0.42 424.0 123.0 424.0 273.0 37.0 273.0 
1 3 0.87 0.87 424.0 123.0 424.0 273.0 37.0 273.0 452.0 204.0 452.0 
1 2 0.76 0.76 257.0 3.0 257.0 583.0 441.0 583.0 
1 2 0.8 0.8 969.0 277.0 969.0 90.0 47.0 90.0 
1 2 0.46 0.46 256.0 43.0 256.0 347.0 103.0 347.0 
1 2 0.35 0.35 270.0 22.0 270.0 424.0 117.0 424.0 
1 2 0.3 0.3 631.0 160.0 631.0 186.0 9.0 186.0 
1 3 0.35 0.35 631.0 160.0 631.0 186.0 9.0 186.0 879.0 51.0 879.0 
1 2 0.76 0.76 573.0 55.0 573.0 390.0 260.0 390.0 
1 2 0.12 0.12 126.0 8.0 126.0 418.0 26.0 418.0 
1 3 0.21 0.21 126.0 8.0 126.0 418.0 26.0 418.0 888.0 78.0 888.0 
1 4 0.65 0.65 126.0 8.0 126.0 418.0 26.0 418.0 888.0 78.0 888.0 185.0 81.0 185.0 
1 5 0.68 0.68 126.0 8.0 126.0 418.0 26.0 418.0 888.0 78.0 888.0 185.0 81.0 185.0 806.0 27.0 806.0 
1 2 0.93 0.93 460.0 102.0 460.0 947.0 671.0 947.0 
1 2 0.17 0.17 569.0 98.0 569.0 711.0 5.0 711.0 
1 2 0.52 0.52 628.0 99.0 628.0 982.0 364.0 982.0 
1 2 0.37 0.37 879.0 158.0 879.0 422.0 82.0 422.0 
1 3 0.47 0.47 879.0 158.0 879.0 422.0 82.0 422.0 10.0 1.0 10.0 
1 4 0.51 0.51 879.0 158.0 879.0 422.0 82.0 422.0 10.0 1.0 10.0 770.0 31.0 770.0 
1 5 0.92 0.92 879.0 158.0 879.0 422.0 82.0 422.0 10.0 1.0 10.0 770.0 31.0 770.0 381.0 155.0 381.0 
1 2 0.49 0.49 948.0 240.0 948.0 718.0 177.0 718.0 
1 3 0.65 0.65 948.0 240.0 948.0 718.0 177.0 718.0 159.0 25.0 159.0 
1 2 0.97 0.97 120.0 65.0 120.0 48.0 21.0 48.0 
1 2 0.57 0.57 938.0 189.0 938.0 168.0 63.0 168.0 
1 3 0.82 0.82 938.0 189.0 938.0 168.0 63.0 168.0 12.0 3.0 12.0 
1 4 0.98 0.98 938.0 189.0 938.0 168.0 63.0 168.0 12.0 3.0 12.0 196.0 31.0 196.0 
1 2 0.65 0.65 146.0 68.0 146.0 834.0 161.0 834.0 
1 2 0.59 0.59 443.0 141.0 443.0 240.0 67.0 240.0 
1 2 0.5 0.5 443.0 84.0 443.0 92.0 29.0 92.0 
1 3 0.95 0.95 443.0 84.0 443.0 92.0 29.0 92.0 238.0 106.0 238.0 
1 2 0.63 0.63 219.0 18.0 219.0 54.0 30.0 54.0 
1 3 0.7 0.7 219.0 18.0 219.0 54.0 30.0 54.0 272.0 17.0 272.0 
1 2 0.57 0.57 888.0 386.0 888.0 749.0 103.0 749.0 
1 2 0.17 0.17 425.0 42.0 425.0 83.0 6.0 83.0 
1 3 0.7 0.7 425.0 42.0 425.0 83.0 6.0 83.0 260.0 140.0 260.0 
1 4 0.81 0.81 425.0 42.0 425.0 83.0 6.0 83.0 260.0 140.0 260.0 125.0 13.0 125.0 
1 2 0.72 0.72 417.0 144.0 417.0 778.0 299.0 778.0 
1 3 0.83 0.83 417.0 144.0 417.0 778.0 299.0 778.0 630.0 65.0 630.0 
1 2 0.89 0.89 652.0 441.0 652.0 805.0 174.0 805.0 
1 2 0.9 0.9 200.0 15.0 200.0 47.0 39.0 47.0 
1 2 0.58 0.58 473.0 48.0 473.0 289.0 141.0 289.0 
1 3 0.64 0.64 473.0 48.0 473.0 289.0 141.0 289.0 973.0 53.0 973.0 
1 4 0.97 0.97 473.0 48.0 473.0 289.0 141.0 289.0 973.0 53.0 973.0 754.0 253.0 754.0 
1 2 0.42 0.42 624.0 36.0 624.0 148.0 55.0 148.0 
1 3 0.6 0.6 624.0 36.0 624.0 148.0 55.0 148.0 671.0 117.0 671.0 
1 2 0.6 0.6 614.0 71.0 614.0 149.0 73.0 149.0 
1 2 0.73 0.73 535.0 78.0 535.0 283.0 166.0 283.0 
1 3 0.92 0.92 535.0 78.0 535.0 283.0 166.0 283.0 427.0 82.0 427.0 
1 4 0.93 0.93 535.0 78.0 535.0 283.0 166.0 283.0 427.0 82.0 427.0 485.0 3.0 485.0 
1 2 0.03 0.03 443.0 13.0 443.0 335.0 2.0 335.0 
1 3 0.47 0.47 443.0 13.0 443.0 335.0 2.0 335.0 599.0 262.0 599.0 
1 2 0.61 0.61 851.0 405.0 851.0 164.0 22.0 164.0 
1 3 0.94 0.94 851.0 405.0 851.0 164.0 22.0 164.0 156.0 52.0 156.0 
1 2 0.33 0.33 244.0 13.0 244.0 667.0 188.0 667.0 
1 2 0.81 0.81 692.0 253.0 692.0 410.0 185.0 410.0 
1 3 0.95 0.95 692.0 253.0 692.0 410.0 185.0 410.0 941.0 127.0 941.0 
1 2 0.76 0.76 356.0 231.0 356.0 818.0 94.0 818.0 
1 3 0.98 0.98 356.0 231.0 356.0 818.0 94.0 818.0 120.0 27.0 120.0 
1 2 0.39 0.39 682.0 169.0 682.0 737.0 107.0 737.0 
1 3 0.53 0.53 682.0 169.0 682.0 737.0 107.0 737.0 218.0 32.0 218.0 
1 4 0.75 0.75 682.0 169.0 682.0 737.0 107.0 737.0 218.0 32.0 218.0 565.0 122.0 565.0 
1 5 0.89 0.89 682.0 169.0 682.0 737.0 107.0 737.0 218.0 32.0 218.0 565.0 122.0 565.0 605.0 84.0 605.0 
1 2 0.25 0.25 674.0 106.0 674.0 504.0 51.0 504.0 
1 3 0.83 0.83 674.0 106.0 674.0 504.0 51.0 504.0 974.0 565.0 974.0 
1 2 0.78 0.78 352.0 36.0 352.0 201.0 138.0 201.0 
1 3 0.87 0.87 352.0 36.0 352.0 201.0 138.0 201.0 772.0 65.0 772.0 
1 2 0.64 0.64 479.0 24.0 479.0 620.0 367.0 620.0 
1 2 0.57 0.57 1000.0 170.0 1000.0 806.0 327.0 806.0 
1 3 0.75 0.75 1000.0 170.0 1000.0 806.0 327.0 806.0 732.0 130.0 732.0 
1 4 0.9 0.9 1000.0 170.0 1000.0 806.0 327.0 806.0 732.0 130.0 732.0 804.0 123.0 804.0 
1 2 0.68 0.68 256.0 15.0 256.0 577.0 364.0 577.0 
1 2 0.9 0.9 252.0 77.0 252.0 634.0 383.0 634.0 
1 2 0.46 0.46 176.0 62.0 176.0 806.0 91.0 806.0 
1 3 0.99 0.99 176.0 62.0 176.0 806.0 91.0 806.0 669.0 352.0 669.0 
1 2 0.48 0.48 45.0 11.0 45.0 200.0 49.0 200.0 
1 3 0.66 0.66 45.0 11.0 45.0 200.0 49.0 200.0 428.0 74.0 428.0 
1 4 0.77 0.77 45.0 11.0 45.0 200.0 49.0 200.0 428.0 74.0 428.0 720.0 84.0 720.0 
1 2 0.9 0.9 673.0 106.0 673.0 397.0 295.0 397.0 
1 2 0.33 0.33 873.0 164.0 873.0 178.0 27.0 178.0 
1 3 0.51 0.51 873.0 164.0 873.0 178.0 27.0 178.0 82.0 14.0 82.0 
1 4 0.54 0.54 873.0 164.0 873.0 178.0 27.0 178.0 82.0 14.0 82.0 944.0 32.0 944.0 
1 2 0.96 0.96 519.0 187.0 519.0 584.0 353.0 584.0 
1 2 0.15 0.15 807.0 15.0 807.0 167.0 23.0 167.0 
1 3 0.23 0.23 807.0 15.0 807.0 167.0 23.0 167.0 244.0 18.0 244.0 
1 4 0.69 0.69 807.0 15.0 807.0 167.0 23.0 167.0 244.0 18.0 244.0 62.0 29.0 62.0 
1 5 0.88 0.88 807.0 15.0 807.0 167.0 23.0 167.0 244.0 18.0 244.0 62.0 29.0 62.0 891.0 168.0 891.0 
1 2 0.75 0.75 104.0 6.0 104.0 66.0 46.0 66.0 
1 2 0.56 0.56 509.0 55.0 509.0 556.0 254.0 556.0 
1 3 0.69 0.69 509.0 55.0 509.0 556.0 254.0 556.0 382.0 48.0 382.0 
1 4 0.71 0.71 509.0 55.0 509.0 556.0 254.0 556.0 382.0 48.0 382.0 798.0 18.0 798.0 
1 2 0.32 0.32 265.0 31.0 265.0 494.0 102.0 494.0 
1 3 0.35 0.35 265.0 31.0 265.0 494.0 102.0 494.0 178.0 6.0 178.0 
1 4 0.67 0.67 265.0 31.0 265.0 494.0 102.0 494.0 178.0 6.0 178.0 112.0 36.0 112.0 
1 5 0.68 0.68 265.0 31.0 265.0 494.0 102.0 494.0 178.0 6.0 178.0 112.0 36.0 112.0 365.0 1.0 365.0 
1 6 0.97 0.97 265.0 31.0 265.0 494.0 102.0 494.0 178.0 6.0 178.0 112.0 36.0 112.0 365.0 1.0 365.0 620.0 183.0 620.0 
1 2 0.21 0.21 978.0 70.0 978.0 559.0 80.0 559.0 
1 3 0.23 0.23 978.0 70.0 978.0 559.0 80.0 559.0 81.0 2.0 81.0 
1 4 0.83 0.83 978.0 70.0 978.0 559.0 80.0 559.0 81.0 2.0 81.0 478.0 286.0 478.0 
1 2 0.46 0.46 968.0 53.0 968.0 517.0 211.0 517.0 
1 2 0.54 0.54 542.0 257.0 542.0 904.0 61.0 904.0 
1 2 0.6 0.6 788.0 93.0 788.0 578.0 283.0 578.0 
1 3 0.63 0.63 788.0 93.0 788.0 578.0 283.0 578.0 95.0 3.0 95.0 
1 2 0.85 0.85 59.0 27.0 59.0 928.0 371.0 928.0 
1 2 0.48 0.48 181.0 51.0 181.0 258.0 52.0 258.0 
1 3 0.59 0.59 181.0 51.0 181.0 258.0 52.0 258.0 63.0 7.0 63.0 
1 4 0.74 0.74 181.0 51.0 181.0 258.0 52.0 258.0 63.0 7.0 63.0 256.0 39.0 256.0 
1 5 0.88 0.88 181.0 51.0 181.0 258.0 52.0 258.0 63.0 7.0 63.0 256.0 39.0 256.0 278.0 38.0 278.0 
1 6 0.95 0.95 181.0 51.0 181.0 258.0 52.0 258.0 63.0 7.0 63.0 256.0 39.0 256.0 278.0 38.0 278.0 325.0 24.0 325.0 
1 7 0.98 0.98 181.0 51.0 181.0 258.0 52.0 258.0 63.0 7.0 63.0 256.0 39.0 256.0 278.0 38.0 278.0 325.0 24.0 325.0 549.0 13.0 549.0 
1 2 0.36 0.36 425.0 104.0 425.0 413.0 51.0 413.0 
1 3 0.73 0.73 425.0 104.0 425.0 413.0 51.0 413.0 783.0 289.0 783.0 
1 2 0.92 0.92 993.0 631.0 993.0 7.0 2.0 7.0 
1 2 0.74 0.74 439.0 312.0 439.0 708.0 22.0 708.0 
1 3 0.79 0.79 439.0 312.0 439.0 708.0 22.0 708.0 801.0 40.0 801.0 
1 2 0.11 0.11 602.0 31.0 602.0 390.0 24.0 390.0 
1 3 0.25 0.25 602.0 31.0 602.0 390.0 24.0 390.0 540.0 76.0 540.0 
1 2 0.69 0.69 932.0 128.0 932.0 822.0 458.0 822.0 
1 2 0.84 0.84 825.0 444.0 825.0 533.0 163.0 533.0 
1 2 0.24 0.24 661.0 138.0 661.0 594.0 19.0 594.0 
1 3 0.58 0.58 661.0 138.0 661.0 594.0 19.0 594.0 820.0 283.0 820.0 
1 4 0.67 0.67 661.0 138.0 661.0 594.0 19.0 594.0 820.0 283.0 820.0 563.0 52.0 563.0 
1 2 0.49 0.49 39.0 12.0 39.0 425.0 81.0 425.0 
1 3 0.75 0.75 39.0 12.0 39.0 425.0 81.0 425.0 226.0 57.0 226.0 
1 2 0.67 0.67 277.0 40.0 277.0 582.0 308.0 582.0 
1 3 0.92 0.92 277.0 40.0 277.0 582.0 308.0 582.0 439.0 110.0 439.0 
1 2 0.46 0.46 295.0 57.0 295.0 73.0 20.0 73.0 
1 3 0.89 0.89 295.0 57.0 295.0 73.0 20.0 73.0 946.0 406.0 946.0 
1 2 0.41 0.41 139.0 4.0 139.0 755.0 288.0 755.0 
1 3 0.46 0.46 139.0 4.0 139.0 755.0 288.0 755.0 221.0 13.0 221.0 
1 2 0.34 0.34 679.0 177.0 679.0 108.0 9.0 108.0 
1 3 0.41 0.41 679.0 177.0 679.0 108.0 9.0 108.0 750.0 50.0 750.0 
1 2 0.35 0.35 529.0 156.0 529.0 500.0 30.0 500.0 
1 3 0.74 0.74 529.0 156.0 529.0 500.0 30.0 500.0 754.0 292.0 754.0 
1 4 0.84 0.84 529.0 156.0 529.0 500.0 30.0 500.0 754.0 292.0 754.0 649.0 65.0 649.0 
1 2 0.93 0.93 237.0 165.0 237.0 306.0 72.0 306.0 
1 2 0.97 0.97 944.0 149.0 944.0 335.0 275.0 335.0 
1 2 0.42 0.42 257.0 37.0 257.0 309.0 88.0 309.0 
1 3 0.71 0.71 257.0 37.0 257.0 309.0 88.0 309.0 336.0 97.0 336.0 
1 4 0.95 0.95 257.0 37.0 257.0 309.0 88.0 309.0 336.0 97.0 336.0 796.0 191.0 796.0 
1 2 0.19 0.19 374.0 72.0 374.0 562.0 4.0 562.0 
1 3 0.27 0.27 374.0 72.0 374.0 562.0 4.0 562.0 588.0 43.0 588.0 
1 4 0.32 0.32 374.0 72.0 374.0 562.0 4.0 562.0 588.0 43.0 588.0 672.0 34.0 672.0 
1 5 0.44 0.44 374.0 72.0 374.0 562.0 4.0 562.0 588.0 43.0 588.0 672.0 34.0 672.0 987.0 116.0 987.0 
1 2 0.73 0.73 649.0 321.0 649.0 612.0 145.0 612.0 
1 2 0.62 0.62 771.0 370.0 771.0 670.0 94.0 670.0 
1 3 0.88 0.88 771.0 370.0 771.0 670.0 94.0 670.0 986.0 262.0 986.0 
1 2 0.69 0.69 702.0 114.0 702.0 594.0 314.0 594.0 
1 3 0.85 0.85 702.0 114.0 702.0 594.0 314.0 594.0 972.0 161.0 972.0 
1 4 0.86 0.86 702.0 114.0 702.0 594.0 314.0 594.0 972.0 161.0 972.0 581.0 7.0 581.0 
1 2 0.14 0.14 10.0 1.0 10.0 306.0 15.0 306.0 
1 2 0.32 0.32 171.0 28.0 171.0 533.0 87.0 533.0 
1 3 0.63 0.63 171.0 28.0 171.0 533.0 87.0 533.0 177.0 54.0 177.0 
1 4 0.71 0.71 171.0 28.0 171.0 533.0 87.0 533.0 177.0 54.0 177.0 645.0 52.0 645.0 
1 2 0.59 0.59 273.0 160.0 273.0 883.0 9.0 883.0 
