1 2 0.77 0.77 85.0 47.0 85.0 571.0 128.0 571.0 
1 2 0.67 0.67 158.0 80.0 158.0 97.0 16.0 97.0 
1 3 0.86 0.86 158.0 80.0 158.0 97.0 16.0 97.0 952.0 182.0 952.0 
1 2 0.95 0.95 882.0 377.0 882.0 995.0 524.0 995.0 
1 2 0.93 0.93 534.0 18.0 534.0 964.0 873.0 964.0 
1 2 0.95 0.95 336.0 70.0 336.0 852.0 640.0 852.0 
1 2 0.7 0.7 777.0 122.0 777.0 172.0 94.0 172.0 
1 2 0.99 0.99 232.0 159.0 232.0 168.0 52.0 168.0 
1 2 0.78 0.78 657.0 45.0 657.0 14.0 10.0 14.0 
1 2 0.64 0.64 589.0 350.0 589.0 306.0 15.0 306.0 
1 2 0.68 0.68 24.0 1.0 24.0 202.0 130.0 202.0 
1 2 0.99 0.99 132.0 33.0 132.0 413.0 309.0 413.0 
1 2 0.76 0.76 570.0 36.0 570.0 985.0 688.0 985.0 
1 2 0.98 0.98 528.0 320.0 528.0 618.0 237.0 618.0 
1 2 0.49 0.49 429.0 11.0 429.0 72.0 34.0 72.0 
1 2 0.99 0.99 194.0 47.0 194.0 105.0 79.0 105.0 
1 2 0.33 0.33 178.0 48.0 178.0 905.0 56.0 905.0 
1 3 0.92 0.92 178.0 48.0 178.0 905.0 56.0 905.0 947.0 563.0 947.0 
1 2 0.86 0.86 662.0 391.0 662.0 108.0 30.0 108.0 
1 2 0.73 0.73 633.0 25.0 633.0 619.0 429.0 619.0 
1 2 0.74 0.74 60.0 2.0 60.0 484.0 344.0 484.0 
1 2 0.65 0.65 135.0 10.0 135.0 262.0 152.0 262.0 
1 2 0.81 0.81 316.0 13.0 316.0 131.0 101.0 131.0 
1 2 0.67 0.67 722.0 477.0 722.0 824.0 14.0 824.0 
1 2 0.89 0.89 485.0 135.0 485.0 301.0 187.0 301.0 
1 2 0.97 0.97 938.0 515.0 938.0 330.0 139.0 330.0 
1 2 0.98 0.98 437.0 239.0 437.0 605.0 265.0 605.0 
1 2 0.81 0.81 615.0 12.0 615.0 603.0 479.0 603.0 
1 3 0.93 0.93 615.0 12.0 615.0 603.0 479.0 603.0 343.0 43.0 343.0 
1 2 0.63 0.63 168.0 13.0 168.0 742.0 416.0 742.0 
1 2 0.75 0.75 593.0 414.0 593.0 53.0 3.0 53.0 
1 2 0.79 0.79 762.0 140.0 762.0 89.0 54.0 89.0 
1 2 0.75 0.75 976.0 24.0 976.0 860.0 629.0 860.0 
1 2 0.76 0.76 158.0 104.0 158.0 239.0 25.0 239.0 
1 2 0.64 0.64 61.0 36.0 61.0 209.0 12.0 209.0 
1 2 0.55 0.55 464.0 218.0 464.0 354.0 31.0 354.0 
1 3 0.57 0.57 464.0 218.0 464.0 354.0 31.0 354.0 654.0 11.0 654.0 
1 2 0.95 0.95 123.0 104.0 123.0 566.0 60.0 566.0 
1 2 0.61 0.61 222.0 114.0 222.0 530.0 52.0 530.0 
1 2 0.97 0.97 262.0 167.0 262.0 664.0 227.0 664.0 
1 2 0.78 0.78 73.0 41.0 73.0 800.0 181.0 800.0 
1 2 0.66 0.66 865.0 557.0 865.0 283.0 6.0 283.0 
1 2 0.31 0.31 477.0 55.0 477.0 573.0 117.0 573.0 
1 3 0.59 0.59 477.0 55.0 477.0 573.0 117.0 573.0 724.0 199.0 724.0 
1 2 0.63 0.63 792.0 37.0 792.0 61.0 36.0 61.0 
1 2 0.99 0.99 566.0 424.0 566.0 4.0 1.0 4.0 
1 2 0.3 0.3 424.0 13.0 424.0 844.0 231.0 844.0 
1 2 0.8 0.8 915.0 126.0 915.0 739.0 492.0 739.0 
1 2 0.82 0.82 740.0 460.0 740.0 833.0 170.0 833.0 
1 2 0.45 0.45 175.0 25.0 175.0 875.0 274.0 875.0 
1 2 0.64 0.64 813.0 4.0 813.0 435.0 279.0 435.0 
1 2 0.83 0.83 719.0 167.0 719.0 218.0 132.0 218.0 
1 2 0.75 0.75 628.0 385.0 628.0 153.0 21.0 153.0 
1 2 0.53 0.53 417.0 18.0 417.0 729.0 360.0 729.0 
1 2 0.78 0.78 780.0 503.0 780.0 667.0 96.0 667.0 
1 2 0.85 0.85 831.0 105.0 831.0 143.0 104.0 143.0 
1 2 0.79 0.79 906.0 3.0 906.0 424.0 335.0 424.0 
1 2 0.69 0.69 484.0 89.0 484.0 427.0 219.0 427.0 
1 2 0.97 0.97 906.0 597.0 906.0 752.0 241.0 752.0 
1 2 0.91 0.91 99.0 82.0 99.0 934.0 84.0 934.0 
1 2 0.68 0.68 941.0 134.0 941.0 24.0 13.0 24.0 
1 2 0.6 0.6 626.0 1.0 626.0 519.0 314.0 519.0 
1 2 0.4 0.4 654.0 156.0 654.0 971.0 165.0 971.0 
1 2 0.36 0.36 391.0 56.0 391.0 883.0 198.0 883.0 
1 2 0.8 0.8 665.0 480.0 665.0 190.0 16.0 190.0 
1 2 0.59 0.59 879.0 26.0 879.0 451.0 257.0 451.0 
1 2 0.74 0.74 445.0 236.0 445.0 981.0 209.0 981.0 
1 2 0.84 0.84 239.0 142.0 239.0 91.0 23.0 91.0 
1 2 0.97 0.97 950.0 671.0 950.0 883.0 236.0 883.0 
1 2 0.94 0.94 11.0 2.0 11.0 941.0 721.0 941.0 
1 3 0.95 0.95 11.0 2.0 11.0 941.0 721.0 941.0 687.0 6.0 687.0 
1 2 0.74 0.74 981.0 45.0 981.0 452.0 315.0 452.0 
1 2 0.89 0.89 572.0 395.0 572.0 77.0 16.0 77.0 
1 2 0.84 0.84 553.0 414.0 553.0 652.0 61.0 652.0 
1 3 0.98 0.98 553.0 414.0 553.0 652.0 61.0 652.0 780.0 113.0 780.0 
1 2 0.88 0.88 840.0 375.0 840.0 986.0 428.0 986.0 
1 3 0.99 0.99 840.0 375.0 840.0 986.0 428.0 986.0 848.0 100.0 848.0 
1 2 0.85 0.85 517.0 312.0 517.0 256.0 65.0 256.0 
1 2 0.92 0.92 418.0 134.0 418.0 808.0 488.0 808.0 
1 2 0.93 0.93 319.0 115.0 319.0 186.0 107.0 186.0 
1 2 0.88 0.88 996.0 582.0 996.0 813.0 247.0 813.0 
1 2 0.91 0.91 835.0 43.0 835.0 220.0 189.0 220.0 
1 2 0.87 0.87 342.0 235.0 342.0 154.0 29.0 154.0 
1 3 0.87 0.87 342.0 235.0 342.0 154.0 29.0 154.0 956.0 4.0 956.0 
1 2 0.62 0.62 780.0 87.0 780.0 133.0 68.0 133.0 
1 2 0.77 0.77 131.0 89.0 131.0 239.0 22.0 239.0 
1 2 0.86 0.86 370.0 250.0 370.0 103.0 20.0 103.0 
1 2 0.73 0.73 119.0 8.0 119.0 510.0 340.0 510.0 
1 2 0.62 0.62 730.0 408.0 730.0 429.0 28.0 429.0 
1 2 0.97 0.97 898.0 76.0 898.0 247.0 219.0 247.0 
1 2 0.77 0.77 64.0 42.0 64.0 59.0 7.0 59.0 
1 3 0.94 0.94 64.0 42.0 64.0 59.0 7.0 59.0 646.0 112.0 646.0 
1 2 0.74 0.74 730.0 168.0 730.0 877.0 452.0 877.0 
1 2 0.86 0.86 243.0 133.0 243.0 344.0 109.0 344.0 
1 2 0.89 0.89 397.0 253.0 397.0 599.0 156.0 599.0 
1 2 0.82 0.82 703.0 515.0 703.0 863.0 79.0 863.0 
1 2 0.74 0.74 118.0 70.0 118.0 282.0 43.0 282.0 
1 2 0.93 0.93 983.0 871.0 983.0 45.0 2.0 45.0 
1 2 0.81 0.81 846.0 123.0 846.0 696.0 469.0 696.0 
1 2 0.92 0.92 299.0 111.0 299.0 537.0 297.0 537.0 
1 2 0.88 0.88 229.0 6.0 229.0 598.0 514.0 598.0 
1 2 0.95 0.95 191.0 172.0 191.0 187.0 11.0 187.0 
1 2 0.84 0.84 609.0 18.0 609.0 663.0 538.0 663.0 
1 2 0.85 0.85 525.0 59.0 525.0 967.0 720.0 967.0 
1 2 0.74 0.74 759.0 168.0 759.0 555.0 288.0 555.0 
1 2 0.82 0.82 147.0 40.0 147.0 293.0 163.0 293.0 
1 2 0.98 0.98 57.0 12.0 57.0 968.0 746.0 968.0 
1 2 0.9 0.9 897.0 621.0 897.0 153.0 32.0 153.0 
1 2 0.61 0.61 684.0 407.0 684.0 582.0 13.0 582.0 
1 2 0.82 0.82 684.0 162.0 684.0 572.0 335.0 572.0 
1 2 0.75 0.75 818.0 450.0 818.0 284.0 59.0 284.0 
1 2 0.99 0.99 526.0 475.0 526.0 544.0 51.0 544.0 
1 2 0.83 0.83 1000.0 376.0 1000.0 745.0 340.0 745.0 
1 2 0.78 0.78 829.0 36.0 829.0 230.0 170.0 230.0 
1 2 0.63 0.63 811.0 466.0 811.0 797.0 50.0 797.0 
1 2 0.23 0.23 958.0 84.0 958.0 296.0 43.0 296.0 
1 3 0.88 0.88 958.0 84.0 958.0 296.0 43.0 296.0 707.0 458.0 707.0 
1 2 0.91 0.91 764.0 118.0 764.0 399.0 304.0 399.0 
1 2 0.78 0.78 154.0 10.0 154.0 894.0 642.0 894.0 
1 2 0.84 0.84 349.0 248.0 349.0 618.0 84.0 618.0 
1 2 0.98 0.98 539.0 236.0 539.0 984.0 543.0 984.0 
1 2 0.78 0.78 546.0 378.0 546.0 636.0 57.0 636.0 
1 2 0.88 0.88 385.0 267.0 385.0 481.0 92.0 481.0 
1 2 0.84 0.84 848.0 597.0 848.0 343.0 50.0 343.0 
1 2 0.72 0.72 698.0 389.0 698.0 41.0 7.0 41.0 
1 2 0.88 0.88 55.0 13.0 55.0 399.0 260.0 399.0 
1 2 0.95 0.95 787.0 599.0 787.0 605.0 115.0 605.0 
1 2 0.85 0.85 41.0 25.0 41.0 936.0 230.0 936.0 
1 2 0.99 0.99 451.0 226.0 451.0 578.0 283.0 578.0 
1 2 0.83 0.83 208.0 53.0 208.0 904.0 521.0 904.0 
1 2 0.71 0.71 154.0 22.0 154.0 49.0 28.0 49.0 
1 2 0.97 0.97 849.0 765.0 849.0 600.0 47.0 600.0 
1 2 0.69 0.69 268.0 157.0 268.0 772.0 85.0 772.0 
1 2 0.77 0.77 795.0 82.0 795.0 321.0 217.0 321.0 
1 2 0.95 0.95 99.0 55.0 99.0 894.0 358.0 894.0 
1 2 0.72 0.72 437.0 60.0 437.0 911.0 537.0 911.0 
1 2 0.81 0.81 305.0 232.0 305.0 438.0 25.0 438.0 
1 2 0.84 0.84 863.0 55.0 863.0 803.0 631.0 803.0 
1 2 0.9 0.9 743.0 406.0 743.0 587.0 213.0 587.0 
1 2 0.95 0.95 968.0 353.0 968.0 68.0 40.0 68.0 
1 2 0.82 0.82 955.0 261.0 955.0 884.0 487.0 884.0 
1 2 0.75 0.75 997.0 542.0 997.0 294.0 61.0 294.0 
1 2 0.28 0.28 501.0 129.0 501.0 937.0 27.0 937.0 
1 2 0.27 0.27 279.0 47.0 279.0 97.0 10.0 97.0 
1 2 0.95 0.95 966.0 294.0 966.0 106.0 69.0 106.0 
1 2 0.96 0.96 83.0 10.0 83.0 214.0 181.0 214.0 
1 2 0.75 0.75 203.0 22.0 203.0 443.0 288.0 443.0 
1 2 0.77 0.77 88.0 17.0 88.0 230.0 134.0 230.0 
1 2 0.91 0.91 537.0 4.0 537.0 850.0 770.0 850.0 
1 2 0.98 0.98 936.0 280.0 936.0 998.0 685.0 998.0 
1 2 0.69 0.69 776.0 464.0 776.0 32.0 3.0 32.0 
1 2 0.89 0.89 58.0 5.0 58.0 767.0 622.0 767.0 
1 2 0.67 0.67 215.0 137.0 215.0 969.0 37.0 969.0 
1 2 0.73 0.73 141.0 31.0 141.0 571.0 292.0 571.0 
1 2 0.9 0.9 278.0 28.0 278.0 963.0 779.0 963.0 
1 2 0.85 0.85 393.0 2.0 393.0 973.0 831.0 973.0 
1 3 0.92 0.92 393.0 2.0 393.0 973.0 831.0 973.0 570.0 35.0 570.0 
1 2 0.79 0.79 279.0 9.0 279.0 846.0 645.0 846.0 
1 2 0.89 0.89 160.0 139.0 160.0 241.0 7.0 241.0 
1 2 0.99 0.99 330.0 154.0 330.0 102.0 54.0 102.0 
1 2 0.87 0.87 934.0 253.0 934.0 40.0 24.0 40.0 
1 2 0.98 0.98 749.0 171.0 749.0 684.0 519.0 684.0 
1 2 0.97 0.97 3.0 1.0 3.0 821.0 524.0 821.0 
1 2 0.42 0.42 405.0 90.0 405.0 798.0 161.0 798.0 
1 2 0.9 0.9 157.0 57.0 157.0 537.0 290.0 537.0 
1 2 0.98 0.98 767.0 398.0 767.0 546.0 255.0 546.0 
1 2 0.93 0.93 151.0 87.0 151.0 943.0 339.0 943.0 
1 2 0.94 0.94 768.0 435.0 768.0 635.0 243.0 635.0 
1 2 0.81 0.81 853.0 50.0 853.0 735.0 553.0 735.0 
1 2 0.98 0.98 79.0 2.0 79.0 894.0 860.0 894.0 
1 2 0.76 0.76 558.0 388.0 558.0 421.0 30.0 421.0 
1 2 0.83 0.83 376.0 244.0 376.0 573.0 106.0 573.0 
1 3 0.9 0.9 376.0 244.0 376.0 573.0 106.0 573.0 271.0 19.0 271.0 
1 2 0.85 0.85 617.0 302.0 617.0 169.0 61.0 169.0 
1 2 0.82 0.82 557.0 270.0 557.0 661.0 227.0 661.0 
1 2 0.84 0.84 243.0 2.0 243.0 401.0 334.0 401.0 
1 2 0.92 0.92 230.0 86.0 230.0 979.0 539.0 979.0 
1 2 0.92 0.92 148.0 19.0 148.0 420.0 335.0 420.0 
1 2 0.89 0.89 484.0 49.0 484.0 670.0 529.0 670.0 
1 2 0.85 0.85 962.0 694.0 962.0 344.0 45.0 344.0 
1 2 0.81 0.81 269.0 181.0 269.0 266.0 37.0 266.0 
1 2 0.79 0.79 347.0 67.0 347.0 790.0 476.0 790.0 
1 2 0.82 0.82 459.0 200.0 459.0 33.0 13.0 33.0 
1 2 0.7 0.7 790.0 483.0 790.0 105.0 10.0 105.0 
1 2 0.83 0.83 322.0 66.0 322.0 338.0 212.0 338.0 
1 2 0.89 0.89 726.0 568.0 726.0 850.0 93.0 850.0 
1 2 0.91 0.91 102.0 20.0 102.0 385.0 278.0 385.0 
1 2 0.7 0.7 648.0 424.0 648.0 288.0 14.0 288.0 
1 2 0.94 0.94 5.0 2.0 5.0 748.0 411.0 748.0 
1 2 0.55 0.55 690.0 23.0 690.0 272.0 141.0 272.0 
1 2 0.85 0.85 300.0 231.0 300.0 986.0 85.0 986.0 
1 2 0.7 0.7 705.0 9.0 705.0 332.0 230.0 332.0 
1 2 0.99 0.99 139.0 31.0 139.0 332.0 255.0 332.0 
1 2 0.92 0.92 697.0 620.0 697.0 284.0 10.0 284.0 
1 2 0.57 0.57 859.0 446.0 859.0 530.0 32.0 530.0 
1 2 0.84 0.84 578.0 31.0 578.0 58.0 46.0 58.0 
1 2 0.73 0.73 330.0 223.0 330.0 952.0 56.0 952.0 
1 2 0.89 0.89 356.0 99.0 356.0 560.0 346.0 560.0 
1 2 0.28 0.28 370.0 43.0 370.0 695.0 118.0 695.0 
1 3 0.9 0.9 370.0 43.0 370.0 695.0 118.0 695.0 148.0 92.0 148.0 
1 2 0.98 0.98 314.0 85.0 314.0 691.0 491.0 691.0 
1 2 0.08 0.08 45.0 1.0 45.0 896.0 54.0 896.0 
1 3 0.64 0.64 45.0 1.0 45.0 896.0 54.0 896.0 262.0 147.0 262.0 
1 2 0.63 0.63 820.0 217.0 820.0 237.0 88.0 237.0 
1 2 0.64 0.64 79.0 45.0 79.0 473.0 37.0 473.0 
1 2 0.55 0.55 478.0 20.0 478.0 701.0 360.0 701.0 
1 2 0.76 0.76 147.0 90.0 147.0 289.0 45.0 289.0 
1 2 0.71 0.71 306.0 61.0 306.0 358.0 183.0 358.0 
1 2 0.94 0.94 944.0 852.0 944.0 346.0 14.0 346.0 
1 2 0.59 0.59 464.0 234.0 464.0 270.0 25.0 270.0 
1 2 0.64 0.64 769.0 85.0 769.0 62.0 33.0 62.0 
1 2 0.88 0.88 178.0 120.0 178.0 553.0 116.0 553.0 
1 2 0.9 0.9 243.0 93.0 243.0 649.0 341.0 649.0 
1 2 0.79 0.79 140.0 70.0 140.0 892.0 262.0 892.0 
1 2 0.94 0.94 274.0 161.0 274.0 847.0 301.0 847.0 
1 2 0.86 0.86 841.0 285.0 841.0 715.0 377.0 715.0 
1 2 0.82 0.82 208.0 15.0 208.0 8.0 6.0 8.0 
1 2 0.88 0.88 819.0 615.0 819.0 377.0 49.0 377.0 
1 2 0.75 0.75 592.0 103.0 592.0 45.0 26.0 45.0 
1 2 0.94 0.94 512.0 320.0 512.0 88.0 28.0 88.0 
1 2 0.78 0.78 446.0 349.0 446.0 550.0 2.0 550.0 
1 2 0.87 0.87 431.0 119.0 431.0 800.0 477.0 800.0 
1 2 0.74 0.74 893.0 85.0 893.0 322.0 209.0 322.0 
1 2 0.81 0.81 733.0 478.0 733.0 804.0 127.0 804.0 
1 2 0.6 0.6 921.0 519.0 921.0 535.0 21.0 535.0 
1 3 0.78 0.78 921.0 519.0 921.0 535.0 21.0 535.0 408.0 76.0 408.0 
1 2 0.75 0.75 636.0 129.0 636.0 430.0 238.0 430.0 
1 2 0.96 0.96 688.0 460.0 688.0 441.0 132.0 441.0 
1 2 0.77 0.77 484.0 207.0 484.0 740.0 254.0 740.0 
1 2 0.64 0.64 715.0 69.0 715.0 568.0 314.0 568.0 
1 2 0.77 0.77 102.0 4.0 102.0 965.0 707.0 965.0 
1 2 0.74 0.74 478.0 297.0 478.0 701.0 90.0 701.0 
1 2 0.47 0.47 819.0 199.0 819.0 374.0 87.0 374.0 
1 2 0.8 0.8 870.0 470.0 870.0 680.0 178.0 680.0 
1 2 0.85 0.85 720.0 506.0 720.0 359.0 55.0 359.0 
1 2 0.84 0.84 654.0 53.0 654.0 544.0 417.0 544.0 
1 2 0.87 0.87 886.0 738.0 886.0 936.0 40.0 936.0 
1 2 0.8 0.8 565.0 313.0 565.0 609.0 151.0 609.0 
1 2 0.92 0.92 594.0 3.0 594.0 192.0 176.0 192.0 
1 2 0.9 0.9 777.0 676.0 777.0 583.0 23.0 583.0 
1 2 0.73 0.73 765.0 16.0 765.0 14.0 10.0 14.0 
1 2 0.92 0.92 26.0 7.0 26.0 657.0 430.0 657.0 
1 2 0.79 0.79 894.0 265.0 894.0 356.0 179.0 356.0 
1 2 0.98 0.98 13.0 11.0 13.0 808.0 115.0 808.0 
1 2 0.7 0.7 156.0 7.0 156.0 332.0 220.0 332.0 
1 2 0.54 0.54 66.0 2.0 66.0 179.0 93.0 179.0 
1 2 0.9 0.9 300.0 43.0 300.0 663.0 505.0 663.0 
1 2 0.84 0.84 55.0 28.0 55.0 493.0 164.0 493.0 
1 2 0.94 0.94 478.0 350.0 478.0 291.0 63.0 291.0 
1 2 0.92 0.92 325.0 98.0 325.0 767.0 478.0 767.0 
1 2 0.97 0.97 631.0 457.0 631.0 189.0 48.0 189.0 
1 2 0.65 0.65 178.0 21.0 178.0 475.0 256.0 475.0 
1 2 0.99 0.99 146.0 100.0 146.0 685.0 210.0 685.0 
1 2 0.92 0.92 768.0 455.0 768.0 898.0 299.0 898.0 
1 2 0.88 0.88 433.0 345.0 433.0 624.0 57.0 624.0 
1 2 0.15 0.15 45.0 3.0 45.0 11.0 1.0 11.0 
1 3 0.89 0.89 45.0 3.0 45.0 11.0 1.0 11.0 619.0 454.0 619.0 
1 2 0.94 0.94 422.0 56.0 422.0 163.0 132.0 163.0 
1 2 0.7 0.7 718.0 473.0 718.0 333.0 17.0 333.0 
1 2 0.55 0.55 467.0 251.0 467.0 942.0 17.0 942.0 
1 2 0.79 0.79 886.0 232.0 886.0 567.0 301.0 567.0 
1 2 0.8 0.8 764.0 217.0 764.0 206.0 107.0 206.0 
1 2 0.91 0.91 539.0 91.0 539.0 280.0 210.0 280.0 
1 2 0.85 0.85 197.0 104.0 197.0 37.0 12.0 37.0 
1 2 0.49 0.49 689.0 24.0 689.0 550.0 251.0 550.0 
1 2 0.76 0.76 182.0 36.0 182.0 106.0 60.0 106.0 
1 2 0.25 0.25 973.0 75.0 973.0 952.0 170.0 952.0 
1 3 0.78 0.78 973.0 75.0 973.0 952.0 170.0 952.0 15.0 8.0 15.0 
1 2 0.94 0.94 654.0 382.0 654.0 244.0 88.0 244.0 
1 2 0.97 0.97 779.0 699.0 779.0 445.0 33.0 445.0 
1 2 0.79 0.79 777.0 611.0 777.0 672.0 7.0 672.0 
1 3 0.99 0.99 777.0 611.0 777.0 672.0 7.0 672.0 444.0 86.0 444.0 
1 2 0.82 0.82 956.0 194.0 956.0 767.0 476.0 767.0 
1 2 0.89 0.89 814.0 164.0 814.0 436.0 303.0 436.0 
1 2 0.92 0.92 785.0 432.0 785.0 592.0 220.0 592.0 
1 2 0.91 0.91 290.0 81.0 290.0 849.0 538.0 849.0 
1 2 0.85 0.85 621.0 323.0 621.0 231.0 78.0 231.0 
1 2 0.71 0.71 384.0 242.0 384.0 119.0 10.0 119.0 
1 2 0.89 0.89 797.0 495.0 797.0 962.0 261.0 962.0 
1 2 0.46 0.46 996.0 309.0 996.0 532.0 82.0 532.0 
1 2 0.96 0.96 203.0 90.0 203.0 598.0 312.0 598.0 
1 2 0.82 0.82 1000.0 581.0 1000.0 205.0 49.0 205.0 
1 2 0.71 0.71 96.0 10.0 96.0 259.0 159.0 259.0 
1 2 0.8 0.8 101.0 17.0 101.0 492.0 312.0 492.0 
1 2 0.93 0.93 933.0 747.0 933.0 907.0 123.0 907.0 
1 2 0.85 0.85 489.0 181.0 489.0 922.0 448.0 922.0 
1 2 0.95 0.95 428.0 245.0 428.0 988.0 375.0 988.0 
1 2 0.74 0.74 592.0 333.0 592.0 757.0 135.0 757.0 
1 2 0.93 0.93 400.0 355.0 400.0 829.0 39.0 829.0 
1 3 0.99 0.99 400.0 355.0 400.0 829.0 39.0 829.0 683.0 38.0 683.0 
1 2 0.84 0.84 67.0 48.0 67.0 240.0 30.0 240.0 
1 2 0.72 0.72 573.0 74.0 573.0 765.0 457.0 765.0 
1 2 0.87 0.87 154.0 19.0 154.0 565.0 422.0 565.0 
1 2 0.92 0.92 82.0 74.0 82.0 202.0 4.0 202.0 
1 2 0.93 0.93 12.0 1.0 12.0 339.0 289.0 339.0 
1 2 0.74 0.74 967.0 714.0 967.0 913.0 10.0 913.0 
1 2 0.77 0.77 909.0 2.0 909.0 656.0 509.0 656.0 
1 2 0.95 0.95 116.0 71.0 116.0 916.0 318.0 916.0 
1 2 0.81 0.81 266.0 42.0 266.0 347.0 228.0 347.0 
1 2 0.79 0.79 528.0 275.0 528.0 615.0 169.0 615.0 
1 2 0.82 0.82 461.0 99.0 461.0 680.0 417.0 680.0 
1 2 0.87 0.87 527.0 387.0 527.0 579.0 79.0 579.0 
1 2 0.71 0.71 489.0 90.0 489.0 475.0 251.0 475.0 
1 2 0.97 0.97 51.0 29.0 51.0 62.0 25.0 62.0 
1 2 0.8 0.8 521.0 73.0 521.0 877.0 580.0 877.0 
1 2 0.27 0.27 201.0 16.0 201.0 5.0 1.0 5.0 
1 2 0.82 0.82 493.0 386.0 493.0 613.0 27.0 613.0 
1 2 0.6 0.6 966.0 60.0 966.0 50.0 27.0 50.0 
1 2 0.8 0.8 798.0 41.0 798.0 131.0 99.0 131.0 
1 2 0.99 0.99 250.0 144.0 250.0 837.0 353.0 837.0 
1 2 0.87 0.87 628.0 506.0 628.0 446.0 30.0 446.0 
1 2 0.98 0.98 24.0 8.0 24.0 662.0 430.0 662.0 
1 2 0.96 0.96 925.0 228.0 925.0 797.0 576.0 797.0 
1 2 0.85 0.85 918.0 783.0 918.0 293.0 2.0 293.0 
1 2 0.16 0.16 383.0 23.0 383.0 316.0 34.0 316.0 
1 3 0.88 0.88 383.0 23.0 383.0 316.0 34.0 316.0 504.0 363.0 504.0 
1 2 0.52 0.52 624.0 193.0 624.0 854.0 183.0 854.0 
1 2 0.64 0.64 72.0 4.0 72.0 910.0 535.0 910.0 
1 3 0.73 0.73 72.0 4.0 72.0 910.0 535.0 910.0 242.0 22.0 242.0 
1 2 0.86 0.86 417.0 284.0 417.0 438.0 81.0 438.0 
1 2 0.72 0.72 847.0 210.0 847.0 298.0 143.0 298.0 
1 2 0.72 0.72 151.0 106.0 151.0 298.0 8.0 298.0 
1 3 0.74 0.74 151.0 106.0 151.0 298.0 8.0 298.0 450.0 6.0 450.0 
1 2 0.6 0.6 310.0 18.0 310.0 689.0 380.0 689.0 
1 2 0.45 0.45 148.0 19.0 148.0 925.0 299.0 925.0 
1 2 0.34 0.34 758.0 231.0 758.0 228.0 9.0 228.0 
1 3 0.93 0.93 758.0 231.0 758.0 228.0 9.0 228.0 34.0 20.0 34.0 
1 2 0.79 0.79 822.0 611.0 822.0 756.0 39.0 756.0 
1 2 0.98 0.98 949.0 843.0 949.0 734.0 74.0 734.0 
1 2 0.28 0.28 89.0 13.0 89.0 771.0 104.0 771.0 
1 3 0.89 0.89 89.0 13.0 89.0 771.0 104.0 771.0 521.0 318.0 521.0 
1 2 0.69 0.69 634.0 93.0 634.0 266.0 146.0 266.0 
1 2 0.96 0.96 896.0 659.0 896.0 309.0 70.0 309.0 
1 3 0.98 0.98 896.0 659.0 896.0 309.0 70.0 309.0 278.0 7.0 278.0 
1 2 0.95 0.95 201.0 188.0 201.0 891.0 15.0 891.0 
1 2 0.86 0.86 906.0 482.0 906.0 242.0 81.0 242.0 
1 2 0.98 0.98 586.0 429.0 586.0 28.0 7.0 28.0 
1 2 0.71 0.71 225.0 56.0 225.0 138.0 64.0 138.0 
1 2 0.84 0.84 153.0 91.0 153.0 528.0 133.0 528.0 
1 2 0.99 0.99 283.0 231.0 283.0 941.0 171.0 941.0 
1 2 0.62 0.62 126.0 12.0 126.0 430.0 227.0 430.0 
1 2 0.76 0.76 273.0 2.0 273.0 258.0 196.0 258.0 
1 2 0.57 0.57 48.0 25.0 48.0 268.0 15.0 268.0 
1 2 0.89 0.89 654.0 421.0 654.0 990.0 248.0 990.0 
1 2 0.99 0.99 455.0 60.0 455.0 718.0 620.0 718.0 
1 2 0.67 0.67 298.0 28.0 298.0 505.0 294.0 505.0 
1 2 0.93 0.93 930.0 286.0 930.0 48.0 30.0 48.0 
1 2 0.87 0.87 564.0 405.0 564.0 299.0 46.0 299.0 
1 2 0.74 0.74 587.0 384.0 587.0 532.0 46.0 532.0 
1 2 0.76 0.76 561.0 428.0 561.0 920.0 4.0 920.0 
1 2 0.72 0.72 526.0 327.0 526.0 965.0 102.0 965.0 
1 2 0.93 0.93 181.0 97.0 181.0 227.0 90.0 227.0 
1 2 0.25 0.25 927.0 235.0 927.0 490.0 1.0 490.0 
1 3 0.97 0.97 927.0 235.0 927.0 490.0 1.0 490.0 822.0 593.0 822.0 
1 2 0.98 0.98 232.0 93.0 232.0 339.0 199.0 339.0 
1 2 0.87 0.87 994.0 71.0 994.0 887.0 709.0 887.0 
1 2 0.93 0.93 808.0 35.0 808.0 771.0 689.0 771.0 
1 2 0.76 0.76 716.0 166.0 716.0 514.0 276.0 514.0 
1 2 0.9 0.9 573.0 301.0 573.0 523.0 199.0 523.0 
1 2 0.68 0.68 18.0 10.0 18.0 469.0 60.0 469.0 
1 2 0.91 0.91 762.0 213.0 762.0 989.0 625.0 989.0 
1 2 0.61 0.61 867.0 489.0 867.0 980.0 53.0 980.0 
1 2 0.59 0.59 502.0 280.0 502.0 502.0 17.0 502.0 
1 2 0.96 0.96 797.0 20.0 797.0 693.0 652.0 693.0 
1 2 0.87 0.87 817.0 616.0 817.0 532.0 62.0 532.0 
1 2 0.81 0.81 560.0 420.0 560.0 859.0 58.0 859.0 
1 2 0.74 0.74 523.0 31.0 523.0 936.0 643.0 936.0 
1 2 0.95 0.95 389.0 342.0 389.0 113.0 9.0 113.0 
1 2 0.77 0.77 400.0 33.0 400.0 71.0 49.0 71.0 
1 2 0.67 0.67 456.0 10.0 456.0 480.0 313.0 480.0 
1 2 0.66 0.66 555.0 327.0 555.0 912.0 65.0 912.0 
1 2 0.92 0.92 924.0 271.0 924.0 317.0 201.0 317.0 
1 2 0.97 0.97 419.0 355.0 419.0 966.0 122.0 966.0 
1 2 0.9 0.9 48.0 40.0 48.0 40.0 3.0 40.0 
1 2 0.91 0.91 782.0 711.0 782.0 470.0 4.0 470.0 
1 2 0.97 0.97 153.0 33.0 153.0 21.0 16.0 21.0 
1 2 0.9 0.9 978.0 700.0 978.0 124.0 24.0 124.0 
1 2 0.71 0.71 117.0 23.0 117.0 872.0 455.0 872.0 
1 3 0.89 0.89 117.0 23.0 117.0 872.0 455.0 872.0 63.0 11.0 63.0 
1 2 0.6 0.6 779.0 58.0 779.0 672.0 358.0 672.0 
1 2 0.75 0.75 375.0 79.0 375.0 980.0 532.0 980.0 
1 2 0.8 0.8 67.0 23.0 67.0 634.0 290.0 634.0 
1 2 0.64 0.64 864.0 507.0 864.0 18.0 1.0 18.0 
1 2 0.98 0.98 839.0 385.0 839.0 403.0 211.0 403.0 
1 2 0.98 0.98 554.0 369.0 554.0 676.0 216.0 676.0 
1 2 0.86 0.86 335.0 223.0 335.0 243.0 49.0 243.0 
1 2 0.87 0.87 989.0 778.0 989.0 854.0 75.0 854.0 
1 2 0.97 0.97 242.0 79.0 242.0 897.0 581.0 897.0 
1 2 0.95 0.95 118.0 99.0 118.0 69.0 8.0 69.0 
1 2 0.95 0.95 258.0 229.0 258.0 326.0 23.0 326.0 
1 2 0.99 0.99 555.0 515.0 555.0 649.0 44.0 649.0 
1 2 0.91 0.91 753.0 186.0 753.0 480.0 322.0 480.0 
1 2 0.87 0.87 628.0 204.0 628.0 586.0 324.0 586.0 
1 2 0.97 0.97 435.0 290.0 435.0 759.0 236.0 759.0 
1 2 0.91 0.91 107.0 49.0 107.0 588.0 269.0 588.0 
1 2 0.78 0.78 849.0 549.0 849.0 57.0 8.0 57.0 
1 2 0.9 0.9 738.0 38.0 738.0 110.0 94.0 110.0 
1 2 0.93 0.93 870.0 798.0 870.0 101.0 2.0 101.0 
1 2 0.6 0.6 311.0 142.0 311.0 748.0 111.0 748.0 
1 2 0.98 0.98 114.0 80.0 114.0 790.0 221.0 790.0 
1 2 0.61 0.61 343.0 209.0 343.0 288.0 3.0 288.0 
1 2 0.99 0.99 597.0 52.0 597.0 118.0 107.0 118.0 
1 2 0.87 0.87 697.0 559.0 697.0 513.0 36.0 513.0 
1 2 0.92 0.92 300.0 106.0 300.0 381.0 219.0 381.0 
1 2 0.95 0.95 367.0 12.0 367.0 930.0 861.0 930.0 
1 2 0.79 0.79 945.0 530.0 945.0 636.0 147.0 636.0 
1 2 0.76 0.76 387.0 239.0 387.0 280.0 42.0 280.0 
1 2 0.89 0.89 935.0 224.0 935.0 803.0 529.0 803.0 
1 2 0.74 0.74 447.0 314.0 447.0 748.0 31.0 748.0 
1 2 0.99 0.99 39.0 4.0 39.0 534.0 477.0 534.0 
1 2 0.92 0.92 292.0 139.0 292.0 138.0 62.0 138.0 
1 2 0.93 0.93 16.0 11.0 16.0 562.0 140.0 562.0 
1 2 0.86 0.86 431.0 273.0 431.0 305.0 70.0 305.0 
1 2 0.62 0.62 305.0 164.0 305.0 390.0 33.0 390.0 
1 2 0.92 0.92 465.0 262.0 465.0 324.0 116.0 324.0 
1 2 0.88 0.88 576.0 444.0 576.0 100.0 11.0 100.0 
1 2 0.74 0.74 282.0 164.0 282.0 642.0 107.0 642.0 
1 2 0.89 0.89 352.0 113.0 352.0 237.0 135.0 237.0 
1 2 0.83 0.83 162.0 39.0 162.0 289.0 171.0 289.0 
1 2 0.15 0.15 58.0 1.0 58.0 381.0 51.0 381.0 
1 3 0.97 0.97 58.0 1.0 58.0 381.0 51.0 381.0 420.0 347.0 420.0 
1 2 0.87 0.87 556.0 363.0 556.0 124.0 28.0 124.0 
1 2 0.75 0.75 620.0 116.0 620.0 37.0 21.0 37.0 
1 2 0.84 0.84 706.0 468.0 706.0 150.0 28.0 150.0 
1 2 0.65 0.65 446.0 232.0 446.0 15.0 2.0 15.0 
1 2 0.95 0.95 861.0 264.0 861.0 788.0 511.0 788.0 
1 2 0.53 0.53 324.0 11.0 324.0 692.0 348.0 692.0 
1 2 0.94 0.94 303.0 194.0 303.0 978.0 299.0 978.0 
1 2 0.66 0.66 404.0 31.0 404.0 876.0 512.0 876.0 
1 2 0.98 0.98 779.0 404.0 779.0 698.0 328.0 698.0 
1 2 0.69 0.69 551.0 128.0 551.0 531.0 248.0 531.0 
1 2 0.91 0.91 103.0 12.0 103.0 205.0 164.0 205.0 
1 2 0.84 0.84 240.0 191.0 240.0 794.0 40.0 794.0 
1 2 0.81 0.81 920.0 214.0 920.0 625.0 363.0 625.0 
1 2 0.86 0.86 225.0 182.0 225.0 767.0 40.0 767.0 
1 2 0.72 0.72 930.0 20.0 930.0 797.0 560.0 797.0 
1 2 0.86 0.86 229.0 54.0 229.0 154.0 97.0 154.0 
1 2 0.56 0.56 721.0 6.0 721.0 58.0 32.0 58.0 
1 2 0.82 0.82 674.0 211.0 674.0 643.0 332.0 643.0 
1 2 0.19 0.19 384.0 35.0 384.0 640.0 69.0 640.0 
1 2 0.91 0.91 346.0 227.0 346.0 830.0 217.0 830.0 
1 2 0.96 0.96 493.0 423.0 493.0 355.0 37.0 355.0 
1 2 0.85 0.85 840.0 237.0 840.0 395.0 228.0 395.0 
1 2 0.99 0.99 458.0 217.0 458.0 173.0 90.0 173.0 
1 2 0.55 0.55 488.0 198.0 488.0 951.0 142.0 951.0 
1 2 0.89 0.89 304.0 22.0 304.0 743.0 612.0 743.0 
1 2 0.93 0.93 984.0 381.0 984.0 222.0 122.0 222.0 
1 2 0.94 0.94 577.0 427.0 577.0 423.0 87.0 423.0 
1 2 0.94 0.94 430.0 1.0 430.0 506.0 479.0 506.0 
1 2 0.83 0.83 74.0 4.0 74.0 918.0 716.0 918.0 
1 2 0.3 0.3 984.0 256.0 984.0 168.0 8.0 168.0 
1 2 0.96 0.96 373.0 305.0 373.0 202.0 29.0 202.0 
1 2 0.31 0.31 632.0 173.0 632.0 977.0 44.0 977.0 
1 2 0.73 0.73 991.0 564.0 991.0 604.0 102.0 604.0 
1 2 0.84 0.84 332.0 209.0 332.0 745.0 162.0 745.0 
1 2 0.73 0.73 104.0 17.0 104.0 44.0 25.0 44.0 
1 2 0.97 0.97 13.0 9.0 13.0 7.0 2.0 7.0 
1 2 0.86 0.86 586.0 186.0 586.0 809.0 443.0 809.0 
1 2 0.92 0.92 775.0 83.0 775.0 402.0 328.0 402.0 
1 2 0.96 0.96 225.0 37.0 225.0 714.0 575.0 714.0 
1 2 0.89 0.89 927.0 673.0 927.0 484.0 83.0 484.0 
1 2 0.78 0.78 544.0 38.0 544.0 923.0 661.0 923.0 
1 2 0.62 0.62 981.0 76.0 981.0 512.0 278.0 512.0 
1 2 0.58 0.58 918.0 236.0 918.0 46.0 15.0 46.0 
1 2 0.88 0.88 553.0 461.0 553.0 148.0 7.0 148.0 
1 2 0.73 0.73 877.0 622.0 877.0 861.0 20.0 861.0 
1 2 0.89 0.89 880.0 780.0 880.0 733.0 9.0 733.0 
1 2 0.97 0.97 864.0 389.0 864.0 194.0 102.0 194.0 
1 2 0.99 0.99 709.0 497.0 709.0 321.0 94.0 321.0 
1 2 0.81 0.81 337.0 129.0 337.0 44.0 19.0 44.0 
1 2 0.88 0.88 251.0 42.0 251.0 864.0 618.0 864.0 
1 2 0.83 0.83 848.0 22.0 848.0 41.0 33.0 41.0 
1 2 0.44 0.44 509.0 121.0 509.0 600.0 124.0 600.0 
1 2 0.74 0.74 891.0 452.0 891.0 916.0 222.0 916.0 
1 2 0.78 0.78 30.0 8.0 30.0 569.0 293.0 569.0 
1 2 0.73 0.73 723.0 76.0 723.0 493.0 309.0 493.0 
1 2 0.83 0.83 73.0 40.0 73.0 7.0 2.0 7.0 
1 2 0.81 0.81 705.0 538.0 705.0 746.0 37.0 746.0 
1 2 0.43 0.43 752.0 108.0 752.0 466.0 138.0 466.0 
1 2 0.94 0.94 697.0 197.0 697.0 30.0 20.0 30.0 
1 2 0.61 0.61 714.0 366.0 714.0 889.0 95.0 889.0 
1 2 0.7 0.7 911.0 630.0 911.0 940.0 8.0 940.0 
1 2 0.83 0.83 403.0 311.0 403.0 30.0 2.0 30.0 
1 2 0.96 0.96 411.0 391.0 411.0 479.0 8.0 479.0 
1 2 0.94 0.94 217.0 77.0 217.0 616.0 362.0 616.0 
1 2 0.92 0.92 843.0 550.0 843.0 424.0 115.0 424.0 
1 2 0.96 0.96 250.0 111.0 250.0 403.0 208.0 403.0 
1 2 0.94 0.94 793.0 106.0 793.0 560.0 452.0 560.0 
1 2 0.88 0.88 410.0 70.0 410.0 180.0 129.0 180.0 
1 2 0.88 0.88 618.0 513.0 618.0 355.0 18.0 355.0 
1 2 0.75 0.75 518.0 124.0 518.0 619.0 321.0 619.0 
1 2 0.72 0.72 269.0 45.0 269.0 254.0 142.0 254.0 
1 2 0.74 0.74 598.0 70.0 598.0 548.0 346.0 548.0 
1 2 0.84 0.84 396.0 334.0 396.0 203.0 1.0 203.0 
1 2 0.83 0.83 294.0 170.0 294.0 210.0 54.0 210.0 
1 2 0.82 0.82 500.0 334.0 500.0 692.0 112.0 692.0 
1 2 0.92 0.92 933.0 172.0 933.0 918.0 679.0 918.0 
1 2 0.95 0.95 343.0 87.0 343.0 385.0 269.0 385.0 
1 2 0.9 0.9 618.0 495.0 618.0 224.0 23.0 224.0 
1 2 0.98 0.98 13.0 9.0 13.0 379.0 110.0 379.0 
1 2 0.95 0.95 569.0 8.0 569.0 865.0 814.0 865.0 
1 2 0.99 0.99 621.0 457.0 621.0 176.0 45.0 176.0 
1 2 0.92 0.92 301.0 76.0 301.0 860.0 576.0 860.0 
1 2 0.87 0.87 508.0 73.0 508.0 871.0 633.0 871.0 
1 2 0.46 0.46 966.0 210.0 966.0 956.0 236.0 956.0 
1 2 0.96 0.96 558.0 116.0 558.0 666.0 501.0 666.0 
1 2 0.77 0.77 377.0 61.0 377.0 335.0 206.0 335.0 
1 2 0.72 0.72 423.0 217.0 423.0 62.0 13.0 62.0 
1 2 0.7 0.7 291.0 14.0 291.0 23.0 15.0 23.0 
1 2 0.95 0.95 664.0 472.0 664.0 831.0 204.0 831.0 
1 2 0.76 0.76 243.0 15.0 243.0 839.0 591.0 839.0 
1 2 0.96 0.96 807.0 34.0 807.0 899.0 832.0 899.0 
1 2 0.95 0.95 343.0 74.0 343.0 611.0 450.0 611.0 
1 2 0.85 0.85 51.0 37.0 51.0 899.0 112.0 899.0 
1 2 0.7 0.7 298.0 150.0 298.0 891.0 183.0 891.0 
1 2 0.76 0.76 691.0 393.0 691.0 357.0 70.0 357.0 
1 2 0.59 0.59 484.0 11.0 484.0 821.0 466.0 821.0 
1 2 0.78 0.78 489.0 91.0 489.0 732.0 441.0 732.0 
1 2 0.8 0.8 107.0 1.0 107.0 564.0 447.0 564.0 
1 2 0.81 0.81 191.0 23.0 191.0 833.0 575.0 833.0 
1 2 0.8 0.8 986.0 723.0 986.0 401.0 30.0 401.0 
1 2 0.99 0.99 823.0 458.0 823.0 652.0 283.0 652.0 
1 2 0.84 0.84 857.0 538.0 857.0 908.0 194.0 908.0 
1 2 0.73 0.73 254.0 163.0 254.0 839.0 81.0 839.0 
1 2 0.71 0.71 249.0 46.0 249.0 654.0 345.0 654.0 
1 2 0.81 0.81 866.0 435.0 866.0 216.0 68.0 216.0 
1 2 0.85 0.85 571.0 401.0 571.0 470.0 71.0 470.0 
1 2 0.88 0.88 739.0 580.0 739.0 402.0 41.0 402.0 
1 2 0.73 0.73 629.0 13.0 629.0 296.0 210.0 296.0 
1 2 0.65 0.65 612.0 39.0 612.0 959.0 569.0 959.0 
1 2 0.35 0.35 937.0 298.0 937.0 704.0 26.0 704.0 
1 2 0.72 0.72 788.0 569.0 788.0 894.0 5.0 894.0 
1 2 0.84 0.84 998.0 797.0 998.0 522.0 26.0 522.0 
1 2 0.99 0.99 741.0 419.0 741.0 37.0 16.0 37.0 
1 2 0.91 0.91 689.0 67.0 689.0 937.0 770.0 937.0 
1 2 0.95 0.95 936.0 270.0 936.0 3.0 2.0 3.0 
1 2 0.4 0.4 537.0 68.0 537.0 346.0 97.0 346.0 
1 2 0.97 0.97 583.0 36.0 583.0 585.0 536.0 585.0 
1 2 0.67 0.67 312.0 208.0 312.0 568.0 3.0 568.0 
1 2 0.86 0.86 894.0 184.0 894.0 186.0 123.0 186.0 
1 2 0.7 0.7 385.0 247.0 385.0 426.0 25.0 426.0 
1 2 0.87 0.87 96.0 53.0 96.0 556.0 178.0 556.0 
1 2 0.96 0.96 812.0 758.0 812.0 790.0 25.0 790.0 
1 2 0.97 0.97 800.0 197.0 800.0 657.0 476.0 657.0 
1 2 0.89 0.89 676.0 523.0 676.0 900.0 106.0 900.0 
1 2 0.96 0.96 381.0 255.0 381.0 293.0 86.0 293.0 
1 2 0.97 0.97 211.0 65.0 211.0 421.0 280.0 421.0 
1 2 0.65 0.65 623.0 394.0 623.0 808.0 21.0 808.0 
1 2 0.83 0.83 718.0 151.0 718.0 162.0 102.0 162.0 
1 2 0.78 0.78 597.0 161.0 597.0 74.0 38.0 74.0 
1 2 0.76 0.76 525.0 328.0 525.0 704.0 97.0 704.0 
1 2 0.68 0.68 600.0 72.0 600.0 478.0 270.0 478.0 
1 2 0.92 0.92 315.0 90.0 315.0 859.0 549.0 859.0 
1 2 0.86 0.86 902.0 92.0 902.0 576.0 440.0 576.0 
1 2 0.59 0.59 373.0 4.0 373.0 159.0 93.0 159.0 
1 2 0.75 0.75 280.0 147.0 280.0 667.0 156.0 667.0 
1 2 0.92 0.92 510.0 214.0 510.0 207.0 105.0 207.0 
1 2 0.92 0.92 750.0 223.0 750.0 194.0 122.0 194.0 
1 2 0.7 0.7 318.0 188.0 318.0 311.0 35.0 311.0 
1 2 0.96 0.96 607.0 100.0 607.0 918.0 735.0 918.0 
1 2 0.29 0.29 108.0 18.0 108.0 612.0 81.0 612.0 
1 3 0.75 0.75 108.0 18.0 108.0 612.0 81.0 612.0 302.0 138.0 302.0 
1 2 0.86 0.86 202.0 48.0 202.0 92.0 58.0 92.0 
1 2 0.73 0.73 10.0 1.0 10.0 394.0 249.0 394.0 
1 2 0.77 0.77 693.0 96.0 693.0 473.0 299.0 473.0 
1 2 0.52 0.52 312.0 57.0 312.0 44.0 15.0 44.0 
1 2 0.78 0.78 293.0 13.0 293.0 933.0 695.0 933.0 
1 2 0.89 0.89 413.0 41.0 413.0 421.0 334.0 421.0 
1 2 0.62 0.62 84.0 4.0 84.0 833.0 477.0 833.0 
1 2 0.65 0.65 771.0 388.0 771.0 241.0 36.0 241.0 
1 2 0.84 0.84 934.0 707.0 934.0 239.0 22.0 239.0 
1 2 0.78 0.78 680.0 82.0 680.0 507.0 336.0 507.0 
1 2 0.7 0.7 71.0 42.0 71.0 159.0 18.0 159.0 
1 2 0.55 0.55 980.0 511.0 980.0 904.0 34.0 904.0 
1 2 0.85 0.85 826.0 36.0 826.0 38.0 31.0 38.0 
1 2 0.94 0.94 839.0 281.0 839.0 899.0 545.0 899.0 
1 2 0.73 0.73 963.0 184.0 963.0 344.0 188.0 344.0 
1 2 0.92 0.92 853.0 96.0 853.0 723.0 587.0 723.0 
1 2 0.65 0.65 290.0 34.0 290.0 206.0 110.0 206.0 
1 2 0.66 0.66 967.0 631.0 967.0 503.0 4.0 503.0 
1 3 0.87 0.87 967.0 631.0 967.0 503.0 4.0 503.0 536.0 113.0 536.0 
1 2 0.68 0.68 734.0 18.0 734.0 165.0 109.0 165.0 
1 2 0.84 0.84 828.0 609.0 828.0 330.0 35.0 330.0 
1 2 0.96 0.96 724.0 653.0 724.0 877.0 54.0 877.0 
1 2 0.92 0.92 302.0 27.0 302.0 6.0 5.0 6.0 
1 2 0.6 0.6 404.0 238.0 404.0 102.0 2.0 102.0 
1 2 0.82 0.82 741.0 578.0 741.0 950.0 40.0 950.0 
1 2 0.55 0.55 652.0 22.0 652.0 160.0 84.0 160.0 
1 2 0.34 0.34 519.0 69.0 519.0 105.0 22.0 105.0 
1 3 0.98 0.98 519.0 69.0 519.0 105.0 22.0 105.0 777.0 501.0 777.0 
1 2 0.81 0.81 57.0 14.0 57.0 621.0 355.0 621.0 
1 2 0.73 0.73 131.0 10.0 131.0 920.0 608.0 920.0 
1 2 0.48 0.48 578.0 157.0 578.0 794.0 173.0 794.0 
1 2 0.99 0.99 412.0 59.0 412.0 551.0 471.0 551.0 
1 2 0.98 0.98 612.0 497.0 612.0 900.0 152.0 900.0 
1 2 0.92 0.92 746.0 292.0 746.0 611.0 326.0 611.0 
1 2 0.98 0.98 185.0 146.0 185.0 864.0 170.0 864.0 
1 2 0.84 0.84 208.0 20.0 208.0 703.0 527.0 703.0 
1 2 0.62 0.62 325.0 165.0 325.0 733.0 88.0 733.0 
1 3 0.76 0.76 325.0 165.0 325.0 733.0 88.0 733.0 982.0 139.0 982.0 
1 2 0.73 0.73 321.0 17.0 321.0 708.0 483.0 708.0 
1 2 0.87 0.87 565.0 295.0 565.0 329.0 116.0 329.0 
1 2 0.88 0.88 953.0 364.0 953.0 251.0 127.0 251.0 
1 2 0.29 0.29 691.0 66.0 691.0 724.0 147.0 724.0 
1 2 0.96 0.96 126.0 24.0 126.0 54.0 42.0 54.0 
1 2 0.81 0.81 436.0 200.0 436.0 183.0 65.0 183.0 
1 2 0.65 0.65 172.0 9.0 172.0 58.0 35.0 58.0 
1 2 0.22 0.22 715.0 156.0 715.0 650.0 3.0 650.0 
1 3 0.76 0.76 715.0 156.0 715.0 650.0 3.0 650.0 515.0 277.0 515.0 
1 2 0.99 0.99 935.0 420.0 935.0 299.0 163.0 299.0 
1 2 0.97 0.97 477.0 317.0 477.0 680.0 212.0 680.0 
1 2 0.61 0.61 939.0 553.0 939.0 504.0 15.0 504.0 
1 2 0.82 0.82 912.0 705.0 912.0 445.0 25.0 445.0 
1 2 0.87 0.87 35.0 28.0 35.0 882.0 63.0 882.0 
1 2 0.44 0.44 421.0 48.0 421.0 990.0 328.0 990.0 
1 2 0.89 0.89 580.0 44.0 580.0 147.0 120.0 147.0 
1 3 0.95 0.95 580.0 44.0 580.0 147.0 120.0 147.0 134.0 8.0 134.0 
1 2 0.84 0.84 65.0 15.0 65.0 516.0 319.0 516.0 
1 2 0.85 0.85 121.0 48.0 121.0 880.0 406.0 880.0 
1 2 0.62 0.62 246.0 2.0 246.0 274.0 168.0 274.0 
1 2 0.95 0.95 585.0 527.0 585.0 578.0 30.0 578.0 
1 2 0.51 0.51 590.0 134.0 590.0 53.0 15.0 53.0 
1 2 0.71 0.71 713.0 143.0 713.0 292.0 150.0 292.0 
1 2 0.73 0.73 241.0 6.0 241.0 706.0 503.0 706.0 
1 3 0.9 0.9 241.0 6.0 241.0 706.0 503.0 706.0 256.0 43.0 256.0 
1 2 0.9 0.9 851.0 168.0 851.0 129.0 91.0 129.0 
1 2 0.55 0.55 817.0 435.0 817.0 165.0 4.0 165.0 
1 2 0.69 0.69 701.0 483.0 701.0 318.0 2.0 318.0 
1 3 0.85 0.85 701.0 483.0 701.0 318.0 2.0 318.0 247.0 40.0 247.0 
1 2 0.88 0.88 1000.0 333.0 1000.0 363.0 200.0 363.0 
1 2 0.73 0.73 264.0 160.0 264.0 244.0 32.0 244.0 
1 2 0.92 0.92 870.0 751.0 870.0 817.0 54.0 817.0 
1 2 0.99 0.99 132.0 77.0 132.0 950.0 393.0 950.0 
1 2 0.88 0.88 523.0 401.0 523.0 683.0 78.0 683.0 
1 2 0.84 0.84 475.0 380.0 475.0 223.0 9.0 223.0 
1 2 0.87 0.87 86.0 6.0 86.0 301.0 242.0 301.0 
1 2 0.98 0.98 995.0 581.0 995.0 507.0 202.0 507.0 
1 2 0.71 0.71 196.0 127.0 196.0 976.0 66.0 976.0 
1 2 0.98 0.98 903.0 404.0 903.0 413.0 220.0 413.0 
1 2 0.64 0.64 350.0 180.0 350.0 477.0 63.0 477.0 
1 2 0.84 0.84 628.0 470.0 628.0 435.0 40.0 435.0 
1 2 0.93 0.93 329.0 138.0 329.0 906.0 467.0 906.0 
1 2 0.9 0.9 329.0 121.0 329.0 608.0 329.0 608.0 
1 2 0.49 0.49 480.0 175.0 480.0 685.0 88.0 685.0 
1 2 0.87 0.87 803.0 86.0 803.0 850.0 649.0 850.0 
1 2 0.68 0.68 132.0 4.0 132.0 209.0 137.0 209.0 
1 2 0.91 0.91 698.0 257.0 698.0 256.0 141.0 256.0 
1 2 0.92 0.92 692.0 49.0 692.0 706.0 604.0 706.0 
1 2 0.94 0.94 485.0 378.0 485.0 114.0 19.0 114.0 
1 2 0.96 0.96 276.0 82.0 276.0 312.0 209.0 312.0 
1 2 0.87 0.87 584.0 10.0 584.0 312.0 268.0 312.0 
1 2 0.92 0.92 537.0 130.0 537.0 146.0 100.0 146.0 
1 2 0.58 0.58 94.0 49.0 94.0 981.0 61.0 981.0 
1 2 0.72 0.72 545.0 312.0 545.0 411.0 62.0 411.0 
1 2 0.92 0.92 989.0 306.0 989.0 887.0 542.0 887.0 
1 2 0.81 0.81 842.0 166.0 842.0 850.0 523.0 850.0 
1 2 0.95 0.95 926.0 132.0 926.0 665.0 537.0 665.0 
1 2 0.65 0.65 676.0 105.0 676.0 553.0 274.0 553.0 
1 2 0.72 0.72 54.0 12.0 54.0 856.0 432.0 856.0 
1 2 0.77 0.77 42.0 27.0 42.0 247.0 32.0 247.0 
1 3 0.94 0.94 42.0 27.0 42.0 247.0 32.0 247.0 900.0 153.0 900.0 
1 2 0.96 0.96 809.0 56.0 809.0 176.0 157.0 176.0 
1 2 0.87 0.87 754.0 474.0 754.0 522.0 127.0 522.0 
1 2 0.96 0.96 219.0 154.0 219.0 57.0 15.0 57.0 
1 2 0.8 0.8 314.0 231.0 314.0 385.0 26.0 385.0 
1 2 0.89 0.89 340.0 77.0 340.0 144.0 96.0 144.0 
1 2 0.78 0.78 225.0 94.0 225.0 886.0 324.0 886.0 
1 2 0.97 0.97 788.0 296.0 788.0 773.0 462.0 773.0 
1 2 0.76 0.76 986.0 599.0 986.0 151.0 24.0 151.0 
1 2 0.87 0.87 829.0 263.0 829.0 835.0 468.0 835.0 
1 2 0.92 0.92 573.0 55.0 573.0 423.0 350.0 423.0 
1 2 0.89 0.89 250.0 98.0 250.0 14.0 7.0 14.0 
1 2 0.83 0.83 314.0 54.0 314.0 118.0 78.0 118.0 
1 2 0.81 0.81 423.0 335.0 423.0 521.0 14.0 521.0 
1 2 0.96 0.96 681.0 578.0 681.0 726.0 88.0 726.0 
1 2 0.86 0.86 546.0 298.0 546.0 342.0 110.0 342.0 
1 2 0.99 0.99 967.0 323.0 967.0 162.0 107.0 162.0 
1 2 0.56 0.56 370.0 17.0 370.0 837.0 432.0 837.0 
1 2 0.99 0.99 147.0 59.0 147.0 896.0 531.0 896.0 
1 2 0.93 0.93 335.0 243.0 335.0 481.0 103.0 481.0 
1 2 0.63 0.63 301.0 170.0 301.0 197.0 14.0 197.0 
1 2 0.99 0.99 137.0 13.0 137.0 415.0 372.0 415.0 
1 2 0.85 0.85 675.0 30.0 675.0 881.0 711.0 881.0 
1 2 0.88 0.88 572.0 17.0 572.0 75.0 64.0 75.0 
1 2 0.93 0.93 869.0 787.0 869.0 497.0 16.0 497.0 
1 2 0.68 0.68 586.0 85.0 586.0 250.0 136.0 250.0 
1 2 0.94 0.94 373.0 24.0 373.0 956.0 845.0 956.0 
1 2 0.73 0.73 465.0 63.0 465.0 905.0 542.0 905.0 
1 2 0.65 0.65 251.0 140.0 251.0 284.0 28.0 284.0 
1 2 0.58 0.58 708.0 406.0 708.0 973.0 11.0 973.0 
1 2 0.97 0.97 463.0 245.0 463.0 180.0 80.0 180.0 
1 2 0.95 0.95 62.0 37.0 62.0 412.0 149.0 412.0 
1 2 0.96 0.96 920.0 816.0 920.0 298.0 22.0 298.0 
1 2 0.94 0.94 153.0 126.0 153.0 245.0 30.0 245.0 
1 2 0.82 0.82 153.0 82.0 153.0 602.0 173.0 602.0 
1 2 0.98 0.98 737.0 320.0 737.0 724.0 402.0 724.0 
1 2 0.77 0.77 110.0 3.0 110.0 95.0 71.0 95.0 
1 2 0.66 0.66 559.0 10.0 559.0 324.0 210.0 324.0 
1 2 0.93 0.93 777.0 596.0 777.0 879.0 150.0 879.0 
1 2 0.97 0.97 640.0 229.0 640.0 779.0 478.0 779.0 
1 2 0.84 0.84 56.0 14.0 56.0 913.0 540.0 913.0 
1 2 0.82 0.82 744.0 441.0 744.0 719.0 168.0 719.0 
1 2 0.61 0.61 602.0 138.0 602.0 564.0 215.0 564.0 
1 2 0.87 0.87 899.0 118.0 899.0 959.0 718.0 959.0 
1 2 0.66 0.66 668.0 435.0 668.0 316.0 4.0 316.0 
1 2 0.83 0.83 913.0 504.0 913.0 42.0 12.0 42.0 
1 2 0.91 0.91 119.0 19.0 119.0 420.0 318.0 420.0 
1 2 0.69 0.69 243.0 157.0 243.0 353.0 18.0 353.0 
1 2 0.96 0.96 652.0 574.0 652.0 34.0 3.0 34.0 
1 2 0.89 0.89 139.0 115.0 139.0 123.0 8.0 123.0 
1 2 0.89 0.89 985.0 682.0 985.0 829.0 169.0 829.0 
1 2 0.98 0.98 669.0 205.0 669.0 229.0 156.0 229.0 
1 2 0.79 0.79 659.0 341.0 659.0 532.0 150.0 532.0 
1 2 0.95 0.95 619.0 509.0 619.0 965.0 132.0 965.0 
1 2 0.59 0.59 890.0 38.0 890.0 124.0 68.0 124.0 
1 2 0.86 0.86 844.0 607.0 844.0 387.0 57.0 387.0 
1 2 0.66 0.66 878.0 90.0 878.0 554.0 313.0 554.0 
1 2 0.78 0.78 865.0 203.0 865.0 33.0 18.0 33.0 
1 2 0.99 0.99 912.0 607.0 912.0 983.0 322.0 983.0 
1 2 0.69 0.69 68.0 18.0 68.0 611.0 264.0 611.0 
1 2 0.76 0.76 427.0 1.0 427.0 660.0 502.0 660.0 
1 2 0.7 0.7 330.0 88.0 330.0 574.0 251.0 574.0 
1 2 0.85 0.85 733.0 460.0 733.0 358.0 80.0 358.0 
1 2 0.15 0.15 798.0 88.0 798.0 560.0 23.0 560.0 
1 3 0.93 0.93 798.0 88.0 798.0 560.0 23.0 560.0 454.0 355.0 454.0 
1 2 0.8 0.8 777.0 526.0 777.0 738.0 94.0 738.0 
1 2 0.97 0.97 368.0 88.0 368.0 227.0 168.0 227.0 
1 2 0.84 0.84 77.0 35.0 77.0 825.0 323.0 825.0 
1 2 0.87 0.87 639.0 178.0 639.0 979.0 582.0 979.0 
1 2 0.84 0.84 56.0 12.0 56.0 284.0 179.0 284.0 
1 2 0.96 0.96 948.0 825.0 948.0 369.0 35.0 369.0 
1 2 0.86 0.86 720.0 84.0 720.0 93.0 70.0 93.0 
1 2 0.64 0.64 459.0 264.0 459.0 199.0 13.0 199.0 
1 2 0.91 0.91 366.0 59.0 366.0 634.0 478.0 634.0 
1 2 0.98 0.98 692.0 284.0 692.0 7.0 4.0 7.0 
1 2 0.98 0.98 509.0 224.0 509.0 719.0 392.0 719.0 
1 2 0.69 0.69 513.0 88.0 513.0 974.0 510.0 974.0 
1 2 0.86 0.86 217.0 60.0 217.0 804.0 476.0 804.0 
1 2 0.89 0.89 615.0 174.0 615.0 710.0 435.0 710.0 
1 2 0.92 0.92 144.0 87.0 144.0 817.0 264.0 817.0 
1 2 0.72 0.72 379.0 271.0 379.0 450.0 3.0 450.0 
1 2 0.94 0.94 951.0 256.0 951.0 119.0 81.0 119.0 
1 2 0.68 0.68 590.0 313.0 590.0 903.0 140.0 903.0 
1 2 0.84 0.84 821.0 279.0 821.0 597.0 300.0 597.0 
1 2 0.78 0.78 171.0 121.0 171.0 103.0 8.0 103.0 
1 2 0.84 0.84 5.0 3.0 5.0 102.0 25.0 102.0 
1 2 0.81 0.81 576.0 94.0 576.0 392.0 255.0 392.0 
1 2 0.7 0.7 513.0 328.0 513.0 570.0 38.0 570.0 
1 2 0.62 0.62 655.0 78.0 655.0 817.0 411.0 817.0 
1 2 0.92 0.92 780.0 283.0 780.0 657.0 370.0 657.0 
1 2 0.71 0.71 570.0 58.0 570.0 436.0 268.0 436.0 
1 2 0.95 0.95 912.0 290.0 912.0 605.0 388.0 605.0 
1 2 0.78 0.78 220.0 68.0 220.0 471.0 222.0 471.0 
1 2 0.91 0.91 418.0 72.0 418.0 744.0 550.0 744.0 
1 2 0.72 0.72 254.0 139.0 254.0 40.0 7.0 40.0 
1 2 0.54 0.54 905.0 460.0 905.0 25.0 1.0 25.0 
1 2 0.97 0.97 606.0 6.0 606.0 603.0 583.0 603.0 
1 2 0.91 0.91 171.0 123.0 171.0 460.0 92.0 460.0 
1 2 0.92 0.92 307.0 196.0 307.0 587.0 169.0 587.0 
1 2 0.8 0.8 57.0 39.0 57.0 92.0 11.0 92.0 
1 2 0.83 0.83 481.0 280.0 481.0 104.0 26.0 104.0 
1 2 0.82 0.82 906.0 593.0 906.0 312.0 54.0 312.0 
1 2 0.91 0.91 294.0 165.0 294.0 236.0 83.0 236.0 
1 2 0.74 0.74 460.0 169.0 460.0 551.0 207.0 551.0 
1 2 0.58 0.58 984.0 559.0 984.0 909.0 17.0 909.0 
1 2 0.93 0.93 951.0 678.0 951.0 677.0 147.0 677.0 
1 2 0.79 0.79 156.0 19.0 156.0 147.0 99.0 147.0 
1 2 0.9 0.9 231.0 123.0 231.0 8.0 3.0 8.0 
1 2 0.7 0.7 927.0 86.0 927.0 563.0 345.0 563.0 
1 2 0.6 0.6 299.0 27.0 299.0 639.0 331.0 639.0 
1 2 0.8 0.8 514.0 34.0 514.0 694.0 516.0 694.0 
1 2 0.83 0.83 228.0 148.0 228.0 257.0 48.0 257.0 
1 2 0.86 0.86 174.0 55.0 174.0 690.0 378.0 690.0 
1 2 0.83 0.83 934.0 298.0 934.0 510.0 262.0 510.0 
1 2 0.66 0.66 493.0 187.0 493.0 345.0 97.0 345.0 
1 2 0.91 0.91 776.0 571.0 776.0 968.0 170.0 968.0 
1 2 0.92 0.92 228.0 209.0 228.0 940.0 6.0 940.0 
1 2 0.91 0.91 624.0 536.0 624.0 35.0 2.0 35.0 
1 2 0.98 0.98 214.0 174.0 214.0 851.0 147.0 851.0 
1 2 0.97 0.97 588.0 260.0 588.0 944.0 505.0 944.0 
1 2 0.94 0.94 228.0 10.0 228.0 668.0 602.0 668.0 
1 2 0.81 0.81 265.0 209.0 265.0 583.0 13.0 583.0 
1 2 0.79 0.79 362.0 71.0 362.0 622.0 373.0 622.0 
1 2 0.91 0.91 482.0 37.0 482.0 368.0 308.0 368.0 
1 2 0.93 0.93 812.0 709.0 812.0 884.0 57.0 884.0 
1 2 0.91 0.91 75.0 59.0 75.0 772.0 97.0 772.0 
1 2 0.55 0.55 850.0 81.0 850.0 299.0 137.0 299.0 
1 2 0.93 0.93 803.0 109.0 803.0 417.0 332.0 417.0 
1 2 0.85 0.85 190.0 123.0 190.0 393.0 82.0 393.0 
1 2 0.83 0.83 652.0 472.0 652.0 393.0 42.0 393.0 
1 2 0.82 0.82 456.0 330.0 456.0 372.0 38.0 372.0 
1 2 0.89 0.89 166.0 61.0 166.0 671.0 355.0 671.0 
1 2 0.67 0.67 404.0 266.0 404.0 937.0 14.0 937.0 
1 3 0.77 0.77 404.0 266.0 404.0 937.0 14.0 937.0 459.0 48.0 459.0 
1 4 0.95 0.95 404.0 266.0 404.0 937.0 14.0 937.0 459.0 48.0 459.0 817.0 144.0 817.0 
1 2 0.97 0.97 61.0 51.0 61.0 42.0 6.0 42.0 
1 2 0.71 0.71 113.0 81.0 113.0 329.0 1.0 329.0 
1 2 0.72 0.72 225.0 157.0 225.0 158.0 5.0 158.0 
1 2 0.91 0.91 769.0 286.0 769.0 836.0 458.0 836.0 
1 2 0.62 0.62 69.0 9.0 69.0 415.0 204.0 415.0 
1 2 0.68 0.68 265.0 148.0 265.0 542.0 66.0 542.0 
1 2 0.85 0.85 184.0 121.0 184.0 584.0 116.0 584.0 
1 2 0.96 0.96 903.0 480.0 903.0 585.0 251.0 585.0 
1 2 0.87 0.87 890.0 167.0 890.0 238.0 163.0 238.0 
1 2 0.78 0.78 129.0 12.0 129.0 627.0 437.0 627.0 
1 2 0.86 0.86 634.0 206.0 634.0 391.0 212.0 391.0 
1 2 0.95 0.95 205.0 25.0 205.0 589.0 491.0 589.0 
1 2 0.04 0.04 509.0 21.0 509.0 495.0 3.0 495.0 
1 2 0.92 0.92 768.0 32.0 768.0 359.0 316.0 359.0 
1 2 0.57 0.57 132.0 74.0 132.0 192.0 3.0 192.0 
1 2 0.84 0.84 859.0 501.0 859.0 994.0 263.0 994.0 
1 2 0.97 0.97 703.0 467.0 703.0 178.0 56.0 178.0 
1 2 0.96 0.96 499.0 467.0 499.0 347.0 10.0 347.0 
1 2 0.91 0.91 153.0 101.0 153.0 534.0 135.0 534.0 
1 2 0.86 0.86 854.0 676.0 854.0 282.0 21.0 282.0 
1 2 0.66 0.66 614.0 51.0 614.0 367.0 215.0 367.0 
1 2 0.89 0.89 757.0 555.0 757.0 104.0 17.0 104.0 
1 2 0.96 0.96 586.0 120.0 586.0 826.0 630.0 826.0 
1 2 0.7 0.7 11.0 2.0 11.0 144.0 76.0 144.0 
1 2 0.99 0.99 691.0 56.0 691.0 954.0 876.0 954.0 
1 2 0.75 0.75 471.0 272.0 471.0 565.0 102.0 565.0 
1 2 0.99 0.99 367.0 227.0 367.0 880.0 332.0 880.0 
1 2 0.87 0.87 798.0 228.0 798.0 899.0 529.0 899.0 
1 2 0.98 0.98 377.0 146.0 377.0 109.0 65.0 109.0 
1 2 0.83 0.83 803.0 49.0 803.0 529.0 408.0 529.0 
1 2 0.97 0.97 797.0 50.0 797.0 464.0 422.0 464.0 
1 2 0.79 0.79 260.0 185.0 260.0 91.0 8.0 91.0 
1 2 0.91 0.91 516.0 69.0 516.0 305.0 237.0 305.0 
1 2 0.66 0.66 124.0 30.0 124.0 628.0 264.0 628.0 
1 2 0.99 0.99 797.0 647.0 797.0 11.0 2.0 11.0 
1 2 0.68 0.68 844.0 290.0 844.0 494.0 170.0 494.0 
1 2 0.97 0.97 262.0 52.0 262.0 490.0 380.0 490.0 
1 2 0.85 0.85 233.0 33.0 233.0 189.0 134.0 189.0 
1 2 0.82 0.82 719.0 408.0 719.0 627.0 164.0 627.0 
1 2 0.97 0.97 751.0 616.0 751.0 69.0 11.0 69.0 
1 2 0.77 0.77 818.0 338.0 818.0 156.0 56.0 156.0 
1 2 0.98 0.98 623.0 47.0 623.0 912.0 827.0 912.0 
1 2 0.58 0.58 329.0 4.0 329.0 614.0 349.0 614.0 
1 2 0.62 0.62 574.0 215.0 574.0 36.0 9.0 36.0 
1 2 0.98 0.98 302.0 267.0 302.0 472.0 47.0 472.0 
1 2 0.75 0.75 397.0 94.0 397.0 488.0 255.0 488.0 
1 2 0.55 0.55 502.0 190.0 502.0 839.0 152.0 839.0 
1 2 0.71 0.71 303.0 57.0 303.0 55.0 29.0 55.0 
1 2 0.74 0.74 54.0 10.0 54.0 231.0 129.0 231.0 
1 2 0.96 0.96 662.0 553.0 662.0 509.0 68.0 509.0 
1 3 0.97 0.97 662.0 553.0 662.0 509.0 68.0 509.0 609.0 6.0 609.0 
1 2 0.92 0.92 415.0 280.0 415.0 59.0 15.0 59.0 
1 2 0.89 0.89 902.0 654.0 902.0 1000.0 166.0 1000.0 
1 2 0.69 0.69 829.0 224.0 829.0 280.0 120.0 280.0 
1 2 0.92 0.92 620.0 379.0 620.0 35.0 11.0 35.0 
1 2 0.87 0.87 473.0 247.0 473.0 993.0 348.0 993.0 
1 2 0.88 0.88 36.0 20.0 36.0 307.0 102.0 307.0 
1 2 0.93 0.93 577.0 447.0 577.0 717.0 113.0 717.0 
1 2 0.58 0.58 280.0 95.0 280.0 36.0 9.0 36.0 
1 2 0.92 0.92 642.0 184.0 642.0 276.0 177.0 276.0 
1 2 0.65 0.65 445.0 42.0 445.0 377.0 211.0 377.0 
1 2 0.98 0.98 914.0 147.0 914.0 114.0 94.0 114.0 
1 2 0.78 0.78 132.0 11.0 132.0 720.0 507.0 720.0 
1 2 0.86 0.86 525.0 155.0 525.0 465.0 263.0 465.0 
1 2 0.75 0.75 258.0 146.0 258.0 170.0 32.0 170.0 
1 2 0.84 0.84 982.0 320.0 982.0 176.0 91.0 176.0 
1 2 0.55 0.55 665.0 22.0 665.0 956.0 497.0 956.0 
1 2 0.54 0.54 610.0 63.0 610.0 363.0 159.0 363.0 
1 2 0.81 0.81 119.0 81.0 119.0 129.0 17.0 129.0 
1 2 0.71 0.71 475.0 272.0 475.0 230.0 33.0 230.0 
1 2 0.6 0.6 491.0 29.0 491.0 636.0 345.0 636.0 
1 3 0.65 0.65 491.0 29.0 491.0 636.0 345.0 636.0 719.0 41.0 719.0 
1 2 0.89 0.89 379.0 9.0 379.0 744.0 649.0 744.0 
1 2 0.97 0.97 77.0 48.0 77.0 152.0 53.0 152.0 
1 2 0.76 0.76 912.0 135.0 912.0 47.0 29.0 47.0 
1 2 0.61 0.61 111.0 11.0 111.0 684.0 355.0 684.0 
1 2 0.96 0.96 699.0 197.0 699.0 645.0 440.0 645.0 
1 2 0.93 0.93 303.0 180.0 303.0 925.0 316.0 925.0 
1 2 0.98 0.98 620.0 335.0 620.0 691.0 310.0 691.0 
1 2 0.73 0.73 54.0 37.0 54.0 452.0 22.0 452.0 
1 2 0.65 0.65 546.0 221.0 546.0 507.0 126.0 507.0 
1 2 0.88 0.88 228.0 28.0 228.0 532.0 405.0 532.0 
1 2 0.75 0.75 565.0 17.0 565.0 929.0 669.0 929.0 
1 2 0.7 0.7 586.0 305.0 586.0 257.0 48.0 257.0 
1 2 0.79 0.79 554.0 316.0 554.0 346.0 79.0 346.0 
1 2 0.89 0.89 715.0 519.0 715.0 612.0 106.0 612.0 
1 2 0.85 0.85 200.0 25.0 200.0 283.0 208.0 283.0 
1 2 0.83 0.83 762.0 579.0 762.0 645.0 47.0 645.0 
1 2 0.8 0.8 580.0 29.0 580.0 8.0 6.0 8.0 
1 2 0.87 0.87 633.0 327.0 633.0 547.0 195.0 547.0 
1 2 0.8 0.8 182.0 128.0 182.0 355.0 36.0 355.0 
1 2 0.89 0.89 808.0 100.0 808.0 400.0 309.0 400.0 
1 2 0.85 0.85 441.0 358.0 441.0 855.0 35.0 855.0 
1 2 0.69 0.69 168.0 103.0 168.0 181.0 14.0 181.0 
1 2 0.97 0.97 465.0 70.0 465.0 114.0 94.0 114.0 
1 2 0.94 0.94 622.0 236.0 622.0 367.0 207.0 367.0 
1 2 0.74 0.74 155.0 77.0 155.0 351.0 86.0 351.0 
1 2 0.82 0.82 791.0 236.0 791.0 968.0 505.0 968.0 
1 2 0.49 0.49 952.0 44.0 952.0 175.0 78.0 175.0 
1 2 0.93 0.93 923.0 38.0 923.0 722.0 642.0 722.0 
1 2 0.9 0.9 57.0 11.0 57.0 876.0 624.0 876.0 
1 2 0.64 0.64 935.0 17.0 935.0 463.0 290.0 463.0 
1 2 0.83 0.83 663.0 206.0 663.0 142.0 75.0 142.0 
1 2 0.8 0.8 44.0 10.0 44.0 934.0 541.0 934.0 
1 2 0.89 0.89 806.0 264.0 806.0 367.0 209.0 367.0 
1 2 0.93 0.93 803.0 566.0 803.0 937.0 217.0 937.0 
1 2 0.42 0.42 574.0 86.0 574.0 183.0 51.0 183.0 
1 2 0.98 0.98 452.0 220.0 452.0 737.0 370.0 737.0 
1 2 0.97 0.97 167.0 59.0 167.0 700.0 437.0 700.0 
1 2 0.87 0.87 50.0 12.0 50.0 11.0 7.0 11.0 
1 2 0.96 0.96 379.0 233.0 379.0 892.0 316.0 892.0 
1 2 0.79 0.79 554.0 61.0 554.0 22.0 15.0 22.0 
1 2 0.9 0.9 532.0 368.0 532.0 19.0 4.0 19.0 
1 2 0.71 0.71 51.0 27.0 51.0 268.0 49.0 268.0 
1 2 0.98 0.98 964.0 373.0 964.0 547.0 326.0 547.0 
1 2 0.97 0.97 661.0 332.0 661.0 19.0 9.0 19.0 
1 2 0.86 0.86 536.0 77.0 536.0 275.0 197.0 275.0 
1 2 0.69 0.69 863.0 23.0 863.0 548.0 367.0 548.0 
1 2 0.97 0.97 680.0 572.0 680.0 853.0 111.0 853.0 
1 2 0.97 0.97 707.0 330.0 707.0 605.0 308.0 605.0 
1 2 0.98 0.98 578.0 316.0 578.0 622.0 275.0 622.0 
1 2 0.85 0.85 816.0 199.0 816.0 245.0 149.0 245.0 
1 2 0.85 0.85 96.0 6.0 96.0 133.0 105.0 133.0 
1 2 0.97 0.97 791.0 496.0 791.0 207.0 72.0 207.0 
1 2 0.98 0.98 117.0 12.0 117.0 695.0 612.0 695.0 
1 2 0.85 0.85 409.0 320.0 409.0 914.0 69.0 914.0 
1 2 0.48 0.48 654.0 218.0 654.0 135.0 21.0 135.0 
1 2 0.65 0.65 581.0 303.0 581.0 369.0 50.0 369.0 
1 2 0.99 0.99 56.0 19.0 56.0 548.0 358.0 548.0 
1 2 0.86 0.86 71.0 15.0 71.0 958.0 629.0 958.0 
1 2 0.67 0.67 464.0 187.0 464.0 604.0 166.0 604.0 
1 2 0.9 0.9 243.0 201.0 243.0 733.0 57.0 733.0 
1 2 0.68 0.68 593.0 40.0 593.0 260.0 161.0 260.0 
1 2 0.89 0.89 579.0 299.0 579.0 257.0 98.0 257.0 
1 2 0.88 0.88 194.0 61.0 194.0 852.0 490.0 852.0 
1 2 0.95 0.95 649.0 407.0 649.0 300.0 99.0 300.0 
1 2 0.81 0.81 792.0 1.0 792.0 236.0 191.0 236.0 
1 2 0.97 0.97 140.0 65.0 140.0 235.0 121.0 235.0 
1 2 0.93 0.93 266.0 206.0 266.0 487.0 78.0 487.0 
1 2 0.87 0.87 313.0 193.0 313.0 343.0 90.0 343.0 
1 2 0.74 0.74 815.0 527.0 815.0 669.0 69.0 669.0 
1 2 0.99 0.99 845.0 705.0 845.0 224.0 37.0 224.0 
1 2 0.52 0.52 835.0 9.0 835.0 868.0 444.0 868.0 
1 2 0.52 0.52 967.0 98.0 967.0 704.0 300.0 704.0 
1 2 0.93 0.93 981.0 20.0 981.0 907.0 834.0 907.0 
1 2 0.8 0.8 24.0 18.0 24.0 486.0 29.0 486.0 
1 2 0.32 0.32 489.0 87.0 489.0 977.0 148.0 977.0 
1 2 0.99 0.99 568.0 304.0 568.0 432.0 200.0 432.0 
1 2 0.95 0.95 83.0 44.0 83.0 474.0 201.0 474.0 
1 2 0.97 0.97 101.0 76.0 101.0 530.0 119.0 530.0 
1 2 0.95 0.95 181.0 154.0 181.0 411.0 42.0 411.0 
1 2 0.62 0.62 320.0 37.0 320.0 157.0 80.0 157.0 
1 2 0.83 0.83 223.0 142.0 223.0 20.0 4.0 20.0 
1 2 0.9 0.9 864.0 561.0 864.0 554.0 142.0 554.0 
1 2 0.71 0.71 437.0 56.0 437.0 751.0 441.0 751.0 
1 2 0.83 0.83 578.0 125.0 578.0 586.0 363.0 586.0 
1 2 0.35 0.35 848.0 214.0 848.0 445.0 44.0 445.0 
1 3 0.86 0.86 848.0 214.0 848.0 445.0 44.0 445.0 371.0 191.0 371.0 
1 2 0.91 0.91 973.0 543.0 973.0 870.0 310.0 870.0 
1 2 0.9 0.9 719.0 485.0 719.0 295.0 69.0 295.0 
1 2 0.87 0.87 344.0 286.0 344.0 155.0 6.0 155.0 
1 2 0.91 0.91 394.0 20.0 394.0 140.0 121.0 140.0 
1 2 0.65 0.65 650.0 369.0 650.0 408.0 37.0 408.0 
1 2 0.46 0.46 694.0 135.0 694.0 803.0 219.0 803.0 
1 2 0.78 0.78 895.0 121.0 895.0 268.0 174.0 268.0 
1 2 0.92 0.92 901.0 231.0 901.0 121.0 81.0 121.0 
1 2 0.88 0.88 209.0 149.0 209.0 227.0 40.0 227.0 
1 2 0.78 0.78 546.0 416.0 546.0 217.0 5.0 217.0 
1 2 0.92 0.92 232.0 143.0 232.0 966.0 294.0 966.0 
1 2 0.12 0.12 723.0 39.0 723.0 148.0 10.0 148.0 
1 3 0.64 0.64 723.0 39.0 723.0 148.0 10.0 148.0 740.0 388.0 740.0 
1 2 0.45 0.45 543.0 23.0 543.0 446.0 185.0 446.0 
1 2 0.87 0.87 550.0 401.0 550.0 710.0 101.0 710.0 
1 2 0.85 0.85 48.0 32.0 48.0 612.0 117.0 612.0 
1 2 0.93 0.93 656.0 362.0 656.0 699.0 270.0 699.0 
1 2 0.69 0.69 15.0 2.0 15.0 431.0 242.0 431.0 
1 2 0.97 0.97 348.0 108.0 348.0 118.0 78.0 118.0 
1 2 0.62 0.62 165.0 84.0 165.0 130.0 15.0 130.0 
1 2 0.66 0.66 507.0 83.0 507.0 879.0 440.0 879.0 
1 2 0.79 0.79 521.0 333.0 521.0 327.0 52.0 327.0 
1 2 0.98 0.98 130.0 40.0 130.0 902.0 613.0 902.0 
1 2 0.83 0.83 692.0 349.0 692.0 272.0 90.0 272.0 
1 2 0.52 0.52 279.0 3.0 279.0 980.0 508.0 980.0 
1 2 0.91 0.91 880.0 565.0 880.0 983.0 267.0 983.0 
1 2 0.96 0.96 275.0 80.0 275.0 367.0 247.0 367.0 
1 2 0.96 0.96 549.0 112.0 549.0 370.0 283.0 370.0 
1 2 0.89 0.89 698.0 215.0 698.0 512.0 301.0 512.0 
1 2 0.93 0.93 591.0 141.0 591.0 568.0 396.0 568.0 
1 2 0.95 0.95 56.0 17.0 56.0 37.0 24.0 37.0 
1 2 0.31 0.31 784.0 70.0 784.0 137.0 31.0 137.0 
1 3 0.85 0.85 784.0 70.0 784.0 137.0 31.0 137.0 999.0 539.0 999.0 
1 2 0.88 0.88 589.0 408.0 589.0 146.0 28.0 146.0 
1 2 0.57 0.57 736.0 30.0 736.0 362.0 193.0 362.0 
1 2 0.82 0.82 136.0 32.0 136.0 968.0 570.0 968.0 
1 2 0.8 0.8 720.0 97.0 720.0 81.0 54.0 81.0 
1 2 0.83 0.83 190.0 4.0 190.0 520.0 424.0 520.0 
1 2 0.99 0.99 526.0 58.0 526.0 856.0 757.0 856.0 
1 2 0.52 0.52 340.0 122.0 340.0 400.0 65.0 400.0 
1 2 0.61 0.61 166.0 71.0 166.0 684.0 131.0 684.0 
1 2 0.61 0.61 889.0 189.0 889.0 591.0 237.0 591.0 
1 2 0.93 0.93 129.0 97.0 129.0 60.0 11.0 60.0 
1 2 0.28 0.28 370.0 2.0 370.0 804.0 222.0 804.0 
1 2 0.73 0.73 669.0 74.0 669.0 823.0 516.0 823.0 
1 2 0.96 0.96 93.0 60.0 93.0 768.0 243.0 768.0 
1 2 0.96 0.96 257.0 191.0 257.0 62.0 14.0 62.0 
