2 3 1.73 1.73 218.0 169.0 218.0 435.0 54.0 435.0 498.0 417.0 498.0 
2 3 1.36 1.36 979.0 222.0 979.0 464.0 459.0 464.0 809.0 118.0 809.0 
2 4 1.55 1.55 979.0 222.0 979.0 464.0 459.0 464.0 809.0 118.0 809.0 635.0 124.0 635.0 
2 5 1.92 1.92 979.0 222.0 979.0 464.0 459.0 464.0 809.0 118.0 809.0 635.0 124.0 635.0 508.0 188.0 508.0 
2 6 1.97 1.97 979.0 222.0 979.0 464.0 459.0 464.0 809.0 118.0 809.0 635.0 124.0 635.0 508.0 188.0 508.0 223.0 11.0 223.0 
2 3 0.72 0.72 661.0 235.0 661.0 582.0 203.0 582.0 208.0 5.0 208.0 
2 4 1.5 1.5 661.0 235.0 661.0 582.0 203.0 582.0 208.0 5.0 208.0 707.0 550.0 707.0 
2 5 1.6 1.6 661.0 235.0 661.0 582.0 203.0 582.0 208.0 5.0 208.0 707.0 550.0 707.0 559.0 53.0 559.0 
2 6 1.98 1.98 661.0 235.0 661.0 582.0 203.0 582.0 208.0 5.0 208.0 707.0 550.0 707.0 559.0 53.0 559.0 98.0 38.0 98.0 
2 3 0.8 0.8 804.0 50.0 804.0 446.0 16.0 446.0 340.0 240.0 340.0 
2 4 0.91 0.91 804.0 50.0 804.0 446.0 16.0 446.0 340.0 240.0 340.0 727.0 80.0 727.0 
2 5 1.25 1.25 804.0 50.0 804.0 446.0 16.0 446.0 340.0 240.0 340.0 727.0 80.0 727.0 504.0 171.0 504.0 
2 6 1.25 1.25 804.0 50.0 804.0 446.0 16.0 446.0 340.0 240.0 340.0 727.0 80.0 727.0 504.0 171.0 504.0 424.0 1.0 424.0 
2 7 1.35 1.35 804.0 50.0 804.0 446.0 16.0 446.0 340.0 240.0 340.0 727.0 80.0 727.0 504.0 171.0 504.0 424.0 1.0 424.0 419.0 40.0 419.0 
2 8 1.4 1.4 804.0 50.0 804.0 446.0 16.0 446.0 340.0 240.0 340.0 727.0 80.0 727.0 504.0 171.0 504.0 424.0 1.0 424.0 419.0 40.0 419.0 728.0 41.0 728.0 
2 9 1.93 1.93 804.0 50.0 804.0 446.0 16.0 446.0 340.0 240.0 340.0 727.0 80.0 727.0 504.0 171.0 504.0 424.0 1.0 424.0 419.0 40.0 419.0 728.0 41.0 728.0 83.0 44.0 83.0 
2 3 1.27 1.27 642.0 170.0 642.0 834.0 497.0 834.0 698.0 289.0 698.0 
2 4 1.98 1.98 642.0 170.0 642.0 834.0 497.0 834.0 698.0 289.0 698.0 879.0 620.0 879.0 
2 5 1.99 1.99 642.0 170.0 642.0 834.0 497.0 834.0 698.0 289.0 698.0 879.0 620.0 879.0 658.0 10.0 658.0 
2 3 1.34 1.34 773.0 55.0 773.0 463.0 292.0 463.0 841.0 538.0 841.0 
2 4 1.45 1.45 773.0 55.0 773.0 463.0 292.0 463.0 841.0 538.0 841.0 171.0 20.0 171.0 
2 3 1.85 1.85 495.0 292.0 495.0 469.0 419.0 469.0 974.0 366.0 974.0 
2 3 1.22 1.22 906.0 422.0 906.0 538.0 203.0 538.0 213.0 82.0 213.0 
2 4 1.45 1.45 906.0 422.0 906.0 538.0 203.0 538.0 213.0 82.0 213.0 469.0 106.0 469.0 
2 5 1.76 1.76 906.0 422.0 906.0 538.0 203.0 538.0 213.0 82.0 213.0 469.0 106.0 469.0 464.0 143.0 464.0 
2 6 1.79 1.79 906.0 422.0 906.0 538.0 203.0 538.0 213.0 82.0 213.0 469.0 106.0 469.0 464.0 143.0 464.0 237.0 8.0 237.0 
2 3 1.67 1.67 581.0 192.0 581.0 189.0 183.0 189.0 280.0 106.0 280.0 
2 4 1.95 1.95 581.0 192.0 581.0 189.0 183.0 189.0 280.0 106.0 280.0 655.0 185.0 655.0 
2 3 0.74 0.74 163.0 43.0 163.0 981.0 10.0 981.0 928.0 436.0 928.0 
2 4 0.79 0.79 163.0 43.0 163.0 981.0 10.0 981.0 928.0 436.0 928.0 238.0 11.0 238.0 
2 5 0.95 0.95 163.0 43.0 163.0 981.0 10.0 981.0 928.0 436.0 928.0 238.0 11.0 238.0 707.0 120.0 707.0 
2 6 1.04 1.04 163.0 43.0 163.0 981.0 10.0 981.0 928.0 436.0 928.0 238.0 11.0 238.0 707.0 120.0 707.0 522.0 45.0 522.0 
2 7 1.37 1.37 163.0 43.0 163.0 981.0 10.0 981.0 928.0 436.0 928.0 238.0 11.0 238.0 707.0 120.0 707.0 522.0 45.0 522.0 523.0 171.0 523.0 
2 8 1.63 1.63 163.0 43.0 163.0 981.0 10.0 981.0 928.0 436.0 928.0 238.0 11.0 238.0 707.0 120.0 707.0 522.0 45.0 522.0 523.0 171.0 523.0 212.0 56.0 212.0 
2 3 0.96 0.96 272.0 133.0 272.0 896.0 180.0 896.0 456.0 124.0 456.0 
2 4 1.57 1.57 272.0 133.0 272.0 896.0 180.0 896.0 456.0 124.0 456.0 547.0 336.0 547.0 
2 5 1.7 1.7 272.0 133.0 272.0 896.0 180.0 896.0 456.0 124.0 456.0 547.0 336.0 547.0 172.0 23.0 172.0 
2 3 1.51 1.51 210.0 113.0 210.0 19.0 5.0 19.0 691.0 492.0 691.0 
2 4 1.55 1.55 210.0 113.0 210.0 19.0 5.0 19.0 691.0 492.0 691.0 524.0 22.0 524.0 
2 5 1.65 1.65 210.0 113.0 210.0 19.0 5.0 19.0 691.0 492.0 691.0 524.0 22.0 524.0 667.0 64.0 667.0 
2 6 1.72 1.72 210.0 113.0 210.0 19.0 5.0 19.0 691.0 492.0 691.0 524.0 22.0 524.0 667.0 64.0 667.0 413.0 30.0 413.0 
2 3 0.94 0.94 915.0 277.0 915.0 808.0 369.0 808.0 846.0 160.0 846.0 
2 4 1.23 1.23 915.0 277.0 915.0 808.0 369.0 808.0 846.0 160.0 846.0 316.0 92.0 316.0 
2 5 1.32 1.32 915.0 277.0 915.0 808.0 369.0 808.0 846.0 160.0 846.0 316.0 92.0 316.0 12.0 1.0 12.0 
2 6 1.32 1.32 915.0 277.0 915.0 808.0 369.0 808.0 846.0 160.0 846.0 316.0 92.0 316.0 12.0 1.0 12.0 296.0 1.0 296.0 
2 7 1.68 1.68 915.0 277.0 915.0 808.0 369.0 808.0 846.0 160.0 846.0 316.0 92.0 316.0 12.0 1.0 12.0 296.0 1.0 296.0 481.0 173.0 481.0 
2 3 1.45 1.45 375.0 149.0 375.0 95.0 87.0 95.0 468.0 65.0 468.0 
2 4 1.56 1.56 375.0 149.0 375.0 95.0 87.0 95.0 468.0 65.0 468.0 130.0 15.0 130.0 
2 5 1.81 1.81 375.0 149.0 375.0 95.0 87.0 95.0 468.0 65.0 468.0 130.0 15.0 130.0 873.0 216.0 873.0 
2 6 1.91 1.91 375.0 149.0 375.0 95.0 87.0 95.0 468.0 65.0 468.0 130.0 15.0 130.0 873.0 216.0 873.0 598.0 62.0 598.0 
2 3 0.66 0.66 236.0 51.0 236.0 84.0 21.0 84.0 247.0 49.0 247.0 
2 4 0.73 0.73 236.0 51.0 236.0 84.0 21.0 84.0 247.0 49.0 247.0 806.0 58.0 806.0 
2 5 0.74 0.74 236.0 51.0 236.0 84.0 21.0 84.0 247.0 49.0 247.0 806.0 58.0 806.0 340.0 2.0 340.0 
2 6 1.03 1.03 236.0 51.0 236.0 84.0 21.0 84.0 247.0 49.0 247.0 806.0 58.0 806.0 340.0 2.0 340.0 580.0 167.0 580.0 
2 7 1.42 1.42 236.0 51.0 236.0 84.0 21.0 84.0 247.0 49.0 247.0 806.0 58.0 806.0 340.0 2.0 340.0 580.0 167.0 580.0 968.0 383.0 968.0 
2 8 1.66 1.66 236.0 51.0 236.0 84.0 21.0 84.0 247.0 49.0 247.0 806.0 58.0 806.0 340.0 2.0 340.0 580.0 167.0 580.0 968.0 383.0 968.0 332.0 78.0 332.0 
2 9 1.95 1.95 236.0 51.0 236.0 84.0 21.0 84.0 247.0 49.0 247.0 806.0 58.0 806.0 340.0 2.0 340.0 580.0 167.0 580.0 968.0 383.0 968.0 332.0 78.0 332.0 420.0 125.0 420.0 
2 3 1.63 1.63 874.0 734.0 874.0 586.0 262.0 586.0 785.0 277.0 785.0 
2 3 1.01 1.01 630.0 7.0 630.0 521.0 55.0 521.0 908.0 815.0 908.0 
2 4 1.35 1.35 630.0 7.0 630.0 521.0 55.0 521.0 908.0 815.0 908.0 768.0 259.0 768.0 
2 5 1.57 1.57 630.0 7.0 630.0 521.0 55.0 521.0 908.0 815.0 908.0 768.0 259.0 768.0 250.0 56.0 250.0 
2 6 1.73 1.73 630.0 7.0 630.0 521.0 55.0 521.0 908.0 815.0 908.0 768.0 259.0 768.0 250.0 56.0 250.0 755.0 121.0 755.0 
2 3 0.92 0.92 453.0 61.0 453.0 339.0 128.0 339.0 856.0 355.0 856.0 
2 4 0.97 0.97 453.0 61.0 453.0 339.0 128.0 339.0 856.0 355.0 856.0 307.0 16.0 307.0 
2 5 1.04 1.04 453.0 61.0 453.0 339.0 128.0 339.0 856.0 355.0 856.0 307.0 16.0 307.0 469.0 33.0 469.0 
2 6 1.13 1.13 453.0 61.0 453.0 339.0 128.0 339.0 856.0 355.0 856.0 307.0 16.0 307.0 469.0 33.0 469.0 321.0 26.0 321.0 
2 7 1.39 1.39 453.0 61.0 453.0 339.0 128.0 339.0 856.0 355.0 856.0 307.0 16.0 307.0 469.0 33.0 469.0 321.0 26.0 321.0 190.0 51.0 190.0 
2 3 1.01 1.01 392.0 39.0 392.0 801.0 283.0 801.0 291.0 165.0 291.0 
2 4 1.6 1.6 392.0 39.0 392.0 801.0 283.0 801.0 291.0 165.0 291.0 24.0 14.0 24.0 
2 5 1.76 1.76 392.0 39.0 392.0 801.0 283.0 801.0 291.0 165.0 291.0 24.0 14.0 24.0 738.0 121.0 738.0 
2 6 1.95 1.95 392.0 39.0 392.0 801.0 283.0 801.0 291.0 165.0 291.0 24.0 14.0 24.0 738.0 121.0 738.0 850.0 160.0 850.0 
2 3 1.01 1.01 966.0 228.0 966.0 257.0 89.0 257.0 748.0 324.0 748.0 
2 4 1.96 1.96 966.0 228.0 966.0 257.0 89.0 257.0 748.0 324.0 748.0 511.0 484.0 511.0 
2 3 1.79 1.79 73.0 59.0 73.0 56.0 3.0 56.0 87.0 81.0 87.0 
2 3 0.84 0.84 585.0 203.0 585.0 190.0 67.0 190.0 989.0 145.0 989.0 
2 4 0.93 0.93 585.0 203.0 585.0 190.0 67.0 190.0 989.0 145.0 989.0 479.0 41.0 479.0 
2 5 1.43 1.43 585.0 203.0 585.0 190.0 67.0 190.0 989.0 145.0 989.0 479.0 41.0 479.0 2.0 1.0 2.0 
2 6 1.61 1.61 585.0 203.0 585.0 190.0 67.0 190.0 989.0 145.0 989.0 479.0 41.0 479.0 2.0 1.0 2.0 147.0 27.0 147.0 
2 3 1.48 1.48 592.0 404.0 592.0 433.0 62.0 433.0 601.0 399.0 601.0 
2 3 1.11 1.11 752.0 299.0 752.0 54.0 18.0 54.0 676.0 257.0 676.0 
2 4 1.85 1.85 752.0 299.0 752.0 54.0 18.0 54.0 676.0 257.0 676.0 393.0 291.0 393.0 
2 5 1.96 1.96 752.0 299.0 752.0 54.0 18.0 54.0 676.0 257.0 676.0 393.0 291.0 393.0 325.0 38.0 325.0 
2 3 0.63 0.63 88.0 28.0 88.0 797.0 212.0 797.0 746.0 38.0 746.0 
2 4 0.73 0.73 88.0 28.0 88.0 797.0 212.0 797.0 746.0 38.0 746.0 785.0 76.0 785.0 
2 5 1.13 1.13 88.0 28.0 88.0 797.0 212.0 797.0 746.0 38.0 746.0 785.0 76.0 785.0 5.0 2.0 5.0 
2 6 1.21 1.21 88.0 28.0 88.0 797.0 212.0 797.0 746.0 38.0 746.0 785.0 76.0 785.0 5.0 2.0 5.0 422.0 34.0 422.0 
2 7 1.65 1.65 88.0 28.0 88.0 797.0 212.0 797.0 746.0 38.0 746.0 785.0 76.0 785.0 5.0 2.0 5.0 422.0 34.0 422.0 64.0 28.0 64.0 
2 3 1.48 1.48 905.0 678.0 905.0 835.0 274.0 835.0 514.0 212.0 514.0 
2 4 1.73 1.73 905.0 678.0 905.0 835.0 274.0 835.0 514.0 212.0 514.0 950.0 235.0 950.0 
2 5 1.88 1.88 905.0 678.0 905.0 835.0 274.0 835.0 514.0 212.0 514.0 950.0 235.0 950.0 372.0 56.0 372.0 
2 3 1.97 1.97 710.0 277.0 710.0 654.0 598.0 654.0 412.0 276.0 412.0 
2 3 0.53 0.53 215.0 57.0 215.0 772.0 116.0 772.0 151.0 18.0 151.0 
2 4 1.51 1.51 215.0 57.0 215.0 772.0 116.0 772.0 151.0 18.0 151.0 601.0 589.0 601.0 
2 3 1.09 1.09 352.0 34.0 352.0 318.0 227.0 318.0 145.0 41.0 145.0 
2 4 1.67 1.67 352.0 34.0 352.0 318.0 227.0 318.0 145.0 41.0 145.0 162.0 95.0 162.0 
2 5 1.76 1.76 352.0 34.0 352.0 318.0 227.0 318.0 145.0 41.0 145.0 162.0 95.0 162.0 264.0 22.0 264.0 
2 3 0.85 0.85 290.0 135.0 290.0 426.0 150.0 426.0 937.0 31.0 937.0 
2 4 0.87 0.87 290.0 135.0 290.0 426.0 150.0 426.0 937.0 31.0 937.0 586.0 15.0 586.0 
2 5 1.0 1.0 290.0 135.0 290.0 426.0 150.0 426.0 937.0 31.0 937.0 586.0 15.0 586.0 389.0 51.0 389.0 
2 6 1.34 1.34 290.0 135.0 290.0 426.0 150.0 426.0 937.0 31.0 937.0 586.0 15.0 586.0 389.0 51.0 389.0 499.0 170.0 499.0 
2 7 1.68 1.68 290.0 135.0 290.0 426.0 150.0 426.0 937.0 31.0 937.0 586.0 15.0 586.0 389.0 51.0 389.0 499.0 170.0 499.0 487.0 165.0 487.0 
2 3 1.75 1.75 793.0 472.0 793.0 39.0 10.0 39.0 81.0 73.0 81.0 
2 3 1.34 1.34 914.0 37.0 914.0 798.0 248.0 798.0 846.0 838.0 846.0 
2 4 1.69 1.69 914.0 37.0 914.0 798.0 248.0 798.0 846.0 838.0 846.0 152.0 54.0 152.0 
2 3 1.7 1.7 994.0 406.0 994.0 485.0 172.0 485.0 73.0 69.0 73.0 
2 4 1.77 1.77 994.0 406.0 994.0 485.0 172.0 485.0 73.0 69.0 73.0 289.0 19.0 289.0 
2 5 1.99 1.99 994.0 406.0 994.0 485.0 172.0 485.0 73.0 69.0 73.0 289.0 19.0 289.0 836.0 188.0 836.0 
2 3 0.26 0.26 703.0 105.0 703.0 351.0 26.0 351.0 975.0 40.0 975.0 
2 4 0.45 0.45 703.0 105.0 703.0 351.0 26.0 351.0 975.0 40.0 975.0 678.0 132.0 678.0 
2 5 1.44 1.44 703.0 105.0 703.0 351.0 26.0 351.0 975.0 40.0 975.0 678.0 132.0 678.0 761.0 753.0 761.0 
2 6 1.54 1.54 703.0 105.0 703.0 351.0 26.0 351.0 975.0 40.0 975.0 678.0 132.0 678.0 761.0 753.0 761.0 93.0 9.0 93.0 
2 7 1.63 1.63 703.0 105.0 703.0 351.0 26.0 351.0 975.0 40.0 975.0 678.0 132.0 678.0 761.0 753.0 761.0 93.0 9.0 93.0 501.0 47.0 501.0 
2 8 1.75 1.75 703.0 105.0 703.0 351.0 26.0 351.0 975.0 40.0 975.0 678.0 132.0 678.0 761.0 753.0 761.0 93.0 9.0 93.0 501.0 47.0 501.0 771.0 93.0 771.0 
2 3 0.47 0.47 217.0 11.0 217.0 163.0 42.0 163.0 42.0 7.0 42.0 
2 4 1.01 1.01 217.0 11.0 217.0 163.0 42.0 163.0 42.0 7.0 42.0 351.0 188.0 351.0 
2 5 1.37 1.37 217.0 11.0 217.0 163.0 42.0 163.0 42.0 7.0 42.0 351.0 188.0 351.0 861.0 317.0 861.0 
2 6 1.67 1.67 217.0 11.0 217.0 163.0 42.0 163.0 42.0 7.0 42.0 351.0 188.0 351.0 861.0 317.0 861.0 718.0 210.0 718.0 
2 7 1.91 1.91 217.0 11.0 217.0 163.0 42.0 163.0 42.0 7.0 42.0 351.0 188.0 351.0 861.0 317.0 861.0 718.0 210.0 718.0 990.0 241.0 990.0 
2 3 0.83 0.83 640.0 166.0 640.0 456.0 218.0 456.0 751.0 76.0 751.0 
2 4 0.93 0.93 640.0 166.0 640.0 456.0 218.0 456.0 751.0 76.0 751.0 190.0 19.0 190.0 
2 5 1.34 1.34 640.0 166.0 640.0 456.0 218.0 456.0 751.0 76.0 751.0 190.0 19.0 190.0 946.0 388.0 946.0 
2 6 1.74 1.74 640.0 166.0 640.0 456.0 218.0 456.0 751.0 76.0 751.0 190.0 19.0 190.0 946.0 388.0 946.0 301.0 119.0 301.0 
2 7 1.9 1.9 640.0 166.0 640.0 456.0 218.0 456.0 751.0 76.0 751.0 190.0 19.0 190.0 946.0 388.0 946.0 301.0 119.0 301.0 413.0 66.0 413.0 
2 3 1.25 1.25 178.0 143.0 178.0 875.0 251.0 875.0 810.0 130.0 810.0 
2 4 1.71 1.71 178.0 143.0 178.0 875.0 251.0 875.0 810.0 130.0 810.0 799.0 371.0 799.0 
2 5 1.88 1.88 178.0 143.0 178.0 875.0 251.0 875.0 810.0 130.0 810.0 799.0 371.0 799.0 295.0 49.0 295.0 
2 6 1.9 1.9 178.0 143.0 178.0 875.0 251.0 875.0 810.0 130.0 810.0 799.0 371.0 799.0 295.0 49.0 295.0 999.0 21.0 999.0 
2 3 1.47 1.47 732.0 110.0 732.0 938.0 915.0 938.0 156.0 55.0 156.0 
2 4 1.57 1.57 732.0 110.0 732.0 938.0 915.0 938.0 156.0 55.0 156.0 694.0 65.0 694.0 
2 3 0.87 0.87 199.0 135.0 199.0 487.0 37.0 487.0 805.0 95.0 805.0 
2 4 1.2 1.2 199.0 135.0 199.0 487.0 37.0 487.0 805.0 95.0 805.0 237.0 80.0 237.0 
2 5 1.72 1.72 199.0 135.0 199.0 487.0 37.0 487.0 805.0 95.0 805.0 237.0 80.0 237.0 43.0 22.0 43.0 
2 3 1.68 1.68 2.0 1.0 2.0 273.0 241.0 273.0 885.0 267.0 885.0 
2 3 0.5 0.5 118.0 12.0 118.0 872.0 318.0 872.0 882.0 30.0 882.0 
2 4 0.99 0.99 118.0 12.0 118.0 872.0 318.0 872.0 882.0 30.0 882.0 947.0 469.0 947.0 
2 5 1.49 1.49 118.0 12.0 118.0 872.0 318.0 872.0 882.0 30.0 882.0 947.0 469.0 947.0 582.0 290.0 582.0 
2 6 1.95 1.95 118.0 12.0 118.0 872.0 318.0 872.0 882.0 30.0 882.0 947.0 469.0 947.0 582.0 290.0 582.0 459.0 211.0 459.0 
2 3 0.81 0.81 705.0 248.0 705.0 417.0 5.0 417.0 801.0 364.0 801.0 
2 4 1.18 1.18 705.0 248.0 705.0 417.0 5.0 417.0 801.0 364.0 801.0 937.0 345.0 937.0 
2 5 1.31 1.31 705.0 248.0 705.0 417.0 5.0 417.0 801.0 364.0 801.0 937.0 345.0 937.0 545.0 68.0 545.0 
2 6 1.65 1.65 705.0 248.0 705.0 417.0 5.0 417.0 801.0 364.0 801.0 937.0 345.0 937.0 545.0 68.0 545.0 394.0 134.0 394.0 
2 7 1.94 1.94 705.0 248.0 705.0 417.0 5.0 417.0 801.0 364.0 801.0 937.0 345.0 937.0 545.0 68.0 545.0 394.0 134.0 394.0 928.0 273.0 928.0 
2 3 1.38 1.38 159.0 77.0 159.0 961.0 567.0 961.0 686.0 213.0 686.0 
2 3 1.45 1.45 618.0 286.0 618.0 401.0 307.0 401.0 838.0 192.0 838.0 
2 4 1.58 1.58 618.0 286.0 618.0 401.0 307.0 401.0 838.0 192.0 838.0 582.0 77.0 582.0 
2 5 1.67 1.67 618.0 286.0 618.0 401.0 307.0 401.0 838.0 192.0 838.0 582.0 77.0 582.0 353.0 31.0 353.0 
2 3 1.36 1.36 591.0 28.0 591.0 388.0 138.0 388.0 471.0 453.0 471.0 
2 4 1.66 1.66 591.0 28.0 591.0 388.0 138.0 388.0 471.0 453.0 471.0 247.0 75.0 247.0 
2 5 1.67 1.67 591.0 28.0 591.0 388.0 138.0 388.0 471.0 453.0 471.0 247.0 75.0 247.0 101.0 1.0 101.0 
2 6 1.95 1.95 591.0 28.0 591.0 388.0 138.0 388.0 471.0 453.0 471.0 247.0 75.0 247.0 101.0 1.0 101.0 220.0 61.0 220.0 
2 3 1.5 1.5 517.0 355.0 517.0 986.0 677.0 986.0 345.0 47.0 345.0 
2 4 1.99 1.99 517.0 355.0 517.0 986.0 677.0 986.0 345.0 47.0 345.0 543.0 261.0 543.0 
2 3 1.23 1.23 92.0 28.0 92.0 453.0 242.0 453.0 240.0 96.0 240.0 
2 4 1.97 1.97 92.0 28.0 92.0 453.0 242.0 453.0 240.0 96.0 240.0 27.0 20.0 27.0 
2 3 0.7 0.7 569.0 263.0 569.0 306.0 53.0 306.0 238.0 16.0 238.0 
2 4 0.94 0.94 569.0 263.0 569.0 306.0 53.0 306.0 238.0 16.0 238.0 913.0 219.0 913.0 
2 5 1.28 1.28 569.0 263.0 569.0 306.0 53.0 306.0 238.0 16.0 238.0 913.0 219.0 913.0 895.0 309.0 895.0 
2 6 1.61 1.61 569.0 263.0 569.0 306.0 53.0 306.0 238.0 16.0 238.0 913.0 219.0 913.0 895.0 309.0 895.0 206.0 67.0 206.0 
2 3 0.84 0.84 972.0 394.0 972.0 777.0 12.0 777.0 28.0 12.0 28.0 
2 4 1.25 1.25 972.0 394.0 972.0 777.0 12.0 777.0 28.0 12.0 28.0 277.0 112.0 277.0 
2 3 1.25 1.25 410.0 310.0 410.0 200.0 42.0 200.0 352.0 102.0 352.0 
2 4 1.32 1.32 410.0 310.0 410.0 200.0 42.0 200.0 352.0 102.0 352.0 422.0 29.0 422.0 
2 3 0.91 0.91 264.0 182.0 264.0 545.0 73.0 545.0 434.0 39.0 434.0 
2 4 1.35 1.35 264.0 182.0 264.0 545.0 73.0 545.0 434.0 39.0 434.0 792.0 349.0 792.0 
2 3 0.86 0.86 423.0 201.0 423.0 556.0 198.0 556.0 636.0 21.0 636.0 
2 4 1.61 1.61 423.0 201.0 423.0 556.0 198.0 556.0 636.0 21.0 636.0 334.0 251.0 334.0 
2 3 1.01 1.01 393.0 82.0 393.0 227.0 50.0 227.0 816.0 481.0 816.0 
2 4 1.89 1.89 393.0 82.0 393.0 227.0 50.0 227.0 816.0 481.0 816.0 538.0 473.0 538.0 
2 5 1.96 1.96 393.0 82.0 393.0 227.0 50.0 227.0 816.0 481.0 816.0 538.0 473.0 538.0 907.0 59.0 907.0 
2 3 1.8 1.8 44.0 20.0 44.0 394.0 315.0 394.0 716.0 395.0 716.0 
2 3 0.62 0.62 300.0 76.0 300.0 880.0 123.0 880.0 453.0 106.0 453.0 
2 4 0.91 0.91 300.0 76.0 300.0 880.0 123.0 880.0 453.0 106.0 453.0 252.0 72.0 252.0 
2 5 0.95 0.95 300.0 76.0 300.0 880.0 123.0 880.0 453.0 106.0 453.0 252.0 72.0 252.0 52.0 2.0 52.0 
2 6 1.37 1.37 300.0 76.0 300.0 880.0 123.0 880.0 453.0 106.0 453.0 252.0 72.0 252.0 52.0 2.0 52.0 927.0 397.0 927.0 
2 7 1.89 1.89 300.0 76.0 300.0 880.0 123.0 880.0 453.0 106.0 453.0 252.0 72.0 252.0 52.0 2.0 52.0 927.0 397.0 927.0 822.0 420.0 822.0 
2 3 1.25 1.25 812.0 686.0 812.0 462.0 72.0 462.0 493.0 124.0 493.0 
2 4 1.6 1.6 812.0 686.0 812.0 462.0 72.0 462.0 493.0 124.0 493.0 354.0 126.0 354.0 
2 5 1.61 1.61 812.0 686.0 812.0 462.0 72.0 462.0 493.0 124.0 493.0 354.0 126.0 354.0 91.0 1.0 91.0 
2 3 1.18 1.18 584.0 117.0 584.0 876.0 446.0 876.0 413.0 197.0 413.0 
2 4 1.7 1.7 584.0 117.0 584.0 876.0 446.0 876.0 413.0 197.0 413.0 92.0 48.0 92.0 
2 3 0.95 0.95 235.0 81.0 235.0 640.0 314.0 640.0 492.0 59.0 492.0 
2 4 1.42 1.42 235.0 81.0 235.0 640.0 314.0 640.0 492.0 59.0 492.0 335.0 158.0 335.0 
2 3 1.42 1.42 621.0 151.0 621.0 275.0 225.0 275.0 866.0 316.0 866.0 
2 4 1.74 1.74 621.0 151.0 621.0 275.0 225.0 275.0 866.0 316.0 866.0 56.0 18.0 56.0 
2 3 0.72 0.72 415.0 176.0 415.0 197.0 45.0 197.0 504.0 35.0 504.0 
2 4 0.77 0.77 415.0 176.0 415.0 197.0 45.0 197.0 504.0 35.0 504.0 481.0 24.0 481.0 
2 5 0.92 0.92 415.0 176.0 415.0 197.0 45.0 197.0 504.0 35.0 504.0 481.0 24.0 481.0 349.0 54.0 349.0 
2 6 0.98 0.98 415.0 176.0 415.0 197.0 45.0 197.0 504.0 35.0 504.0 481.0 24.0 481.0 349.0 54.0 349.0 771.0 45.0 771.0 
2 7 1.85 1.85 415.0 176.0 415.0 197.0 45.0 197.0 504.0 35.0 504.0 481.0 24.0 481.0 349.0 54.0 349.0 771.0 45.0 771.0 687.0 599.0 687.0 
2 3 0.76 0.76 707.0 35.0 707.0 310.0 70.0 310.0 975.0 474.0 975.0 
2 4 1.48 1.48 707.0 35.0 707.0 310.0 70.0 310.0 975.0 474.0 975.0 223.0 162.0 223.0 
2 5 1.69 1.69 707.0 35.0 707.0 310.0 70.0 310.0 975.0 474.0 975.0 223.0 162.0 223.0 264.0 54.0 264.0 
2 6 1.77 1.77 707.0 35.0 707.0 310.0 70.0 310.0 975.0 474.0 975.0 223.0 162.0 223.0 264.0 54.0 264.0 668.0 58.0 668.0 
2 3 1.77 1.77 410.0 189.0 410.0 558.0 261.0 558.0 106.0 90.0 106.0 
2 3 1.45 1.45 433.0 371.0 433.0 502.0 110.0 502.0 784.0 297.0 784.0 
2 4 1.93 1.93 433.0 371.0 433.0 502.0 110.0 502.0 784.0 297.0 784.0 950.0 455.0 950.0 
2 3 1.1 1.1 236.0 30.0 236.0 906.0 85.0 906.0 458.0 405.0 458.0 
2 4 1.35 1.35 236.0 30.0 236.0 906.0 85.0 906.0 458.0 405.0 458.0 914.0 231.0 914.0 
2 3 0.65 0.65 665.0 47.0 665.0 475.0 147.0 475.0 449.0 122.0 449.0 
2 4 0.68 0.68 665.0 47.0 665.0 475.0 147.0 475.0 449.0 122.0 449.0 855.0 27.0 855.0 
2 5 1.45 1.45 665.0 47.0 665.0 475.0 147.0 475.0 449.0 122.0 449.0 855.0 27.0 855.0 48.0 37.0 48.0 
2 3 0.79 0.79 218.0 31.0 218.0 195.0 84.0 195.0 606.0 132.0 606.0 
2 4 0.98 0.98 218.0 31.0 218.0 195.0 84.0 195.0 606.0 132.0 606.0 542.0 104.0 542.0 
2 5 1.95 1.95 218.0 31.0 218.0 195.0 84.0 195.0 606.0 132.0 606.0 542.0 104.0 542.0 174.0 169.0 174.0 
2 3 1.06 1.06 828.0 475.0 828.0 270.0 40.0 270.0 351.0 120.0 351.0 
2 4 1.25 1.25 828.0 475.0 828.0 270.0 40.0 270.0 351.0 120.0 351.0 876.0 166.0 876.0 
2 3 0.94 0.94 461.0 154.0 461.0 739.0 91.0 739.0 236.0 114.0 236.0 
2 4 1.14 1.14 461.0 154.0 461.0 739.0 91.0 739.0 236.0 114.0 236.0 310.0 64.0 310.0 
2 5 1.48 1.48 461.0 154.0 461.0 739.0 91.0 739.0 236.0 114.0 236.0 310.0 64.0 310.0 9.0 3.0 9.0 
2 6 1.57 1.57 461.0 154.0 461.0 739.0 91.0 739.0 236.0 114.0 236.0 310.0 64.0 310.0 9.0 3.0 9.0 654.0 64.0 654.0 
2 7 1.97 1.97 461.0 154.0 461.0 739.0 91.0 739.0 236.0 114.0 236.0 310.0 64.0 310.0 9.0 3.0 9.0 654.0 64.0 654.0 203.0 81.0 203.0 
2 3 1.4 1.4 763.0 294.0 763.0 824.0 565.0 824.0 168.0 56.0 168.0 
2 4 1.67 1.67 763.0 294.0 763.0 824.0 565.0 824.0 168.0 56.0 168.0 113.0 31.0 113.0 
2 3 1.43 1.43 400.0 123.0 400.0 674.0 482.0 674.0 90.0 37.0 90.0 
2 4 1.86 1.86 400.0 123.0 400.0 674.0 482.0 674.0 90.0 37.0 90.0 486.0 210.0 486.0 
2 3 1.71 1.71 58.0 21.0 58.0 915.0 655.0 915.0 140.0 89.0 140.0 
2 3 1.28 1.28 629.0 103.0 629.0 812.0 329.0 812.0 594.0 424.0 594.0 
2 3 0.76 0.76 856.0 41.0 856.0 155.0 19.0 155.0 458.0 272.0 458.0 
2 4 0.81 0.81 856.0 41.0 856.0 155.0 19.0 155.0 458.0 272.0 458.0 389.0 18.0 389.0 
2 5 1.04 1.04 856.0 41.0 856.0 155.0 19.0 155.0 458.0 272.0 458.0 389.0 18.0 389.0 463.0 107.0 463.0 
2 6 1.41 1.41 856.0 41.0 856.0 155.0 19.0 155.0 458.0 272.0 458.0 389.0 18.0 389.0 463.0 107.0 463.0 494.0 182.0 494.0 
2 7 1.84 1.84 856.0 41.0 856.0 155.0 19.0 155.0 458.0 272.0 458.0 389.0 18.0 389.0 463.0 107.0 463.0 494.0 182.0 494.0 275.0 120.0 275.0 
2 3 1.18 1.18 637.0 131.0 637.0 299.0 186.0 299.0 673.0 240.0 673.0 
2 4 1.22 1.22 637.0 131.0 637.0 299.0 186.0 299.0 673.0 240.0 673.0 577.0 21.0 577.0 
2 3 1.12 1.12 875.0 276.0 875.0 498.0 272.0 498.0 633.0 169.0 633.0 
2 4 1.53 1.53 875.0 276.0 875.0 498.0 272.0 498.0 633.0 169.0 633.0 293.0 118.0 293.0 
2 5 1.61 1.61 875.0 276.0 875.0 498.0 272.0 498.0 633.0 169.0 633.0 293.0 118.0 293.0 926.0 77.0 926.0 
2 3 1.43 1.43 716.0 564.0 716.0 73.0 30.0 73.0 710.0 166.0 710.0 
2 3 0.63 0.63 123.0 40.0 123.0 109.0 19.0 109.0 402.0 56.0 402.0 
2 4 0.82 0.82 123.0 40.0 123.0 109.0 19.0 109.0 402.0 56.0 402.0 63.0 12.0 63.0 
2 5 0.89 0.89 123.0 40.0 123.0 109.0 19.0 109.0 402.0 56.0 402.0 63.0 12.0 63.0 817.0 52.0 817.0 
2 6 1.33 1.33 123.0 40.0 123.0 109.0 19.0 109.0 402.0 56.0 402.0 63.0 12.0 63.0 817.0 52.0 817.0 66.0 29.0 66.0 
2 7 1.7 1.7 123.0 40.0 123.0 109.0 19.0 109.0 402.0 56.0 402.0 63.0 12.0 63.0 817.0 52.0 817.0 66.0 29.0 66.0 558.0 208.0 558.0 
2 3 1.29 1.29 754.0 461.0 754.0 692.0 329.0 692.0 468.0 96.0 468.0 
2 4 1.69 1.69 754.0 461.0 754.0 692.0 329.0 692.0 468.0 96.0 468.0 836.0 341.0 836.0 
2 3 0.48 0.48 987.0 344.0 987.0 528.0 21.0 528.0 76.0 7.0 76.0 
2 4 1.08 1.08 987.0 344.0 987.0 528.0 21.0 528.0 76.0 7.0 76.0 295.0 177.0 295.0 
2 5 1.23 1.23 987.0 344.0 987.0 528.0 21.0 528.0 76.0 7.0 76.0 295.0 177.0 295.0 107.0 17.0 107.0 
2 6 1.66 1.66 987.0 344.0 987.0 528.0 21.0 528.0 76.0 7.0 76.0 295.0 177.0 295.0 107.0 17.0 107.0 123.0 52.0 123.0 
2 3 1.53 1.53 621.0 240.0 621.0 411.0 373.0 411.0 391.0 93.0 391.0 
2 4 1.86 1.86 621.0 240.0 621.0 411.0 373.0 411.0 391.0 93.0 391.0 3.0 1.0 3.0 
2 3 1.97 1.97 373.0 102.0 373.0 306.0 281.0 306.0 760.0 597.0 760.0 
2 3 1.89 1.89 624.0 505.0 624.0 88.0 67.0 88.0 122.0 39.0 122.0 
2 3 1.5 1.5 497.0 166.0 497.0 274.0 264.0 274.0 473.0 98.0 473.0 
2 3 1.0 1.0 168.0 17.0 168.0 366.0 167.0 366.0 160.0 72.0 160.0 
2 4 1.32 1.32 168.0 17.0 168.0 366.0 167.0 366.0 160.0 72.0 160.0 626.0 200.0 626.0 
2 5 1.41 1.41 168.0 17.0 168.0 366.0 167.0 366.0 160.0 72.0 160.0 626.0 200.0 626.0 948.0 88.0 948.0 
2 3 1.56 1.56 393.0 297.0 393.0 444.0 127.0 444.0 443.0 233.0 443.0 
2 3 0.51 0.51 226.0 58.0 226.0 964.0 223.0 964.0 420.0 12.0 420.0 
2 4 0.57 0.57 226.0 58.0 226.0 964.0 223.0 964.0 420.0 12.0 420.0 438.0 27.0 438.0 
2 5 1.03 1.03 226.0 58.0 226.0 964.0 223.0 964.0 420.0 12.0 420.0 438.0 27.0 438.0 162.0 74.0 162.0 
2 6 1.36 1.36 226.0 58.0 226.0 964.0 223.0 964.0 420.0 12.0 420.0 438.0 27.0 438.0 162.0 74.0 162.0 831.0 275.0 831.0 
2 7 1.46 1.46 226.0 58.0 226.0 964.0 223.0 964.0 420.0 12.0 420.0 438.0 27.0 438.0 162.0 74.0 162.0 831.0 275.0 831.0 101.0 10.0 101.0 
2 8 1.77 1.77 226.0 58.0 226.0 964.0 223.0 964.0 420.0 12.0 420.0 438.0 27.0 438.0 162.0 74.0 162.0 831.0 275.0 831.0 101.0 10.0 101.0 154.0 48.0 154.0 
2 3 1.1 1.1 997.0 378.0 997.0 421.0 4.0 421.0 352.0 251.0 352.0 
2 4 1.45 1.45 997.0 378.0 997.0 421.0 4.0 421.0 352.0 251.0 352.0 449.0 157.0 449.0 
2 3 0.98 0.98 63.0 32.0 63.0 28.0 4.0 28.0 620.0 205.0 620.0 
2 4 1.44 1.44 63.0 32.0 63.0 28.0 4.0 28.0 620.0 205.0 620.0 87.0 40.0 87.0 
2 5 1.82 1.82 63.0 32.0 63.0 28.0 4.0 28.0 620.0 205.0 620.0 87.0 40.0 87.0 856.0 329.0 856.0 
2 6 1.84 1.84 63.0 32.0 63.0 28.0 4.0 28.0 620.0 205.0 620.0 87.0 40.0 87.0 856.0 329.0 856.0 764.0 18.0 764.0 
2 7 1.85 1.85 63.0 32.0 63.0 28.0 4.0 28.0 620.0 205.0 620.0 87.0 40.0 87.0 856.0 329.0 856.0 764.0 18.0 764.0 803.0 5.0 803.0 
2 3 0.59 0.59 113.0 31.0 113.0 66.0 16.0 66.0 601.0 48.0 601.0 
2 4 0.99 0.99 113.0 31.0 113.0 66.0 16.0 66.0 601.0 48.0 601.0 606.0 244.0 606.0 
2 5 1.92 1.92 113.0 31.0 113.0 66.0 16.0 66.0 601.0 48.0 601.0 606.0 244.0 606.0 121.0 112.0 121.0 
2 3 1.02 1.02 995.0 44.0 995.0 377.0 199.0 377.0 719.0 329.0 719.0 
2 4 1.37 1.37 995.0 44.0 995.0 377.0 199.0 377.0 719.0 329.0 719.0 501.0 175.0 501.0 
2 5 1.41 1.41 995.0 44.0 995.0 377.0 199.0 377.0 719.0 329.0 719.0 501.0 175.0 501.0 53.0 2.0 53.0 
2 6 1.46 1.46 995.0 44.0 995.0 377.0 199.0 377.0 719.0 329.0 719.0 501.0 175.0 501.0 53.0 2.0 53.0 575.0 30.0 575.0 
2 7 1.91 1.91 995.0 44.0 995.0 377.0 199.0 377.0 719.0 329.0 719.0 501.0 175.0 501.0 53.0 2.0 53.0 575.0 30.0 575.0 20.0 9.0 20.0 
2 3 0.96 0.96 995.0 106.0 995.0 649.0 133.0 649.0 205.0 135.0 205.0 
2 4 1.34 1.34 995.0 106.0 995.0 649.0 133.0 649.0 205.0 135.0 205.0 767.0 289.0 767.0 
2 5 1.38 1.38 995.0 106.0 995.0 649.0 133.0 649.0 205.0 135.0 205.0 767.0 289.0 767.0 403.0 14.0 403.0 
2 3 0.5 0.5 899.0 12.0 899.0 894.0 434.0 894.0 564.0 4.0 564.0 
2 4 0.52 0.52 899.0 12.0 899.0 894.0 434.0 894.0 564.0 4.0 564.0 912.0 15.0 912.0 
2 5 1.35 1.35 899.0 12.0 899.0 894.0 434.0 894.0 564.0 4.0 564.0 912.0 15.0 912.0 938.0 785.0 938.0 
2 6 1.72 1.72 899.0 12.0 899.0 894.0 434.0 894.0 564.0 4.0 564.0 912.0 15.0 912.0 938.0 785.0 938.0 731.0 264.0 731.0 
2 7 1.89 1.89 899.0 12.0 899.0 894.0 434.0 894.0 564.0 4.0 564.0 912.0 15.0 912.0 938.0 785.0 938.0 731.0 264.0 731.0 307.0 53.0 307.0 
2 3 0.86 0.86 676.0 108.0 676.0 685.0 396.0 685.0 335.0 42.0 335.0 
2 4 1.14 1.14 676.0 108.0 676.0 685.0 396.0 685.0 335.0 42.0 335.0 433.0 123.0 433.0 
2 5 1.49 1.49 676.0 108.0 676.0 685.0 396.0 685.0 335.0 42.0 335.0 433.0 123.0 433.0 959.0 330.0 959.0 
2 6 1.63 1.63 676.0 108.0 676.0 685.0 396.0 685.0 335.0 42.0 335.0 433.0 123.0 433.0 959.0 330.0 959.0 622.0 87.0 622.0 
2 7 1.8 1.8 676.0 108.0 676.0 685.0 396.0 685.0 335.0 42.0 335.0 433.0 123.0 433.0 959.0 330.0 959.0 622.0 87.0 622.0 337.0 57.0 337.0 
2 8 1.95 1.95 676.0 108.0 676.0 685.0 396.0 685.0 335.0 42.0 335.0 433.0 123.0 433.0 959.0 330.0 959.0 622.0 87.0 622.0 337.0 57.0 337.0 769.0 116.0 769.0 
2 3 0.7 0.7 892.0 290.0 892.0 176.0 33.0 176.0 872.0 165.0 872.0 
2 4 0.78 0.78 892.0 290.0 892.0 176.0 33.0 176.0 872.0 165.0 872.0 808.0 66.0 808.0 
2 5 1.77 1.77 892.0 290.0 892.0 176.0 33.0 176.0 872.0 165.0 872.0 808.0 66.0 808.0 604.0 600.0 604.0 
2 3 1.09 1.09 12.0 6.0 12.0 291.0 42.0 291.0 97.0 44.0 97.0 
2 4 1.9 1.9 12.0 6.0 12.0 291.0 42.0 291.0 97.0 44.0 97.0 397.0 319.0 397.0 
2 3 1.71 1.71 382.0 313.0 382.0 230.0 105.0 230.0 592.0 257.0 592.0 
2 4 1.74 1.74 382.0 313.0 382.0 230.0 105.0 230.0 592.0 257.0 592.0 451.0 14.0 451.0 
2 3 1.52 1.52 512.0 482.0 512.0 351.0 61.0 351.0 127.0 52.0 127.0 
2 3 0.51 0.51 120.0 10.0 120.0 183.0 70.0 183.0 615.0 28.0 615.0 
2 4 0.69 0.69 120.0 10.0 120.0 183.0 70.0 183.0 615.0 28.0 615.0 784.0 147.0 784.0 
2 5 0.79 0.79 120.0 10.0 120.0 183.0 70.0 183.0 615.0 28.0 615.0 784.0 147.0 784.0 655.0 64.0 655.0 
2 6 1.12 1.12 120.0 10.0 120.0 183.0 70.0 183.0 615.0 28.0 615.0 784.0 147.0 784.0 655.0 64.0 655.0 459.0 152.0 459.0 
2 7 1.47 1.47 120.0 10.0 120.0 183.0 70.0 183.0 615.0 28.0 615.0 784.0 147.0 784.0 655.0 64.0 655.0 459.0 152.0 459.0 958.0 328.0 958.0 
2 3 1.56 1.56 408.0 173.0 408.0 855.0 628.0 855.0 356.0 146.0 356.0 
2 3 0.99 0.99 924.0 242.0 924.0 528.0 145.0 528.0 959.0 440.0 959.0 
2 4 1.56 1.56 924.0 242.0 924.0 528.0 145.0 528.0 959.0 440.0 959.0 37.0 21.0 37.0 
2 5 1.79 1.79 924.0 242.0 924.0 528.0 145.0 528.0 959.0 440.0 959.0 37.0 21.0 37.0 693.0 163.0 693.0 
2 3 0.73 0.73 102.0 20.0 102.0 153.0 44.0 153.0 193.0 48.0 193.0 
2 4 1.01 1.01 102.0 20.0 102.0 153.0 44.0 153.0 193.0 48.0 193.0 14.0 4.0 14.0 
2 5 1.22 1.22 102.0 20.0 102.0 153.0 44.0 153.0 193.0 48.0 193.0 14.0 4.0 14.0 800.0 166.0 800.0 
2 6 1.22 1.22 102.0 20.0 102.0 153.0 44.0 153.0 193.0 48.0 193.0 14.0 4.0 14.0 800.0 166.0 800.0 462.0 2.0 462.0 
2 7 1.25 1.25 102.0 20.0 102.0 153.0 44.0 153.0 193.0 48.0 193.0 14.0 4.0 14.0 800.0 166.0 800.0 462.0 2.0 462.0 778.0 19.0 778.0 
2 8 1.93 1.93 102.0 20.0 102.0 153.0 44.0 153.0 193.0 48.0 193.0 14.0 4.0 14.0 800.0 166.0 800.0 462.0 2.0 462.0 778.0 19.0 778.0 209.0 143.0 209.0 
2 3 0.37 0.37 529.0 59.0 529.0 881.0 168.0 881.0 918.0 65.0 918.0 
2 4 0.97 0.97 529.0 59.0 529.0 881.0 168.0 881.0 918.0 65.0 918.0 951.0 574.0 951.0 
2 5 1.32 1.32 529.0 59.0 529.0 881.0 168.0 881.0 918.0 65.0 918.0 951.0 574.0 951.0 66.0 23.0 66.0 
2 6 1.8 1.8 529.0 59.0 529.0 881.0 168.0 881.0 918.0 65.0 918.0 951.0 574.0 951.0 66.0 23.0 66.0 658.0 314.0 658.0 
2 7 1.82 1.82 529.0 59.0 529.0 881.0 168.0 881.0 918.0 65.0 918.0 951.0 574.0 951.0 66.0 23.0 66.0 658.0 314.0 658.0 665.0 17.0 665.0 
2 8 1.99 1.99 529.0 59.0 529.0 881.0 168.0 881.0 918.0 65.0 918.0 951.0 574.0 951.0 66.0 23.0 66.0 658.0 314.0 658.0 665.0 17.0 665.0 164.0 27.0 164.0 
2 3 1.85 1.85 287.0 198.0 287.0 285.0 279.0 285.0 222.0 41.0 222.0 
2 3 0.74 0.74 345.0 31.0 345.0 194.0 60.0 194.0 398.0 139.0 398.0 
2 4 1.69 1.69 345.0 31.0 345.0 194.0 60.0 194.0 398.0 139.0 398.0 252.0 238.0 252.0 
2 3 1.12 1.12 390.0 107.0 390.0 266.0 4.0 266.0 110.0 92.0 110.0 
2 4 1.82 1.82 390.0 107.0 390.0 266.0 4.0 266.0 110.0 92.0 110.0 418.0 294.0 418.0 
2 5 1.87 1.87 390.0 107.0 390.0 266.0 4.0 266.0 110.0 92.0 110.0 418.0 294.0 418.0 706.0 35.0 706.0 
2 3 0.79 0.79 570.0 185.0 570.0 494.0 101.0 494.0 379.0 102.0 379.0 
2 4 0.88 0.88 570.0 185.0 570.0 494.0 101.0 494.0 379.0 102.0 379.0 426.0 39.0 426.0 
2 5 1.33 1.33 570.0 185.0 570.0 494.0 101.0 494.0 379.0 102.0 379.0 426.0 39.0 426.0 409.0 184.0 409.0 
2 6 1.57 1.57 570.0 185.0 570.0 494.0 101.0 494.0 379.0 102.0 379.0 426.0 39.0 426.0 409.0 184.0 409.0 323.0 75.0 323.0 
2 7 1.82 1.82 570.0 185.0 570.0 494.0 101.0 494.0 379.0 102.0 379.0 426.0 39.0 426.0 409.0 184.0 409.0 323.0 75.0 323.0 410.0 103.0 410.0 
2 3 1.45 1.45 868.0 852.0 868.0 448.0 137.0 448.0 786.0 130.0 786.0 
2 4 1.45 1.45 868.0 852.0 868.0 448.0 137.0 448.0 786.0 130.0 786.0 962.0 1.0 962.0 
2 5 1.55 1.55 868.0 852.0 868.0 448.0 137.0 448.0 786.0 130.0 786.0 962.0 1.0 962.0 519.0 54.0 519.0 
2 6 1.72 1.72 868.0 852.0 868.0 448.0 137.0 448.0 786.0 130.0 786.0 962.0 1.0 962.0 519.0 54.0 519.0 343.0 58.0 343.0 
2 3 1.01 1.01 431.0 116.0 431.0 930.0 247.0 930.0 201.0 97.0 201.0 
2 4 1.72 1.72 431.0 116.0 431.0 930.0 247.0 930.0 201.0 97.0 201.0 65.0 46.0 65.0 
2 5 1.74 1.74 431.0 116.0 431.0 930.0 247.0 930.0 201.0 97.0 201.0 65.0 46.0 65.0 452.0 11.0 452.0 
2 6 1.78 1.78 431.0 116.0 431.0 930.0 247.0 930.0 201.0 97.0 201.0 65.0 46.0 65.0 452.0 11.0 452.0 255.0 9.0 255.0 
2 3 1.42 1.42 46.0 6.0 46.0 996.0 794.0 996.0 648.0 320.0 648.0 
2 3 1.74 1.74 377.0 33.0 377.0 707.0 523.0 707.0 716.0 660.0 716.0 
2 4 1.85 1.85 377.0 33.0 377.0 707.0 523.0 707.0 716.0 660.0 716.0 850.0 87.0 850.0 
2 3 1.07 1.07 155.0 106.0 155.0 849.0 221.0 849.0 651.0 84.0 651.0 
2 4 1.64 1.64 155.0 106.0 155.0 849.0 221.0 849.0 651.0 84.0 651.0 887.0 507.0 887.0 
2 3 1.52 1.52 264.0 17.0 264.0 321.0 179.0 321.0 849.0 770.0 849.0 
2 4 1.69 1.69 264.0 17.0 264.0 321.0 179.0 321.0 849.0 770.0 849.0 351.0 60.0 351.0 
2 5 1.77 1.77 264.0 17.0 264.0 321.0 179.0 321.0 849.0 770.0 849.0 351.0 60.0 351.0 800.0 59.0 800.0 
2 3 1.42 1.42 521.0 63.0 521.0 209.0 186.0 209.0 644.0 265.0 644.0 
2 4 1.95 1.95 521.0 63.0 521.0 209.0 186.0 209.0 644.0 265.0 644.0 298.0 160.0 298.0 
2 3 1.33 1.33 383.0 235.0 383.0 106.0 56.0 106.0 41.0 8.0 41.0 
2 4 1.58 1.58 383.0 235.0 383.0 106.0 56.0 106.0 41.0 8.0 41.0 181.0 44.0 181.0 
2 5 1.79 1.79 383.0 235.0 383.0 106.0 56.0 106.0 41.0 8.0 41.0 181.0 44.0 181.0 719.0 154.0 719.0 
2 3 1.27 1.27 839.0 558.0 839.0 450.0 213.0 450.0 624.0 85.0 624.0 
2 3 0.83 0.83 962.0 208.0 962.0 764.0 261.0 764.0 626.0 171.0 626.0 
2 4 1.63 1.63 962.0 208.0 962.0 764.0 261.0 764.0 626.0 171.0 626.0 597.0 480.0 597.0 
2 3 1.36 1.36 358.0 199.0 358.0 673.0 45.0 673.0 887.0 655.0 887.0 
2 4 1.4 1.4 358.0 199.0 358.0 673.0 45.0 673.0 887.0 655.0 887.0 89.0 4.0 89.0 
2 3 1.84 1.84 784.0 408.0 784.0 938.0 448.0 938.0 952.0 809.0 952.0 
2 3 0.62 0.62 450.0 88.0 450.0 203.0 46.0 203.0 806.0 167.0 806.0 
2 4 1.06 1.06 450.0 88.0 450.0 203.0 46.0 203.0 806.0 167.0 806.0 138.0 60.0 138.0 
2 5 1.45 1.45 450.0 88.0 450.0 203.0 46.0 203.0 806.0 167.0 806.0 138.0 60.0 138.0 288.0 113.0 288.0 
2 3 1.28 1.28 925.0 115.0 925.0 933.0 377.0 933.0 467.0 354.0 467.0 
2 4 1.86 1.86 925.0 115.0 925.0 933.0 377.0 933.0 467.0 354.0 467.0 767.0 440.0 767.0 
2 3 1.3 1.3 372.0 311.0 372.0 41.0 11.0 41.0 791.0 159.0 791.0 
2 4 1.9 1.9 372.0 311.0 372.0 41.0 11.0 41.0 791.0 159.0 791.0 5.0 3.0 5.0 
2 3 0.92 0.92 258.0 136.0 258.0 69.0 15.0 69.0 267.0 49.0 267.0 
2 4 1.3 1.3 258.0 136.0 258.0 69.0 15.0 69.0 267.0 49.0 267.0 799.0 305.0 799.0 
2 3 1.21 1.21 14.0 9.0 14.0 710.0 155.0 710.0 494.0 173.0 494.0 
2 4 1.65 1.65 14.0 9.0 14.0 710.0 155.0 710.0 494.0 173.0 494.0 391.0 172.0 391.0 
2 5 1.92 1.92 14.0 9.0 14.0 710.0 155.0 710.0 494.0 173.0 494.0 391.0 172.0 391.0 212.0 57.0 212.0 
2 3 1.03 1.03 425.0 97.0 425.0 125.0 38.0 125.0 30.0 15.0 30.0 
2 4 1.07 1.07 425.0 97.0 425.0 125.0 38.0 125.0 30.0 15.0 30.0 651.0 28.0 651.0 
2 5 1.76 1.76 425.0 97.0 425.0 125.0 38.0 125.0 30.0 15.0 30.0 651.0 28.0 651.0 959.0 661.0 959.0 
2 3 1.11 1.11 611.0 241.0 611.0 972.0 399.0 972.0 306.0 94.0 306.0 
2 4 1.44 1.44 611.0 241.0 611.0 972.0 399.0 972.0 306.0 94.0 306.0 6.0 2.0 6.0 
2 3 1.22 1.22 290.0 78.0 290.0 933.0 796.0 933.0 286.0 28.0 286.0 
2 4 1.97 1.97 290.0 78.0 290.0 933.0 796.0 933.0 286.0 28.0 286.0 380.0 287.0 380.0 
2 3 0.34 0.34 345.0 20.0 345.0 60.0 5.0 60.0 949.0 193.0 949.0 
2 4 0.78 0.78 345.0 20.0 345.0 60.0 5.0 60.0 949.0 193.0 949.0 636.0 277.0 636.0 
2 5 1.18 1.18 345.0 20.0 345.0 60.0 5.0 60.0 949.0 193.0 949.0 636.0 277.0 636.0 551.0 225.0 551.0 
2 6 1.43 1.43 345.0 20.0 345.0 60.0 5.0 60.0 949.0 193.0 949.0 636.0 277.0 636.0 551.0 225.0 551.0 193.0 48.0 193.0 
2 7 1.91 1.91 345.0 20.0 345.0 60.0 5.0 60.0 949.0 193.0 949.0 636.0 277.0 636.0 551.0 225.0 551.0 193.0 48.0 193.0 648.0 312.0 648.0 
2 3 1.4 1.4 865.0 774.0 865.0 795.0 174.0 795.0 911.0 268.0 911.0 
2 4 1.73 1.73 865.0 774.0 865.0 795.0 174.0 795.0 911.0 268.0 911.0 735.0 242.0 735.0 
2 3 1.71 1.71 902.0 403.0 902.0 42.0 38.0 42.0 537.0 197.0 537.0 
2 4 1.92 1.92 902.0 403.0 902.0 42.0 38.0 42.0 537.0 197.0 537.0 113.0 23.0 113.0 
2 3 1.06 1.06 127.0 42.0 127.0 310.0 144.0 310.0 606.0 163.0 606.0 
2 4 1.22 1.22 127.0 42.0 127.0 310.0 144.0 310.0 606.0 163.0 606.0 379.0 61.0 379.0 
2 5 1.76 1.76 127.0 42.0 127.0 310.0 144.0 310.0 606.0 163.0 606.0 379.0 61.0 379.0 430.0 231.0 430.0 
2 3 1.47 1.47 345.0 301.0 345.0 645.0 55.0 645.0 994.0 518.0 994.0 
2 4 1.69 1.69 345.0 301.0 345.0 645.0 55.0 645.0 994.0 518.0 994.0 812.0 179.0 812.0 
2 5 1.95 1.95 345.0 301.0 345.0 645.0 55.0 645.0 994.0 518.0 994.0 812.0 179.0 812.0 955.0 244.0 955.0 
2 3 1.0 1.0 632.0 253.0 632.0 69.0 23.0 69.0 73.0 20.0 73.0 
2 4 1.73 1.73 632.0 253.0 632.0 69.0 23.0 69.0 73.0 20.0 73.0 211.0 154.0 211.0 
2 3 1.28 1.28 829.0 125.0 829.0 823.0 288.0 823.0 478.0 375.0 478.0 
2 4 1.92 1.92 829.0 125.0 829.0 823.0 288.0 823.0 478.0 375.0 478.0 869.0 556.0 869.0 
2 3 1.12 1.12 666.0 57.0 666.0 997.0 658.0 997.0 406.0 153.0 406.0 
2 3 0.96 0.96 259.0 93.0 259.0 366.0 181.0 366.0 169.0 19.0 169.0 
2 4 1.9 1.9 259.0 93.0 259.0 366.0 181.0 366.0 169.0 19.0 169.0 465.0 436.0 465.0 
2 3 0.79 0.79 963.0 15.0 963.0 635.0 181.0 635.0 712.0 350.0 712.0 
2 4 1.72 1.72 963.0 15.0 963.0 635.0 181.0 635.0 712.0 350.0 712.0 514.0 480.0 514.0 
2 3 1.11 1.11 324.0 18.0 324.0 812.0 260.0 812.0 740.0 545.0 740.0 
2 4 1.29 1.29 324.0 18.0 324.0 812.0 260.0 812.0 740.0 545.0 740.0 232.0 42.0 232.0 
2 5 1.71 1.71 324.0 18.0 324.0 812.0 260.0 812.0 740.0 545.0 740.0 232.0 42.0 232.0 837.0 350.0 837.0 
2 3 1.23 1.23 177.0 28.0 177.0 551.0 395.0 551.0 466.0 170.0 466.0 
2 3 1.39 1.39 271.0 108.0 271.0 529.0 262.0 529.0 467.0 232.0 467.0 
2 3 1.59 1.59 468.0 215.0 468.0 404.0 158.0 404.0 1000.0 746.0 1000.0 
2 4 1.91 1.91 468.0 215.0 468.0 404.0 158.0 404.0 1000.0 746.0 1000.0 169.0 54.0 169.0 
2 3 0.8 0.8 318.0 105.0 318.0 121.0 32.0 121.0 242.0 51.0 242.0 
2 4 0.95 0.95 318.0 105.0 318.0 121.0 32.0 121.0 242.0 51.0 242.0 935.0 136.0 935.0 
2 5 0.97 0.97 318.0 105.0 318.0 121.0 32.0 121.0 242.0 51.0 242.0 935.0 136.0 935.0 439.0 10.0 439.0 
2 6 1.84 1.84 318.0 105.0 318.0 121.0 32.0 121.0 242.0 51.0 242.0 935.0 136.0 935.0 439.0 10.0 439.0 628.0 547.0 628.0 
2 3 1.54 1.54 935.0 758.0 935.0 411.0 271.0 411.0 14.0 1.0 14.0 
2 4 1.83 1.83 935.0 758.0 935.0 411.0 271.0 411.0 14.0 1.0 14.0 115.0 34.0 115.0 
2 3 1.11 1.11 884.0 158.0 884.0 789.0 193.0 789.0 526.0 363.0 526.0 
2 4 1.57 1.57 884.0 158.0 884.0 789.0 193.0 789.0 526.0 363.0 526.0 81.0 37.0 81.0 
2 5 1.93 1.93 884.0 158.0 884.0 789.0 193.0 789.0 526.0 363.0 526.0 81.0 37.0 81.0 981.0 360.0 981.0 
2 3 1.56 1.56 595.0 233.0 595.0 306.0 213.0 306.0 19.0 9.0 19.0 
2 4 1.93 1.93 595.0 233.0 595.0 306.0 213.0 306.0 19.0 9.0 19.0 253.0 95.0 253.0 
2 3 0.83 0.83 581.0 203.0 581.0 957.0 356.0 957.0 331.0 38.0 331.0 
2 4 0.95 0.95 581.0 203.0 581.0 957.0 356.0 957.0 331.0 38.0 331.0 482.0 55.0 482.0 
2 5 1.31 1.31 581.0 203.0 581.0 957.0 356.0 957.0 331.0 38.0 331.0 482.0 55.0 482.0 359.0 130.0 359.0 
2 6 1.54 1.54 581.0 203.0 581.0 957.0 356.0 957.0 331.0 38.0 331.0 482.0 55.0 482.0 359.0 130.0 359.0 728.0 170.0 728.0 
2 3 1.11 1.11 700.0 194.0 700.0 981.0 628.0 981.0 93.0 18.0 93.0 
2 4 1.51 1.51 700.0 194.0 700.0 981.0 628.0 981.0 93.0 18.0 93.0 319.0 128.0 319.0 
2 3 1.43 1.43 611.0 69.0 611.0 116.0 55.0 116.0 334.0 283.0 334.0 
2 3 0.73 0.73 348.0 8.0 348.0 466.0 70.0 466.0 406.0 227.0 406.0 
2 4 1.42 1.42 348.0 8.0 348.0 466.0 70.0 466.0 406.0 227.0 406.0 331.0 229.0 331.0 
2 5 1.44 1.44 348.0 8.0 348.0 466.0 70.0 466.0 406.0 227.0 406.0 331.0 229.0 331.0 363.0 8.0 363.0 
2 6 1.53 1.53 348.0 8.0 348.0 466.0 70.0 466.0 406.0 227.0 406.0 331.0 229.0 331.0 363.0 8.0 363.0 809.0 72.0 809.0 
2 3 1.39 1.39 535.0 309.0 535.0 618.0 44.0 618.0 435.0 323.0 435.0 
2 4 1.63 1.63 535.0 309.0 535.0 618.0 44.0 618.0 435.0 323.0 435.0 129.0 32.0 129.0 
2 3 1.18 1.18 571.0 276.0 571.0 850.0 445.0 850.0 764.0 133.0 764.0 
2 4 1.22 1.22 571.0 276.0 571.0 850.0 445.0 850.0 764.0 133.0 764.0 753.0 33.0 753.0 
2 5 1.45 1.45 571.0 276.0 571.0 850.0 445.0 850.0 764.0 133.0 764.0 753.0 33.0 753.0 761.0 178.0 761.0 
2 3 1.75 1.75 472.0 328.0 472.0 473.0 447.0 473.0 378.0 42.0 378.0 
2 3 1.96 1.96 34.0 34.0 34.0 280.0 168.0 280.0 595.0 220.0 595.0 
2 3 1.0 1.0 192.0 62.0 192.0 163.0 66.0 163.0 456.0 127.0 456.0 
2 4 1.83 1.83 192.0 62.0 192.0 163.0 66.0 163.0 456.0 127.0 456.0 349.0 288.0 349.0 
2 5 1.85 1.85 192.0 62.0 192.0 163.0 66.0 163.0 456.0 127.0 456.0 349.0 288.0 349.0 42.0 1.0 42.0 
2 3 1.03 1.03 429.0 143.0 429.0 397.0 127.0 397.0 919.0 355.0 919.0 
2 4 1.18 1.18 429.0 143.0 429.0 397.0 127.0 397.0 919.0 355.0 919.0 522.0 78.0 522.0 
2 5 1.85 1.85 429.0 143.0 429.0 397.0 127.0 397.0 919.0 355.0 919.0 522.0 78.0 522.0 352.0 235.0 352.0 
2 3 1.46 1.46 700.0 273.0 700.0 590.0 374.0 590.0 118.0 52.0 118.0 
2 3 0.79 0.79 120.0 44.0 120.0 606.0 212.0 606.0 655.0 51.0 655.0 
2 4 1.13 1.13 120.0 44.0 120.0 606.0 212.0 606.0 655.0 51.0 655.0 909.0 311.0 909.0 
2 5 1.38 1.38 120.0 44.0 120.0 606.0 212.0 606.0 655.0 51.0 655.0 909.0 311.0 909.0 805.0 200.0 805.0 
2 6 1.58 1.58 120.0 44.0 120.0 606.0 212.0 606.0 655.0 51.0 655.0 909.0 311.0 909.0 805.0 200.0 805.0 695.0 140.0 695.0 
2 3 0.42 0.42 211.0 58.0 211.0 201.0 12.0 201.0 571.0 49.0 571.0 
2 4 1.12 1.12 211.0 58.0 211.0 201.0 12.0 201.0 571.0 49.0 571.0 60.0 42.0 60.0 
2 5 1.2 1.2 211.0 58.0 211.0 201.0 12.0 201.0 571.0 49.0 571.0 60.0 42.0 60.0 199.0 17.0 199.0 
2 6 1.6 1.6 211.0 58.0 211.0 201.0 12.0 201.0 571.0 49.0 571.0 60.0 42.0 60.0 199.0 17.0 199.0 235.0 93.0 235.0 
2 7 1.74 1.74 211.0 58.0 211.0 201.0 12.0 201.0 571.0 49.0 571.0 60.0 42.0 60.0 199.0 17.0 199.0 235.0 93.0 235.0 92.0 13.0 92.0 
2 3 0.73 0.73 380.0 82.0 380.0 983.0 146.0 983.0 690.0 253.0 690.0 
2 4 1.67 1.67 380.0 82.0 380.0 983.0 146.0 983.0 690.0 253.0 690.0 77.0 73.0 77.0 
2 3 1.03 1.03 342.0 223.0 342.0 572.0 13.0 572.0 487.0 175.0 487.0 
2 4 1.47 1.47 342.0 223.0 342.0 572.0 13.0 572.0 487.0 175.0 487.0 223.0 99.0 223.0 
2 5 1.92 1.92 342.0 223.0 342.0 572.0 13.0 572.0 487.0 175.0 487.0 223.0 99.0 223.0 352.0 159.0 352.0 
2 3 1.78 1.78 538.0 360.0 538.0 827.0 476.0 827.0 305.0 166.0 305.0 
2 3 1.08 1.08 719.0 29.0 719.0 706.0 32.0 706.0 5.0 5.0 5.0 
2 4 1.77 1.77 719.0 29.0 719.0 706.0 32.0 706.0 5.0 5.0 5.0 375.0 259.0 375.0 
2 3 1.04 1.04 666.0 36.0 666.0 139.0 100.0 139.0 994.0 274.0 994.0 
2 4 1.67 1.67 666.0 36.0 666.0 139.0 100.0 139.0 994.0 274.0 994.0 568.0 358.0 568.0 
2 3 1.63 1.63 315.0 94.0 315.0 203.0 142.0 203.0 919.0 585.0 919.0 
2 4 1.94 1.94 315.0 94.0 315.0 203.0 142.0 203.0 919.0 585.0 919.0 461.0 145.0 461.0 
2 3 1.97 1.97 655.0 575.0 655.0 399.0 395.0 399.0 512.0 55.0 512.0 
2 3 1.97 1.97 518.0 291.0 518.0 804.0 527.0 804.0 88.0 67.0 88.0 
2 3 1.49 1.49 174.0 38.0 174.0 820.0 261.0 820.0 27.0 26.0 27.0 
2 4 1.89 1.89 174.0 38.0 174.0 820.0 261.0 820.0 27.0 26.0 27.0 241.0 96.0 241.0 
2 3 1.64 1.64 531.0 79.0 531.0 239.0 161.0 239.0 986.0 811.0 986.0 
2 4 1.71 1.71 531.0 79.0 531.0 239.0 161.0 239.0 986.0 811.0 986.0 151.0 11.0 151.0 
2 3 1.08 1.08 690.0 290.0 690.0 638.0 240.0 638.0 21.0 6.0 21.0 
2 4 1.3 1.3 690.0 290.0 690.0 638.0 240.0 638.0 21.0 6.0 21.0 673.0 147.0 673.0 
2 5 1.75 1.75 690.0 290.0 690.0 638.0 240.0 638.0 21.0 6.0 21.0 673.0 147.0 673.0 924.0 423.0 924.0 
2 3 1.18 1.18 78.0 5.0 78.0 132.0 44.0 132.0 345.0 272.0 345.0 
2 4 1.99 1.99 78.0 5.0 78.0 132.0 44.0 132.0 345.0 272.0 345.0 43.0 35.0 43.0 
2 3 1.26 1.26 672.0 267.0 672.0 213.0 115.0 213.0 650.0 213.0 650.0 
2 4 1.28 1.28 672.0 267.0 672.0 213.0 115.0 213.0 650.0 213.0 650.0 360.0 8.0 360.0 
2 5 1.77 1.77 672.0 267.0 672.0 213.0 115.0 213.0 650.0 213.0 650.0 360.0 8.0 360.0 616.0 300.0 616.0 
2 3 1.01 1.01 415.0 225.0 415.0 148.0 22.0 148.0 291.0 94.0 291.0 
2 4 1.82 1.82 415.0 225.0 415.0 148.0 22.0 148.0 291.0 94.0 291.0 665.0 540.0 665.0 
2 5 1.85 1.85 415.0 225.0 415.0 148.0 22.0 148.0 291.0 94.0 291.0 665.0 540.0 665.0 555.0 15.0 555.0 
2 3 0.61 0.61 725.0 76.0 725.0 482.0 122.0 482.0 305.0 79.0 305.0 
2 4 0.73 0.73 725.0 76.0 725.0 482.0 122.0 482.0 305.0 79.0 305.0 989.0 118.0 989.0 
2 5 0.73 0.73 725.0 76.0 725.0 482.0 122.0 482.0 305.0 79.0 305.0 989.0 118.0 989.0 459.0 1.0 459.0 
2 6 1.03 1.03 725.0 76.0 725.0 482.0 122.0 482.0 305.0 79.0 305.0 989.0 118.0 989.0 459.0 1.0 459.0 293.0 87.0 293.0 
2 7 1.35 1.35 725.0 76.0 725.0 482.0 122.0 482.0 305.0 79.0 305.0 989.0 118.0 989.0 459.0 1.0 459.0 293.0 87.0 293.0 458.0 147.0 458.0 
2 8 1.37 1.37 725.0 76.0 725.0 482.0 122.0 482.0 305.0 79.0 305.0 989.0 118.0 989.0 459.0 1.0 459.0 293.0 87.0 293.0 458.0 147.0 458.0 71.0 1.0 71.0 
2 3 1.5 1.5 527.0 160.0 527.0 43.0 39.0 43.0 651.0 189.0 651.0 
2 4 1.92 1.92 527.0 160.0 527.0 43.0 39.0 43.0 651.0 189.0 651.0 50.0 21.0 50.0 
2 3 1.31 1.31 678.0 551.0 678.0 636.0 200.0 636.0 48.0 9.0 48.0 
2 4 1.6 1.6 678.0 551.0 678.0 636.0 200.0 636.0 48.0 9.0 48.0 357.0 104.0 357.0 
2 3 1.22 1.22 643.0 309.0 643.0 464.0 25.0 464.0 588.0 404.0 588.0 
2 4 1.62 1.62 643.0 309.0 643.0 464.0 25.0 464.0 588.0 404.0 588.0 591.0 238.0 591.0 
2 5 1.67 1.67 643.0 309.0 643.0 464.0 25.0 464.0 588.0 404.0 588.0 591.0 238.0 591.0 152.0 7.0 152.0 
2 3 0.55 0.55 252.0 19.0 252.0 363.0 58.0 363.0 558.0 178.0 558.0 
2 4 0.66 0.66 252.0 19.0 252.0 363.0 58.0 363.0 558.0 178.0 558.0 310.0 35.0 310.0 
2 5 0.95 0.95 252.0 19.0 252.0 363.0 58.0 363.0 558.0 178.0 558.0 310.0 35.0 310.0 792.0 227.0 792.0 
2 6 0.98 0.98 252.0 19.0 252.0 363.0 58.0 363.0 558.0 178.0 558.0 310.0 35.0 310.0 792.0 227.0 792.0 617.0 17.0 617.0 
2 7 1.28 1.28 252.0 19.0 252.0 363.0 58.0 363.0 558.0 178.0 558.0 310.0 35.0 310.0 792.0 227.0 792.0 617.0 17.0 617.0 941.0 286.0 941.0 
2 8 1.96 1.96 252.0 19.0 252.0 363.0 58.0 363.0 558.0 178.0 558.0 310.0 35.0 310.0 792.0 227.0 792.0 617.0 17.0 617.0 941.0 286.0 941.0 870.0 591.0 870.0 
2 3 0.82 0.82 740.0 69.0 740.0 743.0 160.0 743.0 720.0 369.0 720.0 
2 4 1.43 1.43 740.0 69.0 740.0 743.0 160.0 743.0 720.0 369.0 720.0 448.0 277.0 448.0 
2 5 1.52 1.52 740.0 69.0 740.0 743.0 160.0 743.0 720.0 369.0 720.0 448.0 277.0 448.0 334.0 27.0 334.0 
2 3 0.88 0.88 939.0 79.0 939.0 193.0 139.0 193.0 612.0 51.0 612.0 
2 4 1.75 1.75 939.0 79.0 939.0 193.0 139.0 193.0 612.0 51.0 612.0 973.0 847.0 973.0 
2 3 1.27 1.27 397.0 367.0 397.0 91.0 4.0 91.0 631.0 193.0 631.0 
2 4 1.86 1.86 397.0 367.0 397.0 91.0 4.0 91.0 631.0 193.0 631.0 274.0 163.0 274.0 
2 5 1.99 1.99 397.0 367.0 397.0 91.0 4.0 91.0 631.0 193.0 631.0 274.0 163.0 274.0 563.0 70.0 563.0 
2 3 1.37 1.37 965.0 237.0 965.0 748.0 552.0 748.0 745.0 295.0 745.0 
2 4 1.6 1.6 965.0 237.0 965.0 748.0 552.0 748.0 745.0 295.0 745.0 523.0 118.0 523.0 
2 3 1.13 1.13 863.0 4.0 863.0 647.0 187.0 647.0 26.0 22.0 26.0 
2 4 1.63 1.63 863.0 4.0 863.0 647.0 187.0 647.0 26.0 22.0 26.0 4.0 2.0 4.0 
2 5 1.75 1.75 863.0 4.0 863.0 647.0 187.0 647.0 26.0 22.0 26.0 4.0 2.0 4.0 462.0 52.0 462.0 
2 3 1.19 1.19 395.0 383.0 395.0 546.0 79.0 546.0 196.0 15.0 196.0 
2 4 1.61 1.61 395.0 383.0 395.0 546.0 79.0 546.0 196.0 15.0 196.0 497.0 210.0 497.0 
2 5 1.88 1.88 395.0 383.0 395.0 546.0 79.0 546.0 196.0 15.0 196.0 497.0 210.0 497.0 566.0 151.0 566.0 
2 3 1.41 1.41 531.0 140.0 531.0 623.0 226.0 623.0 529.0 419.0 529.0 
2 4 1.54 1.54 531.0 140.0 531.0 623.0 226.0 623.0 529.0 419.0 529.0 32.0 4.0 32.0 
2 5 1.73 1.73 531.0 140.0 531.0 623.0 226.0 623.0 529.0 419.0 529.0 32.0 4.0 32.0 563.0 107.0 563.0 
2 6 1.74 1.74 531.0 140.0 531.0 623.0 226.0 623.0 529.0 419.0 529.0 32.0 4.0 32.0 563.0 107.0 563.0 584.0 6.0 584.0 
2 7 1.88 1.88 531.0 140.0 531.0 623.0 226.0 623.0 529.0 419.0 529.0 32.0 4.0 32.0 563.0 107.0 563.0 584.0 6.0 584.0 679.0 96.0 679.0 
2 3 0.47 0.47 527.0 78.0 527.0 127.0 7.0 127.0 531.0 142.0 531.0 
2 4 1.34 1.34 527.0 78.0 527.0 127.0 7.0 127.0 531.0 142.0 531.0 391.0 341.0 391.0 
2 5 1.64 1.64 527.0 78.0 527.0 127.0 7.0 127.0 531.0 142.0 531.0 391.0 341.0 391.0 214.0 65.0 214.0 
2 6 1.69 1.69 527.0 78.0 527.0 127.0 7.0 127.0 531.0 142.0 531.0 391.0 341.0 391.0 214.0 65.0 214.0 134.0 6.0 134.0 
2 3 0.33 0.33 692.0 114.0 692.0 982.0 28.0 982.0 212.0 31.0 212.0 
2 4 0.41 0.41 692.0 114.0 692.0 982.0 28.0 982.0 212.0 31.0 212.0 28.0 2.0 28.0 
2 5 1.27 1.27 692.0 114.0 692.0 982.0 28.0 982.0 212.0 31.0 212.0 28.0 2.0 28.0 53.0 46.0 53.0 
2 6 1.57 1.57 692.0 114.0 692.0 982.0 28.0 982.0 212.0 31.0 212.0 28.0 2.0 28.0 53.0 46.0 53.0 837.0 246.0 837.0 
2 3 1.09 1.09 533.0 178.0 533.0 771.0 509.0 771.0 655.0 63.0 655.0 
2 4 1.45 1.45 533.0 178.0 533.0 771.0 509.0 771.0 655.0 63.0 655.0 532.0 194.0 532.0 
2 5 1.92 1.92 533.0 178.0 533.0 771.0 509.0 771.0 655.0 63.0 655.0 532.0 194.0 532.0 998.0 470.0 998.0 
2 3 1.55 1.55 212.0 168.0 212.0 845.0 357.0 845.0 955.0 324.0 955.0 
2 3 0.42 0.42 573.0 68.0 573.0 946.0 90.0 946.0 956.0 198.0 956.0 
2 4 0.88 0.88 573.0 68.0 573.0 946.0 90.0 946.0 956.0 198.0 956.0 352.0 165.0 352.0 
2 5 1.51 1.51 573.0 68.0 573.0 946.0 90.0 946.0 956.0 198.0 956.0 352.0 165.0 352.0 712.0 445.0 712.0 
2 3 1.59 1.59 753.0 350.0 753.0 67.0 36.0 67.0 533.0 318.0 533.0 
2 4 1.97 1.97 753.0 350.0 753.0 67.0 36.0 67.0 533.0 318.0 533.0 992.0 374.0 992.0 
2 3 0.24 0.24 855.0 34.0 855.0 60.0 10.0 60.0 895.0 36.0 895.0 
2 4 0.36 0.36 855.0 34.0 855.0 60.0 10.0 60.0 895.0 36.0 895.0 832.0 96.0 832.0 
2 5 0.71 0.71 855.0 34.0 855.0 60.0 10.0 60.0 895.0 36.0 895.0 832.0 96.0 832.0 451.0 158.0 451.0 
2 6 0.96 0.96 855.0 34.0 855.0 60.0 10.0 60.0 895.0 36.0 895.0 832.0 96.0 832.0 451.0 158.0 451.0 68.0 17.0 68.0 
2 7 1.25 1.25 855.0 34.0 855.0 60.0 10.0 60.0 895.0 36.0 895.0 832.0 96.0 832.0 451.0 158.0 451.0 68.0 17.0 68.0 283.0 84.0 283.0 
2 8 1.6 1.6 855.0 34.0 855.0 60.0 10.0 60.0 895.0 36.0 895.0 832.0 96.0 832.0 451.0 158.0 451.0 68.0 17.0 68.0 283.0 84.0 283.0 949.0 330.0 949.0 
2 3 0.7 0.7 932.0 351.0 932.0 883.0 19.0 883.0 364.0 111.0 364.0 
2 4 1.52 1.52 932.0 351.0 932.0 883.0 19.0 883.0 364.0 111.0 364.0 470.0 387.0 470.0 
2 3 1.46 1.46 970.0 859.0 970.0 817.0 215.0 817.0 693.0 216.0 693.0 
2 4 1.72 1.72 970.0 859.0 970.0 817.0 215.0 817.0 693.0 216.0 693.0 49.0 13.0 49.0 
2 3 1.89 1.89 825.0 735.0 825.0 829.0 55.0 829.0 241.0 225.0 241.0 
2 3 0.8 0.8 704.0 301.0 704.0 554.0 184.0 554.0 621.0 28.0 621.0 
2 4 1.01 1.01 704.0 301.0 704.0 554.0 184.0 554.0 621.0 28.0 621.0 111.0 23.0 111.0 
2 5 1.51 1.51 704.0 301.0 704.0 554.0 184.0 554.0 621.0 28.0 621.0 111.0 23.0 111.0 18.0 9.0 18.0 
2 6 1.78 1.78 704.0 301.0 704.0 554.0 184.0 554.0 621.0 28.0 621.0 111.0 23.0 111.0 18.0 9.0 18.0 270.0 75.0 270.0 
2 3 1.39 1.39 114.0 87.0 114.0 513.0 136.0 513.0 145.0 53.0 145.0 
2 3 1.02 1.02 402.0 126.0 402.0 982.0 692.0 982.0 997.0 6.0 997.0 
2 4 1.88 1.88 402.0 126.0 402.0 982.0 692.0 982.0 997.0 6.0 997.0 502.0 433.0 502.0 
2 3 0.88 0.88 113.0 22.0 113.0 366.0 154.0 366.0 986.0 264.0 986.0 
2 4 1.21 1.21 113.0 22.0 113.0 366.0 154.0 366.0 986.0 264.0 986.0 650.0 217.0 650.0 
2 5 1.59 1.59 113.0 22.0 113.0 366.0 154.0 366.0 986.0 264.0 986.0 650.0 217.0 650.0 66.0 25.0 66.0 
2 6 1.73 1.73 113.0 22.0 113.0 366.0 154.0 366.0 986.0 264.0 986.0 650.0 217.0 650.0 66.0 25.0 66.0 640.0 91.0 640.0 
2 3 0.63 0.63 247.0 64.0 247.0 463.0 18.0 463.0 791.0 268.0 791.0 
2 4 0.68 0.68 247.0 64.0 247.0 463.0 18.0 463.0 791.0 268.0 791.0 679.0 33.0 679.0 
2 5 0.93 0.93 247.0 64.0 247.0 463.0 18.0 463.0 791.0 268.0 791.0 679.0 33.0 679.0 790.0 201.0 790.0 
2 6 1.21 1.21 247.0 64.0 247.0 463.0 18.0 463.0 791.0 268.0 791.0 679.0 33.0 679.0 790.0 201.0 790.0 370.0 101.0 370.0 
2 3 1.03 1.03 915.0 482.0 915.0 550.0 135.0 550.0 303.0 80.0 303.0 
2 4 1.22 1.22 915.0 482.0 915.0 550.0 135.0 550.0 303.0 80.0 303.0 391.0 74.0 391.0 
2 5 1.66 1.66 915.0 482.0 915.0 550.0 135.0 550.0 303.0 80.0 303.0 391.0 74.0 391.0 410.0 180.0 410.0 
2 3 1.51 1.51 726.0 266.0 726.0 351.0 239.0 351.0 825.0 385.0 825.0 
2 3 1.73 1.73 966.0 637.0 966.0 530.0 303.0 530.0 870.0 435.0 870.0 
2 3 1.43 1.43 85.0 40.0 85.0 194.0 186.0 194.0 374.0 3.0 374.0 
2 4 1.78 1.78 85.0 40.0 85.0 194.0 186.0 194.0 374.0 3.0 374.0 344.0 118.0 344.0 
2 3 1.13 1.13 230.0 54.0 230.0 158.0 133.0 158.0 271.0 17.0 271.0 
2 4 1.39 1.39 230.0 54.0 230.0 158.0 133.0 158.0 271.0 17.0 271.0 810.0 211.0 810.0 
2 5 1.66 1.66 230.0 54.0 230.0 158.0 133.0 158.0 271.0 17.0 271.0 810.0 211.0 810.0 98.0 26.0 98.0 
2 6 1.75 1.75 230.0 54.0 230.0 158.0 133.0 158.0 271.0 17.0 271.0 810.0 211.0 810.0 98.0 26.0 98.0 970.0 90.0 970.0 
2 3 0.97 0.97 335.0 274.0 335.0 439.0 19.0 439.0 793.0 89.0 793.0 
2 4 1.36 1.36 335.0 274.0 335.0 439.0 19.0 439.0 793.0 89.0 793.0 682.0 270.0 682.0 
2 5 1.48 1.48 335.0 274.0 335.0 439.0 19.0 439.0 793.0 89.0 793.0 682.0 270.0 682.0 273.0 32.0 273.0 
2 3 1.3 1.3 335.0 141.0 335.0 307.0 150.0 307.0 398.0 158.0 398.0 
2 4 1.37 1.37 335.0 141.0 335.0 307.0 150.0 307.0 398.0 158.0 398.0 292.0 21.0 292.0 
2 5 1.47 1.47 335.0 141.0 335.0 307.0 150.0 307.0 398.0 158.0 398.0 292.0 21.0 292.0 30.0 3.0 30.0 
2 6 1.8 1.8 335.0 141.0 335.0 307.0 150.0 307.0 398.0 158.0 398.0 292.0 21.0 292.0 30.0 3.0 30.0 336.0 109.0 336.0 
2 3 1.01 1.01 913.0 202.0 913.0 477.0 82.0 477.0 293.0 183.0 293.0 
2 4 1.4 1.4 913.0 202.0 913.0 477.0 82.0 477.0 293.0 183.0 293.0 679.0 262.0 679.0 
2 5 1.52 1.52 913.0 202.0 913.0 477.0 82.0 477.0 293.0 183.0 293.0 679.0 262.0 679.0 893.0 108.0 893.0 
2 6 1.68 1.68 913.0 202.0 913.0 477.0 82.0 477.0 293.0 183.0 293.0 679.0 262.0 679.0 893.0 108.0 893.0 446.0 72.0 446.0 
2 3 1.34 1.34 177.0 3.0 177.0 327.0 280.0 327.0 302.0 141.0 302.0 
2 4 1.69 1.69 177.0 3.0 177.0 327.0 280.0 327.0 302.0 141.0 302.0 182.0 65.0 182.0 
2 3 0.58 0.58 41.0 8.0 41.0 648.0 148.0 648.0 140.0 22.0 140.0 
2 4 1.06 1.06 41.0 8.0 41.0 648.0 148.0 648.0 140.0 22.0 140.0 556.0 271.0 556.0 
2 5 1.25 1.25 41.0 8.0 41.0 648.0 148.0 648.0 140.0 22.0 140.0 556.0 271.0 556.0 68.0 13.0 68.0 
2 6 1.95 1.95 41.0 8.0 41.0 648.0 148.0 648.0 140.0 22.0 140.0 556.0 271.0 556.0 68.0 13.0 68.0 359.0 251.0 359.0 
2 3 0.97 0.97 621.0 156.0 621.0 572.0 40.0 572.0 998.0 655.0 998.0 
2 4 1.96 1.96 621.0 156.0 621.0 572.0 40.0 572.0 998.0 655.0 998.0 360.0 356.0 360.0 
2 3 1.0 1.0 164.0 79.0 164.0 125.0 14.0 125.0 541.0 224.0 541.0 
2 4 1.63 1.63 164.0 79.0 164.0 125.0 14.0 125.0 541.0 224.0 541.0 121.0 76.0 121.0 
2 5 1.95 1.95 164.0 79.0 164.0 125.0 14.0 125.0 541.0 224.0 541.0 121.0 76.0 121.0 336.0 107.0 336.0 
2 3 1.08 1.08 244.0 94.0 244.0 63.0 7.0 63.0 634.0 372.0 634.0 
2 4 1.37 1.37 244.0 94.0 244.0 63.0 7.0 63.0 634.0 372.0 634.0 677.0 200.0 677.0 
2 5 1.63 1.63 244.0 94.0 244.0 63.0 7.0 63.0 634.0 372.0 634.0 677.0 200.0 677.0 494.0 129.0 494.0 
2 3 1.39 1.39 144.0 44.0 144.0 573.0 182.0 573.0 577.0 446.0 577.0 
2 4 1.81 1.81 144.0 44.0 144.0 573.0 182.0 573.0 577.0 446.0 577.0 461.0 194.0 461.0 
2 3 0.51 0.51 748.0 9.0 748.0 7.0 1.0 7.0 790.0 284.0 790.0 
2 4 0.59 0.59 748.0 9.0 748.0 7.0 1.0 7.0 790.0 284.0 790.0 368.0 30.0 368.0 
2 5 0.82 0.82 748.0 9.0 748.0 7.0 1.0 7.0 790.0 284.0 790.0 368.0 30.0 368.0 214.0 50.0 214.0 
2 6 1.01 1.01 748.0 9.0 748.0 7.0 1.0 7.0 790.0 284.0 790.0 368.0 30.0 368.0 214.0 50.0 214.0 425.0 80.0 425.0 
2 7 1.16 1.16 748.0 9.0 748.0 7.0 1.0 7.0 790.0 284.0 790.0 368.0 30.0 368.0 214.0 50.0 214.0 425.0 80.0 425.0 943.0 137.0 943.0 
2 8 1.58 1.58 748.0 9.0 748.0 7.0 1.0 7.0 790.0 284.0 790.0 368.0 30.0 368.0 214.0 50.0 214.0 425.0 80.0 425.0 943.0 137.0 943.0 267.0 113.0 267.0 
2 9 1.91 1.91 748.0 9.0 748.0 7.0 1.0 7.0 790.0 284.0 790.0 368.0 30.0 368.0 214.0 50.0 214.0 425.0 80.0 425.0 943.0 137.0 943.0 267.0 113.0 267.0 534.0 175.0 534.0 
2 10 1.94 1.94 748.0 9.0 748.0 7.0 1.0 7.0 790.0 284.0 790.0 368.0 30.0 368.0 214.0 50.0 214.0 425.0 80.0 425.0 943.0 137.0 943.0 267.0 113.0 267.0 534.0 175.0 534.0 453.0 15.0 453.0 
2 3 0.59 0.59 495.0 135.0 495.0 203.0 45.0 203.0 200.0 20.0 200.0 
2 4 0.84 0.84 495.0 135.0 495.0 203.0 45.0 203.0 200.0 20.0 200.0 91.0 23.0 91.0 
2 5 0.99 0.99 495.0 135.0 495.0 203.0 45.0 203.0 200.0 20.0 200.0 91.0 23.0 91.0 557.0 82.0 557.0 
2 6 1.14 1.14 495.0 135.0 495.0 203.0 45.0 203.0 200.0 20.0 200.0 91.0 23.0 91.0 557.0 82.0 557.0 659.0 99.0 659.0 
2 7 1.96 1.96 495.0 135.0 495.0 203.0 45.0 203.0 200.0 20.0 200.0 91.0 23.0 91.0 557.0 82.0 557.0 659.0 99.0 659.0 137.0 112.0 137.0 
2 3 0.9 0.9 21.0 12.0 21.0 50.0 12.0 50.0 791.0 76.0 791.0 
2 4 0.93 0.93 21.0 12.0 21.0 50.0 12.0 50.0 791.0 76.0 791.0 476.0 12.0 476.0 
2 5 1.03 1.03 21.0 12.0 21.0 50.0 12.0 50.0 791.0 76.0 791.0 476.0 12.0 476.0 246.0 24.0 246.0 
2 6 1.31 1.31 21.0 12.0 21.0 50.0 12.0 50.0 791.0 76.0 791.0 476.0 12.0 476.0 246.0 24.0 246.0 84.0 24.0 84.0 
2 7 1.34 1.34 21.0 12.0 21.0 50.0 12.0 50.0 791.0 76.0 791.0 476.0 12.0 476.0 246.0 24.0 246.0 84.0 24.0 84.0 502.0 15.0 502.0 
2 8 1.57 1.57 21.0 12.0 21.0 50.0 12.0 50.0 791.0 76.0 791.0 476.0 12.0 476.0 246.0 24.0 246.0 84.0 24.0 84.0 502.0 15.0 502.0 461.0 105.0 461.0 
2 3 1.8 1.8 412.0 138.0 412.0 577.0 283.0 577.0 639.0 625.0 639.0 
2 4 1.87 1.87 412.0 138.0 412.0 577.0 283.0 577.0 639.0 625.0 639.0 749.0 53.0 749.0 
2 3 0.7 0.7 859.0 400.0 859.0 126.0 12.0 126.0 245.0 35.0 245.0 
2 4 1.62 1.62 859.0 400.0 859.0 126.0 12.0 126.0 245.0 35.0 245.0 919.0 845.0 919.0 
2 5 1.82 1.82 859.0 400.0 859.0 126.0 12.0 126.0 245.0 35.0 245.0 919.0 845.0 919.0 398.0 82.0 398.0 
2 3 1.52 1.52 874.0 37.0 874.0 726.0 521.0 726.0 426.0 327.0 426.0 
2 4 1.83 1.83 874.0 37.0 874.0 726.0 521.0 726.0 426.0 327.0 426.0 278.0 86.0 278.0 
2 3 0.58 0.58 969.0 56.0 969.0 215.0 17.0 215.0 711.0 319.0 711.0 
2 4 0.98 0.98 969.0 56.0 969.0 215.0 17.0 215.0 711.0 319.0 711.0 202.0 81.0 202.0 
2 5 1.1 1.1 969.0 56.0 969.0 215.0 17.0 215.0 711.0 319.0 711.0 202.0 81.0 202.0 644.0 75.0 644.0 
2 6 1.82 1.82 969.0 56.0 969.0 215.0 17.0 215.0 711.0 319.0 711.0 202.0 81.0 202.0 644.0 75.0 644.0 583.0 420.0 583.0 
2 3 1.65 1.65 552.0 229.0 552.0 645.0 637.0 645.0 851.0 218.0 851.0 
2 3 1.17 1.17 394.0 58.0 394.0 391.0 342.0 391.0 405.0 63.0 405.0 
2 4 1.51 1.51 394.0 58.0 394.0 391.0 342.0 391.0 405.0 63.0 405.0 940.0 322.0 940.0 
2 5 1.71 1.71 394.0 58.0 394.0 391.0 342.0 391.0 405.0 63.0 405.0 940.0 322.0 940.0 444.0 87.0 444.0 
2 3 0.97 0.97 340.0 63.0 340.0 7.0 3.0 7.0 848.0 305.0 848.0 
2 4 1.94 1.94 340.0 63.0 340.0 7.0 3.0 7.0 848.0 305.0 848.0 717.0 696.0 717.0 
2 5 1.97 1.97 340.0 63.0 340.0 7.0 3.0 7.0 848.0 305.0 848.0 717.0 696.0 717.0 484.0 17.0 484.0 
2 3 0.5 0.5 479.0 89.0 479.0 417.0 55.0 417.0 224.0 43.0 224.0 
2 4 0.54 0.54 479.0 89.0 479.0 417.0 55.0 417.0 224.0 43.0 224.0 51.0 2.0 51.0 
2 5 1.54 1.54 479.0 89.0 479.0 417.0 55.0 417.0 224.0 43.0 224.0 51.0 2.0 51.0 765.0 759.0 765.0 
2 6 1.76 1.76 479.0 89.0 479.0 417.0 55.0 417.0 224.0 43.0 224.0 51.0 2.0 51.0 765.0 759.0 765.0 288.0 64.0 288.0 
2 3 0.89 0.89 126.0 73.0 126.0 241.0 62.0 241.0 36.0 2.0 36.0 
2 4 1.26 1.26 126.0 73.0 126.0 241.0 62.0 241.0 36.0 2.0 36.0 675.0 250.0 675.0 
2 5 1.47 1.47 126.0 73.0 126.0 241.0 62.0 241.0 36.0 2.0 36.0 675.0 250.0 675.0 125.0 26.0 125.0 
2 3 0.96 0.96 1000.0 359.0 1000.0 581.0 260.0 581.0 332.0 51.0 332.0 
2 4 1.0 1.0 1000.0 359.0 1000.0 581.0 260.0 581.0 332.0 51.0 332.0 588.0 28.0 588.0 
2 5 1.49 1.49 1000.0 359.0 1000.0 581.0 260.0 581.0 332.0 51.0 332.0 588.0 28.0 588.0 578.0 281.0 578.0 
2 6 1.5 1.5 1000.0 359.0 1000.0 581.0 260.0 581.0 332.0 51.0 332.0 588.0 28.0 588.0 578.0 281.0 578.0 499.0 6.0 499.0 
2 3 1.21 1.21 611.0 192.0 611.0 872.0 537.0 872.0 564.0 162.0 564.0 
2 4 1.22 1.22 611.0 192.0 611.0 872.0 537.0 872.0 564.0 162.0 564.0 231.0 2.0 231.0 
2 5 1.96 1.96 611.0 192.0 611.0 872.0 537.0 872.0 564.0 162.0 564.0 231.0 2.0 231.0 577.0 425.0 577.0 
2 3 0.44 0.44 252.0 40.0 252.0 951.0 140.0 951.0 146.0 21.0 146.0 
2 4 0.94 0.94 252.0 40.0 252.0 951.0 140.0 951.0 146.0 21.0 146.0 512.0 256.0 512.0 
2 5 1.07 1.07 252.0 40.0 252.0 951.0 140.0 951.0 146.0 21.0 146.0 512.0 256.0 512.0 127.0 16.0 127.0 
2 6 1.2 1.2 252.0 40.0 252.0 951.0 140.0 951.0 146.0 21.0 146.0 512.0 256.0 512.0 127.0 16.0 127.0 179.0 24.0 179.0 
2 7 1.53 1.53 252.0 40.0 252.0 951.0 140.0 951.0 146.0 21.0 146.0 512.0 256.0 512.0 127.0 16.0 127.0 179.0 24.0 179.0 257.0 84.0 257.0 
2 8 1.6 1.6 252.0 40.0 252.0 951.0 140.0 951.0 146.0 21.0 146.0 512.0 256.0 512.0 127.0 16.0 127.0 179.0 24.0 179.0 257.0 84.0 257.0 364.0 24.0 364.0 
2 3 1.45 1.45 658.0 417.0 658.0 17.0 7.0 17.0 900.0 371.0 900.0 
2 4 1.59 1.59 658.0 417.0 658.0 17.0 7.0 17.0 900.0 371.0 900.0 154.0 21.0 154.0 
2 3 1.56 1.56 668.0 104.0 668.0 480.0 440.0 480.0 561.0 274.0 561.0 
2 4 1.8 1.8 668.0 104.0 668.0 480.0 440.0 480.0 561.0 274.0 561.0 744.0 184.0 744.0 
2 5 1.89 1.89 668.0 104.0 668.0 480.0 440.0 480.0 561.0 274.0 561.0 744.0 184.0 744.0 605.0 52.0 605.0 
2 3 0.22 0.22 112.0 2.0 112.0 796.0 97.0 796.0 271.0 23.0 271.0 
2 4 0.34 0.34 112.0 2.0 112.0 796.0 97.0 796.0 271.0 23.0 271.0 154.0 19.0 154.0 
2 5 0.57 0.57 112.0 2.0 112.0 796.0 97.0 796.0 271.0 23.0 271.0 154.0 19.0 154.0 931.0 215.0 931.0 
2 6 0.59 0.59 112.0 2.0 112.0 796.0 97.0 796.0 271.0 23.0 271.0 154.0 19.0 154.0 931.0 215.0 931.0 950.0 20.0 950.0 
2 7 1.38 1.38 112.0 2.0 112.0 796.0 97.0 796.0 271.0 23.0 271.0 154.0 19.0 154.0 931.0 215.0 931.0 950.0 20.0 950.0 821.0 642.0 821.0 
2 8 1.61 1.61 112.0 2.0 112.0 796.0 97.0 796.0 271.0 23.0 271.0 154.0 19.0 154.0 931.0 215.0 931.0 950.0 20.0 950.0 821.0 642.0 821.0 519.0 123.0 519.0 
2 9 1.74 1.74 112.0 2.0 112.0 796.0 97.0 796.0 271.0 23.0 271.0 154.0 19.0 154.0 931.0 215.0 931.0 950.0 20.0 950.0 821.0 642.0 821.0 519.0 123.0 519.0 598.0 74.0 598.0 
2 10 1.8 1.8 112.0 2.0 112.0 796.0 97.0 796.0 271.0 23.0 271.0 154.0 19.0 154.0 931.0 215.0 931.0 950.0 20.0 950.0 821.0 642.0 821.0 519.0 123.0 519.0 598.0 74.0 598.0 613.0 38.0 613.0 
2 11 1.98 1.98 112.0 2.0 112.0 796.0 97.0 796.0 271.0 23.0 271.0 154.0 19.0 154.0 931.0 215.0 931.0 950.0 20.0 950.0 821.0 642.0 821.0 519.0 123.0 519.0 598.0 74.0 598.0 613.0 38.0 613.0 934.0 166.0 934.0 
2 3 1.86 1.86 373.0 311.0 373.0 913.0 337.0 913.0 825.0 543.0 825.0 
2 3 1.82 1.82 864.0 319.0 864.0 154.0 76.0 154.0 406.0 391.0 406.0 
2 3 1.49 1.49 899.0 595.0 899.0 105.0 43.0 105.0 840.0 359.0 840.0 
2 4 1.95 1.95 899.0 595.0 899.0 105.0 43.0 105.0 840.0 359.0 840.0 794.0 360.0 794.0 
2 3 1.3 1.3 874.0 427.0 874.0 620.0 447.0 620.0 510.0 47.0 510.0 
2 4 1.71 1.71 874.0 427.0 874.0 620.0 447.0 620.0 510.0 47.0 510.0 240.0 100.0 240.0 
2 3 1.26 1.26 260.0 54.0 260.0 137.0 87.0 137.0 258.0 108.0 258.0 
2 4 1.69 1.69 260.0 54.0 260.0 137.0 87.0 137.0 258.0 108.0 258.0 434.0 187.0 434.0 
2 5 1.96 1.96 260.0 54.0 260.0 137.0 87.0 137.0 258.0 108.0 258.0 434.0 187.0 434.0 523.0 143.0 523.0 
2 3 0.36 0.36 415.0 14.0 415.0 559.0 51.0 559.0 792.0 194.0 792.0 
2 4 0.44 0.44 415.0 14.0 415.0 559.0 51.0 559.0 792.0 194.0 792.0 408.0 29.0 408.0 
2 5 0.6 0.6 415.0 14.0 415.0 559.0 51.0 559.0 792.0 194.0 792.0 408.0 29.0 408.0 765.0 125.0 765.0 
2 6 1.09 1.09 415.0 14.0 415.0 559.0 51.0 559.0 792.0 194.0 792.0 408.0 29.0 408.0 765.0 125.0 765.0 37.0 18.0 37.0 
2 7 1.28 1.28 415.0 14.0 415.0 559.0 51.0 559.0 792.0 194.0 792.0 408.0 29.0 408.0 765.0 125.0 765.0 37.0 18.0 37.0 423.0 82.0 423.0 
2 3 0.88 0.88 161.0 8.0 161.0 8.0 6.0 8.0 12.0 1.0 12.0 
2 4 1.82 1.82 161.0 8.0 161.0 8.0 6.0 8.0 12.0 1.0 12.0 570.0 536.0 570.0 
2 5 1.88 1.88 161.0 8.0 161.0 8.0 6.0 8.0 12.0 1.0 12.0 570.0 536.0 570.0 417.0 24.0 417.0 
2 3 0.5 0.5 822.0 80.0 822.0 102.0 8.0 102.0 346.0 114.0 346.0 
2 4 0.78 0.78 822.0 80.0 822.0 102.0 8.0 102.0 346.0 114.0 346.0 501.0 140.0 501.0 
2 5 1.42 1.42 822.0 80.0 822.0 102.0 8.0 102.0 346.0 114.0 346.0 501.0 140.0 501.0 163.0 104.0 163.0 
2 6 1.44 1.44 822.0 80.0 822.0 102.0 8.0 102.0 346.0 114.0 346.0 501.0 140.0 501.0 163.0 104.0 163.0 849.0 15.0 849.0 
2 3 1.62 1.62 283.0 12.0 283.0 864.0 741.0 864.0 159.0 115.0 159.0 
2 3 0.61 0.61 951.0 44.0 951.0 514.0 140.0 514.0 468.0 140.0 468.0 
2 4 1.31 1.31 951.0 44.0 951.0 514.0 140.0 514.0 468.0 140.0 468.0 471.0 327.0 471.0 
2 5 1.49 1.49 951.0 44.0 951.0 514.0 140.0 514.0 468.0 140.0 468.0 471.0 327.0 471.0 829.0 153.0 829.0 
2 3 1.32 1.32 460.0 275.0 460.0 461.0 41.0 461.0 586.0 376.0 586.0 
2 4 1.46 1.46 460.0 275.0 460.0 461.0 41.0 461.0 586.0 376.0 586.0 472.0 66.0 472.0 
2 3 0.65 0.65 683.0 127.0 683.0 125.0 17.0 125.0 3.0 1.0 3.0 
2 4 1.26 1.26 683.0 127.0 683.0 125.0 17.0 125.0 3.0 1.0 3.0 161.0 98.0 161.0 
2 5 1.62 1.62 683.0 127.0 683.0 125.0 17.0 125.0 3.0 1.0 3.0 161.0 98.0 161.0 411.0 147.0 411.0 
2 3 1.34 1.34 511.0 179.0 511.0 462.0 189.0 462.0 139.0 82.0 139.0 
2 4 1.62 1.62 511.0 179.0 511.0 462.0 189.0 462.0 139.0 82.0 139.0 525.0 143.0 525.0 
2 3 1.08 1.08 210.0 50.0 210.0 136.0 77.0 136.0 540.0 154.0 540.0 
2 4 1.39 1.39 210.0 50.0 210.0 136.0 77.0 136.0 540.0 154.0 540.0 886.0 272.0 886.0 
2 5 1.54 1.54 210.0 50.0 210.0 136.0 77.0 136.0 540.0 154.0 540.0 886.0 272.0 886.0 608.0 89.0 608.0 
2 6 1.68 1.68 210.0 50.0 210.0 136.0 77.0 136.0 540.0 154.0 540.0 886.0 272.0 886.0 608.0 89.0 608.0 157.0 23.0 157.0 
2 7 1.95 1.95 210.0 50.0 210.0 136.0 77.0 136.0 540.0 154.0 540.0 886.0 272.0 886.0 608.0 89.0 608.0 157.0 23.0 157.0 374.0 100.0 374.0 
2 8 1.96 1.96 210.0 50.0 210.0 136.0 77.0 136.0 540.0 154.0 540.0 886.0 272.0 886.0 608.0 89.0 608.0 157.0 23.0 157.0 374.0 100.0 374.0 705.0 4.0 705.0 
2 3 1.36 1.36 372.0 324.0 372.0 709.0 241.0 709.0 225.0 35.0 225.0 
2 3 0.79 0.79 524.0 231.0 524.0 221.0 76.0 221.0 616.0 9.0 616.0 
2 4 0.89 0.89 524.0 231.0 524.0 221.0 76.0 221.0 616.0 9.0 616.0 74.0 7.0 74.0 
2 5 0.91 0.91 524.0 231.0 524.0 221.0 76.0 221.0 616.0 9.0 616.0 74.0 7.0 74.0 108.0 2.0 108.0 
2 6 1.08 1.08 524.0 231.0 524.0 221.0 76.0 221.0 616.0 9.0 616.0 74.0 7.0 74.0 108.0 2.0 108.0 450.0 76.0 450.0 
2 7 1.74 1.74 524.0 231.0 524.0 221.0 76.0 221.0 616.0 9.0 616.0 74.0 7.0 74.0 108.0 2.0 108.0 450.0 76.0 450.0 850.0 563.0 850.0 
2 3 1.79 1.79 348.0 153.0 348.0 519.0 210.0 519.0 628.0 597.0 628.0 
2 4 1.88 1.88 348.0 153.0 348.0 519.0 210.0 519.0 628.0 597.0 628.0 224.0 20.0 224.0 
2 3 1.41 1.41 578.0 392.0 578.0 49.0 9.0 49.0 815.0 449.0 815.0 
2 4 1.66 1.66 578.0 392.0 578.0 49.0 9.0 49.0 815.0 449.0 815.0 985.0 252.0 985.0 
2 5 1.97 1.97 578.0 392.0 578.0 49.0 9.0 49.0 815.0 449.0 815.0 985.0 252.0 985.0 388.0 117.0 388.0 
2 3 0.95 0.95 668.0 367.0 668.0 545.0 220.0 545.0 853.0 2.0 853.0 
2 4 1.25 1.25 668.0 367.0 668.0 545.0 220.0 545.0 853.0 2.0 853.0 284.0 86.0 284.0 
2 5 1.55 1.55 668.0 367.0 668.0 545.0 220.0 545.0 853.0 2.0 853.0 284.0 86.0 284.0 747.0 218.0 747.0 
2 6 1.85 1.85 668.0 367.0 668.0 545.0 220.0 545.0 853.0 2.0 853.0 284.0 86.0 284.0 747.0 218.0 747.0 979.0 294.0 979.0 
2 7 1.94 1.94 668.0 367.0 668.0 545.0 220.0 545.0 853.0 2.0 853.0 284.0 86.0 284.0 747.0 218.0 747.0 979.0 294.0 979.0 114.0 11.0 114.0 
2 3 1.99 1.99 712.0 624.0 712.0 220.0 93.0 220.0 440.0 304.0 440.0 
2 3 1.81 1.81 578.0 576.0 578.0 755.0 3.0 755.0 616.0 500.0 616.0 
2 3 1.88 1.88 295.0 109.0 295.0 305.0 229.0 305.0 334.0 254.0 334.0 
2 3 0.58 0.58 862.0 171.0 862.0 357.0 47.0 357.0 28.0 7.0 28.0 
2 4 1.42 1.42 862.0 171.0 862.0 357.0 47.0 357.0 28.0 7.0 28.0 853.0 723.0 853.0 
2 5 1.62 1.62 862.0 171.0 862.0 357.0 47.0 357.0 28.0 7.0 28.0 853.0 723.0 853.0 495.0 98.0 495.0 
2 6 1.87 1.87 862.0 171.0 862.0 357.0 47.0 357.0 28.0 7.0 28.0 853.0 723.0 853.0 495.0 98.0 495.0 108.0 27.0 108.0 
2 7 1.96 1.96 862.0 171.0 862.0 357.0 47.0 357.0 28.0 7.0 28.0 853.0 723.0 853.0 495.0 98.0 495.0 108.0 27.0 108.0 287.0 27.0 287.0 
2 3 1.8 1.8 646.0 340.0 646.0 296.0 137.0 296.0 22.0 18.0 22.0 
2 4 1.9 1.9 646.0 340.0 646.0 296.0 137.0 296.0 22.0 18.0 22.0 696.0 65.0 696.0 
2 3 1.42 1.42 166.0 9.0 166.0 396.0 359.0 396.0 965.0 446.0 965.0 
2 4 1.98 1.98 166.0 9.0 166.0 396.0 359.0 396.0 965.0 446.0 965.0 343.0 193.0 343.0 
2 3 1.59 1.59 601.0 517.0 601.0 899.0 354.0 899.0 1000.0 339.0 1000.0 
2 3 0.73 0.73 117.0 1.0 117.0 650.0 418.0 650.0 261.0 21.0 261.0 
2 4 0.79 0.79 117.0 1.0 117.0 650.0 418.0 650.0 261.0 21.0 261.0 79.0 5.0 79.0 
2 5 0.87 0.87 117.0 1.0 117.0 650.0 418.0 650.0 261.0 21.0 261.0 79.0 5.0 79.0 279.0 23.0 279.0 
2 6 1.16 1.16 117.0 1.0 117.0 650.0 418.0 650.0 261.0 21.0 261.0 79.0 5.0 79.0 279.0 23.0 279.0 188.0 54.0 188.0 
2 7 1.9 1.9 117.0 1.0 117.0 650.0 418.0 650.0 261.0 21.0 261.0 79.0 5.0 79.0 279.0 23.0 279.0 188.0 54.0 188.0 773.0 572.0 773.0 
2 3 1.52 1.52 603.0 155.0 603.0 27.0 22.0 27.0 614.0 277.0 614.0 
2 4 1.91 1.91 603.0 155.0 603.0 27.0 22.0 27.0 614.0 277.0 614.0 257.0 100.0 257.0 
2 3 0.64 0.64 407.0 30.0 407.0 377.0 98.0 377.0 439.0 138.0 439.0 
2 4 1.01 1.01 407.0 30.0 407.0 377.0 98.0 377.0 439.0 138.0 439.0 980.0 357.0 980.0 
2 5 1.21 1.21 407.0 30.0 407.0 377.0 98.0 377.0 439.0 138.0 439.0 980.0 357.0 980.0 893.0 180.0 893.0 
2 6 1.28 1.28 407.0 30.0 407.0 377.0 98.0 377.0 439.0 138.0 439.0 980.0 357.0 980.0 893.0 180.0 893.0 413.0 29.0 413.0 
2 7 1.97 1.97 407.0 30.0 407.0 377.0 98.0 377.0 439.0 138.0 439.0 980.0 357.0 980.0 893.0 180.0 893.0 413.0 29.0 413.0 422.0 292.0 422.0 
2 3 1.0 1.0 864.0 181.0 864.0 760.0 234.0 760.0 837.0 412.0 837.0 
2 4 1.26 1.26 864.0 181.0 864.0 760.0 234.0 760.0 837.0 412.0 837.0 719.0 183.0 719.0 
2 5 1.42 1.42 864.0 181.0 864.0 760.0 234.0 760.0 837.0 412.0 837.0 719.0 183.0 719.0 633.0 101.0 633.0 
2 6 1.9 1.9 864.0 181.0 864.0 760.0 234.0 760.0 837.0 412.0 837.0 719.0 183.0 719.0 633.0 101.0 633.0 160.0 77.0 160.0 
2 3 1.08 1.08 543.0 32.0 543.0 374.0 210.0 374.0 532.0 247.0 532.0 
2 4 1.37 1.37 543.0 32.0 543.0 374.0 210.0 374.0 532.0 247.0 532.0 940.0 270.0 940.0 
2 5 1.79 1.79 543.0 32.0 543.0 374.0 210.0 374.0 532.0 247.0 532.0 940.0 270.0 940.0 478.0 202.0 478.0 
2 6 1.87 1.87 543.0 32.0 543.0 374.0 210.0 374.0 532.0 247.0 532.0 940.0 270.0 940.0 478.0 202.0 478.0 744.0 58.0 744.0 
2 3 1.53 1.53 200.0 126.0 200.0 169.0 115.0 169.0 808.0 178.0 808.0 
2 3 1.45 1.45 858.0 70.0 858.0 666.0 540.0 666.0 194.0 109.0 194.0 
2 4 1.48 1.48 858.0 70.0 858.0 666.0 540.0 666.0 194.0 109.0 194.0 386.0 12.0 386.0 
2 3 0.69 0.69 250.0 87.0 250.0 201.0 34.0 201.0 173.0 30.0 173.0 
2 4 1.03 1.03 250.0 87.0 250.0 201.0 34.0 201.0 173.0 30.0 173.0 912.0 313.0 912.0 
2 3 1.43 1.43 287.0 214.0 287.0 241.0 108.0 241.0 774.0 183.0 774.0 
2 4 1.54 1.54 287.0 214.0 287.0 241.0 108.0 241.0 774.0 183.0 774.0 303.0 34.0 303.0 
2 3 1.72 1.72 219.0 92.0 219.0 662.0 470.0 662.0 149.0 89.0 149.0 
2 3 1.15 1.15 979.0 745.0 979.0 452.0 33.0 452.0 408.0 132.0 408.0 
2 4 1.43 1.43 979.0 745.0 979.0 452.0 33.0 452.0 408.0 132.0 408.0 434.0 119.0 434.0 
2 5 1.81 1.81 979.0 745.0 979.0 452.0 33.0 452.0 408.0 132.0 408.0 434.0 119.0 434.0 573.0 218.0 573.0 
2 3 0.49 0.49 758.0 28.0 758.0 116.0 3.0 116.0 816.0 349.0 816.0 
2 4 1.17 1.17 758.0 28.0 758.0 116.0 3.0 116.0 816.0 349.0 816.0 374.0 256.0 374.0 
2 5 1.33 1.33 758.0 28.0 758.0 116.0 3.0 116.0 816.0 349.0 816.0 374.0 256.0 374.0 268.0 43.0 268.0 
2 6 1.76 1.76 758.0 28.0 758.0 116.0 3.0 116.0 816.0 349.0 816.0 374.0 256.0 374.0 268.0 43.0 268.0 815.0 352.0 815.0 
2 7 1.89 1.89 758.0 28.0 758.0 116.0 3.0 116.0 816.0 349.0 816.0 374.0 256.0 374.0 268.0 43.0 268.0 815.0 352.0 815.0 886.0 113.0 886.0 
2 3 1.62 1.62 936.0 671.0 936.0 206.0 37.0 206.0 792.0 577.0 792.0 
2 3 1.5 1.5 448.0 111.0 448.0 738.0 525.0 738.0 481.0 263.0 481.0 
2 3 1.47 1.47 772.0 612.0 772.0 166.0 69.0 166.0 883.0 232.0 883.0 
2 4 1.84 1.84 772.0 612.0 772.0 166.0 69.0 166.0 883.0 232.0 883.0 134.0 50.0 134.0 
2 3 1.53 1.53 141.0 27.0 141.0 575.0 277.0 575.0 904.0 777.0 904.0 
2 3 1.85 1.85 360.0 7.0 360.0 672.0 666.0 672.0 387.0 328.0 387.0 
2 3 0.84 0.84 858.0 243.0 858.0 737.0 110.0 737.0 563.0 230.0 563.0 
2 4 1.2 1.2 858.0 243.0 858.0 737.0 110.0 737.0 563.0 230.0 563.0 77.0 28.0 77.0 
2 5 1.79 1.79 858.0 243.0 858.0 737.0 110.0 737.0 563.0 230.0 563.0 77.0 28.0 77.0 85.0 50.0 85.0 
2 6 1.91 1.91 858.0 243.0 858.0 737.0 110.0 737.0 563.0 230.0 563.0 77.0 28.0 77.0 85.0 50.0 85.0 25.0 3.0 25.0 
2 3 0.95 0.95 303.0 175.0 303.0 538.0 121.0 538.0 13.0 2.0 13.0 
2 4 1.02 1.02 303.0 175.0 303.0 538.0 121.0 538.0 13.0 2.0 13.0 967.0 71.0 967.0 
2 5 1.74 1.74 303.0 175.0 303.0 538.0 121.0 538.0 13.0 2.0 13.0 967.0 71.0 967.0 170.0 122.0 170.0 
2 6 1.89 1.89 303.0 175.0 303.0 538.0 121.0 538.0 13.0 2.0 13.0 967.0 71.0 967.0 170.0 122.0 170.0 349.0 53.0 349.0 
2 3 0.94 0.94 866.0 537.0 866.0 632.0 45.0 632.0 939.0 234.0 939.0 
2 4 1.13 1.13 866.0 537.0 866.0 632.0 45.0 632.0 939.0 234.0 939.0 305.0 58.0 305.0 
2 5 1.87 1.87 866.0 537.0 866.0 632.0 45.0 632.0 939.0 234.0 939.0 305.0 58.0 305.0 326.0 242.0 326.0 
2 6 1.94 1.94 866.0 537.0 866.0 632.0 45.0 632.0 939.0 234.0 939.0 305.0 58.0 305.0 326.0 242.0 326.0 547.0 41.0 547.0 
2 3 1.99 1.99 18.0 17.0 18.0 635.0 153.0 635.0 725.0 589.0 725.0 
2 3 1.67 1.67 259.0 185.0 259.0 528.0 225.0 528.0 207.0 111.0 207.0 
2 4 1.79 1.79 259.0 185.0 259.0 528.0 225.0 528.0 207.0 111.0 207.0 619.0 71.0 619.0 
2 3 1.17 1.17 921.0 237.0 921.0 536.0 172.0 536.0 153.0 92.0 153.0 
2 4 1.5 1.5 921.0 237.0 921.0 536.0 172.0 536.0 153.0 92.0 153.0 28.0 9.0 28.0 
2 3 1.97 1.97 885.0 374.0 885.0 734.0 462.0 734.0 621.0 576.0 621.0 
2 3 0.77 0.77 935.0 352.0 935.0 46.0 3.0 46.0 547.0 180.0 547.0 
2 4 0.88 0.88 935.0 352.0 935.0 46.0 3.0 46.0 547.0 180.0 547.0 774.0 91.0 774.0 
2 5 1.02 1.02 935.0 352.0 935.0 46.0 3.0 46.0 547.0 180.0 547.0 774.0 91.0 774.0 668.0 90.0 668.0 
2 6 1.09 1.09 935.0 352.0 935.0 46.0 3.0 46.0 547.0 180.0 547.0 774.0 91.0 774.0 668.0 90.0 668.0 54.0 4.0 54.0 
2 7 1.71 1.71 935.0 352.0 935.0 46.0 3.0 46.0 547.0 180.0 547.0 774.0 91.0 774.0 668.0 90.0 668.0 54.0 4.0 54.0 407.0 253.0 407.0 
2 8 1.82 1.82 935.0 352.0 935.0 46.0 3.0 46.0 547.0 180.0 547.0 774.0 91.0 774.0 668.0 90.0 668.0 54.0 4.0 54.0 407.0 253.0 407.0 548.0 59.0 548.0 
2 3 1.52 1.52 923.0 792.0 923.0 119.0 8.0 119.0 305.0 183.0 305.0 
2 4 1.71 1.71 923.0 792.0 923.0 119.0 8.0 119.0 305.0 183.0 305.0 774.0 147.0 774.0 
2 5 1.86 1.86 923.0 792.0 923.0 119.0 8.0 119.0 305.0 183.0 305.0 774.0 147.0 774.0 593.0 86.0 593.0 
2 3 1.67 1.67 28.0 15.0 28.0 340.0 124.0 340.0 630.0 490.0 630.0 
2 3 0.57 0.57 399.0 46.0 399.0 668.0 297.0 668.0 559.0 6.0 559.0 
2 4 1.44 1.44 399.0 46.0 399.0 668.0 297.0 668.0 559.0 6.0 559.0 740.0 644.0 740.0 
2 3 0.96 0.96 263.0 99.0 263.0 953.0 523.0 953.0 115.0 5.0 115.0 
2 4 1.37 1.37 263.0 99.0 263.0 953.0 523.0 953.0 115.0 5.0 115.0 966.0 396.0 966.0 
2 5 1.79 1.79 263.0 99.0 263.0 953.0 523.0 953.0 115.0 5.0 115.0 966.0 396.0 966.0 925.0 386.0 925.0 
2 3 0.42 0.42 34.0 1.0 34.0 673.0 93.0 673.0 54.0 14.0 54.0 
2 4 0.53 0.53 34.0 1.0 34.0 673.0 93.0 673.0 54.0 14.0 54.0 126.0 14.0 126.0 
2 5 0.86 0.86 34.0 1.0 34.0 673.0 93.0 673.0 54.0 14.0 54.0 126.0 14.0 126.0 717.0 237.0 717.0 
2 6 1.62 1.62 34.0 1.0 34.0 673.0 93.0 673.0 54.0 14.0 54.0 126.0 14.0 126.0 717.0 237.0 717.0 592.0 449.0 592.0 
2 7 1.73 1.73 34.0 1.0 34.0 673.0 93.0 673.0 54.0 14.0 54.0 126.0 14.0 126.0 717.0 237.0 717.0 592.0 449.0 592.0 634.0 69.0 634.0 
2 8 1.92 1.92 34.0 1.0 34.0 673.0 93.0 673.0 54.0 14.0 54.0 126.0 14.0 126.0 717.0 237.0 717.0 592.0 449.0 592.0 634.0 69.0 634.0 231.0 43.0 231.0 
2 3 0.23 0.23 775.0 66.0 775.0 286.0 38.0 286.0 521.0 9.0 521.0 
2 4 0.44 0.44 775.0 66.0 775.0 286.0 38.0 286.0 521.0 9.0 521.0 688.0 145.0 688.0 
2 5 0.63 0.63 775.0 66.0 775.0 286.0 38.0 286.0 521.0 9.0 521.0 688.0 145.0 688.0 811.0 156.0 811.0 
2 6 0.74 0.74 775.0 66.0 775.0 286.0 38.0 286.0 521.0 9.0 521.0 688.0 145.0 688.0 811.0 156.0 811.0 938.0 102.0 938.0 
2 7 0.87 0.87 775.0 66.0 775.0 286.0 38.0 286.0 521.0 9.0 521.0 688.0 145.0 688.0 811.0 156.0 811.0 938.0 102.0 938.0 76.0 10.0 76.0 
2 8 1.27 1.27 775.0 66.0 775.0 286.0 38.0 286.0 521.0 9.0 521.0 688.0 145.0 688.0 811.0 156.0 811.0 938.0 102.0 938.0 76.0 10.0 76.0 931.0 371.0 931.0 
2 9 1.92 1.92 775.0 66.0 775.0 286.0 38.0 286.0 521.0 9.0 521.0 688.0 145.0 688.0 811.0 156.0 811.0 938.0 102.0 938.0 76.0 10.0 76.0 931.0 371.0 931.0 977.0 635.0 977.0 
2 3 1.14 1.14 648.0 168.0 648.0 879.0 340.0 879.0 512.0 255.0 512.0 
2 4 1.69 1.69 648.0 168.0 648.0 879.0 340.0 879.0 512.0 255.0 512.0 469.0 258.0 469.0 
2 5 1.79 1.79 648.0 168.0 648.0 879.0 340.0 879.0 512.0 255.0 512.0 469.0 258.0 469.0 528.0 54.0 528.0 
2 3 1.62 1.62 681.0 681.0 681.0 328.0 156.0 328.0 907.0 138.0 907.0 
2 4 1.76 1.76 681.0 681.0 681.0 328.0 156.0 328.0 907.0 138.0 907.0 877.0 123.0 877.0 
2 5 1.9 1.9 681.0 681.0 681.0 328.0 156.0 328.0 907.0 138.0 907.0 877.0 123.0 877.0 506.0 70.0 506.0 
2 3 1.06 1.06 241.0 57.0 241.0 463.0 124.0 463.0 535.0 298.0 535.0 
2 4 1.19 1.19 241.0 57.0 241.0 463.0 124.0 463.0 535.0 298.0 535.0 488.0 65.0 488.0 
2 5 1.51 1.51 241.0 57.0 241.0 463.0 124.0 463.0 535.0 298.0 535.0 488.0 65.0 488.0 962.0 312.0 962.0 
2 6 1.78 1.78 241.0 57.0 241.0 463.0 124.0 463.0 535.0 298.0 535.0 488.0 65.0 488.0 962.0 312.0 962.0 922.0 244.0 922.0 
2 3 1.69 1.69 954.0 250.0 954.0 861.0 533.0 861.0 502.0 409.0 502.0 
2 4 1.97 1.97 954.0 250.0 954.0 861.0 533.0 861.0 502.0 409.0 502.0 752.0 212.0 752.0 
2 3 1.78 1.78 971.0 524.0 971.0 111.0 39.0 111.0 356.0 320.0 356.0 
2 4 1.81 1.81 971.0 524.0 971.0 111.0 39.0 111.0 356.0 320.0 356.0 844.0 19.0 844.0 
2 3 1.33 1.33 692.0 356.0 692.0 223.0 130.0 223.0 105.0 25.0 105.0 
2 4 1.42 1.42 692.0 356.0 692.0 223.0 130.0 223.0 105.0 25.0 105.0 134.0 12.0 134.0 
2 5 1.43 1.43 692.0 356.0 692.0 223.0 130.0 223.0 105.0 25.0 105.0 134.0 12.0 134.0 694.0 7.0 694.0 
2 3 1.5 1.5 27.0 13.0 27.0 622.0 195.0 622.0 998.0 709.0 998.0 
2 4 1.82 1.82 27.0 13.0 27.0 622.0 195.0 622.0 998.0 709.0 998.0 152.0 49.0 152.0 
2 3 1.34 1.34 184.0 117.0 184.0 261.0 17.0 261.0 930.0 600.0 930.0 
2 4 1.86 1.86 184.0 117.0 184.0 261.0 17.0 261.0 930.0 600.0 930.0 29.0 15.0 29.0 
2 3 1.14 1.14 753.0 215.0 753.0 535.0 304.0 535.0 587.0 170.0 587.0 
2 4 1.64 1.64 753.0 215.0 753.0 535.0 304.0 535.0 587.0 170.0 587.0 814.0 406.0 814.0 
2 3 1.3 1.3 253.0 59.0 253.0 670.0 532.0 670.0 961.0 271.0 961.0 
2 4 1.33 1.33 253.0 59.0 253.0 670.0 532.0 670.0 961.0 271.0 961.0 502.0 13.0 502.0 
2 3 0.96 0.96 73.0 22.0 73.0 626.0 300.0 626.0 781.0 142.0 781.0 
2 4 1.66 1.66 73.0 22.0 73.0 626.0 300.0 626.0 781.0 142.0 781.0 841.0 589.0 841.0 
2 5 1.74 1.74 73.0 22.0 73.0 626.0 300.0 626.0 781.0 142.0 781.0 841.0 589.0 841.0 424.0 34.0 424.0 
2 3 1.11 1.11 787.0 290.0 787.0 898.0 243.0 898.0 713.0 337.0 713.0 
2 3 1.24 1.24 147.0 9.0 147.0 534.0 190.0 534.0 379.0 315.0 379.0 
2 4 1.85 1.85 147.0 9.0 147.0 534.0 190.0 534.0 379.0 315.0 379.0 129.0 78.0 129.0 
2 3 1.69 1.69 897.0 294.0 897.0 755.0 576.0 755.0 444.0 270.0 444.0 
2 3 0.87 0.87 646.0 99.0 646.0 60.0 26.0 60.0 656.0 192.0 656.0 
2 4 0.99 0.99 646.0 99.0 646.0 60.0 26.0 60.0 656.0 192.0 656.0 406.0 47.0 406.0 
2 5 1.25 1.25 646.0 99.0 646.0 60.0 26.0 60.0 656.0 192.0 656.0 406.0 47.0 406.0 505.0 130.0 505.0 
2 6 1.46 1.46 646.0 99.0 646.0 60.0 26.0 60.0 656.0 192.0 656.0 406.0 47.0 406.0 505.0 130.0 505.0 500.0 108.0 500.0 
2 7 1.57 1.57 646.0 99.0 646.0 60.0 26.0 60.0 656.0 192.0 656.0 406.0 47.0 406.0 505.0 130.0 505.0 500.0 108.0 500.0 400.0 42.0 400.0 
2 8 1.99 1.99 646.0 99.0 646.0 60.0 26.0 60.0 656.0 192.0 656.0 406.0 47.0 406.0 505.0 130.0 505.0 500.0 108.0 500.0 400.0 42.0 400.0 765.0 321.0 765.0 
2 3 0.94 0.94 295.0 137.0 295.0 712.0 272.0 712.0 271.0 27.0 271.0 
2 4 0.98 0.98 295.0 137.0 295.0 712.0 272.0 712.0 271.0 27.0 271.0 275.0 12.0 275.0 
2 5 1.25 1.25 295.0 137.0 295.0 712.0 272.0 712.0 271.0 27.0 271.0 275.0 12.0 275.0 649.0 172.0 649.0 
2 6 1.61 1.61 295.0 137.0 295.0 712.0 272.0 712.0 271.0 27.0 271.0 275.0 12.0 275.0 649.0 172.0 649.0 334.0 121.0 334.0 
2 3 1.19 1.19 813.0 171.0 813.0 270.0 225.0 270.0 434.0 65.0 434.0 
2 4 1.78 1.78 813.0 171.0 813.0 270.0 225.0 270.0 434.0 65.0 434.0 529.0 315.0 529.0 
2 5 1.95 1.95 813.0 171.0 813.0 270.0 225.0 270.0 434.0 65.0 434.0 529.0 315.0 529.0 313.0 51.0 313.0 
2 3 0.64 0.64 503.0 250.0 503.0 522.0 23.0 522.0 884.0 95.0 884.0 
2 4 0.95 0.95 503.0 250.0 503.0 522.0 23.0 522.0 884.0 95.0 884.0 489.0 150.0 489.0 
2 5 1.9 1.9 503.0 250.0 503.0 522.0 23.0 522.0 884.0 95.0 884.0 489.0 150.0 489.0 633.0 601.0 633.0 
2 6 1.96 1.96 503.0 250.0 503.0 522.0 23.0 522.0 884.0 95.0 884.0 489.0 150.0 489.0 633.0 601.0 633.0 657.0 42.0 657.0 
2 3 0.61 0.61 192.0 30.0 192.0 579.0 109.0 579.0 173.0 47.0 173.0 
2 4 1.07 1.07 192.0 30.0 192.0 579.0 109.0 579.0 173.0 47.0 173.0 337.0 154.0 337.0 
2 5 1.44 1.44 192.0 30.0 192.0 579.0 109.0 579.0 173.0 47.0 173.0 337.0 154.0 337.0 243.0 91.0 243.0 
2 3 1.23 1.23 372.0 105.0 372.0 724.0 171.0 724.0 943.0 680.0 943.0 
2 3 1.37 1.37 741.0 638.0 741.0 58.0 1.0 58.0 526.0 261.0 526.0 
2 3 1.19 1.19 722.0 119.0 722.0 310.0 194.0 310.0 10.0 4.0 10.0 
2 4 1.28 1.28 722.0 119.0 722.0 310.0 194.0 310.0 10.0 4.0 10.0 330.0 31.0 330.0 
2 3 1.66 1.66 196.0 196.0 196.0 593.0 204.0 593.0 273.0 87.0 273.0 
2 3 1.22 1.22 898.0 371.0 898.0 285.0 140.0 285.0 262.0 84.0 262.0 
2 3 1.7 1.7 912.0 220.0 912.0 249.0 169.0 249.0 908.0 716.0 908.0 
2 4 1.86 1.86 912.0 220.0 912.0 249.0 169.0 249.0 908.0 716.0 908.0 249.0 38.0 249.0 
2 3 0.61 0.61 747.0 48.0 747.0 497.0 79.0 497.0 969.0 384.0 969.0 
2 4 0.86 0.86 747.0 48.0 747.0 497.0 79.0 497.0 969.0 384.0 969.0 242.0 59.0 242.0 
2 5 1.14 1.14 747.0 48.0 747.0 497.0 79.0 497.0 969.0 384.0 969.0 242.0 59.0 242.0 897.0 250.0 897.0 
2 6 1.53 1.53 747.0 48.0 747.0 497.0 79.0 497.0 969.0 384.0 969.0 242.0 59.0 242.0 897.0 250.0 897.0 760.0 302.0 760.0 
2 7 1.77 1.77 747.0 48.0 747.0 497.0 79.0 497.0 969.0 384.0 969.0 242.0 59.0 242.0 897.0 250.0 897.0 760.0 302.0 760.0 323.0 75.0 323.0 
2 8 1.85 1.85 747.0 48.0 747.0 497.0 79.0 497.0 969.0 384.0 969.0 242.0 59.0 242.0 897.0 250.0 897.0 760.0 302.0 760.0 323.0 75.0 323.0 227.0 19.0 227.0 
2 9 1.9 1.9 747.0 48.0 747.0 497.0 79.0 497.0 969.0 384.0 969.0 242.0 59.0 242.0 897.0 250.0 897.0 760.0 302.0 760.0 323.0 75.0 323.0 227.0 19.0 227.0 893.0 40.0 893.0 
2 3 1.09 1.09 790.0 52.0 790.0 841.0 459.0 841.0 429.0 207.0 429.0 
2 4 1.21 1.21 790.0 52.0 790.0 841.0 459.0 841.0 429.0 207.0 429.0 344.0 42.0 344.0 
2 5 1.52 1.52 790.0 52.0 790.0 841.0 459.0 841.0 429.0 207.0 429.0 344.0 42.0 344.0 600.0 186.0 600.0 
2 6 1.53 1.53 790.0 52.0 790.0 841.0 459.0 841.0 429.0 207.0 429.0 344.0 42.0 344.0 600.0 186.0 600.0 791.0 7.0 791.0 
2 7 1.55 1.55 790.0 52.0 790.0 841.0 459.0 841.0 429.0 207.0 429.0 344.0 42.0 344.0 600.0 186.0 600.0 791.0 7.0 791.0 822.0 15.0 822.0 
2 8 1.89 1.89 790.0 52.0 790.0 841.0 459.0 841.0 429.0 207.0 429.0 344.0 42.0 344.0 600.0 186.0 600.0 791.0 7.0 791.0 822.0 15.0 822.0 346.0 119.0 346.0 
2 3 1.63 1.63 430.0 300.0 430.0 187.0 169.0 187.0 957.0 28.0 957.0 
2 3 1.14 1.14 332.0 103.0 332.0 516.0 377.0 516.0 920.0 100.0 920.0 
2 4 1.92 1.92 332.0 103.0 332.0 516.0 377.0 516.0 920.0 100.0 920.0 49.0 38.0 49.0 
2 3 1.51 1.51 166.0 137.0 166.0 184.0 65.0 184.0 6.0 2.0 6.0 
2 4 1.83 1.83 166.0 137.0 166.0 184.0 65.0 184.0 6.0 2.0 6.0 155.0 50.0 155.0 
2 3 1.79 1.79 154.0 46.0 154.0 224.0 164.0 224.0 610.0 465.0 610.0 
2 3 1.76 1.76 590.0 254.0 590.0 269.0 147.0 269.0 89.0 70.0 89.0 
2 3 0.23 0.23 710.0 136.0 710.0 542.0 7.0 542.0 87.0 3.0 87.0 
2 4 0.67 0.67 710.0 136.0 710.0 542.0 7.0 542.0 87.0 3.0 87.0 572.0 248.0 572.0 
2 5 0.92 0.92 710.0 136.0 710.0 542.0 7.0 542.0 87.0 3.0 87.0 572.0 248.0 572.0 506.0 128.0 506.0 
2 6 1.24 1.24 710.0 136.0 710.0 542.0 7.0 542.0 87.0 3.0 87.0 572.0 248.0 572.0 506.0 128.0 506.0 195.0 62.0 195.0 
2 7 1.33 1.33 710.0 136.0 710.0 542.0 7.0 542.0 87.0 3.0 87.0 572.0 248.0 572.0 506.0 128.0 506.0 195.0 62.0 195.0 322.0 30.0 322.0 
2 8 1.61 1.61 710.0 136.0 710.0 542.0 7.0 542.0 87.0 3.0 87.0 572.0 248.0 572.0 506.0 128.0 506.0 195.0 62.0 195.0 322.0 30.0 322.0 250.0 69.0 250.0 
2 9 1.76 1.76 710.0 136.0 710.0 542.0 7.0 542.0 87.0 3.0 87.0 572.0 248.0 572.0 506.0 128.0 506.0 195.0 62.0 195.0 322.0 30.0 322.0 250.0 69.0 250.0 187.0 28.0 187.0 
2 3 0.67 0.67 498.0 42.0 498.0 917.0 28.0 917.0 921.0 513.0 921.0 
2 4 0.8 0.8 498.0 42.0 498.0 917.0 28.0 917.0 921.0 513.0 921.0 718.0 99.0 718.0 
2 5 1.41 1.41 498.0 42.0 498.0 917.0 28.0 917.0 921.0 513.0 921.0 718.0 99.0 718.0 938.0 567.0 938.0 
2 6 1.9 1.9 498.0 42.0 498.0 917.0 28.0 917.0 921.0 513.0 921.0 718.0 99.0 718.0 938.0 567.0 938.0 806.0 396.0 806.0 
2 7 1.97 1.97 498.0 42.0 498.0 917.0 28.0 917.0 921.0 513.0 921.0 718.0 99.0 718.0 938.0 567.0 938.0 806.0 396.0 806.0 30.0 2.0 30.0 
2 3 1.79 1.79 49.0 48.0 49.0 733.0 236.0 733.0 115.0 57.0 115.0 
2 3 1.78 1.78 555.0 410.0 555.0 633.0 136.0 633.0 182.0 152.0 182.0 
2 4 1.84 1.84 555.0 410.0 555.0 633.0 136.0 633.0 182.0 152.0 182.0 205.0 11.0 205.0 
2 3 1.78 1.78 875.0 761.0 875.0 600.0 257.0 600.0 879.0 432.0 879.0 
2 3 1.03 1.03 911.0 377.0 911.0 622.0 121.0 622.0 993.0 422.0 993.0 
2 4 1.33 1.33 911.0 377.0 911.0 622.0 121.0 622.0 993.0 422.0 993.0 200.0 61.0 200.0 
2 5 1.79 1.79 911.0 377.0 911.0 622.0 121.0 622.0 993.0 422.0 993.0 200.0 61.0 200.0 437.0 201.0 437.0 
2 3 1.74 1.74 369.0 364.0 369.0 501.0 310.0 501.0 110.0 15.0 110.0 
2 4 1.88 1.88 369.0 364.0 369.0 501.0 310.0 501.0 110.0 15.0 110.0 651.0 92.0 651.0 
2 3 0.73 0.73 849.0 62.0 849.0 472.0 171.0 472.0 44.0 13.0 44.0 
2 4 1.68 1.68 849.0 62.0 849.0 472.0 171.0 472.0 44.0 13.0 44.0 526.0 504.0 526.0 
2 5 1.82 1.82 849.0 62.0 849.0 472.0 171.0 472.0 44.0 13.0 44.0 526.0 504.0 526.0 165.0 23.0 165.0 
2 3 1.36 1.36 461.0 156.0 461.0 725.0 307.0 725.0 956.0 572.0 956.0 
2 4 1.91 1.91 461.0 156.0 461.0 725.0 307.0 725.0 956.0 572.0 956.0 623.0 348.0 623.0 
2 3 1.72 1.72 17.0 11.0 17.0 455.0 44.0 455.0 398.0 389.0 398.0 
2 4 1.95 1.95 17.0 11.0 17.0 455.0 44.0 455.0 398.0 389.0 398.0 247.0 58.0 247.0 
2 3 1.4 1.4 99.0 12.0 99.0 930.0 287.0 930.0 256.0 249.0 256.0 
2 3 0.54 0.54 732.0 44.0 732.0 535.0 33.0 535.0 575.0 243.0 575.0 
2 4 1.21 1.21 732.0 44.0 732.0 535.0 33.0 535.0 575.0 243.0 575.0 692.0 466.0 692.0 
2 5 1.51 1.51 732.0 44.0 732.0 535.0 33.0 535.0 575.0 243.0 575.0 692.0 466.0 692.0 208.0 62.0 208.0 
2 6 1.67 1.67 732.0 44.0 732.0 535.0 33.0 535.0 575.0 243.0 575.0 692.0 466.0 692.0 208.0 62.0 208.0 434.0 68.0 434.0 
2 7 1.78 1.78 732.0 44.0 732.0 535.0 33.0 535.0 575.0 243.0 575.0 692.0 466.0 692.0 208.0 62.0 208.0 434.0 68.0 434.0 609.0 66.0 609.0 
2 3 0.21 0.21 76.0 7.0 76.0 38.0 1.0 38.0 110.0 11.0 110.0 
2 4 0.98 0.98 76.0 7.0 76.0 38.0 1.0 38.0 110.0 11.0 110.0 191.0 147.0 191.0 
2 5 1.2 1.2 76.0 7.0 76.0 38.0 1.0 38.0 110.0 11.0 110.0 191.0 147.0 191.0 718.0 155.0 718.0 
2 6 1.35 1.35 76.0 7.0 76.0 38.0 1.0 38.0 110.0 11.0 110.0 191.0 147.0 191.0 718.0 155.0 718.0 315.0 49.0 315.0 
2 7 1.36 1.36 76.0 7.0 76.0 38.0 1.0 38.0 110.0 11.0 110.0 191.0 147.0 191.0 718.0 155.0 718.0 315.0 49.0 315.0 560.0 5.0 560.0 
2 3 1.37 1.37 842.0 664.0 842.0 289.0 121.0 289.0 253.0 42.0 253.0 
2 3 0.71 0.71 622.0 104.0 622.0 897.0 412.0 897.0 257.0 22.0 257.0 
2 4 1.0 1.0 622.0 104.0 622.0 897.0 412.0 897.0 257.0 22.0 257.0 17.0 5.0 17.0 
2 5 1.56 1.56 622.0 104.0 622.0 897.0 412.0 897.0 257.0 22.0 257.0 17.0 5.0 17.0 457.0 257.0 457.0 
2 6 1.71 1.71 622.0 104.0 622.0 897.0 412.0 897.0 257.0 22.0 257.0 17.0 5.0 17.0 457.0 257.0 457.0 54.0 8.0 54.0 
2 3 0.76 0.76 959.0 449.0 959.0 929.0 230.0 929.0 333.0 15.0 333.0 
2 4 1.53 1.53 959.0 449.0 959.0 929.0 230.0 929.0 333.0 15.0 333.0 694.0 535.0 694.0 
2 5 1.61 1.61 959.0 449.0 959.0 929.0 230.0 929.0 333.0 15.0 333.0 694.0 535.0 694.0 827.0 73.0 827.0 
2 3 0.41 0.41 746.0 94.0 746.0 871.0 148.0 871.0 340.0 41.0 340.0 
2 4 0.94 0.94 746.0 94.0 746.0 871.0 148.0 871.0 340.0 41.0 340.0 242.0 127.0 242.0 
2 5 1.21 1.21 746.0 94.0 746.0 871.0 148.0 871.0 340.0 41.0 340.0 242.0 127.0 242.0 18.0 5.0 18.0 
2 6 1.49 1.49 746.0 94.0 746.0 871.0 148.0 871.0 340.0 41.0 340.0 242.0 127.0 242.0 18.0 5.0 18.0 538.0 148.0 538.0 
2 7 1.74 1.74 746.0 94.0 746.0 871.0 148.0 871.0 340.0 41.0 340.0 242.0 127.0 242.0 18.0 5.0 18.0 538.0 148.0 538.0 4.0 1.0 4.0 
2 3 0.53 0.53 884.0 117.0 884.0 948.0 321.0 948.0 829.0 49.0 829.0 
2 4 0.53 0.53 884.0 117.0 884.0 948.0 321.0 948.0 829.0 49.0 829.0 681.0 2.0 681.0 
2 5 0.61 0.61 884.0 117.0 884.0 948.0 321.0 948.0 829.0 49.0 829.0 681.0 2.0 681.0 935.0 81.0 935.0 
2 6 1.41 1.41 884.0 117.0 884.0 948.0 321.0 948.0 829.0 49.0 829.0 681.0 2.0 681.0 935.0 81.0 935.0 811.0 648.0 811.0 
2 7 1.99 1.99 884.0 117.0 884.0 948.0 321.0 948.0 829.0 49.0 829.0 681.0 2.0 681.0 935.0 81.0 935.0 811.0 648.0 811.0 28.0 16.0 28.0 
2 3 0.94 0.94 280.0 170.0 280.0 265.0 63.0 265.0 180.0 18.0 180.0 
2 4 1.23 1.23 280.0 170.0 280.0 265.0 63.0 265.0 180.0 18.0 180.0 179.0 52.0 179.0 
2 3 1.7 1.7 201.0 135.0 201.0 801.0 216.0 801.0 360.0 274.0 360.0 
2 3 0.61 0.61 77.0 27.0 77.0 981.0 11.0 981.0 31.0 8.0 31.0 
2 4 1.31 1.31 77.0 27.0 77.0 981.0 11.0 981.0 31.0 8.0 31.0 116.0 81.0 116.0 
2 5 1.76 1.76 77.0 27.0 77.0 981.0 11.0 981.0 31.0 8.0 31.0 116.0 81.0 116.0 339.0 153.0 339.0 
2 3 1.62 1.62 403.0 375.0 403.0 884.0 371.0 884.0 869.0 237.0 869.0 
2 4 1.84 1.84 403.0 375.0 403.0 884.0 371.0 884.0 869.0 237.0 869.0 90.0 20.0 90.0 
2 5 1.85 1.85 403.0 375.0 403.0 884.0 371.0 884.0 869.0 237.0 869.0 90.0 20.0 90.0 844.0 10.0 844.0 
2 3 1.43 1.43 994.0 374.0 994.0 466.0 145.0 466.0 839.0 625.0 839.0 
2 4 1.6 1.6 994.0 374.0 994.0 466.0 145.0 466.0 839.0 625.0 839.0 237.0 41.0 237.0 
2 3 1.31 1.31 930.0 726.0 930.0 13.0 6.0 13.0 393.0 30.0 393.0 
2 4 1.57 1.57 930.0 726.0 930.0 13.0 6.0 13.0 393.0 30.0 393.0 23.0 6.0 23.0 
2 3 1.87 1.87 917.0 742.0 917.0 645.0 230.0 645.0 629.0 447.0 629.0 
2 3 0.67 0.67 619.0 289.0 619.0 391.0 58.0 391.0 93.0 6.0 93.0 
2 4 0.98 0.98 619.0 289.0 619.0 391.0 58.0 391.0 93.0 6.0 93.0 540.0 164.0 540.0 
2 5 1.62 1.62 619.0 289.0 619.0 391.0 58.0 391.0 93.0 6.0 93.0 540.0 164.0 540.0 722.0 462.0 722.0 
2 3 1.16 1.16 959.0 47.0 959.0 161.0 158.0 161.0 694.0 90.0 694.0 
2 4 1.39 1.39 959.0 47.0 959.0 161.0 158.0 161.0 694.0 90.0 694.0 944.0 224.0 944.0 
2 3 1.26 1.26 75.0 42.0 75.0 28.0 8.0 28.0 341.0 144.0 341.0 
2 4 1.68 1.68 75.0 42.0 75.0 28.0 8.0 28.0 341.0 144.0 341.0 888.0 372.0 888.0 
2 5 1.79 1.79 75.0 42.0 75.0 28.0 8.0 28.0 341.0 144.0 341.0 888.0 372.0 888.0 701.0 74.0 701.0 
2 6 1.8 1.8 75.0 42.0 75.0 28.0 8.0 28.0 341.0 144.0 341.0 888.0 372.0 888.0 701.0 74.0 701.0 225.0 3.0 225.0 
2 3 1.67 1.67 232.0 137.0 232.0 772.0 590.0 772.0 643.0 207.0 643.0 
2 3 1.05 1.05 692.0 90.0 692.0 284.0 176.0 284.0 864.0 262.0 864.0 
2 4 1.22 1.22 692.0 90.0 692.0 284.0 176.0 284.0 864.0 262.0 864.0 366.0 64.0 366.0 
2 5 1.77 1.77 692.0 90.0 692.0 284.0 176.0 284.0 864.0 262.0 864.0 366.0 64.0 366.0 252.0 139.0 252.0 
2 6 1.85 1.85 692.0 90.0 692.0 284.0 176.0 284.0 864.0 262.0 864.0 366.0 64.0 366.0 252.0 139.0 252.0 665.0 48.0 665.0 
2 3 1.6 1.6 29.0 15.0 29.0 493.0 429.0 493.0 286.0 63.0 286.0 
2 3 1.27 1.27 928.0 530.0 928.0 820.0 249.0 820.0 658.0 263.0 658.0 
2 4 1.52 1.52 928.0 530.0 928.0 820.0 249.0 820.0 658.0 263.0 658.0 228.0 56.0 228.0 
2 5 1.83 1.83 928.0 530.0 928.0 820.0 249.0 820.0 658.0 263.0 658.0 228.0 56.0 228.0 316.0 101.0 316.0 
2 6 1.98 1.98 928.0 530.0 928.0 820.0 249.0 820.0 658.0 263.0 658.0 228.0 56.0 228.0 316.0 101.0 316.0 779.0 112.0 779.0 
2 3 1.24 1.24 170.0 20.0 170.0 296.0 73.0 296.0 698.0 612.0 698.0 
2 4 1.3 1.3 170.0 20.0 170.0 296.0 73.0 296.0 698.0 612.0 698.0 810.0 51.0 810.0 
2 5 1.52 1.52 170.0 20.0 170.0 296.0 73.0 296.0 698.0 612.0 698.0 810.0 51.0 810.0 792.0 175.0 792.0 
2 6 1.99 1.99 170.0 20.0 170.0 296.0 73.0 296.0 698.0 612.0 698.0 810.0 51.0 810.0 792.0 175.0 792.0 40.0 19.0 40.0 
2 3 1.24 1.24 803.0 176.0 803.0 468.0 48.0 468.0 618.0 568.0 618.0 
2 4 1.53 1.53 803.0 176.0 803.0 468.0 48.0 468.0 618.0 568.0 618.0 654.0 193.0 654.0 
2 3 1.3 1.3 66.0 42.0 66.0 309.0 71.0 309.0 23.0 10.0 23.0 
2 4 1.46 1.46 66.0 42.0 66.0 309.0 71.0 309.0 23.0 10.0 23.0 747.0 125.0 747.0 
2 5 1.63 1.63 66.0 42.0 66.0 309.0 71.0 309.0 23.0 10.0 23.0 747.0 125.0 747.0 468.0 79.0 468.0 
