1 2 0.72 0.72 387.0 101.0 387.0 923.0 430.0 923.0 
1 2 0.36 0.36 416.0 63.0 416.0 660.0 140.0 660.0 
1 3 0.67 0.67 416.0 63.0 416.0 660.0 140.0 660.0 16.0 5.0 16.0 
1 4 0.96 0.96 416.0 63.0 416.0 660.0 140.0 660.0 16.0 5.0 16.0 780.0 223.0 780.0 
1 2 0.3 0.3 692.0 160.0 692.0 237.0 17.0 237.0 
1 3 0.66 0.66 692.0 160.0 692.0 237.0 17.0 237.0 586.0 212.0 586.0 
1 4 0.77 0.77 692.0 160.0 692.0 237.0 17.0 237.0 586.0 212.0 586.0 143.0 16.0 143.0 
1 5 0.82 0.82 692.0 160.0 692.0 237.0 17.0 237.0 586.0 212.0 586.0 143.0 16.0 143.0 221.0 10.0 221.0 
1 2 0.85 0.85 841.0 396.0 841.0 515.0 198.0 515.0 
1 2 0.43 0.43 682.0 67.0 682.0 915.0 306.0 915.0 
1 2 0.47 0.47 463.0 96.0 463.0 174.0 47.0 174.0 
1 3 0.48 0.48 463.0 96.0 463.0 174.0 47.0 174.0 262.0 3.0 262.0 
1 4 0.92 0.92 463.0 96.0 463.0 174.0 47.0 174.0 262.0 3.0 262.0 644.0 282.0 644.0 
1 2 0.48 0.48 871.0 375.0 871.0 672.0 39.0 672.0 
1 3 0.83 0.83 871.0 375.0 871.0 672.0 39.0 672.0 963.0 333.0 963.0 
1 2 0.58 0.58 787.0 76.0 787.0 192.0 94.0 192.0 
1 3 0.97 0.97 787.0 76.0 787.0 192.0 94.0 192.0 219.0 86.0 219.0 
1 2 0.41 0.41 944.0 277.0 944.0 945.0 116.0 945.0 
1 3 0.77 0.77 944.0 277.0 944.0 945.0 116.0 945.0 639.0 232.0 639.0 
1 2 0.46 0.46 258.0 51.0 258.0 742.0 198.0 742.0 
1 3 0.81 0.81 258.0 51.0 258.0 742.0 198.0 742.0 384.0 133.0 384.0 
1 4 0.96 0.96 258.0 51.0 258.0 742.0 198.0 742.0 384.0 133.0 384.0 111.0 17.0 111.0 
1 2 0.18 0.18 923.0 147.0 923.0 930.0 22.0 930.0 
1 3 0.5 0.5 923.0 147.0 923.0 930.0 22.0 930.0 723.0 235.0 723.0 
1 4 0.64 0.64 923.0 147.0 923.0 930.0 22.0 930.0 723.0 235.0 723.0 997.0 141.0 997.0 
1 5 0.73 0.73 923.0 147.0 923.0 930.0 22.0 930.0 723.0 235.0 723.0 997.0 141.0 997.0 711.0 61.0 711.0 
1 2 0.91 0.91 638.0 384.0 638.0 947.0 294.0 947.0 
1 2 0.45 0.45 921.0 102.0 921.0 263.0 91.0 263.0 
1 3 0.83 0.83 921.0 102.0 921.0 263.0 91.0 263.0 377.0 141.0 377.0 
1 4 0.88 0.88 921.0 102.0 921.0 263.0 91.0 263.0 377.0 141.0 377.0 779.0 46.0 779.0 
1 2 0.65 0.65 282.0 174.0 282.0 306.0 11.0 306.0 
1 3 0.72 0.72 282.0 174.0 282.0 306.0 11.0 306.0 524.0 40.0 524.0 
1 4 0.85 0.85 282.0 174.0 282.0 306.0 11.0 306.0 524.0 40.0 524.0 628.0 78.0 628.0 
1 5 0.99 0.99 282.0 174.0 282.0 306.0 11.0 306.0 524.0 40.0 524.0 628.0 78.0 628.0 515.0 72.0 515.0 
1 2 0.61 0.61 446.0 78.0 446.0 397.0 174.0 397.0 
1 2 0.27 0.27 697.0 26.0 697.0 959.0 227.0 959.0 
1 3 0.75 0.75 697.0 26.0 697.0 959.0 227.0 959.0 87.0 42.0 87.0 
1 4 0.98 0.98 697.0 26.0 697.0 959.0 227.0 959.0 87.0 42.0 87.0 829.0 192.0 829.0 
1 5 0.99 0.99 697.0 26.0 697.0 959.0 227.0 959.0 87.0 42.0 87.0 829.0 192.0 829.0 533.0 1.0 533.0 
1 2 0.23 0.23 516.0 43.0 516.0 495.0 73.0 495.0 
1 2 0.25 0.25 84.0 17.0 84.0 272.0 15.0 272.0 
1 3 0.68 0.68 84.0 17.0 84.0 272.0 15.0 272.0 653.0 278.0 653.0 
1 2 0.76 0.76 322.0 71.0 322.0 274.0 148.0 274.0 
1 3 0.83 0.83 322.0 71.0 322.0 274.0 148.0 274.0 544.0 41.0 544.0 
1 2 0.6 0.6 610.0 130.0 610.0 559.0 220.0 559.0 
1 2 0.18 0.18 464.0 37.0 464.0 584.0 62.0 584.0 
1 3 0.63 0.63 464.0 37.0 464.0 584.0 62.0 584.0 859.0 390.0 859.0 
1 2 0.44 0.44 813.0 199.0 813.0 987.0 202.0 987.0 
1 3 0.74 0.74 813.0 199.0 813.0 987.0 202.0 987.0 589.0 177.0 589.0 
1 4 0.99 0.99 813.0 199.0 813.0 987.0 202.0 987.0 589.0 177.0 589.0 270.0 67.0 270.0 
1 2 0.32 0.32 322.0 55.0 322.0 847.0 132.0 847.0 
1 3 0.79 0.79 322.0 55.0 322.0 847.0 132.0 847.0 28.0 13.0 28.0 
1 2 0.62 0.62 580.0 237.0 580.0 921.0 201.0 921.0 
1 3 0.71 0.71 580.0 237.0 580.0 921.0 201.0 921.0 530.0 49.0 530.0 
1 2 0.83 0.83 338.0 165.0 338.0 655.0 227.0 655.0 
1 2 0.27 0.27 370.0 79.0 370.0 142.0 9.0 142.0 
1 3 0.67 0.67 370.0 79.0 370.0 142.0 9.0 142.0 539.0 213.0 539.0 
1 2 0.85 0.85 304.0 13.0 304.0 575.0 469.0 575.0 
1 2 0.77 0.77 643.0 226.0 643.0 525.0 222.0 525.0 
1 2 0.16 0.16 601.0 43.0 601.0 211.0 19.0 211.0 
1 3 0.35 0.35 601.0 43.0 601.0 211.0 19.0 211.0 317.0 61.0 317.0 
1 4 0.5 0.5 601.0 43.0 601.0 211.0 19.0 211.0 317.0 61.0 317.0 810.0 121.0 810.0 
1 5 0.52 0.52 601.0 43.0 601.0 211.0 19.0 211.0 317.0 61.0 317.0 810.0 121.0 810.0 53.0 1.0 53.0 
1 6 0.76 0.76 601.0 43.0 601.0 211.0 19.0 211.0 317.0 61.0 317.0 810.0 121.0 810.0 53.0 1.0 53.0 135.0 33.0 135.0 
1 2 0.87 0.87 730.0 274.0 730.0 2.0 1.0 2.0 
1 2 0.33 0.33 687.0 57.0 687.0 221.0 55.0 221.0 
1 3 0.8 0.8 687.0 57.0 687.0 221.0 55.0 221.0 334.0 159.0 334.0 
1 2 0.69 0.69 6.0 3.0 6.0 334.0 66.0 334.0 
1 3 0.76 0.76 6.0 3.0 6.0 334.0 66.0 334.0 538.0 34.0 538.0 
1 2 0.58 0.58 956.0 79.0 956.0 338.0 169.0 338.0 
1 3 0.69 0.69 956.0 79.0 956.0 338.0 169.0 338.0 718.0 84.0 718.0 
1 4 0.88 0.88 956.0 79.0 956.0 338.0 169.0 338.0 718.0 84.0 718.0 952.0 173.0 952.0 
1 2 0.49 0.49 833.0 111.0 833.0 929.0 337.0 929.0 
1 3 0.98 0.98 833.0 111.0 833.0 929.0 337.0 929.0 324.0 158.0 324.0 
1 2 0.39 0.39 934.0 174.0 934.0 902.0 184.0 902.0 
1 3 0.83 0.83 934.0 174.0 934.0 902.0 184.0 902.0 428.0 190.0 428.0 
1 2 0.19 0.19 808.0 126.0 808.0 438.0 19.0 438.0 
1 3 0.8 0.8 808.0 126.0 808.0 438.0 19.0 438.0 712.0 433.0 712.0 
1 2 0.77 0.77 963.0 307.0 963.0 871.0 394.0 871.0 
1 2 0.63 0.63 566.0 77.0 566.0 283.0 140.0 283.0 
1 3 0.94 0.94 566.0 77.0 566.0 283.0 140.0 283.0 962.0 302.0 962.0 
1 2 0.47 0.47 188.0 54.0 188.0 393.0 75.0 393.0 
1 3 0.49 0.49 188.0 54.0 188.0 393.0 75.0 393.0 996.0 16.0 996.0 
1 4 0.73 0.73 188.0 54.0 188.0 393.0 75.0 393.0 996.0 16.0 996.0 105.0 25.0 105.0 
1 5 0.81 0.81 188.0 54.0 188.0 393.0 75.0 393.0 996.0 16.0 996.0 105.0 25.0 105.0 139.0 12.0 139.0 
1 2 0.37 0.37 531.0 50.0 531.0 701.0 200.0 701.0 
1 3 0.53 0.53 531.0 50.0 531.0 701.0 200.0 701.0 453.0 70.0 453.0 
1 4 0.78 0.78 531.0 50.0 531.0 701.0 200.0 701.0 453.0 70.0 453.0 266.0 66.0 266.0 
1 5 0.91 0.91 531.0 50.0 531.0 701.0 200.0 701.0 453.0 70.0 453.0 266.0 66.0 266.0 226.0 31.0 226.0 
1 2 0.34 0.34 978.0 236.0 978.0 291.0 31.0 291.0 
1 3 0.79 0.79 978.0 236.0 978.0 291.0 31.0 291.0 968.0 434.0 968.0 
1 4 0.97 0.97 978.0 236.0 978.0 291.0 31.0 291.0 968.0 434.0 968.0 34.0 6.0 34.0 
1 2 0.77 0.77 134.0 45.0 134.0 913.0 403.0 913.0 
1 2 0.14 0.14 215.0 7.0 215.0 270.0 30.0 270.0 
1 3 0.58 0.58 215.0 7.0 215.0 270.0 30.0 270.0 77.0 34.0 77.0 
1 4 0.85 0.85 215.0 7.0 215.0 270.0 30.0 270.0 77.0 34.0 77.0 113.0 31.0 113.0 
1 5 0.91 0.91 215.0 7.0 215.0 270.0 30.0 270.0 77.0 34.0 77.0 113.0 31.0 113.0 376.0 20.0 376.0 
1 2 0.71 0.71 508.0 221.0 508.0 164.0 46.0 164.0 
1 2 0.56 0.56 271.0 95.0 271.0 947.0 205.0 947.0 
1 3 0.6 0.6 271.0 95.0 271.0 947.0 205.0 947.0 604.0 25.0 604.0 
1 4 0.99 0.99 271.0 95.0 271.0 947.0 205.0 947.0 604.0 25.0 604.0 147.0 57.0 147.0 
1 2 0.26 0.26 881.0 54.0 881.0 830.0 169.0 830.0 
1 3 0.49 0.49 881.0 54.0 881.0 830.0 169.0 830.0 13.0 3.0 13.0 
1 4 0.96 0.96 881.0 54.0 881.0 830.0 169.0 830.0 13.0 3.0 13.0 659.0 311.0 659.0 
1 2 0.5 0.5 704.0 200.0 704.0 231.0 50.0 231.0 
1 3 0.9 0.9 704.0 200.0 704.0 231.0 50.0 231.0 22.0 9.0 22.0 
1 4 0.94 0.94 704.0 200.0 704.0 231.0 50.0 231.0 22.0 9.0 22.0 545.0 20.0 545.0 
1 2 0.39 0.39 697.0 166.0 697.0 121.0 19.0 121.0 
1 3 0.43 0.43 697.0 166.0 697.0 121.0 19.0 121.0 709.0 30.0 709.0 
1 4 0.65 0.65 697.0 166.0 697.0 121.0 19.0 121.0 709.0 30.0 709.0 752.0 162.0 752.0 
1 5 0.82 0.82 697.0 166.0 697.0 121.0 19.0 121.0 709.0 30.0 709.0 752.0 162.0 752.0 946.0 167.0 946.0 
1 2 0.66 0.66 958.0 268.0 958.0 898.0 349.0 898.0 
1 2 0.47 0.47 7.0 2.0 7.0 508.0 98.0 508.0 
1 3 0.65 0.65 7.0 2.0 7.0 508.0 98.0 508.0 265.0 47.0 265.0 
1 4 0.82 0.82 7.0 2.0 7.0 508.0 98.0 508.0 265.0 47.0 265.0 412.0 70.0 412.0 
1 5 0.88 0.88 7.0 2.0 7.0 508.0 98.0 508.0 265.0 47.0 265.0 412.0 70.0 412.0 921.0 54.0 921.0 
1 2 0.29 0.29 318.0 63.0 318.0 515.0 48.0 515.0 
1 3 0.52 0.52 318.0 63.0 318.0 515.0 48.0 515.0 841.0 198.0 841.0 
1 4 0.76 0.76 318.0 63.0 318.0 515.0 48.0 515.0 841.0 198.0 841.0 905.0 215.0 905.0 
1 2 0.38 0.38 466.0 94.0 466.0 745.0 136.0 745.0 
1 3 0.69 0.69 466.0 94.0 466.0 745.0 136.0 745.0 992.0 310.0 992.0 
1 2 0.98 0.98 10.0 1.0 10.0 223.0 198.0 223.0 
1 2 0.68 0.68 688.0 232.0 688.0 574.0 198.0 574.0 
1 2 0.83 0.83 867.0 348.0 867.0 918.0 398.0 918.0 
1 3 0.91 0.91 867.0 348.0 867.0 918.0 398.0 918.0 412.0 35.0 412.0 
1 2 0.66 0.66 736.0 191.0 736.0 209.0 85.0 209.0 
1 3 0.97 0.97 736.0 191.0 736.0 209.0 85.0 209.0 431.0 131.0 431.0 
1 4 0.97 0.97 736.0 191.0 736.0 209.0 85.0 209.0 431.0 131.0 431.0 577.0 1.0 577.0 
1 2 0.77 0.77 3.0 1.0 3.0 521.0 231.0 521.0 
1 3 0.78 0.78 3.0 1.0 3.0 521.0 231.0 521.0 111.0 1.0 111.0 
1 4 0.93 0.93 3.0 1.0 3.0 521.0 231.0 521.0 111.0 1.0 111.0 799.0 118.0 799.0 
1 2 0.44 0.44 551.0 48.0 551.0 760.0 275.0 760.0 
1 3 0.65 0.65 551.0 48.0 551.0 760.0 275.0 760.0 186.0 39.0 186.0 
1 2 0.52 0.52 821.0 374.0 821.0 339.0 25.0 339.0 
1 3 0.97 0.97 821.0 374.0 821.0 339.0 25.0 339.0 179.0 80.0 179.0 
1 2 0.37 0.37 335.0 90.0 335.0 460.0 49.0 460.0 
1 3 0.47 0.47 335.0 90.0 335.0 460.0 49.0 460.0 378.0 36.0 378.0 
1 4 0.59 0.59 335.0 90.0 335.0 460.0 49.0 460.0 378.0 36.0 378.0 504.0 65.0 504.0 
1 2 0.49 0.49 998.0 149.0 998.0 309.0 108.0 309.0 
1 3 0.89 0.89 998.0 149.0 998.0 309.0 108.0 309.0 233.0 92.0 233.0 
1 2 0.61 0.61 721.0 122.0 721.0 957.0 424.0 957.0 
1 3 0.95 0.95 721.0 122.0 721.0 957.0 424.0 957.0 860.0 293.0 860.0 
1 2 0.54 0.54 244.0 104.0 244.0 659.0 78.0 659.0 
1 3 0.87 0.87 244.0 104.0 244.0 659.0 78.0 659.0 313.0 104.0 313.0 
1 2 0.73 0.73 885.0 321.0 885.0 200.0 74.0 200.0 
1 2 0.6 0.6 61.0 17.0 61.0 376.0 124.0 376.0 
1 3 0.99 0.99 61.0 17.0 61.0 376.0 124.0 376.0 826.0 320.0 826.0 
1 2 0.6 0.6 819.0 489.0 819.0 268.0 1.0 268.0 
1 2 0.57 0.57 725.0 330.0 725.0 351.0 43.0 351.0 
1 3 0.59 0.59 725.0 330.0 725.0 351.0 43.0 351.0 643.0 14.0 643.0 
1 4 0.97 0.97 725.0 330.0 725.0 351.0 43.0 351.0 643.0 14.0 643.0 146.0 55.0 146.0 
1 2 0.32 0.32 224.0 65.0 224.0 244.0 9.0 244.0 
1 3 0.56 0.56 224.0 65.0 224.0 244.0 9.0 244.0 565.0 135.0 565.0 
1 4 0.65 0.65 224.0 65.0 224.0 244.0 9.0 244.0 565.0 135.0 565.0 985.0 86.0 985.0 
1 2 0.72 0.72 307.0 81.0 307.0 56.0 26.0 56.0 
1 3 0.97 0.97 307.0 81.0 307.0 56.0 26.0 56.0 514.0 125.0 514.0 
1 2 0.3 0.3 471.0 115.0 471.0 808.0 52.0 808.0 
1 3 0.78 0.78 471.0 115.0 471.0 808.0 52.0 808.0 428.0 202.0 428.0 
1 4 0.95 0.95 471.0 115.0 471.0 808.0 52.0 808.0 428.0 202.0 428.0 35.0 6.0 35.0 
1 2 0.09 0.09 630.0 5.0 630.0 852.0 77.0 852.0 
1 3 0.53 0.53 630.0 5.0 630.0 852.0 77.0 852.0 673.0 296.0 673.0 
1 4 0.62 0.62 630.0 5.0 630.0 852.0 77.0 852.0 673.0 296.0 673.0 959.0 84.0 959.0 
1 2 0.6 0.6 448.0 71.0 448.0 314.0 139.0 314.0 
1 2 0.38 0.38 782.0 65.0 782.0 446.0 134.0 446.0 
1 3 0.41 0.41 782.0 65.0 782.0 446.0 134.0 446.0 58.0 2.0 58.0 
1 4 0.82 0.82 782.0 65.0 782.0 446.0 134.0 446.0 58.0 2.0 58.0 281.0 114.0 281.0 
1 2 0.92 0.92 873.0 120.0 873.0 157.0 124.0 157.0 
1 2 0.83 0.83 506.0 258.0 506.0 953.0 314.0 953.0 
1 2 0.49 0.49 336.0 90.0 336.0 105.0 24.0 105.0 
1 3 0.71 0.71 336.0 90.0 336.0 105.0 24.0 105.0 555.0 119.0 555.0 
1 4 0.92 0.92 336.0 90.0 336.0 105.0 24.0 105.0 555.0 119.0 555.0 340.0 74.0 340.0 
1 2 0.67 0.67 116.0 49.0 116.0 338.0 87.0 338.0 
1 2 0.14 0.14 919.0 119.0 919.0 739.0 10.0 739.0 
1 3 0.46 0.46 919.0 119.0 919.0 739.0 10.0 739.0 215.0 70.0 215.0 
1 4 0.52 0.52 919.0 119.0 919.0 739.0 10.0 739.0 215.0 70.0 215.0 279.0 17.0 279.0 
1 5 0.86 0.86 919.0 119.0 919.0 739.0 10.0 739.0 215.0 70.0 215.0 279.0 17.0 279.0 987.0 332.0 987.0 
1 2 0.86 0.86 764.0 302.0 764.0 287.0 136.0 287.0 
1 2 0.48 0.48 478.0 9.0 478.0 268.0 124.0 268.0 
1 3 0.85 0.85 478.0 9.0 478.0 268.0 124.0 268.0 926.0 344.0 926.0 
1 2 0.18 0.18 661.0 94.0 661.0 458.0 20.0 458.0 
1 3 0.56 0.56 661.0 94.0 661.0 458.0 20.0 458.0 617.0 232.0 617.0 
1 4 0.75 0.75 661.0 94.0 661.0 458.0 20.0 458.0 617.0 232.0 617.0 127.0 24.0 127.0 
1 2 0.09 0.09 983.0 48.0 983.0 995.0 49.0 995.0 
1 3 0.42 0.42 983.0 48.0 983.0 995.0 49.0 995.0 107.0 35.0 107.0 
1 4 0.8 0.8 983.0 48.0 983.0 995.0 49.0 995.0 107.0 35.0 107.0 632.0 243.0 632.0 
1 5 0.89 0.89 983.0 48.0 983.0 995.0 49.0 995.0 107.0 35.0 107.0 632.0 243.0 632.0 595.0 53.0 595.0 
1 2 0.62 0.62 698.0 318.0 698.0 854.0 147.0 854.0 
1 3 0.81 0.81 698.0 318.0 698.0 854.0 147.0 854.0 107.0 20.0 107.0 
1 4 0.98 0.98 698.0 318.0 698.0 854.0 147.0 854.0 107.0 20.0 107.0 896.0 153.0 896.0 
1 2 0.56 0.56 544.0 50.0 544.0 383.0 183.0 383.0 
1 2 0.53 0.53 71.0 12.0 71.0 996.0 361.0 996.0 
1 2 0.45 0.45 400.0 135.0 400.0 862.0 100.0 862.0 
1 3 0.55 0.55 400.0 135.0 400.0 862.0 100.0 862.0 578.0 57.0 578.0 
1 4 0.88 0.88 400.0 135.0 400.0 862.0 100.0 862.0 578.0 57.0 578.0 24.0 8.0 24.0 
1 5 0.95 0.95 400.0 135.0 400.0 862.0 100.0 862.0 578.0 57.0 578.0 24.0 8.0 24.0 230.0 17.0 230.0 
1 2 0.67 0.67 690.0 120.0 690.0 331.0 165.0 331.0 
1 3 0.68 0.68 690.0 120.0 690.0 331.0 165.0 331.0 303.0 3.0 303.0 
1 4 0.73 0.73 690.0 120.0 690.0 331.0 165.0 331.0 303.0 3.0 303.0 316.0 16.0 316.0 
1 2 0.71 0.71 866.0 270.0 866.0 693.0 282.0 693.0 
1 2 0.38 0.38 781.0 225.0 781.0 160.0 15.0 160.0 
1 3 0.83 0.83 781.0 225.0 781.0 160.0 15.0 160.0 711.0 322.0 711.0 
1 2 0.48 0.48 7.0 1.0 7.0 107.0 37.0 107.0 
1 3 0.55 0.55 7.0 1.0 7.0 107.0 37.0 107.0 441.0 28.0 441.0 
1 4 0.68 0.68 7.0 1.0 7.0 107.0 37.0 107.0 441.0 28.0 441.0 534.0 72.0 534.0 
1 5 0.91 0.91 7.0 1.0 7.0 107.0 37.0 107.0 441.0 28.0 441.0 534.0 72.0 534.0 553.0 128.0 553.0 
1 6 0.96 0.96 7.0 1.0 7.0 107.0 37.0 107.0 441.0 28.0 441.0 534.0 72.0 534.0 553.0 128.0 553.0 777.0 39.0 777.0 
1 2 0.93 0.93 809.0 397.0 809.0 546.0 242.0 546.0 
1 2 0.61 0.61 618.0 264.0 618.0 720.0 134.0 720.0 
1 3 0.87 0.87 618.0 264.0 618.0 720.0 134.0 720.0 133.0 35.0 133.0 
1 2 0.48 0.48 312.0 94.0 312.0 720.0 130.0 720.0 
1 3 0.63 0.63 312.0 94.0 312.0 720.0 130.0 720.0 633.0 100.0 633.0 
1 4 0.98 0.98 312.0 94.0 312.0 720.0 130.0 720.0 633.0 100.0 633.0 93.0 32.0 93.0 
1 2 0.68 0.68 746.0 198.0 746.0 451.0 190.0 451.0 
1 2 0.28 0.28 641.0 178.0 641.0 493.0 2.0 493.0 
1 3 0.44 0.44 641.0 178.0 641.0 493.0 2.0 493.0 916.0 150.0 916.0 
1 4 0.59 0.59 641.0 178.0 641.0 493.0 2.0 493.0 916.0 150.0 916.0 345.0 53.0 345.0 
1 5 0.98 0.98 641.0 178.0 641.0 493.0 2.0 493.0 916.0 150.0 916.0 345.0 53.0 345.0 688.0 267.0 688.0 
1 2 0.79 0.79 244.0 118.0 244.0 539.0 167.0 539.0 
1 2 0.33 0.33 363.0 4.0 363.0 965.0 312.0 965.0 
1 3 0.53 0.53 363.0 4.0 363.0 965.0 312.0 965.0 718.0 146.0 718.0 
1 2 0.65 0.65 555.0 151.0 555.0 388.0 150.0 388.0 
1 2 0.73 0.73 176.0 50.0 176.0 440.0 200.0 440.0 
1 2 0.61 0.61 875.0 1.0 875.0 776.0 478.0 776.0 
1 2 0.5 0.5 581.0 92.0 581.0 393.0 137.0 393.0 
1 3 0.63 0.63 581.0 92.0 581.0 393.0 137.0 393.0 161.0 21.0 161.0 
1 4 0.98 0.98 581.0 92.0 581.0 393.0 137.0 393.0 161.0 21.0 161.0 369.0 128.0 369.0 
1 2 0.72 0.72 753.0 474.0 753.0 667.0 67.0 667.0 
1 3 0.91 0.91 753.0 474.0 753.0 667.0 67.0 667.0 238.0 44.0 238.0 
1 2 0.44 0.44 697.0 99.0 697.0 396.0 119.0 396.0 
1 3 0.92 0.92 697.0 99.0 697.0 396.0 119.0 396.0 852.0 414.0 852.0 
1 2 0.63 0.63 320.0 132.0 320.0 870.0 196.0 870.0 
1 2 0.66 0.66 174.0 56.0 174.0 623.0 216.0 623.0 
1 2 0.52 0.52 649.0 94.0 649.0 818.0 311.0 818.0 
1 2 0.46 0.46 27.0 9.0 27.0 804.0 108.0 804.0 
1 3 0.62 0.62 27.0 9.0 27.0 804.0 108.0 804.0 705.0 113.0 705.0 
1 2 0.28 0.28 603.0 40.0 603.0 891.0 197.0 891.0 
1 3 0.49 0.49 603.0 40.0 603.0 891.0 197.0 891.0 553.0 113.0 553.0 
1 4 0.99 0.99 603.0 40.0 603.0 891.0 197.0 891.0 553.0 113.0 553.0 607.0 304.0 607.0 
1 2 0.11 0.11 160.0 12.0 160.0 890.0 37.0 890.0 
1 3 0.34 0.34 160.0 12.0 160.0 890.0 37.0 890.0 295.0 68.0 295.0 
1 4 0.66 0.66 160.0 12.0 160.0 890.0 37.0 890.0 295.0 68.0 295.0 865.0 275.0 865.0 
1 2 0.95 0.95 650.0 321.0 650.0 834.0 381.0 834.0 
1 2 0.26 0.26 558.0 84.0 558.0 617.0 72.0 617.0 
1 3 0.29 0.29 558.0 84.0 558.0 617.0 72.0 617.0 347.0 9.0 347.0 
1 4 0.48 0.48 558.0 84.0 558.0 617.0 72.0 617.0 347.0 9.0 347.0 755.0 147.0 755.0 
1 5 0.93 0.93 558.0 84.0 558.0 617.0 72.0 617.0 347.0 9.0 347.0 755.0 147.0 755.0 512.0 227.0 512.0 
1 2 0.56 0.56 870.0 82.0 870.0 315.0 149.0 315.0 
1 2 0.8 0.8 564.0 245.0 564.0 559.0 205.0 559.0 
1 3 0.88 0.88 564.0 245.0 564.0 559.0 205.0 559.0 428.0 36.0 428.0 
1 2 0.14 0.14 717.0 92.0 717.0 798.0 15.0 798.0 
1 3 0.41 0.41 717.0 92.0 717.0 798.0 15.0 798.0 137.0 37.0 137.0 
1 4 0.67 0.67 717.0 92.0 717.0 798.0 15.0 798.0 137.0 37.0 137.0 599.0 157.0 599.0 
1 5 0.76 0.76 717.0 92.0 717.0 798.0 15.0 798.0 137.0 37.0 137.0 599.0 157.0 599.0 278.0 23.0 278.0 
1 2 0.44 0.44 649.0 82.0 649.0 837.0 264.0 837.0 
1 3 0.67 0.67 649.0 82.0 649.0 837.0 264.0 837.0 443.0 104.0 443.0 
1 4 0.97 0.97 649.0 82.0 649.0 837.0 264.0 837.0 443.0 104.0 443.0 77.0 23.0 77.0 
1 2 0.84 0.84 302.0 4.0 302.0 175.0 146.0 175.0 
1 3 0.91 0.91 302.0 4.0 302.0 175.0 146.0 175.0 399.0 28.0 399.0 
1 2 0.41 0.41 546.0 155.0 546.0 722.0 94.0 722.0 
1 3 0.54 0.54 546.0 155.0 546.0 722.0 94.0 722.0 238.0 31.0 238.0 
1 4 0.84 0.84 546.0 155.0 546.0 722.0 94.0 722.0 238.0 31.0 238.0 280.0 84.0 280.0 
1 2 0.1 0.1 624.0 30.0 624.0 498.0 27.0 498.0 
1 3 0.14 0.14 624.0 30.0 624.0 498.0 27.0 498.0 504.0 21.0 504.0 
1 4 0.17 0.17 624.0 30.0 624.0 498.0 27.0 498.0 504.0 21.0 504.0 698.0 24.0 698.0 
1 5 0.33 0.33 624.0 30.0 624.0 498.0 27.0 498.0 504.0 21.0 504.0 698.0 24.0 698.0 493.0 76.0 493.0 
1 6 0.57 0.57 624.0 30.0 624.0 498.0 27.0 498.0 504.0 21.0 504.0 698.0 24.0 698.0 493.0 76.0 493.0 816.0 201.0 816.0 
1 2 0.9 0.9 379.0 166.0 379.0 993.0 466.0 993.0 
1 2 0.19 0.19 411.0 33.0 411.0 643.0 72.0 643.0 
1 3 0.49 0.49 411.0 33.0 411.0 643.0 72.0 643.0 129.0 39.0 129.0 
1 4 0.92 0.92 411.0 33.0 411.0 643.0 72.0 643.0 129.0 39.0 129.0 747.0 321.0 747.0 
1 2 0.48 0.48 339.0 21.0 339.0 374.0 160.0 374.0 
1 2 0.44 0.44 133.0 56.0 133.0 865.0 18.0 865.0 
1 3 0.94 0.94 133.0 56.0 133.0 865.0 18.0 865.0 2.0 1.0 2.0 
1 2 0.41 0.41 563.0 211.0 563.0 532.0 22.0 532.0 
1 3 0.45 0.45 563.0 211.0 563.0 532.0 22.0 532.0 559.0 21.0 559.0 
1 4 0.88 0.88 563.0 211.0 563.0 532.0 22.0 532.0 559.0 21.0 559.0 849.0 364.0 849.0 
1 2 0.6 0.6 638.0 179.0 638.0 716.0 230.0 716.0 
1 3 0.64 0.64 638.0 179.0 638.0 716.0 230.0 716.0 24.0 1.0 24.0 
1 2 0.94 0.94 389.0 294.0 389.0 157.0 30.0 157.0 
1 2 0.7 0.7 34.0 17.0 34.0 412.0 86.0 412.0 
1 2 0.36 0.36 219.0 35.0 219.0 108.0 22.0 108.0 
1 3 0.39 0.39 219.0 35.0 219.0 108.0 22.0 108.0 319.0 10.0 319.0 
1 4 0.91 0.91 219.0 35.0 219.0 108.0 22.0 108.0 319.0 10.0 319.0 731.0 381.0 731.0 
1 2 0.25 0.25 833.0 164.0 833.0 180.0 10.0 180.0 
1 3 0.3 0.3 833.0 164.0 833.0 180.0 10.0 180.0 263.0 15.0 263.0 
1 4 0.45 0.45 833.0 164.0 833.0 180.0 10.0 180.0 263.0 15.0 263.0 319.0 48.0 319.0 
1 5 0.64 0.64 833.0 164.0 833.0 180.0 10.0 180.0 263.0 15.0 263.0 319.0 48.0 319.0 680.0 127.0 680.0 
1 6 0.8 0.8 833.0 164.0 833.0 180.0 10.0 180.0 263.0 15.0 263.0 319.0 48.0 319.0 680.0 127.0 680.0 64.0 10.0 64.0 
1 2 0.52 0.52 989.0 377.0 989.0 936.0 130.0 936.0 
1 3 0.95 0.95 989.0 377.0 989.0 936.0 130.0 936.0 302.0 131.0 302.0 
1 2 0.23 0.23 183.0 18.0 183.0 868.0 120.0 868.0 
1 3 0.45 0.45 183.0 18.0 183.0 868.0 120.0 868.0 827.0 181.0 827.0 
1 4 0.83 0.83 183.0 18.0 183.0 868.0 120.0 868.0 827.0 181.0 827.0 105.0 40.0 105.0 
1 2 0.6 0.6 841.0 210.0 841.0 240.0 85.0 240.0 
1 3 0.63 0.63 841.0 210.0 841.0 240.0 85.0 240.0 36.0 1.0 36.0 
1 4 0.86 0.86 841.0 210.0 841.0 240.0 85.0 240.0 36.0 1.0 36.0 680.0 156.0 680.0 
1 2 0.5 0.5 341.0 78.0 341.0 197.0 55.0 197.0 
1 3 0.73 0.73 341.0 78.0 341.0 197.0 55.0 197.0 959.0 215.0 959.0 
1 4 0.95 0.95 341.0 78.0 341.0 197.0 55.0 197.0 959.0 215.0 959.0 811.0 182.0 811.0 
1 2 0.67 0.67 115.0 65.0 115.0 902.0 99.0 902.0 
1 3 0.9 0.9 115.0 65.0 115.0 902.0 99.0 902.0 30.0 7.0 30.0 
1 2 0.92 0.92 150.0 39.0 150.0 236.0 157.0 236.0 
1 2 0.87 0.87 739.0 294.0 739.0 916.0 438.0 916.0 
1 2 0.64 0.64 468.0 175.0 468.0 911.0 245.0 911.0 
1 3 0.88 0.88 468.0 175.0 468.0 911.0 245.0 911.0 218.0 52.0 218.0 
1 2 0.72 0.72 923.0 448.0 923.0 86.0 21.0 86.0 
1 2 0.28 0.28 25.0 3.0 25.0 182.0 30.0 182.0 
1 3 0.45 0.45 25.0 3.0 25.0 182.0 30.0 182.0 65.0 11.0 65.0 
1 4 0.78 0.78 25.0 3.0 25.0 182.0 30.0 182.0 65.0 11.0 65.0 634.0 211.0 634.0 
1 5 0.93 0.93 25.0 3.0 25.0 182.0 30.0 182.0 65.0 11.0 65.0 634.0 211.0 634.0 53.0 8.0 53.0 
1 2 0.37 0.37 875.0 91.0 875.0 203.0 54.0 203.0 
1 3 0.76 0.76 875.0 91.0 875.0 203.0 54.0 203.0 507.0 199.0 507.0 
1 2 0.2 0.2 485.0 11.0 485.0 787.0 142.0 787.0 
1 3 0.57 0.57 485.0 11.0 485.0 787.0 142.0 787.0 128.0 48.0 128.0 
1 4 0.86 0.86 485.0 11.0 485.0 787.0 142.0 787.0 128.0 48.0 128.0 86.0 25.0 86.0 
1 5 0.9 0.9 485.0 11.0 485.0 787.0 142.0 787.0 128.0 48.0 128.0 86.0 25.0 86.0 188.0 7.0 188.0 
1 2 0.6 0.6 537.0 56.0 537.0 735.0 367.0 735.0 
1 3 0.61 0.61 537.0 56.0 537.0 735.0 367.0 735.0 720.0 10.0 720.0 
1 4 0.65 0.65 537.0 56.0 537.0 735.0 367.0 735.0 720.0 10.0 720.0 627.0 21.0 627.0 
1 2 0.51 0.51 757.0 61.0 757.0 462.0 200.0 462.0 
1 3 0.8 0.8 757.0 61.0 757.0 462.0 200.0 462.0 135.0 40.0 135.0 
1 2 0.46 0.46 689.0 44.0 689.0 879.0 355.0 879.0 
1 3 0.6 0.6 689.0 44.0 689.0 879.0 355.0 879.0 832.0 115.0 832.0 
1 2 0.83 0.83 126.0 60.0 126.0 134.0 48.0 134.0 
1 2 0.22 0.22 5.0 1.0 5.0 245.0 7.0 245.0 
1 3 0.38 0.38 5.0 1.0 5.0 245.0 7.0 245.0 642.0 102.0 642.0 
1 4 0.74 0.74 5.0 1.0 5.0 245.0 7.0 245.0 642.0 102.0 642.0 509.0 182.0 509.0 
1 2 0.87 0.87 622.0 178.0 622.0 70.0 41.0 70.0 
1 2 0.27 0.27 603.0 105.0 603.0 19.0 2.0 19.0 
1 3 0.67 0.67 603.0 105.0 603.0 19.0 2.0 19.0 28.0 11.0 28.0 
1 4 0.86 0.86 603.0 105.0 603.0 19.0 2.0 19.0 28.0 11.0 28.0 217.0 42.0 217.0 
1 5 0.93 0.93 603.0 105.0 603.0 19.0 2.0 19.0 28.0 11.0 28.0 217.0 42.0 217.0 976.0 72.0 976.0 
1 2 0.68 0.68 251.0 54.0 251.0 121.0 57.0 121.0 
1 3 0.94 0.94 251.0 54.0 251.0 121.0 57.0 121.0 539.0 141.0 539.0 
1 4 0.95 0.95 251.0 54.0 251.0 121.0 57.0 121.0 539.0 141.0 539.0 756.0 2.0 756.0 
1 5 0.96 0.96 251.0 54.0 251.0 121.0 57.0 121.0 539.0 141.0 539.0 756.0 2.0 756.0 811.0 12.0 811.0 
1 2 0.91 0.91 95.0 85.0 95.0 52.0 1.0 52.0 
1 3 0.98 0.98 95.0 85.0 95.0 52.0 1.0 52.0 313.0 23.0 313.0 
1 2 0.63 0.63 729.0 170.0 729.0 202.0 81.0 202.0 
1 2 0.55 0.55 259.0 130.0 259.0 277.0 16.0 277.0 
1 3 0.64 0.64 259.0 130.0 259.0 277.0 16.0 277.0 607.0 54.0 607.0 
1 4 0.85 0.85 259.0 130.0 259.0 277.0 16.0 277.0 607.0 54.0 607.0 741.0 155.0 741.0 
1 2 0.46 0.46 18.0 1.0 18.0 266.0 110.0 266.0 
1 3 0.79 0.79 18.0 1.0 18.0 266.0 110.0 266.0 758.0 247.0 758.0 
1 4 0.97 0.97 18.0 1.0 18.0 266.0 110.0 266.0 758.0 247.0 758.0 974.0 179.0 974.0 
1 2 0.39 0.39 849.0 86.0 849.0 257.0 75.0 257.0 
1 3 0.39 0.39 849.0 86.0 849.0 257.0 75.0 257.0 979.0 4.0 979.0 
1 4 0.4 0.4 849.0 86.0 849.0 257.0 75.0 257.0 979.0 4.0 979.0 399.0 2.0 399.0 
1 5 0.69 0.69 849.0 86.0 849.0 257.0 75.0 257.0 979.0 4.0 979.0 399.0 2.0 399.0 172.0 51.0 172.0 
1 2 0.72 0.72 779.0 184.0 779.0 880.0 431.0 880.0 
1 2 0.39 0.39 403.0 144.0 403.0 386.0 16.0 386.0 
1 3 0.41 0.41 403.0 144.0 403.0 386.0 16.0 386.0 889.0 12.0 889.0 
1 4 0.45 0.45 403.0 144.0 403.0 386.0 16.0 386.0 889.0 12.0 889.0 823.0 38.0 823.0 
1 5 0.6 0.6 403.0 144.0 403.0 386.0 16.0 386.0 889.0 12.0 889.0 823.0 38.0 823.0 817.0 121.0 817.0 
1 6 0.74 0.74 403.0 144.0 403.0 386.0 16.0 386.0 889.0 12.0 889.0 823.0 38.0 823.0 817.0 121.0 817.0 791.0 110.0 791.0 
1 2 0.8 0.8 239.0 80.0 239.0 856.0 402.0 856.0 
1 2 0.77 0.77 290.0 91.0 290.0 985.0 450.0 985.0 
1 2 0.55 0.55 418.0 157.0 418.0 315.0 57.0 315.0 
1 3 0.72 0.72 418.0 157.0 418.0 315.0 57.0 315.0 121.0 20.0 121.0 
1 2 0.33 0.33 476.0 116.0 476.0 123.0 11.0 123.0 
1 3 0.38 0.38 476.0 116.0 476.0 123.0 11.0 123.0 156.0 8.0 156.0 
1 4 0.48 0.48 476.0 116.0 476.0 123.0 11.0 123.0 156.0 8.0 156.0 774.0 77.0 774.0 
1 5 0.71 0.71 476.0 116.0 476.0 123.0 11.0 123.0 156.0 8.0 156.0 774.0 77.0 774.0 913.0 215.0 913.0 
1 6 0.79 0.79 476.0 116.0 476.0 123.0 11.0 123.0 156.0 8.0 156.0 774.0 77.0 774.0 913.0 215.0 913.0 215.0 17.0 215.0 
1 2 0.23 0.23 390.0 13.0 390.0 83.0 17.0 83.0 
1 3 0.58 0.58 390.0 13.0 390.0 83.0 17.0 83.0 780.0 274.0 780.0 
1 4 0.99 0.99 390.0 13.0 390.0 83.0 17.0 83.0 780.0 274.0 780.0 468.0 192.0 468.0 
1 2 0.17 0.17 326.0 30.0 326.0 507.0 44.0 507.0 
1 3 0.44 0.44 326.0 30.0 326.0 507.0 44.0 507.0 848.0 227.0 848.0 
1 4 0.77 0.77 326.0 30.0 326.0 507.0 44.0 507.0 848.0 227.0 848.0 34.0 11.0 34.0 
1 2 0.79 0.79 189.0 59.0 189.0 677.0 324.0 677.0 
1 3 0.82 0.82 189.0 59.0 189.0 677.0 324.0 677.0 236.0 8.0 236.0 
1 4 0.96 0.96 189.0 59.0 189.0 677.0 324.0 677.0 236.0 8.0 236.0 723.0 98.0 723.0 
1 2 0.69 0.69 847.0 299.0 847.0 645.0 222.0 645.0 
1 3 0.76 0.76 847.0 299.0 847.0 645.0 222.0 645.0 173.0 12.0 173.0 
1 2 0.06 0.06 223.0 5.0 223.0 504.0 23.0 504.0 
1 3 0.27 0.27 223.0 5.0 223.0 504.0 23.0 504.0 463.0 97.0 463.0 
1 4 0.48 0.48 223.0 5.0 223.0 504.0 23.0 504.0 463.0 97.0 463.0 704.0 146.0 704.0 
1 5 0.88 0.88 223.0 5.0 223.0 504.0 23.0 504.0 463.0 97.0 463.0 704.0 146.0 704.0 247.0 100.0 247.0 
1 6 0.92 0.92 223.0 5.0 223.0 504.0 23.0 504.0 463.0 97.0 463.0 704.0 146.0 704.0 247.0 100.0 247.0 333.0 11.0 333.0 
1 2 0.41 0.41 447.0 1.0 447.0 950.0 394.0 950.0 
1 3 0.62 0.62 447.0 1.0 447.0 950.0 394.0 950.0 840.0 172.0 840.0 
1 4 0.72 0.72 447.0 1.0 447.0 950.0 394.0 950.0 840.0 172.0 840.0 516.0 52.0 516.0 
1 2 0.29 0.29 624.0 53.0 624.0 277.0 57.0 277.0 
1 2 0.85 0.85 828.0 400.0 828.0 454.0 168.0 454.0 
1 3 0.93 0.93 828.0 400.0 828.0 454.0 168.0 454.0 39.0 3.0 39.0 
1 2 0.3 0.3 835.0 46.0 835.0 8.0 2.0 8.0 
1 3 0.37 0.37 835.0 46.0 835.0 8.0 2.0 8.0 843.0 55.0 843.0 
1 4 0.49 0.49 835.0 46.0 835.0 8.0 2.0 8.0 843.0 55.0 843.0 571.0 72.0 571.0 
1 5 0.89 0.89 835.0 46.0 835.0 8.0 2.0 8.0 843.0 55.0 843.0 571.0 72.0 571.0 117.0 47.0 117.0 
1 2 0.83 0.83 680.0 245.0 680.0 899.0 424.0 899.0 
1 3 0.84 0.84 680.0 245.0 680.0 899.0 424.0 899.0 425.0 6.0 425.0 
1 2 0.79 0.79 612.0 210.0 612.0 53.0 24.0 53.0 
1 2 0.54 0.54 34.0 16.0 34.0 648.0 51.0 648.0 
1 3 0.87 0.87 34.0 16.0 34.0 648.0 51.0 648.0 219.0 71.0 219.0 
1 2 0.42 0.42 372.0 41.0 372.0 406.0 126.0 406.0 
1 3 0.75 0.75 372.0 41.0 372.0 406.0 126.0 406.0 878.0 292.0 878.0 
1 4 0.97 0.97 372.0 41.0 372.0 406.0 126.0 406.0 878.0 292.0 878.0 739.0 165.0 739.0 
1 2 0.5 0.5 697.0 70.0 697.0 134.0 54.0 134.0 
1 3 0.9 0.9 697.0 70.0 697.0 134.0 54.0 134.0 843.0 336.0 843.0 
1 2 0.42 0.42 851.0 89.0 851.0 839.0 267.0 839.0 
1 3 0.78 0.78 851.0 89.0 851.0 839.0 267.0 839.0 659.0 240.0 659.0 
1 4 0.96 0.96 851.0 89.0 851.0 839.0 267.0 839.0 659.0 240.0 659.0 74.0 13.0 74.0 
1 2 0.48 0.48 371.0 85.0 371.0 991.0 249.0 991.0 
1 2 0.31 0.31 626.0 30.0 626.0 627.0 166.0 627.0 
1 3 0.61 0.61 626.0 30.0 626.0 627.0 166.0 627.0 637.0 191.0 637.0 
1 4 0.77 0.77 626.0 30.0 626.0 627.0 166.0 627.0 637.0 191.0 637.0 993.0 162.0 993.0 
1 2 0.71 0.71 300.0 131.0 300.0 707.0 198.0 707.0 
1 3 0.84 0.84 300.0 131.0 300.0 707.0 198.0 707.0 356.0 45.0 356.0 
1 2 0.55 0.55 442.0 156.0 442.0 237.0 49.0 237.0 
1 3 0.72 0.72 442.0 156.0 442.0 237.0 49.0 237.0 594.0 99.0 594.0 
1 2 0.56 0.56 168.0 75.0 168.0 208.0 25.0 208.0 
1 3 0.63 0.63 168.0 75.0 168.0 208.0 25.0 208.0 15.0 1.0 15.0 
1 4 0.93 0.93 168.0 75.0 168.0 208.0 25.0 208.0 15.0 1.0 15.0 993.0 303.0 993.0 
1 2 0.23 0.23 208.0 40.0 208.0 279.0 13.0 279.0 
1 3 0.62 0.62 208.0 40.0 208.0 279.0 13.0 279.0 811.0 317.0 811.0 
1 2 0.5 0.5 57.0 24.0 57.0 880.0 70.0 880.0 
1 2 0.48 0.48 286.0 23.0 286.0 538.0 216.0 538.0 
1 3 0.57 0.57 286.0 23.0 286.0 538.0 216.0 538.0 276.0 25.0 276.0 
1 4 0.67 0.67 286.0 23.0 286.0 538.0 216.0 538.0 276.0 25.0 276.0 251.0 26.0 251.0 
1 2 0.68 0.68 627.0 178.0 627.0 416.0 167.0 416.0 
1 3 0.99 0.99 627.0 178.0 627.0 416.0 167.0 416.0 379.0 117.0 379.0 
1 2 0.62 0.62 898.0 401.0 898.0 208.0 37.0 208.0 
1 2 0.44 0.44 65.0 11.0 65.0 967.0 264.0 967.0 
1 3 0.57 0.57 65.0 11.0 65.0 967.0 264.0 967.0 457.0 59.0 457.0 
1 4 0.92 0.92 65.0 11.0 65.0 967.0 264.0 967.0 457.0 59.0 457.0 467.0 163.0 467.0 
1 2 0.45 0.45 653.0 186.0 653.0 765.0 129.0 765.0 
1 3 0.52 0.52 653.0 186.0 653.0 765.0 129.0 765.0 148.0 11.0 148.0 
1 4 0.69 0.69 653.0 186.0 653.0 765.0 129.0 765.0 148.0 11.0 148.0 839.0 143.0 839.0 
1 5 0.87 0.87 653.0 186.0 653.0 765.0 129.0 765.0 148.0 11.0 148.0 839.0 143.0 839.0 826.0 144.0 826.0 
1 2 0.46 0.46 445.0 86.0 445.0 735.0 199.0 735.0 
1 3 0.73 0.73 445.0 86.0 445.0 735.0 199.0 735.0 864.0 235.0 864.0 
1 2 0.61 0.61 224.0 99.0 224.0 467.0 81.0 467.0 
1 2 0.27 0.27 633.0 97.0 633.0 776.0 97.0 776.0 
1 3 0.3 0.3 633.0 97.0 633.0 776.0 97.0 776.0 552.0 15.0 552.0 
1 4 0.43 0.43 633.0 97.0 633.0 776.0 97.0 776.0 552.0 15.0 552.0 130.0 17.0 130.0 
1 2 0.47 0.47 355.0 157.0 355.0 650.0 24.0 650.0 
1 3 0.79 0.79 355.0 157.0 355.0 650.0 24.0 650.0 195.0 62.0 195.0 
1 2 0.74 0.74 284.0 101.0 284.0 757.0 293.0 757.0 
1 3 0.8 0.8 284.0 101.0 284.0 757.0 293.0 757.0 78.0 5.0 78.0 
1 4 0.87 0.87 284.0 101.0 284.0 757.0 293.0 757.0 78.0 5.0 78.0 310.0 22.0 310.0 
1 2 0.49 0.49 709.0 64.0 709.0 537.0 216.0 537.0 
1 3 0.78 0.78 709.0 64.0 709.0 537.0 216.0 537.0 464.0 134.0 464.0 
1 2 0.84 0.84 788.0 279.0 788.0 415.0 204.0 415.0 
1 2 0.17 0.17 835.0 138.0 835.0 398.0 5.0 398.0 
1 3 0.43 0.43 835.0 138.0 835.0 398.0 5.0 398.0 530.0 134.0 530.0 
1 4 0.67 0.67 835.0 138.0 835.0 398.0 5.0 398.0 530.0 134.0 530.0 241.0 60.0 241.0 
1 2 0.95 0.95 241.0 77.0 241.0 650.0 415.0 650.0 
1 2 0.3 0.3 667.0 81.0 667.0 599.0 107.0 599.0 
1 3 0.55 0.55 667.0 81.0 667.0 599.0 107.0 599.0 714.0 181.0 714.0 
1 4 0.55 0.55 667.0 81.0 667.0 599.0 107.0 599.0 714.0 181.0 714.0 717.0 1.0 717.0 
1 5 0.82 0.82 667.0 81.0 667.0 599.0 107.0 599.0 714.0 181.0 714.0 717.0 1.0 717.0 550.0 148.0 550.0 
1 2 0.84 0.84 373.0 259.0 373.0 67.0 10.0 67.0 
1 2 0.22 0.22 464.0 51.0 464.0 855.0 95.0 855.0 
1 3 0.4 0.4 464.0 51.0 464.0 855.0 95.0 855.0 961.0 179.0 961.0 
1 4 0.56 0.56 464.0 51.0 464.0 855.0 95.0 855.0 961.0 179.0 961.0 233.0 37.0 233.0 
1 5 0.85 0.85 464.0 51.0 464.0 855.0 95.0 855.0 961.0 179.0 961.0 233.0 37.0 233.0 459.0 131.0 459.0 
1 2 0.42 0.42 105.0 31.0 105.0 274.0 35.0 274.0 
1 3 0.53 0.53 105.0 31.0 105.0 274.0 35.0 274.0 283.0 32.0 283.0 
1 4 0.61 0.61 105.0 31.0 105.0 274.0 35.0 274.0 283.0 32.0 283.0 574.0 47.0 574.0 
1 5 0.64 0.64 105.0 31.0 105.0 274.0 35.0 274.0 283.0 32.0 283.0 574.0 47.0 574.0 411.0 12.0 411.0 
1 6 0.86 0.86 105.0 31.0 105.0 274.0 35.0 274.0 283.0 32.0 283.0 574.0 47.0 574.0 411.0 12.0 411.0 840.0 180.0 840.0 
1 2 0.39 0.39 147.0 47.0 147.0 807.0 58.0 807.0 
1 3 0.59 0.59 147.0 47.0 147.0 807.0 58.0 807.0 993.0 201.0 993.0 
1 4 0.87 0.87 147.0 47.0 147.0 807.0 58.0 807.0 993.0 201.0 993.0 816.0 229.0 816.0 
1 2 0.5 0.5 62.0 16.0 62.0 188.0 46.0 188.0 
1 3 0.6 0.6 62.0 16.0 62.0 188.0 46.0 188.0 733.0 72.0 733.0 
1 4 0.93 0.93 62.0 16.0 62.0 188.0 46.0 188.0 733.0 72.0 733.0 6.0 2.0 6.0 
1 2 0.48 0.48 753.0 139.0 753.0 481.0 144.0 481.0 
1 3 0.93 0.93 753.0 139.0 753.0 481.0 144.0 481.0 227.0 102.0 227.0 
1 2 0.71 0.71 337.0 121.0 337.0 193.0 69.0 193.0 
1 2 0.63 0.63 303.0 72.0 303.0 754.0 298.0 754.0 
1 3 0.95 0.95 303.0 72.0 303.0 754.0 298.0 754.0 220.0 70.0 220.0 
1 2 0.54 0.54 136.0 41.0 136.0 432.0 106.0 432.0 
1 3 0.88 0.88 136.0 41.0 136.0 432.0 106.0 432.0 112.0 38.0 112.0 
1 2 0.7 0.7 271.0 68.0 271.0 291.0 133.0 291.0 
1 2 0.98 0.98 157.0 13.0 157.0 751.0 681.0 751.0 
1 2 0.63 0.63 645.0 123.0 645.0 834.0 374.0 834.0 
1 3 0.89 0.89 645.0 123.0 645.0 834.0 374.0 834.0 225.0 58.0 225.0 
1 2 0.4 0.4 361.0 104.0 361.0 60.0 7.0 60.0 
1 3 0.64 0.64 361.0 104.0 361.0 60.0 7.0 60.0 293.0 69.0 293.0 
1 4 0.81 0.81 361.0 104.0 361.0 60.0 7.0 60.0 293.0 69.0 293.0 499.0 88.0 499.0 
1 2 0.35 0.35 103.0 31.0 103.0 426.0 23.0 426.0 
1 3 0.76 0.76 103.0 31.0 103.0 426.0 23.0 426.0 543.0 225.0 543.0 
1 2 0.35 0.35 611.0 46.0 611.0 827.0 230.0 827.0 
1 3 0.68 0.68 611.0 46.0 611.0 827.0 230.0 827.0 444.0 148.0 444.0 
1 2 0.9 0.9 897.0 443.0 897.0 768.0 319.0 768.0 
1 2 0.52 0.52 211.0 74.0 211.0 414.0 72.0 414.0 
1 3 0.76 0.76 211.0 74.0 211.0 414.0 72.0 414.0 852.0 207.0 852.0 
1 4 0.95 0.95 211.0 74.0 211.0 414.0 72.0 414.0 852.0 207.0 852.0 137.0 26.0 137.0 
1 2 0.97 0.97 176.0 87.0 176.0 66.0 32.0 66.0 
1 2 0.46 0.46 638.0 82.0 638.0 77.0 26.0 77.0 
1 3 0.96 0.96 638.0 82.0 638.0 77.0 26.0 77.0 444.0 222.0 444.0 
1 2 0.62 0.62 679.0 180.0 679.0 628.0 224.0 628.0 
1 2 0.41 0.41 241.0 64.0 241.0 909.0 133.0 909.0 
1 3 0.52 0.52 241.0 64.0 241.0 909.0 133.0 909.0 862.0 96.0 862.0 
1 4 0.6 0.6 241.0 64.0 241.0 909.0 133.0 909.0 862.0 96.0 862.0 216.0 17.0 216.0 
1 2 0.74 0.74 685.0 55.0 685.0 305.0 202.0 305.0 
1 3 0.76 0.76 685.0 55.0 685.0 305.0 202.0 305.0 787.0 14.0 787.0 
1 4 0.97 0.97 685.0 55.0 685.0 305.0 202.0 305.0 787.0 14.0 787.0 254.0 55.0 254.0 
1 2 0.7 0.7 21.0 1.0 21.0 551.0 363.0 551.0 
1 2 0.87 0.87 659.0 320.0 659.0 121.0 47.0 121.0 
1 2 0.46 0.46 450.0 96.0 450.0 389.0 98.0 389.0 
1 3 0.56 0.56 450.0 96.0 450.0 389.0 98.0 389.0 909.0 87.0 909.0 
1 4 0.57 0.57 450.0 96.0 450.0 389.0 98.0 389.0 909.0 87.0 909.0 421.0 4.0 421.0 
1 5 0.91 0.91 450.0 96.0 450.0 389.0 98.0 389.0 909.0 87.0 909.0 421.0 4.0 421.0 145.0 50.0 145.0 
1 2 0.48 0.48 710.0 140.0 710.0 420.0 121.0 420.0 
1 3 0.68 0.68 710.0 140.0 710.0 420.0 121.0 420.0 722.0 141.0 722.0 
1 2 0.37 0.37 764.0 175.0 764.0 801.0 116.0 801.0 
1 3 0.92 0.92 764.0 175.0 764.0 801.0 116.0 801.0 440.0 241.0 440.0 
1 4 0.92 0.92 764.0 175.0 764.0 801.0 116.0 801.0 440.0 241.0 440.0 335.0 1.0 335.0 
1 2 0.69 0.69 922.0 330.0 922.0 727.0 243.0 727.0 
1 2 0.4 0.4 700.0 96.0 700.0 608.0 162.0 608.0 
1 3 0.73 0.73 700.0 96.0 700.0 608.0 162.0 608.0 536.0 175.0 536.0 
1 2 0.09 0.09 846.0 57.0 846.0 965.0 30.0 965.0 
1 3 0.39 0.39 846.0 57.0 846.0 965.0 30.0 965.0 716.0 211.0 716.0 
1 4 0.67 0.67 846.0 57.0 846.0 965.0 30.0 965.0 716.0 211.0 716.0 465.0 132.0 465.0 
1 5 0.98 0.98 846.0 57.0 846.0 965.0 30.0 965.0 716.0 211.0 716.0 465.0 132.0 465.0 333.0 101.0 333.0 
1 2 0.37 0.37 146.0 15.0 146.0 188.0 52.0 188.0 
1 3 0.68 0.68 146.0 15.0 146.0 188.0 52.0 188.0 240.0 74.0 240.0 
1 2 0.52 0.52 931.0 344.0 931.0 93.0 14.0 93.0 
1 3 0.52 0.52 931.0 344.0 931.0 93.0 14.0 93.0 254.0 1.0 254.0 
1 2 0.88 0.88 943.0 645.0 943.0 564.0 114.0 564.0 
1 2 0.39 0.39 597.0 161.0 597.0 601.0 75.0 601.0 
1 3 0.53 0.53 597.0 161.0 597.0 601.0 75.0 601.0 300.0 41.0 300.0 
1 2 0.65 0.65 604.0 179.0 604.0 124.0 44.0 124.0 
1 3 0.98 0.98 604.0 179.0 604.0 124.0 44.0 124.0 997.0 333.0 997.0 
1 2 0.64 0.64 189.0 76.0 189.0 460.0 111.0 460.0 
1 2 0.6 0.6 669.0 106.0 669.0 71.0 32.0 71.0 
1 3 0.75 0.75 669.0 106.0 669.0 71.0 32.0 71.0 106.0 15.0 106.0 
1 2 0.65 0.65 291.0 72.0 291.0 883.0 357.0 883.0 
1 2 0.35 0.35 384.0 40.0 384.0 379.0 95.0 379.0 
1 3 0.65 0.65 384.0 40.0 384.0 379.0 95.0 379.0 427.0 130.0 427.0 
1 4 0.85 0.85 384.0 40.0 384.0 379.0 95.0 379.0 427.0 130.0 427.0 457.0 91.0 457.0 
1 2 0.42 0.42 546.0 105.0 546.0 705.0 167.0 705.0 
1 3 0.43 0.43 546.0 105.0 546.0 705.0 167.0 705.0 698.0 7.0 698.0 
1 4 0.77 0.77 546.0 105.0 546.0 705.0 167.0 705.0 698.0 7.0 698.0 219.0 73.0 219.0 
1 2 0.41 0.41 604.0 194.0 604.0 950.0 90.0 950.0 
1 3 0.44 0.44 604.0 194.0 604.0 950.0 90.0 950.0 946.0 31.0 946.0 
1 4 0.74 0.74 604.0 194.0 604.0 950.0 90.0 950.0 946.0 31.0 946.0 51.0 15.0 51.0 
1 5 0.96 0.96 604.0 194.0 604.0 950.0 90.0 950.0 946.0 31.0 946.0 51.0 15.0 51.0 667.0 148.0 667.0 
1 2 0.92 0.92 557.0 502.0 557.0 344.0 7.0 344.0 
1 2 0.52 0.52 284.0 99.0 284.0 253.0 44.0 253.0 
1 3 0.6 0.6 284.0 99.0 284.0 253.0 44.0 253.0 455.0 36.0 455.0 
1 4 0.83 0.83 284.0 99.0 284.0 253.0 44.0 253.0 455.0 36.0 455.0 69.0 16.0 69.0 
1 2 0.49 0.49 483.0 99.0 483.0 336.0 96.0 336.0 
1 3 0.56 0.56 483.0 99.0 483.0 336.0 96.0 336.0 543.0 42.0 543.0 
1 2 0.37 0.37 483.0 24.0 483.0 676.0 222.0 676.0 
1 3 0.92 0.92 483.0 24.0 483.0 676.0 222.0 676.0 310.0 169.0 310.0 
1 2 0.55 0.55 800.0 180.0 800.0 418.0 137.0 418.0 
1 2 0.49 0.49 350.0 52.0 350.0 643.0 221.0 643.0 
1 3 0.89 0.89 350.0 52.0 350.0 643.0 221.0 643.0 969.0 389.0 969.0 
1 2 0.54 0.54 362.0 51.0 362.0 707.0 284.0 707.0 
1 3 0.98 0.98 362.0 51.0 362.0 707.0 284.0 707.0 505.0 223.0 505.0 
1 2 0.35 0.35 849.0 283.0 849.0 417.0 11.0 417.0 
1 3 0.47 0.47 849.0 283.0 849.0 417.0 11.0 417.0 931.0 111.0 931.0 
1 4 0.74 0.74 849.0 283.0 849.0 417.0 11.0 417.0 931.0 111.0 931.0 735.0 197.0 735.0 
1 2 0.39 0.39 634.0 138.0 634.0 112.0 20.0 112.0 
1 3 0.62 0.62 634.0 138.0 634.0 112.0 20.0 112.0 882.0 204.0 882.0 
1 2 0.14 0.14 722.0 94.0 722.0 570.0 6.0 570.0 
1 3 0.53 0.53 722.0 94.0 722.0 570.0 6.0 570.0 946.0 377.0 946.0 
1 4 0.71 0.71 722.0 94.0 722.0 570.0 6.0 570.0 946.0 377.0 946.0 485.0 85.0 485.0 
1 2 0.69 0.69 419.0 136.0 419.0 8.0 3.0 8.0 
1 2 0.33 0.33 615.0 48.0 615.0 93.0 24.0 93.0 
1 3 0.77 0.77 615.0 48.0 615.0 93.0 24.0 93.0 379.0 168.0 379.0 
1 4 0.92 0.92 615.0 48.0 615.0 93.0 24.0 93.0 379.0 168.0 379.0 90.0 13.0 90.0 
1 2 0.56 0.56 136.0 18.0 136.0 597.0 258.0 597.0 
1 3 0.71 0.71 136.0 18.0 136.0 597.0 258.0 597.0 753.0 114.0 753.0 
1 2 0.34 0.34 786.0 92.0 786.0 176.0 40.0 176.0 
1 3 0.4 0.4 786.0 92.0 786.0 176.0 40.0 176.0 789.0 45.0 789.0 
1 4 0.5 0.5 786.0 92.0 786.0 176.0 40.0 176.0 789.0 45.0 789.0 695.0 71.0 695.0 
1 2 0.67 0.67 740.0 324.0 740.0 400.0 96.0 400.0 
1 3 0.97 0.97 740.0 324.0 740.0 400.0 96.0 400.0 741.0 218.0 741.0 
1 2 0.71 0.71 398.0 235.0 398.0 317.0 38.0 317.0 
1 2 0.63 0.63 300.0 120.0 300.0 937.0 220.0 937.0 
1 3 0.71 0.71 300.0 120.0 300.0 937.0 220.0 937.0 12.0 1.0 12.0 
1 4 0.8 0.8 300.0 120.0 300.0 937.0 220.0 937.0 12.0 1.0 12.0 324.0 28.0 324.0 
1 5 0.8 0.8 300.0 120.0 300.0 937.0 220.0 937.0 12.0 1.0 12.0 324.0 28.0 324.0 413.0 1.0 413.0 
1 2 0.53 0.53 536.0 73.0 536.0 199.0 80.0 199.0 
1 3 0.68 0.68 536.0 73.0 536.0 199.0 80.0 199.0 130.0 19.0 130.0 
1 4 0.87 0.87 536.0 73.0 536.0 199.0 80.0 199.0 130.0 19.0 130.0 981.0 186.0 981.0 
1 5 0.88 0.88 536.0 73.0 536.0 199.0 80.0 199.0 130.0 19.0 130.0 981.0 186.0 981.0 993.0 7.0 993.0 
1 2 0.43 0.43 460.0 149.0 460.0 584.0 62.0 584.0 
1 3 0.61 0.61 460.0 149.0 460.0 584.0 62.0 584.0 257.0 47.0 257.0 
1 4 0.81 0.81 460.0 149.0 460.0 584.0 62.0 584.0 257.0 47.0 257.0 848.0 170.0 848.0 
1 5 0.95 0.95 460.0 149.0 460.0 584.0 62.0 584.0 257.0 47.0 257.0 848.0 170.0 848.0 181.0 25.0 181.0 
1 2 0.46 0.46 614.0 23.0 614.0 1000.0 430.0 1000.0 
1 3 0.69 0.69 614.0 23.0 614.0 1000.0 430.0 1000.0 788.0 177.0 788.0 
1 2 0.29 0.29 221.0 12.0 221.0 177.0 43.0 177.0 
1 3 0.74 0.74 221.0 12.0 221.0 177.0 43.0 177.0 573.0 259.0 573.0 
1 2 0.89 0.89 191.0 89.0 191.0 515.0 220.0 515.0 
1 2 0.61 0.61 894.0 385.0 894.0 800.0 145.0 800.0 
1 2 0.22 0.22 773.0 162.0 773.0 377.0 6.0 377.0 
1 3 0.42 0.42 773.0 162.0 773.0 377.0 6.0 377.0 627.0 123.0 627.0 
1 4 0.71 0.71 773.0 162.0 773.0 377.0 6.0 377.0 627.0 123.0 627.0 223.0 66.0 223.0 
1 5 0.8 0.8 773.0 162.0 773.0 377.0 6.0 377.0 627.0 123.0 627.0 223.0 66.0 223.0 198.0 18.0 198.0 
1 2 0.19 0.19 147.0 6.0 147.0 945.0 145.0 945.0 
1 3 0.24 0.24 147.0 6.0 147.0 945.0 145.0 945.0 925.0 46.0 925.0 
1 4 0.55 0.55 147.0 6.0 147.0 945.0 145.0 945.0 925.0 46.0 925.0 653.0 204.0 653.0 
1 5 0.91 0.91 147.0 6.0 147.0 945.0 145.0 945.0 925.0 46.0 925.0 653.0 204.0 653.0 87.0 31.0 87.0 
1 2 0.51 0.51 831.0 66.0 831.0 48.0 21.0 48.0 
1 3 0.84 0.84 831.0 66.0 831.0 48.0 21.0 48.0 289.0 95.0 289.0 
1 2 0.75 0.75 99.0 56.0 99.0 91.0 17.0 91.0 
1 2 0.85 0.85 223.0 187.0 223.0 802.0 10.0 802.0 
1 2 0.16 0.16 559.0 33.0 559.0 669.0 74.0 669.0 
1 3 0.41 0.41 559.0 33.0 559.0 669.0 74.0 669.0 730.0 181.0 730.0 
1 4 0.78 0.78 559.0 33.0 559.0 669.0 74.0 669.0 730.0 181.0 730.0 555.0 203.0 555.0 
1 2 0.79 0.79 236.0 158.0 236.0 23.0 3.0 23.0 
1 3 0.93 0.93 236.0 158.0 236.0 23.0 3.0 23.0 867.0 117.0 867.0 
1 2 0.22 0.22 165.0 25.0 165.0 990.0 74.0 990.0 
1 3 0.72 0.72 165.0 25.0 165.0 990.0 74.0 990.0 480.0 239.0 480.0 
1 2 0.26 0.26 397.0 14.0 397.0 746.0 174.0 746.0 
1 3 0.59 0.59 397.0 14.0 397.0 746.0 174.0 746.0 105.0 34.0 105.0 
1 4 0.81 0.81 397.0 14.0 397.0 746.0 174.0 746.0 105.0 34.0 105.0 314.0 69.0 314.0 
1 5 0.98 0.98 397.0 14.0 397.0 746.0 174.0 746.0 105.0 34.0 105.0 314.0 69.0 314.0 105.0 18.0 105.0 
1 2 0.68 0.68 625.0 256.0 625.0 426.0 117.0 426.0 
1 2 0.6 0.6 707.0 146.0 707.0 183.0 73.0 183.0 
1 3 0.93 0.93 707.0 146.0 707.0 183.0 73.0 183.0 3.0 1.0 3.0 
1 2 0.95 0.95 931.0 440.0 931.0 355.0 170.0 355.0 
1 2 0.17 0.17 293.0 42.0 293.0 719.0 26.0 719.0 
1 3 0.64 0.64 293.0 42.0 293.0 719.0 26.0 719.0 514.0 239.0 514.0 
1 4 0.86 0.86 293.0 42.0 293.0 719.0 26.0 719.0 514.0 239.0 514.0 291.0 65.0 291.0 
1 2 0.19 0.19 323.0 14.0 323.0 351.0 53.0 351.0 
1 3 0.37 0.37 323.0 14.0 323.0 351.0 53.0 351.0 95.0 17.0 95.0 
1 4 0.55 0.55 323.0 14.0 323.0 351.0 53.0 351.0 95.0 17.0 95.0 997.0 183.0 997.0 
1 5 0.76 0.76 323.0 14.0 323.0 351.0 53.0 351.0 95.0 17.0 95.0 997.0 183.0 997.0 479.0 101.0 479.0 
1 2 0.61 0.61 901.0 206.0 901.0 700.0 270.0 700.0 
1 2 0.33 0.33 640.0 80.0 640.0 76.0 16.0 76.0 
1 3 0.77 0.77 640.0 80.0 640.0 76.0 16.0 76.0 572.0 249.0 572.0 
1 2 0.59 0.59 15.0 7.0 15.0 704.0 90.0 704.0 
1 2 0.51 0.51 820.0 44.0 820.0 351.0 163.0 351.0 
1 3 0.92 0.92 820.0 44.0 820.0 351.0 163.0 351.0 170.0 70.0 170.0 
1 2 0.56 0.56 514.0 145.0 514.0 705.0 199.0 705.0 
1 2 0.47 0.47 602.0 73.0 602.0 546.0 191.0 546.0 
1 3 0.79 0.79 602.0 73.0 602.0 546.0 191.0 546.0 372.0 122.0 372.0 
1 2 0.24 0.24 613.0 84.0 613.0 413.0 46.0 413.0 
1 3 0.71 0.71 613.0 84.0 613.0 413.0 46.0 413.0 103.0 48.0 103.0 
1 2 0.3 0.3 806.0 92.0 806.0 400.0 77.0 400.0 
1 3 0.77 0.77 806.0 92.0 806.0 400.0 77.0 400.0 586.0 273.0 586.0 
1 2 0.45 0.45 939.0 267.0 939.0 12.0 2.0 12.0 
1 3 0.69 0.69 939.0 267.0 939.0 12.0 2.0 12.0 586.0 143.0 586.0 
1 2 0.09 0.09 178.0 9.0 178.0 854.0 41.0 854.0 
1 3 0.49 0.49 178.0 9.0 178.0 854.0 41.0 854.0 957.0 384.0 957.0 
1 4 0.72 0.72 178.0 9.0 178.0 854.0 41.0 854.0 957.0 384.0 957.0 888.0 197.0 888.0 
1 5 0.77 0.77 178.0 9.0 178.0 854.0 41.0 854.0 957.0 384.0 957.0 888.0 197.0 888.0 639.0 36.0 639.0 
1 2 0.35 0.35 190.0 13.0 190.0 492.0 140.0 492.0 
1 3 0.54 0.54 190.0 13.0 190.0 492.0 140.0 492.0 907.0 174.0 907.0 
1 4 0.83 0.83 190.0 13.0 190.0 492.0 140.0 492.0 907.0 174.0 907.0 938.0 268.0 938.0 
1 2 0.61 0.61 927.0 111.0 927.0 44.0 22.0 44.0 
1 2 0.43 0.43 276.0 31.0 276.0 768.0 251.0 768.0 
1 3 0.72 0.72 276.0 31.0 276.0 768.0 251.0 768.0 320.0 90.0 320.0 
1 2 0.54 0.54 972.0 352.0 972.0 931.0 174.0 931.0 
1 3 0.88 0.88 972.0 352.0 972.0 931.0 174.0 931.0 513.0 174.0 513.0 
1 4 0.89 0.89 972.0 352.0 972.0 931.0 174.0 931.0 513.0 174.0 513.0 225.0 2.0 225.0 
1 2 0.54 0.54 880.0 99.0 880.0 402.0 173.0 402.0 
1 3 0.87 0.87 880.0 99.0 880.0 402.0 173.0 402.0 64.0 21.0 64.0 
1 2 0.62 0.62 386.0 108.0 386.0 658.0 224.0 658.0 
1 2 0.68 0.68 34.0 7.0 34.0 981.0 466.0 981.0 
1 2 0.38 0.38 547.0 108.0 547.0 767.0 142.0 767.0 
1 3 0.81 0.81 547.0 108.0 547.0 767.0 142.0 767.0 737.0 317.0 737.0 
1 4 0.92 0.92 547.0 108.0 547.0 767.0 142.0 767.0 737.0 317.0 737.0 195.0 21.0 195.0 
1 2 0.53 0.53 952.0 365.0 952.0 823.0 124.0 823.0 
1 3 0.7 0.7 952.0 365.0 952.0 823.0 124.0 823.0 280.0 47.0 280.0 
1 2 0.98 0.98 515.0 443.0 515.0 85.0 11.0 85.0 
1 2 0.45 0.45 76.0 14.0 76.0 649.0 175.0 649.0 
1 3 0.7 0.7 76.0 14.0 76.0 649.0 175.0 649.0 924.0 231.0 924.0 
1 2 0.42 0.42 949.0 392.0 949.0 597.0 6.0 597.0 
1 3 0.66 0.66 949.0 392.0 949.0 597.0 6.0 597.0 830.0 198.0 830.0 
1 4 0.96 0.96 949.0 392.0 949.0 597.0 6.0 597.0 830.0 198.0 830.0 459.0 141.0 459.0 
1 2 0.48 0.48 95.0 16.0 95.0 863.0 269.0 863.0 
1 3 0.52 0.52 95.0 16.0 95.0 863.0 269.0 863.0 734.0 30.0 734.0 
1 4 0.98 0.98 95.0 16.0 95.0 863.0 269.0 863.0 734.0 30.0 734.0 988.0 456.0 988.0 
1 2 0.53 0.53 662.0 222.0 662.0 228.0 46.0 228.0 
1 3 0.93 0.93 662.0 222.0 662.0 228.0 46.0 228.0 886.0 350.0 886.0 
1 2 0.88 0.88 205.0 93.0 205.0 277.0 120.0 277.0 
1 3 0.89 0.89 205.0 93.0 205.0 277.0 120.0 277.0 616.0 6.0 616.0 
1 2 0.64 0.64 905.0 196.0 905.0 7.0 3.0 7.0 
1 3 0.95 0.95 905.0 196.0 905.0 7.0 3.0 7.0 929.0 284.0 929.0 
1 2 0.32 0.32 411.0 24.0 411.0 116.0 31.0 116.0 
1 3 0.35 0.35 411.0 24.0 411.0 116.0 31.0 116.0 886.0 27.0 886.0 
1 4 0.49 0.49 411.0 24.0 411.0 116.0 31.0 116.0 886.0 27.0 886.0 498.0 69.0 498.0 
1 5 0.68 0.68 411.0 24.0 411.0 116.0 31.0 116.0 886.0 27.0 886.0 498.0 69.0 498.0 869.0 166.0 869.0 
1 6 0.87 0.87 411.0 24.0 411.0 116.0 31.0 116.0 886.0 27.0 886.0 498.0 69.0 498.0 869.0 166.0 869.0 601.0 112.0 601.0 
1 2 0.76 0.76 227.0 87.0 227.0 145.0 56.0 145.0 
1 3 0.8 0.8 227.0 87.0 227.0 145.0 56.0 145.0 720.0 28.0 720.0 
1 2 0.16 0.16 714.0 95.0 714.0 137.0 5.0 137.0 
1 3 0.17 0.17 714.0 95.0 714.0 137.0 5.0 137.0 470.0 4.0 470.0 
1 4 0.45 0.45 714.0 95.0 714.0 137.0 5.0 137.0 470.0 4.0 470.0 55.0 15.0 55.0 
1 5 0.69 0.69 714.0 95.0 714.0 137.0 5.0 137.0 470.0 4.0 470.0 55.0 15.0 55.0 534.0 128.0 534.0 
1 2 0.77 0.77 190.0 62.0 190.0 342.0 152.0 342.0 
1 2 0.32 0.32 177.0 20.0 177.0 157.0 34.0 157.0 
1 3 0.58 0.58 177.0 20.0 177.0 157.0 34.0 157.0 421.0 108.0 421.0 
1 4 0.69 0.69 177.0 20.0 177.0 157.0 34.0 157.0 421.0 108.0 421.0 201.0 22.0 201.0 
1 5 0.81 0.81 177.0 20.0 177.0 157.0 34.0 157.0 421.0 108.0 421.0 201.0 22.0 201.0 981.0 117.0 981.0 
1 2 0.33 0.33 551.0 23.0 551.0 140.0 41.0 140.0 
1 3 0.36 0.36 551.0 23.0 551.0 140.0 41.0 140.0 977.0 29.0 977.0 
1 4 0.53 0.53 551.0 23.0 551.0 140.0 41.0 140.0 977.0 29.0 977.0 631.0 108.0 631.0 
1 5 0.84 0.84 551.0 23.0 551.0 140.0 41.0 140.0 977.0 29.0 977.0 631.0 108.0 631.0 449.0 140.0 449.0 
1 2 0.8 0.8 56.0 16.0 56.0 420.0 218.0 420.0 
1 2 0.43 0.43 542.0 25.0 542.0 837.0 322.0 837.0 
1 3 0.75 0.75 542.0 25.0 542.0 837.0 322.0 837.0 453.0 149.0 453.0 
1 2 0.36 0.36 955.0 262.0 955.0 722.0 68.0 722.0 
1 3 0.77 0.77 955.0 262.0 955.0 722.0 68.0 722.0 891.0 360.0 891.0 
1 2 0.71 0.71 888.0 322.0 888.0 192.0 67.0 192.0 
1 2 0.57 0.57 37.0 9.0 37.0 238.0 79.0 238.0 
1 3 0.8 0.8 37.0 9.0 37.0 238.0 79.0 238.0 491.0 112.0 491.0 
1 2 0.55 0.55 274.0 117.0 274.0 233.0 29.0 233.0 
1 3 0.73 0.73 274.0 117.0 274.0 233.0 29.0 233.0 105.0 19.0 105.0 
1 4 0.74 0.74 274.0 117.0 274.0 233.0 29.0 233.0 105.0 19.0 105.0 868.0 12.0 868.0 
1 5 0.97 0.97 274.0 117.0 274.0 233.0 29.0 233.0 105.0 19.0 105.0 868.0 12.0 868.0 384.0 87.0 384.0 
1 2 0.59 0.59 545.0 149.0 545.0 337.0 110.0 337.0 
1 3 0.89 0.89 545.0 149.0 545.0 337.0 110.0 337.0 937.0 279.0 937.0 
1 2 0.69 0.69 180.0 48.0 180.0 655.0 280.0 655.0 
1 3 0.93 0.93 180.0 48.0 180.0 655.0 280.0 655.0 25.0 6.0 25.0 
1 2 0.42 0.42 216.0 37.0 216.0 823.0 211.0 823.0 
1 2 0.56 0.56 699.0 142.0 699.0 927.0 333.0 927.0 
1 3 0.56 0.56 699.0 142.0 699.0 927.0 333.0 927.0 886.0 5.0 886.0 
1 4 0.79 0.79 699.0 142.0 699.0 927.0 333.0 927.0 886.0 5.0 886.0 868.0 197.0 868.0 
1 5 0.81 0.81 699.0 142.0 699.0 927.0 333.0 927.0 886.0 5.0 886.0 868.0 197.0 868.0 352.0 7.0 352.0 
1 6 0.83 0.83 699.0 142.0 699.0 927.0 333.0 927.0 886.0 5.0 886.0 868.0 197.0 868.0 352.0 7.0 352.0 858.0 14.0 858.0 
1 2 0.59 0.59 648.0 139.0 648.0 331.0 125.0 331.0 
1 3 0.78 0.78 648.0 139.0 648.0 331.0 125.0 331.0 955.0 188.0 955.0 
1 4 0.95 0.95 648.0 139.0 648.0 331.0 125.0 331.0 955.0 188.0 955.0 844.0 137.0 844.0 
1 2 0.39 0.39 121.0 36.0 121.0 199.0 19.0 199.0 
1 3 0.46 0.46 121.0 36.0 121.0 199.0 19.0 199.0 132.0 9.0 132.0 
1 4 0.63 0.63 121.0 36.0 121.0 199.0 19.0 199.0 132.0 9.0 132.0 702.0 125.0 702.0 
1 5 0.9 0.9 121.0 36.0 121.0 199.0 19.0 199.0 132.0 9.0 132.0 702.0 125.0 702.0 19.0 5.0 19.0 
1 2 0.83 0.83 347.0 150.0 347.0 180.0 73.0 180.0 
1 2 0.28 0.28 965.0 31.0 965.0 60.0 15.0 60.0 
1 3 0.65 0.65 965.0 31.0 965.0 60.0 15.0 60.0 510.0 188.0 510.0 
1 4 0.86 0.86 965.0 31.0 965.0 60.0 15.0 60.0 510.0 188.0 510.0 871.0 190.0 871.0 
1 2 0.64 0.64 902.0 386.0 902.0 885.0 192.0 885.0 
1 2 0.24 0.24 294.0 32.0 294.0 260.0 36.0 260.0 
1 3 0.26 0.26 294.0 32.0 294.0 260.0 36.0 260.0 707.0 15.0 707.0 
1 4 0.51 0.51 294.0 32.0 294.0 260.0 36.0 260.0 707.0 15.0 707.0 387.0 94.0 387.0 
1 5 0.86 0.86 294.0 32.0 294.0 260.0 36.0 260.0 707.0 15.0 707.0 387.0 94.0 387.0 642.0 228.0 642.0 
1 2 0.38 0.38 159.0 46.0 159.0 866.0 81.0 866.0 
1 3 0.62 0.62 159.0 46.0 159.0 866.0 81.0 866.0 585.0 144.0 585.0 
1 4 0.98 0.98 159.0 46.0 159.0 866.0 81.0 866.0 585.0 144.0 585.0 45.0 16.0 45.0 
1 2 0.39 0.39 888.0 305.0 888.0 59.0 3.0 59.0 
1 3 0.64 0.64 888.0 305.0 888.0 59.0 3.0 59.0 455.0 112.0 455.0 
1 2 0.22 0.22 571.0 49.0 571.0 955.0 137.0 955.0 
1 3 0.7 0.7 571.0 49.0 571.0 955.0 137.0 955.0 818.0 393.0 818.0 
1 4 0.79 0.79 571.0 49.0 571.0 955.0 137.0 955.0 818.0 393.0 818.0 583.0 50.0 583.0 
1 5 0.91 0.91 571.0 49.0 571.0 955.0 137.0 955.0 818.0 393.0 818.0 583.0 50.0 583.0 393.0 47.0 393.0 
1 2 0.48 0.48 406.0 160.0 406.0 276.0 24.0 276.0 
1 3 0.63 0.63 406.0 160.0 406.0 276.0 24.0 276.0 782.0 117.0 782.0 
1 4 0.92 0.92 406.0 160.0 406.0 276.0 24.0 276.0 782.0 117.0 782.0 530.0 154.0 530.0 
1 2 0.39 0.39 986.0 130.0 986.0 75.0 20.0 75.0 
1 3 0.76 0.76 986.0 130.0 986.0 75.0 20.0 75.0 946.0 346.0 946.0 
1 4 0.85 0.85 986.0 130.0 986.0 75.0 20.0 75.0 946.0 346.0 946.0 462.0 40.0 462.0 
1 5 0.88 0.88 986.0 130.0 986.0 75.0 20.0 75.0 946.0 346.0 946.0 462.0 40.0 462.0 539.0 20.0 539.0 
1 6 0.99 0.99 986.0 130.0 986.0 75.0 20.0 75.0 946.0 346.0 946.0 462.0 40.0 462.0 539.0 20.0 539.0 429.0 47.0 429.0 
1 2 0.46 0.46 427.0 71.0 427.0 390.0 117.0 390.0 
1 3 0.59 0.59 427.0 71.0 427.0 390.0 117.0 390.0 249.0 33.0 249.0 
1 2 0.28 0.28 758.0 117.0 758.0 558.0 71.0 558.0 
1 3 0.31 0.31 758.0 117.0 758.0 558.0 71.0 558.0 205.0 6.0 205.0 
1 4 0.65 0.65 758.0 117.0 758.0 558.0 71.0 558.0 205.0 6.0 205.0 382.0 132.0 382.0 
1 5 0.76 0.76 758.0 117.0 758.0 558.0 71.0 558.0 205.0 6.0 205.0 382.0 132.0 382.0 494.0 56.0 494.0 
1 2 0.59 0.59 579.0 257.0 579.0 682.0 101.0 682.0 
1 3 0.96 0.96 579.0 257.0 579.0 682.0 101.0 682.0 618.0 233.0 618.0 
1 2 0.35 0.35 949.0 265.0 949.0 331.0 24.0 331.0 
1 3 0.71 0.71 949.0 265.0 949.0 331.0 24.0 331.0 588.0 215.0 588.0 
1 4 0.98 0.98 949.0 265.0 949.0 331.0 24.0 331.0 588.0 215.0 588.0 451.0 122.0 451.0 
1 5 0.99 0.99 949.0 265.0 949.0 331.0 24.0 331.0 588.0 215.0 588.0 451.0 122.0 451.0 757.0 5.0 757.0 
1 2 0.19 0.19 833.0 67.0 833.0 555.0 65.0 555.0 
1 3 0.21 0.21 833.0 67.0 833.0 555.0 65.0 555.0 480.0 9.0 480.0 
1 4 0.41 0.41 833.0 67.0 833.0 555.0 65.0 555.0 480.0 9.0 480.0 70.0 14.0 70.0 
1 5 0.63 0.63 833.0 67.0 833.0 555.0 65.0 555.0 480.0 9.0 480.0 70.0 14.0 70.0 249.0 55.0 249.0 
1 6 0.95 0.95 833.0 67.0 833.0 555.0 65.0 555.0 480.0 9.0 480.0 70.0 14.0 70.0 249.0 55.0 249.0 165.0 52.0 165.0 
1 2 0.87 0.87 80.0 33.0 80.0 741.0 343.0 741.0 
1 2 0.28 0.28 380.0 28.0 380.0 264.0 56.0 264.0 
1 3 0.62 0.62 380.0 28.0 380.0 264.0 56.0 264.0 687.0 232.0 687.0 
1 4 0.86 0.86 380.0 28.0 380.0 264.0 56.0 264.0 687.0 232.0 687.0 441.0 105.0 441.0 
1 2 0.07 0.07 382.0 2.0 382.0 223.0 15.0 223.0 
1 3 0.32 0.32 382.0 2.0 382.0 223.0 15.0 223.0 941.0 238.0 941.0 
1 4 0.95 0.95 382.0 2.0 382.0 223.0 15.0 223.0 941.0 238.0 941.0 459.0 289.0 459.0 
1 2 0.29 0.29 148.0 32.0 148.0 393.0 30.0 393.0 
1 3 0.42 0.42 148.0 32.0 148.0 393.0 30.0 393.0 373.0 51.0 373.0 
1 4 0.43 0.43 148.0 32.0 148.0 393.0 30.0 393.0 373.0 51.0 373.0 531.0 5.0 531.0 
1 5 0.52 0.52 148.0 32.0 148.0 393.0 30.0 393.0 373.0 51.0 373.0 531.0 5.0 531.0 327.0 28.0 327.0 
1 6 0.54 0.54 148.0 32.0 148.0 393.0 30.0 393.0 373.0 51.0 373.0 531.0 5.0 531.0 327.0 28.0 327.0 591.0 12.0 591.0 
1 7 0.73 0.73 148.0 32.0 148.0 393.0 30.0 393.0 373.0 51.0 373.0 531.0 5.0 531.0 327.0 28.0 327.0 591.0 12.0 591.0 323.0 60.0 323.0 
1 8 0.88 0.88 148.0 32.0 148.0 393.0 30.0 393.0 373.0 51.0 373.0 531.0 5.0 531.0 327.0 28.0 327.0 591.0 12.0 591.0 323.0 60.0 323.0 613.0 92.0 613.0 
1 2 0.9 0.9 616.0 273.0 616.0 408.0 190.0 408.0 
1 2 0.39 0.39 972.0 251.0 972.0 334.0 45.0 334.0 
1 3 0.71 0.71 972.0 251.0 972.0 334.0 45.0 334.0 22.0 7.0 22.0 
1 4 0.77 0.77 972.0 251.0 972.0 334.0 45.0 334.0 22.0 7.0 22.0 49.0 3.0 49.0 
1 5 0.82 0.82 972.0 251.0 972.0 334.0 45.0 334.0 22.0 7.0 22.0 49.0 3.0 49.0 732.0 42.0 732.0 
1 2 0.99 0.99 10.0 5.0 10.0 646.0 317.0 646.0 
1 2 0.12 0.12 58.0 7.0 58.0 398.0 1.0 398.0 
1 3 0.7 0.7 58.0 7.0 58.0 398.0 1.0 398.0 782.0 455.0 782.0 
1 2 0.66 0.66 644.0 292.0 644.0 723.0 152.0 723.0 
1 2 0.53 0.53 18.0 6.0 18.0 754.0 153.0 754.0 
1 3 0.73 0.73 18.0 6.0 18.0 754.0 153.0 754.0 543.0 110.0 543.0 
1 2 0.53 0.53 123.0 13.0 123.0 687.0 297.0 687.0 
1 2 0.94 0.94 268.0 10.0 268.0 159.0 144.0 159.0 
1 2 0.62 0.62 478.0 87.0 478.0 348.0 155.0 348.0 
1 3 0.74 0.74 478.0 87.0 478.0 348.0 155.0 348.0 247.0 28.0 247.0 
1 4 0.79 0.79 478.0 87.0 478.0 348.0 155.0 348.0 247.0 28.0 247.0 53.0 3.0 53.0 
1 2 0.82 0.82 325.0 142.0 325.0 202.0 79.0 202.0 
1 2 0.57 0.57 432.0 65.0 432.0 56.0 24.0 56.0 
1 3 0.69 0.69 432.0 65.0 432.0 56.0 24.0 56.0 239.0 28.0 239.0 
1 2 0.38 0.38 815.0 4.0 815.0 268.0 103.0 268.0 
1 3 0.78 0.78 815.0 4.0 815.0 268.0 103.0 268.0 241.0 95.0 241.0 
1 4 0.98 0.98 815.0 4.0 815.0 268.0 103.0 268.0 241.0 95.0 241.0 598.0 123.0 598.0 
1 2 0.36 0.36 6.0 1.0 6.0 45.0 9.0 45.0 
1 3 0.4 0.4 6.0 1.0 6.0 45.0 9.0 45.0 362.0 15.0 362.0 
1 4 0.89 0.89 6.0 1.0 6.0 45.0 9.0 45.0 362.0 15.0 362.0 368.0 178.0 368.0 
1 2 0.4 0.4 234.0 57.0 234.0 438.0 69.0 438.0 
1 3 0.74 0.74 234.0 57.0 234.0 438.0 69.0 438.0 196.0 68.0 196.0 
1 4 0.95 0.95 234.0 57.0 234.0 438.0 69.0 438.0 196.0 68.0 196.0 710.0 145.0 710.0 
1 5 0.97 0.97 234.0 57.0 234.0 438.0 69.0 438.0 196.0 68.0 196.0 710.0 145.0 710.0 259.0 5.0 259.0 
1 2 0.62 0.62 379.0 142.0 379.0 601.0 153.0 601.0 
1 3 0.94 0.94 379.0 142.0 379.0 601.0 153.0 601.0 254.0 79.0 254.0 
1 2 0.39 0.39 597.0 28.0 597.0 673.0 233.0 673.0 
1 3 0.86 0.86 597.0 28.0 597.0 673.0 233.0 673.0 256.0 121.0 256.0 
1 2 0.82 0.82 88.0 39.0 88.0 127.0 48.0 127.0 
1 2 0.61 0.61 376.0 50.0 376.0 642.0 307.0 642.0 
1 3 0.9 0.9 376.0 50.0 376.0 642.0 307.0 642.0 524.0 154.0 524.0 
1 2 0.44 0.44 415.0 163.0 415.0 955.0 47.0 955.0 
1 3 0.77 0.77 415.0 163.0 415.0 955.0 47.0 955.0 475.0 159.0 475.0 
1 4 0.93 0.93 415.0 163.0 415.0 955.0 47.0 955.0 475.0 159.0 475.0 893.0 143.0 893.0 
1 2 0.57 0.57 634.0 69.0 634.0 17.0 8.0 17.0 
1 3 0.98 0.98 634.0 69.0 634.0 17.0 8.0 17.0 739.0 298.0 739.0 
1 2 0.54 0.54 37.0 16.0 37.0 793.0 89.0 793.0 
1 3 0.76 0.76 37.0 16.0 37.0 793.0 89.0 793.0 878.0 192.0 878.0 
1 4 0.78 0.78 37.0 16.0 37.0 793.0 89.0 793.0 878.0 192.0 878.0 42.0 1.0 42.0 
1 2 0.61 0.61 909.0 105.0 909.0 793.0 394.0 793.0 
1 2 0.49 0.49 261.0 62.0 261.0 488.0 125.0 488.0 
1 3 0.89 0.89 261.0 62.0 261.0 488.0 125.0 488.0 882.0 357.0 882.0 
1 2 0.37 0.37 231.0 61.0 231.0 263.0 30.0 263.0 
1 3 0.7 0.7 231.0 61.0 231.0 263.0 30.0 263.0 120.0 39.0 120.0 
1 2 0.55 0.55 744.0 140.0 744.0 633.0 233.0 633.0 
1 3 0.88 0.88 744.0 140.0 744.0 633.0 233.0 633.0 426.0 140.0 426.0 
1 2 0.38 0.38 945.0 2.0 945.0 335.0 127.0 335.0 
1 3 0.69 0.69 945.0 2.0 945.0 335.0 127.0 335.0 646.0 201.0 646.0 
1 4 0.81 0.81 945.0 2.0 945.0 335.0 127.0 335.0 646.0 201.0 646.0 821.0 100.0 821.0 
1 5 0.84 0.84 945.0 2.0 945.0 335.0 127.0 335.0 646.0 201.0 646.0 821.0 100.0 821.0 229.0 8.0 229.0 
1 2 0.51 0.51 945.0 143.0 945.0 707.0 256.0 707.0 
1 3 0.61 0.61 945.0 143.0 945.0 707.0 256.0 707.0 930.0 96.0 930.0 
1 4 0.73 0.73 945.0 143.0 945.0 707.0 256.0 707.0 930.0 96.0 930.0 135.0 16.0 135.0 
1 5 0.99 0.99 945.0 143.0 945.0 707.0 256.0 707.0 930.0 96.0 930.0 135.0 16.0 135.0 696.0 180.0 696.0 
1 2 0.91 0.91 332.0 24.0 332.0 31.0 26.0 31.0 
1 2 0.88 0.88 871.0 685.0 871.0 505.0 48.0 505.0 
1 2 0.43 0.43 813.0 172.0 813.0 282.0 63.0 282.0 
1 3 0.46 0.46 813.0 172.0 813.0 282.0 63.0 282.0 893.0 25.0 893.0 
1 4 0.88 0.88 813.0 172.0 813.0 282.0 63.0 282.0 893.0 25.0 893.0 119.0 50.0 119.0 
1 2 0.8 0.8 408.0 237.0 408.0 85.0 19.0 85.0 
1 2 0.8 0.8 436.0 173.0 436.0 425.0 175.0 425.0 
1 3 0.81 0.81 436.0 173.0 436.0 425.0 175.0 425.0 197.0 2.0 197.0 
1 2 0.46 0.46 159.0 70.0 159.0 371.0 8.0 371.0 
1 3 0.59 0.59 159.0 70.0 159.0 371.0 8.0 371.0 743.0 100.0 743.0 
1 2 0.09 0.09 959.0 61.0 959.0 37.0 1.0 37.0 
1 3 0.6 0.6 959.0 61.0 959.0 37.0 1.0 37.0 865.0 443.0 865.0 
1 2 0.3 0.3 61.0 6.0 61.0 123.0 25.0 123.0 
1 3 0.66 0.66 61.0 6.0 61.0 123.0 25.0 123.0 722.0 263.0 722.0 
1 4 0.84 0.84 61.0 6.0 61.0 123.0 25.0 123.0 722.0 263.0 722.0 254.0 46.0 254.0 
1 5 0.89 0.89 61.0 6.0 61.0 123.0 25.0 123.0 722.0 263.0 722.0 254.0 46.0 254.0 558.0 28.0 558.0 
1 2 0.84 0.84 247.0 57.0 247.0 26.0 16.0 26.0 
1 3 0.94 0.94 247.0 57.0 247.0 26.0 16.0 26.0 664.0 66.0 664.0 
1 2 0.66 0.66 88.0 44.0 88.0 875.0 145.0 875.0 
1 3 0.89 0.89 88.0 44.0 88.0 875.0 145.0 875.0 301.0 70.0 301.0 
1 2 0.36 0.36 29.0 6.0 29.0 43.0 7.0 43.0 
1 3 0.69 0.69 29.0 6.0 29.0 43.0 7.0 43.0 418.0 137.0 418.0 
1 2 0.83 0.83 330.0 154.0 330.0 990.0 366.0 990.0 
1 2 0.71 0.71 606.0 285.0 606.0 206.0 51.0 206.0 
1 3 0.87 0.87 606.0 285.0 606.0 206.0 51.0 206.0 31.0 5.0 31.0 
1 2 0.97 0.97 645.0 320.0 645.0 730.0 348.0 730.0 
1 2 0.05 0.05 238.0 5.0 238.0 643.0 22.0 643.0 
1 3 0.05 0.05 238.0 5.0 238.0 643.0 22.0 643.0 869.0 3.0 869.0 
1 4 0.39 0.39 238.0 5.0 238.0 643.0 22.0 643.0 869.0 3.0 869.0 594.0 202.0 594.0 
1 5 0.79 0.79 238.0 5.0 238.0 643.0 22.0 643.0 869.0 3.0 869.0 594.0 202.0 594.0 283.0 111.0 283.0 
1 2 0.72 0.72 675.0 190.0 675.0 904.0 403.0 904.0 
1 2 0.6 0.6 141.0 27.0 141.0 883.0 367.0 883.0 
1 3 0.77 0.77 141.0 27.0 141.0 883.0 367.0 883.0 885.0 145.0 885.0 
1 2 0.75 0.75 756.0 85.0 756.0 542.0 348.0 542.0 
1 2 0.26 0.26 941.0 90.0 941.0 333.0 58.0 333.0 
1 3 0.55 0.55 941.0 90.0 941.0 333.0 58.0 333.0 943.0 273.0 943.0 
1 4 0.88 0.88 941.0 90.0 941.0 333.0 58.0 333.0 943.0 273.0 943.0 707.0 229.0 707.0 
1 2 0.61 0.61 70.0 35.0 70.0 118.0 13.0 118.0 
1 3 0.88 0.88 70.0 35.0 70.0 118.0 13.0 118.0 168.0 46.0 168.0 
1 2 0.95 0.95 922.0 873.0 922.0 957.0 4.0 957.0 
1 2 0.37 0.37 8.0 3.0 8.0 268.0 1.0 268.0 
1 3 0.71 0.71 8.0 3.0 8.0 268.0 1.0 268.0 207.0 69.0 207.0 
1 4 0.81 0.81 8.0 3.0 8.0 268.0 1.0 268.0 207.0 69.0 207.0 308.0 32.0 308.0 
1 2 0.75 0.75 385.0 180.0 385.0 771.0 218.0 771.0 
1 3 0.97 0.97 385.0 180.0 385.0 771.0 218.0 771.0 666.0 148.0 666.0 
1 2 0.72 0.72 813.0 51.0 813.0 362.0 239.0 362.0 
1 3 0.77 0.77 813.0 51.0 813.0 362.0 239.0 362.0 296.0 16.0 296.0 
1 2 0.47 0.47 389.0 162.0 389.0 73.0 4.0 73.0 
1 3 0.48 0.48 389.0 162.0 389.0 73.0 4.0 73.0 535.0 6.0 535.0 
1 4 0.68 0.68 389.0 162.0 389.0 73.0 4.0 73.0 535.0 6.0 535.0 141.0 29.0 141.0 
1 5 0.73 0.73 389.0 162.0 389.0 73.0 4.0 73.0 535.0 6.0 535.0 141.0 29.0 141.0 589.0 25.0 589.0 
1 6 0.78 0.78 389.0 162.0 389.0 73.0 4.0 73.0 535.0 6.0 535.0 141.0 29.0 141.0 589.0 25.0 589.0 754.0 38.0 754.0 
1 7 0.9 0.9 389.0 162.0 389.0 73.0 4.0 73.0 535.0 6.0 535.0 141.0 29.0 141.0 589.0 25.0 589.0 754.0 38.0 754.0 295.0 36.0 295.0 
1 2 0.37 0.37 939.0 278.0 939.0 291.0 24.0 291.0 
1 3 0.44 0.44 939.0 278.0 939.0 291.0 24.0 291.0 556.0 38.0 556.0 
1 4 0.87 0.87 939.0 278.0 939.0 291.0 24.0 291.0 556.0 38.0 556.0 972.0 420.0 972.0 
1 2 0.85 0.85 567.0 167.0 567.0 59.0 33.0 59.0 
1 2 0.53 0.53 348.0 54.0 348.0 90.0 34.0 90.0 
1 3 0.94 0.94 348.0 54.0 348.0 90.0 34.0 90.0 137.0 57.0 137.0 
1 2 0.77 0.77 526.0 213.0 526.0 128.0 47.0 128.0 
1 2 0.69 0.69 103.0 32.0 103.0 776.0 296.0 776.0 
1 3 0.74 0.74 103.0 32.0 103.0 776.0 296.0 776.0 654.0 35.0 654.0 
1 2 0.65 0.65 705.0 261.0 705.0 487.0 139.0 487.0 
1 2 0.77 0.77 874.0 418.0 874.0 575.0 172.0 575.0 
1 2 0.48 0.48 485.0 185.0 485.0 39.0 4.0 39.0 
1 3 0.89 0.89 485.0 185.0 485.0 39.0 4.0 39.0 53.0 22.0 53.0 
1 2 0.08 0.08 530.0 6.0 530.0 379.0 28.0 379.0 
1 3 0.12 0.12 530.0 6.0 530.0 379.0 28.0 379.0 948.0 36.0 948.0 
1 4 0.47 0.47 530.0 6.0 530.0 379.0 28.0 379.0 948.0 36.0 948.0 693.0 245.0 693.0 
1 2 0.62 0.62 620.0 263.0 620.0 817.0 160.0 817.0 
1 2 0.39 0.39 345.0 77.0 345.0 368.0 64.0 368.0 
1 3 0.83 0.83 345.0 77.0 345.0 368.0 64.0 368.0 157.0 69.0 157.0 
1 4 0.95 0.95 345.0 77.0 345.0 368.0 64.0 368.0 157.0 69.0 157.0 967.0 119.0 967.0 
1 5 0.98 0.98 345.0 77.0 345.0 368.0 64.0 368.0 157.0 69.0 157.0 967.0 119.0 967.0 125.0 3.0 125.0 
1 2 0.36 0.36 256.0 82.0 256.0 504.0 23.0 504.0 
1 3 0.8 0.8 256.0 82.0 256.0 504.0 23.0 504.0 299.0 130.0 299.0 
1 2 0.19 0.19 576.0 42.0 576.0 944.0 112.0 944.0 
1 3 0.49 0.49 576.0 42.0 576.0 944.0 112.0 944.0 118.0 36.0 118.0 
1 2 0.97 0.97 478.0 236.0 478.0 574.0 274.0 574.0 
1 3 0.99 0.99 478.0 236.0 478.0 574.0 274.0 574.0 153.0 3.0 153.0 
1 2 0.41 0.41 360.0 73.0 360.0 76.0 16.0 76.0 
1 3 0.44 0.44 360.0 73.0 360.0 76.0 16.0 76.0 82.0 3.0 82.0 
1 4 0.72 0.72 360.0 73.0 360.0 76.0 16.0 76.0 82.0 3.0 82.0 931.0 255.0 931.0 
1 2 0.71 0.71 424.0 292.0 424.0 871.0 25.0 871.0 
1 2 0.58 0.58 640.0 298.0 640.0 58.0 7.0 58.0 
1 3 0.59 0.59 640.0 298.0 640.0 58.0 7.0 58.0 305.0 4.0 305.0 
1 2 0.42 0.42 99.0 7.0 99.0 205.0 72.0 205.0 
1 3 0.87 0.87 99.0 7.0 99.0 205.0 72.0 205.0 833.0 378.0 833.0 
1 2 0.33 0.33 262.0 66.0 262.0 277.0 24.0 277.0 
1 2 0.63 0.63 291.0 112.0 291.0 496.0 123.0 496.0 
1 3 0.87 0.87 291.0 112.0 291.0 496.0 123.0 496.0 338.0 81.0 338.0 
1 4 0.92 0.92 291.0 112.0 291.0 496.0 123.0 496.0 338.0 81.0 338.0 438.0 24.0 438.0 
1 2 0.37 0.37 637.0 200.0 637.0 443.0 27.0 443.0 
1 3 0.61 0.61 637.0 200.0 637.0 443.0 27.0 443.0 131.0 32.0 131.0 
1 4 0.99 0.99 637.0 200.0 637.0 443.0 27.0 443.0 131.0 32.0 131.0 307.0 114.0 307.0 
1 2 0.82 0.82 988.0 439.0 988.0 404.0 153.0 404.0 
1 2 0.52 0.52 107.0 31.0 107.0 479.0 115.0 479.0 
1 3 0.83 0.83 107.0 31.0 107.0 479.0 115.0 479.0 163.0 50.0 163.0 
1 2 0.46 0.46 600.0 207.0 600.0 876.0 105.0 876.0 
1 3 0.71 0.71 600.0 207.0 600.0 876.0 105.0 876.0 4.0 1.0 4.0 
1 2 0.56 0.56 982.0 351.0 982.0 722.0 149.0 722.0 
1 2 0.47 0.47 935.0 75.0 935.0 303.0 121.0 303.0 
1 3 0.94 0.94 935.0 75.0 935.0 303.0 121.0 303.0 219.0 101.0 219.0 
1 2 0.54 0.54 386.0 36.0 386.0 986.0 449.0 986.0 
1 3 0.69 0.69 386.0 36.0 386.0 986.0 449.0 986.0 476.0 68.0 476.0 
1 2 0.4 0.4 627.0 58.0 627.0 588.0 184.0 588.0 
1 3 0.7 0.7 627.0 58.0 627.0 588.0 184.0 588.0 555.0 164.0 555.0 
1 4 0.76 0.76 627.0 58.0 627.0 588.0 184.0 588.0 555.0 164.0 555.0 452.0 31.0 452.0 
1 2 0.54 0.54 373.0 72.0 373.0 343.0 121.0 343.0 
1 3 0.97 0.97 373.0 72.0 373.0 343.0 121.0 343.0 713.0 306.0 713.0 
1 2 0.41 0.41 789.0 44.0 789.0 620.0 220.0 620.0 
1 3 0.91 0.91 789.0 44.0 789.0 620.0 220.0 620.0 26.0 13.0 26.0 
1 2 0.24 0.24 243.0 14.0 243.0 692.0 128.0 692.0 
1 3 0.25 0.25 243.0 14.0 243.0 692.0 128.0 692.0 770.0 8.0 770.0 
1 4 0.69 0.69 243.0 14.0 243.0 692.0 128.0 692.0 770.0 8.0 770.0 908.0 403.0 908.0 
1 2 0.4 0.4 275.0 10.0 275.0 271.0 99.0 271.0 
1 3 0.41 0.41 275.0 10.0 275.0 271.0 99.0 271.0 522.0 9.0 522.0 
1 4 0.73 0.73 275.0 10.0 275.0 271.0 99.0 271.0 522.0 9.0 522.0 810.0 253.0 810.0 
1 2 0.52 0.52 818.0 291.0 818.0 30.0 5.0 30.0 
1 2 0.45 0.45 162.0 26.0 162.0 504.0 150.0 504.0 
1 3 0.66 0.66 162.0 26.0 162.0 504.0 150.0 504.0 851.0 177.0 851.0 
1 2 0.94 0.94 372.0 40.0 372.0 399.0 335.0 399.0 
1 2 0.56 0.56 470.0 157.0 470.0 153.0 35.0 153.0 
1 3 0.98 0.98 470.0 157.0 470.0 153.0 35.0 153.0 618.0 258.0 618.0 
1 2 0.77 0.77 835.0 373.0 835.0 710.0 231.0 710.0 
1 3 0.97 0.97 835.0 373.0 835.0 710.0 231.0 710.0 556.0 113.0 556.0 
1 2 0.35 0.35 820.0 77.0 820.0 600.0 159.0 600.0 
1 3 0.56 0.56 820.0 77.0 820.0 600.0 159.0 600.0 57.0 12.0 57.0 
1 4 0.73 0.73 820.0 77.0 820.0 600.0 159.0 600.0 57.0 12.0 57.0 712.0 118.0 712.0 
1 2 0.58 0.58 160.0 19.0 160.0 41.0 19.0 41.0 
1 3 0.86 0.86 160.0 19.0 160.0 41.0 19.0 41.0 611.0 174.0 611.0 
1 4 0.92 0.92 160.0 19.0 160.0 41.0 19.0 41.0 611.0 174.0 611.0 700.0 39.0 700.0 
1 2 0.61 0.61 963.0 118.0 963.0 634.0 310.0 634.0 
1 2 0.49 0.49 681.0 265.0 681.0 312.0 32.0 312.0 
1 3 0.55 0.55 681.0 265.0 681.0 312.0 32.0 312.0 780.0 51.0 780.0 
1 4 0.72 0.72 681.0 265.0 681.0 312.0 32.0 312.0 780.0 51.0 780.0 317.0 52.0 317.0 
1 2 0.55 0.55 932.0 14.0 932.0 348.0 188.0 348.0 
1 3 0.6 0.6 932.0 14.0 932.0 348.0 188.0 348.0 661.0 30.0 661.0 
1 4 0.89 0.89 932.0 14.0 932.0 348.0 188.0 348.0 661.0 30.0 661.0 998.0 294.0 998.0 
1 5 0.94 0.94 932.0 14.0 932.0 348.0 188.0 348.0 661.0 30.0 661.0 998.0 294.0 998.0 973.0 53.0 973.0 
1 2 0.64 0.64 517.0 224.0 517.0 199.0 42.0 199.0 
1 2 0.24 0.24 384.0 5.0 384.0 844.0 196.0 844.0 
1 3 0.48 0.48 384.0 5.0 384.0 844.0 196.0 844.0 659.0 157.0 659.0 
1 4 0.8 0.8 384.0 5.0 384.0 844.0 196.0 844.0 659.0 157.0 659.0 383.0 125.0 383.0 
1 5 0.89 0.89 384.0 5.0 384.0 844.0 196.0 844.0 659.0 157.0 659.0 383.0 125.0 383.0 204.0 18.0 204.0 
1 2 0.29 0.29 19.0 1.0 19.0 460.0 112.0 460.0 
1 3 0.4 0.4 19.0 1.0 19.0 460.0 112.0 460.0 439.0 47.0 439.0 
1 4 0.61 0.61 19.0 1.0 19.0 460.0 112.0 460.0 439.0 47.0 439.0 635.0 137.0 635.0 
1 5 0.92 0.92 19.0 1.0 19.0 460.0 112.0 460.0 439.0 47.0 439.0 635.0 137.0 635.0 635.0 197.0 635.0 
1 2 0.28 0.28 6.0 1.0 6.0 468.0 56.0 468.0 
1 3 0.34 0.34 6.0 1.0 6.0 468.0 56.0 468.0 710.0 44.0 710.0 
1 4 0.57 0.57 6.0 1.0 6.0 468.0 56.0 468.0 710.0 44.0 710.0 507.0 115.0 507.0 
1 2 0.41 0.41 536.0 175.0 536.0 339.0 29.0 339.0 
1 3 0.81 0.81 536.0 175.0 536.0 339.0 29.0 339.0 567.0 231.0 567.0 
1 4 0.98 0.98 536.0 175.0 536.0 339.0 29.0 339.0 567.0 231.0 567.0 351.0 59.0 351.0 
1 2 0.2 0.2 749.0 76.0 749.0 909.0 92.0 909.0 
1 3 0.66 0.66 749.0 76.0 749.0 909.0 92.0 909.0 497.0 230.0 497.0 
