2 3 1.93 1.93 330.0 274.0 330.0 112.0 49.0 112.0 27.0 18.0 27.0 
2 3 1.77 1.77 777.0 590.0 777.0 79.0 8.0 79.0 582.0 534.0 582.0 
2 3 1.7 1.7 973.0 764.0 973.0 341.0 185.0 341.0 263.0 99.0 263.0 
2 4 1.79 1.79 973.0 764.0 973.0 341.0 185.0 341.0 263.0 99.0 263.0 21.0 2.0 21.0 
2 3 1.41 1.41 583.0 543.0 583.0 964.0 142.0 964.0 928.0 308.0 928.0 
2 3 1.63 1.63 155.0 116.0 155.0 247.0 47.0 247.0 962.0 670.0 962.0 
2 3 1.69 1.69 833.0 494.0 833.0 232.0 92.0 232.0 206.0 146.0 206.0 
2 4 1.7 1.7 833.0 494.0 833.0 232.0 92.0 232.0 206.0 146.0 206.0 666.0 3.0 666.0 
2 5 1.71 1.71 833.0 494.0 833.0 232.0 92.0 232.0 206.0 146.0 206.0 666.0 3.0 666.0 525.0 6.0 525.0 
2 3 1.11 1.11 234.0 184.0 234.0 201.0 59.0 201.0 364.0 14.0 364.0 
2 4 1.7 1.7 234.0 184.0 234.0 201.0 59.0 201.0 364.0 14.0 364.0 185.0 109.0 185.0 
2 3 1.89 1.89 362.0 164.0 362.0 560.0 290.0 560.0 502.0 463.0 502.0 
2 3 1.94 1.94 926.0 596.0 926.0 880.0 454.0 880.0 999.0 787.0 999.0 
2 3 1.75 1.75 194.0 185.0 194.0 820.0 234.0 820.0 43.0 22.0 43.0 
2 3 1.73 1.73 191.0 74.0 191.0 562.0 363.0 562.0 650.0 457.0 650.0 
2 3 1.83 1.83 105.0 77.0 105.0 943.0 911.0 943.0 782.0 105.0 782.0 
2 3 1.4 1.4 367.0 233.0 367.0 198.0 102.0 198.0 230.0 59.0 230.0 
2 3 0.98 0.98 379.0 69.0 379.0 823.0 421.0 823.0 951.0 276.0 951.0 
2 4 1.35 1.35 379.0 69.0 379.0 823.0 421.0 823.0 951.0 276.0 951.0 816.0 304.0 816.0 
2 5 1.84 1.84 379.0 69.0 379.0 823.0 421.0 823.0 951.0 276.0 951.0 816.0 304.0 816.0 933.0 457.0 933.0 
2 3 1.29 1.29 320.0 220.0 320.0 188.0 60.0 188.0 996.0 291.0 996.0 
2 4 1.96 1.96 320.0 220.0 320.0 188.0 60.0 188.0 996.0 291.0 996.0 150.0 100.0 150.0 
2 3 1.84 1.84 185.0 58.0 185.0 619.0 390.0 619.0 98.0 88.0 98.0 
2 3 1.4 1.4 547.0 228.0 547.0 86.0 1.0 86.0 123.0 120.0 123.0 
2 4 1.73 1.73 547.0 228.0 547.0 86.0 1.0 86.0 123.0 120.0 123.0 9.0 3.0 9.0 
2 3 1.83 1.83 517.0 349.0 517.0 109.0 77.0 109.0 612.0 277.0 612.0 
2 3 1.75 1.75 193.0 111.0 193.0 731.0 160.0 731.0 173.0 166.0 173.0 
2 4 1.8 1.8 193.0 111.0 193.0 731.0 160.0 731.0 173.0 166.0 173.0 508.0 25.0 508.0 
2 5 1.88 1.88 193.0 111.0 193.0 731.0 160.0 731.0 173.0 166.0 173.0 508.0 25.0 508.0 267.0 22.0 267.0 
2 6 1.89 1.89 193.0 111.0 193.0 731.0 160.0 731.0 173.0 166.0 173.0 508.0 25.0 508.0 267.0 22.0 267.0 695.0 6.0 695.0 
2 3 1.9 1.9 788.0 98.0 788.0 989.0 940.0 989.0 136.0 113.0 136.0 
2 3 1.76 1.76 734.0 472.0 734.0 253.0 203.0 253.0 969.0 311.0 969.0 
2 3 1.88 1.88 590.0 318.0 590.0 399.0 204.0 399.0 466.0 389.0 466.0 
2 3 1.85 1.85 73.0 66.0 73.0 542.0 398.0 542.0 56.0 12.0 56.0 
2 4 1.91 1.91 73.0 66.0 73.0 542.0 398.0 542.0 56.0 12.0 56.0 274.0 18.0 274.0 
2 3 1.9 1.9 754.0 419.0 754.0 999.0 745.0 999.0 498.0 299.0 498.0 
2 3 1.68 1.68 493.0 301.0 493.0 127.0 68.0 127.0 896.0 483.0 896.0 
2 3 1.55 1.55 367.0 222.0 367.0 174.0 61.0 174.0 350.0 211.0 350.0 
2 4 1.67 1.67 367.0 222.0 367.0 174.0 61.0 174.0 350.0 211.0 350.0 883.0 99.0 883.0 
2 3 1.74 1.74 811.0 553.0 811.0 969.0 303.0 969.0 822.0 620.0 822.0 
2 3 0.57 0.57 428.0 32.0 428.0 200.0 28.0 200.0 236.0 86.0 236.0 
2 4 1.34 1.34 428.0 32.0 428.0 200.0 28.0 200.0 236.0 86.0 236.0 284.0 217.0 284.0 
2 3 1.91 1.91 941.0 633.0 941.0 491.0 408.0 491.0 174.0 71.0 174.0 
2 3 1.7 1.7 281.0 139.0 281.0 732.0 451.0 732.0 856.0 509.0 856.0 
2 3 1.9 1.9 19.0 17.0 19.0 430.0 394.0 430.0 195.0 18.0 195.0 
2 3 1.19 1.19 421.0 385.0 421.0 172.0 30.0 172.0 311.0 34.0 311.0 
2 4 1.71 1.71 421.0 385.0 421.0 172.0 30.0 172.0 311.0 34.0 311.0 290.0 151.0 290.0 
2 5 1.83 1.83 421.0 385.0 421.0 172.0 30.0 172.0 311.0 34.0 311.0 290.0 151.0 290.0 238.0 27.0 238.0 
2 3 1.86 1.86 661.0 458.0 661.0 31.0 13.0 31.0 887.0 670.0 887.0 
2 3 1.78 1.78 787.0 222.0 787.0 976.0 580.0 976.0 11.0 10.0 11.0 
2 3 1.2 1.2 258.0 26.0 258.0 626.0 604.0 626.0 398.0 57.0 398.0 
2 4 1.6 1.6 258.0 26.0 258.0 626.0 604.0 626.0 398.0 57.0 398.0 10.0 4.0 10.0 
2 5 1.88 1.88 258.0 26.0 258.0 626.0 604.0 626.0 398.0 57.0 398.0 10.0 4.0 10.0 662.0 182.0 662.0 
2 3 1.44 1.44 226.0 195.0 226.0 203.0 83.0 203.0 212.0 37.0 212.0 
2 3 1.69 1.69 211.0 104.0 211.0 282.0 116.0 282.0 885.0 699.0 885.0 
2 3 1.0 1.0 297.0 59.0 297.0 920.0 208.0 920.0 340.0 196.0 340.0 
2 4 1.46 1.46 297.0 59.0 297.0 920.0 208.0 920.0 340.0 196.0 340.0 375.0 174.0 375.0 
2 3 1.57 1.57 368.0 287.0 368.0 259.0 143.0 259.0 938.0 231.0 938.0 
2 3 1.86 1.86 831.0 791.0 831.0 795.0 459.0 795.0 96.0 32.0 96.0 
2 3 1.54 1.54 106.0 90.0 106.0 156.0 15.0 156.0 376.0 225.0 376.0 
2 3 1.35 1.35 24.0 19.0 24.0 99.0 44.0 99.0 563.0 66.0 563.0 
2 3 1.85 1.85 73.0 26.0 73.0 71.0 69.0 71.0 895.0 468.0 895.0 
2 4 1.91 1.91 73.0 26.0 73.0 71.0 69.0 71.0 895.0 468.0 895.0 66.0 4.0 66.0 
2 3 1.47 1.47 694.0 344.0 694.0 380.0 84.0 380.0 479.0 364.0 479.0 
2 3 1.81 1.81 399.0 255.0 399.0 719.0 420.0 719.0 984.0 579.0 984.0 
2 3 1.68 1.68 710.0 233.0 710.0 501.0 311.0 501.0 423.0 311.0 423.0 
2 3 1.82 1.82 254.0 166.0 254.0 744.0 393.0 744.0 247.0 159.0 247.0 
2 3 1.88 1.88 437.0 397.0 437.0 582.0 430.0 582.0 644.0 151.0 644.0 
2 3 0.64 0.64 972.0 518.0 972.0 723.0 39.0 723.0 209.0 12.0 209.0 
2 4 0.91 0.91 972.0 518.0 972.0 723.0 39.0 723.0 209.0 12.0 209.0 816.0 221.0 816.0 
2 5 1.0 1.0 972.0 518.0 972.0 723.0 39.0 723.0 209.0 12.0 209.0 816.0 221.0 816.0 132.0 12.0 132.0 
2 6 1.92 1.92 972.0 518.0 972.0 723.0 39.0 723.0 209.0 12.0 209.0 816.0 221.0 816.0 132.0 12.0 132.0 688.0 635.0 688.0 
2 3 1.34 1.34 627.0 364.0 627.0 151.0 15.0 151.0 658.0 439.0 658.0 
2 4 1.86 1.86 627.0 364.0 627.0 151.0 15.0 151.0 658.0 439.0 658.0 95.0 49.0 95.0 
2 3 1.53 1.53 664.0 573.0 664.0 690.0 375.0 690.0 387.0 51.0 387.0 
2 3 1.5 1.5 864.0 430.0 864.0 9.0 9.0 9.0 945.0 7.0 945.0 
2 3 1.99 1.99 796.0 746.0 796.0 271.0 154.0 271.0 75.0 37.0 75.0 
2 3 1.29 1.29 476.0 258.0 476.0 188.0 15.0 188.0 61.0 41.0 61.0 
2 3 1.67 1.67 669.0 132.0 669.0 557.0 297.0 557.0 17.0 16.0 17.0 
2 3 1.44 1.44 124.0 4.0 124.0 415.0 173.0 415.0 960.0 958.0 960.0 
2 4 1.96 1.96 124.0 4.0 124.0 415.0 173.0 415.0 960.0 958.0 960.0 162.0 84.0 162.0 
2 3 1.59 1.59 188.0 165.0 188.0 346.0 49.0 346.0 31.0 18.0 31.0 
2 3 1.52 1.52 377.0 23.0 377.0 445.0 387.0 445.0 960.0 575.0 960.0 
2 3 0.93 0.93 225.0 75.0 225.0 422.0 7.0 422.0 504.0 295.0 504.0 
2 4 1.25 1.25 225.0 75.0 225.0 422.0 7.0 422.0 504.0 295.0 504.0 175.0 56.0 175.0 
2 5 1.77 1.77 225.0 75.0 225.0 422.0 7.0 422.0 504.0 295.0 504.0 175.0 56.0 175.0 530.0 276.0 530.0 
2 3 1.75 1.75 87.0 59.0 87.0 475.0 406.0 475.0 870.0 195.0 870.0 
2 3 1.84 1.84 520.0 478.0 520.0 331.0 93.0 331.0 165.0 107.0 165.0 
2 3 1.0 1.0 485.0 247.0 485.0 647.0 89.0 647.0 163.0 58.0 163.0 
2 4 1.67 1.67 485.0 247.0 485.0 647.0 89.0 647.0 163.0 58.0 163.0 684.0 462.0 684.0 
2 3 1.34 1.34 479.0 238.0 479.0 794.0 230.0 794.0 736.0 410.0 736.0 
2 4 1.92 1.92 479.0 238.0 479.0 794.0 230.0 794.0 736.0 410.0 736.0 24.0 14.0 24.0 
2 5 1.98 1.98 479.0 238.0 479.0 794.0 230.0 794.0 736.0 410.0 736.0 24.0 14.0 24.0 683.0 37.0 683.0 
2 3 1.56 1.56 957.0 952.0 957.0 508.0 126.0 508.0 376.0 120.0 376.0 
2 4 1.81 1.81 957.0 952.0 957.0 508.0 126.0 508.0 376.0 120.0 376.0 262.0 66.0 262.0 
2 3 1.8 1.8 583.0 110.0 583.0 666.0 636.0 666.0 123.0 81.0 123.0 
2 3 0.76 0.76 149.0 29.0 149.0 969.0 544.0 969.0 894.0 7.0 894.0 
2 4 1.74 1.74 149.0 29.0 149.0 969.0 544.0 969.0 894.0 7.0 894.0 687.0 672.0 687.0 
2 5 1.79 1.79 149.0 29.0 149.0 969.0 544.0 969.0 894.0 7.0 894.0 687.0 672.0 687.0 834.0 42.0 834.0 
2 6 1.86 1.86 149.0 29.0 149.0 969.0 544.0 969.0 894.0 7.0 894.0 687.0 672.0 687.0 834.0 42.0 834.0 500.0 37.0 500.0 
2 7 1.96 1.96 149.0 29.0 149.0 969.0 544.0 969.0 894.0 7.0 894.0 687.0 672.0 687.0 834.0 42.0 834.0 500.0 37.0 500.0 271.0 28.0 271.0 
2 3 1.83 1.83 732.0 306.0 732.0 381.0 273.0 381.0 238.0 166.0 238.0 
2 3 1.85 1.85 977.0 734.0 977.0 40.0 40.0 40.0 48.0 5.0 48.0 
2 3 1.82 1.82 123.0 29.0 123.0 836.0 754.0 836.0 96.0 66.0 96.0 
2 3 1.74 1.74 159.0 11.0 159.0 293.0 292.0 293.0 716.0 486.0 716.0 
2 3 1.53 1.53 390.0 52.0 390.0 699.0 413.0 699.0 346.0 280.0 346.0 
2 3 1.41 1.41 501.0 94.0 501.0 5.0 5.0 5.0 681.0 156.0 681.0 
2 3 1.49 1.49 276.0 17.0 276.0 771.0 523.0 771.0 936.0 704.0 936.0 
2 3 1.79 1.79 61.0 32.0 61.0 87.0 48.0 87.0 544.0 390.0 544.0 
2 3 1.39 1.39 367.0 165.0 367.0 942.0 644.0 942.0 672.0 178.0 672.0 
2 3 1.36 1.36 862.0 374.0 862.0 569.0 354.0 569.0 869.0 268.0 869.0 
2 4 1.9 1.9 862.0 374.0 862.0 569.0 354.0 569.0 869.0 268.0 869.0 940.0 511.0 940.0 
2 3 1.91 1.91 240.0 219.0 240.0 150.0 129.0 150.0 134.0 19.0 134.0 
2 3 1.66 1.66 63.0 48.0 63.0 101.0 38.0 101.0 645.0 341.0 645.0 
2 3 1.49 1.49 395.0 256.0 395.0 654.0 460.0 654.0 873.0 123.0 873.0 
2 3 1.21 1.21 481.0 243.0 481.0 144.0 99.0 144.0 780.0 19.0 780.0 
2 4 1.49 1.49 481.0 243.0 481.0 144.0 99.0 144.0 780.0 19.0 780.0 142.0 39.0 142.0 
2 5 1.72 1.72 481.0 243.0 481.0 144.0 99.0 144.0 780.0 19.0 780.0 142.0 39.0 142.0 796.0 182.0 796.0 
2 6 1.86 1.86 481.0 243.0 481.0 144.0 99.0 144.0 780.0 19.0 780.0 142.0 39.0 142.0 796.0 182.0 796.0 949.0 142.0 949.0 
2 7 1.97 1.97 481.0 243.0 481.0 144.0 99.0 144.0 780.0 19.0 780.0 142.0 39.0 142.0 796.0 182.0 796.0 949.0 142.0 949.0 207.0 22.0 207.0 
2 3 1.39 1.39 994.0 315.0 994.0 951.0 545.0 951.0 393.0 199.0 393.0 
2 3 1.48 1.48 61.0 37.0 61.0 475.0 406.0 475.0 336.0 9.0 336.0 
2 3 1.74 1.74 647.0 367.0 647.0 843.0 523.0 843.0 261.0 146.0 261.0 
2 3 1.27 1.27 582.0 250.0 582.0 778.0 626.0 778.0 851.0 34.0 851.0 
2 4 1.41 1.41 582.0 250.0 582.0 778.0 626.0 778.0 851.0 34.0 851.0 558.0 79.0 558.0 
2 5 1.77 1.77 582.0 250.0 582.0 778.0 626.0 778.0 851.0 34.0 851.0 558.0 79.0 558.0 792.0 283.0 792.0 
2 3 1.94 1.94 151.0 119.0 151.0 203.0 123.0 203.0 897.0 492.0 897.0 
2 3 1.59 1.59 572.0 290.0 572.0 754.0 346.0 754.0 304.0 192.0 304.0 
2 4 1.73 1.73 572.0 290.0 572.0 754.0 346.0 754.0 304.0 192.0 304.0 511.0 68.0 511.0 
2 3 1.94 1.94 373.0 241.0 373.0 824.0 491.0 824.0 82.0 58.0 82.0 
2 3 1.84 1.84 983.0 153.0 983.0 227.0 179.0 227.0 896.0 808.0 896.0 
2 4 1.85 1.85 983.0 153.0 983.0 227.0 179.0 227.0 896.0 808.0 896.0 956.0 9.0 956.0 
2 3 1.85 1.85 506.0 331.0 506.0 533.0 205.0 533.0 489.0 398.0 489.0 
2 3 1.83 1.83 128.0 67.0 128.0 529.0 528.0 529.0 470.0 145.0 470.0 
2 4 1.91 1.91 128.0 67.0 128.0 529.0 528.0 529.0 470.0 145.0 470.0 326.0 29.0 326.0 
2 3 1.34 1.34 98.0 58.0 98.0 708.0 294.0 708.0 947.0 324.0 947.0 
2 3 1.51 1.51 694.0 589.0 694.0 222.0 22.0 222.0 206.0 116.0 206.0 
2 3 1.44 1.44 994.0 108.0 994.0 998.0 580.0 998.0 796.0 601.0 796.0 
2 3 1.77 1.77 656.0 374.0 656.0 100.0 89.0 100.0 430.0 137.0 430.0 
2 3 1.87 1.87 413.0 376.0 413.0 253.0 15.0 253.0 545.0 491.0 545.0 
2 3 1.33 1.33 695.0 494.0 695.0 73.0 45.0 73.0 998.0 8.0 998.0 
2 3 1.83 1.83 339.0 262.0 339.0 610.0 340.0 610.0 6.0 3.0 6.0 
2 3 0.91 0.91 334.0 51.0 334.0 397.0 216.0 397.0 97.0 21.0 97.0 
2 4 1.48 1.48 334.0 51.0 334.0 397.0 216.0 397.0 97.0 21.0 97.0 575.0 326.0 575.0 
2 3 1.23 1.23 411.0 25.0 411.0 68.0 55.0 68.0 183.0 66.0 183.0 
2 3 1.34 1.34 21.0 3.0 21.0 575.0 359.0 575.0 104.0 60.0 104.0 
2 4 1.91 1.91 21.0 3.0 21.0 575.0 359.0 575.0 104.0 60.0 104.0 296.0 168.0 296.0 
2 3 0.93 0.93 753.0 476.0 753.0 323.0 69.0 323.0 245.0 23.0 245.0 
2 4 1.32 1.32 753.0 476.0 753.0 323.0 69.0 323.0 245.0 23.0 245.0 762.0 292.0 762.0 
2 5 1.55 1.55 753.0 476.0 753.0 323.0 69.0 323.0 245.0 23.0 245.0 762.0 292.0 762.0 928.0 215.0 928.0 
2 3 1.85 1.85 434.0 348.0 434.0 425.0 392.0 425.0 902.0 118.0 902.0 
2 3 1.97 1.97 189.0 109.0 189.0 64.0 39.0 64.0 341.0 270.0 341.0 
2 3 0.94 0.94 968.0 161.0 968.0 785.0 502.0 785.0 940.0 133.0 940.0 
2 4 1.35 1.35 968.0 161.0 968.0 785.0 502.0 785.0 940.0 133.0 940.0 293.0 119.0 293.0 
2 5 1.71 1.71 968.0 161.0 968.0 785.0 502.0 785.0 940.0 133.0 940.0 293.0 119.0 293.0 375.0 136.0 375.0 
2 3 1.49 1.49 174.0 173.0 174.0 708.0 200.0 708.0 577.0 126.0 577.0 
2 4 1.81 1.81 174.0 173.0 174.0 708.0 200.0 708.0 577.0 126.0 577.0 775.0 248.0 775.0 
2 3 1.94 1.94 46.0 29.0 46.0 379.0 252.0 379.0 348.0 226.0 348.0 
2 3 1.71 1.71 532.0 115.0 532.0 754.0 719.0 754.0 102.0 56.0 102.0 
2 3 1.74 1.74 260.0 152.0 260.0 11.0 6.0 11.0 122.0 75.0 122.0 
2 3 1.41 1.41 875.0 647.0 875.0 757.0 412.0 757.0 298.0 39.0 298.0 
2 4 1.89 1.89 875.0 647.0 875.0 757.0 412.0 757.0 298.0 39.0 298.0 213.0 102.0 213.0 
2 3 1.63 1.63 387.0 335.0 387.0 231.0 133.0 231.0 37.0 7.0 37.0 
2 3 1.48 1.48 515.0 28.0 515.0 291.0 285.0 291.0 635.0 286.0 635.0 
2 4 1.59 1.59 515.0 28.0 515.0 291.0 285.0 291.0 635.0 286.0 635.0 890.0 97.0 890.0 
2 3 1.97 1.97 930.0 317.0 930.0 615.0 610.0 615.0 133.0 86.0 133.0 
2 3 1.78 1.78 706.0 517.0 706.0 38.0 28.0 38.0 420.0 132.0 420.0 
2 3 1.0 1.0 888.0 176.0 888.0 838.0 162.0 838.0 163.0 100.0 163.0 
2 4 1.55 1.55 888.0 176.0 888.0 838.0 162.0 838.0 163.0 100.0 163.0 774.0 426.0 774.0 
2 5 1.71 1.71 888.0 176.0 888.0 838.0 162.0 838.0 163.0 100.0 163.0 774.0 426.0 774.0 339.0 53.0 339.0 
2 3 1.76 1.76 84.0 54.0 84.0 108.0 20.0 108.0 463.0 436.0 463.0 
2 4 1.98 1.98 84.0 54.0 84.0 108.0 20.0 108.0 463.0 436.0 463.0 704.0 151.0 704.0 
2 3 1.6 1.6 872.0 488.0 872.0 338.0 266.0 338.0 191.0 49.0 191.0 
2 3 1.12 1.12 198.0 150.0 198.0 955.0 91.0 955.0 336.0 92.0 336.0 
2 4 1.58 1.58 198.0 150.0 198.0 955.0 91.0 955.0 336.0 92.0 336.0 741.0 341.0 741.0 
2 3 1.98 1.98 354.0 340.0 354.0 312.0 236.0 312.0 794.0 209.0 794.0 
2 3 1.55 1.55 242.0 31.0 242.0 871.0 567.0 871.0 621.0 479.0 621.0 
2 3 1.23 1.23 853.0 55.0 853.0 989.0 846.0 989.0 277.0 87.0 277.0 
2 4 1.9 1.9 853.0 55.0 853.0 989.0 846.0 989.0 277.0 87.0 277.0 793.0 533.0 793.0 
2 3 1.96 1.96 292.0 213.0 292.0 514.0 177.0 514.0 142.0 127.0 142.0 
2 3 1.6 1.6 182.0 25.0 182.0 905.0 886.0 905.0 596.0 294.0 596.0 
2 4 1.76 1.76 182.0 25.0 182.0 905.0 886.0 905.0 596.0 294.0 596.0 71.0 11.0 71.0 
2 3 1.06 1.06 125.0 65.0 125.0 821.0 422.0 821.0 670.0 24.0 670.0 
2 4 1.46 1.46 125.0 65.0 125.0 821.0 422.0 821.0 670.0 24.0 670.0 700.0 277.0 700.0 
2 5 1.56 1.56 125.0 65.0 125.0 821.0 422.0 821.0 670.0 24.0 670.0 700.0 277.0 700.0 938.0 97.0 938.0 
2 6 1.93 1.93 125.0 65.0 125.0 821.0 422.0 821.0 670.0 24.0 670.0 700.0 277.0 700.0 938.0 97.0 938.0 728.0 266.0 728.0 
2 3 0.99 0.99 336.0 191.0 336.0 259.0 98.0 259.0 956.0 48.0 956.0 
2 4 1.49 1.49 336.0 191.0 336.0 259.0 98.0 259.0 956.0 48.0 956.0 292.0 144.0 292.0 
2 5 1.76 1.76 336.0 191.0 336.0 259.0 98.0 259.0 956.0 48.0 956.0 292.0 144.0 292.0 270.0 73.0 270.0 
2 3 1.26 1.26 484.0 185.0 484.0 963.0 110.0 963.0 79.0 61.0 79.0 
2 3 1.87 1.87 28.0 19.0 28.0 843.0 560.0 843.0 650.0 349.0 650.0 
2 3 1.83 1.83 660.0 582.0 660.0 328.0 18.0 328.0 361.0 326.0 361.0 
2 3 0.4 0.4 303.0 39.0 303.0 976.0 46.0 976.0 621.0 140.0 621.0 
2 4 1.16 1.16 303.0 39.0 303.0 976.0 46.0 976.0 621.0 140.0 621.0 305.0 233.0 305.0 
2 5 1.8 1.8 303.0 39.0 303.0 976.0 46.0 976.0 621.0 140.0 621.0 305.0 233.0 305.0 315.0 200.0 315.0 
2 3 1.87 1.87 253.0 48.0 253.0 590.0 580.0 590.0 71.0 50.0 71.0 
2 3 1.68 1.68 568.0 222.0 568.0 94.0 54.0 94.0 421.0 302.0 421.0 
2 3 1.63 1.63 468.0 204.0 468.0 552.0 348.0 552.0 179.0 101.0 179.0 
2 3 1.85 1.85 363.0 311.0 363.0 633.0 529.0 633.0 91.0 15.0 91.0 
2 3 1.22 1.22 971.0 264.0 971.0 652.0 504.0 652.0 314.0 55.0 314.0 
2 4 1.3 1.3 971.0 264.0 971.0 652.0 504.0 652.0 314.0 55.0 314.0 634.0 55.0 634.0 
2 5 1.96 1.96 971.0 264.0 971.0 652.0 504.0 652.0 314.0 55.0 314.0 634.0 55.0 634.0 104.0 68.0 104.0 
2 3 1.72 1.72 895.0 835.0 895.0 343.0 89.0 343.0 413.0 220.0 413.0 
2 3 1.73 1.73 649.0 398.0 649.0 471.0 341.0 471.0 814.0 322.0 814.0 
2 4 1.98 1.98 649.0 398.0 649.0 471.0 341.0 471.0 814.0 322.0 814.0 113.0 29.0 113.0 
2 3 1.9 1.9 761.0 229.0 761.0 980.0 960.0 980.0 418.0 261.0 418.0 
2 3 1.94 1.94 212.0 170.0 212.0 176.0 137.0 176.0 699.0 252.0 699.0 
2 3 1.54 1.54 990.0 724.0 990.0 914.0 680.0 914.0 609.0 45.0 609.0 
2 3 1.76 1.76 483.0 67.0 483.0 853.0 660.0 853.0 840.0 718.0 840.0 
2 3 1.18 1.18 983.0 532.0 983.0 957.0 359.0 957.0 254.0 68.0 254.0 
2 4 1.84 1.84 983.0 532.0 983.0 957.0 359.0 957.0 254.0 68.0 254.0 226.0 149.0 226.0 
2 3 1.75 1.75 821.0 286.0 821.0 350.0 148.0 350.0 80.0 79.0 80.0 
2 3 1.77 1.77 382.0 84.0 382.0 596.0 363.0 596.0 784.0 745.0 784.0 
2 3 0.82 0.82 829.0 61.0 829.0 468.0 93.0 468.0 838.0 464.0 838.0 
2 4 1.74 1.74 829.0 61.0 829.0 468.0 93.0 468.0 838.0 464.0 838.0 952.0 872.0 952.0 
2 5 1.98 1.98 829.0 61.0 829.0 468.0 93.0 468.0 838.0 464.0 838.0 952.0 872.0 952.0 120.0 29.0 120.0 
2 3 1.52 1.52 437.0 232.0 437.0 432.0 97.0 432.0 653.0 502.0 653.0 
2 3 1.9 1.9 238.0 83.0 238.0 194.0 136.0 194.0 741.0 635.0 741.0 
2 3 1.98 1.98 967.0 600.0 967.0 325.0 289.0 325.0 228.0 109.0 228.0 
2 3 1.49 1.49 357.0 187.0 357.0 531.0 362.0 531.0 313.0 92.0 313.0 
2 3 1.31 1.31 928.0 324.0 928.0 417.0 223.0 417.0 251.0 108.0 251.0 
2 4 1.68 1.68 928.0 324.0 928.0 417.0 223.0 417.0 251.0 108.0 251.0 193.0 71.0 193.0 
2 3 1.65 1.65 259.0 202.0 259.0 826.0 435.0 826.0 774.0 271.0 774.0 
2 3 0.83 0.83 875.0 123.0 875.0 409.0 26.0 409.0 621.0 390.0 621.0 
2 4 1.66 1.66 875.0 123.0 875.0 409.0 26.0 409.0 621.0 390.0 621.0 286.0 238.0 286.0 
2 3 1.73 1.73 710.0 647.0 710.0 287.0 41.0 287.0 542.0 368.0 542.0 
2 3 1.66 1.66 52.0 39.0 52.0 24.0 19.0 24.0 289.0 37.0 289.0 
2 4 1.84 1.84 52.0 39.0 52.0 24.0 19.0 24.0 289.0 37.0 289.0 902.0 162.0 902.0 
2 3 1.71 1.71 69.0 46.0 69.0 288.0 173.0 288.0 100.0 45.0 100.0 
2 3 1.83 1.83 385.0 204.0 385.0 366.0 304.0 366.0 676.0 323.0 676.0 
2 4 1.95 1.95 385.0 204.0 385.0 366.0 304.0 366.0 676.0 323.0 676.0 258.0 31.0 258.0 
2 3 1.75 1.75 743.0 554.0 743.0 344.0 147.0 344.0 959.0 562.0 959.0 
2 3 1.84 1.84 956.0 607.0 956.0 213.0 112.0 213.0 613.0 422.0 613.0 
2 3 1.58 1.58 478.0 257.0 478.0 20.0 15.0 20.0 665.0 199.0 665.0 
2 4 1.62 1.62 478.0 257.0 478.0 20.0 15.0 20.0 665.0 199.0 665.0 752.0 32.0 752.0 
2 3 1.98 1.98 810.0 577.0 810.0 802.0 352.0 802.0 223.0 187.0 223.0 
2 3 0.84 0.84 392.0 197.0 392.0 353.0 59.0 353.0 388.0 67.0 388.0 
2 4 1.14 1.14 392.0 197.0 392.0 353.0 59.0 353.0 388.0 67.0 388.0 872.0 265.0 872.0 
2 5 1.69 1.69 392.0 197.0 392.0 353.0 59.0 353.0 388.0 67.0 388.0 872.0 265.0 872.0 722.0 398.0 722.0 
2 3 1.78 1.78 3.0 3.0 3.0 735.0 493.0 735.0 598.0 66.0 598.0 
2 3 1.58 1.58 473.0 240.0 473.0 929.0 862.0 929.0 662.0 99.0 662.0 
2 3 1.23 1.23 771.0 524.0 771.0 28.0 1.0 28.0 166.0 87.0 166.0 
2 4 1.78 1.78 771.0 524.0 771.0 28.0 1.0 28.0 166.0 87.0 166.0 24.0 13.0 24.0 
2 3 1.54 1.54 992.0 699.0 992.0 654.0 92.0 654.0 150.0 105.0 150.0 
2 4 1.96 1.96 992.0 699.0 992.0 654.0 92.0 654.0 150.0 105.0 150.0 718.0 299.0 718.0 
2 3 0.74 0.74 825.0 147.0 825.0 991.0 116.0 991.0 415.0 187.0 415.0 
2 4 1.62 1.62 825.0 147.0 825.0 991.0 116.0 991.0 415.0 187.0 415.0 718.0 628.0 718.0 
2 3 1.18 1.18 792.0 182.0 792.0 756.0 95.0 756.0 586.0 486.0 586.0 
2 4 1.69 1.69 792.0 182.0 792.0 756.0 95.0 756.0 586.0 486.0 586.0 995.0 505.0 995.0 
2 3 1.71 1.71 940.0 636.0 940.0 474.0 101.0 474.0 28.0 23.0 28.0 
2 3 1.42 1.42 429.0 328.0 429.0 511.0 44.0 511.0 721.0 412.0 721.0 
2 3 1.88 1.88 461.0 428.0 461.0 166.0 155.0 166.0 475.0 11.0 475.0 
2 3 0.72 0.72 984.0 150.0 984.0 935.0 54.0 935.0 697.0 359.0 697.0 
2 4 0.77 0.77 984.0 150.0 984.0 935.0 54.0 935.0 697.0 359.0 697.0 110.0 6.0 110.0 
2 5 1.31 1.31 984.0 150.0 984.0 935.0 54.0 935.0 697.0 359.0 697.0 110.0 6.0 110.0 308.0 164.0 308.0 
2 3 1.71 1.71 896.0 720.0 896.0 27.0 1.0 27.0 414.0 360.0 414.0 
2 3 1.57 1.57 799.0 238.0 799.0 481.0 300.0 481.0 431.0 283.0 431.0 
2 3 1.32 1.32 989.0 513.0 989.0 141.0 71.0 141.0 724.0 219.0 724.0 
2 3 1.95 1.95 934.0 744.0 934.0 639.0 117.0 639.0 346.0 339.0 346.0 
2 3 1.69 1.69 948.0 49.0 948.0 722.0 549.0 722.0 94.0 83.0 94.0 
2 4 1.97 1.97 948.0 49.0 948.0 722.0 549.0 722.0 94.0 83.0 94.0 417.0 115.0 417.0 
2 3 1.46 1.46 868.0 467.0 868.0 635.0 482.0 635.0 239.0 40.0 239.0 
2 3 1.04 1.04 771.0 71.0 771.0 935.0 345.0 935.0 611.0 356.0 611.0 
2 4 1.96 1.96 771.0 71.0 771.0 935.0 345.0 935.0 611.0 356.0 611.0 828.0 765.0 828.0 
2 3 1.69 1.69 698.0 187.0 698.0 512.0 376.0 512.0 399.0 276.0 399.0 
2 3 1.57 1.57 65.0 39.0 65.0 538.0 439.0 538.0 489.0 80.0 489.0 
2 3 1.61 1.61 56.0 33.0 56.0 234.0 74.0 234.0 124.0 88.0 124.0 
2 3 1.72 1.72 348.0 255.0 348.0 634.0 134.0 634.0 50.0 39.0 50.0 
2 3 1.66 1.66 433.0 202.0 433.0 63.0 63.0 63.0 15.0 3.0 15.0 
2 4 1.78 1.78 433.0 202.0 433.0 63.0 63.0 63.0 15.0 3.0 15.0 976.0 120.0 976.0 
2 3 1.78 1.78 69.0 33.0 69.0 466.0 310.0 466.0 613.0 393.0 613.0 
2 3 0.32 0.32 683.0 188.0 683.0 369.0 9.0 369.0 310.0 7.0 310.0 
2 4 0.44 0.44 683.0 188.0 683.0 369.0 9.0 369.0 310.0 7.0 310.0 428.0 52.0 428.0 
2 5 0.7 0.7 683.0 188.0 683.0 369.0 9.0 369.0 310.0 7.0 310.0 428.0 52.0 428.0 423.0 111.0 423.0 
2 6 1.42 1.42 683.0 188.0 683.0 369.0 9.0 369.0 310.0 7.0 310.0 428.0 52.0 428.0 423.0 111.0 423.0 146.0 105.0 146.0 
2 7 1.44 1.44 683.0 188.0 683.0 369.0 9.0 369.0 310.0 7.0 310.0 428.0 52.0 428.0 423.0 111.0 423.0 146.0 105.0 146.0 510.0 8.0 510.0 
2 8 1.81 1.81 683.0 188.0 683.0 369.0 9.0 369.0 310.0 7.0 310.0 428.0 52.0 428.0 423.0 111.0 423.0 146.0 105.0 146.0 510.0 8.0 510.0 363.0 135.0 363.0 
2 3 1.97 1.97 513.0 202.0 513.0 38.0 23.0 38.0 717.0 700.0 717.0 
2 3 1.7 1.7 596.0 57.0 596.0 400.0 319.0 400.0 646.0 526.0 646.0 
2 3 1.83 1.83 660.0 506.0 660.0 918.0 326.0 918.0 45.0 32.0 45.0 
2 3 1.55 1.55 118.0 88.0 118.0 14.0 9.0 14.0 196.0 33.0 196.0 
2 3 1.86 1.86 576.0 267.0 576.0 444.0 281.0 444.0 237.0 181.0 237.0 
2 3 1.81 1.81 130.0 82.0 130.0 579.0 213.0 579.0 49.0 40.0 49.0 
2 3 1.57 1.57 376.0 352.0 376.0 468.0 257.0 468.0 88.0 8.0 88.0 
2 3 1.89 1.89 412.0 355.0 412.0 632.0 554.0 632.0 654.0 101.0 654.0 
2 3 1.78 1.78 667.0 393.0 667.0 543.0 295.0 543.0 311.0 202.0 311.0 
2 3 1.13 1.13 866.0 640.0 866.0 964.0 116.0 964.0 133.0 36.0 133.0 
2 4 1.92 1.92 866.0 640.0 866.0 964.0 116.0 964.0 133.0 36.0 133.0 99.0 79.0 99.0 
2 3 1.01 1.01 363.0 36.0 363.0 461.0 63.0 461.0 745.0 577.0 745.0 
2 4 1.42 1.42 363.0 36.0 363.0 461.0 63.0 461.0 745.0 577.0 745.0 267.0 110.0 267.0 
2 3 1.68 1.68 487.0 187.0 487.0 117.0 48.0 117.0 44.0 39.0 44.0 
2 3 1.57 1.57 472.0 466.0 472.0 732.0 165.0 732.0 753.0 270.0 753.0 
2 4 1.85 1.85 472.0 466.0 472.0 732.0 165.0 732.0 753.0 270.0 753.0 715.0 204.0 715.0 
2 3 1.22 1.22 52.0 28.0 52.0 772.0 92.0 772.0 199.0 113.0 199.0 
2 4 1.98 1.98 52.0 28.0 52.0 772.0 92.0 772.0 199.0 113.0 199.0 637.0 485.0 637.0 
2 3 1.58 1.58 704.0 410.0 704.0 902.0 673.0 902.0 876.0 225.0 876.0 
2 4 1.97 1.97 704.0 410.0 704.0 902.0 673.0 902.0 876.0 225.0 876.0 665.0 262.0 665.0 
2 3 1.99 1.99 167.0 54.0 167.0 133.0 118.0 133.0 598.0 469.0 598.0 
2 3 1.7 1.7 316.0 217.0 316.0 767.0 591.0 767.0 919.0 226.0 919.0 
2 3 1.44 1.44 719.0 282.0 719.0 826.0 92.0 826.0 584.0 549.0 584.0 
2 3 1.74 1.74 60.0 55.0 60.0 514.0 21.0 514.0 643.0 507.0 643.0 
2 3 1.03 1.03 309.0 67.0 309.0 404.0 53.0 404.0 80.0 55.0 80.0 
2 4 1.26 1.26 309.0 67.0 309.0 404.0 53.0 404.0 80.0 55.0 80.0 255.0 59.0 255.0 
2 3 1.51 1.51 961.0 138.0 961.0 185.0 79.0 185.0 217.0 204.0 217.0 
2 3 1.57 1.57 987.0 713.0 987.0 694.0 21.0 694.0 817.0 673.0 817.0 
2 3 0.95 0.95 219.0 47.0 219.0 242.0 176.0 242.0 878.0 13.0 878.0 
2 4 1.54 1.54 219.0 47.0 219.0 242.0 176.0 242.0 878.0 13.0 878.0 497.0 290.0 497.0 
2 3 1.34 1.34 739.0 181.0 739.0 415.0 209.0 415.0 201.0 119.0 201.0 
2 4 1.39 1.39 739.0 181.0 739.0 415.0 209.0 415.0 201.0 119.0 201.0 880.0 44.0 880.0 
2 3 1.62 1.62 197.0 90.0 197.0 645.0 365.0 645.0 701.0 425.0 701.0 
2 3 1.63 1.63 652.0 254.0 652.0 399.0 300.0 399.0 592.0 290.0 592.0 
2 4 1.82 1.82 652.0 254.0 652.0 399.0 300.0 399.0 592.0 290.0 592.0 716.0 140.0 716.0 
2 3 1.62 1.62 733.0 418.0 733.0 239.0 98.0 239.0 833.0 533.0 833.0 
2 3 1.79 1.79 997.0 518.0 997.0 528.0 328.0 528.0 449.0 293.0 449.0 
2 3 1.51 1.51 654.0 286.0 654.0 219.0 45.0 219.0 298.0 261.0 298.0 
2 3 1.91 1.91 465.0 416.0 465.0 36.0 25.0 36.0 546.0 176.0 546.0 
2 3 1.14 1.14 657.0 332.0 657.0 138.0 85.0 138.0 175.0 5.0 175.0 
2 3 1.49 1.49 853.0 472.0 853.0 309.0 245.0 309.0 865.0 127.0 865.0 
2 3 1.5 1.5 778.0 588.0 778.0 169.0 103.0 169.0 173.0 24.0 173.0 
2 3 1.36 1.36 207.0 16.0 207.0 79.0 43.0 79.0 365.0 273.0 365.0 
2 3 1.47 1.47 617.0 603.0 617.0 881.0 136.0 881.0 641.0 220.0 641.0 
2 4 1.6 1.6 617.0 603.0 617.0 881.0 136.0 881.0 641.0 220.0 641.0 798.0 107.0 798.0 
2 5 1.77 1.77 617.0 603.0 617.0 881.0 136.0 881.0 641.0 220.0 641.0 798.0 107.0 798.0 998.0 169.0 998.0 
2 3 1.15 1.15 11.0 2.0 11.0 124.0 9.0 124.0 922.0 834.0 922.0 
2 4 1.92 1.92 11.0 2.0 11.0 124.0 9.0 124.0 922.0 834.0 922.0 61.0 47.0 61.0 
2 3 1.52 1.52 59.0 15.0 59.0 461.0 318.0 461.0 506.0 292.0 506.0 
2 3 1.36 1.36 511.0 126.0 511.0 608.0 362.0 608.0 998.0 524.0 998.0 
2 4 1.86 1.86 511.0 126.0 511.0 608.0 362.0 608.0 998.0 524.0 998.0 227.0 113.0 227.0 
2 3 1.35 1.35 428.0 73.0 428.0 552.0 352.0 552.0 472.0 257.0 472.0 
2 4 1.85 1.85 428.0 73.0 428.0 552.0 352.0 552.0 472.0 257.0 472.0 215.0 107.0 215.0 
2 3 1.74 1.74 798.0 206.0 798.0 97.0 74.0 97.0 359.0 259.0 359.0 
2 3 1.74 1.74 27.0 6.0 27.0 179.0 125.0 179.0 346.0 284.0 346.0 
2 3 1.5 1.5 214.0 89.0 214.0 199.0 106.0 199.0 629.0 349.0 629.0 
2 3 1.33 1.33 752.0 342.0 752.0 559.0 202.0 559.0 860.0 444.0 860.0 
2 4 1.76 1.76 752.0 342.0 752.0 559.0 202.0 559.0 860.0 444.0 860.0 430.0 187.0 430.0 
2 3 0.8 0.8 43.0 22.0 43.0 219.0 39.0 219.0 413.0 48.0 413.0 
2 4 1.5 1.5 43.0 22.0 43.0 219.0 39.0 219.0 413.0 48.0 413.0 748.0 520.0 748.0 
2 5 1.78 1.78 43.0 22.0 43.0 219.0 39.0 219.0 413.0 48.0 413.0 748.0 520.0 748.0 733.0 205.0 733.0 
2 3 1.59 1.59 553.0 41.0 553.0 321.0 210.0 321.0 695.0 604.0 695.0 
2 3 1.49 1.49 545.0 285.0 545.0 677.0 266.0 677.0 782.0 449.0 782.0 
2 3 1.96 1.96 544.0 464.0 544.0 480.0 407.0 480.0 209.0 55.0 209.0 
2 3 1.78 1.78 438.0 82.0 438.0 296.0 286.0 296.0 124.0 78.0 124.0 
2 3 1.49 1.49 520.0 447.0 520.0 935.0 469.0 935.0 175.0 24.0 175.0 
2 3 1.56 1.56 592.0 412.0 592.0 970.0 293.0 970.0 275.0 156.0 275.0 
2 3 1.93 1.93 898.0 892.0 898.0 904.0 76.0 904.0 683.0 587.0 683.0 
2 3 1.52 1.52 312.0 31.0 312.0 319.0 279.0 319.0 904.0 497.0 904.0 
2 3 1.01 1.01 293.0 90.0 293.0 74.0 45.0 74.0 534.0 54.0 534.0 
2 4 1.08 1.08 293.0 90.0 293.0 74.0 45.0 74.0 534.0 54.0 534.0 574.0 42.0 574.0 
2 3 1.86 1.86 242.0 203.0 242.0 71.0 65.0 71.0 384.0 44.0 384.0 
2 3 1.98 1.98 258.0 206.0 258.0 207.0 121.0 207.0 776.0 471.0 776.0 
2 3 0.96 0.96 928.0 288.0 928.0 510.0 309.0 510.0 837.0 44.0 837.0 
2 4 1.53 1.53 928.0 288.0 928.0 510.0 309.0 510.0 837.0 44.0 837.0 929.0 526.0 929.0 
2 3 1.36 1.36 329.0 268.0 329.0 982.0 46.0 982.0 375.0 190.0 375.0 
2 4 1.7 1.7 329.0 268.0 329.0 982.0 46.0 982.0 375.0 190.0 375.0 470.0 159.0 470.0 
2 3 1.77 1.77 151.0 136.0 151.0 705.0 474.0 705.0 582.0 116.0 582.0 
2 3 1.96 1.96 764.0 515.0 764.0 107.0 87.0 107.0 194.0 92.0 194.0 
2 3 1.64 1.64 325.0 281.0 325.0 299.0 168.0 299.0 792.0 171.0 792.0 
2 4 1.87 1.87 325.0 281.0 325.0 299.0 168.0 299.0 792.0 171.0 792.0 580.0 135.0 580.0 
2 3 1.67 1.67 114.0 32.0 114.0 712.0 348.0 712.0 349.0 317.0 349.0 
2 4 1.68 1.68 114.0 32.0 114.0 712.0 348.0 712.0 349.0 317.0 349.0 791.0 8.0 791.0 
2 3 1.84 1.84 897.0 737.0 897.0 282.0 27.0 282.0 705.0 653.0 705.0 
2 4 1.94 1.94 897.0 737.0 897.0 282.0 27.0 282.0 705.0 653.0 705.0 431.0 43.0 431.0 
2 3 1.81 1.81 499.0 457.0 499.0 14.0 12.0 14.0 305.0 12.0 305.0 
2 3 1.09 1.09 861.0 592.0 861.0 834.0 281.0 834.0 97.0 7.0 97.0 
2 3 1.29 1.29 180.0 4.0 180.0 470.0 337.0 470.0 296.0 165.0 296.0 
2 4 1.68 1.68 180.0 4.0 180.0 470.0 337.0 470.0 296.0 165.0 296.0 661.0 254.0 661.0 
2 3 1.58 1.58 673.0 372.0 673.0 419.0 378.0 419.0 987.0 133.0 987.0 
2 3 1.78 1.78 819.0 710.0 819.0 294.0 248.0 294.0 635.0 46.0 635.0 
2 3 1.76 1.76 37.0 29.0 37.0 171.0 156.0 171.0 154.0 10.0 154.0 
2 3 1.8 1.8 821.0 652.0 821.0 737.0 361.0 737.0 892.0 461.0 892.0 
2 3 1.24 1.24 322.0 189.0 322.0 635.0 355.0 635.0 117.0 12.0 117.0 
2 4 1.5 1.5 322.0 189.0 322.0 635.0 355.0 635.0 117.0 12.0 117.0 262.0 67.0 262.0 
2 3 1.61 1.61 245.0 152.0 245.0 558.0 242.0 558.0 909.0 506.0 909.0 
2 3 1.38 1.38 178.0 171.0 178.0 881.0 267.0 881.0 679.0 81.0 679.0 
2 4 1.93 1.93 178.0 171.0 178.0 881.0 267.0 881.0 679.0 81.0 679.0 795.0 436.0 795.0 
2 3 1.36 1.36 966.0 502.0 966.0 932.0 277.0 932.0 442.0 243.0 442.0 
2 3 1.33 1.33 134.0 88.0 134.0 907.0 101.0 907.0 729.0 414.0 729.0 
2 3 1.63 1.63 497.0 258.0 497.0 114.0 44.0 114.0 668.0 489.0 668.0 
2 3 1.67 1.67 406.0 364.0 406.0 336.0 102.0 336.0 847.0 406.0 847.0 
2 4 1.76 1.76 406.0 364.0 406.0 336.0 102.0 336.0 847.0 406.0 847.0 896.0 79.0 896.0 
2 3 1.32 1.32 85.0 32.0 85.0 526.0 202.0 526.0 834.0 468.0 834.0 
2 3 1.78 1.78 789.0 604.0 789.0 877.0 818.0 877.0 913.0 75.0 913.0 
2 3 1.61 1.61 182.0 38.0 182.0 658.0 475.0 658.0 248.0 170.0 248.0 
2 3 1.79 1.79 15.0 6.0 15.0 32.0 28.0 32.0 252.0 131.0 252.0 
2 3 1.67 1.67 209.0 131.0 209.0 217.0 128.0 217.0 233.0 107.0 233.0 
2 3 1.75 1.75 662.0 100.0 662.0 336.0 210.0 336.0 747.0 732.0 747.0 
2 3 1.43 1.43 730.0 377.0 730.0 966.0 690.0 966.0 171.0 35.0 171.0 
2 4 1.57 1.57 730.0 377.0 730.0 966.0 690.0 966.0 171.0 35.0 171.0 351.0 49.0 351.0 
2 3 1.35 1.35 255.0 85.0 255.0 762.0 657.0 762.0 852.0 134.0 852.0 
2 3 1.45 1.45 822.0 587.0 822.0 743.0 265.0 743.0 890.0 340.0 890.0 
2 4 1.88 1.88 822.0 587.0 822.0 743.0 265.0 743.0 890.0 340.0 890.0 433.0 188.0 433.0 
2 5 1.98 1.98 822.0 587.0 822.0 743.0 265.0 743.0 890.0 340.0 890.0 433.0 188.0 433.0 484.0 48.0 484.0 
2 3 1.64 1.64 979.0 626.0 979.0 336.0 144.0 336.0 259.0 150.0 259.0 
2 4 1.7 1.7 979.0 626.0 979.0 336.0 144.0 336.0 259.0 150.0 259.0 365.0 20.0 365.0 
2 3 0.78 0.78 672.0 365.0 672.0 483.0 15.0 483.0 688.0 146.0 688.0 
2 4 1.34 1.34 672.0 365.0 672.0 483.0 15.0 483.0 688.0 146.0 688.0 63.0 35.0 63.0 
2 5 1.34 1.34 672.0 365.0 672.0 483.0 15.0 483.0 688.0 146.0 688.0 63.0 35.0 63.0 679.0 1.0 679.0 
2 6 1.62 1.62 672.0 365.0 672.0 483.0 15.0 483.0 688.0 146.0 688.0 63.0 35.0 63.0 679.0 1.0 679.0 812.0 230.0 812.0 
2 7 1.86 1.86 672.0 365.0 672.0 483.0 15.0 483.0 688.0 146.0 688.0 63.0 35.0 63.0 679.0 1.0 679.0 812.0 230.0 812.0 957.0 230.0 957.0 
2 3 1.96 1.96 131.0 129.0 131.0 755.0 642.0 755.0 295.0 37.0 295.0 
2 3 1.81 1.81 186.0 23.0 186.0 511.0 381.0 511.0 848.0 798.0 848.0 
2 3 1.6 1.6 114.0 34.0 114.0 463.0 206.0 463.0 770.0 665.0 770.0 
2 3 1.73 1.73 288.0 261.0 288.0 729.0 42.0 729.0 901.0 694.0 901.0 
2 3 0.8 0.8 919.0 87.0 919.0 498.0 266.0 498.0 61.0 11.0 61.0 
2 4 1.48 1.48 919.0 87.0 919.0 498.0 266.0 498.0 61.0 11.0 61.0 421.0 284.0 421.0 
2 3 1.36 1.36 941.0 245.0 941.0 469.0 244.0 469.0 861.0 505.0 861.0 
2 4 1.4 1.4 941.0 245.0 941.0 469.0 244.0 469.0 861.0 505.0 861.0 109.0 4.0 109.0 
2 3 1.74 1.74 758.0 60.0 758.0 267.0 194.0 267.0 641.0 602.0 641.0 
2 3 1.71 1.71 504.0 360.0 504.0 931.0 874.0 931.0 90.0 6.0 90.0 
2 3 1.57 1.57 611.0 373.0 611.0 982.0 572.0 982.0 456.0 173.0 456.0 
2 3 1.23 1.23 946.0 780.0 946.0 959.0 228.0 959.0 643.0 114.0 643.0 
2 4 1.98 1.98 946.0 780.0 946.0 959.0 228.0 959.0 643.0 114.0 643.0 169.0 126.0 169.0 
2 3 1.9 1.9 941.0 241.0 941.0 502.0 435.0 502.0 496.0 389.0 496.0 
2 3 0.99 0.99 124.0 25.0 124.0 123.0 96.0 123.0 716.0 6.0 716.0 
2 4 1.52 1.52 124.0 25.0 124.0 123.0 96.0 123.0 716.0 6.0 716.0 433.0 230.0 433.0 
2 3 1.71 1.71 225.0 139.0 225.0 178.0 75.0 178.0 342.0 232.0 342.0 
2 3 1.94 1.94 61.0 54.0 61.0 629.0 110.0 629.0 254.0 224.0 254.0 
2 3 1.65 1.65 567.0 464.0 567.0 35.0 26.0 35.0 205.0 19.0 205.0 
2 3 1.3 1.3 277.0 79.0 277.0 715.0 415.0 715.0 904.0 401.0 904.0 
2 4 1.91 1.91 277.0 79.0 277.0 715.0 415.0 715.0 904.0 401.0 904.0 845.0 512.0 845.0 
2 3 1.45 1.45 97.0 87.0 97.0 766.0 127.0 766.0 884.0 350.0 884.0 
2 4 1.74 1.74 97.0 87.0 97.0 766.0 127.0 766.0 884.0 350.0 884.0 67.0 19.0 67.0 
2 5 1.76 1.76 97.0 87.0 97.0 766.0 127.0 766.0 884.0 350.0 884.0 67.0 19.0 67.0 984.0 20.0 984.0 
2 3 0.89 0.89 338.0 120.0 338.0 225.0 30.0 225.0 848.0 346.0 848.0 
2 4 0.96 0.96 338.0 120.0 338.0 225.0 30.0 225.0 848.0 346.0 848.0 62.0 4.0 62.0 
2 5 1.47 1.47 338.0 120.0 338.0 225.0 30.0 225.0 848.0 346.0 848.0 62.0 4.0 62.0 433.0 221.0 433.0 
2 6 1.96 1.96 338.0 120.0 338.0 225.0 30.0 225.0 848.0 346.0 848.0 62.0 4.0 62.0 433.0 221.0 433.0 892.0 440.0 892.0 
2 3 1.05 1.05 358.0 60.0 358.0 577.0 207.0 577.0 768.0 403.0 768.0 
2 4 1.81 1.81 358.0 60.0 358.0 577.0 207.0 577.0 768.0 403.0 768.0 469.0 359.0 469.0 
2 5 1.99 1.99 358.0 60.0 358.0 577.0 207.0 577.0 768.0 403.0 768.0 469.0 359.0 469.0 832.0 149.0 832.0 
2 3 1.94 1.94 662.0 398.0 662.0 98.0 50.0 98.0 363.0 301.0 363.0 
2 3 1.58 1.58 28.0 25.0 28.0 989.0 212.0 989.0 838.0 402.0 838.0 
2 3 1.42 1.42 525.0 437.0 525.0 632.0 344.0 632.0 149.0 7.0 149.0 
2 4 1.83 1.83 525.0 437.0 525.0 632.0 344.0 632.0 149.0 7.0 149.0 753.0 313.0 753.0 
2 3 1.29 1.29 13.0 2.0 13.0 442.0 141.0 442.0 866.0 710.0 866.0 
2 3 1.66 1.66 180.0 113.0 180.0 285.0 277.0 285.0 228.0 16.0 228.0 
2 4 1.89 1.89 180.0 113.0 180.0 285.0 277.0 285.0 228.0 16.0 228.0 731.0 161.0 731.0 
2 3 1.55 1.55 225.0 192.0 225.0 987.0 406.0 987.0 805.0 235.0 805.0 
2 3 1.93 1.93 984.0 668.0 984.0 103.0 97.0 103.0 623.0 198.0 623.0 
2 3 1.3 1.3 258.0 51.0 258.0 259.0 256.0 259.0 33.0 4.0 33.0 
2 4 1.92 1.92 258.0 51.0 258.0 259.0 256.0 259.0 33.0 4.0 33.0 249.0 153.0 249.0 
2 3 0.39 0.39 195.0 24.0 195.0 16.0 1.0 16.0 642.0 137.0 642.0 
2 4 0.98 0.98 195.0 24.0 195.0 16.0 1.0 16.0 642.0 137.0 642.0 744.0 435.0 744.0 
2 5 1.71 1.71 195.0 24.0 195.0 16.0 1.0 16.0 642.0 137.0 642.0 744.0 435.0 744.0 567.0 417.0 567.0 
2 3 1.81 1.81 342.0 241.0 342.0 2.0 2.0 2.0 165.0 18.0 165.0 
2 3 1.44 1.44 863.0 774.0 863.0 213.0 13.0 213.0 409.0 199.0 409.0 
2 3 1.26 1.26 412.0 71.0 412.0 342.0 43.0 342.0 161.0 155.0 161.0 
2 4 1.95 1.95 412.0 71.0 412.0 342.0 43.0 342.0 161.0 155.0 161.0 58.0 40.0 58.0 
2 3 0.88 0.88 794.0 10.0 794.0 361.0 221.0 361.0 472.0 122.0 472.0 
2 4 1.53 1.53 794.0 10.0 794.0 361.0 221.0 361.0 472.0 122.0 472.0 894.0 587.0 894.0 
2 3 1.94 1.94 4.0 4.0 4.0 153.0 96.0 153.0 921.0 291.0 921.0 
2 3 1.78 1.78 585.0 426.0 585.0 520.0 514.0 520.0 243.0 16.0 243.0 
2 3 1.69 1.69 56.0 53.0 56.0 274.0 200.0 274.0 725.0 16.0 725.0 
2 3 1.34 1.34 347.0 215.0 347.0 760.0 415.0 760.0 913.0 160.0 913.0 
2 4 1.47 1.47 347.0 215.0 347.0 760.0 415.0 760.0 913.0 160.0 913.0 258.0 35.0 258.0 
2 5 1.66 1.66 347.0 215.0 347.0 760.0 415.0 760.0 913.0 160.0 913.0 258.0 35.0 258.0 590.0 111.0 590.0 
2 3 1.13 1.13 591.0 47.0 591.0 48.0 5.0 48.0 381.0 363.0 381.0 
2 4 1.87 1.87 591.0 47.0 591.0 48.0 5.0 48.0 381.0 363.0 381.0 304.0 224.0 304.0 
2 3 1.22 1.22 694.0 55.0 694.0 621.0 527.0 621.0 290.0 86.0 290.0 
2 3 1.84 1.84 158.0 129.0 158.0 957.0 292.0 957.0 843.0 608.0 843.0 
2 4 1.96 1.96 158.0 129.0 158.0 957.0 292.0 957.0 843.0 608.0 843.0 282.0 35.0 282.0 
2 3 1.6 1.6 334.0 62.0 334.0 611.0 562.0 611.0 314.0 158.0 314.0 
2 4 1.96 1.96 334.0 62.0 334.0 611.0 562.0 611.0 314.0 158.0 314.0 817.0 292.0 817.0 
2 3 1.65 1.65 270.0 205.0 270.0 440.0 37.0 440.0 946.0 766.0 946.0 
2 3 1.4 1.4 9.0 3.0 9.0 743.0 180.0 743.0 903.0 751.0 903.0 
2 4 1.93 1.93 9.0 3.0 9.0 743.0 180.0 743.0 903.0 751.0 903.0 410.0 218.0 410.0 
2 3 0.5 0.5 356.0 10.0 356.0 563.0 23.0 563.0 428.0 186.0 428.0 
2 4 1.39 1.39 356.0 10.0 356.0 563.0 23.0 563.0 428.0 186.0 428.0 246.0 219.0 246.0 
2 3 0.8 0.8 801.0 248.0 801.0 378.0 16.0 378.0 729.0 333.0 729.0 
2 4 1.71 1.71 801.0 248.0 801.0 378.0 16.0 378.0 729.0 333.0 729.0 440.0 397.0 440.0 
2 5 1.87 1.87 801.0 248.0 801.0 378.0 16.0 378.0 729.0 333.0 729.0 440.0 397.0 440.0 157.0 25.0 157.0 
2 3 1.56 1.56 151.0 42.0 151.0 391.0 346.0 391.0 388.0 157.0 388.0 
2 4 1.58 1.58 151.0 42.0 151.0 391.0 346.0 391.0 388.0 157.0 388.0 161.0 3.0 161.0 
2 3 1.62 1.62 767.0 209.0 767.0 356.0 197.0 356.0 581.0 462.0 581.0 
2 3 1.93 1.93 336.0 171.0 336.0 58.0 43.0 58.0 682.0 467.0 682.0 
2 3 1.34 1.34 859.0 850.0 859.0 442.0 65.0 442.0 734.0 151.0 734.0 
2 4 1.99 1.99 859.0 850.0 859.0 442.0 65.0 442.0 734.0 151.0 734.0 783.0 508.0 783.0 
2 3 1.36 1.36 344.0 133.0 344.0 282.0 20.0 282.0 428.0 388.0 428.0 
2 3 1.98 1.98 846.0 733.0 846.0 806.0 338.0 806.0 560.0 393.0 560.0 
2 3 1.98 1.98 503.0 133.0 503.0 285.0 239.0 285.0 960.0 842.0 960.0 
2 3 1.27 1.27 834.0 75.0 834.0 259.0 132.0 259.0 932.0 634.0 932.0 
2 3 1.88 1.88 896.0 515.0 896.0 202.0 161.0 202.0 609.0 311.0 609.0 
2 3 1.99 1.99 315.0 265.0 315.0 965.0 963.0 965.0 571.0 89.0 571.0 
2 3 1.31 1.31 520.0 70.0 520.0 913.0 238.0 913.0 618.0 570.0 618.0 
2 4 1.94 1.94 520.0 70.0 520.0 913.0 238.0 913.0 618.0 570.0 618.0 255.0 161.0 255.0 
2 3 1.63 1.63 25.0 17.0 25.0 65.0 49.0 65.0 406.0 83.0 406.0 
2 3 1.51 1.51 536.0 486.0 536.0 93.0 3.0 93.0 997.0 579.0 997.0 
2 4 1.81 1.81 536.0 486.0 536.0 93.0 3.0 93.0 997.0 579.0 997.0 947.0 276.0 947.0 
2 3 1.71 1.71 922.0 101.0 922.0 741.0 571.0 741.0 858.0 716.0 858.0 
2 3 1.86 1.86 337.0 53.0 337.0 982.0 926.0 982.0 308.0 237.0 308.0 
2 3 1.17 1.17 336.0 146.0 336.0 257.0 72.0 257.0 180.0 82.0 180.0 
2 3 1.28 1.28 29.0 12.0 29.0 476.0 211.0 476.0 746.0 321.0 746.0 
2 4 1.92 1.92 29.0 12.0 29.0 476.0 211.0 476.0 746.0 321.0 746.0 462.0 296.0 462.0 
2 3 1.79 1.79 625.0 520.0 625.0 314.0 231.0 314.0 749.0 168.0 749.0 
2 3 1.75 1.75 307.0 262.0 307.0 243.0 124.0 243.0 226.0 89.0 226.0 
2 3 1.38 1.38 863.0 316.0 863.0 807.0 203.0 807.0 811.0 626.0 811.0 
2 3 1.31 1.31 476.0 15.0 476.0 989.0 881.0 989.0 327.0 129.0 327.0 
2 4 1.31 1.31 476.0 15.0 476.0 989.0 881.0 989.0 327.0 129.0 327.0 999.0 3.0 999.0 
2 5 1.73 1.73 476.0 15.0 476.0 989.0 881.0 989.0 327.0 129.0 327.0 999.0 3.0 999.0 55.0 23.0 55.0 
2 6 1.97 1.97 476.0 15.0 476.0 989.0 881.0 989.0 327.0 129.0 327.0 999.0 3.0 999.0 55.0 23.0 55.0 341.0 80.0 341.0 
2 3 1.74 1.74 539.0 264.0 539.0 878.0 263.0 878.0 387.0 370.0 387.0 
2 3 1.49 1.49 864.0 810.0 864.0 149.0 13.0 149.0 798.0 373.0 798.0 
2 4 1.5 1.5 864.0 810.0 864.0 149.0 13.0 149.0 798.0 373.0 798.0 79.0 1.0 79.0 
2 3 1.09 1.09 418.0 124.0 418.0 516.0 129.0 516.0 814.0 444.0 814.0 
2 3 0.41 0.41 78.0 3.0 78.0 498.0 30.0 498.0 622.0 196.0 622.0 
2 4 1.24 1.24 78.0 3.0 78.0 498.0 30.0 498.0 622.0 196.0 622.0 849.0 706.0 849.0 
2 5 1.26 1.26 78.0 3.0 78.0 498.0 30.0 498.0 622.0 196.0 622.0 849.0 706.0 849.0 207.0 5.0 207.0 
2 3 1.21 1.21 158.0 23.0 158.0 786.0 512.0 786.0 964.0 402.0 964.0 
2 3 0.91 0.91 718.0 529.0 718.0 143.0 23.0 143.0 593.0 12.0 593.0 
2 4 1.86 1.86 718.0 529.0 718.0 143.0 23.0 143.0 593.0 12.0 593.0 684.0 648.0 684.0 
2 3 1.51 1.51 128.0 40.0 128.0 805.0 452.0 805.0 728.0 470.0 728.0 
2 3 1.86 1.86 510.0 283.0 510.0 124.0 81.0 124.0 737.0 481.0 737.0 
2 3 1.63 1.63 909.0 591.0 909.0 175.0 54.0 175.0 514.0 350.0 514.0 
2 3 1.92 1.92 516.0 469.0 516.0 430.0 64.0 430.0 69.0 60.0 69.0 
2 3 1.97 1.97 552.0 400.0 552.0 385.0 246.0 385.0 652.0 396.0 652.0 
2 3 0.74 0.74 411.0 17.0 411.0 298.0 166.0 298.0 226.0 34.0 226.0 
2 4 1.23 1.23 411.0 17.0 411.0 298.0 166.0 298.0 226.0 34.0 226.0 951.0 467.0 951.0 
2 5 1.33 1.33 411.0 17.0 411.0 298.0 166.0 298.0 226.0 34.0 226.0 951.0 467.0 951.0 274.0 27.0 274.0 
2 6 1.67 1.67 411.0 17.0 411.0 298.0 166.0 298.0 226.0 34.0 226.0 951.0 467.0 951.0 274.0 27.0 274.0 186.0 62.0 186.0 
2 3 1.16 1.16 542.0 38.0 542.0 373.0 80.0 373.0 26.0 23.0 26.0 
2 4 1.95 1.95 542.0 38.0 542.0 373.0 80.0 373.0 26.0 23.0 26.0 270.0 213.0 270.0 
2 3 1.49 1.49 836.0 589.0 836.0 96.0 73.0 96.0 808.0 27.0 808.0 
2 4 1.75 1.75 836.0 589.0 836.0 96.0 73.0 96.0 808.0 27.0 808.0 751.0 195.0 751.0 
2 5 1.79 1.79 836.0 589.0 836.0 96.0 73.0 96.0 808.0 27.0 808.0 751.0 195.0 751.0 140.0 5.0 140.0 
2 3 0.96 0.96 43.0 2.0 43.0 53.0 34.0 53.0 380.0 104.0 380.0 
2 4 1.02 1.02 43.0 2.0 43.0 53.0 34.0 53.0 380.0 104.0 380.0 966.0 64.0 966.0 
2 5 1.04 1.04 43.0 2.0 43.0 53.0 34.0 53.0 380.0 104.0 380.0 966.0 64.0 966.0 652.0 8.0 652.0 
2 6 1.54 1.54 43.0 2.0 43.0 53.0 34.0 53.0 380.0 104.0 380.0 966.0 64.0 966.0 652.0 8.0 652.0 596.0 301.0 596.0 
2 7 1.87 1.87 43.0 2.0 43.0 53.0 34.0 53.0 380.0 104.0 380.0 966.0 64.0 966.0 652.0 8.0 652.0 596.0 301.0 596.0 373.0 124.0 373.0 
2 3 1.91 1.91 293.0 239.0 293.0 59.0 27.0 59.0 491.0 315.0 491.0 
2 3 1.24 1.24 641.0 168.0 641.0 594.0 269.0 594.0 169.0 89.0 169.0 
2 3 0.7 0.7 805.0 286.0 805.0 528.0 54.0 528.0 653.0 164.0 653.0 
2 4 1.34 1.34 805.0 286.0 805.0 528.0 54.0 528.0 653.0 164.0 653.0 231.0 148.0 231.0 
2 5 1.63 1.63 805.0 286.0 805.0 528.0 54.0 528.0 653.0 164.0 653.0 231.0 148.0 231.0 163.0 46.0 163.0 
2 3 1.92 1.92 731.0 538.0 731.0 560.0 354.0 560.0 65.0 36.0 65.0 
2 3 1.24 1.24 626.0 625.0 626.0 899.0 38.0 899.0 679.0 142.0 679.0 
2 3 1.1 1.1 486.0 74.0 486.0 658.0 456.0 658.0 209.0 55.0 209.0 
2 4 1.85 1.85 486.0 74.0 486.0 658.0 456.0 658.0 209.0 55.0 209.0 418.0 314.0 418.0 
2 3 1.7 1.7 404.0 175.0 404.0 522.0 324.0 522.0 287.0 188.0 287.0 
2 3 1.31 1.31 664.0 15.0 664.0 477.0 362.0 477.0 126.0 67.0 126.0 
2 3 1.93 1.93 357.0 224.0 357.0 503.0 270.0 503.0 613.0 470.0 613.0 
2 3 1.49 1.49 140.0 99.0 140.0 599.0 410.0 599.0 693.0 73.0 693.0 
2 3 1.47 1.47 955.0 761.0 955.0 925.0 238.0 925.0 654.0 278.0 654.0 
2 3 1.23 1.23 278.0 83.0 278.0 485.0 81.0 485.0 401.0 307.0 401.0 
2 3 1.25 1.25 654.0 53.0 654.0 496.0 326.0 496.0 928.0 481.0 928.0 
2 4 1.85 1.85 654.0 53.0 654.0 496.0 326.0 496.0 928.0 481.0 928.0 145.0 87.0 145.0 
2 3 1.67 1.67 582.0 381.0 582.0 948.0 69.0 948.0 396.0 375.0 396.0 
2 3 1.16 1.16 423.0 107.0 423.0 643.0 348.0 643.0 425.0 156.0 425.0 
2 4 1.97 1.97 423.0 107.0 423.0 643.0 348.0 643.0 425.0 156.0 425.0 806.0 652.0 806.0 
2 3 1.88 1.88 535.0 236.0 535.0 992.0 556.0 992.0 175.0 155.0 175.0 
2 3 1.71 1.71 208.0 167.0 208.0 807.0 566.0 807.0 223.0 47.0 223.0 
2 3 1.58 1.58 828.0 332.0 828.0 837.0 692.0 837.0 692.0 244.0 692.0 
2 4 1.76 1.76 828.0 332.0 828.0 837.0 692.0 837.0 692.0 244.0 692.0 554.0 105.0 554.0 
2 3 1.21 1.21 834.0 259.0 834.0 591.0 232.0 591.0 839.0 430.0 839.0 
2 4 1.77 1.77 834.0 259.0 834.0 591.0 232.0 591.0 839.0 430.0 839.0 297.0 167.0 297.0 
2 3 1.86 1.86 731.0 151.0 731.0 789.0 672.0 789.0 780.0 631.0 780.0 
2 3 1.72 1.72 270.0 39.0 270.0 273.0 246.0 273.0 80.0 54.0 80.0 
2 3 1.04 1.04 707.0 228.0 707.0 859.0 270.0 859.0 351.0 143.0 351.0 
2 4 1.15 1.15 707.0 228.0 707.0 859.0 270.0 859.0 351.0 143.0 351.0 756.0 83.0 756.0 
2 5 1.76 1.76 707.0 228.0 707.0 859.0 270.0 859.0 351.0 143.0 351.0 756.0 83.0 756.0 561.0 340.0 561.0 
2 3 1.02 1.02 770.0 384.0 770.0 599.0 108.0 599.0 635.0 221.0 635.0 
2 4 1.72 1.72 770.0 384.0 770.0 599.0 108.0 599.0 635.0 221.0 635.0 572.0 399.0 572.0 
2 5 1.83 1.83 770.0 384.0 770.0 599.0 108.0 599.0 635.0 221.0 635.0 572.0 399.0 572.0 463.0 52.0 463.0 
2 3 1.5 1.5 327.0 292.0 327.0 924.0 367.0 924.0 160.0 35.0 160.0 
2 3 0.91 0.91 447.0 3.0 447.0 248.0 11.0 248.0 775.0 671.0 775.0 
2 4 1.16 1.16 447.0 3.0 447.0 248.0 11.0 248.0 775.0 671.0 775.0 132.0 33.0 132.0 
2 3 1.18 1.18 182.0 113.0 182.0 803.0 223.0 803.0 800.0 226.0 800.0 
2 4 1.49 1.49 182.0 113.0 182.0 803.0 223.0 803.0 800.0 226.0 800.0 835.0 260.0 835.0 
2 3 1.68 1.68 270.0 148.0 270.0 604.0 463.0 604.0 363.0 134.0 363.0 
2 3 1.65 1.65 680.0 383.0 680.0 933.0 135.0 933.0 950.0 897.0 950.0 
2 3 1.32 1.32 377.0 355.0 377.0 400.0 14.0 400.0 246.0 86.0 246.0 
2 4 1.88 1.88 377.0 355.0 377.0 400.0 14.0 400.0 246.0 86.0 246.0 36.0 20.0 36.0 
2 3 1.7 1.7 729.0 387.0 729.0 239.0 146.0 239.0 491.0 277.0 491.0 
2 3 1.63 1.63 855.0 596.0 855.0 405.0 364.0 405.0 555.0 19.0 555.0 
2 4 1.82 1.82 855.0 596.0 855.0 405.0 364.0 405.0 555.0 19.0 555.0 962.0 192.0 962.0 
2 3 1.98 1.98 123.0 42.0 123.0 58.0 45.0 58.0 817.0 710.0 817.0 
2 3 1.13 1.13 830.0 65.0 830.0 834.0 551.0 834.0 206.0 81.0 206.0 
2 4 1.98 1.98 830.0 65.0 830.0 834.0 551.0 834.0 206.0 81.0 206.0 797.0 676.0 797.0 
2 3 1.35 1.35 282.0 198.0 282.0 737.0 370.0 737.0 68.0 10.0 68.0 
2 4 1.53 1.53 282.0 198.0 282.0 737.0 370.0 737.0 68.0 10.0 68.0 654.0 123.0 654.0 
2 3 1.64 1.64 410.0 230.0 410.0 696.0 560.0 696.0 961.0 272.0 961.0 
2 3 1.1 1.1 786.0 303.0 786.0 326.0 51.0 326.0 908.0 513.0 908.0 
2 4 1.17 1.17 786.0 303.0 786.0 326.0 51.0 326.0 908.0 513.0 908.0 364.0 25.0 364.0 
2 5 1.98 1.98 786.0 303.0 786.0 326.0 51.0 326.0 908.0 513.0 908.0 364.0 25.0 364.0 348.0 281.0 348.0 
2 3 1.15 1.15 763.0 649.0 763.0 334.0 92.0 334.0 536.0 17.0 536.0 
2 4 1.98 1.98 763.0 649.0 763.0 334.0 92.0 334.0 536.0 17.0 536.0 198.0 164.0 198.0 
2 3 1.97 1.97 934.0 589.0 934.0 601.0 462.0 601.0 445.0 257.0 445.0 
2 3 1.34 1.34 241.0 230.0 241.0 528.0 46.0 528.0 214.0 65.0 214.0 
2 4 1.96 1.96 241.0 230.0 241.0 528.0 46.0 528.0 214.0 65.0 214.0 862.0 537.0 862.0 
2 3 1.56 1.56 574.0 474.0 574.0 337.0 193.0 337.0 199.0 33.0 199.0 
2 4 1.81 1.81 574.0 474.0 574.0 337.0 193.0 337.0 199.0 33.0 199.0 904.0 225.0 904.0 
2 3 1.67 1.67 853.0 696.0 853.0 744.0 218.0 744.0 819.0 465.0 819.0 
2 3 1.65 1.65 830.0 212.0 830.0 82.0 69.0 82.0 454.0 252.0 454.0 
2 3 1.7 1.7 522.0 285.0 522.0 843.0 770.0 843.0 373.0 92.0 373.0 
2 3 1.96 1.96 489.0 195.0 489.0 563.0 318.0 563.0 257.0 257.0 257.0 
2 3 1.65 1.65 624.0 464.0 624.0 887.0 594.0 887.0 476.0 114.0 476.0 
2 3 1.76 1.76 113.0 80.0 113.0 763.0 336.0 763.0 984.0 602.0 984.0 
2 3 1.41 1.41 115.0 35.0 115.0 339.0 258.0 339.0 450.0 159.0 450.0 
2 3 1.15 1.15 551.0 282.0 551.0 254.0 151.0 254.0 600.0 28.0 600.0 
2 4 1.83 1.83 551.0 282.0 551.0 254.0 151.0 254.0 600.0 28.0 600.0 323.0 219.0 323.0 
2 3 1.18 1.18 361.0 24.0 361.0 916.0 803.0 916.0 321.0 78.0 321.0 
2 4 1.76 1.76 361.0 24.0 361.0 916.0 803.0 916.0 321.0 78.0 321.0 173.0 101.0 173.0 
2 3 1.0 1.0 879.0 343.0 879.0 398.0 236.0 398.0 743.0 17.0 743.0 
2 4 1.77 1.77 879.0 343.0 879.0 398.0 236.0 398.0 743.0 17.0 743.0 239.0 183.0 239.0 
2 5 1.85 1.85 879.0 343.0 879.0 398.0 236.0 398.0 743.0 17.0 743.0 239.0 183.0 239.0 432.0 34.0 432.0 
2 3 1.9 1.9 833.0 813.0 833.0 514.0 62.0 514.0 403.0 327.0 403.0 
2 3 1.5 1.5 687.0 601.0 687.0 959.0 598.0 959.0 494.0 2.0 494.0 
2 4 1.9 1.9 687.0 601.0 687.0 959.0 598.0 959.0 494.0 2.0 494.0 514.0 209.0 514.0 
2 3 1.81 1.81 513.0 240.0 513.0 216.0 113.0 216.0 116.0 96.0 116.0 
2 3 1.68 1.68 297.0 78.0 297.0 165.0 107.0 165.0 907.0 704.0 907.0 
2 3 1.0 1.0 865.0 40.0 865.0 131.0 20.0 131.0 689.0 556.0 689.0 
2 4 1.85 1.85 865.0 40.0 865.0 131.0 20.0 131.0 689.0 556.0 689.0 740.0 631.0 740.0 
2 3 1.43 1.43 565.0 142.0 565.0 975.0 942.0 975.0 23.0 5.0 23.0 
2 3 1.87 1.87 921.0 909.0 921.0 568.0 191.0 568.0 872.0 484.0 872.0 
2 3 1.71 1.71 692.0 587.0 692.0 893.0 720.0 893.0 134.0 8.0 134.0 
2 3 1.35 1.35 697.0 553.0 697.0 750.0 167.0 750.0 70.0 24.0 70.0 
2 4 1.98 1.98 697.0 553.0 697.0 750.0 167.0 750.0 70.0 24.0 70.0 867.0 541.0 867.0 
2 3 1.07 1.07 982.0 879.0 982.0 677.0 36.0 677.0 302.0 37.0 302.0 
2 4 1.11 1.11 982.0 879.0 982.0 677.0 36.0 677.0 302.0 37.0 302.0 559.0 25.0 559.0 
2 3 1.89 1.89 3.0 2.0 3.0 830.0 491.0 830.0 68.0 43.0 68.0 
2 4 1.93 1.93 3.0 2.0 3.0 830.0 491.0 830.0 68.0 43.0 68.0 966.0 39.0 966.0 
2 3 0.58 0.58 234.0 11.0 234.0 398.0 56.0 398.0 593.0 234.0 593.0 
2 4 1.36 1.36 234.0 11.0 234.0 398.0 56.0 398.0 593.0 234.0 593.0 967.0 755.0 967.0 
2 5 1.54 1.54 234.0 11.0 234.0 398.0 56.0 398.0 593.0 234.0 593.0 967.0 755.0 967.0 841.0 150.0 841.0 
2 3 1.66 1.66 151.0 77.0 151.0 493.0 266.0 493.0 970.0 597.0 970.0 
2 3 1.6 1.6 771.0 388.0 771.0 757.0 374.0 757.0 23.0 14.0 23.0 
2 3 0.94 0.94 587.0 248.0 587.0 335.0 50.0 335.0 101.0 38.0 101.0 
2 4 1.78 1.78 587.0 248.0 587.0 335.0 50.0 335.0 101.0 38.0 101.0 237.0 199.0 237.0 
2 3 1.7 1.7 755.0 745.0 755.0 781.0 139.0 781.0 259.0 139.0 259.0 
2 3 1.44 1.44 301.0 120.0 301.0 239.0 172.0 239.0 680.0 225.0 680.0 
2 3 1.59 1.59 112.0 99.0 112.0 99.0 41.0 99.0 717.0 212.0 717.0 
2 3 1.55 1.55 512.0 184.0 512.0 392.0 150.0 392.0 490.0 399.0 490.0 
2 3 1.44 1.44 217.0 158.0 217.0 144.0 82.0 144.0 421.0 62.0 421.0 
2 4 1.86 1.86 217.0 158.0 217.0 144.0 82.0 144.0 421.0 62.0 421.0 797.0 333.0 797.0 
2 3 1.07 1.07 772.0 130.0 772.0 694.0 412.0 694.0 108.0 34.0 108.0 
2 4 1.98 1.98 772.0 130.0 772.0 694.0 412.0 694.0 108.0 34.0 108.0 746.0 680.0 746.0 
2 3 1.85 1.85 490.0 295.0 490.0 51.0 36.0 51.0 796.0 434.0 796.0 
2 3 1.68 1.68 926.0 405.0 926.0 465.0 247.0 465.0 940.0 669.0 940.0 
2 4 1.98 1.98 926.0 405.0 926.0 465.0 247.0 465.0 940.0 669.0 940.0 78.0 24.0 78.0 
2 3 1.82 1.82 310.0 254.0 310.0 471.0 313.0 471.0 729.0 248.0 729.0 
2 3 1.75 1.75 590.0 516.0 590.0 626.0 401.0 626.0 807.0 190.0 807.0 
2 3 1.5 1.5 152.0 67.0 152.0 305.0 305.0 305.0 401.0 25.0 401.0 
2 4 1.56 1.56 152.0 67.0 152.0 305.0 305.0 305.0 401.0 25.0 401.0 226.0 13.0 226.0 
2 3 1.78 1.78 289.0 159.0 289.0 237.0 218.0 237.0 633.0 197.0 633.0 
2 4 1.84 1.84 289.0 159.0 289.0 237.0 218.0 237.0 633.0 197.0 633.0 96.0 6.0 96.0 
2 3 1.98 1.98 180.0 73.0 180.0 762.0 750.0 762.0 358.0 214.0 358.0 
2 3 1.87 1.87 265.0 62.0 265.0 871.0 813.0 871.0 98.0 69.0 98.0 
2 3 1.68 1.68 232.0 126.0 232.0 205.0 125.0 205.0 135.0 72.0 135.0 
2 4 1.77 1.77 232.0 126.0 232.0 205.0 125.0 205.0 135.0 72.0 135.0 599.0 54.0 599.0 
2 3 1.9 1.9 512.0 130.0 512.0 279.0 262.0 279.0 309.0 220.0 309.0 
2 3 1.47 1.47 711.0 518.0 711.0 113.0 4.0 113.0 93.0 66.0 93.0 
2 3 1.32 1.32 576.0 136.0 576.0 847.0 484.0 847.0 185.0 96.0 185.0 
2 3 1.75 1.75 383.0 294.0 383.0 294.0 6.0 294.0 54.0 52.0 54.0 
2 4 1.92 1.92 383.0 294.0 383.0 294.0 6.0 294.0 54.0 52.0 54.0 818.0 141.0 818.0 
2 3 1.78 1.78 510.0 335.0 510.0 544.0 130.0 544.0 151.0 134.0 151.0 
2 3 1.68 1.68 566.0 157.0 566.0 403.0 259.0 403.0 540.0 412.0 540.0 
2 3 1.94 1.94 154.0 94.0 154.0 681.0 260.0 681.0 866.0 823.0 866.0 
2 3 1.19 1.19 19.0 10.0 19.0 302.0 36.0 302.0 822.0 453.0 822.0 
2 4 1.24 1.24 19.0 10.0 19.0 302.0 36.0 302.0 822.0 453.0 822.0 643.0 34.0 643.0 
2 5 1.36 1.36 19.0 10.0 19.0 302.0 36.0 302.0 822.0 453.0 822.0 643.0 34.0 643.0 75.0 9.0 75.0 
2 6 1.88 1.88 19.0 10.0 19.0 302.0 36.0 302.0 822.0 453.0 822.0 643.0 34.0 643.0 75.0 9.0 75.0 830.0 427.0 830.0 
2 3 1.3 1.3 925.0 422.0 925.0 419.0 120.0 419.0 369.0 209.0 369.0 
2 4 1.89 1.89 925.0 422.0 925.0 419.0 120.0 419.0 369.0 209.0 369.0 963.0 566.0 963.0 
2 3 1.67 1.67 423.0 263.0 423.0 940.0 302.0 940.0 33.0 24.0 33.0 
2 3 1.38 1.38 712.0 482.0 712.0 149.0 90.0 149.0 159.0 16.0 159.0 
2 4 1.93 1.93 712.0 482.0 712.0 149.0 90.0 149.0 159.0 16.0 159.0 556.0 307.0 556.0 
2 3 1.16 1.16 948.0 490.0 948.0 670.0 364.0 670.0 579.0 59.0 579.0 
2 3 1.95 1.95 473.0 370.0 473.0 690.0 496.0 690.0 676.0 307.0 676.0 
2 3 1.73 1.73 817.0 582.0 817.0 334.0 303.0 334.0 843.0 94.0 843.0 
2 3 1.57 1.57 139.0 121.0 139.0 381.0 54.0 381.0 563.0 317.0 563.0 
2 3 1.52 1.52 509.0 474.0 509.0 858.0 485.0 858.0 835.0 24.0 835.0 
2 4 1.81 1.81 509.0 474.0 509.0 858.0 485.0 858.0 835.0 24.0 835.0 887.0 259.0 887.0 
2 3 1.3 1.3 873.0 33.0 873.0 672.0 509.0 672.0 683.0 347.0 683.0 
2 4 1.32 1.32 873.0 33.0 873.0 672.0 509.0 672.0 683.0 347.0 683.0 534.0 11.0 534.0 
2 5 1.85 1.85 873.0 33.0 873.0 672.0 509.0 672.0 683.0 347.0 683.0 534.0 11.0 534.0 181.0 96.0 181.0 
2 3 1.47 1.47 964.0 858.0 964.0 71.0 33.0 71.0 825.0 100.0 825.0 
2 3 1.66 1.66 658.0 454.0 658.0 611.0 487.0 611.0 691.0 126.0 691.0 
2 3 1.71 1.71 513.0 343.0 513.0 379.0 60.0 379.0 583.0 515.0 583.0 
2 3 1.96 1.96 215.0 72.0 215.0 110.0 83.0 110.0 902.0 789.0 902.0 
2 3 1.86 1.86 801.0 412.0 801.0 603.0 412.0 603.0 745.0 495.0 745.0 
2 3 1.62 1.62 847.0 705.0 847.0 9.0 6.0 9.0 235.0 29.0 235.0 
2 3 1.56 1.56 483.0 300.0 483.0 134.0 14.0 134.0 374.0 313.0 374.0 
2 3 0.82 0.82 573.0 119.0 573.0 776.0 449.0 776.0 169.0 7.0 169.0 
2 4 1.71 1.71 573.0 119.0 573.0 776.0 449.0 776.0 169.0 7.0 169.0 469.0 416.0 469.0 
2 5 1.8 1.8 573.0 119.0 573.0 776.0 449.0 776.0 169.0 7.0 169.0 469.0 416.0 469.0 361.0 33.0 361.0 
2 6 1.85 1.85 573.0 119.0 573.0 776.0 449.0 776.0 169.0 7.0 169.0 469.0 416.0 469.0 361.0 33.0 361.0 502.0 26.0 502.0 
2 3 1.65 1.65 692.0 212.0 692.0 625.0 356.0 625.0 174.0 135.0 174.0 
2 3 1.34 1.34 849.0 257.0 849.0 344.0 221.0 344.0 771.0 311.0 771.0 
2 4 1.56 1.56 849.0 257.0 849.0 344.0 221.0 344.0 771.0 311.0 771.0 731.0 155.0 731.0 
2 5 1.93 1.93 849.0 257.0 849.0 344.0 221.0 344.0 771.0 311.0 771.0 731.0 155.0 731.0 670.0 248.0 670.0 
2 3 1.72 1.72 232.0 50.0 232.0 10.0 8.0 10.0 63.0 45.0 63.0 
2 3 1.82 1.82 824.0 284.0 824.0 711.0 421.0 711.0 808.0 714.0 808.0 
2 3 1.32 1.32 837.0 62.0 837.0 572.0 388.0 572.0 851.0 488.0 851.0 
2 4 1.77 1.77 837.0 62.0 837.0 572.0 388.0 572.0 851.0 488.0 851.0 1000.0 451.0 1000.0 
2 3 1.76 1.76 828.0 435.0 828.0 867.0 528.0 867.0 411.0 259.0 411.0 
2 3 1.28 1.28 541.0 217.0 541.0 231.0 22.0 231.0 987.0 777.0 987.0 
2 4 1.83 1.83 541.0 217.0 541.0 231.0 22.0 231.0 987.0 777.0 987.0 31.0 17.0 31.0 
2 3 1.97 1.97 171.0 73.0 171.0 619.0 615.0 619.0 469.0 259.0 469.0 
2 3 1.56 1.56 86.0 70.0 86.0 403.0 236.0 403.0 130.0 22.0 130.0 
2 3 1.85 1.85 736.0 264.0 736.0 29.0 28.0 29.0 713.0 378.0 713.0 
2 3 1.84 1.84 39.0 32.0 39.0 449.0 105.0 449.0 168.0 132.0 168.0 
2 3 1.55 1.55 4.0 3.0 4.0 896.0 18.0 896.0 860.0 671.0 860.0 
2 4 1.61 1.61 4.0 3.0 4.0 896.0 18.0 896.0 860.0 671.0 860.0 407.0 26.0 407.0 
2 3 1.36 1.36 330.0 60.0 330.0 591.0 138.0 591.0 897.0 850.0 897.0 
2 3 1.18 1.18 855.0 299.0 855.0 974.0 745.0 974.0 745.0 55.0 745.0 
2 3 1.42 1.42 615.0 273.0 615.0 247.0 98.0 247.0 288.0 168.0 288.0 
2 4 1.61 1.61 615.0 273.0 615.0 247.0 98.0 247.0 288.0 168.0 288.0 647.0 124.0 647.0 
2 3 1.79 1.79 210.0 125.0 210.0 629.0 380.0 629.0 382.0 228.0 382.0 
2 4 1.99 1.99 210.0 125.0 210.0 629.0 380.0 629.0 382.0 228.0 382.0 430.0 85.0 430.0 
2 3 0.8 0.8 193.0 47.0 193.0 973.0 354.0 973.0 134.0 27.0 134.0 
2 4 1.25 1.25 193.0 47.0 193.0 973.0 354.0 973.0 134.0 27.0 134.0 294.0 130.0 294.0 
2 5 1.47 1.47 193.0 47.0 193.0 973.0 354.0 973.0 134.0 27.0 134.0 294.0 130.0 294.0 585.0 130.0 585.0 
2 6 1.67 1.67 193.0 47.0 193.0 973.0 354.0 973.0 134.0 27.0 134.0 294.0 130.0 294.0 585.0 130.0 585.0 5.0 1.0 5.0 
2 3 1.58 1.58 405.0 206.0 405.0 926.0 740.0 926.0 544.0 149.0 544.0 
2 4 1.75 1.75 405.0 206.0 405.0 926.0 740.0 926.0 544.0 149.0 544.0 803.0 141.0 803.0 
2 3 1.14 1.14 498.0 126.0 498.0 108.0 28.0 108.0 203.0 129.0 203.0 
2 4 1.77 1.77 498.0 126.0 498.0 108.0 28.0 108.0 203.0 129.0 203.0 173.0 109.0 173.0 
2 3 1.8 1.8 843.0 308.0 843.0 344.0 259.0 344.0 853.0 590.0 853.0 
2 3 1.42 1.42 289.0 205.0 289.0 638.0 383.0 638.0 328.0 39.0 328.0 
2 3 0.85 0.85 484.0 104.0 484.0 301.0 154.0 301.0 882.0 116.0 882.0 
2 4 1.03 1.03 484.0 104.0 484.0 301.0 154.0 301.0 882.0 116.0 882.0 67.0 12.0 67.0 
2 5 1.77 1.77 484.0 104.0 484.0 301.0 154.0 301.0 882.0 116.0 882.0 67.0 12.0 67.0 798.0 591.0 798.0 
2 3 1.62 1.62 605.0 159.0 605.0 347.0 195.0 347.0 240.0 193.0 240.0 
2 3 1.44 1.44 117.0 87.0 117.0 200.0 106.0 200.0 371.0 65.0 371.0 
2 4 1.76 1.76 117.0 87.0 117.0 200.0 106.0 200.0 371.0 65.0 371.0 764.0 243.0 764.0 
2 5 1.95 1.95 117.0 87.0 117.0 200.0 106.0 200.0 371.0 65.0 371.0 764.0 243.0 764.0 751.0 141.0 751.0 
2 3 1.99 1.99 898.0 209.0 898.0 181.0 174.0 181.0 715.0 575.0 715.0 
2 3 1.3 1.3 909.0 141.0 909.0 735.0 413.0 735.0 85.0 50.0 85.0 
2 4 1.95 1.95 909.0 141.0 909.0 735.0 413.0 735.0 85.0 50.0 85.0 879.0 569.0 879.0 
2 3 1.75 1.75 484.0 320.0 484.0 183.0 41.0 183.0 491.0 428.0 491.0 
2 3 0.9 0.9 693.0 32.0 693.0 660.0 473.0 660.0 720.0 105.0 720.0 
2 4 1.52 1.52 693.0 32.0 693.0 660.0 473.0 660.0 720.0 105.0 720.0 586.0 360.0 586.0 
2 5 1.86 1.86 693.0 32.0 693.0 660.0 473.0 660.0 720.0 105.0 720.0 586.0 360.0 586.0 317.0 108.0 317.0 
2 3 1.43 1.43 282.0 33.0 282.0 647.0 349.0 647.0 828.0 644.0 828.0 
2 3 1.85 1.85 369.0 102.0 369.0 931.0 895.0 931.0 376.0 233.0 376.0 
2 3 1.62 1.62 66.0 38.0 66.0 147.0 126.0 147.0 491.0 94.0 491.0 
2 3 1.35 1.35 585.0 261.0 585.0 578.0 273.0 578.0 748.0 330.0 748.0 
2 3 1.46 1.46 517.0 407.0 517.0 567.0 362.0 567.0 810.0 29.0 810.0 
2 3 1.33 1.33 993.0 776.0 993.0 651.0 9.0 651.0 13.0 7.0 13.0 
2 3 1.4 1.4 801.0 234.0 801.0 236.0 233.0 236.0 641.0 82.0 641.0 
2 3 1.37 1.37 938.0 505.0 938.0 4.0 3.0 4.0 644.0 55.0 644.0 
2 4 1.94 1.94 938.0 505.0 938.0 4.0 3.0 4.0 644.0 55.0 644.0 878.0 505.0 878.0 
2 3 1.42 1.42 130.0 41.0 130.0 746.0 195.0 746.0 971.0 826.0 971.0 
2 3 1.75 1.75 266.0 253.0 266.0 47.0 34.0 47.0 983.0 75.0 983.0 
2 3 0.68 0.68 993.0 28.0 993.0 525.0 29.0 525.0 838.0 504.0 838.0 
2 4 1.56 1.56 993.0 28.0 993.0 525.0 29.0 525.0 838.0 504.0 838.0 460.0 406.0 460.0 
2 3 1.14 1.14 807.0 362.0 807.0 645.0 427.0 645.0 695.0 25.0 695.0 
2 3 1.16 1.16 584.0 297.0 584.0 269.0 30.0 269.0 996.0 540.0 996.0 
2 4 1.42 1.42 584.0 297.0 584.0 269.0 30.0 269.0 996.0 540.0 996.0 699.0 185.0 699.0 
2 3 1.45 1.45 434.0 265.0 434.0 738.0 262.0 738.0 412.0 202.0 412.0 
2 4 1.71 1.71 434.0 265.0 434.0 738.0 262.0 738.0 412.0 202.0 412.0 969.0 253.0 969.0 
2 5 1.8 1.8 434.0 265.0 434.0 738.0 262.0 738.0 412.0 202.0 412.0 969.0 253.0 969.0 616.0 52.0 616.0 
2 3 1.72 1.72 653.0 450.0 653.0 911.0 507.0 911.0 580.0 276.0 580.0 
2 4 1.73 1.73 653.0 450.0 653.0 911.0 507.0 911.0 580.0 276.0 580.0 363.0 6.0 363.0 
2 3 1.19 1.19 623.0 68.0 623.0 21.0 18.0 21.0 278.0 63.0 278.0 
2 4 1.86 1.86 623.0 68.0 623.0 21.0 18.0 21.0 278.0 63.0 278.0 529.0 357.0 529.0 
2 5 1.92 1.92 623.0 68.0 623.0 21.0 18.0 21.0 278.0 63.0 278.0 529.0 357.0 529.0 33.0 2.0 33.0 
2 3 1.68 1.68 927.0 591.0 927.0 715.0 416.0 715.0 885.0 411.0 885.0 
2 3 1.68 1.68 521.0 106.0 521.0 179.0 97.0 179.0 292.0 275.0 292.0 
2 3 1.0 1.0 551.0 181.0 551.0 636.0 208.0 636.0 60.0 21.0 60.0 
2 4 1.98 1.98 551.0 181.0 551.0 636.0 208.0 636.0 60.0 21.0 60.0 793.0 774.0 793.0 
2 3 1.73 1.73 222.0 159.0 222.0 306.0 18.0 306.0 785.0 757.0 785.0 
2 3 0.67 0.67 176.0 5.0 176.0 503.0 142.0 503.0 269.0 97.0 269.0 
2 4 1.23 1.23 176.0 5.0 176.0 503.0 142.0 503.0 269.0 97.0 269.0 267.0 150.0 267.0 
2 5 1.89 1.89 176.0 5.0 176.0 503.0 142.0 503.0 269.0 97.0 269.0 267.0 150.0 267.0 898.0 596.0 898.0 
2 3 1.2 1.2 648.0 489.0 648.0 306.0 119.0 306.0 793.0 51.0 793.0 
2 4 1.85 1.85 648.0 489.0 648.0 306.0 119.0 306.0 793.0 51.0 793.0 740.0 476.0 740.0 
2 3 1.87 1.87 435.0 33.0 435.0 532.0 524.0 532.0 896.0 730.0 896.0 
2 3 1.96 1.96 536.0 456.0 536.0 229.0 159.0 229.0 130.0 54.0 130.0 
2 3 1.8 1.8 6.0 6.0 6.0 355.0 24.0 355.0 422.0 312.0 422.0 
2 3 1.81 1.81 140.0 117.0 140.0 298.0 58.0 298.0 190.0 149.0 190.0 
2 3 1.19 1.19 984.0 433.0 984.0 911.0 167.0 911.0 897.0 514.0 897.0 
2 4 1.34 1.34 984.0 433.0 984.0 911.0 167.0 911.0 897.0 514.0 897.0 241.0 36.0 241.0 
2 5 1.54 1.54 984.0 433.0 984.0 911.0 167.0 911.0 897.0 514.0 897.0 241.0 36.0 241.0 581.0 116.0 581.0 
2 3 1.61 1.61 33.0 19.0 33.0 128.0 37.0 128.0 249.0 187.0 249.0 
2 3 1.47 1.47 925.0 794.0 925.0 286.0 54.0 286.0 587.0 252.0 587.0 
2 3 1.82 1.82 896.0 871.0 896.0 598.0 324.0 598.0 706.0 223.0 706.0 
2 4 1.98 1.98 896.0 871.0 896.0 598.0 324.0 598.0 706.0 223.0 706.0 341.0 53.0 341.0 
2 3 1.74 1.74 925.0 184.0 925.0 651.0 385.0 651.0 553.0 530.0 553.0 
2 4 1.76 1.76 925.0 184.0 925.0 651.0 385.0 651.0 553.0 530.0 553.0 166.0 2.0 166.0 
2 5 1.86 1.86 925.0 184.0 925.0 651.0 385.0 651.0 553.0 530.0 553.0 166.0 2.0 166.0 507.0 52.0 507.0 
2 3 1.72 1.72 926.0 838.0 926.0 590.0 463.0 590.0 57.0 2.0 57.0 
2 3 1.59 1.59 962.0 2.0 962.0 504.0 322.0 504.0 927.0 886.0 927.0 
2 4 1.75 1.75 962.0 2.0 962.0 504.0 322.0 504.0 927.0 886.0 927.0 696.0 113.0 696.0 
2 3 1.37 1.37 276.0 162.0 276.0 984.0 591.0 984.0 181.0 34.0 181.0 
2 3 1.79 1.79 68.0 60.0 68.0 779.0 176.0 779.0 931.0 642.0 931.0 
2 3 1.89 1.89 862.0 427.0 862.0 673.0 517.0 673.0 737.0 468.0 737.0 
2 3 1.83 1.83 263.0 11.0 263.0 596.0 575.0 596.0 592.0 490.0 592.0 
2 3 0.98 0.98 748.0 39.0 748.0 591.0 352.0 591.0 38.0 13.0 38.0 
2 4 1.8 1.8 748.0 39.0 748.0 591.0 352.0 591.0 38.0 13.0 38.0 930.0 759.0 930.0 
2 3 1.69 1.69 735.0 319.0 735.0 646.0 387.0 646.0 714.0 476.0 714.0 
2 3 1.73 1.73 610.0 594.0 610.0 281.0 68.0 281.0 186.0 96.0 186.0 
2 3 1.69 1.69 793.0 413.0 793.0 656.0 371.0 656.0 276.0 167.0 276.0 
2 4 1.96 1.96 793.0 413.0 793.0 656.0 371.0 656.0 276.0 167.0 276.0 128.0 35.0 128.0 
2 3 1.93 1.93 162.0 82.0 162.0 852.0 633.0 852.0 107.0 73.0 107.0 
2 3 1.59 1.59 356.0 299.0 356.0 798.0 268.0 798.0 899.0 374.0 899.0 
2 4 1.59 1.59 356.0 299.0 356.0 798.0 268.0 798.0 899.0 374.0 899.0 994.0 5.0 994.0 
2 3 1.05 1.05 990.0 815.0 990.0 401.0 62.0 401.0 309.0 24.0 309.0 
2 4 1.15 1.15 990.0 815.0 990.0 401.0 62.0 401.0 309.0 24.0 309.0 29.0 3.0 29.0 
2 5 1.78 1.78 990.0 815.0 990.0 401.0 62.0 401.0 309.0 24.0 309.0 29.0 3.0 29.0 581.0 365.0 581.0 
2 3 1.07 1.07 404.0 157.0 404.0 533.0 361.0 533.0 840.0 8.0 840.0 
2 4 1.81 1.81 404.0 157.0 404.0 533.0 361.0 533.0 840.0 8.0 840.0 153.0 113.0 153.0 
2 3 1.06 1.06 796.0 355.0 796.0 40.0 11.0 40.0 540.0 187.0 540.0 
2 4 1.09 1.09 796.0 355.0 796.0 40.0 11.0 40.0 540.0 187.0 540.0 580.0 14.0 580.0 
2 5 1.81 1.81 796.0 355.0 796.0 40.0 11.0 40.0 540.0 187.0 540.0 580.0 14.0 580.0 485.0 351.0 485.0 
2 3 1.85 1.85 194.0 42.0 194.0 784.0 626.0 784.0 793.0 666.0 793.0 
2 3 1.79 1.79 769.0 491.0 769.0 612.0 215.0 612.0 675.0 542.0 675.0 
2 4 1.99 1.99 769.0 491.0 769.0 612.0 215.0 612.0 675.0 542.0 675.0 990.0 201.0 990.0 
2 3 1.39 1.39 760.0 406.0 760.0 111.0 38.0 111.0 90.0 47.0 90.0 
2 4 1.97 1.97 760.0 406.0 760.0 111.0 38.0 111.0 90.0 47.0 90.0 50.0 29.0 50.0 
2 3 1.31 1.31 119.0 92.0 119.0 903.0 253.0 903.0 412.0 107.0 412.0 
2 3 1.71 1.71 26.0 20.0 26.0 938.0 504.0 938.0 925.0 381.0 925.0 
2 3 1.51 1.51 692.0 490.0 692.0 147.0 25.0 147.0 688.0 440.0 688.0 
2 3 1.97 1.97 440.0 173.0 440.0 771.0 446.0 771.0 3.0 3.0 3.0 
2 3 1.87 1.87 723.0 417.0 723.0 629.0 348.0 629.0 31.0 23.0 31.0 
2 3 1.22 1.22 916.0 394.0 916.0 53.0 2.0 53.0 416.0 314.0 416.0 
2 4 1.77 1.77 916.0 394.0 916.0 53.0 2.0 53.0 416.0 314.0 416.0 438.0 240.0 438.0 
2 3 1.36 1.36 488.0 301.0 488.0 203.0 72.0 203.0 114.0 45.0 114.0 
2 3 1.81 1.81 970.0 833.0 970.0 271.0 213.0 271.0 669.0 112.0 669.0 
2 3 1.7 1.7 200.0 111.0 200.0 134.0 71.0 134.0 149.0 93.0 149.0 
2 3 1.53 1.53 896.0 51.0 896.0 185.0 167.0 185.0 401.0 229.0 401.0 
2 4 1.6 1.6 896.0 51.0 896.0 185.0 167.0 185.0 401.0 229.0 401.0 89.0 7.0 89.0 
2 3 1.82 1.82 288.0 269.0 288.0 357.0 192.0 357.0 596.0 208.0 596.0 
2 3 1.91 1.91 508.0 488.0 508.0 905.0 712.0 905.0 368.0 62.0 368.0 
2 3 0.96 0.96 330.0 259.0 330.0 56.0 7.0 56.0 369.0 20.0 369.0 
2 4 1.59 1.59 330.0 259.0 330.0 56.0 7.0 56.0 369.0 20.0 369.0 744.0 469.0 744.0 
2 5 1.9 1.9 330.0 259.0 330.0 56.0 7.0 56.0 369.0 20.0 369.0 744.0 469.0 744.0 627.0 192.0 627.0 
2 3 1.39 1.39 592.0 522.0 592.0 678.0 188.0 678.0 841.0 197.0 841.0 
2 4 1.96 1.96 592.0 522.0 592.0 678.0 188.0 678.0 841.0 197.0 841.0 622.0 357.0 622.0 
2 3 1.8 1.8 630.0 484.0 630.0 304.0 79.0 304.0 831.0 642.0 831.0 
2 3 1.65 1.65 248.0 44.0 248.0 766.0 481.0 766.0 230.0 196.0 230.0 
2 4 1.94 1.94 248.0 44.0 248.0 766.0 481.0 766.0 230.0 196.0 230.0 420.0 122.0 420.0 
2 3 1.63 1.63 927.0 465.0 927.0 641.0 580.0 641.0 58.0 13.0 58.0 
2 3 1.08 1.08 113.0 63.0 113.0 213.0 5.0 213.0 515.0 262.0 515.0 
2 4 1.43 1.43 113.0 63.0 113.0 213.0 5.0 213.0 515.0 262.0 515.0 573.0 195.0 573.0 
2 3 1.83 1.83 556.0 302.0 556.0 713.0 359.0 713.0 174.0 138.0 174.0 
2 3 1.04 1.04 959.0 186.0 959.0 274.0 79.0 274.0 777.0 436.0 777.0 
2 4 1.85 1.85 959.0 186.0 959.0 274.0 79.0 274.0 777.0 436.0 777.0 175.0 142.0 175.0 
2 3 1.66 1.66 924.0 592.0 924.0 705.0 603.0 705.0 41.0 7.0 41.0 
2 3 1.48 1.48 143.0 59.0 143.0 473.0 139.0 473.0 428.0 332.0 428.0 
2 3 1.42 1.42 494.0 225.0 494.0 966.0 34.0 966.0 327.0 307.0 327.0 
2 3 1.48 1.48 329.0 254.0 329.0 78.0 11.0 78.0 680.0 390.0 680.0 
2 4 1.58 1.58 329.0 254.0 329.0 78.0 11.0 78.0 680.0 390.0 680.0 996.0 96.0 996.0 
2 5 1.75 1.75 329.0 254.0 329.0 78.0 11.0 78.0 680.0 390.0 680.0 996.0 96.0 996.0 481.0 82.0 481.0 
2 6 1.92 1.92 329.0 254.0 329.0 78.0 11.0 78.0 680.0 390.0 680.0 996.0 96.0 996.0 481.0 82.0 481.0 160.0 28.0 160.0 
2 3 1.01 1.01 832.0 315.0 832.0 471.0 262.0 471.0 981.0 80.0 981.0 
2 4 1.38 1.38 832.0 315.0 832.0 471.0 262.0 471.0 981.0 80.0 981.0 957.0 355.0 957.0 
2 5 1.61 1.61 832.0 315.0 832.0 471.0 262.0 471.0 981.0 80.0 981.0 957.0 355.0 957.0 751.0 169.0 751.0 
2 6 1.93 1.93 832.0 315.0 832.0 471.0 262.0 471.0 981.0 80.0 981.0 957.0 355.0 957.0 751.0 169.0 751.0 499.0 161.0 499.0 
2 3 0.68 0.68 881.0 337.0 881.0 105.0 23.0 105.0 458.0 36.0 458.0 
2 4 0.95 0.95 881.0 337.0 881.0 105.0 23.0 105.0 458.0 36.0 458.0 740.0 204.0 740.0 
2 5 1.47 1.47 881.0 337.0 881.0 105.0 23.0 105.0 458.0 36.0 458.0 740.0 204.0 740.0 766.0 397.0 766.0 
2 3 1.2 1.2 199.0 32.0 199.0 611.0 365.0 611.0 248.0 111.0 248.0 
2 3 1.77 1.77 44.0 18.0 44.0 111.0 75.0 111.0 368.0 253.0 368.0 
2 3 1.95 1.95 770.0 692.0 770.0 233.0 168.0 233.0 174.0 58.0 174.0 
2 3 1.86 1.86 489.0 152.0 489.0 546.0 521.0 546.0 852.0 515.0 852.0 
2 3 1.63 1.63 55.0 19.0 55.0 625.0 312.0 625.0 134.0 106.0 134.0 
2 3 1.57 1.57 327.0 268.0 327.0 948.0 16.0 948.0 357.0 264.0 357.0 
2 3 1.91 1.91 803.0 195.0 803.0 937.0 793.0 937.0 310.0 255.0 310.0 
2 3 1.31 1.31 647.0 166.0 647.0 463.0 315.0 463.0 994.0 375.0 994.0 
2 4 1.85 1.85 647.0 166.0 647.0 463.0 315.0 463.0 994.0 375.0 994.0 46.0 25.0 46.0 
2 3 1.31 1.31 782.0 631.0 782.0 424.0 130.0 424.0 423.0 87.0 423.0 
2 3 1.94 1.94 620.0 616.0 620.0 763.0 387.0 763.0 797.0 355.0 797.0 
2 3 1.89 1.89 335.0 284.0 335.0 685.0 234.0 685.0 829.0 583.0 829.0 
2 3 1.93 1.93 250.0 107.0 250.0 139.0 96.0 139.0 44.0 36.0 44.0 
2 3 1.68 1.68 350.0 98.0 350.0 218.0 110.0 218.0 384.0 347.0 384.0 
2 3 1.72 1.72 546.0 396.0 546.0 275.0 265.0 275.0 883.0 30.0 883.0 
2 4 1.81 1.81 546.0 396.0 546.0 275.0 265.0 275.0 883.0 30.0 883.0 137.0 12.0 137.0 
2 3 0.85 0.85 417.0 187.0 417.0 608.0 50.0 608.0 350.0 114.0 350.0 
2 4 1.43 1.43 417.0 187.0 417.0 608.0 50.0 608.0 350.0 114.0 350.0 155.0 90.0 155.0 
2 5 1.89 1.89 417.0 187.0 417.0 608.0 50.0 608.0 350.0 114.0 350.0 155.0 90.0 155.0 981.0 446.0 981.0 
2 3 1.25 1.25 75.0 50.0 75.0 117.0 66.0 117.0 539.0 11.0 539.0 
2 4 1.67 1.67 75.0 50.0 75.0 117.0 66.0 117.0 539.0 11.0 539.0 510.0 217.0 510.0 
2 3 0.91 0.91 156.0 20.0 156.0 372.0 1.0 372.0 380.0 299.0 380.0 
2 4 1.42 1.42 156.0 20.0 156.0 372.0 1.0 372.0 380.0 299.0 380.0 685.0 346.0 685.0 
2 3 1.55 1.55 332.0 208.0 332.0 335.0 200.0 335.0 592.0 194.0 592.0 
2 3 1.1 1.1 852.0 612.0 852.0 400.0 126.0 400.0 333.0 25.0 333.0 
2 4 1.17 1.17 852.0 612.0 852.0 400.0 126.0 400.0 333.0 25.0 333.0 876.0 56.0 876.0 
2 3 1.58 1.58 913.0 554.0 913.0 900.0 473.0 900.0 664.0 299.0 664.0 
2 3 1.57 1.57 947.0 783.0 947.0 557.0 19.0 557.0 319.0 229.0 319.0 
2 4 1.64 1.64 947.0 783.0 947.0 557.0 19.0 557.0 319.0 229.0 319.0 694.0 45.0 694.0 
2 3 0.72 0.72 439.0 33.0 439.0 949.0 150.0 949.0 505.0 249.0 505.0 
2 4 1.1 1.1 439.0 33.0 439.0 949.0 150.0 949.0 505.0 249.0 505.0 282.0 107.0 282.0 
2 3 1.89 1.89 269.0 205.0 269.0 327.0 327.0 327.0 347.0 45.0 347.0 
2 3 1.59 1.59 125.0 107.0 125.0 243.0 166.0 243.0 623.0 36.0 623.0 
2 3 1.88 1.88 569.0 226.0 569.0 760.0 708.0 760.0 744.0 414.0 744.0 
2 3 1.56 1.56 670.0 474.0 670.0 100.0 12.0 100.0 255.0 188.0 255.0 
2 4 1.64 1.64 670.0 474.0 670.0 100.0 12.0 100.0 255.0 188.0 255.0 247.0 21.0 247.0 
2 3 1.79 1.79 792.0 574.0 792.0 382.0 370.0 382.0 979.0 100.0 979.0 
2 3 1.4 1.4 695.0 435.0 695.0 170.0 115.0 170.0 572.0 59.0 572.0 
2 4 1.94 1.94 695.0 435.0 695.0 170.0 115.0 170.0 572.0 59.0 572.0 880.0 479.0 880.0 
2 3 1.57 1.57 127.0 80.0 127.0 271.0 89.0 271.0 134.0 83.0 134.0 
2 3 1.41 1.41 185.0 75.0 185.0 462.0 390.0 462.0 799.0 130.0 799.0 
2 3 1.93 1.93 452.0 424.0 452.0 730.0 132.0 730.0 109.0 89.0 109.0 
2 3 1.17 1.17 3.0 1.0 3.0 306.0 237.0 306.0 843.0 58.0 843.0 
2 3 1.44 1.44 270.0 83.0 270.0 338.0 175.0 338.0 836.0 516.0 836.0 
2 4 1.87 1.87 270.0 83.0 270.0 338.0 175.0 338.0 836.0 516.0 836.0 467.0 204.0 467.0 
2 3 1.23 1.23 637.0 418.0 637.0 586.0 157.0 586.0 373.0 115.0 373.0 
2 3 1.27 1.27 693.0 88.0 693.0 912.0 501.0 912.0 538.0 324.0 538.0 
2 4 1.38 1.38 693.0 88.0 693.0 912.0 501.0 912.0 538.0 324.0 538.0 384.0 39.0 384.0 
2 3 0.89 0.89 111.0 79.0 111.0 694.0 5.0 694.0 817.0 141.0 817.0 
2 4 1.36 1.36 111.0 79.0 111.0 694.0 5.0 694.0 817.0 141.0 817.0 17.0 8.0 17.0 
2 5 1.94 1.94 111.0 79.0 111.0 694.0 5.0 694.0 817.0 141.0 817.0 17.0 8.0 17.0 687.0 403.0 687.0 
2 3 1.69 1.69 435.0 382.0 435.0 570.0 260.0 570.0 288.0 103.0 288.0 
2 3 1.87 1.87 359.0 271.0 359.0 860.0 692.0 860.0 758.0 241.0 758.0 
2 4 1.94 1.94 359.0 271.0 359.0 860.0 692.0 860.0 758.0 241.0 758.0 75.0 5.0 75.0 
2 3 1.66 1.66 684.0 31.0 684.0 754.0 690.0 754.0 579.0 406.0 579.0 
2 4 1.88 1.88 684.0 31.0 684.0 754.0 690.0 754.0 579.0 406.0 579.0 534.0 117.0 534.0 
2 3 1.86 1.86 336.0 260.0 336.0 182.0 107.0 182.0 507.0 256.0 507.0 
2 3 1.81 1.81 222.0 64.0 222.0 329.0 280.0 329.0 708.0 480.0 708.0 
2 3 1.46 1.46 666.0 18.0 666.0 326.0 223.0 326.0 501.0 380.0 501.0 
2 3 1.71 1.71 157.0 90.0 157.0 367.0 109.0 367.0 993.0 841.0 993.0 
2 3 1.67 1.67 875.0 542.0 875.0 951.0 731.0 951.0 59.0 17.0 59.0 
2 3 1.7 1.7 468.0 151.0 468.0 594.0 349.0 594.0 103.0 82.0 103.0 
2 3 1.48 1.48 41.0 36.0 41.0 389.0 73.0 389.0 355.0 148.0 355.0 
2 4 1.5 1.5 41.0 36.0 41.0 389.0 73.0 389.0 355.0 148.0 355.0 565.0 10.0 565.0 
2 3 1.46 1.46 663.0 397.0 663.0 488.0 128.0 488.0 427.0 260.0 427.0 
2 4 1.53 1.53 663.0 397.0 663.0 488.0 128.0 488.0 427.0 260.0 427.0 340.0 23.0 340.0 
2 3 1.78 1.78 874.0 570.0 874.0 682.0 377.0 682.0 670.0 386.0 670.0 
2 3 1.35 1.35 261.0 56.0 261.0 858.0 728.0 858.0 409.0 120.0 409.0 
2 3 0.94 0.94 746.0 560.0 746.0 473.0 31.0 473.0 767.0 98.0 767.0 
2 4 1.68 1.68 746.0 560.0 746.0 473.0 31.0 473.0 767.0 98.0 767.0 674.0 499.0 674.0 
2 3 1.76 1.76 307.0 173.0 307.0 885.0 581.0 885.0 282.0 154.0 282.0 
2 3 1.44 1.44 926.0 508.0 926.0 758.0 151.0 758.0 772.0 541.0 772.0 
2 4 1.99 1.99 926.0 508.0 926.0 758.0 151.0 758.0 772.0 541.0 772.0 153.0 83.0 153.0 
2 3 1.94 1.94 444.0 252.0 444.0 853.0 491.0 853.0 91.0 73.0 91.0 
2 3 1.35 1.35 990.0 190.0 990.0 317.0 160.0 317.0 213.0 141.0 213.0 
2 3 1.24 1.24 329.0 210.0 329.0 855.0 2.0 855.0 897.0 539.0 897.0 
2 4 1.83 1.83 329.0 210.0 329.0 855.0 2.0 855.0 897.0 539.0 897.0 842.0 503.0 842.0 
2 5 1.96 1.96 329.0 210.0 329.0 855.0 2.0 855.0 897.0 539.0 897.0 842.0 503.0 842.0 357.0 46.0 357.0 
2 3 1.52 1.52 214.0 37.0 214.0 519.0 415.0 519.0 342.0 189.0 342.0 
2 4 1.61 1.61 214.0 37.0 214.0 519.0 415.0 519.0 342.0 189.0 342.0 81.0 7.0 81.0 
2 3 1.34 1.34 329.0 55.0 329.0 273.0 73.0 273.0 621.0 564.0 621.0 
2 3 1.64 1.64 919.0 474.0 919.0 618.0 381.0 618.0 117.0 60.0 117.0 
2 3 1.83 1.83 686.0 626.0 686.0 660.0 485.0 660.0 605.0 113.0 605.0 
2 3 0.63 0.63 906.0 555.0 906.0 284.0 4.0 284.0 531.0 5.0 531.0 
2 4 1.6 1.6 906.0 555.0 906.0 284.0 4.0 284.0 531.0 5.0 531.0 741.0 718.0 741.0 
2 5 1.86 1.86 906.0 555.0 906.0 284.0 4.0 284.0 531.0 5.0 531.0 741.0 718.0 741.0 46.0 12.0 46.0 
2 3 1.97 1.97 731.0 619.0 731.0 490.0 256.0 490.0 854.0 514.0 854.0 
2 4 1.99 1.99 731.0 619.0 731.0 490.0 256.0 490.0 854.0 514.0 854.0 352.0 10.0 352.0 
2 3 1.41 1.41 193.0 186.0 193.0 879.0 382.0 879.0 161.0 3.0 161.0 
2 4 1.54 1.54 193.0 186.0 193.0 879.0 382.0 879.0 161.0 3.0 161.0 903.0 113.0 903.0 
2 3 1.99 1.99 696.0 281.0 696.0 279.0 218.0 279.0 701.0 566.0 701.0 
2 3 1.22 1.22 57.0 14.0 57.0 402.0 300.0 402.0 976.0 227.0 976.0 
2 4 1.58 1.58 57.0 14.0 57.0 402.0 300.0 402.0 976.0 227.0 976.0 230.0 84.0 230.0 
2 3 1.86 1.86 965.0 802.0 965.0 581.0 489.0 581.0 202.0 38.0 202.0 
2 3 1.62 1.62 621.0 4.0 621.0 513.0 341.0 513.0 432.0 411.0 432.0 
2 3 1.6 1.6 206.0 183.0 206.0 451.0 65.0 451.0 7.0 4.0 7.0 
2 3 1.58 1.58 424.0 45.0 424.0 57.0 49.0 57.0 332.0 206.0 332.0 
2 3 1.82 1.82 48.0 43.0 48.0 959.0 611.0 959.0 692.0 203.0 692.0 
2 3 1.54 1.54 672.0 481.0 672.0 469.0 11.0 469.0 254.0 204.0 254.0 
2 4 1.64 1.64 672.0 481.0 672.0 469.0 11.0 469.0 254.0 204.0 254.0 151.0 16.0 151.0 
2 3 1.86 1.86 972.0 629.0 972.0 487.0 239.0 487.0 436.0 317.0 436.0 
2 3 1.54 1.54 885.0 201.0 885.0 487.0 187.0 487.0 825.0 771.0 825.0 
2 3 0.89 0.89 130.0 18.0 130.0 971.0 42.0 971.0 35.0 25.0 35.0 
2 4 1.87 1.87 130.0 18.0 130.0 971.0 42.0 971.0 35.0 25.0 35.0 851.0 834.0 851.0 
2 3 1.3 1.3 588.0 183.0 588.0 453.0 148.0 453.0 6.0 4.0 6.0 
2 3 1.96 1.96 285.0 53.0 285.0 769.0 699.0 769.0 804.0 697.0 804.0 
2 3 1.86 1.86 878.0 668.0 878.0 375.0 214.0 375.0 196.0 105.0 196.0 
2 3 1.93 1.93 569.0 367.0 569.0 673.0 456.0 673.0 679.0 416.0 679.0 
2 3 1.92 1.92 657.0 546.0 657.0 698.0 132.0 698.0 945.0 854.0 945.0 
2 3 0.65 0.65 956.0 24.0 956.0 528.0 321.0 528.0 226.0 4.0 226.0 
2 4 1.64 1.64 956.0 24.0 956.0 528.0 321.0 528.0 226.0 4.0 226.0 729.0 727.0 729.0 
2 5 1.98 1.98 956.0 24.0 956.0 528.0 321.0 528.0 226.0 4.0 226.0 729.0 727.0 729.0 392.0 131.0 392.0 
2 3 1.1 1.1 23.0 19.0 23.0 933.0 154.0 933.0 443.0 52.0 443.0 
2 4 1.77 1.77 23.0 19.0 23.0 933.0 154.0 933.0 443.0 52.0 443.0 832.0 551.0 832.0 
2 3 1.5 1.5 427.0 289.0 427.0 282.0 194.0 282.0 664.0 96.0 664.0 
2 3 1.66 1.66 851.0 668.0 851.0 574.0 313.0 574.0 71.0 24.0 71.0 
2 4 1.93 1.93 851.0 668.0 851.0 574.0 313.0 574.0 71.0 24.0 71.0 529.0 142.0 529.0 
2 3 1.72 1.72 195.0 49.0 195.0 138.0 95.0 138.0 669.0 524.0 669.0 
2 3 1.47 1.47 573.0 495.0 573.0 367.0 88.0 367.0 235.0 87.0 235.0 
2 3 1.43 1.43 944.0 584.0 944.0 552.0 380.0 552.0 616.0 80.0 616.0 
2 3 1.64 1.64 383.0 293.0 383.0 35.0 11.0 35.0 965.0 550.0 965.0 
2 4 1.98 1.98 383.0 293.0 383.0 35.0 11.0 35.0 965.0 550.0 965.0 662.0 223.0 662.0 
2 3 1.87 1.87 516.0 342.0 516.0 448.0 243.0 448.0 722.0 486.0 722.0 
2 3 1.98 1.98 456.0 429.0 456.0 382.0 78.0 382.0 51.0 43.0 51.0 
2 3 1.3 1.3 507.0 341.0 507.0 340.0 94.0 340.0 775.0 276.0 775.0 
2 4 1.94 1.94 507.0 341.0 507.0 340.0 94.0 340.0 775.0 276.0 775.0 947.0 609.0 947.0 
2 3 1.39 1.39 754.0 413.0 754.0 794.0 467.0 794.0 360.0 94.0 360.0 
2 4 1.89 1.89 754.0 413.0 754.0 794.0 467.0 794.0 360.0 94.0 360.0 42.0 21.0 42.0 
2 3 1.39 1.39 809.0 557.0 809.0 515.0 32.0 515.0 790.0 509.0 790.0 
2 3 1.3 1.3 537.0 278.0 537.0 254.0 104.0 254.0 719.0 274.0 719.0 
2 4 1.79 1.79 537.0 278.0 537.0 254.0 104.0 254.0 719.0 274.0 719.0 611.0 298.0 611.0 
2 3 1.69 1.69 654.0 110.0 654.0 423.0 246.0 423.0 274.0 260.0 274.0 
2 3 1.35 1.35 743.0 557.0 743.0 489.0 3.0 489.0 409.0 247.0 409.0 
2 4 1.83 1.83 743.0 557.0 743.0 489.0 3.0 489.0 409.0 247.0 409.0 625.0 294.0 625.0 
2 3 1.86 1.86 770.0 759.0 770.0 241.0 30.0 241.0 483.0 364.0 483.0 
2 3 1.0 1.0 272.0 213.0 272.0 205.0 33.0 205.0 271.0 17.0 271.0 
2 4 1.56 1.56 272.0 213.0 272.0 205.0 33.0 205.0 271.0 17.0 271.0 664.0 368.0 664.0 
2 3 1.31 1.31 23.0 17.0 23.0 695.0 50.0 695.0 760.0 381.0 760.0 
2 3 1.54 1.54 222.0 148.0 222.0 255.0 110.0 255.0 144.0 65.0 144.0 
2 3 1.96 1.96 602.0 511.0 602.0 374.0 243.0 374.0 121.0 56.0 121.0 
2 3 1.76 1.76 779.0 644.0 779.0 994.0 133.0 994.0 656.0 527.0 656.0 
2 4 1.91 1.91 779.0 644.0 779.0 994.0 133.0 994.0 656.0 527.0 656.0 80.0 12.0 80.0 
2 3 1.82 1.82 819.0 274.0 819.0 270.0 219.0 270.0 78.0 53.0 78.0 
2 4 1.88 1.88 819.0 274.0 819.0 270.0 219.0 270.0 78.0 53.0 78.0 695.0 39.0 695.0 
2 5 1.97 1.97 819.0 274.0 819.0 270.0 219.0 270.0 78.0 53.0 78.0 695.0 39.0 695.0 445.0 41.0 445.0 
2 3 1.58 1.58 198.0 189.0 198.0 821.0 1.0 821.0 757.0 477.0 757.0 
2 3 1.7 1.7 383.0 66.0 383.0 685.0 531.0 685.0 637.0 483.0 637.0 
2 3 1.78 1.78 812.0 272.0 812.0 60.0 54.0 60.0 544.0 301.0 544.0 
