1 2 0.91 0.91 829.0 314.0 829.0 946.0 509.0 946.0 
1 2 0.97 0.97 420.0 58.0 420.0 618.0 515.0 618.0 
1 2 0.98 0.98 842.0 230.0 842.0 886.0 633.0 886.0 
1 2 0.83 0.83 486.0 85.0 486.0 816.0 542.0 816.0 
1 2 0.91 0.91 840.0 154.0 840.0 970.0 708.0 970.0 
1 2 0.91 0.91 111.0 1.0 111.0 625.0 566.0 625.0 
1 2 0.68 0.68 648.0 24.0 648.0 223.0 144.0 223.0 
1 2 0.74 0.74 27.0 6.0 27.0 225.0 117.0 225.0 
1 2 0.75 0.75 568.0 43.0 568.0 285.0 193.0 285.0 
1 2 0.99 0.99 148.0 35.0 148.0 675.0 510.0 675.0 
1 2 0.84 0.84 131.0 67.0 131.0 732.0 243.0 732.0 
1 2 0.95 0.95 944.0 273.0 944.0 564.0 375.0 564.0 
1 2 0.65 0.65 974.0 16.0 974.0 635.0 408.0 635.0 
1 2 0.73 0.73 847.0 2.0 847.0 60.0 44.0 60.0 
1 2 0.91 0.91 69.0 59.0 69.0 662.0 40.0 662.0 
1 2 0.77 0.77 470.0 301.0 470.0 181.0 25.0 181.0 
1 2 0.94 0.94 988.0 272.0 988.0 421.0 282.0 421.0 
1 2 0.8 0.8 540.0 339.0 540.0 580.0 104.0 580.0 
1 2 0.98 0.98 64.0 43.0 64.0 646.0 202.0 646.0 
1 2 0.74 0.74 591.0 304.0 591.0 248.0 56.0 248.0 
1 2 0.85 0.85 235.0 199.0 235.0 604.0 4.0 604.0 
1 3 0.87 0.87 235.0 199.0 235.0 604.0 4.0 604.0 444.0 11.0 444.0 
1 2 0.16 0.16 601.0 73.0 601.0 856.0 39.0 856.0 
1 3 0.9 0.9 601.0 73.0 601.0 856.0 39.0 856.0 172.0 127.0 172.0 
1 2 0.94 0.94 690.0 254.0 690.0 995.0 578.0 995.0 
1 2 0.99 0.99 832.0 170.0 832.0 344.0 273.0 344.0 
1 2 0.66 0.66 562.0 146.0 562.0 293.0 118.0 293.0 
1 3 0.8 0.8 562.0 146.0 562.0 293.0 118.0 293.0 489.0 69.0 489.0 
1 2 0.72 0.72 860.0 510.0 860.0 623.0 80.0 623.0 
1 2 0.34 0.34 335.0 58.0 335.0 974.0 163.0 974.0 
1 2 0.64 0.64 837.0 89.0 837.0 868.0 467.0 868.0 
1 2 0.77 0.77 993.0 111.0 993.0 952.0 631.0 952.0 
1 3 0.85 0.85 993.0 111.0 993.0 952.0 631.0 952.0 482.0 38.0 482.0 
1 2 0.88 0.88 768.0 540.0 768.0 11.0 2.0 11.0 
1 2 0.94 0.94 177.0 123.0 177.0 153.0 38.0 153.0 
1 2 0.93 0.93 950.0 834.0 950.0 275.0 16.0 275.0 
1 2 0.9 0.9 205.0 139.0 205.0 235.0 54.0 235.0 
1 2 0.75 0.75 280.0 22.0 280.0 167.0 113.0 167.0 
1 2 0.91 0.91 541.0 313.0 541.0 492.0 164.0 492.0 
1 2 0.99 0.99 824.0 355.0 824.0 32.0 18.0 32.0 
1 2 0.99 0.99 661.0 232.0 661.0 716.0 462.0 716.0 
1 2 0.79 0.79 241.0 8.0 241.0 606.0 463.0 606.0 
1 2 0.95 0.95 846.0 242.0 846.0 304.0 203.0 304.0 
1 2 0.89 0.89 186.0 17.0 186.0 340.0 274.0 340.0 
1 2 0.97 0.97 654.0 421.0 654.0 939.0 309.0 939.0 
1 2 0.85 0.85 535.0 435.0 535.0 299.0 13.0 299.0 
1 2 0.84 0.84 763.0 197.0 763.0 956.0 562.0 956.0 
1 2 0.75 0.75 495.0 37.0 495.0 412.0 282.0 412.0 
1 2 0.86 0.86 919.0 469.0 919.0 858.0 308.0 858.0 
1 2 0.83 0.83 282.0 183.0 282.0 293.0 55.0 293.0 
1 2 0.62 0.62 380.0 43.0 380.0 378.0 193.0 378.0 
1 2 0.73 0.73 127.0 17.0 127.0 301.0 181.0 301.0 
1 2 0.87 0.87 970.0 230.0 970.0 67.0 43.0 67.0 
1 2 0.68 0.68 792.0 141.0 792.0 765.0 388.0 765.0 
1 2 0.65 0.65 154.0 59.0 154.0 58.0 16.0 58.0 
1 2 0.61 0.61 383.0 228.0 383.0 168.0 4.0 168.0 
1 2 0.64 0.64 835.0 15.0 835.0 534.0 333.0 534.0 
1 2 0.63 0.63 469.0 261.0 469.0 568.0 46.0 568.0 
1 2 0.68 0.68 89.0 50.0 89.0 230.0 29.0 230.0 
1 2 0.94 0.94 211.0 122.0 211.0 606.0 221.0 606.0 
1 2 0.67 0.67 398.0 231.0 398.0 304.0 30.0 304.0 
1 2 0.94 0.94 830.0 525.0 830.0 357.0 111.0 357.0 
1 2 0.34 0.34 702.0 223.0 702.0 349.0 10.0 349.0 
1 3 0.91 0.91 702.0 223.0 702.0 349.0 10.0 349.0 527.0 298.0 527.0 
1 2 0.93 0.93 640.0 3.0 640.0 204.0 189.0 204.0 
1 2 0.74 0.74 756.0 71.0 756.0 456.0 299.0 456.0 
1 2 0.37 0.37 126.0 2.0 126.0 945.0 344.0 945.0 
1 2 0.9 0.9 438.0 253.0 438.0 692.0 229.0 692.0 
1 2 0.87 0.87 877.0 526.0 877.0 383.0 107.0 383.0 
1 2 0.83 0.83 729.0 487.0 729.0 675.0 115.0 675.0 
1 2 0.76 0.76 361.0 248.0 361.0 476.0 38.0 476.0 
1 2 0.84 0.84 160.0 98.0 160.0 969.0 229.0 969.0 
1 2 0.63 0.63 759.0 476.0 759.0 655.0 5.0 655.0 
1 2 0.79 0.79 900.0 477.0 900.0 978.0 259.0 978.0 
1 2 0.49 0.49 217.0 84.0 217.0 534.0 56.0 534.0 
1 2 0.71 0.71 443.0 62.0 443.0 683.0 390.0 683.0 
1 3 0.95 0.95 443.0 62.0 443.0 683.0 390.0 683.0 623.0 150.0 623.0 
1 2 0.88 0.88 988.0 166.0 988.0 768.0 553.0 768.0 
1 2 0.83 0.83 42.0 11.0 42.0 740.0 425.0 740.0 
1 2 0.56 0.56 611.0 334.0 611.0 316.0 6.0 316.0 
1 2 0.71 0.71 520.0 343.0 520.0 650.0 38.0 650.0 
1 2 0.96 0.96 869.0 237.0 869.0 295.0 203.0 295.0 
1 2 0.74 0.74 621.0 17.0 621.0 126.0 90.0 126.0 
1 2 0.47 0.47 458.0 150.0 458.0 348.0 50.0 348.0 
1 2 0.65 0.65 680.0 421.0 680.0 610.0 24.0 610.0 
1 2 0.78 0.78 459.0 327.0 459.0 851.0 65.0 851.0 
1 2 0.82 0.82 200.0 161.0 200.0 308.0 5.0 308.0 
1 2 0.76 0.76 616.0 314.0 616.0 469.0 120.0 469.0 
1 2 0.32 0.32 449.0 122.0 449.0 340.0 18.0 340.0 
1 3 0.76 0.76 449.0 122.0 449.0 340.0 18.0 340.0 267.0 118.0 267.0 
1 2 0.78 0.78 396.0 277.0 396.0 350.0 30.0 350.0 
1 2 0.89 0.89 605.0 349.0 605.0 517.0 166.0 517.0 
1 2 0.84 0.84 54.0 36.0 54.0 89.0 16.0 89.0 
1 2 0.81 0.81 208.0 12.0 208.0 173.0 131.0 173.0 
1 2 0.73 0.73 541.0 272.0 541.0 30.0 7.0 30.0 
1 3 0.82 0.82 541.0 272.0 541.0 30.0 7.0 30.0 972.0 88.0 972.0 
1 2 0.82 0.82 673.0 39.0 673.0 597.0 456.0 597.0 
1 2 0.86 0.86 239.0 140.0 239.0 247.0 70.0 247.0 
1 2 0.85 0.85 146.0 34.0 146.0 271.0 168.0 271.0 
1 2 0.96 0.96 26.0 19.0 26.0 147.0 35.0 147.0 
1 2 0.85 0.85 912.0 18.0 912.0 548.0 459.0 548.0 
1 2 0.41 0.41 939.0 253.0 939.0 831.0 118.0 831.0 
1 2 0.36 0.36 774.0 225.0 774.0 395.0 30.0 395.0 
1 2 0.74 0.74 975.0 215.0 975.0 924.0 486.0 924.0 
1 2 0.8 0.8 816.0 639.0 816.0 456.0 12.0 456.0 
1 2 0.54 0.54 597.0 224.0 597.0 840.0 146.0 840.0 
1 2 0.72 0.72 504.0 347.0 504.0 405.0 15.0 405.0 
1 2 0.97 0.97 845.0 570.0 845.0 932.0 277.0 932.0 
1 2 0.88 0.88 128.0 70.0 128.0 405.0 135.0 405.0 
1 2 0.69 0.69 37.0 5.0 37.0 109.0 61.0 109.0 
1 2 0.88 0.88 912.0 669.0 912.0 549.0 83.0 549.0 
1 2 0.87 0.87 340.0 123.0 340.0 791.0 408.0 791.0 
1 2 0.73 0.73 757.0 552.0 757.0 799.0 1.0 799.0 
1 2 0.56 0.56 169.0 89.0 169.0 177.0 7.0 177.0 
1 2 0.74 0.74 651.0 482.0 651.0 571.0 4.0 571.0 
1 2 0.79 0.79 132.0 104.0 132.0 496.0 4.0 496.0 
1 2 0.81 0.81 513.0 261.0 513.0 518.0 158.0 518.0 
1 2 0.9 0.9 94.0 11.0 94.0 720.0 564.0 720.0 
1 2 0.56 0.56 411.0 11.0 411.0 707.0 382.0 707.0 
1 3 0.81 0.81 411.0 11.0 411.0 707.0 382.0 707.0 554.0 135.0 554.0 
1 2 0.79 0.79 198.0 146.0 198.0 529.0 32.0 529.0 
1 2 0.97 0.97 586.0 209.0 586.0 137.0 85.0 137.0 
1 2 0.56 0.56 82.0 5.0 82.0 311.0 157.0 311.0 
1 2 0.78 0.78 230.0 26.0 230.0 921.0 617.0 921.0 
1 2 0.77 0.77 54.0 38.0 54.0 381.0 26.0 381.0 
1 2 0.98 0.98 543.0 470.0 543.0 333.0 39.0 333.0 
1 2 0.64 0.64 305.0 59.0 305.0 115.0 52.0 115.0 
1 2 0.88 0.88 85.0 21.0 85.0 870.0 556.0 870.0 
1 2 0.68 0.68 665.0 306.0 665.0 795.0 180.0 795.0 
1 2 0.92 0.92 254.0 140.0 254.0 233.0 87.0 233.0 
1 2 0.8 0.8 251.0 36.0 251.0 206.0 136.0 206.0 
1 2 0.88 0.88 715.0 501.0 715.0 302.0 55.0 302.0 
1 2 0.6 0.6 460.0 35.0 460.0 391.0 205.0 391.0 
1 2 0.74 0.74 868.0 606.0 868.0 579.0 27.0 579.0 
1 2 0.89 0.89 111.0 26.0 111.0 248.0 164.0 248.0 
1 2 0.84 0.84 67.0 15.0 67.0 128.0 80.0 128.0 
1 2 0.78 0.78 4.0 3.0 4.0 200.0 6.0 200.0 
1 2 0.9 0.9 529.0 272.0 529.0 596.0 235.0 596.0 
1 2 0.9 0.9 234.0 154.0 234.0 218.0 53.0 218.0 
1 2 0.78 0.78 497.0 109.0 497.0 560.0 314.0 560.0 
1 2 0.6 0.6 666.0 63.0 666.0 690.0 355.0 690.0 
1 3 0.83 0.83 666.0 63.0 666.0 690.0 355.0 690.0 300.0 68.0 300.0 
1 2 0.95 0.95 917.0 236.0 917.0 138.0 96.0 138.0 
1 2 0.98 0.98 554.0 135.0 554.0 186.0 137.0 186.0 
1 2 0.9 0.9 522.0 372.0 522.0 274.0 54.0 274.0 
1 2 0.63 0.63 555.0 341.0 555.0 237.0 6.0 237.0 
1 2 0.53 0.53 912.0 25.0 912.0 513.0 262.0 513.0 
1 2 0.66 0.66 391.0 236.0 391.0 524.0 33.0 524.0 
1 2 0.95 0.95 511.0 88.0 511.0 810.0 631.0 810.0 
1 2 0.95 0.95 924.0 870.0 924.0 348.0 5.0 348.0 
1 2 0.81 0.81 812.0 481.0 812.0 405.0 89.0 405.0 
1 2 0.94 0.94 53.0 45.0 53.0 65.0 6.0 65.0 
1 2 0.54 0.54 714.0 371.0 714.0 201.0 5.0 201.0 
1 2 0.95 0.95 519.0 371.0 519.0 364.0 87.0 364.0 
1 2 0.44 0.44 428.0 149.0 428.0 376.0 35.0 376.0 
1 3 0.64 0.64 428.0 149.0 428.0 376.0 35.0 376.0 389.0 78.0 389.0 
1 2 0.94 0.94 934.0 94.0 934.0 862.0 730.0 862.0 
1 2 0.74 0.74 107.0 12.0 107.0 768.0 489.0 768.0 
1 2 0.77 0.77 565.0 389.0 565.0 933.0 85.0 933.0 
1 2 0.34 0.34 593.0 2.0 593.0 634.0 214.0 634.0 
1 2 0.87 0.87 634.0 394.0 634.0 628.0 158.0 628.0 
1 2 0.93 0.93 690.0 89.0 690.0 478.0 383.0 478.0 
1 2 0.69 0.69 273.0 157.0 273.0 830.0 98.0 830.0 
1 3 0.97 0.97 273.0 157.0 273.0 830.0 98.0 830.0 21.0 6.0 21.0 
1 2 0.88 0.88 830.0 570.0 830.0 460.0 89.0 460.0 
1 2 0.69 0.69 418.0 210.0 418.0 510.0 96.0 510.0 
1 2 0.79 0.79 335.0 174.0 335.0 958.0 266.0 958.0 
1 2 0.95 0.95 85.0 66.0 85.0 654.0 120.0 654.0 
1 2 0.97 0.97 799.0 448.0 799.0 46.0 19.0 46.0 
1 2 0.77 0.77 202.0 8.0 202.0 272.0 199.0 272.0 
1 2 0.79 0.79 789.0 344.0 789.0 566.0 205.0 566.0 
1 2 0.59 0.59 241.0 134.0 241.0 1000.0 40.0 1000.0 
1 2 0.63 0.63 647.0 27.0 647.0 205.0 122.0 205.0 
1 2 0.85 0.85 12.0 2.0 12.0 102.0 70.0 102.0 
1 2 0.83 0.83 523.0 30.0 523.0 596.0 466.0 596.0 
1 2 0.69 0.69 484.0 321.0 484.0 295.0 10.0 295.0 
1 2 0.82 0.82 571.0 381.0 571.0 996.0 157.0 996.0 
1 2 0.88 0.88 140.0 44.0 140.0 215.0 122.0 215.0 
1 2 0.96 0.96 911.0 210.0 911.0 413.0 303.0 413.0 
1 2 0.99 0.99 377.0 216.0 377.0 95.0 40.0 95.0 
1 2 0.69 0.69 712.0 81.0 712.0 808.0 469.0 808.0 
1 2 0.71 0.71 758.0 19.0 758.0 915.0 627.0 915.0 
1 2 0.69 0.69 626.0 350.0 626.0 337.0 46.0 337.0 
1 2 0.34 0.34 851.0 272.0 851.0 971.0 24.0 971.0 
1 2 0.92 0.92 732.0 184.0 732.0 978.0 662.0 978.0 
1 2 0.8 0.8 83.0 8.0 83.0 899.0 636.0 899.0 
1 3 0.84 0.84 83.0 8.0 83.0 899.0 636.0 899.0 973.0 44.0 973.0 
1 2 0.82 0.82 687.0 140.0 687.0 435.0 269.0 435.0 
1 2 0.78 0.78 817.0 286.0 817.0 172.0 75.0 172.0 
1 2 0.83 0.83 154.0 83.0 154.0 830.0 247.0 830.0 
1 2 0.77 0.77 801.0 541.0 801.0 593.0 60.0 593.0 
1 2 0.76 0.76 453.0 43.0 453.0 432.0 289.0 432.0 
1 2 0.88 0.88 485.0 343.0 485.0 78.0 14.0 78.0 
1 2 0.93 0.93 627.0 421.0 627.0 929.0 241.0 929.0 
1 2 0.79 0.79 161.0 43.0 161.0 833.0 436.0 833.0 
1 2 0.79 0.79 936.0 204.0 936.0 844.0 488.0 844.0 
1 2 0.7 0.7 493.0 48.0 493.0 282.0 171.0 282.0 
1 2 0.73 0.73 525.0 60.0 525.0 356.0 222.0 356.0 
1 2 0.64 0.64 720.0 354.0 720.0 152.0 23.0 152.0 
1 2 0.84 0.84 257.0 27.0 257.0 589.0 436.0 589.0 
1 2 0.64 0.64 790.0 87.0 790.0 78.0 42.0 78.0 
1 2 0.89 0.89 884.0 190.0 884.0 574.0 390.0 574.0 
1 2 0.81 0.81 721.0 385.0 721.0 838.0 235.0 838.0 
1 2 0.62 0.62 145.0 75.0 145.0 969.0 109.0 969.0 
1 2 0.69 0.69 900.0 537.0 900.0 984.0 96.0 984.0 
1 2 0.69 0.69 972.0 124.0 972.0 705.0 401.0 705.0 
1 2 0.74 0.74 260.0 45.0 260.0 751.0 426.0 751.0 
1 2 0.8 0.8 644.0 469.0 644.0 288.0 23.0 288.0 
1 2 0.82 0.82 110.0 86.0 110.0 726.0 33.0 726.0 
1 2 0.44 0.44 995.0 93.0 995.0 683.0 239.0 683.0 
1 2 0.94 0.94 887.0 302.0 887.0 5.0 3.0 5.0 
1 2 0.89 0.89 972.0 824.0 972.0 996.0 45.0 996.0 
1 2 0.87 0.87 789.0 248.0 789.0 700.0 394.0 700.0 
1 2 0.83 0.83 952.0 234.0 952.0 596.0 354.0 596.0 
1 2 0.7 0.7 242.0 43.0 242.0 252.0 133.0 252.0 
1 2 0.95 0.95 285.0 178.0 285.0 571.0 189.0 571.0 
1 2 0.79 0.79 432.0 84.0 432.0 945.0 571.0 945.0 
1 2 0.76 0.76 613.0 196.0 613.0 570.0 256.0 570.0 
1 2 0.73 0.73 229.0 3.0 229.0 51.0 37.0 51.0 
1 2 0.87 0.87 393.0 108.0 393.0 92.0 55.0 92.0 
1 2 0.9 0.9 839.0 56.0 839.0 986.0 822.0 986.0 
1 2 0.82 0.82 841.0 42.0 841.0 489.0 379.0 489.0 
1 2 0.77 0.77 447.0 19.0 447.0 849.0 619.0 849.0 
1 2 0.71 0.71 734.0 83.0 734.0 446.0 269.0 446.0 
1 2 0.98 0.98 483.0 138.0 483.0 519.0 361.0 519.0 
1 2 0.97 0.97 249.0 14.0 249.0 727.0 668.0 727.0 
1 2 0.98 0.98 996.0 955.0 996.0 472.0 12.0 472.0 
1 2 0.69 0.69 50.0 1.0 50.0 964.0 651.0 964.0 
1 2 0.24 0.24 11.0 1.0 11.0 568.0 85.0 568.0 
1 2 0.97 0.97 705.0 442.0 705.0 229.0 80.0 229.0 
1 2 0.21 0.21 706.0 9.0 706.0 583.0 118.0 583.0 
1 3 0.82 0.82 706.0 9.0 706.0 583.0 118.0 583.0 421.0 257.0 421.0 
1 4 0.98 0.98 706.0 9.0 706.0 583.0 118.0 583.0 421.0 257.0 421.0 649.0 106.0 649.0 
1 2 0.51 0.51 597.0 5.0 597.0 601.0 304.0 601.0 
1 2 0.8 0.8 935.0 168.0 935.0 794.0 497.0 794.0 
1 2 0.67 0.67 118.0 63.0 118.0 733.0 106.0 733.0 
1 2 0.69 0.69 415.0 75.0 415.0 682.0 348.0 682.0 
1 2 0.73 0.73 774.0 79.0 774.0 637.0 402.0 637.0 
1 2 0.92 0.92 170.0 127.0 170.0 92.0 16.0 92.0 
1 2 0.93 0.93 438.0 250.0 438.0 720.0 265.0 720.0 
1 2 0.99 0.99 478.0 234.0 478.0 745.0 379.0 745.0 
1 2 0.59 0.59 648.0 20.0 648.0 847.0 475.0 847.0 
1 2 0.43 0.43 587.0 54.0 587.0 870.0 296.0 870.0 
1 3 0.96 0.96 587.0 54.0 587.0 870.0 296.0 870.0 681.0 361.0 681.0 
1 2 0.89 0.89 462.0 66.0 462.0 24.0 18.0 24.0 
1 2 0.87 0.87 605.0 494.0 605.0 665.0 38.0 665.0 
1 2 0.45 0.45 451.0 61.0 451.0 445.0 141.0 445.0 
1 2 0.82 0.82 412.0 236.0 412.0 52.0 13.0 52.0 
1 2 0.9 0.9 444.0 75.0 444.0 660.0 485.0 660.0 
1 2 0.97 0.97 857.0 228.0 857.0 955.0 679.0 955.0 
1 2 0.69 0.69 932.0 19.0 932.0 306.0 206.0 306.0 
1 2 0.61 0.61 886.0 539.0 886.0 898.0 3.0 898.0 
1 2 0.91 0.91 649.0 268.0 649.0 75.0 38.0 75.0 
1 2 0.75 0.75 828.0 444.0 828.0 512.0 110.0 512.0 
1 2 0.85 0.85 940.0 594.0 940.0 940.0 209.0 940.0 
1 2 0.68 0.68 228.0 11.0 228.0 814.0 516.0 814.0 
1 2 0.77 0.77 463.0 282.0 463.0 381.0 64.0 381.0 
1 2 0.8 0.8 308.0 27.0 308.0 28.0 20.0 28.0 
1 2 0.97 0.97 381.0 140.0 381.0 156.0 95.0 156.0 
1 2 0.99 0.99 210.0 46.0 210.0 271.0 211.0 271.0 
1 2 0.96 0.96 143.0 52.0 143.0 211.0 127.0 211.0 
1 2 0.63 0.63 282.0 18.0 282.0 563.0 321.0 563.0 
1 2 0.7 0.7 768.0 99.0 768.0 549.0 316.0 549.0 
1 2 0.8 0.8 251.0 65.0 251.0 708.0 386.0 708.0 
1 2 0.74 0.74 429.0 137.0 429.0 90.0 38.0 90.0 
1 2 0.87 0.87 401.0 204.0 401.0 371.0 137.0 371.0 
1 2 0.7 0.7 396.0 67.0 396.0 639.0 340.0 639.0 
1 2 0.89 0.89 905.0 299.0 905.0 627.0 357.0 627.0 
1 2 0.59 0.59 659.0 343.0 659.0 178.0 13.0 178.0 
1 2 0.73 0.73 223.0 2.0 223.0 171.0 124.0 171.0 
1 2 0.61 0.61 284.0 164.0 284.0 196.0 8.0 196.0 
1 2 0.82 0.82 114.0 14.0 114.0 712.0 502.0 712.0 
1 2 0.54 0.54 856.0 198.0 856.0 145.0 46.0 145.0 
1 2 0.23 0.23 909.0 139.0 909.0 410.0 33.0 410.0 
1 3 0.46 0.46 909.0 139.0 909.0 410.0 33.0 410.0 940.0 222.0 940.0 
1 2 0.63 0.63 592.0 336.0 592.0 71.0 5.0 71.0 
1 2 0.92 0.92 130.0 50.0 130.0 888.0 478.0 888.0 
1 2 0.69 0.69 593.0 27.0 593.0 646.0 418.0 646.0 
1 2 0.57 0.57 587.0 90.0 587.0 891.0 379.0 891.0 
1 2 0.87 0.87 52.0 12.0 52.0 636.0 411.0 636.0 
1 2 0.81 0.81 700.0 414.0 700.0 834.0 184.0 834.0 
1 2 0.78 0.78 865.0 5.0 865.0 400.0 311.0 400.0 
1 2 0.95 0.95 776.0 696.0 776.0 649.0 36.0 649.0 
1 2 0.65 0.65 832.0 463.0 832.0 59.0 6.0 59.0 
1 2 0.94 0.94 669.0 125.0 669.0 21.0 16.0 21.0 
1 2 0.29 0.29 678.0 25.0 678.0 27.0 7.0 27.0 
1 3 0.93 0.93 678.0 25.0 678.0 27.0 7.0 27.0 490.0 314.0 490.0 
1 2 0.82 0.82 191.0 18.0 191.0 363.0 267.0 363.0 
1 2 0.97 0.97 184.0 139.0 184.0 633.0 138.0 633.0 
1 2 0.73 0.73 899.0 495.0 899.0 843.0 156.0 843.0 
1 2 0.83 0.83 820.0 444.0 820.0 227.0 67.0 227.0 
1 3 0.93 0.93 820.0 444.0 820.0 227.0 67.0 227.0 40.0 4.0 40.0 
1 2 0.86 0.86 665.0 394.0 665.0 429.0 119.0 429.0 
1 2 0.59 0.59 82.0 42.0 82.0 63.0 5.0 63.0 
1 2 0.94 0.94 806.0 181.0 806.0 594.0 428.0 594.0 
1 2 0.54 0.54 963.0 126.0 963.0 183.0 76.0 183.0 
1 2 0.59 0.59 222.0 7.0 222.0 271.0 153.0 271.0 
1 2 0.77 0.77 915.0 252.0 915.0 294.0 148.0 294.0 
1 2 0.68 0.68 592.0 391.0 592.0 37.0 1.0 37.0 
1 2 0.59 0.59 319.0 27.0 319.0 498.0 253.0 498.0 
1 2 0.9 0.9 743.0 115.0 743.0 445.0 335.0 445.0 
1 2 0.97 0.97 219.0 57.0 219.0 765.0 550.0 765.0 
1 2 0.97 0.97 442.0 406.0 442.0 639.0 38.0 639.0 
1 2 0.81 0.81 447.0 9.0 447.0 58.0 46.0 58.0 
1 2 0.98 0.98 78.0 8.0 78.0 376.0 331.0 376.0 
1 2 0.76 0.76 921.0 372.0 921.0 218.0 79.0 218.0 
1 2 0.88 0.88 930.0 20.0 930.0 459.0 398.0 459.0 
1 2 0.68 0.68 789.0 430.0 789.0 666.0 95.0 666.0 
1 2 0.92 0.92 567.0 402.0 567.0 222.0 49.0 222.0 
1 2 0.68 0.68 471.0 52.0 471.0 236.0 136.0 236.0 
1 2 0.6 0.6 420.0 228.0 420.0 842.0 54.0 842.0 
1 2 0.94 0.94 340.0 56.0 340.0 739.0 575.0 739.0 
1 2 0.25 0.25 247.0 11.0 247.0 939.0 193.0 939.0 
1 2 0.95 0.95 726.0 155.0 726.0 27.0 20.0 27.0 
1 2 0.95 0.95 4.0 1.0 4.0 259.0 182.0 259.0 
1 2 0.94 0.94 913.0 50.0 913.0 387.0 344.0 387.0 
1 2 0.58 0.58 674.0 102.0 674.0 671.0 294.0 671.0 
1 2 0.13 0.13 95.0 9.0 95.0 229.0 9.0 229.0 
1 2 0.76 0.76 38.0 22.0 38.0 800.0 148.0 800.0 
1 2 0.89 0.89 649.0 296.0 649.0 151.0 66.0 151.0 
1 3 0.97 0.97 649.0 296.0 649.0 151.0 66.0 151.0 128.0 11.0 128.0 
1 2 0.72 0.72 655.0 100.0 655.0 492.0 284.0 492.0 
1 2 0.95 0.95 34.0 32.0 34.0 521.0 8.0 521.0 
1 2 0.54 0.54 575.0 19.0 575.0 663.0 340.0 663.0 
1 2 0.7 0.7 340.0 211.0 340.0 499.0 42.0 499.0 
1 2 0.97 0.97 966.0 242.0 966.0 249.0 181.0 249.0 
1 2 0.54 0.54 61.0 32.0 61.0 114.0 2.0 114.0 
1 2 0.73 0.73 993.0 594.0 993.0 276.0 38.0 276.0 
1 3 0.97 0.97 993.0 594.0 993.0 276.0 38.0 276.0 170.0 41.0 170.0 
1 2 0.9 0.9 450.0 262.0 450.0 550.0 179.0 550.0 
1 2 0.76 0.76 280.0 169.0 280.0 776.0 124.0 776.0 
1 2 0.8 0.8 307.0 22.0 307.0 644.0 473.0 644.0 
1 2 0.79 0.79 725.0 305.0 725.0 884.0 334.0 884.0 
1 2 0.79 0.79 784.0 237.0 784.0 618.0 307.0 618.0 
1 2 0.61 0.61 987.0 603.0 987.0 951.0 2.0 951.0 
1 2 0.83 0.83 827.0 544.0 827.0 114.0 20.0 114.0 
1 2 0.92 0.92 484.0 144.0 484.0 891.0 557.0 891.0 
1 2 0.98 0.98 166.0 95.0 166.0 692.0 288.0 692.0 
1 2 0.86 0.86 922.0 133.0 922.0 247.0 179.0 247.0 
1 3 0.99 0.99 922.0 133.0 922.0 247.0 179.0 247.0 271.0 35.0 271.0 
1 2 0.73 0.73 960.0 53.0 960.0 987.0 673.0 987.0 
1 2 0.81 0.81 945.0 39.0 945.0 247.0 190.0 247.0 
1 2 0.86 0.86 222.0 187.0 222.0 455.0 10.0 455.0 
1 2 0.72 0.72 472.0 291.0 472.0 497.0 54.0 497.0 
1 2 0.89 0.89 296.0 251.0 296.0 742.0 34.0 742.0 
1 2 0.9 0.9 586.0 113.0 586.0 771.0 550.0 771.0 
1 2 0.99 0.99 395.0 353.0 395.0 624.0 62.0 624.0 
1 2 0.73 0.73 504.0 322.0 504.0 209.0 21.0 209.0 
1 2 0.85 0.85 833.0 143.0 833.0 829.0 568.0 829.0 
1 2 0.53 0.53 1000.0 114.0 1000.0 81.0 34.0 81.0 
1 2 0.93 0.93 400.0 219.0 400.0 895.0 350.0 895.0 
1 2 0.86 0.86 846.0 644.0 846.0 608.0 63.0 608.0 
1 2 0.9 0.9 45.0 3.0 45.0 43.0 36.0 43.0 
1 2 0.8 0.8 457.0 289.0 457.0 837.0 145.0 837.0 
1 2 0.93 0.93 184.0 70.0 184.0 132.0 73.0 132.0 
1 2 0.5 0.5 813.0 407.0 813.0 665.0 4.0 665.0 
1 2 0.45 0.45 758.0 167.0 758.0 416.0 97.0 416.0 
1 2 0.76 0.76 689.0 134.0 689.0 567.0 322.0 567.0 
1 2 0.81 0.81 356.0 214.0 356.0 841.0 182.0 841.0 
1 2 0.15 0.15 719.0 99.0 719.0 279.0 5.0 279.0 
1 3 0.96 0.96 719.0 99.0 719.0 279.0 5.0 279.0 405.0 326.0 405.0 
1 2 0.98 0.98 18.0 1.0 18.0 854.0 797.0 854.0 
1 2 0.79 0.79 236.0 151.0 236.0 277.0 43.0 277.0 
1 2 0.82 0.82 24.0 14.0 24.0 632.0 150.0 632.0 
1 2 0.86 0.86 309.0 217.0 309.0 76.0 12.0 76.0 
1 2 0.91 0.91 135.0 36.0 135.0 435.0 284.0 435.0 
1 2 0.69 0.69 223.0 139.0 223.0 272.0 19.0 272.0 
1 2 0.77 0.77 987.0 26.0 987.0 246.0 184.0 246.0 
1 2 0.87 0.87 775.0 459.0 775.0 661.0 184.0 661.0 
1 2 0.92 0.92 826.0 126.0 826.0 994.0 764.0 994.0 
1 2 0.77 0.77 454.0 262.0 454.0 404.0 81.0 404.0 
1 2 0.72 0.72 183.0 129.0 183.0 288.0 7.0 288.0 
1 3 0.9 0.9 183.0 129.0 183.0 288.0 7.0 288.0 384.0 69.0 384.0 
1 2 0.43 0.43 761.0 48.0 761.0 398.0 149.0 398.0 
1 2 0.84 0.84 106.0 2.0 106.0 355.0 292.0 355.0 
1 2 0.93 0.93 355.0 288.0 355.0 570.0 69.0 570.0 
1 2 0.99 0.99 879.0 409.0 879.0 299.0 157.0 299.0 
1 3 0.99 0.99 879.0 409.0 879.0 299.0 157.0 299.0 359.0 3.0 359.0 
1 2 0.93 0.93 842.0 462.0 842.0 55.0 21.0 55.0 
1 2 0.87 0.87 644.0 198.0 644.0 281.0 159.0 281.0 
1 2 0.82 0.82 551.0 378.0 551.0 435.0 61.0 435.0 
1 2 0.95 0.95 40.0 24.0 40.0 387.0 137.0 387.0 
1 2 0.5 0.5 554.0 100.0 554.0 723.0 231.0 723.0 
1 2 0.87 0.87 919.0 794.0 919.0 778.0 5.0 778.0 
1 2 0.66 0.66 215.0 9.0 215.0 589.0 368.0 589.0 
1 2 0.88 0.88 82.0 45.0 82.0 3.0 1.0 3.0 
1 2 0.88 0.88 42.0 35.0 42.0 487.0 24.0 487.0 
1 3 0.99 0.99 42.0 35.0 42.0 487.0 24.0 487.0 190.0 21.0 190.0 
1 2 0.83 0.83 524.0 408.0 524.0 508.0 29.0 508.0 
1 2 0.94 0.94 330.0 9.0 330.0 876.0 808.0 876.0 
1 2 0.75 0.75 629.0 33.0 629.0 592.0 418.0 592.0 
1 2 0.73 0.73 976.0 4.0 976.0 802.0 583.0 802.0 
1 2 0.87 0.87 112.0 24.0 112.0 175.0 115.0 175.0 
1 2 0.9 0.9 786.0 671.0 786.0 882.0 45.0 882.0 
1 2 0.89 0.89 195.0 126.0 195.0 443.0 111.0 443.0 
1 2 0.99 0.99 181.0 95.0 181.0 443.0 209.0 443.0 
1 2 0.82 0.82 604.0 338.0 604.0 197.0 52.0 197.0 
1 2 0.8 0.8 142.0 86.0 142.0 403.0 81.0 403.0 
1 2 0.63 0.63 215.0 129.0 215.0 224.0 7.0 224.0 
1 2 0.18 0.18 669.0 36.0 669.0 939.0 126.0 939.0 
1 3 0.82 0.82 669.0 36.0 669.0 939.0 126.0 939.0 711.0 450.0 711.0 
1 2 0.89 0.89 622.0 49.0 622.0 96.0 78.0 96.0 
1 2 0.96 0.96 432.0 348.0 432.0 543.0 85.0 543.0 
1 2 0.86 0.86 101.0 13.0 101.0 53.0 39.0 53.0 
1 2 0.89 0.89 283.0 200.0 283.0 467.0 90.0 467.0 
1 2 0.98 0.98 811.0 266.0 811.0 429.0 283.0 429.0 
1 2 0.87 0.87 522.0 4.0 522.0 753.0 650.0 753.0 
1 2 0.95 0.95 940.0 291.0 940.0 291.0 188.0 291.0 
1 2 0.7 0.7 781.0 52.0 781.0 699.0 448.0 699.0 
1 2 0.92 0.92 117.0 31.0 117.0 815.0 542.0 815.0 
1 2 0.75 0.75 737.0 46.0 737.0 588.0 406.0 588.0 
1 2 0.73 0.73 294.0 148.0 294.0 519.0 118.0 519.0 
1 2 0.77 0.77 510.0 375.0 510.0 164.0 6.0 164.0 
1 2 0.87 0.87 145.0 6.0 145.0 524.0 436.0 524.0 
1 2 0.82 0.82 331.0 228.0 331.0 590.0 80.0 590.0 
1 2 0.62 0.62 959.0 382.0 959.0 352.0 81.0 352.0 
1 2 0.74 0.74 397.0 72.0 397.0 339.0 192.0 339.0 
1 2 0.94 0.94 307.0 159.0 307.0 98.0 42.0 98.0 
1 3 0.95 0.95 307.0 159.0 307.0 98.0 42.0 98.0 838.0 11.0 838.0 
1 2 0.99 0.99 783.0 380.0 783.0 275.0 141.0 275.0 
1 2 0.88 0.88 485.0 411.0 485.0 684.0 27.0 684.0 
1 2 0.91 0.91 350.0 312.0 350.0 429.0 11.0 429.0 
1 2 0.97 0.97 614.0 471.0 614.0 507.0 106.0 507.0 
1 2 0.81 0.81 859.0 163.0 859.0 320.0 200.0 320.0 
1 2 0.82 0.82 426.0 42.0 426.0 543.0 397.0 543.0 
1 2 0.99 0.99 437.0 219.0 437.0 385.0 191.0 385.0 
1 2 0.65 0.65 532.0 345.0 532.0 793.0 6.0 793.0 
1 2 0.97 0.97 296.0 60.0 296.0 416.0 323.0 416.0 
1 2 0.87 0.87 419.0 339.0 419.0 293.0 20.0 293.0 
1 2 0.31 0.31 134.0 8.0 134.0 278.0 72.0 278.0 
1 3 0.98 0.98 134.0 8.0 134.0 278.0 72.0 278.0 761.0 509.0 761.0 
1 2 0.98 0.98 757.0 302.0 757.0 249.0 147.0 249.0 
1 2 0.86 0.86 845.0 702.0 845.0 778.0 24.0 778.0 
1 3 0.95 0.95 845.0 702.0 845.0 778.0 24.0 778.0 548.0 53.0 548.0 
1 2 0.96 0.96 117.0 5.0 117.0 436.0 404.0 436.0 
1 2 0.92 0.92 87.0 61.0 87.0 627.0 142.0 627.0 
1 2 0.97 0.97 391.0 91.0 391.0 23.0 17.0 23.0 
1 2 0.79 0.79 905.0 117.0 905.0 188.0 126.0 188.0 
1 2 0.76 0.76 83.0 19.0 83.0 733.0 396.0 733.0 
1 3 0.81 0.81 83.0 19.0 83.0 733.0 396.0 733.0 596.0 29.0 596.0 
1 2 0.64 0.64 338.0 143.0 338.0 762.0 166.0 762.0 
1 2 0.98 0.98 413.0 395.0 413.0 217.0 7.0 217.0 
1 2 0.93 0.93 362.0 128.0 362.0 907.0 523.0 907.0 
1 2 0.73 0.73 861.0 519.0 861.0 268.0 36.0 268.0 
1 2 0.82 0.82 709.0 562.0 709.0 300.0 9.0 300.0 
1 2 0.87 0.87 100.0 66.0 100.0 789.0 167.0 789.0 
1 2 0.52 0.52 695.0 291.0 695.0 691.0 70.0 691.0 
1 2 0.79 0.79 807.0 334.0 807.0 394.0 149.0 394.0 
1 3 0.88 0.88 807.0 334.0 807.0 394.0 149.0 394.0 241.0 22.0 241.0 
1 2 0.83 0.83 848.0 546.0 848.0 711.0 134.0 711.0 
1 2 0.83 0.83 728.0 59.0 728.0 358.0 271.0 358.0 
1 2 0.74 0.74 602.0 371.0 602.0 686.0 88.0 686.0 
1 2 0.92 0.92 370.0 6.0 370.0 457.0 414.0 457.0 
1 2 0.78 0.78 684.0 53.0 684.0 417.0 295.0 417.0 
1 2 0.78 0.78 341.0 22.0 341.0 350.0 252.0 350.0 
1 2 0.78 0.78 175.0 17.0 175.0 751.0 516.0 751.0 
1 2 0.85 0.85 791.0 388.0 791.0 426.0 156.0 426.0 
1 2 0.7 0.7 924.0 627.0 924.0 143.0 4.0 143.0 
1 2 0.89 0.89 835.0 528.0 835.0 809.0 209.0 809.0 
1 2 0.99 0.99 706.0 434.0 706.0 512.0 196.0 512.0 
1 2 0.86 0.86 297.0 155.0 297.0 392.0 134.0 392.0 
1 2 0.65 0.65 335.0 215.0 335.0 481.0 6.0 481.0 
1 2 0.99 0.99 379.0 297.0 379.0 130.0 28.0 130.0 
1 2 0.93 0.93 295.0 215.0 295.0 643.0 131.0 643.0 
1 2 0.96 0.96 28.0 3.0 28.0 854.0 730.0 854.0 
1 2 0.97 0.97 735.0 513.0 735.0 456.0 125.0 456.0 
1 2 0.56 0.56 294.0 152.0 294.0 735.0 33.0 735.0 
1 3 0.86 0.86 294.0 152.0 294.0 735.0 33.0 735.0 715.0 220.0 715.0 
1 2 0.83 0.83 532.0 307.0 532.0 306.0 79.0 306.0 
1 2 0.9 0.9 676.0 418.0 676.0 768.0 217.0 768.0 
1 2 0.32 0.32 366.0 18.0 366.0 679.0 184.0 679.0 
1 3 0.98 0.98 366.0 18.0 366.0 679.0 184.0 679.0 958.0 638.0 958.0 
1 2 0.7 0.7 544.0 22.0 544.0 139.0 92.0 139.0 
1 2 0.13 0.13 506.0 47.0 506.0 538.0 23.0 538.0 
1 3 0.72 0.72 506.0 47.0 506.0 538.0 23.0 538.0 758.0 447.0 758.0 
1 2 0.57 0.57 387.0 151.0 387.0 866.0 163.0 866.0 
1 2 0.75 0.75 166.0 117.0 166.0 357.0 19.0 357.0 
1 2 0.92 0.92 504.0 349.0 504.0 772.0 183.0 772.0 
1 2 0.93 0.93 175.0 35.0 175.0 163.0 119.0 163.0 
1 2 0.75 0.75 122.0 71.0 122.0 118.0 20.0 118.0 
1 2 0.79 0.79 52.0 41.0 52.0 765.0 7.0 765.0 
1 2 0.95 0.95 605.0 230.0 605.0 396.0 227.0 396.0 
1 2 0.86 0.86 278.0 227.0 278.0 301.0 14.0 301.0 
1 2 0.68 0.68 365.0 201.0 365.0 116.0 16.0 116.0 
1 2 0.68 0.68 255.0 120.0 255.0 376.0 82.0 376.0 
1 2 0.85 0.85 222.0 7.0 222.0 606.0 497.0 606.0 
1 2 0.89 0.89 564.0 364.0 564.0 795.0 198.0 795.0 
1 2 0.89 0.89 693.0 214.0 693.0 371.0 217.0 371.0 
1 2 0.68 0.68 1000.0 94.0 1000.0 583.0 342.0 583.0 
1 2 0.97 0.97 312.0 150.0 312.0 519.0 254.0 519.0 
1 2 0.64 0.64 604.0 365.0 604.0 632.0 26.0 632.0 
1 2 0.71 0.71 556.0 374.0 556.0 487.0 22.0 487.0 
1 2 0.91 0.91 788.0 538.0 788.0 377.0 86.0 377.0 
1 2 0.68 0.68 739.0 65.0 739.0 606.0 361.0 606.0 
1 2 0.99 0.99 745.0 726.0 745.0 147.0 3.0 147.0 
1 2 0.93 0.93 765.0 612.0 765.0 596.0 82.0 596.0 
1 2 0.81 0.81 185.0 151.0 185.0 615.0 2.0 615.0 
1 2 0.98 0.98 177.0 119.0 177.0 763.0 240.0 763.0 
1 2 0.76 0.76 149.0 8.0 149.0 75.0 53.0 75.0 
1 2 0.76 0.76 239.0 16.0 239.0 922.0 639.0 922.0 
1 2 0.97 0.97 504.0 149.0 504.0 308.0 210.0 308.0 
1 2 0.78 0.78 183.0 40.0 183.0 340.0 192.0 340.0 
1 2 0.78 0.78 763.0 134.0 763.0 538.0 330.0 538.0 
1 2 0.72 0.72 922.0 558.0 922.0 57.0 7.0 57.0 
1 2 0.51 0.51 412.0 164.0 412.0 815.0 97.0 815.0 
1 2 0.83 0.83 403.0 250.0 403.0 610.0 129.0 610.0 
1 2 0.71 0.71 642.0 350.0 642.0 245.0 42.0 245.0 
1 2 0.67 0.67 283.0 11.0 283.0 131.0 83.0 131.0 
1 2 0.96 0.96 712.0 496.0 712.0 529.0 141.0 529.0 
1 2 0.87 0.87 896.0 453.0 896.0 249.0 93.0 249.0 
1 2 0.78 0.78 729.0 151.0 729.0 913.0 528.0 913.0 
1 2 0.99 0.99 643.0 581.0 643.0 695.0 66.0 695.0 
1 2 0.74 0.74 511.0 40.0 511.0 152.0 101.0 152.0 
1 2 0.87 0.87 209.0 59.0 209.0 887.0 528.0 887.0 
1 2 0.64 0.64 316.0 193.0 316.0 509.0 17.0 509.0 
1 2 0.89 0.89 49.0 41.0 49.0 970.0 53.0 970.0 
1 2 0.83 0.83 356.0 77.0 356.0 472.0 293.0 472.0 
1 2 0.26 0.26 938.0 36.0 938.0 108.0 24.0 108.0 
1 3 0.98 0.98 938.0 36.0 938.0 108.0 24.0 108.0 738.0 537.0 738.0 
1 2 0.93 0.93 703.0 372.0 703.0 612.0 250.0 612.0 
1 2 0.98 0.98 538.0 277.0 538.0 526.0 248.0 526.0 
1 2 0.42 0.42 670.0 95.0 670.0 818.0 235.0 818.0 
1 2 0.86 0.86 366.0 134.0 366.0 670.0 336.0 670.0 
1 2 0.94 0.94 735.0 448.0 735.0 215.0 72.0 215.0 
1 2 0.98 0.98 240.0 146.0 240.0 267.0 101.0 267.0 
1 2 0.83 0.83 451.0 146.0 451.0 546.0 278.0 546.0 
1 2 0.84 0.84 154.0 49.0 154.0 101.0 53.0 101.0 
1 2 0.59 0.59 676.0 30.0 676.0 782.0 431.0 782.0 
1 2 0.88 0.88 185.0 28.0 185.0 273.0 201.0 273.0 
1 2 0.58 0.58 788.0 424.0 788.0 643.0 31.0 643.0 
1 2 0.92 0.92 613.0 18.0 613.0 973.0 874.0 973.0 
1 2 0.53 0.53 188.0 4.0 188.0 103.0 53.0 103.0 
1 2 0.46 0.46 798.0 358.0 798.0 504.0 10.0 504.0 
1 2 0.59 0.59 462.0 263.0 462.0 899.0 25.0 899.0 
1 2 0.69 0.69 25.0 13.0 25.0 315.0 54.0 315.0 
1 2 0.67 0.67 612.0 103.0 612.0 188.0 95.0 188.0 
1 2 0.57 0.57 679.0 26.0 679.0 146.0 79.0 146.0 
1 2 0.24 0.24 432.0 94.0 432.0 970.0 28.0 970.0 
1 2 0.72 0.72 317.0 179.0 317.0 574.0 90.0 574.0 
1 2 0.97 0.97 97.0 27.0 97.0 277.0 193.0 277.0 
1 2 0.81 0.81 678.0 549.0 678.0 367.0 1.0 367.0 
1 2 0.77 0.77 604.0 351.0 604.0 178.0 35.0 178.0 
1 2 0.49 0.49 366.0 59.0 366.0 636.0 212.0 636.0 
1 2 0.82 0.82 281.0 56.0 281.0 81.0 51.0 81.0 
1 2 0.89 0.89 795.0 626.0 795.0 449.0 48.0 449.0 
1 2 0.62 0.62 143.0 81.0 143.0 101.0 6.0 101.0 
1 2 0.88 0.88 924.0 749.0 924.0 572.0 43.0 572.0 
1 2 0.93 0.93 720.0 521.0 720.0 700.0 146.0 700.0 
1 2 0.99 0.99 919.0 9.0 919.0 283.0 280.0 283.0 
1 2 0.64 0.64 712.0 1.0 712.0 475.0 304.0 475.0 
1 2 0.93 0.93 710.0 227.0 710.0 172.0 106.0 172.0 
1 2 0.77 0.77 82.0 19.0 82.0 180.0 98.0 180.0 
1 2 0.38 0.38 998.0 84.0 998.0 396.0 121.0 396.0 
1 2 0.78 0.78 860.0 89.0 860.0 271.0 184.0 271.0 
1 2 0.67 0.67 727.0 33.0 727.0 963.0 608.0 963.0 
1 2 0.96 0.96 345.0 258.0 345.0 565.0 125.0 565.0 
1 2 0.98 0.98 174.0 102.0 174.0 874.0 351.0 874.0 
1 2 0.99 0.99 721.0 713.0 721.0 334.0 3.0 334.0 
1 2 0.94 0.94 999.0 82.0 999.0 752.0 652.0 752.0 
1 2 0.82 0.82 962.0 497.0 962.0 547.0 170.0 547.0 
1 2 0.65 0.65 808.0 511.0 808.0 735.0 20.0 735.0 
1 2 0.93 0.93 61.0 37.0 61.0 804.0 264.0 804.0 
1 2 0.88 0.88 822.0 537.0 822.0 305.0 71.0 305.0 
1 2 0.81 0.81 518.0 329.0 518.0 475.0 86.0 475.0 
1 2 0.91 0.91 839.0 597.0 839.0 387.0 77.0 387.0 
1 2 0.76 0.76 124.0 18.0 124.0 795.0 492.0 795.0 
1 2 0.82 0.82 439.0 222.0 439.0 207.0 67.0 207.0 
1 2 0.71 0.71 724.0 69.0 724.0 348.0 214.0 348.0 
1 2 0.75 0.75 657.0 42.0 657.0 581.0 399.0 581.0 
1 2 0.91 0.91 508.0 8.0 508.0 918.0 821.0 918.0 
1 2 0.74 0.74 817.0 31.0 817.0 993.0 705.0 993.0 
1 2 0.98 0.98 370.0 83.0 370.0 161.0 123.0 161.0 
1 2 0.99 0.99 223.0 68.0 223.0 627.0 435.0 627.0 
1 2 0.74 0.74 457.0 234.0 457.0 801.0 185.0 801.0 
1 3 0.96 0.96 457.0 234.0 457.0 801.0 185.0 801.0 206.0 45.0 206.0 
1 2 0.75 0.75 913.0 30.0 913.0 852.0 617.0 852.0 
1 2 0.75 0.75 158.0 84.0 158.0 159.0 35.0 159.0 
1 2 0.86 0.86 253.0 170.0 253.0 977.0 185.0 977.0 
1 2 0.55 0.55 851.0 429.0 851.0 371.0 19.0 371.0 
1 2 0.93 0.93 972.0 57.0 972.0 966.0 849.0 966.0 
1 2 0.78 0.78 779.0 556.0 779.0 333.0 23.0 333.0 
1 2 0.66 0.66 35.0 18.0 35.0 143.0 22.0 143.0 
1 2 0.64 0.64 941.0 534.0 941.0 395.0 29.0 395.0 
1 2 0.96 0.96 844.0 686.0 844.0 335.0 51.0 335.0 
1 2 0.85 0.85 478.0 351.0 478.0 226.0 28.0 226.0 
1 2 0.68 0.68 230.0 151.0 230.0 372.0 11.0 372.0 
1 2 0.64 0.64 40.0 2.0 40.0 349.0 209.0 349.0 
1 2 0.52 0.52 151.0 8.0 151.0 595.0 280.0 595.0 
1 2 0.71 0.71 25.0 4.0 25.0 845.0 469.0 845.0 
1 2 0.83 0.83 395.0 91.0 395.0 679.0 408.0 679.0 
1 2 0.43 0.43 84.0 35.0 84.0 444.0 10.0 444.0 
1 3 0.82 0.82 84.0 35.0 84.0 444.0 10.0 444.0 311.0 119.0 311.0 
1 2 0.92 0.92 845.0 481.0 845.0 528.0 188.0 528.0 
1 2 0.93 0.93 925.0 663.0 925.0 497.0 108.0 497.0 
1 2 0.99 0.99 229.0 32.0 229.0 524.0 449.0 524.0 
1 2 0.99 0.99 103.0 58.0 103.0 374.0 163.0 374.0 
1 2 0.68 0.68 127.0 66.0 127.0 176.0 29.0 176.0 
1 2 0.63 0.63 500.0 85.0 500.0 351.0 163.0 351.0 
1 2 0.79 0.79 964.0 51.0 964.0 50.0 37.0 50.0 
1 2 0.8 0.8 417.0 306.0 417.0 546.0 39.0 546.0 
1 2 0.73 0.73 516.0 319.0 516.0 721.0 81.0 721.0 
1 2 0.66 0.66 692.0 41.0 692.0 140.0 85.0 140.0 
1 2 0.92 0.92 623.0 442.0 623.0 255.0 54.0 255.0 
1 2 0.71 0.71 196.0 140.0 196.0 530.0 3.0 530.0 
1 2 0.98 0.98 270.0 26.0 270.0 326.0 291.0 326.0 
1 2 0.74 0.74 331.0 178.0 331.0 247.0 51.0 247.0 
1 2 0.87 0.87 820.0 288.0 820.0 210.0 110.0 210.0 
1 2 0.91 0.91 230.0 68.0 230.0 527.0 328.0 527.0 
1 2 0.78 0.78 812.0 82.0 812.0 560.0 384.0 560.0 
1 2 0.93 0.93 361.0 107.0 361.0 941.0 597.0 941.0 
1 2 0.86 0.86 832.0 165.0 832.0 172.0 115.0 172.0 
1 2 0.99 0.99 281.0 185.0 281.0 977.0 329.0 977.0 
1 2 0.46 0.46 143.0 25.0 143.0 502.0 145.0 502.0 
1 2 0.72 0.72 399.0 68.0 399.0 786.0 435.0 786.0 
1 2 0.84 0.84 64.0 6.0 64.0 930.0 702.0 930.0 
1 2 0.26 0.26 7.0 1.0 7.0 844.0 102.0 844.0 
1 2 0.78 0.78 629.0 149.0 629.0 598.0 326.0 598.0 
1 2 0.92 0.92 567.0 404.0 567.0 380.0 82.0 380.0 
1 2 0.7 0.7 638.0 353.0 638.0 274.0 41.0 274.0 
1 2 0.78 0.78 578.0 334.0 578.0 411.0 84.0 411.0 
1 2 0.96 0.96 719.0 100.0 719.0 374.0 309.0 374.0 
1 2 0.96 0.96 455.0 109.0 455.0 147.0 107.0 147.0 
1 2 0.61 0.61 947.0 494.0 947.0 277.0 26.0 277.0 
1 2 0.18 0.18 270.0 14.0 270.0 300.0 40.0 300.0 
1 2 0.7 0.7 742.0 3.0 742.0 47.0 33.0 47.0 
1 2 0.93 0.93 750.0 602.0 750.0 45.0 6.0 45.0 
1 2 0.91 0.91 846.0 437.0 846.0 523.0 207.0 523.0 
1 2 0.69 0.69 879.0 173.0 879.0 626.0 314.0 626.0 
1 2 0.57 0.57 316.0 32.0 316.0 936.0 440.0 936.0 
1 2 0.99 0.99 79.0 40.0 79.0 368.0 179.0 368.0 
1 2 0.89 0.89 856.0 132.0 856.0 54.0 40.0 54.0 
1 2 0.86 0.86 585.0 418.0 585.0 692.0 103.0 692.0 
1 2 0.83 0.83 229.0 171.0 229.0 594.0 55.0 594.0 
1 2 0.96 0.96 718.0 216.0 718.0 447.0 297.0 447.0 
1 2 0.45 0.45 526.0 86.0 526.0 713.0 208.0 713.0 
1 2 0.73 0.73 819.0 144.0 819.0 451.0 250.0 451.0 
1 2 0.81 0.81 81.0 42.0 81.0 307.0 90.0 307.0 
1 2 0.34 0.34 241.0 78.0 241.0 719.0 17.0 719.0 
1 2 0.98 0.98 446.0 350.0 446.0 89.0 18.0 89.0 
1 2 0.96 0.96 109.0 79.0 109.0 852.0 206.0 852.0 
1 2 0.91 0.91 825.0 110.0 825.0 919.0 720.0 919.0 
1 2 0.81 0.81 132.0 96.0 132.0 34.0 3.0 34.0 
1 3 0.9 0.9 132.0 96.0 132.0 34.0 3.0 34.0 515.0 45.0 515.0 
1 2 0.93 0.93 482.0 438.0 482.0 39.0 1.0 39.0 
1 2 0.9 0.9 234.0 48.0 234.0 703.0 493.0 703.0 
1 2 0.96 0.96 568.0 547.0 568.0 911.0 1.0 911.0 
1 2 0.62 0.62 642.0 351.0 642.0 298.0 24.0 298.0 
1 2 0.59 0.59 674.0 118.0 674.0 24.0 10.0 24.0 
1 2 0.83 0.83 500.0 119.0 500.0 155.0 93.0 155.0 
1 2 0.95 0.95 515.0 479.0 515.0 578.0 14.0 578.0 
1 2 0.9 0.9 300.0 168.0 300.0 343.0 119.0 343.0 
1 2 0.62 0.62 426.0 154.0 426.0 899.0 241.0 899.0 
1 2 0.93 0.93 60.0 12.0 60.0 561.0 410.0 561.0 
1 2 0.88 0.88 837.0 240.0 837.0 247.0 148.0 247.0 
1 2 0.68 0.68 896.0 583.0 896.0 160.0 6.0 160.0 
1 2 0.86 0.86 634.0 530.0 634.0 79.0 2.0 79.0 
1 2 0.95 0.95 429.0 174.0 429.0 518.0 286.0 518.0 
1 2 0.98 0.98 717.0 272.0 717.0 805.0 488.0 805.0 
1 2 0.8 0.8 757.0 388.0 757.0 283.0 82.0 283.0 
1 2 0.9 0.9 661.0 389.0 661.0 246.0 78.0 246.0 
1 2 0.78 0.78 500.0 83.0 500.0 889.0 550.0 889.0 
1 2 0.94 0.94 247.0 63.0 247.0 39.0 27.0 39.0 
1 2 0.31 0.31 451.0 45.0 451.0 412.0 87.0 412.0 
1 2 0.59 0.59 184.0 79.0 184.0 954.0 155.0 954.0 
1 2 0.66 0.66 82.0 3.0 82.0 259.0 163.0 259.0 
1 2 0.98 0.98 425.0 76.0 425.0 830.0 673.0 830.0 
1 2 0.37 0.37 893.0 321.0 893.0 205.0 4.0 205.0 
1 2 0.66 0.66 648.0 14.0 648.0 835.0 534.0 835.0 
1 2 0.66 0.66 897.0 70.0 897.0 72.0 42.0 72.0 
1 2 0.99 0.99 206.0 72.0 206.0 519.0 335.0 519.0 
1 2 0.61 0.61 300.0 12.0 300.0 834.0 478.0 834.0 
1 2 0.99 0.99 267.0 223.0 267.0 748.0 122.0 748.0 
1 2 0.67 0.67 656.0 441.0 656.0 349.0 1.0 349.0 
1 2 0.93 0.93 666.0 599.0 666.0 315.0 10.0 315.0 
1 2 0.78 0.78 510.0 357.0 510.0 865.0 76.0 865.0 
1 2 0.83 0.83 493.0 126.0 493.0 717.0 412.0 717.0 
1 2 0.95 0.95 182.0 166.0 182.0 134.0 6.0 134.0 
1 2 0.98 0.98 74.0 68.0 74.0 149.0 10.0 149.0 
1 2 0.61 0.61 38.0 3.0 38.0 600.0 322.0 600.0 
1 2 0.82 0.82 53.0 11.0 53.0 958.0 587.0 958.0 
1 2 0.8 0.8 122.0 3.0 122.0 680.0 528.0 680.0 
1 2 0.9 0.9 203.0 12.0 203.0 479.0 405.0 479.0 
1 2 0.71 0.71 866.0 526.0 866.0 766.0 82.0 766.0 
1 2 0.77 0.77 244.0 127.0 244.0 362.0 93.0 362.0 
1 2 0.79 0.79 598.0 309.0 598.0 803.0 222.0 803.0 
1 2 0.81 0.81 786.0 103.0 786.0 999.0 682.0 999.0 
1 2 0.87 0.87 341.0 215.0 341.0 192.0 46.0 192.0 
1 2 0.95 0.95 370.0 220.0 370.0 502.0 179.0 502.0 
1 2 0.72 0.72 278.0 153.0 278.0 942.0 167.0 942.0 
1 2 0.73 0.73 724.0 372.0 724.0 594.0 134.0 594.0 
1 2 0.72 0.72 302.0 206.0 302.0 136.0 6.0 136.0 
1 2 0.93 0.93 556.0 374.0 556.0 944.0 251.0 944.0 
1 2 0.31 0.31 450.0 13.0 450.0 194.0 56.0 194.0 
1 2 0.57 0.57 715.0 381.0 715.0 502.0 23.0 502.0 
1 2 0.97 0.97 584.0 8.0 584.0 891.0 854.0 891.0 
1 2 0.81 0.81 602.0 429.0 602.0 231.0 24.0 231.0 
1 2 0.89 0.89 365.0 326.0 365.0 552.0 1.0 552.0 
1 2 0.8 0.8 221.0 140.0 221.0 247.0 43.0 247.0 
1 2 0.98 0.98 96.0 6.0 96.0 13.0 12.0 13.0 
1 2 0.9 0.9 614.0 322.0 614.0 509.0 196.0 509.0 
1 2 0.89 0.89 112.0 6.0 112.0 543.0 457.0 543.0 
1 2 0.94 0.94 931.0 79.0 931.0 725.0 621.0 725.0 
1 2 0.92 0.92 353.0 84.0 353.0 687.0 469.0 687.0 
1 2 0.95 0.95 394.0 348.0 394.0 74.0 5.0 74.0 
1 2 0.96 0.96 669.0 450.0 669.0 76.0 22.0 76.0 
1 2 0.81 0.81 319.0 209.0 319.0 100.0 16.0 100.0 
1 2 0.51 0.51 479.0 3.0 479.0 245.0 124.0 245.0 
1 3 0.79 0.79 479.0 3.0 479.0 245.0 124.0 245.0 230.0 65.0 230.0 
1 2 0.66 0.66 820.0 91.0 820.0 954.0 526.0 954.0 
1 2 0.88 0.88 199.0 37.0 199.0 612.0 429.0 612.0 
1 2 0.84 0.84 731.0 407.0 731.0 935.0 272.0 935.0 
1 2 0.96 0.96 667.0 122.0 667.0 872.0 679.0 872.0 
1 2 0.53 0.53 299.0 3.0 299.0 250.0 132.0 250.0 
1 2 0.63 0.63 39.0 22.0 39.0 803.0 60.0 803.0 
1 2 0.97 0.97 273.0 194.0 273.0 817.0 218.0 817.0 
1 2 0.99 0.99 519.0 96.0 519.0 416.0 338.0 416.0 
1 2 0.95 0.95 134.0 5.0 134.0 255.0 234.0 255.0 
1 2 0.62 0.62 917.0 125.0 917.0 556.0 272.0 556.0 
1 2 0.95 0.95 243.0 166.0 243.0 292.0 80.0 292.0 
1 2 0.77 0.77 441.0 81.0 441.0 63.0 37.0 63.0 
1 2 0.62 0.62 971.0 89.0 971.0 699.0 373.0 699.0 
1 2 0.99 0.99 830.0 502.0 830.0 565.0 222.0 565.0 
1 2 0.76 0.76 567.0 329.0 567.0 942.0 175.0 942.0 
1 2 0.86 0.86 43.0 27.0 43.0 132.0 31.0 132.0 
1 2 0.8 0.8 471.0 142.0 471.0 305.0 155.0 305.0 
1 2 0.92 0.92 605.0 69.0 605.0 661.0 538.0 661.0 
1 2 0.8 0.8 222.0 28.0 222.0 274.0 187.0 274.0 
1 2 0.99 0.99 459.0 377.0 459.0 812.0 137.0 812.0 
1 2 0.87 0.87 784.0 204.0 784.0 329.0 202.0 329.0 
1 2 0.94 0.94 112.0 43.0 112.0 66.0 37.0 66.0 
1 2 0.67 0.67 441.0 205.0 441.0 899.0 188.0 899.0 
1 2 0.94 0.94 782.0 225.0 782.0 112.0 74.0 112.0 
1 2 0.64 0.64 464.0 16.0 464.0 258.0 157.0 258.0 
1 2 0.76 0.76 642.0 407.0 642.0 96.0 13.0 96.0 
1 2 0.99 0.99 595.0 133.0 595.0 31.0 24.0 31.0 
1 2 0.66 0.66 131.0 5.0 131.0 506.0 318.0 506.0 
1 2 0.96 0.96 999.0 885.0 999.0 541.0 45.0 541.0 
1 2 0.64 0.64 317.0 23.0 317.0 985.0 566.0 985.0 
1 2 0.74 0.74 942.0 201.0 942.0 351.0 186.0 351.0 
1 2 0.86 0.86 562.0 411.0 562.0 394.0 52.0 394.0 
1 2 0.86 0.86 382.0 217.0 382.0 232.0 70.0 232.0 
1 2 0.82 0.82 690.0 6.0 690.0 951.0 777.0 951.0 
1 3 0.84 0.84 690.0 6.0 690.0 951.0 777.0 951.0 975.0 15.0 975.0 
1 2 0.94 0.94 340.0 220.0 340.0 518.0 153.0 518.0 
1 2 0.64 0.64 640.0 388.0 640.0 865.0 31.0 865.0 
1 2 0.84 0.84 70.0 12.0 70.0 316.0 213.0 316.0 
1 2 0.74 0.74 194.0 19.0 194.0 523.0 341.0 523.0 
1 2 0.97 0.97 264.0 42.0 264.0 213.0 174.0 213.0 
1 2 0.92 0.92 484.0 153.0 484.0 967.0 586.0 967.0 
1 2 0.71 0.71 128.0 77.0 128.0 179.0 20.0 179.0 
1 2 0.88 0.88 341.0 253.0 341.0 624.0 90.0 624.0 
1 2 0.73 0.73 601.0 128.0 601.0 535.0 280.0 535.0 
1 3 0.8 0.8 601.0 128.0 601.0 535.0 280.0 535.0 314.0 22.0 314.0 
1 2 0.75 0.75 201.0 23.0 201.0 510.0 325.0 510.0 
1 2 0.88 0.88 722.0 467.0 722.0 691.0 168.0 691.0 
1 2 0.69 0.69 908.0 464.0 908.0 817.0 150.0 817.0 
1 2 0.85 0.85 558.0 363.0 558.0 301.0 61.0 301.0 
1 2 0.9 0.9 680.0 561.0 680.0 339.0 26.0 339.0 
1 2 0.75 0.75 837.0 71.0 837.0 916.0 615.0 916.0 
1 2 0.73 0.73 915.0 658.0 915.0 446.0 9.0 446.0 
1 2 0.74 0.74 527.0 295.0 527.0 101.0 19.0 101.0 
1 2 0.85 0.85 129.0 24.0 129.0 227.0 151.0 227.0 
1 2 0.71 0.71 150.0 107.0 150.0 586.0 2.0 586.0 
1 2 0.84 0.84 667.0 40.0 667.0 670.0 523.0 670.0 
1 2 0.83 0.83 554.0 178.0 554.0 171.0 87.0 171.0 
1 2 0.88 0.88 244.0 28.0 244.0 396.0 304.0 396.0 
1 2 0.94 0.94 251.0 108.0 251.0 497.0 257.0 497.0 
1 2 0.87 0.87 72.0 45.0 72.0 707.0 180.0 707.0 
1 2 0.92 0.92 874.0 163.0 874.0 777.0 576.0 777.0 
1 2 0.9 0.9 445.0 142.0 445.0 859.0 507.0 859.0 
1 2 0.99 0.99 504.0 362.0 504.0 978.0 270.0 978.0 
1 2 0.87 0.87 887.0 436.0 887.0 734.0 279.0 734.0 
1 2 0.94 0.94 390.0 293.0 390.0 202.0 39.0 202.0 
1 2 0.8 0.8 418.0 214.0 418.0 51.0 15.0 51.0 
1 2 0.91 0.91 193.0 161.0 193.0 721.0 59.0 721.0 
1 2 0.87 0.87 778.0 463.0 778.0 847.0 235.0 847.0 
1 2 0.89 0.89 114.0 85.0 114.0 949.0 143.0 949.0 
1 2 0.94 0.94 409.0 352.0 409.0 516.0 45.0 516.0 
1 2 0.79 0.79 580.0 433.0 580.0 106.0 5.0 106.0 
1 2 0.78 0.78 655.0 76.0 655.0 3.0 2.0 3.0 
1 2 0.82 0.82 826.0 27.0 826.0 186.0 147.0 186.0 
1 2 0.61 0.61 253.0 15.0 253.0 672.0 373.0 672.0 
1 2 0.79 0.79 825.0 525.0 825.0 302.0 49.0 302.0 
1 2 0.82 0.82 534.0 159.0 534.0 430.0 228.0 430.0 
1 2 0.57 0.57 226.0 9.0 226.0 214.0 114.0 214.0 
1 2 0.78 0.78 394.0 68.0 394.0 36.0 22.0 36.0 
1 2 0.65 0.65 300.0 186.0 300.0 424.0 15.0 424.0 
1 2 0.71 0.71 467.0 242.0 467.0 228.0 46.0 228.0 
1 2 0.89 0.89 326.0 7.0 326.0 866.0 759.0 866.0 
1 2 0.92 0.92 681.0 64.0 681.0 326.0 271.0 326.0 
1 2 0.7 0.7 27.0 17.0 27.0 684.0 51.0 684.0 
1 2 0.9 0.9 464.0 294.0 464.0 987.0 272.0 987.0 
1 2 0.96 0.96 520.0 464.0 520.0 584.0 40.0 584.0 
1 2 0.72 0.72 60.0 42.0 60.0 699.0 15.0 699.0 
1 2 0.99 0.99 383.0 94.0 383.0 935.0 702.0 935.0 
1 2 0.77 0.77 401.0 229.0 401.0 316.0 66.0 316.0 
1 2 0.86 0.86 141.0 43.0 141.0 477.0 267.0 477.0 
1 2 0.94 0.94 241.0 146.0 241.0 975.0 334.0 975.0 
1 2 0.91 0.91 642.0 409.0 642.0 191.0 53.0 191.0 
1 2 0.76 0.76 9.0 2.0 9.0 52.0 28.0 52.0 
1 2 0.63 0.63 513.0 224.0 513.0 403.0 81.0 403.0 
1 2 0.84 0.84 287.0 205.0 287.0 112.0 15.0 112.0 
1 2 0.45 0.45 148.0 31.0 148.0 820.0 202.0 820.0 
1 2 0.75 0.75 258.0 81.0 258.0 18.0 8.0 18.0 
1 2 0.75 0.75 354.0 208.0 354.0 805.0 133.0 805.0 
1 2 0.69 0.69 854.0 509.0 854.0 906.0 92.0 906.0 
1 2 0.76 0.76 65.0 5.0 65.0 405.0 279.0 405.0 
1 2 0.83 0.83 587.0 120.0 587.0 163.0 102.0 163.0 
1 2 0.68 0.68 498.0 35.0 498.0 650.0 402.0 650.0 
1 2 0.7 0.7 126.0 68.0 126.0 461.0 78.0 461.0 
1 2 0.5 0.5 625.0 310.0 625.0 791.0 5.0 791.0 
1 2 0.97 0.97 127.0 28.0 127.0 16.0 12.0 16.0 
1 2 0.91 0.91 851.0 489.0 851.0 526.0 181.0 526.0 
1 2 0.72 0.72 978.0 105.0 978.0 662.0 412.0 662.0 
1 2 0.61 0.61 824.0 479.0 824.0 30.0 1.0 30.0 
1 3 0.99 0.99 824.0 479.0 824.0 30.0 1.0 30.0 21.0 8.0 21.0 
1 2 0.74 0.74 471.0 73.0 471.0 879.0 522.0 879.0 
1 2 0.74 0.74 42.0 28.0 42.0 233.0 18.0 233.0 
1 2 0.97 0.97 685.0 131.0 685.0 348.0 274.0 348.0 
1 2 0.53 0.53 603.0 195.0 603.0 901.0 191.0 901.0 
1 2 0.97 0.97 543.0 468.0 543.0 983.0 113.0 983.0 
1 2 0.97 0.97 45.0 21.0 45.0 520.0 266.0 520.0 
1 2 0.77 0.77 172.0 7.0 172.0 76.0 56.0 76.0 
1 2 0.9 0.9 673.0 421.0 673.0 684.0 189.0 684.0 
1 2 0.92 0.92 192.0 64.0 192.0 938.0 551.0 938.0 
1 2 0.58 0.58 109.0 6.0 109.0 62.0 33.0 62.0 
1 2 0.66 0.66 880.0 195.0 880.0 953.0 425.0 953.0 
1 2 0.8 0.8 377.0 35.0 377.0 289.0 206.0 289.0 
1 2 0.91 0.91 501.0 377.0 501.0 814.0 134.0 814.0 
1 2 0.86 0.86 189.0 106.0 189.0 991.0 299.0 991.0 
1 2 0.96 0.96 347.0 56.0 347.0 445.0 357.0 445.0 
1 2 0.92 0.92 28.0 25.0 28.0 238.0 7.0 238.0 
1 2 0.8 0.8 52.0 7.0 52.0 293.0 196.0 293.0 
1 2 0.71 0.71 539.0 376.0 539.0 800.0 14.0 800.0 
1 2 0.93 0.93 515.0 404.0 515.0 271.0 41.0 271.0 
1 2 0.96 0.96 640.0 116.0 640.0 515.0 404.0 515.0 
1 2 0.99 0.99 854.0 355.0 854.0 382.0 222.0 382.0 
1 2 0.9 0.9 714.0 359.0 714.0 488.0 194.0 488.0 
1 2 0.97 0.97 869.0 591.0 869.0 871.0 261.0 871.0 
1 2 0.71 0.71 123.0 7.0 123.0 819.0 543.0 819.0 
1 2 0.64 0.64 929.0 477.0 929.0 663.0 87.0 663.0 
1 2 0.64 0.64 697.0 373.0 697.0 298.0 33.0 298.0 
1 2 0.78 0.78 934.0 219.0 934.0 31.0 17.0 31.0 
1 2 0.99 0.99 563.0 432.0 563.0 637.0 146.0 637.0 
1 2 0.86 0.86 948.0 614.0 948.0 442.0 98.0 442.0 
1 2 0.95 0.95 932.0 568.0 932.0 436.0 151.0 436.0 
1 2 0.78 0.78 483.0 278.0 483.0 386.0 82.0 386.0 
1 2 0.76 0.76 140.0 27.0 140.0 289.0 164.0 289.0 
1 2 0.95 0.95 147.0 52.0 147.0 961.0 578.0 961.0 
1 2 0.98 0.98 64.0 28.0 64.0 782.0 428.0 782.0 
1 2 0.95 0.95 136.0 71.0 136.0 303.0 130.0 303.0 
1 2 0.74 0.74 980.0 631.0 980.0 311.0 30.0 311.0 
1 2 0.67 0.67 630.0 38.0 630.0 667.0 409.0 667.0 
1 2 0.98 0.98 164.0 107.0 164.0 671.0 224.0 671.0 
1 2 0.92 0.92 741.0 543.0 741.0 333.0 63.0 333.0 
1 2 0.76 0.76 564.0 311.0 564.0 417.0 87.0 417.0 
1 2 0.66 0.66 440.0 69.0 440.0 758.0 383.0 758.0 
1 2 0.99 0.99 23.0 18.0 23.0 172.0 37.0 172.0 
1 2 0.79 0.79 369.0 219.0 369.0 322.0 64.0 322.0 
1 2 0.99 0.99 438.0 9.0 438.0 578.0 561.0 578.0 
1 2 0.84 0.84 695.0 452.0 695.0 539.0 107.0 539.0 
1 2 0.86 0.86 151.0 45.0 151.0 733.0 417.0 733.0 
1 2 0.98 0.98 877.0 278.0 877.0 27.0 18.0 27.0 
1 2 0.77 0.77 517.0 85.0 517.0 102.0 62.0 102.0 
1 2 0.83 0.83 597.0 64.0 597.0 224.0 162.0 224.0 
1 2 0.71 0.71 401.0 260.0 401.0 667.0 44.0 667.0 
1 2 0.8 0.8 352.0 272.0 352.0 363.0 10.0 363.0 
1 2 0.93 0.93 446.0 35.0 446.0 452.0 387.0 452.0 
1 2 0.99 0.99 411.0 377.0 411.0 313.0 23.0 313.0 
1 2 0.9 0.9 77.0 60.0 77.0 771.0 100.0 771.0 
1 2 0.93 0.93 324.0 272.0 324.0 494.0 47.0 494.0 
1 2 0.84 0.84 654.0 497.0 654.0 449.0 39.0 449.0 
1 2 0.7 0.7 344.0 221.0 344.0 48.0 3.0 48.0 
1 2 0.61 0.61 974.0 99.0 974.0 814.0 415.0 814.0 
1 2 0.81 0.81 141.0 112.0 141.0 308.0 5.0 308.0 
1 2 0.74 0.74 117.0 8.0 117.0 917.0 620.0 917.0 
1 2 0.8 0.8 572.0 151.0 572.0 187.0 101.0 187.0 
1 2 0.79 0.79 698.0 198.0 698.0 419.0 214.0 419.0 
1 2 0.88 0.88 934.0 763.0 934.0 177.0 12.0 177.0 
1 2 0.93 0.93 95.0 20.0 95.0 176.0 127.0 176.0 
1 2 0.82 0.82 572.0 448.0 572.0 479.0 22.0 479.0 
1 2 0.86 0.86 615.0 42.0 615.0 464.0 368.0 464.0 
1 2 0.82 0.82 870.0 566.0 870.0 681.0 122.0 681.0 
1 2 0.65 0.65 581.0 18.0 581.0 872.0 543.0 872.0 
1 2 0.98 0.98 886.0 588.0 886.0 826.0 262.0 826.0 
1 2 0.88 0.88 374.0 12.0 374.0 332.0 284.0 332.0 
1 2 0.68 0.68 749.0 51.0 749.0 405.0 248.0 405.0 
1 2 0.95 0.95 967.0 220.0 967.0 195.0 141.0 195.0 
1 2 0.85 0.85 308.0 82.0 308.0 17.0 10.0 17.0 
1 3 0.86 0.86 308.0 82.0 308.0 17.0 10.0 17.0 296.0 4.0 296.0 
1 2 0.97 0.97 964.0 697.0 964.0 8.0 2.0 8.0 
1 2 0.72 0.72 205.0 42.0 205.0 822.0 428.0 822.0 
1 2 0.8 0.8 873.0 108.0 873.0 845.0 573.0 845.0 
1 2 0.94 0.94 500.0 430.0 500.0 747.0 62.0 747.0 
1 2 0.64 0.64 666.0 23.0 666.0 461.0 281.0 461.0 
1 3 0.82 0.82 666.0 23.0 666.0 461.0 281.0 461.0 400.0 74.0 400.0 
1 2 0.93 0.93 579.0 381.0 579.0 361.0 99.0 361.0 
1 2 0.62 0.62 598.0 35.0 598.0 142.0 80.0 142.0 
1 3 0.85 0.85 598.0 35.0 598.0 142.0 80.0 142.0 604.0 141.0 604.0 
1 2 0.87 0.87 199.0 16.0 199.0 750.0 597.0 750.0 
1 2 0.98 0.98 100.0 87.0 100.0 787.0 92.0 787.0 
1 2 0.78 0.78 844.0 4.0 844.0 530.0 414.0 530.0 
1 2 0.81 0.81 242.0 127.0 242.0 294.0 86.0 294.0 
1 2 0.97 0.97 303.0 116.0 303.0 254.0 150.0 254.0 
1 2 0.95 0.95 287.0 47.0 287.0 761.0 599.0 761.0 
1 2 0.71 0.71 323.0 4.0 323.0 140.0 99.0 140.0 
1 2 0.11 0.11 684.0 77.0 684.0 239.0 1.0 239.0 
1 3 0.73 0.73 684.0 77.0 684.0 239.0 1.0 239.0 212.0 132.0 212.0 
1 2 0.86 0.86 695.0 12.0 695.0 79.0 67.0 79.0 
1 2 0.94 0.94 436.0 404.0 436.0 550.0 8.0 550.0 
1 2 0.46 0.46 778.0 118.0 778.0 326.0 102.0 326.0 
1 2 0.28 0.28 310.0 38.0 310.0 126.0 20.0 126.0 
1 2 0.74 0.74 606.0 49.0 606.0 69.0 46.0 69.0 
1 2 0.88 0.88 641.0 409.0 641.0 580.0 146.0 580.0 
1 2 0.4 0.4 348.0 15.0 348.0 893.0 324.0 893.0 
1 3 0.94 0.94 348.0 15.0 348.0 893.0 324.0 893.0 944.0 505.0 944.0 
1 2 0.79 0.79 108.0 26.0 108.0 708.0 391.0 708.0 
1 2 0.94 0.94 138.0 61.0 138.0 649.0 325.0 649.0 
1 2 0.84 0.84 113.0 3.0 113.0 604.0 494.0 604.0 
1 2 0.69 0.69 530.0 5.0 530.0 16.0 11.0 16.0 
1 2 0.88 0.88 875.0 635.0 875.0 489.0 78.0 489.0 
1 2 0.53 0.53 752.0 382.0 752.0 383.0 10.0 383.0 
1 2 0.74 0.74 675.0 23.0 675.0 833.0 594.0 833.0 
1 2 0.98 0.98 819.0 529.0 819.0 670.0 230.0 670.0 
1 2 0.98 0.98 813.0 254.0 813.0 299.0 201.0 299.0 
1 2 0.66 0.66 357.0 180.0 357.0 653.0 106.0 653.0 
1 2 0.99 0.99 780.0 735.0 780.0 643.0 36.0 643.0 
1 2 0.87 0.87 282.0 1.0 282.0 826.0 722.0 826.0 
1 2 0.88 0.88 456.0 82.0 456.0 896.0 632.0 896.0 
1 2 0.76 0.76 427.0 307.0 427.0 932.0 47.0 932.0 
1 2 0.71 0.71 803.0 157.0 803.0 179.0 93.0 179.0 
1 2 0.96 0.96 568.0 178.0 568.0 619.0 403.0 619.0 
1 2 0.82 0.82 930.0 680.0 930.0 350.0 32.0 350.0 
1 2 0.9 0.9 469.0 343.0 469.0 876.0 149.0 876.0 
1 2 0.77 0.77 278.0 56.0 278.0 820.0 472.0 820.0 
1 3 0.78 0.78 278.0 56.0 278.0 820.0 472.0 820.0 897.0 9.0 897.0 
1 2 0.72 0.72 755.0 359.0 755.0 639.0 162.0 639.0 
1 2 0.7 0.7 49.0 27.0 49.0 896.0 138.0 896.0 
1 2 0.84 0.84 859.0 98.0 859.0 204.0 149.0 204.0 
1 2 0.93 0.93 724.0 104.0 724.0 266.0 210.0 266.0 
1 2 0.91 0.91 795.0 315.0 795.0 351.0 182.0 351.0 
1 2 0.75 0.75 768.0 449.0 768.0 685.0 114.0 685.0 
1 2 0.55 0.55 672.0 118.0 672.0 964.0 362.0 964.0 
1 2 0.93 0.93 577.0 134.0 577.0 190.0 134.0 190.0 
1 2 0.92 0.92 483.0 154.0 483.0 529.0 319.0 529.0 
1 2 0.74 0.74 79.0 21.0 79.0 61.0 29.0 61.0 
1 2 0.76 0.76 873.0 551.0 873.0 354.0 47.0 354.0 
1 2 0.93 0.93 468.0 391.0 468.0 598.0 62.0 598.0 
1 2 0.8 0.8 773.0 447.0 773.0 89.0 20.0 89.0 
1 2 0.89 0.89 865.0 133.0 865.0 94.0 70.0 94.0 
1 2 0.93 0.93 852.0 759.0 852.0 819.0 33.0 819.0 
1 2 0.92 0.92 76.0 21.0 76.0 60.0 39.0 60.0 
1 2 0.36 0.36 300.0 8.0 300.0 284.0 96.0 284.0 
1 2 0.87 0.87 614.0 178.0 614.0 980.0 577.0 980.0 
1 2 0.8 0.8 434.0 218.0 434.0 323.0 98.0 323.0 
1 2 0.65 0.65 674.0 439.0 674.0 439.0 3.0 439.0 
1 2 0.91 0.91 91.0 63.0 91.0 213.0 48.0 213.0 
1 2 0.8 0.8 569.0 10.0 569.0 159.0 125.0 159.0 
1 2 0.89 0.89 765.0 443.0 765.0 422.0 132.0 422.0 
1 2 0.9 0.9 422.0 137.0 422.0 786.0 453.0 786.0 
1 2 0.85 0.85 405.0 76.0 405.0 537.0 357.0 537.0 
1 2 0.93 0.93 324.0 105.0 324.0 562.0 344.0 562.0 
1 2 0.87 0.87 356.0 1.0 356.0 902.0 789.0 902.0 
1 2 0.75 0.75 740.0 502.0 740.0 512.0 38.0 512.0 
1 2 0.68 0.68 274.0 139.0 274.0 44.0 8.0 44.0 
1 2 0.64 0.64 97.0 12.0 97.0 416.0 218.0 416.0 
1 2 0.73 0.73 416.0 269.0 416.0 839.0 72.0 839.0 
1 2 0.95 0.95 818.0 481.0 818.0 92.0 34.0 92.0 
1 2 0.68 0.68 323.0 32.0 323.0 46.0 27.0 46.0 
1 2 0.87 0.87 223.0 132.0 223.0 625.0 176.0 625.0 
1 2 0.53 0.53 981.0 24.0 981.0 135.0 69.0 135.0 
1 2 0.67 0.67 423.0 11.0 423.0 102.0 66.0 102.0 
1 2 0.88 0.88 148.0 38.0 148.0 739.0 462.0 739.0 
1 2 0.86 0.86 336.0 270.0 336.0 704.0 42.0 704.0 
1 2 0.58 0.58 68.0 1.0 68.0 829.0 470.0 829.0 
1 3 0.65 0.65 68.0 1.0 68.0 829.0 470.0 829.0 337.0 24.0 337.0 
1 2 0.6 0.6 713.0 413.0 713.0 626.0 16.0 626.0 
1 2 0.91 0.91 194.0 39.0 194.0 801.0 575.0 801.0 
1 2 0.66 0.66 312.0 16.0 312.0 993.0 613.0 993.0 
1 2 0.86 0.86 354.0 51.0 354.0 559.0 405.0 559.0 
1 2 0.7 0.7 590.0 332.0 590.0 236.0 34.0 236.0 
1 2 0.83 0.83 332.0 96.0 332.0 992.0 537.0 992.0 
1 2 0.33 0.33 82.0 1.0 82.0 198.0 63.0 198.0 
1 2 0.74 0.74 664.0 56.0 664.0 77.0 51.0 77.0 
1 2 0.84 0.84 288.0 84.0 288.0 289.0 160.0 289.0 
1 2 0.6 0.6 875.0 14.0 875.0 504.0 299.0 504.0 
1 2 0.98 0.98 784.0 112.0 784.0 272.0 229.0 272.0 
1 2 0.84 0.84 852.0 625.0 852.0 129.0 15.0 129.0 
1 2 0.79 0.79 750.0 113.0 750.0 424.0 272.0 424.0 
1 2 0.82 0.82 171.0 46.0 171.0 917.0 509.0 917.0 
1 2 0.64 0.64 431.0 118.0 431.0 226.0 83.0 226.0 
1 2 0.81 0.81 789.0 488.0 789.0 911.0 183.0 911.0 
1 2 0.78 0.78 377.0 256.0 377.0 584.0 64.0 584.0 
1 2 0.92 0.92 625.0 535.0 625.0 858.0 57.0 858.0 
1 2 0.71 0.71 979.0 595.0 979.0 989.0 102.0 989.0 
1 2 0.44 0.44 396.0 108.0 396.0 215.0 37.0 215.0 
1 2 0.08 0.08 871.0 29.0 871.0 924.0 51.0 924.0 
1 3 0.63 0.63 871.0 29.0 871.0 924.0 51.0 924.0 832.0 456.0 832.0 
1 2 0.82 0.82 658.0 239.0 658.0 930.0 430.0 930.0 
1 2 0.54 0.54 23.0 4.0 23.0 40.0 15.0 40.0 
