1 2 0.84 0.84 386.0 279.0 386.0 220.0 26.0 220.0 
1 2 0.66 0.66 927.0 333.0 927.0 640.0 198.0 640.0 
1 2 0.81 0.81 402.0 119.0 402.0 786.0 405.0 786.0 
1 2 0.68 0.68 312.0 179.0 312.0 829.0 92.0 829.0 
1 2 0.99 0.99 319.0 5.0 319.0 764.0 750.0 764.0 
1 2 0.59 0.59 886.0 28.0 886.0 971.0 547.0 971.0 
1 3 0.91 0.91 886.0 28.0 886.0 971.0 547.0 971.0 487.0 155.0 487.0 
1 2 0.73 0.73 888.0 117.0 888.0 198.0 119.0 198.0 
1 2 0.97 0.97 33.0 8.0 33.0 804.0 588.0 804.0 
1 2 0.7 0.7 627.0 420.0 627.0 823.0 25.0 823.0 
1 2 0.33 0.33 488.0 121.0 488.0 170.0 15.0 170.0 
1 2 0.86 0.86 273.0 74.0 273.0 913.0 542.0 913.0 
1 2 0.86 0.86 688.0 242.0 688.0 947.0 490.0 947.0 
1 2 0.99 0.99 914.0 30.0 914.0 725.0 699.0 725.0 
1 2 0.78 0.78 549.0 427.0 549.0 711.0 8.0 711.0 
1 2 0.92 0.92 519.0 323.0 519.0 578.0 177.0 578.0 
1 2 0.59 0.59 416.0 239.0 416.0 605.0 13.0 605.0 
1 2 0.91 0.91 879.0 17.0 879.0 570.0 509.0 570.0 
1 2 0.66 0.66 797.0 48.0 797.0 791.0 475.0 791.0 
1 2 0.62 0.62 97.0 49.0 97.0 536.0 64.0 536.0 
1 2 0.92 0.92 680.0 169.0 680.0 330.0 224.0 330.0 
1 2 0.83 0.83 348.0 28.0 348.0 70.0 53.0 70.0 
1 2 0.89 0.89 347.0 196.0 347.0 245.0 80.0 245.0 
1 2 0.53 0.53 248.0 129.0 248.0 297.0 3.0 297.0 
1 3 0.89 0.89 248.0 129.0 248.0 297.0 3.0 297.0 885.0 321.0 885.0 
1 2 0.71 0.71 193.0 122.0 193.0 472.0 39.0 472.0 
1 2 0.7 0.7 212.0 135.0 212.0 283.0 20.0 283.0 
1 2 0.85 0.85 42.0 9.0 42.0 259.0 166.0 259.0 
1 2 0.74 0.74 496.0 14.0 496.0 954.0 688.0 954.0 
1 2 0.71 0.71 433.0 286.0 433.0 934.0 50.0 934.0 
1 2 0.81 0.81 61.0 10.0 61.0 75.0 49.0 75.0 
1 2 0.98 0.98 734.0 73.0 734.0 96.0 85.0 96.0 
1 2 0.77 0.77 52.0 35.0 52.0 530.0 54.0 530.0 
1 2 0.92 0.92 572.0 291.0 572.0 463.0 194.0 463.0 
1 2 0.89 0.89 730.0 534.0 730.0 627.0 102.0 627.0 
1 2 0.51 0.51 965.0 493.0 965.0 723.0 6.0 723.0 
1 2 0.86 0.86 149.0 53.0 149.0 867.0 444.0 867.0 
1 2 0.66 0.66 773.0 488.0 773.0 311.0 10.0 311.0 
1 2 0.65 0.65 501.0 266.0 501.0 293.0 35.0 293.0 
1 2 0.58 0.58 87.0 20.0 87.0 486.0 172.0 486.0 
1 2 0.82 0.82 572.0 318.0 572.0 725.0 194.0 725.0 
1 2 0.58 0.58 966.0 522.0 966.0 863.0 39.0 863.0 
1 3 0.8 0.8 966.0 522.0 966.0 863.0 39.0 863.0 337.0 74.0 337.0 
1 2 0.6 0.6 329.0 55.0 329.0 848.0 368.0 848.0 
1 2 0.73 0.73 337.0 210.0 337.0 26.0 3.0 26.0 
1 2 0.95 0.95 473.0 6.0 473.0 881.0 833.0 881.0 
1 2 0.66 0.66 393.0 239.0 393.0 899.0 51.0 899.0 
1 2 0.95 0.95 819.0 469.0 819.0 878.0 337.0 878.0 
1 2 0.79 0.79 890.0 441.0 890.0 507.0 153.0 507.0 
1 2 0.91 0.91 635.0 168.0 635.0 351.0 230.0 351.0 
1 2 0.95 0.95 681.0 111.0 681.0 777.0 613.0 777.0 
1 2 0.94 0.94 467.0 236.0 467.0 936.0 410.0 936.0 
1 2 0.71 0.71 299.0 163.0 299.0 526.0 87.0 526.0 
1 2 0.79 0.79 989.0 611.0 989.0 246.0 43.0 246.0 
1 2 0.74 0.74 897.0 658.0 897.0 668.0 5.0 668.0 
1 2 0.95 0.95 723.0 450.0 723.0 979.0 327.0 979.0 
1 2 0.91 0.91 289.0 219.0 289.0 794.0 123.0 794.0 
1 2 0.82 0.82 459.0 348.0 459.0 29.0 2.0 29.0 
1 2 0.65 0.65 460.0 34.0 460.0 344.0 199.0 344.0 
1 2 0.96 0.96 802.0 205.0 802.0 207.0 147.0 207.0 
1 2 0.79 0.79 136.0 77.0 136.0 743.0 172.0 743.0 
1 2 0.98 0.98 122.0 68.0 122.0 338.0 146.0 338.0 
1 2 0.63 0.63 387.0 232.0 387.0 555.0 18.0 555.0 
1 2 0.97 0.97 57.0 10.0 57.0 247.0 197.0 247.0 
1 2 0.88 0.88 866.0 586.0 866.0 138.0 29.0 138.0 
1 2 0.93 0.93 312.0 264.0 312.0 357.0 30.0 357.0 
1 2 0.82 0.82 892.0 571.0 892.0 133.0 25.0 133.0 
1 2 0.89 0.89 651.0 40.0 651.0 382.0 319.0 382.0 
1 2 0.99 0.99 644.0 208.0 644.0 448.0 299.0 448.0 
1 2 0.89 0.89 194.0 64.0 194.0 744.0 421.0 744.0 
1 2 0.74 0.74 984.0 530.0 984.0 351.0 73.0 351.0 
1 2 0.95 0.95 374.0 46.0 374.0 435.0 360.0 435.0 
1 2 0.89 0.89 355.0 257.0 355.0 959.0 161.0 959.0 
1 2 0.64 0.64 55.0 3.0 55.0 744.0 436.0 744.0 
1 2 0.95 0.95 85.0 24.0 85.0 314.0 210.0 314.0 
1 2 0.93 0.93 768.0 108.0 768.0 476.0 380.0 476.0 
1 2 0.77 0.77 116.0 13.0 116.0 150.0 100.0 150.0 
1 2 0.84 0.84 871.0 621.0 871.0 471.0 62.0 471.0 
1 2 0.92 0.92 397.0 257.0 397.0 627.0 173.0 627.0 
1 2 0.77 0.77 671.0 146.0 671.0 850.0 472.0 850.0 
1 2 0.82 0.82 183.0 94.0 183.0 101.0 31.0 101.0 
1 2 0.84 0.84 876.0 8.0 876.0 301.0 253.0 301.0 
1 2 0.89 0.89 358.0 44.0 358.0 84.0 65.0 84.0 
1 2 0.75 0.75 116.0 13.0 116.0 874.0 560.0 874.0 
1 2 0.7 0.7 996.0 171.0 996.0 43.0 23.0 43.0 
1 2 0.43 0.43 807.0 313.0 807.0 223.0 10.0 223.0 
1 3 0.94 0.94 807.0 313.0 807.0 223.0 10.0 223.0 504.0 259.0 504.0 
1 2 0.91 0.91 304.0 240.0 304.0 101.0 13.0 101.0 
1 2 0.85 0.85 977.0 289.0 977.0 837.0 470.0 837.0 
1 2 0.78 0.78 480.0 47.0 480.0 879.0 604.0 879.0 
1 2 0.82 0.82 34.0 2.0 34.0 248.0 189.0 248.0 
1 2 0.98 0.98 473.0 27.0 473.0 364.0 339.0 364.0 
1 2 0.97 0.97 784.0 3.0 784.0 644.0 624.0 644.0 
1 2 0.75 0.75 762.0 160.0 762.0 82.0 45.0 82.0 
1 2 0.37 0.37 722.0 135.0 722.0 571.0 106.0 571.0 
1 2 0.83 0.83 964.0 705.0 964.0 376.0 38.0 376.0 
1 2 0.94 0.94 945.0 480.0 945.0 724.0 314.0 724.0 
1 2 0.09 0.09 95.0 7.0 95.0 785.0 18.0 785.0 
1 2 0.66 0.66 258.0 167.0 258.0 201.0 3.0 201.0 
1 2 0.54 0.54 335.0 177.0 335.0 52.0 1.0 52.0 
1 2 0.58 0.58 244.0 8.0 244.0 706.0 393.0 706.0 
1 2 0.98 0.98 896.0 491.0 896.0 82.0 36.0 82.0 
1 2 0.86 0.86 885.0 59.0 885.0 301.0 240.0 301.0 
1 2 0.89 0.89 782.0 562.0 782.0 838.0 149.0 838.0 
1 2 0.94 0.94 985.0 257.0 985.0 233.0 159.0 233.0 
1 2 0.92 0.92 495.0 402.0 495.0 462.0 53.0 462.0 
1 2 0.73 0.73 412.0 13.0 412.0 650.0 457.0 650.0 
1 2 0.71 0.71 227.0 149.0 227.0 548.0 34.0 548.0 
1 3 0.79 0.79 227.0 149.0 227.0 548.0 34.0 548.0 121.0 9.0 121.0 
1 2 0.97 0.97 734.0 627.0 734.0 692.0 85.0 692.0 
1 2 0.92 0.92 868.0 55.0 868.0 202.0 174.0 202.0 
1 2 0.76 0.76 841.0 433.0 841.0 142.0 35.0 142.0 
1 2 0.87 0.87 930.0 584.0 930.0 861.0 210.0 861.0 
1 2 0.7 0.7 591.0 40.0 591.0 948.0 607.0 948.0 
1 2 0.17 0.17 93.0 8.0 93.0 787.0 69.0 787.0 
1 3 0.92 0.92 93.0 8.0 93.0 787.0 69.0 787.0 735.0 555.0 735.0 
1 2 0.72 0.72 921.0 36.0 921.0 657.0 453.0 657.0 
1 2 0.75 0.75 490.0 93.0 490.0 660.0 371.0 660.0 
1 2 0.82 0.82 350.0 47.0 350.0 849.0 590.0 849.0 
1 2 0.27 0.27 31.0 6.0 31.0 602.0 47.0 602.0 
1 3 0.97 0.97 31.0 6.0 31.0 602.0 47.0 602.0 938.0 664.0 938.0 
1 2 0.9 0.9 696.0 398.0 696.0 242.0 81.0 242.0 
1 2 0.71 0.71 557.0 391.0 557.0 795.0 8.0 795.0 
1 2 0.68 0.68 787.0 103.0 787.0 755.0 420.0 755.0 
1 2 0.22 0.22 613.0 32.0 613.0 666.0 118.0 666.0 
1 2 0.97 0.97 877.0 684.0 877.0 203.0 40.0 203.0 
1 2 0.74 0.74 707.0 130.0 707.0 690.0 389.0 690.0 
1 2 0.75 0.75 160.0 15.0 160.0 35.0 23.0 35.0 
1 2 0.94 0.94 438.0 237.0 438.0 592.0 240.0 592.0 
1 2 0.14 0.14 496.0 23.0 496.0 324.0 33.0 324.0 
1 2 0.93 0.93 74.0 18.0 74.0 917.0 632.0 917.0 
1 2 0.87 0.87 366.0 194.0 366.0 765.0 265.0 765.0 
1 2 0.82 0.82 639.0 7.0 639.0 715.0 584.0 715.0 
1 2 0.74 0.74 610.0 147.0 610.0 575.0 289.0 575.0 
1 2 0.93 0.93 23.0 6.0 23.0 716.0 483.0 716.0 
1 2 0.88 0.88 871.0 234.0 871.0 194.0 120.0 194.0 
1 2 0.97 0.97 818.0 229.0 818.0 103.0 72.0 103.0 
1 2 0.98 0.98 23.0 4.0 23.0 826.0 674.0 826.0 
1 2 0.84 0.84 847.0 514.0 847.0 667.0 161.0 667.0 
1 2 0.82 0.82 103.0 25.0 103.0 337.0 196.0 337.0 
1 2 0.6 0.6 156.0 16.0 156.0 426.0 212.0 426.0 
1 2 0.96 0.96 664.0 636.0 664.0 904.0 3.0 904.0 
1 2 0.68 0.68 487.0 56.0 487.0 366.0 210.0 366.0 
1 2 0.73 0.73 271.0 145.0 271.0 771.0 151.0 771.0 
1 2 0.62 0.62 714.0 429.0 714.0 965.0 21.0 965.0 
1 2 0.85 0.85 178.0 41.0 178.0 61.0 38.0 61.0 
1 2 0.72 0.72 524.0 37.0 524.0 20.0 13.0 20.0 
1 2 0.93 0.93 966.0 30.0 966.0 235.0 212.0 235.0 
1 2 0.97 0.97 908.0 515.0 908.0 629.0 259.0 629.0 
1 2 0.98 0.98 265.0 167.0 265.0 810.0 285.0 810.0 
1 2 0.99 0.99 305.0 189.0 305.0 727.0 276.0 727.0 
1 2 0.68 0.68 886.0 499.0 886.0 856.0 106.0 856.0 
1 3 0.81 0.81 886.0 499.0 886.0 856.0 106.0 856.0 617.0 81.0 617.0 
1 2 0.97 0.97 337.0 144.0 337.0 287.0 156.0 287.0 
1 2 0.88 0.88 240.0 7.0 240.0 808.0 695.0 808.0 
1 2 0.84 0.84 452.0 316.0 452.0 34.0 5.0 34.0 
1 2 0.95 0.95 288.0 61.0 288.0 877.0 650.0 877.0 
1 2 0.88 0.88 335.0 248.0 335.0 555.0 82.0 555.0 
1 2 0.82 0.82 361.0 240.0 361.0 457.0 72.0 457.0 
1 2 0.81 0.81 56.0 12.0 56.0 532.0 318.0 532.0 
1 2 0.74 0.74 555.0 389.0 555.0 540.0 22.0 540.0 
1 2 0.27 0.27 419.0 34.0 419.0 66.0 13.0 66.0 
1 3 0.86 0.86 419.0 34.0 419.0 66.0 13.0 66.0 836.0 490.0 836.0 
1 2 0.65 0.65 256.0 158.0 256.0 25.0 1.0 25.0 
1 3 0.9 0.9 256.0 158.0 256.0 25.0 1.0 25.0 421.0 106.0 421.0 
1 2 0.84 0.84 787.0 526.0 787.0 830.0 147.0 830.0 
1 2 0.91 0.91 643.0 188.0 643.0 702.0 437.0 702.0 
1 2 0.61 0.61 307.0 33.0 307.0 273.0 138.0 273.0 
1 2 0.98 0.98 987.0 685.0 987.0 593.0 174.0 593.0 
1 2 0.81 0.81 941.0 717.0 941.0 417.0 23.0 417.0 
1 2 0.78 0.78 431.0 85.0 431.0 674.0 397.0 674.0 
1 2 0.93 0.93 934.0 46.0 934.0 465.0 410.0 465.0 
1 2 0.95 0.95 810.0 717.0 810.0 89.0 6.0 89.0 
1 2 0.85 0.85 130.0 13.0 130.0 33.0 25.0 33.0 
1 2 0.95 0.95 130.0 110.0 130.0 314.0 33.0 314.0 
1 2 0.93 0.93 321.0 239.0 321.0 586.0 112.0 586.0 
1 2 0.89 0.89 215.0 109.0 215.0 254.0 98.0 254.0 
1 2 0.68 0.68 253.0 156.0 253.0 444.0 31.0 444.0 
1 2 0.59 0.59 178.0 5.0 178.0 241.0 137.0 241.0 
1 2 0.94 0.94 542.0 384.0 542.0 444.0 106.0 444.0 
1 2 0.99 0.99 584.0 186.0 584.0 523.0 352.0 523.0 
1 2 0.87 0.87 543.0 198.0 543.0 771.0 395.0 771.0 
1 2 0.96 0.96 484.0 149.0 484.0 351.0 229.0 351.0 
1 2 0.84 0.84 294.0 172.0 294.0 599.0 155.0 599.0 
1 2 0.73 0.73 549.0 67.0 549.0 72.0 44.0 72.0 
1 2 0.84 0.84 599.0 116.0 599.0 760.0 494.0 760.0 
1 2 0.92 0.92 470.0 325.0 470.0 407.0 96.0 407.0 
1 2 0.87 0.87 130.0 33.0 130.0 349.0 216.0 349.0 
1 2 0.72 0.72 791.0 408.0 791.0 97.0 20.0 97.0 
1 2 0.98 0.98 738.0 79.0 738.0 392.0 346.0 392.0 
1 2 0.87 0.87 964.0 602.0 964.0 941.0 235.0 941.0 
1 2 0.96 0.96 405.0 120.0 405.0 127.0 85.0 127.0 
1 2 0.6 0.6 55.0 33.0 55.0 129.0 1.0 129.0 
1 2 0.78 0.78 192.0 150.0 192.0 716.0 2.0 716.0 
1 2 0.77 0.77 720.0 109.0 720.0 568.0 355.0 568.0 
1 2 0.85 0.85 389.0 32.0 389.0 808.0 621.0 808.0 
1 2 0.92 0.92 228.0 204.0 228.0 34.0 1.0 34.0 
1 2 0.85 0.85 882.0 480.0 882.0 54.0 17.0 54.0 
1 2 0.98 0.98 78.0 64.0 78.0 560.0 92.0 560.0 
1 2 0.84 0.84 811.0 471.0 811.0 573.0 153.0 573.0 
1 2 0.7 0.7 355.0 44.0 355.0 55.0 32.0 55.0 
1 2 0.84 0.84 301.0 3.0 301.0 587.0 490.0 587.0 
1 2 0.3 0.3 519.0 21.0 519.0 828.0 219.0 828.0 
1 3 0.5 0.5 519.0 21.0 519.0 828.0 219.0 828.0 269.0 54.0 269.0 
1 2 0.89 0.89 311.0 169.0 311.0 175.0 61.0 175.0 
1 2 0.75 0.75 102.0 75.0 102.0 854.0 18.0 854.0 
1 2 0.65 0.65 835.0 532.0 835.0 587.0 8.0 587.0 
1 2 0.87 0.87 486.0 271.0 486.0 743.0 235.0 743.0 
1 2 0.96 0.96 204.0 130.0 204.0 390.0 126.0 390.0 
1 2 0.94 0.94 654.0 390.0 654.0 456.0 159.0 456.0 
1 2 0.93 0.93 174.0 97.0 174.0 993.0 375.0 993.0 
1 2 0.82 0.82 840.0 255.0 840.0 785.0 412.0 785.0 
1 2 0.95 0.95 760.0 156.0 760.0 664.0 495.0 664.0 
1 2 0.89 0.89 844.0 191.0 844.0 654.0 439.0 654.0 
1 2 0.76 0.76 777.0 570.0 777.0 37.0 1.0 37.0 
1 2 0.85 0.85 589.0 40.0 589.0 668.0 529.0 668.0 
1 2 0.94 0.94 676.0 385.0 676.0 695.0 261.0 695.0 
1 2 0.77 0.77 226.0 39.0 226.0 816.0 494.0 816.0 
1 2 0.99 0.99 937.0 403.0 937.0 450.0 256.0 450.0 
1 2 0.59 0.59 786.0 449.0 786.0 719.0 20.0 719.0 
1 2 0.66 0.66 477.0 274.0 477.0 329.0 30.0 329.0 
1 2 0.76 0.76 510.0 48.0 510.0 410.0 274.0 410.0 
1 2 0.92 0.92 816.0 431.0 816.0 647.0 254.0 647.0 
1 2 0.81 0.81 502.0 295.0 502.0 309.0 70.0 309.0 
1 2 0.99 0.99 919.0 193.0 919.0 42.0 33.0 42.0 
1 2 0.88 0.88 689.0 536.0 689.0 763.0 79.0 763.0 
1 2 0.84 0.84 188.0 42.0 188.0 97.0 60.0 97.0 
1 2 0.79 0.79 585.0 294.0 585.0 850.0 251.0 850.0 
1 2 0.94 0.94 328.0 306.0 328.0 240.0 4.0 240.0 
1 2 0.92 0.92 174.0 114.0 174.0 302.0 82.0 302.0 
1 2 0.82 0.82 921.0 12.0 921.0 731.0 597.0 731.0 
1 2 0.78 0.78 170.0 32.0 170.0 448.0 269.0 448.0 
1 2 0.9 0.9 795.0 611.0 795.0 584.0 77.0 584.0 
1 2 0.54 0.54 687.0 1.0 687.0 792.0 430.0 792.0 
1 2 0.64 0.64 281.0 150.0 281.0 294.0 34.0 294.0 
1 2 0.79 0.79 407.0 253.0 407.0 89.0 15.0 89.0 
1 2 0.9 0.9 409.0 79.0 409.0 111.0 79.0 111.0 
1 2 0.91 0.91 96.0 64.0 96.0 993.0 248.0 993.0 
1 2 0.74 0.74 216.0 27.0 216.0 988.0 615.0 988.0 
1 2 0.76 0.76 907.0 25.0 907.0 909.0 668.0 909.0 
1 2 0.77 0.77 83.0 64.0 83.0 979.0 7.0 979.0 
1 2 0.99 0.99 515.0 425.0 515.0 868.0 151.0 868.0 
1 2 0.53 0.53 126.0 59.0 126.0 345.0 24.0 345.0 
1 2 0.84 0.84 124.0 74.0 124.0 258.0 64.0 258.0 
1 2 0.97 0.97 264.0 173.0 264.0 789.0 251.0 789.0 
1 2 0.86 0.86 425.0 56.0 425.0 903.0 660.0 903.0 
1 2 0.96 0.96 208.0 118.0 208.0 860.0 346.0 860.0 
1 2 0.8 0.8 843.0 520.0 843.0 532.0 99.0 532.0 
1 2 0.98 0.98 267.0 49.0 267.0 297.0 237.0 297.0 
1 2 0.79 0.79 512.0 138.0 512.0 305.0 161.0 305.0 
1 2 0.82 0.82 845.0 140.0 845.0 970.0 641.0 970.0 
1 2 0.53 0.53 70.0 37.0 70.0 812.0 6.0 812.0 
1 2 0.91 0.91 65.0 16.0 65.0 971.0 649.0 971.0 
1 2 0.73 0.73 555.0 74.0 555.0 461.0 277.0 461.0 
1 2 0.78 0.78 223.0 43.0 223.0 402.0 240.0 402.0 
1 2 0.64 0.64 222.0 130.0 222.0 581.0 37.0 581.0 
1 2 0.95 0.95 688.0 365.0 688.0 334.0 141.0 334.0 
1 2 0.56 0.56 797.0 43.0 797.0 546.0 277.0 546.0 
1 2 0.74 0.74 922.0 9.0 922.0 23.0 17.0 23.0 
1 2 0.73 0.73 981.0 206.0 981.0 617.0 324.0 617.0 
1 2 0.78 0.78 986.0 548.0 986.0 520.0 119.0 520.0 
1 2 0.84 0.84 86.0 16.0 86.0 255.0 169.0 255.0 
1 2 0.85 0.85 891.0 583.0 891.0 562.0 112.0 562.0 
1 2 0.59 0.59 963.0 11.0 963.0 131.0 77.0 131.0 
1 2 0.89 0.89 719.0 4.0 719.0 397.0 353.0 397.0 
1 2 0.65 0.65 984.0 84.0 984.0 205.0 117.0 205.0 
1 2 0.69 0.69 97.0 52.0 97.0 757.0 124.0 757.0 
1 2 0.7 0.7 385.0 2.0 385.0 133.0 93.0 133.0 
1 2 0.99 0.99 732.0 712.0 732.0 432.0 10.0 432.0 
1 2 0.73 0.73 780.0 512.0 780.0 13.0 1.0 13.0 
1 2 0.7 0.7 207.0 139.0 207.0 457.0 16.0 457.0 
1 2 0.77 0.77 587.0 383.0 587.0 309.0 37.0 309.0 
1 2 0.5 0.5 7.0 2.0 7.0 51.0 11.0 51.0 
1 2 0.29 0.29 245.0 16.0 245.0 461.0 105.0 461.0 
1 2 0.83 0.83 164.0 108.0 164.0 606.0 108.0 606.0 
1 2 0.79 0.79 858.0 36.0 858.0 959.0 721.0 959.0 
1 2 0.89 0.89 447.0 42.0 447.0 15.0 12.0 15.0 
1 2 0.82 0.82 229.0 180.0 229.0 426.0 15.0 426.0 
1 2 0.79 0.79 569.0 162.0 569.0 211.0 108.0 211.0 
1 2 0.77 0.77 774.0 503.0 774.0 537.0 69.0 537.0 
1 2 0.83 0.83 634.0 330.0 634.0 393.0 125.0 393.0 
1 2 0.46 0.46 163.0 7.0 163.0 683.0 290.0 683.0 
1 2 0.87 0.87 510.0 370.0 510.0 464.0 69.0 464.0 
1 2 0.93 0.93 134.0 110.0 134.0 44.0 5.0 44.0 
1 2 0.7 0.7 201.0 142.0 201.0 514.0 1.0 514.0 
1 2 0.55 0.55 553.0 204.0 553.0 743.0 137.0 743.0 
1 2 0.81 0.81 337.0 213.0 337.0 11.0 2.0 11.0 
1 2 0.85 0.85 749.0 462.0 749.0 520.0 123.0 520.0 
1 2 0.93 0.93 434.0 373.0 434.0 114.0 9.0 114.0 
1 2 0.24 0.24 962.0 46.0 962.0 35.0 7.0 35.0 
1 2 0.86 0.86 908.0 107.0 908.0 805.0 605.0 805.0 
1 2 0.8 0.8 908.0 647.0 908.0 351.0 32.0 351.0 
1 2 0.87 0.87 423.0 261.0 423.0 641.0 168.0 641.0 
1 2 0.61 0.61 47.0 29.0 47.0 971.0 2.0 971.0 
1 2 0.84 0.84 445.0 372.0 445.0 605.0 8.0 605.0 
1 2 0.7 0.7 488.0 62.0 488.0 373.0 216.0 373.0 
1 2 0.89 0.89 190.0 141.0 190.0 521.0 82.0 521.0 
1 2 0.66 0.66 110.0 64.0 110.0 663.0 58.0 663.0 
1 2 0.78 0.78 73.0 19.0 73.0 995.0 526.0 995.0 
1 2 0.91 0.91 810.0 414.0 810.0 607.0 248.0 607.0 
1 2 0.87 0.87 882.0 324.0 882.0 286.0 144.0 286.0 
1 2 0.75 0.75 956.0 224.0 956.0 511.0 266.0 511.0 
1 3 0.94 0.94 956.0 224.0 956.0 511.0 266.0 511.0 68.0 13.0 68.0 
1 2 0.76 0.76 533.0 278.0 533.0 928.0 225.0 928.0 
1 2 0.85 0.85 685.0 107.0 685.0 340.0 238.0 340.0 
1 2 0.97 0.97 46.0 42.0 46.0 728.0 47.0 728.0 
1 2 0.83 0.83 20.0 1.0 20.0 805.0 628.0 805.0 
1 2 0.82 0.82 103.0 1.0 103.0 342.0 278.0 342.0 
1 2 0.95 0.95 951.0 328.0 951.0 504.0 305.0 504.0 
1 2 0.81 0.81 754.0 87.0 754.0 104.0 73.0 104.0 
1 2 0.82 0.82 896.0 473.0 896.0 485.0 143.0 485.0 
1 2 0.91 0.91 845.0 74.0 845.0 993.0 824.0 993.0 
1 2 0.81 0.81 21.0 15.0 21.0 647.0 64.0 647.0 
1 2 0.89 0.89 940.0 754.0 940.0 407.0 37.0 407.0 
1 2 0.84 0.84 166.0 85.0 166.0 299.0 100.0 299.0 
1 2 0.66 0.66 830.0 472.0 830.0 190.0 19.0 190.0 
1 2 0.82 0.82 478.0 288.0 478.0 745.0 164.0 745.0 
1 2 0.44 0.44 163.0 66.0 163.0 742.0 27.0 742.0 
1 3 0.97 0.97 163.0 66.0 163.0 742.0 27.0 742.0 975.0 522.0 975.0 
1 2 0.98 0.98 401.0 272.0 401.0 583.0 181.0 583.0 
1 2 0.97 0.97 431.0 398.0 431.0 54.0 3.0 54.0 
1 2 0.97 0.97 288.0 179.0 288.0 496.0 177.0 496.0 
1 2 0.82 0.82 401.0 238.0 401.0 977.0 228.0 977.0 
1 2 0.97 0.97 669.0 553.0 669.0 762.0 110.0 762.0 
1 2 0.92 0.92 925.0 817.0 925.0 133.0 6.0 133.0 
1 3 0.94 0.94 925.0 817.0 925.0 133.0 6.0 133.0 662.0 12.0 662.0 
1 2 0.67 0.67 157.0 4.0 157.0 841.0 549.0 841.0 
1 3 0.79 0.79 157.0 4.0 157.0 841.0 549.0 841.0 529.0 64.0 529.0 
1 2 0.78 0.78 644.0 124.0 644.0 102.0 60.0 102.0 
1 2 0.94 0.94 957.0 106.0 957.0 395.0 328.0 395.0 
1 2 0.98 0.98 709.0 155.0 709.0 738.0 568.0 738.0 
1 2 0.91 0.91 283.0 41.0 283.0 663.0 509.0 663.0 
1 2 0.68 0.68 829.0 468.0 829.0 657.0 81.0 657.0 
1 2 0.77 0.77 827.0 120.0 827.0 427.0 268.0 427.0 
1 2 0.75 0.75 440.0 221.0 440.0 80.0 20.0 80.0 
1 2 0.89 0.89 857.0 458.0 857.0 997.0 360.0 997.0 
1 2 0.94 0.94 383.0 43.0 383.0 914.0 762.0 914.0 
1 2 0.98 0.98 377.0 337.0 377.0 985.0 88.0 985.0 
1 2 0.79 0.79 894.0 230.0 894.0 703.0 378.0 703.0 
1 2 0.55 0.55 184.0 75.0 184.0 457.0 66.0 457.0 
1 3 0.72 0.72 184.0 75.0 184.0 457.0 66.0 457.0 250.0 42.0 250.0 
1 2 0.6 0.6 789.0 26.0 789.0 440.0 250.0 440.0 
1 3 0.73 0.73 789.0 26.0 789.0 440.0 250.0 440.0 712.0 96.0 712.0 
1 2 0.9 0.9 537.0 299.0 537.0 953.0 333.0 953.0 
1 2 0.68 0.68 745.0 82.0 745.0 445.0 257.0 445.0 
1 2 0.93 0.93 655.0 467.0 655.0 687.0 152.0 687.0 
1 2 0.71 0.71 65.0 6.0 65.0 408.0 256.0 408.0 
1 2 0.87 0.87 64.0 3.0 64.0 420.0 346.0 420.0 
1 2 0.78 0.78 884.0 507.0 884.0 612.0 128.0 612.0 
1 2 0.83 0.83 663.0 16.0 663.0 321.0 261.0 321.0 
1 2 0.97 0.97 278.0 13.0 278.0 72.0 67.0 72.0 
1 2 0.95 0.95 383.0 153.0 383.0 659.0 369.0 659.0 
1 2 0.97 0.97 410.0 156.0 410.0 877.0 524.0 877.0 
1 2 0.92 0.92 785.0 552.0 785.0 243.0 53.0 243.0 
1 2 0.7 0.7 343.0 51.0 343.0 927.0 518.0 927.0 
1 3 0.74 0.74 343.0 51.0 343.0 927.0 518.0 927.0 671.0 24.0 671.0 
1 2 0.59 0.59 89.0 52.0 89.0 238.0 2.0 238.0 
1 2 0.9 0.9 744.0 506.0 744.0 907.0 201.0 907.0 
1 2 0.9 0.9 623.0 399.0 623.0 316.0 85.0 316.0 
1 2 0.98 0.98 868.0 313.0 868.0 778.0 489.0 778.0 
1 2 0.68 0.68 858.0 140.0 858.0 785.0 413.0 785.0 
1 2 0.92 0.92 496.0 57.0 496.0 198.0 161.0 198.0 
1 2 0.85 0.85 815.0 615.0 815.0 574.0 59.0 574.0 
1 3 0.9 0.9 815.0 615.0 815.0 574.0 59.0 574.0 150.0 7.0 150.0 
1 2 0.63 0.63 312.0 4.0 312.0 246.0 154.0 246.0 
1 2 0.7 0.7 411.0 76.0 411.0 124.0 65.0 124.0 
1 2 0.22 0.22 777.0 163.0 777.0 294.0 4.0 294.0 
1 3 0.97 0.97 777.0 163.0 777.0 294.0 4.0 294.0 691.0 517.0 691.0 
1 2 0.81 0.81 182.0 1.0 182.0 881.0 717.0 881.0 
1 2 0.64 0.64 154.0 15.0 154.0 990.0 540.0 990.0 
1 2 0.6 0.6 569.0 297.0 569.0 457.0 40.0 457.0 
1 2 0.65 0.65 6.0 1.0 6.0 329.0 162.0 329.0 
1 2 0.1 0.1 257.0 15.0 257.0 188.0 8.0 188.0 
1 3 0.97 0.97 257.0 15.0 257.0 188.0 8.0 188.0 865.0 754.0 865.0 
1 2 0.93 0.93 579.0 247.0 579.0 734.0 376.0 734.0 
1 2 0.29 0.29 207.0 30.0 207.0 715.0 105.0 715.0 
1 2 0.88 0.88 796.0 39.0 796.0 297.0 247.0 297.0 
1 2 0.74 0.74 242.0 37.0 242.0 17.0 10.0 17.0 
1 2 0.83 0.83 29.0 5.0 29.0 812.0 537.0 812.0 
1 2 0.83 0.83 138.0 84.0 138.0 776.0 177.0 776.0 
1 2 0.58 0.58 410.0 10.0 410.0 439.0 246.0 439.0 
1 2 0.86 0.86 835.0 481.0 835.0 740.0 216.0 740.0 
1 2 0.74 0.74 471.0 325.0 471.0 792.0 42.0 792.0 
1 2 0.99 0.99 252.0 135.0 252.0 476.0 217.0 476.0 
1 2 0.83 0.83 546.0 318.0 546.0 318.0 80.0 318.0 
1 2 0.91 0.91 382.0 95.0 382.0 236.0 157.0 236.0 
1 2 0.74 0.74 763.0 473.0 763.0 641.0 77.0 641.0 
1 2 0.67 0.67 527.0 293.0 527.0 342.0 39.0 342.0 
1 2 0.21 0.21 528.0 98.0 528.0 871.0 24.0 871.0 
1 2 0.37 0.37 785.0 41.0 785.0 822.0 262.0 822.0 
1 2 0.98 0.98 899.0 469.0 899.0 227.0 106.0 227.0 
1 2 0.95 0.95 251.0 146.0 251.0 927.0 350.0 927.0 
1 2 0.8 0.8 668.0 467.0 668.0 607.0 65.0 607.0 
1 2 0.95 0.95 432.0 257.0 432.0 324.0 116.0 324.0 
1 2 0.89 0.89 595.0 87.0 595.0 166.0 125.0 166.0 
1 2 0.85 0.85 905.0 537.0 905.0 625.0 166.0 625.0 
1 2 0.98 0.98 372.0 78.0 372.0 597.0 460.0 597.0 
1 2 0.92 0.92 810.0 489.0 810.0 909.0 296.0 909.0 
1 2 0.67 0.67 710.0 6.0 710.0 872.0 581.0 872.0 
1 2 0.57 0.57 462.0 242.0 462.0 554.0 29.0 554.0 
1 2 0.32 0.32 507.0 91.0 507.0 555.0 80.0 555.0 
1 3 0.41 0.41 507.0 91.0 507.0 555.0 80.0 555.0 323.0 29.0 323.0 
1 2 0.85 0.85 464.0 156.0 464.0 31.0 16.0 31.0 
1 2 0.93 0.93 695.0 85.0 695.0 779.0 635.0 779.0 
1 2 0.67 0.67 473.0 273.0 473.0 499.0 47.0 499.0 
1 2 0.58 0.58 258.0 43.0 258.0 943.0 398.0 943.0 
1 2 0.88 0.88 836.0 451.0 836.0 870.0 298.0 870.0 
1 2 0.9 0.9 448.0 28.0 448.0 937.0 790.0 937.0 
1 2 0.93 0.93 551.0 85.0 551.0 88.0 69.0 88.0 
1 2 0.81 0.81 430.0 80.0 430.0 345.0 218.0 345.0 
1 2 0.96 0.96 755.0 90.0 755.0 436.0 367.0 436.0 
1 2 0.88 0.88 34.0 12.0 34.0 934.0 501.0 934.0 
1 2 0.94 0.94 637.0 183.0 637.0 79.0 52.0 79.0 
1 2 0.77 0.77 709.0 59.0 709.0 89.0 62.0 89.0 
1 2 0.51 0.51 596.0 85.0 596.0 130.0 48.0 130.0 
1 2 0.99 0.99 65.0 61.0 65.0 892.0 47.0 892.0 
1 2 0.64 0.64 901.0 126.0 901.0 628.0 317.0 628.0 
1 2 0.8 0.8 569.0 329.0 569.0 734.0 167.0 734.0 
1 2 0.91 0.91 133.0 80.0 133.0 972.0 309.0 972.0 
1 2 0.77 0.77 776.0 34.0 776.0 589.0 432.0 589.0 
1 2 0.82 0.82 770.0 510.0 770.0 573.0 91.0 573.0 
1 2 0.73 0.73 296.0 4.0 296.0 256.0 184.0 256.0 
1 2 0.89 0.89 572.0 291.0 572.0 434.0 168.0 434.0 
1 2 0.86 0.86 485.0 126.0 485.0 301.0 183.0 301.0 
1 2 0.76 0.76 239.0 155.0 239.0 945.0 112.0 945.0 
1 2 0.7 0.7 733.0 510.0 733.0 656.0 7.0 656.0 
1 2 0.73 0.73 449.0 71.0 449.0 974.0 561.0 974.0 
1 2 0.61 0.61 516.0 318.0 516.0 651.0 2.0 651.0 
1 2 0.89 0.89 760.0 79.0 760.0 832.0 658.0 832.0 
1 2 0.91 0.91 496.0 440.0 496.0 247.0 6.0 247.0 
1 2 0.99 0.99 453.0 36.0 453.0 761.0 694.0 761.0 
1 2 0.85 0.85 395.0 47.0 395.0 801.0 593.0 801.0 
1 2 0.71 0.71 652.0 435.0 652.0 737.0 36.0 737.0 
1 2 0.81 0.81 554.0 352.0 554.0 264.0 48.0 264.0 
1 2 0.73 0.73 185.0 106.0 185.0 897.0 141.0 897.0 
1 2 0.97 0.97 887.0 600.0 887.0 443.0 132.0 443.0 
1 2 0.61 0.61 253.0 20.0 253.0 224.0 121.0 224.0 
1 2 0.93 0.93 195.0 58.0 195.0 892.0 566.0 892.0 
1 2 0.79 0.79 779.0 567.0 779.0 708.0 46.0 708.0 
1 2 0.93 0.93 829.0 50.0 829.0 131.0 114.0 131.0 
1 2 0.77 0.77 902.0 100.0 902.0 48.0 32.0 48.0 
1 2 0.8 0.8 401.0 28.0 401.0 75.0 55.0 75.0 
1 2 0.69 0.69 614.0 403.0 614.0 910.0 35.0 910.0 
1 2 0.88 0.88 950.0 420.0 950.0 422.0 187.0 422.0 
1 2 0.69 0.69 83.0 48.0 83.0 806.0 98.0 806.0 
1 2 0.96 0.96 298.0 265.0 298.0 744.0 60.0 744.0 
1 2 0.87 0.87 313.0 173.0 313.0 326.0 104.0 326.0 
1 2 0.74 0.74 643.0 405.0 643.0 798.0 90.0 798.0 
1 2 0.79 0.79 288.0 178.0 288.0 191.0 34.0 191.0 
1 2 0.87 0.87 579.0 330.0 579.0 653.0 196.0 653.0 
1 2 0.67 0.67 775.0 253.0 775.0 173.0 61.0 173.0 
1 2 0.85 0.85 993.0 270.0 993.0 92.0 54.0 92.0 
1 2 0.86 0.86 100.0 33.0 100.0 256.0 137.0 256.0 
1 2 0.67 0.67 908.0 404.0 908.0 368.0 83.0 368.0 
1 2 0.81 0.81 234.0 171.0 234.0 328.0 28.0 328.0 
1 2 0.77 0.77 159.0 90.0 159.0 491.0 102.0 491.0 
1 2 0.92 0.92 317.0 124.0 317.0 567.0 302.0 567.0 
1 2 0.54 0.54 326.0 173.0 326.0 490.0 5.0 490.0 
1 2 0.72 0.72 688.0 37.0 688.0 858.0 580.0 858.0 
1 2 0.76 0.76 15.0 1.0 15.0 337.0 236.0 337.0 
1 2 0.94 0.94 807.0 315.0 807.0 56.0 31.0 56.0 
1 2 0.65 0.65 162.0 88.0 162.0 79.0 9.0 79.0 
1 2 0.93 0.93 264.0 211.0 264.0 161.0 22.0 161.0 
1 2 0.97 0.97 475.0 290.0 475.0 656.0 239.0 656.0 
1 2 0.93 0.93 151.0 27.0 151.0 306.0 232.0 306.0 
1 2 0.93 0.93 786.0 647.0 786.0 685.0 75.0 685.0 
1 2 0.87 0.87 353.0 31.0 353.0 874.0 690.0 874.0 
1 2 0.66 0.66 590.0 88.0 590.0 983.0 508.0 983.0 
1 2 0.48 0.48 240.0 35.0 240.0 810.0 276.0 810.0 
1 2 0.71 0.71 393.0 4.0 393.0 44.0 31.0 44.0 
1 2 0.99 0.99 126.0 41.0 126.0 524.0 351.0 524.0 
1 2 0.94 0.94 601.0 552.0 601.0 241.0 7.0 241.0 
1 2 0.74 0.74 987.0 94.0 987.0 474.0 307.0 474.0 
1 2 0.97 0.97 160.0 130.0 160.0 221.0 36.0 221.0 
1 2 0.86 0.86 300.0 182.0 300.0 568.0 149.0 568.0 
1 2 0.59 0.59 865.0 9.0 865.0 449.0 261.0 449.0 
1 3 0.94 0.94 865.0 9.0 865.0 449.0 261.0 449.0 972.0 342.0 972.0 
1 2 0.82 0.82 99.0 30.0 99.0 525.0 273.0 525.0 
1 2 0.91 0.91 640.0 527.0 640.0 77.0 7.0 77.0 
1 2 0.96 0.96 38.0 26.0 38.0 332.0 92.0 332.0 
1 3 0.97 0.97 38.0 26.0 38.0 332.0 92.0 332.0 927.0 16.0 927.0 
1 2 0.44 0.44 446.0 28.0 446.0 315.0 121.0 315.0 
1 2 0.93 0.93 243.0 54.0 243.0 874.0 624.0 874.0 
1 2 0.75 0.75 125.0 73.0 125.0 63.0 11.0 63.0 
1 2 0.46 0.46 44.0 9.0 44.0 468.0 120.0 468.0 
1 3 0.57 0.57 44.0 9.0 44.0 468.0 120.0 468.0 490.0 58.0 490.0 
1 2 0.92 0.92 989.0 114.0 989.0 831.0 676.0 831.0 
1 2 0.84 0.84 927.0 109.0 927.0 832.0 603.0 832.0 
1 2 0.86 0.86 829.0 187.0 829.0 697.0 448.0 697.0 
1 2 0.89 0.89 434.0 153.0 434.0 210.0 113.0 210.0 
1 2 0.93 0.93 673.0 363.0 673.0 837.0 333.0 837.0 
1 2 0.97 0.97 398.0 104.0 398.0 575.0 411.0 575.0 
1 2 0.91 0.91 211.0 172.0 211.0 319.0 33.0 319.0 
1 2 0.9 0.9 526.0 1.0 526.0 863.0 777.0 863.0 
1 2 1.0 1.0 10.0 6.0 10.0 275.0 110.0 275.0 
1 2 0.96 0.96 611.0 456.0 611.0 889.0 193.0 889.0 
1 2 0.88 0.88 444.0 88.0 444.0 807.0 555.0 807.0 
1 2 0.85 0.85 616.0 148.0 616.0 452.0 279.0 452.0 
1 2 0.78 0.78 790.0 107.0 790.0 679.0 440.0 679.0 
1 2 0.91 0.91 416.0 279.0 416.0 904.0 224.0 904.0 
1 2 0.74 0.74 125.0 13.0 125.0 634.0 409.0 634.0 
1 2 0.73 0.73 644.0 125.0 644.0 864.0 464.0 864.0 
1 2 0.79 0.79 838.0 615.0 838.0 895.0 52.0 895.0 
1 2 0.88 0.88 409.0 51.0 409.0 328.0 249.0 328.0 
1 2 0.92 0.92 577.0 390.0 577.0 453.0 113.0 453.0 
1 2 0.74 0.74 615.0 226.0 615.0 979.0 371.0 979.0 
1 2 0.87 0.87 637.0 430.0 637.0 129.0 26.0 129.0 
1 2 0.86 0.86 584.0 130.0 584.0 375.0 241.0 375.0 
1 2 0.76 0.76 713.0 444.0 713.0 468.0 66.0 468.0 
1 2 0.8 0.8 596.0 331.0 596.0 811.0 202.0 811.0 
1 2 0.96 0.96 513.0 406.0 513.0 822.0 143.0 822.0 
1 2 0.66 0.66 374.0 53.0 374.0 290.0 151.0 290.0 
1 3 0.88 0.88 374.0 53.0 374.0 290.0 151.0 290.0 195.0 44.0 195.0 
1 2 0.91 0.91 610.0 68.0 610.0 377.0 303.0 377.0 
1 2 0.99 0.99 763.0 591.0 763.0 507.0 113.0 507.0 
1 2 0.8 0.8 450.0 111.0 450.0 955.0 531.0 955.0 
1 2 0.78 0.78 301.0 46.0 301.0 753.0 478.0 753.0 
1 2 0.9 0.9 776.0 619.0 776.0 285.0 30.0 285.0 
1 2 0.66 0.66 162.0 99.0 162.0 576.0 31.0 576.0 
1 2 0.91 0.91 95.0 79.0 95.0 590.0 48.0 590.0 
1 2 0.94 0.94 677.0 576.0 677.0 624.0 60.0 624.0 
1 2 0.36 0.36 353.0 127.0 353.0 374.0 3.0 374.0 
1 3 0.92 0.92 353.0 127.0 353.0 374.0 3.0 374.0 533.0 296.0 533.0 
1 2 0.55 0.55 436.0 16.0 436.0 25.0 13.0 25.0 
1 2 0.95 0.95 913.0 528.0 913.0 466.0 176.0 466.0 
1 2 0.87 0.87 563.0 355.0 563.0 66.0 16.0 66.0 
1 2 0.75 0.75 233.0 35.0 233.0 797.0 482.0 797.0 
1 2 0.89 0.89 189.0 133.0 189.0 179.0 34.0 179.0 
1 2 0.94 0.94 188.0 55.0 188.0 338.0 219.0 338.0 
1 2 0.79 0.79 700.0 78.0 700.0 368.0 251.0 368.0 
1 2 0.57 0.57 965.0 538.0 965.0 262.0 5.0 262.0 
1 2 0.85 0.85 108.0 91.0 108.0 93.0 1.0 93.0 
1 2 0.69 0.69 83.0 15.0 83.0 567.0 291.0 567.0 
1 2 0.9 0.9 751.0 286.0 751.0 128.0 67.0 128.0 
1 2 0.95 0.95 752.0 435.0 752.0 101.0 38.0 101.0 
1 2 0.91 0.91 429.0 11.0 429.0 422.0 376.0 422.0 
1 2 0.36 0.36 400.0 52.0 400.0 774.0 182.0 774.0 
1 2 0.62 0.62 985.0 593.0 985.0 291.0 7.0 291.0 
1 2 0.5 0.5 657.0 28.0 657.0 761.0 352.0 761.0 
1 2 0.87 0.87 831.0 610.0 831.0 134.0 19.0 134.0 
1 2 0.72 0.72 188.0 123.0 188.0 482.0 33.0 482.0 
1 2 0.88 0.88 141.0 47.0 141.0 721.0 399.0 721.0 
1 2 0.94 0.94 366.0 10.0 366.0 491.0 451.0 491.0 
1 2 0.73 0.73 609.0 51.0 609.0 286.0 187.0 286.0 
1 2 0.96 0.96 743.0 670.0 743.0 635.0 43.0 635.0 
1 2 0.72 0.72 738.0 444.0 738.0 659.0 83.0 659.0 
1 2 0.98 0.98 909.0 709.0 909.0 339.0 71.0 339.0 
1 2 0.69 0.69 749.0 106.0 749.0 790.0 436.0 790.0 
1 2 0.8 0.8 40.0 21.0 40.0 345.0 97.0 345.0 
1 2 0.81 0.81 755.0 67.0 755.0 983.0 710.0 983.0 
1 2 0.93 0.93 175.0 75.0 175.0 505.0 255.0 505.0 
1 2 0.56 0.56 188.0 2.0 188.0 68.0 38.0 68.0 
1 2 0.74 0.74 988.0 725.0 988.0 448.0 6.0 448.0 
1 2 0.78 0.78 558.0 395.0 558.0 428.0 34.0 428.0 
1 3 0.97 0.97 558.0 395.0 558.0 428.0 34.0 428.0 341.0 64.0 341.0 
1 2 0.93 0.93 993.0 448.0 993.0 796.0 382.0 796.0 
1 2 0.87 0.87 586.0 240.0 586.0 808.0 378.0 808.0 
1 2 0.82 0.82 974.0 524.0 974.0 633.0 184.0 633.0 
1 2 0.57 0.57 492.0 41.0 492.0 248.0 123.0 248.0 
1 2 0.99 0.99 946.0 500.0 946.0 934.0 433.0 934.0 
1 2 0.85 0.85 769.0 527.0 769.0 755.0 125.0 755.0 
1 2 0.63 0.63 484.0 13.0 484.0 609.0 370.0 609.0 
1 2 0.96 0.96 191.0 142.0 191.0 306.0 68.0 306.0 
1 2 0.74 0.74 914.0 288.0 914.0 798.0 341.0 798.0 
1 2 0.99 0.99 197.0 64.0 197.0 937.0 631.0 937.0 
1 2 0.28 0.28 120.0 13.0 120.0 366.0 64.0 366.0 
1 2 0.85 0.85 657.0 376.0 657.0 614.0 176.0 614.0 
1 2 0.68 0.68 141.0 57.0 141.0 449.0 125.0 449.0 
1 2 0.94 0.94 763.0 179.0 763.0 7.0 5.0 7.0 
1 2 0.87 0.87 775.0 34.0 775.0 106.0 88.0 106.0 
1 2 0.62 0.62 891.0 443.0 891.0 677.0 85.0 677.0 
1 3 0.72 0.72 891.0 443.0 891.0 677.0 85.0 677.0 687.0 72.0 687.0 
1 2 0.98 0.98 891.0 583.0 891.0 677.0 226.0 677.0 
1 2 0.88 0.88 884.0 22.0 884.0 74.0 64.0 74.0 
1 2 0.9 0.9 35.0 29.0 35.0 411.0 32.0 411.0 
1 2 0.55 0.55 355.0 12.0 355.0 515.0 267.0 515.0 
1 2 0.81 0.81 339.0 236.0 339.0 431.0 51.0 431.0 
1 2 0.86 0.86 907.0 253.0 907.0 697.0 405.0 697.0 
1 3 0.91 0.91 907.0 253.0 907.0 697.0 405.0 697.0 267.0 14.0 267.0 
1 2 0.59 0.59 579.0 31.0 579.0 310.0 169.0 310.0 
1 2 0.66 0.66 298.0 23.0 298.0 766.0 453.0 766.0 
1 2 0.85 0.85 581.0 368.0 581.0 381.0 86.0 381.0 
1 2 0.58 0.58 439.0 160.0 439.0 835.0 186.0 835.0 
1 2 0.95 0.95 380.0 81.0 380.0 175.0 130.0 175.0 
1 2 0.78 0.78 487.0 312.0 487.0 383.0 54.0 383.0 
1 2 0.4 0.4 137.0 10.0 137.0 446.0 146.0 446.0 
1 2 0.81 0.81 68.0 46.0 68.0 136.0 19.0 136.0 
1 2 0.83 0.83 823.0 72.0 823.0 440.0 327.0 440.0 
1 2 0.95 0.95 9.0 6.0 9.0 636.0 184.0 636.0 
1 2 0.5 0.5 36.0 2.0 36.0 99.0 44.0 99.0 
1 2 0.96 0.96 657.0 47.0 657.0 177.0 158.0 177.0 
1 2 0.63 0.63 290.0 90.0 290.0 535.0 172.0 535.0 
1 2 0.88 0.88 979.0 727.0 979.0 300.0 44.0 300.0 
1 2 0.98 0.98 827.0 430.0 827.0 180.0 84.0 180.0 
1 2 0.7 0.7 984.0 86.0 984.0 294.0 183.0 294.0 
1 2 0.24 0.24 910.0 62.0 910.0 287.0 52.0 287.0 
1 2 0.94 0.94 651.0 372.0 651.0 733.0 273.0 733.0 
1 2 0.91 0.91 941.0 557.0 941.0 705.0 231.0 705.0 
1 2 0.83 0.83 379.0 39.0 379.0 737.0 543.0 737.0 
1 2 0.55 0.55 39.0 2.0 39.0 839.0 421.0 839.0 
1 2 0.92 0.92 518.0 150.0 518.0 731.0 463.0 731.0 
1 2 0.51 0.51 370.0 9.0 370.0 37.0 18.0 37.0 
1 2 0.98 0.98 178.0 104.0 178.0 242.0 96.0 242.0 
1 2 0.95 0.95 386.0 201.0 386.0 805.0 352.0 805.0 
1 2 0.95 0.95 998.0 357.0 998.0 75.0 45.0 75.0 
1 2 0.28 0.28 317.0 18.0 317.0 126.0 29.0 126.0 
1 3 0.81 0.81 317.0 18.0 317.0 126.0 29.0 126.0 354.0 187.0 354.0 
1 2 0.94 0.94 357.0 222.0 357.0 744.0 243.0 744.0 
1 2 0.93 0.93 964.0 559.0 964.0 632.0 227.0 632.0 
1 2 0.72 0.72 454.0 9.0 454.0 975.0 684.0 975.0 
1 2 0.84 0.84 427.0 76.0 427.0 72.0 48.0 72.0 
1 2 0.92 0.92 863.0 697.0 863.0 235.0 28.0 235.0 
1 2 0.7 0.7 225.0 85.0 225.0 723.0 234.0 723.0 
1 2 0.94 0.94 184.0 147.0 184.0 592.0 84.0 592.0 
1 2 0.78 0.78 43.0 28.0 43.0 407.0 54.0 407.0 
1 2 0.96 0.96 693.0 526.0 693.0 708.0 145.0 708.0 
1 2 0.93 0.93 249.0 183.0 249.0 253.0 50.0 253.0 
1 2 0.99 0.99 1000.0 737.0 1000.0 469.0 122.0 469.0 
1 2 0.86 0.86 563.0 112.0 563.0 767.0 512.0 767.0 
1 2 0.7 0.7 800.0 92.0 800.0 68.0 40.0 68.0 
1 2 0.68 0.68 103.0 3.0 103.0 135.0 88.0 135.0 
1 2 0.91 0.91 821.0 648.0 821.0 812.0 99.0 812.0 
1 2 0.87 0.87 366.0 79.0 366.0 317.0 208.0 317.0 
1 2 0.78 0.78 64.0 44.0 64.0 625.0 63.0 625.0 
1 2 0.53 0.53 525.0 112.0 525.0 731.0 233.0 731.0 
1 2 0.91 0.91 161.0 6.0 161.0 370.0 325.0 370.0 
1 2 0.82 0.82 412.0 46.0 412.0 476.0 341.0 476.0 
1 2 0.56 0.56 542.0 33.0 542.0 381.0 191.0 381.0 
1 2 0.93 0.93 598.0 397.0 598.0 814.0 224.0 814.0 
1 2 0.62 0.62 440.0 235.0 440.0 384.0 34.0 384.0 
1 2 0.88 0.88 5.0 1.0 5.0 35.0 24.0 35.0 
1 2 0.69 0.69 18.0 2.0 18.0 133.0 78.0 133.0 
1 2 0.91 0.91 96.0 21.0 96.0 677.0 470.0 677.0 
1 2 0.88 0.88 287.0 105.0 287.0 464.0 242.0 464.0 
1 2 0.74 0.74 168.0 86.0 168.0 791.0 188.0 791.0 
1 2 0.81 0.81 396.0 252.0 396.0 828.0 149.0 828.0 
1 2 0.9 0.9 810.0 207.0 810.0 365.0 237.0 365.0 
1 2 0.54 0.54 152.0 5.0 152.0 964.0 498.0 964.0 
1 2 0.95 0.95 374.0 247.0 374.0 231.0 69.0 231.0 
1 2 0.94 0.94 593.0 338.0 593.0 961.0 365.0 961.0 
1 2 0.93 0.93 285.0 188.0 285.0 951.0 266.0 951.0 
1 2 0.83 0.83 65.0 16.0 65.0 702.0 410.0 702.0 
1 2 0.86 0.86 90.0 66.0 90.0 735.0 98.0 735.0 
1 2 0.42 0.42 202.0 75.0 202.0 403.0 21.0 403.0 
1 2 0.72 0.72 155.0 107.0 155.0 454.0 16.0 454.0 
1 3 0.83 0.83 155.0 107.0 155.0 454.0 16.0 454.0 181.0 19.0 181.0 
1 2 0.98 0.98 777.0 588.0 777.0 778.0 181.0 778.0 
1 2 0.81 0.81 373.0 22.0 373.0 218.0 165.0 218.0 
1 2 0.96 0.96 39.0 23.0 39.0 558.0 210.0 558.0 
1 2 0.78 0.78 230.0 25.0 230.0 968.0 655.0 968.0 
1 2 0.83 0.83 7.0 4.0 7.0 269.0 70.0 269.0 
1 2 0.26 0.26 773.0 122.0 773.0 484.0 51.0 484.0 
1 3 0.79 0.79 773.0 122.0 773.0 484.0 51.0 484.0 32.0 17.0 32.0 
1 2 0.83 0.83 547.0 394.0 547.0 97.0 11.0 97.0 
1 2 0.96 0.96 16.0 5.0 16.0 302.0 198.0 302.0 
1 2 0.97 0.97 700.0 276.0 700.0 771.0 448.0 771.0 
1 2 0.81 0.81 970.0 586.0 970.0 754.0 158.0 754.0 
1 2 0.91 0.91 846.0 138.0 846.0 604.0 453.0 604.0 
1 2 0.97 0.97 675.0 82.0 675.0 182.0 156.0 182.0 
1 2 0.71 0.71 790.0 118.0 790.0 930.0 527.0 930.0 
1 2 0.63 0.63 573.0 278.0 573.0 542.0 81.0 542.0 
1 2 0.9 0.9 607.0 125.0 607.0 951.0 661.0 951.0 
1 2 0.62 0.62 929.0 49.0 929.0 224.0 129.0 224.0 
1 2 0.39 0.39 793.0 158.0 793.0 468.0 93.0 468.0 
1 2 0.96 0.96 584.0 548.0 584.0 639.0 16.0 639.0 
1 2 0.83 0.83 705.0 154.0 705.0 601.0 368.0 601.0 
1 2 0.74 0.74 999.0 202.0 999.0 872.0 469.0 872.0 
1 2 0.59 0.59 719.0 385.0 719.0 209.0 13.0 209.0 
1 2 0.66 0.66 868.0 87.0 868.0 51.0 29.0 51.0 
1 2 0.89 0.89 134.0 6.0 134.0 424.0 359.0 424.0 
1 2 0.47 0.47 80.0 11.0 80.0 221.0 74.0 221.0 
1 2 0.96 0.96 775.0 277.0 775.0 571.0 349.0 571.0 
1 2 0.92 0.92 119.0 31.0 119.0 761.0 509.0 761.0 
1 2 1.0 1.0 36.0 9.0 36.0 16.0 12.0 16.0 
1 2 0.99 0.99 819.0 341.0 819.0 760.0 438.0 760.0 
1 2 0.95 0.95 884.0 151.0 884.0 452.0 355.0 452.0 
1 2 0.74 0.74 166.0 73.0 166.0 23.0 7.0 23.0 
1 2 0.88 0.88 751.0 475.0 751.0 670.0 169.0 670.0 
1 2 0.86 0.86 364.0 78.0 364.0 535.0 348.0 535.0 
1 2 0.44 0.44 472.0 108.0 472.0 558.0 121.0 558.0 
1 2 0.97 0.97 108.0 41.0 108.0 600.0 359.0 600.0 
1 2 0.89 0.89 869.0 523.0 869.0 762.0 226.0 762.0 
1 2 0.89 0.89 528.0 208.0 528.0 412.0 208.0 412.0 
1 2 0.98 0.98 301.0 262.0 301.0 612.0 69.0 612.0 
1 2 0.72 0.72 704.0 59.0 704.0 584.0 374.0 584.0 
1 2 0.73 0.73 614.0 369.0 614.0 15.0 2.0 15.0 
1 2 0.78 0.78 247.0 56.0 247.0 822.0 462.0 822.0 
1 2 0.84 0.84 322.0 19.0 322.0 641.0 501.0 641.0 
1 2 0.72 0.72 363.0 58.0 363.0 16.0 9.0 16.0 
1 2 0.81 0.81 979.0 563.0 979.0 502.0 118.0 502.0 
1 2 0.89 0.89 188.0 58.0 188.0 404.0 235.0 404.0 
1 2 0.84 0.84 705.0 414.0 705.0 579.0 150.0 579.0 
1 2 0.88 0.88 461.0 59.0 461.0 58.0 44.0 58.0 
1 2 0.19 0.19 848.0 124.0 848.0 555.0 26.0 555.0 
1 3 0.76 0.76 848.0 124.0 848.0 555.0 26.0 555.0 432.0 246.0 432.0 
1 2 0.95 0.95 451.0 41.0 451.0 456.0 393.0 456.0 
1 2 0.94 0.94 564.0 217.0 564.0 790.0 443.0 790.0 
1 2 0.88 0.88 610.0 40.0 610.0 884.0 725.0 884.0 
1 2 0.78 0.78 296.0 19.0 296.0 255.0 185.0 255.0 
1 2 0.86 0.86 565.0 314.0 565.0 339.0 104.0 339.0 
1 2 0.02 0.02 528.0 8.0 528.0 196.0 2.0 196.0 
1 3 0.83 0.83 528.0 8.0 528.0 196.0 2.0 196.0 807.0 656.0 807.0 
1 2 0.98 0.98 986.0 80.0 986.0 780.0 703.0 780.0 
1 2 0.95 0.95 875.0 655.0 875.0 621.0 131.0 621.0 
1 2 0.87 0.87 262.0 6.0 262.0 425.0 363.0 425.0 
1 2 0.7 0.7 757.0 500.0 757.0 712.0 32.0 712.0 
1 2 0.85 0.85 711.0 211.0 711.0 609.0 342.0 609.0 
1 2 0.95 0.95 506.0 306.0 506.0 922.0 321.0 922.0 
1 2 0.9 0.9 626.0 136.0 626.0 408.0 280.0 408.0 
1 2 0.92 0.92 907.0 93.0 907.0 910.0 750.0 910.0 
1 2 0.88 0.88 749.0 148.0 749.0 511.0 353.0 511.0 
1 2 0.95 0.95 273.0 26.0 273.0 133.0 115.0 133.0 
1 2 0.36 0.36 148.0 8.0 148.0 130.0 41.0 130.0 
1 3 0.97 0.97 148.0 8.0 148.0 130.0 41.0 130.0 91.0 55.0 91.0 
1 2 0.78 0.78 260.0 49.0 260.0 341.0 204.0 341.0 
1 2 0.89 0.89 624.0 70.0 624.0 905.0 709.0 905.0 
1 2 0.6 0.6 337.0 8.0 337.0 284.0 165.0 284.0 
1 2 0.95 0.95 926.0 200.0 926.0 590.0 436.0 590.0 
1 2 0.71 0.71 618.0 3.0 618.0 7.0 5.0 7.0 
1 2 0.8 0.8 601.0 341.0 601.0 877.0 206.0 877.0 
1 2 0.98 0.98 557.0 464.0 557.0 459.0 70.0 459.0 
1 2 0.5 0.5 746.0 360.0 746.0 741.0 13.0 741.0 
1 2 0.94 0.94 550.0 101.0 550.0 727.0 553.0 727.0 
1 2 0.3 0.3 967.0 166.0 967.0 480.0 62.0 480.0 
1 3 0.81 0.81 967.0 166.0 967.0 480.0 62.0 480.0 406.0 207.0 406.0 
1 2 0.9 0.9 886.0 138.0 886.0 352.0 264.0 352.0 
1 2 0.92 0.92 876.0 196.0 876.0 581.0 408.0 581.0 
1 2 0.98 0.98 735.0 390.0 735.0 504.0 230.0 504.0 
1 2 0.85 0.85 438.0 73.0 438.0 885.0 612.0 885.0 
1 2 0.77 0.77 39.0 22.0 39.0 147.0 31.0 147.0 
1 2 0.88 0.88 49.0 18.0 49.0 379.0 195.0 379.0 
1 2 0.93 0.93 272.0 160.0 272.0 446.0 154.0 446.0 
1 2 0.75 0.75 351.0 189.0 351.0 683.0 151.0 683.0 
1 2 0.7 0.7 758.0 496.0 758.0 344.0 17.0 344.0 
1 2 0.73 0.73 132.0 75.0 132.0 407.0 66.0 407.0 
1 2 0.42 0.42 36.0 7.0 36.0 899.0 206.0 899.0 
1 2 0.75 0.75 650.0 73.0 650.0 288.0 186.0 288.0 
1 2 0.64 0.64 3.0 1.0 3.0 502.0 154.0 502.0 
1 2 0.52 0.52 936.0 14.0 936.0 119.0 61.0 119.0 
1 2 0.94 0.94 182.0 118.0 182.0 764.0 228.0 764.0 
1 2 0.76 0.76 550.0 414.0 550.0 483.0 5.0 483.0 
1 2 0.9 0.9 539.0 87.0 539.0 826.0 614.0 826.0 
1 2 0.94 0.94 156.0 130.0 156.0 843.0 90.0 843.0 
1 2 0.8 0.8 497.0 338.0 497.0 894.0 112.0 894.0 
1 2 0.81 0.81 991.0 722.0 991.0 792.0 72.0 792.0 
1 2 0.87 0.87 60.0 9.0 60.0 888.0 641.0 888.0 
1 2 0.73 0.73 375.0 259.0 375.0 952.0 41.0 952.0 
1 2 0.7 0.7 831.0 125.0 831.0 966.0 540.0 966.0 
1 2 0.62 0.62 973.0 87.0 973.0 528.0 283.0 528.0 
1 2 0.74 0.74 76.0 42.0 76.0 253.0 48.0 253.0 
1 2 0.88 0.88 266.0 66.0 266.0 614.0 390.0 614.0 
1 2 0.99 0.99 771.0 386.0 771.0 837.0 412.0 837.0 
1 2 0.94 0.94 111.0 16.0 111.0 185.0 149.0 185.0 
1 2 0.85 0.85 184.0 8.0 184.0 268.0 217.0 268.0 
1 2 0.83 0.83 269.0 189.0 269.0 210.0 27.0 210.0 
1 2 0.6 0.6 495.0 285.0 495.0 264.0 8.0 264.0 
1 2 0.93 0.93 513.0 123.0 513.0 233.0 163.0 233.0 
1 2 0.82 0.82 610.0 128.0 610.0 399.0 246.0 399.0 
1 2 0.93 0.93 866.0 743.0 866.0 175.0 14.0 175.0 
1 2 0.92 0.92 966.0 638.0 966.0 938.0 244.0 938.0 
1 2 0.89 0.89 938.0 168.0 938.0 440.0 315.0 440.0 
1 2 0.89 0.89 456.0 309.0 456.0 890.0 191.0 890.0 
1 2 0.95 0.95 223.0 213.0 223.0 895.0 3.0 895.0 
1 2 0.88 0.88 940.0 689.0 940.0 79.0 12.0 79.0 
1 2 0.91 0.91 379.0 291.0 379.0 505.0 73.0 505.0 
1 2 0.97 0.97 746.0 351.0 746.0 8.0 4.0 8.0 
1 2 0.94 0.94 240.0 141.0 240.0 164.0 59.0 164.0 
1 2 0.87 0.87 852.0 467.0 852.0 291.0 94.0 291.0 
1 2 0.86 0.86 432.0 14.0 432.0 887.0 739.0 887.0 
1 2 0.78 0.78 985.0 161.0 985.0 58.0 36.0 58.0 
1 2 0.69 0.69 27.0 3.0 27.0 781.0 458.0 781.0 
1 2 0.53 0.53 871.0 399.0 871.0 758.0 58.0 758.0 
1 2 0.63 0.63 942.0 518.0 942.0 543.0 48.0 543.0 
1 3 0.78 0.78 942.0 518.0 942.0 543.0 48.0 543.0 719.0 103.0 719.0 
1 2 0.91 0.91 191.0 159.0 191.0 928.0 81.0 928.0 
1 2 0.95 0.95 362.0 278.0 362.0 961.0 181.0 961.0 
1 2 0.85 0.85 937.0 701.0 937.0 54.0 6.0 54.0 
1 2 0.9 0.9 977.0 752.0 977.0 829.0 115.0 829.0 
1 2 0.85 0.85 57.0 12.0 57.0 992.0 636.0 992.0 
1 2 0.94 0.94 810.0 744.0 810.0 970.0 25.0 970.0 
1 2 0.96 0.96 49.0 46.0 49.0 65.0 2.0 65.0 
1 2 0.99 0.99 109.0 85.0 109.0 368.0 78.0 368.0 
1 2 0.84 0.84 746.0 75.0 746.0 126.0 94.0 126.0 
1 2 0.77 0.77 284.0 149.0 284.0 869.0 214.0 869.0 
1 2 0.93 0.93 356.0 329.0 356.0 146.0 2.0 146.0 
1 2 0.8 0.8 33.0 23.0 33.0 720.0 80.0 720.0 
1 2 0.97 0.97 124.0 12.0 124.0 745.0 656.0 745.0 
1 2 0.71 0.71 367.0 187.0 367.0 400.0 82.0 400.0 
1 2 0.56 0.56 61.0 32.0 61.0 394.0 16.0 394.0 
1 2 0.94 0.94 3.0 1.0 3.0 829.0 507.0 829.0 
1 2 0.54 0.54 866.0 238.0 866.0 458.0 123.0 458.0 
1 3 0.73 0.73 866.0 238.0 866.0 458.0 123.0 458.0 96.0 18.0 96.0 
1 4 0.76 0.76 866.0 238.0 866.0 458.0 123.0 458.0 96.0 18.0 96.0 802.0 25.0 802.0 
1 2 0.86 0.86 33.0 18.0 33.0 797.0 251.0 797.0 
1 2 0.62 0.62 356.0 186.0 356.0 812.0 82.0 812.0 
1 2 0.83 0.83 214.0 175.0 214.0 725.0 15.0 725.0 
1 2 0.18 0.18 95.0 4.0 95.0 618.0 88.0 618.0 
1 3 0.75 0.75 95.0 4.0 95.0 618.0 88.0 618.0 118.0 67.0 118.0 
1 2 0.99 0.99 682.0 132.0 682.0 514.0 413.0 514.0 
1 2 0.89 0.89 554.0 321.0 554.0 472.0 148.0 472.0 
1 2 0.67 0.67 360.0 30.0 360.0 514.0 305.0 514.0 
1 2 0.63 0.63 885.0 449.0 885.0 400.0 52.0 400.0 
1 3 0.88 0.88 885.0 449.0 885.0 400.0 52.0 400.0 60.0 15.0 60.0 
1 2 0.94 0.94 954.0 342.0 954.0 220.0 129.0 220.0 
1 2 0.41 0.41 297.0 4.0 297.0 463.0 185.0 463.0 
1 3 0.91 0.91 297.0 4.0 297.0 463.0 185.0 463.0 145.0 73.0 145.0 
1 2 0.94 0.94 306.0 245.0 306.0 183.0 27.0 183.0 
1 2 0.81 0.81 601.0 452.0 601.0 269.0 17.0 269.0 
1 2 0.87 0.87 198.0 22.0 198.0 750.0 573.0 750.0 
1 2 0.69 0.69 103.0 61.0 103.0 918.0 93.0 918.0 
1 2 0.9 0.9 572.0 424.0 572.0 727.0 120.0 727.0 
1 2 0.8 0.8 414.0 42.0 414.0 731.0 514.0 731.0 
1 2 0.95 0.95 961.0 360.0 961.0 260.0 150.0 260.0 
1 2 0.72 0.72 576.0 298.0 576.0 396.0 84.0 396.0 
1 2 0.92 0.92 125.0 87.0 125.0 998.0 225.0 998.0 
1 2 0.61 0.61 50.0 27.0 50.0 972.0 77.0 972.0 
1 2 0.67 0.67 97.0 58.0 97.0 704.0 53.0 704.0 
1 2 0.87 0.87 682.0 489.0 682.0 120.0 19.0 120.0 
1 2 0.97 0.97 206.0 5.0 206.0 613.0 581.0 613.0 
1 2 0.53 0.53 36.0 1.0 36.0 234.0 118.0 234.0 
1 2 0.92 0.92 335.0 193.0 335.0 642.0 227.0 642.0 
1 2 0.78 0.78 232.0 179.0 232.0 763.0 10.0 763.0 
1 2 0.8 0.8 779.0 474.0 779.0 900.0 179.0 900.0 
1 2 0.59 0.59 86.0 48.0 86.0 438.0 17.0 438.0 
1 2 0.84 0.84 76.0 10.0 76.0 621.0 441.0 621.0 
1 2 0.9 0.9 412.0 58.0 412.0 493.0 375.0 493.0 
1 2 0.6 0.6 126.0 4.0 126.0 784.0 453.0 784.0 
1 2 0.92 0.92 822.0 521.0 822.0 557.0 163.0 557.0 
1 2 0.55 0.55 294.0 15.0 294.0 136.0 69.0 136.0 
1 2 0.93 0.93 988.0 516.0 988.0 78.0 32.0 78.0 
1 2 0.64 0.64 482.0 288.0 482.0 981.0 46.0 981.0 
1 2 0.94 0.94 297.0 246.0 297.0 829.0 99.0 829.0 
1 2 0.96 0.96 228.0 60.0 228.0 225.0 158.0 225.0 
1 2 0.94 0.94 495.0 367.0 495.0 10.0 2.0 10.0 
1 2 0.78 0.78 948.0 149.0 948.0 207.0 129.0 207.0 
1 2 0.84 0.84 924.0 58.0 924.0 728.0 566.0 728.0 
1 2 0.73 0.73 768.0 81.0 768.0 842.0 531.0 842.0 
1 2 0.58 0.58 286.0 24.0 286.0 766.0 386.0 766.0 
1 2 0.99 0.99 385.0 59.0 385.0 414.0 347.0 414.0 
1 2 0.99 0.99 266.0 153.0 266.0 369.0 156.0 369.0 
1 2 0.79 0.79 549.0 102.0 549.0 377.0 229.0 377.0 
1 2 0.71 0.71 899.0 464.0 899.0 65.0 13.0 65.0 
1 2 0.69 0.69 794.0 82.0 794.0 476.0 283.0 476.0 
1 2 0.9 0.9 296.0 90.0 296.0 578.0 349.0 578.0 
1 2 0.68 0.68 467.0 303.0 467.0 981.0 31.0 981.0 
1 2 0.93 0.93 716.0 595.0 716.0 681.0 71.0 681.0 
1 2 0.88 0.88 160.0 108.0 160.0 929.0 197.0 929.0 
1 2 0.65 0.65 879.0 4.0 879.0 452.0 293.0 452.0 
1 2 0.94 0.94 374.0 97.0 374.0 929.0 633.0 929.0 
1 2 0.87 0.87 293.0 209.0 293.0 561.0 88.0 561.0 
1 2 0.67 0.67 440.0 234.0 440.0 63.0 9.0 63.0 
1 2 0.68 0.68 133.0 2.0 133.0 307.0 207.0 307.0 
1 2 0.9 0.9 630.0 60.0 630.0 492.0 399.0 492.0 
1 2 0.94 0.94 604.0 463.0 604.0 389.0 70.0 389.0 
1 2 0.84 0.84 839.0 658.0 839.0 829.0 47.0 829.0 
1 2 0.86 0.86 494.0 322.0 494.0 445.0 97.0 445.0 
1 2 0.84 0.84 591.0 103.0 591.0 937.0 632.0 937.0 
1 2 0.34 0.34 165.0 36.0 165.0 620.0 79.0 620.0 
1 3 0.94 0.94 165.0 36.0 165.0 620.0 79.0 620.0 324.0 193.0 324.0 
1 2 0.56 0.56 354.0 17.0 354.0 496.0 257.0 496.0 
1 2 0.99 0.99 449.0 179.0 449.0 766.0 454.0 766.0 
1 2 0.83 0.83 84.0 56.0 84.0 85.0 14.0 85.0 
1 2 0.86 0.86 462.0 160.0 462.0 499.0 259.0 499.0 
1 2 0.83 0.83 344.0 171.0 344.0 478.0 163.0 478.0 
1 2 0.62 0.62 863.0 8.0 863.0 903.0 559.0 903.0 
1 2 0.74 0.74 456.0 10.0 456.0 462.0 333.0 462.0 
1 2 0.7 0.7 274.0 43.0 274.0 167.0 92.0 167.0 
1 2 0.98 0.98 736.0 661.0 736.0 591.0 50.0 591.0 
1 2 0.88 0.88 680.0 492.0 680.0 749.0 119.0 749.0 
1 2 0.91 0.91 118.0 64.0 118.0 496.0 183.0 496.0 
1 2 0.71 0.71 364.0 20.0 364.0 539.0 357.0 539.0 
1 2 0.91 0.91 657.0 87.0 657.0 864.0 677.0 864.0 
1 2 0.77 0.77 427.0 101.0 427.0 26.0 14.0 26.0 
1 2 0.75 0.75 367.0 18.0 367.0 786.0 552.0 786.0 
1 2 0.79 0.79 51.0 7.0 51.0 594.0 392.0 594.0 
1 2 0.69 0.69 424.0 6.0 424.0 156.0 106.0 156.0 
1 2 0.8 0.8 121.0 75.0 121.0 433.0 81.0 433.0 
1 2 0.82 0.82 443.0 304.0 443.0 658.0 89.0 658.0 
1 2 0.96 0.96 925.0 411.0 925.0 581.0 303.0 581.0 
1 2 0.99 0.99 572.0 164.0 572.0 925.0 652.0 925.0 
1 2 0.97 0.97 151.0 87.0 151.0 492.0 194.0 492.0 
1 2 0.76 0.76 875.0 485.0 875.0 437.0 91.0 437.0 
1 2 0.89 0.89 69.0 6.0 69.0 999.0 811.0 999.0 
1 2 0.87 0.87 296.0 168.0 296.0 433.0 134.0 433.0 
1 2 0.99 0.99 573.0 212.0 573.0 467.0 290.0 467.0 
1 2 0.95 0.95 858.0 694.0 858.0 428.0 64.0 428.0 
1 2 0.98 0.98 972.0 382.0 972.0 550.0 328.0 550.0 
1 2 0.38 0.38 476.0 126.0 476.0 163.0 20.0 163.0 
1 3 0.96 0.96 476.0 126.0 476.0 163.0 20.0 163.0 883.0 509.0 883.0 
1 2 0.89 0.89 128.0 29.0 128.0 871.0 580.0 871.0 
1 2 0.87 0.87 875.0 640.0 875.0 358.0 53.0 358.0 
1 2 0.81 0.81 966.0 587.0 966.0 317.0 66.0 317.0 
1 2 0.75 0.75 468.0 84.0 468.0 898.0 514.0 898.0 
1 3 0.97 0.97 468.0 84.0 468.0 898.0 514.0 898.0 693.0 156.0 693.0 
1 2 0.09 0.09 305.0 6.0 305.0 506.0 40.0 506.0 
1 3 0.81 0.81 305.0 6.0 305.0 506.0 40.0 506.0 432.0 311.0 432.0 
1 2 0.83 0.83 713.0 89.0 713.0 981.0 698.0 981.0 
1 2 0.94 0.94 373.0 106.0 373.0 251.0 166.0 251.0 
1 2 0.7 0.7 224.0 3.0 224.0 763.0 526.0 763.0 
1 2 0.94 0.94 343.0 149.0 343.0 217.0 111.0 217.0 
1 2 0.95 0.95 918.0 688.0 918.0 379.0 78.0 379.0 
1 2 0.84 0.84 386.0 310.0 386.0 67.0 3.0 67.0 
1 2 0.61 0.61 619.0 242.0 619.0 238.0 53.0 238.0 
1 2 0.96 0.96 825.0 604.0 825.0 709.0 166.0 709.0 
1 2 0.67 0.67 673.0 396.0 673.0 919.0 82.0 919.0 
1 2 0.68 0.68 344.0 184.0 344.0 265.0 40.0 265.0 
1 2 0.92 0.92 502.0 376.0 502.0 183.0 32.0 183.0 
1 2 0.91 0.91 401.0 247.0 401.0 465.0 138.0 465.0 
1 2 0.95 0.95 639.0 606.0 639.0 522.0 6.0 522.0 
1 2 0.66 0.66 537.0 128.0 537.0 711.0 301.0 711.0 
1 2 0.79 0.79 683.0 158.0 683.0 390.0 220.0 390.0 
1 2 0.48 0.48 811.0 185.0 811.0 392.0 102.0 392.0 
1 2 0.96 0.96 140.0 99.0 140.0 381.0 100.0 381.0 
1 2 0.61 0.61 561.0 7.0 561.0 20.0 12.0 20.0 
1 2 0.75 0.75 416.0 293.0 416.0 568.0 27.0 568.0 
1 2 0.99 0.99 155.0 52.0 155.0 973.0 639.0 973.0 
1 2 0.82 0.82 709.0 219.0 709.0 76.0 39.0 76.0 
1 2 0.99 0.99 872.0 287.0 872.0 458.0 307.0 458.0 
1 2 0.81 0.81 929.0 616.0 929.0 45.0 7.0 45.0 
1 3 0.97 0.97 929.0 616.0 929.0 45.0 7.0 45.0 796.0 127.0 796.0 
1 2 0.63 0.63 474.0 279.0 474.0 391.0 19.0 391.0 
1 2 0.72 0.72 934.0 487.0 934.0 451.0 92.0 451.0 
1 2 0.93 0.93 977.0 574.0 977.0 66.0 23.0 66.0 
1 2 0.86 0.86 185.0 86.0 185.0 161.0 64.0 161.0 
1 2 0.71 0.71 748.0 9.0 748.0 389.0 273.0 389.0 
1 2 0.75 0.75 528.0 268.0 528.0 168.0 42.0 168.0 
1 2 0.63 0.63 544.0 18.0 544.0 204.0 122.0 204.0 
1 2 0.67 0.67 76.0 11.0 76.0 163.0 87.0 163.0 
1 2 0.8 0.8 887.0 222.0 887.0 9.0 5.0 9.0 
1 2 0.99 0.99 931.0 856.0 931.0 87.0 7.0 87.0 
1 2 0.85 0.85 888.0 289.0 888.0 454.0 241.0 454.0 
1 2 0.84 0.84 441.0 328.0 441.0 769.0 76.0 769.0 
1 2 0.46 0.46 994.0 403.0 994.0 281.0 16.0 281.0 
1 2 0.86 0.86 37.0 31.0 37.0 369.0 9.0 369.0 
1 2 0.8 0.8 493.0 273.0 493.0 55.0 14.0 55.0 
1 2 0.9 0.9 229.0 50.0 229.0 580.0 396.0 580.0 
1 2 0.84 0.84 331.0 167.0 331.0 737.0 249.0 737.0 
1 2 0.86 0.86 351.0 95.0 351.0 141.0 84.0 141.0 
1 2 0.9 0.9 202.0 161.0 202.0 263.0 29.0 263.0 
1 2 0.7 0.7 137.0 25.0 137.0 441.0 232.0 441.0 
1 2 0.94 0.94 284.0 249.0 284.0 767.0 51.0 767.0 
1 2 0.93 0.93 74.0 7.0 74.0 833.0 698.0 833.0 
1 2 0.99 0.99 842.0 726.0 842.0 212.0 28.0 212.0 
1 2 0.92 0.92 368.0 283.0 368.0 206.0 33.0 206.0 
1 2 0.73 0.73 56.0 9.0 56.0 565.0 324.0 565.0 
1 2 0.82 0.82 755.0 114.0 755.0 379.0 256.0 379.0 
1 2 0.88 0.88 161.0 140.0 161.0 859.0 12.0 859.0 
1 2 0.97 0.97 588.0 353.0 588.0 976.0 369.0 976.0 
1 2 0.77 0.77 166.0 39.0 166.0 579.0 314.0 579.0 
1 2 0.66 0.66 372.0 26.0 372.0 727.0 432.0 727.0 
1 3 0.89 0.89 372.0 26.0 372.0 727.0 432.0 727.0 575.0 130.0 575.0 
1 2 0.8 0.8 720.0 422.0 720.0 353.0 79.0 353.0 
1 2 0.94 0.94 41.0 31.0 41.0 316.0 61.0 316.0 
1 2 0.74 0.74 369.0 10.0 369.0 837.0 599.0 837.0 
1 2 0.92 0.92 215.0 193.0 215.0 391.0 12.0 391.0 
1 2 0.93 0.93 803.0 737.0 803.0 741.0 10.0 741.0 
1 2 0.8 0.8 736.0 559.0 736.0 244.0 11.0 244.0 
1 2 0.89 0.89 83.0 13.0 83.0 62.0 46.0 62.0 
1 2 0.95 0.95 794.0 676.0 794.0 861.0 87.0 861.0 
1 2 0.79 0.79 535.0 131.0 535.0 908.0 500.0 908.0 
1 2 0.66 0.66 930.0 483.0 930.0 805.0 121.0 805.0 
1 2 0.88 0.88 894.0 657.0 894.0 979.0 145.0 979.0 
1 2 0.91 0.91 590.0 126.0 590.0 979.0 685.0 979.0 
1 2 0.74 0.74 465.0 334.0 465.0 602.0 17.0 602.0 
1 2 0.74 0.74 594.0 128.0 594.0 470.0 247.0 470.0 
1 2 0.93 0.93 851.0 439.0 851.0 218.0 92.0 218.0 
1 2 0.73 0.73 63.0 2.0 63.0 869.0 608.0 869.0 
1 2 0.83 0.83 864.0 178.0 864.0 296.0 187.0 296.0 
1 2 0.78 0.78 695.0 467.0 695.0 866.0 97.0 866.0 
1 2 0.77 0.77 663.0 73.0 663.0 801.0 531.0 801.0 
1 2 0.93 0.93 779.0 628.0 779.0 452.0 58.0 452.0 
1 2 0.95 0.95 424.0 179.0 424.0 819.0 433.0 819.0 
1 2 0.4 0.4 56.0 16.0 56.0 933.0 110.0 933.0 
1 3 0.99 0.99 56.0 16.0 56.0 933.0 110.0 933.0 914.0 540.0 914.0 
1 2 0.68 0.68 955.0 291.0 955.0 195.0 74.0 195.0 
1 2 0.85 0.85 439.0 104.0 439.0 418.0 257.0 418.0 
1 2 0.94 0.94 408.0 138.0 408.0 796.0 486.0 796.0 
1 2 0.99 0.99 517.0 273.0 517.0 561.0 260.0 561.0 
1 2 0.68 0.68 980.0 620.0 980.0 349.0 20.0 349.0 
1 2 0.66 0.66 791.0 497.0 791.0 242.0 10.0 242.0 
1 2 0.55 0.55 84.0 14.0 84.0 688.0 269.0 688.0 
1 2 0.45 0.45 80.0 7.0 80.0 678.0 246.0 678.0 
1 2 0.93 0.93 988.0 859.0 988.0 872.0 59.0 872.0 
1 2 0.93 0.93 898.0 344.0 898.0 27.0 15.0 27.0 
1 2 0.47 0.47 822.0 346.0 822.0 691.0 35.0 691.0 
1 2 0.96 0.96 607.0 198.0 607.0 985.0 632.0 985.0 
1 2 0.57 0.57 401.0 12.0 401.0 536.0 290.0 536.0 
1 2 0.73 0.73 595.0 431.0 595.0 130.0 2.0 130.0 
1 2 0.85 0.85 219.0 39.0 219.0 440.0 298.0 440.0 
1 2 0.86 0.86 634.0 455.0 634.0 477.0 72.0 477.0 
1 2 0.78 0.78 652.0 466.0 652.0 730.0 53.0 730.0 
1 2 0.98 0.98 751.0 521.0 751.0 328.0 97.0 328.0 
1 2 0.97 0.97 503.0 361.0 503.0 227.0 58.0 227.0 
1 2 0.89 0.89 951.0 570.0 951.0 960.0 286.0 960.0 
1 2 0.87 0.87 340.0 139.0 340.0 593.0 274.0 593.0 
1 2 0.71 0.71 914.0 165.0 914.0 196.0 105.0 196.0 
1 2 0.88 0.88 257.0 69.0 257.0 731.0 452.0 731.0 
1 2 0.78 0.78 186.0 141.0 186.0 927.0 29.0 927.0 
1 2 0.77 0.77 361.0 39.0 361.0 833.0 556.0 833.0 
1 2 0.96 0.96 948.0 620.0 948.0 127.0 40.0 127.0 
