1 2 0.87 0.87 42.0 30.0 42.0 25.0 4.0 25.0 
1 2 0.06 0.06 547.0 31.0 547.0 603.0 4.0 603.0 
1 3 0.67 0.67 547.0 31.0 547.0 603.0 4.0 603.0 116.0 71.0 116.0 
1 2 0.53 0.53 620.0 214.0 620.0 847.0 162.0 847.0 
1 2 0.56 0.56 370.0 97.0 370.0 13.0 4.0 13.0 
1 3 0.69 0.69 370.0 97.0 370.0 13.0 4.0 13.0 499.0 64.0 499.0 
1 2 0.42 0.42 109.0 45.0 109.0 650.0 11.0 650.0 
1 2 0.29 0.29 944.0 228.0 944.0 467.0 25.0 467.0 
1 3 0.46 0.46 944.0 228.0 944.0 467.0 25.0 467.0 106.0 18.0 106.0 
1 4 0.54 0.54 944.0 228.0 944.0 467.0 25.0 467.0 106.0 18.0 106.0 25.0 2.0 25.0 
1 5 0.56 0.56 944.0 228.0 944.0 467.0 25.0 467.0 106.0 18.0 106.0 25.0 2.0 25.0 176.0 4.0 176.0 
1 2 0.48 0.48 129.0 51.0 129.0 235.0 20.0 235.0 
1 2 0.47 0.47 815.0 204.0 815.0 481.0 108.0 481.0 
1 3 0.72 0.72 815.0 204.0 815.0 481.0 108.0 481.0 416.0 102.0 416.0 
1 2 0.52 0.52 46.0 7.0 46.0 967.0 365.0 967.0 
1 2 0.95 0.95 537.0 136.0 537.0 624.0 435.0 624.0 
1 2 0.19 0.19 505.0 85.0 505.0 784.0 20.0 784.0 
1 3 0.77 0.77 505.0 85.0 505.0 784.0 20.0 784.0 632.0 368.0 632.0 
1 2 0.57 0.57 766.0 207.0 766.0 556.0 169.0 556.0 
1 3 0.82 0.82 766.0 207.0 766.0 556.0 169.0 556.0 302.0 76.0 302.0 
1 2 0.24 0.24 142.0 7.0 142.0 975.0 193.0 975.0 
1 3 0.64 0.64 142.0 7.0 142.0 975.0 193.0 975.0 5.0 2.0 5.0 
1 4 0.96 0.96 142.0 7.0 142.0 975.0 193.0 975.0 5.0 2.0 5.0 369.0 116.0 369.0 
1 5 0.98 0.98 142.0 7.0 142.0 975.0 193.0 975.0 5.0 2.0 5.0 369.0 116.0 369.0 261.0 5.0 261.0 
1 2 0.33 0.33 872.0 177.0 872.0 395.0 51.0 395.0 
1 3 0.68 0.68 872.0 177.0 872.0 395.0 51.0 395.0 278.0 97.0 278.0 
1 4 0.91 0.91 872.0 177.0 872.0 395.0 51.0 395.0 278.0 97.0 278.0 534.0 123.0 534.0 
1 2 0.44 0.44 708.0 196.0 708.0 870.0 146.0 870.0 
1 3 0.82 0.82 708.0 196.0 708.0 870.0 146.0 870.0 718.0 271.0 718.0 
1 2 0.8 0.8 385.0 179.0 385.0 259.0 88.0 259.0 
1 2 0.27 0.27 436.0 43.0 436.0 637.0 113.0 637.0 
1 3 0.33 0.33 436.0 43.0 436.0 637.0 113.0 637.0 627.0 38.0 627.0 
1 4 0.73 0.73 436.0 43.0 436.0 637.0 113.0 637.0 627.0 38.0 627.0 429.0 169.0 429.0 
1 2 0.79 0.79 755.0 347.0 755.0 651.0 220.0 651.0 
1 2 0.61 0.61 128.0 44.0 128.0 236.0 64.0 236.0 
1 3 0.62 0.62 128.0 44.0 128.0 236.0 64.0 236.0 682.0 4.0 682.0 
1 4 0.75 0.75 128.0 44.0 128.0 236.0 64.0 236.0 682.0 4.0 682.0 81.0 11.0 81.0 
1 5 0.85 0.85 128.0 44.0 128.0 236.0 64.0 236.0 682.0 4.0 682.0 81.0 11.0 81.0 862.0 81.0 862.0 
1 6 0.95 0.95 128.0 44.0 128.0 236.0 64.0 236.0 682.0 4.0 682.0 81.0 11.0 81.0 862.0 81.0 862.0 110.0 12.0 110.0 
1 2 0.34 0.34 773.0 32.0 773.0 746.0 225.0 746.0 
1 3 0.6 0.6 773.0 32.0 773.0 746.0 225.0 746.0 853.0 220.0 853.0 
1 4 0.99 0.99 773.0 32.0 773.0 746.0 225.0 746.0 853.0 220.0 853.0 344.0 137.0 344.0 
1 2 0.6 0.6 712.0 170.0 712.0 762.0 278.0 762.0 
1 3 0.98 0.98 712.0 170.0 712.0 762.0 278.0 762.0 100.0 38.0 100.0 
1 2 0.87 0.87 644.0 108.0 644.0 831.0 585.0 831.0 
1 2 0.81 0.81 374.0 125.0 374.0 787.0 382.0 787.0 
1 3 0.93 0.93 374.0 125.0 374.0 787.0 382.0 787.0 353.0 42.0 353.0 
1 2 0.29 0.29 566.0 11.0 566.0 201.0 55.0 201.0 
1 3 0.76 0.76 566.0 11.0 566.0 201.0 55.0 201.0 235.0 110.0 235.0 
1 4 0.89 0.89 566.0 11.0 566.0 201.0 55.0 201.0 235.0 110.0 235.0 713.0 96.0 713.0 
1 2 0.69 0.69 49.0 7.0 49.0 695.0 384.0 695.0 
1 2 0.72 0.72 601.0 413.0 601.0 632.0 23.0 632.0 
1 2 0.97 0.97 312.0 45.0 312.0 208.0 173.0 208.0 
1 2 0.68 0.68 218.0 106.0 218.0 419.0 84.0 419.0 
1 3 0.93 0.93 218.0 106.0 218.0 419.0 84.0 419.0 435.0 108.0 435.0 
1 2 0.46 0.46 408.0 32.0 408.0 442.0 172.0 442.0 
1 3 0.8 0.8 408.0 32.0 408.0 442.0 172.0 442.0 376.0 125.0 376.0 
1 2 0.55 0.55 154.0 74.0 154.0 297.0 22.0 297.0 
1 3 0.63 0.63 154.0 74.0 154.0 297.0 22.0 297.0 309.0 25.0 309.0 
1 4 0.85 0.85 154.0 74.0 154.0 297.0 22.0 297.0 309.0 25.0 309.0 428.0 95.0 428.0 
1 5 0.94 0.94 154.0 74.0 154.0 297.0 22.0 297.0 309.0 25.0 309.0 428.0 95.0 428.0 153.0 14.0 153.0 
1 2 0.17 0.17 130.0 3.0 130.0 489.0 73.0 489.0 
1 3 0.58 0.58 130.0 3.0 130.0 489.0 73.0 489.0 185.0 76.0 185.0 
1 2 0.74 0.74 150.0 110.0 150.0 821.0 6.0 821.0 
1 3 0.8 0.8 150.0 110.0 150.0 821.0 6.0 821.0 807.0 48.0 807.0 
1 2 0.85 0.85 24.0 11.0 24.0 5.0 2.0 5.0 
1 3 0.9 0.9 24.0 11.0 24.0 5.0 2.0 5.0 301.0 14.0 301.0 
1 2 0.33 0.33 871.0 71.0 871.0 623.0 160.0 623.0 
1 3 0.46 0.46 871.0 71.0 871.0 623.0 160.0 623.0 499.0 64.0 499.0 
1 4 0.68 0.68 871.0 71.0 871.0 623.0 160.0 623.0 499.0 64.0 499.0 818.0 181.0 818.0 
1 2 0.57 0.57 468.0 97.0 468.0 220.0 81.0 220.0 
1 2 0.36 0.36 157.0 5.0 157.0 462.0 153.0 462.0 
1 3 0.54 0.54 157.0 5.0 157.0 462.0 153.0 462.0 521.0 97.0 521.0 
1 2 0.69 0.69 816.0 487.0 816.0 511.0 52.0 511.0 
1 2 0.91 0.91 406.0 13.0 406.0 649.0 573.0 649.0 
1 2 0.4 0.4 825.0 333.0 825.0 995.0 2.0 995.0 
1 3 0.6 0.6 825.0 333.0 825.0 995.0 2.0 995.0 25.0 5.0 25.0 
1 4 0.62 0.62 825.0 333.0 825.0 995.0 2.0 995.0 25.0 5.0 25.0 588.0 12.0 588.0 
1 2 0.68 0.68 883.0 144.0 883.0 555.0 290.0 555.0 
1 2 0.73 0.73 919.0 416.0 919.0 490.0 139.0 490.0 
1 2 0.43 0.43 603.0 85.0 603.0 99.0 29.0 99.0 
1 3 0.75 0.75 603.0 85.0 603.0 99.0 29.0 99.0 116.0 37.0 116.0 
1 4 0.81 0.81 603.0 85.0 603.0 99.0 29.0 99.0 116.0 37.0 116.0 68.0 4.0 68.0 
1 2 0.56 0.56 670.0 255.0 670.0 187.0 35.0 187.0 
1 3 0.72 0.72 670.0 255.0 670.0 187.0 35.0 187.0 320.0 49.0 320.0 
1 2 0.86 0.86 980.0 439.0 980.0 463.0 191.0 463.0 
1 2 0.73 0.73 193.0 75.0 193.0 794.0 272.0 794.0 
1 3 0.77 0.77 193.0 75.0 193.0 794.0 272.0 794.0 343.0 15.0 343.0 
1 2 0.36 0.36 593.0 126.0 593.0 136.0 21.0 136.0 
1 3 0.7 0.7 593.0 126.0 593.0 136.0 21.0 136.0 990.0 330.0 990.0 
1 2 0.84 0.84 728.0 366.0 728.0 884.0 304.0 884.0 
1 2 0.34 0.34 119.0 25.0 119.0 404.0 53.0 404.0 
1 3 0.78 0.78 119.0 25.0 119.0 404.0 53.0 404.0 712.0 314.0 712.0 
1 2 0.63 0.63 755.0 210.0 755.0 639.0 226.0 639.0 
1 2 0.65 0.65 665.0 261.0 665.0 170.0 45.0 170.0 
1 3 0.72 0.72 665.0 261.0 665.0 170.0 45.0 170.0 429.0 31.0 429.0 
1 2 0.27 0.27 877.0 80.0 877.0 483.0 88.0 483.0 
1 3 0.64 0.64 877.0 80.0 877.0 483.0 88.0 483.0 491.0 183.0 491.0 
1 4 0.81 0.81 877.0 80.0 877.0 483.0 88.0 483.0 491.0 183.0 491.0 310.0 51.0 310.0 
1 2 0.95 0.95 999.0 330.0 999.0 89.0 56.0 89.0 
1 2 0.46 0.46 838.0 31.0 838.0 731.0 313.0 731.0 
1 2 0.24 0.24 953.0 60.0 953.0 11.0 2.0 11.0 
1 3 0.27 0.27 953.0 60.0 953.0 11.0 2.0 11.0 316.0 9.0 316.0 
1 4 0.77 0.77 953.0 60.0 953.0 11.0 2.0 11.0 316.0 9.0 316.0 424.0 213.0 424.0 
1 5 0.87 0.87 953.0 60.0 953.0 11.0 2.0 11.0 316.0 9.0 316.0 424.0 213.0 424.0 763.0 75.0 763.0 
1 2 0.91 0.91 404.0 114.0 404.0 666.0 421.0 666.0 
1 2 0.43 0.43 12.0 1.0 12.0 968.0 339.0 968.0 
1 3 0.58 0.58 12.0 1.0 12.0 968.0 339.0 968.0 387.0 60.0 387.0 
1 4 0.78 0.78 12.0 1.0 12.0 968.0 339.0 968.0 387.0 60.0 387.0 794.0 158.0 794.0 
1 2 0.91 0.91 54.0 13.0 54.0 403.0 272.0 403.0 
1 2 0.52 0.52 958.0 105.0 958.0 161.0 67.0 161.0 
1 3 0.85 0.85 958.0 105.0 958.0 161.0 67.0 161.0 652.0 214.0 652.0 
1 4 0.93 0.93 958.0 105.0 958.0 161.0 67.0 161.0 652.0 214.0 652.0 24.0 2.0 24.0 
1 2 0.51 0.51 118.0 57.0 118.0 152.0 5.0 152.0 
1 3 0.78 0.78 118.0 57.0 118.0 152.0 5.0 152.0 49.0 13.0 49.0 
1 4 0.99 0.99 118.0 57.0 118.0 152.0 5.0 152.0 49.0 13.0 49.0 765.0 160.0 765.0 
1 2 0.66 0.66 128.0 12.0 128.0 202.0 115.0 202.0 
1 2 0.34 0.34 767.0 211.0 767.0 818.0 57.0 818.0 
1 3 0.51 0.51 767.0 211.0 767.0 818.0 57.0 818.0 159.0 27.0 159.0 
1 4 0.94 0.94 767.0 211.0 767.0 818.0 57.0 818.0 159.0 27.0 159.0 291.0 125.0 291.0 
1 2 0.7 0.7 88.0 27.0 88.0 935.0 368.0 935.0 
1 2 0.33 0.33 225.0 42.0 225.0 141.0 21.0 141.0 
1 3 0.57 0.57 225.0 42.0 225.0 141.0 21.0 141.0 438.0 107.0 438.0 
1 2 0.42 0.42 620.0 213.0 620.0 93.0 8.0 93.0 
1 3 0.92 0.92 620.0 213.0 620.0 93.0 8.0 93.0 866.0 432.0 866.0 
1 2 0.68 0.68 493.0 266.0 493.0 304.0 45.0 304.0 
1 2 0.69 0.69 795.0 179.0 795.0 496.0 235.0 496.0 
1 2 0.4 0.4 250.0 27.0 250.0 897.0 263.0 897.0 
1 3 0.76 0.76 250.0 27.0 250.0 897.0 263.0 897.0 848.0 310.0 848.0 
1 2 0.16 0.16 439.0 28.0 439.0 31.0 3.0 31.0 
1 3 0.53 0.53 439.0 28.0 439.0 31.0 3.0 31.0 256.0 95.0 256.0 
1 2 0.99 0.99 447.0 440.0 447.0 272.0 4.0 272.0 
1 2 0.92 0.92 296.0 265.0 296.0 152.0 5.0 152.0 
1 2 0.72 0.72 956.0 271.0 956.0 547.0 240.0 547.0 
1 3 0.88 0.88 956.0 271.0 956.0 547.0 240.0 547.0 54.0 9.0 54.0 
1 2 0.81 0.81 754.0 360.0 754.0 663.0 223.0 663.0 
1 2 0.66 0.66 398.0 124.0 398.0 297.0 105.0 297.0 
1 2 0.39 0.39 283.0 46.0 283.0 131.0 31.0 131.0 
1 3 0.46 0.46 283.0 46.0 283.0 131.0 31.0 131.0 525.0 36.0 525.0 
1 2 0.34 0.34 664.0 207.0 664.0 650.0 21.0 650.0 
1 3 0.93 0.93 664.0 207.0 664.0 650.0 21.0 650.0 501.0 297.0 501.0 
1 2 0.68 0.68 391.0 80.0 391.0 580.0 277.0 580.0 
1 2 0.6 0.6 574.0 276.0 574.0 790.0 100.0 790.0 
1 3 0.95 0.95 574.0 276.0 574.0 790.0 100.0 790.0 541.0 186.0 541.0 
1 2 0.33 0.33 959.0 118.0 959.0 945.0 197.0 945.0 
1 2 0.62 0.62 699.0 52.0 699.0 637.0 351.0 637.0 
1 3 0.96 0.96 699.0 52.0 699.0 637.0 351.0 637.0 325.0 109.0 325.0 
1 2 0.89 0.89 560.0 103.0 560.0 76.0 54.0 76.0 
1 2 0.77 0.77 154.0 80.0 154.0 742.0 191.0 742.0 
1 2 0.15 0.15 643.0 30.0 643.0 174.0 19.0 174.0 
1 3 0.44 0.44 643.0 30.0 643.0 174.0 19.0 174.0 52.0 15.0 52.0 
1 4 0.63 0.63 643.0 30.0 643.0 174.0 19.0 174.0 52.0 15.0 52.0 908.0 173.0 908.0 
1 5 0.78 0.78 643.0 30.0 643.0 174.0 19.0 174.0 52.0 15.0 52.0 908.0 173.0 908.0 993.0 149.0 993.0 
1 2 0.57 0.57 926.0 87.0 926.0 892.0 431.0 892.0 
1 3 0.96 0.96 926.0 87.0 926.0 892.0 431.0 892.0 173.0 67.0 173.0 
1 2 0.53 0.53 114.0 50.0 114.0 162.0 15.0 162.0 
1 2 0.48 0.48 533.0 100.0 533.0 263.0 77.0 263.0 
1 3 0.49 0.49 533.0 100.0 533.0 263.0 77.0 263.0 622.0 8.0 622.0 
1 4 0.73 0.73 533.0 100.0 533.0 263.0 77.0 263.0 622.0 8.0 622.0 829.0 203.0 829.0 
1 2 0.54 0.54 970.0 482.0 970.0 731.0 33.0 731.0 
1 3 0.69 0.69 970.0 482.0 970.0 731.0 33.0 731.0 244.0 37.0 244.0 
1 2 0.48 0.48 764.0 150.0 764.0 845.0 242.0 845.0 
1 3 0.89 0.89 764.0 150.0 764.0 845.0 242.0 845.0 370.0 154.0 370.0 
1 2 0.23 0.23 992.0 3.0 992.0 277.0 64.0 277.0 
1 3 0.76 0.76 992.0 3.0 992.0 277.0 64.0 277.0 898.0 478.0 898.0 
1 4 0.87 0.87 992.0 3.0 992.0 277.0 64.0 277.0 898.0 478.0 898.0 347.0 39.0 347.0 
1 2 0.59 0.59 465.0 90.0 465.0 163.0 66.0 163.0 
1 2 0.79 0.79 886.0 446.0 886.0 292.0 86.0 292.0 
1 3 0.87 0.87 886.0 446.0 886.0 292.0 86.0 292.0 77.0 6.0 77.0 
1 2 0.2 0.2 696.0 48.0 696.0 821.0 108.0 821.0 
1 2 0.5 0.5 931.0 23.0 931.0 667.0 320.0 667.0 
1 3 0.63 0.63 931.0 23.0 931.0 667.0 320.0 667.0 736.0 99.0 736.0 
1 2 0.76 0.76 328.0 82.0 328.0 123.0 63.0 123.0 
1 2 0.55 0.55 350.0 38.0 350.0 783.0 349.0 783.0 
1 2 0.37 0.37 317.0 35.0 317.0 929.0 245.0 929.0 
1 3 0.47 0.47 317.0 35.0 317.0 929.0 245.0 929.0 137.0 14.0 137.0 
1 4 0.57 0.57 317.0 35.0 317.0 929.0 245.0 929.0 137.0 14.0 137.0 679.0 69.0 679.0 
1 5 0.63 0.63 317.0 35.0 317.0 929.0 245.0 929.0 137.0 14.0 137.0 679.0 69.0 679.0 795.0 48.0 795.0 
1 2 0.76 0.76 800.0 52.0 800.0 765.0 532.0 765.0 
1 2 0.93 0.93 736.0 157.0 736.0 885.0 642.0 885.0 
1 2 0.57 0.57 848.0 107.0 848.0 376.0 167.0 376.0 
1 2 0.98 0.98 376.0 186.0 376.0 70.0 34.0 70.0 
1 2 0.54 0.54 403.0 167.0 403.0 538.0 70.0 538.0 
1 3 0.74 0.74 403.0 167.0 403.0 538.0 70.0 538.0 212.0 42.0 212.0 
1 2 0.87 0.87 576.0 196.0 576.0 271.0 145.0 271.0 
1 2 0.79 0.79 533.0 63.0 533.0 72.0 49.0 72.0 
1 2 0.83 0.83 955.0 190.0 955.0 25.0 16.0 25.0 
1 2 0.56 0.56 764.0 122.0 764.0 679.0 274.0 679.0 
1 2 0.54 0.54 552.0 161.0 552.0 729.0 188.0 729.0 
1 2 0.69 0.69 136.0 37.0 136.0 318.0 136.0 318.0 
1 2 0.57 0.57 188.0 45.0 188.0 788.0 267.0 788.0 
1 3 0.9 0.9 188.0 45.0 188.0 788.0 267.0 788.0 388.0 125.0 388.0 
1 2 0.85 0.85 962.0 634.0 962.0 243.0 47.0 243.0 
1 2 0.58 0.58 555.0 243.0 555.0 805.0 117.0 805.0 
1 2 0.62 0.62 168.0 74.0 168.0 971.0 178.0 971.0 
1 3 0.85 0.85 168.0 74.0 168.0 971.0 178.0 971.0 358.0 81.0 358.0 
1 4 0.86 0.86 168.0 74.0 168.0 971.0 178.0 971.0 358.0 81.0 358.0 626.0 7.0 626.0 
1 2 0.68 0.68 145.0 72.0 145.0 883.0 163.0 883.0 
1 2 0.5 0.5 285.0 97.0 285.0 936.0 150.0 936.0 
1 3 0.71 0.71 285.0 97.0 285.0 936.0 150.0 936.0 373.0 81.0 373.0 
1 2 0.51 0.51 255.0 10.0 255.0 260.0 123.0 260.0 
1 2 0.96 0.96 5.0 3.0 5.0 258.0 95.0 258.0 
1 2 0.53 0.53 373.0 124.0 373.0 151.0 31.0 151.0 
1 3 0.77 0.77 373.0 124.0 373.0 151.0 31.0 151.0 785.0 190.0 785.0 
1 2 0.19 0.19 646.0 68.0 646.0 760.0 70.0 760.0 
1 3 0.2 0.2 646.0 68.0 646.0 760.0 70.0 760.0 926.0 5.0 926.0 
1 4 0.64 0.64 646.0 68.0 646.0 760.0 70.0 760.0 926.0 5.0 926.0 635.0 280.0 635.0 
1 5 0.73 0.73 646.0 68.0 646.0 760.0 70.0 760.0 926.0 5.0 926.0 635.0 280.0 635.0 611.0 55.0 611.0 
1 6 0.89 0.89 646.0 68.0 646.0 760.0 70.0 760.0 926.0 5.0 926.0 635.0 280.0 635.0 611.0 55.0 611.0 756.0 125.0 756.0 
1 2 0.47 0.47 882.0 89.0 882.0 95.0 36.0 95.0 
1 2 0.8 0.8 487.0 202.0 487.0 701.0 275.0 701.0 
1 2 0.61 0.61 155.0 35.0 155.0 498.0 195.0 498.0 
1 3 0.82 0.82 155.0 35.0 155.0 498.0 195.0 498.0 625.0 127.0 625.0 
1 2 0.5 0.5 695.0 225.0 695.0 115.0 21.0 115.0 
1 3 0.64 0.64 695.0 225.0 695.0 115.0 21.0 115.0 578.0 82.0 578.0 
1 4 0.91 0.91 695.0 225.0 695.0 115.0 21.0 115.0 578.0 82.0 578.0 214.0 57.0 214.0 
1 2 0.19 0.19 716.0 109.0 716.0 720.0 32.0 720.0 
1 3 0.99 0.99 716.0 109.0 716.0 720.0 32.0 720.0 377.0 301.0 377.0 
1 2 0.76 0.76 887.0 4.0 887.0 51.0 39.0 51.0 
1 2 0.81 0.81 226.0 101.0 226.0 448.0 165.0 448.0 
1 2 0.87 0.87 500.0 221.0 500.0 875.0 383.0 875.0 
1 2 0.41 0.41 991.0 109.0 991.0 453.0 136.0 453.0 
1 3 0.96 0.96 991.0 109.0 991.0 453.0 136.0 453.0 998.0 556.0 998.0 
1 2 0.92 0.92 327.0 43.0 327.0 647.0 514.0 647.0 
1 2 0.69 0.69 758.0 16.0 758.0 816.0 546.0 816.0 
1 2 0.95 0.95 648.0 465.0 648.0 243.0 58.0 243.0 
1 2 0.38 0.38 216.0 32.0 216.0 325.0 76.0 325.0 
1 3 0.7 0.7 216.0 32.0 216.0 325.0 76.0 325.0 531.0 172.0 531.0 
1 4 0.99 0.99 216.0 32.0 216.0 325.0 76.0 325.0 531.0 172.0 531.0 662.0 192.0 662.0 
1 2 0.17 0.17 89.0 12.0 89.0 364.0 16.0 364.0 
1 3 0.21 0.21 89.0 12.0 89.0 364.0 16.0 364.0 830.0 27.0 830.0 
1 2 0.36 0.36 826.0 173.0 826.0 564.0 87.0 564.0 
1 2 0.18 0.18 230.0 34.0 230.0 579.0 20.0 579.0 
1 2 0.24 0.24 85.0 8.0 85.0 566.0 83.0 566.0 
1 3 0.31 0.31 85.0 8.0 85.0 566.0 83.0 566.0 770.0 59.0 770.0 
1 4 0.35 0.35 85.0 8.0 85.0 566.0 83.0 566.0 770.0 59.0 770.0 788.0 27.0 788.0 
1 5 0.64 0.64 85.0 8.0 85.0 566.0 83.0 566.0 770.0 59.0 770.0 788.0 27.0 788.0 902.0 266.0 902.0 
1 2 0.33 0.33 496.0 151.0 496.0 111.0 3.0 111.0 
1 3 0.56 0.56 496.0 151.0 496.0 111.0 3.0 111.0 865.0 199.0 865.0 
1 2 0.62 0.62 464.0 6.0 464.0 169.0 104.0 169.0 
1 2 0.62 0.62 353.0 154.0 353.0 723.0 135.0 723.0 
1 3 0.8 0.8 353.0 154.0 353.0 723.0 135.0 723.0 562.0 102.0 562.0 
1 2 0.9 0.9 420.0 82.0 420.0 475.0 339.0 475.0 
1 2 0.53 0.53 743.0 51.0 743.0 170.0 79.0 170.0 
1 3 0.67 0.67 743.0 51.0 743.0 170.0 79.0 170.0 306.0 43.0 306.0 
1 4 0.82 0.82 743.0 51.0 743.0 170.0 79.0 170.0 306.0 43.0 306.0 327.0 50.0 327.0 
1 2 0.88 0.88 441.0 357.0 441.0 563.0 43.0 563.0 
1 2 0.58 0.58 756.0 62.0 756.0 971.0 485.0 971.0 
1 3 0.93 0.93 756.0 62.0 756.0 971.0 485.0 971.0 903.0 323.0 903.0 
1 2 0.96 0.96 952.0 443.0 952.0 294.0 146.0 294.0 
1 2 0.8 0.8 647.0 263.0 647.0 45.0 18.0 45.0 
1 2 0.36 0.36 993.0 198.0 993.0 783.0 127.0 783.0 
1 2 0.98 0.98 511.0 237.0 511.0 945.0 492.0 945.0 
1 2 0.63 0.63 44.0 21.0 44.0 368.0 58.0 368.0 
1 3 0.72 0.72 44.0 21.0 44.0 368.0 58.0 368.0 385.0 35.0 385.0 
1 2 0.7 0.7 470.0 199.0 470.0 373.0 105.0 373.0 
1 3 0.95 0.95 470.0 199.0 470.0 373.0 105.0 373.0 227.0 56.0 227.0 
1 2 0.5 0.5 548.0 98.0 548.0 730.0 236.0 730.0 
1 2 0.65 0.65 63.0 33.0 63.0 630.0 80.0 630.0 
1 2 0.31 0.31 466.0 62.0 466.0 947.0 174.0 947.0 
1 3 0.56 0.56 466.0 62.0 466.0 947.0 174.0 947.0 540.0 132.0 540.0 
1 2 0.59 0.59 38.0 11.0 38.0 252.0 77.0 252.0 
1 2 0.51 0.51 101.0 12.0 101.0 355.0 140.0 355.0 
1 3 0.7 0.7 101.0 12.0 101.0 355.0 140.0 355.0 560.0 110.0 560.0 
1 2 0.58 0.58 495.0 121.0 495.0 373.0 127.0 373.0 
1 2 0.66 0.66 360.0 235.0 360.0 271.0 4.0 271.0 
1 3 0.78 0.78 360.0 235.0 360.0 271.0 4.0 271.0 837.0 99.0 837.0 
1 2 0.38 0.38 110.0 9.0 110.0 153.0 47.0 153.0 
1 3 0.84 0.84 110.0 9.0 110.0 153.0 47.0 153.0 977.0 450.0 977.0 
1 2 0.87 0.87 374.0 316.0 374.0 568.0 17.0 568.0 
1 2 0.22 0.22 41.0 2.0 41.0 789.0 136.0 789.0 
1 3 0.68 0.68 41.0 2.0 41.0 789.0 136.0 789.0 804.0 369.0 804.0 
1 2 0.56 0.56 435.0 166.0 435.0 621.0 113.0 621.0 
1 3 0.81 0.81 435.0 166.0 435.0 621.0 113.0 621.0 162.0 40.0 162.0 
1 2 0.59 0.59 625.0 200.0 625.0 932.0 256.0 932.0 
1 3 0.73 0.73 625.0 200.0 625.0 932.0 256.0 932.0 722.0 100.0 722.0 
1 4 0.77 0.77 625.0 200.0 625.0 932.0 256.0 932.0 722.0 100.0 722.0 546.0 22.0 546.0 
1 5 0.93 0.93 625.0 200.0 625.0 932.0 256.0 932.0 722.0 100.0 722.0 546.0 22.0 546.0 195.0 31.0 195.0 
1 6 0.99 0.99 625.0 200.0 625.0 932.0 256.0 932.0 722.0 100.0 722.0 546.0 22.0 546.0 195.0 31.0 195.0 678.0 45.0 678.0 
1 2 0.41 0.41 803.0 125.0 803.0 933.0 242.0 933.0 
1 2 0.92 0.92 38.0 11.0 38.0 148.0 94.0 148.0 
1 2 0.38 0.38 640.0 95.0 640.0 179.0 42.0 179.0 
1 3 0.45 0.45 640.0 95.0 640.0 179.0 42.0 179.0 664.0 48.0 664.0 
1 4 0.48 0.48 640.0 95.0 640.0 179.0 42.0 179.0 664.0 48.0 664.0 286.0 8.0 286.0 
1 5 0.79 0.79 640.0 95.0 640.0 179.0 42.0 179.0 664.0 48.0 664.0 286.0 8.0 286.0 310.0 96.0 310.0 
1 2 0.4 0.4 869.0 221.0 869.0 656.0 102.0 656.0 
1 3 0.58 0.58 869.0 221.0 869.0 656.0 102.0 656.0 795.0 141.0 795.0 
1 4 0.79 0.79 869.0 221.0 869.0 656.0 102.0 656.0 795.0 141.0 795.0 690.0 142.0 690.0 
1 5 0.89 0.89 869.0 221.0 869.0 656.0 102.0 656.0 795.0 141.0 795.0 690.0 142.0 690.0 788.0 78.0 788.0 
1 2 0.74 0.74 60.0 12.0 60.0 714.0 387.0 714.0 
1 2 0.5 0.5 269.0 107.0 269.0 603.0 63.0 603.0 
1 3 0.75 0.75 269.0 107.0 269.0 603.0 63.0 603.0 39.0 10.0 39.0 
1 2 0.9 0.9 529.0 141.0 529.0 496.0 315.0 496.0 
1 2 0.59 0.59 514.0 307.0 514.0 600.0 1.0 600.0 
1 3 0.64 0.64 514.0 307.0 514.0 600.0 1.0 600.0 555.0 28.0 555.0 
1 4 0.7 0.7 514.0 307.0 514.0 600.0 1.0 600.0 555.0 28.0 555.0 382.0 23.0 382.0 
1 5 0.97 0.97 514.0 307.0 514.0 600.0 1.0 600.0 555.0 28.0 555.0 382.0 23.0 382.0 900.0 240.0 900.0 
1 2 0.59 0.59 164.0 3.0 164.0 594.0 342.0 594.0 
1 3 0.88 0.88 164.0 3.0 164.0 594.0 342.0 594.0 396.0 115.0 396.0 
1 2 0.61 0.61 786.0 150.0 786.0 564.0 239.0 564.0 
1 2 0.53 0.53 856.0 60.0 856.0 924.0 432.0 924.0 
1 2 0.84 0.84 46.0 19.0 46.0 14.0 6.0 14.0 
1 3 0.99 0.99 46.0 19.0 46.0 14.0 6.0 14.0 817.0 129.0 817.0 
1 2 0.8 0.8 982.0 269.0 982.0 909.0 486.0 909.0 
1 3 0.81 0.81 982.0 269.0 982.0 909.0 486.0 909.0 401.0 4.0 401.0 
1 2 0.4 0.4 252.0 81.0 252.0 682.0 58.0 682.0 
1 3 0.97 0.97 252.0 81.0 252.0 682.0 58.0 682.0 607.0 346.0 607.0 
1 2 0.74 0.74 810.0 71.0 810.0 218.0 143.0 218.0 
1 2 0.49 0.49 12.0 4.0 12.0 980.0 161.0 980.0 
1 3 0.65 0.65 12.0 4.0 12.0 980.0 161.0 980.0 504.0 80.0 504.0 
1 2 0.8 0.8 984.0 597.0 984.0 779.0 155.0 779.0 
1 2 0.5 0.5 329.0 43.0 329.0 340.0 128.0 340.0 
1 3 0.72 0.72 329.0 43.0 329.0 340.0 128.0 340.0 253.0 54.0 253.0 
1 2 0.15 0.15 348.0 49.0 348.0 493.0 8.0 493.0 
1 3 0.37 0.37 348.0 49.0 348.0 493.0 8.0 493.0 216.0 47.0 216.0 
1 2 0.53 0.53 988.0 432.0 988.0 149.0 14.0 149.0 
1 3 0.54 0.54 988.0 432.0 988.0 149.0 14.0 149.0 708.0 11.0 708.0 
1 4 0.67 0.67 988.0 432.0 988.0 149.0 14.0 149.0 708.0 11.0 708.0 792.0 101.0 792.0 
1 5 0.98 0.98 988.0 432.0 988.0 149.0 14.0 149.0 708.0 11.0 708.0 792.0 101.0 792.0 842.0 265.0 842.0 
1 2 0.41 0.41 913.0 13.0 913.0 761.0 306.0 761.0 
1 3 0.7 0.7 913.0 13.0 913.0 761.0 306.0 761.0 372.0 106.0 372.0 
1 4 0.78 0.78 913.0 13.0 913.0 761.0 306.0 761.0 372.0 106.0 372.0 987.0 82.0 987.0 
1 2 0.94 0.94 943.0 823.0 943.0 808.0 57.0 808.0 
1 2 0.55 0.55 846.0 56.0 846.0 388.0 191.0 388.0 
1 3 0.97 0.97 846.0 56.0 846.0 388.0 191.0 388.0 975.0 406.0 975.0 
1 2 0.67 0.67 77.0 47.0 77.0 385.0 24.0 385.0 
1 3 0.69 0.69 77.0 47.0 77.0 385.0 24.0 385.0 202.0 4.0 202.0 
1 2 0.99 0.99 506.0 183.0 506.0 73.0 46.0 73.0 
1 2 0.43 0.43 746.0 68.0 746.0 490.0 170.0 490.0 
1 2 0.4 0.4 376.0 108.0 376.0 697.0 80.0 697.0 
1 3 0.89 0.89 376.0 108.0 376.0 697.0 80.0 697.0 589.0 291.0 589.0 
1 2 0.62 0.62 214.0 45.0 214.0 926.0 385.0 926.0 
1 3 0.74 0.74 214.0 45.0 214.0 926.0 385.0 926.0 641.0 75.0 641.0 
1 4 0.79 0.79 214.0 45.0 214.0 926.0 385.0 926.0 641.0 75.0 641.0 170.0 8.0 170.0 
1 2 0.27 0.27 78.0 15.0 78.0 350.0 29.0 350.0 
1 3 0.39 0.39 78.0 15.0 78.0 350.0 29.0 350.0 66.0 8.0 66.0 
1 4 0.81 0.81 78.0 15.0 78.0 350.0 29.0 350.0 66.0 8.0 66.0 91.0 38.0 91.0 
1 2 0.48 0.48 489.0 74.0 489.0 321.0 108.0 321.0 
1 3 0.53 0.53 489.0 74.0 489.0 321.0 108.0 321.0 586.0 25.0 586.0 
1 2 0.77 0.77 773.0 267.0 773.0 235.0 102.0 235.0 
1 3 0.93 0.93 773.0 267.0 773.0 235.0 102.0 235.0 898.0 136.0 898.0 
1 2 0.89 0.89 322.0 215.0 322.0 414.0 93.0 414.0 
1 2 0.88 0.88 481.0 330.0 481.0 129.0 26.0 129.0 
1 2 0.4 0.4 445.0 89.0 445.0 621.0 128.0 621.0 
1 3 0.98 0.98 445.0 89.0 445.0 621.0 128.0 621.0 521.0 303.0 521.0 
1 2 0.93 0.93 350.0 285.0 350.0 107.0 13.0 107.0 
1 2 0.85 0.85 488.0 106.0 488.0 781.0 499.0 781.0 
1 2 0.62 0.62 518.0 110.0 518.0 424.0 176.0 424.0 
1 2 0.76 0.76 381.0 136.0 381.0 699.0 285.0 699.0 
1 2 0.7 0.7 776.0 157.0 776.0 558.0 281.0 558.0 
1 2 0.76 0.76 642.0 283.0 642.0 579.0 190.0 579.0 
1 3 0.84 0.84 642.0 283.0 642.0 579.0 190.0 579.0 540.0 42.0 540.0 
1 4 0.97 0.97 642.0 283.0 642.0 579.0 190.0 579.0 540.0 42.0 540.0 214.0 27.0 214.0 
1 2 0.61 0.61 756.0 26.0 756.0 848.0 496.0 848.0 
1 3 0.62 0.62 756.0 26.0 756.0 848.0 496.0 848.0 882.0 8.0 882.0 
1 2 0.72 0.72 699.0 297.0 699.0 845.0 255.0 845.0 
1 3 0.83 0.83 699.0 297.0 699.0 845.0 255.0 845.0 398.0 43.0 398.0 
1 4 0.93 0.93 699.0 297.0 699.0 845.0 255.0 845.0 398.0 43.0 398.0 823.0 82.0 823.0 
1 2 0.91 0.91 209.0 160.0 209.0 556.0 82.0 556.0 
1 2 0.89 0.89 293.0 171.0 293.0 247.0 77.0 247.0 
1 2 0.27 0.27 584.0 122.0 584.0 876.0 56.0 876.0 
1 3 0.44 0.44 584.0 122.0 584.0 876.0 56.0 876.0 118.0 20.0 118.0 
1 4 0.63 0.63 584.0 122.0 584.0 876.0 56.0 876.0 118.0 20.0 118.0 852.0 166.0 852.0 
1 5 0.79 0.79 584.0 122.0 584.0 876.0 56.0 876.0 118.0 20.0 118.0 852.0 166.0 852.0 140.0 22.0 140.0 
1 2 0.77 0.77 528.0 237.0 528.0 28.0 9.0 28.0 
1 3 0.84 0.84 528.0 237.0 528.0 28.0 9.0 28.0 193.0 15.0 193.0 
1 2 0.67 0.67 574.0 48.0 574.0 497.0 292.0 497.0 
1 2 0.66 0.66 187.0 38.0 187.0 821.0 379.0 821.0 
1 2 0.89 0.89 245.0 163.0 245.0 850.0 193.0 850.0 
1 2 0.53 0.53 787.0 161.0 787.0 573.0 191.0 573.0 
1 3 0.75 0.75 787.0 161.0 787.0 573.0 191.0 573.0 552.0 119.0 552.0 
1 2 0.61 0.61 478.0 199.0 478.0 557.0 109.0 557.0 
1 2 0.38 0.38 437.0 38.0 437.0 999.0 302.0 999.0 
1 3 0.46 0.46 437.0 38.0 437.0 999.0 302.0 999.0 236.0 19.0 236.0 
1 4 0.48 0.48 437.0 38.0 437.0 999.0 302.0 999.0 236.0 19.0 236.0 253.0 4.0 253.0 
1 5 0.87 0.87 437.0 38.0 437.0 999.0 302.0 999.0 236.0 19.0 236.0 253.0 4.0 253.0 559.0 216.0 559.0 
1 2 0.27 0.27 36.0 1.0 36.0 803.0 202.0 803.0 
1 3 0.39 0.39 36.0 1.0 36.0 803.0 202.0 803.0 759.0 86.0 759.0 
1 4 0.52 0.52 36.0 1.0 36.0 803.0 202.0 803.0 759.0 86.0 759.0 492.0 66.0 492.0 
1 5 0.77 0.77 36.0 1.0 36.0 803.0 202.0 803.0 759.0 86.0 759.0 492.0 66.0 492.0 368.0 91.0 368.0 
1 6 0.81 0.81 36.0 1.0 36.0 803.0 202.0 803.0 759.0 86.0 759.0 492.0 66.0 492.0 368.0 91.0 368.0 263.0 10.0 263.0 
1 2 0.4 0.4 59.0 7.0 59.0 62.0 18.0 62.0 
1 3 0.47 0.47 59.0 7.0 59.0 62.0 18.0 62.0 971.0 60.0 971.0 
1 4 0.53 0.53 59.0 7.0 59.0 62.0 18.0 62.0 971.0 60.0 971.0 720.0 46.0 720.0 
1 5 0.59 0.59 59.0 7.0 59.0 62.0 18.0 62.0 971.0 60.0 971.0 720.0 46.0 720.0 937.0 57.0 937.0 
1 2 0.37 0.37 504.0 122.0 504.0 180.0 24.0 180.0 
1 3 0.74 0.74 504.0 122.0 504.0 180.0 24.0 180.0 410.0 152.0 410.0 
1 2 0.47 0.47 597.0 203.0 597.0 306.0 42.0 306.0 
1 3 0.61 0.61 597.0 203.0 597.0 306.0 42.0 306.0 743.0 104.0 743.0 
1 4 0.78 0.78 597.0 203.0 597.0 306.0 42.0 306.0 743.0 104.0 743.0 971.0 161.0 971.0 
1 5 0.84 0.84 597.0 203.0 597.0 306.0 42.0 306.0 743.0 104.0 743.0 971.0 161.0 971.0 401.0 24.0 401.0 
1 6 0.99 0.99 597.0 203.0 597.0 306.0 42.0 306.0 743.0 104.0 743.0 971.0 161.0 971.0 401.0 24.0 401.0 114.0 17.0 114.0 
1 2 0.81 0.81 263.0 94.0 263.0 683.0 314.0 683.0 
1 2 0.57 0.57 338.0 89.0 338.0 230.0 72.0 230.0 
1 3 0.63 0.63 338.0 89.0 338.0 230.0 72.0 230.0 647.0 40.0 647.0 
1 2 0.5 0.5 395.0 191.0 395.0 601.0 12.0 601.0 
1 3 0.62 0.62 395.0 191.0 395.0 601.0 12.0 601.0 222.0 27.0 222.0 
1 4 0.99 0.99 395.0 191.0 395.0 601.0 12.0 601.0 222.0 27.0 222.0 557.0 207.0 557.0 
1 2 0.52 0.52 526.0 178.0 526.0 543.0 103.0 543.0 
1 3 0.64 0.64 526.0 178.0 526.0 543.0 103.0 543.0 677.0 79.0 677.0 
1 2 0.34 0.34 997.0 300.0 997.0 324.0 13.0 324.0 
1 3 0.53 0.53 997.0 300.0 997.0 324.0 13.0 324.0 71.0 14.0 71.0 
1 4 0.85 0.85 997.0 300.0 997.0 324.0 13.0 324.0 71.0 14.0 71.0 221.0 70.0 221.0 
1 2 0.82 0.82 348.0 147.0 348.0 872.0 348.0 872.0 
1 3 0.93 0.93 348.0 147.0 348.0 872.0 348.0 872.0 877.0 103.0 877.0 
1 2 0.63 0.63 759.0 279.0 759.0 560.0 149.0 560.0 
1 3 0.9 0.9 759.0 279.0 759.0 560.0 149.0 560.0 823.0 223.0 823.0 
1 2 0.65 0.65 420.0 29.0 420.0 605.0 355.0 605.0 
1 2 0.27 0.27 877.0 28.0 877.0 845.0 208.0 845.0 
1 3 0.77 0.77 877.0 28.0 877.0 845.0 208.0 845.0 46.0 23.0 46.0 
1 2 0.96 0.96 786.0 610.0 786.0 775.0 145.0 775.0 
1 2 0.16 0.16 530.0 45.0 530.0 451.0 38.0 451.0 
1 3 0.96 0.96 530.0 45.0 530.0 451.0 38.0 451.0 308.0 244.0 308.0 
1 2 0.32 0.32 732.0 6.0 732.0 914.0 288.0 914.0 
1 3 0.33 0.33 732.0 6.0 732.0 914.0 288.0 914.0 881.0 10.0 881.0 
1 4 0.55 0.55 732.0 6.0 732.0 914.0 288.0 914.0 881.0 10.0 881.0 652.0 145.0 652.0 
1 5 0.91 0.91 732.0 6.0 732.0 914.0 288.0 914.0 881.0 10.0 881.0 652.0 145.0 652.0 967.0 347.0 967.0 
1 2 0.91 0.91 372.0 120.0 372.0 147.0 87.0 147.0 
1 2 0.63 0.63 663.0 144.0 663.0 797.0 330.0 797.0 
1 2 0.79 0.79 87.0 20.0 87.0 591.0 336.0 591.0 
1 2 0.46 0.46 290.0 25.0 290.0 919.0 347.0 919.0 
1 3 0.52 0.52 290.0 25.0 290.0 919.0 347.0 919.0 286.0 18.0 286.0 
1 4 0.86 0.86 290.0 25.0 290.0 919.0 347.0 919.0 286.0 18.0 286.0 678.0 228.0 678.0 
1 2 0.69 0.69 752.0 267.0 752.0 984.0 339.0 984.0 
1 3 0.74 0.74 752.0 267.0 752.0 984.0 339.0 984.0 522.0 25.0 522.0 
1 2 0.61 0.61 786.0 190.0 786.0 857.0 321.0 857.0 
1 3 0.69 0.69 786.0 190.0 786.0 857.0 321.0 857.0 772.0 57.0 772.0 
1 2 0.53 0.53 501.0 122.0 501.0 101.0 29.0 101.0 
1 3 0.63 0.63 501.0 122.0 501.0 101.0 29.0 101.0 897.0 91.0 897.0 
1 2 0.06 0.06 717.0 46.0 717.0 880.0 1.0 880.0 
1 3 0.58 0.58 717.0 46.0 717.0 880.0 1.0 880.0 957.0 494.0 957.0 
1 2 0.43 0.43 711.0 279.0 711.0 840.0 33.0 840.0 
1 3 0.72 0.72 711.0 279.0 711.0 840.0 33.0 840.0 963.0 287.0 963.0 
1 2 0.27 0.27 451.0 21.0 451.0 748.0 174.0 748.0 
1 3 0.3 0.3 451.0 21.0 451.0 748.0 174.0 748.0 297.0 8.0 297.0 
1 2 0.69 0.69 376.0 186.0 376.0 35.0 7.0 35.0 
1 2 0.39 0.39 334.0 11.0 334.0 113.0 41.0 113.0 
1 3 0.63 0.63 334.0 11.0 334.0 113.0 41.0 113.0 800.0 192.0 800.0 
1 4 0.72 0.72 334.0 11.0 334.0 113.0 41.0 113.0 800.0 192.0 800.0 847.0 79.0 847.0 
1 5 0.81 0.81 334.0 11.0 334.0 113.0 41.0 113.0 800.0 192.0 800.0 847.0 79.0 847.0 281.0 25.0 281.0 
1 2 0.59 0.59 887.0 230.0 887.0 816.0 278.0 816.0 
1 2 0.41 0.41 876.0 30.0 876.0 957.0 366.0 957.0 
1 3 0.66 0.66 876.0 30.0 876.0 957.0 366.0 957.0 260.0 65.0 260.0 
1 2 0.57 0.57 397.0 44.0 397.0 487.0 224.0 487.0 
1 3 0.69 0.69 397.0 44.0 397.0 487.0 224.0 487.0 654.0 78.0 654.0 
1 4 0.71 0.71 397.0 44.0 397.0 487.0 224.0 487.0 654.0 78.0 654.0 41.0 1.0 41.0 
1 2 0.5 0.5 904.0 174.0 904.0 904.0 282.0 904.0 
1 3 0.92 0.92 904.0 174.0 904.0 904.0 282.0 904.0 179.0 75.0 179.0 
1 2 0.34 0.34 916.0 65.0 916.0 903.0 249.0 903.0 
1 3 0.63 0.63 916.0 65.0 916.0 903.0 249.0 903.0 90.0 26.0 90.0 
1 4 0.64 0.64 916.0 65.0 916.0 903.0 249.0 903.0 90.0 26.0 90.0 475.0 4.0 475.0 
1 5 0.65 0.65 916.0 65.0 916.0 903.0 249.0 903.0 90.0 26.0 90.0 475.0 4.0 475.0 849.0 9.0 849.0 
1 6 0.79 0.79 916.0 65.0 916.0 903.0 249.0 903.0 90.0 26.0 90.0 475.0 4.0 475.0 849.0 9.0 849.0 139.0 20.0 139.0 
1 7 0.97 0.97 916.0 65.0 916.0 903.0 249.0 903.0 90.0 26.0 90.0 475.0 4.0 475.0 849.0 9.0 849.0 139.0 20.0 139.0 927.0 159.0 927.0 
1 2 0.95 0.95 233.0 58.0 233.0 461.0 325.0 461.0 
1 2 0.23 0.23 92.0 10.0 92.0 16.0 2.0 16.0 
1 3 0.32 0.32 92.0 10.0 92.0 16.0 2.0 16.0 662.0 61.0 662.0 
1 4 0.33 0.33 92.0 10.0 92.0 16.0 2.0 16.0 662.0 61.0 662.0 399.0 3.0 399.0 
1 5 0.41 0.41 92.0 10.0 92.0 16.0 2.0 16.0 662.0 61.0 662.0 399.0 3.0 399.0 35.0 3.0 35.0 
1 2 0.32 0.32 554.0 79.0 554.0 876.0 161.0 876.0 
1 3 0.63 0.63 554.0 79.0 554.0 876.0 161.0 876.0 267.0 82.0 267.0 
1 2 0.94 0.94 803.0 387.0 803.0 687.0 316.0 687.0 
1 2 0.46 0.46 542.0 38.0 542.0 568.0 225.0 568.0 
1 2 0.49 0.49 812.0 228.0 812.0 797.0 167.0 797.0 
1 3 0.65 0.65 812.0 228.0 812.0 797.0 167.0 797.0 30.0 5.0 30.0 
1 2 0.59 0.59 25.0 2.0 25.0 366.0 189.0 366.0 
1 2 0.91 0.91 484.0 417.0 484.0 761.0 41.0 761.0 
1 2 0.94 0.94 261.0 130.0 261.0 938.0 418.0 938.0 
1 2 0.86 0.86 558.0 261.0 558.0 702.0 276.0 702.0 
1 2 0.46 0.46 747.0 113.0 747.0 596.0 189.0 596.0 
1 3 0.64 0.64 747.0 113.0 747.0 596.0 189.0 596.0 187.0 33.0 187.0 
1 4 0.75 0.75 747.0 113.0 747.0 596.0 189.0 596.0 187.0 33.0 187.0 758.0 85.0 758.0 
1 2 0.83 0.83 376.0 296.0 376.0 418.0 19.0 418.0 
1 2 0.66 0.66 513.0 139.0 513.0 321.0 126.0 321.0 
1 3 0.9 0.9 513.0 139.0 513.0 321.0 126.0 321.0 84.0 20.0 84.0 
1 4 0.94 0.94 513.0 139.0 513.0 321.0 126.0 321.0 84.0 20.0 84.0 179.0 8.0 179.0 
1 2 0.49 0.49 453.0 221.0 453.0 612.0 4.0 612.0 
1 3 0.92 0.92 453.0 221.0 453.0 612.0 4.0 612.0 763.0 331.0 763.0 
1 2 0.68 0.68 287.0 94.0 287.0 829.0 299.0 829.0 
1 2 0.85 0.85 680.0 132.0 680.0 769.0 509.0 769.0 
1 2 0.28 0.28 191.0 52.0 191.0 481.0 8.0 481.0 
1 2 0.58 0.58 616.0 206.0 616.0 289.0 72.0 289.0 
1 3 0.63 0.63 616.0 206.0 616.0 289.0 72.0 289.0 797.0 39.0 797.0 
1 4 0.79 0.79 616.0 206.0 616.0 289.0 72.0 289.0 797.0 39.0 797.0 6.0 1.0 6.0 
1 2 0.82 0.82 527.0 204.0 527.0 587.0 258.0 587.0 
1 2 0.36 0.36 152.0 44.0 152.0 431.0 32.0 431.0 
1 2 0.68 0.68 938.0 345.0 938.0 702.0 224.0 702.0 
1 3 0.69 0.69 938.0 345.0 938.0 702.0 224.0 702.0 624.0 5.0 624.0 
1 2 0.91 0.91 705.0 244.0 705.0 37.0 21.0 37.0 
1 2 0.78 0.78 823.0 551.0 823.0 441.0 53.0 441.0 
1 2 0.91 0.91 410.0 156.0 410.0 483.0 258.0 483.0 
1 2 0.98 0.98 340.0 32.0 340.0 700.0 625.0 700.0 
1 2 0.66 0.66 972.0 318.0 972.0 226.0 77.0 226.0 
1 2 0.58 0.58 671.0 330.0 671.0 851.0 78.0 851.0 
1 3 0.68 0.68 671.0 330.0 671.0 851.0 78.0 851.0 533.0 54.0 533.0 
1 2 0.85 0.85 626.0 343.0 626.0 562.0 175.0 562.0 
1 3 0.96 0.96 626.0 343.0 626.0 562.0 175.0 562.0 28.0 3.0 28.0 
1 2 0.63 0.63 167.0 54.0 167.0 268.0 83.0 268.0 
1 2 0.46 0.46 411.0 13.0 411.0 235.0 101.0 235.0 
1 2 0.96 0.96 177.0 91.0 177.0 222.0 101.0 222.0 
1 3 0.97 0.97 177.0 91.0 177.0 222.0 101.0 222.0 897.0 6.0 897.0 
1 2 0.74 0.74 642.0 406.0 642.0 605.0 67.0 605.0 
1 2 0.66 0.66 278.0 127.0 278.0 603.0 123.0 603.0 
1 2 0.93 0.93 284.0 121.0 284.0 980.0 496.0 980.0 
1 2 0.43 0.43 57.0 11.0 57.0 580.0 143.0 580.0 
1 2 0.74 0.74 750.0 434.0 750.0 184.0 30.0 184.0 
1 2 0.62 0.62 17.0 8.0 17.0 78.0 12.0 78.0 
1 2 0.78 0.78 633.0 55.0 633.0 446.0 311.0 446.0 
1 2 0.47 0.47 464.0 142.0 464.0 307.0 53.0 307.0 
1 2 0.46 0.46 540.0 232.0 540.0 261.0 10.0 261.0 
1 2 0.47 0.47 494.0 205.0 494.0 201.0 13.0 201.0 
1 3 0.61 0.61 494.0 205.0 494.0 201.0 13.0 201.0 140.0 19.0 140.0 
1 4 0.93 0.93 494.0 205.0 494.0 201.0 13.0 201.0 140.0 19.0 140.0 582.0 187.0 582.0 
1 2 0.98 0.98 439.0 31.0 439.0 802.0 736.0 802.0 
1 2 0.57 0.57 624.0 143.0 624.0 117.0 40.0 117.0 
1 2 0.64 0.64 603.0 189.0 603.0 951.0 312.0 951.0 
1 3 0.84 0.84 603.0 189.0 603.0 951.0 312.0 951.0 775.0 161.0 775.0 
1 2 0.98 0.98 632.0 591.0 632.0 387.0 20.0 387.0 
1 2 0.45 0.45 552.0 29.0 552.0 660.0 263.0 660.0 
1 2 0.61 0.61 620.0 224.0 620.0 212.0 54.0 212.0 
1 3 0.77 0.77 620.0 224.0 620.0 212.0 54.0 212.0 270.0 44.0 270.0 
1 2 0.38 0.38 93.0 29.0 93.0 702.0 52.0 702.0 
1 2 0.09 0.09 54.0 5.0 54.0 506.0 2.0 506.0 
1 3 0.28 0.28 54.0 5.0 54.0 506.0 2.0 506.0 959.0 176.0 959.0 
1 4 0.65 0.65 54.0 5.0 54.0 506.0 2.0 506.0 959.0 176.0 959.0 818.0 308.0 818.0 
1 2 0.14 0.14 918.0 67.0 918.0 292.0 20.0 292.0 
1 3 0.43 0.43 918.0 67.0 918.0 292.0 20.0 292.0 657.0 195.0 657.0 
1 4 0.69 0.69 918.0 67.0 918.0 292.0 20.0 292.0 657.0 195.0 657.0 392.0 101.0 392.0 
1 2 0.56 0.56 263.0 26.0 263.0 927.0 434.0 927.0 
1 3 0.85 0.85 263.0 26.0 263.0 927.0 434.0 927.0 250.0 73.0 250.0 
1 2 0.49 0.49 999.0 487.0 999.0 227.0 2.0 227.0 
1 3 0.83 0.83 999.0 487.0 999.0 227.0 2.0 227.0 596.0 204.0 596.0 
1 4 0.95 0.95 999.0 487.0 999.0 227.0 2.0 227.0 596.0 204.0 596.0 275.0 33.0 275.0 
1 2 0.25 0.25 543.0 90.0 543.0 11.0 1.0 11.0 
1 3 0.54 0.54 543.0 90.0 543.0 11.0 1.0 11.0 446.0 130.0 446.0 
1 4 0.69 0.69 543.0 90.0 543.0 11.0 1.0 11.0 446.0 130.0 446.0 215.0 31.0 215.0 
1 2 0.8 0.8 299.0 126.0 299.0 190.0 72.0 190.0 
1 2 0.55 0.55 995.0 283.0 995.0 603.0 164.0 603.0 
1 2 0.73 0.73 75.0 38.0 75.0 356.0 82.0 356.0 
1 3 0.74 0.74 75.0 38.0 75.0 356.0 82.0 356.0 602.0 7.0 602.0 
1 2 0.54 0.54 577.0 258.0 577.0 452.0 42.0 452.0 
1 3 0.71 0.71 577.0 258.0 577.0 452.0 42.0 452.0 334.0 58.0 334.0 
1 2 0.83 0.83 587.0 258.0 587.0 496.0 194.0 496.0 
1 2 0.96 0.96 702.0 168.0 702.0 383.0 279.0 383.0 
1 2 0.43 0.43 380.0 139.0 380.0 493.0 34.0 493.0 
1 2 0.46 0.46 715.0 87.0 715.0 755.0 259.0 755.0 
1 3 0.66 0.66 715.0 87.0 715.0 755.0 259.0 755.0 848.0 172.0 848.0 
1 4 0.84 0.84 715.0 87.0 715.0 755.0 259.0 755.0 848.0 172.0 848.0 474.0 83.0 474.0 
1 2 0.62 0.62 187.0 63.0 187.0 204.0 59.0 204.0 
1 2 0.49 0.49 101.0 40.0 101.0 101.0 10.0 101.0 
1 3 0.99 0.99 101.0 40.0 101.0 101.0 10.0 101.0 871.0 435.0 871.0 
1 2 0.58 0.58 859.0 121.0 859.0 495.0 219.0 495.0 
1 2 0.67 0.67 924.0 124.0 924.0 632.0 339.0 632.0 
1 2 0.74 0.74 707.0 377.0 707.0 42.0 9.0 42.0 
1 2 0.34 0.34 380.0 40.0 380.0 228.0 55.0 228.0 
1 3 0.55 0.55 380.0 40.0 380.0 228.0 55.0 228.0 761.0 162.0 761.0 
1 4 0.86 0.86 380.0 40.0 380.0 228.0 55.0 228.0 761.0 162.0 761.0 187.0 58.0 187.0 
1 5 0.92 0.92 380.0 40.0 380.0 228.0 55.0 228.0 761.0 162.0 761.0 187.0 58.0 187.0 315.0 16.0 315.0 
1 2 0.29 0.29 954.0 83.0 954.0 765.0 162.0 765.0 
1 2 0.93 0.93 789.0 366.0 789.0 822.0 388.0 822.0 
1 2 0.34 0.34 89.0 10.0 89.0 107.0 25.0 107.0 
1 2 0.3 0.3 251.0 73.0 251.0 801.0 14.0 801.0 
1 3 0.38 0.38 251.0 73.0 251.0 801.0 14.0 801.0 165.0 12.0 165.0 
1 4 0.44 0.44 251.0 73.0 251.0 801.0 14.0 801.0 165.0 12.0 165.0 559.0 35.0 559.0 
1 2 0.66 0.66 910.0 355.0 910.0 362.0 98.0 362.0 
1 2 0.49 0.49 136.0 22.0 136.0 719.0 242.0 719.0 
1 3 0.82 0.82 136.0 22.0 136.0 719.0 242.0 719.0 603.0 199.0 603.0 
1 2 0.43 0.43 607.0 123.0 607.0 515.0 119.0 515.0 
1 3 0.53 0.53 607.0 123.0 607.0 515.0 119.0 515.0 126.0 13.0 126.0 
1 2 0.6 0.6 575.0 308.0 575.0 598.0 42.0 598.0 
1 3 0.94 0.94 575.0 308.0 575.0 598.0 42.0 598.0 221.0 75.0 221.0 
1 4 0.99 0.99 575.0 308.0 575.0 598.0 42.0 598.0 221.0 75.0 221.0 832.0 39.0 832.0 
1 2 0.42 0.42 503.0 71.0 503.0 296.0 84.0 296.0 
1 3 0.66 0.66 503.0 71.0 503.0 296.0 84.0 296.0 749.0 182.0 749.0 
1 4 0.93 0.93 503.0 71.0 503.0 296.0 84.0 296.0 749.0 182.0 749.0 367.0 97.0 367.0 
1 2 0.75 0.75 684.0 247.0 684.0 149.0 59.0 149.0 
1 2 0.75 0.75 623.0 232.0 623.0 450.0 174.0 450.0 
1 3 0.89 0.89 623.0 232.0 623.0 450.0 174.0 450.0 187.0 26.0 187.0 
1 2 0.11 0.11 455.0 1.0 455.0 9.0 1.0 9.0 
1 3 0.62 0.62 455.0 1.0 455.0 9.0 1.0 9.0 818.0 420.0 818.0 
1 4 0.77 0.77 455.0 1.0 455.0 9.0 1.0 9.0 818.0 420.0 818.0 796.0 116.0 796.0 
1 2 0.79 0.79 990.0 441.0 990.0 161.0 56.0 161.0 
1 2 0.24 0.24 698.0 45.0 698.0 798.0 148.0 798.0 
1 3 0.44 0.44 698.0 45.0 698.0 798.0 148.0 798.0 836.0 159.0 836.0 
1 4 0.98 0.98 698.0 45.0 698.0 798.0 148.0 798.0 836.0 159.0 836.0 450.0 243.0 450.0 
1 2 0.89 0.89 459.0 213.0 459.0 177.0 77.0 177.0 
1 2 0.43 0.43 868.0 51.0 868.0 605.0 229.0 605.0 
1 3 0.72 0.72 868.0 51.0 868.0 605.0 229.0 605.0 24.0 7.0 24.0 
1 2 0.69 0.69 583.0 80.0 583.0 16.0 9.0 16.0 
1 3 0.8 0.8 583.0 80.0 583.0 16.0 9.0 16.0 138.0 14.0 138.0 
1 2 0.65 0.65 731.0 278.0 731.0 276.0 75.0 276.0 
1 3 0.83 0.83 731.0 278.0 731.0 276.0 75.0 276.0 720.0 129.0 720.0 
1 2 0.42 0.42 280.0 71.0 280.0 509.0 85.0 509.0 
1 3 0.51 0.51 280.0 71.0 280.0 509.0 85.0 509.0 603.0 55.0 603.0 
1 2 0.86 0.86 977.0 377.0 977.0 639.0 305.0 639.0 
1 3 0.95 0.95 977.0 377.0 977.0 639.0 305.0 639.0 498.0 44.0 498.0 
1 4 0.99 0.99 977.0 377.0 977.0 639.0 305.0 639.0 498.0 44.0 498.0 395.0 17.0 395.0 
1 2 0.66 0.66 798.0 455.0 798.0 499.0 49.0 499.0 
1 2 0.94 0.94 537.0 1.0 537.0 914.0 865.0 914.0 
1 2 0.74 0.74 90.0 32.0 90.0 801.0 312.0 801.0 
1 3 0.8 0.8 90.0 32.0 90.0 801.0 312.0 801.0 975.0 55.0 975.0 
1 2 0.83 0.83 542.0 243.0 542.0 686.0 262.0 686.0 
1 2 0.74 0.74 675.0 205.0 675.0 366.0 163.0 366.0 
1 2 0.82 0.82 947.0 368.0 947.0 406.0 177.0 406.0 
1 2 0.92 0.92 362.0 141.0 362.0 700.0 372.0 700.0 
1 2 0.84 0.84 668.0 237.0 668.0 152.0 74.0 152.0 
1 2 0.93 0.93 540.0 226.0 540.0 130.0 67.0 130.0 
1 2 0.81 0.81 582.0 194.0 582.0 267.0 128.0 267.0 
1 2 0.65 0.65 164.0 100.0 164.0 261.0 12.0 261.0 
1 3 0.73 0.73 164.0 100.0 164.0 261.0 12.0 261.0 855.0 71.0 855.0 
1 4 0.79 0.79 164.0 100.0 164.0 261.0 12.0 261.0 855.0 71.0 855.0 89.0 5.0 89.0 
1 5 0.89 0.89 164.0 100.0 164.0 261.0 12.0 261.0 855.0 71.0 855.0 89.0 5.0 89.0 917.0 89.0 917.0 
1 2 0.39 0.39 797.0 109.0 797.0 877.0 230.0 877.0 
1 3 0.61 0.61 797.0 109.0 797.0 877.0 230.0 877.0 776.0 171.0 776.0 
1 4 0.64 0.64 797.0 109.0 797.0 877.0 230.0 877.0 776.0 171.0 776.0 710.0 15.0 710.0 
1 5 0.69 0.69 797.0 109.0 797.0 877.0 230.0 877.0 776.0 171.0 776.0 710.0 15.0 710.0 354.0 21.0 354.0 
1 2 0.98 0.98 830.0 738.0 830.0 98.0 9.0 98.0 
1 2 0.33 0.33 727.0 219.0 727.0 944.0 35.0 944.0 
1 3 0.78 0.78 727.0 219.0 727.0 944.0 35.0 944.0 20.0 9.0 20.0 
1 4 0.9 0.9 727.0 219.0 727.0 944.0 35.0 944.0 20.0 9.0 20.0 269.0 31.0 269.0 
1 2 0.88 0.88 8.0 6.0 8.0 793.0 104.0 793.0 
1 2 0.38 0.38 696.0 85.0 696.0 559.0 145.0 559.0 
1 3 0.4 0.4 696.0 85.0 696.0 559.0 145.0 559.0 964.0 22.0 964.0 
1 4 0.74 0.74 696.0 85.0 696.0 559.0 145.0 559.0 964.0 22.0 964.0 108.0 37.0 108.0 
1 5 0.9 0.9 696.0 85.0 696.0 559.0 145.0 559.0 964.0 22.0 964.0 108.0 37.0 108.0 454.0 74.0 454.0 
1 2 0.62 0.62 3.0 1.0 3.0 24.0 7.0 24.0 
1 2 0.48 0.48 19.0 8.0 19.0 377.0 25.0 377.0 
1 3 0.99 0.99 19.0 8.0 19.0 377.0 25.0 377.0 407.0 207.0 407.0 
1 2 0.42 0.42 382.0 59.0 382.0 705.0 193.0 705.0 
1 3 0.64 0.64 382.0 59.0 382.0 705.0 193.0 705.0 988.0 210.0 988.0 
1 4 0.77 0.77 382.0 59.0 382.0 705.0 193.0 705.0 988.0 210.0 988.0 920.0 122.0 920.0 
1 2 0.49 0.49 960.0 255.0 960.0 935.0 214.0 935.0 
1 2 0.91 0.91 305.0 216.0 305.0 575.0 120.0 575.0 
1 2 0.75 0.75 615.0 301.0 615.0 961.0 251.0 961.0 
1 2 0.64 0.64 12.0 4.0 12.0 713.0 220.0 713.0 
1 2 0.3 0.3 403.0 57.0 403.0 6.0 1.0 6.0 
1 3 0.87 0.87 403.0 57.0 403.0 6.0 1.0 6.0 674.0 381.0 674.0 
1 2 0.5 0.5 576.0 33.0 576.0 501.0 223.0 501.0 
1 3 0.66 0.66 576.0 33.0 576.0 501.0 223.0 501.0 914.0 152.0 914.0 
1 4 0.66 0.66 576.0 33.0 576.0 501.0 223.0 501.0 914.0 152.0 914.0 846.0 1.0 846.0 
1 2 0.98 0.98 991.0 747.0 991.0 737.0 174.0 737.0 
1 2 0.84 0.84 816.0 122.0 816.0 276.0 191.0 276.0 
1 2 0.98 0.98 665.0 475.0 665.0 210.0 57.0 210.0 
1 2 0.41 0.41 37.0 3.0 37.0 686.0 228.0 686.0 
1 3 0.44 0.44 37.0 3.0 37.0 686.0 228.0 686.0 72.0 2.0 72.0 
1 2 0.08 0.08 983.0 12.0 983.0 229.0 17.0 229.0 
1 3 0.74 0.74 983.0 12.0 983.0 229.0 17.0 229.0 369.0 242.0 369.0 
1 2 0.15 0.15 315.0 22.0 315.0 963.0 83.0 963.0 
1 3 0.34 0.34 315.0 22.0 315.0 963.0 83.0 963.0 277.0 51.0 277.0 
1 4 0.87 0.87 315.0 22.0 315.0 963.0 83.0 963.0 277.0 51.0 277.0 916.0 491.0 916.0 
1 2 0.78 0.78 728.0 216.0 728.0 743.0 365.0 743.0 
1 3 0.91 0.91 728.0 216.0 728.0 743.0 365.0 743.0 478.0 63.0 478.0 
1 2 0.68 0.68 636.0 315.0 636.0 755.0 140.0 755.0 
1 3 0.71 0.71 636.0 315.0 636.0 755.0 140.0 755.0 823.0 28.0 823.0 
1 2 0.5 0.5 377.0 153.0 377.0 92.0 9.0 92.0 
1 3 0.53 0.53 377.0 153.0 377.0 92.0 9.0 92.0 745.0 27.0 745.0 
1 4 0.74 0.74 377.0 153.0 377.0 92.0 9.0 92.0 745.0 27.0 745.0 492.0 102.0 492.0 
1 5 0.83 0.83 377.0 153.0 377.0 92.0 9.0 92.0 745.0 27.0 745.0 492.0 102.0 492.0 845.0 75.0 845.0 
1 2 0.73 0.73 618.0 253.0 618.0 149.0 49.0 149.0 
1 3 0.9 0.9 618.0 253.0 618.0 149.0 49.0 149.0 843.0 143.0 843.0 
1 4 0.99 0.99 618.0 253.0 618.0 149.0 49.0 149.0 843.0 143.0 843.0 311.0 28.0 311.0 
1 2 0.41 0.41 712.0 267.0 712.0 138.0 5.0 138.0 
1 3 0.56 0.56 712.0 267.0 712.0 138.0 5.0 138.0 763.0 120.0 763.0 
1 2 0.38 0.38 761.0 191.0 761.0 976.0 131.0 976.0 
1 3 0.38 0.38 761.0 191.0 761.0 976.0 131.0 976.0 635.0 2.0 635.0 
1 4 0.52 0.52 761.0 191.0 761.0 976.0 131.0 976.0 635.0 2.0 635.0 585.0 79.0 585.0 
1 2 0.16 0.16 152.0 16.0 152.0 52.0 3.0 52.0 
1 3 0.82 0.82 152.0 16.0 152.0 52.0 3.0 52.0 365.0 243.0 365.0 
1 4 0.99 0.99 152.0 16.0 152.0 52.0 3.0 52.0 365.0 243.0 365.0 912.0 151.0 912.0 
1 2 0.15 0.15 115.0 7.0 115.0 220.0 21.0 220.0 
1 3 0.4 0.4 115.0 7.0 115.0 220.0 21.0 220.0 292.0 74.0 292.0 
1 2 0.83 0.83 336.0 141.0 336.0 630.0 261.0 630.0 
1 3 0.91 0.91 336.0 141.0 336.0 630.0 261.0 630.0 787.0 65.0 787.0 
1 2 0.29 0.29 64.0 5.0 64.0 914.0 197.0 914.0 
1 3 0.61 0.61 64.0 5.0 64.0 914.0 197.0 914.0 636.0 205.0 636.0 
1 2 0.61 0.61 415.0 43.0 415.0 729.0 371.0 729.0 
1 3 0.64 0.64 415.0 43.0 415.0 729.0 371.0 729.0 373.0 12.0 373.0 
1 4 0.66 0.66 415.0 43.0 415.0 729.0 371.0 729.0 373.0 12.0 373.0 750.0 18.0 750.0 
1 2 0.6 0.6 537.0 205.0 537.0 953.0 212.0 953.0 
1 3 0.8 0.8 537.0 205.0 537.0 953.0 212.0 953.0 995.0 198.0 995.0 
1 4 0.91 0.91 537.0 205.0 537.0 953.0 212.0 953.0 995.0 198.0 995.0 444.0 51.0 444.0 
1 2 0.36 0.36 543.0 74.0 543.0 98.0 22.0 98.0 
1 3 0.56 0.56 543.0 74.0 543.0 98.0 22.0 98.0 793.0 163.0 793.0 
1 2 0.73 0.73 888.0 338.0 888.0 56.0 20.0 56.0 
1 2 0.43 0.43 735.0 32.0 735.0 56.0 22.0 56.0 
1 3 0.93 0.93 735.0 32.0 735.0 56.0 22.0 56.0 188.0 93.0 188.0 
1 2 0.9 0.9 344.0 242.0 344.0 373.0 76.0 373.0 
1 3 0.95 0.95 344.0 242.0 344.0 373.0 76.0 373.0 727.0 34.0 727.0 
1 2 0.6 0.6 830.0 42.0 830.0 127.0 70.0 127.0 
1 3 0.83 0.83 830.0 42.0 830.0 127.0 70.0 127.0 17.0 4.0 17.0 
1 2 0.96 0.96 446.0 272.0 446.0 493.0 175.0 493.0 
1 2 0.44 0.44 307.0 62.0 307.0 116.0 28.0 116.0 
1 2 0.41 0.41 387.0 58.0 387.0 964.0 255.0 964.0 
1 3 0.76 0.76 387.0 58.0 387.0 964.0 255.0 964.0 134.0 47.0 134.0 
1 2 0.82 0.82 820.0 664.0 820.0 398.0 7.0 398.0 
1 2 0.48 0.48 925.0 62.0 925.0 775.0 326.0 775.0 
1 3 0.49 0.49 925.0 62.0 925.0 775.0 326.0 775.0 840.0 2.0 840.0 
1 4 0.88 0.88 925.0 62.0 925.0 775.0 326.0 775.0 840.0 2.0 840.0 195.0 77.0 195.0 
1 5 0.89 0.89 925.0 62.0 925.0 775.0 326.0 775.0 840.0 2.0 840.0 195.0 77.0 195.0 73.0 1.0 73.0 
1 2 0.84 0.84 503.0 413.0 503.0 256.0 7.0 256.0 
1 3 0.88 0.88 503.0 413.0 503.0 256.0 7.0 256.0 442.0 16.0 442.0 
1 2 0.29 0.29 880.0 119.0 880.0 448.0 70.0 448.0 
1 3 0.36 0.36 880.0 119.0 880.0 448.0 70.0 448.0 802.0 57.0 802.0 
1 4 0.65 0.65 880.0 119.0 880.0 448.0 70.0 448.0 802.0 57.0 802.0 701.0 208.0 701.0 
1 2 0.78 0.78 664.0 261.0 664.0 120.0 47.0 120.0 
1 3 0.98 0.98 664.0 261.0 664.0 120.0 47.0 120.0 487.0 99.0 487.0 
1 2 0.7 0.7 49.0 20.0 49.0 776.0 230.0 776.0 
1 2 0.39 0.39 151.0 20.0 151.0 232.0 61.0 232.0 
1 3 0.63 0.63 151.0 20.0 151.0 232.0 61.0 232.0 687.0 164.0 687.0 
1 4 0.7 0.7 151.0 20.0 151.0 232.0 61.0 232.0 687.0 164.0 687.0 392.0 28.0 392.0 
1 2 0.79 0.79 691.0 511.0 691.0 176.0 10.0 176.0 
1 2 0.68 0.68 581.0 356.0 581.0 122.0 9.0 122.0 
1 2 0.62 0.62 438.0 44.0 438.0 94.0 49.0 94.0 
1 3 0.93 0.93 438.0 44.0 438.0 94.0 49.0 94.0 105.0 33.0 105.0 
1 2 0.76 0.76 783.0 485.0 783.0 668.0 98.0 668.0 
1 2 0.82 0.82 535.0 423.0 535.0 490.0 16.0 490.0 
1 3 0.86 0.86 535.0 423.0 535.0 490.0 16.0 490.0 853.0 34.0 853.0 
1 4 0.91 0.91 535.0 423.0 535.0 490.0 16.0 490.0 853.0 34.0 853.0 439.0 22.0 439.0 
1 2 0.71 0.71 586.0 360.0 586.0 201.0 21.0 201.0 
1 3 0.99 0.99 586.0 360.0 586.0 201.0 21.0 201.0 201.0 56.0 201.0 
1 2 0.37 0.37 374.0 55.0 374.0 31.0 7.0 31.0 
1 3 0.76 0.76 374.0 55.0 374.0 31.0 7.0 31.0 646.0 252.0 646.0 
1 4 0.99 0.99 374.0 55.0 374.0 31.0 7.0 31.0 646.0 252.0 646.0 301.0 70.0 301.0 
1 2 0.74 0.74 209.0 87.0 209.0 9.0 3.0 9.0 
1 2 0.69 0.69 124.0 33.0 124.0 970.0 415.0 970.0 
1 2 0.75 0.75 28.0 7.0 28.0 826.0 415.0 826.0 
1 2 0.54 0.54 966.0 72.0 966.0 557.0 261.0 557.0 
1 2 0.64 0.64 633.0 314.0 633.0 272.0 41.0 272.0 
1 3 0.72 0.72 633.0 314.0 633.0 272.0 41.0 272.0 508.0 41.0 508.0 
1 2 0.62 0.62 777.0 413.0 777.0 714.0 69.0 714.0 
1 2 0.29 0.29 925.0 161.0 925.0 263.0 33.0 263.0 
1 3 0.73 0.73 925.0 161.0 925.0 263.0 33.0 263.0 671.0 289.0 671.0 
1 2 0.24 0.24 590.0 11.0 590.0 225.0 50.0 225.0 
1 3 0.56 0.56 590.0 11.0 590.0 225.0 50.0 225.0 414.0 135.0 414.0 
1 2 0.97 0.97 321.0 160.0 321.0 616.0 291.0 616.0 
1 3 0.98 0.98 321.0 160.0 321.0 616.0 291.0 616.0 838.0 12.0 838.0 
1 2 0.6 0.6 834.0 230.0 834.0 778.0 258.0 778.0 
1 3 0.69 0.69 834.0 230.0 834.0 778.0 258.0 778.0 665.0 55.0 665.0 
1 4 0.92 0.92 834.0 230.0 834.0 778.0 258.0 778.0 665.0 55.0 665.0 379.0 90.0 379.0 
1 2 0.82 0.82 235.0 117.0 235.0 951.0 314.0 951.0 
1 2 0.36 0.36 168.0 30.0 168.0 11.0 2.0 11.0 
1 2 0.72 0.72 348.0 93.0 348.0 79.0 36.0 79.0 
1 2 0.64 0.64 420.0 96.0 420.0 710.0 295.0 710.0 
1 2 0.44 0.44 435.0 29.0 435.0 938.0 352.0 938.0 
1 3 0.78 0.78 435.0 29.0 435.0 938.0 352.0 938.0 124.0 42.0 124.0 
1 2 0.89 0.89 228.0 135.0 228.0 456.0 136.0 456.0 
1 2 0.35 0.35 662.0 29.0 662.0 980.0 306.0 980.0 
1 3 0.82 0.82 662.0 29.0 662.0 980.0 306.0 980.0 982.0 465.0 982.0 
1 4 0.91 0.91 662.0 29.0 662.0 980.0 306.0 980.0 982.0 465.0 982.0 356.0 32.0 356.0 
1 2 0.86 0.86 531.0 221.0 531.0 417.0 187.0 417.0 
1 2 0.97 0.97 933.0 318.0 933.0 324.0 207.0 324.0 
1 2 0.69 0.69 424.0 73.0 424.0 79.0 41.0 79.0 
1 2 0.72 0.72 537.0 258.0 537.0 968.0 232.0 968.0 
1 3 0.86 0.86 537.0 258.0 537.0 968.0 232.0 968.0 512.0 73.0 512.0 
1 2 0.96 0.96 77.0 9.0 77.0 778.0 658.0 778.0 
1 2 0.11 0.11 110.0 11.0 110.0 453.0 6.0 453.0 
1 3 0.26 0.26 110.0 11.0 110.0 453.0 6.0 453.0 312.0 48.0 312.0 
1 4 0.73 0.73 110.0 11.0 110.0 453.0 6.0 453.0 312.0 48.0 312.0 783.0 370.0 783.0 
1 5 0.86 0.86 110.0 11.0 110.0 453.0 6.0 453.0 312.0 48.0 312.0 783.0 370.0 783.0 31.0 4.0 31.0 
1 2 0.25 0.25 664.0 13.0 664.0 164.0 38.0 164.0 
1 3 0.92 0.92 664.0 13.0 664.0 164.0 38.0 164.0 768.0 514.0 768.0 
1 2 0.99 0.99 215.0 28.0 215.0 315.0 273.0 315.0 
1 2 0.61 0.61 351.0 68.0 351.0 85.0 36.0 85.0 
1 3 0.88 0.88 351.0 68.0 351.0 85.0 36.0 85.0 897.0 241.0 897.0 
1 2 0.71 0.71 915.0 600.0 915.0 262.0 15.0 262.0 
1 2 0.62 0.62 263.0 102.0 263.0 175.0 41.0 175.0 
1 3 0.87 0.87 263.0 102.0 263.0 175.0 41.0 175.0 67.0 17.0 67.0 
1 2 0.62 0.62 849.0 201.0 849.0 301.0 118.0 301.0 
1 2 0.71 0.71 191.0 93.0 191.0 102.0 23.0 102.0 
1 2 0.43 0.43 451.0 191.0 451.0 261.0 4.0 261.0 
1 3 0.78 0.78 451.0 191.0 451.0 261.0 4.0 261.0 654.0 229.0 654.0 
1 2 0.45 0.45 26.0 9.0 26.0 759.0 82.0 759.0 
1 2 0.45 0.45 415.0 163.0 415.0 637.0 42.0 637.0 
1 3 0.9 0.9 415.0 163.0 415.0 637.0 42.0 637.0 40.0 18.0 40.0 
1 2 0.85 0.85 828.0 395.0 828.0 469.0 178.0 469.0 
1 2 0.9 0.9 54.0 3.0 54.0 384.0 325.0 384.0 
1 2 0.55 0.55 938.0 152.0 938.0 578.0 230.0 578.0 
1 2 0.94 0.94 427.0 19.0 427.0 583.0 526.0 583.0 
1 2 0.57 0.57 580.0 163.0 580.0 569.0 165.0 569.0 
1 2 0.75 0.75 776.0 482.0 776.0 66.0 9.0 66.0 
1 3 0.85 0.85 776.0 482.0 776.0 66.0 9.0 66.0 69.0 7.0 69.0 
1 2 0.35 0.35 701.0 128.0 701.0 863.0 152.0 863.0 
1 3 0.62 0.62 701.0 128.0 701.0 863.0 152.0 863.0 79.0 21.0 79.0 
1 4 0.78 0.78 701.0 128.0 701.0 863.0 152.0 863.0 79.0 21.0 79.0 979.0 157.0 979.0 
1 5 0.87 0.87 701.0 128.0 701.0 863.0 152.0 863.0 79.0 21.0 79.0 979.0 157.0 979.0 788.0 68.0 788.0 
1 2 0.62 0.62 896.0 153.0 896.0 749.0 342.0 749.0 
1 3 0.92 0.92 896.0 153.0 896.0 749.0 342.0 749.0 501.0 151.0 501.0 
1 2 0.61 0.61 744.0 182.0 744.0 971.0 360.0 971.0 
1 3 0.78 0.78 744.0 182.0 744.0 971.0 360.0 971.0 101.0 17.0 101.0 
1 2 0.25 0.25 322.0 63.0 322.0 292.0 17.0 292.0 
1 3 0.65 0.65 322.0 63.0 322.0 292.0 17.0 292.0 1000.0 402.0 1000.0 
1 4 0.75 0.75 322.0 63.0 322.0 292.0 17.0 292.0 1000.0 402.0 1000.0 750.0 74.0 750.0 
1 2 0.54 0.54 99.0 43.0 99.0 776.0 85.0 776.0 
1 2 0.48 0.48 737.0 28.0 737.0 528.0 236.0 528.0 
1 2 0.14 0.14 952.0 18.0 952.0 889.0 108.0 889.0 
1 3 0.58 0.58 952.0 18.0 952.0 889.0 108.0 889.0 9.0 4.0 9.0 
1 4 0.69 0.69 952.0 18.0 952.0 889.0 108.0 889.0 9.0 4.0 9.0 479.0 51.0 479.0 
1 2 0.71 0.71 794.0 398.0 794.0 654.0 143.0 654.0 
1 3 0.87 0.87 794.0 398.0 794.0 654.0 143.0 654.0 552.0 88.0 552.0 
1 2 0.43 0.43 390.0 66.0 390.0 402.0 105.0 402.0 
1 3 0.43 0.43 390.0 66.0 390.0 402.0 105.0 402.0 848.0 8.0 848.0 
1 4 0.54 0.54 390.0 66.0 390.0 402.0 105.0 402.0 848.0 8.0 848.0 936.0 103.0 936.0 
1 5 0.91 0.91 390.0 66.0 390.0 402.0 105.0 402.0 848.0 8.0 848.0 936.0 103.0 936.0 529.0 191.0 529.0 
1 2 0.4 0.4 567.0 64.0 567.0 318.0 94.0 318.0 
1 3 0.53 0.53 567.0 64.0 567.0 318.0 94.0 318.0 496.0 62.0 496.0 
1 4 0.82 0.82 567.0 64.0 567.0 318.0 94.0 318.0 496.0 62.0 496.0 429.0 124.0 429.0 
1 2 0.11 0.11 515.0 26.0 515.0 515.0 35.0 515.0 
1 3 0.69 0.69 515.0 26.0 515.0 515.0 35.0 515.0 599.0 347.0 599.0 
1 2 0.64 0.64 206.0 115.0 206.0 918.0 77.0 918.0 
1 2 0.46 0.46 422.0 109.0 422.0 712.0 148.0 712.0 
1 3 0.79 0.79 422.0 109.0 422.0 712.0 148.0 712.0 415.0 136.0 415.0 
1 2 0.79 0.79 838.0 340.0 838.0 843.0 324.0 843.0 
1 2 0.98 0.98 391.0 240.0 391.0 248.0 91.0 248.0 
1 2 0.68 0.68 859.0 292.0 859.0 726.0 253.0 726.0 
1 3 0.72 0.72 859.0 292.0 859.0 726.0 253.0 726.0 591.0 19.0 591.0 
1 2 0.69 0.69 989.0 598.0 989.0 636.0 60.0 636.0 
1 2 0.9 0.9 36.0 22.0 36.0 571.0 167.0 571.0 
1 2 0.55 0.55 487.0 161.0 487.0 18.0 4.0 18.0 
1 3 0.57 0.57 487.0 161.0 487.0 18.0 4.0 18.0 627.0 12.0 627.0 
1 4 0.87 0.87 487.0 161.0 487.0 18.0 4.0 18.0 627.0 12.0 627.0 769.0 235.0 769.0 
1 2 0.89 0.89 327.0 240.0 327.0 846.0 138.0 846.0 
1 2 0.47 0.47 145.0 48.0 145.0 948.0 141.0 948.0 
1 3 0.65 0.65 145.0 48.0 145.0 948.0 141.0 948.0 411.0 71.0 411.0 
1 2 0.84 0.84 682.0 371.0 682.0 304.0 91.0 304.0 
1 2 0.36 0.36 215.0 31.0 215.0 546.0 122.0 546.0 
1 2 0.51 0.51 322.0 160.0 322.0 258.0 4.0 258.0 
1 3 0.53 0.53 322.0 160.0 322.0 258.0 4.0 258.0 514.0 14.0 514.0 
1 4 0.65 0.65 322.0 160.0 322.0 258.0 4.0 258.0 514.0 14.0 514.0 81.0 9.0 81.0 
1 2 0.31 0.31 530.0 131.0 530.0 140.0 10.0 140.0 
1 2 0.18 0.18 267.0 39.0 267.0 781.0 32.0 781.0 
1 3 0.42 0.42 267.0 39.0 267.0 781.0 32.0 781.0 305.0 73.0 305.0 
1 4 0.76 0.76 267.0 39.0 267.0 781.0 32.0 781.0 305.0 73.0 305.0 546.0 183.0 546.0 
1 5 0.98 0.98 267.0 39.0 267.0 781.0 32.0 781.0 305.0 73.0 305.0 546.0 183.0 546.0 373.0 84.0 373.0 
1 2 0.26 0.26 465.0 77.0 465.0 669.0 65.0 669.0 
1 3 0.86 0.86 465.0 77.0 465.0 669.0 65.0 669.0 818.0 496.0 818.0 
1 2 0.75 0.75 933.0 451.0 933.0 720.0 194.0 720.0 
1 2 0.95 0.95 546.0 206.0 546.0 330.0 191.0 330.0 
1 2 0.57 0.57 891.0 193.0 891.0 878.0 313.0 878.0 
1 3 0.58 0.58 891.0 193.0 891.0 878.0 313.0 878.0 877.0 9.0 877.0 
1 2 0.98 0.98 282.0 209.0 282.0 491.0 120.0 491.0 
1 2 0.59 0.59 390.0 103.0 390.0 633.0 211.0 633.0 
1 2 0.41 0.41 916.0 256.0 916.0 465.0 62.0 465.0 
1 3 0.89 0.89 916.0 256.0 916.0 465.0 62.0 465.0 285.0 137.0 285.0 
1 2 0.73 0.73 45.0 25.0 45.0 695.0 122.0 695.0 
1 3 0.96 0.96 45.0 25.0 45.0 695.0 122.0 695.0 136.0 32.0 136.0 
1 2 0.57 0.57 246.0 93.0 246.0 469.0 94.0 469.0 
1 3 0.7 0.7 246.0 93.0 246.0 469.0 94.0 469.0 984.0 123.0 984.0 
1 2 0.52 0.52 341.0 165.0 341.0 265.0 11.0 265.0 
1 3 0.61 0.61 341.0 165.0 341.0 265.0 11.0 265.0 231.0 21.0 231.0 
1 4 0.99 0.99 341.0 165.0 341.0 265.0 11.0 265.0 231.0 21.0 231.0 313.0 118.0 313.0 
1 2 0.34 0.34 951.0 67.0 951.0 466.0 127.0 466.0 
1 2 0.97 0.97 73.0 15.0 73.0 13.0 10.0 13.0 
1 2 0.88 0.88 144.0 40.0 144.0 33.0 20.0 33.0 
1 2 0.44 0.44 189.0 41.0 189.0 730.0 165.0 730.0 
1 3 0.93 0.93 189.0 41.0 189.0 730.0 165.0 730.0 827.0 409.0 827.0 
1 2 0.43 0.43 907.0 335.0 907.0 200.0 13.0 200.0 
1 3 0.89 0.89 907.0 335.0 907.0 200.0 13.0 200.0 657.0 301.0 657.0 
1 2 0.24 0.24 813.0 161.0 813.0 411.0 20.0 411.0 
1 2 0.8 0.8 777.0 506.0 777.0 725.0 111.0 725.0 
1 2 0.42 0.42 121.0 50.0 121.0 656.0 7.0 656.0 
1 3 0.69 0.69 121.0 50.0 121.0 656.0 7.0 656.0 998.0 266.0 998.0 
1 4 0.89 0.89 121.0 50.0 121.0 656.0 7.0 656.0 998.0 266.0 998.0 39.0 8.0 39.0 
1 2 0.8 0.8 53.0 19.0 53.0 705.0 317.0 705.0 
1 2 0.64 0.64 768.0 158.0 768.0 182.0 80.0 182.0 
1 2 0.39 0.39 525.0 16.0 525.0 575.0 212.0 575.0 
1 2 0.74 0.74 272.0 104.0 272.0 695.0 255.0 695.0 
1 2 0.8 0.8 494.0 82.0 494.0 850.0 542.0 850.0 
1 2 0.89 0.89 908.0 473.0 908.0 864.0 327.0 864.0 
1 2 0.68 0.68 623.0 120.0 623.0 376.0 185.0 376.0 
1 2 0.6 0.6 350.0 46.0 350.0 756.0 356.0 756.0 
1 2 0.59 0.59 539.0 261.0 539.0 595.0 66.0 595.0 
1 2 0.67 0.67 643.0 246.0 643.0 291.0 85.0 291.0 
1 3 0.94 0.94 643.0 246.0 643.0 291.0 85.0 291.0 958.0 258.0 958.0 
1 2 0.07 0.07 249.0 12.0 249.0 332.0 9.0 332.0 
1 3 0.24 0.24 249.0 12.0 249.0 332.0 9.0 332.0 694.0 121.0 694.0 
1 4 0.64 0.64 249.0 12.0 249.0 332.0 9.0 332.0 694.0 121.0 694.0 348.0 137.0 348.0 
1 2 0.47 0.47 60.0 17.0 60.0 818.0 160.0 818.0 
1 2 0.78 0.78 270.0 76.0 270.0 466.0 235.0 466.0 
1 3 0.8 0.8 270.0 76.0 270.0 466.0 235.0 466.0 413.0 9.0 413.0 
1 2 0.42 0.42 120.0 19.0 120.0 560.0 148.0 560.0 
1 3 0.65 0.65 120.0 19.0 120.0 560.0 148.0 560.0 17.0 4.0 17.0 
1 2 0.33 0.33 135.0 43.0 135.0 606.0 11.0 606.0 
1 3 0.42 0.42 135.0 43.0 135.0 606.0 11.0 606.0 652.0 58.0 652.0 
1 4 0.6 0.6 135.0 43.0 135.0 606.0 11.0 606.0 652.0 58.0 652.0 846.0 155.0 846.0 
1 5 0.69 0.69 135.0 43.0 135.0 606.0 11.0 606.0 652.0 58.0 652.0 846.0 155.0 846.0 114.0 10.0 114.0 
1 2 0.58 0.58 425.0 105.0 425.0 491.0 166.0 491.0 
1 3 0.78 0.78 425.0 105.0 425.0 491.0 166.0 491.0 967.0 193.0 967.0 
1 4 0.98 0.98 425.0 105.0 425.0 491.0 166.0 491.0 967.0 193.0 967.0 853.0 174.0 853.0 
1 2 0.54 0.54 788.0 298.0 788.0 276.0 46.0 276.0 
1 3 0.77 0.77 788.0 298.0 788.0 276.0 46.0 276.0 39.0 9.0 39.0 
1 2 0.57 0.57 37.0 18.0 37.0 522.0 47.0 522.0 
1 3 0.73 0.73 37.0 18.0 37.0 522.0 47.0 522.0 106.0 17.0 106.0 
1 4 0.98 0.98 37.0 18.0 37.0 522.0 47.0 522.0 106.0 17.0 106.0 370.0 90.0 370.0 
1 2 0.44 0.44 375.0 16.0 375.0 743.0 300.0 743.0 
1 2 0.74 0.74 532.0 360.0 532.0 155.0 10.0 155.0 
1 2 0.5 0.5 574.0 282.0 574.0 178.0 2.0 178.0 
1 3 0.54 0.54 574.0 282.0 574.0 178.0 2.0 178.0 171.0 7.0 171.0 
1 4 0.56 0.56 574.0 282.0 574.0 178.0 2.0 178.0 171.0 7.0 171.0 814.0 21.0 814.0 
1 5 0.96 0.96 574.0 282.0 574.0 178.0 2.0 178.0 171.0 7.0 171.0 814.0 21.0 814.0 912.0 358.0 912.0 
1 2 0.99 0.99 607.0 202.0 607.0 709.0 467.0 709.0 
1 2 0.2 0.2 431.0 14.0 431.0 662.0 111.0 662.0 
1 3 0.31 0.31 431.0 14.0 431.0 662.0 111.0 662.0 221.0 25.0 221.0 
1 4 0.77 0.77 431.0 14.0 431.0 662.0 111.0 662.0 221.0 25.0 221.0 789.0 365.0 789.0 
1 2 0.97 0.97 192.0 176.0 192.0 768.0 44.0 768.0 
1 2 0.98 0.98 252.0 199.0 252.0 707.0 140.0 707.0 
1 2 0.48 0.48 823.0 13.0 823.0 245.0 116.0 245.0 
1 3 0.84 0.84 823.0 13.0 823.0 245.0 116.0 245.0 199.0 71.0 199.0 
1 2 0.9 0.9 857.0 124.0 857.0 817.0 618.0 817.0 
1 2 0.97 0.97 159.0 76.0 159.0 594.0 296.0 594.0 
1 2 0.55 0.55 32.0 8.0 32.0 621.0 187.0 621.0 
1 2 0.78 0.78 690.0 376.0 690.0 33.0 8.0 33.0 
1 3 0.98 0.98 690.0 376.0 690.0 33.0 8.0 33.0 919.0 182.0 919.0 
1 2 0.38 0.38 862.0 284.0 862.0 87.0 5.0 87.0 
1 3 0.48 0.48 862.0 284.0 862.0 87.0 5.0 87.0 381.0 36.0 381.0 
1 4 0.89 0.89 862.0 284.0 862.0 87.0 5.0 87.0 381.0 36.0 381.0 308.0 126.0 308.0 
1 2 0.33 0.33 781.0 44.0 781.0 498.0 139.0 498.0 
1 3 0.34 0.34 781.0 44.0 781.0 498.0 139.0 498.0 140.0 1.0 140.0 
1 4 0.55 0.55 781.0 44.0 781.0 498.0 139.0 498.0 140.0 1.0 140.0 230.0 50.0 230.0 
1 2 0.5 0.5 899.0 437.0 899.0 643.0 10.0 643.0 
1 2 0.34 0.34 220.0 61.0 220.0 94.0 6.0 94.0 
1 3 0.47 0.47 220.0 61.0 220.0 94.0 6.0 94.0 676.0 89.0 676.0 
1 4 0.63 0.63 220.0 61.0 220.0 94.0 6.0 94.0 676.0 89.0 676.0 72.0 12.0 72.0 
1 2 0.39 0.39 239.0 86.0 239.0 616.0 24.0 616.0 
1 3 0.52 0.52 239.0 86.0 239.0 616.0 24.0 616.0 954.0 119.0 954.0 
1 4 0.87 0.87 239.0 86.0 239.0 616.0 24.0 616.0 954.0 119.0 954.0 172.0 60.0 172.0 
1 2 0.5 0.5 460.0 65.0 460.0 11.0 4.0 11.0 
1 2 0.91 0.91 893.0 402.0 893.0 454.0 212.0 454.0 
1 2 0.48 0.48 510.0 202.0 510.0 740.0 68.0 740.0 
1 3 0.49 0.49 510.0 202.0 510.0 740.0 68.0 740.0 280.0 3.0 280.0 
1 2 0.63 0.63 211.0 14.0 211.0 255.0 146.0 255.0 
1 3 0.83 0.83 211.0 14.0 211.0 255.0 146.0 255.0 935.0 179.0 935.0 
1 2 0.78 0.78 169.0 61.0 169.0 564.0 237.0 564.0 
1 2 0.27 0.27 148.0 3.0 148.0 52.0 13.0 52.0 
1 3 0.53 0.53 148.0 3.0 148.0 52.0 13.0 52.0 854.0 228.0 854.0 
1 4 0.63 0.63 148.0 3.0 148.0 52.0 13.0 52.0 854.0 228.0 854.0 827.0 80.0 827.0 
1 5 0.91 0.91 148.0 3.0 148.0 52.0 13.0 52.0 854.0 228.0 854.0 827.0 80.0 827.0 224.0 64.0 224.0 
1 2 0.64 0.64 331.0 179.0 331.0 616.0 66.0 616.0 
1 3 0.85 0.85 331.0 179.0 331.0 616.0 66.0 616.0 261.0 54.0 261.0 
1 2 0.89 0.89 599.0 185.0 599.0 153.0 89.0 153.0 
1 2 0.58 0.58 422.0 48.0 422.0 651.0 306.0 651.0 
1 2 0.19 0.19 55.0 1.0 55.0 293.0 51.0 293.0 
1 3 0.8 0.8 55.0 1.0 55.0 293.0 51.0 293.0 742.0 452.0 742.0 
1 2 0.48 0.48 87.0 39.0 87.0 605.0 25.0 605.0 
1 3 0.76 0.76 87.0 39.0 87.0 605.0 25.0 605.0 680.0 185.0 680.0 
1 4 0.87 0.87 87.0 39.0 87.0 605.0 25.0 605.0 680.0 185.0 680.0 679.0 78.0 679.0 
1 2 0.81 0.81 908.0 462.0 908.0 229.0 69.0 229.0 
1 2 0.92 0.92 999.0 73.0 999.0 416.0 354.0 416.0 
1 2 0.93 0.93 383.0 208.0 383.0 51.0 20.0 51.0 
1 2 0.58 0.58 930.0 78.0 930.0 8.0 4.0 8.0 
1 3 0.68 0.68 930.0 78.0 930.0 8.0 4.0 8.0 972.0 94.0 972.0 
1 2 0.42 0.42 247.0 61.0 247.0 39.0 7.0 39.0 
1 3 0.95 0.95 247.0 61.0 247.0 39.0 7.0 39.0 139.0 73.0 139.0 
1 2 0.82 0.82 734.0 235.0 734.0 324.0 162.0 324.0 
1 2 0.55 0.55 850.0 193.0 850.0 767.0 252.0 767.0 
1 2 0.61 0.61 26.0 8.0 26.0 355.0 108.0 355.0 
1 3 0.94 0.94 26.0 8.0 26.0 355.0 108.0 355.0 902.0 300.0 902.0 
1 2 0.39 0.39 644.0 4.0 644.0 727.0 280.0 727.0 
1 3 0.62 0.62 644.0 4.0 644.0 727.0 280.0 727.0 834.0 197.0 834.0 
1 4 0.65 0.65 644.0 4.0 644.0 727.0 280.0 727.0 834.0 197.0 834.0 215.0 5.0 215.0 
1 5 0.98 0.98 644.0 4.0 644.0 727.0 280.0 727.0 834.0 197.0 834.0 215.0 5.0 215.0 845.0 279.0 845.0 
1 2 0.68 0.68 954.0 199.0 954.0 430.0 206.0 430.0 
1 3 0.78 0.78 954.0 199.0 954.0 430.0 206.0 430.0 722.0 67.0 722.0 
1 4 0.78 0.78 954.0 199.0 954.0 430.0 206.0 430.0 722.0 67.0 722.0 641.0 3.0 641.0 
1 2 0.55 0.55 382.0 141.0 382.0 294.0 56.0 294.0 
1 2 0.99 0.99 515.0 502.0 515.0 180.0 3.0 180.0 
1 2 0.6 0.6 445.0 131.0 445.0 105.0 33.0 105.0 
1 3 0.61 0.61 445.0 131.0 445.0 105.0 33.0 105.0 390.0 2.0 390.0 
1 4 0.83 0.83 445.0 131.0 445.0 105.0 33.0 105.0 390.0 2.0 390.0 655.0 143.0 655.0 
1 2 0.33 0.33 463.0 87.0 463.0 320.0 46.0 320.0 
1 2 0.38 0.38 1000.0 351.0 1000.0 283.0 11.0 283.0 
1 2 0.46 0.46 61.0 20.0 61.0 144.0 20.0 144.0 
1 3 0.91 0.91 61.0 20.0 61.0 144.0 20.0 144.0 217.0 98.0 217.0 
1 2 0.31 0.31 801.0 153.0 801.0 691.0 84.0 691.0 
1 3 0.73 0.73 801.0 153.0 801.0 691.0 84.0 691.0 344.0 147.0 344.0 
1 4 0.87 0.87 801.0 153.0 801.0 691.0 84.0 691.0 344.0 147.0 344.0 404.0 55.0 404.0 
1 2 0.78 0.78 613.0 245.0 613.0 823.0 321.0 823.0 
1 2 0.72 0.72 639.0 335.0 639.0 743.0 152.0 743.0 
1 2 0.87 0.87 188.0 90.0 188.0 5.0 2.0 5.0 
1 2 0.76 0.76 995.0 743.0 995.0 857.0 17.0 857.0 
1 2 0.32 0.32 311.0 30.0 311.0 57.0 13.0 57.0 
1 3 0.7 0.7 311.0 30.0 311.0 57.0 13.0 57.0 873.0 331.0 873.0 
1 4 0.74 0.74 311.0 30.0 311.0 57.0 13.0 57.0 873.0 331.0 873.0 928.0 41.0 928.0 
1 2 0.84 0.84 732.0 329.0 732.0 811.0 323.0 811.0 
1 2 0.8 0.8 591.0 45.0 591.0 416.0 304.0 416.0 
1 2 0.17 0.17 679.0 82.0 679.0 195.0 10.0 195.0 
1 3 0.2 0.2 679.0 82.0 679.0 195.0 10.0 195.0 392.0 14.0 392.0 
1 4 0.23 0.23 679.0 82.0 679.0 195.0 10.0 195.0 392.0 14.0 392.0 542.0 16.0 542.0 
1 2 0.6 0.6 485.0 87.0 485.0 395.0 170.0 395.0 
1 3 0.96 0.96 485.0 87.0 485.0 395.0 170.0 395.0 897.0 319.0 897.0 
1 2 0.37 0.37 759.0 16.0 759.0 659.0 236.0 659.0 
1 3 0.95 0.95 759.0 16.0 759.0 659.0 236.0 659.0 99.0 57.0 99.0 
1 2 0.28 0.28 397.0 86.0 397.0 793.0 52.0 793.0 
1 3 0.46 0.46 397.0 86.0 397.0 793.0 52.0 793.0 964.0 176.0 964.0 
1 2 0.82 0.82 422.0 343.0 422.0 59.0 1.0 59.0 
1 3 0.83 0.83 422.0 343.0 422.0 59.0 1.0 59.0 914.0 4.0 914.0 
1 2 0.8 0.8 123.0 94.0 123.0 459.0 19.0 459.0 
1 3 0.97 0.97 123.0 94.0 123.0 459.0 19.0 459.0 670.0 116.0 670.0 
1 2 0.08 0.08 730.0 55.0 730.0 642.0 9.0 642.0 
1 3 0.37 0.37 730.0 55.0 730.0 642.0 9.0 642.0 32.0 9.0 32.0 
1 4 0.84 0.84 730.0 55.0 730.0 642.0 9.0 642.0 32.0 9.0 32.0 270.0 127.0 270.0 
