2 3 1.86 1.86 639.0 523.0 639.0 592.0 106.0 592.0 544.0 471.0 544.0 
2 3 1.01 1.01 173.0 24.0 173.0 269.0 201.0 269.0 479.0 63.0 479.0 
2 4 1.54 1.54 173.0 24.0 173.0 269.0 201.0 269.0 479.0 63.0 479.0 129.0 68.0 129.0 
2 5 1.99 1.99 173.0 24.0 173.0 269.0 201.0 269.0 479.0 63.0 479.0 129.0 68.0 129.0 75.0 34.0 75.0 
2 3 1.79 1.79 280.0 186.0 280.0 539.0 337.0 539.0 485.0 243.0 485.0 
2 3 1.82 1.82 908.0 356.0 908.0 756.0 638.0 756.0 600.0 352.0 600.0 
2 4 1.91 1.91 908.0 356.0 908.0 756.0 638.0 756.0 600.0 352.0 600.0 333.0 30.0 333.0 
2 3 0.95 0.95 563.0 86.0 563.0 567.0 174.0 567.0 397.0 196.0 397.0 
2 4 1.27 1.27 563.0 86.0 563.0 567.0 174.0 567.0 397.0 196.0 397.0 203.0 66.0 203.0 
2 5 1.52 1.52 563.0 86.0 563.0 567.0 174.0 567.0 397.0 196.0 397.0 203.0 66.0 203.0 450.0 110.0 450.0 
2 3 1.78 1.78 670.0 355.0 670.0 532.0 317.0 532.0 654.0 430.0 654.0 
2 3 1.43 1.43 222.0 52.0 222.0 485.0 123.0 485.0 272.0 258.0 272.0 
2 3 1.87 1.87 452.0 146.0 452.0 446.0 368.0 446.0 974.0 705.0 974.0 
2 3 1.03 1.03 22.0 3.0 22.0 970.0 285.0 970.0 43.0 26.0 43.0 
2 4 1.62 1.62 22.0 3.0 22.0 970.0 285.0 970.0 43.0 26.0 43.0 856.0 504.0 856.0 
2 3 1.53 1.53 772.0 90.0 772.0 154.0 82.0 154.0 230.0 204.0 230.0 
2 3 1.76 1.76 526.0 125.0 526.0 113.0 73.0 113.0 297.0 262.0 297.0 
2 3 1.99 1.99 988.0 602.0 988.0 955.0 656.0 955.0 496.0 345.0 496.0 
2 3 1.49 1.49 750.0 434.0 750.0 289.0 195.0 289.0 867.0 208.0 867.0 
2 3 1.61 1.61 802.0 450.0 802.0 300.0 244.0 300.0 21.0 5.0 21.0 
2 3 1.76 1.76 94.0 73.0 94.0 953.0 613.0 953.0 81.0 28.0 81.0 
2 4 1.89 1.89 94.0 73.0 94.0 953.0 613.0 953.0 81.0 28.0 81.0 67.0 9.0 67.0 
2 3 1.46 1.46 578.0 227.0 578.0 885.0 392.0 885.0 600.0 380.0 600.0 
2 3 1.61 1.61 328.0 10.0 328.0 435.0 342.0 435.0 45.0 36.0 45.0 
2 3 1.84 1.84 516.0 416.0 516.0 793.0 389.0 793.0 946.0 517.0 946.0 
2 3 1.74 1.74 801.0 93.0 801.0 969.0 799.0 969.0 877.0 707.0 877.0 
2 3 1.56 1.56 332.0 297.0 332.0 11.0 2.0 11.0 950.0 460.0 950.0 
2 3 1.68 1.68 219.0 185.0 219.0 605.0 166.0 605.0 699.0 397.0 699.0 
2 3 1.78 1.78 684.0 569.0 684.0 555.0 202.0 555.0 983.0 582.0 983.0 
2 4 1.89 1.89 684.0 569.0 684.0 555.0 202.0 555.0 983.0 582.0 983.0 147.0 16.0 147.0 
2 3 1.83 1.83 553.0 381.0 553.0 90.0 35.0 90.0 467.0 354.0 467.0 
2 3 1.79 1.79 171.0 162.0 171.0 647.0 387.0 647.0 937.0 238.0 937.0 
2 3 1.59 1.59 818.0 85.0 818.0 962.0 483.0 962.0 766.0 755.0 766.0 
2 3 1.74 1.74 315.0 259.0 315.0 754.0 686.0 754.0 909.0 13.0 909.0 
2 3 1.76 1.76 955.0 810.0 955.0 255.0 135.0 255.0 763.0 298.0 763.0 
2 3 1.65 1.65 370.0 46.0 370.0 797.0 772.0 797.0 356.0 200.0 356.0 
2 3 1.9 1.9 629.0 619.0 629.0 275.0 210.0 275.0 108.0 17.0 108.0 
2 3 1.89 1.89 627.0 568.0 627.0 374.0 178.0 374.0 955.0 493.0 955.0 
2 3 1.28 1.28 750.0 164.0 750.0 530.0 221.0 530.0 228.0 148.0 228.0 
2 4 1.89 1.89 750.0 164.0 750.0 530.0 221.0 530.0 228.0 148.0 228.0 82.0 50.0 82.0 
2 3 0.72 0.72 41.0 12.0 41.0 309.0 62.0 309.0 342.0 79.0 342.0 
2 4 0.87 0.87 41.0 12.0 41.0 309.0 62.0 309.0 342.0 79.0 342.0 639.0 99.0 639.0 
2 5 1.04 1.04 41.0 12.0 41.0 309.0 62.0 309.0 342.0 79.0 342.0 639.0 99.0 639.0 816.0 133.0 816.0 
2 6 1.1 1.1 41.0 12.0 41.0 309.0 62.0 309.0 342.0 79.0 342.0 639.0 99.0 639.0 816.0 133.0 816.0 777.0 45.0 777.0 
2 7 1.78 1.78 41.0 12.0 41.0 309.0 62.0 309.0 342.0 79.0 342.0 639.0 99.0 639.0 816.0 133.0 816.0 777.0 45.0 777.0 385.0 263.0 385.0 
2 8 1.98 1.98 41.0 12.0 41.0 309.0 62.0 309.0 342.0 79.0 342.0 639.0 99.0 639.0 816.0 133.0 816.0 777.0 45.0 777.0 385.0 263.0 385.0 89.0 18.0 89.0 
2 3 1.41 1.41 318.0 161.0 318.0 940.0 509.0 940.0 246.0 91.0 246.0 
2 3 1.34 1.34 628.0 408.0 628.0 566.0 44.0 566.0 231.0 143.0 231.0 
2 3 1.51 1.51 588.0 18.0 588.0 525.0 490.0 525.0 661.0 365.0 661.0 
2 3 1.93 1.93 750.0 723.0 750.0 12.0 1.0 12.0 489.0 433.0 489.0 
2 3 1.61 1.61 290.0 171.0 290.0 627.0 286.0 627.0 223.0 128.0 223.0 
2 4 1.64 1.64 290.0 171.0 290.0 627.0 286.0 627.0 223.0 128.0 223.0 955.0 21.0 955.0 
2 3 1.33 1.33 609.0 522.0 609.0 968.0 122.0 968.0 617.0 219.0 617.0 
2 3 1.23 1.23 83.0 26.0 83.0 706.0 122.0 706.0 931.0 695.0 931.0 
2 4 1.73 1.73 83.0 26.0 83.0 706.0 122.0 706.0 931.0 695.0 931.0 382.0 192.0 382.0 
2 3 1.12 1.12 622.0 76.0 622.0 626.0 186.0 626.0 444.0 314.0 444.0 
2 4 1.91 1.91 622.0 76.0 622.0 626.0 186.0 626.0 444.0 314.0 444.0 288.0 227.0 288.0 
2 3 1.6 1.6 348.0 320.0 348.0 473.0 7.0 473.0 966.0 650.0 966.0 
2 4 1.84 1.84 348.0 320.0 348.0 473.0 7.0 473.0 966.0 650.0 966.0 197.0 46.0 197.0 
2 3 1.8 1.8 259.0 211.0 259.0 765.0 723.0 765.0 70.0 3.0 70.0 
2 3 0.89 0.89 872.0 40.0 872.0 20.0 4.0 20.0 343.0 223.0 343.0 
2 4 1.47 1.47 872.0 40.0 872.0 20.0 4.0 20.0 343.0 223.0 343.0 50.0 29.0 50.0 
2 5 1.72 1.72 872.0 40.0 872.0 20.0 4.0 20.0 343.0 223.0 343.0 50.0 29.0 50.0 406.0 101.0 406.0 
2 3 1.06 1.06 746.0 525.0 746.0 439.0 142.0 439.0 683.0 24.0 683.0 
2 4 1.18 1.18 746.0 525.0 746.0 439.0 142.0 439.0 683.0 24.0 683.0 238.0 29.0 238.0 
2 5 1.59 1.59 746.0 525.0 746.0 439.0 142.0 439.0 683.0 24.0 683.0 238.0 29.0 238.0 638.0 265.0 638.0 
2 3 1.29 1.29 569.0 424.0 569.0 828.0 272.0 828.0 351.0 78.0 351.0 
2 4 1.82 1.82 569.0 424.0 569.0 828.0 272.0 828.0 351.0 78.0 351.0 315.0 167.0 315.0 
2 3 1.99 1.99 887.0 502.0 887.0 154.0 130.0 154.0 822.0 483.0 822.0 
2 3 1.62 1.62 663.0 167.0 663.0 217.0 137.0 217.0 646.0 476.0 646.0 
2 4 1.75 1.75 663.0 167.0 663.0 217.0 137.0 217.0 646.0 476.0 646.0 947.0 124.0 947.0 
2 5 1.98 1.98 663.0 167.0 663.0 217.0 137.0 217.0 646.0 476.0 646.0 947.0 124.0 947.0 574.0 134.0 574.0 
2 3 1.21 1.21 383.0 230.0 383.0 702.0 235.0 702.0 950.0 264.0 950.0 
2 4 1.46 1.46 383.0 230.0 383.0 702.0 235.0 702.0 950.0 264.0 950.0 279.0 69.0 279.0 
2 5 1.62 1.62 383.0 230.0 383.0 702.0 235.0 702.0 950.0 264.0 950.0 279.0 69.0 279.0 989.0 158.0 989.0 
2 3 1.92 1.92 934.0 476.0 934.0 953.0 477.0 953.0 578.0 528.0 578.0 
2 3 0.43 0.43 959.0 4.0 959.0 394.0 55.0 394.0 860.0 250.0 860.0 
2 4 1.33 1.33 959.0 4.0 959.0 394.0 55.0 394.0 860.0 250.0 860.0 31.0 28.0 31.0 
2 3 1.81 1.81 582.0 380.0 582.0 718.0 336.0 718.0 777.0 537.0 777.0 
2 3 0.63 0.63 559.0 26.0 559.0 671.0 46.0 671.0 458.0 237.0 458.0 
2 4 1.19 1.19 559.0 26.0 559.0 671.0 46.0 671.0 458.0 237.0 458.0 658.0 369.0 658.0 
2 3 1.7 1.7 695.0 277.0 695.0 825.0 405.0 825.0 470.0 381.0 470.0 
2 3 1.25 1.25 473.0 238.0 473.0 114.0 22.0 114.0 315.0 176.0 315.0 
2 3 1.39 1.39 431.0 282.0 431.0 972.0 389.0 972.0 560.0 193.0 560.0 
2 3 1.6 1.6 150.0 113.0 150.0 919.0 403.0 919.0 825.0 341.0 825.0 
2 3 1.48 1.48 435.0 86.0 435.0 389.0 291.0 389.0 425.0 231.0 425.0 
2 3 1.91 1.91 788.0 573.0 788.0 855.0 583.0 855.0 378.0 192.0 378.0 
2 3 1.81 1.81 167.0 30.0 167.0 305.0 305.0 305.0 423.0 269.0 423.0 
2 3 1.4 1.4 395.0 175.0 395.0 200.0 26.0 200.0 816.0 676.0 816.0 
2 4 1.95 1.95 395.0 175.0 395.0 200.0 26.0 200.0 816.0 676.0 816.0 192.0 107.0 192.0 
2 3 1.48 1.48 555.0 421.0 555.0 584.0 367.0 584.0 644.0 65.0 644.0 
2 4 1.62 1.62 555.0 421.0 555.0 584.0 367.0 584.0 644.0 65.0 644.0 621.0 86.0 621.0 
2 3 1.86 1.86 968.0 564.0 968.0 911.0 313.0 911.0 747.0 699.0 747.0 
2 3 1.47 1.47 661.0 126.0 661.0 650.0 582.0 650.0 177.0 68.0 177.0 
2 3 1.38 1.38 705.0 415.0 705.0 851.0 603.0 851.0 696.0 63.0 696.0 
2 4 1.91 1.91 705.0 415.0 705.0 851.0 603.0 851.0 696.0 63.0 696.0 47.0 25.0 47.0 
2 3 0.98 0.98 186.0 11.0 186.0 471.0 1.0 471.0 430.0 399.0 430.0 
2 4 1.67 1.67 186.0 11.0 186.0 471.0 1.0 471.0 430.0 399.0 430.0 289.0 197.0 289.0 
2 3 1.62 1.62 82.0 3.0 82.0 399.0 305.0 399.0 498.0 408.0 498.0 
2 3 1.26 1.26 346.0 49.0 346.0 742.0 208.0 742.0 735.0 622.0 735.0 
2 4 1.48 1.48 346.0 49.0 346.0 742.0 208.0 742.0 735.0 622.0 735.0 112.0 24.0 112.0 
2 3 1.43 1.43 618.0 97.0 618.0 221.0 207.0 221.0 154.0 53.0 154.0 
2 3 1.45 1.45 349.0 327.0 349.0 247.0 28.0 247.0 596.0 243.0 596.0 
2 4 1.86 1.86 349.0 327.0 349.0 247.0 28.0 247.0 596.0 243.0 596.0 898.0 365.0 898.0 
2 3 1.1 1.1 966.0 45.0 966.0 909.0 198.0 909.0 216.0 181.0 216.0 
2 4 1.83 1.83 966.0 45.0 966.0 909.0 198.0 909.0 216.0 181.0 216.0 198.0 146.0 198.0 
2 3 1.75 1.75 699.0 221.0 699.0 216.0 113.0 216.0 502.0 460.0 502.0 
2 3 1.14 1.14 975.0 294.0 975.0 254.0 5.0 254.0 974.0 802.0 974.0 
2 4 1.87 1.87 975.0 294.0 975.0 254.0 5.0 254.0 974.0 802.0 974.0 552.0 403.0 552.0 
2 3 1.45 1.45 620.0 213.0 620.0 545.0 210.0 545.0 720.0 522.0 720.0 
2 4 1.56 1.56 620.0 213.0 620.0 545.0 210.0 545.0 720.0 522.0 720.0 338.0 39.0 338.0 
2 5 1.66 1.66 620.0 213.0 620.0 545.0 210.0 545.0 720.0 522.0 720.0 338.0 39.0 338.0 924.0 90.0 924.0 
2 3 1.74 1.74 734.0 463.0 734.0 672.0 121.0 672.0 780.0 727.0 780.0 
2 3 1.92 1.92 29.0 20.0 29.0 785.0 402.0 785.0 243.0 176.0 243.0 
2 3 1.76 1.76 97.0 65.0 97.0 976.0 519.0 976.0 301.0 168.0 301.0 
2 3 1.88 1.88 273.0 120.0 273.0 19.0 14.0 19.0 591.0 420.0 591.0 
2 3 1.49 1.49 832.0 727.0 832.0 487.0 8.0 487.0 918.0 553.0 918.0 
2 3 1.04 1.04 143.0 107.0 143.0 754.0 84.0 754.0 939.0 170.0 939.0 
2 4 1.96 1.96 143.0 107.0 143.0 754.0 84.0 754.0 939.0 170.0 939.0 756.0 695.0 756.0 
2 3 1.92 1.92 686.0 125.0 686.0 115.0 102.0 115.0 323.0 276.0 323.0 
2 3 1.47 1.47 367.0 182.0 367.0 662.0 28.0 662.0 521.0 488.0 521.0 
2 4 1.66 1.66 367.0 182.0 367.0 662.0 28.0 662.0 521.0 488.0 521.0 440.0 83.0 440.0 
2 3 1.41 1.41 676.0 432.0 676.0 548.0 322.0 548.0 121.0 23.0 121.0 
2 3 1.86 1.86 628.0 376.0 628.0 40.0 39.0 40.0 660.0 193.0 660.0 
2 3 1.79 1.79 216.0 42.0 216.0 296.0 183.0 296.0 788.0 771.0 788.0 
2 3 1.74 1.74 614.0 163.0 614.0 350.0 304.0 350.0 707.0 429.0 707.0 
2 3 1.92 1.92 251.0 234.0 251.0 958.0 633.0 958.0 191.0 63.0 191.0 
2 3 1.69 1.69 432.0 27.0 432.0 426.0 379.0 426.0 939.0 696.0 939.0 
2 3 1.69 1.69 573.0 530.0 573.0 210.0 120.0 210.0 940.0 186.0 940.0 
2 3 1.98 1.98 968.0 840.0 968.0 714.0 444.0 714.0 8.0 4.0 8.0 
2 3 1.99 1.99 926.0 623.0 926.0 869.0 414.0 869.0 614.0 521.0 614.0 
2 3 1.77 1.77 419.0 376.0 419.0 425.0 303.0 425.0 84.0 14.0 84.0 
2 3 1.53 1.53 709.0 206.0 709.0 79.0 61.0 79.0 342.0 163.0 342.0 
2 3 1.85 1.85 979.0 607.0 979.0 760.0 728.0 760.0 661.0 184.0 661.0 
2 3 1.61 1.61 688.0 394.0 688.0 539.0 511.0 539.0 98.0 9.0 98.0 
2 3 1.43 1.43 545.0 299.0 545.0 288.0 147.0 288.0 490.0 184.0 490.0 
2 3 1.9 1.9 773.0 743.0 773.0 697.0 79.0 697.0 757.0 626.0 757.0 
2 4 1.92 1.92 773.0 743.0 773.0 697.0 79.0 697.0 757.0 626.0 757.0 39.0 1.0 39.0 
2 3 1.76 1.76 607.0 305.0 607.0 608.0 162.0 608.0 537.0 534.0 537.0 
2 3 1.5 1.5 343.0 234.0 343.0 825.0 272.0 825.0 862.0 428.0 862.0 
2 3 1.14 1.14 397.0 301.0 397.0 590.0 5.0 590.0 692.0 261.0 692.0 
2 4 1.83 1.83 397.0 301.0 397.0 590.0 5.0 590.0 692.0 261.0 692.0 336.0 232.0 336.0 
2 3 1.93 1.93 222.0 125.0 222.0 407.0 240.0 407.0 549.0 429.0 549.0 
2 3 1.86 1.86 655.0 265.0 655.0 188.0 173.0 188.0 632.0 340.0 632.0 
2 3 1.53 1.53 868.0 169.0 868.0 165.0 85.0 165.0 519.0 428.0 519.0 
2 3 1.59 1.59 283.0 186.0 283.0 469.0 100.0 469.0 411.0 298.0 411.0 
2 3 0.68 0.68 610.0 260.0 610.0 235.0 32.0 235.0 319.0 39.0 319.0 
2 4 1.63 1.63 610.0 260.0 610.0 235.0 32.0 235.0 319.0 39.0 319.0 953.0 908.0 953.0 
2 3 1.75 1.75 997.0 795.0 997.0 787.0 277.0 787.0 919.0 558.0 919.0 
2 3 1.89 1.89 537.0 426.0 537.0 384.0 347.0 384.0 899.0 177.0 899.0 
2 3 1.65 1.65 963.0 393.0 963.0 451.0 129.0 451.0 541.0 520.0 541.0 
2 4 1.7 1.7 963.0 393.0 963.0 451.0 129.0 451.0 541.0 520.0 541.0 121.0 6.0 121.0 
2 3 0.86 0.86 546.0 76.0 546.0 800.0 264.0 800.0 731.0 286.0 731.0 
2 4 1.38 1.38 546.0 76.0 546.0 800.0 264.0 800.0 731.0 286.0 731.0 57.0 30.0 57.0 
2 5 1.89 1.89 546.0 76.0 546.0 800.0 264.0 800.0 731.0 286.0 731.0 57.0 30.0 57.0 268.0 137.0 268.0 
2 3 1.85 1.85 321.0 73.0 321.0 933.0 607.0 933.0 841.0 822.0 841.0 
2 3 1.12 1.12 288.0 100.0 288.0 537.0 211.0 537.0 55.0 21.0 55.0 
2 4 1.73 1.73 288.0 100.0 288.0 537.0 211.0 537.0 55.0 21.0 55.0 372.0 228.0 372.0 
2 3 0.97 0.97 19.0 4.0 19.0 773.0 107.0 773.0 250.0 156.0 250.0 
2 4 1.46 1.46 19.0 4.0 19.0 773.0 107.0 773.0 250.0 156.0 250.0 533.0 260.0 533.0 
2 5 1.84 1.84 19.0 4.0 19.0 773.0 107.0 773.0 250.0 156.0 250.0 533.0 260.0 533.0 789.0 301.0 789.0 
2 3 1.43 1.43 409.0 244.0 409.0 914.0 379.0 914.0 728.0 308.0 728.0 
2 4 1.44 1.44 409.0 244.0 409.0 914.0 379.0 914.0 728.0 308.0 728.0 298.0 2.0 298.0 
2 5 1.45 1.45 409.0 244.0 409.0 914.0 379.0 914.0 728.0 308.0 728.0 298.0 2.0 298.0 926.0 9.0 926.0 
2 3 1.29 1.29 55.0 33.0 55.0 764.0 532.0 764.0 829.0 3.0 829.0 
2 4 1.96 1.96 55.0 33.0 55.0 764.0 532.0 764.0 829.0 3.0 829.0 707.0 469.0 707.0 
2 3 1.73 1.73 678.0 166.0 678.0 221.0 201.0 221.0 529.0 307.0 529.0 
2 3 1.09 1.09 931.0 163.0 931.0 971.0 673.0 971.0 108.0 25.0 108.0 
2 3 1.72 1.72 918.0 416.0 918.0 502.0 156.0 502.0 235.0 227.0 235.0 
2 4 1.87 1.87 918.0 416.0 918.0 502.0 156.0 502.0 235.0 227.0 235.0 636.0 92.0 636.0 
2 3 1.12 1.12 570.0 132.0 570.0 295.0 102.0 295.0 720.0 394.0 720.0 
2 4 1.79 1.79 570.0 132.0 570.0 295.0 102.0 295.0 720.0 394.0 720.0 15.0 10.0 15.0 
2 3 1.82 1.82 259.0 225.0 259.0 802.0 334.0 802.0 328.0 178.0 328.0 
2 3 1.59 1.59 205.0 157.0 205.0 707.0 45.0 707.0 272.0 207.0 272.0 
2 4 1.83 1.83 205.0 157.0 205.0 707.0 45.0 707.0 272.0 207.0 272.0 148.0 36.0 148.0 
2 3 0.87 0.87 99.0 12.0 99.0 525.0 97.0 525.0 381.0 217.0 381.0 
2 4 1.86 1.86 99.0 12.0 99.0 525.0 97.0 525.0 381.0 217.0 381.0 385.0 380.0 385.0 
2 5 1.93 1.93 99.0 12.0 99.0 525.0 97.0 525.0 381.0 217.0 381.0 385.0 380.0 385.0 575.0 43.0 575.0 
2 3 1.58 1.58 909.0 493.0 909.0 976.0 185.0 976.0 708.0 603.0 708.0 
2 3 0.91 0.91 268.0 69.0 268.0 592.0 231.0 592.0 204.0 54.0 204.0 
2 4 1.5 1.5 268.0 69.0 268.0 592.0 231.0 592.0 204.0 54.0 204.0 931.0 549.0 931.0 
2 3 1.33 1.33 791.0 340.0 791.0 201.0 111.0 201.0 349.0 123.0 349.0 
2 3 1.42 1.42 231.0 169.0 231.0 799.0 220.0 799.0 223.0 93.0 223.0 
2 3 0.69 0.69 414.0 81.0 414.0 915.0 66.0 915.0 485.0 207.0 485.0 
2 4 1.44 1.44 414.0 81.0 414.0 915.0 66.0 915.0 485.0 207.0 485.0 320.0 241.0 320.0 
2 3 1.61 1.61 64.0 33.0 64.0 623.0 472.0 623.0 811.0 276.0 811.0 
2 3 1.75 1.75 390.0 135.0 390.0 530.0 434.0 530.0 773.0 455.0 773.0 
2 3 1.14 1.14 261.0 54.0 261.0 57.0 40.0 57.0 733.0 175.0 733.0 
2 4 1.75 1.75 261.0 54.0 261.0 57.0 40.0 57.0 733.0 175.0 733.0 72.0 44.0 72.0 
2 5 1.85 1.85 261.0 54.0 261.0 57.0 40.0 57.0 733.0 175.0 733.0 72.0 44.0 72.0 144.0 14.0 144.0 
2 3 1.63 1.63 991.0 879.0 991.0 926.0 587.0 926.0 221.0 25.0 221.0 
2 3 1.15 1.15 364.0 357.0 364.0 190.0 7.0 190.0 653.0 92.0 653.0 
2 3 1.72 1.72 216.0 82.0 216.0 313.0 180.0 313.0 343.0 263.0 343.0 
2 3 1.06 1.06 489.0 5.0 489.0 455.0 198.0 455.0 623.0 385.0 623.0 
2 4 1.15 1.15 489.0 5.0 489.0 455.0 198.0 455.0 623.0 385.0 623.0 233.0 21.0 233.0 
2 5 1.84 1.84 489.0 5.0 489.0 455.0 198.0 455.0 623.0 385.0 623.0 233.0 21.0 233.0 956.0 663.0 956.0 
2 3 1.66 1.66 978.0 350.0 978.0 749.0 557.0 749.0 747.0 424.0 747.0 
2 3 0.99 0.99 576.0 293.0 576.0 618.0 170.0 618.0 493.0 104.0 493.0 
2 4 1.9 1.9 576.0 293.0 576.0 618.0 170.0 618.0 493.0 104.0 493.0 699.0 634.0 699.0 
2 3 1.29 1.29 654.0 136.0 654.0 944.0 410.0 944.0 605.0 396.0 605.0 
2 3 0.97 0.97 959.0 220.0 959.0 302.0 144.0 302.0 125.0 34.0 125.0 
2 4 1.87 1.87 959.0 220.0 959.0 302.0 144.0 302.0 125.0 34.0 125.0 629.0 561.0 629.0 
2 3 1.99 1.99 555.0 443.0 555.0 80.0 70.0 80.0 681.0 217.0 681.0 
2 3 1.02 1.02 127.0 30.0 127.0 715.0 363.0 715.0 397.0 112.0 397.0 
2 4 1.74 1.74 127.0 30.0 127.0 715.0 363.0 715.0 397.0 112.0 397.0 523.0 378.0 523.0 
2 3 1.25 1.25 112.0 66.0 112.0 653.0 27.0 653.0 855.0 530.0 855.0 
2 3 1.47 1.47 876.0 530.0 876.0 837.0 718.0 837.0 705.0 7.0 705.0 
2 4 1.87 1.87 876.0 530.0 876.0 837.0 718.0 837.0 705.0 7.0 705.0 969.0 385.0 969.0 
2 3 1.4 1.4 467.0 313.0 467.0 566.0 370.0 566.0 366.0 28.0 366.0 
2 4 1.58 1.58 467.0 313.0 467.0 566.0 370.0 566.0 366.0 28.0 366.0 939.0 175.0 939.0 
2 5 1.84 1.84 467.0 313.0 467.0 566.0 370.0 566.0 366.0 28.0 366.0 939.0 175.0 939.0 697.0 181.0 697.0 
2 3 1.55 1.55 557.0 521.0 557.0 284.0 10.0 284.0 379.0 223.0 379.0 
2 3 1.88 1.88 209.0 180.0 209.0 240.0 75.0 240.0 58.0 41.0 58.0 
2 3 1.15 1.15 358.0 87.0 358.0 51.0 32.0 51.0 528.0 152.0 528.0 
2 3 1.61 1.61 858.0 705.0 858.0 85.0 62.0 85.0 560.0 38.0 560.0 
2 3 1.75 1.75 751.0 514.0 751.0 300.0 22.0 300.0 25.0 25.0 25.0 
2 3 1.5 1.5 197.0 126.0 197.0 596.0 126.0 596.0 951.0 625.0 951.0 
2 3 1.2 1.2 971.0 130.0 971.0 514.0 290.0 514.0 834.0 423.0 834.0 
2 4 1.29 1.29 971.0 130.0 971.0 514.0 290.0 514.0 834.0 423.0 834.0 993.0 86.0 993.0 
2 5 1.55 1.55 971.0 130.0 971.0 514.0 290.0 514.0 834.0 423.0 834.0 993.0 86.0 993.0 889.0 237.0 889.0 
2 3 1.88 1.88 24.0 19.0 24.0 408.0 347.0 408.0 180.0 43.0 180.0 
2 3 1.47 1.47 387.0 72.0 387.0 810.0 754.0 810.0 692.0 250.0 692.0 
2 3 1.97 1.97 585.0 442.0 585.0 210.0 62.0 210.0 611.0 565.0 611.0 
2 3 0.72 0.72 622.0 33.0 622.0 883.0 109.0 883.0 772.0 422.0 772.0 
2 4 1.23 1.23 622.0 33.0 622.0 883.0 109.0 883.0 772.0 422.0 772.0 499.0 254.0 499.0 
2 5 1.68 1.68 622.0 33.0 622.0 883.0 109.0 883.0 772.0 422.0 772.0 499.0 254.0 499.0 35.0 16.0 35.0 
2 3 1.02 1.02 328.0 87.0 328.0 459.0 298.0 459.0 801.0 85.0 801.0 
2 4 1.92 1.92 328.0 87.0 328.0 459.0 298.0 459.0 801.0 85.0 801.0 885.0 801.0 885.0 
2 3 1.64 1.64 190.0 16.0 190.0 248.0 150.0 248.0 479.0 456.0 479.0 
2 3 1.92 1.92 156.0 27.0 156.0 109.0 86.0 109.0 753.0 724.0 753.0 
2 3 1.3 1.3 48.0 29.0 48.0 308.0 209.0 308.0 839.0 17.0 839.0 
2 4 1.61 1.61 48.0 29.0 48.0 308.0 209.0 308.0 839.0 17.0 839.0 911.0 284.0 911.0 
2 5 1.83 1.83 48.0 29.0 48.0 308.0 209.0 308.0 839.0 17.0 839.0 911.0 284.0 911.0 86.0 19.0 86.0 
2 3 1.98 1.98 771.0 571.0 771.0 449.0 258.0 449.0 574.0 387.0 574.0 
2 3 1.55 1.55 140.0 121.0 140.0 811.0 142.0 811.0 401.0 208.0 401.0 
2 3 1.2 1.2 873.0 254.0 873.0 506.0 296.0 506.0 513.0 171.0 513.0 
2 3 1.02 1.02 916.0 338.0 916.0 278.0 35.0 278.0 483.0 256.0 483.0 
2 4 1.65 1.65 916.0 338.0 916.0 278.0 35.0 278.0 483.0 256.0 483.0 564.0 358.0 564.0 
2 3 1.23 1.23 652.0 16.0 652.0 928.0 474.0 928.0 910.0 641.0 910.0 
2 4 1.47 1.47 652.0 16.0 652.0 928.0 474.0 928.0 910.0 641.0 910.0 695.0 161.0 695.0 
2 3 1.78 1.78 99.0 64.0 99.0 963.0 890.0 963.0 158.0 34.0 158.0 
2 3 1.78 1.78 196.0 65.0 196.0 616.0 352.0 616.0 52.0 46.0 52.0 
2 4 1.84 1.84 196.0 65.0 196.0 616.0 352.0 616.0 52.0 46.0 52.0 53.0 3.0 53.0 
2 3 1.59 1.59 934.0 907.0 934.0 994.0 561.0 994.0 299.0 18.0 299.0 
2 3 1.29 1.29 724.0 571.0 724.0 136.0 43.0 136.0 552.0 107.0 552.0 
2 3 0.63 0.63 195.0 62.0 195.0 313.0 85.0 313.0 754.0 34.0 754.0 
2 4 1.51 1.51 195.0 62.0 195.0 313.0 85.0 313.0 754.0 34.0 754.0 365.0 322.0 365.0 
2 3 1.7 1.7 551.0 174.0 551.0 513.0 435.0 513.0 722.0 391.0 722.0 
2 3 1.49 1.49 260.0 105.0 260.0 867.0 715.0 867.0 495.0 131.0 495.0 
2 3 1.51 1.51 821.0 761.0 821.0 917.0 62.0 917.0 931.0 483.0 931.0 
2 4 1.52 1.52 821.0 761.0 821.0 917.0 62.0 917.0 931.0 483.0 931.0 644.0 10.0 644.0 
2 3 1.95 1.95 455.0 271.0 455.0 821.0 447.0 821.0 321.0 262.0 321.0 
2 3 1.59 1.59 445.0 100.0 445.0 658.0 375.0 658.0 995.0 796.0 995.0 
2 3 1.78 1.78 179.0 107.0 179.0 833.0 598.0 833.0 267.0 126.0 267.0 
2 3 1.63 1.63 315.0 171.0 315.0 106.0 32.0 106.0 467.0 369.0 467.0 
2 4 1.92 1.92 315.0 171.0 315.0 106.0 32.0 106.0 467.0 369.0 467.0 180.0 53.0 180.0 
2 3 1.25 1.25 764.0 159.0 764.0 429.0 188.0 429.0 124.0 75.0 124.0 
2 4 1.92 1.92 764.0 159.0 764.0 429.0 188.0 429.0 124.0 75.0 124.0 315.0 212.0 315.0 
2 3 1.62 1.62 456.0 56.0 456.0 410.0 301.0 410.0 305.0 234.0 305.0 
2 3 1.84 1.84 707.0 390.0 707.0 237.0 92.0 237.0 456.0 411.0 456.0 
2 3 1.64 1.64 14.0 8.0 14.0 388.0 28.0 388.0 609.0 608.0 609.0 
2 3 1.35 1.35 405.0 204.0 405.0 963.0 800.0 963.0 555.0 12.0 555.0 
2 3 1.41 1.41 472.0 161.0 472.0 81.0 63.0 81.0 727.0 216.0 727.0 
2 3 1.84 1.84 218.0 169.0 218.0 722.0 426.0 722.0 772.0 368.0 772.0 
2 3 1.17 1.17 209.0 147.0 209.0 764.0 98.0 764.0 824.0 280.0 824.0 
2 4 1.72 1.72 209.0 147.0 209.0 764.0 98.0 764.0 824.0 280.0 824.0 860.0 474.0 860.0 
2 3 1.71 1.71 300.0 274.0 300.0 513.0 138.0 513.0 280.0 149.0 280.0 
2 3 1.72 1.72 310.0 107.0 310.0 425.0 354.0 425.0 663.0 361.0 663.0 
2 3 1.98 1.98 986.0 480.0 986.0 926.0 714.0 926.0 223.0 163.0 223.0 
2 3 1.92 1.92 504.0 382.0 504.0 556.0 322.0 556.0 230.0 135.0 230.0 
2 3 1.86 1.86 51.0 19.0 51.0 909.0 505.0 909.0 258.0 242.0 258.0 
2 3 1.02 1.02 290.0 7.0 290.0 589.0 103.0 589.0 342.0 282.0 342.0 
2 4 1.47 1.47 290.0 7.0 290.0 589.0 103.0 589.0 342.0 282.0 342.0 802.0 363.0 802.0 
2 5 1.65 1.65 290.0 7.0 290.0 589.0 103.0 589.0 342.0 282.0 342.0 802.0 363.0 802.0 560.0 101.0 560.0 
2 3 1.79 1.79 863.0 568.0 863.0 940.0 760.0 940.0 519.0 172.0 519.0 
2 3 0.77 0.77 546.0 41.0 546.0 339.0 221.0 339.0 463.0 20.0 463.0 
2 4 1.02 1.02 546.0 41.0 546.0 339.0 221.0 339.0 463.0 20.0 463.0 117.0 30.0 117.0 
2 5 1.22 1.22 546.0 41.0 546.0 339.0 221.0 339.0 463.0 20.0 463.0 117.0 30.0 117.0 353.0 71.0 353.0 
2 3 1.7 1.7 479.0 464.0 479.0 775.0 512.0 775.0 615.0 44.0 615.0 
2 3 1.96 1.96 494.0 319.0 494.0 166.0 84.0 166.0 613.0 501.0 613.0 
2 3 1.45 1.45 192.0 61.0 192.0 634.0 601.0 634.0 26.0 5.0 26.0 
2 4 1.7 1.7 192.0 61.0 192.0 634.0 601.0 634.0 26.0 5.0 26.0 152.0 37.0 152.0 
2 5 1.87 1.87 192.0 61.0 192.0 634.0 601.0 634.0 26.0 5.0 26.0 152.0 37.0 152.0 305.0 53.0 305.0 
2 3 1.63 1.63 686.0 470.0 686.0 492.0 300.0 492.0 284.0 96.0 284.0 
2 3 1.74 1.74 391.0 255.0 391.0 19.0 12.0 19.0 260.0 119.0 260.0 
2 3 1.51 1.51 846.0 148.0 846.0 796.0 426.0 796.0 488.0 395.0 488.0 
2 3 1.59 1.59 940.0 599.0 940.0 122.0 33.0 122.0 344.0 235.0 344.0 
2 3 1.5 1.5 85.0 19.0 85.0 360.0 319.0 360.0 696.0 276.0 696.0 
2 3 1.21 1.21 105.0 20.0 105.0 93.0 58.0 93.0 702.0 284.0 702.0 
2 3 1.81 1.81 405.0 254.0 405.0 16.0 12.0 16.0 235.0 102.0 235.0 
2 3 1.24 1.24 203.0 26.0 203.0 525.0 146.0 525.0 50.0 42.0 50.0 
2 4 1.81 1.81 203.0 26.0 203.0 525.0 146.0 525.0 50.0 42.0 50.0 470.0 269.0 470.0 
2 3 1.52 1.52 193.0 158.0 193.0 274.0 181.0 274.0 188.0 9.0 188.0 
2 3 1.86 1.86 942.0 735.0 942.0 375.0 196.0 375.0 149.0 84.0 149.0 
2 3 1.53 1.53 174.0 43.0 174.0 751.0 694.0 751.0 189.0 69.0 189.0 
2 4 1.67 1.67 174.0 43.0 174.0 751.0 694.0 751.0 189.0 69.0 189.0 21.0 3.0 21.0 
2 3 1.42 1.42 842.0 127.0 842.0 169.0 94.0 169.0 123.0 88.0 123.0 
2 4 1.47 1.47 842.0 127.0 842.0 169.0 94.0 169.0 123.0 88.0 123.0 880.0 50.0 880.0 
2 3 1.2 1.2 705.0 440.0 705.0 355.0 71.0 355.0 148.0 57.0 148.0 
2 4 1.87 1.87 705.0 440.0 705.0 355.0 71.0 355.0 148.0 57.0 148.0 996.0 664.0 996.0 
2 3 1.82 1.82 159.0 149.0 159.0 823.0 631.0 823.0 409.0 49.0 409.0 
2 3 1.78 1.78 888.0 712.0 888.0 215.0 177.0 215.0 842.0 132.0 842.0 
2 4 1.82 1.82 888.0 712.0 888.0 215.0 177.0 215.0 842.0 132.0 842.0 537.0 25.0 537.0 
2 3 1.64 1.64 403.0 274.0 403.0 116.0 36.0 116.0 797.0 524.0 797.0 
2 3 1.48 1.48 86.0 45.0 86.0 736.0 516.0 736.0 86.0 22.0 86.0 
2 4 1.88 1.88 86.0 45.0 86.0 736.0 516.0 736.0 86.0 22.0 86.0 70.0 28.0 70.0 
2 3 1.95 1.95 825.0 654.0 825.0 447.0 434.0 447.0 743.0 145.0 743.0 
2 3 1.69 1.69 107.0 93.0 107.0 949.0 480.0 949.0 959.0 305.0 959.0 
2 3 1.48 1.48 935.0 505.0 935.0 460.0 303.0 460.0 831.0 238.0 831.0 
2 3 1.24 1.24 498.0 234.0 498.0 248.0 97.0 248.0 584.0 227.0 584.0 
2 4 1.95 1.95 498.0 234.0 498.0 248.0 97.0 248.0 584.0 227.0 584.0 144.0 101.0 144.0 
2 3 1.88 1.88 842.0 80.0 842.0 258.0 244.0 258.0 212.0 179.0 212.0 
2 3 1.74 1.74 75.0 47.0 75.0 758.0 454.0 758.0 841.0 440.0 841.0 
2 3 1.59 1.59 256.0 94.0 256.0 55.0 13.0 55.0 201.0 200.0 201.0 
2 3 1.77 1.77 819.0 617.0 819.0 603.0 277.0 603.0 453.0 253.0 453.0 
2 3 1.86 1.86 578.0 65.0 578.0 833.0 642.0 833.0 783.0 772.0 783.0 
2 3 1.55 1.55 46.0 3.0 46.0 72.0 38.0 72.0 528.0 510.0 528.0 
2 3 0.92 0.92 35.0 14.0 35.0 693.0 245.0 693.0 710.0 123.0 710.0 
2 4 1.89 1.89 35.0 14.0 35.0 693.0 245.0 693.0 710.0 123.0 710.0 296.0 287.0 296.0 
2 3 1.86 1.86 787.0 691.0 787.0 500.0 410.0 500.0 437.0 71.0 437.0 
2 3 1.11 1.11 646.0 159.0 646.0 335.0 75.0 335.0 574.0 372.0 574.0 
2 4 1.58 1.58 646.0 159.0 646.0 335.0 75.0 335.0 574.0 372.0 574.0 741.0 345.0 741.0 
2 5 1.76 1.76 646.0 159.0 646.0 335.0 75.0 335.0 574.0 372.0 574.0 741.0 345.0 741.0 272.0 48.0 272.0 
2 3 1.83 1.83 783.0 415.0 783.0 206.0 149.0 206.0 718.0 416.0 718.0 
2 3 1.81 1.81 846.0 364.0 846.0 783.0 357.0 783.0 299.0 279.0 299.0 
2 3 1.77 1.77 394.0 243.0 394.0 512.0 85.0 512.0 602.0 596.0 602.0 
2 3 1.67 1.67 768.0 428.0 768.0 591.0 309.0 591.0 341.0 204.0 341.0 
2 4 1.87 1.87 768.0 428.0 768.0 591.0 309.0 591.0 341.0 204.0 341.0 676.0 131.0 676.0 
2 3 1.48 1.48 722.0 267.0 722.0 457.0 439.0 457.0 708.0 108.0 708.0 
2 4 1.77 1.77 722.0 267.0 722.0 457.0 439.0 457.0 708.0 108.0 708.0 280.0 81.0 280.0 
2 5 1.86 1.86 722.0 267.0 722.0 457.0 439.0 457.0 708.0 108.0 708.0 280.0 81.0 280.0 121.0 11.0 121.0 
2 3 1.66 1.66 757.0 591.0 757.0 18.0 4.0 18.0 755.0 498.0 755.0 
2 3 1.96 1.96 57.0 37.0 57.0 817.0 584.0 817.0 542.0 327.0 542.0 
2 3 1.98 1.98 233.0 152.0 233.0 853.0 471.0 853.0 829.0 647.0 829.0 
2 3 1.61 1.61 884.0 533.0 884.0 113.0 59.0 113.0 183.0 89.0 183.0 
2 3 1.81 1.81 298.0 125.0 298.0 681.0 395.0 681.0 226.0 185.0 226.0 
2 3 0.98 0.98 766.0 79.0 766.0 613.0 451.0 613.0 795.0 119.0 795.0 
2 4 1.75 1.75 766.0 79.0 766.0 613.0 451.0 613.0 795.0 119.0 795.0 35.0 27.0 35.0 
2 5 1.86 1.86 766.0 79.0 766.0 613.0 451.0 613.0 795.0 119.0 795.0 35.0 27.0 35.0 536.0 57.0 536.0 
2 3 1.66 1.66 329.0 279.0 329.0 728.0 18.0 728.0 964.0 761.0 964.0 
2 3 1.4 1.4 151.0 92.0 151.0 919.0 706.0 919.0 303.0 7.0 303.0 
2 3 0.96 0.96 515.0 396.0 515.0 784.0 103.0 784.0 488.0 31.0 488.0 
2 4 1.38 1.38 515.0 396.0 515.0 784.0 103.0 784.0 488.0 31.0 488.0 47.0 20.0 47.0 
2 5 1.89 1.89 515.0 396.0 515.0 784.0 103.0 784.0 488.0 31.0 488.0 47.0 20.0 47.0 768.0 387.0 768.0 
2 3 1.45 1.45 83.0 10.0 83.0 43.0 30.0 43.0 802.0 509.0 802.0 
2 3 1.21 1.21 589.0 135.0 589.0 323.0 82.0 323.0 160.0 117.0 160.0 
2 4 1.84 1.84 589.0 135.0 589.0 323.0 82.0 323.0 160.0 117.0 160.0 35.0 22.0 35.0 
2 3 1.33 1.33 105.0 21.0 105.0 472.0 358.0 472.0 410.0 156.0 410.0 
2 3 1.53 1.53 310.0 168.0 310.0 737.0 183.0 737.0 971.0 724.0 971.0 
2 3 1.56 1.56 315.0 169.0 315.0 980.0 557.0 980.0 383.0 177.0 383.0 
2 4 1.97 1.97 315.0 169.0 315.0 980.0 557.0 980.0 383.0 177.0 383.0 571.0 232.0 571.0 
2 3 1.41 1.41 360.0 336.0 360.0 837.0 377.0 837.0 857.0 24.0 857.0 
2 3 1.94 1.94 316.0 287.0 316.0 79.0 46.0 79.0 295.0 134.0 295.0 
2 3 1.4 1.4 325.0 211.0 325.0 892.0 36.0 892.0 923.0 663.0 923.0 
2 3 1.91 1.91 762.0 718.0 762.0 400.0 186.0 400.0 909.0 458.0 909.0 
2 3 1.87 1.87 671.0 576.0 671.0 315.0 63.0 315.0 949.0 776.0 949.0 
2 3 0.9 0.9 374.0 59.0 374.0 84.0 42.0 84.0 528.0 133.0 528.0 
2 4 1.45 1.45 374.0 59.0 374.0 84.0 42.0 84.0 528.0 133.0 528.0 783.0 427.0 783.0 
2 3 1.28 1.28 296.0 36.0 296.0 441.0 118.0 441.0 10.0 9.0 10.0 
2 3 1.6 1.6 688.0 524.0 688.0 520.0 319.0 520.0 209.0 48.0 209.0 
2 3 0.99 0.99 215.0 113.0 215.0 352.0 94.0 352.0 213.0 43.0 213.0 
2 4 1.1 1.1 215.0 113.0 215.0 352.0 94.0 352.0 213.0 43.0 213.0 811.0 89.0 811.0 
2 5 1.62 1.62 215.0 113.0 215.0 352.0 94.0 352.0 213.0 43.0 213.0 811.0 89.0 811.0 950.0 493.0 950.0 
2 3 1.26 1.26 687.0 248.0 687.0 204.0 9.0 204.0 49.0 42.0 49.0 
2 3 1.61 1.61 625.0 561.0 625.0 561.0 33.0 561.0 822.0 539.0 822.0 
2 3 1.4 1.4 612.0 268.0 612.0 263.0 63.0 263.0 187.0 136.0 187.0 
2 3 1.74 1.74 318.0 167.0 318.0 823.0 702.0 823.0 220.0 81.0 220.0 
2 3 1.67 1.67 198.0 120.0 198.0 156.0 97.0 156.0 368.0 164.0 368.0 
2 3 1.83 1.83 197.0 189.0 197.0 941.0 754.0 941.0 850.0 63.0 850.0 
2 3 1.22 1.22 231.0 35.0 231.0 659.0 188.0 659.0 759.0 599.0 759.0 
2 4 1.57 1.57 231.0 35.0 231.0 659.0 188.0 659.0 759.0 599.0 759.0 431.0 150.0 431.0 
2 3 0.92 0.92 764.0 365.0 764.0 864.0 145.0 864.0 684.0 194.0 684.0 
2 4 1.52 1.52 764.0 365.0 764.0 864.0 145.0 864.0 684.0 194.0 684.0 658.0 392.0 658.0 
2 5 1.81 1.81 764.0 365.0 764.0 864.0 145.0 864.0 684.0 194.0 684.0 658.0 392.0 658.0 924.0 266.0 924.0 
2 6 1.92 1.92 764.0 365.0 764.0 864.0 145.0 864.0 684.0 194.0 684.0 658.0 392.0 658.0 924.0 266.0 924.0 472.0 51.0 472.0 
2 3 1.99 1.99 375.0 105.0 375.0 825.0 790.0 825.0 538.0 409.0 538.0 
2 3 1.66 1.66 98.0 24.0 98.0 893.0 506.0 893.0 293.0 251.0 293.0 
2 4 1.95 1.95 98.0 24.0 98.0 893.0 506.0 893.0 293.0 251.0 293.0 745.0 217.0 745.0 
2 3 1.16 1.16 114.0 20.0 114.0 48.0 31.0 48.0 625.0 215.0 625.0 
2 4 1.96 1.96 114.0 20.0 114.0 48.0 31.0 48.0 625.0 215.0 625.0 893.0 711.0 893.0 
2 3 1.71 1.71 434.0 366.0 434.0 446.0 113.0 446.0 778.0 478.0 778.0 
2 3 1.7 1.7 450.0 418.0 450.0 727.0 368.0 727.0 581.0 155.0 581.0 
2 3 1.7 1.7 136.0 40.0 136.0 303.0 251.0 303.0 260.0 151.0 260.0 
2 3 1.84 1.84 419.0 325.0 419.0 91.0 66.0 91.0 207.0 72.0 207.0 
2 3 1.42 1.42 537.0 421.0 537.0 875.0 381.0 875.0 907.0 189.0 907.0 
2 4 1.96 1.96 537.0 421.0 537.0 875.0 381.0 875.0 907.0 189.0 907.0 602.0 323.0 602.0 
2 3 1.83 1.83 47.0 29.0 47.0 230.0 100.0 230.0 112.0 88.0 112.0 
2 3 1.91 1.91 161.0 119.0 161.0 45.0 12.0 45.0 159.0 144.0 159.0 
2 3 1.99 1.99 525.0 394.0 525.0 300.0 177.0 300.0 339.0 223.0 339.0 
2 3 1.74 1.74 604.0 329.0 604.0 1000.0 432.0 1000.0 924.0 712.0 924.0 
2 3 1.77 1.77 56.0 38.0 56.0 36.0 19.0 36.0 662.0 379.0 662.0 
2 3 1.08 1.08 74.0 54.0 74.0 627.0 107.0 627.0 487.0 90.0 487.0 
2 4 1.37 1.37 74.0 54.0 74.0 627.0 107.0 627.0 487.0 90.0 487.0 389.0 112.0 389.0 
2 5 1.83 1.83 74.0 54.0 74.0 627.0 107.0 627.0 487.0 90.0 487.0 389.0 112.0 389.0 417.0 194.0 417.0 
2 3 1.21 1.21 233.0 194.0 233.0 275.0 37.0 275.0 991.0 246.0 991.0 
2 4 1.74 1.74 233.0 194.0 233.0 275.0 37.0 275.0 991.0 246.0 991.0 775.0 407.0 775.0 
2 3 1.9 1.9 207.0 95.0 207.0 984.0 963.0 984.0 860.0 399.0 860.0 
2 3 1.4 1.4 624.0 391.0 624.0 672.0 325.0 672.0 415.0 121.0 415.0 
2 3 1.68 1.68 719.0 16.0 719.0 450.0 362.0 450.0 238.0 205.0 238.0 
2 3 1.53 1.53 647.0 592.0 647.0 24.0 7.0 24.0 576.0 187.0 576.0 
2 4 1.77 1.77 647.0 592.0 647.0 24.0 7.0 24.0 576.0 187.0 576.0 719.0 172.0 719.0 
2 3 1.4 1.4 463.0 418.0 463.0 190.0 53.0 190.0 210.0 46.0 210.0 
2 4 1.91 1.91 463.0 418.0 463.0 190.0 53.0 190.0 210.0 46.0 210.0 697.0 358.0 697.0 
2 3 1.64 1.64 878.0 837.0 878.0 351.0 14.0 351.0 723.0 474.0 723.0 
2 4 1.74 1.74 878.0 837.0 878.0 351.0 14.0 351.0 723.0 474.0 723.0 909.0 84.0 909.0 
2 3 1.76 1.76 544.0 364.0 544.0 473.0 254.0 473.0 663.0 371.0 663.0 
2 3 1.71 1.71 563.0 266.0 563.0 306.0 134.0 306.0 803.0 648.0 803.0 
2 3 1.28 1.28 5.0 1.0 5.0 749.0 511.0 749.0 954.0 383.0 954.0 
2 3 1.21 1.21 350.0 48.0 350.0 706.0 338.0 706.0 521.0 310.0 521.0 
2 4 1.92 1.92 350.0 48.0 350.0 706.0 338.0 706.0 521.0 310.0 521.0 954.0 677.0 954.0 
2 3 1.76 1.76 287.0 184.0 287.0 364.0 290.0 364.0 985.0 324.0 985.0 
2 3 1.99 1.99 315.0 233.0 315.0 194.0 163.0 194.0 489.0 204.0 489.0 
2 3 1.35 1.35 50.0 37.0 50.0 445.0 250.0 445.0 557.0 28.0 557.0 
2 4 1.5 1.5 50.0 37.0 50.0 445.0 250.0 445.0 557.0 28.0 557.0 350.0 54.0 350.0 
2 3 1.77 1.77 585.0 298.0 585.0 891.0 457.0 891.0 758.0 568.0 758.0 
2 3 1.42 1.42 703.0 594.0 703.0 816.0 458.0 816.0 648.0 12.0 648.0 
2 3 1.92 1.92 786.0 746.0 786.0 428.0 70.0 428.0 927.0 751.0 927.0 
2 4 1.96 1.96 786.0 746.0 786.0 428.0 70.0 428.0 927.0 751.0 927.0 557.0 26.0 557.0 
2 3 1.73 1.73 970.0 681.0 970.0 574.0 361.0 574.0 226.0 91.0 226.0 
2 3 1.35 1.35 684.0 389.0 684.0 702.0 59.0 702.0 916.0 642.0 916.0 
2 3 1.6 1.6 981.0 606.0 981.0 521.0 388.0 521.0 850.0 210.0 850.0 
2 4 1.9 1.9 981.0 606.0 981.0 521.0 388.0 521.0 850.0 210.0 850.0 197.0 58.0 197.0 
2 3 1.51 1.51 882.0 470.0 882.0 609.0 167.0 609.0 173.0 123.0 173.0 
2 3 1.61 1.61 278.0 216.0 278.0 707.0 506.0 707.0 965.0 115.0 965.0 
2 3 1.69 1.69 856.0 154.0 856.0 91.0 81.0 91.0 939.0 588.0 939.0 
2 3 0.81 0.81 956.0 526.0 956.0 929.0 28.0 929.0 664.0 154.0 664.0 
2 4 1.72 1.72 956.0 526.0 956.0 929.0 28.0 929.0 664.0 154.0 664.0 301.0 276.0 301.0 
2 3 1.74 1.74 292.0 16.0 292.0 887.0 670.0 887.0 519.0 484.0 519.0 
2 3 1.29 1.29 21.0 2.0 21.0 604.0 264.0 604.0 658.0 499.0 658.0 
2 4 1.6 1.6 21.0 2.0 21.0 604.0 264.0 604.0 658.0 499.0 658.0 761.0 238.0 761.0 
2 5 1.86 1.86 21.0 2.0 21.0 604.0 264.0 604.0 658.0 499.0 658.0 761.0 238.0 761.0 702.0 185.0 702.0 
2 3 1.89 1.89 528.0 441.0 528.0 594.0 519.0 594.0 388.0 74.0 388.0 
2 3 1.52 1.52 812.0 60.0 812.0 504.0 301.0 504.0 927.0 791.0 927.0 
2 4 1.78 1.78 812.0 60.0 812.0 504.0 301.0 504.0 927.0 791.0 927.0 189.0 50.0 189.0 
2 3 0.96 0.96 941.0 553.0 941.0 96.0 10.0 96.0 542.0 147.0 542.0 
2 4 1.68 1.68 941.0 553.0 941.0 96.0 10.0 96.0 542.0 147.0 542.0 333.0 241.0 333.0 
2 3 1.34 1.34 332.0 205.0 332.0 357.0 210.0 357.0 28.0 4.0 28.0 
2 4 1.91 1.91 332.0 205.0 332.0 357.0 210.0 357.0 28.0 4.0 28.0 814.0 461.0 814.0 
2 3 1.97 1.97 934.0 526.0 934.0 444.0 261.0 444.0 422.0 347.0 422.0 
2 3 1.54 1.54 773.0 89.0 773.0 133.0 115.0 133.0 870.0 493.0 870.0 
2 3 1.84 1.84 324.0 204.0 324.0 941.0 236.0 941.0 617.0 597.0 617.0 
2 3 1.43 1.43 944.0 718.0 944.0 537.0 295.0 537.0 716.0 92.0 716.0 
2 3 1.23 1.23 756.0 137.0 756.0 775.0 373.0 775.0 54.0 31.0 54.0 
2 4 1.3 1.3 756.0 137.0 756.0 775.0 373.0 775.0 54.0 31.0 54.0 830.0 57.0 830.0 
2 5 1.84 1.84 756.0 137.0 756.0 775.0 373.0 775.0 54.0 31.0 54.0 830.0 57.0 830.0 759.0 407.0 759.0 
2 3 0.94 0.94 654.0 23.0 654.0 473.0 76.0 473.0 613.0 462.0 613.0 
2 4 1.72 1.72 654.0 23.0 654.0 473.0 76.0 473.0 613.0 462.0 613.0 754.0 581.0 754.0 
2 3 0.56 0.56 52.0 15.0 52.0 947.0 161.0 947.0 309.0 32.0 309.0 
2 4 1.42 1.42 52.0 15.0 52.0 947.0 161.0 947.0 309.0 32.0 309.0 228.0 196.0 228.0 
2 3 1.41 1.41 651.0 491.0 651.0 349.0 189.0 349.0 397.0 49.0 397.0 
2 4 1.87 1.87 651.0 491.0 651.0 349.0 189.0 349.0 397.0 49.0 397.0 909.0 413.0 909.0 
2 3 1.64 1.64 372.0 28.0 372.0 9.0 7.0 9.0 317.0 251.0 317.0 
2 4 1.92 1.92 372.0 28.0 372.0 9.0 7.0 9.0 317.0 251.0 317.0 818.0 231.0 818.0 
2 3 1.23 1.23 409.0 22.0 409.0 564.0 188.0 564.0 395.0 336.0 395.0 
2 3 1.26 1.26 580.0 330.0 580.0 272.0 71.0 272.0 479.0 207.0 479.0 
2 3 1.37 1.37 483.0 338.0 483.0 627.0 353.0 627.0 278.0 32.0 278.0 
2 4 1.98 1.98 483.0 338.0 483.0 627.0 353.0 627.0 278.0 32.0 278.0 179.0 109.0 179.0 
2 3 1.66 1.66 385.0 250.0 385.0 49.0 33.0 49.0 471.0 162.0 471.0 
2 4 1.82 1.82 385.0 250.0 385.0 49.0 33.0 49.0 471.0 162.0 471.0 78.0 12.0 78.0 
2 3 1.48 1.48 680.0 177.0 680.0 605.0 442.0 605.0 75.0 37.0 75.0 
2 4 1.82 1.82 680.0 177.0 680.0 605.0 442.0 605.0 75.0 37.0 75.0 732.0 247.0 732.0 
2 3 1.74 1.74 923.0 756.0 923.0 779.0 289.0 779.0 77.0 43.0 77.0 
2 3 1.71 1.71 47.0 10.0 47.0 148.0 102.0 148.0 80.0 65.0 80.0 
2 4 1.94 1.94 47.0 10.0 47.0 148.0 102.0 148.0 80.0 65.0 80.0 291.0 68.0 291.0 
2 3 1.78 1.78 826.0 478.0 826.0 106.0 72.0 106.0 330.0 173.0 330.0 
2 3 1.95 1.95 453.0 373.0 453.0 755.0 374.0 755.0 906.0 579.0 906.0 
2 3 1.41 1.41 165.0 50.0 165.0 972.0 319.0 972.0 758.0 594.0 758.0 
2 4 1.89 1.89 165.0 50.0 165.0 972.0 319.0 972.0 758.0 594.0 758.0 622.0 298.0 622.0 
2 3 1.95 1.95 154.0 141.0 154.0 320.0 314.0 320.0 83.0 5.0 83.0 
2 3 1.57 1.57 129.0 113.0 129.0 499.0 6.0 499.0 565.0 386.0 565.0 
2 3 1.15 1.15 465.0 71.0 465.0 578.0 469.0 578.0 657.0 125.0 657.0 
2 4 1.66 1.66 465.0 71.0 465.0 578.0 469.0 578.0 657.0 125.0 657.0 39.0 20.0 39.0 
2 3 1.63 1.63 778.0 1.0 778.0 409.0 320.0 409.0 413.0 353.0 413.0 
2 3 1.56 1.56 595.0 136.0 595.0 270.0 146.0 270.0 20.0 16.0 20.0 
2 3 1.68 1.68 317.0 161.0 317.0 186.0 45.0 186.0 467.0 435.0 467.0 
2 3 1.68 1.68 689.0 406.0 689.0 543.0 144.0 543.0 801.0 667.0 801.0 
2 3 1.63 1.63 40.0 14.0 40.0 170.0 98.0 170.0 348.0 245.0 348.0 
2 4 1.97 1.97 40.0 14.0 40.0 170.0 98.0 170.0 348.0 245.0 348.0 927.0 321.0 927.0 
2 3 1.33 1.33 830.0 446.0 830.0 550.0 5.0 550.0 492.0 387.0 492.0 
2 4 1.75 1.75 830.0 446.0 830.0 550.0 5.0 550.0 492.0 387.0 492.0 174.0 74.0 174.0 
2 3 0.93 0.93 745.0 98.0 745.0 777.0 208.0 777.0 613.0 328.0 613.0 
2 4 1.59 1.59 745.0 98.0 745.0 777.0 208.0 777.0 613.0 328.0 613.0 419.0 278.0 419.0 
2 5 1.8 1.8 745.0 98.0 745.0 777.0 208.0 777.0 613.0 328.0 613.0 419.0 278.0 419.0 756.0 153.0 756.0 
2 3 1.85 1.85 284.0 269.0 284.0 340.0 178.0 340.0 119.0 46.0 119.0 
2 3 1.75 1.75 859.0 65.0 859.0 537.0 412.0 537.0 98.0 89.0 98.0 
2 3 1.73 1.73 200.0 113.0 200.0 842.0 574.0 842.0 362.0 175.0 362.0 
2 3 1.35 1.35 233.0 22.0 233.0 54.0 17.0 54.0 745.0 702.0 745.0 
2 4 1.36 1.36 233.0 22.0 233.0 54.0 17.0 54.0 745.0 702.0 745.0 150.0 2.0 150.0 
2 5 1.71 1.71 233.0 22.0 233.0 54.0 17.0 54.0 745.0 702.0 745.0 150.0 2.0 150.0 977.0 344.0 977.0 
2 3 1.98 1.98 9.0 6.0 9.0 196.0 175.0 196.0 574.0 247.0 574.0 
2 3 0.81 0.81 880.0 246.0 880.0 131.0 5.0 131.0 946.0 474.0 946.0 
2 4 1.54 1.54 880.0 246.0 880.0 131.0 5.0 131.0 946.0 474.0 946.0 955.0 689.0 955.0 
2 3 1.76 1.76 98.0 69.0 98.0 444.0 163.0 444.0 282.0 195.0 282.0 
2 3 1.89 1.89 832.0 628.0 832.0 606.0 164.0 606.0 722.0 630.0 722.0 
2 3 1.53 1.53 291.0 68.0 291.0 310.0 231.0 310.0 396.0 222.0 396.0 
2 3 1.83 1.83 929.0 697.0 929.0 346.0 101.0 346.0 143.0 113.0 143.0 
2 3 1.54 1.54 153.0 76.0 153.0 241.0 147.0 241.0 420.0 186.0 420.0 
2 4 1.81 1.81 153.0 76.0 153.0 241.0 147.0 241.0 420.0 186.0 420.0 777.0 208.0 777.0 
2 3 1.21 1.21 490.0 288.0 490.0 295.0 115.0 295.0 191.0 45.0 191.0 
2 3 1.86 1.86 126.0 5.0 126.0 93.0 81.0 93.0 396.0 379.0 396.0 
2 3 1.73 1.73 166.0 59.0 166.0 746.0 377.0 746.0 41.0 36.0 41.0 
2 3 1.96 1.96 251.0 232.0 251.0 654.0 56.0 654.0 756.0 725.0 756.0 
2 3 1.68 1.68 853.0 433.0 853.0 187.0 167.0 187.0 543.0 153.0 543.0 
2 3 1.96 1.96 545.0 253.0 545.0 34.0 19.0 34.0 765.0 720.0 765.0 
2 3 1.1 1.1 850.0 741.0 850.0 159.0 26.0 159.0 630.0 41.0 630.0 
2 4 1.85 1.85 850.0 741.0 850.0 159.0 26.0 159.0 630.0 41.0 630.0 54.0 41.0 54.0 
2 3 1.75 1.75 411.0 209.0 411.0 412.0 111.0 412.0 430.0 418.0 430.0 
2 3 1.82 1.82 873.0 567.0 873.0 956.0 535.0 956.0 834.0 513.0 834.0 
2 3 0.55 0.55 202.0 52.0 202.0 468.0 77.0 468.0 366.0 47.0 366.0 
2 4 1.08 1.08 202.0 52.0 202.0 468.0 77.0 468.0 366.0 47.0 366.0 183.0 97.0 183.0 
2 5 1.66 1.66 202.0 52.0 202.0 468.0 77.0 468.0 366.0 47.0 366.0 183.0 97.0 183.0 143.0 84.0 143.0 
2 3 1.94 1.94 967.0 718.0 967.0 883.0 216.0 883.0 577.0 552.0 577.0 
2 3 1.89 1.89 968.0 511.0 968.0 501.0 234.0 501.0 92.0 83.0 92.0 
2 3 1.31 1.31 172.0 97.0 172.0 581.0 8.0 581.0 225.0 165.0 225.0 
2 4 1.71 1.71 172.0 97.0 172.0 581.0 8.0 581.0 225.0 165.0 225.0 593.0 238.0 593.0 
2 5 1.8 1.8 172.0 97.0 172.0 581.0 8.0 581.0 225.0 165.0 225.0 593.0 238.0 593.0 342.0 31.0 342.0 
2 6 1.93 1.93 172.0 97.0 172.0 581.0 8.0 581.0 225.0 165.0 225.0 593.0 238.0 593.0 342.0 31.0 342.0 990.0 132.0 990.0 
2 3 1.57 1.57 823.0 102.0 823.0 42.0 23.0 42.0 402.0 365.0 402.0 
2 4 1.84 1.84 823.0 102.0 823.0 42.0 23.0 42.0 402.0 365.0 402.0 813.0 218.0 813.0 
2 3 1.51 1.51 908.0 559.0 908.0 409.0 131.0 409.0 610.0 354.0 610.0 
2 3 0.74 0.74 83.0 41.0 83.0 562.0 63.0 562.0 272.0 37.0 272.0 
2 4 1.38 1.38 83.0 41.0 83.0 562.0 63.0 562.0 272.0 37.0 272.0 64.0 41.0 64.0 
2 3 1.54 1.54 255.0 243.0 255.0 771.0 137.0 771.0 265.0 110.0 265.0 
2 3 1.82 1.82 8.0 7.0 8.0 817.0 546.0 817.0 473.0 134.0 473.0 
2 3 1.37 1.37 817.0 318.0 817.0 119.0 70.0 119.0 264.0 104.0 264.0 
2 3 1.72 1.72 439.0 346.0 439.0 91.0 47.0 91.0 222.0 94.0 222.0 
2 3 1.28 1.28 353.0 291.0 353.0 20.0 3.0 20.0 785.0 243.0 785.0 
2 3 1.47 1.47 451.0 429.0 451.0 840.0 88.0 840.0 747.0 313.0 747.0 
2 3 1.38 1.38 232.0 27.0 232.0 943.0 714.0 943.0 928.0 476.0 928.0 
2 3 1.7 1.7 637.0 107.0 637.0 361.0 322.0 361.0 175.0 113.0 175.0 
2 3 0.72 0.72 961.0 130.0 961.0 103.0 13.0 103.0 54.0 25.0 54.0 
2 4 1.49 1.49 961.0 130.0 961.0 103.0 13.0 103.0 54.0 25.0 54.0 567.0 437.0 567.0 
2 3 1.68 1.68 139.0 75.0 139.0 675.0 374.0 675.0 832.0 494.0 832.0 
2 3 1.34 1.34 74.0 73.0 74.0 368.0 55.0 368.0 586.0 120.0 586.0 
2 3 1.52 1.52 613.0 483.0 613.0 418.0 95.0 418.0 589.0 303.0 589.0 
2 3 1.74 1.74 601.0 346.0 601.0 530.0 283.0 530.0 779.0 498.0 779.0 
2 3 1.91 1.91 663.0 632.0 663.0 1000.0 100.0 1000.0 22.0 19.0 22.0 
2 3 1.18 1.18 58.0 36.0 58.0 97.0 43.0 97.0 270.0 33.0 270.0 
2 4 1.59 1.59 58.0 36.0 58.0 97.0 43.0 97.0 270.0 33.0 270.0 206.0 85.0 206.0 
2 3 0.87 0.87 764.0 443.0 764.0 989.0 214.0 989.0 702.0 52.0 702.0 
2 4 1.8 1.8 764.0 443.0 764.0 989.0 214.0 989.0 702.0 52.0 702.0 657.0 614.0 657.0 
2 3 1.85 1.85 865.0 334.0 865.0 399.0 379.0 399.0 499.0 259.0 499.0 
2 3 1.96 1.96 445.0 233.0 445.0 467.0 256.0 467.0 611.0 545.0 611.0 
2 3 1.03 1.03 135.0 1.0 135.0 527.0 224.0 527.0 465.0 280.0 465.0 
2 4 1.08 1.08 135.0 1.0 135.0 527.0 224.0 527.0 465.0 280.0 465.0 772.0 41.0 772.0 
2 5 1.6 1.6 135.0 1.0 135.0 527.0 224.0 527.0 465.0 280.0 465.0 772.0 41.0 772.0 236.0 123.0 236.0 
2 3 1.24 1.24 788.0 404.0 788.0 874.0 613.0 874.0 839.0 26.0 839.0 
2 4 1.9 1.9 788.0 404.0 788.0 874.0 613.0 874.0 839.0 26.0 839.0 181.0 119.0 181.0 
2 3 1.43 1.43 746.0 44.0 746.0 166.0 120.0 166.0 254.0 167.0 254.0 
2 4 1.5 1.5 746.0 44.0 746.0 166.0 120.0 166.0 254.0 167.0 254.0 489.0 32.0 489.0 
2 3 1.28 1.28 21.0 14.0 21.0 194.0 77.0 194.0 761.0 166.0 761.0 
2 4 1.78 1.78 21.0 14.0 21.0 194.0 77.0 194.0 761.0 166.0 761.0 994.0 505.0 994.0 
2 3 1.92 1.92 566.0 278.0 566.0 82.0 57.0 82.0 980.0 722.0 980.0 
2 3 1.06 1.06 446.0 60.0 446.0 984.0 800.0 984.0 629.0 75.0 629.0 
2 3 1.49 1.49 582.0 153.0 582.0 519.0 127.0 519.0 728.0 720.0 728.0 
2 3 1.84 1.84 150.0 135.0 150.0 371.0 37.0 371.0 641.0 543.0 641.0 
2 3 1.83 1.83 626.0 306.0 626.0 224.0 183.0 224.0 396.0 209.0 396.0 
2 3 0.97 0.97 878.0 50.0 878.0 522.0 43.0 522.0 12.0 10.0 12.0 
2 4 1.76 1.76 878.0 50.0 878.0 522.0 43.0 522.0 12.0 10.0 12.0 29.0 23.0 29.0 
2 3 1.07 1.07 437.0 107.0 437.0 919.0 168.0 919.0 472.0 306.0 472.0 
2 4 1.6 1.6 437.0 107.0 437.0 919.0 168.0 919.0 472.0 306.0 472.0 689.0 363.0 689.0 
2 3 1.08 1.08 51.0 31.0 51.0 230.0 41.0 230.0 576.0 171.0 576.0 
2 4 1.51 1.51 51.0 31.0 51.0 230.0 41.0 230.0 576.0 171.0 576.0 413.0 177.0 413.0 
2 3 1.47 1.47 400.0 160.0 400.0 418.0 206.0 418.0 385.0 223.0 385.0 
2 3 1.79 1.79 381.0 262.0 381.0 827.0 355.0 827.0 558.0 376.0 558.0 
2 3 1.07 1.07 766.0 431.0 766.0 228.0 109.0 228.0 850.0 33.0 850.0 
2 4 1.81 1.81 766.0 431.0 766.0 228.0 109.0 228.0 850.0 33.0 850.0 313.0 230.0 313.0 
2 3 1.33 1.33 25.0 17.0 25.0 526.0 295.0 526.0 291.0 28.0 291.0 
2 4 1.68 1.68 25.0 17.0 25.0 526.0 295.0 526.0 291.0 28.0 291.0 712.0 249.0 712.0 
2 3 1.17 1.17 541.0 37.0 541.0 255.0 155.0 255.0 48.0 24.0 48.0 
2 4 1.3 1.3 541.0 37.0 541.0 255.0 155.0 255.0 48.0 24.0 48.0 123.0 16.0 123.0 
2 5 1.52 1.52 541.0 37.0 541.0 255.0 155.0 255.0 48.0 24.0 48.0 123.0 16.0 123.0 774.0 172.0 774.0 
2 3 1.64 1.64 59.0 30.0 59.0 616.0 234.0 616.0 844.0 638.0 844.0 
2 4 1.91 1.91 59.0 30.0 59.0 616.0 234.0 616.0 844.0 638.0 844.0 831.0 225.0 831.0 
2 3 1.66 1.66 839.0 383.0 839.0 607.0 185.0 607.0 32.0 29.0 32.0 
2 3 1.29 1.29 962.0 406.0 962.0 864.0 728.0 864.0 98.0 3.0 98.0 
2 3 1.67 1.67 380.0 273.0 380.0 859.0 456.0 859.0 899.0 383.0 899.0 
2 3 1.26 1.26 65.0 9.0 65.0 177.0 136.0 177.0 651.0 232.0 651.0 
2 4 1.94 1.94 65.0 9.0 65.0 177.0 136.0 177.0 651.0 232.0 651.0 661.0 449.0 661.0 
2 3 1.96 1.96 784.0 482.0 784.0 375.0 190.0 375.0 19.0 16.0 19.0 
2 3 1.27 1.27 492.0 57.0 492.0 522.0 285.0 522.0 517.0 315.0 517.0 
2 3 1.9 1.9 854.0 771.0 854.0 794.0 781.0 794.0 175.0 4.0 175.0 
2 3 1.6 1.6 559.0 103.0 559.0 654.0 461.0 654.0 886.0 631.0 886.0 
2 3 1.32 1.32 161.0 16.0 161.0 959.0 954.0 959.0 355.0 83.0 355.0 
2 3 1.74 1.74 71.0 31.0 71.0 999.0 463.0 999.0 723.0 614.0 723.0 
2 3 1.67 1.67 731.0 50.0 731.0 495.0 356.0 495.0 510.0 453.0 510.0 
2 3 0.92 0.92 8.0 1.0 8.0 31.0 22.0 31.0 991.0 88.0 991.0 
2 4 1.23 1.23 8.0 1.0 8.0 31.0 22.0 31.0 991.0 88.0 991.0 377.0 119.0 377.0 
2 3 1.73 1.73 292.0 258.0 292.0 664.0 440.0 664.0 410.0 78.0 410.0 
2 3 1.62 1.62 905.0 720.0 905.0 928.0 30.0 928.0 722.0 576.0 722.0 
2 3 1.69 1.69 906.0 635.0 906.0 295.0 278.0 295.0 499.0 27.0 499.0 
2 3 1.67 1.67 774.0 609.0 774.0 807.0 457.0 807.0 632.0 205.0 632.0 
2 4 1.71 1.71 774.0 609.0 774.0 807.0 457.0 807.0 632.0 205.0 632.0 174.0 7.0 174.0 
2 3 0.8 0.8 851.0 110.0 851.0 568.0 377.0 568.0 538.0 5.0 538.0 
2 4 1.59 1.59 851.0 110.0 851.0 568.0 377.0 568.0 538.0 5.0 538.0 846.0 672.0 846.0 
2 3 0.56 0.56 801.0 17.0 801.0 392.0 62.0 392.0 736.0 286.0 736.0 
2 4 1.3 1.3 801.0 17.0 801.0 392.0 62.0 392.0 736.0 286.0 736.0 455.0 335.0 455.0 
2 3 1.63 1.63 440.0 42.0 440.0 816.0 654.0 816.0 466.0 343.0 466.0 
2 3 1.28 1.28 449.0 209.0 449.0 770.0 173.0 770.0 439.0 261.0 439.0 
2 4 1.43 1.43 449.0 209.0 449.0 770.0 173.0 770.0 439.0 261.0 439.0 718.0 110.0 718.0 
2 5 1.77 1.77 449.0 209.0 449.0 770.0 173.0 770.0 439.0 261.0 439.0 718.0 110.0 718.0 641.0 214.0 641.0 
2 3 1.93 1.93 911.0 614.0 911.0 443.0 428.0 443.0 759.0 222.0 759.0 
2 3 1.94 1.94 710.0 143.0 710.0 490.0 398.0 490.0 765.0 711.0 765.0 
2 3 1.71 1.71 621.0 253.0 621.0 158.0 147.0 158.0 342.0 128.0 342.0 
2 4 1.99 1.99 621.0 253.0 621.0 158.0 147.0 158.0 342.0 128.0 342.0 834.0 233.0 834.0 
2 3 1.88 1.88 623.0 444.0 623.0 672.0 333.0 672.0 307.0 209.0 307.0 
2 3 1.72 1.72 447.0 295.0 447.0 453.0 239.0 453.0 130.0 70.0 130.0 
2 3 1.87 1.87 207.0 167.0 207.0 665.0 434.0 665.0 192.0 79.0 192.0 
2 3 1.73 1.73 593.0 233.0 593.0 778.0 464.0 778.0 884.0 657.0 884.0 
2 3 1.65 1.65 625.0 619.0 625.0 961.0 609.0 961.0 315.0 10.0 315.0 
2 3 1.71 1.71 816.0 729.0 816.0 445.0 168.0 445.0 668.0 298.0 668.0 
2 4 1.78 1.78 816.0 729.0 816.0 445.0 168.0 445.0 668.0 298.0 668.0 829.0 60.0 829.0 
2 5 1.95 1.95 816.0 729.0 816.0 445.0 168.0 445.0 668.0 298.0 668.0 829.0 60.0 829.0 24.0 4.0 24.0 
2 3 1.86 1.86 462.0 413.0 462.0 273.0 141.0 273.0 801.0 361.0 801.0 
2 3 1.78 1.78 715.0 429.0 715.0 429.0 336.0 429.0 990.0 395.0 990.0 
2 4 1.9 1.9 715.0 429.0 715.0 429.0 336.0 429.0 990.0 395.0 990.0 947.0 119.0 947.0 
2 3 1.99 1.99 704.0 492.0 704.0 416.0 319.0 416.0 782.0 415.0 782.0 
2 3 0.97 0.97 110.0 77.0 110.0 42.0 4.0 42.0 11.0 2.0 11.0 
2 4 1.06 1.06 110.0 77.0 110.0 42.0 4.0 42.0 11.0 2.0 11.0 753.0 69.0 753.0 
2 5 1.63 1.63 110.0 77.0 110.0 42.0 4.0 42.0 11.0 2.0 11.0 753.0 69.0 753.0 502.0 285.0 502.0 
2 3 1.52 1.52 857.0 151.0 857.0 181.0 148.0 181.0 615.0 325.0 615.0 
2 3 1.89 1.89 107.0 83.0 107.0 990.0 945.0 990.0 917.0 150.0 917.0 
2 3 1.42 1.42 687.0 185.0 687.0 792.0 221.0 792.0 219.0 192.0 219.0 
2 3 1.68 1.68 974.0 624.0 974.0 129.0 55.0 129.0 315.0 196.0 315.0 
2 3 1.78 1.78 711.0 613.0 711.0 227.0 185.0 227.0 869.0 97.0 869.0 
2 3 1.5 1.5 807.0 194.0 807.0 528.0 196.0 528.0 219.0 196.0 219.0 
2 3 1.17 1.17 765.0 468.0 765.0 267.0 83.0 267.0 706.0 177.0 706.0 
2 3 1.06 1.06 737.0 577.0 737.0 988.0 218.0 988.0 351.0 20.0 351.0 
2 4 1.38 1.38 737.0 577.0 737.0 988.0 218.0 988.0 351.0 20.0 351.0 367.0 119.0 367.0 
2 3 1.74 1.74 226.0 223.0 226.0 931.0 168.0 931.0 978.0 568.0 978.0 
2 3 1.21 1.21 297.0 45.0 297.0 10.0 5.0 10.0 757.0 430.0 757.0 
2 3 1.29 1.29 158.0 18.0 158.0 482.0 306.0 482.0 736.0 399.0 736.0 
2 4 1.62 1.62 158.0 18.0 158.0 482.0 306.0 482.0 736.0 399.0 736.0 106.0 35.0 106.0 
2 5 1.93 1.93 158.0 18.0 158.0 482.0 306.0 482.0 736.0 399.0 736.0 106.0 35.0 106.0 674.0 210.0 674.0 
2 3 0.98 0.98 261.0 20.0 261.0 824.0 564.0 824.0 994.0 219.0 994.0 
2 4 1.59 1.59 261.0 20.0 261.0 824.0 564.0 824.0 994.0 219.0 994.0 363.0 222.0 363.0 
2 3 1.06 1.06 521.0 144.0 521.0 776.0 495.0 776.0 918.0 142.0 918.0 
2 4 1.58 1.58 521.0 144.0 521.0 776.0 495.0 776.0 918.0 142.0 918.0 817.0 424.0 817.0 
2 5 1.69 1.69 521.0 144.0 521.0 776.0 495.0 776.0 918.0 142.0 918.0 817.0 424.0 817.0 642.0 69.0 642.0 
2 3 1.04 1.04 393.0 308.0 393.0 718.0 72.0 718.0 341.0 55.0 341.0 
2 4 1.87 1.87 393.0 308.0 393.0 718.0 72.0 718.0 341.0 55.0 341.0 805.0 668.0 805.0 
2 3 1.34 1.34 168.0 36.0 168.0 45.0 27.0 45.0 107.0 57.0 107.0 
2 3 1.33 1.33 558.0 256.0 558.0 428.0 60.0 428.0 949.0 701.0 949.0 
2 4 1.83 1.83 558.0 256.0 558.0 428.0 60.0 428.0 949.0 701.0 949.0 200.0 99.0 200.0 
2 3 0.85 0.85 390.0 79.0 390.0 383.0 185.0 383.0 441.0 74.0 441.0 
2 4 1.37 1.37 390.0 79.0 390.0 383.0 185.0 383.0 441.0 74.0 441.0 160.0 84.0 160.0 
2 5 1.67 1.67 390.0 79.0 390.0 383.0 185.0 383.0 441.0 74.0 441.0 160.0 84.0 160.0 630.0 190.0 630.0 
2 3 0.68 0.68 111.0 66.0 111.0 352.0 27.0 352.0 425.0 4.0 425.0 
2 4 1.04 1.04 111.0 66.0 111.0 352.0 27.0 352.0 425.0 4.0 425.0 201.0 74.0 201.0 
2 5 1.65 1.65 111.0 66.0 111.0 352.0 27.0 352.0 425.0 4.0 425.0 201.0 74.0 201.0 647.0 389.0 647.0 
2 3 1.61 1.61 736.0 666.0 736.0 469.0 54.0 469.0 152.0 90.0 152.0 
2 4 1.89 1.89 736.0 666.0 736.0 469.0 54.0 469.0 152.0 90.0 152.0 663.0 185.0 663.0 
2 3 0.87 0.87 625.0 219.0 625.0 911.0 460.0 911.0 967.0 19.0 967.0 
2 4 1.49 1.49 625.0 219.0 625.0 911.0 460.0 911.0 967.0 19.0 967.0 55.0 34.0 55.0 
2 5 1.87 1.87 625.0 219.0 625.0 911.0 460.0 911.0 967.0 19.0 967.0 55.0 34.0 55.0 52.0 20.0 52.0 
2 3 1.59 1.59 795.0 259.0 795.0 900.0 628.0 900.0 523.0 301.0 523.0 
2 3 1.02 1.02 603.0 595.0 603.0 298.0 4.0 298.0 788.0 18.0 788.0 
2 4 1.9 1.9 603.0 595.0 603.0 298.0 4.0 298.0 788.0 18.0 788.0 313.0 276.0 313.0 
2 3 1.99 1.99 82.0 45.0 82.0 70.0 33.0 70.0 620.0 603.0 620.0 
2 3 1.53 1.53 604.0 357.0 604.0 739.0 449.0 739.0 623.0 212.0 623.0 
2 4 1.87 1.87 604.0 357.0 604.0 739.0 449.0 739.0 623.0 212.0 623.0 985.0 329.0 985.0 
2 3 1.58 1.58 192.0 53.0 192.0 637.0 338.0 637.0 180.0 141.0 180.0 
2 3 0.94 0.94 228.0 57.0 228.0 154.0 19.0 154.0 104.0 59.0 104.0 
2 4 1.75 1.75 228.0 57.0 228.0 154.0 19.0 154.0 104.0 59.0 104.0 750.0 611.0 750.0 
2 3 1.51 1.51 617.0 320.0 617.0 638.0 589.0 638.0 225.0 16.0 225.0 
2 3 1.93 1.93 161.0 100.0 161.0 590.0 361.0 590.0 174.0 123.0 174.0 
2 3 1.16 1.16 804.0 224.0 804.0 28.0 18.0 28.0 451.0 108.0 451.0 
2 4 1.89 1.89 804.0 224.0 804.0 28.0 18.0 28.0 451.0 108.0 451.0 683.0 500.0 683.0 
2 3 1.65 1.65 172.0 122.0 172.0 415.0 153.0 415.0 803.0 467.0 803.0 
2 3 1.5 1.5 987.0 765.0 987.0 658.0 432.0 658.0 569.0 42.0 569.0 
2 3 1.16 1.16 831.0 238.0 831.0 155.0 121.0 155.0 127.0 12.0 127.0 
2 4 1.87 1.87 831.0 238.0 831.0 155.0 121.0 155.0 127.0 12.0 127.0 639.0 458.0 639.0 
2 5 1.9 1.9 831.0 238.0 831.0 155.0 121.0 155.0 127.0 12.0 127.0 639.0 458.0 639.0 497.0 11.0 497.0 
2 3 1.56 1.56 885.0 193.0 885.0 901.0 760.0 901.0 400.0 203.0 400.0 
2 3 1.12 1.12 664.0 36.0 664.0 98.0 67.0 98.0 539.0 208.0 539.0 
2 4 1.23 1.23 664.0 36.0 664.0 98.0 67.0 98.0 539.0 208.0 539.0 581.0 63.0 581.0 
2 5 1.87 1.87 664.0 36.0 664.0 98.0 67.0 98.0 539.0 208.0 539.0 581.0 63.0 581.0 193.0 124.0 193.0 
2 3 1.55 1.55 125.0 69.0 125.0 801.0 265.0 801.0 339.0 227.0 339.0 
2 4 1.64 1.64 125.0 69.0 125.0 801.0 265.0 801.0 339.0 227.0 339.0 227.0 20.0 227.0 
2 5 1.81 1.81 125.0 69.0 125.0 801.0 265.0 801.0 339.0 227.0 339.0 227.0 20.0 227.0 737.0 125.0 737.0 
2 3 1.19 1.19 44.0 13.0 44.0 76.0 38.0 76.0 86.0 34.0 86.0 
2 3 1.6 1.6 175.0 112.0 175.0 162.0 77.0 162.0 219.0 108.0 219.0 
2 3 1.57 1.57 180.0 107.0 180.0 898.0 746.0 898.0 703.0 105.0 703.0 
2 3 1.6 1.6 397.0 232.0 397.0 943.0 749.0 943.0 656.0 147.0 656.0 
2 4 1.7 1.7 397.0 232.0 397.0 943.0 749.0 943.0 656.0 147.0 656.0 606.0 63.0 606.0 
2 3 1.81 1.81 37.0 10.0 37.0 528.0 389.0 528.0 851.0 686.0 851.0 
2 3 1.63 1.63 137.0 111.0 137.0 192.0 17.0 192.0 884.0 651.0 884.0 
2 4 1.9 1.9 137.0 111.0 137.0 192.0 17.0 192.0 884.0 651.0 884.0 256.0 70.0 256.0 
2 3 1.76 1.76 631.0 272.0 631.0 586.0 422.0 586.0 88.0 54.0 88.0 
2 3 1.62 1.62 748.0 544.0 748.0 900.0 720.0 900.0 777.0 77.0 777.0 
2 4 1.72 1.72 748.0 544.0 748.0 900.0 720.0 900.0 777.0 77.0 777.0 781.0 76.0 781.0 
2 3 1.92 1.92 422.0 354.0 422.0 797.0 247.0 797.0 350.0 271.0 350.0 
2 3 1.62 1.62 444.0 313.0 444.0 126.0 45.0 126.0 345.0 193.0 345.0 
2 3 1.68 1.68 345.0 18.0 345.0 536.0 474.0 536.0 440.0 331.0 440.0 
2 3 1.33 1.33 713.0 211.0 713.0 478.0 400.0 478.0 201.0 40.0 201.0 
2 4 1.88 1.88 713.0 211.0 713.0 478.0 400.0 478.0 201.0 40.0 201.0 47.0 26.0 47.0 
2 3 1.37 1.37 890.0 150.0 890.0 471.0 217.0 471.0 268.0 200.0 268.0 
2 3 1.83 1.83 674.0 389.0 674.0 831.0 462.0 831.0 398.0 280.0 398.0 
2 3 0.52 0.52 884.0 85.0 884.0 240.0 58.0 240.0 251.0 46.0 251.0 
2 4 1.25 1.25 884.0 85.0 884.0 240.0 58.0 240.0 251.0 46.0 251.0 604.0 444.0 604.0 
2 3 1.73 1.73 641.0 341.0 641.0 762.0 414.0 762.0 59.0 39.0 59.0 
2 3 1.06 1.06 925.0 271.0 925.0 522.0 16.0 522.0 298.0 220.0 298.0 
2 4 1.71 1.71 925.0 271.0 925.0 522.0 16.0 522.0 298.0 220.0 298.0 23.0 15.0 23.0 
2 3 1.9 1.9 723.0 451.0 723.0 966.0 651.0 966.0 963.0 586.0 963.0 
2 3 1.29 1.29 311.0 212.0 311.0 577.0 303.0 577.0 335.0 30.0 335.0 
2 4 1.46 1.46 311.0 212.0 311.0 577.0 303.0 577.0 335.0 30.0 335.0 879.0 146.0 879.0 
2 5 1.81 1.81 311.0 212.0 311.0 577.0 303.0 577.0 335.0 30.0 335.0 879.0 146.0 879.0 480.0 171.0 480.0 
2 3 1.41 1.41 826.0 201.0 826.0 322.0 174.0 322.0 685.0 430.0 685.0 
2 3 1.3 1.3 435.0 115.0 435.0 199.0 115.0 199.0 716.0 330.0 716.0 
2 4 1.95 1.95 435.0 115.0 435.0 199.0 115.0 199.0 716.0 330.0 716.0 428.0 278.0 428.0 
2 3 1.59 1.59 720.0 435.0 720.0 335.0 244.0 335.0 49.0 13.0 49.0 
2 3 1.36 1.36 843.0 421.0 843.0 535.0 260.0 535.0 118.0 45.0 118.0 
2 3 1.79 1.79 554.0 427.0 554.0 512.0 494.0 512.0 547.0 30.0 547.0 
2 3 1.63 1.63 725.0 431.0 725.0 260.0 97.0 260.0 930.0 617.0 930.0 
2 3 1.64 1.64 128.0 62.0 128.0 202.0 147.0 202.0 23.0 10.0 23.0 
2 4 1.74 1.74 128.0 62.0 128.0 202.0 147.0 202.0 23.0 10.0 23.0 323.0 32.0 323.0 
2 5 1.76 1.76 128.0 62.0 128.0 202.0 147.0 202.0 23.0 10.0 23.0 323.0 32.0 323.0 353.0 5.0 353.0 
2 3 1.3 1.3 105.0 29.0 105.0 419.0 31.0 419.0 463.0 442.0 463.0 
2 4 1.86 1.86 105.0 29.0 105.0 419.0 31.0 419.0 463.0 442.0 463.0 875.0 493.0 875.0 
2 3 1.58 1.58 128.0 118.0 128.0 562.0 9.0 562.0 537.0 350.0 537.0 
2 3 1.54 1.54 945.0 196.0 945.0 669.0 581.0 669.0 566.0 265.0 566.0 
2 3 1.16 1.16 907.0 156.0 907.0 858.0 337.0 858.0 900.0 537.0 900.0 
2 4 1.99 1.99 907.0 156.0 907.0 858.0 337.0 858.0 900.0 537.0 900.0 66.0 55.0 66.0 
2 3 1.86 1.86 339.0 294.0 339.0 259.0 210.0 259.0 257.0 47.0 257.0 
2 3 1.17 1.17 346.0 111.0 346.0 578.0 146.0 578.0 15.0 9.0 15.0 
2 4 1.7 1.7 346.0 111.0 346.0 578.0 146.0 578.0 15.0 9.0 15.0 312.0 167.0 312.0 
2 5 1.76 1.76 346.0 111.0 346.0 578.0 146.0 578.0 15.0 9.0 15.0 312.0 167.0 312.0 606.0 33.0 606.0 
2 3 1.67 1.67 756.0 551.0 756.0 950.0 304.0 950.0 32.0 20.0 32.0 
2 3 1.69 1.69 959.0 596.0 959.0 804.0 762.0 804.0 370.0 46.0 370.0 
2 3 1.85 1.85 772.0 348.0 772.0 433.0 227.0 433.0 17.0 15.0 17.0 
2 3 1.68 1.68 967.0 432.0 967.0 83.0 72.0 83.0 912.0 338.0 912.0 
2 4 1.93 1.93 967.0 432.0 967.0 83.0 72.0 83.0 912.0 338.0 912.0 259.0 66.0 259.0 
2 3 1.68 1.68 302.0 93.0 302.0 695.0 380.0 695.0 291.0 242.0 291.0 
2 3 1.58 1.58 849.0 470.0 849.0 980.0 819.0 980.0 738.0 142.0 738.0 
2 3 0.67 0.67 835.0 110.0 835.0 923.0 479.0 923.0 877.0 23.0 877.0 
2 4 1.43 1.43 835.0 110.0 835.0 923.0 479.0 923.0 877.0 23.0 877.0 987.0 749.0 987.0 
2 3 1.71 1.71 957.0 632.0 957.0 428.0 331.0 428.0 859.0 241.0 859.0 
2 3 1.73 1.73 587.0 569.0 587.0 415.0 28.0 415.0 216.0 151.0 216.0 
2 3 1.76 1.76 77.0 73.0 77.0 399.0 242.0 399.0 727.0 154.0 727.0 
2 4 1.94 1.94 77.0 73.0 77.0 399.0 242.0 399.0 727.0 154.0 727.0 436.0 80.0 436.0 
2 3 1.1 1.1 413.0 81.0 413.0 998.0 617.0 998.0 441.0 128.0 441.0 
2 4 1.23 1.23 413.0 81.0 413.0 998.0 617.0 998.0 441.0 128.0 441.0 913.0 123.0 913.0 
2 3 1.68 1.68 521.0 425.0 521.0 496.0 389.0 496.0 748.0 62.0 748.0 
2 3 1.61 1.61 354.0 183.0 354.0 466.0 102.0 466.0 873.0 768.0 873.0 
2 3 0.58 0.58 261.0 50.0 261.0 464.0 94.0 464.0 252.0 49.0 252.0 
2 4 1.38 1.38 261.0 50.0 261.0 464.0 94.0 464.0 252.0 49.0 252.0 184.0 147.0 184.0 
2 3 1.79 1.79 307.0 244.0 307.0 489.0 117.0 489.0 766.0 580.0 766.0 
2 3 1.45 1.45 698.0 178.0 698.0 227.0 107.0 227.0 116.0 84.0 116.0 
2 3 1.99 1.99 745.0 487.0 745.0 876.0 527.0 876.0 936.0 692.0 936.0 
2 3 1.61 1.61 953.0 215.0 953.0 918.0 430.0 918.0 162.0 149.0 162.0 
2 3 1.8 1.8 598.0 350.0 598.0 516.0 349.0 516.0 808.0 443.0 808.0 
2 3 1.0 1.0 406.0 120.0 406.0 342.0 199.0 342.0 933.0 122.0 933.0 
2 4 1.59 1.59 406.0 120.0 406.0 342.0 199.0 342.0 933.0 122.0 933.0 154.0 91.0 154.0 
2 3 1.85 1.85 498.0 339.0 498.0 512.0 293.0 512.0 656.0 398.0 656.0 
2 3 1.87 1.87 408.0 73.0 408.0 505.0 502.0 505.0 550.0 385.0 550.0 
2 3 1.91 1.91 456.0 352.0 456.0 368.0 297.0 368.0 529.0 179.0 529.0 
2 3 1.6 1.6 759.0 542.0 759.0 844.0 587.0 844.0 841.0 167.0 841.0 
2 4 1.82 1.82 759.0 542.0 759.0 844.0 587.0 844.0 841.0 167.0 841.0 677.0 147.0 677.0 
2 5 1.85 1.85 759.0 542.0 759.0 844.0 587.0 844.0 841.0 167.0 841.0 677.0 147.0 677.0 436.0 14.0 436.0 
2 3 1.3 1.3 161.0 92.0 161.0 567.0 28.0 567.0 686.0 468.0 686.0 
2 3 1.84 1.84 179.0 126.0 179.0 921.0 565.0 921.0 775.0 410.0 775.0 
2 3 1.53 1.53 685.0 332.0 685.0 964.0 100.0 964.0 152.0 144.0 152.0 
2 4 1.95 1.95 685.0 332.0 685.0 964.0 100.0 964.0 152.0 144.0 152.0 449.0 188.0 449.0 
2 3 1.26 1.26 65.0 4.0 65.0 872.0 516.0 872.0 908.0 555.0 908.0 
2 3 1.65 1.65 442.0 291.0 442.0 338.0 57.0 338.0 423.0 352.0 423.0 
2 4 1.9 1.9 442.0 291.0 442.0 338.0 57.0 338.0 423.0 352.0 423.0 731.0 178.0 731.0 
2 3 1.87 1.87 920.0 729.0 920.0 862.0 777.0 862.0 458.0 83.0 458.0 
2 3 1.22 1.22 791.0 433.0 791.0 59.0 16.0 59.0 945.0 386.0 945.0 
2 3 1.11 1.11 99.0 93.0 99.0 615.0 107.0 615.0 947.0 5.0 947.0 
2 4 1.44 1.44 99.0 93.0 99.0 615.0 107.0 615.0 947.0 5.0 947.0 392.0 126.0 392.0 
2 3 1.21 1.21 686.0 150.0 686.0 888.0 441.0 888.0 2.0 1.0 2.0 
2 4 1.3 1.3 686.0 150.0 686.0 888.0 441.0 888.0 2.0 1.0 2.0 688.0 62.0 688.0 
2 5 1.68 1.68 686.0 150.0 686.0 888.0 441.0 888.0 2.0 1.0 2.0 688.0 62.0 688.0 426.0 161.0 426.0 
2 3 1.15 1.15 793.0 75.0 793.0 222.0 189.0 222.0 655.0 139.0 655.0 
2 4 1.96 1.96 793.0 75.0 793.0 222.0 189.0 222.0 655.0 139.0 655.0 334.0 268.0 334.0 
2 3 1.6 1.6 808.0 568.0 808.0 377.0 111.0 377.0 668.0 405.0 668.0 
2 3 1.94 1.94 247.0 205.0 247.0 77.0 42.0 77.0 980.0 554.0 980.0 
2 3 1.85 1.85 680.0 607.0 680.0 878.0 597.0 878.0 835.0 235.0 835.0 
2 3 1.63 1.63 39.0 10.0 39.0 128.0 74.0 128.0 863.0 688.0 863.0 
2 3 1.11 1.11 904.0 389.0 904.0 490.0 332.0 490.0 527.0 3.0 527.0 
2 4 1.21 1.21 904.0 389.0 904.0 490.0 332.0 490.0 527.0 3.0 527.0 839.0 83.0 839.0 
2 5 1.97 1.97 904.0 389.0 904.0 490.0 332.0 490.0 527.0 3.0 527.0 839.0 83.0 839.0 150.0 115.0 150.0 
2 3 1.86 1.86 119.0 60.0 119.0 379.0 225.0 379.0 390.0 301.0 390.0 
2 3 1.82 1.82 156.0 123.0 156.0 876.0 424.0 876.0 488.0 270.0 488.0 
2 3 1.88 1.88 887.0 844.0 887.0 98.0 52.0 98.0 129.0 52.0 129.0 
2 3 1.86 1.86 675.0 338.0 675.0 660.0 455.0 660.0 130.0 88.0 130.0 
2 3 0.98 0.98 16.0 4.0 16.0 859.0 134.0 859.0 621.0 361.0 621.0 
2 4 1.56 1.56 16.0 4.0 16.0 859.0 134.0 859.0 621.0 361.0 621.0 899.0 515.0 899.0 
2 3 1.96 1.96 217.0 204.0 217.0 896.0 146.0 896.0 383.0 329.0 383.0 
2 3 1.63 1.63 798.0 417.0 798.0 768.0 121.0 768.0 132.0 126.0 132.0 
2 4 1.95 1.95 798.0 417.0 798.0 768.0 121.0 768.0 132.0 126.0 132.0 457.0 145.0 457.0 
2 3 1.93 1.93 544.0 64.0 544.0 740.0 633.0 740.0 333.0 319.0 333.0 
2 3 1.32 1.32 977.0 575.0 977.0 988.0 539.0 988.0 396.0 77.0 396.0 
2 4 1.85 1.85 977.0 575.0 977.0 988.0 539.0 988.0 396.0 77.0 396.0 766.0 401.0 766.0 
2 3 1.26 1.26 104.0 65.0 104.0 308.0 18.0 308.0 24.0 14.0 24.0 
2 3 1.56 1.56 342.0 89.0 342.0 948.0 504.0 948.0 329.0 253.0 329.0 
2 3 1.9 1.9 540.0 357.0 540.0 56.0 35.0 56.0 569.0 351.0 569.0 
2 3 1.64 1.64 157.0 37.0 157.0 482.0 393.0 482.0 451.0 267.0 451.0 
2 3 1.89 1.89 64.0 37.0 64.0 814.0 636.0 814.0 548.0 294.0 548.0 
2 3 1.72 1.72 202.0 24.0 202.0 697.0 495.0 697.0 459.0 410.0 459.0 
2 4 1.95 1.95 202.0 24.0 202.0 697.0 495.0 697.0 459.0 410.0 459.0 975.0 229.0 975.0 
2 3 1.52 1.52 772.0 645.0 772.0 260.0 29.0 260.0 124.0 72.0 124.0 
2 4 1.54 1.54 772.0 645.0 772.0 260.0 29.0 260.0 124.0 72.0 124.0 908.0 12.0 908.0 
2 5 1.92 1.92 772.0 645.0 772.0 260.0 29.0 260.0 124.0 72.0 124.0 908.0 12.0 908.0 619.0 240.0 619.0 
2 3 1.79 1.79 581.0 311.0 581.0 428.0 281.0 428.0 295.0 178.0 295.0 
2 3 0.46 0.46 196.0 40.0 196.0 216.0 22.0 216.0 148.0 24.0 148.0 
2 4 1.44 1.44 196.0 40.0 196.0 216.0 22.0 216.0 148.0 24.0 148.0 482.0 470.0 482.0 
2 3 1.31 1.31 19.0 12.0 19.0 261.0 143.0 261.0 60.0 8.0 60.0 
2 4 1.34 1.34 19.0 12.0 19.0 261.0 143.0 261.0 60.0 8.0 60.0 467.0 13.0 467.0 
2 3 1.72 1.72 29.0 21.0 29.0 109.0 26.0 109.0 699.0 533.0 699.0 
2 4 1.99 1.99 29.0 21.0 29.0 109.0 26.0 109.0 699.0 533.0 699.0 954.0 254.0 954.0 
2 3 1.35 1.35 939.0 590.0 939.0 486.0 305.0 486.0 625.0 64.0 625.0 
2 3 1.2 1.2 951.0 223.0 951.0 108.0 88.0 108.0 719.0 113.0 719.0 
2 3 1.44 1.44 394.0 219.0 394.0 645.0 464.0 645.0 672.0 117.0 672.0 
2 3 1.48 1.48 639.0 195.0 639.0 637.0 413.0 637.0 485.0 257.0 485.0 
2 3 1.75 1.75 200.0 51.0 200.0 56.0 55.0 56.0 457.0 236.0 457.0 
2 3 1.87 1.87 313.0 238.0 313.0 307.0 47.0 307.0 93.0 89.0 93.0 
2 3 1.98 1.98 663.0 542.0 663.0 130.0 52.0 130.0 103.0 79.0 103.0 
2 3 1.52 1.52 697.0 42.0 697.0 568.0 263.0 568.0 275.0 275.0 275.0 
2 4 1.59 1.59 697.0 42.0 697.0 568.0 263.0 568.0 275.0 275.0 275.0 821.0 58.0 821.0 
2 5 1.95 1.95 697.0 42.0 697.0 568.0 263.0 568.0 275.0 275.0 275.0 821.0 58.0 821.0 722.0 258.0 722.0 
2 3 1.5 1.5 828.0 526.0 828.0 110.0 2.0 110.0 178.0 151.0 178.0 
2 4 1.82 1.82 828.0 526.0 828.0 110.0 2.0 110.0 178.0 151.0 178.0 357.0 117.0 357.0 
2 3 1.18 1.18 976.0 586.0 976.0 183.0 100.0 183.0 720.0 27.0 720.0 
2 4 1.88 1.88 976.0 586.0 976.0 183.0 100.0 183.0 720.0 27.0 720.0 661.0 463.0 661.0 
2 3 1.96 1.96 665.0 392.0 665.0 133.0 89.0 133.0 954.0 673.0 954.0 
2 3 0.43 0.43 91.0 8.0 91.0 246.0 40.0 246.0 483.0 90.0 483.0 
2 4 1.01 1.01 91.0 8.0 91.0 246.0 40.0 246.0 483.0 90.0 483.0 191.0 111.0 191.0 
2 5 1.56 1.56 91.0 8.0 91.0 246.0 40.0 246.0 483.0 90.0 483.0 191.0 111.0 191.0 46.0 25.0 46.0 
2 6 1.83 1.83 91.0 8.0 91.0 246.0 40.0 246.0 483.0 90.0 483.0 191.0 111.0 191.0 46.0 25.0 46.0 579.0 160.0 579.0 
2 3 1.19 1.19 366.0 223.0 366.0 244.0 136.0 244.0 957.0 27.0 957.0 
2 4 1.42 1.42 366.0 223.0 366.0 244.0 136.0 244.0 957.0 27.0 957.0 611.0 138.0 611.0 
2 3 1.23 1.23 979.0 404.0 979.0 919.0 126.0 919.0 862.0 594.0 862.0 
2 3 1.29 1.29 106.0 33.0 106.0 618.0 28.0 618.0 922.0 863.0 922.0 
2 3 1.57 1.57 2.0 1.0 2.0 492.0 75.0 492.0 587.0 544.0 587.0 
2 4 1.79 1.79 2.0 1.0 2.0 492.0 75.0 492.0 587.0 544.0 587.0 439.0 93.0 439.0 
2 3 1.54 1.54 227.0 140.0 227.0 420.0 389.0 420.0 753.0 4.0 753.0 
2 3 1.23 1.23 142.0 13.0 142.0 247.0 159.0 247.0 439.0 221.0 439.0 
2 4 1.7 1.7 142.0 13.0 142.0 247.0 159.0 247.0 439.0 221.0 439.0 925.0 434.0 925.0 
2 5 1.91 1.91 142.0 13.0 142.0 247.0 159.0 247.0 439.0 221.0 439.0 925.0 434.0 925.0 476.0 98.0 476.0 
2 3 1.55 1.55 195.0 140.0 195.0 291.0 36.0 291.0 157.0 112.0 157.0 
2 4 1.95 1.95 195.0 140.0 195.0 291.0 36.0 291.0 157.0 112.0 157.0 10.0 4.0 10.0 
2 3 1.85 1.85 193.0 140.0 193.0 209.0 97.0 209.0 135.0 90.0 135.0 
2 3 1.92 1.92 689.0 469.0 689.0 159.0 108.0 159.0 513.0 290.0 513.0 
2 3 1.29 1.29 335.0 233.0 335.0 153.0 75.0 153.0 74.0 8.0 74.0 
2 4 1.69 1.69 335.0 233.0 335.0 153.0 75.0 153.0 74.0 8.0 74.0 881.0 351.0 881.0 
2 3 1.09 1.09 259.0 143.0 259.0 672.0 6.0 672.0 976.0 518.0 976.0 
2 4 1.92 1.92 259.0 143.0 259.0 672.0 6.0 672.0 976.0 518.0 976.0 585.0 486.0 585.0 
2 3 1.71 1.71 552.0 367.0 552.0 262.0 138.0 262.0 933.0 490.0 933.0 
2 3 1.66 1.66 673.0 518.0 673.0 823.0 653.0 823.0 167.0 17.0 167.0 
2 3 1.68 1.68 784.0 783.0 784.0 989.0 673.0 989.0 870.0 3.0 870.0 
2 3 0.8 0.8 807.0 84.0 807.0 224.0 12.0 224.0 619.0 398.0 619.0 
2 4 1.51 1.51 807.0 84.0 807.0 224.0 12.0 224.0 619.0 398.0 619.0 14.0 10.0 14.0 
2 3 1.98 1.98 876.0 696.0 876.0 74.0 49.0 74.0 726.0 384.0 726.0 
2 3 1.33 1.33 851.0 76.0 851.0 511.0 443.0 511.0 770.0 295.0 770.0 
2 4 1.94 1.94 851.0 76.0 851.0 511.0 443.0 511.0 770.0 295.0 770.0 477.0 288.0 477.0 
2 3 1.58 1.58 866.0 780.0 866.0 319.0 124.0 319.0 620.0 182.0 620.0 
2 4 1.96 1.96 866.0 780.0 866.0 319.0 124.0 319.0 620.0 182.0 620.0 344.0 132.0 344.0 
2 3 1.53 1.53 647.0 381.0 647.0 162.0 70.0 162.0 252.0 130.0 252.0 
2 3 1.86 1.86 262.0 148.0 262.0 472.0 408.0 472.0 459.0 199.0 459.0 
2 3 1.69 1.69 274.0 196.0 274.0 514.0 212.0 514.0 78.0 44.0 78.0 
2 3 1.58 1.58 825.0 19.0 825.0 697.0 630.0 697.0 793.0 522.0 793.0 
2 3 1.91 1.91 505.0 258.0 505.0 137.0 82.0 137.0 639.0 516.0 639.0 
2 3 1.5 1.5 571.0 475.0 571.0 458.0 163.0 458.0 322.0 103.0 322.0 
2 3 1.8 1.8 253.0 197.0 253.0 58.0 24.0 58.0 470.0 286.0 470.0 
2 4 1.98 1.98 253.0 197.0 253.0 58.0 24.0 58.0 470.0 286.0 470.0 11.0 2.0 11.0 
2 3 1.04 1.04 630.0 131.0 630.0 78.0 54.0 78.0 381.0 54.0 381.0 
2 4 1.89 1.89 630.0 131.0 630.0 78.0 54.0 78.0 381.0 54.0 381.0 27.0 23.0 27.0 
2 3 0.8 0.8 129.0 25.0 129.0 276.0 26.0 276.0 94.0 49.0 94.0 
2 4 1.15 1.15 129.0 25.0 129.0 276.0 26.0 276.0 94.0 49.0 94.0 202.0 69.0 202.0 
2 3 1.79 1.79 841.0 103.0 841.0 496.0 394.0 496.0 713.0 623.0 713.0 
2 3 1.99 1.99 897.0 686.0 897.0 425.0 217.0 425.0 83.0 60.0 83.0 
2 3 1.05 1.05 808.0 334.0 808.0 641.0 399.0 641.0 763.0 13.0 763.0 
2 4 1.71 1.71 808.0 334.0 808.0 641.0 399.0 641.0 763.0 13.0 763.0 930.0 613.0 930.0 
2 3 1.68 1.68 792.0 121.0 792.0 501.0 465.0 501.0 880.0 533.0 880.0 
2 3 1.57 1.57 239.0 198.0 239.0 154.0 32.0 154.0 920.0 498.0 920.0 
2 3 1.36 1.36 982.0 670.0 982.0 490.0 272.0 490.0 337.0 42.0 337.0 
2 4 1.95 1.95 982.0 670.0 982.0 490.0 272.0 490.0 337.0 42.0 337.0 660.0 393.0 660.0 
2 3 1.97 1.97 820.0 579.0 820.0 752.0 380.0 752.0 54.0 41.0 54.0 
2 3 1.63 1.63 306.0 203.0 306.0 986.0 518.0 986.0 344.0 154.0 344.0 
2 3 1.8 1.8 572.0 84.0 572.0 853.0 671.0 853.0 135.0 117.0 135.0 
2 4 1.94 1.94 572.0 84.0 572.0 853.0 671.0 853.0 135.0 117.0 135.0 7.0 1.0 7.0 
2 3 1.46 1.46 315.0 136.0 315.0 966.0 930.0 966.0 323.0 23.0 323.0 
2 4 1.51 1.51 315.0 136.0 315.0 966.0 930.0 966.0 323.0 23.0 323.0 501.0 27.0 501.0 
2 3 1.02 1.02 688.0 19.0 688.0 442.0 402.0 442.0 152.0 13.0 152.0 
2 4 1.57 1.57 688.0 19.0 688.0 442.0 402.0 442.0 152.0 13.0 152.0 536.0 298.0 536.0 
2 3 1.5 1.5 909.0 364.0 909.0 521.0 310.0 521.0 732.0 370.0 732.0 
2 3 1.69 1.69 695.0 484.0 695.0 185.0 17.0 185.0 684.0 623.0 684.0 
2 3 1.52 1.52 199.0 153.0 199.0 123.0 88.0 123.0 781.0 30.0 781.0 
2 3 1.72 1.72 850.0 554.0 850.0 362.0 234.0 362.0 708.0 299.0 708.0 
2 3 1.91 1.91 519.0 393.0 519.0 283.0 162.0 283.0 557.0 324.0 557.0 
2 3 1.53 1.53 523.0 123.0 523.0 568.0 427.0 568.0 298.0 162.0 298.0 
2 4 1.9 1.9 523.0 123.0 523.0 568.0 427.0 568.0 298.0 162.0 298.0 70.0 26.0 70.0 
2 3 1.91 1.91 746.0 109.0 746.0 864.0 762.0 864.0 350.0 312.0 350.0 
2 3 1.81 1.81 805.0 272.0 805.0 582.0 375.0 582.0 758.0 628.0 758.0 
2 3 1.33 1.33 52.0 35.0 52.0 802.0 474.0 802.0 750.0 53.0 750.0 
2 3 1.38 1.38 908.0 237.0 908.0 656.0 610.0 656.0 31.0 6.0 31.0 
2 4 1.43 1.43 908.0 237.0 908.0 656.0 610.0 656.0 31.0 6.0 31.0 344.0 16.0 344.0 
2 5 1.47 1.47 908.0 237.0 908.0 656.0 610.0 656.0 31.0 6.0 31.0 344.0 16.0 344.0 389.0 19.0 389.0 
2 6 1.8 1.8 908.0 237.0 908.0 656.0 610.0 656.0 31.0 6.0 31.0 344.0 16.0 344.0 389.0 19.0 389.0 580.0 187.0 580.0 
2 3 1.3 1.3 295.0 60.0 295.0 541.0 292.0 541.0 585.0 328.0 585.0 
2 3 1.62 1.62 366.0 247.0 366.0 131.0 69.0 131.0 611.0 261.0 611.0 
2 3 1.75 1.75 658.0 63.0 658.0 424.0 411.0 424.0 316.0 219.0 316.0 
2 3 1.14 1.14 377.0 40.0 377.0 40.0 10.0 40.0 946.0 751.0 946.0 
2 4 1.77 1.77 377.0 40.0 377.0 40.0 10.0 40.0 946.0 751.0 946.0 441.0 274.0 441.0 
2 3 1.96 1.96 881.0 623.0 881.0 520.0 413.0 520.0 902.0 422.0 902.0 
2 3 1.79 1.79 659.0 255.0 659.0 52.0 46.0 52.0 830.0 434.0 830.0 
2 3 1.79 1.79 142.0 74.0 142.0 277.0 143.0 277.0 415.0 313.0 415.0 
2 3 1.53 1.53 171.0 117.0 171.0 890.0 474.0 890.0 790.0 250.0 790.0 
2 4 1.81 1.81 171.0 117.0 171.0 890.0 474.0 890.0 790.0 250.0 790.0 833.0 231.0 833.0 
2 3 1.55 1.55 101.0 84.0 101.0 162.0 21.0 162.0 992.0 589.0 992.0 
2 3 1.5 1.5 120.0 63.0 120.0 658.0 88.0 658.0 506.0 428.0 506.0 
2 4 1.73 1.73 120.0 63.0 120.0 658.0 88.0 658.0 506.0 428.0 506.0 972.0 228.0 972.0 
2 3 1.41 1.41 119.0 9.0 119.0 343.0 217.0 343.0 384.0 271.0 384.0 
2 3 1.33 1.33 944.0 522.0 944.0 238.0 34.0 238.0 50.0 32.0 50.0 
2 4 1.88 1.88 944.0 522.0 944.0 238.0 34.0 238.0 50.0 32.0 50.0 545.0 302.0 545.0 
2 3 1.62 1.62 702.0 85.0 702.0 227.0 192.0 227.0 260.0 171.0 260.0 
2 3 1.42 1.42 706.0 497.0 706.0 991.0 698.0 991.0 142.0 2.0 142.0 
2 3 1.9 1.9 948.0 880.0 948.0 70.0 4.0 70.0 290.0 266.0 290.0 
2 4 1.96 1.96 948.0 880.0 948.0 70.0 4.0 70.0 290.0 266.0 290.0 30.0 2.0 30.0 
2 5 1.98 1.98 948.0 880.0 948.0 70.0 4.0 70.0 290.0 266.0 290.0 30.0 2.0 30.0 977.0 15.0 977.0 
2 3 1.92 1.92 708.0 624.0 708.0 994.0 479.0 994.0 517.0 288.0 517.0 
2 3 1.86 1.86 644.0 410.0 644.0 409.0 261.0 409.0 265.0 156.0 265.0 
2 4 1.96 1.96 644.0 410.0 644.0 409.0 261.0 409.0 265.0 156.0 265.0 930.0 95.0 930.0 
2 3 1.18 1.18 554.0 540.0 554.0 632.0 123.0 632.0 867.0 12.0 867.0 
2 4 1.23 1.23 554.0 540.0 554.0 632.0 123.0 632.0 867.0 12.0 867.0 252.0 13.0 252.0 
2 3 1.61 1.61 640.0 456.0 640.0 50.0 15.0 50.0 522.0 312.0 522.0 
2 3 1.93 1.93 760.0 392.0 760.0 868.0 474.0 868.0 82.0 72.0 82.0 
2 3 1.65 1.65 176.0 100.0 176.0 508.0 330.0 508.0 476.0 207.0 476.0 
2 3 0.9 0.9 517.0 148.0 517.0 40.0 5.0 40.0 389.0 192.0 389.0 
2 4 1.32 1.32 517.0 148.0 517.0 40.0 5.0 40.0 389.0 192.0 389.0 582.0 245.0 582.0 
2 3 1.48 1.48 536.0 241.0 536.0 6.0 2.0 6.0 126.0 88.0 126.0 
2 4 1.98 1.98 536.0 241.0 536.0 6.0 2.0 6.0 126.0 88.0 126.0 971.0 488.0 971.0 
2 3 1.8 1.8 608.0 331.0 608.0 255.0 134.0 255.0 964.0 713.0 964.0 
2 3 1.67 1.67 832.0 287.0 832.0 135.0 49.0 135.0 290.0 280.0 290.0 
2 3 1.59 1.59 938.0 84.0 938.0 204.0 115.0 204.0 561.0 529.0 561.0 
2 3 1.22 1.22 608.0 251.0 608.0 229.0 108.0 229.0 915.0 310.0 915.0 
2 4 1.3 1.3 608.0 251.0 608.0 229.0 108.0 229.0 915.0 310.0 915.0 693.0 60.0 693.0 
2 5 1.87 1.87 608.0 251.0 608.0 229.0 108.0 229.0 915.0 310.0 915.0 693.0 60.0 693.0 160.0 90.0 160.0 
2 3 1.81 1.81 289.0 247.0 289.0 57.0 15.0 57.0 297.0 208.0 297.0 
2 3 1.78 1.78 743.0 402.0 743.0 975.0 490.0 975.0 712.0 529.0 712.0 
2 3 1.95 1.95 737.0 335.0 737.0 967.0 960.0 967.0 575.0 294.0 575.0 
2 3 1.67 1.67 111.0 28.0 111.0 156.0 96.0 156.0 435.0 353.0 435.0 
2 3 1.92 1.92 963.0 662.0 963.0 603.0 420.0 603.0 90.0 49.0 90.0 
2 3 1.44 1.44 30.0 3.0 30.0 71.0 46.0 71.0 634.0 442.0 634.0 
2 4 1.65 1.65 30.0 3.0 30.0 71.0 46.0 71.0 634.0 442.0 634.0 891.0 186.0 891.0 
2 3 1.27 1.27 567.0 302.0 567.0 69.0 4.0 69.0 132.0 90.0 132.0 
2 3 1.17 1.17 286.0 159.0 286.0 321.0 15.0 321.0 958.0 550.0 958.0 
2 3 1.57 1.57 73.0 49.0 73.0 768.0 175.0 768.0 278.0 188.0 278.0 
2 3 1.89 1.89 806.0 656.0 806.0 185.0 43.0 185.0 106.0 90.0 106.0 
2 3 1.38 1.38 866.0 237.0 866.0 365.0 303.0 365.0 838.0 239.0 838.0 
2 4 1.98 1.98 866.0 237.0 866.0 365.0 303.0 365.0 838.0 239.0 838.0 435.0 261.0 435.0 
2 3 1.58 1.58 206.0 79.0 206.0 900.0 456.0 900.0 293.0 204.0 293.0 
2 3 1.54 1.54 605.0 330.0 605.0 714.0 593.0 714.0 827.0 140.0 827.0 
2 3 1.61 1.61 104.0 86.0 104.0 900.0 201.0 900.0 225.0 126.0 225.0 
2 3 1.74 1.74 933.0 639.0 933.0 744.0 374.0 744.0 941.0 528.0 941.0 
2 3 1.66 1.66 389.0 310.0 389.0 900.0 450.0 900.0 872.0 324.0 872.0 
2 3 1.58 1.58 261.0 227.0 261.0 555.0 374.0 555.0 928.0 36.0 928.0 
2 4 1.67 1.67 261.0 227.0 261.0 555.0 374.0 555.0 928.0 36.0 928.0 157.0 14.0 157.0 
2 3 1.17 1.17 811.0 165.0 811.0 573.0 126.0 573.0 132.0 99.0 132.0 
2 4 1.44 1.44 811.0 165.0 811.0 573.0 126.0 573.0 132.0 99.0 132.0 705.0 190.0 705.0 
2 3 1.69 1.69 634.0 400.0 634.0 414.0 321.0 414.0 696.0 201.0 696.0 
2 3 1.99 1.99 790.0 180.0 790.0 482.0 422.0 482.0 239.0 214.0 239.0 
2 3 1.99 1.99 718.0 423.0 718.0 611.0 425.0 611.0 735.0 522.0 735.0 
2 3 1.95 1.95 4.0 3.0 4.0 407.0 223.0 407.0 183.0 120.0 183.0 
2 3 0.88 0.88 451.0 201.0 451.0 500.0 119.0 500.0 70.0 14.0 70.0 
2 4 1.55 1.55 451.0 201.0 451.0 500.0 119.0 500.0 70.0 14.0 70.0 946.0 636.0 946.0 
2 3 1.38 1.38 721.0 532.0 721.0 310.0 177.0 310.0 942.0 72.0 942.0 
2 4 1.75 1.75 721.0 532.0 721.0 310.0 177.0 310.0 942.0 72.0 942.0 804.0 295.0 804.0 
2 3 1.77 1.77 605.0 157.0 605.0 202.0 119.0 202.0 276.0 255.0 276.0 
2 3 1.28 1.28 475.0 448.0 475.0 419.0 51.0 419.0 569.0 127.0 569.0 
2 4 1.95 1.95 475.0 448.0 475.0 419.0 51.0 419.0 569.0 127.0 569.0 193.0 129.0 193.0 
2 3 1.01 1.01 748.0 265.0 748.0 571.0 350.0 571.0 270.0 14.0 270.0 
2 4 1.52 1.52 748.0 265.0 748.0 571.0 350.0 571.0 270.0 14.0 270.0 533.0 270.0 533.0 
2 3 1.72 1.72 859.0 551.0 859.0 641.0 339.0 641.0 542.0 298.0 542.0 
2 3 1.72 1.72 830.0 593.0 830.0 994.0 187.0 994.0 396.0 327.0 396.0 
2 3 1.61 1.61 933.0 687.0 933.0 793.0 382.0 793.0 437.0 174.0 437.0 
2 3 1.43 1.43 198.0 55.0 198.0 3.0 1.0 3.0 239.0 196.0 239.0 
2 4 1.6 1.6 198.0 55.0 198.0 3.0 1.0 3.0 239.0 196.0 239.0 486.0 84.0 486.0 
2 5 1.69 1.69 198.0 55.0 198.0 3.0 1.0 3.0 239.0 196.0 239.0 486.0 84.0 486.0 721.0 62.0 721.0 
2 6 1.9 1.9 198.0 55.0 198.0 3.0 1.0 3.0 239.0 196.0 239.0 486.0 84.0 486.0 721.0 62.0 721.0 717.0 157.0 717.0 
2 3 1.93 1.93 277.0 154.0 277.0 432.0 254.0 432.0 464.0 365.0 464.0 
2 3 1.91 1.91 285.0 225.0 285.0 954.0 532.0 954.0 234.0 132.0 234.0 
2 3 1.75 1.75 477.0 384.0 477.0 376.0 355.0 376.0 322.0 1.0 322.0 
2 3 1.49 1.49 379.0 226.0 379.0 827.0 273.0 827.0 443.0 250.0 443.0 
2 4 1.57 1.57 379.0 226.0 379.0 827.0 273.0 827.0 443.0 250.0 443.0 849.0 72.0 849.0 
2 5 1.82 1.82 379.0 226.0 379.0 827.0 273.0 827.0 443.0 250.0 443.0 849.0 72.0 849.0 28.0 7.0 28.0 
2 3 1.84 1.84 337.0 143.0 337.0 135.0 100.0 135.0 691.0 468.0 691.0 
2 4 1.85 1.85 337.0 143.0 337.0 135.0 100.0 135.0 691.0 468.0 691.0 915.0 12.0 915.0 
2 3 1.52 1.52 844.0 344.0 844.0 469.0 187.0 469.0 835.0 597.0 835.0 
2 3 1.91 1.91 548.0 336.0 548.0 519.0 383.0 519.0 508.0 284.0 508.0 
2 3 1.83 1.83 112.0 65.0 112.0 677.0 420.0 677.0 964.0 610.0 964.0 
2 3 1.89 1.89 191.0 111.0 191.0 97.0 92.0 97.0 888.0 322.0 888.0 
2 3 1.48 1.48 463.0 427.0 463.0 954.0 18.0 954.0 784.0 430.0 784.0 
2 3 0.98 0.98 854.0 162.0 854.0 905.0 695.0 905.0 566.0 14.0 566.0 
2 4 1.57 1.57 854.0 162.0 854.0 905.0 695.0 905.0 566.0 14.0 566.0 487.0 290.0 487.0 
2 5 1.62 1.62 854.0 162.0 854.0 905.0 695.0 905.0 566.0 14.0 566.0 487.0 290.0 487.0 821.0 36.0 821.0 
2 3 1.87 1.87 543.0 317.0 543.0 529.0 241.0 529.0 391.0 326.0 391.0 
2 3 1.57 1.57 397.0 104.0 397.0 992.0 598.0 992.0 711.0 504.0 711.0 
2 3 1.53 1.53 851.0 451.0 851.0 660.0 18.0 660.0 79.0 77.0 79.0 
