2 3 1.67 1.67 954.0 373.0 954.0 660.0 399.0 660.0 815.0 551.0 815.0 
2 3 1.64 1.64 812.0 641.0 812.0 79.0 52.0 79.0 642.0 127.0 642.0 
2 3 0.51 0.51 843.0 43.0 843.0 180.0 34.0 180.0 77.0 21.0 77.0 
2 4 0.54 0.54 843.0 43.0 843.0 180.0 34.0 180.0 77.0 21.0 77.0 908.0 25.0 908.0 
2 5 0.55 0.55 843.0 43.0 843.0 180.0 34.0 180.0 77.0 21.0 77.0 908.0 25.0 908.0 879.0 12.0 879.0 
2 6 0.87 0.87 843.0 43.0 843.0 180.0 34.0 180.0 77.0 21.0 77.0 908.0 25.0 908.0 879.0 12.0 879.0 25.0 8.0 25.0 
2 7 1.75 1.75 843.0 43.0 843.0 180.0 34.0 180.0 77.0 21.0 77.0 908.0 25.0 908.0 879.0 12.0 879.0 25.0 8.0 25.0 107.0 94.0 107.0 
2 3 1.71 1.71 696.0 4.0 696.0 273.0 266.0 273.0 912.0 674.0 912.0 
2 3 1.82 1.82 779.0 720.0 779.0 193.0 8.0 193.0 460.0 394.0 460.0 
2 3 0.61 0.61 128.0 43.0 128.0 915.0 172.0 915.0 466.0 41.0 466.0 
2 4 0.64 0.64 128.0 43.0 128.0 915.0 172.0 915.0 466.0 41.0 466.0 84.0 3.0 84.0 
2 5 0.7 0.7 128.0 43.0 128.0 915.0 172.0 915.0 466.0 41.0 466.0 84.0 3.0 84.0 976.0 53.0 976.0 
2 6 1.48 1.48 128.0 43.0 128.0 915.0 172.0 915.0 466.0 41.0 466.0 84.0 3.0 84.0 976.0 53.0 976.0 528.0 412.0 528.0 
2 7 1.9 1.9 128.0 43.0 128.0 915.0 172.0 915.0 466.0 41.0 466.0 84.0 3.0 84.0 976.0 53.0 976.0 528.0 412.0 528.0 807.0 342.0 807.0 
2 3 1.68 1.68 901.0 581.0 901.0 419.0 146.0 419.0 45.0 31.0 45.0 
2 4 1.7 1.7 901.0 581.0 901.0 419.0 146.0 419.0 45.0 31.0 45.0 304.0 7.0 304.0 
2 3 0.71 0.71 109.0 14.0 109.0 622.0 162.0 622.0 858.0 279.0 858.0 
2 4 0.72 0.72 109.0 14.0 109.0 622.0 162.0 622.0 858.0 279.0 858.0 289.0 3.0 289.0 
2 5 1.3 1.3 109.0 14.0 109.0 622.0 162.0 622.0 858.0 279.0 858.0 289.0 3.0 289.0 909.0 525.0 909.0 
2 6 1.42 1.42 109.0 14.0 109.0 622.0 162.0 622.0 858.0 279.0 858.0 289.0 3.0 289.0 909.0 525.0 909.0 33.0 4.0 33.0 
2 7 1.56 1.56 109.0 14.0 109.0 622.0 162.0 622.0 858.0 279.0 858.0 289.0 3.0 289.0 909.0 525.0 909.0 33.0 4.0 33.0 413.0 59.0 413.0 
2 8 1.82 1.82 109.0 14.0 109.0 622.0 162.0 622.0 858.0 279.0 858.0 289.0 3.0 289.0 909.0 525.0 909.0 33.0 4.0 33.0 413.0 59.0 413.0 312.0 82.0 312.0 
2 9 1.94 1.94 109.0 14.0 109.0 622.0 162.0 622.0 858.0 279.0 858.0 289.0 3.0 289.0 909.0 525.0 909.0 33.0 4.0 33.0 413.0 59.0 413.0 312.0 82.0 312.0 249.0 29.0 249.0 
2 3 0.86 0.86 554.0 121.0 554.0 723.0 238.0 723.0 765.0 240.0 765.0 
2 4 1.02 1.02 554.0 121.0 554.0 723.0 238.0 723.0 765.0 240.0 765.0 519.0 84.0 519.0 
2 5 1.67 1.67 554.0 121.0 554.0 723.0 238.0 723.0 765.0 240.0 765.0 519.0 84.0 519.0 555.0 363.0 555.0 
2 6 1.68 1.68 554.0 121.0 554.0 723.0 238.0 723.0 765.0 240.0 765.0 519.0 84.0 519.0 555.0 363.0 555.0 153.0 1.0 153.0 
2 7 1.91 1.91 554.0 121.0 554.0 723.0 238.0 723.0 765.0 240.0 765.0 519.0 84.0 519.0 555.0 363.0 555.0 153.0 1.0 153.0 638.0 149.0 638.0 
2 3 1.58 1.58 236.0 162.0 236.0 95.0 30.0 95.0 947.0 551.0 947.0 
2 3 1.22 1.22 772.0 301.0 772.0 433.0 265.0 433.0 41.0 9.0 41.0 
2 4 1.59 1.59 772.0 301.0 772.0 433.0 265.0 433.0 41.0 9.0 41.0 639.0 237.0 639.0 
2 3 1.81 1.81 905.0 789.0 905.0 620.0 289.0 620.0 889.0 421.0 889.0 
2 4 1.85 1.85 905.0 789.0 905.0 620.0 289.0 620.0 889.0 421.0 889.0 947.0 38.0 947.0 
2 3 1.26 1.26 168.0 84.0 168.0 403.0 268.0 403.0 313.0 31.0 313.0 
2 4 1.44 1.44 168.0 84.0 168.0 403.0 268.0 403.0 313.0 31.0 313.0 727.0 133.0 727.0 
2 3 1.0 1.0 499.0 168.0 499.0 871.0 89.0 871.0 738.0 418.0 738.0 
2 4 1.84 1.84 499.0 168.0 499.0 871.0 89.0 871.0 738.0 418.0 738.0 101.0 85.0 101.0 
2 5 1.88 1.88 499.0 168.0 499.0 871.0 89.0 871.0 738.0 418.0 738.0 101.0 85.0 101.0 732.0 29.0 732.0 
2 3 0.6 0.6 250.0 97.0 250.0 413.0 82.0 413.0 644.0 10.0 644.0 
2 4 0.67 0.67 250.0 97.0 250.0 413.0 82.0 413.0 644.0 10.0 644.0 204.0 14.0 204.0 
2 5 1.02 1.02 250.0 97.0 250.0 413.0 82.0 413.0 644.0 10.0 644.0 204.0 14.0 204.0 843.0 297.0 843.0 
2 6 1.39 1.39 250.0 97.0 250.0 413.0 82.0 413.0 644.0 10.0 644.0 204.0 14.0 204.0 843.0 297.0 843.0 778.0 288.0 778.0 
2 3 0.67 0.67 950.0 77.0 950.0 185.0 17.0 185.0 2.0 1.0 2.0 
2 4 1.09 1.09 950.0 77.0 950.0 185.0 17.0 185.0 2.0 1.0 2.0 768.0 323.0 768.0 
2 5 1.13 1.13 950.0 77.0 950.0 185.0 17.0 185.0 2.0 1.0 2.0 768.0 323.0 768.0 311.0 13.0 311.0 
2 6 1.19 1.19 950.0 77.0 950.0 185.0 17.0 185.0 2.0 1.0 2.0 768.0 323.0 768.0 311.0 13.0 311.0 68.0 4.0 68.0 
2 7 1.55 1.55 950.0 77.0 950.0 185.0 17.0 185.0 2.0 1.0 2.0 768.0 323.0 768.0 311.0 13.0 311.0 68.0 4.0 68.0 459.0 167.0 459.0 
2 3 0.63 0.63 502.0 109.0 502.0 106.0 35.0 106.0 182.0 16.0 182.0 
2 4 0.84 0.84 502.0 109.0 502.0 106.0 35.0 106.0 182.0 16.0 182.0 166.0 34.0 166.0 
2 5 1.56 1.56 502.0 109.0 502.0 106.0 35.0 106.0 182.0 16.0 182.0 166.0 34.0 166.0 604.0 437.0 604.0 
2 6 1.57 1.57 502.0 109.0 502.0 106.0 35.0 106.0 182.0 16.0 182.0 166.0 34.0 166.0 604.0 437.0 604.0 676.0 5.0 676.0 
2 7 1.66 1.66 502.0 109.0 502.0 106.0 35.0 106.0 182.0 16.0 182.0 166.0 34.0 166.0 604.0 437.0 604.0 676.0 5.0 676.0 206.0 20.0 206.0 
2 3 1.64 1.64 713.0 465.0 713.0 918.0 718.0 918.0 29.0 6.0 29.0 
2 3 1.88 1.88 94.0 27.0 94.0 623.0 523.0 623.0 854.0 651.0 854.0 
2 3 1.6 1.6 321.0 311.0 321.0 623.0 63.0 623.0 724.0 390.0 724.0 
2 4 1.94 1.94 321.0 311.0 321.0 623.0 63.0 623.0 724.0 390.0 724.0 708.0 238.0 708.0 
2 3 1.02 1.02 746.0 196.0 746.0 52.0 23.0 52.0 177.0 56.0 177.0 
2 4 1.15 1.15 746.0 196.0 746.0 52.0 23.0 52.0 177.0 56.0 177.0 203.0 28.0 203.0 
2 5 1.83 1.83 746.0 196.0 746.0 52.0 23.0 52.0 177.0 56.0 177.0 203.0 28.0 203.0 977.0 657.0 977.0 
2 3 0.82 0.82 236.0 7.0 236.0 931.0 644.0 931.0 123.0 13.0 123.0 
2 4 1.35 1.35 236.0 7.0 236.0 931.0 644.0 931.0 123.0 13.0 123.0 511.0 269.0 511.0 
2 3 0.79 0.79 877.0 349.0 877.0 883.0 147.0 883.0 171.0 40.0 171.0 
2 4 0.83 0.83 877.0 349.0 877.0 883.0 147.0 883.0 171.0 40.0 171.0 983.0 40.0 983.0 
2 5 0.96 0.96 877.0 349.0 877.0 883.0 147.0 883.0 171.0 40.0 171.0 983.0 40.0 983.0 533.0 66.0 533.0 
2 6 1.63 1.63 877.0 349.0 877.0 883.0 147.0 883.0 171.0 40.0 171.0 983.0 40.0 983.0 533.0 66.0 533.0 667.0 449.0 667.0 
2 3 0.99 0.99 691.0 139.0 691.0 424.0 144.0 424.0 329.0 149.0 329.0 
2 4 1.94 1.94 691.0 139.0 691.0 424.0 144.0 424.0 329.0 149.0 329.0 112.0 106.0 112.0 
2 3 1.53 1.53 708.0 405.0 708.0 704.0 241.0 704.0 652.0 403.0 652.0 
2 4 1.79 1.79 708.0 405.0 708.0 704.0 241.0 704.0 652.0 403.0 652.0 226.0 60.0 226.0 
2 3 1.51 1.51 865.0 526.0 865.0 790.0 219.0 790.0 796.0 502.0 796.0 
2 4 1.71 1.71 865.0 526.0 865.0 790.0 219.0 790.0 796.0 502.0 796.0 245.0 48.0 245.0 
2 5 1.73 1.73 865.0 526.0 865.0 790.0 219.0 790.0 796.0 502.0 796.0 245.0 48.0 245.0 453.0 12.0 453.0 
2 6 1.91 1.91 865.0 526.0 865.0 790.0 219.0 790.0 796.0 502.0 796.0 245.0 48.0 245.0 453.0 12.0 453.0 933.0 167.0 933.0 
2 3 0.66 0.66 835.0 200.0 835.0 62.0 16.0 62.0 106.0 18.0 106.0 
2 4 0.8 0.8 835.0 200.0 835.0 62.0 16.0 62.0 106.0 18.0 106.0 340.0 47.0 340.0 
2 5 1.26 1.26 835.0 200.0 835.0 62.0 16.0 62.0 106.0 18.0 106.0 340.0 47.0 340.0 694.0 322.0 694.0 
2 6 1.98 1.98 835.0 200.0 835.0 62.0 16.0 62.0 106.0 18.0 106.0 340.0 47.0 340.0 694.0 322.0 694.0 700.0 504.0 700.0 
2 3 0.78 0.78 69.0 11.0 69.0 810.0 204.0 810.0 848.0 313.0 848.0 
2 4 1.78 1.78 69.0 11.0 69.0 810.0 204.0 810.0 848.0 313.0 848.0 874.0 874.0 874.0 
2 3 0.76 0.76 911.0 78.0 911.0 829.0 216.0 829.0 836.0 351.0 836.0 
2 4 0.87 0.87 911.0 78.0 911.0 829.0 216.0 829.0 836.0 351.0 836.0 536.0 61.0 536.0 
2 5 1.24 1.24 911.0 78.0 911.0 829.0 216.0 829.0 836.0 351.0 836.0 536.0 61.0 536.0 822.0 298.0 822.0 
2 6 1.98 1.98 911.0 78.0 911.0 829.0 216.0 829.0 836.0 351.0 836.0 536.0 61.0 536.0 822.0 298.0 822.0 657.0 491.0 657.0 
2 3 1.47 1.47 857.0 552.0 857.0 188.0 68.0 188.0 663.0 313.0 663.0 
2 3 1.38 1.38 772.0 402.0 772.0 147.0 23.0 147.0 514.0 363.0 514.0 
2 4 1.51 1.51 772.0 402.0 772.0 147.0 23.0 147.0 514.0 363.0 514.0 658.0 87.0 658.0 
2 3 0.65 0.65 586.0 5.0 586.0 760.0 59.0 760.0 533.0 305.0 533.0 
2 4 0.68 0.68 586.0 5.0 586.0 760.0 59.0 760.0 533.0 305.0 533.0 526.0 13.0 526.0 
2 5 1.55 1.55 586.0 5.0 586.0 760.0 59.0 760.0 533.0 305.0 533.0 526.0 13.0 526.0 623.0 546.0 623.0 
2 3 1.47 1.47 633.0 399.0 633.0 750.0 200.0 750.0 419.0 241.0 419.0 
2 3 1.09 1.09 568.0 7.0 568.0 85.0 84.0 85.0 542.0 49.0 542.0 
2 4 1.25 1.25 568.0 7.0 568.0 85.0 84.0 85.0 542.0 49.0 542.0 533.0 86.0 533.0 
2 5 1.31 1.31 568.0 7.0 568.0 85.0 84.0 85.0 542.0 49.0 542.0 533.0 86.0 533.0 45.0 3.0 45.0 
2 6 1.94 1.94 568.0 7.0 568.0 85.0 84.0 85.0 542.0 49.0 542.0 533.0 86.0 533.0 45.0 3.0 45.0 624.0 389.0 624.0 
2 3 1.42 1.42 90.0 25.0 90.0 756.0 417.0 756.0 15.0 9.0 15.0 
2 3 1.03 1.03 578.0 243.0 578.0 586.0 183.0 586.0 129.0 39.0 129.0 
2 4 1.3 1.3 578.0 243.0 578.0 586.0 183.0 586.0 129.0 39.0 129.0 637.0 174.0 637.0 
2 5 1.65 1.65 578.0 243.0 578.0 586.0 183.0 586.0 129.0 39.0 129.0 637.0 174.0 637.0 49.0 17.0 49.0 
2 3 1.9 1.9 656.0 108.0 656.0 114.0 98.0 114.0 466.0 412.0 466.0 
2 3 1.59 1.59 713.0 532.0 713.0 182.0 148.0 182.0 74.0 3.0 74.0 
2 3 1.19 1.19 592.0 120.0 592.0 656.0 410.0 656.0 658.0 239.0 658.0 
2 4 1.4 1.4 592.0 120.0 592.0 656.0 410.0 656.0 658.0 239.0 658.0 308.0 66.0 308.0 
2 3 0.99 0.99 676.0 297.0 676.0 327.0 69.0 327.0 531.0 184.0 531.0 
2 4 1.48 1.48 676.0 297.0 676.0 327.0 69.0 327.0 531.0 184.0 531.0 185.0 91.0 185.0 
2 5 1.81 1.81 676.0 297.0 676.0 327.0 69.0 327.0 531.0 184.0 531.0 185.0 91.0 185.0 763.0 248.0 763.0 
2 3 1.64 1.64 10.0 2.0 10.0 800.0 548.0 800.0 846.0 639.0 846.0 
2 3 1.12 1.12 237.0 106.0 237.0 597.0 139.0 597.0 541.0 239.0 541.0 
2 4 1.57 1.57 237.0 106.0 237.0 597.0 139.0 597.0 541.0 239.0 541.0 600.0 273.0 600.0 
2 3 1.34 1.34 267.0 64.0 267.0 682.0 463.0 682.0 45.0 19.0 45.0 
2 3 0.67 0.67 170.0 84.0 170.0 903.0 63.0 903.0 398.0 45.0 398.0 
2 4 1.03 1.03 170.0 84.0 170.0 903.0 63.0 903.0 398.0 45.0 398.0 521.0 184.0 521.0 
2 5 1.08 1.08 170.0 84.0 170.0 903.0 63.0 903.0 398.0 45.0 398.0 521.0 184.0 521.0 485.0 27.0 485.0 
2 6 1.82 1.82 170.0 84.0 170.0 903.0 63.0 903.0 398.0 45.0 398.0 521.0 184.0 521.0 485.0 27.0 485.0 78.0 58.0 78.0 
2 3 1.38 1.38 205.0 145.0 205.0 827.0 92.0 827.0 436.0 248.0 436.0 
2 4 1.44 1.44 205.0 145.0 205.0 827.0 92.0 827.0 436.0 248.0 436.0 870.0 52.0 870.0 
2 5 1.62 1.62 205.0 145.0 205.0 827.0 92.0 827.0 436.0 248.0 436.0 870.0 52.0 870.0 113.0 20.0 113.0 
2 3 0.63 0.63 15.0 3.0 15.0 800.0 205.0 800.0 418.0 74.0 418.0 
2 4 0.91 0.91 15.0 3.0 15.0 800.0 205.0 800.0 418.0 74.0 418.0 785.0 222.0 785.0 
2 5 1.5 1.5 15.0 3.0 15.0 800.0 205.0 800.0 418.0 74.0 418.0 785.0 222.0 785.0 222.0 131.0 222.0 
2 6 1.55 1.55 15.0 3.0 15.0 800.0 205.0 800.0 418.0 74.0 418.0 785.0 222.0 785.0 222.0 131.0 222.0 180.0 9.0 180.0 
2 3 1.51 1.51 81.0 60.0 81.0 522.0 310.0 522.0 570.0 101.0 570.0 
2 3 1.41 1.41 964.0 79.0 964.0 793.0 562.0 793.0 804.0 499.0 804.0 
2 4 1.47 1.47 964.0 79.0 964.0 793.0 562.0 793.0 804.0 499.0 804.0 214.0 13.0 214.0 
2 5 1.84 1.84 964.0 79.0 964.0 793.0 562.0 793.0 804.0 499.0 804.0 214.0 13.0 214.0 404.0 150.0 404.0 
2 6 1.95 1.95 964.0 79.0 964.0 793.0 562.0 793.0 804.0 499.0 804.0 214.0 13.0 214.0 404.0 150.0 404.0 700.0 78.0 700.0 
2 3 1.51 1.51 713.0 343.0 713.0 19.0 18.0 19.0 651.0 58.0 651.0 
2 4 1.63 1.63 713.0 343.0 713.0 19.0 18.0 19.0 651.0 58.0 651.0 17.0 2.0 17.0 
2 3 1.21 1.21 760.0 131.0 760.0 470.0 67.0 470.0 859.0 771.0 859.0 
2 4 1.7 1.7 760.0 131.0 760.0 470.0 67.0 470.0 859.0 771.0 859.0 722.0 354.0 722.0 
2 5 1.75 1.75 760.0 131.0 760.0 470.0 67.0 470.0 859.0 771.0 859.0 722.0 354.0 722.0 837.0 41.0 837.0 
2 3 1.18 1.18 965.0 177.0 965.0 695.0 624.0 695.0 475.0 49.0 475.0 
2 3 1.46 1.46 839.0 348.0 839.0 76.0 35.0 76.0 572.0 338.0 572.0 
2 3 1.07 1.07 579.0 116.0 579.0 812.0 546.0 812.0 454.0 92.0 454.0 
2 4 1.73 1.73 579.0 116.0 579.0 812.0 546.0 812.0 454.0 92.0 454.0 357.0 237.0 357.0 
2 3 0.82 0.82 463.0 119.0 463.0 217.0 52.0 217.0 956.0 313.0 956.0 
2 4 1.19 1.19 463.0 119.0 463.0 217.0 52.0 217.0 956.0 313.0 956.0 787.0 293.0 787.0 
2 5 1.19 1.19 463.0 119.0 463.0 217.0 52.0 217.0 956.0 313.0 956.0 787.0 293.0 787.0 372.0 1.0 372.0 
2 6 1.63 1.63 463.0 119.0 463.0 217.0 52.0 217.0 956.0 313.0 956.0 787.0 293.0 787.0 372.0 1.0 372.0 718.0 313.0 718.0 
2 7 1.8 1.8 463.0 119.0 463.0 217.0 52.0 217.0 956.0 313.0 956.0 787.0 293.0 787.0 372.0 1.0 372.0 718.0 313.0 718.0 686.0 115.0 686.0 
2 3 0.81 0.81 814.0 260.0 814.0 219.0 8.0 219.0 103.0 47.0 103.0 
2 4 1.25 1.25 814.0 260.0 814.0 219.0 8.0 219.0 103.0 47.0 103.0 103.0 46.0 103.0 
2 5 1.89 1.89 814.0 260.0 814.0 219.0 8.0 219.0 103.0 47.0 103.0 103.0 46.0 103.0 88.0 56.0 88.0 
2 3 1.31 1.31 726.0 146.0 726.0 706.0 604.0 706.0 280.0 71.0 280.0 
2 3 0.6 0.6 54.0 3.0 54.0 553.0 161.0 553.0 653.0 171.0 653.0 
2 4 0.81 0.81 54.0 3.0 54.0 553.0 161.0 553.0 653.0 171.0 653.0 785.0 164.0 785.0 
2 5 1.16 1.16 54.0 3.0 54.0 553.0 161.0 553.0 653.0 171.0 653.0 785.0 164.0 785.0 574.0 201.0 574.0 
2 6 1.4 1.4 54.0 3.0 54.0 553.0 161.0 553.0 653.0 171.0 653.0 785.0 164.0 785.0 574.0 201.0 574.0 337.0 81.0 337.0 
2 7 1.8 1.8 54.0 3.0 54.0 553.0 161.0 553.0 653.0 171.0 653.0 785.0 164.0 785.0 574.0 201.0 574.0 337.0 81.0 337.0 10.0 4.0 10.0 
2 8 1.81 1.81 54.0 3.0 54.0 553.0 161.0 553.0 653.0 171.0 653.0 785.0 164.0 785.0 574.0 201.0 574.0 337.0 81.0 337.0 10.0 4.0 10.0 965.0 9.0 965.0 
2 3 1.42 1.42 635.0 241.0 635.0 507.0 317.0 507.0 260.0 110.0 260.0 
2 4 1.52 1.52 635.0 241.0 635.0 507.0 317.0 507.0 260.0 110.0 260.0 844.0 83.0 844.0 
2 5 1.83 1.83 635.0 241.0 635.0 507.0 317.0 507.0 260.0 110.0 260.0 844.0 83.0 844.0 158.0 49.0 158.0 
2 3 0.69 0.69 165.0 15.0 165.0 785.0 383.0 785.0 593.0 69.0 593.0 
2 4 0.89 0.89 165.0 15.0 165.0 785.0 383.0 785.0 593.0 69.0 593.0 266.0 53.0 266.0 
2 5 1.41 1.41 165.0 15.0 165.0 785.0 383.0 785.0 593.0 69.0 593.0 266.0 53.0 266.0 802.0 416.0 802.0 
2 6 1.51 1.51 165.0 15.0 165.0 785.0 383.0 785.0 593.0 69.0 593.0 266.0 53.0 266.0 802.0 416.0 802.0 316.0 32.0 316.0 
2 7 1.73 1.73 165.0 15.0 165.0 785.0 383.0 785.0 593.0 69.0 593.0 266.0 53.0 266.0 802.0 416.0 802.0 316.0 32.0 316.0 274.0 60.0 274.0 
2 3 0.23 0.23 974.0 25.0 974.0 482.0 72.0 482.0 680.0 38.0 680.0 
2 4 0.54 0.54 974.0 25.0 974.0 482.0 72.0 482.0 680.0 38.0 680.0 330.0 102.0 330.0 
2 5 0.67 0.67 974.0 25.0 974.0 482.0 72.0 482.0 680.0 38.0 680.0 330.0 102.0 330.0 852.0 115.0 852.0 
2 6 1.55 1.55 974.0 25.0 974.0 482.0 72.0 482.0 680.0 38.0 680.0 330.0 102.0 330.0 852.0 115.0 852.0 938.0 825.0 938.0 
2 3 1.02 1.02 858.0 579.0 858.0 894.0 23.0 894.0 266.0 87.0 266.0 
2 4 1.59 1.59 858.0 579.0 858.0 894.0 23.0 894.0 266.0 87.0 266.0 552.0 313.0 552.0 
2 5 1.8 1.8 858.0 579.0 858.0 894.0 23.0 894.0 266.0 87.0 266.0 552.0 313.0 552.0 988.0 204.0 988.0 
2 3 1.58 1.58 750.0 655.0 750.0 411.0 275.0 411.0 537.0 22.0 537.0 
2 4 1.66 1.66 750.0 655.0 750.0 411.0 275.0 411.0 537.0 22.0 537.0 814.0 65.0 814.0 
2 5 1.89 1.89 750.0 655.0 750.0 411.0 275.0 411.0 537.0 22.0 537.0 814.0 65.0 814.0 775.0 179.0 775.0 
2 6 1.95 1.95 750.0 655.0 750.0 411.0 275.0 411.0 537.0 22.0 537.0 814.0 65.0 814.0 775.0 179.0 775.0 431.0 26.0 431.0 
2 3 1.27 1.27 727.0 225.0 727.0 71.0 35.0 71.0 941.0 445.0 941.0 
2 4 1.38 1.38 727.0 225.0 727.0 71.0 35.0 71.0 941.0 445.0 941.0 135.0 15.0 135.0 
2 3 0.5 0.5 450.0 44.0 450.0 167.0 55.0 167.0 809.0 66.0 809.0 
2 4 0.75 0.75 450.0 44.0 450.0 167.0 55.0 167.0 809.0 66.0 809.0 4.0 1.0 4.0 
2 5 0.82 0.82 450.0 44.0 450.0 167.0 55.0 167.0 809.0 66.0 809.0 4.0 1.0 4.0 720.0 47.0 720.0 
2 6 0.91 0.91 450.0 44.0 450.0 167.0 55.0 167.0 809.0 66.0 809.0 4.0 1.0 4.0 720.0 47.0 720.0 527.0 47.0 527.0 
2 7 1.16 1.16 450.0 44.0 450.0 167.0 55.0 167.0 809.0 66.0 809.0 4.0 1.0 4.0 720.0 47.0 720.0 527.0 47.0 527.0 8.0 2.0 8.0 
2 8 1.32 1.32 450.0 44.0 450.0 167.0 55.0 167.0 809.0 66.0 809.0 4.0 1.0 4.0 720.0 47.0 720.0 527.0 47.0 527.0 8.0 2.0 8.0 730.0 116.0 730.0 
2 9 1.74 1.74 450.0 44.0 450.0 167.0 55.0 167.0 809.0 66.0 809.0 4.0 1.0 4.0 720.0 47.0 720.0 527.0 47.0 527.0 8.0 2.0 8.0 730.0 116.0 730.0 722.0 302.0 722.0 
2 10 1.9 1.9 450.0 44.0 450.0 167.0 55.0 167.0 809.0 66.0 809.0 4.0 1.0 4.0 720.0 47.0 720.0 527.0 47.0 527.0 8.0 2.0 8.0 730.0 116.0 730.0 722.0 302.0 722.0 951.0 158.0 951.0 
2 3 0.9 0.9 432.0 104.0 432.0 966.0 181.0 966.0 392.0 187.0 392.0 
2 4 1.51 1.51 432.0 104.0 432.0 966.0 181.0 966.0 392.0 187.0 392.0 239.0 145.0 239.0 
2 3 1.64 1.64 717.0 148.0 717.0 65.0 34.0 65.0 974.0 892.0 974.0 
2 4 1.95 1.95 717.0 148.0 717.0 65.0 34.0 65.0 974.0 892.0 974.0 472.0 147.0 472.0 
2 3 0.92 0.92 917.0 797.0 917.0 496.0 5.0 496.0 638.0 27.0 638.0 
2 4 1.04 1.04 917.0 797.0 917.0 496.0 5.0 496.0 638.0 27.0 638.0 598.0 75.0 598.0 
2 5 1.07 1.07 917.0 797.0 917.0 496.0 5.0 496.0 638.0 27.0 638.0 598.0 75.0 598.0 352.0 11.0 352.0 
2 6 1.24 1.24 917.0 797.0 917.0 496.0 5.0 496.0 638.0 27.0 638.0 598.0 75.0 598.0 352.0 11.0 352.0 954.0 156.0 954.0 
2 7 1.64 1.64 917.0 797.0 917.0 496.0 5.0 496.0 638.0 27.0 638.0 598.0 75.0 598.0 352.0 11.0 352.0 954.0 156.0 954.0 841.0 338.0 841.0 
2 8 1.97 1.97 917.0 797.0 917.0 496.0 5.0 496.0 638.0 27.0 638.0 598.0 75.0 598.0 352.0 11.0 352.0 954.0 156.0 954.0 841.0 338.0 841.0 620.0 205.0 620.0 
2 3 0.99 0.99 447.0 172.0 447.0 636.0 379.0 636.0 504.0 5.0 504.0 
2 4 1.25 1.25 447.0 172.0 447.0 636.0 379.0 636.0 504.0 5.0 504.0 725.0 195.0 725.0 
2 3 0.94 0.94 281.0 33.0 281.0 652.0 393.0 652.0 234.0 52.0 234.0 
2 4 0.98 0.98 281.0 33.0 281.0 652.0 393.0 652.0 234.0 52.0 234.0 711.0 29.0 711.0 
2 5 1.84 1.84 281.0 33.0 281.0 652.0 393.0 652.0 234.0 52.0 234.0 711.0 29.0 711.0 923.0 799.0 923.0 
2 6 1.97 1.97 281.0 33.0 281.0 652.0 393.0 652.0 234.0 52.0 234.0 711.0 29.0 711.0 923.0 799.0 923.0 336.0 43.0 336.0 
2 3 0.45 0.45 853.0 126.0 853.0 397.0 89.0 397.0 12.0 1.0 12.0 
2 4 0.66 0.66 853.0 126.0 853.0 397.0 89.0 397.0 12.0 1.0 12.0 34.0 7.0 34.0 
2 5 0.68 0.68 853.0 126.0 853.0 397.0 89.0 397.0 12.0 1.0 12.0 34.0 7.0 34.0 950.0 25.0 950.0 
2 6 0.73 0.73 853.0 126.0 853.0 397.0 89.0 397.0 12.0 1.0 12.0 34.0 7.0 34.0 950.0 25.0 950.0 366.0 16.0 366.0 
2 7 0.8 0.8 853.0 126.0 853.0 397.0 89.0 397.0 12.0 1.0 12.0 34.0 7.0 34.0 950.0 25.0 950.0 366.0 16.0 366.0 717.0 50.0 717.0 
2 8 0.88 0.88 853.0 126.0 853.0 397.0 89.0 397.0 12.0 1.0 12.0 34.0 7.0 34.0 950.0 25.0 950.0 366.0 16.0 366.0 717.0 50.0 717.0 541.0 43.0 541.0 
2 9 1.41 1.41 853.0 126.0 853.0 397.0 89.0 397.0 12.0 1.0 12.0 34.0 7.0 34.0 950.0 25.0 950.0 366.0 16.0 366.0 717.0 50.0 717.0 541.0 43.0 541.0 111.0 59.0 111.0 
2 10 1.76 1.76 853.0 126.0 853.0 397.0 89.0 397.0 12.0 1.0 12.0 34.0 7.0 34.0 950.0 25.0 950.0 366.0 16.0 366.0 717.0 50.0 717.0 541.0 43.0 541.0 111.0 59.0 111.0 981.0 342.0 981.0 
2 11 1.89 1.89 853.0 126.0 853.0 397.0 89.0 397.0 12.0 1.0 12.0 34.0 7.0 34.0 950.0 25.0 950.0 366.0 16.0 366.0 717.0 50.0 717.0 541.0 43.0 541.0 111.0 59.0 111.0 981.0 342.0 981.0 599.0 82.0 599.0 
2 3 1.41 1.41 843.0 309.0 843.0 345.0 259.0 345.0 421.0 125.0 421.0 
2 4 1.56 1.56 843.0 309.0 843.0 345.0 259.0 345.0 421.0 125.0 421.0 312.0 47.0 312.0 
2 5 1.91 1.91 843.0 309.0 843.0 345.0 259.0 345.0 421.0 125.0 421.0 312.0 47.0 312.0 864.0 304.0 864.0 
2 3 0.74 0.74 223.0 19.0 223.0 91.0 47.0 91.0 550.0 79.0 550.0 
2 4 1.18 1.18 223.0 19.0 223.0 91.0 47.0 91.0 550.0 79.0 550.0 582.0 254.0 582.0 
2 5 1.93 1.93 223.0 19.0 223.0 91.0 47.0 91.0 550.0 79.0 550.0 582.0 254.0 582.0 62.0 47.0 62.0 
2 3 1.08 1.08 107.0 33.0 107.0 626.0 76.0 626.0 929.0 613.0 929.0 
2 4 1.22 1.22 107.0 33.0 107.0 626.0 76.0 626.0 929.0 613.0 929.0 46.0 6.0 46.0 
2 5 1.99 1.99 107.0 33.0 107.0 626.0 76.0 626.0 929.0 613.0 929.0 46.0 6.0 46.0 253.0 197.0 253.0 
2 3 1.4 1.4 670.0 505.0 670.0 705.0 70.0 705.0 257.0 143.0 257.0 
2 3 1.62 1.62 6.0 5.0 6.0 636.0 322.0 636.0 796.0 229.0 796.0 
2 4 1.76 1.76 6.0 5.0 6.0 636.0 322.0 636.0 796.0 229.0 796.0 796.0 110.0 796.0 
2 3 0.9 0.9 695.0 197.0 695.0 772.0 238.0 772.0 41.0 13.0 41.0 
2 4 1.0 1.0 695.0 197.0 695.0 772.0 238.0 772.0 41.0 13.0 41.0 549.0 53.0 549.0 
2 5 1.48 1.48 695.0 197.0 695.0 772.0 238.0 772.0 41.0 13.0 41.0 549.0 53.0 549.0 970.0 463.0 970.0 
2 6 1.52 1.52 695.0 197.0 695.0 772.0 238.0 772.0 41.0 13.0 41.0 549.0 53.0 549.0 970.0 463.0 970.0 675.0 28.0 675.0 
2 3 1.46 1.46 984.0 485.0 984.0 508.0 238.0 508.0 860.0 429.0 860.0 
2 4 1.81 1.81 984.0 485.0 984.0 508.0 238.0 508.0 860.0 429.0 860.0 391.0 139.0 391.0 
2 3 0.22 0.22 855.0 122.0 855.0 778.0 17.0 778.0 324.0 20.0 324.0 
2 4 0.98 0.98 855.0 122.0 855.0 778.0 17.0 778.0 324.0 20.0 324.0 657.0 500.0 657.0 
2 5 1.54 1.54 855.0 122.0 855.0 778.0 17.0 778.0 324.0 20.0 324.0 657.0 500.0 657.0 425.0 237.0 425.0 
2 6 1.55 1.55 855.0 122.0 855.0 778.0 17.0 778.0 324.0 20.0 324.0 657.0 500.0 657.0 425.0 237.0 425.0 342.0 3.0 342.0 
2 7 1.63 1.63 855.0 122.0 855.0 778.0 17.0 778.0 324.0 20.0 324.0 657.0 500.0 657.0 425.0 237.0 425.0 342.0 3.0 342.0 727.0 60.0 727.0 
2 3 1.84 1.84 565.0 372.0 565.0 535.0 495.0 535.0 860.0 223.0 860.0 
2 4 1.85 1.85 565.0 372.0 565.0 535.0 495.0 535.0 860.0 223.0 860.0 480.0 6.0 480.0 
2 3 0.99 0.99 102.0 38.0 102.0 887.0 67.0 887.0 756.0 410.0 756.0 
2 4 1.56 1.56 102.0 38.0 102.0 887.0 67.0 887.0 756.0 410.0 756.0 660.0 378.0 660.0 
2 3 1.45 1.45 89.0 10.0 89.0 820.0 608.0 820.0 742.0 444.0 742.0 
2 4 1.94 1.94 89.0 10.0 89.0 820.0 608.0 820.0 742.0 444.0 742.0 958.0 470.0 958.0 
2 3 1.16 1.16 660.0 335.0 660.0 199.0 112.0 199.0 85.0 8.0 85.0 
2 4 1.48 1.48 660.0 335.0 660.0 199.0 112.0 199.0 85.0 8.0 85.0 403.0 128.0 403.0 
2 3 1.03 1.03 601.0 132.0 601.0 679.0 498.0 679.0 346.0 28.0 346.0 
2 4 1.53 1.53 601.0 132.0 601.0 679.0 498.0 679.0 346.0 28.0 346.0 389.0 195.0 389.0 
2 5 1.64 1.64 601.0 132.0 601.0 679.0 498.0 679.0 346.0 28.0 346.0 389.0 195.0 389.0 120.0 13.0 120.0 
2 6 1.73 1.73 601.0 132.0 601.0 679.0 498.0 679.0 346.0 28.0 346.0 389.0 195.0 389.0 120.0 13.0 120.0 483.0 45.0 483.0 
2 3 1.42 1.42 695.0 632.0 695.0 323.0 68.0 323.0 414.0 127.0 414.0 
2 4 1.96 1.96 695.0 632.0 695.0 323.0 68.0 323.0 414.0 127.0 414.0 74.0 40.0 74.0 
2 3 1.26 1.26 799.0 438.0 799.0 450.0 309.0 450.0 36.0 1.0 36.0 
2 4 1.87 1.87 799.0 438.0 799.0 450.0 309.0 450.0 36.0 1.0 36.0 26.0 16.0 26.0 
2 3 1.44 1.44 915.0 291.0 915.0 145.0 134.0 145.0 740.0 147.0 740.0 
2 3 1.41 1.41 470.0 221.0 470.0 823.0 44.0 823.0 905.0 809.0 905.0 
2 4 1.59 1.59 470.0 221.0 470.0 823.0 44.0 823.0 905.0 809.0 905.0 135.0 24.0 135.0 
2 5 1.97 1.97 470.0 221.0 470.0 823.0 44.0 823.0 905.0 809.0 905.0 135.0 24.0 135.0 675.0 256.0 675.0 
2 3 0.87 0.87 850.0 90.0 850.0 545.0 25.0 545.0 238.0 171.0 238.0 
2 4 1.78 1.78 850.0 90.0 850.0 545.0 25.0 545.0 238.0 171.0 238.0 60.0 55.0 60.0 
2 3 1.67 1.67 292.0 74.0 292.0 391.0 249.0 391.0 124.0 97.0 124.0 
2 4 1.88 1.88 292.0 74.0 292.0 391.0 249.0 391.0 124.0 97.0 124.0 925.0 196.0 925.0 
2 3 1.0 1.0 374.0 163.0 374.0 556.0 18.0 556.0 758.0 406.0 758.0 
2 4 1.53 1.53 374.0 163.0 374.0 556.0 18.0 556.0 758.0 406.0 758.0 413.0 218.0 413.0 
2 5 1.54 1.54 374.0 163.0 374.0 556.0 18.0 556.0 758.0 406.0 758.0 413.0 218.0 413.0 447.0 4.0 447.0 
2 6 1.8 1.8 374.0 163.0 374.0 556.0 18.0 556.0 758.0 406.0 758.0 413.0 218.0 413.0 447.0 4.0 447.0 871.0 231.0 871.0 
2 3 1.2 1.2 680.0 14.0 680.0 993.0 980.0 993.0 719.0 141.0 719.0 
2 4 1.49 1.49 680.0 14.0 680.0 993.0 980.0 993.0 719.0 141.0 719.0 742.0 219.0 742.0 
2 5 1.87 1.87 680.0 14.0 680.0 993.0 980.0 993.0 719.0 141.0 719.0 742.0 219.0 742.0 633.0 239.0 633.0 
2 3 1.57 1.57 373.0 353.0 373.0 364.0 199.0 364.0 653.0 55.0 653.0 
2 4 1.72 1.72 373.0 353.0 373.0 364.0 199.0 364.0 653.0 55.0 653.0 890.0 130.0 890.0 
2 3 1.23 1.23 842.0 401.0 842.0 254.0 142.0 254.0 554.0 108.0 554.0 
2 4 1.77 1.77 842.0 401.0 842.0 254.0 142.0 254.0 554.0 108.0 554.0 435.0 236.0 435.0 
2 3 1.18 1.18 309.0 6.0 309.0 321.0 288.0 321.0 787.0 212.0 787.0 
2 4 1.89 1.89 309.0 6.0 309.0 321.0 288.0 321.0 787.0 212.0 787.0 165.0 117.0 165.0 
2 3 0.98 0.98 516.0 405.0 516.0 137.0 20.0 137.0 35.0 2.0 35.0 
2 4 1.32 1.32 516.0 405.0 516.0 137.0 20.0 137.0 35.0 2.0 35.0 882.0 297.0 882.0 
2 5 1.66 1.66 516.0 405.0 516.0 137.0 20.0 137.0 35.0 2.0 35.0 882.0 297.0 882.0 169.0 57.0 169.0 
2 3 0.71 0.71 163.0 10.0 163.0 738.0 256.0 738.0 589.0 183.0 589.0 
2 4 0.77 0.77 163.0 10.0 163.0 738.0 256.0 738.0 589.0 183.0 589.0 366.0 20.0 366.0 
2 5 1.05 1.05 163.0 10.0 163.0 738.0 256.0 738.0 589.0 183.0 589.0 366.0 20.0 366.0 160.0 45.0 160.0 
2 6 1.85 1.85 163.0 10.0 163.0 738.0 256.0 738.0 589.0 183.0 589.0 366.0 20.0 366.0 160.0 45.0 160.0 658.0 525.0 658.0 
2 3 1.19 1.19 156.0 11.0 156.0 541.0 461.0 541.0 196.0 54.0 196.0 
2 4 1.5 1.5 156.0 11.0 156.0 541.0 461.0 541.0 196.0 54.0 196.0 986.0 305.0 986.0 
2 3 1.17 1.17 33.0 4.0 33.0 220.0 19.0 220.0 954.0 924.0 954.0 
2 4 1.19 1.19 33.0 4.0 33.0 220.0 19.0 220.0 954.0 924.0 954.0 42.0 1.0 42.0 
2 5 1.44 1.44 33.0 4.0 33.0 220.0 19.0 220.0 954.0 924.0 954.0 42.0 1.0 42.0 774.0 189.0 774.0 
2 6 1.88 1.88 33.0 4.0 33.0 220.0 19.0 220.0 954.0 924.0 954.0 42.0 1.0 42.0 774.0 189.0 774.0 959.0 422.0 959.0 
2 3 1.04 1.04 704.0 409.0 704.0 564.0 117.0 564.0 672.0 170.0 672.0 
2 4 1.78 1.78 704.0 409.0 704.0 564.0 117.0 564.0 672.0 170.0 672.0 787.0 588.0 787.0 
2 5 1.95 1.95 704.0 409.0 704.0 564.0 117.0 564.0 672.0 170.0 672.0 787.0 588.0 787.0 409.0 70.0 409.0 
2 3 1.39 1.39 208.0 143.0 208.0 101.0 24.0 101.0 392.0 186.0 392.0 
2 3 1.37 1.37 443.0 299.0 443.0 323.0 122.0 323.0 258.0 84.0 258.0 
2 4 1.93 1.93 443.0 299.0 443.0 323.0 122.0 323.0 258.0 84.0 258.0 741.0 415.0 741.0 
2 3 1.02 1.02 28.0 3.0 28.0 961.0 574.0 961.0 554.0 176.0 554.0 
2 4 1.73 1.73 28.0 3.0 28.0 961.0 574.0 961.0 554.0 176.0 554.0 924.0 662.0 924.0 
2 3 1.1 1.1 651.0 155.0 651.0 686.0 515.0 686.0 872.0 97.0 872.0 
2 4 1.22 1.22 651.0 155.0 651.0 686.0 515.0 686.0 872.0 97.0 872.0 644.0 79.0 644.0 
2 5 1.27 1.27 651.0 155.0 651.0 686.0 515.0 686.0 872.0 97.0 872.0 644.0 79.0 644.0 777.0 41.0 777.0 
2 6 1.53 1.53 651.0 155.0 651.0 686.0 515.0 686.0 872.0 97.0 872.0 644.0 79.0 644.0 777.0 41.0 777.0 800.0 210.0 800.0 
2 7 1.7 1.7 651.0 155.0 651.0 686.0 515.0 686.0 872.0 97.0 872.0 644.0 79.0 644.0 777.0 41.0 777.0 800.0 210.0 800.0 584.0 98.0 584.0 
2 8 1.77 1.77 651.0 155.0 651.0 686.0 515.0 686.0 872.0 97.0 872.0 644.0 79.0 644.0 777.0 41.0 777.0 800.0 210.0 800.0 584.0 98.0 584.0 430.0 30.0 430.0 
2 3 1.09 1.09 397.0 393.0 397.0 387.0 27.0 387.0 210.0 7.0 210.0 
2 4 1.28 1.28 397.0 393.0 397.0 387.0 27.0 387.0 210.0 7.0 210.0 645.0 125.0 645.0 
2 5 1.78 1.78 397.0 393.0 397.0 387.0 27.0 387.0 210.0 7.0 210.0 645.0 125.0 645.0 335.0 168.0 335.0 
2 6 1.81 1.81 397.0 393.0 397.0 387.0 27.0 387.0 210.0 7.0 210.0 645.0 125.0 645.0 335.0 168.0 335.0 519.0 14.0 519.0 
2 7 1.85 1.85 397.0 393.0 397.0 387.0 27.0 387.0 210.0 7.0 210.0 645.0 125.0 645.0 335.0 168.0 335.0 519.0 14.0 519.0 229.0 9.0 229.0 
2 3 0.52 0.52 269.0 66.0 269.0 743.0 147.0 743.0 396.0 31.0 396.0 
2 4 0.98 0.98 269.0 66.0 269.0 743.0 147.0 743.0 396.0 31.0 396.0 864.0 397.0 864.0 
2 5 1.42 1.42 269.0 66.0 269.0 743.0 147.0 743.0 396.0 31.0 396.0 864.0 397.0 864.0 74.0 33.0 74.0 
2 6 1.8 1.8 269.0 66.0 269.0 743.0 147.0 743.0 396.0 31.0 396.0 864.0 397.0 864.0 74.0 33.0 74.0 289.0 110.0 289.0 
2 7 1.8 1.8 269.0 66.0 269.0 743.0 147.0 743.0 396.0 31.0 396.0 864.0 397.0 864.0 74.0 33.0 74.0 289.0 110.0 289.0 673.0 1.0 673.0 
2 3 0.79 0.79 660.0 144.0 660.0 330.0 132.0 330.0 219.0 38.0 219.0 
2 4 1.02 1.02 660.0 144.0 660.0 330.0 132.0 330.0 219.0 38.0 219.0 615.0 144.0 615.0 
2 5 1.28 1.28 660.0 144.0 660.0 330.0 132.0 330.0 219.0 38.0 219.0 615.0 144.0 615.0 215.0 55.0 215.0 
2 6 1.96 1.96 660.0 144.0 660.0 330.0 132.0 330.0 219.0 38.0 219.0 615.0 144.0 615.0 215.0 55.0 215.0 908.0 625.0 908.0 
2 3 1.46 1.46 871.0 681.0 871.0 606.0 28.0 606.0 803.0 512.0 803.0 
2 3 1.09 1.09 221.0 38.0 221.0 822.0 4.0 822.0 203.0 186.0 203.0 
2 4 1.29 1.29 221.0 38.0 221.0 822.0 4.0 822.0 203.0 186.0 203.0 692.0 138.0 692.0 
2 5 1.4 1.4 221.0 38.0 221.0 822.0 4.0 822.0 203.0 186.0 203.0 692.0 138.0 692.0 824.0 93.0 824.0 
2 6 1.59 1.59 221.0 38.0 221.0 822.0 4.0 822.0 203.0 186.0 203.0 692.0 138.0 692.0 824.0 93.0 824.0 915.0 175.0 915.0 
2 7 1.71 1.71 221.0 38.0 221.0 822.0 4.0 822.0 203.0 186.0 203.0 692.0 138.0 692.0 824.0 93.0 824.0 915.0 175.0 915.0 760.0 89.0 760.0 
2 8 1.81 1.81 221.0 38.0 221.0 822.0 4.0 822.0 203.0 186.0 203.0 692.0 138.0 692.0 824.0 93.0 824.0 915.0 175.0 915.0 760.0 89.0 760.0 965.0 99.0 965.0 
2 3 1.84 1.84 376.0 268.0 376.0 381.0 326.0 381.0 411.0 113.0 411.0 
2 3 1.26 1.26 602.0 93.0 602.0 462.0 78.0 462.0 423.0 400.0 423.0 
2 3 1.23 1.23 827.0 425.0 827.0 620.0 121.0 620.0 89.0 47.0 89.0 
2 4 1.79 1.79 827.0 425.0 827.0 620.0 121.0 620.0 89.0 47.0 89.0 572.0 321.0 572.0 
2 3 1.32 1.32 371.0 287.0 371.0 8.0 1.0 8.0 972.0 413.0 972.0 
2 3 0.94 0.94 843.0 93.0 843.0 335.0 224.0 335.0 543.0 91.0 543.0 
2 4 1.49 1.49 843.0 93.0 843.0 335.0 224.0 335.0 543.0 91.0 543.0 784.0 428.0 784.0 
2 5 1.62 1.62 843.0 93.0 843.0 335.0 224.0 335.0 543.0 91.0 543.0 784.0 428.0 784.0 179.0 23.0 179.0 
2 6 1.96 1.96 843.0 93.0 843.0 335.0 224.0 335.0 543.0 91.0 543.0 784.0 428.0 784.0 179.0 23.0 179.0 981.0 340.0 981.0 
2 3 0.54 0.54 609.0 223.0 609.0 332.0 1.0 332.0 588.0 102.0 588.0 
2 4 0.66 0.66 609.0 223.0 609.0 332.0 1.0 332.0 588.0 102.0 588.0 532.0 65.0 532.0 
2 5 0.8 0.8 609.0 223.0 609.0 332.0 1.0 332.0 588.0 102.0 588.0 532.0 65.0 532.0 834.0 120.0 834.0 
2 6 1.29 1.29 609.0 223.0 609.0 332.0 1.0 332.0 588.0 102.0 588.0 532.0 65.0 532.0 834.0 120.0 834.0 108.0 53.0 108.0 
2 7 1.6 1.6 609.0 223.0 609.0 332.0 1.0 332.0 588.0 102.0 588.0 532.0 65.0 532.0 834.0 120.0 834.0 108.0 53.0 108.0 485.0 147.0 485.0 
2 3 1.43 1.43 647.0 190.0 647.0 576.0 383.0 576.0 73.0 35.0 73.0 
2 4 1.61 1.61 647.0 190.0 647.0 576.0 383.0 576.0 73.0 35.0 73.0 297.0 52.0 297.0 
2 3 1.1 1.1 612.0 359.0 612.0 326.0 63.0 326.0 179.0 59.0 179.0 
2 4 1.38 1.38 612.0 359.0 612.0 326.0 63.0 326.0 179.0 59.0 179.0 962.0 268.0 962.0 
2 3 1.37 1.37 38.0 17.0 38.0 278.0 8.0 278.0 781.0 702.0 781.0 
2 4 1.8 1.8 38.0 17.0 38.0 278.0 8.0 278.0 781.0 702.0 781.0 14.0 6.0 14.0 
2 5 1.95 1.95 38.0 17.0 38.0 278.0 8.0 278.0 781.0 702.0 781.0 14.0 6.0 14.0 552.0 83.0 552.0 
2 3 0.72 0.72 474.0 211.0 474.0 235.0 42.0 235.0 619.0 64.0 619.0 
2 4 1.36 1.36 474.0 211.0 474.0 235.0 42.0 235.0 619.0 64.0 619.0 570.0 361.0 570.0 
2 3 0.86 0.86 409.0 29.0 409.0 493.0 195.0 493.0 764.0 307.0 764.0 
2 4 1.05 1.05 409.0 29.0 409.0 493.0 195.0 493.0 764.0 307.0 764.0 587.0 112.0 587.0 
2 5 1.26 1.26 409.0 29.0 409.0 493.0 195.0 493.0 764.0 307.0 764.0 587.0 112.0 587.0 285.0 58.0 285.0 
2 6 1.62 1.62 409.0 29.0 409.0 493.0 195.0 493.0 764.0 307.0 764.0 587.0 112.0 587.0 285.0 58.0 285.0 826.0 301.0 826.0 
2 7 1.82 1.82 409.0 29.0 409.0 493.0 195.0 493.0 764.0 307.0 764.0 587.0 112.0 587.0 285.0 58.0 285.0 826.0 301.0 826.0 863.0 168.0 863.0 
2 8 1.91 1.91 409.0 29.0 409.0 493.0 195.0 493.0 764.0 307.0 764.0 587.0 112.0 587.0 285.0 58.0 285.0 826.0 301.0 826.0 863.0 168.0 863.0 112.0 11.0 112.0 
2 3 1.27 1.27 14.0 3.0 14.0 639.0 260.0 639.0 863.0 561.0 863.0 
2 3 1.87 1.87 814.0 504.0 814.0 692.0 592.0 692.0 594.0 236.0 594.0 
2 3 1.94 1.94 58.0 34.0 58.0 593.0 390.0 593.0 464.0 327.0 464.0 
2 3 1.33 1.33 326.0 110.0 326.0 369.0 83.0 369.0 210.0 163.0 210.0 
2 3 0.75 0.75 535.0 228.0 535.0 612.0 196.0 612.0 814.0 11.0 814.0 
2 4 1.2 1.2 535.0 228.0 535.0 612.0 196.0 612.0 814.0 11.0 814.0 69.0 31.0 69.0 
2 5 1.33 1.33 535.0 228.0 535.0 612.0 196.0 612.0 814.0 11.0 814.0 69.0 31.0 69.0 474.0 60.0 474.0 
2 6 1.45 1.45 535.0 228.0 535.0 612.0 196.0 612.0 814.0 11.0 814.0 69.0 31.0 69.0 474.0 60.0 474.0 17.0 2.0 17.0 
2 7 1.5 1.5 535.0 228.0 535.0 612.0 196.0 612.0 814.0 11.0 814.0 69.0 31.0 69.0 474.0 60.0 474.0 17.0 2.0 17.0 608.0 34.0 608.0 
2 3 0.93 0.93 229.0 159.0 229.0 311.0 67.0 311.0 245.0 7.0 245.0 
2 4 1.87 1.87 229.0 159.0 229.0 311.0 67.0 311.0 245.0 7.0 245.0 704.0 660.0 704.0 
2 3 1.67 1.67 53.0 42.0 53.0 728.0 195.0 728.0 402.0 248.0 402.0 
2 4 1.71 1.71 53.0 42.0 53.0 728.0 195.0 728.0 402.0 248.0 402.0 671.0 25.0 671.0 
2 3 0.74 0.74 367.0 215.0 367.0 720.0 19.0 720.0 989.0 131.0 989.0 
2 4 1.34 1.34 367.0 215.0 367.0 720.0 19.0 720.0 989.0 131.0 989.0 754.0 451.0 754.0 
2 5 1.37 1.37 367.0 215.0 367.0 720.0 19.0 720.0 989.0 131.0 989.0 754.0 451.0 754.0 397.0 12.0 397.0 
2 6 1.68 1.68 367.0 215.0 367.0 720.0 19.0 720.0 989.0 131.0 989.0 754.0 451.0 754.0 397.0 12.0 397.0 633.0 200.0 633.0 
2 3 1.56 1.56 546.0 283.0 546.0 710.0 637.0 710.0 817.0 119.0 817.0 
2 4 1.84 1.84 546.0 283.0 546.0 710.0 637.0 710.0 817.0 119.0 817.0 250.0 70.0 250.0 
2 5 1.92 1.92 546.0 283.0 546.0 710.0 637.0 710.0 817.0 119.0 817.0 250.0 70.0 250.0 949.0 82.0 949.0 
2 3 0.64 0.64 841.0 98.0 841.0 710.0 10.0 710.0 580.0 301.0 580.0 
2 4 1.14 1.14 841.0 98.0 841.0 710.0 10.0 710.0 580.0 301.0 580.0 737.0 363.0 737.0 
2 5 1.47 1.47 841.0 98.0 841.0 710.0 10.0 710.0 580.0 301.0 580.0 737.0 363.0 737.0 381.0 126.0 381.0 
2 3 1.66 1.66 117.0 72.0 117.0 301.0 115.0 301.0 596.0 398.0 596.0 
2 4 1.81 1.81 117.0 72.0 117.0 301.0 115.0 301.0 596.0 398.0 596.0 384.0 56.0 384.0 
2 5 1.94 1.94 117.0 72.0 117.0 301.0 115.0 301.0 596.0 398.0 596.0 384.0 56.0 384.0 978.0 128.0 978.0 
2 3 0.63 0.63 36.0 1.0 36.0 929.0 268.0 929.0 200.0 64.0 200.0 
2 4 1.06 1.06 36.0 1.0 36.0 929.0 268.0 929.0 200.0 64.0 200.0 869.0 374.0 869.0 
2 5 1.6 1.6 36.0 1.0 36.0 929.0 268.0 929.0 200.0 64.0 200.0 869.0 374.0 869.0 246.0 133.0 246.0 
2 6 1.66 1.66 36.0 1.0 36.0 929.0 268.0 929.0 200.0 64.0 200.0 869.0 374.0 869.0 246.0 133.0 246.0 17.0 1.0 17.0 
2 7 1.79 1.79 36.0 1.0 36.0 929.0 268.0 929.0 200.0 64.0 200.0 869.0 374.0 869.0 246.0 133.0 246.0 17.0 1.0 17.0 672.0 88.0 672.0 
2 3 1.46 1.46 828.0 488.0 828.0 120.0 77.0 120.0 299.0 71.0 299.0 
2 4 1.84 1.84 828.0 488.0 828.0 120.0 77.0 120.0 299.0 71.0 299.0 441.0 167.0 441.0 
2 3 0.36 0.36 595.0 39.0 595.0 147.0 40.0 147.0 567.0 15.0 567.0 
2 4 0.45 0.45 595.0 39.0 595.0 147.0 40.0 147.0 567.0 15.0 567.0 67.0 6.0 67.0 
2 5 0.99 0.99 595.0 39.0 595.0 147.0 40.0 147.0 567.0 15.0 567.0 67.0 6.0 67.0 412.0 222.0 412.0 
2 6 1.74 1.74 595.0 39.0 595.0 147.0 40.0 147.0 567.0 15.0 567.0 67.0 6.0 67.0 412.0 222.0 412.0 447.0 337.0 447.0 
2 3 1.14 1.14 845.0 119.0 845.0 515.0 475.0 515.0 248.0 20.0 248.0 
2 4 1.52 1.52 845.0 119.0 845.0 515.0 475.0 515.0 248.0 20.0 248.0 326.0 123.0 326.0 
2 5 1.58 1.58 845.0 119.0 845.0 515.0 475.0 515.0 248.0 20.0 248.0 326.0 123.0 326.0 932.0 57.0 932.0 
2 3 1.22 1.22 840.0 620.0 840.0 807.0 295.0 807.0 340.0 41.0 340.0 
2 4 1.45 1.45 840.0 620.0 840.0 807.0 295.0 807.0 340.0 41.0 340.0 265.0 61.0 265.0 
2 5 1.57 1.57 840.0 620.0 840.0 807.0 295.0 807.0 340.0 41.0 340.0 265.0 61.0 265.0 510.0 61.0 510.0 
2 6 1.67 1.67 840.0 620.0 840.0 807.0 295.0 807.0 340.0 41.0 340.0 265.0 61.0 265.0 510.0 61.0 510.0 181.0 18.0 181.0 
2 3 1.55 1.55 931.0 225.0 931.0 976.0 351.0 976.0 976.0 930.0 976.0 
2 4 1.55 1.55 931.0 225.0 931.0 976.0 351.0 976.0 976.0 930.0 976.0 706.0 2.0 706.0 
2 5 1.58 1.58 931.0 225.0 931.0 976.0 351.0 976.0 976.0 930.0 976.0 706.0 2.0 706.0 869.0 24.0 869.0 
2 6 1.94 1.94 931.0 225.0 931.0 976.0 351.0 976.0 976.0 930.0 976.0 706.0 2.0 706.0 869.0 24.0 869.0 557.0 201.0 557.0 
2 3 0.47 0.47 291.0 56.0 291.0 886.0 115.0 886.0 499.0 76.0 499.0 
2 4 1.41 1.41 291.0 56.0 291.0 886.0 115.0 886.0 499.0 76.0 499.0 783.0 737.0 783.0 
2 5 1.49 1.49 291.0 56.0 291.0 886.0 115.0 886.0 499.0 76.0 499.0 783.0 737.0 783.0 64.0 5.0 64.0 
2 6 1.52 1.52 291.0 56.0 291.0 886.0 115.0 886.0 499.0 76.0 499.0 783.0 737.0 783.0 64.0 5.0 64.0 662.0 21.0 662.0 
2 3 1.89 1.89 464.0 317.0 464.0 935.0 343.0 935.0 959.0 809.0 959.0 
2 3 0.77 0.77 205.0 22.0 205.0 775.0 212.0 775.0 429.0 170.0 429.0 
2 4 1.14 1.14 205.0 22.0 205.0 775.0 212.0 775.0 429.0 170.0 429.0 201.0 74.0 201.0 
2 5 1.31 1.31 205.0 22.0 205.0 775.0 212.0 775.0 429.0 170.0 429.0 201.0 74.0 201.0 497.0 83.0 497.0 
2 6 1.53 1.53 205.0 22.0 205.0 775.0 212.0 775.0 429.0 170.0 429.0 201.0 74.0 201.0 497.0 83.0 497.0 668.0 149.0 668.0 
2 3 1.2 1.2 900.0 251.0 900.0 898.0 138.0 898.0 207.0 159.0 207.0 
2 4 1.7 1.7 900.0 251.0 900.0 898.0 138.0 898.0 207.0 159.0 207.0 900.0 450.0 900.0 
2 3 1.44 1.44 700.0 465.0 700.0 591.0 6.0 591.0 345.0 266.0 345.0 
2 4 1.79 1.79 700.0 465.0 700.0 591.0 6.0 591.0 345.0 266.0 345.0 291.0 101.0 291.0 
2 3 1.1 1.1 394.0 212.0 394.0 317.0 178.0 317.0 107.0 1.0 107.0 
2 4 1.44 1.44 394.0 212.0 394.0 317.0 178.0 317.0 107.0 1.0 107.0 812.0 271.0 812.0 
2 3 1.09 1.09 753.0 254.0 753.0 640.0 375.0 640.0 408.0 70.0 408.0 
2 4 1.28 1.28 753.0 254.0 753.0 640.0 375.0 640.0 408.0 70.0 408.0 215.0 41.0 215.0 
2 5 1.52 1.52 753.0 254.0 753.0 640.0 375.0 640.0 408.0 70.0 408.0 215.0 41.0 215.0 905.0 214.0 905.0 
2 3 0.95 0.95 547.0 293.0 547.0 844.0 79.0 844.0 624.0 202.0 624.0 
2 4 1.81 1.81 547.0 293.0 547.0 844.0 79.0 844.0 624.0 202.0 624.0 977.0 842.0 977.0 
2 5 1.86 1.86 547.0 293.0 547.0 844.0 79.0 844.0 624.0 202.0 624.0 977.0 842.0 977.0 66.0 3.0 66.0 
2 3 0.92 0.92 12.0 3.0 12.0 28.0 1.0 28.0 705.0 448.0 705.0 
2 4 1.1 1.1 12.0 3.0 12.0 28.0 1.0 28.0 705.0 448.0 705.0 648.0 120.0 648.0 
2 5 1.19 1.19 12.0 3.0 12.0 28.0 1.0 28.0 705.0 448.0 705.0 648.0 120.0 648.0 109.0 10.0 109.0 
2 6 1.73 1.73 12.0 3.0 12.0 28.0 1.0 28.0 705.0 448.0 705.0 648.0 120.0 648.0 109.0 10.0 109.0 119.0 64.0 119.0 
2 3 1.32 1.32 779.0 595.0 779.0 151.0 34.0 151.0 773.0 258.0 773.0 
2 4 1.38 1.38 779.0 595.0 779.0 151.0 34.0 151.0 773.0 258.0 773.0 933.0 58.0 933.0 
2 3 1.06 1.06 495.0 396.0 495.0 115.0 3.0 115.0 162.0 38.0 162.0 
2 4 1.27 1.27 495.0 396.0 495.0 115.0 3.0 115.0 162.0 38.0 162.0 157.0 34.0 157.0 
2 5 1.3 1.3 495.0 396.0 495.0 115.0 3.0 115.0 162.0 38.0 162.0 157.0 34.0 157.0 801.0 24.0 801.0 
2 6 1.59 1.59 495.0 396.0 495.0 115.0 3.0 115.0 162.0 38.0 162.0 157.0 34.0 157.0 801.0 24.0 801.0 955.0 279.0 955.0 
2 7 1.77 1.77 495.0 396.0 495.0 115.0 3.0 115.0 162.0 38.0 162.0 157.0 34.0 157.0 801.0 24.0 801.0 955.0 279.0 955.0 542.0 97.0 542.0 
2 8 1.78 1.78 495.0 396.0 495.0 115.0 3.0 115.0 162.0 38.0 162.0 157.0 34.0 157.0 801.0 24.0 801.0 955.0 279.0 955.0 542.0 97.0 542.0 377.0 1.0 377.0 
2 3 1.27 1.27 406.0 9.0 406.0 195.0 136.0 195.0 259.0 144.0 259.0 
2 4 1.39 1.39 406.0 9.0 406.0 195.0 136.0 195.0 259.0 144.0 259.0 127.0 15.0 127.0 
2 3 1.19 1.19 581.0 16.0 581.0 728.0 473.0 728.0 631.0 327.0 631.0 
2 4 1.3 1.3 581.0 16.0 581.0 728.0 473.0 728.0 631.0 327.0 631.0 224.0 24.0 224.0 
2 5 1.98 1.98 581.0 16.0 581.0 728.0 473.0 728.0 631.0 327.0 631.0 224.0 24.0 224.0 883.0 602.0 883.0 
2 3 0.7 0.7 802.0 244.0 802.0 128.0 30.0 128.0 387.0 64.0 387.0 
2 4 1.4 1.4 802.0 244.0 802.0 128.0 30.0 128.0 387.0 64.0 387.0 579.0 404.0 579.0 
2 5 1.5 1.5 802.0 244.0 802.0 128.0 30.0 128.0 387.0 64.0 387.0 579.0 404.0 579.0 938.0 101.0 938.0 
2 6 1.54 1.54 802.0 244.0 802.0 128.0 30.0 128.0 387.0 64.0 387.0 579.0 404.0 579.0 938.0 101.0 938.0 902.0 36.0 902.0 
2 7 1.67 1.67 802.0 244.0 802.0 128.0 30.0 128.0 387.0 64.0 387.0 579.0 404.0 579.0 938.0 101.0 938.0 902.0 36.0 902.0 780.0 99.0 780.0 
2 8 1.91 1.91 802.0 244.0 802.0 128.0 30.0 128.0 387.0 64.0 387.0 579.0 404.0 579.0 938.0 101.0 938.0 902.0 36.0 902.0 780.0 99.0 780.0 97.0 23.0 97.0 
2 3 0.71 0.71 820.0 61.0 820.0 485.0 14.0 485.0 516.0 317.0 516.0 
2 4 1.13 1.13 820.0 61.0 820.0 485.0 14.0 485.0 516.0 317.0 516.0 690.0 286.0 690.0 
2 5 1.52 1.52 820.0 61.0 820.0 485.0 14.0 485.0 516.0 317.0 516.0 690.0 286.0 690.0 510.0 199.0 510.0 
2 3 1.16 1.16 210.0 51.0 210.0 329.0 63.0 329.0 854.0 622.0 854.0 
2 4 1.17 1.17 210.0 51.0 210.0 329.0 63.0 329.0 854.0 622.0 854.0 350.0 4.0 350.0 
2 5 1.33 1.33 210.0 51.0 210.0 329.0 63.0 329.0 854.0 622.0 854.0 350.0 4.0 350.0 469.0 75.0 469.0 
2 3 1.27 1.27 896.0 29.0 896.0 84.0 49.0 84.0 944.0 626.0 944.0 
2 4 1.59 1.59 896.0 29.0 896.0 84.0 49.0 84.0 944.0 626.0 944.0 899.0 282.0 899.0 
2 3 1.01 1.01 100.0 26.0 100.0 509.0 152.0 509.0 270.0 124.0 270.0 
2 4 1.6 1.6 100.0 26.0 100.0 509.0 152.0 509.0 270.0 124.0 270.0 928.0 546.0 928.0 
2 5 1.98 1.98 100.0 26.0 100.0 509.0 152.0 509.0 270.0 124.0 270.0 928.0 546.0 928.0 302.0 113.0 302.0 
2 3 1.19 1.19 353.0 1.0 353.0 348.0 341.0 348.0 449.0 94.0 449.0 
2 4 1.56 1.56 353.0 1.0 353.0 348.0 341.0 348.0 449.0 94.0 449.0 859.0 321.0 859.0 
2 5 1.99 1.99 353.0 1.0 353.0 348.0 341.0 348.0 449.0 94.0 449.0 859.0 321.0 859.0 304.0 132.0 304.0 
2 3 1.08 1.08 983.0 656.0 983.0 212.0 9.0 212.0 224.0 85.0 224.0 
2 4 1.86 1.86 983.0 656.0 983.0 212.0 9.0 212.0 224.0 85.0 224.0 665.0 513.0 665.0 
2 3 0.35 0.35 847.0 68.0 847.0 919.0 77.0 919.0 202.0 39.0 202.0 
2 4 0.49 0.49 847.0 68.0 847.0 919.0 77.0 919.0 202.0 39.0 202.0 958.0 136.0 958.0 
2 5 1.3 1.3 847.0 68.0 847.0 919.0 77.0 919.0 202.0 39.0 202.0 958.0 136.0 958.0 368.0 297.0 368.0 
2 3 1.13 1.13 484.0 236.0 484.0 649.0 330.0 649.0 954.0 134.0 954.0 
2 4 1.14 1.14 484.0 236.0 484.0 649.0 330.0 649.0 954.0 134.0 954.0 644.0 6.0 644.0 
2 5 1.18 1.18 484.0 236.0 484.0 649.0 330.0 649.0 954.0 134.0 954.0 644.0 6.0 644.0 225.0 9.0 225.0 
2 6 1.35 1.35 484.0 236.0 484.0 649.0 330.0 649.0 954.0 134.0 954.0 644.0 6.0 644.0 225.0 9.0 225.0 632.0 108.0 632.0 
2 7 1.41 1.41 484.0 236.0 484.0 649.0 330.0 649.0 954.0 134.0 954.0 644.0 6.0 644.0 225.0 9.0 225.0 632.0 108.0 632.0 183.0 10.0 183.0 
2 3 0.55 0.55 906.0 76.0 906.0 325.0 82.0 325.0 616.0 132.0 616.0 
2 4 1.19 1.19 906.0 76.0 906.0 325.0 82.0 325.0 616.0 132.0 616.0 835.0 535.0 835.0 
2 5 1.66 1.66 906.0 76.0 906.0 325.0 82.0 325.0 616.0 132.0 616.0 835.0 535.0 835.0 150.0 71.0 150.0 
2 3 1.16 1.16 569.0 18.0 569.0 454.0 301.0 454.0 587.0 277.0 587.0 
2 3 1.31 1.31 66.0 45.0 66.0 784.0 1.0 784.0 840.0 532.0 840.0 
2 4 1.7 1.7 66.0 45.0 66.0 784.0 1.0 784.0 840.0 532.0 840.0 924.0 356.0 924.0 
2 3 1.31 1.31 113.0 79.0 113.0 675.0 210.0 675.0 10.0 3.0 10.0 
2 4 1.51 1.51 113.0 79.0 113.0 675.0 210.0 675.0 10.0 3.0 10.0 200.0 40.0 200.0 
2 3 0.88 0.88 208.0 56.0 208.0 300.0 95.0 300.0 462.0 138.0 462.0 
2 4 1.03 1.03 208.0 56.0 208.0 300.0 95.0 300.0 462.0 138.0 462.0 763.0 111.0 763.0 
2 5 1.31 1.31 208.0 56.0 208.0 300.0 95.0 300.0 462.0 138.0 462.0 763.0 111.0 763.0 747.0 214.0 747.0 
2 6 1.64 1.64 208.0 56.0 208.0 300.0 95.0 300.0 462.0 138.0 462.0 763.0 111.0 763.0 747.0 214.0 747.0 389.0 126.0 389.0 
2 7 1.98 1.98 208.0 56.0 208.0 300.0 95.0 300.0 462.0 138.0 462.0 763.0 111.0 763.0 747.0 214.0 747.0 389.0 126.0 389.0 314.0 108.0 314.0 
2 8 1.99 1.99 208.0 56.0 208.0 300.0 95.0 300.0 462.0 138.0 462.0 763.0 111.0 763.0 747.0 214.0 747.0 389.0 126.0 389.0 314.0 108.0 314.0 619.0 5.0 619.0 
2 3 0.42 0.42 248.0 25.0 248.0 947.0 151.0 947.0 538.0 88.0 538.0 
2 4 0.54 0.54 248.0 25.0 248.0 947.0 151.0 947.0 538.0 88.0 538.0 42.0 5.0 42.0 
2 5 0.56 0.56 248.0 25.0 248.0 947.0 151.0 947.0 538.0 88.0 538.0 42.0 5.0 42.0 366.0 7.0 366.0 
2 6 1.1 1.1 248.0 25.0 248.0 947.0 151.0 947.0 538.0 88.0 538.0 42.0 5.0 42.0 366.0 7.0 366.0 371.0 203.0 371.0 
2 7 1.69 1.69 248.0 25.0 248.0 947.0 151.0 947.0 538.0 88.0 538.0 42.0 5.0 42.0 366.0 7.0 366.0 371.0 203.0 371.0 36.0 21.0 36.0 
2 8 1.87 1.87 248.0 25.0 248.0 947.0 151.0 947.0 538.0 88.0 538.0 42.0 5.0 42.0 366.0 7.0 366.0 371.0 203.0 371.0 36.0 21.0 36.0 867.0 159.0 867.0 
2 3 1.64 1.64 900.0 549.0 900.0 19.0 6.0 19.0 922.0 664.0 922.0 
2 3 1.53 1.53 252.0 167.0 252.0 214.0 61.0 214.0 314.0 184.0 314.0 
2 4 1.69 1.69 252.0 167.0 252.0 214.0 61.0 214.0 314.0 184.0 314.0 217.0 36.0 217.0 
2 5 1.81 1.81 252.0 167.0 252.0 214.0 61.0 214.0 314.0 184.0 314.0 217.0 36.0 217.0 363.0 43.0 363.0 
2 3 1.9 1.9 547.0 140.0 547.0 895.0 579.0 895.0 775.0 774.0 775.0 
2 3 0.79 0.79 662.0 90.0 662.0 36.0 14.0 36.0 233.0 64.0 233.0 
2 4 0.84 0.84 662.0 90.0 662.0 36.0 14.0 36.0 233.0 64.0 233.0 735.0 36.0 735.0 
2 5 1.08 1.08 662.0 90.0 662.0 36.0 14.0 36.0 233.0 64.0 233.0 735.0 36.0 735.0 938.0 225.0 938.0 
2 6 1.54 1.54 662.0 90.0 662.0 36.0 14.0 36.0 233.0 64.0 233.0 735.0 36.0 735.0 938.0 225.0 938.0 348.0 159.0 348.0 
2 7 1.58 1.58 662.0 90.0 662.0 36.0 14.0 36.0 233.0 64.0 233.0 735.0 36.0 735.0 938.0 225.0 938.0 348.0 159.0 348.0 100.0 4.0 100.0 
2 3 0.49 0.49 170.0 2.0 170.0 192.0 48.0 192.0 705.0 162.0 705.0 
2 4 1.42 1.42 170.0 2.0 170.0 192.0 48.0 192.0 705.0 162.0 705.0 732.0 685.0 732.0 
2 5 1.45 1.45 170.0 2.0 170.0 192.0 48.0 192.0 705.0 162.0 705.0 732.0 685.0 732.0 915.0 29.0 915.0 
2 6 1.9 1.9 170.0 2.0 170.0 192.0 48.0 192.0 705.0 162.0 705.0 732.0 685.0 732.0 915.0 29.0 915.0 18.0 8.0 18.0 
2 3 1.55 1.55 920.0 472.0 920.0 656.0 371.0 656.0 162.0 77.0 162.0 
2 4 1.69 1.69 920.0 472.0 920.0 656.0 371.0 656.0 162.0 77.0 162.0 719.0 98.0 719.0 
2 3 1.86 1.86 221.0 220.0 221.0 469.0 3.0 469.0 538.0 466.0 538.0 
2 3 0.82 0.82 279.0 2.0 279.0 509.0 410.0 509.0 581.0 8.0 581.0 
2 4 0.85 0.85 279.0 2.0 279.0 509.0 410.0 509.0 581.0 8.0 581.0 121.0 4.0 121.0 
2 5 1.08 1.08 279.0 2.0 279.0 509.0 410.0 509.0 581.0 8.0 581.0 121.0 4.0 121.0 760.0 174.0 760.0 
2 6 1.24 1.24 279.0 2.0 279.0 509.0 410.0 509.0 581.0 8.0 581.0 121.0 4.0 121.0 760.0 174.0 760.0 663.0 107.0 663.0 
2 7 1.32 1.32 279.0 2.0 279.0 509.0 410.0 509.0 581.0 8.0 581.0 121.0 4.0 121.0 760.0 174.0 760.0 663.0 107.0 663.0 741.0 58.0 741.0 
2 8 1.77 1.77 279.0 2.0 279.0 509.0 410.0 509.0 581.0 8.0 581.0 121.0 4.0 121.0 760.0 174.0 760.0 663.0 107.0 663.0 741.0 58.0 741.0 728.0 324.0 728.0 
2 3 1.72 1.72 126.0 80.0 126.0 725.0 457.0 725.0 354.0 162.0 354.0 
2 3 0.79 0.79 212.0 98.0 212.0 377.0 114.0 377.0 690.0 22.0 690.0 
2 4 1.51 1.51 212.0 98.0 212.0 377.0 114.0 377.0 690.0 22.0 690.0 220.0 157.0 220.0 
2 5 1.9 1.9 212.0 98.0 212.0 377.0 114.0 377.0 690.0 22.0 690.0 220.0 157.0 220.0 875.0 342.0 875.0 
2 3 1.02 1.02 470.0 45.0 470.0 98.0 77.0 98.0 458.0 65.0 458.0 
2 4 1.95 1.95 470.0 45.0 470.0 98.0 77.0 98.0 458.0 65.0 458.0 744.0 691.0 744.0 
2 5 1.96 1.96 470.0 45.0 470.0 98.0 77.0 98.0 458.0 65.0 458.0 744.0 691.0 744.0 992.0 16.0 992.0 
2 3 1.17 1.17 452.0 57.0 452.0 760.0 715.0 760.0 480.0 54.0 480.0 
2 4 1.43 1.43 452.0 57.0 452.0 760.0 715.0 760.0 480.0 54.0 480.0 258.0 67.0 258.0 
2 5 1.96 1.96 452.0 57.0 452.0 760.0 715.0 760.0 480.0 54.0 480.0 258.0 67.0 258.0 495.0 261.0 495.0 
2 3 1.05 1.05 887.0 581.0 887.0 531.0 5.0 531.0 326.0 127.0 326.0 
2 4 1.23 1.23 887.0 581.0 887.0 531.0 5.0 531.0 326.0 127.0 326.0 237.0 42.0 237.0 
2 3 1.49 1.49 841.0 65.0 841.0 151.0 68.0 151.0 106.0 103.0 106.0 
2 4 1.57 1.57 841.0 65.0 841.0 151.0 68.0 151.0 106.0 103.0 106.0 455.0 33.0 455.0 
2 5 1.8 1.8 841.0 65.0 841.0 151.0 68.0 151.0 106.0 103.0 106.0 455.0 33.0 455.0 829.0 195.0 829.0 
2 3 1.32 1.32 174.0 83.0 174.0 604.0 220.0 604.0 378.0 182.0 378.0 
2 4 1.32 1.32 174.0 83.0 174.0 604.0 220.0 604.0 378.0 182.0 378.0 959.0 2.0 959.0 
2 5 1.37 1.37 174.0 83.0 174.0 604.0 220.0 604.0 378.0 182.0 378.0 959.0 2.0 959.0 286.0 14.0 286.0 
2 6 1.43 1.43 174.0 83.0 174.0 604.0 220.0 604.0 378.0 182.0 378.0 959.0 2.0 959.0 286.0 14.0 286.0 153.0 10.0 153.0 
2 3 1.89 1.89 364.0 301.0 364.0 577.0 40.0 577.0 2.0 2.0 2.0 
2 4 1.94 1.94 364.0 301.0 364.0 577.0 40.0 577.0 2.0 2.0 2.0 1000.0 53.0 1000.0 
2 3 1.51 1.51 631.0 566.0 631.0 723.0 223.0 723.0 394.0 121.0 394.0 
2 3 1.17 1.17 495.0 85.0 495.0 749.0 581.0 749.0 462.0 106.0 462.0 
2 4 1.86 1.86 495.0 85.0 495.0 749.0 581.0 749.0 462.0 106.0 462.0 442.0 304.0 442.0 
2 3 0.66 0.66 952.0 52.0 952.0 612.0 25.0 612.0 913.0 520.0 913.0 
2 4 0.99 0.99 952.0 52.0 952.0 612.0 25.0 612.0 913.0 520.0 913.0 95.0 31.0 95.0 
2 5 1.8 1.8 952.0 52.0 952.0 612.0 25.0 612.0 913.0 520.0 913.0 95.0 31.0 95.0 187.0 152.0 187.0 
2 3 0.65 0.65 629.0 266.0 629.0 346.0 33.0 346.0 600.0 82.0 600.0 
2 4 1.46 1.46 629.0 266.0 629.0 346.0 33.0 346.0 600.0 82.0 600.0 225.0 183.0 225.0 
2 5 1.48 1.48 629.0 266.0 629.0 346.0 33.0 346.0 600.0 82.0 600.0 225.0 183.0 225.0 987.0 17.0 987.0 
2 3 1.7 1.7 755.0 448.0 755.0 653.0 90.0 653.0 528.0 512.0 528.0 
2 3 1.21 1.21 566.0 274.0 566.0 827.0 508.0 827.0 620.0 71.0 620.0 
2 4 1.64 1.64 566.0 274.0 566.0 827.0 508.0 827.0 620.0 71.0 620.0 821.0 352.0 821.0 
2 5 1.72 1.72 566.0 274.0 566.0 827.0 508.0 827.0 620.0 71.0 620.0 821.0 352.0 821.0 327.0 27.0 327.0 
2 3 1.51 1.51 438.0 234.0 438.0 739.0 432.0 739.0 740.0 294.0 740.0 
2 4 1.93 1.93 438.0 234.0 438.0 739.0 432.0 739.0 740.0 294.0 740.0 583.0 247.0 583.0 
2 3 0.97 0.97 417.0 180.0 417.0 490.0 224.0 490.0 23.0 2.0 23.0 
2 4 1.49 1.49 417.0 180.0 417.0 490.0 224.0 490.0 23.0 2.0 23.0 229.0 119.0 229.0 
2 5 1.67 1.67 417.0 180.0 417.0 490.0 224.0 490.0 23.0 2.0 23.0 229.0 119.0 229.0 433.0 78.0 433.0 
2 6 1.79 1.79 417.0 180.0 417.0 490.0 224.0 490.0 23.0 2.0 23.0 229.0 119.0 229.0 433.0 78.0 433.0 293.0 34.0 293.0 
2 3 1.21 1.21 737.0 60.0 737.0 67.0 58.0 67.0 243.0 66.0 243.0 
2 4 1.36 1.36 737.0 60.0 737.0 67.0 58.0 67.0 243.0 66.0 243.0 96.0 14.0 96.0 
2 5 1.37 1.37 737.0 60.0 737.0 67.0 58.0 67.0 243.0 66.0 243.0 96.0 14.0 96.0 80.0 1.0 80.0 
2 6 1.45 1.45 737.0 60.0 737.0 67.0 58.0 67.0 243.0 66.0 243.0 96.0 14.0 96.0 80.0 1.0 80.0 842.0 63.0 842.0 
2 7 1.51 1.51 737.0 60.0 737.0 67.0 58.0 67.0 243.0 66.0 243.0 96.0 14.0 96.0 80.0 1.0 80.0 842.0 63.0 842.0 728.0 46.0 728.0 
2 8 1.8 1.8 737.0 60.0 737.0 67.0 58.0 67.0 243.0 66.0 243.0 96.0 14.0 96.0 80.0 1.0 80.0 842.0 63.0 842.0 728.0 46.0 728.0 607.0 173.0 607.0 
2 9 1.97 1.97 737.0 60.0 737.0 67.0 58.0 67.0 243.0 66.0 243.0 96.0 14.0 96.0 80.0 1.0 80.0 842.0 63.0 842.0 728.0 46.0 728.0 607.0 173.0 607.0 490.0 88.0 490.0 
2 3 1.18 1.18 261.0 156.0 261.0 912.0 36.0 912.0 58.0 32.0 58.0 
2 4 1.89 1.89 261.0 156.0 261.0 912.0 36.0 912.0 58.0 32.0 58.0 822.0 577.0 822.0 
2 3 1.4 1.4 685.0 466.0 685.0 172.0 9.0 172.0 762.0 510.0 762.0 
2 4 1.93 1.93 685.0 466.0 685.0 172.0 9.0 172.0 762.0 510.0 762.0 321.0 170.0 321.0 
2 3 1.35 1.35 387.0 220.0 387.0 641.0 343.0 641.0 82.0 21.0 82.0 
2 4 1.39 1.39 387.0 220.0 387.0 641.0 343.0 641.0 82.0 21.0 82.0 942.0 36.0 942.0 
2 5 1.58 1.58 387.0 220.0 387.0 641.0 343.0 641.0 82.0 21.0 82.0 942.0 36.0 942.0 144.0 27.0 144.0 
2 6 1.74 1.74 387.0 220.0 387.0 641.0 343.0 641.0 82.0 21.0 82.0 942.0 36.0 942.0 144.0 27.0 144.0 310.0 48.0 310.0 
2 7 1.77 1.77 387.0 220.0 387.0 641.0 343.0 641.0 82.0 21.0 82.0 942.0 36.0 942.0 144.0 27.0 144.0 310.0 48.0 310.0 474.0 17.0 474.0 
2 3 0.49 0.49 417.0 97.0 417.0 144.0 5.0 144.0 707.0 161.0 707.0 
2 4 0.71 0.71 417.0 97.0 417.0 144.0 5.0 144.0 707.0 161.0 707.0 606.0 133.0 606.0 
2 5 1.63 1.63 417.0 97.0 417.0 144.0 5.0 144.0 707.0 161.0 707.0 606.0 133.0 606.0 838.0 775.0 838.0 
2 3 1.14 1.14 266.0 75.0 266.0 556.0 99.0 556.0 680.0 467.0 680.0 
2 4 1.32 1.32 266.0 75.0 266.0 556.0 99.0 556.0 680.0 467.0 680.0 61.0 11.0 61.0 
2 5 1.79 1.79 266.0 75.0 266.0 556.0 99.0 556.0 680.0 467.0 680.0 61.0 11.0 61.0 740.0 349.0 740.0 
2 3 0.69 0.69 246.0 131.0 246.0 660.0 13.0 660.0 41.0 6.0 41.0 
2 4 1.25 1.25 246.0 131.0 246.0 660.0 13.0 660.0 41.0 6.0 41.0 119.0 66.0 119.0 
2 5 1.38 1.38 246.0 131.0 246.0 660.0 13.0 660.0 41.0 6.0 41.0 119.0 66.0 119.0 663.0 88.0 663.0 
2 6 1.4 1.4 246.0 131.0 246.0 660.0 13.0 660.0 41.0 6.0 41.0 119.0 66.0 119.0 663.0 88.0 663.0 941.0 21.0 941.0 
2 7 1.6 1.6 246.0 131.0 246.0 660.0 13.0 660.0 41.0 6.0 41.0 119.0 66.0 119.0 663.0 88.0 663.0 941.0 21.0 941.0 189.0 37.0 189.0 
2 3 1.49 1.49 973.0 215.0 973.0 456.0 370.0 456.0 331.0 154.0 331.0 
2 4 1.59 1.59 973.0 215.0 973.0 456.0 370.0 456.0 331.0 154.0 331.0 313.0 29.0 313.0 
2 5 1.71 1.71 973.0 215.0 973.0 456.0 370.0 456.0 331.0 154.0 331.0 313.0 29.0 313.0 960.0 123.0 960.0 
2 6 1.82 1.82 973.0 215.0 973.0 456.0 370.0 456.0 331.0 154.0 331.0 313.0 29.0 313.0 960.0 123.0 960.0 224.0 23.0 224.0 
2 7 1.89 1.89 973.0 215.0 973.0 456.0 370.0 456.0 331.0 154.0 331.0 313.0 29.0 313.0 960.0 123.0 960.0 224.0 23.0 224.0 430.0 30.0 430.0 
2 3 1.05 1.05 720.0 45.0 720.0 634.0 379.0 634.0 869.0 339.0 869.0 
2 4 1.09 1.09 720.0 45.0 720.0 634.0 379.0 634.0 869.0 339.0 869.0 633.0 29.0 633.0 
2 5 1.48 1.48 720.0 45.0 720.0 634.0 379.0 634.0 869.0 339.0 869.0 633.0 29.0 633.0 682.0 268.0 682.0 
2 3 1.29 1.29 498.0 65.0 498.0 142.0 117.0 142.0 565.0 195.0 565.0 
2 4 1.33 1.33 498.0 65.0 498.0 142.0 117.0 142.0 565.0 195.0 565.0 26.0 1.0 26.0 
2 5 1.64 1.64 498.0 65.0 498.0 142.0 117.0 142.0 565.0 195.0 565.0 26.0 1.0 26.0 362.0 110.0 362.0 
2 6 1.92 1.92 498.0 65.0 498.0 142.0 117.0 142.0 565.0 195.0 565.0 26.0 1.0 26.0 362.0 110.0 362.0 733.0 209.0 733.0 
2 3 0.45 0.45 870.0 12.0 870.0 458.0 131.0 458.0 248.0 39.0 248.0 
2 4 0.6 0.6 870.0 12.0 870.0 458.0 131.0 458.0 248.0 39.0 248.0 737.0 107.0 737.0 
2 5 1.16 1.16 870.0 12.0 870.0 458.0 131.0 458.0 248.0 39.0 248.0 737.0 107.0 737.0 653.0 369.0 653.0 
2 3 0.95 0.95 942.0 54.0 942.0 866.0 165.0 866.0 254.0 179.0 254.0 
2 4 1.85 1.85 942.0 54.0 942.0 866.0 165.0 866.0 254.0 179.0 254.0 986.0 889.0 986.0 
2 5 1.95 1.95 942.0 54.0 942.0 866.0 165.0 866.0 254.0 179.0 254.0 986.0 889.0 986.0 664.0 65.0 664.0 
2 3 0.9 0.9 438.0 367.0 438.0 930.0 22.0 930.0 579.0 23.0 579.0 
2 4 1.27 1.27 438.0 367.0 438.0 930.0 22.0 930.0 579.0 23.0 579.0 726.0 268.0 726.0 
2 5 1.43 1.43 438.0 367.0 438.0 930.0 22.0 930.0 579.0 23.0 579.0 726.0 268.0 726.0 959.0 157.0 959.0 
2 6 1.65 1.65 438.0 367.0 438.0 930.0 22.0 930.0 579.0 23.0 579.0 726.0 268.0 726.0 959.0 157.0 959.0 235.0 51.0 235.0 
2 3 0.92 0.92 286.0 234.0 286.0 502.0 39.0 502.0 115.0 3.0 115.0 
2 4 1.14 1.14 286.0 234.0 286.0 502.0 39.0 502.0 115.0 3.0 115.0 243.0 54.0 243.0 
2 5 1.26 1.26 286.0 234.0 286.0 502.0 39.0 502.0 115.0 3.0 115.0 243.0 54.0 243.0 170.0 21.0 170.0 
2 3 1.4 1.4 625.0 316.0 625.0 583.0 58.0 583.0 870.0 695.0 870.0 
2 4 1.77 1.77 625.0 316.0 625.0 583.0 58.0 583.0 870.0 695.0 870.0 243.0 89.0 243.0 
2 3 0.71 0.71 684.0 151.0 684.0 569.0 255.0 569.0 438.0 21.0 438.0 
2 4 1.55 1.55 684.0 151.0 684.0 569.0 255.0 569.0 438.0 21.0 438.0 870.0 726.0 870.0 
2 3 1.4 1.4 917.0 804.0 917.0 275.0 122.0 275.0 400.0 33.0 400.0 
2 3 1.04 1.04 112.0 92.0 112.0 179.0 7.0 179.0 64.0 12.0 64.0 
2 4 1.24 1.24 112.0 92.0 112.0 179.0 7.0 179.0 64.0 12.0 64.0 87.0 17.0 87.0 
2 5 1.92 1.92 112.0 92.0 112.0 179.0 7.0 179.0 64.0 12.0 64.0 87.0 17.0 87.0 416.0 284.0 416.0 
2 3 1.67 1.67 514.0 275.0 514.0 563.0 488.0 563.0 626.0 169.0 626.0 
2 3 1.54 1.54 855.0 812.0 855.0 219.0 88.0 219.0 90.0 17.0 90.0 
2 4 1.59 1.59 855.0 812.0 855.0 219.0 88.0 219.0 90.0 17.0 90.0 249.0 13.0 249.0 
2 3 1.54 1.54 926.0 189.0 926.0 36.0 33.0 36.0 181.0 77.0 181.0 
2 3 1.13 1.13 206.0 54.0 206.0 619.0 475.0 619.0 175.0 19.0 175.0 
2 4 1.36 1.36 206.0 54.0 206.0 619.0 475.0 619.0 175.0 19.0 175.0 814.0 184.0 814.0 
2 3 1.75 1.75 253.0 137.0 253.0 298.0 111.0 298.0 19.0 16.0 19.0 
2 3 0.89 0.89 598.0 52.0 598.0 799.0 538.0 799.0 488.0 68.0 488.0 
2 4 1.13 1.13 598.0 52.0 598.0 799.0 538.0 799.0 488.0 68.0 488.0 661.0 154.0 661.0 
2 5 1.16 1.16 598.0 52.0 598.0 799.0 538.0 799.0 488.0 68.0 488.0 661.0 154.0 661.0 630.0 19.0 630.0 
2 6 1.36 1.36 598.0 52.0 598.0 799.0 538.0 799.0 488.0 68.0 488.0 661.0 154.0 661.0 630.0 19.0 630.0 423.0 87.0 423.0 
2 7 1.7 1.7 598.0 52.0 598.0 799.0 538.0 799.0 488.0 68.0 488.0 661.0 154.0 661.0 630.0 19.0 630.0 423.0 87.0 423.0 262.0 87.0 262.0 
2 3 0.19 0.19 803.0 23.0 803.0 790.0 63.0 790.0 771.0 65.0 771.0 
2 4 0.19 0.19 803.0 23.0 803.0 790.0 63.0 790.0 771.0 65.0 771.0 325.0 2.0 325.0 
2 5 0.9 0.9 803.0 23.0 803.0 790.0 63.0 790.0 771.0 65.0 771.0 325.0 2.0 325.0 818.0 576.0 818.0 
2 6 1.62 1.62 803.0 23.0 803.0 790.0 63.0 790.0 771.0 65.0 771.0 325.0 2.0 325.0 818.0 576.0 818.0 385.0 278.0 385.0 
2 3 0.91 0.91 854.0 13.0 854.0 653.0 449.0 653.0 904.0 189.0 904.0 
2 4 0.99 0.99 854.0 13.0 854.0 653.0 449.0 653.0 904.0 189.0 904.0 88.0 7.0 88.0 
2 5 1.42 1.42 854.0 13.0 854.0 653.0 449.0 653.0 904.0 189.0 904.0 88.0 7.0 88.0 629.0 271.0 629.0 
2 6 1.78 1.78 854.0 13.0 854.0 653.0 449.0 653.0 904.0 189.0 904.0 88.0 7.0 88.0 629.0 271.0 629.0 109.0 40.0 109.0 
2 3 0.5 0.5 896.0 52.0 896.0 114.0 11.0 114.0 394.0 139.0 394.0 
2 4 1.16 1.16 896.0 52.0 896.0 114.0 11.0 114.0 394.0 139.0 394.0 460.0 301.0 460.0 
2 5 1.54 1.54 896.0 52.0 896.0 114.0 11.0 114.0 394.0 139.0 394.0 460.0 301.0 460.0 331.0 126.0 331.0 
2 6 1.68 1.68 896.0 52.0 896.0 114.0 11.0 114.0 394.0 139.0 394.0 460.0 301.0 460.0 331.0 126.0 331.0 268.0 37.0 268.0 
2 3 1.59 1.59 663.0 411.0 663.0 123.0 23.0 123.0 745.0 584.0 745.0 
2 4 1.71 1.71 663.0 411.0 663.0 123.0 23.0 123.0 745.0 584.0 745.0 410.0 51.0 410.0 
2 3 1.28 1.28 658.0 425.0 658.0 860.0 156.0 860.0 870.0 400.0 870.0 
2 4 1.36 1.36 658.0 425.0 658.0 860.0 156.0 860.0 870.0 400.0 870.0 454.0 37.0 454.0 
2 5 1.66 1.66 658.0 425.0 658.0 860.0 156.0 860.0 870.0 400.0 870.0 454.0 37.0 454.0 360.0 108.0 360.0 
2 3 0.76 0.76 955.0 227.0 955.0 899.0 13.0 899.0 449.0 232.0 449.0 
2 4 1.02 1.02 955.0 227.0 955.0 899.0 13.0 899.0 449.0 232.0 449.0 759.0 194.0 759.0 
2 5 1.23 1.23 955.0 227.0 955.0 899.0 13.0 899.0 449.0 232.0 449.0 759.0 194.0 759.0 71.0 15.0 71.0 
2 6 1.49 1.49 955.0 227.0 955.0 899.0 13.0 899.0 449.0 232.0 449.0 759.0 194.0 759.0 71.0 15.0 71.0 157.0 40.0 157.0 
2 7 1.69 1.69 955.0 227.0 955.0 899.0 13.0 899.0 449.0 232.0 449.0 759.0 194.0 759.0 71.0 15.0 71.0 157.0 40.0 157.0 288.0 60.0 288.0 
2 8 1.89 1.89 955.0 227.0 955.0 899.0 13.0 899.0 449.0 232.0 449.0 759.0 194.0 759.0 71.0 15.0 71.0 157.0 40.0 157.0 288.0 60.0 288.0 535.0 107.0 535.0 
2 3 1.64 1.64 829.0 474.0 829.0 519.0 280.0 519.0 755.0 400.0 755.0 
2 3 1.92 1.92 16.0 11.0 16.0 403.0 337.0 403.0 939.0 373.0 939.0 
2 3 0.88 0.88 270.0 75.0 270.0 916.0 530.0 916.0 81.0 2.0 81.0 
2 4 1.5 1.5 270.0 75.0 270.0 916.0 530.0 916.0 81.0 2.0 81.0 751.0 469.0 751.0 
2 5 1.75 1.75 270.0 75.0 270.0 916.0 530.0 916.0 81.0 2.0 81.0 751.0 469.0 751.0 246.0 62.0 246.0 
2 6 1.87 1.87 270.0 75.0 270.0 916.0 530.0 916.0 81.0 2.0 81.0 751.0 469.0 751.0 246.0 62.0 246.0 949.0 116.0 949.0 
2 3 1.44 1.44 616.0 294.0 616.0 276.0 8.0 276.0 297.0 280.0 297.0 
2 4 1.69 1.69 616.0 294.0 616.0 276.0 8.0 276.0 297.0 280.0 297.0 8.0 2.0 8.0 
2 5 1.9 1.9 616.0 294.0 616.0 276.0 8.0 276.0 297.0 280.0 297.0 8.0 2.0 8.0 532.0 110.0 532.0 
2 3 1.37 1.37 430.0 247.0 430.0 855.0 94.0 855.0 131.0 90.0 131.0 
2 4 1.6 1.6 430.0 247.0 430.0 855.0 94.0 855.0 131.0 90.0 131.0 593.0 141.0 593.0 
2 5 1.99 1.99 430.0 247.0 430.0 855.0 94.0 855.0 131.0 90.0 131.0 593.0 141.0 593.0 683.0 261.0 683.0 
2 6 1.99 1.99 430.0 247.0 430.0 855.0 94.0 855.0 131.0 90.0 131.0 593.0 141.0 593.0 683.0 261.0 683.0 387.0 2.0 387.0 
2 3 0.95 0.95 94.0 5.0 94.0 811.0 457.0 811.0 465.0 158.0 465.0 
2 4 0.99 0.99 94.0 5.0 94.0 811.0 457.0 811.0 465.0 158.0 465.0 199.0 8.0 199.0 
2 5 1.52 1.52 94.0 5.0 94.0 811.0 457.0 811.0 465.0 158.0 465.0 199.0 8.0 199.0 216.0 115.0 216.0 
2 6 1.61 1.61 94.0 5.0 94.0 811.0 457.0 811.0 465.0 158.0 465.0 199.0 8.0 199.0 216.0 115.0 216.0 698.0 61.0 698.0 
2 7 1.92 1.92 94.0 5.0 94.0 811.0 457.0 811.0 465.0 158.0 465.0 199.0 8.0 199.0 216.0 115.0 216.0 698.0 61.0 698.0 783.0 238.0 783.0 
2 3 0.86 0.86 387.0 101.0 387.0 688.0 325.0 688.0 881.0 117.0 881.0 
2 4 1.04 1.04 387.0 101.0 387.0 688.0 325.0 688.0 881.0 117.0 881.0 932.0 164.0 932.0 
2 5 1.73 1.73 387.0 101.0 387.0 688.0 325.0 688.0 881.0 117.0 881.0 932.0 164.0 932.0 700.0 482.0 700.0 
2 3 1.08 1.08 260.0 55.0 260.0 143.0 117.0 143.0 734.0 38.0 734.0 
2 4 1.39 1.39 260.0 55.0 260.0 143.0 117.0 143.0 734.0 38.0 734.0 632.0 201.0 632.0 
2 5 1.94 1.94 260.0 55.0 260.0 143.0 117.0 143.0 734.0 38.0 734.0 632.0 201.0 632.0 911.0 499.0 911.0 
2 3 1.51 1.51 199.0 197.0 199.0 166.0 82.0 166.0 624.0 19.0 624.0 
2 3 1.35 1.35 713.0 277.0 713.0 650.0 369.0 650.0 268.0 107.0 268.0 
2 4 1.35 1.35 713.0 277.0 713.0 650.0 369.0 650.0 268.0 107.0 268.0 999.0 2.0 999.0 
2 3 1.46 1.46 921.0 249.0 921.0 758.0 412.0 758.0 455.0 297.0 455.0 
2 4 1.83 1.83 921.0 249.0 921.0 758.0 412.0 758.0 455.0 297.0 455.0 889.0 326.0 889.0 
2 3 1.18 1.18 417.0 10.0 417.0 659.0 418.0 659.0 100.0 53.0 100.0 
2 4 1.45 1.45 417.0 10.0 417.0 659.0 418.0 659.0 100.0 53.0 100.0 699.0 183.0 699.0 
2 5 1.52 1.52 417.0 10.0 417.0 659.0 418.0 659.0 100.0 53.0 100.0 699.0 183.0 699.0 283.0 20.0 283.0 
2 6 1.65 1.65 417.0 10.0 417.0 659.0 418.0 659.0 100.0 53.0 100.0 699.0 183.0 699.0 283.0 20.0 283.0 182.0 24.0 182.0 
2 7 1.92 1.92 417.0 10.0 417.0 659.0 418.0 659.0 100.0 53.0 100.0 699.0 183.0 699.0 283.0 20.0 283.0 182.0 24.0 182.0 273.0 74.0 273.0 
2 3 0.74 0.74 951.0 250.0 951.0 387.0 89.0 387.0 239.0 60.0 239.0 
2 4 0.8 0.8 951.0 250.0 951.0 387.0 89.0 387.0 239.0 60.0 239.0 376.0 22.0 376.0 
2 5 1.04 1.04 951.0 250.0 951.0 387.0 89.0 387.0 239.0 60.0 239.0 376.0 22.0 376.0 983.0 241.0 983.0 
2 6 1.66 1.66 951.0 250.0 951.0 387.0 89.0 387.0 239.0 60.0 239.0 376.0 22.0 376.0 983.0 241.0 983.0 82.0 51.0 82.0 
2 3 0.86 0.86 340.0 217.0 340.0 526.0 99.0 526.0 670.0 28.0 670.0 
2 4 1.31 1.31 340.0 217.0 340.0 526.0 99.0 526.0 670.0 28.0 670.0 51.0 23.0 51.0 
2 5 1.46 1.46 340.0 217.0 340.0 526.0 99.0 526.0 670.0 28.0 670.0 51.0 23.0 51.0 14.0 2.0 14.0 
2 6 1.73 1.73 340.0 217.0 340.0 526.0 99.0 526.0 670.0 28.0 670.0 51.0 23.0 51.0 14.0 2.0 14.0 509.0 140.0 509.0 
2 3 1.77 1.77 880.0 247.0 880.0 701.0 496.0 701.0 503.0 395.0 503.0 
2 3 0.98 0.98 428.0 101.0 428.0 682.0 214.0 682.0 824.0 356.0 824.0 
2 4 1.14 1.14 428.0 101.0 428.0 682.0 214.0 682.0 824.0 356.0 824.0 175.0 29.0 175.0 
2 5 1.15 1.15 428.0 101.0 428.0 682.0 214.0 682.0 824.0 356.0 824.0 175.0 29.0 175.0 145.0 1.0 145.0 
2 6 1.93 1.93 428.0 101.0 428.0 682.0 214.0 682.0 824.0 356.0 824.0 175.0 29.0 175.0 145.0 1.0 145.0 501.0 393.0 501.0 
2 3 1.57 1.57 320.0 252.0 320.0 542.0 229.0 542.0 850.0 314.0 850.0 
2 3 1.74 1.74 232.0 103.0 232.0 720.0 411.0 720.0 224.0 164.0 224.0 
2 4 1.75 1.75 232.0 103.0 232.0 720.0 411.0 720.0 224.0 164.0 224.0 845.0 7.0 845.0 
2 5 1.93 1.93 232.0 103.0 232.0 720.0 411.0 720.0 224.0 164.0 224.0 845.0 7.0 845.0 956.0 170.0 956.0 
2 3 1.86 1.86 512.0 177.0 512.0 956.0 537.0 956.0 576.0 552.0 576.0 
2 3 0.83 0.83 537.0 315.0 537.0 731.0 48.0 731.0 603.0 108.0 603.0 
2 4 1.51 1.51 537.0 315.0 537.0 731.0 48.0 731.0 603.0 108.0 603.0 898.0 616.0 898.0 
2 5 1.68 1.68 537.0 315.0 537.0 731.0 48.0 731.0 603.0 108.0 603.0 898.0 616.0 898.0 502.0 83.0 502.0 
2 3 0.47 0.47 695.0 75.0 695.0 269.0 52.0 269.0 333.0 58.0 333.0 
2 4 1.14 1.14 695.0 75.0 695.0 269.0 52.0 269.0 333.0 58.0 333.0 70.0 47.0 70.0 
2 5 1.81 1.81 695.0 75.0 695.0 269.0 52.0 269.0 333.0 58.0 333.0 70.0 47.0 70.0 688.0 463.0 688.0 
2 3 1.64 1.64 348.0 323.0 348.0 744.0 480.0 744.0 455.0 31.0 455.0 
2 4 1.66 1.66 348.0 323.0 348.0 744.0 480.0 744.0 455.0 31.0 455.0 798.0 21.0 798.0 
2 3 1.07 1.07 828.0 448.0 828.0 234.0 64.0 234.0 1000.0 256.0 1000.0 
2 3 0.8 0.8 601.0 133.0 601.0 795.0 41.0 795.0 581.0 310.0 581.0 
2 4 1.59 1.59 601.0 133.0 601.0 795.0 41.0 795.0 581.0 310.0 581.0 91.0 72.0 91.0 
2 5 1.63 1.63 601.0 133.0 601.0 795.0 41.0 795.0 581.0 310.0 581.0 91.0 72.0 91.0 231.0 9.0 231.0 
2 3 1.98 1.98 741.0 661.0 741.0 630.0 592.0 630.0 337.0 50.0 337.0 
2 3 1.27 1.27 312.0 104.0 312.0 297.0 141.0 297.0 175.0 82.0 175.0 
2 4 1.65 1.65 312.0 104.0 312.0 297.0 141.0 297.0 175.0 82.0 175.0 940.0 360.0 940.0 
2 5 1.98 1.98 312.0 104.0 312.0 297.0 141.0 297.0 175.0 82.0 175.0 940.0 360.0 940.0 814.0 264.0 814.0 
2 3 0.9 0.9 449.0 95.0 449.0 734.0 28.0 734.0 72.0 47.0 72.0 
2 4 1.02 1.02 449.0 95.0 449.0 734.0 28.0 734.0 72.0 47.0 72.0 679.0 83.0 679.0 
2 5 1.53 1.53 449.0 95.0 449.0 734.0 28.0 734.0 72.0 47.0 72.0 679.0 83.0 679.0 533.0 272.0 533.0 
2 6 1.84 1.84 449.0 95.0 449.0 734.0 28.0 734.0 72.0 47.0 72.0 679.0 83.0 679.0 533.0 272.0 533.0 524.0 163.0 524.0 
2 3 0.89 0.89 98.0 1.0 98.0 113.0 57.0 113.0 151.0 57.0 151.0 
2 4 1.64 1.64 98.0 1.0 98.0 113.0 57.0 113.0 151.0 57.0 151.0 215.0 162.0 215.0 
2 3 1.32 1.32 557.0 133.0 557.0 361.0 283.0 361.0 975.0 298.0 975.0 
2 3 1.09 1.09 715.0 532.0 715.0 716.0 105.0 716.0 999.0 205.0 999.0 
2 4 1.17 1.17 715.0 532.0 715.0 716.0 105.0 716.0 999.0 205.0 999.0 77.0 6.0 77.0 
2 5 1.93 1.93 715.0 532.0 715.0 716.0 105.0 716.0 999.0 205.0 999.0 77.0 6.0 77.0 337.0 255.0 337.0 
2 3 1.13 1.13 101.0 2.0 101.0 284.0 82.0 284.0 862.0 716.0 862.0 
2 4 1.39 1.39 101.0 2.0 101.0 284.0 82.0 284.0 862.0 716.0 862.0 975.0 246.0 975.0 
2 5 1.9 1.9 101.0 2.0 101.0 284.0 82.0 284.0 862.0 716.0 862.0 975.0 246.0 975.0 465.0 240.0 465.0 
2 3 1.53 1.53 788.0 135.0 788.0 920.0 575.0 920.0 703.0 522.0 703.0 
2 3 1.56 1.56 20.0 17.0 20.0 120.0 44.0 120.0 419.0 146.0 419.0 
2 4 1.88 1.88 20.0 17.0 20.0 120.0 44.0 120.0 419.0 146.0 419.0 104.0 33.0 104.0 
2 3 1.18 1.18 954.0 339.0 954.0 746.0 173.0 746.0 425.0 253.0 425.0 
2 4 1.78 1.78 954.0 339.0 954.0 746.0 173.0 746.0 425.0 253.0 425.0 33.0 20.0 33.0 
2 5 1.84 1.84 954.0 339.0 954.0 746.0 173.0 746.0 425.0 253.0 425.0 33.0 20.0 33.0 178.0 10.0 178.0 
2 6 1.89 1.89 954.0 339.0 954.0 746.0 173.0 746.0 425.0 253.0 425.0 33.0 20.0 33.0 178.0 10.0 178.0 507.0 25.0 507.0 
2 3 1.35 1.35 716.0 460.0 716.0 979.0 259.0 979.0 581.0 263.0 581.0 
2 4 1.64 1.64 716.0 460.0 716.0 979.0 259.0 979.0 581.0 263.0 581.0 876.0 248.0 876.0 
2 3 0.42 0.42 35.0 7.0 35.0 646.0 135.0 646.0 830.0 12.0 830.0 
2 4 0.86 0.86 35.0 7.0 35.0 646.0 135.0 646.0 830.0 12.0 830.0 910.0 401.0 910.0 
2 5 1.31 1.31 35.0 7.0 35.0 646.0 135.0 646.0 830.0 12.0 830.0 910.0 401.0 910.0 562.0 256.0 562.0 
2 3 1.1 1.1 833.0 433.0 833.0 548.0 24.0 548.0 559.0 305.0 559.0 
2 4 1.45 1.45 833.0 433.0 833.0 548.0 24.0 548.0 559.0 305.0 559.0 921.0 318.0 921.0 
2 5 1.47 1.47 833.0 433.0 833.0 548.0 24.0 548.0 559.0 305.0 559.0 921.0 318.0 921.0 662.0 13.0 662.0 
2 6 1.81 1.81 833.0 433.0 833.0 548.0 24.0 548.0 559.0 305.0 559.0 921.0 318.0 921.0 662.0 13.0 662.0 810.0 274.0 810.0 
2 3 0.81 0.81 235.0 72.0 235.0 558.0 47.0 558.0 708.0 301.0 708.0 
2 4 1.05 1.05 235.0 72.0 235.0 558.0 47.0 558.0 708.0 301.0 708.0 885.0 213.0 885.0 
2 5 1.57 1.57 235.0 72.0 235.0 558.0 47.0 558.0 708.0 301.0 708.0 885.0 213.0 885.0 81.0 42.0 81.0 
2 6 1.63 1.63 235.0 72.0 235.0 558.0 47.0 558.0 708.0 301.0 708.0 885.0 213.0 885.0 81.0 42.0 81.0 884.0 56.0 884.0 
2 7 1.67 1.67 235.0 72.0 235.0 558.0 47.0 558.0 708.0 301.0 708.0 885.0 213.0 885.0 81.0 42.0 81.0 884.0 56.0 884.0 609.0 21.0 609.0 
2 8 1.96 1.96 235.0 72.0 235.0 558.0 47.0 558.0 708.0 301.0 708.0 885.0 213.0 885.0 81.0 42.0 81.0 884.0 56.0 884.0 609.0 21.0 609.0 853.0 249.0 853.0 
2 9 1.99 1.99 235.0 72.0 235.0 558.0 47.0 558.0 708.0 301.0 708.0 885.0 213.0 885.0 81.0 42.0 81.0 884.0 56.0 884.0 609.0 21.0 609.0 853.0 249.0 853.0 234.0 7.0 234.0 
2 3 1.15 1.15 843.0 214.0 843.0 290.0 170.0 290.0 867.0 274.0 867.0 
2 4 1.69 1.69 843.0 214.0 843.0 290.0 170.0 290.0 867.0 274.0 867.0 322.0 172.0 322.0 
2 5 1.91 1.91 843.0 214.0 843.0 290.0 170.0 290.0 867.0 274.0 867.0 322.0 172.0 322.0 992.0 218.0 992.0 
2 3 1.28 1.28 163.0 79.0 163.0 424.0 329.0 424.0 268.0 6.0 268.0 
2 4 1.62 1.62 163.0 79.0 163.0 424.0 329.0 424.0 268.0 6.0 268.0 173.0 59.0 173.0 
2 3 0.9 0.9 555.0 201.0 555.0 529.0 201.0 529.0 216.0 35.0 216.0 
2 4 1.34 1.34 555.0 201.0 555.0 529.0 201.0 529.0 216.0 35.0 216.0 399.0 174.0 399.0 
2 3 0.11 0.11 435.0 24.0 435.0 126.0 1.0 126.0 559.0 27.0 559.0 
2 4 0.97 0.97 435.0 24.0 435.0 126.0 1.0 126.0 559.0 27.0 559.0 585.0 508.0 585.0 
2 5 1.35 1.35 435.0 24.0 435.0 126.0 1.0 126.0 559.0 27.0 559.0 585.0 508.0 585.0 910.0 341.0 910.0 
2 3 1.0 1.0 947.0 482.0 947.0 550.0 180.0 550.0 424.0 73.0 424.0 
2 4 1.53 1.53 947.0 482.0 947.0 550.0 180.0 550.0 424.0 73.0 424.0 838.0 440.0 838.0 
2 5 1.54 1.54 947.0 482.0 947.0 550.0 180.0 550.0 424.0 73.0 424.0 838.0 440.0 838.0 865.0 14.0 865.0 
2 6 1.72 1.72 947.0 482.0 947.0 550.0 180.0 550.0 424.0 73.0 424.0 838.0 440.0 838.0 865.0 14.0 865.0 690.0 121.0 690.0 
2 7 1.92 1.92 947.0 482.0 947.0 550.0 180.0 550.0 424.0 73.0 424.0 838.0 440.0 838.0 865.0 14.0 865.0 690.0 121.0 690.0 353.0 69.0 353.0 
2 3 1.96 1.96 996.0 903.0 996.0 493.0 410.0 493.0 853.0 193.0 853.0 
2 3 0.94 0.94 297.0 130.0 297.0 800.0 240.0 800.0 187.0 39.0 187.0 
2 4 1.82 1.82 297.0 130.0 297.0 800.0 240.0 800.0 187.0 39.0 187.0 171.0 150.0 171.0 
2 5 1.87 1.87 297.0 130.0 297.0 800.0 240.0 800.0 187.0 39.0 187.0 171.0 150.0 171.0 89.0 5.0 89.0 
2 3 0.79 0.79 531.0 151.0 531.0 254.0 125.0 254.0 512.0 9.0 512.0 
2 4 1.6 1.6 531.0 151.0 531.0 254.0 125.0 254.0 512.0 9.0 512.0 382.0 310.0 382.0 
2 5 1.74 1.74 531.0 151.0 531.0 254.0 125.0 254.0 512.0 9.0 512.0 382.0 310.0 382.0 582.0 84.0 582.0 
2 3 1.52 1.52 155.0 100.0 155.0 908.0 373.0 908.0 589.0 279.0 589.0 
2 3 0.44 0.44 501.0 28.0 501.0 949.0 82.0 949.0 877.0 263.0 877.0 
2 4 1.03 1.03 501.0 28.0 501.0 949.0 82.0 949.0 877.0 263.0 877.0 455.0 271.0 455.0 
2 5 1.67 1.67 501.0 28.0 501.0 949.0 82.0 949.0 877.0 263.0 877.0 455.0 271.0 455.0 41.0 26.0 41.0 
2 3 1.15 1.15 573.0 228.0 573.0 795.0 293.0 795.0 862.0 336.0 862.0 
2 4 1.88 1.88 573.0 228.0 573.0 795.0 293.0 795.0 862.0 336.0 862.0 503.0 368.0 503.0 
2 3 0.99 0.99 215.0 19.0 215.0 447.0 26.0 447.0 273.0 231.0 273.0 
2 4 1.05 1.05 215.0 19.0 215.0 447.0 26.0 447.0 273.0 231.0 273.0 443.0 29.0 443.0 
2 5 1.28 1.28 215.0 19.0 215.0 447.0 26.0 447.0 273.0 231.0 273.0 443.0 29.0 443.0 39.0 9.0 39.0 
2 6 1.71 1.71 215.0 19.0 215.0 447.0 26.0 447.0 273.0 231.0 273.0 443.0 29.0 443.0 39.0 9.0 39.0 199.0 84.0 199.0 
2 3 1.81 1.81 17.0 11.0 17.0 250.0 224.0 250.0 400.0 107.0 400.0 
2 3 0.4 0.4 426.0 156.0 426.0 431.0 11.0 431.0 666.0 9.0 666.0 
2 4 1.06 1.06 426.0 156.0 426.0 431.0 11.0 431.0 666.0 9.0 666.0 557.0 368.0 557.0 
2 5 1.51 1.51 426.0 156.0 426.0 431.0 11.0 431.0 666.0 9.0 666.0 557.0 368.0 557.0 492.0 223.0 492.0 
2 6 1.74 1.74 426.0 156.0 426.0 431.0 11.0 431.0 666.0 9.0 666.0 557.0 368.0 557.0 492.0 223.0 492.0 620.0 140.0 620.0 
2 7 1.99 1.99 426.0 156.0 426.0 431.0 11.0 431.0 666.0 9.0 666.0 557.0 368.0 557.0 492.0 223.0 492.0 620.0 140.0 620.0 4.0 1.0 4.0 
2 3 0.81 0.81 911.0 131.0 911.0 153.0 99.0 153.0 505.0 14.0 505.0 
2 4 1.27 1.27 911.0 131.0 911.0 153.0 99.0 153.0 505.0 14.0 505.0 11.0 5.0 11.0 
2 5 1.69 1.69 911.0 131.0 911.0 153.0 99.0 153.0 505.0 14.0 505.0 11.0 5.0 11.0 467.0 195.0 467.0 
2 6 1.79 1.79 911.0 131.0 911.0 153.0 99.0 153.0 505.0 14.0 505.0 11.0 5.0 11.0 467.0 195.0 467.0 842.0 90.0 842.0 
2 3 1.4 1.4 179.0 138.0 179.0 731.0 413.0 731.0 384.0 27.0 384.0 
2 4 1.61 1.61 179.0 138.0 179.0 731.0 413.0 731.0 384.0 27.0 384.0 416.0 85.0 416.0 
2 5 1.67 1.67 179.0 138.0 179.0 731.0 413.0 731.0 384.0 27.0 384.0 416.0 85.0 416.0 48.0 3.0 48.0 
2 6 1.7 1.7 179.0 138.0 179.0 731.0 413.0 731.0 384.0 27.0 384.0 416.0 85.0 416.0 48.0 3.0 48.0 955.0 29.0 955.0 
2 3 0.59 0.59 288.0 80.0 288.0 450.0 122.0 450.0 484.0 23.0 484.0 
2 4 0.99 0.99 288.0 80.0 288.0 450.0 122.0 450.0 484.0 23.0 484.0 195.0 78.0 195.0 
2 5 1.26 1.26 288.0 80.0 288.0 450.0 122.0 450.0 484.0 23.0 484.0 195.0 78.0 195.0 416.0 112.0 416.0 
2 6 1.41 1.41 288.0 80.0 288.0 450.0 122.0 450.0 484.0 23.0 484.0 195.0 78.0 195.0 416.0 112.0 416.0 547.0 83.0 547.0 
2 7 1.57 1.57 288.0 80.0 288.0 450.0 122.0 450.0 484.0 23.0 484.0 195.0 78.0 195.0 416.0 112.0 416.0 547.0 83.0 547.0 429.0 69.0 429.0 
2 3 1.06 1.06 377.0 107.0 377.0 973.0 523.0 973.0 802.0 199.0 802.0 
2 4 1.13 1.13 377.0 107.0 377.0 973.0 523.0 973.0 802.0 199.0 802.0 713.0 44.0 713.0 
2 5 1.26 1.26 377.0 107.0 377.0 973.0 523.0 973.0 802.0 199.0 802.0 713.0 44.0 713.0 435.0 60.0 435.0 
2 3 0.9 0.9 506.0 62.0 506.0 778.0 259.0 778.0 637.0 287.0 637.0 
2 4 1.06 1.06 506.0 62.0 506.0 778.0 259.0 778.0 637.0 287.0 637.0 855.0 136.0 855.0 
2 5 1.13 1.13 506.0 62.0 506.0 778.0 259.0 778.0 637.0 287.0 637.0 855.0 136.0 855.0 290.0 20.0 290.0 
2 6 1.26 1.26 506.0 62.0 506.0 778.0 259.0 778.0 637.0 287.0 637.0 855.0 136.0 855.0 290.0 20.0 290.0 327.0 43.0 327.0 
2 7 1.32 1.32 506.0 62.0 506.0 778.0 259.0 778.0 637.0 287.0 637.0 855.0 136.0 855.0 290.0 20.0 290.0 327.0 43.0 327.0 627.0 39.0 627.0 
2 8 1.72 1.72 506.0 62.0 506.0 778.0 259.0 778.0 637.0 287.0 637.0 855.0 136.0 855.0 290.0 20.0 290.0 327.0 43.0 327.0 627.0 39.0 627.0 511.0 205.0 511.0 
2 3 1.41 1.41 275.0 2.0 275.0 701.0 604.0 701.0 931.0 506.0 931.0 
2 4 1.78 1.78 275.0 2.0 275.0 701.0 604.0 701.0 931.0 506.0 931.0 737.0 272.0 737.0 
2 3 0.56 0.56 467.0 53.0 467.0 321.0 22.0 321.0 894.0 339.0 894.0 
2 4 0.66 0.66 467.0 53.0 467.0 321.0 22.0 321.0 894.0 339.0 894.0 381.0 40.0 381.0 
2 5 0.95 0.95 467.0 53.0 467.0 321.0 22.0 321.0 894.0 339.0 894.0 381.0 40.0 381.0 168.0 49.0 168.0 
2 6 1.73 1.73 467.0 53.0 467.0 321.0 22.0 321.0 894.0 339.0 894.0 381.0 40.0 381.0 168.0 49.0 168.0 968.0 754.0 968.0 
2 7 1.77 1.77 467.0 53.0 467.0 321.0 22.0 321.0 894.0 339.0 894.0 381.0 40.0 381.0 168.0 49.0 168.0 968.0 754.0 968.0 947.0 34.0 947.0 
2 3 0.97 0.97 352.0 35.0 352.0 231.0 23.0 231.0 935.0 727.0 935.0 
2 4 1.88 1.88 352.0 35.0 352.0 231.0 23.0 231.0 935.0 727.0 935.0 64.0 58.0 64.0 
2 3 1.21 1.21 419.0 331.0 419.0 713.0 29.0 713.0 852.0 331.0 852.0 
2 3 1.08 1.08 921.0 143.0 921.0 507.0 54.0 507.0 219.0 181.0 219.0 
2 4 1.27 1.27 921.0 143.0 921.0 507.0 54.0 507.0 219.0 181.0 219.0 457.0 84.0 457.0 
2 5 1.68 1.68 921.0 143.0 921.0 507.0 54.0 507.0 219.0 181.0 219.0 457.0 84.0 457.0 528.0 217.0 528.0 
2 6 1.94 1.94 921.0 143.0 921.0 507.0 54.0 507.0 219.0 181.0 219.0 457.0 84.0 457.0 528.0 217.0 528.0 825.0 215.0 825.0 
2 3 0.76 0.76 390.0 156.0 390.0 501.0 83.0 501.0 393.0 77.0 393.0 
2 4 1.58 1.58 390.0 156.0 390.0 501.0 83.0 501.0 393.0 77.0 393.0 135.0 111.0 135.0 
2 5 1.95 1.95 390.0 156.0 390.0 501.0 83.0 501.0 393.0 77.0 393.0 135.0 111.0 135.0 878.0 329.0 878.0 
2 3 0.64 0.64 746.0 269.0 746.0 765.0 120.0 765.0 807.0 101.0 807.0 
2 4 1.2 1.2 746.0 269.0 746.0 765.0 120.0 765.0 807.0 101.0 807.0 453.0 254.0 453.0 
2 5 1.86 1.86 746.0 269.0 746.0 765.0 120.0 765.0 807.0 101.0 807.0 453.0 254.0 453.0 231.0 154.0 231.0 
2 6 1.94 1.94 746.0 269.0 746.0 765.0 120.0 765.0 807.0 101.0 807.0 453.0 254.0 453.0 231.0 154.0 231.0 13.0 1.0 13.0 
2 3 1.06 1.06 969.0 92.0 969.0 853.0 163.0 853.0 396.0 310.0 396.0 
2 4 1.32 1.32 969.0 92.0 969.0 853.0 163.0 853.0 396.0 310.0 396.0 381.0 96.0 381.0 
2 5 1.49 1.49 969.0 92.0 969.0 853.0 163.0 853.0 396.0 310.0 396.0 381.0 96.0 381.0 895.0 154.0 895.0 
2 6 1.65 1.65 969.0 92.0 969.0 853.0 163.0 853.0 396.0 310.0 396.0 381.0 96.0 381.0 895.0 154.0 895.0 54.0 9.0 54.0 
2 7 1.73 1.73 969.0 92.0 969.0 853.0 163.0 853.0 396.0 310.0 396.0 381.0 96.0 381.0 895.0 154.0 895.0 54.0 9.0 54.0 501.0 39.0 501.0 
2 3 0.84 0.84 361.0 28.0 361.0 644.0 255.0 644.0 823.0 308.0 823.0 
2 4 1.8 1.8 361.0 28.0 361.0 644.0 255.0 644.0 823.0 308.0 823.0 577.0 553.0 577.0 
2 3 0.86 0.86 916.0 252.0 916.0 59.0 30.0 59.0 386.0 32.0 386.0 
2 4 1.07 1.07 916.0 252.0 916.0 59.0 30.0 59.0 386.0 32.0 386.0 451.0 95.0 451.0 
2 5 1.43 1.43 916.0 252.0 916.0 59.0 30.0 59.0 386.0 32.0 386.0 451.0 95.0 451.0 184.0 66.0 184.0 
2 3 1.39 1.39 346.0 90.0 346.0 404.0 348.0 404.0 332.0 92.0 332.0 
2 4 1.83 1.83 346.0 90.0 346.0 404.0 348.0 404.0 332.0 92.0 332.0 371.0 163.0 371.0 
2 3 1.65 1.65 951.0 195.0 951.0 636.0 456.0 636.0 401.0 295.0 401.0 
2 3 1.96 1.96 618.0 428.0 618.0 499.0 498.0 499.0 812.0 224.0 812.0 
2 3 1.13 1.13 21.0 7.0 21.0 681.0 190.0 681.0 245.0 127.0 245.0 
2 4 1.42 1.42 21.0 7.0 21.0 681.0 190.0 681.0 245.0 127.0 245.0 570.0 167.0 570.0 
2 3 1.51 1.51 884.0 456.0 884.0 319.0 124.0 319.0 532.0 326.0 532.0 
2 4 1.66 1.66 884.0 456.0 884.0 319.0 124.0 319.0 532.0 326.0 532.0 41.0 6.0 41.0 
2 3 1.82 1.82 286.0 158.0 286.0 643.0 306.0 643.0 159.0 126.0 159.0 
2 3 1.24 1.24 775.0 498.0 775.0 504.0 112.0 504.0 411.0 158.0 411.0 
2 3 1.66 1.66 832.0 655.0 832.0 472.0 13.0 472.0 907.0 773.0 907.0 
2 3 1.39 1.39 87.0 72.0 87.0 100.0 48.0 100.0 444.0 37.0 444.0 
2 4 1.63 1.63 87.0 72.0 87.0 100.0 48.0 100.0 444.0 37.0 444.0 81.0 20.0 81.0 
2 3 0.77 0.77 834.0 25.0 834.0 60.0 39.0 60.0 831.0 81.0 831.0 
2 4 1.76 1.76 834.0 25.0 834.0 60.0 39.0 60.0 831.0 81.0 831.0 907.0 899.0 907.0 
2 3 1.2 1.2 276.0 65.0 276.0 408.0 282.0 408.0 82.0 23.0 82.0 
2 4 1.87 1.87 276.0 65.0 276.0 408.0 282.0 408.0 82.0 23.0 82.0 719.0 483.0 719.0 
2 3 1.57 1.57 627.0 500.0 627.0 145.0 92.0 145.0 441.0 65.0 441.0 
2 4 1.69 1.69 627.0 500.0 627.0 145.0 92.0 145.0 441.0 65.0 441.0 572.0 64.0 572.0 
2 5 1.76 1.76 627.0 500.0 627.0 145.0 92.0 145.0 441.0 65.0 441.0 572.0 64.0 572.0 907.0 71.0 907.0 
2 6 1.89 1.89 627.0 500.0 627.0 145.0 92.0 145.0 441.0 65.0 441.0 572.0 64.0 572.0 907.0 71.0 907.0 127.0 16.0 127.0 
2 3 1.59 1.59 821.0 743.0 821.0 525.0 21.0 525.0 423.0 276.0 423.0 
2 3 1.08 1.08 467.0 150.0 467.0 27.0 17.0 27.0 261.0 34.0 261.0 
2 4 1.43 1.43 467.0 150.0 467.0 27.0 17.0 27.0 261.0 34.0 261.0 919.0 326.0 919.0 
2 5 1.53 1.53 467.0 150.0 467.0 27.0 17.0 27.0 261.0 34.0 261.0 919.0 326.0 919.0 21.0 2.0 21.0 
2 6 1.55 1.55 467.0 150.0 467.0 27.0 17.0 27.0 261.0 34.0 261.0 919.0 326.0 919.0 21.0 2.0 21.0 882.0 17.0 882.0 
2 7 1.71 1.71 467.0 150.0 467.0 27.0 17.0 27.0 261.0 34.0 261.0 919.0 326.0 919.0 21.0 2.0 21.0 882.0 17.0 882.0 787.0 128.0 787.0 
2 8 1.74 1.74 467.0 150.0 467.0 27.0 17.0 27.0 261.0 34.0 261.0 919.0 326.0 919.0 21.0 2.0 21.0 882.0 17.0 882.0 787.0 128.0 787.0 583.0 20.0 583.0 
2 9 1.93 1.93 467.0 150.0 467.0 27.0 17.0 27.0 261.0 34.0 261.0 919.0 326.0 919.0 21.0 2.0 21.0 882.0 17.0 882.0 787.0 128.0 787.0 583.0 20.0 583.0 160.0 30.0 160.0 
2 3 1.23 1.23 906.0 89.0 906.0 964.0 530.0 964.0 79.0 46.0 79.0 
2 3 0.93 0.93 927.0 743.0 927.0 262.0 14.0 262.0 530.0 42.0 530.0 
2 4 1.29 1.29 927.0 743.0 927.0 262.0 14.0 262.0 530.0 42.0 530.0 644.0 230.0 644.0 
2 5 1.58 1.58 927.0 743.0 927.0 262.0 14.0 262.0 530.0 42.0 530.0 644.0 230.0 644.0 615.0 183.0 615.0 
2 6 1.92 1.92 927.0 743.0 927.0 262.0 14.0 262.0 530.0 42.0 530.0 644.0 230.0 644.0 615.0 183.0 615.0 359.0 119.0 359.0 
2 3 1.48 1.48 728.0 638.0 728.0 532.0 277.0 532.0 650.0 56.0 650.0 
2 3 1.56 1.56 425.0 204.0 425.0 73.0 7.0 73.0 235.0 233.0 235.0 
2 4 1.97 1.97 425.0 204.0 425.0 73.0 7.0 73.0 235.0 233.0 235.0 845.0 342.0 845.0 
2 3 1.48 1.48 266.0 227.0 266.0 99.0 37.0 99.0 364.0 93.0 364.0 
2 4 1.9 1.9 266.0 227.0 266.0 99.0 37.0 99.0 364.0 93.0 364.0 431.0 184.0 431.0 
2 3 1.12 1.12 783.0 158.0 783.0 697.0 65.0 697.0 658.0 544.0 658.0 
2 4 1.64 1.64 783.0 158.0 783.0 697.0 65.0 697.0 658.0 544.0 658.0 36.0 19.0 36.0 
2 5 1.78 1.78 783.0 158.0 783.0 697.0 65.0 697.0 658.0 544.0 658.0 36.0 19.0 36.0 504.0 67.0 504.0 
2 3 1.58 1.58 631.0 165.0 631.0 951.0 544.0 951.0 387.0 292.0 387.0 
2 3 1.4 1.4 391.0 82.0 391.0 20.0 11.0 20.0 739.0 476.0 739.0 
2 4 1.93 1.93 391.0 82.0 391.0 20.0 11.0 20.0 739.0 476.0 739.0 703.0 370.0 703.0 
2 3 1.48 1.48 565.0 56.0 565.0 636.0 325.0 636.0 804.0 701.0 804.0 
2 4 1.53 1.53 565.0 56.0 565.0 636.0 325.0 636.0 804.0 701.0 804.0 735.0 42.0 735.0 
2 5 1.55 1.55 565.0 56.0 565.0 636.0 325.0 636.0 804.0 701.0 804.0 735.0 42.0 735.0 169.0 2.0 169.0 
2 3 0.7 0.7 593.0 88.0 593.0 256.0 77.0 256.0 268.0 69.0 268.0 
2 4 1.37 1.37 593.0 88.0 593.0 256.0 77.0 256.0 268.0 69.0 268.0 200.0 134.0 200.0 
2 5 1.46 1.46 593.0 88.0 593.0 256.0 77.0 256.0 268.0 69.0 268.0 200.0 134.0 200.0 809.0 68.0 809.0 
2 6 1.91 1.91 593.0 88.0 593.0 256.0 77.0 256.0 268.0 69.0 268.0 200.0 134.0 200.0 809.0 68.0 809.0 923.0 418.0 923.0 
2 3 0.57 0.57 941.0 89.0 941.0 493.0 159.0 493.0 52.0 8.0 52.0 
2 4 1.53 1.53 941.0 89.0 941.0 493.0 159.0 493.0 52.0 8.0 52.0 321.0 311.0 321.0 
2 5 1.66 1.66 941.0 89.0 941.0 493.0 159.0 493.0 52.0 8.0 52.0 321.0 311.0 321.0 867.0 106.0 867.0 
2 3 1.15 1.15 339.0 104.0 339.0 484.0 59.0 484.0 410.0 299.0 410.0 
2 4 1.4 1.4 339.0 104.0 339.0 484.0 59.0 484.0 410.0 299.0 410.0 888.0 222.0 888.0 
2 5 1.68 1.68 339.0 104.0 339.0 484.0 59.0 484.0 410.0 299.0 410.0 888.0 222.0 888.0 32.0 9.0 32.0 
2 3 0.71 0.71 391.0 88.0 391.0 437.0 192.0 437.0 955.0 53.0 955.0 
2 4 0.83 0.83 391.0 88.0 391.0 437.0 192.0 437.0 955.0 53.0 955.0 427.0 51.0 427.0 
2 5 1.41 1.41 391.0 88.0 391.0 437.0 192.0 437.0 955.0 53.0 955.0 427.0 51.0 427.0 343.0 199.0 343.0 
2 6 1.66 1.66 391.0 88.0 391.0 437.0 192.0 437.0 955.0 53.0 955.0 427.0 51.0 427.0 343.0 199.0 343.0 28.0 7.0 28.0 
2 7 1.87 1.87 391.0 88.0 391.0 437.0 192.0 437.0 955.0 53.0 955.0 427.0 51.0 427.0 343.0 199.0 343.0 28.0 7.0 28.0 948.0 194.0 948.0 
2 3 0.95 0.95 893.0 583.0 893.0 610.0 181.0 610.0 556.0 1.0 556.0 
2 4 1.23 1.23 893.0 583.0 893.0 610.0 181.0 610.0 556.0 1.0 556.0 93.0 26.0 93.0 
2 5 1.43 1.43 893.0 583.0 893.0 610.0 181.0 610.0 556.0 1.0 556.0 93.0 26.0 93.0 986.0 205.0 986.0 
2 6 1.82 1.82 893.0 583.0 893.0 610.0 181.0 610.0 556.0 1.0 556.0 93.0 26.0 93.0 986.0 205.0 986.0 376.0 147.0 376.0 
2 3 0.31 0.31 905.0 117.0 905.0 954.0 72.0 954.0 514.0 57.0 514.0 
2 4 0.69 0.69 905.0 117.0 905.0 954.0 72.0 954.0 514.0 57.0 514.0 24.0 9.0 24.0 
2 5 1.5 1.5 905.0 117.0 905.0 954.0 72.0 954.0 514.0 57.0 514.0 24.0 9.0 24.0 399.0 325.0 399.0 
2 6 1.77 1.77 905.0 117.0 905.0 954.0 72.0 954.0 514.0 57.0 514.0 24.0 9.0 24.0 399.0 325.0 399.0 842.0 226.0 842.0 
2 7 1.94 1.94 905.0 117.0 905.0 954.0 72.0 954.0 514.0 57.0 514.0 24.0 9.0 24.0 399.0 325.0 399.0 842.0 226.0 842.0 754.0 130.0 754.0 
2 3 1.99 1.99 41.0 24.0 41.0 941.0 567.0 941.0 720.0 579.0 720.0 
2 3 1.56 1.56 554.0 536.0 554.0 749.0 50.0 749.0 519.0 278.0 519.0 
2 4 1.66 1.66 554.0 536.0 554.0 749.0 50.0 749.0 519.0 278.0 519.0 908.0 87.0 908.0 
2 5 1.71 1.71 554.0 536.0 554.0 749.0 50.0 749.0 519.0 278.0 519.0 908.0 87.0 908.0 673.0 31.0 673.0 
2 6 1.9 1.9 554.0 536.0 554.0 749.0 50.0 749.0 519.0 278.0 519.0 908.0 87.0 908.0 673.0 31.0 673.0 21.0 4.0 21.0 
2 3 0.6 0.6 33.0 14.0 33.0 559.0 58.0 559.0 322.0 25.0 322.0 
2 4 0.86 0.86 33.0 14.0 33.0 559.0 58.0 559.0 322.0 25.0 322.0 916.0 240.0 916.0 
2 5 1.14 1.14 33.0 14.0 33.0 559.0 58.0 559.0 322.0 25.0 322.0 916.0 240.0 916.0 404.0 113.0 404.0 
2 6 1.33 1.33 33.0 14.0 33.0 559.0 58.0 559.0 322.0 25.0 322.0 916.0 240.0 916.0 404.0 113.0 404.0 829.0 155.0 829.0 
2 7 1.62 1.62 33.0 14.0 33.0 559.0 58.0 559.0 322.0 25.0 322.0 916.0 240.0 916.0 404.0 113.0 404.0 829.0 155.0 829.0 209.0 60.0 209.0 
2 8 1.81 1.81 33.0 14.0 33.0 559.0 58.0 559.0 322.0 25.0 322.0 916.0 240.0 916.0 404.0 113.0 404.0 829.0 155.0 829.0 209.0 60.0 209.0 31.0 6.0 31.0 
2 9 1.85 1.85 33.0 14.0 33.0 559.0 58.0 559.0 322.0 25.0 322.0 916.0 240.0 916.0 404.0 113.0 404.0 829.0 155.0 829.0 209.0 60.0 209.0 31.0 6.0 31.0 378.0 14.0 378.0 
2 3 1.08 1.08 826.0 270.0 826.0 423.0 256.0 423.0 32.0 5.0 32.0 
2 4 1.12 1.12 826.0 270.0 826.0 423.0 256.0 423.0 32.0 5.0 32.0 817.0 30.0 817.0 
2 5 1.33 1.33 826.0 270.0 826.0 423.0 256.0 423.0 32.0 5.0 32.0 817.0 30.0 817.0 869.0 184.0 869.0 
2 6 1.99 1.99 826.0 270.0 826.0 423.0 256.0 423.0 32.0 5.0 32.0 817.0 30.0 817.0 869.0 184.0 869.0 238.0 157.0 238.0 
2 3 1.23 1.23 487.0 393.0 487.0 442.0 37.0 442.0 982.0 336.0 982.0 
2 4 1.46 1.46 487.0 393.0 487.0 442.0 37.0 442.0 982.0 336.0 982.0 923.0 215.0 923.0 
2 3 0.87 0.87 913.0 96.0 913.0 918.0 470.0 918.0 126.0 32.0 126.0 
2 4 1.06 1.06 913.0 96.0 913.0 918.0 470.0 918.0 126.0 32.0 126.0 420.0 83.0 420.0 
2 5 1.12 1.12 913.0 96.0 913.0 918.0 470.0 918.0 126.0 32.0 126.0 420.0 83.0 420.0 962.0 52.0 962.0 
2 6 1.22 1.22 913.0 96.0 913.0 918.0 470.0 918.0 126.0 32.0 126.0 420.0 83.0 420.0 962.0 52.0 962.0 520.0 54.0 520.0 
2 7 1.59 1.59 913.0 96.0 913.0 918.0 470.0 918.0 126.0 32.0 126.0 420.0 83.0 420.0 962.0 52.0 962.0 520.0 54.0 520.0 84.0 31.0 84.0 
2 8 1.76 1.76 913.0 96.0 913.0 918.0 470.0 918.0 126.0 32.0 126.0 420.0 83.0 420.0 962.0 52.0 962.0 520.0 54.0 520.0 84.0 31.0 84.0 41.0 7.0 41.0 
2 9 1.93 1.93 913.0 96.0 913.0 918.0 470.0 918.0 126.0 32.0 126.0 420.0 83.0 420.0 962.0 52.0 962.0 520.0 54.0 520.0 84.0 31.0 84.0 41.0 7.0 41.0 554.0 91.0 554.0 
2 3 1.83 1.83 917.0 159.0 917.0 784.0 783.0 784.0 90.0 60.0 90.0 
2 3 0.8 0.8 376.0 132.0 376.0 72.0 25.0 72.0 909.0 94.0 909.0 
2 4 1.15 1.15 376.0 132.0 376.0 72.0 25.0 72.0 909.0 94.0 909.0 104.0 37.0 104.0 
2 5 1.85 1.85 376.0 132.0 376.0 72.0 25.0 72.0 909.0 94.0 909.0 104.0 37.0 104.0 75.0 52.0 75.0 
2 3 0.85 0.85 233.0 40.0 233.0 407.0 71.0 407.0 975.0 497.0 975.0 
2 4 1.63 1.63 233.0 40.0 233.0 407.0 71.0 407.0 975.0 497.0 975.0 978.0 758.0 978.0 
2 5 1.79 1.79 233.0 40.0 233.0 407.0 71.0 407.0 975.0 497.0 975.0 978.0 758.0 978.0 332.0 55.0 332.0 
2 3 1.08 1.08 191.0 34.0 191.0 881.0 33.0 881.0 919.0 797.0 919.0 
2 3 1.56 1.56 180.0 175.0 180.0 716.0 112.0 716.0 976.0 422.0 976.0 
2 4 1.9 1.9 180.0 175.0 180.0 716.0 112.0 716.0 976.0 422.0 976.0 167.0 57.0 167.0 
2 3 0.82 0.82 374.0 66.0 374.0 787.0 322.0 787.0 115.0 28.0 115.0 
2 4 1.23 1.23 374.0 66.0 374.0 787.0 322.0 787.0 115.0 28.0 115.0 228.0 93.0 228.0 
2 5 1.31 1.31 374.0 66.0 374.0 787.0 322.0 787.0 115.0 28.0 115.0 228.0 93.0 228.0 411.0 33.0 411.0 
2 3 1.78 1.78 2.0 2.0 2.0 57.0 1.0 57.0 635.0 485.0 635.0 
2 3 1.57 1.57 764.0 727.0 764.0 902.0 47.0 902.0 135.0 77.0 135.0 
2 4 1.99 1.99 764.0 727.0 764.0 902.0 47.0 902.0 135.0 77.0 135.0 81.0 34.0 81.0 
2 3 1.04 1.04 971.0 696.0 971.0 790.0 24.0 790.0 461.0 139.0 461.0 
2 4 1.93 1.93 971.0 696.0 971.0 790.0 24.0 790.0 461.0 139.0 461.0 990.0 878.0 990.0 
2 3 0.86 0.86 710.0 88.0 710.0 812.0 252.0 812.0 826.0 357.0 826.0 
2 4 0.93 0.93 710.0 88.0 710.0 812.0 252.0 812.0 826.0 357.0 826.0 670.0 46.0 670.0 
2 5 1.07 1.07 710.0 88.0 710.0 812.0 252.0 812.0 826.0 357.0 826.0 670.0 46.0 670.0 670.0 92.0 670.0 
2 6 1.63 1.63 710.0 88.0 710.0 812.0 252.0 812.0 826.0 357.0 826.0 670.0 46.0 670.0 670.0 92.0 670.0 858.0 480.0 858.0 
2 3 0.33 0.33 708.0 178.0 708.0 683.0 14.0 683.0 577.0 38.0 577.0 
2 4 1.32 1.32 708.0 178.0 708.0 683.0 14.0 683.0 577.0 38.0 577.0 751.0 743.0 751.0 
2 5 1.46 1.46 708.0 178.0 708.0 683.0 14.0 683.0 577.0 38.0 577.0 751.0 743.0 751.0 126.0 17.0 126.0 
2 6 1.59 1.59 708.0 178.0 708.0 683.0 14.0 683.0 577.0 38.0 577.0 751.0 743.0 751.0 126.0 17.0 126.0 342.0 44.0 342.0 
2 3 0.97 0.97 916.0 17.0 916.0 227.0 150.0 227.0 737.0 215.0 737.0 
2 4 0.99 0.99 916.0 17.0 916.0 227.0 150.0 227.0 737.0 215.0 737.0 829.0 23.0 829.0 
2 5 1.72 1.72 916.0 17.0 916.0 227.0 150.0 227.0 737.0 215.0 737.0 829.0 23.0 829.0 257.0 187.0 257.0 
2 3 1.35 1.35 902.0 850.0 902.0 371.0 50.0 371.0 759.0 214.0 759.0 
2 3 1.5 1.5 428.0 336.0 428.0 260.0 2.0 260.0 813.0 583.0 813.0 
2 4 1.68 1.68 428.0 336.0 428.0 260.0 2.0 260.0 813.0 583.0 813.0 217.0 38.0 217.0 
2 3 0.62 0.62 6.0 1.0 6.0 985.0 292.0 985.0 689.0 110.0 689.0 
2 4 1.46 1.46 6.0 1.0 6.0 985.0 292.0 985.0 689.0 110.0 689.0 877.0 743.0 877.0 
2 5 1.64 1.64 6.0 1.0 6.0 985.0 292.0 985.0 689.0 110.0 689.0 877.0 743.0 877.0 284.0 50.0 284.0 
2 3 1.52 1.52 150.0 36.0 150.0 589.0 475.0 589.0 91.0 44.0 91.0 
2 4 1.54 1.54 150.0 36.0 150.0 589.0 475.0 589.0 91.0 44.0 91.0 953.0 14.0 953.0 
2 3 1.27 1.27 682.0 231.0 682.0 806.0 339.0 806.0 75.0 39.0 75.0 
2 4 1.91 1.91 682.0 231.0 682.0 806.0 339.0 806.0 75.0 39.0 75.0 791.0 500.0 791.0 
2 5 1.96 1.96 682.0 231.0 682.0 806.0 339.0 806.0 75.0 39.0 75.0 791.0 500.0 791.0 869.0 47.0 869.0 
2 3 0.5 0.5 872.0 164.0 872.0 233.0 30.0 233.0 867.0 163.0 867.0 
2 4 0.68 0.68 872.0 164.0 872.0 233.0 30.0 233.0 867.0 163.0 867.0 441.0 81.0 441.0 
2 5 1.5 1.5 872.0 164.0 872.0 233.0 30.0 233.0 867.0 163.0 867.0 441.0 81.0 441.0 632.0 516.0 632.0 
2 6 1.55 1.55 872.0 164.0 872.0 233.0 30.0 233.0 867.0 163.0 867.0 441.0 81.0 441.0 632.0 516.0 632.0 474.0 25.0 474.0 
2 3 1.32 1.32 19.0 2.0 19.0 437.0 277.0 437.0 265.0 155.0 265.0 
2 4 1.5 1.5 19.0 2.0 19.0 437.0 277.0 437.0 265.0 155.0 265.0 514.0 91.0 514.0 
2 5 1.81 1.81 19.0 2.0 19.0 437.0 277.0 437.0 265.0 155.0 265.0 514.0 91.0 514.0 134.0 42.0 134.0 
2 3 1.14 1.14 56.0 39.0 56.0 219.0 93.0 219.0 977.0 24.0 977.0 
2 3 0.94 0.94 235.0 66.0 235.0 471.0 40.0 471.0 507.0 296.0 507.0 
2 4 1.2 1.2 235.0 66.0 235.0 471.0 40.0 471.0 507.0 296.0 507.0 308.0 79.0 308.0 
2 5 1.36 1.36 235.0 66.0 235.0 471.0 40.0 471.0 507.0 296.0 507.0 308.0 79.0 308.0 274.0 44.0 274.0 
2 3 0.97 0.97 5.0 2.0 5.0 396.0 57.0 396.0 421.0 183.0 421.0 
2 4 0.98 0.98 5.0 2.0 5.0 396.0 57.0 396.0 421.0 183.0 421.0 421.0 1.0 421.0 
2 5 0.99 0.99 5.0 2.0 5.0 396.0 57.0 396.0 421.0 183.0 421.0 421.0 1.0 421.0 108.0 2.0 108.0 
2 6 1.19 1.19 5.0 2.0 5.0 396.0 57.0 396.0 421.0 183.0 421.0 421.0 1.0 421.0 108.0 2.0 108.0 827.0 162.0 827.0 
2 7 1.68 1.68 5.0 2.0 5.0 396.0 57.0 396.0 421.0 183.0 421.0 421.0 1.0 421.0 108.0 2.0 108.0 827.0 162.0 827.0 366.0 180.0 366.0 
2 3 1.4 1.4 902.0 878.0 902.0 942.0 304.0 942.0 368.0 41.0 368.0 
2 4 1.65 1.65 902.0 878.0 902.0 942.0 304.0 942.0 368.0 41.0 368.0 70.0 17.0 70.0 
2 3 0.91 0.91 825.0 702.0 825.0 394.0 11.0 394.0 496.0 18.0 496.0 
2 4 0.96 0.96 825.0 702.0 825.0 394.0 11.0 394.0 496.0 18.0 496.0 598.0 29.0 598.0 
2 5 1.81 1.81 825.0 702.0 825.0 394.0 11.0 394.0 496.0 18.0 496.0 598.0 29.0 598.0 630.0 537.0 630.0 
2 3 0.34 0.34 858.0 99.0 858.0 694.0 116.0 694.0 754.0 47.0 754.0 
2 4 0.83 0.83 858.0 99.0 858.0 694.0 116.0 694.0 754.0 47.0 754.0 694.0 338.0 694.0 
2 5 1.74 1.74 858.0 99.0 858.0 694.0 116.0 694.0 754.0 47.0 754.0 694.0 338.0 694.0 924.0 840.0 924.0 
2 6 1.81 1.81 858.0 99.0 858.0 694.0 116.0 694.0 754.0 47.0 754.0 694.0 338.0 694.0 924.0 840.0 924.0 331.0 25.0 331.0 
2 3 1.78 1.78 993.0 636.0 993.0 477.0 131.0 477.0 868.0 754.0 868.0 
2 3 1.55 1.55 307.0 205.0 307.0 615.0 382.0 615.0 79.0 21.0 79.0 
2 4 1.64 1.64 307.0 205.0 307.0 615.0 382.0 615.0 79.0 21.0 79.0 980.0 91.0 980.0 
2 3 0.93 0.93 288.0 157.0 288.0 148.0 36.0 148.0 883.0 127.0 883.0 
2 4 1.19 1.19 288.0 157.0 288.0 148.0 36.0 148.0 883.0 127.0 883.0 603.0 161.0 603.0 
2 5 1.81 1.81 288.0 157.0 288.0 148.0 36.0 148.0 883.0 127.0 883.0 603.0 161.0 603.0 382.0 236.0 382.0 
2 3 1.03 1.03 334.0 228.0 334.0 658.0 153.0 658.0 487.0 56.0 487.0 
2 4 1.73 1.73 334.0 228.0 334.0 658.0 153.0 658.0 487.0 56.0 487.0 118.0 83.0 118.0 
2 3 0.2 0.2 345.0 10.0 345.0 553.0 31.0 553.0 126.0 15.0 126.0 
