2 3 0.93 0.93 102.0 36.0 102.0 879.0 213.0 879.0 118.0 40.0 118.0 
2 4 1.08 1.08 102.0 36.0 102.0 879.0 213.0 879.0 118.0 40.0 118.0 338.0 51.0 338.0 
2 5 1.9 1.9 102.0 36.0 102.0 879.0 213.0 879.0 118.0 40.0 118.0 338.0 51.0 338.0 265.0 218.0 265.0 
2 6 1.95 1.95 102.0 36.0 102.0 879.0 213.0 879.0 118.0 40.0 118.0 338.0 51.0 338.0 265.0 218.0 265.0 548.0 24.0 548.0 
2 3 1.44 1.44 878.0 707.0 878.0 934.0 419.0 934.0 957.0 186.0 957.0 
2 3 0.97 0.97 190.0 106.0 190.0 461.0 9.0 461.0 941.0 373.0 941.0 
2 4 1.41 1.41 190.0 106.0 190.0 461.0 9.0 461.0 941.0 373.0 941.0 365.0 161.0 365.0 
2 5 1.73 1.73 190.0 106.0 190.0 461.0 9.0 461.0 941.0 373.0 941.0 365.0 161.0 365.0 758.0 244.0 758.0 
2 3 0.88 0.88 927.0 438.0 927.0 6.0 1.0 6.0 676.0 164.0 676.0 
2 4 1.0 1.0 927.0 438.0 927.0 6.0 1.0 6.0 676.0 164.0 676.0 556.0 69.0 556.0 
2 5 1.58 1.58 927.0 438.0 927.0 6.0 1.0 6.0 676.0 164.0 676.0 556.0 69.0 556.0 853.0 495.0 853.0 
2 3 1.62 1.62 508.0 167.0 508.0 624.0 215.0 624.0 668.0 637.0 668.0 
2 4 1.88 1.88 508.0 167.0 508.0 624.0 215.0 624.0 668.0 637.0 668.0 165.0 42.0 165.0 
2 3 1.31 1.31 836.0 14.0 836.0 464.0 453.0 464.0 739.0 239.0 739.0 
2 4 1.79 1.79 836.0 14.0 836.0 464.0 453.0 464.0 739.0 239.0 739.0 358.0 173.0 358.0 
2 3 1.69 1.69 317.0 142.0 317.0 752.0 253.0 752.0 964.0 875.0 964.0 
2 4 1.86 1.86 317.0 142.0 317.0 752.0 253.0 752.0 964.0 875.0 964.0 385.0 67.0 385.0 
2 3 1.79 1.79 617.0 261.0 617.0 236.0 125.0 236.0 736.0 618.0 736.0 
2 3 1.51 1.51 915.0 115.0 915.0 680.0 443.0 680.0 260.0 193.0 260.0 
2 3 1.43 1.43 772.0 275.0 772.0 258.0 121.0 258.0 299.0 181.0 299.0 
2 4 1.76 1.76 772.0 275.0 772.0 258.0 121.0 258.0 299.0 181.0 299.0 473.0 156.0 473.0 
2 5 1.78 1.78 772.0 275.0 772.0 258.0 121.0 258.0 299.0 181.0 299.0 473.0 156.0 473.0 71.0 2.0 71.0 
2 6 1.8 1.8 772.0 275.0 772.0 258.0 121.0 258.0 299.0 181.0 299.0 473.0 156.0 473.0 71.0 2.0 71.0 933.0 13.0 933.0 
2 7 1.82 1.82 772.0 275.0 772.0 258.0 121.0 258.0 299.0 181.0 299.0 473.0 156.0 473.0 71.0 2.0 71.0 933.0 13.0 933.0 418.0 11.0 418.0 
2 8 1.89 1.89 772.0 275.0 772.0 258.0 121.0 258.0 299.0 181.0 299.0 473.0 156.0 473.0 71.0 2.0 71.0 933.0 13.0 933.0 418.0 11.0 418.0 417.0 26.0 417.0 
2 9 1.9 1.9 772.0 275.0 772.0 258.0 121.0 258.0 299.0 181.0 299.0 473.0 156.0 473.0 71.0 2.0 71.0 933.0 13.0 933.0 418.0 11.0 418.0 417.0 26.0 417.0 725.0 10.0 725.0 
2 3 1.54 1.54 306.0 241.0 306.0 938.0 249.0 938.0 128.0 63.0 128.0 
2 4 1.77 1.77 306.0 241.0 306.0 938.0 249.0 938.0 128.0 63.0 128.0 826.0 191.0 826.0 
2 3 0.89 0.89 664.0 574.0 664.0 130.0 4.0 130.0 430.0 2.0 430.0 
2 4 1.71 1.71 664.0 574.0 664.0 130.0 4.0 130.0 430.0 2.0 430.0 807.0 655.0 807.0 
2 5 1.85 1.85 664.0 574.0 664.0 130.0 4.0 130.0 430.0 2.0 430.0 807.0 655.0 807.0 905.0 134.0 905.0 
2 6 1.87 1.87 664.0 574.0 664.0 130.0 4.0 130.0 430.0 2.0 430.0 807.0 655.0 807.0 905.0 134.0 905.0 553.0 8.0 553.0 
2 3 1.31 1.31 224.0 55.0 224.0 232.0 203.0 232.0 967.0 191.0 967.0 
2 4 1.98 1.98 224.0 55.0 224.0 232.0 203.0 232.0 967.0 191.0 967.0 598.0 401.0 598.0 
2 3 1.36 1.36 755.0 249.0 755.0 679.0 560.0 679.0 398.0 85.0 398.0 
2 4 1.51 1.51 755.0 249.0 755.0 679.0 560.0 679.0 398.0 85.0 398.0 739.0 108.0 739.0 
2 5 1.86 1.86 755.0 249.0 755.0 679.0 560.0 679.0 398.0 85.0 398.0 739.0 108.0 739.0 206.0 73.0 206.0 
2 3 0.88 0.88 302.0 139.0 302.0 971.0 233.0 971.0 149.0 28.0 149.0 
2 4 1.22 1.22 302.0 139.0 302.0 971.0 233.0 971.0 149.0 28.0 149.0 632.0 212.0 632.0 
2 5 1.9 1.9 302.0 139.0 302.0 971.0 233.0 971.0 149.0 28.0 149.0 632.0 212.0 632.0 370.0 252.0 370.0 
2 3 1.48 1.48 122.0 55.0 122.0 728.0 84.0 728.0 390.0 358.0 390.0 
2 3 0.68 0.68 663.0 192.0 663.0 725.0 47.0 725.0 136.0 45.0 136.0 
2 4 0.89 0.89 663.0 192.0 663.0 725.0 47.0 725.0 136.0 45.0 136.0 832.0 176.0 832.0 
2 5 1.26 1.26 663.0 192.0 663.0 725.0 47.0 725.0 136.0 45.0 136.0 832.0 176.0 832.0 969.0 353.0 969.0 
2 6 1.56 1.56 663.0 192.0 663.0 725.0 47.0 725.0 136.0 45.0 136.0 832.0 176.0 832.0 969.0 353.0 969.0 959.0 287.0 959.0 
2 3 1.37 1.37 310.0 118.0 310.0 227.0 194.0 227.0 773.0 110.0 773.0 
2 4 1.49 1.49 310.0 118.0 310.0 227.0 194.0 227.0 773.0 110.0 773.0 610.0 73.0 610.0 
2 3 1.23 1.23 993.0 853.0 993.0 613.0 35.0 613.0 773.0 244.0 773.0 
2 4 1.33 1.33 993.0 853.0 993.0 613.0 35.0 613.0 773.0 244.0 773.0 253.0 25.0 253.0 
2 5 1.53 1.53 993.0 853.0 993.0 613.0 35.0 613.0 773.0 244.0 773.0 253.0 25.0 253.0 229.0 46.0 229.0 
2 6 1.97 1.97 993.0 853.0 993.0 613.0 35.0 613.0 773.0 244.0 773.0 253.0 25.0 253.0 229.0 46.0 229.0 82.0 36.0 82.0 
2 3 1.3 1.3 311.0 50.0 311.0 97.0 38.0 97.0 132.0 99.0 132.0 
2 4 1.46 1.46 311.0 50.0 311.0 97.0 38.0 97.0 132.0 99.0 132.0 79.0 13.0 79.0 
2 5 1.55 1.55 311.0 50.0 311.0 97.0 38.0 97.0 132.0 99.0 132.0 79.0 13.0 79.0 485.0 44.0 485.0 
2 3 1.67 1.67 948.0 356.0 948.0 335.0 320.0 335.0 416.0 144.0 416.0 
2 3 1.05 1.05 869.0 13.0 869.0 478.0 170.0 478.0 273.0 188.0 273.0 
2 4 1.61 1.61 869.0 13.0 869.0 478.0 170.0 478.0 273.0 188.0 273.0 200.0 112.0 200.0 
2 3 1.27 1.27 950.0 679.0 950.0 984.0 414.0 984.0 74.0 10.0 74.0 
2 4 1.76 1.76 950.0 679.0 950.0 984.0 414.0 984.0 74.0 10.0 74.0 83.0 41.0 83.0 
2 3 1.09 1.09 157.0 20.0 157.0 204.0 86.0 204.0 219.0 119.0 219.0 
2 4 1.16 1.16 157.0 20.0 157.0 204.0 86.0 204.0 219.0 119.0 219.0 488.0 34.0 488.0 
2 5 1.99 1.99 157.0 20.0 157.0 204.0 86.0 204.0 219.0 119.0 219.0 488.0 34.0 488.0 948.0 793.0 948.0 
2 3 0.9 0.9 303.0 163.0 303.0 521.0 111.0 521.0 1000.0 150.0 1000.0 
2 4 1.16 1.16 303.0 163.0 303.0 521.0 111.0 521.0 1000.0 150.0 1000.0 423.0 113.0 423.0 
2 3 1.06 1.06 52.0 47.0 52.0 446.0 2.0 446.0 410.0 66.0 410.0 
2 4 1.54 1.54 52.0 47.0 52.0 446.0 2.0 446.0 410.0 66.0 410.0 356.0 169.0 356.0 
2 5 1.81 1.81 52.0 47.0 52.0 446.0 2.0 446.0 410.0 66.0 410.0 356.0 169.0 356.0 589.0 160.0 589.0 
2 3 1.9 1.9 324.0 286.0 324.0 919.0 440.0 919.0 538.0 293.0 538.0 
2 4 1.92 1.92 324.0 286.0 324.0 919.0 440.0 919.0 538.0 293.0 538.0 494.0 7.0 494.0 
2 3 1.28 1.28 480.0 43.0 480.0 28.0 6.0 28.0 650.0 635.0 650.0 
2 4 1.36 1.36 480.0 43.0 480.0 28.0 6.0 28.0 650.0 635.0 650.0 437.0 37.0 437.0 
2 5 1.61 1.61 480.0 43.0 480.0 28.0 6.0 28.0 650.0 635.0 650.0 437.0 37.0 437.0 327.0 81.0 327.0 
2 6 1.99 1.99 480.0 43.0 480.0 28.0 6.0 28.0 650.0 635.0 650.0 437.0 37.0 437.0 327.0 81.0 327.0 739.0 284.0 739.0 
2 3 1.3 1.3 898.0 56.0 898.0 771.0 325.0 771.0 105.0 86.0 105.0 
2 4 1.88 1.88 898.0 56.0 898.0 771.0 325.0 771.0 105.0 86.0 105.0 62.0 36.0 62.0 
2 3 0.79 0.79 113.0 49.0 113.0 426.0 99.0 426.0 351.0 47.0 351.0 
2 4 1.07 1.07 113.0 49.0 113.0 426.0 99.0 426.0 351.0 47.0 351.0 527.0 144.0 527.0 
2 5 1.1 1.1 113.0 49.0 113.0 426.0 99.0 426.0 351.0 47.0 351.0 527.0 144.0 527.0 880.0 30.0 880.0 
2 6 1.98 1.98 113.0 49.0 113.0 426.0 99.0 426.0 351.0 47.0 351.0 527.0 144.0 527.0 880.0 30.0 880.0 940.0 822.0 940.0 
2 3 1.4 1.4 786.0 107.0 786.0 342.0 327.0 342.0 370.0 117.0 370.0 
2 3 1.63 1.63 67.0 20.0 67.0 418.0 282.0 418.0 899.0 592.0 899.0 
2 3 1.28 1.28 937.0 446.0 937.0 326.0 175.0 326.0 882.0 239.0 882.0 
2 4 1.33 1.33 937.0 446.0 937.0 326.0 175.0 326.0 882.0 239.0 882.0 887.0 49.0 887.0 
2 5 1.61 1.61 937.0 446.0 937.0 326.0 175.0 326.0 882.0 239.0 882.0 887.0 49.0 887.0 360.0 98.0 360.0 
2 6 1.81 1.81 937.0 446.0 937.0 326.0 175.0 326.0 882.0 239.0 882.0 887.0 49.0 887.0 360.0 98.0 360.0 449.0 92.0 449.0 
2 3 1.35 1.35 119.0 65.0 119.0 85.0 20.0 85.0 719.0 414.0 719.0 
2 4 1.71 1.71 119.0 65.0 119.0 85.0 20.0 85.0 719.0 414.0 719.0 676.0 239.0 676.0 
2 5 1.88 1.88 119.0 65.0 119.0 85.0 20.0 85.0 719.0 414.0 719.0 676.0 239.0 676.0 92.0 16.0 92.0 
2 3 1.73 1.73 343.0 309.0 343.0 686.0 277.0 686.0 959.0 413.0 959.0 
2 4 1.89 1.89 343.0 309.0 343.0 686.0 277.0 686.0 959.0 413.0 959.0 172.0 28.0 172.0 
2 3 0.89 0.89 439.0 158.0 439.0 639.0 175.0 639.0 316.0 83.0 316.0 
2 4 1.51 1.51 439.0 158.0 439.0 639.0 175.0 639.0 316.0 83.0 316.0 897.0 556.0 897.0 
2 5 1.89 1.89 439.0 158.0 439.0 639.0 175.0 639.0 316.0 83.0 316.0 897.0 556.0 897.0 347.0 132.0 347.0 
2 3 0.51 0.51 706.0 8.0 706.0 176.0 51.0 176.0 281.0 59.0 281.0 
2 4 0.56 0.56 706.0 8.0 706.0 176.0 51.0 176.0 281.0 59.0 281.0 844.0 49.0 844.0 
2 5 0.58 0.58 706.0 8.0 706.0 176.0 51.0 176.0 281.0 59.0 281.0 844.0 49.0 844.0 340.0 6.0 340.0 
2 6 1.41 1.41 706.0 8.0 706.0 176.0 51.0 176.0 281.0 59.0 281.0 844.0 49.0 844.0 340.0 6.0 340.0 187.0 154.0 187.0 
2 7 1.49 1.49 706.0 8.0 706.0 176.0 51.0 176.0 281.0 59.0 281.0 844.0 49.0 844.0 340.0 6.0 340.0 187.0 154.0 187.0 85.0 7.0 85.0 
2 8 1.76 1.76 706.0 8.0 706.0 176.0 51.0 176.0 281.0 59.0 281.0 844.0 49.0 844.0 340.0 6.0 340.0 187.0 154.0 187.0 85.0 7.0 85.0 620.0 170.0 620.0 
2 3 0.73 0.73 839.0 191.0 839.0 848.0 45.0 848.0 670.0 303.0 670.0 
2 4 1.0 1.0 839.0 191.0 839.0 848.0 45.0 848.0 670.0 303.0 670.0 11.0 3.0 11.0 
2 5 1.37 1.37 839.0 191.0 839.0 848.0 45.0 848.0 670.0 303.0 670.0 11.0 3.0 11.0 460.0 169.0 460.0 
2 6 1.64 1.64 839.0 191.0 839.0 848.0 45.0 848.0 670.0 303.0 670.0 11.0 3.0 11.0 460.0 169.0 460.0 279.0 75.0 279.0 
2 3 1.18 1.18 769.0 719.0 769.0 945.0 22.0 945.0 217.0 50.0 217.0 
2 4 1.41 1.41 769.0 719.0 769.0 945.0 22.0 945.0 217.0 50.0 217.0 954.0 220.0 954.0 
2 5 1.58 1.58 769.0 719.0 769.0 945.0 22.0 945.0 217.0 50.0 217.0 954.0 220.0 954.0 989.0 160.0 989.0 
2 3 0.4 0.4 969.0 93.0 969.0 187.0 6.0 187.0 132.0 37.0 132.0 
2 4 1.25 1.25 969.0 93.0 969.0 187.0 6.0 187.0 132.0 37.0 132.0 783.0 665.0 783.0 
2 5 1.76 1.76 969.0 93.0 969.0 187.0 6.0 187.0 132.0 37.0 132.0 783.0 665.0 783.0 578.0 295.0 578.0 
2 6 1.93 1.93 969.0 93.0 969.0 187.0 6.0 187.0 132.0 37.0 132.0 783.0 665.0 783.0 578.0 295.0 578.0 82.0 14.0 82.0 
2 3 1.37 1.37 371.0 75.0 371.0 488.0 414.0 488.0 468.0 153.0 468.0 
2 4 1.53 1.53 371.0 75.0 371.0 488.0 414.0 488.0 468.0 153.0 468.0 600.0 95.0 600.0 
2 5 1.92 1.92 371.0 75.0 371.0 488.0 414.0 488.0 468.0 153.0 468.0 600.0 95.0 600.0 916.0 352.0 916.0 
2 3 0.97 0.97 382.0 212.0 382.0 310.0 96.0 310.0 192.0 21.0 192.0 
2 4 1.29 1.29 382.0 212.0 382.0 310.0 96.0 310.0 192.0 21.0 192.0 654.0 207.0 654.0 
2 5 1.42 1.42 382.0 212.0 382.0 310.0 96.0 310.0 192.0 21.0 192.0 654.0 207.0 654.0 79.0 11.0 79.0 
2 6 1.53 1.53 382.0 212.0 382.0 310.0 96.0 310.0 192.0 21.0 192.0 654.0 207.0 654.0 79.0 11.0 79.0 286.0 31.0 286.0 
2 7 1.69 1.69 382.0 212.0 382.0 310.0 96.0 310.0 192.0 21.0 192.0 654.0 207.0 654.0 79.0 11.0 79.0 286.0 31.0 286.0 895.0 136.0 895.0 
2 3 1.88 1.88 788.0 696.0 788.0 216.0 167.0 216.0 770.0 175.0 770.0 
2 3 1.41 1.41 318.0 135.0 318.0 386.0 238.0 386.0 427.0 161.0 427.0 
2 4 1.66 1.66 318.0 135.0 318.0 386.0 238.0 386.0 427.0 161.0 427.0 690.0 172.0 690.0 
2 3 0.85 0.85 967.0 192.0 967.0 300.0 98.0 300.0 3.0 1.0 3.0 
2 4 1.05 1.05 967.0 192.0 967.0 300.0 98.0 300.0 3.0 1.0 3.0 557.0 112.0 557.0 
2 5 1.44 1.44 967.0 192.0 967.0 300.0 98.0 300.0 3.0 1.0 3.0 557.0 112.0 557.0 57.0 22.0 57.0 
2 3 1.05 1.05 541.0 204.0 541.0 232.0 108.0 232.0 754.0 157.0 754.0 
2 3 1.01 1.01 106.0 40.0 106.0 844.0 292.0 844.0 762.0 223.0 762.0 
2 4 1.05 1.05 106.0 40.0 106.0 844.0 292.0 844.0 762.0 223.0 762.0 318.0 12.0 318.0 
2 5 1.69 1.69 106.0 40.0 106.0 844.0 292.0 844.0 762.0 223.0 762.0 318.0 12.0 318.0 840.0 542.0 840.0 
2 3 1.6 1.6 196.0 38.0 196.0 321.0 147.0 321.0 591.0 562.0 591.0 
2 3 0.61 0.61 617.0 138.0 617.0 352.0 134.0 352.0 947.0 10.0 947.0 
2 4 0.71 0.71 617.0 138.0 617.0 352.0 134.0 352.0 947.0 10.0 947.0 908.0 93.0 908.0 
2 5 0.85 0.85 617.0 138.0 617.0 352.0 134.0 352.0 947.0 10.0 947.0 908.0 93.0 908.0 459.0 62.0 459.0 
2 6 1.38 1.38 617.0 138.0 617.0 352.0 134.0 352.0 947.0 10.0 947.0 908.0 93.0 908.0 459.0 62.0 459.0 446.0 239.0 446.0 
2 7 1.4 1.4 617.0 138.0 617.0 352.0 134.0 352.0 947.0 10.0 947.0 908.0 93.0 908.0 459.0 62.0 459.0 446.0 239.0 446.0 721.0 12.0 721.0 
2 8 1.52 1.52 617.0 138.0 617.0 352.0 134.0 352.0 947.0 10.0 947.0 908.0 93.0 908.0 459.0 62.0 459.0 446.0 239.0 446.0 721.0 12.0 721.0 489.0 59.0 489.0 
2 9 1.97 1.97 617.0 138.0 617.0 352.0 134.0 352.0 947.0 10.0 947.0 908.0 93.0 908.0 459.0 62.0 459.0 446.0 239.0 446.0 721.0 12.0 721.0 489.0 59.0 489.0 771.0 346.0 771.0 
2 3 0.38 0.38 301.0 22.0 301.0 868.0 233.0 868.0 64.0 3.0 64.0 
2 4 0.78 0.78 301.0 22.0 301.0 868.0 233.0 868.0 64.0 3.0 64.0 655.0 257.0 655.0 
2 5 1.25 1.25 301.0 22.0 301.0 868.0 233.0 868.0 64.0 3.0 64.0 655.0 257.0 655.0 515.0 243.0 515.0 
2 6 1.53 1.53 301.0 22.0 301.0 868.0 233.0 868.0 64.0 3.0 64.0 655.0 257.0 655.0 515.0 243.0 515.0 348.0 98.0 348.0 
2 7 1.74 1.74 301.0 22.0 301.0 868.0 233.0 868.0 64.0 3.0 64.0 655.0 257.0 655.0 515.0 243.0 515.0 348.0 98.0 348.0 117.0 25.0 117.0 
2 8 1.94 1.94 301.0 22.0 301.0 868.0 233.0 868.0 64.0 3.0 64.0 655.0 257.0 655.0 515.0 243.0 515.0 348.0 98.0 348.0 117.0 25.0 117.0 966.0 187.0 966.0 
2 3 0.6 0.6 144.0 21.0 144.0 390.0 97.0 390.0 692.0 147.0 692.0 
2 4 0.94 0.94 144.0 21.0 144.0 390.0 97.0 390.0 692.0 147.0 692.0 3.0 1.0 3.0 
2 5 1.22 1.22 144.0 21.0 144.0 390.0 97.0 390.0 692.0 147.0 692.0 3.0 1.0 3.0 783.0 220.0 783.0 
2 6 1.44 1.44 144.0 21.0 144.0 390.0 97.0 390.0 692.0 147.0 692.0 3.0 1.0 3.0 783.0 220.0 783.0 190.0 43.0 190.0 
2 7 1.92 1.92 144.0 21.0 144.0 390.0 97.0 390.0 692.0 147.0 692.0 3.0 1.0 3.0 783.0 220.0 783.0 190.0 43.0 190.0 493.0 237.0 493.0 
2 3 1.5 1.5 126.0 23.0 126.0 117.0 100.0 117.0 480.0 226.0 480.0 
2 3 0.92 0.92 535.0 11.0 535.0 6.0 3.0 6.0 602.0 244.0 602.0 
2 4 1.38 1.38 535.0 11.0 535.0 6.0 3.0 6.0 602.0 244.0 602.0 354.0 163.0 354.0 
2 5 1.77 1.77 535.0 11.0 535.0 6.0 3.0 6.0 602.0 244.0 602.0 354.0 163.0 354.0 464.0 181.0 464.0 
2 6 1.85 1.85 535.0 11.0 535.0 6.0 3.0 6.0 602.0 244.0 602.0 354.0 163.0 354.0 464.0 181.0 464.0 911.0 73.0 911.0 
2 3 1.86 1.86 473.0 188.0 473.0 818.0 646.0 818.0 802.0 540.0 802.0 
2 4 1.88 1.88 473.0 188.0 473.0 818.0 646.0 818.0 802.0 540.0 802.0 40.0 1.0 40.0 
2 3 1.68 1.68 208.0 131.0 208.0 627.0 287.0 627.0 646.0 389.0 646.0 
2 4 1.77 1.77 208.0 131.0 208.0 627.0 287.0 627.0 646.0 389.0 646.0 558.0 45.0 558.0 
2 5 1.79 1.79 208.0 131.0 208.0 627.0 287.0 627.0 646.0 389.0 646.0 558.0 45.0 558.0 481.0 11.0 481.0 
2 3 0.61 0.61 250.0 51.0 250.0 571.0 90.0 571.0 539.0 136.0 539.0 
2 4 1.58 1.58 250.0 51.0 250.0 571.0 90.0 571.0 539.0 136.0 539.0 444.0 433.0 444.0 
2 5 1.7 1.7 250.0 51.0 250.0 571.0 90.0 571.0 539.0 136.0 539.0 444.0 433.0 444.0 877.0 104.0 877.0 
2 6 1.85 1.85 250.0 51.0 250.0 571.0 90.0 571.0 539.0 136.0 539.0 444.0 433.0 444.0 877.0 104.0 877.0 500.0 76.0 500.0 
2 3 1.02 1.02 754.0 278.0 754.0 938.0 154.0 938.0 672.0 333.0 672.0 
2 4 1.16 1.16 754.0 278.0 754.0 938.0 154.0 938.0 672.0 333.0 672.0 304.0 43.0 304.0 
2 5 1.57 1.57 754.0 278.0 754.0 938.0 154.0 938.0 672.0 333.0 672.0 304.0 43.0 304.0 988.0 396.0 988.0 
2 3 0.73 0.73 125.0 3.0 125.0 905.0 526.0 905.0 198.0 26.0 198.0 
2 4 1.51 1.51 125.0 3.0 125.0 905.0 526.0 905.0 198.0 26.0 198.0 241.0 188.0 241.0 
2 5 1.88 1.88 125.0 3.0 125.0 905.0 526.0 905.0 198.0 26.0 198.0 241.0 188.0 241.0 462.0 169.0 462.0 
2 6 1.93 1.93 125.0 3.0 125.0 905.0 526.0 905.0 198.0 26.0 198.0 241.0 188.0 241.0 462.0 169.0 462.0 427.0 24.0 427.0 
2 3 1.89 1.89 827.0 582.0 827.0 329.0 256.0 329.0 17.0 7.0 17.0 
2 3 1.52 1.52 487.0 126.0 487.0 746.0 577.0 746.0 892.0 439.0 892.0 
2 4 1.94 1.94 487.0 126.0 487.0 746.0 577.0 746.0 892.0 439.0 892.0 423.0 177.0 423.0 
2 3 0.32 0.32 388.0 24.0 388.0 222.0 36.0 222.0 667.0 70.0 667.0 
2 4 1.02 1.02 388.0 24.0 388.0 222.0 36.0 222.0 667.0 70.0 667.0 722.0 504.0 722.0 
2 5 1.41 1.41 388.0 24.0 388.0 222.0 36.0 222.0 667.0 70.0 667.0 722.0 504.0 722.0 703.0 271.0 703.0 
2 6 1.65 1.65 388.0 24.0 388.0 222.0 36.0 222.0 667.0 70.0 667.0 722.0 504.0 722.0 703.0 271.0 703.0 189.0 46.0 189.0 
2 3 1.8 1.8 901.0 377.0 901.0 40.0 19.0 40.0 477.0 434.0 477.0 
2 3 1.23 1.23 634.0 254.0 634.0 704.0 347.0 704.0 777.0 267.0 777.0 
2 4 1.47 1.47 634.0 254.0 634.0 704.0 347.0 704.0 777.0 267.0 777.0 601.0 144.0 601.0 
2 3 1.82 1.82 645.0 545.0 645.0 908.0 533.0 908.0 249.0 98.0 249.0 
2 3 1.02 1.02 504.0 46.0 504.0 674.0 274.0 674.0 416.0 220.0 416.0 
2 4 1.41 1.41 504.0 46.0 504.0 674.0 274.0 674.0 416.0 220.0 416.0 849.0 331.0 849.0 
2 5 1.51 1.51 504.0 46.0 504.0 674.0 274.0 674.0 416.0 220.0 416.0 849.0 331.0 849.0 536.0 53.0 536.0 
2 6 1.62 1.62 504.0 46.0 504.0 674.0 274.0 674.0 416.0 220.0 416.0 849.0 331.0 849.0 536.0 53.0 536.0 834.0 90.0 834.0 
2 7 1.77 1.77 504.0 46.0 504.0 674.0 274.0 674.0 416.0 220.0 416.0 849.0 331.0 849.0 536.0 53.0 536.0 834.0 90.0 834.0 409.0 64.0 409.0 
2 3 1.1 1.1 906.0 322.0 906.0 654.0 471.0 654.0 678.0 22.0 678.0 
2 4 1.14 1.14 906.0 322.0 906.0 654.0 471.0 654.0 678.0 22.0 678.0 793.0 31.0 793.0 
2 5 1.64 1.64 906.0 322.0 906.0 654.0 471.0 654.0 678.0 22.0 678.0 793.0 31.0 793.0 344.0 171.0 344.0 
2 3 1.76 1.76 176.0 76.0 176.0 794.0 473.0 794.0 69.0 51.0 69.0 
2 3 0.71 0.71 957.0 549.0 957.0 950.0 88.0 950.0 235.0 11.0 235.0 
2 4 0.81 0.81 957.0 549.0 957.0 950.0 88.0 950.0 235.0 11.0 235.0 934.0 99.0 934.0 
2 5 1.7 1.7 957.0 549.0 957.0 950.0 88.0 950.0 235.0 11.0 235.0 934.0 99.0 934.0 734.0 647.0 734.0 
2 3 0.44 0.44 182.0 64.0 182.0 73.0 4.0 73.0 882.0 33.0 882.0 
2 4 1.25 1.25 182.0 64.0 182.0 73.0 4.0 73.0 882.0 33.0 882.0 21.0 17.0 21.0 
2 5 1.49 1.49 182.0 64.0 182.0 73.0 4.0 73.0 882.0 33.0 882.0 21.0 17.0 21.0 578.0 142.0 578.0 
2 3 1.23 1.23 759.0 231.0 759.0 630.0 106.0 630.0 503.0 386.0 503.0 
2 4 1.28 1.28 759.0 231.0 759.0 630.0 106.0 630.0 503.0 386.0 503.0 24.0 1.0 24.0 
2 5 1.52 1.52 759.0 231.0 759.0 630.0 106.0 630.0 503.0 386.0 503.0 24.0 1.0 24.0 516.0 128.0 516.0 
2 3 1.12 1.12 56.0 20.0 56.0 252.0 158.0 252.0 776.0 110.0 776.0 
2 4 1.16 1.16 56.0 20.0 56.0 252.0 158.0 252.0 776.0 110.0 776.0 366.0 14.0 366.0 
2 5 1.38 1.38 56.0 20.0 56.0 252.0 158.0 252.0 776.0 110.0 776.0 366.0 14.0 366.0 387.0 87.0 387.0 
2 6 1.43 1.43 56.0 20.0 56.0 252.0 158.0 252.0 776.0 110.0 776.0 366.0 14.0 366.0 387.0 87.0 387.0 256.0 11.0 256.0 
2 7 1.7 1.7 56.0 20.0 56.0 252.0 158.0 252.0 776.0 110.0 776.0 366.0 14.0 366.0 387.0 87.0 387.0 256.0 11.0 256.0 350.0 97.0 350.0 
2 8 1.85 1.85 56.0 20.0 56.0 252.0 158.0 252.0 776.0 110.0 776.0 366.0 14.0 366.0 387.0 87.0 387.0 256.0 11.0 256.0 350.0 97.0 350.0 7.0 1.0 7.0 
2 3 1.25 1.25 174.0 14.0 174.0 672.0 605.0 672.0 251.0 70.0 251.0 
2 4 1.57 1.57 174.0 14.0 174.0 672.0 605.0 672.0 251.0 70.0 251.0 811.0 252.0 811.0 
2 5 1.78 1.78 174.0 14.0 174.0 672.0 605.0 672.0 251.0 70.0 251.0 811.0 252.0 811.0 55.0 12.0 55.0 
2 6 1.96 1.96 174.0 14.0 174.0 672.0 605.0 672.0 251.0 70.0 251.0 811.0 252.0 811.0 55.0 12.0 55.0 942.0 169.0 942.0 
2 7 1.98 1.98 174.0 14.0 174.0 672.0 605.0 672.0 251.0 70.0 251.0 811.0 252.0 811.0 55.0 12.0 55.0 942.0 169.0 942.0 595.0 9.0 595.0 
2 3 1.04 1.04 195.0 15.0 195.0 439.0 111.0 439.0 715.0 512.0 715.0 
2 4 1.69 1.69 195.0 15.0 195.0 439.0 111.0 439.0 715.0 512.0 715.0 244.0 159.0 244.0 
2 3 1.04 1.04 93.0 44.0 93.0 871.0 327.0 871.0 768.0 151.0 768.0 
2 4 1.45 1.45 93.0 44.0 93.0 871.0 327.0 871.0 768.0 151.0 768.0 900.0 371.0 900.0 
2 5 1.96 1.96 93.0 44.0 93.0 871.0 327.0 871.0 768.0 151.0 768.0 900.0 371.0 900.0 666.0 335.0 666.0 
2 3 1.54 1.54 435.0 374.0 435.0 279.0 106.0 279.0 890.0 274.0 890.0 
2 3 1.96 1.96 624.0 606.0 624.0 549.0 200.0 549.0 323.0 204.0 323.0 
2 3 1.79 1.79 506.0 206.0 506.0 81.0 36.0 81.0 286.0 269.0 286.0 
2 4 1.85 1.85 506.0 206.0 506.0 81.0 36.0 81.0 286.0 269.0 286.0 650.0 44.0 650.0 
2 3 1.31 1.31 120.0 79.0 120.0 302.0 48.0 302.0 119.0 59.0 119.0 
2 4 1.39 1.39 120.0 79.0 120.0 302.0 48.0 302.0 119.0 59.0 119.0 384.0 31.0 384.0 
2 3 0.69 0.69 843.0 76.0 843.0 943.0 269.0 943.0 119.0 38.0 119.0 
2 4 1.11 1.11 843.0 76.0 843.0 943.0 269.0 943.0 119.0 38.0 119.0 214.0 89.0 214.0 
2 5 1.52 1.52 843.0 76.0 843.0 943.0 269.0 943.0 119.0 38.0 119.0 214.0 89.0 214.0 844.0 347.0 844.0 
2 3 1.59 1.59 475.0 298.0 475.0 385.0 253.0 385.0 677.0 208.0 677.0 
2 3 1.31 1.31 744.0 3.0 744.0 783.0 403.0 783.0 196.0 157.0 196.0 
2 4 1.68 1.68 744.0 3.0 744.0 783.0 403.0 783.0 196.0 157.0 196.0 278.0 102.0 278.0 
2 3 1.84 1.84 655.0 523.0 655.0 155.0 41.0 155.0 274.0 215.0 274.0 
2 3 1.54 1.54 265.0 69.0 265.0 202.0 66.0 202.0 831.0 796.0 831.0 
2 3 1.91 1.91 159.0 135.0 159.0 52.0 19.0 52.0 744.0 518.0 744.0 
2 3 0.29 0.29 754.0 122.0 754.0 890.0 54.0 890.0 831.0 63.0 831.0 
2 4 0.64 0.64 754.0 122.0 754.0 890.0 54.0 890.0 831.0 63.0 831.0 930.0 323.0 930.0 
2 5 0.71 0.71 754.0 122.0 754.0 890.0 54.0 890.0 831.0 63.0 831.0 930.0 323.0 930.0 970.0 67.0 970.0 
2 6 1.12 1.12 754.0 122.0 754.0 890.0 54.0 890.0 831.0 63.0 831.0 930.0 323.0 930.0 970.0 67.0 970.0 372.0 151.0 372.0 
2 7 1.4 1.4 754.0 122.0 754.0 890.0 54.0 890.0 831.0 63.0 831.0 930.0 323.0 930.0 970.0 67.0 970.0 372.0 151.0 372.0 946.0 268.0 946.0 
2 3 1.35 1.35 882.0 58.0 882.0 34.0 25.0 34.0 807.0 451.0 807.0 
2 4 1.59 1.59 882.0 58.0 882.0 34.0 25.0 34.0 807.0 451.0 807.0 214.0 50.0 214.0 
2 5 1.6 1.6 882.0 58.0 882.0 34.0 25.0 34.0 807.0 451.0 807.0 214.0 50.0 214.0 363.0 4.0 363.0 
2 3 1.15 1.15 925.0 56.0 925.0 326.0 285.0 326.0 830.0 179.0 830.0 
2 4 1.27 1.27 925.0 56.0 925.0 326.0 285.0 326.0 830.0 179.0 830.0 921.0 116.0 921.0 
2 5 1.88 1.88 925.0 56.0 925.0 326.0 285.0 326.0 830.0 179.0 830.0 921.0 116.0 921.0 798.0 482.0 798.0 
2 3 0.9 0.9 622.0 154.0 622.0 960.0 192.0 960.0 537.0 247.0 537.0 
2 4 1.31 1.31 622.0 154.0 622.0 960.0 192.0 960.0 537.0 247.0 537.0 578.0 233.0 578.0 
2 5 1.33 1.33 622.0 154.0 622.0 960.0 192.0 960.0 537.0 247.0 537.0 578.0 233.0 578.0 49.0 1.0 49.0 
2 3 1.96 1.96 821.0 165.0 821.0 418.0 373.0 418.0 891.0 773.0 891.0 
2 3 1.63 1.63 114.0 51.0 114.0 92.0 72.0 92.0 754.0 308.0 754.0 
2 4 1.84 1.84 114.0 51.0 114.0 92.0 72.0 92.0 754.0 308.0 754.0 603.0 126.0 603.0 
2 3 1.79 1.79 254.0 224.0 254.0 557.0 8.0 557.0 482.0 435.0 482.0 
2 3 0.48 0.48 752.0 58.0 752.0 6.0 1.0 6.0 754.0 181.0 754.0 
2 4 1.07 1.07 752.0 58.0 752.0 6.0 1.0 6.0 754.0 181.0 754.0 390.0 232.0 390.0 
2 5 1.9 1.9 752.0 58.0 752.0 6.0 1.0 6.0 754.0 181.0 754.0 390.0 232.0 390.0 901.0 748.0 901.0 
2 3 1.06 1.06 815.0 376.0 815.0 328.0 153.0 328.0 805.0 109.0 805.0 
2 4 1.54 1.54 815.0 376.0 815.0 328.0 153.0 328.0 805.0 109.0 805.0 237.0 115.0 237.0 
2 3 0.91 0.91 299.0 123.0 299.0 55.0 18.0 55.0 352.0 62.0 352.0 
2 4 1.0 1.0 299.0 123.0 299.0 55.0 18.0 55.0 352.0 62.0 352.0 331.0 31.0 331.0 
2 5 1.13 1.13 299.0 123.0 299.0 55.0 18.0 55.0 352.0 62.0 352.0 331.0 31.0 331.0 850.0 110.0 850.0 
2 6 1.35 1.35 299.0 123.0 299.0 55.0 18.0 55.0 352.0 62.0 352.0 331.0 31.0 331.0 850.0 110.0 850.0 323.0 71.0 323.0 
2 3 1.8 1.8 438.0 428.0 438.0 297.0 46.0 297.0 736.0 494.0 736.0 
2 3 1.96 1.96 726.0 292.0 726.0 850.0 721.0 850.0 45.0 32.0 45.0 
2 3 0.66 0.66 623.0 169.0 623.0 534.0 162.0 534.0 301.0 27.0 301.0 
2 4 0.82 0.82 623.0 169.0 623.0 534.0 162.0 534.0 301.0 27.0 301.0 927.0 148.0 927.0 
2 5 1.04 1.04 623.0 169.0 623.0 534.0 162.0 534.0 301.0 27.0 301.0 927.0 148.0 927.0 31.0 7.0 31.0 
2 6 1.21 1.21 623.0 169.0 623.0 534.0 162.0 534.0 301.0 27.0 301.0 927.0 148.0 927.0 31.0 7.0 31.0 232.0 38.0 232.0 
2 7 1.83 1.83 623.0 169.0 623.0 534.0 162.0 534.0 301.0 27.0 301.0 927.0 148.0 927.0 31.0 7.0 31.0 232.0 38.0 232.0 641.0 398.0 641.0 
2 3 1.64 1.64 552.0 396.0 552.0 434.0 292.0 434.0 699.0 176.0 699.0 
2 3 1.26 1.26 865.0 393.0 865.0 196.0 69.0 196.0 467.0 215.0 467.0 
2 4 1.82 1.82 865.0 393.0 865.0 196.0 69.0 196.0 467.0 215.0 467.0 827.0 463.0 827.0 
2 3 1.0 1.0 991.0 441.0 991.0 521.0 118.0 521.0 829.0 279.0 829.0 
2 4 1.93 1.93 991.0 441.0 991.0 521.0 118.0 521.0 829.0 279.0 829.0 425.0 394.0 425.0 
2 3 1.5 1.5 279.0 97.0 279.0 475.0 236.0 475.0 562.0 372.0 562.0 
2 3 0.8 0.8 68.0 1.0 68.0 255.0 2.0 255.0 388.0 305.0 388.0 
2 4 1.15 1.15 68.0 1.0 68.0 255.0 2.0 255.0 388.0 305.0 388.0 488.0 168.0 488.0 
2 5 1.34 1.34 68.0 1.0 68.0 255.0 2.0 255.0 388.0 305.0 388.0 488.0 168.0 488.0 478.0 92.0 478.0 
2 3 1.34 1.34 471.0 364.0 471.0 660.0 228.0 660.0 93.0 21.0 93.0 
2 4 1.4 1.4 471.0 364.0 471.0 660.0 228.0 660.0 93.0 21.0 93.0 399.0 24.0 399.0 
2 5 1.7 1.7 471.0 364.0 471.0 660.0 228.0 660.0 93.0 21.0 93.0 399.0 24.0 399.0 984.0 295.0 984.0 
2 3 0.73 0.73 490.0 105.0 490.0 95.0 3.0 95.0 121.0 59.0 121.0 
2 4 1.55 1.55 490.0 105.0 490.0 95.0 3.0 95.0 121.0 59.0 121.0 390.0 320.0 390.0 
2 5 1.66 1.66 490.0 105.0 490.0 95.0 3.0 95.0 121.0 59.0 121.0 390.0 320.0 390.0 678.0 76.0 678.0 
2 3 0.72 0.72 867.0 11.0 867.0 130.0 62.0 130.0 26.0 6.0 26.0 
2 4 1.04 1.04 867.0 11.0 867.0 130.0 62.0 130.0 26.0 6.0 26.0 377.0 121.0 377.0 
2 5 1.24 1.24 867.0 11.0 867.0 130.0 62.0 130.0 26.0 6.0 26.0 377.0 121.0 377.0 849.0 174.0 849.0 
2 6 1.25 1.25 867.0 11.0 867.0 130.0 62.0 130.0 26.0 6.0 26.0 377.0 121.0 377.0 849.0 174.0 849.0 185.0 1.0 185.0 
2 7 1.34 1.34 867.0 11.0 867.0 130.0 62.0 130.0 26.0 6.0 26.0 377.0 121.0 377.0 849.0 174.0 849.0 185.0 1.0 185.0 846.0 75.0 846.0 
2 3 1.76 1.76 899.0 364.0 899.0 600.0 536.0 600.0 207.0 97.0 207.0 
2 3 1.25 1.25 302.0 37.0 302.0 822.0 661.0 822.0 522.0 169.0 522.0 
2 4 1.46 1.46 302.0 37.0 302.0 822.0 661.0 822.0 522.0 169.0 522.0 867.0 184.0 867.0 
2 5 1.77 1.77 302.0 37.0 302.0 822.0 661.0 822.0 522.0 169.0 522.0 867.0 184.0 867.0 407.0 128.0 407.0 
2 3 1.39 1.39 438.0 173.0 438.0 663.0 449.0 663.0 933.0 305.0 933.0 
2 4 1.45 1.45 438.0 173.0 438.0 663.0 449.0 663.0 933.0 305.0 933.0 321.0 18.0 321.0 
2 5 1.56 1.56 438.0 173.0 438.0 663.0 449.0 663.0 933.0 305.0 933.0 321.0 18.0 321.0 423.0 46.0 423.0 
2 6 1.78 1.78 438.0 173.0 438.0 663.0 449.0 663.0 933.0 305.0 933.0 321.0 18.0 321.0 423.0 46.0 423.0 793.0 176.0 793.0 
2 3 1.02 1.02 809.0 66.0 809.0 176.0 6.0 176.0 399.0 364.0 399.0 
2 4 1.24 1.24 809.0 66.0 809.0 176.0 6.0 176.0 399.0 364.0 399.0 498.0 106.0 498.0 
2 5 1.61 1.61 809.0 66.0 809.0 176.0 6.0 176.0 399.0 364.0 399.0 498.0 106.0 498.0 909.0 339.0 909.0 
2 6 1.93 1.93 809.0 66.0 809.0 176.0 6.0 176.0 399.0 364.0 399.0 498.0 106.0 498.0 909.0 339.0 909.0 443.0 141.0 443.0 
2 7 1.96 1.96 809.0 66.0 809.0 176.0 6.0 176.0 399.0 364.0 399.0 498.0 106.0 498.0 909.0 339.0 909.0 443.0 141.0 443.0 419.0 12.0 419.0 
2 3 1.02 1.02 131.0 77.0 131.0 528.0 123.0 528.0 679.0 142.0 679.0 
2 4 1.4 1.4 131.0 77.0 131.0 528.0 123.0 528.0 679.0 142.0 679.0 48.0 18.0 48.0 
2 3 1.43 1.43 614.0 208.0 614.0 571.0 418.0 571.0 11.0 4.0 11.0 
2 4 1.61 1.61 614.0 208.0 614.0 571.0 418.0 571.0 11.0 4.0 11.0 940.0 172.0 940.0 
2 5 1.63 1.63 614.0 208.0 614.0 571.0 418.0 571.0 11.0 4.0 11.0 940.0 172.0 940.0 535.0 7.0 535.0 
2 6 1.91 1.91 614.0 208.0 614.0 571.0 418.0 571.0 11.0 4.0 11.0 940.0 172.0 940.0 535.0 7.0 535.0 263.0 76.0 263.0 
2 3 1.34 1.34 609.0 405.0 609.0 470.0 53.0 470.0 873.0 497.0 873.0 
2 3 0.63 0.63 68.0 11.0 68.0 123.0 3.0 123.0 480.0 215.0 480.0 
2 4 1.07 1.07 68.0 11.0 68.0 123.0 3.0 123.0 480.0 215.0 480.0 178.0 79.0 178.0 
2 5 1.41 1.41 68.0 11.0 68.0 123.0 3.0 123.0 480.0 215.0 480.0 178.0 79.0 178.0 836.0 286.0 836.0 
2 6 1.69 1.69 68.0 11.0 68.0 123.0 3.0 123.0 480.0 215.0 480.0 178.0 79.0 178.0 836.0 286.0 836.0 203.0 56.0 203.0 
2 3 1.31 1.31 229.0 153.0 229.0 558.0 138.0 558.0 826.0 333.0 826.0 
2 3 1.76 1.76 946.0 746.0 946.0 733.0 304.0 733.0 163.0 91.0 163.0 
2 3 1.08 1.08 368.0 180.0 368.0 754.0 264.0 754.0 16.0 4.0 16.0 
2 4 1.99 1.99 368.0 180.0 368.0 754.0 264.0 754.0 16.0 4.0 16.0 593.0 535.0 593.0 
2 3 1.34 1.34 96.0 70.0 96.0 237.0 91.0 237.0 273.0 63.0 273.0 
2 4 1.57 1.57 96.0 70.0 96.0 237.0 91.0 237.0 273.0 63.0 273.0 672.0 153.0 672.0 
2 3 1.56 1.56 544.0 469.0 544.0 256.0 79.0 256.0 426.0 166.0 426.0 
2 4 1.61 1.61 544.0 469.0 544.0 256.0 79.0 256.0 426.0 166.0 426.0 924.0 52.0 924.0 
2 5 1.85 1.85 544.0 469.0 544.0 256.0 79.0 256.0 426.0 166.0 426.0 924.0 52.0 924.0 270.0 65.0 270.0 
2 3 1.88 1.88 643.0 27.0 643.0 18.0 17.0 18.0 818.0 738.0 818.0 
2 3 0.74 0.74 16.0 3.0 16.0 784.0 154.0 784.0 485.0 177.0 485.0 
2 4 1.32 1.32 16.0 3.0 16.0 784.0 154.0 784.0 485.0 177.0 485.0 559.0 320.0 559.0 
2 3 0.76 0.76 149.0 70.0 149.0 275.0 25.0 275.0 262.0 54.0 262.0 
2 4 0.95 0.95 149.0 70.0 149.0 275.0 25.0 275.0 262.0 54.0 262.0 345.0 64.0 345.0 
2 5 1.15 1.15 149.0 70.0 149.0 275.0 25.0 275.0 262.0 54.0 262.0 345.0 64.0 345.0 207.0 42.0 207.0 
2 6 1.95 1.95 149.0 70.0 149.0 275.0 25.0 275.0 262.0 54.0 262.0 345.0 64.0 345.0 207.0 42.0 207.0 739.0 593.0 739.0 
2 3 1.55 1.55 741.0 206.0 741.0 22.0 8.0 22.0 512.0 467.0 512.0 
2 4 1.78 1.78 741.0 206.0 741.0 22.0 8.0 22.0 512.0 467.0 512.0 750.0 170.0 750.0 
2 3 1.0 1.0 255.0 107.0 255.0 391.0 79.0 391.0 26.0 10.0 26.0 
2 4 1.1 1.1 255.0 107.0 255.0 391.0 79.0 391.0 26.0 10.0 26.0 548.0 54.0 548.0 
2 5 1.92 1.92 255.0 107.0 255.0 391.0 79.0 391.0 26.0 10.0 26.0 548.0 54.0 548.0 98.0 80.0 98.0 
2 3 0.92 0.92 334.0 17.0 334.0 402.0 285.0 402.0 605.0 98.0 605.0 
2 4 1.35 1.35 334.0 17.0 334.0 402.0 285.0 402.0 605.0 98.0 605.0 912.0 394.0 912.0 
2 5 1.52 1.52 334.0 17.0 334.0 402.0 285.0 402.0 605.0 98.0 605.0 912.0 394.0 912.0 583.0 97.0 583.0 
2 3 1.07 1.07 799.0 236.0 799.0 1000.0 507.0 1000.0 97.0 26.0 97.0 
2 4 1.31 1.31 799.0 236.0 799.0 1000.0 507.0 1000.0 97.0 26.0 97.0 398.0 98.0 398.0 
2 5 1.36 1.36 799.0 236.0 799.0 1000.0 507.0 1000.0 97.0 26.0 97.0 398.0 98.0 398.0 551.0 27.0 551.0 
2 3 0.26 0.26 113.0 13.0 113.0 225.0 9.0 225.0 480.0 55.0 480.0 
2 4 1.1 1.1 113.0 13.0 113.0 225.0 9.0 225.0 480.0 55.0 480.0 579.0 484.0 579.0 
2 5 1.11 1.11 113.0 13.0 113.0 225.0 9.0 225.0 480.0 55.0 480.0 579.0 484.0 579.0 875.0 11.0 875.0 
2 3 0.96 0.96 588.0 52.0 588.0 709.0 282.0 709.0 735.0 355.0 735.0 
2 4 1.13 1.13 588.0 52.0 588.0 709.0 282.0 709.0 735.0 355.0 735.0 763.0 126.0 763.0 
2 5 1.23 1.23 588.0 52.0 588.0 709.0 282.0 709.0 735.0 355.0 735.0 763.0 126.0 763.0 769.0 81.0 769.0 
2 6 1.61 1.61 588.0 52.0 588.0 709.0 282.0 709.0 735.0 355.0 735.0 763.0 126.0 763.0 769.0 81.0 769.0 593.0 220.0 593.0 
2 3 1.2 1.2 712.0 198.0 712.0 906.0 141.0 906.0 673.0 521.0 673.0 
2 3 1.23 1.23 526.0 92.0 526.0 104.0 91.0 104.0 878.0 161.0 878.0 
2 4 1.43 1.43 526.0 92.0 526.0 104.0 91.0 104.0 878.0 161.0 878.0 66.0 13.0 66.0 
2 5 1.75 1.75 526.0 92.0 526.0 104.0 91.0 104.0 878.0 161.0 878.0 66.0 13.0 66.0 666.0 219.0 666.0 
2 3 1.59 1.59 493.0 160.0 493.0 967.0 363.0 967.0 19.0 17.0 19.0 
2 4 1.83 1.83 493.0 160.0 493.0 967.0 363.0 967.0 19.0 17.0 19.0 599.0 146.0 599.0 
2 3 0.85 0.85 711.0 287.0 711.0 524.0 10.0 524.0 562.0 245.0 562.0 
2 4 0.99 0.99 711.0 287.0 711.0 524.0 10.0 524.0 562.0 245.0 562.0 15.0 2.0 15.0 
2 5 1.47 1.47 711.0 287.0 711.0 524.0 10.0 524.0 562.0 245.0 562.0 15.0 2.0 15.0 954.0 458.0 954.0 
2 3 1.6 1.6 125.0 31.0 125.0 177.0 168.0 177.0 939.0 387.0 939.0 
2 4 1.63 1.63 125.0 31.0 125.0 177.0 168.0 177.0 939.0 387.0 939.0 33.0 1.0 33.0 
2 5 1.9 1.9 125.0 31.0 125.0 177.0 168.0 177.0 939.0 387.0 939.0 33.0 1.0 33.0 579.0 151.0 579.0 
2 3 0.47 0.47 141.0 26.0 141.0 139.0 12.0 139.0 508.0 104.0 508.0 
2 4 0.65 0.65 141.0 26.0 141.0 139.0 12.0 139.0 508.0 104.0 508.0 489.0 89.0 489.0 
2 5 0.92 0.92 141.0 26.0 141.0 139.0 12.0 139.0 508.0 104.0 508.0 489.0 89.0 489.0 202.0 55.0 202.0 
2 6 1.11 1.11 141.0 26.0 141.0 139.0 12.0 139.0 508.0 104.0 508.0 489.0 89.0 489.0 202.0 55.0 202.0 37.0 7.0 37.0 
2 7 1.55 1.55 141.0 26.0 141.0 139.0 12.0 139.0 508.0 104.0 508.0 489.0 89.0 489.0 202.0 55.0 202.0 37.0 7.0 37.0 198.0 87.0 198.0 
2 8 1.61 1.61 141.0 26.0 141.0 139.0 12.0 139.0 508.0 104.0 508.0 489.0 89.0 489.0 202.0 55.0 202.0 37.0 7.0 37.0 198.0 87.0 198.0 567.0 30.0 567.0 
2 9 1.89 1.89 141.0 26.0 141.0 139.0 12.0 139.0 508.0 104.0 508.0 489.0 89.0 489.0 202.0 55.0 202.0 37.0 7.0 37.0 198.0 87.0 198.0 567.0 30.0 567.0 439.0 123.0 439.0 
2 3 0.79 0.79 629.0 78.0 629.0 979.0 53.0 979.0 669.0 412.0 669.0 
2 4 0.91 0.91 629.0 78.0 629.0 979.0 53.0 979.0 669.0 412.0 669.0 676.0 84.0 676.0 
2 5 1.37 1.37 629.0 78.0 629.0 979.0 53.0 979.0 669.0 412.0 669.0 676.0 84.0 676.0 109.0 50.0 109.0 
2 3 0.42 0.42 498.0 12.0 498.0 897.0 46.0 897.0 49.0 17.0 49.0 
2 4 0.88 0.88 498.0 12.0 498.0 897.0 46.0 897.0 49.0 17.0 49.0 266.0 122.0 266.0 
2 5 0.98 0.98 498.0 12.0 498.0 897.0 46.0 897.0 49.0 17.0 49.0 266.0 122.0 266.0 649.0 69.0 649.0 
2 6 1.2 1.2 498.0 12.0 498.0 897.0 46.0 897.0 49.0 17.0 49.0 266.0 122.0 266.0 649.0 69.0 649.0 208.0 46.0 208.0 
2 7 1.82 1.82 498.0 12.0 498.0 897.0 46.0 897.0 49.0 17.0 49.0 266.0 122.0 266.0 649.0 69.0 649.0 208.0 46.0 208.0 961.0 591.0 961.0 
2 3 1.46 1.46 678.0 437.0 678.0 890.0 18.0 890.0 922.0 738.0 922.0 
2 3 0.64 0.64 523.0 49.0 523.0 317.0 97.0 317.0 123.0 30.0 123.0 
2 4 0.71 0.71 523.0 49.0 523.0 317.0 97.0 317.0 123.0 30.0 123.0 180.0 12.0 180.0 
2 5 1.08 1.08 523.0 49.0 523.0 317.0 97.0 317.0 123.0 30.0 123.0 180.0 12.0 180.0 54.0 20.0 54.0 
2 6 1.3 1.3 523.0 49.0 523.0 317.0 97.0 317.0 123.0 30.0 123.0 180.0 12.0 180.0 54.0 20.0 54.0 545.0 122.0 545.0 
2 7 1.53 1.53 523.0 49.0 523.0 317.0 97.0 317.0 123.0 30.0 123.0 180.0 12.0 180.0 54.0 20.0 54.0 545.0 122.0 545.0 69.0 16.0 69.0 
2 8 1.77 1.77 523.0 49.0 523.0 317.0 97.0 317.0 123.0 30.0 123.0 180.0 12.0 180.0 54.0 20.0 54.0 545.0 122.0 545.0 69.0 16.0 69.0 828.0 196.0 828.0 
2 9 1.86 1.86 523.0 49.0 523.0 317.0 97.0 317.0 123.0 30.0 123.0 180.0 12.0 180.0 54.0 20.0 54.0 545.0 122.0 545.0 69.0 16.0 69.0 828.0 196.0 828.0 908.0 85.0 908.0 
2 3 1.1 1.1 695.0 581.0 695.0 680.0 112.0 680.0 172.0 18.0 172.0 
2 4 1.99 1.99 695.0 581.0 695.0 680.0 112.0 680.0 172.0 18.0 172.0 72.0 64.0 72.0 
2 3 1.32 1.32 109.0 38.0 109.0 587.0 112.0 587.0 843.0 665.0 843.0 
2 4 1.56 1.56 109.0 38.0 109.0 587.0 112.0 587.0 843.0 665.0 843.0 896.0 209.0 896.0 
2 3 0.93 0.93 893.0 428.0 893.0 940.0 54.0 940.0 245.0 97.0 245.0 
2 4 1.1 1.1 893.0 428.0 893.0 940.0 54.0 940.0 245.0 97.0 245.0 859.0 150.0 859.0 
2 5 1.52 1.52 893.0 428.0 893.0 940.0 54.0 940.0 245.0 97.0 245.0 859.0 150.0 859.0 76.0 32.0 76.0 
2 3 0.85 0.85 940.0 577.0 940.0 172.0 3.0 172.0 75.0 17.0 75.0 
2 4 0.95 0.95 940.0 577.0 940.0 172.0 3.0 172.0 75.0 17.0 75.0 974.0 93.0 974.0 
2 5 1.03 1.03 940.0 577.0 940.0 172.0 3.0 172.0 75.0 17.0 75.0 974.0 93.0 974.0 528.0 43.0 528.0 
2 6 1.45 1.45 940.0 577.0 940.0 172.0 3.0 172.0 75.0 17.0 75.0 974.0 93.0 974.0 528.0 43.0 528.0 372.0 158.0 372.0 
2 7 1.76 1.76 940.0 577.0 940.0 172.0 3.0 172.0 75.0 17.0 75.0 974.0 93.0 974.0 528.0 43.0 528.0 372.0 158.0 372.0 970.0 301.0 970.0 
2 8 1.99 1.99 940.0 577.0 940.0 172.0 3.0 172.0 75.0 17.0 75.0 974.0 93.0 974.0 528.0 43.0 528.0 372.0 158.0 372.0 970.0 301.0 970.0 501.0 111.0 501.0 
2 3 0.65 0.65 935.0 138.0 935.0 641.0 277.0 641.0 879.0 65.0 879.0 
2 4 0.98 0.98 935.0 138.0 935.0 641.0 277.0 641.0 879.0 65.0 879.0 214.0 70.0 214.0 
2 5 1.93 1.93 935.0 138.0 935.0 641.0 277.0 641.0 879.0 65.0 879.0 214.0 70.0 214.0 336.0 319.0 336.0 
2 3 1.25 1.25 796.0 655.0 796.0 596.0 200.0 596.0 259.0 25.0 259.0 
2 4 1.35 1.35 796.0 655.0 796.0 596.0 200.0 596.0 259.0 25.0 259.0 780.0 76.0 780.0 
2 3 1.13 1.13 314.0 161.0 314.0 757.0 410.0 757.0 228.0 18.0 228.0 
2 4 1.59 1.59 314.0 161.0 314.0 757.0 410.0 757.0 228.0 18.0 228.0 459.0 214.0 459.0 
2 5 1.71 1.71 314.0 161.0 314.0 757.0 410.0 757.0 228.0 18.0 228.0 459.0 214.0 459.0 159.0 18.0 159.0 
2 6 1.92 1.92 314.0 161.0 314.0 757.0 410.0 757.0 228.0 18.0 228.0 459.0 214.0 459.0 159.0 18.0 159.0 535.0 111.0 535.0 
2 3 1.05 1.05 952.0 29.0 952.0 406.0 261.0 406.0 629.0 237.0 629.0 
2 3 0.6 0.6 350.0 29.0 350.0 701.0 334.0 701.0 858.0 40.0 858.0 
2 4 1.58 1.58 350.0 29.0 350.0 701.0 334.0 701.0 858.0 40.0 858.0 641.0 628.0 641.0 
2 5 1.86 1.86 350.0 29.0 350.0 701.0 334.0 701.0 858.0 40.0 858.0 641.0 628.0 641.0 194.0 55.0 194.0 
2 3 1.38 1.38 110.0 81.0 110.0 522.0 80.0 522.0 348.0 171.0 348.0 
2 4 1.63 1.63 110.0 81.0 110.0 522.0 80.0 522.0 348.0 171.0 348.0 110.0 28.0 110.0 
2 5 1.82 1.82 110.0 81.0 110.0 522.0 80.0 522.0 348.0 171.0 348.0 110.0 28.0 110.0 279.0 52.0 279.0 
2 3 1.03 1.03 134.0 84.0 134.0 271.0 82.0 271.0 58.0 6.0 58.0 
2 4 1.67 1.67 134.0 84.0 134.0 271.0 82.0 271.0 58.0 6.0 58.0 671.0 429.0 671.0 
2 5 1.94 1.94 134.0 84.0 134.0 271.0 82.0 271.0 58.0 6.0 58.0 671.0 429.0 671.0 257.0 70.0 257.0 
2 3 1.37 1.37 67.0 28.0 67.0 538.0 292.0 538.0 762.0 317.0 762.0 
2 4 1.75 1.75 67.0 28.0 67.0 538.0 292.0 538.0 762.0 317.0 762.0 90.0 34.0 90.0 
2 5 1.9 1.9 67.0 28.0 67.0 538.0 292.0 538.0 762.0 317.0 762.0 90.0 34.0 90.0 191.0 28.0 191.0 
2 3 1.83 1.83 616.0 247.0 616.0 186.0 108.0 186.0 7.0 6.0 7.0 
2 3 0.88 0.88 760.0 99.0 760.0 222.0 81.0 222.0 367.0 142.0 367.0 
2 4 0.95 0.95 760.0 99.0 760.0 222.0 81.0 222.0 367.0 142.0 367.0 824.0 60.0 824.0 
2 5 1.35 1.35 760.0 99.0 760.0 222.0 81.0 222.0 367.0 142.0 367.0 824.0 60.0 824.0 98.0 39.0 98.0 
2 6 1.57 1.57 760.0 99.0 760.0 222.0 81.0 222.0 367.0 142.0 367.0 824.0 60.0 824.0 98.0 39.0 98.0 124.0 27.0 124.0 
2 3 1.69 1.69 318.0 62.0 318.0 823.0 512.0 823.0 918.0 802.0 918.0 
2 3 0.51 0.51 394.0 61.0 394.0 34.0 1.0 34.0 627.0 206.0 627.0 
2 4 0.63 0.63 394.0 61.0 394.0 34.0 1.0 34.0 627.0 206.0 627.0 893.0 108.0 893.0 
2 5 0.84 0.84 394.0 61.0 394.0 34.0 1.0 34.0 627.0 206.0 627.0 893.0 108.0 893.0 496.0 106.0 496.0 
2 6 1.04 1.04 394.0 61.0 394.0 34.0 1.0 34.0 627.0 206.0 627.0 893.0 108.0 893.0 496.0 106.0 496.0 931.0 182.0 931.0 
2 7 1.83 1.83 394.0 61.0 394.0 34.0 1.0 34.0 627.0 206.0 627.0 893.0 108.0 893.0 496.0 106.0 496.0 931.0 182.0 931.0 803.0 640.0 803.0 
2 3 1.23 1.23 723.0 230.0 723.0 595.0 321.0 595.0 696.0 262.0 696.0 
2 4 1.37 1.37 723.0 230.0 723.0 595.0 321.0 595.0 696.0 262.0 696.0 139.0 20.0 139.0 
2 5 1.98 1.98 723.0 230.0 723.0 595.0 321.0 595.0 696.0 262.0 696.0 139.0 20.0 139.0 932.0 565.0 932.0 
2 3 0.9 0.9 588.0 13.0 588.0 371.0 43.0 371.0 776.0 597.0 776.0 
2 4 1.71 1.71 588.0 13.0 588.0 371.0 43.0 371.0 776.0 597.0 776.0 387.0 314.0 387.0 
2 5 1.87 1.87 588.0 13.0 588.0 371.0 43.0 371.0 776.0 597.0 776.0 387.0 314.0 387.0 547.0 86.0 547.0 
2 3 0.78 0.78 38.0 15.0 38.0 138.0 39.0 138.0 75.0 8.0 75.0 
2 4 1.53 1.53 38.0 15.0 38.0 138.0 39.0 138.0 75.0 8.0 75.0 479.0 359.0 479.0 
2 5 1.75 1.75 38.0 15.0 38.0 138.0 39.0 138.0 75.0 8.0 75.0 479.0 359.0 479.0 223.0 49.0 223.0 
2 6 1.99 1.99 38.0 15.0 38.0 138.0 39.0 138.0 75.0 8.0 75.0 479.0 359.0 479.0 223.0 49.0 223.0 732.0 179.0 732.0 
2 3 0.68 0.68 667.0 80.0 667.0 976.0 275.0 976.0 383.0 109.0 383.0 
2 4 1.32 1.32 667.0 80.0 667.0 976.0 275.0 976.0 383.0 109.0 383.0 421.0 267.0 421.0 
2 5 1.8 1.8 667.0 80.0 667.0 976.0 275.0 976.0 383.0 109.0 383.0 421.0 267.0 421.0 968.0 468.0 968.0 
2 3 0.92 0.92 871.0 221.0 871.0 78.0 37.0 78.0 313.0 61.0 313.0 
2 4 1.4 1.4 871.0 221.0 871.0 78.0 37.0 78.0 313.0 61.0 313.0 588.0 285.0 588.0 
2 5 1.53 1.53 871.0 221.0 871.0 78.0 37.0 78.0 313.0 61.0 313.0 588.0 285.0 588.0 860.0 107.0 860.0 
2 6 1.97 1.97 871.0 221.0 871.0 78.0 37.0 78.0 313.0 61.0 313.0 588.0 285.0 588.0 860.0 107.0 860.0 737.0 330.0 737.0 
2 3 0.75 0.75 434.0 19.0 434.0 12.0 3.0 12.0 882.0 404.0 882.0 
2 4 1.67 1.67 434.0 19.0 434.0 12.0 3.0 12.0 882.0 404.0 882.0 624.0 576.0 624.0 
2 3 0.67 0.67 98.0 5.0 98.0 880.0 411.0 880.0 94.0 15.0 94.0 
2 4 1.1 1.1 98.0 5.0 98.0 880.0 411.0 880.0 94.0 15.0 94.0 790.0 335.0 790.0 
2 5 1.55 1.55 98.0 5.0 98.0 880.0 411.0 880.0 94.0 15.0 94.0 790.0 335.0 790.0 590.0 266.0 590.0 
2 3 1.13 1.13 834.0 242.0 834.0 372.0 147.0 372.0 449.0 204.0 449.0 
2 4 1.4 1.4 834.0 242.0 834.0 372.0 147.0 372.0 449.0 204.0 449.0 997.0 263.0 997.0 
2 3 1.13 1.13 855.0 208.0 855.0 281.0 238.0 281.0 590.0 27.0 590.0 
2 3 0.54 0.54 841.0 414.0 841.0 738.0 6.0 738.0 562.0 23.0 562.0 
2 4 1.32 1.32 841.0 414.0 841.0 738.0 6.0 738.0 562.0 23.0 562.0 642.0 504.0 642.0 
2 5 1.48 1.48 841.0 414.0 841.0 738.0 6.0 738.0 562.0 23.0 562.0 642.0 504.0 642.0 260.0 42.0 260.0 
2 6 1.66 1.66 841.0 414.0 841.0 738.0 6.0 738.0 562.0 23.0 562.0 642.0 504.0 642.0 260.0 42.0 260.0 128.0 23.0 128.0 
2 3 1.01 1.01 731.0 371.0 731.0 716.0 334.0 716.0 820.0 32.0 820.0 
2 4 1.46 1.46 731.0 371.0 731.0 716.0 334.0 716.0 820.0 32.0 820.0 846.0 382.0 846.0 
2 5 1.55 1.55 731.0 371.0 731.0 716.0 334.0 716.0 820.0 32.0 820.0 846.0 382.0 846.0 115.0 10.0 115.0 
2 3 1.56 1.56 755.0 718.0 755.0 755.0 20.0 755.0 228.0 133.0 228.0 
2 4 1.59 1.59 755.0 718.0 755.0 755.0 20.0 755.0 228.0 133.0 228.0 342.0 10.0 342.0 
2 3 0.93 0.93 463.0 157.0 463.0 812.0 161.0 812.0 980.0 386.0 980.0 
2 4 1.4 1.4 463.0 157.0 463.0 812.0 161.0 812.0 980.0 386.0 980.0 469.0 223.0 469.0 
2 3 0.38 0.38 579.0 51.0 579.0 220.0 64.0 220.0 101.0 1.0 101.0 
2 4 0.68 0.68 579.0 51.0 579.0 220.0 64.0 220.0 101.0 1.0 101.0 448.0 133.0 448.0 
2 5 1.19 1.19 579.0 51.0 579.0 220.0 64.0 220.0 101.0 1.0 101.0 448.0 133.0 448.0 436.0 222.0 436.0 
2 6 1.68 1.68 579.0 51.0 579.0 220.0 64.0 220.0 101.0 1.0 101.0 448.0 133.0 448.0 436.0 222.0 436.0 498.0 245.0 498.0 
2 3 0.91 0.91 617.0 447.0 617.0 568.0 96.0 568.0 431.0 9.0 431.0 
2 4 0.91 0.91 617.0 447.0 617.0 568.0 96.0 568.0 431.0 9.0 431.0 370.0 2.0 370.0 
2 5 1.4 1.4 617.0 447.0 617.0 568.0 96.0 568.0 431.0 9.0 431.0 370.0 2.0 370.0 700.0 340.0 700.0 
2 6 1.7 1.7 617.0 447.0 617.0 568.0 96.0 568.0 431.0 9.0 431.0 370.0 2.0 370.0 700.0 340.0 700.0 84.0 25.0 84.0 
2 3 1.9 1.9 707.0 632.0 707.0 251.0 241.0 251.0 413.0 21.0 413.0 
2 3 1.28 1.28 174.0 45.0 174.0 640.0 596.0 640.0 155.0 14.0 155.0 
2 4 1.65 1.65 174.0 45.0 174.0 640.0 596.0 640.0 155.0 14.0 155.0 497.0 188.0 497.0 
2 3 1.56 1.56 245.0 171.0 245.0 914.0 35.0 914.0 40.0 33.0 40.0 
2 3 1.41 1.41 615.0 110.0 615.0 142.0 87.0 142.0 752.0 467.0 752.0 
2 4 1.65 1.65 615.0 110.0 615.0 142.0 87.0 142.0 752.0 467.0 752.0 816.0 194.0 816.0 
2 5 1.77 1.77 615.0 110.0 615.0 142.0 87.0 142.0 752.0 467.0 752.0 816.0 194.0 816.0 340.0 44.0 340.0 
2 3 1.31 1.31 488.0 387.0 488.0 450.0 207.0 450.0 778.0 52.0 778.0 
2 4 1.64 1.64 488.0 387.0 488.0 450.0 207.0 450.0 778.0 52.0 778.0 868.0 286.0 868.0 
2 5 1.93 1.93 488.0 387.0 488.0 450.0 207.0 450.0 778.0 52.0 778.0 868.0 286.0 868.0 160.0 46.0 160.0 
2 3 1.01 1.01 6.0 1.0 6.0 228.0 117.0 228.0 640.0 215.0 640.0 
2 4 1.42 1.42 6.0 1.0 6.0 228.0 117.0 228.0 640.0 215.0 640.0 913.0 370.0 913.0 
2 5 1.92 1.92 6.0 1.0 6.0 228.0 117.0 228.0 640.0 215.0 640.0 913.0 370.0 913.0 205.0 103.0 205.0 
2 3 1.38 1.38 693.0 129.0 693.0 286.0 224.0 286.0 447.0 186.0 447.0 
2 3 0.84 0.84 355.0 59.0 355.0 688.0 156.0 688.0 393.0 177.0 393.0 
2 4 1.32 1.32 355.0 59.0 355.0 688.0 156.0 688.0 393.0 177.0 393.0 991.0 474.0 991.0 
2 3 1.68 1.68 127.0 100.0 127.0 217.0 158.0 217.0 215.0 37.0 215.0 
2 4 1.9 1.9 127.0 100.0 127.0 217.0 158.0 217.0 215.0 37.0 215.0 146.0 32.0 146.0 
2 3 1.61 1.61 144.0 41.0 144.0 397.0 139.0 397.0 212.0 208.0 212.0 
2 4 1.81 1.81 144.0 41.0 144.0 397.0 139.0 397.0 212.0 208.0 212.0 279.0 56.0 279.0 
2 3 0.97 0.97 139.0 16.0 139.0 179.0 58.0 179.0 508.0 274.0 508.0 
2 4 1.22 1.22 139.0 16.0 139.0 179.0 58.0 179.0 508.0 274.0 508.0 215.0 54.0 215.0 
2 5 1.57 1.57 139.0 16.0 139.0 179.0 58.0 179.0 508.0 274.0 508.0 215.0 54.0 215.0 755.0 259.0 755.0 
2 6 1.93 1.93 139.0 16.0 139.0 179.0 58.0 179.0 508.0 274.0 508.0 215.0 54.0 215.0 755.0 259.0 755.0 848.0 304.0 848.0 
2 3 1.63 1.63 51.0 29.0 51.0 459.0 426.0 459.0 971.0 133.0 971.0 
2 3 1.11 1.11 708.0 15.0 708.0 519.0 413.0 519.0 20.0 6.0 20.0 
2 4 1.89 1.89 708.0 15.0 708.0 519.0 413.0 519.0 20.0 6.0 20.0 50.0 39.0 50.0 
2 3 1.41 1.41 61.0 48.0 61.0 215.0 24.0 215.0 965.0 494.0 965.0 
2 4 1.96 1.96 61.0 48.0 61.0 215.0 24.0 215.0 965.0 494.0 965.0 643.0 354.0 643.0 
2 3 1.44 1.44 170.0 158.0 170.0 210.0 96.0 210.0 242.0 15.0 242.0 
2 4 1.47 1.47 170.0 158.0 170.0 210.0 96.0 210.0 242.0 15.0 242.0 693.0 20.0 693.0 
2 5 1.6 1.6 170.0 158.0 170.0 210.0 96.0 210.0 242.0 15.0 242.0 693.0 20.0 693.0 494.0 65.0 494.0 
2 3 1.89 1.89 503.0 232.0 503.0 463.0 385.0 463.0 70.0 42.0 70.0 
2 3 1.33 1.33 634.0 119.0 634.0 577.0 487.0 577.0 176.0 54.0 176.0 
2 4 1.78 1.78 634.0 119.0 634.0 577.0 487.0 577.0 176.0 54.0 176.0 554.0 249.0 554.0 
2 5 1.98 1.98 634.0 119.0 634.0 577.0 487.0 577.0 176.0 54.0 176.0 554.0 249.0 554.0 856.0 166.0 856.0 
2 3 0.43 0.43 306.0 57.0 306.0 205.0 11.0 205.0 759.0 147.0 759.0 
2 4 0.92 0.92 306.0 57.0 306.0 205.0 11.0 205.0 759.0 147.0 759.0 95.0 47.0 95.0 
2 5 1.08 1.08 306.0 57.0 306.0 205.0 11.0 205.0 759.0 147.0 759.0 95.0 47.0 95.0 885.0 137.0 885.0 
2 6 1.52 1.52 306.0 57.0 306.0 205.0 11.0 205.0 759.0 147.0 759.0 95.0 47.0 95.0 885.0 137.0 885.0 45.0 20.0 45.0 
2 3 0.8 0.8 793.0 102.0 793.0 677.0 195.0 677.0 438.0 169.0 438.0 
2 4 1.12 1.12 793.0 102.0 793.0 677.0 195.0 677.0 438.0 169.0 438.0 798.0 256.0 798.0 
2 3 1.08 1.08 988.0 70.0 988.0 21.0 10.0 21.0 145.0 78.0 145.0 
2 4 1.69 1.69 988.0 70.0 988.0 21.0 10.0 21.0 145.0 78.0 145.0 142.0 86.0 142.0 
2 5 1.93 1.93 988.0 70.0 988.0 21.0 10.0 21.0 145.0 78.0 145.0 142.0 86.0 142.0 407.0 100.0 407.0 
2 3 1.38 1.38 714.0 26.0 714.0 941.0 681.0 941.0 187.0 116.0 187.0 
2 3 1.31 1.31 988.0 369.0 988.0 482.0 72.0 482.0 202.0 161.0 202.0 
2 4 1.57 1.57 988.0 369.0 988.0 482.0 72.0 482.0 202.0 161.0 202.0 956.0 240.0 956.0 
2 3 1.44 1.44 327.0 3.0 327.0 515.0 511.0 515.0 126.0 56.0 126.0 
2 4 1.53 1.53 327.0 3.0 327.0 515.0 511.0 515.0 126.0 56.0 126.0 379.0 32.0 379.0 
2 3 1.51 1.51 248.0 101.0 248.0 788.0 721.0 788.0 495.0 93.0 495.0 
2 4 1.75 1.75 248.0 101.0 248.0 788.0 721.0 788.0 495.0 93.0 495.0 420.0 103.0 420.0 
2 3 0.67 0.67 925.0 66.0 925.0 871.0 311.0 871.0 8.0 2.0 8.0 
2 4 0.75 0.75 925.0 66.0 925.0 871.0 311.0 871.0 8.0 2.0 8.0 50.0 4.0 50.0 
2 5 0.93 0.93 925.0 66.0 925.0 871.0 311.0 871.0 8.0 2.0 8.0 50.0 4.0 50.0 584.0 101.0 584.0 
2 6 1.31 1.31 925.0 66.0 925.0 871.0 311.0 871.0 8.0 2.0 8.0 50.0 4.0 50.0 584.0 101.0 584.0 755.0 291.0 755.0 
2 7 1.43 1.43 925.0 66.0 925.0 871.0 311.0 871.0 8.0 2.0 8.0 50.0 4.0 50.0 584.0 101.0 584.0 755.0 291.0 755.0 634.0 78.0 634.0 
2 3 1.1 1.1 542.0 80.0 542.0 37.0 3.0 37.0 931.0 820.0 931.0 
2 4 1.84 1.84 542.0 80.0 542.0 37.0 3.0 37.0 931.0 820.0 931.0 739.0 544.0 739.0 
2 3 0.71 0.71 618.0 1.0 618.0 372.0 76.0 372.0 83.0 42.0 83.0 
2 4 1.29 1.29 618.0 1.0 618.0 372.0 76.0 372.0 83.0 42.0 83.0 419.0 244.0 419.0 
2 5 1.69 1.69 618.0 1.0 618.0 372.0 76.0 372.0 83.0 42.0 83.0 419.0 244.0 419.0 961.0 382.0 961.0 
2 3 1.55 1.55 425.0 181.0 425.0 55.0 10.0 55.0 307.0 291.0 307.0 
2 4 1.62 1.62 425.0 181.0 425.0 55.0 10.0 55.0 307.0 291.0 307.0 889.0 62.0 889.0 
2 5 1.73 1.73 425.0 181.0 425.0 55.0 10.0 55.0 307.0 291.0 307.0 889.0 62.0 889.0 624.0 67.0 624.0 
2 3 1.33 1.33 182.0 76.0 182.0 584.0 29.0 584.0 515.0 445.0 515.0 
2 4 1.71 1.71 182.0 76.0 182.0 584.0 29.0 584.0 515.0 445.0 515.0 150.0 58.0 150.0 
2 3 0.46 0.46 96.0 22.0 96.0 166.0 34.0 166.0 724.0 19.0 724.0 
2 4 0.55 0.55 96.0 22.0 96.0 166.0 34.0 166.0 724.0 19.0 724.0 425.0 39.0 425.0 
2 5 1.55 1.55 96.0 22.0 96.0 166.0 34.0 166.0 724.0 19.0 724.0 425.0 39.0 425.0 221.0 221.0 221.0 
2 3 0.89 0.89 285.0 68.0 285.0 177.0 79.0 177.0 967.0 204.0 967.0 
2 4 1.21 1.21 285.0 68.0 285.0 177.0 79.0 177.0 967.0 204.0 967.0 284.0 92.0 284.0 
2 5 1.95 1.95 285.0 68.0 285.0 177.0 79.0 177.0 967.0 204.0 967.0 284.0 92.0 284.0 989.0 730.0 989.0 
2 6 1.96 1.96 285.0 68.0 285.0 177.0 79.0 177.0 967.0 204.0 967.0 284.0 92.0 284.0 989.0 730.0 989.0 625.0 4.0 625.0 
2 3 1.54 1.54 225.0 92.0 225.0 38.0 16.0 38.0 400.0 285.0 400.0 
2 4 1.96 1.96 225.0 92.0 225.0 38.0 16.0 38.0 400.0 285.0 400.0 490.0 208.0 490.0 
2 3 0.83 0.83 157.0 38.0 157.0 31.0 5.0 31.0 882.0 382.0 882.0 
2 4 1.15 1.15 157.0 38.0 157.0 31.0 5.0 31.0 882.0 382.0 882.0 864.0 276.0 864.0 
2 5 1.17 1.17 157.0 38.0 157.0 31.0 5.0 31.0 882.0 382.0 882.0 864.0 276.0 864.0 331.0 6.0 331.0 
2 6 1.3 1.3 157.0 38.0 157.0 31.0 5.0 31.0 882.0 382.0 882.0 864.0 276.0 864.0 331.0 6.0 331.0 707.0 92.0 707.0 
2 7 1.57 1.57 157.0 38.0 157.0 31.0 5.0 31.0 882.0 382.0 882.0 864.0 276.0 864.0 331.0 6.0 331.0 707.0 92.0 707.0 230.0 63.0 230.0 
2 8 1.87 1.87 157.0 38.0 157.0 31.0 5.0 31.0 882.0 382.0 882.0 864.0 276.0 864.0 331.0 6.0 331.0 707.0 92.0 707.0 230.0 63.0 230.0 804.0 239.0 804.0 
2 3 1.89 1.89 255.0 228.0 255.0 734.0 109.0 734.0 415.0 353.0 415.0 
2 3 1.21 1.21 263.0 103.0 263.0 780.0 211.0 780.0 253.0 139.0 253.0 
2 4 1.65 1.65 263.0 103.0 263.0 780.0 211.0 780.0 253.0 139.0 253.0 568.0 251.0 568.0 
2 3 1.07 1.07 193.0 34.0 193.0 655.0 206.0 655.0 58.0 34.0 58.0 
2 3 0.91 0.91 85.0 22.0 85.0 97.0 33.0 97.0 815.0 261.0 815.0 
2 4 1.21 1.21 85.0 22.0 85.0 97.0 33.0 97.0 815.0 261.0 815.0 563.0 164.0 563.0 
2 5 1.8 1.8 85.0 22.0 85.0 97.0 33.0 97.0 815.0 261.0 815.0 563.0 164.0 563.0 611.0 365.0 611.0 
2 6 1.92 1.92 85.0 22.0 85.0 97.0 33.0 97.0 815.0 261.0 815.0 563.0 164.0 563.0 611.0 365.0 611.0 17.0 2.0 17.0 
2 3 0.84 0.84 230.0 3.0 230.0 341.0 148.0 341.0 837.0 331.0 837.0 
2 4 1.29 1.29 230.0 3.0 230.0 341.0 148.0 341.0 837.0 331.0 837.0 471.0 215.0 471.0 
2 5 1.45 1.45 230.0 3.0 230.0 341.0 148.0 341.0 837.0 331.0 837.0 471.0 215.0 471.0 228.0 35.0 228.0 
2 6 1.82 1.82 230.0 3.0 230.0 341.0 148.0 341.0 837.0 331.0 837.0 471.0 215.0 471.0 228.0 35.0 228.0 601.0 221.0 601.0 
2 7 1.86 1.86 230.0 3.0 230.0 341.0 148.0 341.0 837.0 331.0 837.0 471.0 215.0 471.0 228.0 35.0 228.0 601.0 221.0 601.0 475.0 20.0 475.0 
2 3 0.98 0.98 838.0 324.0 838.0 308.0 106.0 308.0 868.0 219.0 868.0 
2 4 1.03 1.03 838.0 324.0 838.0 308.0 106.0 308.0 868.0 219.0 868.0 176.0 10.0 176.0 
2 5 1.95 1.95 838.0 324.0 838.0 308.0 106.0 308.0 868.0 219.0 868.0 176.0 10.0 176.0 362.0 332.0 362.0 
2 3 1.24 1.24 503.0 170.0 503.0 95.0 16.0 95.0 57.0 42.0 57.0 
2 3 1.95 1.95 63.0 58.0 63.0 491.0 106.0 491.0 587.0 481.0 587.0 
2 3 0.76 0.76 178.0 74.0 178.0 486.0 48.0 486.0 446.0 113.0 446.0 
2 4 1.2 1.2 178.0 74.0 178.0 486.0 48.0 486.0 446.0 113.0 446.0 346.0 151.0 346.0 
2 3 0.48 0.48 246.0 22.0 246.0 137.0 44.0 137.0 315.0 24.0 315.0 
2 4 0.54 0.54 246.0 22.0 246.0 137.0 44.0 137.0 315.0 24.0 315.0 931.0 52.0 931.0 
2 5 0.68 0.68 246.0 22.0 246.0 137.0 44.0 137.0 315.0 24.0 315.0 931.0 52.0 931.0 456.0 67.0 456.0 
2 6 1.01 1.01 246.0 22.0 246.0 137.0 44.0 137.0 315.0 24.0 315.0 931.0 52.0 931.0 456.0 67.0 456.0 535.0 173.0 535.0 
2 7 1.41 1.41 246.0 22.0 246.0 137.0 44.0 137.0 315.0 24.0 315.0 931.0 52.0 931.0 456.0 67.0 456.0 535.0 173.0 535.0 225.0 90.0 225.0 
2 8 1.8 1.8 246.0 22.0 246.0 137.0 44.0 137.0 315.0 24.0 315.0 931.0 52.0 931.0 456.0 67.0 456.0 535.0 173.0 535.0 225.0 90.0 225.0 28.0 11.0 28.0 
2 3 0.37 0.37 263.0 2.0 263.0 895.0 185.0 895.0 433.0 71.0 433.0 
2 4 0.78 0.78 263.0 2.0 263.0 895.0 185.0 895.0 433.0 71.0 433.0 1000.0 410.0 1000.0 
2 5 0.97 0.97 263.0 2.0 263.0 895.0 185.0 895.0 433.0 71.0 433.0 1000.0 410.0 1000.0 852.0 159.0 852.0 
2 6 1.47 1.47 263.0 2.0 263.0 895.0 185.0 895.0 433.0 71.0 433.0 1000.0 410.0 1000.0 852.0 159.0 852.0 36.0 18.0 36.0 
2 7 1.79 1.79 263.0 2.0 263.0 895.0 185.0 895.0 433.0 71.0 433.0 1000.0 410.0 1000.0 852.0 159.0 852.0 36.0 18.0 36.0 801.0 256.0 801.0 
2 3 1.1 1.1 569.0 104.0 569.0 954.0 200.0 954.0 658.0 470.0 658.0 
2 4 1.48 1.48 569.0 104.0 569.0 954.0 200.0 954.0 658.0 470.0 658.0 809.0 303.0 809.0 
2 5 1.93 1.93 569.0 104.0 569.0 954.0 200.0 954.0 658.0 470.0 658.0 809.0 303.0 809.0 352.0 160.0 352.0 
2 3 0.72 0.72 152.0 16.0 152.0 725.0 223.0 725.0 693.0 218.0 693.0 
2 4 1.07 1.07 152.0 16.0 152.0 725.0 223.0 725.0 693.0 218.0 693.0 771.0 267.0 771.0 
2 5 1.24 1.24 152.0 16.0 152.0 725.0 223.0 725.0 693.0 218.0 693.0 771.0 267.0 771.0 454.0 78.0 454.0 
2 6 1.65 1.65 152.0 16.0 152.0 725.0 223.0 725.0 693.0 218.0 693.0 771.0 267.0 771.0 454.0 78.0 454.0 926.0 378.0 926.0 
2 3 0.49 0.49 977.0 223.0 977.0 342.0 25.0 342.0 462.0 91.0 462.0 
2 4 1.11 1.11 977.0 223.0 977.0 342.0 25.0 342.0 462.0 91.0 462.0 96.0 59.0 96.0 
2 5 1.76 1.76 977.0 223.0 977.0 342.0 25.0 342.0 462.0 91.0 462.0 96.0 59.0 96.0 848.0 550.0 848.0 
2 3 0.81 0.81 459.0 24.0 459.0 145.0 6.0 145.0 924.0 666.0 924.0 
2 4 1.49 1.49 459.0 24.0 459.0 145.0 6.0 145.0 924.0 666.0 924.0 467.0 317.0 467.0 
2 5 1.63 1.63 459.0 24.0 459.0 145.0 6.0 145.0 924.0 666.0 924.0 467.0 317.0 467.0 951.0 135.0 951.0 
2 6 1.81 1.81 459.0 24.0 459.0 145.0 6.0 145.0 924.0 666.0 924.0 467.0 317.0 467.0 951.0 135.0 951.0 678.0 122.0 678.0 
2 3 1.24 1.24 103.0 75.0 103.0 713.0 161.0 713.0 750.0 222.0 750.0 
2 4 1.25 1.25 103.0 75.0 103.0 713.0 161.0 713.0 750.0 222.0 750.0 681.0 1.0 681.0 
2 5 1.95 1.95 103.0 75.0 103.0 713.0 161.0 713.0 750.0 222.0 750.0 681.0 1.0 681.0 277.0 194.0 277.0 
2 3 0.77 0.77 937.0 43.0 937.0 43.0 17.0 43.0 434.0 144.0 434.0 
2 4 0.93 0.93 937.0 43.0 937.0 43.0 17.0 43.0 434.0 144.0 434.0 896.0 143.0 896.0 
2 5 1.34 1.34 937.0 43.0 937.0 43.0 17.0 43.0 434.0 144.0 434.0 896.0 143.0 896.0 473.0 197.0 473.0 
2 6 1.44 1.44 937.0 43.0 937.0 43.0 17.0 43.0 434.0 144.0 434.0 896.0 143.0 896.0 473.0 197.0 473.0 127.0 12.0 127.0 
2 7 1.68 1.68 937.0 43.0 937.0 43.0 17.0 43.0 434.0 144.0 434.0 896.0 143.0 896.0 473.0 197.0 473.0 127.0 12.0 127.0 338.0 80.0 338.0 
2 3 1.77 1.77 255.0 153.0 255.0 599.0 372.0 599.0 178.0 99.0 178.0 
2 4 1.99 1.99 255.0 153.0 255.0 599.0 372.0 599.0 178.0 99.0 178.0 740.0 159.0 740.0 
2 3 1.91 1.91 726.0 634.0 726.0 734.0 53.0 734.0 204.0 198.0 204.0 
2 3 1.75 1.75 808.0 205.0 808.0 7.0 4.0 7.0 173.0 161.0 173.0 
2 3 1.47 1.47 624.0 409.0 624.0 795.0 579.0 795.0 97.0 9.0 97.0 
2 3 1.39 1.39 256.0 14.0 256.0 906.0 376.0 906.0 345.0 319.0 345.0 
2 3 0.73 0.73 842.0 178.0 842.0 799.0 188.0 799.0 956.0 280.0 956.0 
2 4 0.88 0.88 842.0 178.0 842.0 799.0 188.0 799.0 956.0 280.0 956.0 388.0 55.0 388.0 
2 5 1.69 1.69 842.0 178.0 842.0 799.0 188.0 799.0 956.0 280.0 956.0 388.0 55.0 388.0 115.0 94.0 115.0 
2 6 1.99 1.99 842.0 178.0 842.0 799.0 188.0 799.0 956.0 280.0 956.0 388.0 55.0 388.0 115.0 94.0 115.0 312.0 91.0 312.0 
2 3 1.29 1.29 230.0 25.0 230.0 714.0 560.0 714.0 834.0 338.0 834.0 
2 3 1.19 1.19 553.0 103.0 553.0 356.0 275.0 356.0 533.0 127.0 533.0 
2 4 1.4 1.4 553.0 103.0 553.0 356.0 275.0 356.0 533.0 127.0 533.0 600.0 123.0 600.0 
2 5 1.77 1.77 553.0 103.0 553.0 356.0 275.0 356.0 533.0 127.0 533.0 600.0 123.0 600.0 948.0 350.0 948.0 
2 3 0.52 0.52 502.0 117.0 502.0 479.0 56.0 479.0 289.0 51.0 289.0 
2 4 1.0 1.0 502.0 117.0 502.0 479.0 56.0 479.0 289.0 51.0 289.0 364.0 174.0 364.0 
2 5 1.08 1.08 502.0 117.0 502.0 479.0 56.0 479.0 289.0 51.0 289.0 364.0 174.0 364.0 241.0 20.0 241.0 
2 6 1.16 1.16 502.0 117.0 502.0 479.0 56.0 479.0 289.0 51.0 289.0 364.0 174.0 364.0 241.0 20.0 241.0 328.0 27.0 328.0 
2 7 1.39 1.39 502.0 117.0 502.0 479.0 56.0 479.0 289.0 51.0 289.0 364.0 174.0 364.0 241.0 20.0 241.0 328.0 27.0 328.0 452.0 101.0 452.0 
2 8 1.87 1.87 502.0 117.0 502.0 479.0 56.0 479.0 289.0 51.0 289.0 364.0 174.0 364.0 241.0 20.0 241.0 328.0 27.0 328.0 452.0 101.0 452.0 294.0 142.0 294.0 
2 3 0.79 0.79 38.0 8.0 38.0 334.0 37.0 334.0 364.0 174.0 364.0 
2 4 1.78 1.78 38.0 8.0 38.0 334.0 37.0 334.0 364.0 174.0 364.0 969.0 957.0 969.0 
2 3 0.9 0.9 54.0 28.0 54.0 568.0 49.0 568.0 271.0 81.0 271.0 
2 4 1.79 1.79 54.0 28.0 54.0 568.0 49.0 568.0 271.0 81.0 271.0 967.0 863.0 967.0 
2 3 0.49 0.49 842.0 76.0 842.0 318.0 52.0 318.0 747.0 182.0 747.0 
2 4 0.62 0.62 842.0 76.0 842.0 318.0 52.0 318.0 747.0 182.0 747.0 964.0 125.0 964.0 
2 5 1.6 1.6 842.0 76.0 842.0 318.0 52.0 318.0 747.0 182.0 747.0 964.0 125.0 964.0 582.0 570.0 582.0 
2 3 1.66 1.66 113.0 62.0 113.0 399.0 148.0 399.0 160.0 120.0 160.0 
2 4 1.71 1.71 113.0 62.0 113.0 399.0 148.0 399.0 160.0 120.0 160.0 688.0 30.0 688.0 
2 5 1.89 1.89 113.0 62.0 113.0 399.0 148.0 399.0 160.0 120.0 160.0 688.0 30.0 688.0 662.0 122.0 662.0 
2 3 1.43 1.43 336.0 163.0 336.0 845.0 560.0 845.0 782.0 226.0 782.0 
2 4 1.71 1.71 336.0 163.0 336.0 845.0 560.0 845.0 782.0 226.0 782.0 878.0 245.0 878.0 
2 5 1.79 1.79 336.0 163.0 336.0 845.0 560.0 845.0 782.0 226.0 782.0 878.0 245.0 878.0 292.0 24.0 292.0 
2 3 0.82 0.82 685.0 359.0 685.0 644.0 7.0 644.0 960.0 282.0 960.0 
2 4 0.91 0.91 685.0 359.0 685.0 644.0 7.0 644.0 960.0 282.0 960.0 780.0 69.0 780.0 
2 5 1.21 1.21 685.0 359.0 685.0 644.0 7.0 644.0 960.0 282.0 960.0 780.0 69.0 780.0 159.0 48.0 159.0 
2 6 1.7 1.7 685.0 359.0 685.0 644.0 7.0 644.0 960.0 282.0 960.0 780.0 69.0 780.0 159.0 48.0 159.0 909.0 441.0 909.0 
2 7 1.83 1.83 685.0 359.0 685.0 644.0 7.0 644.0 960.0 282.0 960.0 780.0 69.0 780.0 159.0 48.0 159.0 909.0 441.0 909.0 255.0 33.0 255.0 
2 3 1.52 1.52 842.0 545.0 842.0 72.0 3.0 72.0 885.0 743.0 885.0 
2 4 1.66 1.66 842.0 545.0 842.0 72.0 3.0 72.0 885.0 743.0 885.0 570.0 76.0 570.0 
2 3 1.25 1.25 872.0 9.0 872.0 80.0 36.0 80.0 993.0 785.0 993.0 
2 4 1.94 1.94 872.0 9.0 872.0 80.0 36.0 80.0 993.0 785.0 993.0 773.0 536.0 773.0 
2 3 0.92 0.92 705.0 506.0 705.0 916.0 123.0 916.0 143.0 10.0 143.0 
2 4 1.82 1.82 705.0 506.0 705.0 916.0 123.0 916.0 143.0 10.0 143.0 604.0 547.0 604.0 
2 3 1.41 1.41 758.0 608.0 758.0 105.0 19.0 105.0 278.0 119.0 278.0 
2 4 1.54 1.54 758.0 608.0 758.0 105.0 19.0 105.0 278.0 119.0 278.0 948.0 126.0 948.0 
2 5 1.65 1.65 758.0 608.0 758.0 105.0 19.0 105.0 278.0 119.0 278.0 948.0 126.0 948.0 765.0 84.0 765.0 
2 6 1.8 1.8 758.0 608.0 758.0 105.0 19.0 105.0 278.0 119.0 278.0 948.0 126.0 948.0 765.0 84.0 765.0 312.0 48.0 312.0 
2 3 1.57 1.57 876.0 61.0 876.0 573.0 394.0 573.0 921.0 755.0 921.0 
2 3 1.14 1.14 549.0 255.0 549.0 66.0 21.0 66.0 888.0 326.0 888.0 
2 4 1.46 1.46 549.0 255.0 549.0 66.0 21.0 66.0 888.0 326.0 888.0 414.0 130.0 414.0 
2 3 1.31 1.31 193.0 92.0 193.0 126.0 57.0 126.0 938.0 359.0 938.0 
2 4 1.63 1.63 193.0 92.0 193.0 126.0 57.0 126.0 938.0 359.0 938.0 844.0 271.0 844.0 
2 3 0.25 0.25 649.0 18.0 649.0 267.0 35.0 267.0 601.0 55.0 601.0 
2 4 1.05 1.05 649.0 18.0 649.0 267.0 35.0 267.0 601.0 55.0 601.0 519.0 420.0 519.0 
2 5 1.12 1.12 649.0 18.0 649.0 267.0 35.0 267.0 601.0 55.0 601.0 519.0 420.0 519.0 117.0 8.0 117.0 
2 6 1.37 1.37 649.0 18.0 649.0 267.0 35.0 267.0 601.0 55.0 601.0 519.0 420.0 519.0 117.0 8.0 117.0 997.0 249.0 997.0 
2 3 1.38 1.38 916.0 452.0 916.0 873.0 453.0 873.0 46.0 17.0 46.0 
2 4 1.85 1.85 916.0 452.0 916.0 873.0 453.0 873.0 46.0 17.0 46.0 299.0 142.0 299.0 
2 5 1.98 1.98 916.0 452.0 916.0 873.0 453.0 873.0 46.0 17.0 46.0 299.0 142.0 299.0 340.0 43.0 340.0 
2 3 1.94 1.94 309.0 122.0 309.0 423.0 349.0 423.0 577.0 421.0 577.0 
2 3 1.0 1.0 393.0 178.0 393.0 458.0 29.0 458.0 402.0 198.0 402.0 
2 4 1.25 1.25 393.0 178.0 393.0 458.0 29.0 458.0 402.0 198.0 402.0 806.0 195.0 806.0 
2 5 1.39 1.39 393.0 178.0 393.0 458.0 29.0 458.0 402.0 198.0 402.0 806.0 195.0 806.0 251.0 37.0 251.0 
2 6 1.8 1.8 393.0 178.0 393.0 458.0 29.0 458.0 402.0 198.0 402.0 806.0 195.0 806.0 251.0 37.0 251.0 156.0 64.0 156.0 
2 7 1.84 1.84 393.0 178.0 393.0 458.0 29.0 458.0 402.0 198.0 402.0 806.0 195.0 806.0 251.0 37.0 251.0 156.0 64.0 156.0 397.0 14.0 397.0 
2 3 1.34 1.34 711.0 85.0 711.0 87.0 70.0 87.0 172.0 72.0 172.0 
2 3 0.92 0.92 402.0 45.0 402.0 892.0 302.0 892.0 626.0 294.0 626.0 
2 4 1.44 1.44 402.0 45.0 402.0 892.0 302.0 892.0 626.0 294.0 626.0 585.0 305.0 585.0 
2 5 1.77 1.77 402.0 45.0 402.0 892.0 302.0 892.0 626.0 294.0 626.0 585.0 305.0 585.0 977.0 328.0 977.0 
2 3 1.95 1.95 659.0 640.0 659.0 802.0 407.0 802.0 792.0 375.0 792.0 
2 3 1.1 1.1 604.0 294.0 604.0 596.0 230.0 596.0 30.0 7.0 30.0 
2 4 1.97 1.97 604.0 294.0 604.0 596.0 230.0 596.0 30.0 7.0 30.0 15.0 13.0 15.0 
2 3 1.0 1.0 311.0 254.0 311.0 626.0 55.0 626.0 320.0 31.0 320.0 
2 4 1.65 1.65 311.0 254.0 311.0 626.0 55.0 626.0 320.0 31.0 320.0 553.0 359.0 553.0 
2 3 1.52 1.52 262.0 122.0 262.0 871.0 235.0 871.0 846.0 665.0 846.0 
2 3 1.99 1.99 601.0 268.0 601.0 416.0 369.0 416.0 641.0 422.0 641.0 
2 3 1.48 1.48 617.0 249.0 617.0 263.0 222.0 263.0 120.0 28.0 120.0 
2 4 1.71 1.71 617.0 249.0 617.0 263.0 222.0 263.0 120.0 28.0 120.0 385.0 90.0 385.0 
2 5 1.87 1.87 617.0 249.0 617.0 263.0 222.0 263.0 120.0 28.0 120.0 385.0 90.0 385.0 424.0 69.0 424.0 
2 3 0.74 0.74 157.0 44.0 157.0 332.0 124.0 332.0 765.0 66.0 765.0 
2 4 1.73 1.73 157.0 44.0 157.0 332.0 124.0 332.0 765.0 66.0 765.0 308.0 305.0 308.0 
2 5 1.9 1.9 157.0 44.0 157.0 332.0 124.0 332.0 765.0 66.0 765.0 308.0 305.0 308.0 766.0 134.0 766.0 
2 3 0.8 0.8 772.0 32.0 772.0 734.0 120.0 734.0 371.0 222.0 371.0 
2 4 1.09 1.09 772.0 32.0 772.0 734.0 120.0 734.0 371.0 222.0 371.0 900.0 260.0 900.0 
2 5 1.7 1.7 772.0 32.0 772.0 734.0 120.0 734.0 371.0 222.0 371.0 900.0 260.0 900.0 725.0 447.0 725.0 
2 3 1.15 1.15 709.0 167.0 709.0 967.0 603.0 967.0 697.0 207.0 697.0 
2 4 1.33 1.33 709.0 167.0 709.0 967.0 603.0 967.0 697.0 207.0 697.0 321.0 59.0 321.0 
2 5 1.52 1.52 709.0 167.0 709.0 967.0 603.0 967.0 697.0 207.0 697.0 321.0 59.0 321.0 571.0 106.0 571.0 
2 3 1.32 1.32 544.0 267.0 544.0 858.0 289.0 858.0 786.0 390.0 786.0 
2 4 1.71 1.71 544.0 267.0 544.0 858.0 289.0 858.0 786.0 390.0 786.0 76.0 30.0 76.0 
2 3 1.39 1.39 134.0 52.0 134.0 466.0 422.0 466.0 480.0 48.0 480.0 
2 3 1.98 1.98 409.0 393.0 409.0 906.0 526.0 906.0 484.0 213.0 484.0 
2 3 0.85 0.85 448.0 66.0 448.0 104.0 48.0 104.0 40.0 10.0 40.0 
2 4 1.31 1.31 448.0 66.0 448.0 104.0 48.0 104.0 40.0 10.0 40.0 768.0 348.0 768.0 
2 5 1.84 1.84 448.0 66.0 448.0 104.0 48.0 104.0 40.0 10.0 40.0 768.0 348.0 768.0 542.0 287.0 542.0 
2 3 0.82 0.82 328.0 73.0 328.0 74.0 40.0 74.0 795.0 47.0 795.0 
2 4 0.84 0.84 328.0 73.0 328.0 74.0 40.0 74.0 795.0 47.0 795.0 302.0 6.0 302.0 
2 5 1.6 1.6 328.0 73.0 328.0 74.0 40.0 74.0 795.0 47.0 795.0 302.0 6.0 302.0 906.0 689.0 906.0 
2 3 1.98 1.98 836.0 728.0 836.0 971.0 274.0 971.0 1000.0 830.0 1000.0 
2 3 0.26 0.26 10.0 1.0 10.0 255.0 15.0 255.0 146.0 15.0 146.0 
2 4 1.14 1.14 10.0 1.0 10.0 255.0 15.0 255.0 146.0 15.0 146.0 543.0 478.0 543.0 
2 5 1.52 1.52 10.0 1.0 10.0 255.0 15.0 255.0 146.0 15.0 146.0 543.0 478.0 543.0 403.0 155.0 403.0 
2 6 1.77 1.77 10.0 1.0 10.0 255.0 15.0 255.0 146.0 15.0 146.0 543.0 478.0 543.0 403.0 155.0 403.0 980.0 248.0 980.0 
2 3 0.38 0.38 806.0 72.0 806.0 332.0 75.0 332.0 248.0 17.0 248.0 
2 4 1.33 1.33 806.0 72.0 806.0 332.0 75.0 332.0 248.0 17.0 248.0 677.0 647.0 677.0 
2 5 1.65 1.65 806.0 72.0 806.0 332.0 75.0 332.0 248.0 17.0 248.0 677.0 647.0 677.0 141.0 45.0 141.0 
2 3 0.69 0.69 520.0 104.0 520.0 732.0 273.0 732.0 788.0 95.0 788.0 
2 4 0.76 0.76 520.0 104.0 520.0 732.0 273.0 732.0 788.0 95.0 788.0 975.0 67.0 975.0 
2 5 1.08 1.08 520.0 104.0 520.0 732.0 273.0 732.0 788.0 95.0 788.0 975.0 67.0 975.0 267.0 87.0 267.0 
2 6 1.14 1.14 520.0 104.0 520.0 732.0 273.0 732.0 788.0 95.0 788.0 975.0 67.0 975.0 267.0 87.0 267.0 602.0 36.0 602.0 
2 7 1.29 1.29 520.0 104.0 520.0 732.0 273.0 732.0 788.0 95.0 788.0 975.0 67.0 975.0 267.0 87.0 267.0 602.0 36.0 602.0 470.0 71.0 470.0 
2 3 1.25 1.25 184.0 174.0 184.0 869.0 50.0 869.0 911.0 227.0 911.0 
2 4 1.51 1.51 184.0 174.0 184.0 869.0 50.0 869.0 911.0 227.0 911.0 602.0 158.0 602.0 
2 3 1.44 1.44 610.0 381.0 610.0 691.0 311.0 691.0 952.0 356.0 952.0 
2 3 0.71 0.71 866.0 7.0 866.0 748.0 141.0 748.0 602.0 314.0 602.0 
2 4 1.5 1.5 866.0 7.0 866.0 748.0 141.0 748.0 602.0 314.0 602.0 93.0 73.0 93.0 
2 3 1.88 1.88 23.0 10.0 23.0 25.0 25.0 25.0 58.0 26.0 58.0 
2 3 0.89 0.89 538.0 229.0 538.0 470.0 131.0 470.0 691.0 133.0 691.0 
2 4 1.16 1.16 538.0 229.0 538.0 470.0 131.0 470.0 691.0 133.0 691.0 104.0 28.0 104.0 
2 5 1.55 1.55 538.0 229.0 538.0 470.0 131.0 470.0 691.0 133.0 691.0 104.0 28.0 104.0 836.0 324.0 836.0 
2 3 1.39 1.39 690.0 244.0 690.0 95.0 73.0 95.0 947.0 260.0 947.0 
2 4 1.64 1.64 690.0 244.0 690.0 95.0 73.0 95.0 947.0 260.0 947.0 323.0 80.0 323.0 
2 3 1.38 1.38 41.0 39.0 41.0 835.0 66.0 835.0 568.0 201.0 568.0 
2 4 1.87 1.87 41.0 39.0 41.0 835.0 66.0 835.0 568.0 201.0 568.0 37.0 18.0 37.0 
2 3 0.45 0.45 621.0 186.0 621.0 670.0 4.0 670.0 785.0 120.0 785.0 
2 4 1.14 1.14 621.0 186.0 621.0 670.0 4.0 670.0 785.0 120.0 785.0 994.0 681.0 994.0 
2 5 1.36 1.36 621.0 186.0 621.0 670.0 4.0 670.0 785.0 120.0 785.0 994.0 681.0 994.0 859.0 187.0 859.0 
2 6 1.55 1.55 621.0 186.0 621.0 670.0 4.0 670.0 785.0 120.0 785.0 994.0 681.0 994.0 859.0 187.0 859.0 643.0 122.0 643.0 
2 7 1.6 1.6 621.0 186.0 621.0 670.0 4.0 670.0 785.0 120.0 785.0 994.0 681.0 994.0 859.0 187.0 859.0 643.0 122.0 643.0 61.0 3.0 61.0 
2 3 1.43 1.43 72.0 16.0 72.0 835.0 738.0 835.0 520.0 171.0 520.0 
2 4 1.65 1.65 72.0 16.0 72.0 835.0 738.0 835.0 520.0 171.0 520.0 772.0 167.0 772.0 
2 5 1.83 1.83 72.0 16.0 72.0 835.0 738.0 835.0 520.0 171.0 520.0 772.0 167.0 772.0 244.0 44.0 244.0 
2 3 0.91 0.91 702.0 45.0 702.0 800.0 651.0 800.0 709.0 23.0 709.0 
2 4 1.5 1.5 702.0 45.0 702.0 800.0 651.0 800.0 709.0 23.0 709.0 570.0 341.0 570.0 
2 5 1.74 1.74 702.0 45.0 702.0 800.0 651.0 800.0 709.0 23.0 709.0 570.0 341.0 570.0 967.0 226.0 967.0 
2 6 1.81 1.81 702.0 45.0 702.0 800.0 651.0 800.0 709.0 23.0 709.0 570.0 341.0 570.0 967.0 226.0 967.0 790.0 59.0 790.0 
2 3 0.49 0.49 300.0 88.0 300.0 154.0 21.0 154.0 850.0 59.0 850.0 
2 4 0.63 0.63 300.0 88.0 300.0 154.0 21.0 154.0 850.0 59.0 850.0 772.0 104.0 772.0 
2 5 0.97 0.97 300.0 88.0 300.0 154.0 21.0 154.0 850.0 59.0 850.0 772.0 104.0 772.0 777.0 267.0 777.0 
2 6 1.31 1.31 300.0 88.0 300.0 154.0 21.0 154.0 850.0 59.0 850.0 772.0 104.0 772.0 777.0 267.0 777.0 606.0 205.0 606.0 
2 7 1.71 1.71 300.0 88.0 300.0 154.0 21.0 154.0 850.0 59.0 850.0 772.0 104.0 772.0 777.0 267.0 777.0 606.0 205.0 606.0 535.0 215.0 535.0 
2 3 1.24 1.24 328.0 248.0 328.0 779.0 184.0 779.0 301.0 76.0 301.0 
2 3 1.57 1.57 433.0 249.0 433.0 269.0 150.0 269.0 95.0 42.0 95.0 
2 3 0.94 0.94 32.0 16.0 32.0 378.0 127.0 378.0 823.0 90.0 823.0 
2 4 1.88 1.88 32.0 16.0 32.0 378.0 127.0 378.0 823.0 90.0 823.0 401.0 377.0 401.0 
2 3 1.41 1.41 357.0 1.0 357.0 342.0 140.0 342.0 2.0 2.0 2.0 
2 4 1.9 1.9 357.0 1.0 357.0 342.0 140.0 342.0 2.0 2.0 2.0 410.0 201.0 410.0 
2 5 1.97 1.97 357.0 1.0 357.0 342.0 140.0 342.0 2.0 2.0 2.0 410.0 201.0 410.0 886.0 62.0 886.0 
2 3 1.12 1.12 103.0 43.0 103.0 605.0 242.0 605.0 892.0 273.0 892.0 
2 4 1.68 1.68 103.0 43.0 103.0 605.0 242.0 605.0 892.0 273.0 892.0 608.0 343.0 608.0 
2 3 1.95 1.95 891.0 752.0 891.0 318.0 112.0 318.0 950.0 724.0 950.0 
2 3 1.85 1.85 487.0 269.0 487.0 217.0 213.0 217.0 815.0 264.0 815.0 
2 4 1.93 1.93 487.0 269.0 487.0 217.0 213.0 217.0 815.0 264.0 815.0 361.0 29.0 361.0 
2 3 0.95 0.95 354.0 94.0 354.0 282.0 191.0 282.0 764.0 8.0 764.0 
2 4 1.82 1.82 354.0 94.0 354.0 282.0 191.0 282.0 764.0 8.0 764.0 751.0 652.0 751.0 
2 3 0.86 0.86 573.0 141.0 573.0 680.0 249.0 680.0 213.0 54.0 213.0 
2 4 1.72 1.72 573.0 141.0 573.0 680.0 249.0 680.0 213.0 54.0 213.0 900.0 777.0 900.0 
2 3 1.51 1.51 892.0 659.0 892.0 986.0 329.0 986.0 9.0 4.0 9.0 
2 4 1.73 1.73 892.0 659.0 892.0 986.0 329.0 986.0 9.0 4.0 9.0 215.0 47.0 215.0 
2 3 0.78 0.78 823.0 33.0 823.0 585.0 18.0 585.0 657.0 472.0 657.0 
2 4 0.84 0.84 823.0 33.0 823.0 585.0 18.0 585.0 657.0 472.0 657.0 283.0 17.0 283.0 
2 5 1.3 1.3 823.0 33.0 823.0 585.0 18.0 585.0 657.0 472.0 657.0 283.0 17.0 283.0 372.0 168.0 372.0 
2 6 1.36 1.36 823.0 33.0 823.0 585.0 18.0 585.0 657.0 472.0 657.0 283.0 17.0 283.0 372.0 168.0 372.0 309.0 19.0 309.0 
2 7 1.48 1.48 823.0 33.0 823.0 585.0 18.0 585.0 657.0 472.0 657.0 283.0 17.0 283.0 372.0 168.0 372.0 309.0 19.0 309.0 813.0 98.0 813.0 
2 8 1.48 1.48 823.0 33.0 823.0 585.0 18.0 585.0 657.0 472.0 657.0 283.0 17.0 283.0 372.0 168.0 372.0 309.0 19.0 309.0 813.0 98.0 813.0 426.0 1.0 426.0 
2 9 1.49 1.49 823.0 33.0 823.0 585.0 18.0 585.0 657.0 472.0 657.0 283.0 17.0 283.0 372.0 168.0 372.0 309.0 19.0 309.0 813.0 98.0 813.0 426.0 1.0 426.0 428.0 2.0 428.0 
2 3 1.5 1.5 772.0 211.0 772.0 54.0 22.0 54.0 661.0 545.0 661.0 
2 4 1.63 1.63 772.0 211.0 772.0 54.0 22.0 54.0 661.0 545.0 661.0 203.0 26.0 203.0 
2 3 1.26 1.26 33.0 12.0 33.0 506.0 268.0 506.0 717.0 268.0 717.0 
2 4 1.39 1.39 33.0 12.0 33.0 506.0 268.0 506.0 717.0 268.0 717.0 968.0 128.0 968.0 
2 5 1.72 1.72 33.0 12.0 33.0 506.0 268.0 506.0 717.0 268.0 717.0 968.0 128.0 968.0 810.0 262.0 810.0 
2 3 0.85 0.85 40.0 14.0 40.0 135.0 22.0 135.0 993.0 336.0 993.0 
2 4 1.0 1.0 40.0 14.0 40.0 135.0 22.0 135.0 993.0 336.0 993.0 630.0 95.0 630.0 
2 5 1.03 1.03 40.0 14.0 40.0 135.0 22.0 135.0 993.0 336.0 993.0 630.0 95.0 630.0 544.0 16.0 544.0 
2 6 1.6 1.6 40.0 14.0 40.0 135.0 22.0 135.0 993.0 336.0 993.0 630.0 95.0 630.0 544.0 16.0 544.0 962.0 555.0 962.0 
2 7 1.61 1.61 40.0 14.0 40.0 135.0 22.0 135.0 993.0 336.0 993.0 630.0 95.0 630.0 544.0 16.0 544.0 962.0 555.0 962.0 598.0 6.0 598.0 
2 8 1.72 1.72 40.0 14.0 40.0 135.0 22.0 135.0 993.0 336.0 993.0 630.0 95.0 630.0 544.0 16.0 544.0 962.0 555.0 962.0 598.0 6.0 598.0 204.0 21.0 204.0 
2 9 1.88 1.88 40.0 14.0 40.0 135.0 22.0 135.0 993.0 336.0 993.0 630.0 95.0 630.0 544.0 16.0 544.0 962.0 555.0 962.0 598.0 6.0 598.0 204.0 21.0 204.0 906.0 150.0 906.0 
2 3 1.09 1.09 550.0 153.0 550.0 586.0 43.0 586.0 625.0 467.0 625.0 
2 4 1.52 1.52 550.0 153.0 550.0 586.0 43.0 586.0 625.0 467.0 625.0 213.0 90.0 213.0 
2 5 1.57 1.57 550.0 153.0 550.0 586.0 43.0 586.0 625.0 467.0 625.0 213.0 90.0 213.0 569.0 31.0 569.0 
2 3 1.54 1.54 937.0 408.0 937.0 829.0 541.0 829.0 387.0 177.0 387.0 
2 3 1.95 1.95 135.0 19.0 135.0 891.0 873.0 891.0 310.0 260.0 310.0 
2 3 0.7 0.7 792.0 23.0 792.0 653.0 181.0 653.0 734.0 293.0 734.0 
2 4 0.82 0.82 792.0 23.0 792.0 653.0 181.0 653.0 734.0 293.0 734.0 130.0 16.0 130.0 
2 5 1.08 1.08 792.0 23.0 792.0 653.0 181.0 653.0 734.0 293.0 734.0 130.0 16.0 130.0 672.0 172.0 672.0 
2 6 1.65 1.65 792.0 23.0 792.0 653.0 181.0 653.0 734.0 293.0 734.0 130.0 16.0 130.0 672.0 172.0 672.0 417.0 238.0 417.0 
2 3 0.33 0.33 164.0 2.0 164.0 73.0 6.0 73.0 271.0 64.0 271.0 
2 4 1.17 1.17 164.0 2.0 164.0 73.0 6.0 73.0 271.0 64.0 271.0 437.0 368.0 437.0 
2 5 1.34 1.34 164.0 2.0 164.0 73.0 6.0 73.0 271.0 64.0 271.0 437.0 368.0 437.0 697.0 121.0 697.0 
2 6 1.46 1.46 164.0 2.0 164.0 73.0 6.0 73.0 271.0 64.0 271.0 437.0 368.0 437.0 697.0 121.0 697.0 952.0 111.0 952.0 
2 3 1.6 1.6 718.0 234.0 718.0 402.0 144.0 402.0 132.0 122.0 132.0 
2 4 1.97 1.97 718.0 234.0 718.0 402.0 144.0 402.0 132.0 122.0 132.0 752.0 273.0 752.0 
2 5 1.97 1.97 718.0 234.0 718.0 402.0 144.0 402.0 132.0 122.0 132.0 752.0 273.0 752.0 307.0 1.0 307.0 
2 3 0.86 0.86 452.0 31.0 452.0 83.0 58.0 83.0 143.0 14.0 143.0 
2 4 1.24 1.24 452.0 31.0 452.0 83.0 58.0 83.0 143.0 14.0 143.0 453.0 172.0 453.0 
2 5 1.44 1.44 452.0 31.0 452.0 83.0 58.0 83.0 143.0 14.0 143.0 453.0 172.0 453.0 834.0 163.0 834.0 
2 6 1.89 1.89 452.0 31.0 452.0 83.0 58.0 83.0 143.0 14.0 143.0 453.0 172.0 453.0 834.0 163.0 834.0 995.0 450.0 995.0 
2 3 1.82 1.82 353.0 342.0 353.0 333.0 247.0 333.0 576.0 66.0 576.0 
2 3 0.38 0.38 675.0 235.0 675.0 506.0 8.0 506.0 611.0 10.0 611.0 
2 4 1.07 1.07 675.0 235.0 675.0 506.0 8.0 506.0 611.0 10.0 611.0 678.0 470.0 678.0 
2 5 1.66 1.66 675.0 235.0 675.0 506.0 8.0 506.0 611.0 10.0 611.0 678.0 470.0 678.0 572.0 336.0 572.0 
2 3 1.11 1.11 934.0 584.0 934.0 843.0 57.0 843.0 237.0 100.0 237.0 
2 4 1.15 1.15 934.0 584.0 934.0 843.0 57.0 843.0 237.0 100.0 237.0 23.0 1.0 23.0 
2 5 1.97 1.97 934.0 584.0 934.0 843.0 57.0 843.0 237.0 100.0 237.0 23.0 1.0 23.0 821.0 673.0 821.0 
2 3 1.79 1.79 842.0 352.0 842.0 253.0 192.0 253.0 429.0 266.0 429.0 
2 4 1.94 1.94 842.0 352.0 842.0 253.0 192.0 253.0 429.0 266.0 429.0 634.0 92.0 634.0 
2 5 1.97 1.97 842.0 352.0 842.0 253.0 192.0 253.0 429.0 266.0 429.0 634.0 92.0 634.0 319.0 10.0 319.0 
2 3 1.03 1.03 551.0 40.0 551.0 331.0 280.0 331.0 438.0 49.0 438.0 
2 4 1.3 1.3 551.0 40.0 551.0 331.0 280.0 331.0 438.0 49.0 438.0 405.0 112.0 405.0 
2 5 1.72 1.72 551.0 40.0 551.0 331.0 280.0 331.0 438.0 49.0 438.0 405.0 112.0 405.0 298.0 124.0 298.0 
2 3 0.94 0.94 941.0 461.0 941.0 397.0 140.0 397.0 454.0 45.0 454.0 
2 4 1.4 1.4 941.0 461.0 941.0 397.0 140.0 397.0 454.0 45.0 454.0 760.0 353.0 760.0 
2 5 1.89 1.89 941.0 461.0 941.0 397.0 140.0 397.0 454.0 45.0 454.0 760.0 353.0 760.0 902.0 440.0 902.0 
2 3 1.16 1.16 711.0 30.0 711.0 780.0 113.0 780.0 926.0 902.0 926.0 
2 4 1.16 1.16 711.0 30.0 711.0 780.0 113.0 780.0 926.0 902.0 926.0 318.0 2.0 318.0 
2 5 1.22 1.22 711.0 30.0 711.0 780.0 113.0 780.0 926.0 902.0 926.0 318.0 2.0 318.0 628.0 34.0 628.0 
2 6 1.53 1.53 711.0 30.0 711.0 780.0 113.0 780.0 926.0 902.0 926.0 318.0 2.0 318.0 628.0 34.0 628.0 300.0 95.0 300.0 
2 7 1.6 1.6 711.0 30.0 711.0 780.0 113.0 780.0 926.0 902.0 926.0 318.0 2.0 318.0 628.0 34.0 628.0 300.0 95.0 300.0 481.0 32.0 481.0 
2 3 1.95 1.95 941.0 822.0 941.0 826.0 96.0 826.0 514.0 494.0 514.0 
2 3 1.15 1.15 879.0 93.0 879.0 18.0 18.0 18.0 179.0 8.0 179.0 
2 4 1.41 1.41 879.0 93.0 879.0 18.0 18.0 18.0 179.0 8.0 179.0 286.0 76.0 286.0 
2 5 1.73 1.73 879.0 93.0 879.0 18.0 18.0 18.0 179.0 8.0 179.0 286.0 76.0 286.0 140.0 44.0 140.0 
2 3 0.95 0.95 951.0 563.0 951.0 267.0 19.0 267.0 200.0 59.0 200.0 
2 4 1.42 1.42 951.0 563.0 951.0 267.0 19.0 267.0 200.0 59.0 200.0 879.0 410.0 879.0 
2 5 1.46 1.46 951.0 563.0 951.0 267.0 19.0 267.0 200.0 59.0 200.0 879.0 410.0 879.0 126.0 5.0 126.0 
2 6 1.85 1.85 951.0 563.0 951.0 267.0 19.0 267.0 200.0 59.0 200.0 879.0 410.0 879.0 126.0 5.0 126.0 223.0 88.0 223.0 
2 3 1.19 1.19 29.0 14.0 29.0 448.0 158.0 448.0 814.0 290.0 814.0 
2 4 1.27 1.27 29.0 14.0 29.0 448.0 158.0 448.0 814.0 290.0 814.0 780.0 64.0 780.0 
2 5 1.56 1.56 29.0 14.0 29.0 448.0 158.0 448.0 814.0 290.0 814.0 780.0 64.0 780.0 58.0 17.0 58.0 
2 6 1.89 1.89 29.0 14.0 29.0 448.0 158.0 448.0 814.0 290.0 814.0 780.0 64.0 780.0 58.0 17.0 58.0 999.0 327.0 999.0 
2 3 1.59 1.59 179.0 123.0 179.0 505.0 38.0 505.0 355.0 294.0 355.0 
2 3 1.45 1.45 995.0 975.0 995.0 732.0 336.0 732.0 679.0 12.0 679.0 
2 4 1.86 1.86 995.0 975.0 995.0 732.0 336.0 732.0 679.0 12.0 679.0 484.0 196.0 484.0 
2 5 1.87 1.87 995.0 975.0 995.0 732.0 336.0 732.0 679.0 12.0 679.0 484.0 196.0 484.0 321.0 4.0 321.0 
2 3 1.69 1.69 319.0 145.0 319.0 401.0 221.0 401.0 490.0 338.0 490.0 
2 3 1.67 1.67 102.0 54.0 102.0 751.0 569.0 751.0 846.0 325.0 846.0 
2 3 1.61 1.61 656.0 302.0 656.0 12.0 4.0 12.0 202.0 165.0 202.0 
2 3 1.59 1.59 191.0 80.0 191.0 595.0 476.0 595.0 461.0 172.0 461.0 
2 3 1.65 1.65 413.0 140.0 413.0 789.0 613.0 789.0 315.0 170.0 315.0 
2 4 1.85 1.85 413.0 140.0 413.0 789.0 613.0 789.0 315.0 170.0 315.0 143.0 29.0 143.0 
2 5 1.95 1.95 413.0 140.0 413.0 789.0 613.0 789.0 315.0 170.0 315.0 143.0 29.0 143.0 964.0 94.0 964.0 
2 3 0.84 0.84 471.0 47.0 471.0 789.0 481.0 789.0 479.0 66.0 479.0 
2 4 1.32 1.32 471.0 47.0 471.0 789.0 481.0 789.0 479.0 66.0 479.0 21.0 10.0 21.0 
2 5 1.8 1.8 471.0 47.0 471.0 789.0 481.0 789.0 479.0 66.0 479.0 21.0 10.0 21.0 739.0 359.0 739.0 
2 6 1.92 1.92 471.0 47.0 471.0 789.0 481.0 789.0 479.0 66.0 479.0 21.0 10.0 21.0 739.0 359.0 739.0 917.0 108.0 917.0 
2 3 1.0 1.0 496.0 253.0 496.0 618.0 204.0 618.0 432.0 73.0 432.0 
2 4 1.51 1.51 496.0 253.0 496.0 618.0 204.0 618.0 432.0 73.0 432.0 432.0 220.0 432.0 
2 3 1.5 1.5 404.0 304.0 404.0 139.0 54.0 139.0 874.0 319.0 874.0 
2 3 0.98 0.98 407.0 29.0 407.0 606.0 281.0 606.0 108.0 49.0 108.0 
2 4 1.24 1.24 407.0 29.0 407.0 606.0 281.0 606.0 108.0 49.0 108.0 513.0 130.0 513.0 
2 5 1.69 1.69 407.0 29.0 407.0 606.0 281.0 606.0 108.0 49.0 108.0 513.0 130.0 513.0 90.0 41.0 90.0 
2 6 1.82 1.82 407.0 29.0 407.0 606.0 281.0 606.0 108.0 49.0 108.0 513.0 130.0 513.0 90.0 41.0 90.0 753.0 94.0 753.0 
2 3 1.28 1.28 936.0 236.0 936.0 296.0 231.0 296.0 12.0 3.0 12.0 
2 4 1.9 1.9 936.0 236.0 936.0 296.0 231.0 296.0 12.0 3.0 12.0 29.0 18.0 29.0 
2 3 1.32 1.32 602.0 275.0 602.0 628.0 192.0 628.0 710.0 399.0 710.0 
2 4 1.8 1.8 602.0 275.0 602.0 628.0 192.0 628.0 710.0 399.0 710.0 415.0 198.0 415.0 
2 5 1.85 1.85 602.0 275.0 602.0 628.0 192.0 628.0 710.0 399.0 710.0 415.0 198.0 415.0 600.0 33.0 600.0 
2 3 1.47 1.47 145.0 104.0 145.0 358.0 15.0 358.0 229.0 165.0 229.0 
2 4 1.99 1.99 145.0 104.0 145.0 358.0 15.0 358.0 229.0 165.0 229.0 913.0 473.0 913.0 
2 3 0.62 0.62 802.0 285.0 802.0 538.0 21.0 538.0 270.0 63.0 270.0 
2 4 1.35 1.35 802.0 285.0 802.0 538.0 21.0 538.0 270.0 63.0 270.0 911.0 666.0 911.0 
2 3 1.51 1.51 407.0 223.0 407.0 58.0 9.0 58.0 94.0 76.0 94.0 
2 4 1.62 1.62 407.0 223.0 407.0 58.0 9.0 58.0 94.0 76.0 94.0 563.0 66.0 563.0 
2 5 1.63 1.63 407.0 223.0 407.0 58.0 9.0 58.0 94.0 76.0 94.0 563.0 66.0 563.0 808.0 8.0 808.0 
2 3 0.82 0.82 479.0 92.0 479.0 409.0 30.0 409.0 236.0 131.0 236.0 
2 4 1.32 1.32 479.0 92.0 479.0 409.0 30.0 409.0 236.0 131.0 236.0 378.0 191.0 378.0 
2 3 1.34 1.34 999.0 760.0 999.0 119.0 10.0 119.0 986.0 494.0 986.0 
2 4 1.73 1.73 999.0 760.0 999.0 119.0 10.0 119.0 986.0 494.0 986.0 167.0 65.0 167.0 
2 3 1.48 1.48 510.0 168.0 510.0 538.0 421.0 538.0 81.0 30.0 81.0 
2 4 1.79 1.79 510.0 168.0 510.0 538.0 421.0 538.0 81.0 30.0 81.0 68.0 21.0 68.0 
2 5 1.81 1.81 510.0 168.0 510.0 538.0 421.0 538.0 81.0 30.0 81.0 68.0 21.0 68.0 396.0 10.0 396.0 
2 3 1.47 1.47 114.0 46.0 114.0 108.0 99.0 108.0 286.0 44.0 286.0 
2 4 1.58 1.58 114.0 46.0 114.0 108.0 99.0 108.0 286.0 44.0 286.0 905.0 97.0 905.0 
2 3 0.57 0.57 631.0 113.0 631.0 123.0 2.0 123.0 302.0 114.0 302.0 
2 4 1.16 1.16 631.0 113.0 631.0 123.0 2.0 123.0 302.0 114.0 302.0 150.0 89.0 150.0 
2 5 1.65 1.65 631.0 113.0 631.0 123.0 2.0 123.0 302.0 114.0 302.0 150.0 89.0 150.0 958.0 469.0 958.0 
2 3 1.41 1.41 842.0 268.0 842.0 373.0 368.0 373.0 956.0 106.0 956.0 
2 4 1.84 1.84 842.0 268.0 842.0 373.0 368.0 373.0 956.0 106.0 956.0 188.0 81.0 188.0 
2 3 0.95 0.95 128.0 43.0 128.0 391.0 231.0 391.0 231.0 6.0 231.0 
2 4 1.22 1.22 128.0 43.0 128.0 391.0 231.0 391.0 231.0 6.0 231.0 299.0 80.0 299.0 
2 5 1.36 1.36 128.0 43.0 128.0 391.0 231.0 391.0 231.0 6.0 231.0 299.0 80.0 299.0 14.0 2.0 14.0 
2 6 1.57 1.57 128.0 43.0 128.0 391.0 231.0 391.0 231.0 6.0 231.0 299.0 80.0 299.0 14.0 2.0 14.0 252.0 53.0 252.0 
2 3 0.99 0.99 580.0 339.0 580.0 803.0 285.0 803.0 399.0 21.0 399.0 
2 4 1.58 1.58 580.0 339.0 580.0 803.0 285.0 803.0 399.0 21.0 399.0 726.0 434.0 726.0 
2 3 1.39 1.39 78.0 17.0 78.0 129.0 97.0 129.0 423.0 180.0 423.0 
2 3 1.27 1.27 559.0 163.0 559.0 609.0 487.0 609.0 507.0 94.0 507.0 
2 4 1.89 1.89 559.0 163.0 559.0 609.0 487.0 609.0 507.0 94.0 507.0 13.0 8.0 13.0 
2 3 1.87 1.87 31.0 27.0 31.0 140.0 126.0 140.0 465.0 48.0 465.0 
2 3 1.84 1.84 51.0 36.0 51.0 657.0 104.0 657.0 622.0 607.0 622.0 
2 3 0.91 0.91 581.0 152.0 581.0 998.0 377.0 998.0 714.0 200.0 714.0 
2 4 1.18 1.18 581.0 152.0 581.0 998.0 377.0 998.0 714.0 200.0 714.0 382.0 103.0 382.0 
2 5 1.91 1.91 581.0 152.0 581.0 998.0 377.0 998.0 714.0 200.0 714.0 382.0 103.0 382.0 36.0 26.0 36.0 
2 6 1.95 1.95 581.0 152.0 581.0 998.0 377.0 998.0 714.0 200.0 714.0 382.0 103.0 382.0 36.0 26.0 36.0 297.0 12.0 297.0 
2 3 0.95 0.95 261.0 52.0 261.0 437.0 17.0 437.0 175.0 126.0 175.0 
2 4 1.38 1.38 261.0 52.0 261.0 437.0 17.0 437.0 175.0 126.0 175.0 375.0 159.0 375.0 
2 5 1.76 1.76 261.0 52.0 261.0 437.0 17.0 437.0 175.0 126.0 175.0 375.0 159.0 375.0 161.0 62.0 161.0 
2 3 1.38 1.38 857.0 383.0 857.0 213.0 147.0 213.0 870.0 220.0 870.0 
2 4 1.52 1.52 857.0 383.0 857.0 213.0 147.0 213.0 870.0 220.0 870.0 976.0 128.0 976.0 
2 5 1.61 1.61 857.0 383.0 857.0 213.0 147.0 213.0 870.0 220.0 870.0 976.0 128.0 976.0 962.0 88.0 962.0 
2 6 1.62 1.62 857.0 383.0 857.0 213.0 147.0 213.0 870.0 220.0 870.0 976.0 128.0 976.0 962.0 88.0 962.0 750.0 7.0 750.0 
2 7 1.66 1.66 857.0 383.0 857.0 213.0 147.0 213.0 870.0 220.0 870.0 976.0 128.0 976.0 962.0 88.0 962.0 750.0 7.0 750.0 835.0 34.0 835.0 
2 3 0.94 0.94 198.0 36.0 198.0 983.0 274.0 983.0 181.0 88.0 181.0 
2 4 1.51 1.51 198.0 36.0 198.0 983.0 274.0 983.0 181.0 88.0 181.0 801.0 456.0 801.0 
2 5 1.66 1.66 198.0 36.0 198.0 983.0 274.0 983.0 181.0 88.0 181.0 801.0 456.0 801.0 408.0 59.0 408.0 
2 3 0.61 0.61 959.0 20.0 959.0 898.0 442.0 898.0 738.0 78.0 738.0 
2 4 0.92 0.92 959.0 20.0 959.0 898.0 442.0 898.0 738.0 78.0 738.0 277.0 85.0 277.0 
2 5 1.17 1.17 959.0 20.0 959.0 898.0 442.0 898.0 738.0 78.0 738.0 277.0 85.0 277.0 430.0 106.0 430.0 
2 3 1.64 1.64 903.0 622.0 903.0 732.0 407.0 732.0 536.0 215.0 536.0 
2 4 1.95 1.95 903.0 622.0 903.0 732.0 407.0 732.0 536.0 215.0 536.0 777.0 242.0 777.0 
2 3 0.45 0.45 16.0 3.0 16.0 810.0 78.0 810.0 282.0 47.0 282.0 
2 4 0.48 0.48 16.0 3.0 16.0 810.0 78.0 810.0 282.0 47.0 282.0 399.0 13.0 399.0 
2 5 0.9 0.9 16.0 3.0 16.0 810.0 78.0 810.0 282.0 47.0 282.0 399.0 13.0 399.0 344.0 145.0 344.0 
2 6 1.15 1.15 16.0 3.0 16.0 810.0 78.0 810.0 282.0 47.0 282.0 399.0 13.0 399.0 344.0 145.0 344.0 267.0 68.0 267.0 
2 7 1.56 1.56 16.0 3.0 16.0 810.0 78.0 810.0 282.0 47.0 282.0 399.0 13.0 399.0 344.0 145.0 344.0 267.0 68.0 267.0 720.0 293.0 720.0 
2 8 1.63 1.63 16.0 3.0 16.0 810.0 78.0 810.0 282.0 47.0 282.0 399.0 13.0 399.0 344.0 145.0 344.0 267.0 68.0 267.0 720.0 293.0 720.0 694.0 48.0 694.0 
2 3 1.51 1.51 929.0 328.0 929.0 488.0 428.0 488.0 770.0 223.0 770.0 
2 4 1.7 1.7 929.0 328.0 929.0 488.0 428.0 488.0 770.0 223.0 770.0 752.0 140.0 752.0 
2 5 1.75 1.75 929.0 328.0 929.0 488.0 428.0 488.0 770.0 223.0 770.0 752.0 140.0 752.0 281.0 14.0 281.0 
2 3 0.98 0.98 533.0 211.0 533.0 800.0 253.0 800.0 874.0 238.0 874.0 
2 4 1.65 1.65 533.0 211.0 533.0 800.0 253.0 800.0 874.0 238.0 874.0 167.0 112.0 167.0 
2 3 1.71 1.71 958.0 762.0 958.0 680.0 252.0 680.0 22.0 12.0 22.0 
2 3 0.86 0.86 32.0 9.0 32.0 721.0 301.0 721.0 83.0 14.0 83.0 
2 4 1.73 1.73 32.0 9.0 32.0 721.0 301.0 721.0 83.0 14.0 83.0 373.0 322.0 373.0 
2 3 1.64 1.64 367.0 365.0 367.0 252.0 144.0 252.0 132.0 11.0 132.0 
2 4 1.75 1.75 367.0 365.0 367.0 252.0 144.0 252.0 132.0 11.0 132.0 74.0 8.0 74.0 
2 3 1.59 1.59 293.0 87.0 293.0 474.0 156.0 474.0 29.0 28.0 29.0 
2 4 1.62 1.62 293.0 87.0 293.0 474.0 156.0 474.0 29.0 28.0 29.0 765.0 23.0 765.0 
2 5 1.97 1.97 293.0 87.0 293.0 474.0 156.0 474.0 29.0 28.0 29.0 765.0 23.0 765.0 853.0 303.0 853.0 
2 3 1.02 1.02 152.0 67.0 152.0 868.0 126.0 868.0 804.0 355.0 804.0 
2 4 1.3 1.3 152.0 67.0 152.0 868.0 126.0 868.0 804.0 355.0 804.0 624.0 173.0 624.0 
2 5 1.43 1.43 152.0 67.0 152.0 868.0 126.0 868.0 804.0 355.0 804.0 624.0 173.0 624.0 104.0 14.0 104.0 
2 6 1.6 1.6 152.0 67.0 152.0 868.0 126.0 868.0 804.0 355.0 804.0 624.0 173.0 624.0 104.0 14.0 104.0 398.0 67.0 398.0 
2 7 1.66 1.66 152.0 67.0 152.0 868.0 126.0 868.0 804.0 355.0 804.0 624.0 173.0 624.0 104.0 14.0 104.0 398.0 67.0 398.0 252.0 15.0 252.0 
2 8 1.86 1.86 152.0 67.0 152.0 868.0 126.0 868.0 804.0 355.0 804.0 624.0 173.0 624.0 104.0 14.0 104.0 398.0 67.0 398.0 252.0 15.0 252.0 156.0 31.0 156.0 
2 3 1.83 1.83 752.0 545.0 752.0 718.0 352.0 718.0 8.0 5.0 8.0 
2 3 1.35 1.35 538.0 389.0 538.0 107.0 23.0 107.0 533.0 220.0 533.0 
2 4 1.68 1.68 538.0 389.0 538.0 107.0 23.0 107.0 533.0 220.0 533.0 638.0 214.0 638.0 
2 5 1.86 1.86 538.0 389.0 538.0 107.0 23.0 107.0 533.0 220.0 533.0 638.0 214.0 638.0 748.0 137.0 748.0 
2 3 1.88 1.88 89.0 76.0 89.0 476.0 432.0 476.0 399.0 48.0 399.0 
2 4 1.93 1.93 89.0 76.0 89.0 476.0 432.0 476.0 399.0 48.0 399.0 595.0 31.0 595.0 
2 5 1.93 1.93 89.0 76.0 89.0 476.0 432.0 476.0 399.0 48.0 399.0 595.0 31.0 595.0 703.0 1.0 703.0 
2 3 0.88 0.88 216.0 17.0 216.0 133.0 47.0 133.0 781.0 353.0 781.0 
2 4 1.18 1.18 216.0 17.0 216.0 133.0 47.0 133.0 781.0 353.0 781.0 780.0 231.0 780.0 
2 5 1.59 1.59 216.0 17.0 216.0 133.0 47.0 133.0 781.0 353.0 781.0 780.0 231.0 780.0 483.0 200.0 483.0 
2 3 0.87 0.87 206.0 29.0 206.0 792.0 488.0 792.0 88.0 10.0 88.0 
2 4 0.91 0.91 206.0 29.0 206.0 792.0 488.0 792.0 88.0 10.0 88.0 47.0 2.0 47.0 
2 5 0.99 0.99 206.0 29.0 206.0 792.0 488.0 792.0 88.0 10.0 88.0 47.0 2.0 47.0 809.0 63.0 809.0 
2 6 1.38 1.38 206.0 29.0 206.0 792.0 488.0 792.0 88.0 10.0 88.0 47.0 2.0 47.0 809.0 63.0 809.0 464.0 183.0 464.0 
2 7 1.86 1.86 206.0 29.0 206.0 792.0 488.0 792.0 88.0 10.0 88.0 47.0 2.0 47.0 809.0 63.0 809.0 464.0 183.0 464.0 44.0 21.0 44.0 
2 8 1.87 1.87 206.0 29.0 206.0 792.0 488.0 792.0 88.0 10.0 88.0 47.0 2.0 47.0 809.0 63.0 809.0 464.0 183.0 464.0 44.0 21.0 44.0 445.0 4.0 445.0 
2 3 1.38 1.38 524.0 157.0 524.0 870.0 657.0 870.0 3.0 1.0 3.0 
2 4 1.97 1.97 524.0 157.0 524.0 870.0 657.0 870.0 3.0 1.0 3.0 949.0 556.0 949.0 
2 3 1.9 1.9 742.0 174.0 742.0 773.0 724.0 773.0 948.0 693.0 948.0 
2 3 1.19 1.19 623.0 251.0 623.0 774.0 539.0 774.0 66.0 6.0 66.0 
2 3 1.04 1.04 279.0 107.0 279.0 91.0 17.0 91.0 103.0 49.0 103.0 
2 4 1.25 1.25 279.0 107.0 279.0 91.0 17.0 91.0 103.0 49.0 103.0 306.0 64.0 306.0 
2 5 1.37 1.37 279.0 107.0 279.0 91.0 17.0 91.0 103.0 49.0 103.0 306.0 64.0 306.0 661.0 80.0 661.0 
2 3 0.47 0.47 801.0 83.0 801.0 619.0 84.0 619.0 340.0 79.0 340.0 
2 4 0.58 0.58 801.0 83.0 801.0 619.0 84.0 619.0 340.0 79.0 340.0 474.0 55.0 474.0 
2 5 1.03 1.03 801.0 83.0 801.0 619.0 84.0 619.0 340.0 79.0 340.0 474.0 55.0 474.0 533.0 241.0 533.0 
2 6 1.47 1.47 801.0 83.0 801.0 619.0 84.0 619.0 340.0 79.0 340.0 474.0 55.0 474.0 533.0 241.0 533.0 559.0 244.0 559.0 
2 7 1.99 1.99 801.0 83.0 801.0 619.0 84.0 619.0 340.0 79.0 340.0 474.0 55.0 474.0 533.0 241.0 533.0 559.0 244.0 559.0 888.0 461.0 888.0 
2 3 0.7 0.7 283.0 32.0 283.0 368.0 184.0 368.0 938.0 88.0 938.0 
2 4 1.07 1.07 283.0 32.0 283.0 368.0 184.0 368.0 938.0 88.0 938.0 540.0 201.0 540.0 
2 5 1.63 1.63 283.0 32.0 283.0 368.0 184.0 368.0 938.0 88.0 938.0 540.0 201.0 540.0 471.0 260.0 471.0 
2 6 1.9 1.9 283.0 32.0 283.0 368.0 184.0 368.0 938.0 88.0 938.0 540.0 201.0 540.0 471.0 260.0 471.0 300.0 81.0 300.0 
2 7 1.98 1.98 283.0 32.0 283.0 368.0 184.0 368.0 938.0 88.0 938.0 540.0 201.0 540.0 471.0 260.0 471.0 300.0 81.0 300.0 513.0 45.0 513.0 
2 3 1.1 1.1 967.0 119.0 967.0 388.0 73.0 388.0 181.0 144.0 181.0 
2 4 1.14 1.14 967.0 119.0 967.0 388.0 73.0 388.0 181.0 144.0 181.0 548.0 20.0 548.0 
2 5 1.79 1.79 967.0 119.0 967.0 388.0 73.0 388.0 181.0 144.0 181.0 548.0 20.0 548.0 494.0 321.0 494.0 
2 3 1.01 1.01 858.0 81.0 858.0 843.0 320.0 843.0 233.0 127.0 233.0 
2 4 1.08 1.08 858.0 81.0 858.0 843.0 320.0 843.0 233.0 127.0 233.0 964.0 59.0 964.0 
2 5 1.28 1.28 858.0 81.0 858.0 843.0 320.0 843.0 233.0 127.0 233.0 964.0 59.0 964.0 913.0 183.0 913.0 
2 6 1.86 1.86 858.0 81.0 858.0 843.0 320.0 843.0 233.0 127.0 233.0 964.0 59.0 964.0 913.0 183.0 913.0 99.0 58.0 99.0 
2 7 1.89 1.89 858.0 81.0 858.0 843.0 320.0 843.0 233.0 127.0 233.0 964.0 59.0 964.0 913.0 183.0 913.0 99.0 58.0 99.0 554.0 16.0 554.0 
2 3 1.06 1.06 507.0 110.0 507.0 869.0 435.0 869.0 555.0 192.0 555.0 
2 4 1.43 1.43 507.0 110.0 507.0 869.0 435.0 869.0 555.0 192.0 555.0 347.0 129.0 347.0 
2 5 1.51 1.51 507.0 110.0 507.0 869.0 435.0 869.0 555.0 192.0 555.0 347.0 129.0 347.0 575.0 44.0 575.0 
2 3 1.33 1.33 56.0 17.0 56.0 814.0 534.0 814.0 874.0 326.0 874.0 
2 4 1.36 1.36 56.0 17.0 56.0 814.0 534.0 814.0 874.0 326.0 874.0 54.0 2.0 54.0 
2 5 1.44 1.44 56.0 17.0 56.0 814.0 534.0 814.0 874.0 326.0 874.0 54.0 2.0 54.0 894.0 63.0 894.0 
2 6 1.51 1.51 56.0 17.0 56.0 814.0 534.0 814.0 874.0 326.0 874.0 54.0 2.0 54.0 894.0 63.0 894.0 335.0 26.0 335.0 
2 7 1.89 1.89 56.0 17.0 56.0 814.0 534.0 814.0 874.0 326.0 874.0 54.0 2.0 54.0 894.0 63.0 894.0 335.0 26.0 335.0 95.0 36.0 95.0 
2 3 0.76 0.76 865.0 60.0 865.0 96.0 31.0 96.0 783.0 289.0 783.0 
2 4 1.42 1.42 865.0 60.0 865.0 96.0 31.0 96.0 783.0 289.0 783.0 590.0 394.0 590.0 
2 3 0.82 0.82 125.0 26.0 125.0 55.0 23.0 55.0 59.0 12.0 59.0 
2 4 1.28 1.28 125.0 26.0 125.0 55.0 23.0 55.0 59.0 12.0 59.0 92.0 42.0 92.0 
2 5 1.31 1.31 125.0 26.0 125.0 55.0 23.0 55.0 59.0 12.0 59.0 92.0 42.0 92.0 619.0 20.0 619.0 
2 6 1.5 1.5 125.0 26.0 125.0 55.0 23.0 55.0 59.0 12.0 59.0 92.0 42.0 92.0 619.0 20.0 619.0 70.0 13.0 70.0 
2 7 1.77 1.77 125.0 26.0 125.0 55.0 23.0 55.0 59.0 12.0 59.0 92.0 42.0 92.0 619.0 20.0 619.0 70.0 13.0 70.0 637.0 173.0 637.0 
2 8 1.89 1.89 125.0 26.0 125.0 55.0 23.0 55.0 59.0 12.0 59.0 92.0 42.0 92.0 619.0 20.0 619.0 70.0 13.0 70.0 637.0 173.0 637.0 284.0 34.0 284.0 
2 3 0.5 0.5 242.0 51.0 242.0 82.0 2.0 82.0 110.0 30.0 110.0 
2 4 0.57 0.57 242.0 51.0 242.0 82.0 2.0 82.0 110.0 30.0 110.0 143.0 10.0 143.0 
2 5 0.59 0.59 242.0 51.0 242.0 82.0 2.0 82.0 110.0 30.0 110.0 143.0 10.0 143.0 149.0 3.0 149.0 
2 6 0.9 0.9 242.0 51.0 242.0 82.0 2.0 82.0 110.0 30.0 110.0 143.0 10.0 143.0 149.0 3.0 149.0 43.0 13.0 43.0 
2 7 1.03 1.03 242.0 51.0 242.0 82.0 2.0 82.0 110.0 30.0 110.0 143.0 10.0 143.0 149.0 3.0 149.0 43.0 13.0 43.0 399.0 52.0 399.0 
2 8 1.63 1.63 242.0 51.0 242.0 82.0 2.0 82.0 110.0 30.0 110.0 143.0 10.0 143.0 149.0 3.0 149.0 43.0 13.0 43.0 399.0 52.0 399.0 840.0 510.0 840.0 
2 3 1.14 1.14 177.0 97.0 177.0 245.0 65.0 245.0 454.0 152.0 454.0 
