1 2 0.56 0.56 572.0 96.0 572.0 470.0 189.0 470.0 
1 3 0.77 0.77 572.0 96.0 572.0 470.0 189.0 470.0 77.0 16.0 77.0 
1 4 0.97 0.97 572.0 96.0 572.0 470.0 189.0 470.0 77.0 16.0 77.0 128.0 25.0 128.0 
1 2 0.62 0.62 73.0 5.0 73.0 575.0 320.0 575.0 
1 2 0.89 0.89 281.0 116.0 281.0 314.0 151.0 314.0 
1 2 0.26 0.26 96.0 9.0 96.0 757.0 128.0 757.0 
1 3 0.58 0.58 96.0 9.0 96.0 757.0 128.0 757.0 483.0 156.0 483.0 
1 4 0.73 0.73 96.0 9.0 96.0 757.0 128.0 757.0 483.0 156.0 483.0 100.0 15.0 100.0 
1 2 0.13 0.13 686.0 4.0 686.0 575.0 74.0 575.0 
1 3 0.25 0.25 686.0 4.0 686.0 575.0 74.0 575.0 301.0 35.0 301.0 
1 4 0.72 0.72 686.0 4.0 686.0 575.0 74.0 575.0 301.0 35.0 301.0 201.0 95.0 201.0 
1 5 0.8 0.8 686.0 4.0 686.0 575.0 74.0 575.0 301.0 35.0 301.0 201.0 95.0 201.0 142.0 11.0 142.0 
1 2 0.67 0.67 628.0 189.0 628.0 547.0 204.0 547.0 
1 3 0.69 0.69 628.0 189.0 628.0 547.0 204.0 547.0 712.0 14.0 712.0 
1 2 0.84 0.84 432.0 271.0 432.0 172.0 37.0 172.0 
1 3 0.85 0.85 432.0 271.0 432.0 172.0 37.0 172.0 211.0 3.0 211.0 
1 2 0.96 0.96 391.0 158.0 391.0 943.0 527.0 943.0 
1 2 0.28 0.28 793.0 32.0 793.0 804.0 199.0 804.0 
1 2 0.2 0.2 265.0 48.0 265.0 422.0 11.0 422.0 
1 2 0.91 0.91 123.0 62.0 123.0 435.0 179.0 435.0 
1 2 0.88 0.88 256.0 124.0 256.0 363.0 147.0 363.0 
1 2 0.39 0.39 989.0 191.0 989.0 739.0 152.0 739.0 
1 3 0.82 0.82 989.0 191.0 989.0 739.0 152.0 739.0 693.0 292.0 693.0 
1 4 0.93 0.93 989.0 191.0 989.0 739.0 152.0 739.0 693.0 292.0 693.0 817.0 93.0 817.0 
1 2 0.52 0.52 799.0 115.0 799.0 47.0 18.0 47.0 
1 2 0.47 0.47 975.0 443.0 975.0 940.0 20.0 940.0 
1 3 0.53 0.53 975.0 443.0 975.0 940.0 20.0 940.0 777.0 46.0 777.0 
1 4 0.99 0.99 975.0 443.0 975.0 940.0 20.0 940.0 777.0 46.0 777.0 132.0 61.0 132.0 
1 2 0.99 0.99 395.0 86.0 395.0 626.0 487.0 626.0 
1 2 0.99 0.99 364.0 93.0 364.0 790.0 588.0 790.0 
1 2 0.28 0.28 821.0 111.0 821.0 646.0 97.0 646.0 
1 3 0.31 0.31 821.0 111.0 821.0 646.0 97.0 646.0 173.0 5.0 173.0 
1 4 0.32 0.32 821.0 111.0 821.0 646.0 97.0 646.0 173.0 5.0 173.0 714.0 9.0 714.0 
1 5 0.59 0.59 821.0 111.0 821.0 646.0 97.0 646.0 173.0 5.0 173.0 714.0 9.0 714.0 905.0 245.0 905.0 
1 2 0.84 0.84 973.0 324.0 973.0 495.0 251.0 495.0 
1 2 0.64 0.64 934.0 494.0 934.0 202.0 23.0 202.0 
1 2 0.38 0.38 462.0 40.0 462.0 863.0 257.0 863.0 
1 3 0.83 0.83 462.0 40.0 462.0 863.0 257.0 863.0 154.0 69.0 154.0 
1 4 0.9 0.9 462.0 40.0 462.0 863.0 257.0 863.0 154.0 69.0 154.0 124.0 9.0 124.0 
1 2 0.75 0.75 85.0 27.0 85.0 659.0 286.0 659.0 
1 3 0.82 0.82 85.0 27.0 85.0 659.0 286.0 659.0 386.0 27.0 386.0 
1 4 0.82 0.82 85.0 27.0 85.0 659.0 286.0 659.0 386.0 27.0 386.0 504.0 2.0 504.0 
1 2 0.99 0.99 579.0 134.0 579.0 912.0 698.0 912.0 
1 2 0.2 0.2 735.0 1.0 735.0 984.0 204.0 984.0 
1 3 0.45 0.45 735.0 1.0 735.0 984.0 204.0 984.0 327.0 80.0 327.0 
1 4 0.85 0.85 735.0 1.0 735.0 984.0 204.0 984.0 327.0 80.0 327.0 776.0 310.0 776.0 
1 2 0.98 0.98 692.0 69.0 692.0 217.0 193.0 217.0 
1 2 0.67 0.67 687.0 363.0 687.0 413.0 60.0 413.0 
1 2 0.48 0.48 724.0 344.0 724.0 544.0 5.0 544.0 
1 3 0.84 0.84 724.0 344.0 724.0 544.0 5.0 544.0 293.0 105.0 293.0 
1 4 0.9 0.9 724.0 344.0 724.0 544.0 5.0 544.0 293.0 105.0 293.0 17.0 1.0 17.0 
1 2 0.29 0.29 746.0 169.0 746.0 834.0 57.0 834.0 
1 3 0.79 0.79 746.0 169.0 746.0 834.0 57.0 834.0 819.0 407.0 819.0 
1 2 0.46 0.46 732.0 311.0 732.0 109.0 4.0 109.0 
1 2 0.69 0.69 370.0 164.0 370.0 712.0 178.0 712.0 
1 3 0.96 0.96 370.0 164.0 370.0 712.0 178.0 712.0 397.0 107.0 397.0 
1 4 0.97 0.97 370.0 164.0 370.0 712.0 178.0 712.0 397.0 107.0 397.0 951.0 9.0 951.0 
1 2 0.23 0.23 807.0 38.0 807.0 838.0 159.0 838.0 
1 3 0.44 0.44 807.0 38.0 807.0 838.0 159.0 838.0 115.0 24.0 115.0 
1 4 0.78 0.78 807.0 38.0 807.0 838.0 159.0 838.0 115.0 24.0 115.0 616.0 207.0 616.0 
1 2 0.45 0.45 469.0 68.0 469.0 777.0 239.0 777.0 
1 3 0.55 0.55 469.0 68.0 469.0 777.0 239.0 777.0 936.0 93.0 936.0 
1 4 0.64 0.64 469.0 68.0 469.0 777.0 239.0 777.0 936.0 93.0 936.0 298.0 27.0 298.0 
1 5 0.96 0.96 469.0 68.0 469.0 777.0 239.0 777.0 936.0 93.0 936.0 298.0 27.0 298.0 697.0 227.0 697.0 
1 2 0.94 0.94 658.0 253.0 658.0 685.0 381.0 685.0 
1 2 0.52 0.52 384.0 179.0 384.0 50.0 3.0 50.0 
1 3 0.77 0.77 384.0 179.0 384.0 50.0 3.0 50.0 328.0 83.0 328.0 
1 2 0.48 0.48 983.0 200.0 983.0 954.0 271.0 954.0 
1 3 0.89 0.89 983.0 200.0 983.0 954.0 271.0 954.0 548.0 221.0 548.0 
1 4 0.93 0.93 983.0 200.0 983.0 954.0 271.0 954.0 548.0 221.0 548.0 832.0 34.0 832.0 
1 5 0.96 0.96 983.0 200.0 983.0 954.0 271.0 954.0 548.0 221.0 548.0 832.0 34.0 832.0 410.0 14.0 410.0 
1 2 0.75 0.75 125.0 64.0 125.0 263.0 64.0 263.0 
1 2 0.75 0.75 938.0 486.0 938.0 811.0 191.0 811.0 
1 3 0.98 0.98 938.0 486.0 938.0 811.0 191.0 811.0 487.0 112.0 487.0 
1 2 0.52 0.52 846.0 134.0 846.0 611.0 221.0 611.0 
1 3 0.81 0.81 846.0 134.0 846.0 611.0 221.0 611.0 600.0 175.0 600.0 
1 2 0.54 0.54 482.0 47.0 482.0 719.0 324.0 719.0 
1 3 0.95 0.95 482.0 47.0 482.0 719.0 324.0 719.0 209.0 86.0 209.0 
1 2 0.45 0.45 948.0 145.0 948.0 578.0 174.0 578.0 
1 3 0.74 0.74 948.0 145.0 948.0 578.0 174.0 578.0 678.0 194.0 678.0 
1 4 0.75 0.75 948.0 145.0 948.0 578.0 174.0 578.0 678.0 194.0 678.0 948.0 18.0 948.0 
1 2 0.6 0.6 914.0 514.0 914.0 409.0 16.0 409.0 
1 3 0.74 0.74 914.0 514.0 914.0 409.0 16.0 409.0 166.0 24.0 166.0 
1 2 0.29 0.29 472.0 33.0 472.0 722.0 159.0 722.0 
1 3 0.43 0.43 472.0 33.0 472.0 722.0 159.0 722.0 768.0 109.0 768.0 
1 4 0.75 0.75 472.0 33.0 472.0 722.0 159.0 722.0 768.0 109.0 768.0 578.0 189.0 578.0 
1 2 0.55 0.55 781.0 318.0 781.0 980.0 141.0 980.0 
1 3 0.7 0.7 781.0 318.0 781.0 980.0 141.0 980.0 366.0 57.0 366.0 
1 2 0.37 0.37 939.0 230.0 939.0 623.0 80.0 623.0 
1 2 0.39 0.39 228.0 32.0 228.0 56.0 14.0 56.0 
1 3 0.46 0.46 228.0 32.0 228.0 56.0 14.0 56.0 399.0 28.0 399.0 
1 4 0.71 0.71 228.0 32.0 228.0 56.0 14.0 56.0 399.0 28.0 399.0 203.0 51.0 203.0 
1 5 0.74 0.74 228.0 32.0 228.0 56.0 14.0 56.0 399.0 28.0 399.0 203.0 51.0 203.0 869.0 29.0 869.0 
1 6 0.76 0.76 228.0 32.0 228.0 56.0 14.0 56.0 399.0 28.0 399.0 203.0 51.0 203.0 869.0 29.0 869.0 675.0 15.0 675.0 
1 2 0.71 0.71 386.0 30.0 386.0 420.0 269.0 420.0 
1 3 0.77 0.77 386.0 30.0 386.0 420.0 269.0 420.0 390.0 21.0 390.0 
1 2 0.26 0.26 119.0 14.0 119.0 434.0 65.0 434.0 
1 3 0.32 0.32 119.0 14.0 119.0 434.0 65.0 434.0 654.0 39.0 654.0 
1 4 0.81 0.81 119.0 14.0 119.0 434.0 65.0 434.0 654.0 39.0 654.0 283.0 138.0 283.0 
1 5 0.95 0.95 119.0 14.0 119.0 434.0 65.0 434.0 654.0 39.0 654.0 283.0 138.0 283.0 620.0 85.0 620.0 
1 2 0.29 0.29 257.0 49.0 257.0 655.0 70.0 655.0 
1 3 0.51 0.51 257.0 49.0 257.0 655.0 70.0 655.0 618.0 136.0 618.0 
1 4 0.73 0.73 257.0 49.0 257.0 655.0 70.0 655.0 618.0 136.0 618.0 903.0 195.0 903.0 
1 2 0.33 0.33 894.0 91.0 894.0 110.0 26.0 110.0 
1 3 0.41 0.41 894.0 91.0 894.0 110.0 26.0 110.0 876.0 68.0 876.0 
1 4 0.58 0.58 894.0 91.0 894.0 110.0 26.0 110.0 876.0 68.0 876.0 461.0 80.0 461.0 
1 2 0.23 0.23 167.0 20.0 167.0 807.0 95.0 807.0 
1 3 0.64 0.64 167.0 20.0 167.0 807.0 95.0 807.0 199.0 81.0 199.0 
1 4 0.81 0.81 167.0 20.0 167.0 807.0 95.0 807.0 199.0 81.0 199.0 872.0 153.0 872.0 
1 2 0.43 0.43 607.0 4.0 607.0 637.0 275.0 637.0 
1 3 0.48 0.48 607.0 4.0 607.0 637.0 275.0 637.0 488.0 23.0 488.0 
1 4 0.91 0.91 607.0 4.0 607.0 637.0 275.0 637.0 488.0 23.0 488.0 83.0 36.0 83.0 
1 2 0.27 0.27 456.0 116.0 456.0 499.0 10.0 499.0 
1 3 0.44 0.44 456.0 116.0 456.0 499.0 10.0 499.0 403.0 68.0 403.0 
1 4 0.64 0.64 456.0 116.0 456.0 499.0 10.0 499.0 403.0 68.0 403.0 253.0 50.0 253.0 
1 2 0.15 0.15 471.0 35.0 471.0 699.0 59.0 699.0 
1 3 0.25 0.25 471.0 35.0 471.0 699.0 59.0 699.0 249.0 25.0 249.0 
1 2 0.76 0.76 317.0 8.0 317.0 622.0 461.0 622.0 
1 2 0.23 0.23 912.0 77.0 912.0 903.0 132.0 903.0 
1 3 0.6 0.6 912.0 77.0 912.0 903.0 132.0 903.0 587.0 222.0 587.0 
1 4 0.73 0.73 912.0 77.0 912.0 903.0 132.0 903.0 587.0 222.0 587.0 389.0 50.0 389.0 
1 2 0.85 0.85 868.0 164.0 868.0 702.0 470.0 702.0 
1 3 0.88 0.88 868.0 164.0 868.0 702.0 470.0 702.0 687.0 21.0 687.0 
1 2 0.49 0.49 579.0 34.0 579.0 942.0 407.0 942.0 
1 2 0.83 0.83 245.0 78.0 245.0 853.0 443.0 853.0 
1 2 0.52 0.52 995.0 455.0 995.0 429.0 31.0 429.0 
1 3 0.93 0.93 995.0 455.0 995.0 429.0 31.0 429.0 963.0 392.0 963.0 
1 2 0.67 0.67 814.0 294.0 814.0 340.0 108.0 340.0 
1 2 0.68 0.68 88.0 40.0 88.0 452.0 103.0 452.0 
1 3 0.97 0.97 88.0 40.0 88.0 452.0 103.0 452.0 526.0 154.0 526.0 
1 2 0.92 0.92 131.0 42.0 131.0 87.0 53.0 87.0 
1 2 0.3 0.3 705.0 29.0 705.0 27.0 7.0 27.0 
1 3 0.42 0.42 705.0 29.0 705.0 27.0 7.0 27.0 888.0 111.0 888.0 
1 4 0.77 0.77 705.0 29.0 705.0 27.0 7.0 27.0 888.0 111.0 888.0 17.0 6.0 17.0 
1 2 0.91 0.91 288.0 2.0 288.0 511.0 463.0 511.0 
1 2 0.28 0.28 436.0 49.0 436.0 584.0 100.0 584.0 
1 3 0.44 0.44 436.0 49.0 436.0 584.0 100.0 584.0 864.0 138.0 864.0 
1 2 0.57 0.57 407.0 64.0 407.0 947.0 398.0 947.0 
1 2 0.94 0.94 346.0 27.0 346.0 152.0 132.0 152.0 
1 2 0.63 0.63 471.0 69.0 471.0 605.0 293.0 605.0 
1 2 0.43 0.43 451.0 194.0 451.0 963.0 4.0 963.0 
1 2 0.68 0.68 409.0 139.0 409.0 431.0 150.0 431.0 
1 3 0.87 0.87 409.0 139.0 409.0 431.0 150.0 431.0 523.0 97.0 523.0 
1 2 0.55 0.55 298.0 43.0 298.0 86.0 35.0 86.0 
1 3 0.82 0.82 298.0 43.0 298.0 86.0 35.0 86.0 383.0 104.0 383.0 
1 2 0.97 0.97 492.0 179.0 492.0 479.0 293.0 479.0 
1 2 0.77 0.77 466.0 357.0 466.0 156.0 1.0 156.0 
1 2 0.9 0.9 431.0 181.0 431.0 779.0 375.0 779.0 
1 2 0.52 0.52 775.0 267.0 775.0 599.0 106.0 599.0 
1 3 0.57 0.57 775.0 267.0 775.0 599.0 106.0 599.0 329.0 19.0 329.0 
1 4 0.6 0.6 775.0 267.0 775.0 599.0 106.0 599.0 329.0 19.0 329.0 842.0 21.0 842.0 
1 5 0.61 0.61 775.0 267.0 775.0 599.0 106.0 599.0 329.0 19.0 329.0 842.0 21.0 842.0 152.0 2.0 152.0 
1 6 0.82 0.82 775.0 267.0 775.0 599.0 106.0 599.0 329.0 19.0 329.0 842.0 21.0 842.0 152.0 2.0 152.0 53.0 11.0 53.0 
1 7 0.82 0.82 775.0 267.0 775.0 599.0 106.0 599.0 329.0 19.0 329.0 842.0 21.0 842.0 152.0 2.0 152.0 53.0 11.0 53.0 792.0 2.0 792.0 
1 2 0.48 0.48 141.0 24.0 141.0 556.0 177.0 556.0 
1 2 0.96 0.96 708.0 453.0 708.0 925.0 298.0 925.0 
1 2 0.91 0.91 464.0 415.0 464.0 507.0 10.0 507.0 
1 3 0.98 0.98 464.0 415.0 464.0 507.0 10.0 507.0 593.0 43.0 593.0 
1 2 0.56 0.56 834.0 358.0 834.0 674.0 90.0 674.0 
1 2 0.85 0.85 86.0 62.0 86.0 175.0 24.0 175.0 
1 2 0.07 0.07 699.0 48.0 699.0 736.0 2.0 736.0 
1 3 0.71 0.71 699.0 48.0 699.0 736.0 2.0 736.0 56.0 36.0 56.0 
1 4 0.91 0.91 699.0 48.0 699.0 736.0 2.0 736.0 56.0 36.0 56.0 362.0 71.0 362.0 
1 2 0.82 0.82 755.0 132.0 755.0 256.0 167.0 256.0 
1 3 0.97 0.97 755.0 132.0 755.0 256.0 167.0 256.0 673.0 98.0 673.0 
1 2 0.81 0.81 952.0 315.0 952.0 141.0 68.0 141.0 
1 2 0.87 0.87 937.0 336.0 937.0 905.0 470.0 905.0 
1 2 0.59 0.59 228.0 32.0 228.0 828.0 374.0 828.0 
1 3 0.78 0.78 228.0 32.0 228.0 828.0 374.0 828.0 227.0 44.0 227.0 
1 4 0.81 0.81 228.0 32.0 228.0 828.0 374.0 828.0 227.0 44.0 227.0 993.0 28.0 993.0 
1 2 0.63 0.63 547.0 255.0 547.0 629.0 109.0 629.0 
1 2 0.71 0.71 958.0 586.0 958.0 831.0 84.0 831.0 
1 2 0.76 0.76 428.0 50.0 428.0 827.0 537.0 827.0 
1 2 0.6 0.6 853.0 44.0 853.0 526.0 293.0 526.0 
1 2 0.87 0.87 106.0 73.0 106.0 494.0 90.0 494.0 
1 2 0.22 0.22 562.0 117.0 562.0 417.0 9.0 417.0 
1 3 0.36 0.36 562.0 117.0 562.0 417.0 9.0 417.0 916.0 121.0 916.0 
1 4 0.8 0.8 562.0 117.0 562.0 417.0 9.0 417.0 916.0 121.0 916.0 99.0 44.0 99.0 
1 2 0.04 0.04 670.0 8.0 670.0 103.0 3.0 103.0 
1 3 0.62 0.62 670.0 8.0 670.0 103.0 3.0 103.0 929.0 547.0 929.0 
1 4 0.69 0.69 670.0 8.0 670.0 103.0 3.0 103.0 929.0 547.0 929.0 973.0 62.0 973.0 
1 2 0.13 0.13 787.0 79.0 787.0 578.0 19.0 578.0 
1 3 0.31 0.31 787.0 79.0 787.0 578.0 19.0 578.0 954.0 169.0 954.0 
1 4 0.75 0.75 787.0 79.0 787.0 578.0 19.0 578.0 954.0 169.0 954.0 791.0 348.0 791.0 
1 5 0.87 0.87 787.0 79.0 787.0 578.0 19.0 578.0 954.0 169.0 954.0 791.0 348.0 791.0 752.0 93.0 752.0 
1 6 0.87 0.87 787.0 79.0 787.0 578.0 19.0 578.0 954.0 169.0 954.0 791.0 348.0 791.0 752.0 93.0 752.0 544.0 3.0 544.0 
1 2 0.41 0.41 323.0 99.0 323.0 895.0 101.0 895.0 
1 3 0.64 0.64 323.0 99.0 323.0 895.0 101.0 895.0 172.0 39.0 172.0 
1 2 0.72 0.72 814.0 198.0 814.0 915.0 440.0 915.0 
1 2 0.2 0.2 980.0 147.0 980.0 413.0 23.0 413.0 
1 3 0.21 0.21 980.0 147.0 980.0 413.0 23.0 413.0 899.0 11.0 899.0 
1 4 0.99 0.99 980.0 147.0 980.0 413.0 23.0 413.0 899.0 11.0 899.0 341.0 266.0 341.0 
1 2 0.48 0.48 673.0 52.0 673.0 555.0 225.0 555.0 
1 3 0.61 0.61 673.0 52.0 673.0 555.0 225.0 555.0 399.0 52.0 399.0 
1 4 0.96 0.96 673.0 52.0 673.0 555.0 225.0 555.0 399.0 52.0 399.0 261.0 92.0 261.0 
1 2 0.52 0.52 522.0 216.0 522.0 816.0 87.0 816.0 
1 3 0.57 0.57 522.0 216.0 522.0 816.0 87.0 816.0 386.0 21.0 386.0 
1 2 0.36 0.36 710.0 209.0 710.0 704.0 52.0 704.0 
1 3 0.58 0.58 710.0 209.0 710.0 704.0 52.0 704.0 229.0 49.0 229.0 
1 2 0.91 0.91 30.0 2.0 30.0 443.0 375.0 443.0 
1 2 0.63 0.63 52.0 27.0 52.0 643.0 73.0 643.0 
1 2 0.72 0.72 124.0 35.0 124.0 130.0 57.0 130.0 
1 2 0.49 0.49 544.0 74.0 544.0 861.0 308.0 861.0 
1 3 0.62 0.62 544.0 74.0 544.0 861.0 308.0 861.0 326.0 42.0 326.0 
1 4 0.72 0.72 544.0 74.0 544.0 861.0 308.0 861.0 326.0 42.0 326.0 369.0 37.0 369.0 
1 2 0.57 0.57 100.0 15.0 100.0 392.0 166.0 392.0 
1 2 0.83 0.83 621.0 79.0 621.0 732.0 517.0 732.0 
1 2 0.73 0.73 544.0 288.0 544.0 74.0 15.0 74.0 
1 3 0.82 0.82 544.0 288.0 544.0 74.0 15.0 74.0 906.0 87.0 906.0 
1 2 0.85 0.85 940.0 441.0 940.0 858.0 335.0 858.0 
1 2 0.51 0.51 154.0 48.0 154.0 702.0 142.0 702.0 
1 2 0.97 0.97 788.0 409.0 788.0 648.0 298.0 648.0 
1 2 0.35 0.35 52.0 9.0 52.0 215.0 39.0 215.0 
1 2 0.42 0.42 588.0 192.0 588.0 657.0 63.0 657.0 
1 3 0.99 0.99 588.0 192.0 588.0 657.0 63.0 657.0 810.0 463.0 810.0 
1 2 0.27 0.27 648.0 86.0 648.0 29.0 4.0 29.0 
1 3 0.29 0.29 648.0 86.0 648.0 29.0 4.0 29.0 292.0 8.0 292.0 
1 4 0.44 0.44 648.0 86.0 648.0 29.0 4.0 29.0 292.0 8.0 292.0 695.0 99.0 695.0 
1 5 0.56 0.56 648.0 86.0 648.0 29.0 4.0 29.0 292.0 8.0 292.0 695.0 99.0 695.0 548.0 70.0 548.0 
1 6 0.62 0.62 648.0 86.0 648.0 29.0 4.0 29.0 292.0 8.0 292.0 695.0 99.0 695.0 548.0 70.0 548.0 814.0 45.0 814.0 
1 2 0.48 0.48 571.0 52.0 571.0 468.0 184.0 468.0 
1 3 0.92 0.92 571.0 52.0 571.0 468.0 184.0 468.0 720.0 314.0 720.0 
1 2 0.55 0.55 807.0 28.0 807.0 963.0 504.0 963.0 
1 2 0.98 0.98 578.0 251.0 578.0 743.0 407.0 743.0 
1 2 0.92 0.92 591.0 170.0 591.0 39.0 25.0 39.0 
1 3 0.94 0.94 591.0 170.0 591.0 39.0 25.0 39.0 266.0 4.0 266.0 
1 2 0.52 0.52 211.0 53.0 211.0 786.0 218.0 786.0 
1 3 0.91 0.91 211.0 53.0 211.0 786.0 218.0 786.0 653.0 250.0 653.0 
1 2 0.54 0.54 103.0 9.0 103.0 505.0 232.0 505.0 
1 2 0.15 0.15 494.0 23.0 494.0 135.0 15.0 135.0 
1 2 0.54 0.54 602.0 38.0 602.0 492.0 235.0 492.0 
1 2 0.75 0.75 652.0 325.0 652.0 875.0 227.0 875.0 
1 2 0.71 0.71 282.0 137.0 282.0 418.0 96.0 418.0 
1 3 0.79 0.79 282.0 137.0 282.0 418.0 96.0 418.0 598.0 47.0 598.0 
1 2 0.3 0.3 325.0 72.0 325.0 977.0 84.0 977.0 
1 3 0.53 0.53 325.0 72.0 325.0 977.0 84.0 977.0 87.0 20.0 87.0 
1 4 0.64 0.64 325.0 72.0 325.0 977.0 84.0 977.0 87.0 20.0 87.0 366.0 39.0 366.0 
1 5 0.67 0.67 325.0 72.0 325.0 977.0 84.0 977.0 87.0 20.0 87.0 366.0 39.0 366.0 231.0 8.0 231.0 
1 2 0.88 0.88 98.0 29.0 98.0 468.0 275.0 468.0 
1 2 0.16 0.16 524.0 38.0 524.0 357.0 32.0 357.0 
1 3 0.97 0.97 524.0 38.0 524.0 357.0 32.0 357.0 434.0 351.0 434.0 
1 2 0.87 0.87 489.0 20.0 489.0 325.0 271.0 325.0 
1 2 0.74 0.74 866.0 56.0 866.0 499.0 337.0 499.0 
1 3 0.85 0.85 866.0 56.0 866.0 499.0 337.0 499.0 9.0 1.0 9.0 
1 2 0.18 0.18 733.0 123.0 733.0 121.0 2.0 121.0 
1 3 0.81 0.81 733.0 123.0 733.0 121.0 2.0 121.0 813.0 514.0 813.0 
1 2 0.71 0.71 720.0 58.0 720.0 550.0 349.0 550.0 
1 3 0.87 0.87 720.0 58.0 720.0 550.0 349.0 550.0 680.0 106.0 680.0 
1 2 0.68 0.68 313.0 21.0 313.0 105.0 65.0 105.0 
1 2 0.75 0.75 963.0 698.0 963.0 32.0 1.0 32.0 
1 2 0.22 0.22 245.0 19.0 245.0 147.0 22.0 147.0 
1 3 0.9 0.9 245.0 19.0 245.0 147.0 22.0 147.0 705.0 477.0 705.0 
1 2 0.92 0.92 652.0 170.0 652.0 6.0 4.0 6.0 
1 2 0.43 0.43 802.0 235.0 802.0 235.0 34.0 235.0 
1 2 0.77 0.77 54.0 1.0 54.0 917.0 691.0 917.0 
1 2 0.91 0.91 63.0 41.0 63.0 717.0 189.0 717.0 
1 2 0.31 0.31 13.0 2.0 13.0 796.0 129.0 796.0 
1 3 0.36 0.36 13.0 2.0 13.0 796.0 129.0 796.0 952.0 51.0 952.0 
1 4 0.51 0.51 13.0 2.0 13.0 796.0 129.0 796.0 952.0 51.0 952.0 489.0 70.0 489.0 
1 5 0.59 0.59 13.0 2.0 13.0 796.0 129.0 796.0 952.0 51.0 952.0 489.0 70.0 489.0 539.0 42.0 539.0 
1 2 0.51 0.51 37.0 15.0 37.0 967.0 102.0 967.0 
1 3 0.71 0.71 37.0 15.0 37.0 967.0 102.0 967.0 440.0 91.0 440.0 
1 4 0.73 0.73 37.0 15.0 37.0 967.0 102.0 967.0 440.0 91.0 440.0 874.0 14.0 874.0 
1 2 0.82 0.82 433.0 338.0 433.0 891.0 44.0 891.0 
1 3 0.93 0.93 433.0 338.0 433.0 891.0 44.0 891.0 788.0 81.0 788.0 
1 4 0.98 0.98 433.0 338.0 433.0 891.0 44.0 891.0 788.0 81.0 788.0 948.0 47.0 948.0 
1 2 0.37 0.37 820.0 27.0 820.0 418.0 141.0 418.0 
1 3 0.95 0.95 820.0 27.0 820.0 418.0 141.0 418.0 299.0 174.0 299.0 
1 2 0.27 0.27 679.0 3.0 679.0 794.0 218.0 794.0 
1 3 0.58 0.58 679.0 3.0 679.0 794.0 218.0 794.0 934.0 287.0 934.0 
1 4 0.63 0.63 679.0 3.0 679.0 794.0 218.0 794.0 934.0 287.0 934.0 984.0 49.0 984.0 
1 2 0.38 0.38 265.0 10.0 265.0 613.0 210.0 613.0 
1 3 0.99 0.99 265.0 10.0 265.0 613.0 210.0 613.0 523.0 320.0 523.0 
1 2 0.4 0.4 522.0 146.0 522.0 147.0 18.0 147.0 
1 3 0.94 0.94 522.0 146.0 522.0 147.0 18.0 147.0 72.0 39.0 72.0 
1 2 0.45 0.45 468.0 130.0 468.0 805.0 146.0 805.0 
1 2 0.69 0.69 291.0 55.0 291.0 825.0 414.0 825.0 
1 3 0.74 0.74 291.0 55.0 291.0 825.0 414.0 825.0 203.0 11.0 203.0 
1 2 0.14 0.14 70.0 5.0 70.0 723.0 50.0 723.0 
1 3 0.91 0.91 70.0 5.0 70.0 723.0 50.0 723.0 598.0 466.0 598.0 
1 2 0.34 0.34 466.0 93.0 466.0 660.0 95.0 660.0 
1 3 0.74 0.74 466.0 93.0 466.0 660.0 95.0 660.0 692.0 279.0 692.0 
1 2 0.98 0.98 741.0 155.0 741.0 824.0 640.0 824.0 
1 2 0.19 0.19 813.0 104.0 813.0 309.0 20.0 309.0 
1 2 0.75 0.75 871.0 144.0 871.0 548.0 321.0 548.0 
1 3 0.87 0.87 871.0 144.0 871.0 548.0 321.0 548.0 964.0 123.0 964.0 
1 2 0.44 0.44 492.0 82.0 492.0 649.0 179.0 649.0 
1 3 0.6 0.6 492.0 82.0 492.0 649.0 179.0 649.0 78.0 13.0 78.0 
1 2 0.93 0.93 552.0 97.0 552.0 655.0 497.0 655.0 
1 2 0.4 0.4 288.0 1.0 288.0 20.0 8.0 20.0 
1 2 0.25 0.25 369.0 23.0 369.0 746.0 144.0 746.0 
1 3 0.72 0.72 369.0 23.0 369.0 746.0 144.0 746.0 425.0 200.0 425.0 
1 2 0.93 0.93 29.0 6.0 29.0 480.0 351.0 480.0 
1 2 0.43 0.43 114.0 16.0 114.0 242.0 71.0 242.0 
1 3 0.59 0.59 114.0 16.0 114.0 242.0 71.0 242.0 905.0 143.0 905.0 
1 2 0.45 0.45 263.0 57.0 263.0 764.0 184.0 764.0 
1 2 0.15 0.15 643.0 23.0 643.0 726.0 85.0 726.0 
1 3 0.75 0.75 643.0 23.0 643.0 726.0 85.0 726.0 537.0 322.0 537.0 
1 2 0.92 0.92 366.0 292.0 366.0 105.0 13.0 105.0 
1 2 0.97 0.97 376.0 361.0 376.0 263.0 3.0 263.0 
1 2 0.21 0.21 735.0 37.0 735.0 335.0 56.0 335.0 
1 3 0.65 0.65 735.0 37.0 735.0 335.0 56.0 335.0 483.0 212.0 483.0 
1 2 0.99 0.99 153.0 47.0 153.0 474.0 326.0 474.0 
1 2 0.99 0.99 735.0 67.0 735.0 139.0 126.0 139.0 
1 2 0.45 0.45 866.0 86.0 866.0 65.0 23.0 65.0 
1 3 0.91 0.91 866.0 86.0 866.0 65.0 23.0 65.0 170.0 79.0 170.0 
1 2 0.43 0.43 307.0 41.0 307.0 157.0 47.0 157.0 
1 3 0.52 0.52 307.0 41.0 307.0 157.0 47.0 157.0 44.0 4.0 44.0 
1 2 0.97 0.97 909.0 499.0 909.0 279.0 120.0 279.0 
1 2 0.11 0.11 450.0 52.0 450.0 254.0 1.0 254.0 
1 3 0.88 0.88 450.0 52.0 450.0 254.0 1.0 254.0 726.0 555.0 726.0 
1 2 0.6 0.6 610.0 68.0 610.0 895.0 445.0 895.0 
1 3 0.98 0.98 610.0 68.0 610.0 895.0 445.0 895.0 532.0 201.0 532.0 
1 2 0.4 0.4 404.0 92.0 404.0 409.0 74.0 409.0 
1 2 0.89 0.89 459.0 331.0 459.0 883.0 153.0 883.0 
1 2 0.62 0.62 482.0 21.0 482.0 125.0 73.0 125.0 
1 3 0.68 0.68 482.0 21.0 482.0 125.0 73.0 125.0 195.0 12.0 195.0 
1 4 0.72 0.72 482.0 21.0 482.0 125.0 73.0 125.0 195.0 12.0 195.0 227.0 8.0 227.0 
1 2 0.69 0.69 685.0 355.0 685.0 797.0 137.0 797.0 
1 3 0.98 0.98 685.0 355.0 685.0 797.0 137.0 797.0 957.0 285.0 957.0 
1 2 0.49 0.49 371.0 69.0 371.0 36.0 11.0 36.0 
1 2 0.74 0.74 193.0 92.0 193.0 765.0 208.0 765.0 
1 3 0.9 0.9 193.0 92.0 193.0 765.0 208.0 765.0 275.0 42.0 275.0 
1 2 0.92 0.92 3.0 2.0 3.0 921.0 239.0 921.0 
1 2 0.6 0.6 697.0 382.0 697.0 294.0 16.0 294.0 
1 3 0.69 0.69 697.0 382.0 697.0 294.0 16.0 294.0 642.0 58.0 642.0 
1 4 0.98 0.98 697.0 382.0 697.0 294.0 16.0 294.0 642.0 58.0 642.0 369.0 109.0 369.0 
1 2 0.77 0.77 209.0 126.0 209.0 994.0 174.0 994.0 
1 2 0.22 0.22 884.0 23.0 884.0 182.0 36.0 182.0 
1 3 0.49 0.49 884.0 23.0 884.0 182.0 36.0 182.0 355.0 96.0 355.0 
1 4 0.99 0.99 884.0 23.0 884.0 182.0 36.0 182.0 355.0 96.0 355.0 261.0 131.0 261.0 
1 2 0.67 0.67 195.0 14.0 195.0 160.0 97.0 160.0 
1 3 0.86 0.86 195.0 14.0 195.0 160.0 97.0 160.0 221.0 42.0 221.0 
1 4 0.92 0.92 195.0 14.0 195.0 160.0 97.0 160.0 221.0 42.0 221.0 992.0 56.0 992.0 
1 2 0.79 0.79 658.0 355.0 658.0 714.0 184.0 714.0 
1 2 0.58 0.58 335.0 71.0 335.0 566.0 210.0 566.0 
1 2 0.58 0.58 826.0 20.0 826.0 80.0 45.0 80.0 
1 3 0.86 0.86 826.0 20.0 826.0 80.0 45.0 80.0 104.0 29.0 104.0 
1 4 0.86 0.86 826.0 20.0 826.0 80.0 45.0 80.0 104.0 29.0 104.0 808.0 3.0 808.0 
1 2 0.91 0.91 740.0 582.0 740.0 792.0 103.0 792.0 
1 2 0.97 0.97 881.0 832.0 881.0 307.0 9.0 307.0 
1 2 0.28 0.28 127.0 30.0 127.0 871.0 44.0 871.0 
1 3 0.67 0.67 127.0 30.0 127.0 871.0 44.0 871.0 101.0 39.0 101.0 
1 2 0.83 0.83 668.0 319.0 668.0 435.0 156.0 435.0 
1 2 0.8 0.8 36.0 13.0 36.0 551.0 247.0 551.0 
1 2 0.8 0.8 339.0 108.0 339.0 134.0 65.0 134.0 
1 2 0.38 0.38 557.0 177.0 557.0 974.0 69.0 974.0 
1 3 0.79 0.79 557.0 177.0 557.0 974.0 69.0 974.0 754.0 303.0 754.0 
1 2 0.45 0.45 175.0 57.0 175.0 615.0 82.0 615.0 
1 3 0.5 0.5 175.0 57.0 175.0 615.0 82.0 615.0 228.0 11.0 228.0 
1 4 0.68 0.68 175.0 57.0 175.0 615.0 82.0 615.0 228.0 11.0 228.0 911.0 163.0 911.0 
1 5 0.78 0.78 175.0 57.0 175.0 615.0 82.0 615.0 228.0 11.0 228.0 911.0 163.0 911.0 973.0 93.0 973.0 
1 2 0.99 0.99 281.0 178.0 281.0 683.0 246.0 683.0 
1 2 0.54 0.54 819.0 407.0 819.0 348.0 15.0 348.0 
1 3 0.98 0.98 819.0 407.0 819.0 348.0 15.0 348.0 764.0 337.0 764.0 
1 2 0.86 0.86 80.0 24.0 80.0 926.0 525.0 926.0 
1 3 0.92 0.92 80.0 24.0 80.0 926.0 525.0 926.0 52.0 3.0 52.0 
1 2 0.66 0.66 495.0 166.0 495.0 72.0 24.0 72.0 
1 2 0.33 0.33 954.0 316.0 954.0 350.0 1.0 350.0 
1 3 0.61 0.61 954.0 316.0 954.0 350.0 1.0 350.0 255.0 71.0 255.0 
1 4 0.71 0.71 954.0 316.0 954.0 350.0 1.0 350.0 255.0 71.0 255.0 975.0 96.0 975.0 
1 2 0.81 0.81 79.0 17.0 79.0 283.0 170.0 283.0 
1 2 0.23 0.23 155.0 4.0 155.0 926.0 190.0 926.0 
1 2 0.72 0.72 369.0 214.0 369.0 87.0 13.0 87.0 
1 3 0.85 0.85 369.0 214.0 369.0 87.0 13.0 87.0 286.0 35.0 286.0 
1 4 0.91 0.91 369.0 214.0 369.0 87.0 13.0 87.0 286.0 35.0 286.0 636.0 41.0 636.0 
1 2 0.82 0.82 285.0 184.0 285.0 381.0 69.0 381.0 
1 2 0.92 0.92 465.0 273.0 465.0 406.0 138.0 406.0 
1 2 0.58 0.58 652.0 328.0 652.0 876.0 76.0 876.0 
1 3 0.64 0.64 652.0 328.0 652.0 876.0 76.0 876.0 923.0 53.0 923.0 
1 4 0.93 0.93 652.0 328.0 652.0 876.0 76.0 876.0 923.0 53.0 923.0 578.0 167.0 578.0 
1 2 0.52 0.52 353.0 177.0 353.0 360.0 8.0 360.0 
1 3 0.64 0.64 353.0 177.0 353.0 360.0 8.0 360.0 839.0 106.0 839.0 
1 2 0.23 0.23 520.0 119.0 520.0 345.0 3.0 345.0 
1 3 0.41 0.41 520.0 119.0 520.0 345.0 3.0 345.0 159.0 29.0 159.0 
1 4 0.68 0.68 520.0 119.0 520.0 345.0 3.0 345.0 159.0 29.0 159.0 581.0 152.0 581.0 
1 2 0.24 0.24 639.0 45.0 639.0 978.0 173.0 978.0 
1 2 0.82 0.82 349.0 264.0 349.0 315.0 21.0 315.0 
1 2 0.77 0.77 442.0 274.0 442.0 631.0 101.0 631.0 
1 2 0.53 0.53 105.0 38.0 105.0 477.0 82.0 477.0 
1 2 0.89 0.89 878.0 508.0 878.0 766.0 242.0 766.0 
1 3 0.89 0.89 878.0 508.0 878.0 766.0 242.0 766.0 570.0 1.0 570.0 
1 2 0.49 0.49 781.0 263.0 781.0 822.0 128.0 822.0 
1 2 0.35 0.35 84.0 1.0 84.0 605.0 207.0 605.0 
1 3 0.47 0.47 84.0 1.0 84.0 605.0 207.0 605.0 722.0 87.0 722.0 
1 2 0.68 0.68 630.0 263.0 630.0 285.0 75.0 285.0 
1 2 0.14 0.14 843.0 53.0 843.0 428.0 34.0 428.0 
1 2 0.15 0.15 996.0 127.0 996.0 395.0 9.0 395.0 
1 3 0.83 0.83 996.0 127.0 996.0 395.0 9.0 395.0 19.0 13.0 19.0 
1 2 0.6 0.6 234.0 21.0 234.0 475.0 246.0 475.0 
1 3 0.78 0.78 234.0 21.0 234.0 475.0 246.0 475.0 664.0 116.0 664.0 
1 2 0.8 0.8 187.0 98.0 187.0 783.0 219.0 783.0 
1 2 0.92 0.92 949.0 327.0 949.0 91.0 53.0 91.0 
1 2 0.93 0.93 103.0 76.0 103.0 124.0 25.0 124.0 
1 2 0.5 0.5 433.0 153.0 433.0 948.0 143.0 948.0 
1 3 0.74 0.74 433.0 153.0 433.0 948.0 143.0 948.0 323.0 77.0 323.0 
1 4 0.9 0.9 433.0 153.0 433.0 948.0 143.0 948.0 323.0 77.0 323.0 673.0 110.0 673.0 
1 2 0.64 0.64 243.0 98.0 243.0 421.0 102.0 421.0 
1 3 0.85 0.85 243.0 98.0 243.0 421.0 102.0 421.0 375.0 78.0 375.0 
1 4 0.94 0.94 243.0 98.0 243.0 421.0 102.0 421.0 375.0 78.0 375.0 129.0 12.0 129.0 
1 2 0.77 0.77 919.0 406.0 919.0 429.0 142.0 429.0 
1 3 0.84 0.84 919.0 406.0 919.0 429.0 142.0 429.0 118.0 8.0 118.0 
1 2 0.59 0.59 119.0 21.0 119.0 88.0 37.0 88.0 
1 3 0.98 0.98 119.0 21.0 119.0 88.0 37.0 88.0 159.0 62.0 159.0 
1 2 0.42 0.42 529.0 102.0 529.0 607.0 138.0 607.0 
1 3 0.87 0.87 529.0 102.0 529.0 607.0 138.0 607.0 541.0 244.0 541.0 
1 2 0.58 0.58 22.0 8.0 22.0 105.0 23.0 105.0 
1 2 0.72 0.72 650.0 16.0 650.0 56.0 39.0 56.0 
1 2 0.74 0.74 215.0 51.0 215.0 216.0 109.0 216.0 
1 2 0.81 0.81 854.0 432.0 854.0 721.0 222.0 721.0 
1 2 0.35 0.35 163.0 19.0 163.0 956.0 231.0 956.0 
1 2 0.37 0.37 888.0 187.0 888.0 930.0 157.0 930.0 
1 2 0.69 0.69 334.0 212.0 334.0 467.0 29.0 467.0 
1 2 0.56 0.56 954.0 254.0 954.0 961.0 286.0 961.0 
1 2 0.73 0.73 15.0 8.0 15.0 121.0 25.0 121.0 
1 2 0.61 0.61 342.0 2.0 342.0 700.0 426.0 700.0 
1 2 0.84 0.84 460.0 143.0 460.0 596.0 320.0 596.0 
1 2 0.9 0.9 657.0 32.0 657.0 337.0 287.0 337.0 
1 2 0.48 0.48 463.0 36.0 463.0 961.0 395.0 961.0 
1 3 0.54 0.54 463.0 36.0 463.0 961.0 395.0 961.0 243.0 13.0 243.0 
1 4 0.81 0.81 463.0 36.0 463.0 961.0 395.0 961.0 243.0 13.0 243.0 739.0 204.0 739.0 
1 2 0.76 0.76 466.0 41.0 466.0 585.0 396.0 585.0 
1 2 0.73 0.73 459.0 139.0 459.0 813.0 348.0 813.0 
1 3 0.77 0.77 459.0 139.0 459.0 813.0 348.0 813.0 898.0 42.0 898.0 
1 4 0.86 0.86 459.0 139.0 459.0 813.0 348.0 813.0 898.0 42.0 898.0 554.0 50.0 554.0 
1 2 0.78 0.78 838.0 355.0 838.0 454.0 165.0 454.0 
1 3 0.82 0.82 838.0 355.0 838.0 454.0 165.0 454.0 922.0 33.0 922.0 
1 2 0.8 0.8 729.0 559.0 729.0 200.0 8.0 200.0 
1 2 0.54 0.54 597.0 167.0 597.0 52.0 14.0 52.0 
1 2 0.89 0.89 703.0 218.0 703.0 851.0 499.0 851.0 
1 2 0.86 0.86 519.0 424.0 519.0 769.0 37.0 769.0 
1 2 0.16 0.16 944.0 105.0 944.0 1000.0 58.0 1000.0 
1 3 0.22 0.22 944.0 105.0 944.0 1000.0 58.0 1000.0 331.0 20.0 331.0 
1 4 0.36 0.36 944.0 105.0 944.0 1000.0 58.0 1000.0 331.0 20.0 331.0 97.0 13.0 97.0 
1 5 0.94 0.94 944.0 105.0 944.0 1000.0 58.0 1000.0 331.0 20.0 331.0 97.0 13.0 97.0 913.0 529.0 913.0 
1 2 0.92 0.92 38.0 21.0 38.0 345.0 130.0 345.0 
1 2 0.89 0.89 180.0 85.0 180.0 386.0 164.0 386.0 
1 2 0.67 0.67 85.0 3.0 85.0 172.0 110.0 172.0 
1 2 0.23 0.23 919.0 144.0 919.0 123.0 10.0 123.0 
1 3 0.7 0.7 919.0 144.0 919.0 123.0 10.0 123.0 211.0 99.0 211.0 
1 4 0.77 0.77 919.0 144.0 919.0 123.0 10.0 123.0 211.0 99.0 211.0 62.0 4.0 62.0 
1 2 0.86 0.86 617.0 70.0 617.0 28.0 21.0 28.0 
1 2 0.42 0.42 321.0 17.0 321.0 198.0 74.0 198.0 
1 3 0.59 0.59 321.0 17.0 321.0 198.0 74.0 198.0 398.0 65.0 398.0 
1 2 0.58 0.58 815.0 467.0 815.0 716.0 6.0 716.0 
1 3 0.68 0.68 815.0 467.0 815.0 716.0 6.0 716.0 658.0 71.0 658.0 
1 2 0.73 0.73 79.0 13.0 79.0 463.0 266.0 463.0 
1 2 0.61 0.61 575.0 154.0 575.0 616.0 215.0 616.0 
1 3 0.91 0.91 575.0 154.0 575.0 616.0 215.0 616.0 690.0 203.0 690.0 
1 2 0.27 0.27 518.0 142.0 518.0 520.0 1.0 520.0 
1 3 0.69 0.69 518.0 142.0 518.0 520.0 1.0 520.0 341.0 143.0 341.0 
1 2 0.9 0.9 633.0 299.0 633.0 58.0 25.0 58.0 
1 2 0.38 0.38 93.0 25.0 93.0 543.0 65.0 543.0 
1 3 0.82 0.82 93.0 25.0 93.0 543.0 65.0 543.0 514.0 225.0 514.0 
1 2 0.98 0.98 648.0 247.0 648.0 91.0 55.0 91.0 
1 2 0.72 0.72 608.0 133.0 608.0 653.0 331.0 653.0 
1 2 0.24 0.24 321.0 63.0 321.0 333.0 17.0 333.0 
1 3 0.78 0.78 321.0 63.0 321.0 333.0 17.0 333.0 837.0 454.0 837.0 
1 2 0.41 0.41 197.0 18.0 197.0 922.0 299.0 922.0 
1 3 0.9 0.9 197.0 18.0 197.0 922.0 299.0 922.0 698.0 342.0 698.0 
1 2 0.3 0.3 90.0 5.0 90.0 625.0 155.0 625.0 
1 3 0.54 0.54 90.0 5.0 90.0 625.0 155.0 625.0 472.0 113.0 472.0 
1 4 0.56 0.56 90.0 5.0 90.0 625.0 155.0 625.0 472.0 113.0 472.0 490.0 11.0 490.0 
1 2 0.51 0.51 994.0 144.0 994.0 482.0 179.0 482.0 
1 3 0.85 0.85 994.0 144.0 994.0 482.0 179.0 482.0 557.0 190.0 557.0 
1 2 0.87 0.87 342.0 180.0 342.0 447.0 155.0 447.0 
1 2 0.04 0.04 918.0 21.0 918.0 696.0 17.0 696.0 
1 3 0.37 0.37 918.0 21.0 918.0 696.0 17.0 696.0 283.0 92.0 283.0 
1 4 0.58 0.58 918.0 21.0 918.0 696.0 17.0 696.0 283.0 92.0 283.0 384.0 82.0 384.0 
1 2 0.77 0.77 275.0 54.0 275.0 380.0 221.0 380.0 
1 2 0.62 0.62 29.0 10.0 29.0 191.0 54.0 191.0 
1 2 0.37 0.37 104.0 17.0 104.0 243.0 52.0 243.0 
1 2 0.08 0.08 86.0 3.0 86.0 607.0 29.0 607.0 
1 3 0.96 0.96 86.0 3.0 86.0 607.0 29.0 607.0 206.0 182.0 206.0 
1 4 0.98 0.98 86.0 3.0 86.0 607.0 29.0 607.0 206.0 182.0 206.0 822.0 12.0 822.0 
1 2 0.36 0.36 766.0 83.0 766.0 192.0 50.0 192.0 
1 3 0.41 0.41 766.0 83.0 766.0 192.0 50.0 192.0 444.0 21.0 444.0 
1 4 0.66 0.66 766.0 83.0 766.0 192.0 50.0 192.0 444.0 21.0 444.0 432.0 109.0 432.0 
1 5 0.68 0.68 766.0 83.0 766.0 192.0 50.0 192.0 444.0 21.0 444.0 432.0 109.0 432.0 974.0 12.0 974.0 
1 6 0.82 0.82 766.0 83.0 766.0 192.0 50.0 192.0 444.0 21.0 444.0 432.0 109.0 432.0 974.0 12.0 974.0 225.0 32.0 225.0 
1 2 0.34 0.34 634.0 169.0 634.0 300.0 24.0 300.0 
1 3 0.6 0.6 634.0 169.0 634.0 300.0 24.0 300.0 729.0 190.0 729.0 
1 2 0.6 0.6 964.0 118.0 964.0 286.0 138.0 286.0 
1 2 0.02 0.02 200.0 4.0 200.0 461.0 1.0 461.0 
1 3 0.81 0.81 200.0 4.0 200.0 461.0 1.0 461.0 951.0 750.0 951.0 
1 2 0.89 0.89 942.0 299.0 942.0 533.0 309.0 533.0 
1 2 0.65 0.65 219.0 106.0 219.0 373.0 64.0 373.0 
1 3 0.65 0.65 219.0 106.0 219.0 373.0 64.0 373.0 228.0 1.0 228.0 
1 4 0.67 0.67 219.0 106.0 219.0 373.0 64.0 373.0 228.0 1.0 228.0 880.0 12.0 880.0 
1 2 0.54 0.54 1000.0 193.0 1000.0 656.0 230.0 656.0 
1 3 0.68 0.68 1000.0 193.0 1000.0 656.0 230.0 656.0 322.0 46.0 322.0 
1 4 0.76 0.76 1000.0 193.0 1000.0 656.0 230.0 656.0 322.0 46.0 322.0 270.0 21.0 270.0 
1 5 0.89 0.89 1000.0 193.0 1000.0 656.0 230.0 656.0 322.0 46.0 322.0 270.0 21.0 270.0 863.0 116.0 863.0 
1 2 0.19 0.19 322.0 18.0 322.0 680.0 92.0 680.0 
1 3 0.19 0.19 322.0 18.0 322.0 680.0 92.0 680.0 213.0 1.0 213.0 
1 4 0.76 0.76 322.0 18.0 322.0 680.0 92.0 680.0 213.0 1.0 213.0 529.0 301.0 529.0 
1 5 0.88 0.88 322.0 18.0 322.0 680.0 92.0 680.0 213.0 1.0 213.0 529.0 301.0 529.0 741.0 92.0 741.0 
1 2 0.45 0.45 760.0 127.0 760.0 812.0 231.0 812.0 
1 3 0.53 0.53 760.0 127.0 760.0 812.0 231.0 812.0 436.0 38.0 436.0 
1 2 0.96 0.96 140.0 59.0 140.0 394.0 213.0 394.0 
1 2 0.78 0.78 992.0 6.0 992.0 570.0 443.0 570.0 
1 2 0.79 0.79 165.0 65.0 165.0 937.0 375.0 937.0 
1 2 0.64 0.64 620.0 171.0 620.0 123.0 45.0 123.0 
1 2 0.48 0.48 545.0 121.0 545.0 918.0 239.0 918.0 
1 3 0.82 0.82 545.0 121.0 545.0 918.0 239.0 918.0 447.0 152.0 447.0 
1 2 0.49 0.49 750.0 20.0 750.0 275.0 129.0 275.0 
1 3 0.55 0.55 750.0 20.0 750.0 275.0 129.0 275.0 66.0 4.0 66.0 
1 4 0.84 0.84 750.0 20.0 750.0 275.0 129.0 275.0 66.0 4.0 66.0 285.0 81.0 285.0 
1 2 0.61 0.61 733.0 181.0 733.0 909.0 331.0 909.0 
1 3 0.69 0.69 733.0 181.0 733.0 909.0 331.0 909.0 34.0 3.0 34.0 
1 4 0.71 0.71 733.0 181.0 733.0 909.0 331.0 909.0 34.0 3.0 34.0 661.0 11.0 661.0 
1 2 0.63 0.63 693.0 124.0 693.0 11.0 5.0 11.0 
1 2 0.35 0.35 546.0 62.0 546.0 490.0 116.0 490.0 
1 3 0.83 0.83 546.0 62.0 546.0 490.0 116.0 490.0 396.0 191.0 396.0 
1 4 0.9 0.9 546.0 62.0 546.0 490.0 116.0 490.0 396.0 191.0 396.0 802.0 58.0 802.0 
1 5 0.94 0.94 546.0 62.0 546.0 490.0 116.0 490.0 396.0 191.0 396.0 802.0 58.0 802.0 342.0 12.0 342.0 
1 2 0.97 0.97 544.0 255.0 544.0 120.0 61.0 120.0 
1 2 0.96 0.96 139.0 42.0 139.0 881.0 586.0 881.0 
1 2 0.79 0.79 215.0 128.0 215.0 671.0 134.0 671.0 
1 3 0.99 0.99 215.0 128.0 215.0 671.0 134.0 671.0 486.0 95.0 486.0 
1 2 0.16 0.16 396.0 13.0 396.0 168.0 23.0 168.0 
1 3 0.33 0.33 396.0 13.0 396.0 168.0 23.0 168.0 503.0 81.0 503.0 
1 4 0.73 0.73 396.0 13.0 396.0 168.0 23.0 168.0 503.0 81.0 503.0 992.0 397.0 992.0 
1 2 0.67 0.67 923.0 325.0 923.0 127.0 41.0 127.0 
1 3 0.73 0.73 923.0 325.0 923.0 127.0 41.0 127.0 349.0 22.0 349.0 
1 4 0.74 0.74 923.0 325.0 923.0 127.0 41.0 127.0 349.0 22.0 349.0 893.0 3.0 893.0 
1 2 0.42 0.42 33.0 10.0 33.0 902.0 114.0 902.0 
1 3 0.62 0.62 33.0 10.0 33.0 902.0 114.0 902.0 854.0 167.0 854.0 
1 2 0.27 0.27 173.0 35.0 173.0 657.0 48.0 657.0 
1 3 0.51 0.51 173.0 35.0 173.0 657.0 48.0 657.0 672.0 164.0 672.0 
1 4 0.88 0.88 173.0 35.0 173.0 657.0 48.0 657.0 672.0 164.0 672.0 320.0 117.0 320.0 
1 2 0.77 0.77 940.0 405.0 940.0 156.0 54.0 156.0 
1 2 0.66 0.66 907.0 477.0 907.0 153.0 22.0 153.0 
1 2 0.82 0.82 133.0 5.0 133.0 943.0 746.0 943.0 
1 3 0.97 0.97 133.0 5.0 133.0 943.0 746.0 943.0 20.0 3.0 20.0 
1 2 0.72 0.72 963.0 612.0 963.0 465.0 42.0 465.0 
1 2 0.66 0.66 546.0 89.0 546.0 301.0 152.0 301.0 
1 2 0.75 0.75 825.0 455.0 825.0 834.0 166.0 834.0 
1 2 0.6 0.6 440.0 228.0 440.0 775.0 69.0 775.0 
1 2 0.74 0.74 587.0 288.0 587.0 350.0 89.0 350.0 
1 2 0.32 0.32 736.0 188.0 736.0 630.0 42.0 630.0 
1 3 0.39 0.39 736.0 188.0 736.0 630.0 42.0 630.0 597.0 43.0 597.0 
1 4 0.98 0.98 736.0 188.0 736.0 630.0 42.0 630.0 597.0 43.0 597.0 710.0 421.0 710.0 
1 2 0.06 0.06 98.0 6.0 98.0 951.0 7.0 951.0 
1 3 0.65 0.65 98.0 6.0 98.0 951.0 7.0 951.0 303.0 178.0 303.0 
1 4 0.95 0.95 98.0 6.0 98.0 951.0 7.0 951.0 303.0 178.0 303.0 173.0 51.0 173.0 
1 2 0.78 0.78 397.0 195.0 397.0 685.0 200.0 685.0 
1 2 0.45 0.45 366.0 85.0 366.0 111.0 25.0 111.0 
1 2 0.42 0.42 949.0 161.0 949.0 666.0 173.0 666.0 
1 3 0.8 0.8 949.0 161.0 949.0 666.0 173.0 666.0 342.0 128.0 342.0 
1 4 0.84 0.84 949.0 161.0 949.0 666.0 173.0 666.0 342.0 128.0 342.0 629.0 26.0 629.0 
1 2 0.72 0.72 382.0 28.0 382.0 420.0 272.0 420.0 
1 3 0.86 0.86 382.0 28.0 382.0 420.0 272.0 420.0 574.0 84.0 574.0 
1 4 0.96 0.96 382.0 28.0 382.0 420.0 272.0 420.0 574.0 84.0 574.0 483.0 48.0 483.0 
1 2 0.8 0.8 595.0 11.0 595.0 549.0 433.0 549.0 
1 2 0.54 0.54 811.0 439.0 811.0 233.0 1.0 233.0 
1 2 0.45 0.45 734.0 298.0 734.0 22.0 1.0 22.0 
1 3 0.6 0.6 734.0 298.0 734.0 22.0 1.0 22.0 751.0 112.0 751.0 
1 2 0.92 0.92 606.0 60.0 606.0 958.0 794.0 958.0 
1 2 0.47 0.47 232.0 99.0 232.0 268.0 12.0 268.0 
1 2 0.79 0.79 203.0 129.0 203.0 160.0 26.0 160.0 
1 3 0.91 0.91 203.0 129.0 203.0 160.0 26.0 160.0 571.0 65.0 571.0 
1 2 0.55 0.55 39.0 20.0 39.0 753.0 30.0 753.0 
1 2 0.21 0.21 737.0 119.0 737.0 190.0 10.0 190.0 
1 3 0.46 0.46 737.0 119.0 737.0 190.0 10.0 190.0 12.0 3.0 12.0 
1 4 0.79 0.79 737.0 119.0 737.0 190.0 10.0 190.0 12.0 3.0 12.0 271.0 89.0 271.0 
1 2 0.72 0.72 612.0 137.0 612.0 486.0 244.0 486.0 
1 2 0.47 0.47 544.0 154.0 544.0 663.0 126.0 663.0 
1 3 0.57 0.57 544.0 154.0 544.0 663.0 126.0 663.0 940.0 98.0 940.0 
1 2 0.11 0.11 657.0 32.0 657.0 912.0 56.0 912.0 
1 3 0.87 0.87 657.0 32.0 657.0 912.0 56.0 912.0 987.0 751.0 987.0 
1 2 0.23 0.23 30.0 6.0 30.0 865.0 29.0 865.0 
1 2 0.15 0.15 881.0 108.0 881.0 416.0 15.0 416.0 
1 3 0.21 0.21 881.0 108.0 881.0 416.0 15.0 416.0 108.0 6.0 108.0 
1 4 0.23 0.23 881.0 108.0 881.0 416.0 15.0 416.0 108.0 6.0 108.0 106.0 2.0 106.0 
1 5 0.97 0.97 881.0 108.0 881.0 416.0 15.0 416.0 108.0 6.0 108.0 106.0 2.0 106.0 693.0 512.0 693.0 
1 2 0.79 0.79 480.0 216.0 480.0 207.0 72.0 207.0 
1 3 0.83 0.83 480.0 216.0 480.0 207.0 72.0 207.0 575.0 24.0 575.0 
1 2 0.63 0.63 457.0 156.0 457.0 441.0 129.0 441.0 
1 2 0.87 0.87 293.0 235.0 293.0 125.0 9.0 125.0 
1 3 0.91 0.91 293.0 235.0 293.0 125.0 9.0 125.0 106.0 4.0 106.0 
1 2 0.61 0.61 577.0 259.0 577.0 762.0 126.0 762.0 
1 3 0.99 0.99 577.0 259.0 577.0 762.0 126.0 762.0 382.0 144.0 382.0 
1 2 0.81 0.81 791.0 603.0 791.0 620.0 33.0 620.0 
1 2 0.45 0.45 853.0 196.0 853.0 388.0 88.0 388.0 
1 3 0.69 0.69 853.0 196.0 853.0 388.0 88.0 388.0 523.0 123.0 523.0 
1 2 0.93 0.93 45.0 37.0 45.0 549.0 61.0 549.0 
1 3 1.0 1.0 45.0 37.0 45.0 549.0 61.0 549.0 90.0 6.0 90.0 
1 2 0.41 0.41 291.0 12.0 291.0 866.0 321.0 866.0 
1 3 0.86 0.86 291.0 12.0 291.0 866.0 321.0 866.0 415.0 187.0 415.0 
1 2 0.07 0.07 187.0 12.0 187.0 627.0 6.0 627.0 
1 3 0.08 0.08 187.0 12.0 187.0 627.0 6.0 627.0 382.0 4.0 382.0 
1 4 0.19 0.19 187.0 12.0 187.0 627.0 6.0 627.0 382.0 4.0 382.0 793.0 89.0 793.0 
1 5 0.6 0.6 187.0 12.0 187.0 627.0 6.0 627.0 382.0 4.0 382.0 793.0 89.0 793.0 533.0 218.0 533.0 
1 6 0.74 0.74 187.0 12.0 187.0 627.0 6.0 627.0 382.0 4.0 382.0 793.0 89.0 793.0 533.0 218.0 533.0 870.0 123.0 870.0 
1 7 0.85 0.85 187.0 12.0 187.0 627.0 6.0 627.0 382.0 4.0 382.0 793.0 89.0 793.0 533.0 218.0 533.0 870.0 123.0 870.0 680.0 72.0 680.0 
1 2 0.18 0.18 311.0 46.0 311.0 612.0 23.0 612.0 
1 3 0.45 0.45 311.0 46.0 311.0 612.0 23.0 612.0 671.0 178.0 671.0 
1 4 0.64 0.64 311.0 46.0 311.0 612.0 23.0 612.0 671.0 178.0 671.0 598.0 116.0 598.0 
1 5 0.71 0.71 311.0 46.0 311.0 612.0 23.0 612.0 671.0 178.0 671.0 598.0 116.0 598.0 836.0 62.0 836.0 
1 2 0.53 0.53 838.0 279.0 838.0 786.0 161.0 786.0 
1 2 0.39 0.39 551.0 38.0 551.0 456.0 148.0 456.0 
1 2 0.66 0.66 319.0 15.0 319.0 362.0 225.0 362.0 
1 2 0.87 0.87 988.0 833.0 988.0 268.0 9.0 268.0 
1 2 0.93 0.93 584.0 290.0 584.0 139.0 61.0 139.0 
1 2 0.18 0.18 723.0 98.0 723.0 335.0 18.0 335.0 
1 3 0.28 0.28 723.0 98.0 723.0 335.0 18.0 335.0 500.0 48.0 500.0 
1 4 0.52 0.52 723.0 98.0 723.0 335.0 18.0 335.0 500.0 48.0 500.0 440.0 106.0 440.0 
1 5 0.59 0.59 723.0 98.0 723.0 335.0 18.0 335.0 500.0 48.0 500.0 440.0 106.0 440.0 655.0 43.0 655.0 
1 6 0.62 0.62 723.0 98.0 723.0 335.0 18.0 335.0 500.0 48.0 500.0 440.0 106.0 440.0 655.0 43.0 655.0 989.0 32.0 989.0 
1 7 0.97 0.97 723.0 98.0 723.0 335.0 18.0 335.0 500.0 48.0 500.0 440.0 106.0 440.0 655.0 43.0 655.0 989.0 32.0 989.0 276.0 98.0 276.0 
1 2 0.41 0.41 545.0 13.0 545.0 418.0 165.0 418.0 
1 2 0.8 0.8 398.0 207.0 398.0 559.0 158.0 559.0 
1 2 0.78 0.78 401.0 139.0 401.0 497.0 220.0 497.0 
1 2 0.56 0.56 523.0 234.0 523.0 428.0 51.0 428.0 
1 2 0.83 0.83 290.0 186.0 290.0 103.0 20.0 103.0 
1 2 0.88 0.88 747.0 513.0 747.0 574.0 116.0 574.0 
1 2 0.58 0.58 829.0 20.0 829.0 140.0 78.0 140.0 
1 3 0.69 0.69 829.0 20.0 829.0 140.0 78.0 140.0 614.0 67.0 614.0 
1 2 0.89 0.89 941.0 562.0 941.0 108.0 32.0 108.0 
1 3 0.92 0.92 941.0 562.0 941.0 108.0 32.0 108.0 610.0 18.0 610.0 
1 2 0.55 0.55 737.0 301.0 737.0 716.0 106.0 716.0 
1 3 0.81 0.81 737.0 301.0 737.0 716.0 106.0 716.0 653.0 169.0 653.0 
1 2 0.35 0.35 776.0 167.0 776.0 879.0 122.0 879.0 
1 2 0.8 0.8 378.0 269.0 378.0 971.0 89.0 971.0 
1 2 0.86 0.86 264.0 85.0 264.0 409.0 222.0 409.0 
1 2 0.49 0.49 61.0 3.0 61.0 593.0 267.0 593.0 
1 3 0.57 0.57 61.0 3.0 61.0 593.0 267.0 593.0 438.0 34.0 438.0 
1 2 0.81 0.81 65.0 13.0 65.0 840.0 514.0 840.0 
1 3 0.88 0.88 65.0 13.0 65.0 840.0 514.0 840.0 42.0 3.0 42.0 
1 4 0.94 0.94 65.0 13.0 65.0 840.0 514.0 840.0 42.0 3.0 42.0 490.0 29.0 490.0 
1 2 0.82 0.82 593.0 376.0 593.0 120.0 23.0 120.0 
1 3 0.92 0.92 593.0 376.0 593.0 120.0 23.0 120.0 216.0 22.0 216.0 
1 2 0.08 0.08 934.0 17.0 934.0 290.0 18.0 290.0 
1 3 0.67 0.67 934.0 17.0 934.0 290.0 18.0 290.0 897.0 532.0 897.0 
1 2 0.44 0.44 539.0 87.0 539.0 822.0 232.0 822.0 
1 3 0.57 0.57 539.0 87.0 539.0 822.0 232.0 822.0 331.0 45.0 331.0 
1 2 0.83 0.83 464.0 177.0 464.0 182.0 83.0 182.0 
1 2 0.53 0.53 602.0 225.0 602.0 772.0 127.0 772.0 
1 3 0.78 0.78 602.0 225.0 602.0 772.0 127.0 772.0 447.0 112.0 447.0 
1 2 0.81 0.81 361.0 89.0 361.0 800.0 452.0 800.0 
1 2 0.14 0.14 456.0 3.0 456.0 251.0 35.0 251.0 
1 3 0.88 0.88 456.0 3.0 456.0 251.0 35.0 251.0 241.0 177.0 241.0 
1 2 0.39 0.39 460.0 92.0 460.0 846.0 168.0 846.0 
1 3 0.44 0.44 460.0 92.0 460.0 846.0 168.0 846.0 169.0 8.0 169.0 
1 4 0.56 0.56 460.0 92.0 460.0 846.0 168.0 846.0 169.0 8.0 169.0 235.0 27.0 235.0 
1 2 0.68 0.68 778.0 65.0 778.0 719.0 436.0 719.0 
1 2 0.44 0.44 214.0 22.0 214.0 641.0 217.0 641.0 
1 3 0.48 0.48 214.0 22.0 214.0 641.0 217.0 641.0 797.0 34.0 797.0 
1 2 0.37 0.37 11.0 1.0 11.0 194.0 56.0 194.0 
1 3 0.51 0.51 11.0 1.0 11.0 194.0 56.0 194.0 1000.0 131.0 1000.0 
1 4 0.97 0.97 11.0 1.0 11.0 194.0 56.0 194.0 1000.0 131.0 1000.0 442.0 204.0 442.0 
1 2 0.72 0.72 433.0 309.0 433.0 899.0 14.0 899.0 
1 2 0.84 0.84 939.0 727.0 939.0 776.0 52.0 776.0 
1 2 0.35 0.35 376.0 115.0 376.0 650.0 35.0 650.0 
1 3 0.49 0.49 376.0 115.0 376.0 650.0 35.0 650.0 770.0 104.0 770.0 
1 4 0.59 0.59 376.0 115.0 376.0 650.0 35.0 650.0 770.0 104.0 770.0 358.0 37.0 358.0 
1 5 0.93 0.93 376.0 115.0 376.0 650.0 35.0 650.0 770.0 104.0 770.0 358.0 37.0 358.0 743.0 249.0 743.0 
1 2 0.1 0.1 575.0 54.0 575.0 413.0 5.0 413.0 
1 3 0.28 0.28 575.0 54.0 575.0 413.0 5.0 413.0 287.0 50.0 287.0 
1 2 0.74 0.74 644.0 118.0 644.0 372.0 209.0 372.0 
1 2 0.67 0.67 692.0 382.0 692.0 699.0 87.0 699.0 
1 3 0.94 0.94 692.0 382.0 692.0 699.0 87.0 699.0 110.0 30.0 110.0 
1 2 0.79 0.79 492.0 304.0 492.0 298.0 52.0 298.0 
1 3 0.86 0.86 492.0 304.0 492.0 298.0 52.0 298.0 126.0 9.0 126.0 
1 2 0.85 0.85 149.0 121.0 149.0 143.0 6.0 143.0 
1 2 0.77 0.77 714.0 550.0 714.0 611.0 3.0 611.0 
1 2 0.47 0.47 661.0 185.0 661.0 338.0 66.0 338.0 
1 3 0.63 0.63 661.0 185.0 661.0 338.0 66.0 338.0 901.0 140.0 901.0 
1 4 0.75 0.75 661.0 185.0 661.0 338.0 66.0 338.0 901.0 140.0 901.0 374.0 48.0 374.0 
1 2 0.91 0.91 589.0 153.0 589.0 175.0 115.0 175.0 
1 2 0.47 0.47 575.0 195.0 575.0 143.0 19.0 143.0 
1 3 0.9 0.9 575.0 195.0 575.0 143.0 19.0 143.0 979.0 426.0 979.0 
1 2 0.48 0.48 385.0 123.0 385.0 573.0 93.0 573.0 
1 3 0.58 0.58 385.0 123.0 385.0 573.0 93.0 573.0 859.0 87.0 859.0 
1 2 0.58 0.58 706.0 230.0 706.0 920.0 236.0 920.0 
1 3 0.72 0.72 706.0 230.0 706.0 920.0 236.0 920.0 844.0 121.0 844.0 
1 2 0.3 0.3 675.0 37.0 675.0 72.0 18.0 72.0 
1 3 0.9 0.9 675.0 37.0 675.0 72.0 18.0 72.0 802.0 478.0 802.0 
1 2 0.98 0.98 125.0 81.0 125.0 346.0 117.0 346.0 
1 2 0.6 0.6 538.0 302.0 538.0 370.0 18.0 370.0 
1 3 0.79 0.79 538.0 302.0 538.0 370.0 18.0 370.0 407.0 77.0 407.0 
1 2 0.44 0.44 308.0 27.0 308.0 281.0 101.0 281.0 
1 2 0.75 0.75 914.0 377.0 914.0 774.0 264.0 774.0 
1 2 0.61 0.61 390.0 76.0 390.0 936.0 397.0 936.0 
1 2 0.93 0.93 825.0 244.0 825.0 830.0 527.0 830.0 
1 2 0.92 0.92 203.0 8.0 203.0 284.0 251.0 284.0 
1 2 0.88 0.88 995.0 806.0 995.0 470.0 34.0 470.0 
1 2 0.39 0.39 320.0 121.0 320.0 709.0 10.0 709.0 
1 3 0.72 0.72 320.0 121.0 320.0 709.0 10.0 709.0 986.0 331.0 986.0 
1 2 0.59 0.59 934.0 389.0 934.0 633.0 113.0 633.0 
1 2 0.92 0.92 303.0 114.0 303.0 912.0 505.0 912.0 
1 2 0.99 0.99 352.0 319.0 352.0 901.0 78.0 901.0 
1 2 0.49 0.49 345.0 119.0 345.0 356.0 53.0 356.0 
1 2 0.41 0.41 989.0 361.0 989.0 220.0 12.0 220.0 
1 3 0.87 0.87 989.0 361.0 989.0 220.0 12.0 220.0 11.0 5.0 11.0 
1 2 0.72 0.72 860.0 510.0 860.0 70.0 9.0 70.0 
1 2 0.59 0.59 790.0 49.0 790.0 405.0 216.0 405.0 
1 2 0.86 0.86 128.0 48.0 128.0 596.0 293.0 596.0 
1 2 0.59 0.59 89.0 21.0 89.0 610.0 216.0 610.0 
1 3 0.75 0.75 89.0 21.0 89.0 610.0 216.0 610.0 87.0 14.0 87.0 
1 2 0.5 0.5 427.0 85.0 427.0 971.0 296.0 971.0 
1 3 0.78 0.78 427.0 85.0 427.0 971.0 296.0 971.0 494.0 140.0 494.0 
1 2 0.99 0.99 155.0 59.0 155.0 634.0 392.0 634.0 
1 2 0.78 0.78 370.0 268.0 370.0 163.0 10.0 163.0 
1 3 0.87 0.87 370.0 268.0 370.0 163.0 10.0 163.0 723.0 63.0 723.0 
1 2 0.39 0.39 921.0 128.0 921.0 754.0 196.0 754.0 
1 3 0.79 0.79 921.0 128.0 921.0 754.0 196.0 754.0 251.0 100.0 251.0 
1 2 0.63 0.63 206.0 123.0 206.0 752.0 28.0 752.0 
1 2 0.85 0.85 583.0 438.0 583.0 413.0 42.0 413.0 
1 2 0.3 0.3 520.0 50.0 520.0 564.0 118.0 564.0 
1 3 0.63 0.63 520.0 50.0 520.0 564.0 118.0 564.0 307.0 101.0 307.0 
1 4 0.82 0.82 520.0 50.0 520.0 564.0 118.0 564.0 307.0 101.0 307.0 987.0 184.0 987.0 
1 2 0.39 0.39 148.0 40.0 148.0 737.0 92.0 737.0 
1 3 0.93 0.93 148.0 40.0 148.0 737.0 92.0 737.0 371.0 200.0 371.0 
1 2 0.44 0.44 93.0 10.0 93.0 986.0 331.0 986.0 
1 2 0.97 0.97 926.0 508.0 926.0 889.0 376.0 889.0 
1 2 0.76 0.76 715.0 117.0 715.0 947.0 572.0 947.0 
1 2 0.48 0.48 827.0 255.0 827.0 192.0 33.0 192.0 
1 2 0.77 0.77 600.0 150.0 600.0 689.0 363.0 689.0 
1 2 0.71 0.71 656.0 162.0 656.0 70.0 33.0 70.0 
1 3 0.99 0.99 656.0 162.0 656.0 70.0 33.0 70.0 972.0 266.0 972.0 
1 2 0.77 0.77 414.0 233.0 414.0 538.0 114.0 538.0 
1 2 0.35 0.35 997.0 175.0 997.0 416.0 75.0 416.0 
1 3 0.38 0.38 997.0 175.0 997.0 416.0 75.0 416.0 889.0 23.0 889.0 
1 2 0.84 0.84 748.0 163.0 748.0 32.0 20.0 32.0 
1 2 0.88 0.88 950.0 100.0 950.0 941.0 732.0 941.0 
1 2 0.88 0.88 43.0 26.0 43.0 203.0 56.0 203.0 
1 2 0.95 0.95 334.0 151.0 334.0 4.0 2.0 4.0 
1 2 0.52 0.52 933.0 219.0 933.0 360.0 106.0 360.0 
1 3 0.57 0.57 933.0 219.0 933.0 360.0 106.0 360.0 489.0 24.0 489.0 
1 4 0.97 0.97 933.0 219.0 933.0 360.0 106.0 360.0 489.0 24.0 489.0 644.0 258.0 644.0 
1 2 0.25 0.25 332.0 4.0 332.0 870.0 215.0 870.0 
1 2 0.86 0.86 780.0 448.0 780.0 703.0 207.0 703.0 
1 3 0.91 0.91 780.0 448.0 780.0 703.0 207.0 703.0 157.0 7.0 157.0 
1 2 0.86 0.86 947.0 156.0 947.0 530.0 372.0 530.0 
1 2 0.32 0.32 505.0 111.0 505.0 122.0 13.0 122.0 
1 3 0.45 0.45 505.0 111.0 505.0 122.0 13.0 122.0 351.0 46.0 351.0 
1 2 0.7 0.7 459.0 93.0 459.0 8.0 4.0 8.0 
1 2 0.78 0.78 29.0 12.0 29.0 376.0 141.0 376.0 
1 2 0.43 0.43 651.0 9.0 651.0 643.0 270.0 643.0 
1 3 0.53 0.53 651.0 9.0 651.0 643.0 270.0 643.0 930.0 98.0 930.0 
1 4 0.83 0.83 651.0 9.0 651.0 643.0 270.0 643.0 930.0 98.0 930.0 803.0 237.0 803.0 
1 2 0.26 0.26 455.0 74.0 455.0 120.0 12.0 120.0 
1 2 0.06 0.06 580.0 9.0 580.0 908.0 44.0 908.0 
1 3 0.91 0.91 580.0 9.0 580.0 908.0 44.0 908.0 660.0 562.0 660.0 
1 2 0.84 0.84 430.0 288.0 430.0 611.0 108.0 611.0 
1 2 0.91 0.91 203.0 57.0 203.0 609.0 386.0 609.0 
1 2 0.52 0.52 12.0 6.0 12.0 142.0 3.0 142.0 
1 3 0.78 0.78 12.0 6.0 12.0 142.0 3.0 142.0 545.0 146.0 545.0 
1 2 0.86 0.86 797.0 309.0 797.0 472.0 224.0 472.0 
1 2 0.99 0.99 356.0 236.0 356.0 710.0 236.0 710.0 
1 2 0.62 0.62 247.0 40.0 247.0 197.0 91.0 197.0 
1 3 0.87 0.87 247.0 40.0 247.0 197.0 91.0 197.0 677.0 168.0 677.0 
1 2 0.52 0.52 208.0 41.0 208.0 965.0 319.0 965.0 
1 3 0.81 0.81 208.0 41.0 208.0 965.0 319.0 965.0 675.0 197.0 675.0 
1 2 0.58 0.58 861.0 202.0 861.0 796.0 279.0 796.0 
1 2 0.75 0.75 467.0 170.0 467.0 595.0 231.0 595.0 
1 3 0.97 0.97 467.0 170.0 467.0 595.0 231.0 595.0 736.0 166.0 736.0 
1 2 0.96 0.96 260.0 66.0 260.0 682.0 485.0 682.0 
1 2 0.52 0.52 748.0 99.0 748.0 145.0 57.0 145.0 
1 3 0.77 0.77 748.0 99.0 748.0 145.0 57.0 145.0 411.0 102.0 411.0 
1 2 0.23 0.23 470.0 63.0 470.0 863.0 85.0 863.0 
1 3 0.81 0.81 470.0 63.0 470.0 863.0 85.0 863.0 732.0 428.0 732.0 
1 4 0.92 0.92 470.0 63.0 470.0 863.0 85.0 863.0 732.0 428.0 732.0 429.0 46.0 429.0 
1 2 0.5 0.5 687.0 313.0 687.0 636.0 29.0 636.0 
1 3 0.56 0.56 687.0 313.0 687.0 636.0 29.0 636.0 581.0 39.0 581.0 
1 2 0.89 0.89 389.0 227.0 389.0 123.0 38.0 123.0 
1 2 0.46 0.46 255.0 81.0 255.0 638.0 94.0 638.0 
1 2 0.15 0.15 302.0 43.0 302.0 604.0 10.0 604.0 
1 3 0.63 0.63 302.0 43.0 302.0 604.0 10.0 604.0 301.0 143.0 301.0 
1 2 0.44 0.44 298.0 86.0 298.0 198.0 30.0 198.0 
1 3 0.59 0.59 298.0 86.0 298.0 198.0 30.0 198.0 277.0 42.0 277.0 
1 4 0.73 0.73 298.0 86.0 298.0 198.0 30.0 198.0 277.0 42.0 277.0 886.0 123.0 886.0 
1 2 0.24 0.24 772.0 129.0 772.0 655.0 48.0 655.0 
1 3 0.86 0.86 772.0 129.0 772.0 655.0 48.0 655.0 143.0 89.0 143.0 
1 2 0.8 0.8 500.0 351.0 500.0 734.0 73.0 734.0 
1 2 0.35 0.35 640.0 132.0 640.0 764.0 116.0 764.0 
1 3 0.64 0.64 640.0 132.0 640.0 764.0 116.0 764.0 300.0 85.0 300.0 
1 4 0.89 0.89 640.0 132.0 640.0 764.0 116.0 764.0 300.0 85.0 300.0 533.0 134.0 533.0 
1 5 0.96 0.96 640.0 132.0 640.0 764.0 116.0 764.0 300.0 85.0 300.0 533.0 134.0 533.0 325.0 22.0 325.0 
1 2 0.93 0.93 318.0 96.0 318.0 966.0 607.0 966.0 
1 2 0.85 0.85 272.0 45.0 272.0 812.0 557.0 812.0 
1 3 0.98 0.98 272.0 45.0 272.0 812.0 557.0 812.0 594.0 81.0 594.0 
1 2 0.75 0.75 904.0 279.0 904.0 29.0 13.0 29.0 
1 3 0.88 0.88 904.0 279.0 904.0 29.0 13.0 29.0 204.0 27.0 204.0 
1 4 0.97 0.97 904.0 279.0 904.0 29.0 13.0 29.0 204.0 27.0 204.0 425.0 38.0 425.0 
1 2 0.79 0.79 314.0 161.0 314.0 272.0 77.0 272.0 
1 2 0.79 0.79 649.0 421.0 649.0 942.0 142.0 942.0 
1 2 0.22 0.22 571.0 86.0 571.0 786.0 60.0 786.0 
1 3 0.75 0.75 571.0 86.0 571.0 786.0 60.0 786.0 865.0 459.0 865.0 
1 2 0.64 0.64 961.0 279.0 961.0 702.0 248.0 702.0 
1 3 0.79 0.79 961.0 279.0 961.0 702.0 248.0 702.0 593.0 88.0 593.0 
1 4 0.8 0.8 961.0 279.0 961.0 702.0 248.0 702.0 593.0 88.0 593.0 445.0 8.0 445.0 
1 5 0.87 0.87 961.0 279.0 961.0 702.0 248.0 702.0 593.0 88.0 593.0 445.0 8.0 445.0 44.0 3.0 44.0 
1 2 0.92 0.92 794.0 114.0 794.0 815.0 637.0 815.0 
1 3 0.96 0.96 794.0 114.0 794.0 815.0 637.0 815.0 983.0 44.0 983.0 
1 2 0.96 0.96 104.0 15.0 104.0 867.0 713.0 867.0 
1 2 0.48 0.48 1000.0 178.0 1000.0 983.0 301.0 983.0 
1 3 0.61 0.61 1000.0 178.0 1000.0 983.0 301.0 983.0 892.0 118.0 892.0 
1 2 0.77 0.77 958.0 510.0 958.0 794.0 194.0 794.0 
1 2 0.6 0.6 827.0 369.0 827.0 122.0 19.0 122.0 
1 2 0.41 0.41 348.0 76.0 348.0 947.0 185.0 947.0 
1 3 0.55 0.55 348.0 76.0 348.0 947.0 185.0 947.0 7.0 1.0 7.0 
1 4 0.58 0.58 348.0 76.0 348.0 947.0 185.0 947.0 7.0 1.0 7.0 984.0 31.0 984.0 
1 2 0.64 0.64 293.0 156.0 293.0 338.0 39.0 338.0 
1 2 0.54 0.54 507.0 99.0 507.0 752.0 263.0 752.0 
1 2 0.12 0.12 211.0 5.0 211.0 715.0 73.0 715.0 
1 3 0.29 0.29 211.0 5.0 211.0 715.0 73.0 715.0 714.0 124.0 714.0 
1 4 0.83 0.83 211.0 5.0 211.0 715.0 73.0 715.0 714.0 124.0 714.0 728.0 389.0 728.0 
1 2 0.16 0.16 376.0 20.0 376.0 218.0 25.0 218.0 
1 3 0.73 0.73 376.0 20.0 376.0 218.0 25.0 218.0 53.0 30.0 53.0 
1 2 0.6 0.6 286.0 141.0 286.0 588.0 63.0 588.0 
1 3 0.94 0.94 286.0 141.0 286.0 588.0 63.0 588.0 610.0 208.0 610.0 
1 2 0.22 0.22 187.0 40.0 187.0 558.0 5.0 558.0 
1 2 0.92 0.92 70.0 41.0 70.0 174.0 59.0 174.0 
1 2 0.31 0.31 468.0 122.0 468.0 389.0 22.0 389.0 
1 3 0.64 0.64 468.0 122.0 468.0 389.0 22.0 389.0 824.0 274.0 824.0 
1 4 0.89 0.89 468.0 122.0 468.0 389.0 22.0 389.0 824.0 274.0 824.0 889.0 216.0 889.0 
1 2 0.47 0.47 869.0 291.0 869.0 890.0 125.0 890.0 
1 3 0.84 0.84 869.0 291.0 869.0 890.0 125.0 890.0 468.0 173.0 468.0 
1 2 0.16 0.16 122.0 15.0 122.0 675.0 28.0 675.0 
1 3 0.35 0.35 122.0 15.0 122.0 675.0 28.0 675.0 580.0 109.0 580.0 
1 4 0.93 0.93 122.0 15.0 122.0 675.0 28.0 675.0 580.0 109.0 580.0 563.0 328.0 563.0 
1 2 0.4 0.4 79.0 20.0 79.0 109.0 17.0 109.0 
1 2 0.15 0.15 829.0 106.0 829.0 809.0 18.0 809.0 
1 3 0.33 0.33 829.0 106.0 829.0 809.0 18.0 809.0 973.0 179.0 973.0 
1 2 0.42 0.42 350.0 140.0 350.0 210.0 6.0 210.0 
1 3 0.46 0.46 350.0 140.0 350.0 210.0 6.0 210.0 29.0 1.0 29.0 
1 4 0.9 0.9 350.0 140.0 350.0 210.0 6.0 210.0 29.0 1.0 29.0 183.0 80.0 183.0 
1 2 0.9 0.9 27.0 6.0 27.0 306.0 208.0 306.0 
1 2 0.69 0.69 675.0 227.0 675.0 684.0 246.0 684.0 
1 2 0.97 0.97 222.0 84.0 222.0 240.0 143.0 240.0 
1 2 0.35 0.35 142.0 14.0 142.0 664.0 173.0 664.0 
1 3 0.62 0.62 142.0 14.0 142.0 664.0 173.0 664.0 985.0 259.0 985.0 
1 4 0.78 0.78 142.0 14.0 142.0 664.0 173.0 664.0 985.0 259.0 985.0 546.0 87.0 546.0 
1 2 0.07 0.07 633.0 35.0 633.0 388.0 8.0 388.0 
1 3 0.53 0.53 633.0 35.0 633.0 388.0 8.0 388.0 645.0 295.0 645.0 
1 4 0.88 0.88 633.0 35.0 633.0 388.0 8.0 388.0 645.0 295.0 645.0 546.0 192.0 546.0 
1 2 0.22 0.22 228.0 46.0 228.0 949.0 18.0 949.0 
1 3 0.75 0.75 228.0 46.0 228.0 949.0 18.0 949.0 705.0 376.0 705.0 
1 2 0.42 0.42 982.0 113.0 982.0 311.0 95.0 311.0 
1 3 0.81 0.81 982.0 113.0 982.0 311.0 95.0 311.0 189.0 74.0 189.0 
1 4 0.9 0.9 982.0 113.0 982.0 311.0 95.0 311.0 189.0 74.0 189.0 873.0 85.0 873.0 
1 5 0.95 0.95 982.0 113.0 982.0 311.0 95.0 311.0 189.0 74.0 189.0 873.0 85.0 873.0 756.0 34.0 756.0 
1 2 0.4 0.4 667.0 213.0 667.0 543.0 48.0 543.0 
1 3 0.56 0.56 667.0 213.0 667.0 543.0 48.0 543.0 500.0 80.0 500.0 
1 4 0.85 0.85 667.0 213.0 667.0 543.0 48.0 543.0 500.0 80.0 500.0 113.0 32.0 113.0 
1 2 0.7 0.7 841.0 27.0 841.0 603.0 405.0 603.0 
1 2 0.86 0.86 813.0 44.0 813.0 440.0 356.0 440.0 
1 2 0.18 0.18 385.0 46.0 385.0 696.0 44.0 696.0 
1 3 0.61 0.61 385.0 46.0 385.0 696.0 44.0 696.0 225.0 98.0 225.0 
1 4 0.7 0.7 385.0 46.0 385.0 696.0 44.0 696.0 225.0 98.0 225.0 121.0 10.0 121.0 
1 2 0.35 0.35 490.0 136.0 490.0 533.0 43.0 533.0 
1 3 0.63 0.63 490.0 136.0 490.0 533.0 43.0 533.0 293.0 80.0 293.0 
1 4 0.82 0.82 490.0 136.0 490.0 533.0 43.0 533.0 293.0 80.0 293.0 922.0 179.0 922.0 
1 5 0.98 0.98 490.0 136.0 490.0 533.0 43.0 533.0 293.0 80.0 293.0 922.0 179.0 922.0 341.0 55.0 341.0 
1 2 0.11 0.11 278.0 16.0 278.0 841.0 49.0 841.0 
1 3 0.14 0.14 278.0 16.0 278.0 841.0 49.0 841.0 584.0 15.0 584.0 
1 4 0.49 0.49 278.0 16.0 278.0 841.0 49.0 841.0 584.0 15.0 584.0 859.0 305.0 859.0 
1 2 0.37 0.37 118.0 29.0 118.0 8.0 1.0 8.0 
1 3 0.43 0.43 118.0 29.0 118.0 8.0 1.0 8.0 942.0 60.0 942.0 
1 4 0.63 0.63 118.0 29.0 118.0 8.0 1.0 8.0 942.0 60.0 942.0 598.0 120.0 598.0 
1 2 0.39 0.39 244.0 63.0 244.0 163.0 23.0 163.0 
1 2 0.68 0.68 735.0 90.0 735.0 438.0 248.0 438.0 
1 2 0.77 0.77 306.0 140.0 306.0 284.0 89.0 284.0 
1 2 0.84 0.84 862.0 123.0 862.0 718.0 501.0 718.0 
1 2 0.92 0.92 188.0 101.0 188.0 400.0 157.0 400.0 
1 2 0.83 0.83 240.0 165.0 240.0 551.0 79.0 551.0 
1 2 0.34 0.34 972.0 289.0 972.0 970.0 44.0 970.0 
1 3 0.43 0.43 972.0 289.0 972.0 970.0 44.0 970.0 160.0 15.0 160.0 
1 4 0.63 0.63 972.0 289.0 972.0 970.0 44.0 970.0 160.0 15.0 160.0 357.0 72.0 357.0 
1 5 0.85 0.85 972.0 289.0 972.0 970.0 44.0 970.0 160.0 15.0 160.0 357.0 72.0 357.0 374.0 82.0 374.0 
1 2 0.52 0.52 157.0 27.0 157.0 933.0 326.0 933.0 
1 3 0.69 0.69 157.0 27.0 157.0 933.0 326.0 933.0 123.0 21.0 123.0 
1 2 0.53 0.53 678.0 150.0 678.0 140.0 44.0 140.0 
1 3 0.79 0.79 678.0 150.0 678.0 140.0 44.0 140.0 897.0 237.0 897.0 
1 4 0.81 0.81 678.0 150.0 678.0 140.0 44.0 140.0 897.0 237.0 897.0 810.0 11.0 810.0 
1 5 0.92 0.92 678.0 150.0 678.0 140.0 44.0 140.0 897.0 237.0 897.0 810.0 11.0 810.0 958.0 104.0 958.0 
1 2 0.25 0.25 465.0 57.0 465.0 986.0 130.0 986.0 
1 2 0.38 0.38 661.0 78.0 661.0 411.0 109.0 411.0 
1 3 0.41 0.41 661.0 78.0 661.0 411.0 109.0 411.0 847.0 30.0 847.0 
1 2 0.48 0.48 671.0 10.0 671.0 549.0 260.0 549.0 
1 3 0.61 0.61 671.0 10.0 671.0 549.0 260.0 549.0 358.0 44.0 358.0 
1 2 0.67 0.67 804.0 527.0 804.0 950.0 19.0 950.0 
1 2 0.49 0.49 673.0 142.0 673.0 898.0 256.0 898.0 
1 3 0.59 0.59 673.0 142.0 673.0 898.0 256.0 898.0 10.0 1.0 10.0 
1 2 0.61 0.61 235.0 96.0 235.0 29.0 6.0 29.0 
1 2 0.45 0.45 560.0 118.0 560.0 940.0 225.0 940.0 
1 2 0.4 0.4 181.0 1.0 181.0 876.0 353.0 876.0 
1 2 0.74 0.74 729.0 139.0 729.0 755.0 418.0 755.0 
1 2 0.78 0.78 697.0 185.0 697.0 482.0 250.0 482.0 
1 2 0.54 0.54 476.0 3.0 476.0 948.0 515.0 948.0 
1 3 0.64 0.64 476.0 3.0 476.0 948.0 515.0 948.0 879.0 80.0 879.0 
1 2 0.82 0.82 718.0 303.0 718.0 333.0 134.0 333.0 
1 2 0.4 0.4 916.0 144.0 916.0 52.0 13.0 52.0 
1 2 0.96 0.96 262.0 199.0 262.0 347.0 70.0 347.0 
1 2 0.47 0.47 555.0 108.0 555.0 656.0 181.0 656.0 
1 3 0.72 0.72 555.0 108.0 555.0 656.0 181.0 656.0 480.0 121.0 480.0 
1 2 0.8 0.8 895.0 708.0 895.0 331.0 5.0 331.0 
1 3 0.86 0.86 895.0 708.0 895.0 331.0 5.0 331.0 532.0 33.0 532.0 
1 2 0.6 0.6 59.0 25.0 59.0 55.0 10.0 55.0 
1 2 0.88 0.88 236.0 114.0 236.0 907.0 369.0 907.0 
1 2 0.95 0.95 184.0 134.0 184.0 612.0 139.0 612.0 
1 2 0.46 0.46 531.0 219.0 531.0 788.0 39.0 788.0 
1 3 0.83 0.83 531.0 219.0 531.0 788.0 39.0 788.0 390.0 145.0 390.0 
1 4 0.94 0.94 531.0 219.0 531.0 788.0 39.0 788.0 390.0 145.0 390.0 47.0 5.0 47.0 
1 5 0.95 0.95 531.0 219.0 531.0 788.0 39.0 788.0 390.0 145.0 390.0 47.0 5.0 47.0 212.0 4.0 212.0 
1 2 0.42 0.42 361.0 25.0 361.0 155.0 55.0 155.0 
1 3 0.53 0.53 361.0 25.0 361.0 155.0 55.0 155.0 572.0 65.0 572.0 
1 2 0.94 0.94 322.0 292.0 322.0 209.0 8.0 209.0 
1 2 0.25 0.25 760.0 166.0 760.0 584.0 22.0 584.0 
1 3 0.26 0.26 760.0 166.0 760.0 584.0 22.0 584.0 782.0 4.0 782.0 
1 4 0.5 0.5 760.0 166.0 760.0 584.0 22.0 584.0 782.0 4.0 782.0 679.0 163.0 679.0 
1 2 0.88 0.88 146.0 127.0 146.0 252.0 4.0 252.0 
1 2 0.32 0.32 203.0 19.0 203.0 527.0 122.0 527.0 
1 3 0.44 0.44 203.0 19.0 203.0 527.0 122.0 527.0 344.0 40.0 344.0 
1 4 0.59 0.59 203.0 19.0 203.0 527.0 122.0 527.0 344.0 40.0 344.0 800.0 121.0 800.0 
1 2 0.93 0.93 512.0 468.0 512.0 437.0 11.0 437.0 
1 2 0.78 0.78 515.0 63.0 515.0 287.0 189.0 287.0 
1 2 0.6 0.6 833.0 270.0 833.0 958.0 266.0 958.0 
1 2 0.94 0.94 827.0 320.0 827.0 983.0 547.0 983.0 
1 2 0.42 0.42 513.0 119.0 513.0 340.0 65.0 340.0 
1 3 0.46 0.46 513.0 119.0 513.0 340.0 65.0 340.0 48.0 2.0 48.0 
1 4 0.75 0.75 513.0 119.0 513.0 340.0 65.0 340.0 48.0 2.0 48.0 654.0 187.0 654.0 
1 5 0.86 0.86 513.0 119.0 513.0 340.0 65.0 340.0 48.0 2.0 48.0 654.0 187.0 654.0 42.0 5.0 42.0 
1 2 0.94 0.94 288.0 28.0 288.0 334.0 283.0 334.0 
1 2 0.68 0.68 107.0 50.0 107.0 559.0 124.0 559.0 
1 2 0.87 0.87 55.0 29.0 55.0 151.0 52.0 151.0 
1 2 0.49 0.49 567.0 20.0 567.0 557.0 254.0 557.0 
1 2 0.73 0.73 469.0 335.0 469.0 675.0 14.0 675.0 
1 3 0.84 0.84 469.0 335.0 469.0 675.0 14.0 675.0 331.0 35.0 331.0 
1 2 0.47 0.47 610.0 23.0 610.0 214.0 93.0 214.0 
1 2 0.94 0.94 646.0 548.0 646.0 333.0 32.0 333.0 
1 2 0.35 0.35 48.0 12.0 48.0 636.0 64.0 636.0 
1 2 0.68 0.68 227.0 43.0 227.0 648.0 322.0 648.0 
1 2 0.26 0.26 272.0 1.0 272.0 183.0 48.0 183.0 
1 2 0.81 0.81 828.0 325.0 828.0 481.0 205.0 481.0 
1 2 0.9 0.9 578.0 19.0 578.0 135.0 118.0 135.0 
1 3 0.95 0.95 578.0 19.0 578.0 135.0 118.0 135.0 741.0 37.0 741.0 
1 2 0.86 0.86 596.0 433.0 596.0 640.0 89.0 640.0 
1 3 0.93 0.93 596.0 433.0 596.0 640.0 89.0 640.0 786.0 51.0 786.0 
1 2 0.83 0.83 768.0 472.0 768.0 594.0 130.0 594.0 
1 2 0.99 0.99 68.0 1.0 68.0 283.0 277.0 283.0 
1 2 0.33 0.33 878.0 3.0 878.0 791.0 259.0 791.0 
1 3 0.89 0.89 878.0 3.0 878.0 791.0 259.0 791.0 703.0 400.0 703.0 
1 2 0.51 0.51 927.0 181.0 927.0 368.0 117.0 368.0 
1 2 0.3 0.3 465.0 134.0 465.0 378.0 7.0 378.0 
1 3 0.78 0.78 465.0 134.0 465.0 378.0 7.0 378.0 76.0 36.0 76.0 
1 2 0.37 0.37 283.0 82.0 283.0 648.0 56.0 648.0 
1 2 0.15 0.15 624.0 16.0 624.0 283.0 36.0 283.0 
1 3 0.22 0.22 624.0 16.0 624.0 283.0 36.0 283.0 274.0 19.0 274.0 
1 4 0.47 0.47 624.0 16.0 624.0 283.0 36.0 283.0 274.0 19.0 274.0 375.0 95.0 375.0 
1 2 0.45 0.45 240.0 21.0 240.0 339.0 123.0 339.0 
1 3 0.91 0.91 240.0 21.0 240.0 339.0 123.0 339.0 428.0 201.0 428.0 
1 2 0.42 0.42 113.0 31.0 113.0 363.0 56.0 363.0 
1 3 0.67 0.67 113.0 31.0 113.0 363.0 56.0 363.0 365.0 91.0 365.0 
1 2 0.34 0.34 471.0 54.0 471.0 705.0 162.0 705.0 
1 3 0.51 0.51 471.0 54.0 471.0 705.0 162.0 705.0 336.0 58.0 336.0 
1 4 0.6 0.6 471.0 54.0 471.0 705.0 162.0 705.0 336.0 58.0 336.0 58.0 5.0 58.0 
1 5 0.96 0.96 471.0 54.0 471.0 705.0 162.0 705.0 336.0 58.0 336.0 58.0 5.0 58.0 893.0 326.0 893.0 
1 2 0.9 0.9 738.0 301.0 738.0 132.0 65.0 132.0 
1 3 0.93 0.93 738.0 301.0 738.0 132.0 65.0 132.0 495.0 15.0 495.0 
1 2 0.58 0.58 904.0 240.0 904.0 219.0 69.0 219.0 
1 3 0.95 0.95 904.0 240.0 904.0 219.0 69.0 219.0 124.0 46.0 124.0 
1 2 0.83 0.83 553.0 96.0 553.0 131.0 86.0 131.0 
1 2 0.55 0.55 403.0 208.0 403.0 338.0 14.0 338.0 
1 3 0.67 0.67 403.0 208.0 403.0 338.0 14.0 338.0 892.0 102.0 892.0 
1 2 0.73 0.73 506.0 214.0 506.0 226.0 71.0 226.0 
1 2 0.7 0.7 887.0 348.0 887.0 104.0 33.0 104.0 
1 3 0.82 0.82 887.0 348.0 887.0 104.0 33.0 104.0 919.0 103.0 919.0 
1 2 0.21 0.21 786.0 114.0 786.0 509.0 38.0 509.0 
1 3 0.25 0.25 786.0 114.0 786.0 509.0 38.0 509.0 950.0 30.0 950.0 
1 4 0.52 0.52 786.0 114.0 786.0 509.0 38.0 509.0 950.0 30.0 950.0 530.0 147.0 530.0 
1 5 0.59 0.59 786.0 114.0 786.0 509.0 38.0 509.0 950.0 30.0 950.0 530.0 147.0 530.0 198.0 14.0 198.0 
1 2 0.81 0.81 523.0 105.0 523.0 911.0 561.0 911.0 
1 2 0.53 0.53 962.0 381.0 962.0 334.0 45.0 334.0 
1 3 0.73 0.73 962.0 381.0 962.0 334.0 45.0 334.0 380.0 78.0 380.0 
1 4 0.75 0.75 962.0 381.0 962.0 334.0 45.0 334.0 380.0 78.0 380.0 337.0 6.0 337.0 
1 2 0.68 0.68 235.0 37.0 235.0 516.0 271.0 516.0 
1 2 0.88 0.88 423.0 351.0 423.0 478.0 27.0 478.0 
1 2 0.93 0.93 13.0 1.0 13.0 75.0 64.0 75.0 
1 2 0.7 0.7 136.0 20.0 136.0 720.0 402.0 720.0 
1 3 0.97 0.97 136.0 20.0 136.0 720.0 402.0 720.0 723.0 192.0 723.0 
1 2 0.63 0.63 201.0 116.0 201.0 706.0 41.0 706.0 
1 2 0.36 0.36 498.0 64.0 498.0 916.0 220.0 916.0 
1 3 0.51 0.51 498.0 64.0 498.0 916.0 220.0 916.0 95.0 14.0 95.0 
1 2 0.07 0.07 714.0 10.0 714.0 262.0 17.0 262.0 
1 3 0.43 0.43 714.0 10.0 714.0 262.0 17.0 262.0 857.0 306.0 857.0 
1 4 0.55 0.55 714.0 10.0 714.0 262.0 17.0 262.0 857.0 306.0 857.0 496.0 58.0 496.0 
1 5 0.56 0.56 714.0 10.0 714.0 262.0 17.0 262.0 857.0 306.0 857.0 496.0 58.0 496.0 692.0 11.0 692.0 
1 6 0.65 0.65 714.0 10.0 714.0 262.0 17.0 262.0 857.0 306.0 857.0 496.0 58.0 496.0 692.0 11.0 692.0 845.0 77.0 845.0 
1 2 0.4 0.4 551.0 206.0 551.0 388.0 12.0 388.0 
1 2 0.61 0.61 640.0 291.0 640.0 546.0 87.0 546.0 
1 3 0.87 0.87 640.0 291.0 640.0 546.0 87.0 546.0 260.0 69.0 260.0 
1 2 0.59 0.59 823.0 60.0 823.0 252.0 132.0 252.0 
1 2 0.54 0.54 429.0 184.0 429.0 952.0 107.0 952.0 
1 2 0.39 0.39 290.0 110.0 290.0 840.0 17.0 840.0 
1 2 0.61 0.61 433.0 175.0 433.0 136.0 29.0 136.0 
1 2 0.26 0.26 548.0 88.0 548.0 242.0 26.0 242.0 
