2 3 1.5 1.5 3.0 2.0 3.0 3.0 1.0 3.0 4.0 2.0 4.0 
2 4 1.72 1.72 3.0 2.0 3.0 3.0 1.0 3.0 4.0 2.0 4.0 9.0 2.0 9.0 
2 3 1.27 1.27 9.0 4.0 9.0 9.0 3.0 9.0 4.0 2.0 4.0 
2 4 1.61 1.61 9.0 4.0 9.0 9.0 3.0 9.0 4.0 2.0 4.0 6.0 2.0 6.0 
2 3 0.84 0.84 9.0 2.0 9.0 8.0 1.0 8.0 2.0 1.0 2.0 
2 4 1.34 1.34 9.0 2.0 9.0 8.0 1.0 8.0 2.0 1.0 2.0 2.0 1.0 2.0 
2 5 1.59 1.59 9.0 2.0 9.0 8.0 1.0 8.0 2.0 1.0 2.0 2.0 1.0 2.0 8.0 2.0 8.0 
2 6 1.93 1.93 9.0 2.0 9.0 8.0 1.0 8.0 2.0 1.0 2.0 2.0 1.0 2.0 8.0 2.0 8.0 3.0 1.0 3.0 
2 3 1.58 1.58 6.0 3.0 6.0 9.0 8.0 9.0 5.0 1.0 5.0 
2 3 1.0 1.0 8.0 2.0 8.0 8.0 2.0 8.0 6.0 3.0 6.0 
2 4 1.6 1.6 8.0 2.0 8.0 8.0 2.0 8.0 6.0 3.0 6.0 10.0 6.0 10.0 
2 5 1.72 1.72 8.0 2.0 8.0 8.0 2.0 8.0 6.0 3.0 6.0 10.0 6.0 10.0 8.0 1.0 8.0 
2 6 1.89 1.89 8.0 2.0 8.0 8.0 2.0 8.0 6.0 3.0 6.0 10.0 6.0 10.0 8.0 1.0 8.0 6.0 1.0 6.0 
2 7 1.99 1.99 8.0 2.0 8.0 8.0 2.0 8.0 6.0 3.0 6.0 10.0 6.0 10.0 8.0 1.0 8.0 6.0 1.0 6.0 10.0 1.0 10.0 
2 3 1.17 1.17 4.0 2.0 4.0 7.0 3.0 7.0 8.0 2.0 8.0 
2 4 1.37 1.37 4.0 2.0 4.0 7.0 3.0 7.0 8.0 2.0 8.0 10.0 2.0 10.0 
2 5 1.95 1.95 4.0 2.0 4.0 7.0 3.0 7.0 8.0 2.0 8.0 10.0 2.0 10.0 7.0 4.0 7.0 
2 3 1.57 1.57 5.0 1.0 5.0 9.0 9.0 9.0 8.0 3.0 8.0 
2 4 1.82 1.82 5.0 1.0 5.0 9.0 9.0 9.0 8.0 3.0 8.0 8.0 2.0 8.0 
2 3 0.87 0.87 8.0 1.0 8.0 8.0 2.0 8.0 2.0 1.0 2.0 
2 4 1.37 1.37 8.0 1.0 8.0 8.0 2.0 8.0 2.0 1.0 2.0 2.0 1.0 2.0 
2 5 1.66 1.66 8.0 1.0 8.0 8.0 2.0 8.0 2.0 1.0 2.0 2.0 1.0 2.0 7.0 2.0 7.0 
2 6 1.78 1.78 8.0 1.0 8.0 8.0 2.0 8.0 2.0 1.0 2.0 2.0 1.0 2.0 7.0 2.0 7.0 8.0 1.0 8.0 
2 7 1.88 1.88 8.0 1.0 8.0 8.0 2.0 8.0 2.0 1.0 2.0 2.0 1.0 2.0 7.0 2.0 7.0 8.0 1.0 8.0 10.0 1.0 10.0 
2 3 1.11 1.11 6.0 3.0 6.0 2.0 1.0 2.0 9.0 1.0 9.0 
2 4 1.61 1.61 6.0 3.0 6.0 2.0 1.0 2.0 9.0 1.0 9.0 2.0 1.0 2.0 
2 3 1.11 1.11 4.0 2.0 4.0 6.0 2.0 6.0 7.0 2.0 7.0 
2 4 1.45 1.45 4.0 2.0 4.0 6.0 2.0 6.0 7.0 2.0 7.0 9.0 3.0 9.0 
2 5 1.73 1.73 4.0 2.0 4.0 6.0 2.0 6.0 7.0 2.0 7.0 9.0 3.0 9.0 7.0 2.0 7.0 
2 3 1.1 1.1 7.0 4.0 7.0 3.0 1.0 3.0 5.0 1.0 5.0 
2 4 1.3 1.3 7.0 4.0 7.0 3.0 1.0 3.0 5.0 1.0 5.0 5.0 1.0 5.0 
2 5 1.47 1.47 7.0 4.0 7.0 3.0 1.0 3.0 5.0 1.0 5.0 5.0 1.0 5.0 6.0 1.0 6.0 
2 6 1.91 1.91 7.0 4.0 7.0 3.0 1.0 3.0 5.0 1.0 5.0 5.0 1.0 5.0 6.0 1.0 6.0 9.0 4.0 9.0 
2 3 0.92 0.92 3.0 1.0 3.0 6.0 1.0 6.0 7.0 3.0 7.0 
2 4 1.35 1.35 3.0 1.0 3.0 6.0 1.0 6.0 7.0 3.0 7.0 7.0 3.0 7.0 
2 5 1.48 1.48 3.0 1.0 3.0 6.0 1.0 6.0 7.0 3.0 7.0 7.0 3.0 7.0 8.0 1.0 8.0 
2 6 1.73 1.73 3.0 1.0 3.0 6.0 1.0 6.0 7.0 3.0 7.0 7.0 3.0 7.0 8.0 1.0 8.0 8.0 2.0 8.0 
2 3 1.67 1.67 8.0 3.0 8.0 7.0 6.0 7.0 9.0 4.0 9.0 
2 3 0.64 0.64 9.0 1.0 9.0 4.0 1.0 4.0 7.0 2.0 7.0 
2 4 0.98 0.98 9.0 1.0 9.0 4.0 1.0 4.0 7.0 2.0 7.0 3.0 1.0 3.0 
2 5 1.08 1.08 9.0 1.0 9.0 4.0 1.0 4.0 7.0 2.0 7.0 3.0 1.0 3.0 10.0 1.0 10.0 
2 6 1.33 1.33 9.0 1.0 9.0 4.0 1.0 4.0 7.0 2.0 7.0 3.0 1.0 3.0 10.0 1.0 10.0 4.0 1.0 4.0 
2 7 1.83 1.83 9.0 1.0 9.0 4.0 1.0 4.0 7.0 2.0 7.0 3.0 1.0 3.0 10.0 1.0 10.0 4.0 1.0 4.0 10.0 5.0 10.0 
2 3 1.1 1.1 6.0 3.0 6.0 5.0 2.0 5.0 5.0 1.0 5.0 
2 4 1.38 1.38 6.0 3.0 6.0 5.0 2.0 5.0 5.0 1.0 5.0 7.0 2.0 7.0 
2 5 1.94 1.94 6.0 3.0 6.0 5.0 2.0 5.0 5.0 1.0 5.0 7.0 2.0 7.0 9.0 5.0 9.0 
2 3 0.72 0.72 9.0 2.0 9.0 8.0 3.0 8.0 8.0 1.0 8.0 
2 4 1.05 1.05 9.0 2.0 9.0 8.0 3.0 8.0 8.0 1.0 8.0 3.0 1.0 3.0 
2 5 1.38 1.38 9.0 2.0 9.0 8.0 3.0 8.0 8.0 1.0 8.0 3.0 1.0 3.0 9.0 3.0 9.0 
2 6 1.72 1.72 9.0 2.0 9.0 8.0 3.0 8.0 8.0 1.0 8.0 3.0 1.0 3.0 9.0 3.0 9.0 3.0 1.0 3.0 
2 3 1.12 1.12 4.0 1.0 4.0 7.0 3.0 7.0 9.0 4.0 9.0 
2 4 1.55 1.55 4.0 1.0 4.0 7.0 3.0 7.0 9.0 4.0 9.0 7.0 3.0 7.0 
2 3 1.33 1.33 4.0 2.0 4.0 3.0 1.0 3.0 2.0 1.0 2.0 
2 4 1.5 1.5 4.0 2.0 4.0 3.0 1.0 3.0 2.0 1.0 2.0 6.0 1.0 6.0 
2 5 1.75 1.75 4.0 2.0 4.0 3.0 1.0 3.0 2.0 1.0 2.0 6.0 1.0 6.0 4.0 1.0 4.0 
2 3 1.57 1.57 3.0 1.0 3.0 7.0 4.0 7.0 3.0 2.0 3.0 
2 3 0.58 0.58 7.0 2.0 7.0 10.0 1.0 10.0 10.0 2.0 10.0 
2 4 1.08 1.08 7.0 2.0 7.0 10.0 1.0 10.0 10.0 2.0 10.0 2.0 1.0 2.0 
2 5 1.58 1.58 7.0 2.0 7.0 10.0 1.0 10.0 10.0 2.0 10.0 2.0 1.0 2.0 6.0 3.0 6.0 
2 3 1.01 1.01 9.0 3.0 9.0 7.0 3.0 7.0 8.0 2.0 8.0 
2 4 1.21 1.21 9.0 3.0 9.0 7.0 3.0 7.0 8.0 2.0 8.0 10.0 2.0 10.0 
2 5 1.37 1.37 9.0 3.0 9.0 7.0 3.0 7.0 8.0 2.0 8.0 10.0 2.0 10.0 6.0 1.0 6.0 
2 6 1.87 1.87 9.0 3.0 9.0 7.0 3.0 7.0 8.0 2.0 8.0 10.0 2.0 10.0 6.0 1.0 6.0 4.0 2.0 4.0 
2 3 0.98 0.98 2.0 1.0 2.0 5.0 1.0 5.0 7.0 2.0 7.0 
2 4 1.48 1.48 2.0 1.0 2.0 5.0 1.0 5.0 7.0 2.0 7.0 2.0 1.0 2.0 
2 5 1.86 1.86 2.0 1.0 2.0 5.0 1.0 5.0 7.0 2.0 7.0 2.0 1.0 2.0 8.0 3.0 8.0 
2 3 1.07 1.07 8.0 1.0 8.0 5.0 1.0 5.0 4.0 3.0 4.0 
2 4 1.37 1.37 8.0 1.0 8.0 5.0 1.0 5.0 4.0 3.0 4.0 10.0 3.0 10.0 
2 5 1.87 1.87 8.0 1.0 8.0 5.0 1.0 5.0 4.0 3.0 4.0 10.0 3.0 10.0 2.0 1.0 2.0 
2 6 1.97 1.97 8.0 1.0 8.0 5.0 1.0 5.0 4.0 3.0 4.0 10.0 3.0 10.0 2.0 1.0 2.0 10.0 1.0 10.0 
2 3 1.33 1.33 9.0 3.0 9.0 3.0 2.0 3.0 3.0 1.0 3.0 
2 4 1.45 1.45 9.0 3.0 9.0 3.0 2.0 3.0 3.0 1.0 3.0 8.0 1.0 8.0 
2 5 1.7 1.7 9.0 3.0 9.0 3.0 2.0 3.0 3.0 1.0 3.0 8.0 1.0 8.0 8.0 2.0 8.0 
2 3 1.25 1.25 4.0 2.0 4.0 2.0 1.0 2.0 4.0 1.0 4.0 
2 4 1.75 1.75 4.0 2.0 4.0 2.0 1.0 2.0 4.0 1.0 4.0 4.0 2.0 4.0 
2 3 1.0 1.0 6.0 1.0 6.0 6.0 3.0 6.0 9.0 3.0 9.0 
2 4 1.5 1.5 6.0 1.0 6.0 6.0 3.0 6.0 9.0 3.0 9.0 4.0 2.0 4.0 
2 3 0.86 0.86 2.0 1.0 2.0 9.0 1.0 9.0 4.0 1.0 4.0 
2 4 1.36 1.36 2.0 1.0 2.0 9.0 1.0 9.0 4.0 1.0 4.0 2.0 1.0 2.0 
2 3 0.72 0.72 6.0 3.0 6.0 10.0 1.0 10.0 8.0 1.0 8.0 
2 4 1.22 1.22 6.0 3.0 6.0 10.0 1.0 10.0 8.0 1.0 8.0 8.0 4.0 8.0 
2 5 1.72 1.72 6.0 3.0 6.0 10.0 1.0 10.0 8.0 1.0 8.0 8.0 4.0 8.0 2.0 1.0 2.0 
2 3 1.17 1.17 4.0 2.0 4.0 10.0 1.0 10.0 7.0 4.0 7.0 
2 4 1.83 1.83 4.0 2.0 4.0 10.0 1.0 10.0 7.0 4.0 7.0 3.0 2.0 3.0 
2 3 0.62 0.62 7.0 1.0 7.0 7.0 2.0 7.0 5.0 1.0 5.0 
2 4 0.87 0.87 7.0 1.0 7.0 7.0 2.0 7.0 5.0 1.0 5.0 4.0 1.0 4.0 
2 5 1.37 1.37 7.0 1.0 7.0 7.0 2.0 7.0 5.0 1.0 5.0 4.0 1.0 4.0 4.0 2.0 4.0 
2 3 0.51 0.51 4.0 1.0 4.0 7.0 1.0 7.0 8.0 1.0 8.0 
2 4 1.01 1.01 4.0 1.0 4.0 7.0 1.0 7.0 8.0 1.0 8.0 8.0 4.0 8.0 
2 5 1.26 1.26 4.0 1.0 4.0 7.0 1.0 7.0 8.0 1.0 8.0 8.0 4.0 8.0 4.0 1.0 4.0 
2 6 1.51 1.51 4.0 1.0 4.0 7.0 1.0 7.0 8.0 1.0 8.0 8.0 4.0 8.0 4.0 1.0 4.0 4.0 1.0 4.0 
2 7 1.8 1.8 4.0 1.0 4.0 7.0 1.0 7.0 8.0 1.0 8.0 8.0 4.0 8.0 4.0 1.0 4.0 4.0 1.0 4.0 7.0 2.0 7.0 
2 3 1.75 1.75 4.0 2.0 4.0 2.0 1.0 2.0 4.0 3.0 4.0 
2 4 2.0 2.0 4.0 2.0 4.0 2.0 1.0 2.0 4.0 3.0 4.0 8.0 2.0 8.0 
2 3 1.4 1.4 2.0 1.0 2.0 9.0 3.0 9.0 7.0 4.0 7.0 
2 4 1.73 1.73 2.0 1.0 2.0 9.0 3.0 9.0 7.0 4.0 7.0 6.0 2.0 6.0 
2 3 0.86 0.86 4.0 1.0 4.0 9.0 1.0 9.0 4.0 2.0 4.0 
2 4 1.02 1.02 4.0 1.0 4.0 9.0 1.0 9.0 4.0 2.0 4.0 6.0 1.0 6.0 
2 5 1.58 1.58 4.0 1.0 4.0 9.0 1.0 9.0 4.0 2.0 4.0 6.0 1.0 6.0 9.0 5.0 9.0 
2 6 1.86 1.86 4.0 1.0 4.0 9.0 1.0 9.0 4.0 2.0 4.0 6.0 1.0 6.0 9.0 5.0 9.0 7.0 2.0 7.0 
2 3 1.66 1.66 3.0 2.0 3.0 7.0 4.0 7.0 7.0 3.0 7.0 
2 3 1.2 1.2 7.0 2.0 7.0 4.0 1.0 4.0 3.0 2.0 3.0 
2 4 1.53 1.53 7.0 2.0 7.0 4.0 1.0 4.0 3.0 2.0 3.0 6.0 2.0 6.0 
2 3 0.95 0.95 5.0 1.0 5.0 8.0 2.0 8.0 8.0 4.0 8.0 
2 4 1.2 1.2 5.0 1.0 5.0 8.0 2.0 8.0 8.0 4.0 8.0 4.0 1.0 4.0 
2 5 1.57 1.57 5.0 1.0 5.0 8.0 2.0 8.0 8.0 4.0 8.0 4.0 1.0 4.0 8.0 3.0 8.0 
2 3 1.04 1.04 5.0 2.0 5.0 5.0 1.0 5.0 9.0 4.0 9.0 
2 4 1.24 1.24 5.0 2.0 5.0 5.0 1.0 5.0 9.0 4.0 9.0 5.0 1.0 5.0 
2 5 1.36 1.36 5.0 2.0 5.0 5.0 1.0 5.0 9.0 4.0 9.0 5.0 1.0 5.0 8.0 1.0 8.0 
2 6 1.86 1.86 5.0 2.0 5.0 5.0 1.0 5.0 9.0 4.0 9.0 5.0 1.0 5.0 8.0 1.0 8.0 2.0 1.0 2.0 
2 3 0.96 0.96 4.0 2.0 4.0 10.0 3.0 10.0 6.0 1.0 6.0 
2 4 1.16 1.16 4.0 2.0 4.0 10.0 3.0 10.0 6.0 1.0 6.0 10.0 2.0 10.0 
2 5 1.41 1.41 4.0 2.0 4.0 10.0 3.0 10.0 6.0 1.0 6.0 10.0 2.0 10.0 4.0 1.0 4.0 
2 6 1.75 1.75 4.0 2.0 4.0 10.0 3.0 10.0 6.0 1.0 6.0 10.0 2.0 10.0 4.0 1.0 4.0 3.0 1.0 3.0 
2 7 2.0 2.0 4.0 2.0 4.0 10.0 3.0 10.0 6.0 1.0 6.0 10.0 2.0 10.0 4.0 1.0 4.0 3.0 1.0 3.0 4.0 1.0 4.0 
2 3 0.9 0.9 5.0 1.0 5.0 8.0 3.0 8.0 6.0 2.0 6.0 
2 4 1.01 1.01 5.0 1.0 5.0 8.0 3.0 8.0 6.0 2.0 6.0 9.0 1.0 9.0 
2 5 1.46 1.46 5.0 1.0 5.0 8.0 3.0 8.0 6.0 2.0 6.0 9.0 1.0 9.0 9.0 4.0 9.0 
2 6 1.66 1.66 5.0 1.0 5.0 8.0 3.0 8.0 6.0 2.0 6.0 9.0 1.0 9.0 9.0 4.0 9.0 5.0 1.0 5.0 
2 3 0.92 0.92 9.0 2.0 9.0 4.0 2.0 4.0 5.0 1.0 5.0 
2 4 1.25 1.25 9.0 2.0 9.0 4.0 2.0 4.0 5.0 1.0 5.0 3.0 1.0 3.0 
2 5 1.75 1.75 9.0 2.0 9.0 4.0 2.0 4.0 5.0 1.0 5.0 3.0 1.0 3.0 2.0 1.0 2.0 
2 6 1.85 1.85 9.0 2.0 9.0 4.0 2.0 4.0 5.0 1.0 5.0 3.0 1.0 3.0 2.0 1.0 2.0 10.0 1.0 10.0 
2 3 1.2 1.2 5.0 1.0 5.0 8.0 4.0 8.0 4.0 2.0 4.0 
2 4 1.4 1.4 5.0 1.0 5.0 8.0 4.0 8.0 4.0 2.0 4.0 5.0 1.0 5.0 
2 5 1.6 1.6 5.0 1.0 5.0 8.0 4.0 8.0 4.0 2.0 4.0 5.0 1.0 5.0 5.0 1.0 5.0 
2 3 1.42 1.42 6.0 3.0 6.0 2.0 1.0 2.0 7.0 3.0 7.0 
2 4 1.92 1.92 6.0 3.0 6.0 2.0 1.0 2.0 7.0 3.0 7.0 10.0 5.0 10.0 
2 3 0.82 0.82 7.0 3.0 7.0 9.0 1.0 9.0 7.0 2.0 7.0 
2 4 1.07 1.07 7.0 3.0 7.0 9.0 1.0 9.0 7.0 2.0 7.0 4.0 1.0 4.0 
2 5 1.27 1.27 7.0 3.0 7.0 9.0 1.0 9.0 7.0 2.0 7.0 4.0 1.0 4.0 5.0 1.0 5.0 
2 3 1.25 1.25 2.0 1.0 2.0 4.0 1.0 4.0 2.0 1.0 2.0 
2 4 1.5 1.5 2.0 1.0 2.0 4.0 1.0 4.0 2.0 1.0 2.0 8.0 2.0 8.0 
2 5 1.78 1.78 2.0 1.0 2.0 4.0 1.0 4.0 2.0 1.0 2.0 8.0 2.0 8.0 7.0 2.0 7.0 
2 3 0.75 0.75 4.0 1.0 4.0 4.0 1.0 4.0 4.0 1.0 4.0 
2 4 0.91 0.91 4.0 1.0 4.0 4.0 1.0 4.0 4.0 1.0 4.0 6.0 1.0 6.0 
2 5 1.31 1.31 4.0 1.0 4.0 4.0 1.0 4.0 4.0 1.0 4.0 6.0 1.0 6.0 5.0 2.0 5.0 
2 6 1.51 1.51 4.0 1.0 4.0 4.0 1.0 4.0 4.0 1.0 4.0 6.0 1.0 6.0 5.0 2.0 5.0 5.0 1.0 5.0 
2 7 1.71 1.71 4.0 1.0 4.0 4.0 1.0 4.0 4.0 1.0 4.0 6.0 1.0 6.0 5.0 2.0 5.0 5.0 1.0 5.0 5.0 1.0 5.0 
2 8 1.84 1.84 4.0 1.0 4.0 4.0 1.0 4.0 4.0 1.0 4.0 6.0 1.0 6.0 5.0 2.0 5.0 5.0 1.0 5.0 5.0 1.0 5.0 8.0 1.0 8.0 
2 3 1.5 1.5 10.0 4.0 10.0 5.0 3.0 5.0 2.0 1.0 2.0 
2 3 1.3 1.3 2.0 2.0 2.0 6.0 1.0 6.0 7.0 1.0 7.0 
2 4 1.4 1.4 2.0 2.0 2.0 6.0 1.0 6.0 7.0 1.0 7.0 10.0 1.0 10.0 
2 5 1.8 1.8 2.0 2.0 2.0 6.0 1.0 6.0 7.0 1.0 7.0 10.0 1.0 10.0 5.0 2.0 5.0 
2 3 1.5 1.5 2.0 1.0 2.0 5.0 2.0 5.0 5.0 3.0 5.0 
2 4 1.83 1.83 2.0 1.0 2.0 5.0 2.0 5.0 5.0 3.0 5.0 9.0 3.0 9.0 
2 3 1.64 1.64 2.0 2.0 2.0 2.0 1.0 2.0 7.0 1.0 7.0 
2 3 1.55 1.55 9.0 3.0 9.0 3.0 2.0 3.0 9.0 5.0 9.0 
2 3 0.95 0.95 5.0 1.0 5.0 8.0 2.0 8.0 6.0 3.0 6.0 
2 4 1.5 1.5 5.0 1.0 5.0 8.0 2.0 8.0 6.0 3.0 6.0 9.0 5.0 9.0 
2 3 1.5 1.5 5.0 3.0 5.0 7.0 4.0 7.0 6.0 2.0 6.0 
2 4 1.72 1.72 5.0 3.0 5.0 7.0 4.0 7.0 6.0 2.0 6.0 9.0 2.0 9.0 
2 3 1.42 1.42 7.0 3.0 7.0 4.0 2.0 4.0 2.0 1.0 2.0 
2 4 1.92 1.92 7.0 3.0 7.0 4.0 2.0 4.0 2.0 1.0 2.0 2.0 1.0 2.0 
2 3 1.14 1.14 5.0 2.0 5.0 9.0 4.0 9.0 10.0 3.0 10.0 
2 4 1.81 1.81 5.0 2.0 5.0 9.0 4.0 9.0 10.0 3.0 10.0 3.0 2.0 3.0 
2 3 0.98 0.98 7.0 2.0 7.0 5.0 1.0 5.0 6.0 3.0 6.0 
2 4 1.98 1.98 7.0 2.0 7.0 5.0 1.0 5.0 6.0 3.0 6.0 2.0 2.0 2.0 
2 3 1.85 1.85 8.0 6.0 8.0 10.0 5.0 10.0 5.0 3.0 5.0 
2 3 0.8 0.8 5.0 1.0 5.0 10.0 4.0 10.0 5.0 1.0 5.0 
2 4 1.68 1.68 5.0 1.0 5.0 10.0 4.0 10.0 5.0 1.0 5.0 9.0 8.0 9.0 
2 5 1.85 1.85 5.0 1.0 5.0 10.0 4.0 10.0 5.0 1.0 5.0 9.0 8.0 9.0 6.0 1.0 6.0 
2 3 1.23 1.23 6.0 3.0 6.0 3.0 1.0 3.0 10.0 4.0 10.0 
2 4 1.73 1.73 6.0 3.0 6.0 3.0 1.0 3.0 10.0 4.0 10.0 2.0 1.0 2.0 
2 3 0.98 0.98 8.0 2.0 8.0 5.0 2.0 5.0 3.0 1.0 3.0 
2 4 1.1 1.1 8.0 2.0 8.0 5.0 2.0 5.0 3.0 1.0 3.0 8.0 1.0 8.0 
2 5 1.6 1.6 8.0 2.0 8.0 5.0 2.0 5.0 3.0 1.0 3.0 8.0 1.0 8.0 8.0 4.0 8.0 
2 3 1.0 1.0 9.0 2.0 9.0 9.0 4.0 9.0 6.0 2.0 6.0 
2 4 1.66 1.66 9.0 2.0 9.0 9.0 4.0 9.0 6.0 2.0 6.0 3.0 2.0 3.0 
2 5 1.99 1.99 9.0 2.0 9.0 9.0 4.0 9.0 6.0 2.0 6.0 3.0 2.0 3.0 3.0 1.0 3.0 
2 3 1.01 1.01 7.0 3.0 7.0 4.0 1.0 4.0 9.0 3.0 9.0 
2 4 1.67 1.67 7.0 3.0 7.0 4.0 1.0 4.0 9.0 3.0 9.0 3.0 2.0 3.0 
2 3 1.46 1.46 7.0 4.0 7.0 9.0 2.0 9.0 3.0 2.0 3.0 
2 4 1.88 1.88 7.0 4.0 7.0 9.0 2.0 9.0 3.0 2.0 3.0 7.0 3.0 7.0 
2 3 1.22 1.22 8.0 7.0 8.0 10.0 1.0 10.0 4.0 1.0 4.0 
2 4 1.72 1.72 8.0 7.0 8.0 10.0 1.0 10.0 4.0 1.0 4.0 8.0 4.0 8.0 
2 3 1.3 1.3 4.0 2.0 4.0 10.0 5.0 10.0 10.0 3.0 10.0 
2 4 1.63 1.63 4.0 2.0 4.0 10.0 5.0 10.0 10.0 3.0 10.0 3.0 1.0 3.0 
2 3 1.3 1.3 4.0 2.0 4.0 8.0 2.0 8.0 9.0 5.0 9.0 
2 4 1.59 1.59 4.0 2.0 4.0 8.0 2.0 8.0 9.0 5.0 9.0 7.0 2.0 7.0 
2 5 1.99 1.99 4.0 2.0 4.0 8.0 2.0 8.0 9.0 5.0 9.0 7.0 2.0 7.0 5.0 2.0 5.0 
2 3 1.22 1.22 8.0 2.0 8.0 9.0 7.0 9.0 10.0 2.0 10.0 
2 4 1.72 1.72 8.0 2.0 8.0 9.0 7.0 9.0 10.0 2.0 10.0 2.0 1.0 2.0 
2 3 1.22 1.22 4.0 2.0 4.0 9.0 5.0 9.0 6.0 1.0 6.0 
2 4 1.79 1.79 4.0 2.0 4.0 9.0 5.0 9.0 6.0 1.0 6.0 7.0 4.0 7.0 
2 3 0.97 0.97 7.0 1.0 7.0 9.0 3.0 9.0 4.0 2.0 4.0 
2 4 1.4 1.4 7.0 1.0 7.0 9.0 3.0 9.0 4.0 2.0 4.0 7.0 3.0 7.0 
2 5 1.9 1.9 7.0 1.0 7.0 9.0 3.0 9.0 4.0 2.0 4.0 7.0 3.0 7.0 8.0 4.0 8.0 
2 3 1.09 1.09 10.0 3.0 10.0 8.0 1.0 8.0 3.0 2.0 3.0 
2 4 1.21 1.21 10.0 3.0 10.0 8.0 1.0 8.0 3.0 2.0 3.0 8.0 1.0 8.0 
2 5 1.81 1.81 10.0 3.0 10.0 8.0 1.0 8.0 3.0 2.0 3.0 8.0 1.0 8.0 5.0 3.0 5.0 
2 6 1.94 1.94 10.0 3.0 10.0 8.0 1.0 8.0 3.0 2.0 3.0 8.0 1.0 8.0 5.0 3.0 5.0 8.0 1.0 8.0 
2 3 0.7 0.7 6.0 1.0 6.0 6.0 2.0 6.0 10.0 2.0 10.0 
2 4 1.03 1.03 6.0 1.0 6.0 6.0 2.0 6.0 10.0 2.0 10.0 6.0 2.0 6.0 
2 5 1.69 1.69 6.0 1.0 6.0 6.0 2.0 6.0 10.0 2.0 10.0 6.0 2.0 6.0 3.0 2.0 3.0 
2 6 1.82 1.82 6.0 1.0 6.0 6.0 2.0 6.0 10.0 2.0 10.0 6.0 2.0 6.0 3.0 2.0 3.0 8.0 1.0 8.0 
2 3 1.72 1.72 2.0 1.0 2.0 2.0 2.0 2.0 9.0 2.0 9.0 
2 3 0.92 0.92 5.0 1.0 5.0 9.0 2.0 9.0 6.0 3.0 6.0 
2 4 1.52 1.52 5.0 1.0 5.0 9.0 2.0 9.0 6.0 3.0 6.0 5.0 3.0 5.0 
2 5 1.77 1.77 5.0 1.0 5.0 9.0 2.0 9.0 6.0 3.0 6.0 5.0 3.0 5.0 4.0 1.0 4.0 
2 3 1.5 1.5 4.0 3.0 4.0 4.0 2.0 4.0 8.0 2.0 8.0 
2 4 1.9 1.9 4.0 3.0 4.0 4.0 2.0 4.0 8.0 2.0 8.0 5.0 2.0 5.0 
2 3 1.07 1.07 5.0 2.0 5.0 7.0 4.0 7.0 10.0 1.0 10.0 
2 4 1.19 1.19 5.0 2.0 5.0 7.0 4.0 7.0 10.0 1.0 10.0 8.0 1.0 8.0 
2 5 1.62 1.62 5.0 2.0 5.0 7.0 4.0 7.0 10.0 1.0 10.0 8.0 1.0 8.0 7.0 3.0 7.0 
2 6 1.87 1.87 5.0 2.0 5.0 7.0 4.0 7.0 10.0 1.0 10.0 8.0 1.0 8.0 7.0 3.0 7.0 4.0 1.0 4.0 
2 3 1.35 1.35 8.0 5.0 8.0 8.0 5.0 8.0 10.0 1.0 10.0 
2 4 1.95 1.95 8.0 5.0 8.0 8.0 5.0 8.0 10.0 1.0 10.0 5.0 3.0 5.0 
2 3 0.96 0.96 6.0 2.0 6.0 5.0 1.0 5.0 7.0 3.0 7.0 
2 4 1.51 1.51 6.0 2.0 6.0 5.0 1.0 5.0 7.0 3.0 7.0 9.0 5.0 9.0 
2 3 1.75 1.75 4.0 1.0 4.0 10.0 5.0 10.0 5.0 5.0 5.0 
2 3 1.13 1.13 5.0 2.0 5.0 8.0 5.0 8.0 9.0 1.0 9.0 
2 4 1.46 1.46 5.0 2.0 5.0 8.0 5.0 8.0 9.0 1.0 9.0 3.0 1.0 3.0 
2 5 1.56 1.56 5.0 2.0 5.0 8.0 5.0 8.0 9.0 1.0 9.0 3.0 1.0 3.0 10.0 1.0 10.0 
2 6 1.94 1.94 5.0 2.0 5.0 8.0 5.0 8.0 9.0 1.0 9.0 3.0 1.0 3.0 10.0 1.0 10.0 8.0 3.0 8.0 
2 3 1.03 1.03 6.0 2.0 6.0 5.0 3.0 5.0 10.0 1.0 10.0 
2 4 1.2 1.2 6.0 2.0 6.0 5.0 3.0 5.0 10.0 1.0 10.0 6.0 1.0 6.0 
2 5 1.53 1.53 6.0 2.0 6.0 5.0 3.0 5.0 10.0 1.0 10.0 6.0 1.0 6.0 3.0 1.0 3.0 
2 6 1.86 1.86 6.0 2.0 6.0 5.0 3.0 5.0 10.0 1.0 10.0 6.0 1.0 6.0 3.0 1.0 3.0 9.0 3.0 9.0 
2 3 1.5 1.5 4.0 1.0 4.0 8.0 2.0 8.0 2.0 2.0 2.0 
2 4 1.6 1.6 4.0 1.0 4.0 8.0 2.0 8.0 2.0 2.0 2.0 10.0 1.0 10.0 
2 3 1.35 1.35 5.0 3.0 5.0 9.0 5.0 9.0 10.0 2.0 10.0 
2 4 1.78 1.78 5.0 3.0 5.0 9.0 5.0 9.0 10.0 2.0 10.0 7.0 3.0 7.0 
2 3 0.59 0.59 6.0 1.0 6.0 7.0 2.0 7.0 7.0 1.0 7.0 
2 4 1.09 1.09 6.0 1.0 6.0 7.0 2.0 7.0 7.0 1.0 7.0 2.0 1.0 2.0 
2 5 1.49 1.49 6.0 1.0 6.0 7.0 2.0 7.0 7.0 1.0 7.0 2.0 1.0 2.0 10.0 4.0 10.0 
2 6 1.89 1.89 6.0 1.0 6.0 7.0 2.0 7.0 7.0 1.0 7.0 2.0 1.0 2.0 10.0 4.0 10.0 10.0 4.0 10.0 
2 3 1.03 1.03 4.0 1.0 4.0 7.0 2.0 7.0 4.0 2.0 4.0 
2 4 1.36 1.36 4.0 1.0 4.0 7.0 2.0 7.0 4.0 2.0 4.0 3.0 1.0 3.0 
2 5 1.65 1.65 4.0 1.0 4.0 7.0 2.0 7.0 4.0 2.0 4.0 3.0 1.0 3.0 7.0 2.0 7.0 
2 6 1.98 1.98 4.0 1.0 4.0 7.0 2.0 7.0 4.0 2.0 4.0 3.0 1.0 3.0 7.0 2.0 7.0 6.0 2.0 6.0 
2 3 1.3 1.3 5.0 2.0 5.0 2.0 1.0 2.0 5.0 2.0 5.0 
2 4 1.8 1.8 5.0 2.0 5.0 2.0 1.0 2.0 5.0 2.0 5.0 2.0 1.0 2.0 
2 3 1.77 1.77 3.0 2.0 3.0 3.0 2.0 3.0 9.0 4.0 9.0 
2 3 1.01 1.01 5.0 2.0 5.0 4.0 2.0 4.0 9.0 1.0 9.0 
2 4 1.23 1.23 5.0 2.0 5.0 4.0 2.0 4.0 9.0 1.0 9.0 9.0 2.0 9.0 
2 5 1.73 1.73 5.0 2.0 5.0 4.0 2.0 4.0 9.0 1.0 9.0 9.0 2.0 9.0 4.0 2.0 4.0 
2 3 0.92 0.92 4.0 1.0 4.0 7.0 3.0 7.0 4.0 1.0 4.0 
2 4 1.02 1.02 4.0 1.0 4.0 7.0 3.0 7.0 4.0 1.0 4.0 10.0 1.0 10.0 
2 3 0.91 0.91 7.0 1.0 7.0 8.0 3.0 8.0 5.0 2.0 5.0 
2 4 1.58 1.58 7.0 1.0 7.0 8.0 3.0 8.0 5.0 2.0 5.0 9.0 6.0 9.0 
2 5 1.8 1.8 7.0 1.0 7.0 8.0 3.0 8.0 5.0 2.0 5.0 9.0 6.0 9.0 9.0 2.0 9.0 
2 3 0.61 0.61 9.0 1.0 9.0 8.0 1.0 8.0 8.0 3.0 8.0 
2 4 0.81 0.81 9.0 1.0 9.0 8.0 1.0 8.0 8.0 3.0 8.0 10.0 2.0 10.0 
2 5 1.31 1.31 9.0 1.0 9.0 8.0 1.0 8.0 8.0 3.0 8.0 10.0 2.0 10.0 6.0 3.0 6.0 
2 6 1.43 1.43 9.0 1.0 9.0 8.0 1.0 8.0 8.0 3.0 8.0 10.0 2.0 10.0 6.0 3.0 6.0 8.0 1.0 8.0 
2 7 1.63 1.63 9.0 1.0 9.0 8.0 1.0 8.0 8.0 3.0 8.0 10.0 2.0 10.0 6.0 3.0 6.0 8.0 1.0 8.0 10.0 2.0 10.0 
2 3 1.11 1.11 6.0 2.0 6.0 9.0 4.0 9.0 3.0 1.0 3.0 
2 4 1.66 1.66 6.0 2.0 6.0 9.0 4.0 9.0 3.0 1.0 3.0 9.0 5.0 9.0 
2 3 1.12 1.12 10.0 5.0 10.0 10.0 4.0 10.0 9.0 2.0 9.0 
2 4 1.28 1.28 10.0 5.0 10.0 10.0 4.0 10.0 9.0 2.0 9.0 6.0 1.0 6.0 
2 5 1.48 1.48 10.0 5.0 10.0 10.0 4.0 10.0 9.0 2.0 9.0 6.0 1.0 6.0 10.0 2.0 10.0 
2 6 1.82 1.82 10.0 5.0 10.0 10.0 4.0 10.0 9.0 2.0 9.0 6.0 1.0 6.0 10.0 2.0 10.0 6.0 2.0 6.0 
2 3 1.32 1.32 4.0 4.0 4.0 8.0 1.0 8.0 5.0 1.0 5.0 
2 4 1.75 1.75 4.0 4.0 4.0 8.0 1.0 8.0 5.0 1.0 5.0 7.0 3.0 7.0 
2 3 0.94 0.94 3.0 1.0 3.0 2.0 1.0 2.0 9.0 1.0 9.0 
2 4 1.94 1.94 3.0 1.0 3.0 2.0 1.0 2.0 9.0 1.0 9.0 4.0 4.0 4.0 
2 3 1.25 1.25 8.0 4.0 8.0 8.0 4.0 8.0 8.0 2.0 8.0 
2 4 1.36 1.36 8.0 4.0 8.0 8.0 4.0 8.0 8.0 2.0 8.0 9.0 1.0 9.0 
2 5 1.76 1.76 8.0 4.0 8.0 8.0 4.0 8.0 8.0 2.0 8.0 9.0 1.0 9.0 5.0 2.0 5.0 
2 3 0.86 0.86 10.0 3.0 10.0 6.0 1.0 6.0 5.0 2.0 5.0 
2 4 1.11 1.11 10.0 3.0 10.0 6.0 1.0 6.0 5.0 2.0 5.0 8.0 2.0 8.0 
2 5 1.49 1.49 10.0 3.0 10.0 6.0 1.0 6.0 5.0 2.0 5.0 8.0 2.0 8.0 8.0 3.0 8.0 
2 6 1.99 1.99 10.0 3.0 10.0 6.0 1.0 6.0 5.0 2.0 5.0 8.0 2.0 8.0 8.0 3.0 8.0 2.0 1.0 2.0 
2 3 1.21 1.21 10.0 6.0 10.0 8.0 4.0 8.0 9.0 1.0 9.0 
2 4 1.71 1.71 10.0 6.0 10.0 8.0 4.0 8.0 9.0 1.0 9.0 2.0 1.0 2.0 
2 3 1.4 1.4 5.0 2.0 5.0 2.0 1.0 2.0 2.0 1.0 2.0 
2 4 1.97 1.97 5.0 2.0 5.0 2.0 1.0 2.0 2.0 1.0 2.0 7.0 4.0 7.0 
2 3 1.14 1.14 9.0 4.0 9.0 5.0 1.0 5.0 2.0 1.0 2.0 
2 4 1.64 1.64 9.0 4.0 9.0 5.0 1.0 5.0 2.0 1.0 2.0 2.0 1.0 2.0 
2 5 1.93 1.93 9.0 4.0 9.0 5.0 1.0 5.0 2.0 1.0 2.0 2.0 1.0 2.0 7.0 2.0 7.0 
2 3 1.9 1.9 5.0 2.0 5.0 4.0 4.0 4.0 2.0 1.0 2.0 
2 3 0.72 0.72 7.0 1.0 7.0 3.0 1.0 3.0 4.0 1.0 4.0 
2 4 1.72 1.72 7.0 1.0 7.0 3.0 1.0 3.0 4.0 1.0 4.0 2.0 2.0 2.0 
2 3 1.2 1.2 2.0 1.0 2.0 2.0 1.0 2.0 10.0 2.0 10.0 
2 4 1.7 1.7 2.0 1.0 2.0 2.0 1.0 2.0 10.0 2.0 10.0 2.0 1.0 2.0 
2 3 1.55 1.55 9.0 4.0 9.0 9.0 2.0 9.0 9.0 8.0 9.0 
2 4 1.98 1.98 9.0 4.0 9.0 9.0 2.0 9.0 9.0 8.0 9.0 7.0 3.0 7.0 
2 3 1.03 1.03 10.0 2.0 10.0 2.0 1.0 2.0 3.0 1.0 3.0 
2 4 1.53 1.53 10.0 2.0 10.0 2.0 1.0 2.0 3.0 1.0 3.0 2.0 1.0 2.0 
2 3 1.6 1.6 2.0 1.0 2.0 8.0 4.0 8.0 5.0 3.0 5.0 
2 3 1.0 1.0 6.0 2.0 6.0 3.0 1.0 3.0 3.0 1.0 3.0 
2 4 1.33 1.33 6.0 2.0 6.0 3.0 1.0 3.0 3.0 1.0 3.0 3.0 1.0 3.0 
2 3 0.68 0.68 10.0 1.0 10.0 6.0 2.0 6.0 4.0 1.0 4.0 
2 4 0.93 0.93 10.0 1.0 10.0 6.0 2.0 6.0 4.0 1.0 4.0 4.0 1.0 4.0 
2 5 1.18 1.18 10.0 1.0 10.0 6.0 2.0 6.0 4.0 1.0 4.0 4.0 1.0 4.0 8.0 2.0 8.0 
2 3 0.77 0.77 10.0 2.0 10.0 8.0 3.0 8.0 5.0 1.0 5.0 
2 4 1.37 1.37 10.0 2.0 10.0 8.0 3.0 8.0 5.0 1.0 5.0 5.0 3.0 5.0 
2 5 1.97 1.97 10.0 2.0 10.0 8.0 3.0 8.0 5.0 1.0 5.0 5.0 3.0 5.0 5.0 3.0 5.0 
2 3 1.8 1.8 5.0 1.0 5.0 5.0 3.0 5.0 6.0 6.0 6.0 
2 4 1.96 1.96 5.0 1.0 5.0 5.0 3.0 5.0 6.0 6.0 6.0 6.0 1.0 6.0 
2 3 1.16 1.16 6.0 1.0 6.0 8.0 4.0 8.0 2.0 1.0 2.0 
2 4 1.66 1.66 6.0 1.0 6.0 8.0 4.0 8.0 2.0 1.0 2.0 2.0 1.0 2.0 
2 5 1.8 1.8 6.0 1.0 6.0 8.0 4.0 8.0 2.0 1.0 2.0 2.0 1.0 2.0 7.0 1.0 7.0 
2 3 1.4 1.4 4.0 2.0 4.0 10.0 4.0 10.0 6.0 3.0 6.0 
2 4 1.73 1.73 4.0 2.0 4.0 10.0 4.0 10.0 6.0 3.0 6.0 6.0 2.0 6.0 
2 5 1.93 1.93 4.0 2.0 4.0 10.0 4.0 10.0 6.0 3.0 6.0 6.0 2.0 6.0 5.0 1.0 5.0 
2 3 1.53 1.53 5.0 1.0 5.0 2.0 2.0 2.0 6.0 2.0 6.0 
2 4 1.73 1.73 5.0 1.0 5.0 2.0 2.0 2.0 6.0 2.0 6.0 5.0 1.0 5.0 
2 5 1.9 1.9 5.0 1.0 5.0 2.0 2.0 2.0 6.0 2.0 6.0 5.0 1.0 5.0 6.0 1.0 6.0 
2 3 1.27 1.27 9.0 4.0 9.0 6.0 2.0 6.0 8.0 4.0 8.0 
2 4 1.67 1.67 9.0 4.0 9.0 6.0 2.0 6.0 8.0 4.0 8.0 5.0 2.0 5.0 
2 3 1.16 1.16 6.0 2.0 6.0 2.0 1.0 2.0 6.0 2.0 6.0 
2 4 1.36 1.36 6.0 2.0 6.0 2.0 1.0 2.0 6.0 2.0 6.0 5.0 1.0 5.0 
2 3 0.95 0.95 10.0 4.0 10.0 7.0 3.0 7.0 8.0 1.0 8.0 
2 4 1.45 1.45 10.0 4.0 10.0 7.0 3.0 7.0 8.0 1.0 8.0 4.0 2.0 4.0 
2 5 1.95 1.95 10.0 4.0 10.0 7.0 3.0 7.0 8.0 1.0 8.0 4.0 2.0 4.0 2.0 1.0 2.0 
2 3 1.58 1.58 7.0 1.0 7.0 9.0 4.0 9.0 3.0 3.0 3.0 
2 3 0.92 0.92 9.0 1.0 9.0 7.0 1.0 7.0 3.0 2.0 3.0 
2 4 1.42 1.42 9.0 1.0 9.0 7.0 1.0 7.0 3.0 2.0 3.0 6.0 3.0 6.0 
2 5 1.54 1.54 9.0 1.0 9.0 7.0 1.0 7.0 3.0 2.0 3.0 6.0 3.0 6.0 8.0 1.0 8.0 
2 6 1.94 1.94 9.0 1.0 9.0 7.0 1.0 7.0 3.0 2.0 3.0 6.0 3.0 6.0 8.0 1.0 8.0 10.0 4.0 10.0 
2 3 0.45 0.45 7.0 1.0 7.0 7.0 1.0 7.0 6.0 1.0 6.0 
2 4 0.59 0.59 7.0 1.0 7.0 7.0 1.0 7.0 6.0 1.0 6.0 7.0 1.0 7.0 
2 5 0.99 0.99 7.0 1.0 7.0 7.0 1.0 7.0 6.0 1.0 6.0 7.0 1.0 7.0 5.0 2.0 5.0 
2 6 1.32 1.32 7.0 1.0 7.0 7.0 1.0 7.0 6.0 1.0 6.0 7.0 1.0 7.0 5.0 2.0 5.0 3.0 1.0 3.0 
2 7 1.82 1.82 7.0 1.0 7.0 7.0 1.0 7.0 6.0 1.0 6.0 7.0 1.0 7.0 5.0 2.0 5.0 3.0 1.0 3.0 8.0 4.0 8.0 
2 3 1.51 1.51 4.0 1.0 4.0 5.0 3.0 5.0 9.0 6.0 9.0 
2 3 1.5 1.5 4.0 3.0 4.0 4.0 1.0 4.0 2.0 1.0 2.0 
2 4 1.75 1.75 4.0 3.0 4.0 4.0 1.0 4.0 2.0 1.0 2.0 4.0 1.0 4.0 
2 3 1.5 1.5 6.0 3.0 6.0 4.0 2.0 4.0 2.0 1.0 2.0 
2 4 1.61 1.61 6.0 3.0 6.0 4.0 2.0 4.0 2.0 1.0 2.0 9.0 1.0 9.0 
2 3 0.88 0.88 3.0 1.0 3.0 10.0 3.0 10.0 4.0 1.0 4.0 
2 4 1.02 1.02 3.0 1.0 3.0 10.0 3.0 10.0 4.0 1.0 4.0 7.0 1.0 7.0 
2 5 1.47 1.47 3.0 1.0 3.0 10.0 3.0 10.0 4.0 1.0 4.0 7.0 1.0 7.0 9.0 4.0 9.0 
2 3 1.1 1.1 10.0 1.0 10.0 5.0 4.0 5.0 10.0 2.0 10.0 
2 4 1.6 1.6 10.0 1.0 10.0 5.0 4.0 5.0 10.0 2.0 10.0 6.0 3.0 6.0 
2 3 0.48 0.48 7.0 1.0 7.0 5.0 1.0 5.0 7.0 1.0 7.0 
2 4 1.08 1.08 7.0 1.0 7.0 5.0 1.0 5.0 7.0 1.0 7.0 5.0 3.0 5.0 
2 5 1.58 1.58 7.0 1.0 7.0 5.0 1.0 5.0 7.0 1.0 7.0 5.0 3.0 5.0 2.0 1.0 2.0 
2 6 1.83 1.83 7.0 1.0 7.0 5.0 1.0 5.0 7.0 1.0 7.0 5.0 3.0 5.0 2.0 1.0 2.0 8.0 2.0 8.0 
2 3 1.0 1.0 10.0 1.0 10.0 5.0 2.0 5.0 4.0 2.0 4.0 
2 4 1.37 1.37 10.0 1.0 10.0 5.0 2.0 5.0 4.0 2.0 4.0 8.0 3.0 8.0 
2 3 1.5 1.5 8.0 4.0 8.0 6.0 3.0 6.0 6.0 3.0 6.0 
2 4 1.94 1.94 8.0 4.0 8.0 6.0 3.0 6.0 6.0 3.0 6.0 9.0 4.0 9.0 
2 3 1.5 1.5 5.0 1.0 5.0 5.0 4.0 5.0 4.0 2.0 4.0 
2 4 1.75 1.75 5.0 1.0 5.0 5.0 4.0 5.0 4.0 2.0 4.0 8.0 2.0 8.0 
2 3 0.79 0.79 3.0 1.0 3.0 3.0 1.0 3.0 8.0 1.0 8.0 
2 4 1.12 1.12 3.0 1.0 3.0 3.0 1.0 3.0 8.0 1.0 8.0 3.0 1.0 3.0 
2 5 1.37 1.37 3.0 1.0 3.0 3.0 1.0 3.0 8.0 1.0 8.0 3.0 1.0 3.0 4.0 1.0 4.0 
2 6 1.87 1.87 3.0 1.0 3.0 3.0 1.0 3.0 8.0 1.0 8.0 3.0 1.0 3.0 4.0 1.0 4.0 2.0 1.0 2.0 
2 3 0.65 0.65 3.0 1.0 3.0 8.0 1.0 8.0 5.0 1.0 5.0 
2 4 1.15 1.15 3.0 1.0 3.0 8.0 1.0 8.0 5.0 1.0 5.0 10.0 5.0 10.0 
2 5 1.65 1.65 3.0 1.0 3.0 8.0 1.0 8.0 5.0 1.0 5.0 10.0 5.0 10.0 4.0 2.0 4.0 
2 3 1.66 1.66 4.0 2.0 4.0 3.0 2.0 3.0 4.0 2.0 4.0 
2 4 1.8 1.8 4.0 2.0 4.0 3.0 2.0 3.0 4.0 2.0 4.0 7.0 1.0 7.0 
2 3 1.18 1.18 7.0 2.0 7.0 5.0 2.0 5.0 4.0 2.0 4.0 
2 4 1.43 1.43 7.0 2.0 7.0 5.0 2.0 5.0 4.0 2.0 4.0 4.0 1.0 4.0 
2 5 1.88 1.88 7.0 2.0 7.0 5.0 2.0 5.0 4.0 2.0 4.0 4.0 1.0 4.0 9.0 4.0 9.0 
2 3 1.21 1.21 6.0 4.0 6.0 10.0 1.0 10.0 9.0 4.0 9.0 
2 4 1.71 1.71 6.0 4.0 6.0 10.0 1.0 10.0 9.0 4.0 9.0 6.0 3.0 6.0 
2 5 1.83 1.83 6.0 4.0 6.0 10.0 1.0 10.0 9.0 4.0 9.0 6.0 3.0 6.0 8.0 1.0 8.0 
2 3 0.87 0.87 4.0 2.0 4.0 8.0 1.0 8.0 4.0 1.0 4.0 
2 4 1.07 1.07 4.0 2.0 4.0 8.0 1.0 8.0 4.0 1.0 4.0 10.0 2.0 10.0 
2 5 1.57 1.57 4.0 2.0 4.0 8.0 1.0 8.0 4.0 1.0 4.0 10.0 2.0 10.0 10.0 5.0 10.0 
2 6 1.9 1.9 4.0 2.0 4.0 8.0 1.0 8.0 4.0 1.0 4.0 10.0 2.0 10.0 10.0 5.0 10.0 6.0 2.0 6.0 
2 3 0.91 0.91 6.0 1.0 6.0 10.0 5.0 10.0 4.0 1.0 4.0 
2 4 1.01 1.01 6.0 1.0 6.0 10.0 5.0 10.0 4.0 1.0 4.0 10.0 1.0 10.0 
2 5 1.46 1.46 6.0 1.0 6.0 10.0 5.0 10.0 4.0 1.0 4.0 10.0 1.0 10.0 9.0 4.0 9.0 
2 6 1.83 1.83 6.0 1.0 6.0 10.0 5.0 10.0 4.0 1.0 4.0 10.0 1.0 10.0 9.0 4.0 9.0 8.0 3.0 8.0 
2 3 1.22 1.22 6.0 3.0 6.0 9.0 2.0 9.0 2.0 1.0 2.0 
2 4 1.42 1.42 6.0 3.0 6.0 9.0 2.0 9.0 2.0 1.0 2.0 5.0 1.0 5.0 
2 5 1.92 1.92 6.0 3.0 6.0 9.0 2.0 9.0 2.0 1.0 2.0 5.0 1.0 5.0 8.0 4.0 8.0 
2 3 2.0 2.0 4.0 4.0 4.0 6.0 3.0 6.0 6.0 3.0 6.0 
2 3 1.54 1.54 3.0 2.0 3.0 2.0 1.0 2.0 8.0 3.0 8.0 
2 3 0.79 0.79 4.0 2.0 4.0 6.0 1.0 6.0 8.0 1.0 8.0 
2 4 1.36 1.36 4.0 2.0 4.0 6.0 1.0 6.0 8.0 1.0 8.0 7.0 4.0 7.0 
2 5 1.48 1.48 4.0 2.0 4.0 6.0 1.0 6.0 8.0 1.0 8.0 7.0 4.0 7.0 8.0 1.0 8.0 
2 6 1.93 1.93 4.0 2.0 4.0 6.0 1.0 6.0 8.0 1.0 8.0 7.0 4.0 7.0 8.0 1.0 8.0 9.0 4.0 9.0 
2 3 1.16 1.16 6.0 1.0 6.0 5.0 3.0 5.0 5.0 2.0 5.0 
2 4 1.66 1.66 6.0 1.0 6.0 5.0 3.0 5.0 5.0 2.0 5.0 4.0 2.0 4.0 
2 3 1.62 1.62 2.0 2.0 2.0 2.0 1.0 2.0 8.0 1.0 8.0 
2 4 1.87 1.87 2.0 2.0 2.0 2.0 1.0 2.0 8.0 1.0 8.0 8.0 2.0 8.0 
2 3 1.01 1.01 6.0 2.0 6.0 4.0 1.0 4.0 7.0 3.0 7.0 
2 4 1.41 1.41 6.0 2.0 6.0 4.0 1.0 4.0 7.0 3.0 7.0 5.0 2.0 5.0 
2 5 1.66 1.66 6.0 2.0 6.0 4.0 1.0 4.0 7.0 3.0 7.0 5.0 2.0 5.0 8.0 2.0 8.0 
2 3 1.38 1.38 7.0 2.0 7.0 2.0 1.0 2.0 5.0 3.0 5.0 
2 4 1.63 1.63 7.0 2.0 7.0 2.0 1.0 2.0 5.0 3.0 5.0 4.0 1.0 4.0 
2 3 1.28 1.28 5.0 1.0 5.0 6.0 5.0 6.0 4.0 1.0 4.0 
2 3 1.09 1.09 7.0 3.0 7.0 10.0 5.0 10.0 6.0 1.0 6.0 
2 4 1.39 1.39 7.0 3.0 7.0 10.0 5.0 10.0 6.0 1.0 6.0 10.0 3.0 10.0 
2 5 1.83 1.83 7.0 3.0 7.0 10.0 5.0 10.0 6.0 1.0 6.0 10.0 3.0 10.0 9.0 4.0 9.0 
2 3 1.28 1.28 7.0 5.0 7.0 5.0 2.0 5.0 6.0 1.0 6.0 
2 4 1.48 1.48 7.0 5.0 7.0 5.0 2.0 5.0 6.0 1.0 6.0 10.0 2.0 10.0 
2 5 1.58 1.58 7.0 5.0 7.0 5.0 2.0 5.0 6.0 1.0 6.0 10.0 2.0 10.0 10.0 1.0 10.0 
2 6 1.72 1.72 7.0 5.0 7.0 5.0 2.0 5.0 6.0 1.0 6.0 10.0 2.0 10.0 10.0 1.0 10.0 7.0 1.0 7.0 
2 3 0.89 0.89 4.0 1.0 4.0 7.0 1.0 7.0 6.0 3.0 6.0 
2 4 1.01 1.01 4.0 1.0 4.0 7.0 1.0 7.0 6.0 3.0 6.0 8.0 1.0 8.0 
2 5 1.35 1.35 4.0 1.0 4.0 7.0 1.0 7.0 6.0 3.0 6.0 8.0 1.0 8.0 6.0 2.0 6.0 
2 6 1.51 1.51 4.0 1.0 4.0 7.0 1.0 7.0 6.0 3.0 6.0 8.0 1.0 8.0 6.0 2.0 6.0 6.0 1.0 6.0 
2 3 0.9 0.9 6.0 1.0 6.0 3.0 1.0 3.0 10.0 4.0 10.0 
2 4 1.4 1.4 6.0 1.0 6.0 3.0 1.0 3.0 10.0 4.0 10.0 2.0 1.0 2.0 
2 5 1.82 1.82 6.0 1.0 6.0 3.0 1.0 3.0 10.0 4.0 10.0 2.0 1.0 2.0 7.0 3.0 7.0 
2 3 1.25 1.25 3.0 1.0 3.0 4.0 1.0 4.0 3.0 2.0 3.0 
2 4 1.75 1.75 3.0 1.0 3.0 4.0 1.0 4.0 3.0 2.0 3.0 2.0 1.0 2.0 
2 3 1.8 1.8 2.0 2.0 2.0 5.0 3.0 5.0 5.0 1.0 5.0 
2 3 1.14 1.14 4.0 2.0 4.0 10.0 4.0 10.0 4.0 1.0 4.0 
2 3 1.12 1.12 6.0 2.0 6.0 7.0 4.0 7.0 9.0 2.0 9.0 
2 4 1.46 1.46 6.0 2.0 6.0 7.0 4.0 7.0 9.0 2.0 9.0 6.0 2.0 6.0 
2 5 1.96 1.96 6.0 2.0 6.0 7.0 4.0 7.0 9.0 2.0 9.0 6.0 2.0 6.0 10.0 5.0 10.0 
2 3 1.1 1.1 8.0 3.0 8.0 3.0 1.0 3.0 5.0 2.0 5.0 
2 4 1.27 1.27 8.0 3.0 8.0 3.0 1.0 3.0 5.0 2.0 5.0 6.0 1.0 6.0 
2 5 1.52 1.52 8.0 3.0 8.0 3.0 1.0 3.0 5.0 2.0 5.0 6.0 1.0 6.0 4.0 1.0 4.0 
2 6 1.85 1.85 8.0 3.0 8.0 3.0 1.0 3.0 5.0 2.0 5.0 6.0 1.0 6.0 4.0 1.0 4.0 3.0 1.0 3.0 
2 3 1.16 1.16 5.0 1.0 5.0 4.0 1.0 4.0 7.0 5.0 7.0 
2 4 1.28 1.28 5.0 1.0 5.0 4.0 1.0 4.0 7.0 5.0 7.0 8.0 1.0 8.0 
2 5 1.53 1.53 5.0 1.0 5.0 4.0 1.0 4.0 7.0 5.0 7.0 8.0 1.0 8.0 4.0 1.0 4.0 
2 6 1.82 1.82 5.0 1.0 5.0 4.0 1.0 4.0 7.0 5.0 7.0 8.0 1.0 8.0 4.0 1.0 4.0 7.0 2.0 7.0 
2 3 0.75 0.75 10.0 1.0 10.0 7.0 3.0 7.0 9.0 2.0 9.0 
2 4 0.89 0.89 10.0 1.0 10.0 7.0 3.0 7.0 9.0 2.0 9.0 7.0 1.0 7.0 
2 5 1.29 1.29 10.0 1.0 10.0 7.0 3.0 7.0 9.0 2.0 9.0 7.0 1.0 7.0 5.0 2.0 5.0 
2 6 1.54 1.54 10.0 1.0 10.0 7.0 3.0 7.0 9.0 2.0 9.0 7.0 1.0 7.0 5.0 2.0 5.0 4.0 1.0 4.0 
2 3 0.77 0.77 9.0 4.0 9.0 6.0 1.0 6.0 6.0 1.0 6.0 
2 4 1.11 1.11 9.0 4.0 9.0 6.0 1.0 6.0 6.0 1.0 6.0 3.0 1.0 3.0 
2 5 1.51 1.51 9.0 4.0 9.0 6.0 1.0 6.0 6.0 1.0 6.0 3.0 1.0 3.0 10.0 4.0 10.0 
2 6 1.93 1.93 9.0 4.0 9.0 6.0 1.0 6.0 6.0 1.0 6.0 3.0 1.0 3.0 10.0 4.0 10.0 7.0 3.0 7.0 
2 3 0.49 0.49 6.0 1.0 6.0 8.0 1.0 8.0 10.0 2.0 10.0 
2 4 0.89 0.89 6.0 1.0 6.0 8.0 1.0 8.0 10.0 2.0 10.0 5.0 2.0 5.0 
2 5 1.17 1.17 6.0 1.0 6.0 8.0 1.0 8.0 10.0 2.0 10.0 5.0 2.0 5.0 7.0 2.0 7.0 
2 3 0.66 0.66 6.0 1.0 6.0 6.0 1.0 6.0 3.0 1.0 3.0 
2 4 0.8 0.8 6.0 1.0 6.0 6.0 1.0 6.0 3.0 1.0 3.0 7.0 1.0 7.0 
2 5 1.09 1.09 6.0 1.0 6.0 6.0 1.0 6.0 3.0 1.0 3.0 7.0 1.0 7.0 7.0 2.0 7.0 
2 6 1.22 1.22 6.0 1.0 6.0 6.0 1.0 6.0 3.0 1.0 3.0 7.0 1.0 7.0 7.0 2.0 7.0 8.0 1.0 8.0 
2 7 1.33 1.33 6.0 1.0 6.0 6.0 1.0 6.0 3.0 1.0 3.0 7.0 1.0 7.0 7.0 2.0 7.0 8.0 1.0 8.0 9.0 1.0 9.0 
2 8 1.66 1.66 6.0 1.0 6.0 6.0 1.0 6.0 3.0 1.0 3.0 7.0 1.0 7.0 7.0 2.0 7.0 8.0 1.0 8.0 9.0 1.0 9.0 6.0 2.0 6.0 
2 3 1.03 1.03 6.0 2.0 6.0 10.0 2.0 10.0 4.0 2.0 4.0 
2 4 1.13 1.13 6.0 2.0 6.0 10.0 2.0 10.0 4.0 2.0 4.0 10.0 1.0 10.0 
2 5 1.24 1.24 6.0 2.0 6.0 10.0 2.0 10.0 4.0 2.0 4.0 10.0 1.0 10.0 9.0 1.0 9.0 
2 6 1.74 1.74 6.0 2.0 6.0 10.0 2.0 10.0 4.0 2.0 4.0 10.0 1.0 10.0 9.0 1.0 9.0 2.0 1.0 2.0 
2 3 1.42 1.42 9.0 5.0 9.0 3.0 2.0 3.0 5.0 1.0 5.0 
2 4 1.86 1.86 9.0 5.0 9.0 3.0 2.0 3.0 5.0 1.0 5.0 9.0 4.0 9.0 
2 5 1.96 1.96 9.0 5.0 9.0 3.0 2.0 3.0 5.0 1.0 5.0 9.0 4.0 9.0 10.0 1.0 10.0 
2 3 1.13 1.13 10.0 3.0 10.0 2.0 1.0 2.0 3.0 1.0 3.0 
2 4 1.38 1.38 10.0 3.0 10.0 2.0 1.0 2.0 3.0 1.0 3.0 4.0 1.0 4.0 
2 5 1.71 1.71 10.0 3.0 10.0 2.0 1.0 2.0 3.0 1.0 3.0 4.0 1.0 4.0 9.0 3.0 9.0 
2 3 1.57 1.57 4.0 3.0 4.0 7.0 3.0 7.0 5.0 2.0 5.0 
2 3 0.7 0.7 8.0 2.0 8.0 6.0 1.0 6.0 7.0 2.0 7.0 
2 4 1.03 1.03 8.0 2.0 8.0 6.0 1.0 6.0 7.0 2.0 7.0 3.0 1.0 3.0 
2 5 1.23 1.23 8.0 2.0 8.0 6.0 1.0 6.0 7.0 2.0 7.0 3.0 1.0 3.0 5.0 1.0 5.0 
2 6 1.61 1.61 8.0 2.0 8.0 6.0 1.0 6.0 7.0 2.0 7.0 3.0 1.0 3.0 5.0 1.0 5.0 8.0 3.0 8.0 
2 7 1.83 1.83 8.0 2.0 8.0 6.0 1.0 6.0 7.0 2.0 7.0 3.0 1.0 3.0 5.0 1.0 5.0 8.0 3.0 8.0 9.0 2.0 9.0 
2 3 0.86 0.86 3.0 1.0 3.0 7.0 2.0 7.0 8.0 2.0 8.0 
2 4 1.03 1.03 3.0 1.0 3.0 7.0 2.0 7.0 8.0 2.0 8.0 6.0 1.0 6.0 
2 5 1.53 1.53 3.0 1.0 3.0 7.0 2.0 7.0 8.0 2.0 8.0 6.0 1.0 6.0 8.0 4.0 8.0 
2 6 1.63 1.63 3.0 1.0 3.0 7.0 2.0 7.0 8.0 2.0 8.0 6.0 1.0 6.0 8.0 4.0 8.0 10.0 1.0 10.0 
2 3 1.2 1.2 10.0 2.0 10.0 6.0 3.0 6.0 2.0 1.0 2.0 
2 4 1.79 1.79 10.0 2.0 10.0 6.0 3.0 6.0 2.0 1.0 2.0 5.0 3.0 5.0 
2 3 1.49 1.49 3.0 2.0 3.0 2.0 1.0 2.0 3.0 1.0 3.0 
2 4 1.66 1.66 3.0 2.0 3.0 2.0 1.0 2.0 3.0 1.0 3.0 6.0 1.0 6.0 
2 5 1.91 1.91 3.0 2.0 3.0 2.0 1.0 2.0 3.0 1.0 3.0 6.0 1.0 6.0 4.0 1.0 4.0 
2 3 1.29 1.29 2.0 1.0 2.0 8.0 1.0 8.0 3.0 2.0 3.0 
2 4 1.4 1.4 2.0 1.0 2.0 8.0 1.0 8.0 3.0 2.0 3.0 9.0 1.0 9.0 
2 5 1.8 1.8 2.0 1.0 2.0 8.0 1.0 8.0 3.0 2.0 3.0 9.0 1.0 9.0 5.0 2.0 5.0 
2 3 0.86 0.86 7.0 1.0 7.0 9.0 2.0 9.0 8.0 4.0 8.0 
2 4 1.06 1.06 7.0 1.0 7.0 9.0 2.0 9.0 8.0 4.0 8.0 5.0 1.0 5.0 
2 3 1.67 1.67 2.0 1.0 2.0 5.0 3.0 5.0 7.0 4.0 7.0 
2 3 1.4 1.4 5.0 2.0 5.0 4.0 2.0 4.0 6.0 3.0 6.0 
2 4 1.82 1.82 5.0 2.0 5.0 4.0 2.0 4.0 6.0 3.0 6.0 7.0 3.0 7.0 
2 3 1.0 1.0 8.0 1.0 8.0 8.0 3.0 8.0 2.0 1.0 2.0 
2 4 1.22 1.22 8.0 1.0 8.0 8.0 3.0 8.0 2.0 1.0 2.0 9.0 2.0 9.0 
2 5 1.82 1.82 8.0 1.0 8.0 8.0 3.0 8.0 2.0 1.0 2.0 9.0 2.0 9.0 5.0 3.0 5.0 
2 3 1.67 1.67 8.0 3.0 8.0 2.0 1.0 2.0 5.0 4.0 5.0 
2 3 1.46 1.46 3.0 2.0 3.0 10.0 2.0 10.0 5.0 3.0 5.0 
2 3 1.66 1.66 2.0 1.0 2.0 3.0 3.0 3.0 6.0 1.0 6.0 
2 3 1.14 1.14 5.0 2.0 5.0 4.0 2.0 4.0 8.0 2.0 8.0 
2 4 1.4 1.4 5.0 2.0 5.0 4.0 2.0 4.0 8.0 2.0 8.0 8.0 2.0 8.0 
2 5 2.0 2.0 5.0 2.0 5.0 4.0 2.0 4.0 8.0 2.0 8.0 8.0 2.0 8.0 5.0 3.0 5.0 
2 3 0.86 0.86 2.0 1.0 2.0 5.0 1.0 5.0 6.0 1.0 6.0 
2 4 1.2 1.2 2.0 1.0 2.0 5.0 1.0 5.0 6.0 1.0 6.0 3.0 1.0 3.0 
2 5 1.7 1.7 2.0 1.0 2.0 5.0 1.0 5.0 6.0 1.0 6.0 3.0 1.0 3.0 8.0 4.0 8.0 
2 6 2.0 2.0 2.0 1.0 2.0 5.0 1.0 5.0 6.0 1.0 6.0 3.0 1.0 3.0 8.0 4.0 8.0 10.0 3.0 10.0 
2 3 1.34 1.34 9.0 4.0 9.0 2.0 1.0 2.0 5.0 2.0 5.0 
2 3 0.88 0.88 9.0 1.0 9.0 7.0 4.0 7.0 5.0 1.0 5.0 
2 4 1.38 1.38 9.0 1.0 9.0 7.0 4.0 7.0 5.0 1.0 5.0 2.0 1.0 2.0 
2 5 1.49 1.49 9.0 1.0 9.0 7.0 4.0 7.0 5.0 1.0 5.0 2.0 1.0 2.0 9.0 1.0 9.0 
2 6 1.77 1.77 9.0 1.0 9.0 7.0 4.0 7.0 5.0 1.0 5.0 2.0 1.0 2.0 9.0 1.0 9.0 7.0 2.0 7.0 
2 3 0.78 0.78 6.0 2.0 6.0 8.0 2.0 8.0 5.0 1.0 5.0 
2 4 1.18 1.18 6.0 2.0 6.0 8.0 2.0 8.0 5.0 1.0 5.0 5.0 2.0 5.0 
2 5 1.51 1.51 6.0 2.0 6.0 8.0 2.0 8.0 5.0 1.0 5.0 5.0 2.0 5.0 6.0 2.0 6.0 
2 6 1.64 1.64 6.0 2.0 6.0 8.0 2.0 8.0 5.0 1.0 5.0 5.0 2.0 5.0 6.0 2.0 6.0 8.0 1.0 8.0 
2 3 1.5 1.5 6.0 2.0 6.0 2.0 1.0 2.0 3.0 2.0 3.0 
2 4 1.7 1.7 6.0 2.0 6.0 2.0 1.0 2.0 3.0 2.0 3.0 5.0 1.0 5.0 
2 5 1.84 1.84 6.0 2.0 6.0 2.0 1.0 2.0 3.0 2.0 3.0 5.0 1.0 5.0 7.0 1.0 7.0 
2 3 0.62 0.62 8.0 2.0 8.0 4.0 1.0 4.0 8.0 1.0 8.0 
2 4 0.79 0.79 8.0 2.0 8.0 4.0 1.0 4.0 8.0 1.0 8.0 6.0 1.0 6.0 
2 5 1.29 1.29 8.0 2.0 8.0 4.0 1.0 4.0 8.0 1.0 8.0 6.0 1.0 6.0 6.0 3.0 6.0 
2 6 1.73 1.73 8.0 2.0 8.0 4.0 1.0 4.0 8.0 1.0 8.0 6.0 1.0 6.0 6.0 3.0 6.0 9.0 4.0 9.0 
2 3 1.13 1.13 3.0 1.0 3.0 4.0 1.0 4.0 9.0 5.0 9.0 
2 4 1.63 1.63 3.0 1.0 3.0 4.0 1.0 4.0 9.0 5.0 9.0 2.0 1.0 2.0 
2 5 1.97 1.97 3.0 1.0 3.0 4.0 1.0 4.0 9.0 5.0 9.0 2.0 1.0 2.0 6.0 2.0 6.0 
2 3 1.27 1.27 8.0 5.0 8.0 5.0 2.0 5.0 4.0 1.0 4.0 
2 4 1.94 1.94 8.0 5.0 8.0 5.0 2.0 5.0 4.0 1.0 4.0 3.0 2.0 3.0 
2 3 1.08 1.08 3.0 1.0 3.0 4.0 2.0 4.0 4.0 1.0 4.0 
2 4 1.28 1.28 3.0 1.0 3.0 4.0 2.0 4.0 4.0 1.0 4.0 5.0 1.0 5.0 
2 5 1.4 1.4 3.0 1.0 3.0 4.0 2.0 4.0 4.0 1.0 4.0 5.0 1.0 5.0 8.0 1.0 8.0 
2 6 1.65 1.65 3.0 1.0 3.0 4.0 2.0 4.0 4.0 1.0 4.0 5.0 1.0 5.0 8.0 1.0 8.0 8.0 2.0 8.0 
2 7 1.9 1.9 3.0 1.0 3.0 4.0 2.0 4.0 4.0 1.0 4.0 5.0 1.0 5.0 8.0 1.0 8.0 8.0 2.0 8.0 4.0 1.0 4.0 
2 3 0.97 0.97 7.0 1.0 7.0 3.0 1.0 3.0 10.0 5.0 10.0 
2 4 1.4 1.4 7.0 1.0 7.0 3.0 1.0 3.0 10.0 5.0 10.0 7.0 3.0 7.0 
2 5 1.9 1.9 7.0 1.0 7.0 3.0 1.0 3.0 10.0 5.0 10.0 7.0 3.0 7.0 4.0 2.0 4.0 
2 3 1.43 1.43 5.0 3.0 5.0 3.0 1.0 3.0 2.0 1.0 2.0 
2 4 1.93 1.93 5.0 3.0 5.0 3.0 1.0 3.0 2.0 1.0 2.0 2.0 1.0 2.0 
2 3 1.79 1.79 3.0 1.0 3.0 10.0 8.0 10.0 3.0 2.0 3.0 
2 4 1.9 1.9 3.0 1.0 3.0 10.0 8.0 10.0 3.0 2.0 3.0 10.0 1.0 10.0 
2 3 1.38 1.38 2.0 1.0 2.0 3.0 2.0 3.0 9.0 2.0 9.0 
2 4 1.78 1.78 2.0 1.0 2.0 3.0 2.0 3.0 9.0 2.0 9.0 5.0 2.0 5.0 
2 3 1.61 1.61 6.0 5.0 6.0 4.0 2.0 4.0 7.0 2.0 7.0 
2 4 1.99 1.99 6.0 5.0 6.0 4.0 2.0 4.0 7.0 2.0 7.0 8.0 3.0 8.0 
2 3 1.3 1.3 3.0 1.0 3.0 5.0 2.0 5.0 7.0 4.0 7.0 
2 4 1.97 1.97 3.0 1.0 3.0 5.0 2.0 5.0 7.0 4.0 7.0 3.0 2.0 3.0 
2 3 1.27 1.27 6.0 2.0 6.0 9.0 4.0 9.0 10.0 5.0 10.0 
2 4 1.42 1.42 6.0 2.0 6.0 9.0 4.0 9.0 10.0 5.0 10.0 7.0 1.0 7.0 
2 5 1.64 1.64 6.0 2.0 6.0 9.0 4.0 9.0 10.0 5.0 10.0 7.0 1.0 7.0 9.0 2.0 9.0 
2 3 1.12 1.12 8.0 4.0 8.0 4.0 1.0 4.0 8.0 3.0 8.0 
2 4 1.92 1.92 8.0 4.0 8.0 4.0 1.0 4.0 8.0 3.0 8.0 10.0 8.0 10.0 
2 3 1.44 1.44 5.0 4.0 5.0 2.0 1.0 2.0 7.0 1.0 7.0 
2 4 1.94 1.94 5.0 4.0 5.0 2.0 1.0 2.0 7.0 1.0 7.0 2.0 1.0 2.0 
2 3 0.86 0.86 3.0 1.0 3.0 9.0 3.0 9.0 5.0 1.0 5.0 
2 4 1.2 1.2 3.0 1.0 3.0 9.0 3.0 9.0 5.0 1.0 5.0 3.0 1.0 3.0 
2 3 2.0 2.0 6.0 2.0 6.0 3.0 2.0 3.0 5.0 5.0 5.0 
2 3 1.72 1.72 2.0 1.0 2.0 2.0 2.0 2.0 9.0 2.0 9.0 
2 3 1.5 1.5 2.0 1.0 2.0 10.0 5.0 10.0 8.0 4.0 8.0 
2 3 1.23 1.23 4.0 2.0 4.0 10.0 4.0 10.0 3.0 1.0 3.0 
2 4 1.83 1.83 4.0 2.0 4.0 10.0 4.0 10.0 3.0 1.0 3.0 5.0 3.0 5.0 
2 5 2.0 2.0 4.0 2.0 4.0 10.0 4.0 10.0 3.0 1.0 3.0 5.0 3.0 5.0 6.0 1.0 6.0 
2 3 0.9 0.9 4.0 1.0 4.0 4.0 1.0 4.0 10.0 4.0 10.0 
2 4 1.4 1.4 4.0 1.0 4.0 4.0 1.0 4.0 10.0 4.0 10.0 2.0 1.0 2.0 
2 5 1.79 1.79 4.0 1.0 4.0 4.0 1.0 4.0 10.0 4.0 10.0 2.0 1.0 2.0 10.0 4.0 10.0 
2 3 1.5 1.5 3.0 1.0 3.0 6.0 3.0 6.0 3.0 2.0 3.0 
2 4 1.61 1.61 3.0 1.0 3.0 6.0 3.0 6.0 3.0 2.0 3.0 9.0 1.0 9.0 
2 5 1.73 1.73 3.0 1.0 3.0 6.0 3.0 6.0 3.0 2.0 3.0 9.0 1.0 9.0 8.0 1.0 8.0 
2 3 1.54 1.54 8.0 7.0 8.0 2.0 1.0 2.0 6.0 1.0 6.0 
2 3 0.99 0.99 6.0 3.0 6.0 3.0 1.0 3.0 6.0 1.0 6.0 
2 4 1.5 1.5 6.0 3.0 6.0 3.0 1.0 3.0 6.0 1.0 6.0 2.0 1.0 2.0 
2 5 1.7 1.7 6.0 3.0 6.0 3.0 1.0 3.0 6.0 1.0 6.0 2.0 1.0 2.0 5.0 1.0 5.0 
2 3 1.73 1.73 5.0 5.0 5.0 3.0 1.0 3.0 5.0 2.0 5.0 
2 3 0.82 0.82 8.0 3.0 8.0 5.0 1.0 5.0 4.0 1.0 4.0 
2 4 1.15 1.15 8.0 3.0 8.0 5.0 1.0 5.0 4.0 1.0 4.0 3.0 1.0 3.0 
2 5 1.3 1.3 8.0 3.0 8.0 5.0 1.0 5.0 4.0 1.0 4.0 3.0 1.0 3.0 7.0 1.0 7.0 
2 6 1.8 1.8 8.0 3.0 8.0 5.0 1.0 5.0 4.0 1.0 4.0 3.0 1.0 3.0 7.0 1.0 7.0 2.0 1.0 2.0 
2 3 1.55 1.55 2.0 2.0 2.0 8.0 1.0 8.0 7.0 3.0 7.0 
2 3 0.61 0.61 5.0 1.0 5.0 6.0 1.0 6.0 4.0 1.0 4.0 
2 4 0.91 0.91 5.0 1.0 5.0 6.0 1.0 6.0 4.0 1.0 4.0 10.0 3.0 10.0 
2 5 1.01 1.01 5.0 1.0 5.0 6.0 1.0 6.0 4.0 1.0 4.0 10.0 3.0 10.0 10.0 1.0 10.0 
2 6 1.51 1.51 5.0 1.0 5.0 6.0 1.0 6.0 4.0 1.0 4.0 10.0 3.0 10.0 10.0 1.0 10.0 8.0 4.0 8.0 
2 3 0.62 0.62 8.0 1.0 8.0 5.0 1.0 5.0 10.0 3.0 10.0 
2 4 0.91 0.91 8.0 1.0 8.0 5.0 1.0 5.0 10.0 3.0 10.0 7.0 2.0 7.0 
2 5 1.57 1.57 8.0 1.0 8.0 5.0 1.0 5.0 10.0 3.0 10.0 7.0 2.0 7.0 3.0 2.0 3.0 
2 6 1.91 1.91 8.0 1.0 8.0 5.0 1.0 5.0 10.0 3.0 10.0 7.0 2.0 7.0 3.0 2.0 3.0 3.0 1.0 3.0 
2 3 1.18 1.18 5.0 3.0 5.0 3.0 1.0 3.0 4.0 1.0 4.0 
2 4 1.68 1.68 5.0 3.0 5.0 3.0 1.0 3.0 4.0 1.0 4.0 8.0 4.0 8.0 
2 5 1.93 1.93 5.0 3.0 5.0 3.0 1.0 3.0 4.0 1.0 4.0 8.0 4.0 8.0 8.0 2.0 8.0 
2 3 1.1 1.1 5.0 1.0 5.0 2.0 1.0 2.0 5.0 2.0 5.0 
2 4 1.7 1.7 5.0 1.0 5.0 2.0 1.0 2.0 5.0 2.0 5.0 10.0 6.0 10.0 
2 5 1.9 1.9 5.0 1.0 5.0 2.0 1.0 2.0 5.0 2.0 5.0 10.0 6.0 10.0 5.0 1.0 5.0 
2 3 1.66 1.66 3.0 2.0 3.0 9.0 3.0 9.0 3.0 2.0 3.0 
2 4 1.99 1.99 3.0 2.0 3.0 9.0 3.0 9.0 3.0 2.0 3.0 3.0 1.0 3.0 
2 3 1.57 1.57 6.0 3.0 6.0 7.0 4.0 7.0 4.0 2.0 4.0 
2 3 1.23 1.23 8.0 3.0 8.0 10.0 3.0 10.0 9.0 5.0 9.0 
2 4 1.56 1.56 8.0 3.0 8.0 10.0 3.0 10.0 9.0 5.0 9.0 9.0 3.0 9.0 
2 5 1.96 1.96 8.0 3.0 8.0 10.0 3.0 10.0 9.0 5.0 9.0 9.0 3.0 9.0 10.0 4.0 10.0 
2 3 0.8 0.8 6.0 2.0 6.0 7.0 1.0 7.0 3.0 1.0 3.0 
2 4 1.03 1.03 6.0 2.0 6.0 7.0 1.0 7.0 3.0 1.0 3.0 9.0 2.0 9.0 
2 5 1.25 1.25 6.0 2.0 6.0 7.0 1.0 7.0 3.0 1.0 3.0 9.0 2.0 9.0 9.0 2.0 9.0 
2 3 1.42 1.42 10.0 5.0 10.0 6.0 3.0 6.0 7.0 3.0 7.0 
2 4 1.76 1.76 10.0 5.0 10.0 6.0 3.0 6.0 7.0 3.0 7.0 6.0 2.0 6.0 
2 3 0.59 0.59 10.0 3.0 10.0 8.0 1.0 8.0 6.0 1.0 6.0 
2 4 1.09 1.09 10.0 3.0 10.0 8.0 1.0 8.0 6.0 1.0 6.0 2.0 1.0 2.0 
2 3 1.42 1.42 4.0 2.0 4.0 7.0 3.0 7.0 2.0 1.0 2.0 
2 4 1.85 1.85 4.0 2.0 4.0 7.0 3.0 7.0 2.0 1.0 2.0 7.0 3.0 7.0 
2 3 1.4 1.4 3.0 2.0 3.0 3.0 1.0 3.0 5.0 2.0 5.0 
2 4 1.84 1.84 3.0 2.0 3.0 3.0 1.0 3.0 5.0 2.0 5.0 9.0 4.0 9.0 
2 5 1.95 1.95 3.0 2.0 3.0 3.0 1.0 3.0 5.0 2.0 5.0 9.0 4.0 9.0 9.0 1.0 9.0 
2 3 1.59 1.59 3.0 2.0 3.0 6.0 3.0 6.0 7.0 3.0 7.0 
2 3 1.51 1.51 5.0 2.0 5.0 9.0 7.0 9.0 3.0 1.0 3.0 
2 4 1.71 1.71 5.0 2.0 5.0 9.0 7.0 9.0 3.0 1.0 3.0 10.0 2.0 10.0 
2 3 1.14 1.14 8.0 2.0 8.0 5.0 2.0 5.0 2.0 1.0 2.0 
2 3 1.8 1.8 6.0 3.0 6.0 4.0 2.0 4.0 5.0 4.0 5.0 
2 3 1.5 1.5 6.0 4.0 6.0 6.0 2.0 6.0 2.0 1.0 2.0 
2 4 2.0 2.0 6.0 4.0 6.0 6.0 2.0 6.0 2.0 1.0 2.0 4.0 2.0 4.0 
2 3 1.56 1.56 4.0 2.0 4.0 5.0 2.0 5.0 9.0 6.0 9.0 
2 4 1.85 1.85 4.0 2.0 4.0 5.0 2.0 5.0 9.0 6.0 9.0 7.0 2.0 7.0 
2 3 0.84 0.84 10.0 2.0 10.0 4.0 2.0 4.0 7.0 1.0 7.0 
2 4 1.06 1.06 10.0 2.0 10.0 4.0 2.0 4.0 7.0 1.0 7.0 9.0 2.0 9.0 
2 5 1.56 1.56 10.0 2.0 10.0 4.0 2.0 4.0 7.0 1.0 7.0 9.0 2.0 9.0 2.0 1.0 2.0 
2 3 1.43 1.43 3.0 1.0 3.0 10.0 9.0 10.0 5.0 1.0 5.0 
2 4 1.83 1.83 3.0 1.0 3.0 10.0 9.0 10.0 5.0 1.0 5.0 10.0 4.0 10.0 
2 5 1.94 1.94 3.0 1.0 3.0 10.0 9.0 10.0 5.0 1.0 5.0 10.0 4.0 10.0 9.0 1.0 9.0 
2 3 0.98 0.98 7.0 3.0 7.0 9.0 2.0 9.0 9.0 3.0 9.0 
2 4 1.48 1.48 7.0 3.0 7.0 9.0 2.0 9.0 9.0 3.0 9.0 6.0 3.0 6.0 
2 5 1.98 1.98 7.0 3.0 7.0 9.0 2.0 9.0 9.0 3.0 9.0 6.0 3.0 6.0 2.0 1.0 2.0 
2 3 1.37 1.37 8.0 3.0 8.0 2.0 1.0 2.0 4.0 2.0 4.0 
2 4 1.62 1.62 8.0 3.0 8.0 2.0 1.0 2.0 4.0 2.0 4.0 8.0 2.0 8.0 
2 5 1.95 1.95 8.0 3.0 8.0 2.0 1.0 2.0 4.0 2.0 4.0 8.0 2.0 8.0 3.0 1.0 3.0 
2 3 1.1 1.1 10.0 4.0 10.0 5.0 1.0 5.0 2.0 1.0 2.0 
2 4 1.35 1.35 10.0 4.0 10.0 5.0 1.0 5.0 2.0 1.0 2.0 4.0 1.0 4.0 
2 5 1.85 1.85 10.0 4.0 10.0 5.0 1.0 5.0 2.0 1.0 2.0 4.0 1.0 4.0 8.0 4.0 8.0 
2 3 1.16 1.16 6.0 3.0 6.0 6.0 2.0 6.0 9.0 3.0 9.0 
2 4 1.41 1.41 6.0 3.0 6.0 6.0 2.0 6.0 9.0 3.0 9.0 4.0 1.0 4.0 
2 5 1.58 1.58 6.0 3.0 6.0 6.0 2.0 6.0 9.0 3.0 9.0 4.0 1.0 4.0 6.0 1.0 6.0 
2 3 1.03 1.03 8.0 4.0 8.0 3.0 1.0 3.0 5.0 1.0 5.0 
2 4 1.46 1.46 8.0 4.0 8.0 3.0 1.0 3.0 5.0 1.0 5.0 7.0 3.0 7.0 
2 5 1.68 1.68 8.0 4.0 8.0 3.0 1.0 3.0 5.0 1.0 5.0 7.0 3.0 7.0 9.0 2.0 9.0 
2 6 1.79 1.79 8.0 4.0 8.0 3.0 1.0 3.0 5.0 1.0 5.0 7.0 3.0 7.0 9.0 2.0 9.0 9.0 1.0 9.0 
2 3 1.32 1.32 10.0 4.0 10.0 7.0 3.0 7.0 8.0 4.0 8.0 
2 4 1.66 1.66 10.0 4.0 10.0 7.0 3.0 7.0 8.0 4.0 8.0 6.0 2.0 6.0 
2 3 1.2 1.2 5.0 3.0 5.0 10.0 1.0 10.0 4.0 2.0 4.0 
2 4 1.6 1.6 5.0 3.0 5.0 10.0 1.0 10.0 4.0 2.0 4.0 10.0 4.0 10.0 
2 5 1.74 1.74 5.0 3.0 5.0 10.0 1.0 10.0 4.0 2.0 4.0 10.0 4.0 10.0 7.0 1.0 7.0 
2 3 1.4 1.4 5.0 1.0 5.0 4.0 4.0 4.0 10.0 2.0 10.0 
2 4 1.9 1.9 5.0 1.0 5.0 4.0 4.0 4.0 10.0 2.0 10.0 10.0 5.0 10.0 
2 3 1.09 1.09 9.0 3.0 9.0 7.0 3.0 7.0 3.0 1.0 3.0 
2 3 1.44 1.44 9.0 4.0 9.0 2.0 1.0 2.0 2.0 1.0 2.0 
2 3 1.4 1.4 7.0 4.0 7.0 3.0 1.0 3.0 4.0 2.0 4.0 
2 4 1.9 1.9 7.0 4.0 7.0 3.0 1.0 3.0 4.0 2.0 4.0 4.0 2.0 4.0 
2 3 1.25 1.25 6.0 2.0 6.0 6.0 1.0 6.0 8.0 6.0 8.0 
2 4 1.75 1.75 6.0 2.0 6.0 6.0 1.0 6.0 8.0 6.0 8.0 2.0 1.0 2.0 
2 5 1.87 1.87 6.0 2.0 6.0 6.0 1.0 6.0 8.0 6.0 8.0 2.0 1.0 2.0 8.0 1.0 8.0 
2 3 1.28 1.28 9.0 3.0 9.0 7.0 2.0 7.0 3.0 2.0 3.0 
2 4 1.68 1.68 9.0 3.0 9.0 7.0 2.0 7.0 3.0 2.0 3.0 5.0 2.0 5.0 
2 5 1.93 1.93 9.0 3.0 9.0 7.0 2.0 7.0 3.0 2.0 3.0 5.0 2.0 5.0 4.0 1.0 4.0 
2 3 1.77 1.77 5.0 2.0 5.0 2.0 2.0 2.0 8.0 3.0 8.0 
2 4 1.99 1.99 5.0 2.0 5.0 2.0 2.0 2.0 8.0 3.0 8.0 9.0 2.0 9.0 
2 3 1.41 1.41 4.0 1.0 4.0 3.0 2.0 3.0 10.0 5.0 10.0 
2 4 1.91 1.91 4.0 1.0 4.0 3.0 2.0 3.0 10.0 5.0 10.0 2.0 1.0 2.0 
2 3 1.04 1.04 8.0 3.0 8.0 6.0 1.0 6.0 4.0 2.0 4.0 
2 4 1.29 1.29 8.0 3.0 8.0 6.0 1.0 6.0 4.0 2.0 4.0 4.0 1.0 4.0 
2 5 1.69 1.69 8.0 3.0 8.0 6.0 1.0 6.0 4.0 2.0 4.0 4.0 1.0 4.0 5.0 2.0 5.0 
2 3 0.98 0.98 7.0 2.0 7.0 10.0 1.0 10.0 5.0 3.0 5.0 
2 4 1.28 1.28 7.0 2.0 7.0 10.0 1.0 10.0 5.0 3.0 5.0 10.0 3.0 10.0 
2 5 1.38 1.38 7.0 2.0 7.0 10.0 1.0 10.0 5.0 3.0 5.0 10.0 3.0 10.0 10.0 1.0 10.0 
2 6 1.52 1.52 7.0 2.0 7.0 10.0 1.0 10.0 5.0 3.0 5.0 10.0 3.0 10.0 10.0 1.0 10.0 7.0 1.0 7.0 
2 7 1.9 1.9 7.0 2.0 7.0 10.0 1.0 10.0 5.0 3.0 5.0 10.0 3.0 10.0 10.0 1.0 10.0 7.0 1.0 7.0 8.0 3.0 8.0 
2 3 1.58 1.58 9.0 4.0 9.0 9.0 4.0 9.0 10.0 7.0 10.0 
2 3 1.33 1.33 2.0 1.0 2.0 6.0 3.0 6.0 6.0 2.0 6.0 
2 4 1.93 1.93 2.0 1.0 2.0 6.0 3.0 6.0 6.0 2.0 6.0 5.0 3.0 5.0 
2 3 1.62 1.62 8.0 1.0 8.0 2.0 1.0 2.0 3.0 3.0 3.0 
2 4 1.95 1.95 8.0 1.0 8.0 2.0 1.0 2.0 3.0 3.0 3.0 3.0 1.0 3.0 
2 3 1.17 1.17 10.0 1.0 10.0 2.0 1.0 2.0 7.0 4.0 7.0 
2 4 1.5 1.5 10.0 1.0 10.0 2.0 1.0 2.0 7.0 4.0 7.0 3.0 1.0 3.0 
2 5 1.83 1.83 10.0 1.0 10.0 2.0 1.0 2.0 7.0 4.0 7.0 3.0 1.0 3.0 3.0 1.0 3.0 
2 3 1.6 1.6 4.0 2.0 4.0 6.0 3.0 6.0 10.0 6.0 10.0 
2 4 1.8 1.8 4.0 2.0 4.0 6.0 3.0 6.0 10.0 6.0 10.0 10.0 2.0 10.0 
2 3 0.87 0.87 2.0 1.0 2.0 8.0 1.0 8.0 4.0 1.0 4.0 
2 4 1.47 1.47 2.0 1.0 2.0 8.0 1.0 8.0 4.0 1.0 4.0 5.0 3.0 5.0 
2 5 1.72 1.72 2.0 1.0 2.0 8.0 1.0 8.0 4.0 1.0 4.0 5.0 3.0 5.0 4.0 1.0 4.0 
2 6 1.94 1.94 2.0 1.0 2.0 8.0 1.0 8.0 4.0 1.0 4.0 5.0 3.0 5.0 4.0 1.0 4.0 9.0 2.0 9.0 
2 3 1.45 1.45 8.0 4.0 8.0 7.0 2.0 7.0 3.0 2.0 3.0 
2 4 1.7 1.7 8.0 4.0 8.0 7.0 2.0 7.0 3.0 2.0 3.0 8.0 2.0 8.0 
2 3 1.59 1.59 9.0 4.0 9.0 4.0 3.0 4.0 5.0 2.0 5.0 
2 3 1.83 1.83 3.0 2.0 3.0 2.0 1.0 2.0 3.0 2.0 3.0 
2 4 1.93 1.93 3.0 2.0 3.0 2.0 1.0 2.0 3.0 2.0 3.0 10.0 1.0 10.0 
2 3 1.26 1.26 5.0 3.0 5.0 2.0 1.0 2.0 6.0 1.0 6.0 
2 4 1.36 1.36 5.0 3.0 5.0 2.0 1.0 2.0 6.0 1.0 6.0 10.0 1.0 10.0 
2 5 1.49 1.49 5.0 3.0 5.0 2.0 1.0 2.0 6.0 1.0 6.0 10.0 1.0 10.0 8.0 1.0 8.0 
2 6 1.92 1.92 5.0 3.0 5.0 2.0 1.0 2.0 6.0 1.0 6.0 10.0 1.0 10.0 8.0 1.0 8.0 7.0 3.0 7.0 
2 3 2.0 2.0 10.0 10.0 10.0 4.0 2.0 4.0 10.0 5.0 10.0 
2 3 1.18 1.18 5.0 2.0 5.0 7.0 2.0 7.0 10.0 5.0 10.0 
2 4 1.38 1.38 5.0 2.0 5.0 7.0 2.0 7.0 10.0 5.0 10.0 10.0 2.0 10.0 
2 5 1.58 1.58 5.0 2.0 5.0 7.0 2.0 7.0 10.0 5.0 10.0 10.0 2.0 10.0 5.0 1.0 5.0 
2 6 1.72 1.72 5.0 2.0 5.0 7.0 2.0 7.0 10.0 5.0 10.0 10.0 2.0 10.0 5.0 1.0 5.0 7.0 1.0 7.0 
2 3 1.33 1.33 2.0 1.0 2.0 2.0 1.0 2.0 9.0 3.0 9.0 
2 4 1.83 1.83 2.0 1.0 2.0 2.0 1.0 2.0 9.0 3.0 9.0 10.0 5.0 10.0 
2 3 1.03 1.03 9.0 1.0 9.0 7.0 3.0 7.0 2.0 1.0 2.0 
2 4 1.89 1.89 9.0 1.0 9.0 7.0 3.0 7.0 2.0 1.0 2.0 7.0 6.0 7.0 
2 3 0.82 0.82 10.0 1.0 10.0 2.0 1.0 2.0 9.0 2.0 9.0 
2 4 1.22 1.22 10.0 1.0 10.0 2.0 1.0 2.0 9.0 2.0 9.0 5.0 2.0 5.0 
2 5 1.36 1.36 10.0 1.0 10.0 2.0 1.0 2.0 9.0 2.0 9.0 5.0 2.0 5.0 7.0 1.0 7.0 
2 6 1.69 1.69 10.0 1.0 10.0 2.0 1.0 2.0 9.0 2.0 9.0 5.0 2.0 5.0 7.0 1.0 7.0 9.0 3.0 9.0 
2 3 0.69 0.69 8.0 2.0 8.0 6.0 2.0 6.0 9.0 1.0 9.0 
2 4 1.36 1.36 8.0 2.0 8.0 6.0 2.0 6.0 9.0 1.0 9.0 3.0 2.0 3.0 
2 5 1.91 1.91 8.0 2.0 8.0 6.0 2.0 6.0 9.0 1.0 9.0 3.0 2.0 3.0 9.0 5.0 9.0 
2 3 0.88 0.88 8.0 1.0 8.0 7.0 3.0 7.0 9.0 3.0 9.0 
2 4 1.22 1.22 8.0 1.0 8.0 7.0 3.0 7.0 9.0 3.0 9.0 3.0 1.0 3.0 
2 5 1.5 1.5 8.0 1.0 8.0 7.0 3.0 7.0 9.0 3.0 9.0 3.0 1.0 3.0 7.0 2.0 7.0 
2 6 1.72 1.72 8.0 1.0 8.0 7.0 3.0 7.0 9.0 3.0 9.0 3.0 1.0 3.0 7.0 2.0 7.0 9.0 2.0 9.0 
2 3 1.42 1.42 7.0 3.0 7.0 8.0 4.0 8.0 4.0 2.0 4.0 
2 4 1.98 1.98 7.0 3.0 7.0 8.0 4.0 8.0 4.0 2.0 4.0 9.0 5.0 9.0 
2 3 1.58 1.58 3.0 1.0 3.0 3.0 3.0 3.0 8.0 2.0 8.0 
2 4 1.91 1.91 3.0 1.0 3.0 3.0 3.0 3.0 8.0 2.0 8.0 3.0 1.0 3.0 
2 3 0.86 0.86 4.0 1.0 4.0 8.0 4.0 8.0 9.0 1.0 9.0 
2 4 1.36 1.36 4.0 1.0 4.0 8.0 4.0 8.0 9.0 1.0 9.0 6.0 3.0 6.0 
2 3 1.26 1.26 6.0 3.0 6.0 6.0 4.0 6.0 10.0 1.0 10.0 
2 4 1.86 1.86 6.0 3.0 6.0 6.0 4.0 6.0 10.0 1.0 10.0 5.0 3.0 5.0 
2 3 1.57 1.57 9.0 3.0 9.0 9.0 4.0 9.0 5.0 4.0 5.0 
2 4 1.97 1.97 9.0 3.0 9.0 9.0 4.0 9.0 5.0 4.0 5.0 5.0 2.0 5.0 
2 3 1.5 1.5 10.0 5.0 10.0 2.0 1.0 2.0 10.0 5.0 10.0 
2 3 0.97 0.97 5.0 3.0 5.0 8.0 2.0 8.0 8.0 1.0 8.0 
2 4 1.3 1.3 5.0 3.0 5.0 8.0 2.0 8.0 8.0 1.0 8.0 3.0 1.0 3.0 
2 5 1.86 1.86 5.0 3.0 5.0 8.0 2.0 8.0 8.0 1.0 8.0 3.0 1.0 3.0 9.0 5.0 9.0 
2 3 0.85 0.85 4.0 2.0 4.0 10.0 1.0 10.0 4.0 1.0 4.0 
2 4 1.18 1.18 4.0 2.0 4.0 10.0 1.0 10.0 4.0 1.0 4.0 9.0 3.0 9.0 
2 5 1.68 1.68 4.0 2.0 4.0 10.0 1.0 10.0 4.0 1.0 4.0 9.0 3.0 9.0 8.0 4.0 8.0 
2 3 0.59 0.59 8.0 1.0 8.0 4.0 1.0 4.0 9.0 2.0 9.0 
2 4 1.26 1.26 8.0 1.0 8.0 4.0 1.0 4.0 9.0 2.0 9.0 3.0 2.0 3.0 
2 5 1.51 1.51 8.0 1.0 8.0 4.0 1.0 4.0 9.0 2.0 9.0 3.0 2.0 3.0 4.0 1.0 4.0 
2 6 1.68 1.68 8.0 1.0 8.0 4.0 1.0 4.0 9.0 2.0 9.0 3.0 2.0 3.0 4.0 1.0 4.0 6.0 1.0 6.0 
2 7 1.88 1.88 8.0 1.0 8.0 4.0 1.0 4.0 9.0 2.0 9.0 3.0 2.0 3.0 4.0 1.0 4.0 6.0 1.0 6.0 5.0 1.0 5.0 
2 3 1.14 1.14 9.0 4.0 9.0 2.0 1.0 2.0 10.0 2.0 10.0 
2 4 1.31 1.31 9.0 4.0 9.0 2.0 1.0 2.0 10.0 2.0 10.0 6.0 1.0 6.0 
2 5 1.64 1.64 9.0 4.0 9.0 2.0 1.0 2.0 10.0 2.0 10.0 6.0 1.0 6.0 3.0 1.0 3.0 
2 6 1.89 1.89 9.0 4.0 9.0 2.0 1.0 2.0 10.0 2.0 10.0 6.0 1.0 6.0 3.0 1.0 3.0 8.0 2.0 8.0 
2 3 1.03 1.03 3.0 1.0 3.0 6.0 3.0 6.0 5.0 1.0 5.0 
2 4 1.53 1.53 3.0 1.0 3.0 6.0 3.0 6.0 5.0 1.0 5.0 2.0 1.0 2.0 
2 5 1.78 1.78 3.0 1.0 3.0 6.0 3.0 6.0 5.0 1.0 5.0 2.0 1.0 2.0 8.0 2.0 8.0 
2 3 1.02 1.02 10.0 1.0 10.0 2.0 1.0 2.0 7.0 3.0 7.0 
2 4 1.52 1.52 10.0 1.0 10.0 2.0 1.0 2.0 7.0 3.0 7.0 2.0 1.0 2.0 
2 3 1.2 1.2 10.0 1.0 10.0 2.0 1.0 2.0 5.0 3.0 5.0 
2 4 1.42 1.42 10.0 1.0 10.0 2.0 1.0 2.0 5.0 3.0 5.0 9.0 2.0 9.0 
2 5 1.52 1.52 10.0 1.0 10.0 2.0 1.0 2.0 5.0 3.0 5.0 9.0 2.0 9.0 10.0 1.0 10.0 
2 6 1.92 1.92 10.0 1.0 10.0 2.0 1.0 2.0 5.0 3.0 5.0 9.0 2.0 9.0 10.0 1.0 10.0 5.0 2.0 5.0 
2 3 0.53 0.53 10.0 2.0 10.0 9.0 1.0 9.0 9.0 2.0 9.0 
2 4 1.28 1.28 10.0 2.0 10.0 9.0 1.0 9.0 9.0 2.0 9.0 4.0 3.0 4.0 
2 5 1.78 1.78 10.0 2.0 10.0 9.0 1.0 9.0 9.0 2.0 9.0 4.0 3.0 4.0 2.0 1.0 2.0 
2 3 0.72 0.72 9.0 2.0 9.0 6.0 1.0 6.0 6.0 2.0 6.0 
2 4 1.22 1.22 9.0 2.0 9.0 6.0 1.0 6.0 6.0 2.0 6.0 4.0 2.0 4.0 
2 5 2.0 2.0 9.0 2.0 9.0 6.0 1.0 6.0 6.0 2.0 6.0 4.0 2.0 4.0 9.0 7.0 9.0 
2 3 1.03 1.03 5.0 1.0 5.0 2.0 1.0 2.0 9.0 3.0 9.0 
2 4 1.53 1.53 5.0 1.0 5.0 2.0 1.0 2.0 9.0 3.0 9.0 2.0 1.0 2.0 
2 5 1.86 1.86 5.0 1.0 5.0 2.0 1.0 2.0 9.0 3.0 9.0 2.0 1.0 2.0 3.0 1.0 3.0 
2 3 1.67 1.67 4.0 3.0 4.0 8.0 4.0 8.0 7.0 3.0 7.0 
2 3 0.97 0.97 9.0 5.0 9.0 9.0 2.0 9.0 5.0 1.0 5.0 
2 4 1.31 1.31 9.0 5.0 9.0 9.0 2.0 9.0 5.0 1.0 5.0 3.0 1.0 3.0 
2 5 1.81 1.81 9.0 5.0 9.0 9.0 2.0 9.0 5.0 1.0 5.0 3.0 1.0 3.0 2.0 1.0 2.0 
2 3 1.5 1.5 4.0 2.0 4.0 2.0 1.0 2.0 4.0 2.0 4.0 
2 4 1.9 1.9 4.0 2.0 4.0 2.0 1.0 2.0 4.0 2.0 4.0 5.0 2.0 5.0 
2 3 1.18 1.18 2.0 1.0 2.0 7.0 2.0 7.0 5.0 2.0 5.0 
2 4 1.63 1.63 2.0 1.0 2.0 7.0 2.0 7.0 5.0 2.0 5.0 9.0 4.0 9.0 
2 3 1.4 1.4 5.0 2.0 5.0 2.0 1.0 2.0 2.0 1.0 2.0 
2 4 1.56 1.56 5.0 2.0 5.0 2.0 1.0 2.0 2.0 1.0 2.0 6.0 1.0 6.0 
2 5 1.76 1.76 5.0 2.0 5.0 2.0 1.0 2.0 2.0 1.0 2.0 6.0 1.0 6.0 5.0 1.0 5.0 
2 3 1.06 1.06 6.0 3.0 6.0 8.0 1.0 8.0 9.0 4.0 9.0 
2 4 1.31 1.31 6.0 3.0 6.0 8.0 1.0 8.0 9.0 4.0 9.0 4.0 1.0 4.0 
2 5 1.65 1.65 6.0 3.0 6.0 8.0 1.0 8.0 9.0 4.0 9.0 4.0 1.0 4.0 6.0 2.0 6.0 
2 3 0.86 0.86 4.0 1.0 4.0 2.0 1.0 2.0 9.0 1.0 9.0 
2 4 1.52 1.52 4.0 1.0 4.0 2.0 1.0 2.0 9.0 1.0 9.0 3.0 2.0 3.0 
2 5 1.97 1.97 4.0 1.0 4.0 2.0 1.0 2.0 9.0 1.0 9.0 3.0 2.0 3.0 9.0 4.0 9.0 
2 3 1.08 1.08 4.0 1.0 4.0 3.0 1.0 3.0 4.0 2.0 4.0 
2 4 1.51 1.51 4.0 1.0 4.0 3.0 1.0 3.0 4.0 2.0 4.0 7.0 3.0 7.0 
2 5 1.71 1.71 4.0 1.0 4.0 3.0 1.0 3.0 4.0 2.0 4.0 7.0 3.0 7.0 5.0 1.0 5.0 
2 3 1.1 1.1 2.0 1.0 2.0 5.0 2.0 5.0 5.0 1.0 5.0 
2 4 1.98 1.98 2.0 1.0 2.0 5.0 2.0 5.0 5.0 1.0 5.0 9.0 8.0 9.0 
2 3 0.73 0.73 8.0 1.0 8.0 9.0 1.0 9.0 2.0 1.0 2.0 
2 4 1.06 1.06 8.0 1.0 8.0 9.0 1.0 9.0 2.0 1.0 2.0 3.0 1.0 3.0 
2 3 1.05 1.05 7.0 3.0 7.0 2.0 1.0 2.0 8.0 1.0 8.0 
2 4 1.19 1.19 7.0 3.0 7.0 2.0 1.0 2.0 8.0 1.0 8.0 7.0 1.0 7.0 
2 5 1.69 1.69 7.0 3.0 7.0 2.0 1.0 2.0 8.0 1.0 8.0 7.0 1.0 7.0 8.0 4.0 8.0 
2 3 1.41 1.41 7.0 2.0 7.0 8.0 1.0 8.0 6.0 6.0 6.0 
2 4 1.85 1.85 7.0 2.0 7.0 8.0 1.0 8.0 6.0 6.0 6.0 9.0 4.0 9.0 
2 3 1.35 1.35 2.0 1.0 2.0 4.0 1.0 4.0 5.0 3.0 5.0 
2 4 1.85 1.85 2.0 1.0 2.0 4.0 1.0 4.0 5.0 3.0 5.0 6.0 3.0 6.0 
2 3 1.14 1.14 5.0 2.0 5.0 4.0 2.0 4.0 4.0 1.0 4.0 
2 4 1.85 1.85 5.0 2.0 5.0 4.0 2.0 4.0 4.0 1.0 4.0 10.0 7.0 10.0 
2 3 1.1 1.1 7.0 4.0 7.0 3.0 1.0 3.0 10.0 2.0 10.0 
2 4 1.6 1.6 7.0 4.0 7.0 3.0 1.0 3.0 10.0 2.0 10.0 2.0 1.0 2.0 
2 3 0.74 0.74 6.0 2.0 6.0 9.0 1.0 9.0 10.0 3.0 10.0 
2 4 0.99 0.99 6.0 2.0 6.0 9.0 1.0 9.0 10.0 3.0 10.0 8.0 2.0 8.0 
2 5 1.21 1.21 6.0 2.0 6.0 9.0 1.0 9.0 10.0 3.0 10.0 8.0 2.0 8.0 9.0 2.0 9.0 
2 6 1.46 1.46 6.0 2.0 6.0 9.0 1.0 9.0 10.0 3.0 10.0 8.0 2.0 8.0 9.0 2.0 9.0 4.0 1.0 4.0 
2 7 1.8 1.8 6.0 2.0 6.0 9.0 1.0 9.0 10.0 3.0 10.0 8.0 2.0 8.0 9.0 2.0 9.0 4.0 1.0 4.0 6.0 2.0 6.0 
2 3 1.3 1.3 7.0 4.0 7.0 5.0 2.0 5.0 3.0 1.0 3.0 
2 4 1.7 1.7 7.0 4.0 7.0 5.0 2.0 5.0 3.0 1.0 3.0 10.0 4.0 10.0 
2 3 1.26 1.26 3.0 2.0 3.0 2.0 1.0 2.0 10.0 1.0 10.0 
2 4 1.6 1.6 3.0 2.0 3.0 2.0 1.0 2.0 10.0 1.0 10.0 6.0 2.0 6.0 
2 5 1.93 1.93 3.0 2.0 3.0 2.0 1.0 2.0 10.0 1.0 10.0 6.0 2.0 6.0 6.0 2.0 6.0 
2 3 1.25 1.25 2.0 1.0 2.0 4.0 1.0 4.0 2.0 1.0 2.0 
2 4 1.75 1.75 2.0 1.0 2.0 4.0 1.0 4.0 2.0 1.0 2.0 2.0 1.0 2.0 
2 3 1.16 1.16 2.0 1.0 2.0 2.0 1.0 2.0 6.0 1.0 6.0 
2 3 1.27 1.27 8.0 3.0 8.0 10.0 4.0 10.0 6.0 3.0 6.0 
2 4 1.6 1.6 8.0 3.0 8.0 10.0 4.0 10.0 6.0 3.0 6.0 6.0 2.0 6.0 
2 5 1.94 1.94 8.0 3.0 8.0 10.0 4.0 10.0 6.0 3.0 6.0 6.0 2.0 6.0 3.0 1.0 3.0 
2 3 0.75 0.75 4.0 1.0 4.0 7.0 2.0 7.0 9.0 2.0 9.0 
2 4 1.15 1.15 4.0 1.0 4.0 7.0 2.0 7.0 9.0 2.0 9.0 5.0 2.0 5.0 
2 5 1.44 1.44 4.0 1.0 4.0 7.0 2.0 7.0 9.0 2.0 9.0 5.0 2.0 5.0 7.0 2.0 7.0 
2 6 1.94 1.94 4.0 1.0 4.0 7.0 2.0 7.0 9.0 2.0 9.0 5.0 2.0 5.0 7.0 2.0 7.0 8.0 4.0 8.0 
2 3 0.91 0.91 6.0 1.0 6.0 8.0 2.0 8.0 6.0 3.0 6.0 
2 4 1.41 1.41 6.0 1.0 6.0 8.0 2.0 8.0 6.0 3.0 6.0 4.0 2.0 4.0 
2 5 1.54 1.54 6.0 1.0 6.0 8.0 2.0 8.0 6.0 3.0 6.0 4.0 2.0 4.0 8.0 1.0 8.0 
2 6 1.74 1.74 6.0 1.0 6.0 8.0 2.0 8.0 6.0 3.0 6.0 4.0 2.0 4.0 8.0 1.0 8.0 5.0 1.0 5.0 
2 3 1.77 1.77 6.0 5.0 6.0 9.0 4.0 9.0 4.0 2.0 4.0 
2 3 1.44 1.44 3.0 1.0 3.0 3.0 3.0 3.0 9.0 1.0 9.0 
2 4 1.81 1.81 3.0 1.0 3.0 3.0 3.0 3.0 9.0 1.0 9.0 8.0 3.0 8.0 
2 3 1.58 1.58 9.0 3.0 9.0 2.0 1.0 2.0 8.0 6.0 8.0 
2 3 1.43 1.43 10.0 1.0 10.0 3.0 2.0 3.0 3.0 2.0 3.0 
2 3 1.22 1.22 2.0 1.0 2.0 2.0 1.0 2.0 9.0 2.0 9.0 
2 4 1.66 1.66 2.0 1.0 2.0 2.0 1.0 2.0 9.0 2.0 9.0 9.0 4.0 9.0 
2 5 1.88 1.88 2.0 1.0 2.0 2.0 1.0 2.0 9.0 2.0 9.0 9.0 4.0 9.0 9.0 2.0 9.0 
2 3 1.09 1.09 7.0 1.0 7.0 3.0 2.0 3.0 7.0 2.0 7.0 
2 4 1.42 1.42 7.0 1.0 7.0 3.0 2.0 3.0 7.0 2.0 7.0 3.0 1.0 3.0 
2 5 1.53 1.53 7.0 1.0 7.0 3.0 2.0 3.0 7.0 2.0 7.0 3.0 1.0 3.0 9.0 1.0 9.0 
2 3 0.47 0.47 4.0 1.0 4.0 10.0 1.0 10.0 8.0 1.0 8.0 
2 4 0.67 0.67 4.0 1.0 4.0 10.0 1.0 10.0 8.0 1.0 8.0 5.0 1.0 5.0 
2 5 1.17 1.17 4.0 1.0 4.0 10.0 1.0 10.0 8.0 1.0 8.0 5.0 1.0 5.0 10.0 5.0 10.0 
2 6 1.67 1.67 4.0 1.0 4.0 10.0 1.0 10.0 8.0 1.0 8.0 5.0 1.0 5.0 10.0 5.0 10.0 6.0 3.0 6.0 
2 7 1.87 1.87 4.0 1.0 4.0 10.0 1.0 10.0 8.0 1.0 8.0 5.0 1.0 5.0 10.0 5.0 10.0 6.0 3.0 6.0 5.0 1.0 5.0 
2 3 1.05 1.05 2.0 1.0 2.0 3.0 1.0 3.0 9.0 2.0 9.0 
2 4 1.65 1.65 2.0 1.0 2.0 3.0 1.0 3.0 9.0 2.0 9.0 5.0 3.0 5.0 
2 3 0.69 0.69 9.0 1.0 9.0 8.0 2.0 8.0 6.0 2.0 6.0 
2 4 0.91 0.91 9.0 1.0 9.0 8.0 2.0 8.0 6.0 2.0 6.0 9.0 2.0 9.0 
2 5 1.25 1.25 9.0 1.0 9.0 8.0 2.0 8.0 6.0 2.0 6.0 9.0 2.0 9.0 9.0 3.0 9.0 
2 6 1.58 1.58 9.0 1.0 9.0 8.0 2.0 8.0 6.0 2.0 6.0 9.0 2.0 9.0 9.0 3.0 9.0 3.0 1.0 3.0 
2 7 1.91 1.91 9.0 1.0 9.0 8.0 2.0 8.0 6.0 2.0 6.0 9.0 2.0 9.0 9.0 3.0 9.0 3.0 1.0 3.0 3.0 1.0 3.0 
2 3 0.95 0.95 7.0 2.0 7.0 6.0 2.0 6.0 3.0 1.0 3.0 
2 4 1.28 1.28 7.0 2.0 7.0 6.0 2.0 6.0 3.0 1.0 3.0 3.0 1.0 3.0 
2 5 1.53 1.53 7.0 2.0 7.0 6.0 2.0 6.0 3.0 1.0 3.0 3.0 1.0 3.0 4.0 1.0 4.0 
2 6 1.86 1.86 7.0 2.0 7.0 6.0 2.0 6.0 3.0 1.0 3.0 3.0 1.0 3.0 4.0 1.0 4.0 3.0 1.0 3.0 
2 3 1.33 1.33 8.0 4.0 8.0 3.0 1.0 3.0 2.0 1.0 2.0 
2 4 1.47 1.47 8.0 4.0 8.0 3.0 1.0 3.0 2.0 1.0 2.0 7.0 1.0 7.0 
2 5 1.57 1.57 8.0 4.0 8.0 3.0 1.0 3.0 2.0 1.0 2.0 7.0 1.0 7.0 10.0 1.0 10.0 
2 6 1.9 1.9 8.0 4.0 8.0 3.0 1.0 3.0 2.0 1.0 2.0 7.0 1.0 7.0 10.0 1.0 10.0 6.0 2.0 6.0 
2 3 1.41 1.41 8.0 2.0 8.0 6.0 1.0 6.0 6.0 6.0 6.0 
2 4 1.91 1.91 8.0 2.0 8.0 6.0 1.0 6.0 6.0 6.0 6.0 6.0 3.0 6.0 
2 3 0.86 0.86 8.0 2.0 8.0 9.0 1.0 9.0 8.0 4.0 8.0 
2 4 1.52 1.52 8.0 2.0 8.0 9.0 1.0 9.0 8.0 4.0 8.0 3.0 2.0 3.0 
2 3 1.07 1.07 7.0 1.0 7.0 2.0 1.0 2.0 7.0 3.0 7.0 
2 4 1.35 1.35 7.0 1.0 7.0 2.0 1.0 2.0 7.0 3.0 7.0 7.0 2.0 7.0 
2 5 1.85 1.85 7.0 1.0 7.0 2.0 1.0 2.0 7.0 3.0 7.0 7.0 2.0 7.0 2.0 1.0 2.0 
2 3 1.19 1.19 10.0 5.0 10.0 9.0 4.0 9.0 8.0 2.0 8.0 
2 4 1.44 1.44 10.0 5.0 10.0 9.0 4.0 9.0 8.0 2.0 8.0 8.0 2.0 8.0 
2 5 1.69 1.69 10.0 5.0 10.0 9.0 4.0 9.0 8.0 2.0 8.0 8.0 2.0 8.0 4.0 1.0 4.0 
2 3 0.69 0.69 8.0 2.0 8.0 9.0 1.0 9.0 6.0 2.0 6.0 
2 4 1.09 1.09 8.0 2.0 8.0 9.0 1.0 9.0 6.0 2.0 6.0 5.0 2.0 5.0 
2 5 1.23 1.23 8.0 2.0 8.0 9.0 1.0 9.0 6.0 2.0 6.0 5.0 2.0 5.0 7.0 1.0 7.0 
2 6 1.66 1.66 8.0 2.0 8.0 9.0 1.0 9.0 6.0 2.0 6.0 5.0 2.0 5.0 7.0 1.0 7.0 7.0 3.0 7.0 
2 7 1.99 1.99 8.0 2.0 8.0 9.0 1.0 9.0 6.0 2.0 6.0 5.0 2.0 5.0 7.0 1.0 7.0 7.0 3.0 7.0 3.0 1.0 3.0 
2 3 1.12 1.12 4.0 2.0 4.0 8.0 1.0 8.0 10.0 5.0 10.0 
2 4 1.26 1.26 4.0 2.0 4.0 8.0 1.0 8.0 10.0 5.0 10.0 7.0 1.0 7.0 
2 5 1.76 1.76 4.0 2.0 4.0 8.0 1.0 8.0 10.0 5.0 10.0 7.0 1.0 7.0 10.0 5.0 10.0 
2 6 1.99 1.99 4.0 2.0 4.0 8.0 1.0 8.0 10.0 5.0 10.0 7.0 1.0 7.0 10.0 5.0 10.0 9.0 2.0 9.0 
2 3 1.5 1.5 8.0 1.0 8.0 2.0 2.0 2.0 8.0 3.0 8.0 
2 4 1.72 1.72 8.0 1.0 8.0 2.0 2.0 2.0 8.0 3.0 8.0 9.0 2.0 9.0 
2 5 1.97 1.97 8.0 1.0 8.0 2.0 2.0 2.0 8.0 3.0 8.0 9.0 2.0 9.0 4.0 1.0 4.0 
2 3 0.67 0.67 3.0 1.0 3.0 7.0 1.0 7.0 10.0 2.0 10.0 
2 4 1.0 1.0 3.0 1.0 3.0 7.0 1.0 7.0 10.0 2.0 10.0 9.0 3.0 9.0 
2 5 1.6 1.6 3.0 1.0 3.0 7.0 1.0 7.0 10.0 2.0 10.0 9.0 3.0 9.0 5.0 3.0 5.0 
2 6 1.94 1.94 3.0 1.0 3.0 7.0 1.0 7.0 10.0 2.0 10.0 9.0 3.0 9.0 5.0 3.0 5.0 9.0 3.0 9.0 
2 3 1.35 1.35 4.0 1.0 4.0 10.0 1.0 10.0 8.0 8.0 8.0 
2 4 1.77 1.77 4.0 1.0 4.0 10.0 1.0 10.0 8.0 8.0 8.0 7.0 3.0 7.0 
2 3 1.75 1.75 8.0 8.0 8.0 8.0 4.0 8.0 8.0 2.0 8.0 
2 4 1.89 1.89 8.0 8.0 8.0 8.0 4.0 8.0 8.0 2.0 8.0 7.0 1.0 7.0 
2 3 1.5 1.5 2.0 1.0 2.0 10.0 5.0 10.0 2.0 1.0 2.0 
2 4 1.92 1.92 2.0 1.0 2.0 10.0 5.0 10.0 2.0 1.0 2.0 7.0 3.0 7.0 
2 3 1.33 1.33 6.0 2.0 6.0 4.0 2.0 4.0 4.0 2.0 4.0 
2 4 1.58 1.58 6.0 2.0 6.0 4.0 2.0 4.0 4.0 2.0 4.0 4.0 1.0 4.0 
2 5 1.98 1.98 6.0 2.0 6.0 4.0 2.0 4.0 4.0 2.0 4.0 4.0 1.0 4.0 10.0 4.0 10.0 
2 3 1.62 1.62 7.0 4.0 7.0 2.0 1.0 2.0 9.0 5.0 9.0 
2 4 1.92 1.92 7.0 4.0 7.0 2.0 1.0 2.0 9.0 5.0 9.0 10.0 3.0 10.0 
2 3 1.11 1.11 5.0 3.0 5.0 9.0 1.0 9.0 10.0 4.0 10.0 
2 4 1.61 1.61 5.0 3.0 5.0 9.0 1.0 9.0 10.0 4.0 10.0 10.0 5.0 10.0 
2 5 1.86 1.86 5.0 3.0 5.0 9.0 1.0 9.0 10.0 4.0 10.0 10.0 5.0 10.0 4.0 1.0 4.0 
2 3 0.7 0.7 8.0 1.0 8.0 4.0 1.0 4.0 3.0 1.0 3.0 
2 4 0.95 0.95 8.0 1.0 8.0 4.0 1.0 4.0 3.0 1.0 3.0 4.0 1.0 4.0 
2 5 1.45 1.45 8.0 1.0 8.0 4.0 1.0 4.0 3.0 1.0 3.0 4.0 1.0 4.0 8.0 4.0 8.0 
2 6 1.79 1.79 8.0 1.0 8.0 4.0 1.0 4.0 3.0 1.0 3.0 4.0 1.0 4.0 8.0 4.0 8.0 9.0 3.0 9.0 
2 3 1.62 1.62 2.0 1.0 2.0 8.0 3.0 8.0 4.0 3.0 4.0 
2 4 1.73 1.73 2.0 1.0 2.0 8.0 3.0 8.0 4.0 3.0 4.0 9.0 1.0 9.0 
2 3 0.78 0.78 3.0 1.0 3.0 8.0 2.0 8.0 10.0 2.0 10.0 
2 4 1.28 1.28 3.0 1.0 3.0 8.0 2.0 8.0 10.0 2.0 10.0 2.0 1.0 2.0 
2 5 1.78 1.78 3.0 1.0 3.0 8.0 2.0 8.0 10.0 2.0 10.0 2.0 1.0 2.0 4.0 2.0 4.0 
2 6 1.95 1.95 3.0 1.0 3.0 8.0 2.0 8.0 10.0 2.0 10.0 2.0 1.0 2.0 4.0 2.0 4.0 6.0 1.0 6.0 
2 3 1.26 1.26 10.0 1.0 10.0 10.0 5.0 10.0 3.0 2.0 3.0 
2 4 1.76 1.76 10.0 1.0 10.0 10.0 5.0 10.0 3.0 2.0 3.0 2.0 1.0 2.0 
2 3 1.05 1.05 2.0 1.0 2.0 9.0 2.0 9.0 6.0 2.0 6.0 
2 4 1.55 1.55 2.0 1.0 2.0 9.0 2.0 9.0 6.0 2.0 6.0 4.0 2.0 4.0 
2 5 2.0 2.0 2.0 1.0 2.0 9.0 2.0 9.0 6.0 2.0 6.0 4.0 2.0 4.0 9.0 4.0 9.0 
2 3 1.42 1.42 2.0 1.0 2.0 7.0 3.0 7.0 4.0 2.0 4.0 
2 4 1.57 1.57 2.0 1.0 2.0 7.0 3.0 7.0 4.0 2.0 4.0 7.0 1.0 7.0 
2 3 1.43 1.43 6.0 2.0 6.0 5.0 3.0 5.0 2.0 1.0 2.0 
2 4 1.76 1.76 6.0 2.0 6.0 5.0 3.0 5.0 2.0 1.0 2.0 3.0 1.0 3.0 
2 3 0.89 0.89 8.0 2.0 8.0 6.0 3.0 6.0 7.0 1.0 7.0 
2 4 1.22 1.22 8.0 2.0 8.0 6.0 3.0 6.0 7.0 1.0 7.0 6.0 2.0 6.0 
2 5 1.72 1.72 8.0 2.0 8.0 6.0 3.0 6.0 7.0 1.0 7.0 6.0 2.0 6.0 2.0 1.0 2.0 
2 3 1.27 1.27 3.0 1.0 3.0 2.0 1.0 2.0 9.0 4.0 9.0 
2 4 1.7 1.7 3.0 1.0 3.0 2.0 1.0 2.0 9.0 4.0 9.0 7.0 3.0 7.0 
2 3 1.54 1.54 5.0 2.0 5.0 2.0 2.0 2.0 7.0 1.0 7.0 
2 4 1.68 1.68 5.0 2.0 5.0 2.0 2.0 2.0 7.0 1.0 7.0 7.0 1.0 7.0 
2 3 0.98 0.98 10.0 4.0 10.0 4.0 1.0 4.0 6.0 2.0 6.0 
2 4 1.31 1.31 10.0 4.0 10.0 4.0 1.0 4.0 6.0 2.0 6.0 3.0 1.0 3.0 
2 5 1.88 1.88 10.0 4.0 10.0 4.0 1.0 4.0 6.0 2.0 6.0 3.0 1.0 3.0 7.0 4.0 7.0 
2 6 1.99 1.99 10.0 4.0 10.0 4.0 1.0 4.0 6.0 2.0 6.0 3.0 1.0 3.0 7.0 4.0 7.0 9.0 1.0 9.0 
2 3 1.08 1.08 7.0 3.0 7.0 7.0 2.0 7.0 8.0 3.0 8.0 
2 4 1.28 1.28 7.0 3.0 7.0 7.0 2.0 7.0 8.0 3.0 8.0 5.0 1.0 5.0 
2 5 1.78 1.78 7.0 3.0 7.0 7.0 2.0 7.0 8.0 3.0 8.0 5.0 1.0 5.0 10.0 5.0 10.0 
2 3 1.66 1.66 7.0 6.0 7.0 4.0 1.0 4.0 9.0 5.0 9.0 
2 4 1.88 1.88 7.0 6.0 7.0 4.0 1.0 4.0 9.0 5.0 9.0 9.0 2.0 9.0 
2 3 0.84 0.84 9.0 1.0 9.0 6.0 2.0 6.0 5.0 2.0 5.0 
2 4 1.21 1.21 9.0 1.0 9.0 6.0 2.0 6.0 5.0 2.0 5.0 8.0 3.0 8.0 
2 5 1.38 1.38 9.0 1.0 9.0 6.0 2.0 6.0 5.0 2.0 5.0 8.0 3.0 8.0 6.0 1.0 6.0 
2 6 1.71 1.71 9.0 1.0 9.0 6.0 2.0 6.0 5.0 2.0 5.0 8.0 3.0 8.0 6.0 1.0 6.0 9.0 3.0 9.0 
2 3 0.88 0.88 9.0 2.0 9.0 6.0 1.0 6.0 4.0 2.0 4.0 
2 4 1.01 1.01 9.0 2.0 9.0 6.0 1.0 6.0 4.0 2.0 4.0 8.0 1.0 8.0 
2 5 1.34 1.34 9.0 2.0 9.0 6.0 1.0 6.0 4.0 2.0 4.0 8.0 1.0 8.0 3.0 1.0 3.0 
2 6 1.59 1.59 9.0 2.0 9.0 6.0 1.0 6.0 4.0 2.0 4.0 8.0 1.0 8.0 3.0 1.0 3.0 4.0 1.0 4.0 
2 3 1.33 1.33 4.0 2.0 4.0 10.0 5.0 10.0 3.0 1.0 3.0 
2 4 1.83 1.83 4.0 2.0 4.0 10.0 5.0 10.0 3.0 1.0 3.0 2.0 1.0 2.0 
2 3 1.06 1.06 3.0 2.0 3.0 5.0 1.0 5.0 5.0 1.0 5.0 
2 4 1.92 1.92 3.0 2.0 3.0 5.0 1.0 5.0 5.0 1.0 5.0 7.0 6.0 7.0 
2 3 1.25 1.25 2.0 1.0 2.0 8.0 4.0 8.0 4.0 1.0 4.0 
2 4 1.41 1.41 2.0 1.0 2.0 8.0 4.0 8.0 4.0 1.0 4.0 6.0 1.0 6.0 
2 5 1.81 1.81 2.0 1.0 2.0 8.0 4.0 8.0 4.0 1.0 4.0 6.0 1.0 6.0 10.0 4.0 10.0 
2 3 1.9 1.9 5.0 2.0 5.0 4.0 2.0 4.0 9.0 9.0 9.0 
2 3 1.11 1.11 6.0 2.0 6.0 7.0 2.0 7.0 2.0 1.0 2.0 
2 4 1.61 1.61 6.0 2.0 6.0 7.0 2.0 7.0 2.0 1.0 2.0 2.0 1.0 2.0 
2 3 1.9 1.9 7.0 6.0 7.0 7.0 5.0 7.0 6.0 2.0 6.0 
2 3 0.93 0.93 5.0 2.0 5.0 3.0 1.0 3.0 5.0 1.0 5.0 
2 4 1.43 1.43 5.0 2.0 5.0 3.0 1.0 3.0 5.0 1.0 5.0 10.0 5.0 10.0 
2 5 1.93 1.93 5.0 2.0 5.0 3.0 1.0 3.0 5.0 1.0 5.0 10.0 5.0 10.0 4.0 2.0 4.0 
2 3 1.16 1.16 4.0 2.0 4.0 4.0 2.0 4.0 6.0 1.0 6.0 
2 4 1.41 1.41 4.0 2.0 4.0 4.0 2.0 4.0 6.0 1.0 6.0 4.0 1.0 4.0 
2 5 1.66 1.66 4.0 2.0 4.0 4.0 2.0 4.0 6.0 1.0 6.0 4.0 1.0 4.0 8.0 2.0 8.0 
2 3 0.89 0.89 7.0 1.0 7.0 10.0 5.0 10.0 4.0 1.0 4.0 
2 4 1.05 1.05 7.0 1.0 7.0 10.0 5.0 10.0 4.0 1.0 4.0 6.0 1.0 6.0 
2 5 1.43 1.43 7.0 1.0 7.0 10.0 5.0 10.0 4.0 1.0 4.0 6.0 1.0 6.0 8.0 3.0 8.0 
2 6 1.68 1.68 7.0 1.0 7.0 10.0 5.0 10.0 4.0 1.0 4.0 6.0 1.0 6.0 8.0 3.0 8.0 4.0 1.0 4.0 
2 7 1.88 1.88 7.0 1.0 7.0 10.0 5.0 10.0 4.0 1.0 4.0 6.0 1.0 6.0 8.0 3.0 8.0 4.0 1.0 4.0 5.0 1.0 5.0 
2 3 1.16 1.16 6.0 1.0 6.0 10.0 5.0 10.0 4.0 2.0 4.0 
2 4 1.66 1.66 6.0 1.0 6.0 10.0 5.0 10.0 4.0 2.0 4.0 10.0 5.0 10.0 
2 5 1.99 1.99 6.0 1.0 6.0 10.0 5.0 10.0 4.0 2.0 4.0 10.0 5.0 10.0 3.0 1.0 3.0 
2 3 1.54 1.54 9.0 4.0 9.0 5.0 3.0 5.0 2.0 1.0 2.0 
2 3 1.0 1.0 6.0 1.0 6.0 6.0 2.0 6.0 6.0 3.0 6.0 
2 4 1.5 1.5 6.0 1.0 6.0 6.0 2.0 6.0 6.0 3.0 6.0 6.0 3.0 6.0 
2 5 2.0 2.0 6.0 1.0 6.0 6.0 2.0 6.0 6.0 3.0 6.0 6.0 3.0 6.0 4.0 2.0 4.0 
2 3 0.82 0.82 5.0 1.0 5.0 5.0 1.0 5.0 7.0 3.0 7.0 
2 4 1.62 1.62 5.0 1.0 5.0 5.0 1.0 5.0 7.0 3.0 7.0 5.0 4.0 5.0 
2 3 1.34 1.34 9.0 5.0 9.0 10.0 5.0 10.0 7.0 2.0 7.0 
2 4 1.74 1.74 9.0 5.0 9.0 10.0 5.0 10.0 7.0 2.0 7.0 10.0 4.0 10.0 
2 5 1.99 1.99 9.0 5.0 9.0 10.0 5.0 10.0 7.0 2.0 7.0 10.0 4.0 10.0 8.0 2.0 8.0 
2 3 1.25 1.25 8.0 2.0 8.0 8.0 4.0 8.0 6.0 3.0 6.0 
2 4 1.37 1.37 8.0 2.0 8.0 8.0 4.0 8.0 6.0 3.0 6.0 8.0 1.0 8.0 
2 5 1.81 1.81 8.0 2.0 8.0 8.0 4.0 8.0 6.0 3.0 6.0 8.0 1.0 8.0 9.0 4.0 9.0 
2 3 0.74 0.74 9.0 1.0 9.0 10.0 3.0 10.0 3.0 1.0 3.0 
2 4 0.96 0.96 9.0 1.0 9.0 10.0 3.0 10.0 3.0 1.0 3.0 9.0 2.0 9.0 
2 5 1.86 1.86 9.0 1.0 9.0 10.0 3.0 10.0 3.0 1.0 3.0 9.0 2.0 9.0 10.0 9.0 10.0 
2 3 1.2 1.2 3.0 2.0 3.0 7.0 2.0 7.0 4.0 1.0 4.0 
2 4 1.86 1.86 3.0 2.0 3.0 7.0 2.0 7.0 4.0 1.0 4.0 3.0 2.0 3.0 
2 3 1.53 1.53 7.0 7.0 7.0 3.0 1.0 3.0 5.0 1.0 5.0 
2 3 1.11 1.11 2.0 1.0 2.0 9.0 1.0 9.0 2.0 1.0 2.0 
2 4 1.33 1.33 2.0 1.0 2.0 9.0 1.0 9.0 2.0 1.0 2.0 9.0 2.0 9.0 
2 5 2.0 2.0 2.0 1.0 2.0 9.0 1.0 9.0 2.0 1.0 2.0 9.0 2.0 9.0 3.0 2.0 3.0 
2 3 2.0 2.0 4.0 2.0 4.0 2.0 1.0 2.0 4.0 4.0 4.0 
2 3 0.85 0.85 7.0 3.0 7.0 9.0 2.0 9.0 5.0 1.0 5.0 
2 4 1.1 1.1 7.0 3.0 7.0 9.0 2.0 9.0 5.0 1.0 5.0 4.0 1.0 4.0 
2 5 1.5 1.5 7.0 3.0 7.0 9.0 2.0 9.0 5.0 1.0 5.0 4.0 1.0 4.0 5.0 2.0 5.0 
2 6 1.61 1.61 7.0 3.0 7.0 9.0 2.0 9.0 5.0 1.0 5.0 4.0 1.0 4.0 5.0 2.0 5.0 9.0 1.0 9.0 
2 3 1.58 1.58 5.0 1.0 5.0 2.0 1.0 2.0 9.0 8.0 9.0 
2 3 1.5 1.5 6.0 3.0 6.0 2.0 1.0 2.0 10.0 5.0 10.0 
2 4 2.0 2.0 6.0 3.0 6.0 2.0 1.0 2.0 10.0 5.0 10.0 4.0 2.0 4.0 
2 3 1.39 1.39 7.0 1.0 7.0 2.0 2.0 2.0 4.0 1.0 4.0 
2 4 1.99 1.99 7.0 1.0 7.0 2.0 2.0 2.0 4.0 1.0 4.0 5.0 3.0 5.0 
2 3 1.06 1.06 2.0 1.0 2.0 9.0 4.0 9.0 8.0 1.0 8.0 
2 4 1.94 1.94 2.0 1.0 2.0 9.0 4.0 9.0 8.0 1.0 8.0 8.0 7.0 8.0 
2 3 1.2 1.2 4.0 2.0 4.0 5.0 1.0 5.0 2.0 1.0 2.0 
2 4 2.0 2.0 4.0 2.0 4.0 5.0 1.0 5.0 2.0 1.0 2.0 10.0 8.0 10.0 
2 3 1.2 1.2 10.0 1.0 10.0 5.0 2.0 5.0 10.0 7.0 10.0 
2 4 1.45 1.45 10.0 1.0 10.0 5.0 2.0 5.0 10.0 7.0 10.0 4.0 1.0 4.0 
2 5 1.7 1.7 10.0 1.0 10.0 5.0 2.0 5.0 10.0 7.0 10.0 4.0 1.0 4.0 4.0 1.0 4.0 
2 3 0.82 0.82 7.0 1.0 7.0 7.0 3.0 7.0 4.0 1.0 4.0 
2 4 0.94 0.94 7.0 1.0 7.0 7.0 3.0 7.0 4.0 1.0 4.0 8.0 1.0 8.0 
2 5 1.23 1.23 7.0 1.0 7.0 7.0 3.0 7.0 4.0 1.0 4.0 8.0 1.0 8.0 7.0 2.0 7.0 
2 3 1.33 1.33 3.0 1.0 3.0 4.0 1.0 4.0 4.0 3.0 4.0 
2 4 1.83 1.83 3.0 1.0 3.0 4.0 1.0 4.0 4.0 3.0 4.0 2.0 1.0 2.0 
2 3 0.79 0.79 4.0 1.0 4.0 7.0 1.0 7.0 10.0 4.0 10.0 
2 4 1.19 1.19 4.0 1.0 4.0 7.0 1.0 7.0 10.0 4.0 10.0 5.0 2.0 5.0 
2 5 1.44 1.44 4.0 1.0 4.0 7.0 1.0 7.0 10.0 4.0 10.0 5.0 2.0 5.0 4.0 1.0 4.0 
2 6 1.94 1.94 4.0 1.0 4.0 7.0 1.0 7.0 10.0 4.0 10.0 5.0 2.0 5.0 4.0 1.0 4.0 6.0 3.0 6.0 
2 3 1.4 1.4 9.0 6.0 9.0 5.0 2.0 5.0 3.0 1.0 3.0 
2 4 1.6 1.6 9.0 6.0 9.0 5.0 2.0 5.0 3.0 1.0 3.0 5.0 1.0 5.0 
2 5 1.93 1.93 9.0 6.0 9.0 5.0 2.0 5.0 3.0 1.0 3.0 5.0 1.0 5.0 3.0 1.0 3.0 
2 3 1.53 1.53 3.0 3.0 3.0 4.0 1.0 4.0 7.0 2.0 7.0 
2 4 1.91 1.91 3.0 3.0 3.0 4.0 1.0 4.0 7.0 2.0 7.0 8.0 3.0 8.0 
2 3 1.45 1.45 5.0 1.0 5.0 3.0 3.0 3.0 4.0 1.0 4.0 
2 4 1.95 1.95 5.0 1.0 5.0 3.0 3.0 3.0 4.0 1.0 4.0 2.0 1.0 2.0 
2 3 1.16 1.16 6.0 2.0 6.0 9.0 3.0 9.0 6.0 3.0 6.0 
2 4 1.56 1.56 6.0 2.0 6.0 9.0 3.0 9.0 6.0 3.0 6.0 5.0 2.0 5.0 
2 5 1.89 1.89 6.0 2.0 6.0 9.0 3.0 9.0 6.0 3.0 6.0 5.0 2.0 5.0 9.0 3.0 9.0 
2 3 0.68 0.68 4.0 1.0 4.0 10.0 1.0 10.0 6.0 2.0 6.0 
2 4 0.85 0.85 4.0 1.0 4.0 10.0 1.0 10.0 6.0 2.0 6.0 6.0 1.0 6.0 
2 5 1.05 1.05 4.0 1.0 4.0 10.0 1.0 10.0 6.0 2.0 6.0 6.0 1.0 6.0 5.0 1.0 5.0 
2 6 1.47 1.47 4.0 1.0 4.0 10.0 1.0 10.0 6.0 2.0 6.0 6.0 1.0 6.0 5.0 1.0 5.0 7.0 3.0 7.0 
2 7 1.97 1.97 4.0 1.0 4.0 10.0 1.0 10.0 6.0 2.0 6.0 6.0 1.0 6.0 5.0 1.0 5.0 7.0 3.0 7.0 2.0 1.0 2.0 
2 3 0.91 0.91 6.0 2.0 6.0 8.0 2.0 8.0 3.0 1.0 3.0 
2 4 1.13 1.13 6.0 2.0 6.0 8.0 2.0 8.0 3.0 1.0 3.0 9.0 2.0 9.0 
2 5 1.47 1.47 6.0 2.0 6.0 8.0 2.0 8.0 3.0 1.0 3.0 9.0 2.0 9.0 3.0 1.0 3.0 
2 3 1.0 1.0 8.0 3.0 8.0 2.0 1.0 2.0 8.0 1.0 8.0 
2 4 2.0 2.0 8.0 3.0 8.0 2.0 1.0 2.0 8.0 1.0 8.0 2.0 2.0 2.0 
2 3 1.76 1.76 6.0 5.0 6.0 10.0 5.0 10.0 7.0 3.0 7.0 
2 4 1.96 1.96 6.0 5.0 6.0 10.0 5.0 10.0 7.0 3.0 7.0 5.0 1.0 5.0 
2 3 1.12 1.12 7.0 5.0 7.0 7.0 2.0 7.0 8.0 1.0 8.0 
2 4 1.52 1.52 7.0 5.0 7.0 7.0 2.0 7.0 8.0 1.0 8.0 5.0 2.0 5.0 
2 5 1.62 1.62 7.0 5.0 7.0 7.0 2.0 7.0 8.0 1.0 8.0 5.0 2.0 5.0 10.0 1.0 10.0 
2 3 0.79 0.79 6.0 1.0 6.0 4.0 1.0 4.0 8.0 3.0 8.0 
2 4 1.07 1.07 6.0 1.0 6.0 4.0 1.0 4.0 8.0 3.0 8.0 7.0 2.0 7.0 
2 5 1.57 1.57 6.0 1.0 6.0 4.0 1.0 4.0 8.0 3.0 8.0 7.0 2.0 7.0 2.0 1.0 2.0 
2 3 0.68 0.68 9.0 2.0 9.0 10.0 3.0 10.0 6.0 1.0 6.0 
2 4 0.78 0.78 9.0 2.0 9.0 10.0 3.0 10.0 6.0 1.0 6.0 10.0 1.0 10.0 
2 5 0.93 0.93 9.0 2.0 9.0 10.0 3.0 10.0 6.0 1.0 6.0 10.0 1.0 10.0 7.0 1.0 7.0 
2 6 1.33 1.33 9.0 2.0 9.0 10.0 3.0 10.0 6.0 1.0 6.0 10.0 1.0 10.0 7.0 1.0 7.0 5.0 2.0 5.0 
2 7 1.58 1.58 9.0 2.0 9.0 10.0 3.0 10.0 6.0 1.0 6.0 10.0 1.0 10.0 7.0 1.0 7.0 5.0 2.0 5.0 4.0 1.0 4.0 
2 8 1.74 1.74 9.0 2.0 9.0 10.0 3.0 10.0 6.0 1.0 6.0 10.0 1.0 10.0 7.0 1.0 7.0 5.0 2.0 5.0 4.0 1.0 4.0 6.0 1.0 6.0 
2 9 1.94 1.94 9.0 2.0 9.0 10.0 3.0 10.0 6.0 1.0 6.0 10.0 1.0 10.0 7.0 1.0 7.0 5.0 2.0 5.0 4.0 1.0 4.0 6.0 1.0 6.0 5.0 1.0 5.0 
