4 5 1.89 1.89 9.0 4.0 9.0 3.0 2.0 3.0 8.0 2.0 8.0 5.0 1.0 5.0 9.0 3.0 9.0 
4 6 2.76 2.76 9.0 4.0 9.0 3.0 2.0 3.0 8.0 2.0 8.0 5.0 1.0 5.0 9.0 3.0 9.0 8.0 7.0 8.0 
4 7 3.1 3.1 9.0 4.0 9.0 3.0 2.0 3.0 8.0 2.0 8.0 5.0 1.0 5.0 9.0 3.0 9.0 8.0 7.0 8.0 6.0 2.0 6.0 
4 8 3.6 3.6 9.0 4.0 9.0 3.0 2.0 3.0 8.0 2.0 8.0 5.0 1.0 5.0 9.0 3.0 9.0 8.0 7.0 8.0 6.0 2.0 6.0 2.0 1.0 2.0 
4 9 3.71 3.71 9.0 4.0 9.0 3.0 2.0 3.0 8.0 2.0 8.0 5.0 1.0 5.0 9.0 3.0 9.0 8.0 7.0 8.0 6.0 2.0 6.0 2.0 1.0 2.0 9.0 1.0 9.0 
4 5 2.68 2.68 3.0 1.0 3.0 3.0 2.0 3.0 7.0 2.0 7.0 4.0 2.0 4.0 10.0 9.0 10.0 
4 6 3.48 3.48 3.0 1.0 3.0 3.0 2.0 3.0 7.0 2.0 7.0 4.0 2.0 4.0 10.0 9.0 10.0 10.0 8.0 10.0 
4 5 3.0 3.0 8.0 7.0 8.0 6.0 3.0 6.0 7.0 3.0 7.0 5.0 1.0 5.0 5.0 5.0 5.0 
4 6 3.37 3.37 8.0 7.0 8.0 6.0 3.0 6.0 7.0 3.0 7.0 5.0 1.0 5.0 5.0 5.0 5.0 8.0 3.0 8.0 
4 7 3.95 3.95 8.0 7.0 8.0 6.0 3.0 6.0 7.0 3.0 7.0 5.0 1.0 5.0 5.0 5.0 5.0 8.0 3.0 8.0 7.0 4.0 7.0 
4 5 2.61 2.61 9.0 1.0 9.0 4.0 4.0 4.0 8.0 4.0 8.0 5.0 3.0 5.0 5.0 2.0 5.0 
4 6 3.46 3.46 9.0 1.0 9.0 4.0 4.0 4.0 8.0 4.0 8.0 5.0 3.0 5.0 5.0 2.0 5.0 7.0 6.0 7.0 
4 7 3.96 3.96 9.0 1.0 9.0 4.0 4.0 4.0 8.0 4.0 8.0 5.0 3.0 5.0 5.0 2.0 5.0 7.0 6.0 7.0 6.0 3.0 6.0 
4 5 2.75 2.75 10.0 2.0 10.0 3.0 2.0 3.0 6.0 4.0 6.0 9.0 8.0 9.0 3.0 1.0 3.0 
4 6 3.55 3.55 10.0 2.0 10.0 3.0 2.0 3.0 6.0 4.0 6.0 9.0 8.0 9.0 3.0 1.0 3.0 5.0 4.0 5.0 
4 7 3.75 3.75 10.0 2.0 10.0 3.0 2.0 3.0 6.0 4.0 6.0 9.0 8.0 9.0 3.0 1.0 3.0 5.0 4.0 5.0 5.0 1.0 5.0 
4 5 2.59 2.59 10.0 1.0 10.0 2.0 1.0 2.0 3.0 2.0 3.0 3.0 1.0 3.0 5.0 5.0 5.0 
4 6 3.59 3.59 10.0 1.0 10.0 2.0 1.0 2.0 3.0 2.0 3.0 3.0 1.0 3.0 5.0 5.0 5.0 2.0 2.0 2.0 
4 5 3.82 3.82 3.0 1.0 3.0 2.0 2.0 2.0 7.0 6.0 7.0 8.0 6.0 8.0 9.0 8.0 9.0 
4 5 2.97 2.97 10.0 10.0 10.0 3.0 1.0 3.0 7.0 6.0 7.0 7.0 2.0 7.0 2.0 1.0 2.0 
4 6 3.14 3.14 10.0 10.0 10.0 3.0 1.0 3.0 7.0 6.0 7.0 7.0 2.0 7.0 2.0 1.0 2.0 6.0 1.0 6.0 
4 7 3.74 3.74 10.0 10.0 10.0 3.0 1.0 3.0 7.0 6.0 7.0 7.0 2.0 7.0 2.0 1.0 2.0 6.0 1.0 6.0 10.0 6.0 10.0 
4 5 1.58 1.58 8.0 6.0 8.0 9.0 1.0 9.0 9.0 2.0 9.0 4.0 1.0 4.0 4.0 1.0 4.0 
4 6 2.08 2.08 8.0 6.0 8.0 9.0 1.0 9.0 9.0 2.0 9.0 4.0 1.0 4.0 4.0 1.0 4.0 6.0 3.0 6.0 
4 7 2.94 2.94 8.0 6.0 8.0 9.0 1.0 9.0 9.0 2.0 9.0 4.0 1.0 4.0 4.0 1.0 4.0 6.0 3.0 6.0 7.0 6.0 7.0 
4 8 3.6 3.6 8.0 6.0 8.0 9.0 1.0 9.0 9.0 2.0 9.0 4.0 1.0 4.0 4.0 1.0 4.0 6.0 3.0 6.0 7.0 6.0 7.0 6.0 4.0 6.0 
4 9 3.77 3.77 8.0 6.0 8.0 9.0 1.0 9.0 9.0 2.0 9.0 4.0 1.0 4.0 4.0 1.0 4.0 6.0 3.0 6.0 7.0 6.0 7.0 6.0 4.0 6.0 6.0 1.0 6.0 
4 5 2.48 2.48 6.0 6.0 6.0 4.0 2.0 4.0 7.0 2.0 7.0 5.0 1.0 5.0 2.0 1.0 2.0 
4 6 3.08 3.08 6.0 6.0 6.0 4.0 2.0 4.0 7.0 2.0 7.0 5.0 1.0 5.0 2.0 1.0 2.0 10.0 6.0 10.0 
4 7 3.98 3.98 6.0 6.0 6.0 4.0 2.0 4.0 7.0 2.0 7.0 5.0 1.0 5.0 2.0 1.0 2.0 10.0 6.0 10.0 10.0 9.0 10.0 
4 5 2.53 2.53 9.0 4.0 9.0 9.0 4.0 9.0 8.0 2.0 8.0 10.0 5.0 10.0 10.0 9.0 10.0 
4 6 3.37 3.37 9.0 4.0 9.0 9.0 4.0 9.0 8.0 2.0 8.0 10.0 5.0 10.0 10.0 9.0 10.0 6.0 5.0 6.0 
4 7 3.94 3.94 9.0 4.0 9.0 9.0 4.0 9.0 8.0 2.0 8.0 10.0 5.0 10.0 10.0 9.0 10.0 6.0 5.0 6.0 7.0 4.0 7.0 
4 5 1.96 1.96 6.0 2.0 6.0 9.0 1.0 9.0 7.0 1.0 7.0 8.0 8.0 8.0 8.0 3.0 8.0 
4 6 2.86 2.86 6.0 2.0 6.0 9.0 1.0 9.0 7.0 1.0 7.0 8.0 8.0 8.0 8.0 3.0 8.0 10.0 9.0 10.0 
4 7 2.98 2.98 6.0 2.0 6.0 9.0 1.0 9.0 7.0 1.0 7.0 8.0 8.0 8.0 8.0 3.0 8.0 10.0 9.0 10.0 8.0 1.0 8.0 
4 8 3.98 3.98 6.0 2.0 6.0 9.0 1.0 9.0 7.0 1.0 7.0 8.0 8.0 8.0 8.0 3.0 8.0 10.0 9.0 10.0 8.0 1.0 8.0 5.0 5.0 5.0 
4 5 3.52 3.52 3.0 3.0 3.0 10.0 4.0 10.0 4.0 1.0 4.0 3.0 3.0 3.0 8.0 7.0 8.0 
4 5 3.02 3.02 8.0 6.0 8.0 10.0 9.0 10.0 2.0 1.0 2.0 7.0 4.0 7.0 10.0 3.0 10.0 
4 5 2.7 2.7 3.0 1.0 3.0 6.0 3.0 6.0 8.0 3.0 8.0 2.0 1.0 2.0 2.0 2.0 2.0 
4 6 3.45 3.45 3.0 1.0 3.0 6.0 3.0 6.0 8.0 3.0 8.0 2.0 1.0 2.0 2.0 2.0 2.0 4.0 3.0 4.0 
4 7 3.62 3.62 3.0 1.0 3.0 6.0 3.0 6.0 8.0 3.0 8.0 2.0 1.0 2.0 2.0 2.0 2.0 4.0 3.0 4.0 6.0 1.0 6.0 
4 5 2.88 2.88 2.0 2.0 2.0 4.0 2.0 4.0 5.0 1.0 5.0 9.0 8.0 9.0 10.0 3.0 10.0 
4 6 3.66 3.66 2.0 2.0 2.0 4.0 2.0 4.0 5.0 1.0 5.0 9.0 8.0 9.0 10.0 3.0 10.0 9.0 7.0 9.0 
4 5 3.62 3.62 4.0 2.0 4.0 4.0 1.0 4.0 6.0 6.0 6.0 6.0 6.0 6.0 8.0 7.0 8.0 
4 5 1.81 1.81 10.0 2.0 10.0 3.0 2.0 3.0 5.0 1.0 5.0 8.0 4.0 8.0 4.0 1.0 4.0 
4 6 2.41 2.41 10.0 2.0 10.0 3.0 2.0 3.0 5.0 1.0 5.0 8.0 4.0 8.0 4.0 1.0 4.0 5.0 3.0 5.0 
4 7 3.21 3.21 10.0 2.0 10.0 3.0 2.0 3.0 5.0 1.0 5.0 8.0 4.0 8.0 4.0 1.0 4.0 5.0 3.0 5.0 5.0 4.0 5.0 
4 8 3.61 3.61 10.0 2.0 10.0 3.0 2.0 3.0 5.0 1.0 5.0 8.0 4.0 8.0 4.0 1.0 4.0 5.0 3.0 5.0 5.0 4.0 5.0 5.0 2.0 5.0 
4 5 3.68 3.68 2.0 1.0 2.0 10.0 10.0 10.0 9.0 6.0 9.0 5.0 4.0 5.0 7.0 5.0 7.0 
4 5 3.83 3.83 4.0 2.0 4.0 4.0 4.0 4.0 6.0 4.0 6.0 10.0 10.0 10.0 6.0 4.0 6.0 
4 5 3.87 3.87 2.0 2.0 2.0 5.0 4.0 5.0 10.0 9.0 10.0 4.0 3.0 4.0 7.0 3.0 7.0 
4 5 2.3 2.3 3.0 1.0 3.0 7.0 5.0 7.0 6.0 1.0 6.0 3.0 2.0 3.0 7.0 3.0 7.0 
4 6 2.8 2.8 3.0 1.0 3.0 7.0 5.0 7.0 6.0 1.0 6.0 3.0 2.0 3.0 7.0 3.0 7.0 4.0 2.0 4.0 
4 7 3.47 3.47 3.0 1.0 3.0 7.0 5.0 7.0 6.0 1.0 6.0 3.0 2.0 3.0 7.0 3.0 7.0 4.0 2.0 4.0 3.0 2.0 3.0 
4 8 3.72 3.72 3.0 1.0 3.0 7.0 5.0 7.0 6.0 1.0 6.0 3.0 2.0 3.0 7.0 3.0 7.0 4.0 2.0 4.0 3.0 2.0 3.0 8.0 2.0 8.0 
4 9 3.83 3.83 3.0 1.0 3.0 7.0 5.0 7.0 6.0 1.0 6.0 3.0 2.0 3.0 7.0 3.0 7.0 4.0 2.0 4.0 3.0 2.0 3.0 8.0 2.0 8.0 9.0 1.0 9.0 
4 5 3.76 3.76 4.0 3.0 4.0 2.0 2.0 2.0 7.0 1.0 7.0 2.0 2.0 2.0 8.0 7.0 8.0 
4 5 3.16 3.16 9.0 8.0 9.0 9.0 6.0 9.0 8.0 6.0 8.0 9.0 1.0 9.0 4.0 3.0 4.0 
4 6 3.83 3.83 9.0 8.0 9.0 9.0 6.0 9.0 8.0 6.0 8.0 9.0 1.0 9.0 4.0 3.0 4.0 6.0 4.0 6.0 
4 5 2.25 2.25 5.0 1.0 5.0 5.0 4.0 5.0 4.0 1.0 4.0 2.0 1.0 2.0 6.0 3.0 6.0 
4 6 2.75 2.75 5.0 1.0 5.0 5.0 4.0 5.0 4.0 1.0 4.0 2.0 1.0 2.0 6.0 3.0 6.0 8.0 4.0 8.0 
4 7 2.95 2.95 5.0 1.0 5.0 5.0 4.0 5.0 4.0 1.0 4.0 2.0 1.0 2.0 6.0 3.0 6.0 8.0 4.0 8.0 5.0 1.0 5.0 
4 8 3.28 3.28 5.0 1.0 5.0 5.0 4.0 5.0 4.0 1.0 4.0 2.0 1.0 2.0 6.0 3.0 6.0 8.0 4.0 8.0 5.0 1.0 5.0 3.0 1.0 3.0 
4 5 3.55 3.55 2.0 1.0 2.0 5.0 5.0 5.0 8.0 8.0 8.0 5.0 4.0 5.0 4.0 1.0 4.0 
4 5 3.62 3.62 4.0 3.0 4.0 3.0 3.0 3.0 9.0 8.0 9.0 7.0 2.0 7.0 10.0 7.0 10.0 
4 6 3.79 3.79 4.0 3.0 4.0 3.0 3.0 3.0 9.0 8.0 9.0 7.0 2.0 7.0 10.0 7.0 10.0 6.0 1.0 6.0 
4 5 3.51 3.51 9.0 8.0 9.0 8.0 8.0 8.0 5.0 2.0 5.0 9.0 2.0 9.0 2.0 2.0 2.0 
4 5 3.04 3.04 8.0 5.0 8.0 3.0 2.0 3.0 9.0 5.0 9.0 2.0 2.0 2.0 10.0 2.0 10.0 
4 5 2.38 2.38 5.0 5.0 5.0 6.0 1.0 6.0 9.0 2.0 9.0 4.0 2.0 4.0 6.0 3.0 6.0 
4 6 3.38 3.38 5.0 5.0 5.0 6.0 1.0 6.0 9.0 2.0 9.0 4.0 2.0 4.0 6.0 3.0 6.0 2.0 2.0 2.0 
4 7 3.72 3.72 5.0 5.0 5.0 6.0 1.0 6.0 9.0 2.0 9.0 4.0 2.0 4.0 6.0 3.0 6.0 2.0 2.0 2.0 3.0 1.0 3.0 
4 5 2.25 2.25 7.0 1.0 7.0 9.0 3.0 9.0 6.0 1.0 6.0 4.0 3.0 4.0 7.0 6.0 7.0 
4 6 2.62 2.62 7.0 1.0 7.0 9.0 3.0 9.0 6.0 1.0 6.0 4.0 3.0 4.0 7.0 6.0 7.0 8.0 3.0 8.0 
4 7 3.37 3.37 7.0 1.0 7.0 9.0 3.0 9.0 6.0 1.0 6.0 4.0 3.0 4.0 7.0 6.0 7.0 8.0 3.0 8.0 4.0 3.0 4.0 
4 5 2.57 2.57 5.0 3.0 5.0 6.0 3.0 6.0 7.0 1.0 7.0 3.0 1.0 3.0 7.0 7.0 7.0 
4 6 2.9 2.9 5.0 3.0 5.0 6.0 3.0 6.0 7.0 1.0 7.0 3.0 1.0 3.0 7.0 7.0 7.0 6.0 2.0 6.0 
4 7 3.57 3.57 5.0 3.0 5.0 6.0 3.0 6.0 7.0 1.0 7.0 3.0 1.0 3.0 7.0 7.0 7.0 6.0 2.0 6.0 9.0 6.0 9.0 
4 8 3.9 3.9 5.0 3.0 5.0 6.0 3.0 6.0 7.0 1.0 7.0 3.0 1.0 3.0 7.0 7.0 7.0 6.0 2.0 6.0 9.0 6.0 9.0 3.0 1.0 3.0 
4 5 2.94 2.94 8.0 6.0 8.0 3.0 1.0 3.0 9.0 7.0 9.0 5.0 4.0 5.0 7.0 2.0 7.0 
4 6 3.5 3.5 8.0 6.0 8.0 3.0 1.0 3.0 9.0 7.0 9.0 5.0 4.0 5.0 7.0 2.0 7.0 9.0 5.0 9.0 
4 7 3.7 3.7 8.0 6.0 8.0 3.0 1.0 3.0 9.0 7.0 9.0 5.0 4.0 5.0 7.0 2.0 7.0 9.0 5.0 9.0 5.0 1.0 5.0 
4 5 2.96 2.96 8.0 6.0 8.0 7.0 1.0 7.0 4.0 2.0 4.0 2.0 2.0 2.0 7.0 4.0 7.0 
4 6 3.46 3.46 8.0 6.0 8.0 7.0 1.0 7.0 4.0 2.0 4.0 2.0 2.0 2.0 7.0 4.0 7.0 2.0 1.0 2.0 
4 7 3.6 3.6 8.0 6.0 8.0 7.0 1.0 7.0 4.0 2.0 4.0 2.0 2.0 2.0 7.0 4.0 7.0 2.0 1.0 2.0 7.0 1.0 7.0 
4 5 2.46 2.46 8.0 2.0 8.0 6.0 1.0 6.0 7.0 7.0 7.0 7.0 5.0 7.0 3.0 1.0 3.0 
4 6 3.46 3.46 8.0 2.0 8.0 6.0 1.0 6.0 7.0 7.0 7.0 7.0 5.0 7.0 3.0 1.0 3.0 5.0 5.0 5.0 
4 7 3.79 3.79 8.0 2.0 8.0 6.0 1.0 6.0 7.0 7.0 7.0 7.0 5.0 7.0 3.0 1.0 3.0 5.0 5.0 5.0 9.0 3.0 9.0 
4 5 2.56 2.56 6.0 4.0 6.0 6.0 2.0 6.0 9.0 4.0 9.0 8.0 1.0 8.0 9.0 9.0 9.0 
4 6 2.9 2.9 6.0 4.0 6.0 6.0 2.0 6.0 9.0 4.0 9.0 8.0 1.0 8.0 9.0 9.0 9.0 9.0 3.0 9.0 
4 7 3.12 3.12 6.0 4.0 6.0 6.0 2.0 6.0 9.0 4.0 9.0 8.0 1.0 8.0 9.0 9.0 9.0 9.0 3.0 9.0 9.0 2.0 9.0 
4 8 3.45 3.45 6.0 4.0 6.0 6.0 2.0 6.0 9.0 4.0 9.0 8.0 1.0 8.0 9.0 9.0 9.0 9.0 3.0 9.0 9.0 2.0 9.0 3.0 1.0 3.0 
4 5 2.53 2.53 7.0 2.0 7.0 10.0 2.0 10.0 8.0 2.0 8.0 5.0 4.0 5.0 2.0 2.0 2.0 
4 6 3.03 3.03 7.0 2.0 7.0 10.0 2.0 10.0 8.0 2.0 8.0 5.0 4.0 5.0 2.0 2.0 2.0 6.0 3.0 6.0 
4 7 3.83 3.83 7.0 2.0 7.0 10.0 2.0 10.0 8.0 2.0 8.0 5.0 4.0 5.0 2.0 2.0 2.0 6.0 3.0 6.0 5.0 4.0 5.0 
4 5 3.85 3.85 3.0 3.0 3.0 2.0 1.0 2.0 7.0 6.0 7.0 9.0 9.0 9.0 4.0 2.0 4.0 
4 5 1.68 1.68 7.0 1.0 7.0 7.0 3.0 7.0 7.0 1.0 7.0 5.0 2.0 5.0 7.0 4.0 7.0 
4 6 2.68 2.68 7.0 1.0 7.0 7.0 3.0 7.0 7.0 1.0 7.0 5.0 2.0 5.0 7.0 4.0 7.0 2.0 2.0 2.0 
4 7 3.11 3.11 7.0 1.0 7.0 7.0 3.0 7.0 7.0 1.0 7.0 5.0 2.0 5.0 7.0 4.0 7.0 2.0 2.0 2.0 7.0 3.0 7.0 
4 8 3.31 3.31 7.0 1.0 7.0 7.0 3.0 7.0 7.0 1.0 7.0 5.0 2.0 5.0 7.0 4.0 7.0 2.0 2.0 2.0 7.0 3.0 7.0 5.0 1.0 5.0 
4 9 3.81 3.81 7.0 1.0 7.0 7.0 3.0 7.0 7.0 1.0 7.0 5.0 2.0 5.0 7.0 4.0 7.0 2.0 2.0 2.0 7.0 3.0 7.0 5.0 1.0 5.0 2.0 1.0 2.0 
4 5 2.27 2.27 5.0 4.0 5.0 9.0 3.0 9.0 10.0 3.0 10.0 9.0 4.0 9.0 5.0 2.0 5.0 
4 6 3.27 3.27 5.0 4.0 5.0 9.0 3.0 9.0 10.0 3.0 10.0 9.0 4.0 9.0 5.0 2.0 5.0 5.0 5.0 5.0 
4 7 3.61 3.61 5.0 4.0 5.0 9.0 3.0 9.0 10.0 3.0 10.0 9.0 4.0 9.0 5.0 2.0 5.0 5.0 5.0 5.0 6.0 2.0 6.0 
4 5 3.63 3.63 9.0 4.0 9.0 6.0 5.0 6.0 7.0 6.0 7.0 4.0 4.0 4.0 6.0 3.0 6.0 
4 5 3.38 3.38 9.0 6.0 9.0 7.0 4.0 7.0 3.0 3.0 3.0 7.0 5.0 7.0 7.0 3.0 7.0 
4 5 3.96 3.96 6.0 5.0 6.0 2.0 2.0 2.0 7.0 5.0 7.0 4.0 3.0 4.0 3.0 2.0 3.0 
4 5 3.53 3.53 5.0 1.0 5.0 6.0 4.0 6.0 6.0 6.0 6.0 6.0 4.0 6.0 3.0 3.0 3.0 
4 5 3.38 3.38 10.0 5.0 10.0 3.0 1.0 3.0 5.0 4.0 5.0 4.0 3.0 4.0 6.0 6.0 6.0 
4 5 2.41 2.41 3.0 1.0 3.0 10.0 6.0 10.0 3.0 1.0 3.0 10.0 4.0 10.0 8.0 6.0 8.0 
4 6 2.84 2.84 3.0 1.0 3.0 10.0 6.0 10.0 3.0 1.0 3.0 10.0 4.0 10.0 8.0 6.0 8.0 7.0 3.0 7.0 
4 7 3.4 3.4 3.0 1.0 3.0 10.0 6.0 10.0 3.0 1.0 3.0 10.0 4.0 10.0 8.0 6.0 8.0 7.0 3.0 7.0 9.0 5.0 9.0 
4 8 3.9 3.9 3.0 1.0 3.0 10.0 6.0 10.0 3.0 1.0 3.0 10.0 4.0 10.0 8.0 6.0 8.0 7.0 3.0 7.0 9.0 5.0 9.0 4.0 2.0 4.0 
4 5 2.88 2.88 7.0 5.0 7.0 6.0 1.0 6.0 9.0 6.0 9.0 6.0 4.0 6.0 9.0 6.0 9.0 
4 6 3.63 3.63 7.0 5.0 7.0 6.0 1.0 6.0 9.0 6.0 9.0 6.0 4.0 6.0 9.0 6.0 9.0 8.0 6.0 8.0 
4 5 2.02 2.02 4.0 1.0 4.0 9.0 1.0 9.0 8.0 4.0 8.0 6.0 3.0 6.0 3.0 2.0 3.0 
4 6 2.13 2.13 4.0 1.0 4.0 9.0 1.0 9.0 8.0 4.0 8.0 6.0 3.0 6.0 3.0 2.0 3.0 9.0 1.0 9.0 
4 7 2.3 2.3 4.0 1.0 4.0 9.0 1.0 9.0 8.0 4.0 8.0 6.0 3.0 6.0 3.0 2.0 3.0 9.0 1.0 9.0 6.0 1.0 6.0 
4 8 2.55 2.55 4.0 1.0 4.0 9.0 1.0 9.0 8.0 4.0 8.0 6.0 3.0 6.0 3.0 2.0 3.0 9.0 1.0 9.0 6.0 1.0 6.0 4.0 1.0 4.0 
4 9 2.88 2.88 4.0 1.0 4.0 9.0 1.0 9.0 8.0 4.0 8.0 6.0 3.0 6.0 3.0 2.0 3.0 9.0 1.0 9.0 6.0 1.0 6.0 4.0 1.0 4.0 6.0 2.0 6.0 
4 10 3.31 3.31 4.0 1.0 4.0 9.0 1.0 9.0 8.0 4.0 8.0 6.0 3.0 6.0 3.0 2.0 3.0 9.0 1.0 9.0 6.0 1.0 6.0 4.0 1.0 4.0 6.0 2.0 6.0 7.0 3.0 7.0 
4 5 3.62 3.62 3.0 3.0 3.0 6.0 3.0 6.0 2.0 1.0 2.0 8.0 5.0 8.0 2.0 2.0 2.0 
4 5 3.08 3.08 6.0 4.0 6.0 4.0 1.0 4.0 5.0 3.0 5.0 7.0 4.0 7.0 2.0 2.0 2.0 
4 6 3.65 3.65 6.0 4.0 6.0 4.0 1.0 4.0 5.0 3.0 5.0 7.0 4.0 7.0 2.0 2.0 2.0 7.0 4.0 7.0 
4 5 3.96 3.96 8.0 6.0 8.0 10.0 7.0 10.0 9.0 8.0 9.0 10.0 10.0 10.0 8.0 5.0 8.0 
4 5 2.42 2.42 7.0 4.0 7.0 3.0 2.0 3.0 6.0 1.0 6.0 9.0 2.0 9.0 10.0 8.0 10.0 
4 6 3.26 3.26 7.0 4.0 7.0 3.0 2.0 3.0 6.0 1.0 6.0 9.0 2.0 9.0 10.0 8.0 10.0 6.0 5.0 6.0 
4 5 2.07 2.07 7.0 3.0 7.0 5.0 3.0 5.0 10.0 2.0 10.0 4.0 3.0 4.0 10.0 1.0 10.0 
4 6 3.07 3.07 7.0 3.0 7.0 5.0 3.0 5.0 10.0 2.0 10.0 4.0 3.0 4.0 10.0 1.0 10.0 2.0 2.0 2.0 
4 7 3.74 3.74 7.0 3.0 7.0 5.0 3.0 5.0 10.0 2.0 10.0 4.0 3.0 4.0 10.0 1.0 10.0 2.0 2.0 2.0 9.0 6.0 9.0 
4 5 2.53 2.53 3.0 2.0 3.0 9.0 5.0 9.0 6.0 4.0 6.0 4.0 2.0 4.0 7.0 1.0 7.0 
4 6 2.64 2.64 3.0 2.0 3.0 9.0 5.0 9.0 6.0 4.0 6.0 4.0 2.0 4.0 7.0 1.0 7.0 9.0 1.0 9.0 
4 7 2.78 2.78 3.0 2.0 3.0 9.0 5.0 9.0 6.0 4.0 6.0 4.0 2.0 4.0 7.0 1.0 7.0 9.0 1.0 9.0 7.0 1.0 7.0 
4 8 3.78 3.78 3.0 2.0 3.0 9.0 5.0 9.0 6.0 4.0 6.0 4.0 2.0 4.0 7.0 1.0 7.0 9.0 1.0 9.0 7.0 1.0 7.0 3.0 3.0 3.0 
4 5 3.0 3.0 10.0 9.0 10.0 10.0 6.0 10.0 7.0 5.0 7.0 7.0 2.0 7.0 4.0 2.0 4.0 
4 6 3.83 3.83 10.0 9.0 10.0 10.0 6.0 10.0 7.0 5.0 7.0 7.0 2.0 7.0 4.0 2.0 4.0 6.0 5.0 6.0 
4 5 3.18 3.18 2.0 2.0 2.0 2.0 1.0 2.0 3.0 1.0 3.0 10.0 6.0 10.0 4.0 3.0 4.0 
4 5 3.24 3.24 5.0 5.0 5.0 7.0 3.0 7.0 4.0 2.0 4.0 9.0 8.0 9.0 7.0 3.0 7.0 
4 6 3.81 3.81 5.0 5.0 5.0 7.0 3.0 7.0 4.0 2.0 4.0 9.0 8.0 9.0 7.0 3.0 7.0 7.0 4.0 7.0 
4 5 3.56 3.56 2.0 2.0 2.0 7.0 6.0 7.0 10.0 8.0 10.0 9.0 3.0 9.0 7.0 4.0 7.0 
4 5 3.09 3.09 3.0 2.0 3.0 2.0 2.0 2.0 4.0 2.0 4.0 8.0 5.0 8.0 10.0 3.0 10.0 
4 6 3.25 3.25 3.0 2.0 3.0 2.0 2.0 2.0 4.0 2.0 4.0 8.0 5.0 8.0 10.0 3.0 10.0 6.0 1.0 6.0 
4 5 1.79 1.79 4.0 1.0 4.0 9.0 6.0 9.0 10.0 1.0 10.0 3.0 2.0 3.0 9.0 1.0 9.0 
4 6 2.79 2.79 4.0 1.0 4.0 9.0 6.0 9.0 10.0 1.0 10.0 3.0 2.0 3.0 9.0 1.0 9.0 2.0 2.0 2.0 
4 7 3.29 3.29 4.0 1.0 4.0 9.0 6.0 9.0 10.0 1.0 10.0 3.0 2.0 3.0 9.0 1.0 9.0 2.0 2.0 2.0 2.0 1.0 2.0 
4 8 3.49 3.49 4.0 1.0 4.0 9.0 6.0 9.0 10.0 1.0 10.0 3.0 2.0 3.0 9.0 1.0 9.0 2.0 2.0 2.0 2.0 1.0 2.0 5.0 1.0 5.0 
4 5 3.75 3.75 8.0 8.0 8.0 3.0 1.0 3.0 6.0 4.0 6.0 2.0 2.0 2.0 4.0 3.0 4.0 
4 5 3.77 3.77 7.0 7.0 7.0 9.0 7.0 9.0 8.0 4.0 8.0 8.0 8.0 8.0 2.0 1.0 2.0 
4 6 3.92 3.92 7.0 7.0 7.0 9.0 7.0 9.0 8.0 4.0 8.0 8.0 8.0 8.0 2.0 1.0 2.0 7.0 1.0 7.0 
4 5 2.58 2.58 3.0 1.0 3.0 6.0 3.0 6.0 6.0 3.0 6.0 4.0 2.0 4.0 4.0 3.0 4.0 
4 6 3.58 3.58 3.0 1.0 3.0 6.0 3.0 6.0 6.0 3.0 6.0 4.0 2.0 4.0 4.0 3.0 4.0 6.0 6.0 6.0 
4 7 3.83 3.83 3.0 1.0 3.0 6.0 3.0 6.0 6.0 3.0 6.0 4.0 2.0 4.0 4.0 3.0 4.0 6.0 6.0 6.0 4.0 1.0 4.0 
4 5 2.7 2.7 4.0 3.0 4.0 3.0 2.0 3.0 5.0 1.0 5.0 4.0 3.0 4.0 3.0 1.0 3.0 
4 6 3.12 3.12 4.0 3.0 4.0 3.0 2.0 3.0 5.0 1.0 5.0 4.0 3.0 4.0 3.0 1.0 3.0 7.0 3.0 7.0 
4 7 3.62 3.62 4.0 3.0 4.0 3.0 2.0 3.0 5.0 1.0 5.0 4.0 3.0 4.0 3.0 1.0 3.0 7.0 3.0 7.0 6.0 3.0 6.0 
4 8 3.96 3.96 4.0 3.0 4.0 3.0 2.0 3.0 5.0 1.0 5.0 4.0 3.0 4.0 3.0 1.0 3.0 7.0 3.0 7.0 6.0 3.0 6.0 9.0 3.0 9.0 
4 5 3.3 3.3 9.0 5.0 9.0 5.0 5.0 5.0 10.0 1.0 10.0 10.0 9.0 10.0 8.0 6.0 8.0 
4 6 3.8 3.8 9.0 5.0 9.0 5.0 5.0 5.0 10.0 1.0 10.0 10.0 9.0 10.0 8.0 6.0 8.0 2.0 1.0 2.0 
4 5 2.94 2.94 10.0 9.0 10.0 2.0 1.0 2.0 4.0 2.0 4.0 7.0 5.0 7.0 3.0 1.0 3.0 
4 6 3.19 3.19 10.0 9.0 10.0 2.0 1.0 2.0 4.0 2.0 4.0 7.0 5.0 7.0 3.0 1.0 3.0 4.0 1.0 4.0 
4 7 3.62 3.62 10.0 9.0 10.0 2.0 1.0 2.0 4.0 2.0 4.0 7.0 5.0 7.0 3.0 1.0 3.0 4.0 1.0 4.0 7.0 3.0 7.0 
4 5 2.88 2.88 5.0 3.0 5.0 8.0 3.0 8.0 5.0 3.0 5.0 9.0 5.0 9.0 8.0 6.0 8.0 
4 6 3.04 3.04 5.0 3.0 5.0 8.0 3.0 8.0 5.0 3.0 5.0 9.0 5.0 9.0 8.0 6.0 8.0 6.0 1.0 6.0 
4 5 2.94 2.94 3.0 1.0 3.0 5.0 2.0 5.0 8.0 7.0 8.0 2.0 2.0 2.0 3.0 1.0 3.0 
4 6 3.6 3.6 3.0 1.0 3.0 5.0 2.0 5.0 8.0 7.0 8.0 2.0 2.0 2.0 3.0 1.0 3.0 6.0 4.0 6.0 
4 5 2.87 2.87 9.0 6.0 9.0 10.0 2.0 10.0 5.0 4.0 5.0 8.0 7.0 8.0 3.0 1.0 3.0 
4 6 3.62 3.62 9.0 6.0 9.0 10.0 2.0 10.0 5.0 4.0 5.0 8.0 7.0 8.0 3.0 1.0 3.0 8.0 6.0 8.0 
4 5 2.82 2.82 8.0 5.0 8.0 8.0 3.0 8.0 2.0 2.0 2.0 7.0 4.0 7.0 8.0 2.0 8.0 
4 6 2.92 2.92 8.0 5.0 8.0 8.0 3.0 8.0 2.0 2.0 2.0 7.0 4.0 7.0 8.0 2.0 8.0 10.0 1.0 10.0 
4 7 3.72 3.72 8.0 5.0 8.0 8.0 3.0 8.0 2.0 2.0 2.0 7.0 4.0 7.0 8.0 2.0 8.0 10.0 1.0 10.0 5.0 4.0 5.0 
4 5 2.09 2.09 8.0 1.0 8.0 9.0 8.0 9.0 7.0 2.0 7.0 5.0 2.0 5.0 5.0 2.0 5.0 
4 6 2.84 2.84 8.0 1.0 8.0 9.0 8.0 9.0 7.0 2.0 7.0 5.0 2.0 5.0 5.0 2.0 5.0 8.0 6.0 8.0 
4 7 3.04 3.04 8.0 1.0 8.0 9.0 8.0 9.0 7.0 2.0 7.0 5.0 2.0 5.0 5.0 2.0 5.0 8.0 6.0 8.0 10.0 2.0 10.0 
4 8 3.74 3.74 8.0 1.0 8.0 9.0 8.0 9.0 7.0 2.0 7.0 5.0 2.0 5.0 5.0 2.0 5.0 8.0 6.0 8.0 10.0 2.0 10.0 10.0 7.0 10.0 
4 5 2.44 2.44 10.0 7.0 10.0 4.0 2.0 4.0 5.0 3.0 5.0 8.0 4.0 8.0 7.0 1.0 7.0 
4 6 2.6 2.6 10.0 7.0 10.0 4.0 2.0 4.0 5.0 3.0 5.0 8.0 4.0 8.0 7.0 1.0 7.0 6.0 1.0 6.0 
4 7 3.27 3.27 10.0 7.0 10.0 4.0 2.0 4.0 5.0 3.0 5.0 8.0 4.0 8.0 7.0 1.0 7.0 6.0 1.0 6.0 3.0 2.0 3.0 
4 8 3.94 3.94 10.0 7.0 10.0 4.0 2.0 4.0 5.0 3.0 5.0 8.0 4.0 8.0 7.0 1.0 7.0 6.0 1.0 6.0 3.0 2.0 3.0 9.0 6.0 9.0 
4 5 3.06 3.06 7.0 2.0 7.0 7.0 7.0 7.0 3.0 2.0 3.0 6.0 6.0 6.0 9.0 1.0 9.0 
4 6 3.39 3.39 7.0 2.0 7.0 7.0 7.0 7.0 3.0 2.0 3.0 6.0 6.0 6.0 9.0 1.0 9.0 3.0 1.0 3.0 
4 5 2.99 2.99 2.0 2.0 2.0 7.0 2.0 7.0 9.0 1.0 9.0 10.0 8.0 10.0 10.0 8.0 10.0 
4 6 3.79 3.79 2.0 2.0 2.0 7.0 2.0 7.0 9.0 1.0 9.0 10.0 8.0 10.0 10.0 8.0 10.0 5.0 4.0 5.0 
4 5 2.52 2.52 6.0 4.0 6.0 5.0 2.0 5.0 2.0 2.0 2.0 8.0 1.0 8.0 9.0 3.0 9.0 
4 6 2.81 2.81 6.0 4.0 6.0 5.0 2.0 5.0 2.0 2.0 2.0 8.0 1.0 8.0 9.0 3.0 9.0 7.0 2.0 7.0 
4 7 3.47 3.47 6.0 4.0 6.0 5.0 2.0 5.0 2.0 2.0 2.0 8.0 1.0 8.0 9.0 3.0 9.0 7.0 2.0 7.0 3.0 2.0 3.0 
4 8 3.85 3.85 6.0 4.0 6.0 5.0 2.0 5.0 2.0 2.0 2.0 8.0 1.0 8.0 9.0 3.0 9.0 7.0 2.0 7.0 3.0 2.0 3.0 8.0 3.0 8.0 
4 5 2.44 2.44 8.0 4.0 8.0 10.0 6.0 10.0 9.0 2.0 9.0 8.0 1.0 8.0 2.0 2.0 2.0 
4 6 3.11 3.11 8.0 4.0 8.0 10.0 6.0 10.0 9.0 2.0 9.0 8.0 1.0 8.0 2.0 2.0 2.0 3.0 2.0 3.0 
4 7 3.61 3.61 8.0 4.0 8.0 10.0 6.0 10.0 9.0 2.0 9.0 8.0 1.0 8.0 2.0 2.0 2.0 3.0 2.0 3.0 8.0 4.0 8.0 
4 5 2.28 2.28 7.0 2.0 7.0 3.0 1.0 3.0 3.0 1.0 3.0 6.0 2.0 6.0 6.0 6.0 6.0 
4 6 2.61 2.61 7.0 2.0 7.0 3.0 1.0 3.0 3.0 1.0 3.0 6.0 2.0 6.0 6.0 6.0 6.0 3.0 1.0 3.0 
4 7 3.11 3.11 7.0 2.0 7.0 3.0 1.0 3.0 3.0 1.0 3.0 6.0 2.0 6.0 6.0 6.0 6.0 3.0 1.0 3.0 2.0 1.0 2.0 
4 8 3.97 3.97 7.0 2.0 7.0 3.0 1.0 3.0 3.0 1.0 3.0 6.0 2.0 6.0 6.0 6.0 6.0 3.0 1.0 3.0 2.0 1.0 2.0 7.0 6.0 7.0 
4 5 2.92 2.92 4.0 4.0 4.0 7.0 4.0 7.0 4.0 1.0 4.0 10.0 1.0 10.0 8.0 8.0 8.0 
4 6 3.42 3.42 4.0 4.0 4.0 7.0 4.0 7.0 4.0 1.0 4.0 10.0 1.0 10.0 8.0 8.0 8.0 4.0 2.0 4.0 
4 7 3.82 3.82 4.0 4.0 4.0 7.0 4.0 7.0 4.0 1.0 4.0 10.0 1.0 10.0 8.0 8.0 8.0 4.0 2.0 4.0 10.0 4.0 10.0 
4 8 3.94 3.94 4.0 4.0 4.0 7.0 4.0 7.0 4.0 1.0 4.0 10.0 1.0 10.0 8.0 8.0 8.0 4.0 2.0 4.0 10.0 4.0 10.0 8.0 1.0 8.0 
4 5 3.8 3.8 2.0 2.0 2.0 2.0 2.0 2.0 10.0 7.0 10.0 9.0 9.0 9.0 10.0 1.0 10.0 
4 5 3.15 3.15 3.0 3.0 3.0 9.0 2.0 9.0 8.0 3.0 8.0 9.0 5.0 9.0 2.0 2.0 2.0 
4 6 3.48 3.48 3.0 3.0 3.0 9.0 2.0 9.0 8.0 3.0 8.0 9.0 5.0 9.0 2.0 2.0 2.0 6.0 2.0 6.0 
4 7 3.98 3.98 3.0 3.0 3.0 9.0 2.0 9.0 8.0 3.0 8.0 9.0 5.0 9.0 2.0 2.0 2.0 6.0 2.0 6.0 10.0 5.0 10.0 
4 5 2.91 2.91 4.0 3.0 4.0 3.0 1.0 3.0 2.0 2.0 2.0 4.0 2.0 4.0 9.0 3.0 9.0 
4 6 3.63 3.63 4.0 3.0 4.0 3.0 1.0 3.0 2.0 2.0 2.0 4.0 2.0 4.0 9.0 3.0 9.0 7.0 5.0 7.0 
4 5 3.41 3.41 4.0 4.0 4.0 5.0 3.0 5.0 8.0 7.0 8.0 9.0 1.0 9.0 6.0 5.0 6.0 
4 6 3.79 3.79 4.0 4.0 4.0 5.0 3.0 5.0 8.0 7.0 8.0 9.0 1.0 9.0 6.0 5.0 6.0 8.0 3.0 8.0 
4 5 3.92 3.92 10.0 8.0 10.0 8.0 5.0 8.0 8.0 8.0 8.0 6.0 3.0 6.0 5.0 5.0 5.0 
4 5 3.26 3.26 3.0 1.0 3.0 4.0 2.0 4.0 7.0 6.0 7.0 7.0 4.0 7.0 5.0 5.0 5.0 
4 5 2.92 2.92 10.0 10.0 10.0 5.0 3.0 5.0 5.0 1.0 5.0 8.0 1.0 8.0 7.0 7.0 7.0 
4 6 3.17 3.17 10.0 10.0 10.0 5.0 3.0 5.0 5.0 1.0 5.0 8.0 1.0 8.0 7.0 7.0 7.0 8.0 2.0 8.0 
4 7 3.97 3.97 10.0 10.0 10.0 5.0 3.0 5.0 5.0 1.0 5.0 8.0 1.0 8.0 7.0 7.0 7.0 8.0 2.0 8.0 5.0 4.0 5.0 
4 5 3.84 3.84 2.0 2.0 2.0 6.0 5.0 6.0 9.0 4.0 9.0 3.0 3.0 3.0 7.0 4.0 7.0 
4 5 2.78 2.78 5.0 1.0 5.0 4.0 1.0 4.0 8.0 7.0 8.0 7.0 4.0 7.0 9.0 8.0 9.0 
4 6 3.78 3.78 5.0 1.0 5.0 4.0 1.0 4.0 8.0 7.0 8.0 7.0 4.0 7.0 9.0 8.0 9.0 2.0 2.0 2.0 
4 5 2.44 2.44 6.0 1.0 6.0 2.0 1.0 2.0 3.0 1.0 3.0 9.0 7.0 9.0 3.0 2.0 3.0 
4 6 3.19 3.19 6.0 1.0 6.0 2.0 1.0 2.0 3.0 1.0 3.0 9.0 7.0 9.0 3.0 2.0 3.0 4.0 3.0 4.0 
4 7 3.69 3.69 6.0 1.0 6.0 2.0 1.0 2.0 3.0 1.0 3.0 9.0 7.0 9.0 3.0 2.0 3.0 4.0 3.0 4.0 2.0 1.0 2.0 
4 5 2.94 2.94 3.0 2.0 3.0 9.0 5.0 9.0 6.0 3.0 6.0 9.0 2.0 9.0 2.0 2.0 2.0 
4 6 3.27 3.27 3.0 2.0 3.0 9.0 5.0 9.0 6.0 3.0 6.0 9.0 2.0 9.0 2.0 2.0 2.0 3.0 1.0 3.0 
4 5 3.06 3.06 7.0 1.0 7.0 8.0 1.0 8.0 5.0 4.0 5.0 5.0 5.0 5.0 4.0 4.0 4.0 
4 5 3.47 3.47 10.0 1.0 10.0 5.0 5.0 5.0 9.0 7.0 9.0 3.0 3.0 3.0 10.0 6.0 10.0 
4 5 3.01 3.01 3.0 2.0 3.0 7.0 3.0 7.0 3.0 3.0 3.0 3.0 2.0 3.0 8.0 2.0 8.0 
4 6 3.9 3.9 3.0 2.0 3.0 7.0 3.0 7.0 3.0 3.0 3.0 3.0 2.0 3.0 8.0 2.0 8.0 9.0 8.0 9.0 
4 5 3.06 3.06 6.0 4.0 6.0 9.0 9.0 9.0 5.0 4.0 5.0 10.0 4.0 10.0 5.0 1.0 5.0 
4 6 3.31 3.31 6.0 4.0 6.0 9.0 9.0 9.0 5.0 4.0 5.0 10.0 4.0 10.0 5.0 1.0 5.0 4.0 1.0 4.0 
4 7 3.56 3.56 6.0 4.0 6.0 9.0 9.0 9.0 5.0 4.0 5.0 10.0 4.0 10.0 5.0 1.0 5.0 4.0 1.0 4.0 4.0 1.0 4.0 
4 8 3.99 3.99 6.0 4.0 6.0 9.0 9.0 9.0 5.0 4.0 5.0 10.0 4.0 10.0 5.0 1.0 5.0 4.0 1.0 4.0 4.0 1.0 4.0 7.0 3.0 7.0 
4 5 2.48 2.48 3.0 2.0 3.0 6.0 3.0 6.0 6.0 2.0 6.0 8.0 7.0 8.0 9.0 1.0 9.0 
4 6 3.23 3.23 3.0 2.0 3.0 6.0 3.0 6.0 6.0 2.0 6.0 8.0 7.0 8.0 9.0 1.0 9.0 4.0 3.0 4.0 
4 7 3.83 3.83 3.0 2.0 3.0 6.0 3.0 6.0 6.0 2.0 6.0 8.0 7.0 8.0 9.0 1.0 9.0 4.0 3.0 4.0 10.0 6.0 10.0 
4 5 3.65 3.65 3.0 3.0 3.0 9.0 7.0 9.0 4.0 3.0 4.0 8.0 7.0 8.0 8.0 2.0 8.0 
4 6 3.75 3.75 3.0 3.0 3.0 9.0 7.0 9.0 4.0 3.0 4.0 8.0 7.0 8.0 8.0 2.0 8.0 10.0 1.0 10.0 
4 5 2.43 2.43 9.0 9.0 9.0 9.0 1.0 9.0 8.0 3.0 8.0 7.0 2.0 7.0 6.0 4.0 6.0 
4 6 3.23 3.23 9.0 9.0 9.0 9.0 1.0 9.0 8.0 3.0 8.0 7.0 2.0 7.0 6.0 4.0 6.0 5.0 4.0 5.0 
4 7 3.73 3.73 9.0 9.0 9.0 9.0 1.0 9.0 8.0 3.0 8.0 7.0 2.0 7.0 6.0 4.0 6.0 5.0 4.0 5.0 4.0 2.0 4.0 
4 5 2.2 2.2 8.0 3.0 8.0 7.0 3.0 7.0 4.0 2.0 4.0 5.0 2.0 5.0 6.0 3.0 6.0 
4 6 2.87 2.87 8.0 3.0 8.0 7.0 3.0 7.0 4.0 2.0 4.0 5.0 2.0 5.0 6.0 3.0 6.0 3.0 2.0 3.0 
4 7 3.15 3.15 8.0 3.0 8.0 7.0 3.0 7.0 4.0 2.0 4.0 5.0 2.0 5.0 6.0 3.0 6.0 3.0 2.0 3.0 7.0 2.0 7.0 
4 8 3.87 3.87 8.0 3.0 8.0 7.0 3.0 7.0 4.0 2.0 4.0 5.0 2.0 5.0 6.0 3.0 6.0 3.0 2.0 3.0 7.0 2.0 7.0 7.0 5.0 7.0 
4 5 3.25 3.25 2.0 1.0 2.0 2.0 2.0 2.0 4.0 3.0 4.0 5.0 3.0 5.0 10.0 4.0 10.0 
4 6 3.58 3.58 2.0 1.0 2.0 2.0 2.0 2.0 4.0 3.0 4.0 5.0 3.0 5.0 10.0 4.0 10.0 9.0 3.0 9.0 
4 5 2.15 2.15 9.0 3.0 9.0 9.0 1.0 9.0 4.0 2.0 4.0 2.0 1.0 2.0 7.0 5.0 7.0 
4 6 2.73 2.73 9.0 3.0 9.0 9.0 1.0 9.0 4.0 2.0 4.0 2.0 1.0 2.0 7.0 5.0 7.0 7.0 4.0 7.0 
4 7 3.39 3.39 9.0 3.0 9.0 9.0 1.0 9.0 4.0 2.0 4.0 2.0 1.0 2.0 7.0 5.0 7.0 7.0 4.0 7.0 3.0 2.0 3.0 
4 5 2.29 2.29 7.0 1.0 7.0 8.0 2.0 8.0 8.0 4.0 8.0 10.0 9.0 10.0 2.0 1.0 2.0 
4 6 2.57 2.57 7.0 1.0 7.0 8.0 2.0 8.0 8.0 4.0 8.0 10.0 9.0 10.0 2.0 1.0 2.0 7.0 2.0 7.0 
4 7 3.24 3.24 7.0 1.0 7.0 8.0 2.0 8.0 8.0 4.0 8.0 10.0 9.0 10.0 2.0 1.0 2.0 7.0 2.0 7.0 3.0 2.0 3.0 
4 5 3.01 3.01 5.0 2.0 5.0 4.0 1.0 4.0 6.0 4.0 6.0 2.0 2.0 2.0 10.0 7.0 10.0 
4 6 3.76 3.76 5.0 2.0 5.0 4.0 1.0 4.0 6.0 4.0 6.0 2.0 2.0 2.0 10.0 7.0 10.0 8.0 6.0 8.0 
4 7 3.86 3.86 5.0 2.0 5.0 4.0 1.0 4.0 6.0 4.0 6.0 2.0 2.0 2.0 10.0 7.0 10.0 8.0 6.0 8.0 10.0 1.0 10.0 
4 5 1.98 1.98 7.0 4.0 7.0 10.0 8.0 10.0 6.0 1.0 6.0 5.0 1.0 5.0 4.0 1.0 4.0 
4 6 2.87 2.87 7.0 4.0 7.0 10.0 8.0 10.0 6.0 1.0 6.0 5.0 1.0 5.0 4.0 1.0 4.0 9.0 8.0 9.0 
4 7 3.47 3.47 7.0 4.0 7.0 10.0 8.0 10.0 6.0 1.0 6.0 5.0 1.0 5.0 4.0 1.0 4.0 9.0 8.0 9.0 5.0 3.0 5.0 
4 8 3.81 3.81 7.0 4.0 7.0 10.0 8.0 10.0 6.0 1.0 6.0 5.0 1.0 5.0 4.0 1.0 4.0 9.0 8.0 9.0 5.0 3.0 5.0 3.0 1.0 3.0 
4 5 2.81 2.81 5.0 2.0 5.0 6.0 6.0 6.0 4.0 1.0 4.0 2.0 1.0 2.0 3.0 2.0 3.0 
4 6 3.71 3.71 5.0 2.0 5.0 6.0 6.0 6.0 4.0 1.0 4.0 2.0 1.0 2.0 3.0 2.0 3.0 10.0 9.0 10.0 
4 7 3.88 3.88 5.0 2.0 5.0 6.0 6.0 6.0 4.0 1.0 4.0 2.0 1.0 2.0 3.0 2.0 3.0 10.0 9.0 10.0 6.0 1.0 6.0 
4 5 3.0 3.0 6.0 1.0 6.0 3.0 1.0 3.0 2.0 2.0 2.0 4.0 4.0 4.0 4.0 2.0 4.0 
4 6 3.5 3.5 6.0 1.0 6.0 3.0 1.0 3.0 2.0 2.0 2.0 4.0 4.0 4.0 4.0 2.0 4.0 4.0 2.0 4.0 
4 5 3.16 3.16 10.0 2.0 10.0 5.0 4.0 5.0 2.0 2.0 2.0 6.0 1.0 6.0 9.0 9.0 9.0 
4 6 3.36 3.36 10.0 2.0 10.0 5.0 4.0 5.0 2.0 2.0 2.0 6.0 1.0 6.0 9.0 9.0 9.0 5.0 1.0 5.0 
4 7 3.53 3.53 10.0 2.0 10.0 5.0 4.0 5.0 2.0 2.0 2.0 6.0 1.0 6.0 9.0 9.0 9.0 5.0 1.0 5.0 6.0 1.0 6.0 
4 5 3.52 3.52 9.0 3.0 9.0 8.0 8.0 8.0 4.0 3.0 4.0 3.0 3.0 3.0 9.0 4.0 9.0 
4 5 1.84 1.84 10.0 2.0 10.0 7.0 5.0 7.0 7.0 1.0 7.0 7.0 2.0 7.0 6.0 3.0 6.0 
4 6 2.84 2.84 10.0 2.0 10.0 7.0 5.0 7.0 7.0 1.0 7.0 7.0 2.0 7.0 6.0 3.0 6.0 10.0 10.0 10.0 
4 7 3.34 3.34 10.0 2.0 10.0 7.0 5.0 7.0 7.0 1.0 7.0 7.0 2.0 7.0 6.0 3.0 6.0 10.0 10.0 10.0 2.0 1.0 2.0 
4 5 2.58 2.58 2.0 1.0 2.0 4.0 3.0 4.0 9.0 3.0 9.0 6.0 4.0 6.0 3.0 1.0 3.0 
4 6 3.15 3.15 2.0 1.0 2.0 4.0 3.0 4.0 9.0 3.0 9.0 6.0 4.0 6.0 3.0 1.0 3.0 7.0 4.0 7.0 
4 7 3.48 3.48 2.0 1.0 2.0 4.0 3.0 4.0 9.0 3.0 9.0 6.0 4.0 6.0 3.0 1.0 3.0 7.0 4.0 7.0 6.0 2.0 6.0 
4 8 3.91 3.91 2.0 1.0 2.0 4.0 3.0 4.0 9.0 3.0 9.0 6.0 4.0 6.0 3.0 1.0 3.0 7.0 4.0 7.0 6.0 2.0 6.0 7.0 3.0 7.0 
4 5 3.13 3.13 6.0 2.0 6.0 5.0 2.0 5.0 2.0 2.0 2.0 5.0 3.0 5.0 5.0 4.0 5.0 
4 5 2.73 2.73 9.0 1.0 9.0 5.0 4.0 5.0 10.0 2.0 10.0 7.0 7.0 7.0 8.0 5.0 8.0 
4 6 3.59 3.59 9.0 1.0 9.0 5.0 4.0 5.0 10.0 2.0 10.0 7.0 7.0 7.0 8.0 5.0 8.0 7.0 6.0 7.0 
4 7 3.73 3.73 9.0 1.0 9.0 5.0 4.0 5.0 10.0 2.0 10.0 7.0 7.0 7.0 8.0 5.0 8.0 7.0 6.0 7.0 7.0 1.0 7.0 
4 5 3.01 3.01 10.0 9.0 10.0 8.0 6.0 8.0 8.0 6.0 8.0 7.0 2.0 7.0 9.0 3.0 9.0 
4 6 3.89 3.89 10.0 9.0 10.0 8.0 6.0 8.0 8.0 6.0 8.0 7.0 2.0 7.0 9.0 3.0 9.0 8.0 7.0 8.0 
4 5 3.66 3.66 9.0 2.0 9.0 9.0 9.0 9.0 3.0 3.0 3.0 9.0 4.0 9.0 4.0 4.0 4.0 
4 6 3.91 3.91 9.0 2.0 9.0 9.0 9.0 9.0 3.0 3.0 3.0 9.0 4.0 9.0 4.0 4.0 4.0 8.0 2.0 8.0 
4 5 2.21 2.21 10.0 8.0 10.0 2.0 1.0 2.0 9.0 3.0 9.0 3.0 1.0 3.0 8.0 2.0 8.0 
4 6 2.64 2.64 10.0 8.0 10.0 2.0 1.0 2.0 9.0 3.0 9.0 3.0 1.0 3.0 8.0 2.0 8.0 7.0 3.0 7.0 
4 7 3.14 3.14 10.0 8.0 10.0 2.0 1.0 2.0 9.0 3.0 9.0 3.0 1.0 3.0 8.0 2.0 8.0 7.0 3.0 7.0 4.0 2.0 4.0 
4 5 1.76 1.76 3.0 2.0 3.0 6.0 2.0 6.0 10.0 1.0 10.0 10.0 5.0 10.0 6.0 1.0 6.0 
4 6 2.76 2.76 3.0 2.0 3.0 6.0 2.0 6.0 10.0 1.0 10.0 10.0 5.0 10.0 6.0 1.0 6.0 6.0 6.0 6.0 
4 7 3.76 3.76 3.0 2.0 3.0 6.0 2.0 6.0 10.0 1.0 10.0 10.0 5.0 10.0 6.0 1.0 6.0 6.0 6.0 6.0 2.0 2.0 2.0 
4 5 3.85 3.85 7.0 5.0 7.0 9.0 9.0 9.0 9.0 8.0 9.0 4.0 3.0 4.0 2.0 1.0 2.0 
4 5 2.73 2.73 8.0 2.0 8.0 8.0 2.0 8.0 6.0 5.0 6.0 5.0 2.0 5.0 3.0 3.0 3.0 
4 6 3.73 3.73 8.0 2.0 8.0 8.0 2.0 8.0 6.0 5.0 6.0 5.0 2.0 5.0 3.0 3.0 3.0 3.0 3.0 3.0 
4 7 3.93 3.93 8.0 2.0 8.0 8.0 2.0 8.0 6.0 5.0 6.0 5.0 2.0 5.0 3.0 3.0 3.0 3.0 3.0 3.0 10.0 2.0 10.0 
4 5 1.18 1.18 7.0 2.0 7.0 8.0 1.0 8.0 9.0 3.0 9.0 9.0 1.0 9.0 3.0 1.0 3.0 
4 6 2.18 2.18 7.0 2.0 7.0 8.0 1.0 8.0 9.0 3.0 9.0 9.0 1.0 9.0 3.0 1.0 3.0 6.0 6.0 6.0 
4 7 2.88 2.88 7.0 2.0 7.0 8.0 1.0 8.0 9.0 3.0 9.0 9.0 1.0 9.0 3.0 1.0 3.0 6.0 6.0 6.0 10.0 7.0 10.0 
4 8 3.74 3.74 7.0 2.0 7.0 8.0 1.0 8.0 9.0 3.0 9.0 9.0 1.0 9.0 3.0 1.0 3.0 6.0 6.0 6.0 10.0 7.0 10.0 7.0 6.0 7.0 
4 5 3.14 3.14 10.0 5.0 10.0 2.0 2.0 2.0 10.0 5.0 10.0 7.0 1.0 7.0 2.0 2.0 2.0 
4 5 2.02 2.02 3.0 1.0 3.0 6.0 1.0 6.0 10.0 9.0 10.0 8.0 3.0 8.0 4.0 1.0 4.0 
4 6 2.73 2.73 3.0 1.0 3.0 6.0 1.0 6.0 10.0 9.0 10.0 8.0 3.0 8.0 4.0 1.0 4.0 7.0 5.0 7.0 
4 7 3.73 3.73 3.0 1.0 3.0 6.0 1.0 6.0 10.0 9.0 10.0 8.0 3.0 8.0 4.0 1.0 4.0 7.0 5.0 7.0 2.0 2.0 2.0 
4 5 2.76 2.76 2.0 1.0 2.0 3.0 2.0 3.0 10.0 4.0 10.0 10.0 2.0 10.0 4.0 4.0 4.0 
4 6 3.43 3.43 2.0 1.0 2.0 3.0 2.0 3.0 10.0 4.0 10.0 10.0 2.0 10.0 4.0 4.0 4.0 6.0 4.0 6.0 
4 5 3.51 3.51 3.0 3.0 3.0 4.0 2.0 4.0 3.0 1.0 3.0 9.0 7.0 9.0 10.0 9.0 10.0 
4 6 3.71 3.71 3.0 3.0 3.0 4.0 2.0 4.0 3.0 1.0 3.0 9.0 7.0 9.0 10.0 9.0 10.0 10.0 2.0 10.0 
4 5 2.36 2.36 7.0 7.0 7.0 2.0 1.0 2.0 8.0 4.0 8.0 7.0 1.0 7.0 9.0 2.0 9.0 
4 6 2.47 2.47 7.0 7.0 7.0 2.0 1.0 2.0 8.0 4.0 8.0 7.0 1.0 7.0 9.0 2.0 9.0 9.0 1.0 9.0 
4 7 2.76 2.76 7.0 7.0 7.0 2.0 1.0 2.0 8.0 4.0 8.0 7.0 1.0 7.0 9.0 2.0 9.0 9.0 1.0 9.0 7.0 2.0 7.0 
4 8 3.31 3.31 7.0 7.0 7.0 2.0 1.0 2.0 8.0 4.0 8.0 7.0 1.0 7.0 9.0 2.0 9.0 9.0 1.0 9.0 7.0 2.0 7.0 9.0 5.0 9.0 
4 5 3.16 3.16 5.0 1.0 5.0 7.0 5.0 7.0 4.0 4.0 4.0 4.0 1.0 4.0 3.0 3.0 3.0 
4 6 3.41 3.41 5.0 1.0 5.0 7.0 5.0 7.0 4.0 4.0 4.0 4.0 1.0 4.0 3.0 3.0 3.0 4.0 1.0 4.0 
4 5 2.14 2.14 3.0 3.0 3.0 5.0 1.0 5.0 6.0 1.0 6.0 9.0 4.0 9.0 3.0 1.0 3.0 
4 6 2.36 2.36 3.0 3.0 3.0 5.0 1.0 5.0 6.0 1.0 6.0 9.0 4.0 9.0 3.0 1.0 3.0 9.0 2.0 9.0 
4 7 3.03 3.03 3.0 3.0 3.0 5.0 1.0 5.0 6.0 1.0 6.0 9.0 4.0 9.0 3.0 1.0 3.0 9.0 2.0 9.0 6.0 4.0 6.0 
4 8 3.81 3.81 3.0 3.0 3.0 5.0 1.0 5.0 6.0 1.0 6.0 9.0 4.0 9.0 3.0 1.0 3.0 9.0 2.0 9.0 6.0 4.0 6.0 9.0 7.0 9.0 
4 5 2.55 2.55 3.0 1.0 3.0 3.0 1.0 3.0 3.0 3.0 3.0 9.0 2.0 9.0 3.0 2.0 3.0 
4 6 3.26 3.26 3.0 1.0 3.0 3.0 1.0 3.0 3.0 3.0 3.0 9.0 2.0 9.0 3.0 2.0 3.0 7.0 5.0 7.0 
4 7 3.38 3.38 3.0 1.0 3.0 3.0 1.0 3.0 3.0 3.0 3.0 9.0 2.0 9.0 3.0 2.0 3.0 7.0 5.0 7.0 9.0 1.0 9.0 
4 5 2.65 2.65 10.0 10.0 10.0 4.0 1.0 4.0 5.0 3.0 5.0 5.0 3.0 5.0 10.0 2.0 10.0 
4 6 2.75 2.75 10.0 10.0 10.0 4.0 1.0 4.0 5.0 3.0 5.0 5.0 3.0 5.0 10.0 2.0 10.0 10.0 1.0 10.0 
4 7 3.05 3.05 10.0 10.0 10.0 4.0 1.0 4.0 5.0 3.0 5.0 5.0 3.0 5.0 10.0 2.0 10.0 10.0 1.0 10.0 10.0 3.0 10.0 
4 8 3.55 3.55 10.0 10.0 10.0 4.0 1.0 4.0 5.0 3.0 5.0 5.0 3.0 5.0 10.0 2.0 10.0 10.0 1.0 10.0 10.0 3.0 10.0 10.0 5.0 10.0 
4 5 3.79 3.79 9.0 3.0 9.0 5.0 5.0 5.0 7.0 5.0 7.0 9.0 8.0 9.0 7.0 6.0 7.0 
4 5 2.84 2.84 6.0 2.0 6.0 9.0 3.0 9.0 8.0 8.0 8.0 9.0 7.0 9.0 10.0 4.0 10.0 
4 6 3.34 3.34 6.0 2.0 6.0 9.0 3.0 9.0 8.0 8.0 8.0 9.0 7.0 9.0 10.0 4.0 10.0 8.0 4.0 8.0 
4 7 3.78 3.78 6.0 2.0 6.0 9.0 3.0 9.0 8.0 8.0 8.0 9.0 7.0 9.0 10.0 4.0 10.0 8.0 4.0 8.0 9.0 4.0 9.0 
4 5 2.22 2.22 4.0 1.0 4.0 4.0 2.0 4.0 9.0 3.0 9.0 7.0 1.0 7.0 4.0 4.0 4.0 
4 6 2.47 2.47 4.0 1.0 4.0 4.0 2.0 4.0 9.0 3.0 9.0 7.0 1.0 7.0 4.0 4.0 4.0 4.0 1.0 4.0 
4 7 2.6 2.6 4.0 1.0 4.0 4.0 2.0 4.0 9.0 3.0 9.0 7.0 1.0 7.0 4.0 4.0 4.0 4.0 1.0 4.0 8.0 1.0 8.0 
4 8 2.93 2.93 4.0 1.0 4.0 4.0 2.0 4.0 9.0 3.0 9.0 7.0 1.0 7.0 4.0 4.0 4.0 4.0 1.0 4.0 8.0 1.0 8.0 3.0 1.0 3.0 
4 9 3.93 3.93 4.0 1.0 4.0 4.0 2.0 4.0 9.0 3.0 9.0 7.0 1.0 7.0 4.0 4.0 4.0 4.0 1.0 4.0 8.0 1.0 8.0 3.0 1.0 3.0 3.0 3.0 3.0 
4 5 3.16 3.16 7.0 7.0 7.0 6.0 5.0 6.0 6.0 4.0 6.0 3.0 1.0 3.0 3.0 1.0 3.0 
4 5 2.68 2.68 4.0 2.0 4.0 7.0 1.0 7.0 3.0 2.0 3.0 8.0 7.0 8.0 6.0 3.0 6.0 
4 6 3.68 3.68 4.0 2.0 4.0 7.0 1.0 7.0 3.0 2.0 3.0 8.0 7.0 8.0 6.0 3.0 6.0 5.0 5.0 5.0 
4 5 3.2 3.2 8.0 3.0 8.0 8.0 4.0 8.0 9.0 9.0 9.0 3.0 1.0 3.0 7.0 7.0 7.0 
4 6 3.7 3.7 8.0 3.0 8.0 8.0 4.0 8.0 9.0 9.0 9.0 3.0 1.0 3.0 7.0 7.0 7.0 4.0 2.0 4.0 
4 5 3.73 3.73 6.0 6.0 6.0 9.0 8.0 9.0 4.0 1.0 4.0 5.0 3.0 5.0 3.0 3.0 3.0 
4 5 3.47 3.47 6.0 5.0 6.0 10.0 7.0 10.0 2.0 1.0 2.0 9.0 4.0 9.0 3.0 3.0 3.0 
4 6 3.97 3.97 6.0 5.0 6.0 10.0 7.0 10.0 2.0 1.0 2.0 9.0 4.0 9.0 3.0 3.0 3.0 2.0 1.0 2.0 
4 5 3.07 3.07 6.0 2.0 6.0 7.0 4.0 7.0 9.0 6.0 9.0 2.0 2.0 2.0 10.0 5.0 10.0 
4 6 3.57 3.57 6.0 2.0 6.0 7.0 4.0 7.0 9.0 6.0 9.0 2.0 2.0 2.0 10.0 5.0 10.0 10.0 5.0 10.0 
4 5 2.87 2.87 9.0 7.0 9.0 7.0 5.0 7.0 10.0 4.0 10.0 10.0 7.0 10.0 7.0 2.0 7.0 
4 6 3.37 3.37 9.0 7.0 9.0 7.0 5.0 7.0 10.0 4.0 10.0 10.0 7.0 10.0 7.0 2.0 7.0 2.0 1.0 2.0 
4 5 2.86 2.86 10.0 2.0 10.0 7.0 7.0 7.0 3.0 1.0 3.0 10.0 10.0 10.0 3.0 1.0 3.0 
4 6 3.86 3.86 10.0 2.0 10.0 7.0 7.0 7.0 3.0 1.0 3.0 10.0 10.0 10.0 3.0 1.0 3.0 7.0 7.0 7.0 
4 5 1.97 1.97 10.0 1.0 10.0 2.0 1.0 2.0 2.0 2.0 2.0 4.0 1.0 4.0 8.0 1.0 8.0 
4 6 2.47 2.47 10.0 1.0 10.0 2.0 1.0 2.0 2.0 2.0 2.0 4.0 1.0 4.0 8.0 1.0 8.0 2.0 1.0 2.0 
4 7 3.22 3.22 10.0 1.0 10.0 2.0 1.0 2.0 2.0 2.0 2.0 4.0 1.0 4.0 8.0 1.0 8.0 2.0 1.0 2.0 4.0 3.0 4.0 
4 8 3.47 3.47 10.0 1.0 10.0 2.0 1.0 2.0 2.0 2.0 2.0 4.0 1.0 4.0 8.0 1.0 8.0 2.0 1.0 2.0 4.0 3.0 4.0 8.0 2.0 8.0 
4 5 2.3 2.3 8.0 2.0 8.0 6.0 1.0 6.0 9.0 8.0 9.0 10.0 5.0 10.0 4.0 2.0 4.0 
4 6 2.8 2.8 8.0 2.0 8.0 6.0 1.0 6.0 9.0 8.0 9.0 10.0 5.0 10.0 4.0 2.0 4.0 2.0 1.0 2.0 
4 7 3.2 3.2 8.0 2.0 8.0 6.0 1.0 6.0 9.0 8.0 9.0 10.0 5.0 10.0 4.0 2.0 4.0 2.0 1.0 2.0 5.0 2.0 5.0 
4 8 3.45 3.45 8.0 2.0 8.0 6.0 1.0 6.0 9.0 8.0 9.0 10.0 5.0 10.0 4.0 2.0 4.0 2.0 1.0 2.0 5.0 2.0 5.0 4.0 1.0 4.0 
4 5 3.29 3.29 9.0 2.0 9.0 2.0 1.0 2.0 2.0 2.0 2.0 5.0 5.0 5.0 7.0 4.0 7.0 
4 6 3.89 3.89 9.0 2.0 9.0 2.0 1.0 2.0 2.0 2.0 2.0 5.0 5.0 5.0 7.0 4.0 7.0 10.0 6.0 10.0 
4 5 2.31 2.31 10.0 5.0 10.0 9.0 1.0 9.0 5.0 4.0 5.0 10.0 1.0 10.0 5.0 4.0 5.0 
4 6 3.02 3.02 10.0 5.0 10.0 9.0 1.0 9.0 5.0 4.0 5.0 10.0 1.0 10.0 5.0 4.0 5.0 7.0 5.0 7.0 
4 7 3.31 3.31 10.0 5.0 10.0 9.0 1.0 9.0 5.0 4.0 5.0 10.0 1.0 10.0 5.0 4.0 5.0 7.0 5.0 7.0 7.0 2.0 7.0 
4 8 3.97 3.97 10.0 5.0 10.0 9.0 1.0 9.0 5.0 4.0 5.0 10.0 1.0 10.0 5.0 4.0 5.0 7.0 5.0 7.0 7.0 2.0 7.0 3.0 2.0 3.0 
4 5 2.66 2.66 6.0 3.0 6.0 6.0 1.0 6.0 9.0 3.0 9.0 2.0 2.0 2.0 9.0 6.0 9.0 
4 6 3.66 3.66 6.0 3.0 6.0 6.0 1.0 6.0 9.0 3.0 9.0 2.0 2.0 2.0 9.0 6.0 9.0 10.0 10.0 10.0 
4 7 4.0 4.0 6.0 3.0 6.0 6.0 1.0 6.0 9.0 3.0 9.0 2.0 2.0 2.0 9.0 6.0 9.0 10.0 10.0 10.0 9.0 3.0 9.0 
4 5 3.77 3.77 10.0 9.0 10.0 9.0 9.0 9.0 8.0 1.0 8.0 9.0 9.0 9.0 4.0 3.0 4.0 
4 5 2.01 2.01 5.0 2.0 5.0 3.0 1.0 3.0 2.0 1.0 2.0 9.0 4.0 9.0 3.0 1.0 3.0 
4 6 2.71 2.71 5.0 2.0 5.0 3.0 1.0 3.0 2.0 1.0 2.0 9.0 4.0 9.0 3.0 1.0 3.0 10.0 7.0 10.0 
4 7 3.21 3.21 5.0 2.0 5.0 3.0 1.0 3.0 2.0 1.0 2.0 9.0 4.0 9.0 3.0 1.0 3.0 10.0 7.0 10.0 2.0 1.0 2.0 
4 8 3.87 3.87 5.0 2.0 5.0 3.0 1.0 3.0 2.0 1.0 2.0 9.0 4.0 9.0 3.0 1.0 3.0 10.0 7.0 10.0 2.0 1.0 2.0 3.0 2.0 3.0 
4 5 3.06 3.06 6.0 2.0 6.0 2.0 1.0 2.0 6.0 5.0 6.0 3.0 3.0 3.0 5.0 2.0 5.0 
4 6 3.81 3.81 6.0 2.0 6.0 2.0 1.0 2.0 6.0 5.0 6.0 3.0 3.0 3.0 5.0 2.0 5.0 8.0 6.0 8.0 
4 5 3.14 3.14 3.0 2.0 3.0 3.0 2.0 3.0 3.0 2.0 3.0 7.0 5.0 7.0 7.0 3.0 7.0 
4 6 3.51 3.51 3.0 2.0 3.0 3.0 2.0 3.0 3.0 2.0 3.0 7.0 5.0 7.0 7.0 3.0 7.0 8.0 3.0 8.0 
4 7 3.76 3.76 3.0 2.0 3.0 3.0 2.0 3.0 3.0 2.0 3.0 7.0 5.0 7.0 7.0 3.0 7.0 8.0 3.0 8.0 8.0 2.0 8.0 
4 5 3.01 3.01 6.0 4.0 6.0 10.0 2.0 10.0 10.0 9.0 10.0 4.0 1.0 4.0 2.0 2.0 2.0 
4 6 3.11 3.11 6.0 4.0 6.0 10.0 2.0 10.0 10.0 9.0 10.0 4.0 1.0 4.0 2.0 2.0 2.0 10.0 1.0 10.0 
4 5 2.68 2.68 6.0 1.0 6.0 9.0 5.0 9.0 8.0 4.0 8.0 6.0 5.0 6.0 8.0 5.0 8.0 
4 6 2.96 2.96 6.0 1.0 6.0 9.0 5.0 9.0 8.0 4.0 8.0 6.0 5.0 6.0 8.0 5.0 8.0 7.0 2.0 7.0 
4 7 3.21 3.21 6.0 1.0 6.0 9.0 5.0 9.0 8.0 4.0 8.0 6.0 5.0 6.0 8.0 5.0 8.0 7.0 2.0 7.0 4.0 1.0 4.0 
4 8 3.96 3.96 6.0 1.0 6.0 9.0 5.0 9.0 8.0 4.0 8.0 6.0 5.0 6.0 8.0 5.0 8.0 7.0 2.0 7.0 4.0 1.0 4.0 4.0 3.0 4.0 
4 5 2.61 2.61 5.0 4.0 5.0 2.0 1.0 2.0 7.0 1.0 7.0 5.0 3.0 5.0 7.0 4.0 7.0 
4 6 3.61 3.61 5.0 4.0 5.0 2.0 1.0 2.0 7.0 1.0 7.0 5.0 3.0 5.0 7.0 4.0 7.0 5.0 5.0 5.0 
4 5 3.31 3.31 2.0 2.0 2.0 6.0 2.0 6.0 8.0 5.0 8.0 7.0 6.0 7.0 2.0 1.0 2.0 
4 5 2.26 2.26 5.0 4.0 5.0 2.0 1.0 2.0 9.0 4.0 9.0 8.0 3.0 8.0 7.0 1.0 7.0 
4 6 2.51 2.51 5.0 4.0 5.0 2.0 1.0 2.0 9.0 4.0 9.0 8.0 3.0 8.0 7.0 1.0 7.0 4.0 1.0 4.0 
4 7 3.17 3.17 5.0 4.0 5.0 2.0 1.0 2.0 9.0 4.0 9.0 8.0 3.0 8.0 7.0 1.0 7.0 4.0 1.0 4.0 3.0 2.0 3.0 
4 8 3.92 3.92 5.0 4.0 5.0 2.0 1.0 2.0 9.0 4.0 9.0 8.0 3.0 8.0 7.0 1.0 7.0 4.0 1.0 4.0 3.0 2.0 3.0 8.0 6.0 8.0 
4 5 2.1 2.1 6.0 3.0 6.0 10.0 5.0 10.0 5.0 1.0 5.0 10.0 4.0 10.0 2.0 1.0 2.0 
4 6 2.43 2.43 6.0 3.0 6.0 10.0 5.0 10.0 5.0 1.0 5.0 10.0 4.0 10.0 2.0 1.0 2.0 3.0 1.0 3.0 
4 7 3.32 3.32 6.0 3.0 6.0 10.0 5.0 10.0 5.0 1.0 5.0 10.0 4.0 10.0 2.0 1.0 2.0 3.0 1.0 3.0 9.0 8.0 9.0 
4 5 3.15 3.15 3.0 2.0 3.0 10.0 4.0 10.0 9.0 8.0 9.0 10.0 2.0 10.0 7.0 7.0 7.0 
4 6 3.37 3.37 3.0 2.0 3.0 10.0 4.0 10.0 9.0 8.0 9.0 10.0 2.0 10.0 7.0 7.0 7.0 9.0 2.0 9.0 
4 5 3.06 3.06 3.0 2.0 3.0 9.0 7.0 9.0 6.0 6.0 6.0 2.0 1.0 2.0 8.0 1.0 8.0 
4 5 3.27 3.27 3.0 1.0 3.0 4.0 2.0 4.0 8.0 8.0 8.0 9.0 7.0 9.0 6.0 4.0 6.0 
4 6 3.77 3.77 3.0 1.0 3.0 4.0 2.0 4.0 8.0 8.0 8.0 9.0 7.0 9.0 6.0 4.0 6.0 2.0 1.0 2.0 
4 5 2.37 2.37 3.0 1.0 3.0 7.0 4.0 7.0 8.0 2.0 8.0 3.0 3.0 3.0 9.0 2.0 9.0 
4 6 3.21 3.21 3.0 1.0 3.0 7.0 4.0 7.0 8.0 2.0 8.0 3.0 3.0 3.0 9.0 2.0 9.0 6.0 5.0 6.0 
4 5 2.0 2.0 8.0 2.0 8.0 10.0 2.0 10.0 4.0 3.0 4.0 10.0 4.0 10.0 10.0 4.0 10.0 
4 6 2.5 2.5 8.0 2.0 8.0 10.0 2.0 10.0 4.0 3.0 4.0 10.0 4.0 10.0 10.0 4.0 10.0 2.0 1.0 2.0 
4 7 2.92 2.92 8.0 2.0 8.0 10.0 2.0 10.0 4.0 3.0 4.0 10.0 4.0 10.0 10.0 4.0 10.0 2.0 1.0 2.0 7.0 3.0 7.0 
4 8 3.59 3.59 8.0 2.0 8.0 10.0 2.0 10.0 4.0 3.0 4.0 10.0 4.0 10.0 10.0 4.0 10.0 2.0 1.0 2.0 7.0 3.0 7.0 3.0 2.0 3.0 
4 5 3.66 3.66 8.0 6.0 8.0 6.0 1.0 6.0 8.0 6.0 8.0 6.0 6.0 6.0 3.0 3.0 3.0 
4 5 3.55 3.55 2.0 2.0 2.0 6.0 2.0 6.0 10.0 6.0 10.0 3.0 3.0 3.0 8.0 5.0 8.0 
4 5 3.56 3.56 8.0 6.0 8.0 4.0 4.0 4.0 5.0 2.0 5.0 4.0 3.0 4.0 3.0 2.0 3.0 
4 6 3.96 3.96 8.0 6.0 8.0 4.0 4.0 4.0 5.0 2.0 5.0 4.0 3.0 4.0 3.0 2.0 3.0 10.0 4.0 10.0 
4 5 3.56 3.56 3.0 1.0 3.0 7.0 7.0 7.0 4.0 4.0 4.0 9.0 3.0 9.0 10.0 9.0 10.0 
4 5 3.63 3.63 2.0 2.0 2.0 5.0 5.0 5.0 8.0 7.0 8.0 3.0 1.0 3.0 7.0 3.0 7.0 
4 6 3.88 3.88 2.0 2.0 2.0 5.0 5.0 5.0 8.0 7.0 8.0 3.0 1.0 3.0 7.0 3.0 7.0 4.0 1.0 4.0 
4 5 3.75 3.75 3.0 3.0 3.0 2.0 1.0 2.0 2.0 2.0 2.0 4.0 2.0 4.0 4.0 3.0 4.0 
4 5 2.41 2.41 7.0 3.0 7.0 3.0 1.0 3.0 5.0 4.0 5.0 7.0 2.0 7.0 7.0 4.0 7.0 
4 6 3.08 3.08 7.0 3.0 7.0 3.0 1.0 3.0 5.0 4.0 5.0 7.0 2.0 7.0 7.0 4.0 7.0 9.0 6.0 9.0 
4 7 3.75 3.75 7.0 3.0 7.0 3.0 1.0 3.0 5.0 4.0 5.0 7.0 2.0 7.0 7.0 4.0 7.0 9.0 6.0 9.0 3.0 2.0 3.0 
4 5 2.24 2.24 7.0 2.0 7.0 4.0 4.0 4.0 7.0 4.0 7.0 8.0 2.0 8.0 7.0 1.0 7.0 
4 6 2.82 2.82 7.0 2.0 7.0 4.0 4.0 4.0 7.0 4.0 7.0 8.0 2.0 8.0 7.0 1.0 7.0 7.0 4.0 7.0 
4 7 3.32 3.32 7.0 2.0 7.0 4.0 4.0 4.0 7.0 4.0 7.0 8.0 2.0 8.0 7.0 1.0 7.0 7.0 4.0 7.0 4.0 2.0 4.0 
4 8 3.74 3.74 7.0 2.0 7.0 4.0 4.0 4.0 7.0 4.0 7.0 8.0 2.0 8.0 7.0 1.0 7.0 7.0 4.0 7.0 4.0 2.0 4.0 7.0 3.0 7.0 
4 5 3.28 3.28 8.0 8.0 8.0 6.0 4.0 6.0 2.0 2.0 2.0 9.0 3.0 9.0 7.0 2.0 7.0 
4 6 3.91 3.91 8.0 8.0 8.0 6.0 4.0 6.0 2.0 2.0 2.0 9.0 3.0 9.0 7.0 2.0 7.0 8.0 5.0 8.0 
4 5 3.75 3.75 9.0 9.0 9.0 4.0 4.0 4.0 4.0 1.0 4.0 2.0 1.0 2.0 5.0 5.0 5.0 
4 5 2.97 2.97 4.0 3.0 4.0 8.0 5.0 8.0 10.0 1.0 10.0 8.0 6.0 8.0 4.0 3.0 4.0 
4 6 3.97 3.97 4.0 3.0 4.0 8.0 5.0 8.0 10.0 1.0 10.0 8.0 6.0 8.0 4.0 3.0 4.0 2.0 2.0 2.0 
4 5 3.52 3.52 6.0 2.0 6.0 4.0 4.0 4.0 3.0 3.0 3.0 8.0 6.0 8.0 9.0 4.0 9.0 
4 6 3.77 3.77 6.0 2.0 6.0 4.0 4.0 4.0 3.0 3.0 3.0 8.0 6.0 8.0 9.0 4.0 9.0 4.0 1.0 4.0 
4 5 3.78 3.78 9.0 9.0 9.0 7.0 2.0 7.0 5.0 4.0 5.0 2.0 2.0 2.0 10.0 7.0 10.0 
4 5 3.4 3.4 4.0 2.0 4.0 5.0 4.0 5.0 10.0 8.0 10.0 6.0 3.0 6.0 5.0 4.0 5.0 
4 6 4.0 4.0 4.0 2.0 4.0 5.0 4.0 5.0 10.0 8.0 10.0 6.0 3.0 6.0 5.0 4.0 5.0 5.0 3.0 5.0 
4 5 3.05 3.05 4.0 2.0 4.0 9.0 5.0 9.0 2.0 2.0 2.0 6.0 3.0 6.0 2.0 1.0 2.0 
4 6 3.3 3.3 4.0 2.0 4.0 9.0 5.0 9.0 2.0 2.0 2.0 6.0 3.0 6.0 2.0 1.0 2.0 8.0 2.0 8.0 
4 5 3.12 3.12 7.0 4.0 7.0 10.0 4.0 10.0 5.0 3.0 5.0 8.0 6.0 8.0 5.0 4.0 5.0 
4 6 3.32 3.32 7.0 4.0 7.0 10.0 4.0 10.0 5.0 3.0 5.0 8.0 6.0 8.0 5.0 4.0 5.0 5.0 1.0 5.0 
4 7 3.98 3.98 7.0 4.0 7.0 10.0 4.0 10.0 5.0 3.0 5.0 8.0 6.0 8.0 5.0 4.0 5.0 5.0 1.0 5.0 9.0 6.0 9.0 
4 5 2.91 2.91 4.0 1.0 4.0 6.0 4.0 6.0 2.0 1.0 2.0 6.0 6.0 6.0 10.0 5.0 10.0 
4 6 3.58 3.58 4.0 1.0 4.0 6.0 4.0 6.0 2.0 1.0 2.0 6.0 6.0 6.0 10.0 5.0 10.0 3.0 2.0 3.0 
4 5 3.24 3.24 8.0 5.0 8.0 9.0 3.0 9.0 7.0 2.0 7.0 10.0 10.0 10.0 4.0 4.0 4.0 
4 6 3.74 3.74 8.0 5.0 8.0 9.0 3.0 9.0 7.0 2.0 7.0 10.0 10.0 10.0 4.0 4.0 4.0 8.0 4.0 8.0 
4 5 3.89 3.89 10.0 9.0 10.0 4.0 1.0 4.0 9.0 8.0 9.0 7.0 6.0 7.0 9.0 9.0 9.0 
4 5 3.48 3.48 3.0 2.0 3.0 10.0 8.0 10.0 4.0 3.0 4.0 10.0 7.0 10.0 7.0 4.0 7.0 
4 6 3.63 3.63 3.0 2.0 3.0 10.0 8.0 10.0 4.0 3.0 4.0 10.0 7.0 10.0 7.0 4.0 7.0 7.0 1.0 7.0 
4 7 3.88 3.88 3.0 2.0 3.0 10.0 8.0 10.0 4.0 3.0 4.0 10.0 7.0 10.0 7.0 4.0 7.0 7.0 1.0 7.0 8.0 2.0 8.0 
4 5 2.39 2.39 3.0 3.0 3.0 9.0 3.0 9.0 9.0 6.0 9.0 7.0 2.0 7.0 9.0 1.0 9.0 
4 6 2.96 2.96 3.0 3.0 3.0 9.0 3.0 9.0 9.0 6.0 9.0 7.0 2.0 7.0 9.0 1.0 9.0 7.0 4.0 7.0 
4 7 3.56 3.56 3.0 3.0 3.0 9.0 3.0 9.0 9.0 6.0 9.0 7.0 2.0 7.0 9.0 1.0 9.0 7.0 4.0 7.0 10.0 6.0 10.0 
4 5 3.43 3.43 7.0 7.0 7.0 10.0 8.0 10.0 7.0 2.0 7.0 5.0 3.0 5.0 8.0 6.0 8.0 
4 5 2.82 2.82 5.0 5.0 5.0 7.0 3.0 7.0 5.0 1.0 5.0 10.0 6.0 10.0 5.0 3.0 5.0 
4 6 2.97 2.97 5.0 5.0 5.0 7.0 3.0 7.0 5.0 1.0 5.0 10.0 6.0 10.0 5.0 3.0 5.0 7.0 1.0 7.0 
4 7 3.3 3.3 5.0 5.0 5.0 7.0 3.0 7.0 5.0 1.0 5.0 10.0 6.0 10.0 5.0 3.0 5.0 7.0 1.0 7.0 6.0 2.0 6.0 
4 5 3.95 3.95 3.0 3.0 3.0 4.0 2.0 4.0 10.0 9.0 10.0 9.0 8.0 9.0 3.0 2.0 3.0 
4 5 3.63 3.63 6.0 6.0 6.0 5.0 4.0 5.0 2.0 2.0 2.0 4.0 2.0 4.0 3.0 1.0 3.0 
4 5 3.02 3.02 7.0 7.0 7.0 7.0 5.0 7.0 10.0 2.0 10.0 9.0 1.0 9.0 3.0 3.0 3.0 
4 6 3.35 3.35 7.0 7.0 7.0 7.0 5.0 7.0 10.0 2.0 10.0 9.0 1.0 9.0 3.0 3.0 3.0 3.0 1.0 3.0 
4 7 3.69 3.69 7.0 7.0 7.0 7.0 5.0 7.0 10.0 2.0 10.0 9.0 1.0 9.0 3.0 3.0 3.0 3.0 1.0 3.0 3.0 1.0 3.0 
4 5 3.3 3.3 2.0 2.0 2.0 9.0 8.0 9.0 2.0 2.0 2.0 6.0 1.0 6.0 4.0 1.0 4.0 
4 6 3.97 3.97 2.0 2.0 2.0 9.0 8.0 9.0 2.0 2.0 2.0 6.0 1.0 6.0 4.0 1.0 4.0 6.0 4.0 6.0 
4 5 2.22 2.22 10.0 3.0 10.0 5.0 3.0 5.0 10.0 6.0 10.0 4.0 2.0 4.0 9.0 2.0 9.0 
4 6 2.42 2.42 10.0 3.0 10.0 5.0 3.0 5.0 10.0 6.0 10.0 4.0 2.0 4.0 9.0 2.0 9.0 5.0 1.0 5.0 
4 7 2.99 2.99 10.0 3.0 10.0 5.0 3.0 5.0 10.0 6.0 10.0 4.0 2.0 4.0 9.0 2.0 9.0 5.0 1.0 5.0 7.0 4.0 7.0 
4 8 3.85 3.85 10.0 3.0 10.0 5.0 3.0 5.0 10.0 6.0 10.0 4.0 2.0 4.0 9.0 2.0 9.0 5.0 1.0 5.0 7.0 4.0 7.0 7.0 6.0 7.0 
4 9 3.96 3.96 10.0 3.0 10.0 5.0 3.0 5.0 10.0 6.0 10.0 4.0 2.0 4.0 9.0 2.0 9.0 5.0 1.0 5.0 7.0 4.0 7.0 7.0 6.0 7.0 9.0 1.0 9.0 
4 5 2.24 2.24 4.0 2.0 4.0 9.0 4.0 9.0 5.0 1.0 5.0 10.0 6.0 10.0 4.0 2.0 4.0 
4 6 2.57 2.57 4.0 2.0 4.0 9.0 4.0 9.0 5.0 1.0 5.0 10.0 6.0 10.0 4.0 2.0 4.0 6.0 2.0 6.0 
4 7 3.07 3.07 4.0 2.0 4.0 9.0 4.0 9.0 5.0 1.0 5.0 10.0 6.0 10.0 4.0 2.0 4.0 6.0 2.0 6.0 4.0 2.0 4.0 
4 8 3.74 3.74 4.0 2.0 4.0 9.0 4.0 9.0 5.0 1.0 5.0 10.0 6.0 10.0 4.0 2.0 4.0 6.0 2.0 6.0 4.0 2.0 4.0 6.0 4.0 6.0 
4 5 3.01 3.01 10.0 8.0 10.0 10.0 6.0 10.0 9.0 4.0 9.0 8.0 4.0 8.0 3.0 2.0 3.0 
4 5 2.46 2.46 10.0 8.0 10.0 6.0 1.0 6.0 3.0 2.0 3.0 9.0 6.0 9.0 6.0 1.0 6.0 
4 6 3.3 3.3 10.0 8.0 10.0 6.0 1.0 6.0 3.0 2.0 3.0 9.0 6.0 9.0 6.0 1.0 6.0 6.0 5.0 6.0 
4 5 3.8 3.8 2.0 1.0 2.0 10.0 4.0 10.0 3.0 3.0 3.0 10.0 9.0 10.0 4.0 4.0 4.0 
4 5 2.79 2.79 7.0 6.0 7.0 7.0 5.0 7.0 10.0 1.0 10.0 10.0 9.0 10.0 9.0 2.0 9.0 
4 6 2.93 2.93 7.0 6.0 7.0 7.0 5.0 7.0 10.0 1.0 10.0 10.0 9.0 10.0 9.0 2.0 9.0 7.0 1.0 7.0 
4 7 3.93 3.93 7.0 6.0 7.0 7.0 5.0 7.0 10.0 1.0 10.0 10.0 9.0 10.0 9.0 2.0 9.0 7.0 1.0 7.0 3.0 3.0 3.0 
4 5 3.36 3.36 5.0 5.0 5.0 7.0 4.0 7.0 6.0 4.0 6.0 8.0 1.0 8.0 2.0 2.0 2.0 
4 6 3.86 3.86 5.0 5.0 5.0 7.0 4.0 7.0 6.0 4.0 6.0 8.0 1.0 8.0 2.0 2.0 2.0 2.0 1.0 2.0 
4 5 2.26 2.26 8.0 5.0 8.0 5.0 2.0 5.0 7.0 2.0 7.0 7.0 2.0 7.0 3.0 2.0 3.0 
4 6 2.69 2.69 8.0 5.0 8.0 5.0 2.0 5.0 7.0 2.0 7.0 7.0 2.0 7.0 3.0 2.0 3.0 7.0 3.0 7.0 
4 7 3.69 3.69 8.0 5.0 8.0 5.0 2.0 5.0 7.0 2.0 7.0 7.0 2.0 7.0 3.0 2.0 3.0 7.0 3.0 7.0 3.0 3.0 3.0 
4 5 4.0 4.0 5.0 5.0 5.0 5.0 2.0 5.0 4.0 4.0 4.0 6.0 6.0 6.0 5.0 3.0 5.0 
4 5 3.24 3.24 2.0 1.0 2.0 5.0 2.0 5.0 9.0 7.0 9.0 5.0 5.0 5.0 7.0 4.0 7.0 
4 5 2.93 2.93 2.0 1.0 2.0 6.0 2.0 6.0 8.0 6.0 8.0 10.0 6.0 10.0 8.0 6.0 8.0 
4 6 3.55 3.55 2.0 1.0 2.0 6.0 2.0 6.0 8.0 6.0 8.0 10.0 6.0 10.0 8.0 6.0 8.0 8.0 5.0 8.0 
4 7 3.93 3.93 2.0 1.0 2.0 6.0 2.0 6.0 8.0 6.0 8.0 10.0 6.0 10.0 8.0 6.0 8.0 8.0 5.0 8.0 8.0 3.0 8.0 
4 5 2.95 2.95 6.0 6.0 6.0 3.0 2.0 3.0 7.0 2.0 7.0 2.0 1.0 2.0 4.0 2.0 4.0 
4 6 3.45 3.45 6.0 6.0 6.0 3.0 2.0 3.0 7.0 2.0 7.0 2.0 1.0 2.0 4.0 2.0 4.0 2.0 1.0 2.0 
4 7 3.95 3.95 6.0 6.0 6.0 3.0 2.0 3.0 7.0 2.0 7.0 2.0 1.0 2.0 4.0 2.0 4.0 2.0 1.0 2.0 4.0 2.0 4.0 
4 5 3.34 3.34 3.0 2.0 3.0 4.0 2.0 4.0 7.0 5.0 7.0 6.0 4.0 6.0 10.0 8.0 10.0 
4 5 3.33 3.33 10.0 6.0 10.0 9.0 1.0 9.0 8.0 5.0 8.0 8.0 8.0 8.0 4.0 4.0 4.0 
4 5 3.03 3.03 9.0 6.0 9.0 5.0 5.0 5.0 3.0 3.0 3.0 6.0 1.0 6.0 5.0 1.0 5.0 
4 6 3.7 3.7 9.0 6.0 9.0 5.0 5.0 5.0 3.0 3.0 3.0 6.0 1.0 6.0 5.0 1.0 5.0 6.0 4.0 6.0 
4 7 3.95 3.95 9.0 6.0 9.0 5.0 5.0 5.0 3.0 3.0 3.0 6.0 1.0 6.0 5.0 1.0 5.0 6.0 4.0 6.0 4.0 1.0 4.0 
4 5 3.05 3.05 10.0 9.0 10.0 10.0 4.0 10.0 3.0 3.0 3.0 4.0 1.0 4.0 10.0 5.0 10.0 
4 6 3.45 3.45 10.0 9.0 10.0 10.0 4.0 10.0 3.0 3.0 3.0 4.0 1.0 4.0 10.0 5.0 10.0 10.0 4.0 10.0 
4 5 3.11 3.11 10.0 10.0 10.0 3.0 1.0 3.0 2.0 1.0 2.0 9.0 4.0 9.0 6.0 5.0 6.0 
4 6 3.82 3.82 10.0 10.0 10.0 3.0 1.0 3.0 2.0 1.0 2.0 9.0 4.0 9.0 6.0 5.0 6.0 7.0 5.0 7.0 
4 7 3.95 3.95 10.0 10.0 10.0 3.0 1.0 3.0 2.0 1.0 2.0 9.0 4.0 9.0 6.0 5.0 6.0 7.0 5.0 7.0 8.0 1.0 8.0 
4 5 2.95 2.95 3.0 3.0 3.0 4.0 2.0 4.0 8.0 2.0 8.0 10.0 8.0 10.0 10.0 4.0 10.0 
4 6 3.83 3.83 3.0 3.0 3.0 4.0 2.0 4.0 8.0 2.0 8.0 10.0 8.0 10.0 10.0 4.0 10.0 9.0 8.0 9.0 
4 5 2.86 2.86 10.0 7.0 10.0 8.0 3.0 8.0 4.0 2.0 4.0 5.0 5.0 5.0 7.0 2.0 7.0 
4 6 3.46 3.46 10.0 7.0 10.0 8.0 3.0 8.0 4.0 2.0 4.0 5.0 5.0 5.0 7.0 2.0 7.0 5.0 3.0 5.0 
4 7 3.88 3.88 10.0 7.0 10.0 8.0 3.0 8.0 4.0 2.0 4.0 5.0 5.0 5.0 7.0 2.0 7.0 5.0 3.0 5.0 7.0 3.0 7.0 
4 5 3.37 3.37 4.0 3.0 4.0 4.0 4.0 4.0 7.0 3.0 7.0 5.0 1.0 5.0 2.0 2.0 2.0 
4 6 3.87 3.87 4.0 3.0 4.0 4.0 4.0 4.0 7.0 3.0 7.0 5.0 1.0 5.0 2.0 2.0 2.0 2.0 1.0 2.0 
4 5 2.77 2.77 4.0 1.0 4.0 8.0 2.0 8.0 9.0 7.0 9.0 2.0 2.0 2.0 2.0 1.0 2.0 
4 6 2.97 2.97 4.0 1.0 4.0 8.0 2.0 8.0 9.0 7.0 9.0 2.0 2.0 2.0 2.0 1.0 2.0 5.0 1.0 5.0 
4 7 3.14 3.14 4.0 1.0 4.0 8.0 2.0 8.0 9.0 7.0 9.0 2.0 2.0 2.0 2.0 1.0 2.0 5.0 1.0 5.0 6.0 1.0 6.0 
4 8 3.89 3.89 4.0 1.0 4.0 8.0 2.0 8.0 9.0 7.0 9.0 2.0 2.0 2.0 2.0 1.0 2.0 5.0 1.0 5.0 6.0 1.0 6.0 8.0 6.0 8.0 
4 5 2.22 2.22 7.0 1.0 7.0 3.0 1.0 3.0 8.0 5.0 8.0 8.0 5.0 8.0 8.0 4.0 8.0 
4 6 2.47 2.47 7.0 1.0 7.0 3.0 1.0 3.0 8.0 5.0 8.0 8.0 5.0 8.0 8.0 4.0 8.0 8.0 2.0 8.0 
4 7 3.07 3.07 7.0 1.0 7.0 3.0 1.0 3.0 8.0 5.0 8.0 8.0 5.0 8.0 8.0 4.0 8.0 8.0 2.0 8.0 5.0 3.0 5.0 
4 5 2.82 2.82 8.0 7.0 8.0 6.0 4.0 6.0 10.0 7.0 10.0 8.0 2.0 8.0 6.0 2.0 6.0 
4 6 3.45 3.45 8.0 7.0 8.0 6.0 4.0 6.0 10.0 7.0 10.0 8.0 2.0 8.0 6.0 2.0 6.0 8.0 5.0 8.0 
4 5 1.99 1.99 9.0 3.0 9.0 4.0 3.0 4.0 3.0 1.0 3.0 9.0 3.0 9.0 4.0 1.0 4.0 
4 6 2.5 2.5 9.0 3.0 9.0 4.0 3.0 4.0 3.0 1.0 3.0 9.0 3.0 9.0 4.0 1.0 4.0 2.0 1.0 2.0 
4 7 2.64 2.64 9.0 3.0 9.0 4.0 3.0 4.0 3.0 1.0 3.0 9.0 3.0 9.0 4.0 1.0 4.0 2.0 1.0 2.0 7.0 1.0 7.0 
4 8 3.64 3.64 9.0 3.0 9.0 4.0 3.0 4.0 3.0 1.0 3.0 9.0 3.0 9.0 4.0 1.0 4.0 2.0 1.0 2.0 7.0 1.0 7.0 6.0 6.0 6.0 
4 9 3.74 3.74 9.0 3.0 9.0 4.0 3.0 4.0 3.0 1.0 3.0 9.0 3.0 9.0 4.0 1.0 4.0 2.0 1.0 2.0 7.0 1.0 7.0 6.0 6.0 6.0 10.0 1.0 10.0 
4 5 2.72 2.72 8.0 5.0 8.0 4.0 1.0 4.0 4.0 1.0 4.0 5.0 5.0 5.0 10.0 6.0 10.0 
4 6 3.01 3.01 8.0 5.0 8.0 4.0 1.0 4.0 4.0 1.0 4.0 5.0 5.0 5.0 10.0 6.0 10.0 7.0 2.0 7.0 
4 5 2.38 2.38 10.0 8.0 10.0 8.0 6.0 8.0 6.0 1.0 6.0 4.0 2.0 4.0 6.0 1.0 6.0 
4 6 3.38 3.38 10.0 8.0 10.0 8.0 6.0 8.0 6.0 1.0 6.0 4.0 2.0 4.0 6.0 1.0 6.0 10.0 10.0 10.0 
4 5 3.0 3.0 9.0 2.0 9.0 7.0 7.0 7.0 7.0 2.0 7.0 4.0 4.0 4.0 4.0 2.0 4.0 
4 6 3.2 3.2 9.0 2.0 9.0 7.0 7.0 7.0 7.0 2.0 7.0 4.0 4.0 4.0 4.0 2.0 4.0 5.0 1.0 5.0 
4 7 3.7 3.7 9.0 2.0 9.0 7.0 7.0 7.0 7.0 2.0 7.0 4.0 4.0 4.0 4.0 2.0 4.0 5.0 1.0 5.0 2.0 1.0 2.0 
4 8 3.95 3.95 9.0 2.0 9.0 7.0 7.0 7.0 7.0 2.0 7.0 4.0 4.0 4.0 4.0 2.0 4.0 5.0 1.0 5.0 2.0 1.0 2.0 8.0 2.0 8.0 
4 5 3.08 3.08 6.0 2.0 6.0 8.0 6.0 8.0 3.0 2.0 3.0 3.0 1.0 3.0 10.0 10.0 10.0 
4 5 2.95 2.95 7.0 4.0 7.0 6.0 6.0 6.0 7.0 4.0 7.0 7.0 1.0 7.0 6.0 4.0 6.0 
4 6 3.61 3.61 7.0 4.0 7.0 6.0 6.0 6.0 7.0 4.0 7.0 7.0 1.0 7.0 6.0 4.0 6.0 6.0 4.0 6.0 
4 5 3.13 3.13 7.0 2.0 7.0 10.0 6.0 10.0 6.0 3.0 6.0 4.0 4.0 4.0 4.0 3.0 4.0 
4 6 3.8 3.8 7.0 2.0 7.0 10.0 6.0 10.0 6.0 3.0 6.0 4.0 4.0 4.0 4.0 3.0 4.0 6.0 4.0 6.0 
4 5 2.65 2.65 4.0 2.0 4.0 10.0 2.0 10.0 7.0 7.0 7.0 9.0 5.0 9.0 5.0 2.0 5.0 
4 6 2.76 2.76 4.0 2.0 4.0 10.0 2.0 10.0 7.0 7.0 7.0 9.0 5.0 9.0 5.0 2.0 5.0 9.0 1.0 9.0 
4 7 3.76 3.76 4.0 2.0 4.0 10.0 2.0 10.0 7.0 7.0 7.0 9.0 5.0 9.0 5.0 2.0 5.0 9.0 1.0 9.0 4.0 4.0 4.0 
4 5 2.46 2.46 9.0 3.0 9.0 10.0 8.0 10.0 3.0 3.0 3.0 6.0 1.0 6.0 6.0 1.0 6.0 
4 6 2.96 2.96 9.0 3.0 9.0 10.0 8.0 10.0 3.0 3.0 3.0 6.0 1.0 6.0 6.0 1.0 6.0 10.0 5.0 10.0 
4 7 3.63 3.63 9.0 3.0 9.0 10.0 8.0 10.0 3.0 3.0 3.0 6.0 1.0 6.0 6.0 1.0 6.0 10.0 5.0 10.0 6.0 4.0 6.0 
4 5 3.5 3.5 3.0 2.0 3.0 9.0 9.0 9.0 2.0 1.0 2.0 2.0 2.0 2.0 3.0 1.0 3.0 
4 6 3.83 3.83 3.0 2.0 3.0 9.0 9.0 9.0 2.0 1.0 2.0 2.0 2.0 2.0 3.0 1.0 3.0 6.0 2.0 6.0 
4 5 3.66 3.66 10.0 10.0 10.0 4.0 4.0 4.0 6.0 5.0 6.0 8.0 4.0 8.0 3.0 1.0 3.0 
4 6 3.76 3.76 10.0 10.0 10.0 4.0 4.0 4.0 6.0 5.0 6.0 8.0 4.0 8.0 3.0 1.0 3.0 10.0 1.0 10.0 
4 5 3.0 3.0 5.0 1.0 5.0 4.0 2.0 4.0 8.0 8.0 8.0 10.0 8.0 10.0 6.0 3.0 6.0 
4 6 3.66 3.66 5.0 1.0 5.0 4.0 2.0 4.0 8.0 8.0 8.0 10.0 8.0 10.0 6.0 3.0 6.0 3.0 2.0 3.0 
4 5 2.69 2.69 5.0 1.0 5.0 9.0 7.0 9.0 7.0 5.0 7.0 4.0 2.0 4.0 2.0 1.0 2.0 
4 6 3.69 3.69 5.0 1.0 5.0 9.0 7.0 9.0 7.0 5.0 7.0 4.0 2.0 4.0 2.0 1.0 2.0 3.0 3.0 3.0 
4 5 2.94 2.94 2.0 1.0 2.0 8.0 7.0 8.0 10.0 4.0 10.0 4.0 2.0 4.0 3.0 2.0 3.0 
4 6 3.54 3.54 2.0 1.0 2.0 8.0 7.0 8.0 10.0 4.0 10.0 4.0 2.0 4.0 3.0 2.0 3.0 5.0 3.0 5.0 
4 5 3.06 3.06 8.0 6.0 8.0 10.0 4.0 10.0 4.0 3.0 4.0 4.0 2.0 4.0 3.0 2.0 3.0 
4 5 2.93 2.93 7.0 4.0 7.0 3.0 3.0 3.0 6.0 4.0 6.0 5.0 1.0 5.0 2.0 1.0 2.0 
4 6 3.18 3.18 7.0 4.0 7.0 3.0 3.0 3.0 6.0 4.0 6.0 5.0 1.0 5.0 2.0 1.0 2.0 4.0 1.0 4.0 
4 7 3.93 3.93 7.0 4.0 7.0 3.0 3.0 3.0 6.0 4.0 6.0 5.0 1.0 5.0 2.0 1.0 2.0 4.0 1.0 4.0 4.0 3.0 4.0 
4 5 3.05 3.05 8.0 3.0 8.0 5.0 5.0 5.0 7.0 3.0 7.0 7.0 7.0 7.0 8.0 2.0 8.0 
4 5 3.27 3.27 7.0 7.0 7.0 3.0 1.0 3.0 6.0 6.0 6.0 7.0 1.0 7.0 5.0 4.0 5.0 
4 5 3.83 3.83 2.0 2.0 2.0 2.0 2.0 2.0 2.0 1.0 2.0 6.0 2.0 6.0 6.0 6.0 6.0 
4 5 3.53 3.53 7.0 7.0 7.0 3.0 3.0 3.0 7.0 4.0 7.0 10.0 3.0 10.0 3.0 2.0 3.0 
4 6 3.87 3.87 7.0 7.0 7.0 3.0 3.0 3.0 7.0 4.0 7.0 10.0 3.0 10.0 3.0 2.0 3.0 3.0 1.0 3.0 
4 5 3.5 3.5 2.0 1.0 2.0 2.0 2.0 2.0 3.0 2.0 3.0 3.0 1.0 3.0 5.0 5.0 5.0 
4 5 3.09 3.09 7.0 6.0 7.0 2.0 1.0 2.0 10.0 9.0 10.0 3.0 1.0 3.0 2.0 1.0 2.0 
4 6 3.75 3.75 7.0 6.0 7.0 2.0 1.0 2.0 10.0 9.0 10.0 3.0 1.0 3.0 2.0 1.0 2.0 6.0 4.0 6.0 
4 5 2.58 2.58 7.0 4.0 7.0 7.0 2.0 7.0 9.0 7.0 9.0 4.0 3.0 4.0 5.0 1.0 5.0 
4 6 3.08 3.08 7.0 4.0 7.0 7.0 2.0 7.0 9.0 7.0 9.0 4.0 3.0 4.0 5.0 1.0 5.0 2.0 1.0 2.0 
4 7 3.58 3.58 7.0 4.0 7.0 7.0 2.0 7.0 9.0 7.0 9.0 4.0 3.0 4.0 5.0 1.0 5.0 2.0 1.0 2.0 2.0 1.0 2.0 
4 8 3.72 3.72 7.0 4.0 7.0 7.0 2.0 7.0 9.0 7.0 9.0 4.0 3.0 4.0 5.0 1.0 5.0 2.0 1.0 2.0 2.0 1.0 2.0 7.0 1.0 7.0 
4 5 2.57 2.57 5.0 4.0 5.0 4.0 1.0 4.0 2.0 2.0 2.0 10.0 4.0 10.0 8.0 1.0 8.0 
4 6 3.17 3.17 5.0 4.0 5.0 4.0 1.0 4.0 2.0 2.0 2.0 10.0 4.0 10.0 8.0 1.0 8.0 5.0 3.0 5.0 
4 7 3.67 3.67 5.0 4.0 5.0 4.0 1.0 4.0 2.0 2.0 2.0 10.0 4.0 10.0 8.0 1.0 8.0 5.0 3.0 5.0 4.0 2.0 4.0 
4 5 3.41 3.41 8.0 2.0 8.0 3.0 2.0 3.0 2.0 2.0 2.0 3.0 3.0 3.0 6.0 3.0 6.0 
4 6 3.91 3.91 8.0 2.0 8.0 3.0 2.0 3.0 2.0 2.0 2.0 3.0 3.0 3.0 6.0 3.0 6.0 2.0 1.0 2.0 
4 5 3.29 3.29 2.0 1.0 2.0 3.0 3.0 3.0 7.0 4.0 7.0 3.0 2.0 3.0 9.0 5.0 9.0 
4 6 3.4 3.4 2.0 1.0 2.0 3.0 3.0 3.0 7.0 4.0 7.0 3.0 2.0 3.0 9.0 5.0 9.0 9.0 1.0 9.0 
4 7 3.69 3.69 2.0 1.0 2.0 3.0 3.0 3.0 7.0 4.0 7.0 3.0 2.0 3.0 9.0 5.0 9.0 9.0 1.0 9.0 7.0 2.0 7.0 
4 8 3.89 3.89 2.0 1.0 2.0 3.0 3.0 3.0 7.0 4.0 7.0 3.0 2.0 3.0 9.0 5.0 9.0 9.0 1.0 9.0 7.0 2.0 7.0 10.0 2.0 10.0 
4 5 3.53 3.53 3.0 3.0 3.0 5.0 1.0 5.0 10.0 5.0 10.0 6.0 5.0 6.0 9.0 9.0 9.0 
4 5 3.0 3.0 8.0 3.0 8.0 2.0 2.0 2.0 3.0 1.0 3.0 10.0 3.0 10.0 10.0 10.0 10.0 
4 6 3.9 3.9 8.0 3.0 8.0 2.0 2.0 2.0 3.0 1.0 3.0 10.0 3.0 10.0 10.0 10.0 10.0 10.0 9.0 10.0 
4 5 3.34 3.34 9.0 4.0 9.0 2.0 2.0 2.0 10.0 9.0 10.0 4.0 2.0 4.0 4.0 2.0 4.0 
4 6 3.84 3.84 9.0 4.0 9.0 2.0 2.0 2.0 10.0 9.0 10.0 4.0 2.0 4.0 4.0 2.0 4.0 8.0 4.0 8.0 
4 5 3.21 3.21 10.0 6.0 10.0 9.0 4.0 9.0 6.0 4.0 6.0 4.0 4.0 4.0 10.0 5.0 10.0 
4 6 3.71 3.71 10.0 6.0 10.0 9.0 4.0 9.0 6.0 4.0 6.0 4.0 4.0 4.0 10.0 5.0 10.0 2.0 1.0 2.0 
4 5 3.14 3.14 10.0 1.0 10.0 9.0 6.0 9.0 8.0 6.0 8.0 8.0 5.0 8.0 3.0 3.0 3.0 
4 6 3.58 3.58 10.0 1.0 10.0 9.0 6.0 9.0 8.0 6.0 8.0 8.0 5.0 8.0 3.0 3.0 3.0 9.0 4.0 9.0 
4 5 2.77 2.77 9.0 3.0 9.0 4.0 2.0 4.0 4.0 4.0 4.0 2.0 1.0 2.0 9.0 4.0 9.0 
4 6 3.11 3.11 9.0 3.0 9.0 4.0 2.0 4.0 4.0 4.0 4.0 2.0 1.0 2.0 9.0 4.0 9.0 3.0 1.0 3.0 
4 7 3.82 3.82 9.0 3.0 9.0 4.0 2.0 4.0 4.0 4.0 4.0 2.0 1.0 2.0 9.0 4.0 9.0 3.0 1.0 3.0 7.0 5.0 7.0 
4 5 2.86 2.86 9.0 2.0 9.0 6.0 5.0 6.0 7.0 1.0 7.0 6.0 5.0 6.0 6.0 5.0 6.0 
4 6 3.56 3.56 9.0 2.0 9.0 6.0 5.0 6.0 7.0 1.0 7.0 6.0 5.0 6.0 6.0 5.0 6.0 10.0 7.0 10.0 
4 5 3.29 3.29 4.0 3.0 4.0 7.0 6.0 7.0 6.0 2.0 6.0 7.0 6.0 7.0 2.0 1.0 2.0 
4 5 3.32 3.32 4.0 3.0 4.0 10.0 6.0 10.0 9.0 2.0 9.0 3.0 3.0 3.0 4.0 3.0 4.0 
4 6 3.69 3.69 4.0 3.0 4.0 10.0 6.0 10.0 9.0 2.0 9.0 3.0 3.0 3.0 4.0 3.0 4.0 8.0 3.0 8.0 
4 5 3.56 3.56 10.0 6.0 10.0 2.0 2.0 2.0 10.0 3.0 10.0 3.0 2.0 3.0 3.0 3.0 3.0 
4 5 3.4 3.4 2.0 1.0 2.0 8.0 7.0 8.0 4.0 4.0 4.0 6.0 5.0 6.0 5.0 1.0 5.0 
4 6 3.57 3.57 2.0 1.0 2.0 8.0 7.0 8.0 4.0 4.0 4.0 6.0 5.0 6.0 5.0 1.0 5.0 6.0 1.0 6.0 
4 7 3.71 3.71 2.0 1.0 2.0 8.0 7.0 8.0 4.0 4.0 4.0 6.0 5.0 6.0 5.0 1.0 5.0 6.0 1.0 6.0 7.0 1.0 7.0 
4 5 2.31 2.31 8.0 8.0 8.0 2.0 1.0 2.0 10.0 2.0 10.0 7.0 2.0 7.0 3.0 1.0 3.0 
4 6 3.2 3.2 8.0 8.0 8.0 2.0 1.0 2.0 10.0 2.0 10.0 7.0 2.0 7.0 3.0 1.0 3.0 9.0 8.0 9.0 
4 7 3.83 3.83 8.0 8.0 8.0 2.0 1.0 2.0 10.0 2.0 10.0 7.0 2.0 7.0 3.0 1.0 3.0 9.0 8.0 9.0 8.0 5.0 8.0 
4 5 2.77 2.77 6.0 6.0 6.0 10.0 3.0 10.0 10.0 6.0 10.0 8.0 3.0 8.0 2.0 1.0 2.0 
4 6 3.37 3.37 6.0 6.0 6.0 10.0 3.0 10.0 10.0 6.0 10.0 8.0 3.0 8.0 2.0 1.0 2.0 5.0 3.0 5.0 
4 7 3.97 3.97 6.0 6.0 6.0 10.0 3.0 10.0 10.0 6.0 10.0 8.0 3.0 8.0 2.0 1.0 2.0 5.0 3.0 5.0 5.0 3.0 5.0 
4 5 1.76 1.76 10.0 3.0 10.0 7.0 3.0 7.0 9.0 1.0 9.0 7.0 3.0 7.0 4.0 2.0 4.0 
4 6 2.01 2.01 10.0 3.0 10.0 7.0 3.0 7.0 9.0 1.0 9.0 7.0 3.0 7.0 4.0 2.0 4.0 8.0 2.0 8.0 
4 7 2.81 2.81 10.0 3.0 10.0 7.0 3.0 7.0 9.0 1.0 9.0 7.0 3.0 7.0 4.0 2.0 4.0 8.0 2.0 8.0 10.0 8.0 10.0 
4 8 3.81 3.81 10.0 3.0 10.0 7.0 3.0 7.0 9.0 1.0 9.0 7.0 3.0 7.0 4.0 2.0 4.0 8.0 2.0 8.0 10.0 8.0 10.0 3.0 3.0 3.0 
4 5 2.42 2.42 7.0 4.0 7.0 10.0 1.0 10.0 6.0 4.0 6.0 9.0 8.0 9.0 5.0 1.0 5.0 
4 6 2.56 2.56 7.0 4.0 7.0 10.0 1.0 10.0 6.0 4.0 6.0 9.0 8.0 9.0 5.0 1.0 5.0 7.0 1.0 7.0 
4 7 3.01 3.01 7.0 4.0 7.0 10.0 1.0 10.0 6.0 4.0 6.0 9.0 8.0 9.0 5.0 1.0 5.0 7.0 1.0 7.0 9.0 4.0 9.0 
4 8 3.45 3.45 7.0 4.0 7.0 10.0 1.0 10.0 6.0 4.0 6.0 9.0 8.0 9.0 5.0 1.0 5.0 7.0 1.0 7.0 9.0 4.0 9.0 9.0 4.0 9.0 
4 9 3.65 3.65 7.0 4.0 7.0 10.0 1.0 10.0 6.0 4.0 6.0 9.0 8.0 9.0 5.0 1.0 5.0 7.0 1.0 7.0 9.0 4.0 9.0 9.0 4.0 9.0 10.0 2.0 10.0 
4 5 1.9 1.9 7.0 3.0 7.0 4.0 1.0 4.0 10.0 6.0 10.0 8.0 3.0 8.0 4.0 1.0 4.0 
4 6 2.23 2.23 7.0 3.0 7.0 4.0 1.0 4.0 10.0 6.0 10.0 8.0 3.0 8.0 4.0 1.0 4.0 9.0 3.0 9.0 
4 7 2.79 2.79 7.0 3.0 7.0 4.0 1.0 4.0 10.0 6.0 10.0 8.0 3.0 8.0 4.0 1.0 4.0 9.0 3.0 9.0 9.0 5.0 9.0 
4 8 3.12 3.12 7.0 3.0 7.0 4.0 1.0 4.0 10.0 6.0 10.0 8.0 3.0 8.0 4.0 1.0 4.0 9.0 3.0 9.0 9.0 5.0 9.0 9.0 3.0 9.0 
4 5 3.02 3.02 4.0 1.0 4.0 6.0 6.0 6.0 5.0 1.0 5.0 2.0 2.0 2.0 7.0 4.0 7.0 
4 6 3.45 3.45 4.0 1.0 4.0 6.0 6.0 6.0 5.0 1.0 5.0 2.0 2.0 2.0 7.0 4.0 7.0 7.0 3.0 7.0 
4 7 3.95 3.95 4.0 1.0 4.0 6.0 6.0 6.0 5.0 1.0 5.0 2.0 2.0 2.0 7.0 4.0 7.0 7.0 3.0 7.0 10.0 5.0 10.0 
4 5 2.85 2.85 4.0 2.0 4.0 9.0 3.0 9.0 2.0 1.0 2.0 7.0 6.0 7.0 9.0 6.0 9.0 
4 6 3.05 3.05 4.0 2.0 4.0 9.0 3.0 9.0 2.0 1.0 2.0 7.0 6.0 7.0 9.0 6.0 9.0 10.0 2.0 10.0 
4 7 3.85 3.85 4.0 2.0 4.0 9.0 3.0 9.0 2.0 1.0 2.0 7.0 6.0 7.0 9.0 6.0 9.0 10.0 2.0 10.0 10.0 8.0 10.0 
4 5 2.64 2.64 2.0 2.0 2.0 9.0 6.0 9.0 9.0 4.0 9.0 4.0 1.0 4.0 7.0 2.0 7.0 
4 6 3.64 3.64 2.0 2.0 2.0 9.0 6.0 9.0 9.0 4.0 9.0 4.0 1.0 4.0 7.0 2.0 7.0 8.0 8.0 8.0 
4 5 2.61 2.61 6.0 1.0 6.0 6.0 4.0 6.0 3.0 1.0 3.0 9.0 4.0 9.0 9.0 9.0 9.0 
4 6 2.73 2.73 6.0 1.0 6.0 6.0 4.0 6.0 3.0 1.0 3.0 9.0 4.0 9.0 9.0 9.0 9.0 8.0 1.0 8.0 
4 7 3.3 3.3 6.0 1.0 6.0 6.0 4.0 6.0 3.0 1.0 3.0 9.0 4.0 9.0 9.0 9.0 9.0 8.0 1.0 8.0 7.0 4.0 7.0 
4 8 3.7 3.7 6.0 1.0 6.0 6.0 4.0 6.0 3.0 1.0 3.0 9.0 4.0 9.0 9.0 9.0 9.0 8.0 1.0 8.0 7.0 4.0 7.0 5.0 2.0 5.0 
4 5 2.79 2.79 6.0 3.0 6.0 8.0 1.0 8.0 2.0 2.0 2.0 6.0 3.0 6.0 6.0 4.0 6.0 
4 6 3.79 3.79 6.0 3.0 6.0 8.0 1.0 8.0 2.0 2.0 2.0 6.0 3.0 6.0 6.0 4.0 6.0 6.0 6.0 6.0 
4 5 2.28 2.28 5.0 2.0 5.0 3.0 2.0 3.0 9.0 2.0 9.0 10.0 4.0 10.0 5.0 3.0 5.0 
4 6 3.28 3.28 5.0 2.0 5.0 3.0 2.0 3.0 9.0 2.0 9.0 10.0 4.0 10.0 5.0 3.0 5.0 2.0 2.0 2.0 
4 7 3.78 3.78 5.0 2.0 5.0 3.0 2.0 3.0 9.0 2.0 9.0 10.0 4.0 10.0 5.0 3.0 5.0 2.0 2.0 2.0 2.0 1.0 2.0 
4 5 2.6 2.6 8.0 2.0 8.0 5.0 3.0 5.0 9.0 3.0 9.0 5.0 4.0 5.0 8.0 5.0 8.0 
4 6 3.48 3.48 8.0 2.0 8.0 5.0 3.0 5.0 9.0 3.0 9.0 5.0 4.0 5.0 8.0 5.0 8.0 8.0 7.0 8.0 
4 7 3.65 3.65 8.0 2.0 8.0 5.0 3.0 5.0 9.0 3.0 9.0 5.0 4.0 5.0 8.0 5.0 8.0 8.0 7.0 8.0 6.0 1.0 6.0 
4 5 2.9 2.9 5.0 4.0 5.0 3.0 2.0 3.0 10.0 1.0 10.0 3.0 1.0 3.0 4.0 4.0 4.0 
4 6 3.4 3.4 5.0 4.0 5.0 3.0 2.0 3.0 10.0 1.0 10.0 3.0 1.0 3.0 4.0 4.0 4.0 2.0 1.0 2.0 
4 5 3.03 3.03 6.0 6.0 6.0 9.0 3.0 9.0 2.0 1.0 2.0 5.0 1.0 5.0 3.0 3.0 3.0 
4 6 3.63 3.63 6.0 6.0 6.0 9.0 3.0 9.0 2.0 1.0 2.0 5.0 1.0 5.0 3.0 3.0 3.0 10.0 6.0 10.0 
4 5 2.95 2.95 7.0 2.0 7.0 4.0 2.0 4.0 6.0 6.0 6.0 2.0 2.0 2.0 6.0 1.0 6.0 
4 6 3.2 3.2 7.0 2.0 7.0 4.0 2.0 4.0 6.0 6.0 6.0 2.0 2.0 2.0 6.0 1.0 6.0 8.0 2.0 8.0 
4 7 3.7 3.7 7.0 2.0 7.0 4.0 2.0 4.0 6.0 6.0 6.0 2.0 2.0 2.0 6.0 1.0 6.0 8.0 2.0 8.0 8.0 4.0 8.0 
4 5 2.58 2.58 8.0 3.0 8.0 5.0 1.0 5.0 8.0 5.0 8.0 9.0 8.0 9.0 2.0 1.0 2.0 
4 6 3.58 3.58 8.0 3.0 8.0 5.0 1.0 5.0 8.0 5.0 8.0 9.0 8.0 9.0 2.0 1.0 2.0 4.0 4.0 4.0 
4 5 2.82 2.82 10.0 6.0 10.0 7.0 1.0 7.0 3.0 1.0 3.0 8.0 6.0 8.0 5.0 5.0 5.0 
4 6 3.2 3.2 10.0 6.0 10.0 7.0 1.0 7.0 3.0 1.0 3.0 8.0 6.0 8.0 5.0 5.0 5.0 8.0 3.0 8.0 
4 5 3.13 3.13 6.0 2.0 6.0 6.0 5.0 6.0 9.0 2.0 9.0 6.0 6.0 6.0 4.0 3.0 4.0 
4 5 3.33 3.33 3.0 3.0 3.0 6.0 3.0 6.0 7.0 2.0 7.0 8.0 6.0 8.0 5.0 4.0 5.0 
4 5 3.39 3.39 10.0 8.0 10.0 4.0 2.0 4.0 8.0 6.0 8.0 10.0 9.0 10.0 9.0 4.0 9.0 
4 5 3.4 3.4 7.0 7.0 7.0 10.0 10.0 10.0 5.0 1.0 5.0 5.0 4.0 5.0 5.0 2.0 5.0 
4 5 2.9 2.9 7.0 6.0 7.0 8.0 8.0 8.0 7.0 2.0 7.0 7.0 3.0 7.0 9.0 3.0 9.0 
4 6 3.19 3.19 7.0 6.0 7.0 8.0 8.0 8.0 7.0 2.0 7.0 7.0 3.0 7.0 9.0 3.0 9.0 7.0 2.0 7.0 
4 7 3.69 3.69 7.0 6.0 7.0 8.0 8.0 8.0 7.0 2.0 7.0 7.0 3.0 7.0 9.0 3.0 9.0 7.0 2.0 7.0 2.0 1.0 2.0 
4 5 3.44 3.44 7.0 1.0 7.0 10.0 8.0 10.0 8.0 8.0 8.0 2.0 2.0 2.0 2.0 1.0 2.0 
4 5 3.23 3.23 5.0 4.0 5.0 6.0 3.0 6.0 5.0 3.0 5.0 6.0 2.0 6.0 4.0 4.0 4.0 
4 5 3.74 3.74 2.0 2.0 2.0 8.0 7.0 8.0 2.0 1.0 2.0 10.0 7.0 10.0 9.0 6.0 9.0 
4 5 2.51 2.51 4.0 1.0 4.0 10.0 9.0 10.0 4.0 4.0 4.0 7.0 1.0 7.0 9.0 2.0 9.0 
4 6 3.34 3.34 4.0 1.0 4.0 10.0 9.0 10.0 4.0 4.0 4.0 7.0 1.0 7.0 9.0 2.0 9.0 6.0 5.0 6.0 
4 5 3.9 3.9 5.0 4.0 5.0 10.0 4.0 10.0 3.0 3.0 3.0 2.0 2.0 2.0 10.0 7.0 10.0 
4 5 3.85 3.85 2.0 2.0 2.0 4.0 1.0 4.0 9.0 9.0 9.0 5.0 3.0 5.0 4.0 4.0 4.0 
4 5 3.26 3.26 8.0 8.0 8.0 3.0 2.0 3.0 10.0 1.0 10.0 4.0 2.0 4.0 9.0 9.0 9.0 
4 6 3.4 3.4 8.0 8.0 8.0 3.0 2.0 3.0 10.0 1.0 10.0 4.0 2.0 4.0 9.0 9.0 9.0 7.0 1.0 7.0 
4 7 3.57 3.57 8.0 8.0 8.0 3.0 2.0 3.0 10.0 1.0 10.0 4.0 2.0 4.0 9.0 9.0 9.0 7.0 1.0 7.0 6.0 1.0 6.0 
4 8 3.9 3.9 8.0 8.0 8.0 3.0 2.0 3.0 10.0 1.0 10.0 4.0 2.0 4.0 9.0 9.0 9.0 7.0 1.0 7.0 6.0 1.0 6.0 6.0 2.0 6.0 
4 5 3.07 3.07 7.0 6.0 7.0 7.0 5.0 7.0 2.0 1.0 2.0 9.0 6.0 9.0 3.0 1.0 3.0 
4 6 3.57 3.57 7.0 6.0 7.0 7.0 5.0 7.0 2.0 1.0 2.0 9.0 6.0 9.0 3.0 1.0 3.0 8.0 4.0 8.0 
4 7 3.85 3.85 7.0 6.0 7.0 7.0 5.0 7.0 2.0 1.0 2.0 9.0 6.0 9.0 3.0 1.0 3.0 8.0 4.0 8.0 7.0 2.0 7.0 
4 8 3.98 3.98 7.0 6.0 7.0 7.0 5.0 7.0 2.0 1.0 2.0 9.0 6.0 9.0 3.0 1.0 3.0 8.0 4.0 8.0 7.0 2.0 7.0 8.0 1.0 8.0 
4 5 3.33 3.33 2.0 1.0 2.0 4.0 2.0 4.0 4.0 2.0 4.0 8.0 8.0 8.0 6.0 5.0 6.0 
4 6 3.73 3.73 2.0 1.0 2.0 4.0 2.0 4.0 4.0 2.0 4.0 8.0 8.0 8.0 6.0 5.0 6.0 5.0 2.0 5.0 
4 5 2.89 2.89 3.0 1.0 3.0 5.0 3.0 5.0 6.0 3.0 6.0 7.0 6.0 7.0 5.0 3.0 5.0 
4 6 3.89 3.89 3.0 1.0 3.0 5.0 3.0 5.0 6.0 3.0 6.0 7.0 6.0 7.0 5.0 3.0 5.0 5.0 5.0 5.0 
4 5 2.95 2.95 2.0 1.0 2.0 4.0 4.0 4.0 4.0 3.0 4.0 5.0 1.0 5.0 6.0 3.0 6.0 
4 6 3.8 3.8 2.0 1.0 2.0 4.0 4.0 4.0 4.0 3.0 4.0 5.0 1.0 5.0 6.0 3.0 6.0 7.0 6.0 7.0 
4 5 2.58 2.58 3.0 1.0 3.0 9.0 8.0 9.0 8.0 3.0 8.0 9.0 5.0 9.0 7.0 3.0 7.0 
4 6 2.98 2.98 3.0 1.0 3.0 9.0 8.0 9.0 8.0 3.0 8.0 9.0 5.0 9.0 7.0 3.0 7.0 5.0 2.0 5.0 
4 7 3.68 3.68 3.0 1.0 3.0 9.0 8.0 9.0 8.0 3.0 8.0 9.0 5.0 9.0 7.0 3.0 7.0 5.0 2.0 5.0 10.0 7.0 10.0 
4 5 1.59 1.59 4.0 3.0 4.0 3.0 1.0 3.0 7.0 1.0 7.0 5.0 1.0 5.0 6.0 1.0 6.0 
4 6 1.7 1.7 4.0 3.0 4.0 3.0 1.0 3.0 7.0 1.0 7.0 5.0 1.0 5.0 6.0 1.0 6.0 9.0 1.0 9.0 
4 7 2.03 2.03 4.0 3.0 4.0 3.0 1.0 3.0 7.0 1.0 7.0 5.0 1.0 5.0 6.0 1.0 6.0 9.0 1.0 9.0 9.0 3.0 9.0 
4 8 2.48 2.48 4.0 3.0 4.0 3.0 1.0 3.0 7.0 1.0 7.0 5.0 1.0 5.0 6.0 1.0 6.0 9.0 1.0 9.0 9.0 3.0 9.0 9.0 4.0 9.0 
4 9 2.85 2.85 4.0 3.0 4.0 3.0 1.0 3.0 7.0 1.0 7.0 5.0 1.0 5.0 6.0 1.0 6.0 9.0 1.0 9.0 9.0 3.0 9.0 9.0 4.0 9.0 8.0 3.0 8.0 
4 10 3.55 3.55 4.0 3.0 4.0 3.0 1.0 3.0 7.0 1.0 7.0 5.0 1.0 5.0 6.0 1.0 6.0 9.0 1.0 9.0 9.0 3.0 9.0 9.0 4.0 9.0 8.0 3.0 8.0 10.0 7.0 10.0 
4 11 3.89 3.89 4.0 3.0 4.0 3.0 1.0 3.0 7.0 1.0 7.0 5.0 1.0 5.0 6.0 1.0 6.0 9.0 1.0 9.0 9.0 3.0 9.0 9.0 4.0 9.0 8.0 3.0 8.0 10.0 7.0 10.0 3.0 1.0 3.0 
4 5 3.45 3.45 8.0 6.0 8.0 2.0 2.0 2.0 5.0 3.0 5.0 10.0 1.0 10.0 6.0 6.0 6.0 
4 6 3.95 3.95 8.0 6.0 8.0 2.0 2.0 2.0 5.0 3.0 5.0 10.0 1.0 10.0 6.0 6.0 6.0 2.0 1.0 2.0 
4 5 2.03 2.03 4.0 1.0 4.0 2.0 1.0 2.0 8.0 1.0 8.0 9.0 5.0 9.0 10.0 6.0 10.0 
4 6 2.74 2.74 4.0 1.0 4.0 2.0 1.0 2.0 8.0 1.0 8.0 9.0 5.0 9.0 10.0 6.0 10.0 7.0 5.0 7.0 
4 7 3.57 3.57 4.0 1.0 4.0 2.0 1.0 2.0 8.0 1.0 8.0 9.0 5.0 9.0 10.0 6.0 10.0 7.0 5.0 7.0 6.0 5.0 6.0 
4 5 3.81 3.81 2.0 2.0 2.0 7.0 5.0 7.0 5.0 3.0 5.0 2.0 1.0 2.0 9.0 9.0 9.0 
4 5 2.13 2.13 5.0 3.0 5.0 10.0 4.0 10.0 8.0 5.0 8.0 9.0 2.0 9.0 7.0 2.0 7.0 
4 6 2.63 2.63 5.0 3.0 5.0 10.0 4.0 10.0 8.0 5.0 8.0 9.0 2.0 9.0 7.0 2.0 7.0 4.0 2.0 4.0 
4 7 3.63 3.63 5.0 3.0 5.0 10.0 4.0 10.0 8.0 5.0 8.0 9.0 2.0 9.0 7.0 2.0 7.0 4.0 2.0 4.0 2.0 2.0 2.0 
4 5 3.0 3.0 8.0 2.0 8.0 4.0 3.0 4.0 9.0 7.0 9.0 3.0 1.0 3.0 9.0 8.0 9.0 
4 6 3.83 3.83 8.0 2.0 8.0 4.0 3.0 4.0 9.0 7.0 9.0 3.0 1.0 3.0 9.0 8.0 9.0 6.0 5.0 6.0 
4 5 2.83 2.83 7.0 7.0 7.0 9.0 3.0 9.0 3.0 1.0 3.0 3.0 2.0 3.0 4.0 2.0 4.0 
4 6 3.63 3.63 7.0 7.0 7.0 9.0 3.0 9.0 3.0 1.0 3.0 3.0 2.0 3.0 4.0 2.0 4.0 5.0 4.0 5.0 
4 5 2.4 2.4 6.0 2.0 6.0 10.0 1.0 10.0 4.0 3.0 4.0 9.0 2.0 9.0 5.0 5.0 5.0 
4 6 2.7 2.7 6.0 2.0 6.0 10.0 1.0 10.0 4.0 3.0 4.0 9.0 2.0 9.0 5.0 5.0 5.0 10.0 3.0 10.0 
4 7 3.7 3.7 6.0 2.0 6.0 10.0 1.0 10.0 4.0 3.0 4.0 9.0 2.0 9.0 5.0 5.0 5.0 10.0 3.0 10.0 4.0 4.0 4.0 
4 5 2.99 2.99 9.0 7.0 9.0 8.0 5.0 8.0 9.0 8.0 9.0 6.0 3.0 6.0 5.0 1.0 5.0 
4 6 3.99 3.99 9.0 7.0 9.0 8.0 5.0 8.0 9.0 8.0 9.0 6.0 3.0 6.0 5.0 1.0 5.0 8.0 8.0 8.0 
4 5 3.75 3.75 10.0 8.0 10.0 4.0 3.0 4.0 5.0 3.0 5.0 4.0 4.0 4.0 5.0 3.0 5.0 
4 6 3.95 3.95 10.0 8.0 10.0 4.0 3.0 4.0 5.0 3.0 5.0 4.0 4.0 4.0 5.0 3.0 5.0 10.0 2.0 10.0 
4 5 4.0 4.0 9.0 6.0 9.0 3.0 3.0 3.0 3.0 1.0 3.0 9.0 9.0 9.0 8.0 8.0 8.0 
4 5 3.8 3.8 9.0 9.0 9.0 10.0 3.0 10.0 6.0 3.0 6.0 3.0 3.0 3.0 5.0 5.0 5.0 
4 5 3.43 3.43 6.0 5.0 6.0 10.0 7.0 10.0 6.0 3.0 6.0 10.0 9.0 10.0 10.0 5.0 10.0 
4 5 2.17 2.17 5.0 4.0 5.0 7.0 1.0 7.0 8.0 6.0 8.0 5.0 1.0 5.0 7.0 2.0 7.0 
4 6 2.67 2.67 5.0 4.0 5.0 7.0 1.0 7.0 8.0 6.0 8.0 5.0 1.0 5.0 7.0 2.0 7.0 2.0 1.0 2.0 
4 7 3.67 3.67 5.0 4.0 5.0 7.0 1.0 7.0 8.0 6.0 8.0 5.0 1.0 5.0 7.0 2.0 7.0 2.0 1.0 2.0 2.0 2.0 2.0 
4 5 2.64 2.64 4.0 1.0 4.0 10.0 6.0 10.0 3.0 2.0 3.0 8.0 1.0 8.0 3.0 3.0 3.0 
4 6 3.51 3.51 4.0 1.0 4.0 10.0 6.0 10.0 3.0 2.0 3.0 8.0 1.0 8.0 3.0 3.0 3.0 8.0 7.0 8.0 
4 7 3.68 3.68 4.0 1.0 4.0 10.0 6.0 10.0 3.0 2.0 3.0 8.0 1.0 8.0 3.0 3.0 3.0 8.0 7.0 8.0 6.0 1.0 6.0 
4 5 3.15 3.15 9.0 8.0 9.0 6.0 1.0 6.0 2.0 1.0 2.0 5.0 3.0 5.0 4.0 4.0 4.0 
4 5 3.12 3.12 10.0 8.0 10.0 4.0 1.0 4.0 7.0 4.0 7.0 8.0 8.0 8.0 2.0 1.0 2.0 
4 5 3.0 3.0 4.0 4.0 4.0 7.0 6.0 7.0 8.0 4.0 8.0 7.0 1.0 7.0 2.0 1.0 2.0 
4 6 3.4 3.4 4.0 4.0 4.0 7.0 6.0 7.0 8.0 4.0 8.0 7.0 1.0 7.0 2.0 1.0 2.0 5.0 2.0 5.0 
4 5 3.38 3.38 9.0 5.0 9.0 2.0 1.0 2.0 2.0 1.0 2.0 3.0 3.0 3.0 6.0 5.0 6.0 
4 6 3.51 3.51 9.0 5.0 9.0 2.0 1.0 2.0 2.0 1.0 2.0 3.0 3.0 3.0 6.0 5.0 6.0 8.0 1.0 8.0 
4 5 3.24 3.24 3.0 2.0 3.0 5.0 3.0 5.0 7.0 6.0 7.0 3.0 3.0 3.0 8.0 1.0 8.0 
4 6 3.74 3.74 3.0 2.0 3.0 5.0 3.0 5.0 7.0 6.0 7.0 3.0 3.0 3.0 8.0 1.0 8.0 4.0 2.0 4.0 
4 5 3.31 3.31 3.0 3.0 3.0 9.0 1.0 9.0 5.0 1.0 5.0 4.0 4.0 4.0 2.0 2.0 2.0 
4 6 3.51 3.51 3.0 3.0 3.0 9.0 1.0 9.0 5.0 1.0 5.0 4.0 4.0 4.0 2.0 2.0 2.0 5.0 1.0 5.0 
4 7 3.84 3.84 3.0 3.0 3.0 9.0 1.0 9.0 5.0 1.0 5.0 4.0 4.0 4.0 2.0 2.0 2.0 5.0 1.0 5.0 3.0 1.0 3.0 
4 8 3.96 3.96 3.0 3.0 3.0 9.0 1.0 9.0 5.0 1.0 5.0 4.0 4.0 4.0 2.0 2.0 2.0 5.0 1.0 5.0 3.0 1.0 3.0 8.0 1.0 8.0 
4 5 3.41 3.41 10.0 5.0 10.0 4.0 4.0 4.0 3.0 2.0 3.0 3.0 3.0 3.0 4.0 1.0 4.0 
4 5 2.06 2.06 4.0 3.0 4.0 5.0 1.0 5.0 9.0 6.0 9.0 3.0 1.0 3.0 9.0 1.0 9.0 
4 6 2.56 2.56 4.0 3.0 4.0 5.0 1.0 5.0 9.0 6.0 9.0 3.0 1.0 3.0 9.0 1.0 9.0 2.0 1.0 2.0 
4 7 2.96 2.96 4.0 3.0 4.0 5.0 1.0 5.0 9.0 6.0 9.0 3.0 1.0 3.0 9.0 1.0 9.0 2.0 1.0 2.0 5.0 2.0 5.0 
4 8 3.96 3.96 4.0 3.0 4.0 5.0 1.0 5.0 9.0 6.0 9.0 3.0 1.0 3.0 9.0 1.0 9.0 2.0 1.0 2.0 5.0 2.0 5.0 4.0 4.0 4.0 
4 5 3.05 3.05 2.0 1.0 2.0 9.0 2.0 9.0 6.0 2.0 6.0 2.0 2.0 2.0 4.0 4.0 4.0 
4 6 3.3 3.3 2.0 1.0 2.0 9.0 2.0 9.0 6.0 2.0 6.0 2.0 2.0 2.0 4.0 4.0 4.0 4.0 1.0 4.0 
4 7 3.8 3.8 2.0 1.0 2.0 9.0 2.0 9.0 6.0 2.0 6.0 2.0 2.0 2.0 4.0 4.0 4.0 4.0 1.0 4.0 8.0 4.0 8.0 
4 5 3.85 3.85 4.0 4.0 4.0 10.0 8.0 10.0 7.0 6.0 7.0 10.0 2.0 10.0 4.0 4.0 4.0 
4 5 2.85 2.85 6.0 2.0 6.0 8.0 5.0 8.0 10.0 4.0 10.0 4.0 2.0 4.0 2.0 2.0 2.0 
4 6 3.25 3.25 6.0 2.0 6.0 8.0 5.0 8.0 10.0 4.0 10.0 4.0 2.0 4.0 2.0 2.0 2.0 5.0 2.0 5.0 
4 5 3.27 3.27 2.0 2.0 2.0 10.0 7.0 10.0 9.0 1.0 9.0 7.0 5.0 7.0 4.0 3.0 4.0 
4 6 3.87 3.87 2.0 2.0 2.0 10.0 7.0 10.0 9.0 1.0 9.0 7.0 5.0 7.0 4.0 3.0 4.0 10.0 6.0 10.0 
4 5 3.04 3.04 5.0 3.0 5.0 3.0 3.0 3.0 9.0 4.0 9.0 5.0 1.0 5.0 10.0 8.0 10.0 
4 5 2.94 2.94 8.0 7.0 8.0 3.0 1.0 3.0 5.0 2.0 5.0 7.0 7.0 7.0 3.0 1.0 3.0 
4 6 3.19 3.19 8.0 7.0 8.0 3.0 1.0 3.0 5.0 2.0 5.0 7.0 7.0 7.0 3.0 1.0 3.0 8.0 2.0 8.0 
4 7 3.79 3.79 8.0 7.0 8.0 3.0 1.0 3.0 5.0 2.0 5.0 7.0 7.0 7.0 3.0 1.0 3.0 8.0 2.0 8.0 10.0 6.0 10.0 
4 5 3.88 3.88 6.0 5.0 6.0 6.0 2.0 6.0 7.0 5.0 7.0 8.0 8.0 8.0 4.0 4.0 4.0 
4 5 2.03 2.03 5.0 1.0 5.0 2.0 1.0 2.0 4.0 2.0 4.0 3.0 1.0 3.0 2.0 1.0 2.0 
4 6 3.03 3.03 5.0 1.0 5.0 2.0 1.0 2.0 4.0 2.0 4.0 3.0 1.0 3.0 2.0 1.0 2.0 4.0 4.0 4.0 
4 5 3.84 3.84 5.0 4.0 5.0 4.0 3.0 4.0 8.0 5.0 8.0 3.0 3.0 3.0 3.0 2.0 3.0 
4 5 3.71 3.71 10.0 5.0 10.0 3.0 2.0 3.0 4.0 3.0 4.0 7.0 7.0 7.0 5.0 4.0 5.0 
4 5 3.18 3.18 10.0 1.0 10.0 10.0 10.0 10.0 3.0 2.0 3.0 4.0 3.0 4.0 9.0 6.0 9.0 
4 5 3.45 3.45 9.0 5.0 9.0 2.0 2.0 2.0 3.0 2.0 3.0 10.0 8.0 10.0 7.0 3.0 7.0 
4 5 2.8 2.8 2.0 2.0 2.0 5.0 2.0 5.0 5.0 2.0 5.0 2.0 1.0 2.0 4.0 2.0 4.0 
4 6 3.35 3.35 2.0 2.0 2.0 5.0 2.0 5.0 5.0 2.0 5.0 2.0 1.0 2.0 4.0 2.0 4.0 9.0 5.0 9.0 
4 5 3.29 3.29 7.0 4.0 7.0 3.0 3.0 3.0 7.0 3.0 7.0 8.0 5.0 8.0 3.0 2.0 3.0 
4 5 2.34 2.34 7.0 1.0 7.0 3.0 2.0 3.0 2.0 1.0 2.0 6.0 5.0 6.0 5.0 1.0 5.0 
4 6 2.67 2.67 7.0 1.0 7.0 3.0 2.0 3.0 2.0 1.0 2.0 6.0 5.0 6.0 5.0 1.0 5.0 3.0 1.0 3.0 
4 7 3.37 3.37 7.0 1.0 7.0 3.0 2.0 3.0 2.0 1.0 2.0 6.0 5.0 6.0 5.0 1.0 5.0 3.0 1.0 3.0 10.0 7.0 10.0 
4 5 2.44 2.44 9.0 4.0 9.0 3.0 2.0 3.0 9.0 2.0 9.0 9.0 1.0 9.0 2.0 2.0 2.0 
4 6 3.04 3.04 9.0 4.0 9.0 3.0 2.0 3.0 9.0 2.0 9.0 9.0 1.0 9.0 2.0 2.0 2.0 5.0 3.0 5.0 
4 7 3.87 3.87 9.0 4.0 9.0 3.0 2.0 3.0 9.0 2.0 9.0 9.0 1.0 9.0 2.0 2.0 2.0 5.0 3.0 5.0 6.0 5.0 6.0 
4 5 3.14 3.14 7.0 6.0 7.0 4.0 3.0 4.0 5.0 3.0 5.0 10.0 6.0 10.0 3.0 1.0 3.0 
4 6 3.74 3.74 7.0 6.0 7.0 4.0 3.0 4.0 5.0 3.0 5.0 10.0 6.0 10.0 3.0 1.0 3.0 5.0 3.0 5.0 
4 5 3.0 3.0 9.0 8.0 9.0 4.0 2.0 4.0 6.0 5.0 6.0 7.0 2.0 7.0 6.0 3.0 6.0 
4 6 3.86 3.86 9.0 8.0 9.0 4.0 2.0 4.0 6.0 5.0 6.0 7.0 2.0 7.0 6.0 3.0 6.0 7.0 6.0 7.0 
4 5 2.75 2.75 3.0 1.0 3.0 3.0 1.0 3.0 3.0 1.0 3.0 2.0 2.0 2.0 8.0 6.0 8.0 
4 6 3.75 3.75 3.0 1.0 3.0 3.0 1.0 3.0 3.0 1.0 3.0 2.0 2.0 2.0 8.0 6.0 8.0 3.0 3.0 3.0 
4 5 3.8 3.8 9.0 4.0 9.0 2.0 2.0 2.0 4.0 4.0 4.0 7.0 6.0 7.0 2.0 1.0 2.0 
4 5 1.95 1.95 3.0 1.0 3.0 8.0 1.0 8.0 10.0 4.0 10.0 10.0 9.0 10.0 5.0 1.0 5.0 
4 6 2.45 2.45 3.0 1.0 3.0 8.0 1.0 8.0 10.0 4.0 10.0 10.0 9.0 10.0 5.0 1.0 5.0 2.0 1.0 2.0 
4 7 3.45 3.45 3.0 1.0 3.0 8.0 1.0 8.0 10.0 4.0 10.0 10.0 9.0 10.0 5.0 1.0 5.0 2.0 1.0 2.0 4.0 4.0 4.0 
4 5 3.22 3.22 8.0 3.0 8.0 4.0 3.0 4.0 3.0 3.0 3.0 6.0 3.0 6.0 5.0 3.0 5.0 
4 6 3.89 3.89 8.0 3.0 8.0 4.0 3.0 4.0 3.0 3.0 3.0 6.0 3.0 6.0 5.0 3.0 5.0 3.0 2.0 3.0 
4 5 2.45 2.45 7.0 1.0 7.0 3.0 2.0 3.0 8.0 8.0 8.0 7.0 1.0 7.0 10.0 5.0 10.0 
4 6 3.25 3.25 7.0 1.0 7.0 3.0 2.0 3.0 8.0 8.0 8.0 7.0 1.0 7.0 10.0 5.0 10.0 10.0 8.0 10.0 
4 7 3.87 3.87 7.0 1.0 7.0 3.0 2.0 3.0 8.0 8.0 8.0 7.0 1.0 7.0 10.0 5.0 10.0 10.0 8.0 10.0 8.0 5.0 8.0 
4 5 2.13 2.13 7.0 2.0 7.0 7.0 3.0 7.0 3.0 1.0 3.0 5.0 4.0 5.0 7.0 2.0 7.0 
4 6 2.91 2.91 7.0 2.0 7.0 7.0 3.0 7.0 3.0 1.0 3.0 5.0 4.0 5.0 7.0 2.0 7.0 9.0 7.0 9.0 
4 7 3.05 3.05 7.0 2.0 7.0 7.0 3.0 7.0 3.0 1.0 3.0 5.0 4.0 5.0 7.0 2.0 7.0 9.0 7.0 9.0 7.0 1.0 7.0 
4 8 3.55 3.55 7.0 2.0 7.0 7.0 3.0 7.0 3.0 1.0 3.0 5.0 4.0 5.0 7.0 2.0 7.0 9.0 7.0 9.0 7.0 1.0 7.0 2.0 1.0 2.0 
4 5 3.46 3.46 3.0 1.0 3.0 7.0 7.0 7.0 6.0 2.0 6.0 5.0 5.0 5.0 10.0 8.0 10.0 
4 6 3.8 3.8 3.0 1.0 3.0 7.0 7.0 7.0 6.0 2.0 6.0 5.0 5.0 5.0 10.0 8.0 10.0 3.0 1.0 3.0 
4 5 3.46 3.46 7.0 7.0 7.0 5.0 4.0 5.0 6.0 5.0 6.0 2.0 1.0 2.0 3.0 1.0 3.0 
4 5 2.75 2.75 3.0 3.0 3.0 10.0 9.0 10.0 10.0 1.0 10.0 4.0 1.0 4.0 6.0 3.0 6.0 
4 6 2.95 2.95 3.0 3.0 3.0 10.0 9.0 10.0 10.0 1.0 10.0 4.0 1.0 4.0 6.0 3.0 6.0 5.0 1.0 5.0 
4 7 3.95 3.95 3.0 3.0 3.0 10.0 9.0 10.0 10.0 1.0 10.0 4.0 1.0 4.0 6.0 3.0 6.0 5.0 1.0 5.0 4.0 4.0 4.0 
4 5 2.12 2.12 2.0 1.0 2.0 4.0 1.0 4.0 4.0 3.0 4.0 8.0 1.0 8.0 10.0 5.0 10.0 
4 6 2.55 2.55 2.0 1.0 2.0 4.0 1.0 4.0 4.0 3.0 4.0 8.0 1.0 8.0 10.0 5.0 10.0 7.0 3.0 7.0 
4 7 2.83 2.83 2.0 1.0 2.0 4.0 1.0 4.0 4.0 3.0 4.0 8.0 1.0 8.0 10.0 5.0 10.0 7.0 3.0 7.0 7.0 2.0 7.0 
4 8 3.83 3.83 2.0 1.0 2.0 4.0 1.0 4.0 4.0 3.0 4.0 8.0 1.0 8.0 10.0 5.0 10.0 7.0 3.0 7.0 7.0 2.0 7.0 3.0 3.0 3.0 
4 5 2.23 2.23 3.0 1.0 3.0 10.0 9.0 10.0 2.0 1.0 2.0 4.0 1.0 4.0 4.0 1.0 4.0 
4 6 2.85 2.85 3.0 1.0 3.0 10.0 9.0 10.0 2.0 1.0 2.0 4.0 1.0 4.0 4.0 1.0 4.0 8.0 5.0 8.0 
4 7 3.52 3.52 3.0 1.0 3.0 10.0 9.0 10.0 2.0 1.0 2.0 4.0 1.0 4.0 4.0 1.0 4.0 8.0 5.0 8.0 3.0 2.0 3.0 
4 5 3.34 3.34 3.0 2.0 3.0 2.0 1.0 2.0 10.0 10.0 10.0 9.0 7.0 9.0 5.0 2.0 5.0 
4 6 3.71 3.71 3.0 2.0 3.0 2.0 1.0 2.0 10.0 10.0 10.0 9.0 7.0 9.0 5.0 2.0 5.0 8.0 3.0 8.0 
4 5 2.24 2.24 4.0 3.0 4.0 9.0 3.0 9.0 8.0 3.0 8.0 7.0 2.0 7.0 2.0 1.0 2.0 
4 6 2.57 2.57 4.0 3.0 4.0 9.0 3.0 9.0 8.0 3.0 8.0 7.0 2.0 7.0 2.0 1.0 2.0 6.0 2.0 6.0 
4 7 3.57 3.57 4.0 3.0 4.0 9.0 3.0 9.0 8.0 3.0 8.0 7.0 2.0 7.0 2.0 1.0 2.0 6.0 2.0 6.0 4.0 4.0 4.0 
4 8 3.97 3.97 4.0 3.0 4.0 9.0 3.0 9.0 8.0 3.0 8.0 7.0 2.0 7.0 2.0 1.0 2.0 6.0 2.0 6.0 4.0 4.0 4.0 5.0 2.0 5.0 
4 5 1.57 1.57 5.0 2.0 5.0 2.0 1.0 2.0 4.0 1.0 4.0 5.0 1.0 5.0 9.0 2.0 9.0 
4 6 2.32 2.32 5.0 2.0 5.0 2.0 1.0 2.0 4.0 1.0 4.0 5.0 1.0 5.0 9.0 2.0 9.0 4.0 3.0 4.0 
4 7 2.65 2.65 5.0 2.0 5.0 2.0 1.0 2.0 4.0 1.0 4.0 5.0 1.0 5.0 9.0 2.0 9.0 4.0 3.0 4.0 6.0 2.0 6.0 
4 8 3.03 3.03 5.0 2.0 5.0 2.0 1.0 2.0 4.0 1.0 4.0 5.0 1.0 5.0 9.0 2.0 9.0 4.0 3.0 4.0 6.0 2.0 6.0 8.0 3.0 8.0 
4 9 3.63 3.63 5.0 2.0 5.0 2.0 1.0 2.0 4.0 1.0 4.0 5.0 1.0 5.0 9.0 2.0 9.0 4.0 3.0 4.0 6.0 2.0 6.0 8.0 3.0 8.0 5.0 3.0 5.0 
4 10 3.91 3.91 5.0 2.0 5.0 2.0 1.0 2.0 4.0 1.0 4.0 5.0 1.0 5.0 9.0 2.0 9.0 4.0 3.0 4.0 6.0 2.0 6.0 8.0 3.0 8.0 5.0 3.0 5.0 7.0 2.0 7.0 
4 5 3.02 3.02 5.0 4.0 5.0 9.0 8.0 9.0 3.0 1.0 3.0 3.0 2.0 3.0 6.0 2.0 6.0 
4 6 3.52 3.52 5.0 4.0 5.0 9.0 8.0 9.0 3.0 1.0 3.0 3.0 2.0 3.0 6.0 2.0 6.0 2.0 1.0 2.0 
4 5 2.73 2.73 2.0 1.0 2.0 6.0 2.0 6.0 5.0 2.0 5.0 6.0 6.0 6.0 8.0 4.0 8.0 
4 6 3.73 3.73 2.0 1.0 2.0 6.0 2.0 6.0 5.0 2.0 5.0 6.0 6.0 6.0 8.0 4.0 8.0 2.0 2.0 2.0 
4 5 2.17 2.17 9.0 5.0 9.0 7.0 5.0 7.0 8.0 1.0 8.0 9.0 4.0 9.0 3.0 1.0 3.0 
4 6 3.17 3.17 9.0 5.0 9.0 7.0 5.0 7.0 8.0 1.0 8.0 9.0 4.0 9.0 3.0 1.0 3.0 5.0 5.0 5.0 
4 5 2.83 2.83 10.0 7.0 10.0 7.0 2.0 7.0 9.0 4.0 9.0 7.0 7.0 7.0 5.0 2.0 5.0 
4 6 3.25 3.25 10.0 7.0 10.0 7.0 2.0 7.0 9.0 4.0 9.0 7.0 7.0 7.0 5.0 2.0 5.0 7.0 3.0 7.0 
4 7 3.75 3.75 10.0 7.0 10.0 7.0 2.0 7.0 9.0 4.0 9.0 7.0 7.0 7.0 5.0 2.0 5.0 7.0 3.0 7.0 2.0 1.0 2.0 
4 5 2.97 2.97 2.0 1.0 2.0 6.0 4.0 6.0 2.0 2.0 2.0 7.0 1.0 7.0 3.0 2.0 3.0 
4 6 3.97 3.97 2.0 1.0 2.0 6.0 4.0 6.0 2.0 2.0 2.0 7.0 1.0 7.0 3.0 2.0 3.0 2.0 2.0 2.0 
4 5 3.98 3.98 9.0 8.0 9.0 8.0 7.0 8.0 2.0 2.0 2.0 2.0 2.0 2.0 9.0 2.0 9.0 
4 5 2.7 2.7 6.0 2.0 6.0 8.0 6.0 8.0 4.0 3.0 4.0 4.0 2.0 4.0 8.0 3.0 8.0 
4 6 3.54 3.54 6.0 2.0 6.0 8.0 6.0 8.0 4.0 3.0 4.0 4.0 2.0 4.0 8.0 3.0 8.0 6.0 5.0 6.0 
4 5 2.21 2.21 4.0 4.0 4.0 10.0 4.0 10.0 2.0 1.0 2.0 9.0 1.0 9.0 5.0 1.0 5.0 
4 6 2.71 2.71 4.0 4.0 4.0 10.0 4.0 10.0 2.0 1.0 2.0 9.0 1.0 9.0 5.0 1.0 5.0 6.0 3.0 6.0 
4 7 3.15 3.15 4.0 4.0 4.0 10.0 4.0 10.0 2.0 1.0 2.0 9.0 1.0 9.0 5.0 1.0 5.0 6.0 3.0 6.0 9.0 4.0 9.0 
4 8 3.55 3.55 4.0 4.0 4.0 10.0 4.0 10.0 2.0 1.0 2.0 9.0 1.0 9.0 5.0 1.0 5.0 6.0 3.0 6.0 9.0 4.0 9.0 5.0 2.0 5.0 
4 9 3.88 3.88 4.0 4.0 4.0 10.0 4.0 10.0 2.0 1.0 2.0 9.0 1.0 9.0 5.0 1.0 5.0 6.0 3.0 6.0 9.0 4.0 9.0 5.0 2.0 5.0 3.0 1.0 3.0 
4 5 2.73 2.73 10.0 4.0 10.0 9.0 4.0 9.0 9.0 8.0 9.0 3.0 2.0 3.0 6.0 2.0 6.0 
4 6 2.93 2.93 10.0 4.0 10.0 9.0 4.0 9.0 9.0 8.0 9.0 3.0 2.0 3.0 6.0 2.0 6.0 5.0 1.0 5.0 
4 7 3.93 3.93 10.0 4.0 10.0 9.0 4.0 9.0 9.0 8.0 9.0 3.0 2.0 3.0 6.0 2.0 6.0 5.0 1.0 5.0 3.0 3.0 3.0 
4 5 3.9 3.9 4.0 4.0 4.0 10.0 10.0 10.0 3.0 3.0 3.0 5.0 2.0 5.0 4.0 2.0 4.0 
4 5 2.76 2.76 9.0 1.0 9.0 7.0 5.0 7.0 2.0 1.0 2.0 10.0 10.0 10.0 9.0 4.0 9.0 
4 6 2.93 2.93 9.0 1.0 9.0 7.0 5.0 7.0 2.0 1.0 2.0 10.0 10.0 10.0 9.0 4.0 9.0 6.0 1.0 6.0 
4 7 3.81 3.81 9.0 1.0 9.0 7.0 5.0 7.0 2.0 1.0 2.0 10.0 10.0 10.0 9.0 4.0 9.0 6.0 1.0 6.0 8.0 7.0 8.0 
4 5 3.6 3.6 8.0 7.0 8.0 5.0 3.0 5.0 9.0 5.0 9.0 5.0 4.0 5.0 9.0 7.0 9.0 
4 6 3.8 3.8 8.0 7.0 8.0 5.0 3.0 5.0 9.0 5.0 9.0 5.0 4.0 5.0 9.0 7.0 9.0 10.0 2.0 10.0 
4 5 2.95 2.95 8.0 2.0 8.0 5.0 1.0 5.0 6.0 6.0 6.0 4.0 4.0 4.0 2.0 1.0 2.0 
4 6 3.82 3.82 8.0 2.0 8.0 5.0 1.0 5.0 6.0 6.0 6.0 4.0 4.0 4.0 2.0 1.0 2.0 8.0 7.0 8.0 
4 7 3.95 3.95 8.0 2.0 8.0 5.0 1.0 5.0 6.0 6.0 6.0 4.0 4.0 4.0 2.0 1.0 2.0 8.0 7.0 8.0 8.0 1.0 8.0 
4 5 2.33 2.33 6.0 2.0 6.0 3.0 1.0 3.0 2.0 1.0 2.0 6.0 4.0 6.0 2.0 1.0 2.0 
4 6 2.66 2.66 6.0 2.0 6.0 3.0 1.0 3.0 2.0 1.0 2.0 6.0 4.0 6.0 2.0 1.0 2.0 6.0 2.0 6.0 
4 7 3.16 3.16 6.0 2.0 6.0 3.0 1.0 3.0 2.0 1.0 2.0 6.0 4.0 6.0 2.0 1.0 2.0 6.0 2.0 6.0 2.0 1.0 2.0 
4 5 2.86 2.86 10.0 3.0 10.0 5.0 5.0 5.0 6.0 4.0 6.0 10.0 4.0 10.0 2.0 1.0 2.0 
4 6 3.26 3.26 10.0 3.0 10.0 5.0 5.0 5.0 6.0 4.0 6.0 10.0 4.0 10.0 2.0 1.0 2.0 5.0 2.0 5.0 
4 7 3.51 3.51 10.0 3.0 10.0 5.0 5.0 5.0 6.0 4.0 6.0 10.0 4.0 10.0 2.0 1.0 2.0 5.0 2.0 5.0 8.0 2.0 8.0 
4 5 3.62 3.62 10.0 5.0 10.0 10.0 10.0 10.0 3.0 1.0 3.0 9.0 8.0 9.0 10.0 9.0 10.0 
4 5 2.67 2.67 3.0 3.0 3.0 3.0 1.0 3.0 10.0 7.0 10.0 5.0 1.0 5.0 9.0 4.0 9.0 
4 6 3.67 3.67 3.0 3.0 3.0 3.0 1.0 3.0 10.0 7.0 10.0 5.0 1.0 5.0 9.0 4.0 9.0 7.0 7.0 7.0 
4 5 2.36 2.36 8.0 1.0 8.0 10.0 9.0 10.0 7.0 1.0 7.0 10.0 2.0 10.0 2.0 2.0 2.0 
4 6 2.86 2.86 8.0 1.0 8.0 10.0 9.0 10.0 7.0 1.0 7.0 10.0 2.0 10.0 2.0 2.0 2.0 4.0 2.0 4.0 
4 7 3.53 3.53 8.0 1.0 8.0 10.0 9.0 10.0 7.0 1.0 7.0 10.0 2.0 10.0 2.0 2.0 2.0 4.0 2.0 4.0 3.0 2.0 3.0 
4 8 3.86 3.86 8.0 1.0 8.0 10.0 9.0 10.0 7.0 1.0 7.0 10.0 2.0 10.0 2.0 2.0 2.0 4.0 2.0 4.0 3.0 2.0 3.0 9.0 3.0 9.0 
4 9 3.97 3.97 8.0 1.0 8.0 10.0 9.0 10.0 7.0 1.0 7.0 10.0 2.0 10.0 2.0 2.0 2.0 4.0 2.0 4.0 3.0 2.0 3.0 9.0 3.0 9.0 9.0 1.0 9.0 
4 5 2.87 2.87 7.0 6.0 7.0 7.0 1.0 7.0 9.0 4.0 9.0 7.0 3.0 7.0 2.0 2.0 2.0 
4 6 3.87 3.87 7.0 6.0 7.0 7.0 1.0 7.0 9.0 4.0 9.0 7.0 3.0 7.0 2.0 2.0 2.0 3.0 3.0 3.0 
4 5 1.99 1.99 5.0 5.0 5.0 10.0 2.0 10.0 6.0 3.0 6.0 6.0 1.0 6.0 8.0 1.0 8.0 
4 6 2.84 2.84 5.0 5.0 5.0 10.0 2.0 10.0 6.0 3.0 6.0 6.0 1.0 6.0 8.0 1.0 8.0 7.0 6.0 7.0 
4 7 3.34 3.34 5.0 5.0 5.0 10.0 2.0 10.0 6.0 3.0 6.0 6.0 1.0 6.0 8.0 1.0 8.0 7.0 6.0 7.0 2.0 1.0 2.0 
4 5 3.51 3.51 6.0 6.0 6.0 3.0 2.0 3.0 5.0 4.0 5.0 4.0 1.0 4.0 5.0 4.0 5.0 
4 5 2.19 2.19 2.0 1.0 2.0 8.0 1.0 8.0 7.0 1.0 7.0 7.0 3.0 7.0 3.0 3.0 3.0 
4 6 2.39 2.39 2.0 1.0 2.0 8.0 1.0 8.0 7.0 1.0 7.0 7.0 3.0 7.0 3.0 3.0 3.0 5.0 1.0 5.0 
4 7 3.17 3.17 2.0 1.0 2.0 8.0 1.0 8.0 7.0 1.0 7.0 7.0 3.0 7.0 3.0 3.0 3.0 5.0 1.0 5.0 9.0 7.0 9.0 
4 8 3.67 3.67 2.0 1.0 2.0 8.0 1.0 8.0 7.0 1.0 7.0 7.0 3.0 7.0 3.0 3.0 3.0 5.0 1.0 5.0 9.0 7.0 9.0 2.0 1.0 2.0 
4 5 3.04 3.04 2.0 1.0 2.0 3.0 2.0 3.0 8.0 2.0 8.0 6.0 6.0 6.0 8.0 5.0 8.0 
4 6 3.14 3.14 2.0 1.0 2.0 3.0 2.0 3.0 8.0 2.0 8.0 6.0 6.0 6.0 8.0 5.0 8.0 10.0 1.0 10.0 
4 5 3.65 3.65 7.0 6.0 7.0 3.0 3.0 3.0 10.0 9.0 10.0 4.0 2.0 4.0 5.0 2.0 5.0 
4 5 3.36 3.36 2.0 1.0 2.0 9.0 5.0 9.0 7.0 5.0 7.0 10.0 10.0 10.0 10.0 6.0 10.0 
4 6 3.66 3.66 2.0 1.0 2.0 9.0 5.0 9.0 7.0 5.0 7.0 10.0 10.0 10.0 10.0 6.0 10.0 10.0 3.0 10.0 
4 7 3.96 3.96 2.0 1.0 2.0 9.0 5.0 9.0 7.0 5.0 7.0 10.0 10.0 10.0 10.0 6.0 10.0 10.0 3.0 10.0 10.0 3.0 10.0 
4 5 2.96 2.96 3.0 1.0 3.0 5.0 5.0 5.0 7.0 3.0 7.0 5.0 1.0 5.0 3.0 3.0 3.0 
4 6 3.96 3.96 3.0 1.0 3.0 5.0 5.0 5.0 7.0 3.0 7.0 5.0 1.0 5.0 3.0 3.0 3.0 7.0 7.0 7.0 
4 5 2.58 2.58 3.0 1.0 3.0 9.0 1.0 9.0 2.0 2.0 2.0 7.0 1.0 7.0 2.0 2.0 2.0 
4 6 3.58 3.58 3.0 1.0 3.0 9.0 1.0 9.0 2.0 2.0 2.0 7.0 1.0 7.0 2.0 2.0 2.0 3.0 3.0 3.0 
4 5 2.65 2.65 8.0 2.0 8.0 2.0 1.0 2.0 2.0 1.0 2.0 5.0 2.0 5.0 5.0 5.0 5.0 
4 6 3.15 3.15 8.0 2.0 8.0 2.0 1.0 2.0 2.0 1.0 2.0 5.0 2.0 5.0 5.0 5.0 5.0 10.0 5.0 10.0 
4 5 3.37 3.37 3.0 2.0 3.0 4.0 4.0 4.0 6.0 6.0 6.0 8.0 3.0 8.0 3.0 1.0 3.0 
4 6 3.62 3.62 3.0 2.0 3.0 4.0 4.0 4.0 6.0 6.0 6.0 8.0 3.0 8.0 3.0 1.0 3.0 8.0 2.0 8.0 
4 5 2.31 2.31 5.0 5.0 5.0 3.0 1.0 3.0 7.0 2.0 7.0 2.0 1.0 2.0 5.0 1.0 5.0 
4 6 2.51 2.51 5.0 5.0 5.0 3.0 1.0 3.0 7.0 2.0 7.0 2.0 1.0 2.0 5.0 1.0 5.0 5.0 1.0 5.0 
4 7 2.76 2.76 5.0 5.0 5.0 3.0 1.0 3.0 7.0 2.0 7.0 2.0 1.0 2.0 5.0 1.0 5.0 5.0 1.0 5.0 4.0 1.0 4.0 
4 8 3.43 3.43 5.0 5.0 5.0 3.0 1.0 3.0 7.0 2.0 7.0 2.0 1.0 2.0 5.0 1.0 5.0 5.0 1.0 5.0 4.0 1.0 4.0 3.0 2.0 3.0 
4 5 3.25 3.25 10.0 5.0 10.0 7.0 5.0 7.0 7.0 1.0 7.0 10.0 9.0 10.0 9.0 9.0 9.0 
4 5 2.95 2.95 7.0 5.0 7.0 9.0 2.0 9.0 10.0 3.0 10.0 7.0 6.0 7.0 7.0 6.0 7.0 
4 6 3.37 3.37 7.0 5.0 7.0 9.0 2.0 9.0 10.0 3.0 10.0 7.0 6.0 7.0 7.0 6.0 7.0 7.0 3.0 7.0 
4 5 3.39 3.39 3.0 2.0 3.0 10.0 7.0 10.0 7.0 3.0 7.0 2.0 2.0 2.0 5.0 3.0 5.0 
4 5 4.0 4.0 3.0 3.0 3.0 8.0 4.0 8.0 2.0 1.0 2.0 5.0 5.0 5.0 10.0 10.0 10.0 
4 5 2.95 2.95 2.0 2.0 2.0 8.0 4.0 8.0 3.0 3.0 3.0 10.0 2.0 10.0 4.0 1.0 4.0 
4 6 3.61 3.61 2.0 2.0 2.0 8.0 4.0 8.0 3.0 3.0 3.0 10.0 2.0 10.0 4.0 1.0 4.0 3.0 2.0 3.0 
4 5 3.09 3.09 6.0 3.0 6.0 8.0 5.0 8.0 7.0 7.0 7.0 7.0 6.0 7.0 9.0 1.0 9.0 
4 6 3.53 3.53 6.0 3.0 6.0 8.0 5.0 8.0 7.0 7.0 7.0 7.0 6.0 7.0 9.0 1.0 9.0 9.0 4.0 9.0 
4 5 2.7 2.7 2.0 1.0 2.0 10.0 3.0 10.0 10.0 3.0 10.0 10.0 10.0 10.0 5.0 3.0 5.0 
4 6 3.7 3.7 2.0 1.0 2.0 10.0 3.0 10.0 10.0 3.0 10.0 10.0 10.0 10.0 5.0 3.0 5.0 7.0 7.0 7.0 
4 5 2.82 2.82 6.0 1.0 6.0 4.0 2.0 4.0 5.0 3.0 5.0 10.0 7.0 10.0 7.0 6.0 7.0 
4 6 3.57 3.57 6.0 1.0 6.0 4.0 2.0 4.0 5.0 3.0 5.0 10.0 7.0 10.0 7.0 6.0 7.0 4.0 3.0 4.0 
4 5 2.39 2.39 4.0 3.0 4.0 10.0 6.0 10.0 6.0 1.0 6.0 2.0 1.0 2.0 8.0 3.0 8.0 
4 6 3.39 3.39 4.0 3.0 4.0 10.0 6.0 10.0 6.0 1.0 6.0 2.0 1.0 2.0 8.0 3.0 8.0 6.0 6.0 6.0 
4 5 3.52 3.52 8.0 7.0 8.0 6.0 6.0 6.0 4.0 3.0 4.0 2.0 1.0 2.0 5.0 2.0 5.0 
4 5 3.38 3.38 3.0 2.0 3.0 8.0 2.0 8.0 5.0 5.0 5.0 7.0 5.0 7.0 4.0 3.0 4.0 
4 6 3.6 3.6 3.0 2.0 3.0 8.0 2.0 8.0 5.0 5.0 5.0 7.0 5.0 7.0 4.0 3.0 4.0 9.0 2.0 9.0 
4 7 3.8 3.8 3.0 2.0 3.0 8.0 2.0 8.0 5.0 5.0 5.0 7.0 5.0 7.0 4.0 3.0 4.0 9.0 2.0 9.0 5.0 1.0 5.0 
4 5 3.12 3.12 8.0 3.0 8.0 3.0 3.0 3.0 9.0 2.0 9.0 8.0 5.0 8.0 10.0 9.0 10.0 
4 6 3.97 3.97 8.0 3.0 8.0 3.0 3.0 3.0 9.0 2.0 9.0 8.0 5.0 8.0 10.0 9.0 10.0 7.0 6.0 7.0 
4 5 3.87 3.87 10.0 5.0 10.0 10.0 5.0 10.0 8.0 8.0 8.0 6.0 6.0 6.0 8.0 7.0 8.0 
4 5 3.08 3.08 8.0 6.0 8.0 2.0 1.0 2.0 2.0 2.0 2.0 4.0 2.0 4.0 3.0 1.0 3.0 
4 5 3.65 3.65 4.0 2.0 4.0 5.0 4.0 5.0 4.0 4.0 4.0 10.0 8.0 10.0 9.0 5.0 9.0 
4 5 2.8 2.8 10.0 5.0 10.0 6.0 3.0 6.0 10.0 9.0 10.0 2.0 1.0 2.0 10.0 4.0 10.0 
4 6 3.8 3.8 10.0 5.0 10.0 6.0 3.0 6.0 10.0 9.0 10.0 2.0 1.0 2.0 10.0 4.0 10.0 7.0 7.0 7.0 
4 5 2.59 2.59 9.0 1.0 9.0 4.0 1.0 4.0 10.0 10.0 10.0 7.0 4.0 7.0 3.0 2.0 3.0 
4 6 3.59 3.59 9.0 1.0 9.0 4.0 1.0 4.0 10.0 10.0 10.0 7.0 4.0 7.0 3.0 2.0 3.0 2.0 2.0 2.0 
4 5 3.45 3.45 6.0 2.0 6.0 8.0 5.0 8.0 4.0 4.0 4.0 2.0 2.0 2.0 2.0 1.0 2.0 
4 5 0.99 0.99 5.0 1.0 5.0 10.0 1.0 10.0 8.0 1.0 8.0 9.0 4.0 9.0 8.0 1.0 8.0 
4 6 1.36 1.36 5.0 1.0 5.0 10.0 1.0 10.0 8.0 1.0 8.0 9.0 4.0 9.0 8.0 1.0 8.0 8.0 3.0 8.0 
4 7 2.36 2.36 5.0 1.0 5.0 10.0 1.0 10.0 8.0 1.0 8.0 9.0 4.0 9.0 8.0 1.0 8.0 8.0 3.0 8.0 4.0 4.0 4.0 
4 8 3.36 3.36 5.0 1.0 5.0 10.0 1.0 10.0 8.0 1.0 8.0 9.0 4.0 9.0 8.0 1.0 8.0 8.0 3.0 8.0 4.0 4.0 4.0 5.0 5.0 5.0 
4 9 3.86 3.86 5.0 1.0 5.0 10.0 1.0 10.0 8.0 1.0 8.0 9.0 4.0 9.0 8.0 1.0 8.0 8.0 3.0 8.0 4.0 4.0 4.0 5.0 5.0 5.0 10.0 5.0 10.0 
4 5 2.92 2.92 4.0 3.0 4.0 7.0 3.0 7.0 4.0 2.0 4.0 2.0 2.0 2.0 8.0 2.0 8.0 
4 6 3.26 3.26 4.0 3.0 4.0 7.0 3.0 7.0 4.0 2.0 4.0 2.0 2.0 2.0 8.0 2.0 8.0 3.0 1.0 3.0 
4 7 3.97 3.97 4.0 3.0 4.0 7.0 3.0 7.0 4.0 2.0 4.0 2.0 2.0 2.0 8.0 2.0 8.0 3.0 1.0 3.0 7.0 5.0 7.0 
4 5 2.35 2.35 10.0 8.0 10.0 4.0 2.0 4.0 9.0 5.0 9.0 10.0 3.0 10.0 5.0 1.0 5.0 
4 6 2.85 2.85 10.0 8.0 10.0 4.0 2.0 4.0 9.0 5.0 9.0 10.0 3.0 10.0 5.0 1.0 5.0 6.0 3.0 6.0 
4 7 3.48 3.48 10.0 8.0 10.0 4.0 2.0 4.0 9.0 5.0 9.0 10.0 3.0 10.0 5.0 1.0 5.0 6.0 3.0 6.0 8.0 5.0 8.0 
4 8 3.81 3.81 10.0 8.0 10.0 4.0 2.0 4.0 9.0 5.0 9.0 10.0 3.0 10.0 5.0 1.0 5.0 6.0 3.0 6.0 8.0 5.0 8.0 3.0 1.0 3.0 
4 5 2.92 2.92 4.0 2.0 4.0 5.0 3.0 5.0 5.0 5.0 5.0 10.0 6.0 10.0 9.0 2.0 9.0 
4 6 3.92 3.92 4.0 2.0 4.0 5.0 3.0 5.0 5.0 5.0 5.0 10.0 6.0 10.0 9.0 2.0 9.0 7.0 7.0 7.0 
4 5 3.75 3.75 5.0 3.0 5.0 4.0 3.0 4.0 3.0 3.0 3.0 10.0 4.0 10.0 7.0 7.0 7.0 
4 5 3.86 3.86 10.0 7.0 10.0 3.0 2.0 3.0 2.0 2.0 2.0 2.0 2.0 2.0 6.0 3.0 6.0 
4 5 3.47 3.47 7.0 7.0 7.0 4.0 3.0 4.0 8.0 7.0 8.0 8.0 2.0 8.0 10.0 6.0 10.0 
4 5 2.1 2.1 6.0 3.0 6.0 9.0 3.0 9.0 5.0 1.0 5.0 10.0 2.0 10.0 8.0 7.0 8.0 
4 6 2.98 2.98 6.0 3.0 6.0 9.0 3.0 9.0 5.0 1.0 5.0 10.0 2.0 10.0 8.0 7.0 8.0 8.0 7.0 8.0 
4 7 3.23 3.23 6.0 3.0 6.0 9.0 3.0 9.0 5.0 1.0 5.0 10.0 2.0 10.0 8.0 7.0 8.0 8.0 7.0 8.0 8.0 2.0 8.0 
4 5 3.59 3.59 3.0 1.0 3.0 9.0 9.0 9.0 5.0 3.0 5.0 3.0 3.0 3.0 3.0 2.0 3.0 
4 5 3.9 3.9 10.0 8.0 10.0 4.0 1.0 4.0 7.0 6.0 7.0 4.0 4.0 4.0 2.0 2.0 2.0 
4 5 4.0 4.0 9.0 7.0 9.0 3.0 2.0 3.0 4.0 4.0 4.0 9.0 5.0 9.0 8.0 8.0 8.0 
4 5 2.59 2.59 4.0 1.0 4.0 7.0 4.0 7.0 7.0 6.0 7.0 4.0 1.0 4.0 3.0 2.0 3.0 
4 6 2.84 2.84 4.0 1.0 4.0 7.0 4.0 7.0 7.0 6.0 7.0 4.0 1.0 4.0 3.0 2.0 3.0 4.0 1.0 4.0 
4 7 3.72 3.72 4.0 1.0 4.0 7.0 4.0 7.0 7.0 6.0 7.0 4.0 1.0 4.0 3.0 2.0 3.0 4.0 1.0 4.0 8.0 7.0 8.0 
4 5 3.68 3.68 8.0 8.0 8.0 2.0 1.0 2.0 5.0 4.0 5.0 3.0 2.0 3.0 7.0 5.0 7.0 
4 5 3.98 3.98 8.0 7.0 8.0 3.0 2.0 3.0 9.0 4.0 9.0 3.0 3.0 3.0 3.0 3.0 3.0 
4 5 3.8 3.8 10.0 10.0 10.0 3.0 2.0 3.0 2.0 1.0 2.0 9.0 8.0 9.0 4.0 3.0 4.0 
4 5 1.67 1.67 9.0 2.0 9.0 3.0 2.0 3.0 6.0 2.0 6.0 10.0 2.0 10.0 4.0 1.0 4.0 
4 6 1.87 1.87 9.0 2.0 9.0 3.0 2.0 3.0 6.0 2.0 6.0 10.0 2.0 10.0 4.0 1.0 4.0 10.0 2.0 10.0 
4 7 2.24 2.24 9.0 2.0 9.0 3.0 2.0 3.0 6.0 2.0 6.0 10.0 2.0 10.0 4.0 1.0 4.0 10.0 2.0 10.0 8.0 3.0 8.0 
4 8 3.12 3.12 9.0 2.0 9.0 3.0 2.0 3.0 6.0 2.0 6.0 10.0 2.0 10.0 4.0 1.0 4.0 10.0 2.0 10.0 8.0 3.0 8.0 8.0 7.0 8.0 
4 5 2.49 2.49 4.0 4.0 4.0 7.0 1.0 7.0 10.0 6.0 10.0 8.0 4.0 8.0 4.0 1.0 4.0 
4 6 3.32 3.32 4.0 4.0 4.0 7.0 1.0 7.0 10.0 6.0 10.0 8.0 4.0 8.0 4.0 1.0 4.0 6.0 5.0 6.0 
4 7 3.52 3.52 4.0 4.0 4.0 7.0 1.0 7.0 10.0 6.0 10.0 8.0 4.0 8.0 4.0 1.0 4.0 6.0 5.0 6.0 5.0 1.0 5.0 
4 5 3.75 3.75 6.0 6.0 6.0 8.0 3.0 8.0 7.0 6.0 7.0 3.0 2.0 3.0 7.0 6.0 7.0 
4 5 3.69 3.69 8.0 5.0 8.0 2.0 2.0 2.0 7.0 4.0 7.0 2.0 2.0 2.0 10.0 5.0 10.0 
4 5 2.8 2.8 4.0 2.0 4.0 10.0 4.0 10.0 5.0 2.0 5.0 5.0 5.0 5.0 4.0 2.0 4.0 
4 6 2.96 2.96 4.0 2.0 4.0 10.0 4.0 10.0 5.0 2.0 5.0 5.0 5.0 5.0 4.0 2.0 4.0 6.0 1.0 6.0 
4 7 3.26 3.26 4.0 2.0 4.0 10.0 4.0 10.0 5.0 2.0 5.0 5.0 5.0 5.0 4.0 2.0 4.0 6.0 1.0 6.0 10.0 3.0 10.0 
4 8 3.46 3.46 4.0 2.0 4.0 10.0 4.0 10.0 5.0 2.0 5.0 5.0 5.0 5.0 4.0 2.0 4.0 6.0 1.0 6.0 10.0 3.0 10.0 10.0 2.0 10.0 
4 5 2.4 2.4 10.0 2.0 10.0 5.0 5.0 5.0 8.0 3.0 8.0 7.0 3.0 7.0 5.0 2.0 5.0 
4 6 2.62 2.62 10.0 2.0 10.0 5.0 5.0 5.0 8.0 3.0 8.0 7.0 3.0 7.0 5.0 2.0 5.0 9.0 2.0 9.0 
4 7 3.02 3.02 10.0 2.0 10.0 5.0 5.0 5.0 8.0 3.0 8.0 7.0 3.0 7.0 5.0 2.0 5.0 9.0 2.0 9.0 5.0 2.0 5.0 
4 8 3.82 3.82 10.0 2.0 10.0 5.0 5.0 5.0 8.0 3.0 8.0 7.0 3.0 7.0 5.0 2.0 5.0 9.0 2.0 9.0 5.0 2.0 5.0 10.0 8.0 10.0 
4 5 3.34 3.34 7.0 3.0 7.0 8.0 7.0 8.0 3.0 2.0 3.0 4.0 4.0 4.0 8.0 3.0 8.0 
4 5 2.92 2.92 6.0 6.0 6.0 3.0 3.0 3.0 7.0 3.0 7.0 3.0 1.0 3.0 6.0 1.0 6.0 
4 6 3.03 3.03 6.0 6.0 6.0 3.0 3.0 3.0 7.0 3.0 7.0 3.0 1.0 3.0 6.0 1.0 6.0 9.0 1.0 9.0 
4 7 3.53 3.53 6.0 6.0 6.0 3.0 3.0 3.0 7.0 3.0 7.0 3.0 1.0 3.0 6.0 1.0 6.0 9.0 1.0 9.0 2.0 1.0 2.0 
4 5 1.26 1.26 3.0 1.0 3.0 6.0 1.0 6.0 10.0 1.0 10.0 9.0 3.0 9.0 3.0 1.0 3.0 
4 6 1.76 1.76 3.0 1.0 3.0 6.0 1.0 6.0 10.0 1.0 10.0 9.0 3.0 9.0 3.0 1.0 3.0 10.0 5.0 10.0 
4 7 2.1 2.1 3.0 1.0 3.0 6.0 1.0 6.0 10.0 1.0 10.0 9.0 3.0 9.0 3.0 1.0 3.0 10.0 5.0 10.0 3.0 1.0 3.0 
4 8 2.22 2.22 3.0 1.0 3.0 6.0 1.0 6.0 10.0 1.0 10.0 9.0 3.0 9.0 3.0 1.0 3.0 10.0 5.0 10.0 3.0 1.0 3.0 8.0 1.0 8.0 
4 9 2.36 2.36 3.0 1.0 3.0 6.0 1.0 6.0 10.0 1.0 10.0 9.0 3.0 9.0 3.0 1.0 3.0 10.0 5.0 10.0 3.0 1.0 3.0 8.0 1.0 8.0 7.0 1.0 7.0 
4 10 2.79 2.79 3.0 1.0 3.0 6.0 1.0 6.0 10.0 1.0 10.0 9.0 3.0 9.0 3.0 1.0 3.0 10.0 5.0 10.0 3.0 1.0 3.0 8.0 1.0 8.0 7.0 1.0 7.0 7.0 3.0 7.0 
4 11 3.17 3.17 3.0 1.0 3.0 6.0 1.0 6.0 10.0 1.0 10.0 9.0 3.0 9.0 3.0 1.0 3.0 10.0 5.0 10.0 3.0 1.0 3.0 8.0 1.0 8.0 7.0 1.0 7.0 7.0 3.0 7.0 8.0 3.0 8.0 
4 12 3.29 3.29 3.0 1.0 3.0 6.0 1.0 6.0 10.0 1.0 10.0 9.0 3.0 9.0 3.0 1.0 3.0 10.0 5.0 10.0 3.0 1.0 3.0 8.0 1.0 8.0 7.0 1.0 7.0 7.0 3.0 7.0 8.0 3.0 8.0 8.0 1.0 8.0 
4 13 3.54 3.54 3.0 1.0 3.0 6.0 1.0 6.0 10.0 1.0 10.0 9.0 3.0 9.0 3.0 1.0 3.0 10.0 5.0 10.0 3.0 1.0 3.0 8.0 1.0 8.0 7.0 1.0 7.0 7.0 3.0 7.0 8.0 3.0 8.0 8.0 1.0 8.0 4.0 1.0 4.0 
4 14 3.99 3.99 3.0 1.0 3.0 6.0 1.0 6.0 10.0 1.0 10.0 9.0 3.0 9.0 3.0 1.0 3.0 10.0 5.0 10.0 3.0 1.0 3.0 8.0 1.0 8.0 7.0 1.0 7.0 7.0 3.0 7.0 8.0 3.0 8.0 8.0 1.0 8.0 4.0 1.0 4.0 9.0 4.0 9.0 
4 5 2.95 2.95 3.0 2.0 3.0 7.0 6.0 7.0 8.0 4.0 8.0 5.0 3.0 5.0 6.0 2.0 6.0 
4 6 3.95 3.95 3.0 2.0 3.0 7.0 6.0 7.0 8.0 4.0 8.0 5.0 3.0 5.0 6.0 2.0 6.0 7.0 7.0 7.0 
4 5 3.14 3.14 3.0 1.0 3.0 8.0 6.0 8.0 4.0 4.0 4.0 5.0 2.0 5.0 3.0 2.0 3.0 
4 6 3.98 3.98 3.0 1.0 3.0 8.0 6.0 8.0 4.0 4.0 4.0 5.0 2.0 5.0 3.0 2.0 3.0 6.0 5.0 6.0 
4 5 3.1 3.1 3.0 1.0 3.0 3.0 2.0 3.0 9.0 9.0 9.0 5.0 1.0 5.0 10.0 9.0 10.0 
4 6 3.43 3.43 3.0 1.0 3.0 3.0 2.0 3.0 9.0 9.0 9.0 5.0 1.0 5.0 10.0 9.0 10.0 9.0 3.0 9.0 
4 7 3.93 3.93 3.0 1.0 3.0 3.0 2.0 3.0 9.0 9.0 9.0 5.0 1.0 5.0 10.0 9.0 10.0 9.0 3.0 9.0 4.0 2.0 4.0 
4 5 3.9 3.9 4.0 3.0 4.0 4.0 4.0 4.0 8.0 6.0 8.0 10.0 6.0 10.0 10.0 8.0 10.0 
4 5 3.02 3.02 9.0 2.0 9.0 10.0 10.0 10.0 4.0 3.0 4.0 9.0 5.0 9.0 10.0 5.0 10.0 
4 6 3.88 3.88 9.0 2.0 9.0 10.0 10.0 10.0 4.0 3.0 4.0 9.0 5.0 9.0 10.0 5.0 10.0 7.0 6.0 7.0 
4 5 1.25 1.25 3.0 2.0 3.0 10.0 1.0 10.0 9.0 1.0 9.0 8.0 2.0 8.0 8.0 1.0 8.0 
4 6 2.25 2.25 3.0 2.0 3.0 10.0 1.0 10.0 9.0 1.0 9.0 8.0 2.0 8.0 8.0 1.0 8.0 5.0 5.0 5.0 
4 7 3.25 3.25 3.0 2.0 3.0 10.0 1.0 10.0 9.0 1.0 9.0 8.0 2.0 8.0 8.0 1.0 8.0 5.0 5.0 5.0 3.0 3.0 3.0 
4 5 2.71 2.71 9.0 7.0 9.0 8.0 4.0 8.0 4.0 2.0 4.0 9.0 3.0 9.0 5.0 3.0 5.0 
4 6 3.71 3.71 9.0 7.0 9.0 8.0 4.0 8.0 4.0 2.0 4.0 9.0 3.0 9.0 5.0 3.0 5.0 2.0 2.0 2.0 
4 5 2.82 2.82 8.0 3.0 8.0 4.0 3.0 4.0 5.0 3.0 5.0 10.0 1.0 10.0 2.0 2.0 2.0 
4 6 3.32 3.32 8.0 3.0 8.0 4.0 3.0 4.0 5.0 3.0 5.0 10.0 1.0 10.0 2.0 2.0 2.0 4.0 2.0 4.0 
4 5 3.56 3.56 5.0 2.0 5.0 3.0 3.0 3.0 6.0 4.0 6.0 4.0 2.0 4.0 2.0 2.0 2.0 
4 6 3.76 3.76 5.0 2.0 5.0 3.0 3.0 3.0 6.0 4.0 6.0 4.0 2.0 4.0 2.0 2.0 2.0 5.0 1.0 5.0 
4 5 2.48 2.48 8.0 7.0 8.0 4.0 1.0 4.0 5.0 1.0 5.0 8.0 7.0 8.0 7.0 2.0 7.0 
4 6 3.48 3.48 8.0 7.0 8.0 4.0 1.0 4.0 5.0 1.0 5.0 8.0 7.0 8.0 7.0 2.0 7.0 7.0 7.0 7.0 
4 7 3.81 3.81 8.0 7.0 8.0 4.0 1.0 4.0 5.0 1.0 5.0 8.0 7.0 8.0 7.0 2.0 7.0 7.0 7.0 7.0 3.0 1.0 3.0 
4 5 2.96 2.96 3.0 1.0 3.0 4.0 1.0 4.0 7.0 6.0 7.0 4.0 3.0 4.0 9.0 7.0 9.0 
4 6 3.11 3.11 3.0 1.0 3.0 4.0 1.0 4.0 7.0 6.0 7.0 4.0 3.0 4.0 9.0 7.0 9.0 7.0 1.0 7.0 
4 7 3.86 3.86 3.0 1.0 3.0 4.0 1.0 4.0 7.0 6.0 7.0 4.0 3.0 4.0 9.0 7.0 9.0 7.0 1.0 7.0 4.0 3.0 4.0 
4 5 2.21 2.21 8.0 4.0 8.0 6.0 3.0 6.0 8.0 2.0 8.0 6.0 1.0 6.0 5.0 4.0 5.0 
4 6 2.34 2.34 8.0 4.0 8.0 6.0 3.0 6.0 8.0 2.0 8.0 6.0 1.0 6.0 5.0 4.0 5.0 8.0 1.0 8.0 
4 7 2.59 2.59 8.0 4.0 8.0 6.0 3.0 6.0 8.0 2.0 8.0 6.0 1.0 6.0 5.0 4.0 5.0 8.0 1.0 8.0 8.0 2.0 8.0 
4 8 3.25 3.25 8.0 4.0 8.0 6.0 3.0 6.0 8.0 2.0 8.0 6.0 1.0 6.0 5.0 4.0 5.0 8.0 1.0 8.0 8.0 2.0 8.0 9.0 6.0 9.0 
4 9 3.35 3.35 8.0 4.0 8.0 6.0 3.0 6.0 8.0 2.0 8.0 6.0 1.0 6.0 5.0 4.0 5.0 8.0 1.0 8.0 8.0 2.0 8.0 9.0 6.0 9.0 10.0 1.0 10.0 
4 5 3.46 3.46 2.0 2.0 2.0 8.0 8.0 8.0 9.0 6.0 9.0 5.0 2.0 5.0 5.0 2.0 5.0 
4 5 1.8 1.8 10.0 3.0 10.0 10.0 8.0 10.0 8.0 2.0 8.0 4.0 1.0 4.0 5.0 1.0 5.0 
4 6 2.13 2.13 10.0 3.0 10.0 10.0 8.0 10.0 8.0 2.0 8.0 4.0 1.0 4.0 5.0 1.0 5.0 3.0 1.0 3.0 
4 7 2.29 2.29 10.0 3.0 10.0 10.0 8.0 10.0 8.0 2.0 8.0 4.0 1.0 4.0 5.0 1.0 5.0 3.0 1.0 3.0 6.0 1.0 6.0 
4 8 3.18 3.18 10.0 3.0 10.0 10.0 8.0 10.0 8.0 2.0 8.0 4.0 1.0 4.0 5.0 1.0 5.0 3.0 1.0 3.0 6.0 1.0 6.0 9.0 8.0 9.0 
4 9 3.52 3.52 10.0 3.0 10.0 10.0 8.0 10.0 8.0 2.0 8.0 4.0 1.0 4.0 5.0 1.0 5.0 3.0 1.0 3.0 6.0 1.0 6.0 9.0 8.0 9.0 3.0 1.0 3.0 
4 5 1.71 1.71 6.0 1.0 6.0 5.0 1.0 5.0 10.0 7.0 10.0 4.0 1.0 4.0 5.0 2.0 5.0 
4 6 2.57 2.57 6.0 1.0 6.0 5.0 1.0 5.0 10.0 7.0 10.0 4.0 1.0 4.0 5.0 2.0 5.0 7.0 6.0 7.0 
4 7 3.24 3.24 6.0 1.0 6.0 5.0 1.0 5.0 10.0 7.0 10.0 4.0 1.0 4.0 5.0 2.0 5.0 7.0 6.0 7.0 6.0 4.0 6.0 
4 8 3.57 3.57 6.0 1.0 6.0 5.0 1.0 5.0 10.0 7.0 10.0 4.0 1.0 4.0 5.0 2.0 5.0 7.0 6.0 7.0 6.0 4.0 6.0 9.0 3.0 9.0 
4 5 3.83 3.83 10.0 10.0 10.0 10.0 1.0 10.0 8.0 7.0 8.0 7.0 6.0 7.0 7.0 7.0 7.0 
4 5 3.1 3.1 3.0 1.0 3.0 10.0 10.0 10.0 5.0 1.0 5.0 7.0 4.0 7.0 3.0 3.0 3.0 
4 5 1.9 1.9 9.0 2.0 9.0 8.0 7.0 8.0 7.0 1.0 7.0 2.0 1.0 2.0 6.0 1.0 6.0 
4 6 2.4 2.4 9.0 2.0 9.0 8.0 7.0 8.0 7.0 1.0 7.0 2.0 1.0 2.0 6.0 1.0 6.0 6.0 3.0 6.0 
4 7 2.78 2.78 9.0 2.0 9.0 8.0 7.0 8.0 7.0 1.0 7.0 2.0 1.0 2.0 6.0 1.0 6.0 6.0 3.0 6.0 8.0 3.0 8.0 
4 8 3.35 3.35 9.0 2.0 9.0 8.0 7.0 8.0 7.0 1.0 7.0 2.0 1.0 2.0 6.0 1.0 6.0 6.0 3.0 6.0 8.0 3.0 8.0 7.0 4.0 7.0 
4 9 3.6 3.6 9.0 2.0 9.0 8.0 7.0 8.0 7.0 1.0 7.0 2.0 1.0 2.0 6.0 1.0 6.0 6.0 3.0 6.0 8.0 3.0 8.0 7.0 4.0 7.0 8.0 2.0 8.0 
4 10 3.97 3.97 9.0 2.0 9.0 8.0 7.0 8.0 7.0 1.0 7.0 2.0 1.0 2.0 6.0 1.0 6.0 6.0 3.0 6.0 8.0 3.0 8.0 7.0 4.0 7.0 8.0 2.0 8.0 8.0 3.0 8.0 
4 5 2.99 2.99 5.0 1.0 5.0 8.0 8.0 8.0 9.0 3.0 9.0 5.0 4.0 5.0 9.0 6.0 9.0 
4 6 3.49 3.49 5.0 1.0 5.0 8.0 8.0 8.0 9.0 3.0 9.0 5.0 4.0 5.0 9.0 6.0 9.0 8.0 4.0 8.0 
4 7 3.83 3.83 5.0 1.0 5.0 8.0 8.0 8.0 9.0 3.0 9.0 5.0 4.0 5.0 9.0 6.0 9.0 8.0 4.0 8.0 3.0 1.0 3.0 
4 5 1.54 1.54 2.0 1.0 2.0 4.0 1.0 4.0 8.0 1.0 8.0 6.0 1.0 6.0 4.0 2.0 4.0 
