2 3 0.62 0.62 579.0 151.0 579.0 416.0 45.0 416.0 425.0 107.0 425.0 
2 4 1.09 1.09 579.0 151.0 579.0 416.0 45.0 416.0 425.0 107.0 425.0 713.0 337.0 713.0 
2 5 1.4 1.4 579.0 151.0 579.0 416.0 45.0 416.0 425.0 107.0 425.0 713.0 337.0 713.0 643.0 200.0 643.0 
2 6 1.53 1.53 579.0 151.0 579.0 416.0 45.0 416.0 425.0 107.0 425.0 713.0 337.0 713.0 643.0 200.0 643.0 120.0 16.0 120.0 
2 7 1.54 1.54 579.0 151.0 579.0 416.0 45.0 416.0 425.0 107.0 425.0 713.0 337.0 713.0 643.0 200.0 643.0 120.0 16.0 120.0 679.0 4.0 679.0 
2 3 1.1 1.1 887.0 610.0 887.0 667.0 116.0 667.0 93.0 23.0 93.0 
2 4 1.21 1.21 887.0 610.0 887.0 667.0 116.0 667.0 93.0 23.0 93.0 680.0 70.0 680.0 
2 3 0.4 0.4 682.0 18.0 682.0 233.0 74.0 233.0 318.0 19.0 318.0 
2 4 1.23 1.23 682.0 18.0 682.0 233.0 74.0 233.0 318.0 19.0 318.0 989.0 819.0 989.0 
2 5 1.77 1.77 682.0 18.0 682.0 233.0 74.0 233.0 318.0 19.0 318.0 989.0 819.0 989.0 714.0 390.0 714.0 
2 6 1.99 1.99 682.0 18.0 682.0 233.0 74.0 233.0 318.0 19.0 318.0 989.0 819.0 989.0 714.0 390.0 714.0 638.0 136.0 638.0 
2 3 0.7 0.7 826.0 107.0 826.0 729.0 251.0 729.0 138.0 32.0 138.0 
2 4 1.21 1.21 826.0 107.0 826.0 729.0 251.0 729.0 138.0 32.0 138.0 889.0 449.0 889.0 
2 5 1.25 1.25 826.0 107.0 826.0 729.0 251.0 729.0 138.0 32.0 138.0 889.0 449.0 889.0 384.0 16.0 384.0 
2 6 1.47 1.47 826.0 107.0 826.0 729.0 251.0 729.0 138.0 32.0 138.0 889.0 449.0 889.0 384.0 16.0 384.0 573.0 129.0 573.0 
2 3 0.96 0.96 429.0 20.0 429.0 109.0 96.0 109.0 552.0 23.0 552.0 
2 4 1.32 1.32 429.0 20.0 429.0 109.0 96.0 109.0 552.0 23.0 552.0 405.0 144.0 405.0 
2 5 1.73 1.73 429.0 20.0 429.0 109.0 96.0 109.0 552.0 23.0 552.0 405.0 144.0 405.0 174.0 71.0 174.0 
2 3 1.12 1.12 56.0 16.0 56.0 639.0 338.0 639.0 64.0 20.0 64.0 
2 4 1.27 1.27 56.0 16.0 56.0 639.0 338.0 639.0 64.0 20.0 64.0 322.0 47.0 322.0 
2 5 1.44 1.44 56.0 16.0 56.0 639.0 338.0 639.0 64.0 20.0 64.0 322.0 47.0 322.0 883.0 149.0 883.0 
2 6 1.46 1.46 56.0 16.0 56.0 639.0 338.0 639.0 64.0 20.0 64.0 322.0 47.0 322.0 883.0 149.0 883.0 966.0 24.0 966.0 
2 7 1.96 1.96 56.0 16.0 56.0 639.0 338.0 639.0 64.0 20.0 64.0 322.0 47.0 322.0 883.0 149.0 883.0 966.0 24.0 966.0 14.0 7.0 14.0 
2 3 1.43 1.43 273.0 167.0 273.0 928.0 92.0 928.0 861.0 622.0 861.0 
2 4 1.75 1.75 273.0 167.0 273.0 928.0 92.0 928.0 861.0 622.0 861.0 169.0 54.0 169.0 
2 5 1.91 1.91 273.0 167.0 273.0 928.0 92.0 928.0 861.0 622.0 861.0 169.0 54.0 169.0 122.0 20.0 122.0 
2 3 0.66 0.66 80.0 14.0 80.0 524.0 165.0 524.0 69.0 12.0 69.0 
2 4 1.62 1.62 80.0 14.0 80.0 524.0 165.0 524.0 69.0 12.0 69.0 294.0 284.0 294.0 
2 5 1.69 1.69 80.0 14.0 80.0 524.0 165.0 524.0 69.0 12.0 69.0 294.0 284.0 294.0 785.0 55.0 785.0 
2 3 0.37 0.37 570.0 174.0 570.0 449.0 11.0 449.0 690.0 30.0 690.0 
2 4 0.65 0.65 570.0 174.0 570.0 449.0 11.0 449.0 690.0 30.0 690.0 672.0 192.0 672.0 
2 5 1.45 1.45 570.0 174.0 570.0 449.0 11.0 449.0 690.0 30.0 690.0 672.0 192.0 672.0 418.0 331.0 418.0 
2 3 1.03 1.03 116.0 37.0 116.0 959.0 435.0 959.0 327.0 86.0 327.0 
2 4 1.22 1.22 116.0 37.0 116.0 959.0 435.0 959.0 327.0 86.0 327.0 469.0 91.0 469.0 
2 5 1.53 1.53 116.0 37.0 116.0 959.0 435.0 959.0 327.0 86.0 327.0 469.0 91.0 469.0 169.0 52.0 169.0 
2 3 1.39 1.39 477.0 151.0 477.0 118.0 84.0 118.0 151.0 56.0 151.0 
2 3 1.7 1.7 615.0 584.0 615.0 139.0 3.0 139.0 799.0 587.0 799.0 
2 4 1.96 1.96 615.0 584.0 615.0 139.0 3.0 139.0 799.0 587.0 799.0 137.0 36.0 137.0 
2 3 0.92 0.92 736.0 392.0 736.0 232.0 45.0 232.0 99.0 20.0 99.0 
2 4 1.72 1.72 736.0 392.0 736.0 232.0 45.0 232.0 99.0 20.0 99.0 672.0 535.0 672.0 
2 5 1.8 1.8 736.0 392.0 736.0 232.0 45.0 232.0 99.0 20.0 99.0 672.0 535.0 672.0 942.0 78.0 942.0 
2 6 1.95 1.95 736.0 392.0 736.0 232.0 45.0 232.0 99.0 20.0 99.0 672.0 535.0 672.0 942.0 78.0 942.0 309.0 47.0 309.0 
2 3 1.48 1.48 313.0 31.0 313.0 608.0 404.0 608.0 175.0 126.0 175.0 
2 3 1.82 1.82 930.0 849.0 930.0 58.0 41.0 58.0 833.0 167.0 833.0 
2 3 1.69 1.69 319.0 139.0 319.0 971.0 579.0 971.0 3.0 2.0 3.0 
2 3 1.01 1.01 543.0 168.0 543.0 200.0 73.0 200.0 131.0 44.0 131.0 
2 4 1.63 1.63 543.0 168.0 543.0 200.0 73.0 200.0 131.0 44.0 131.0 616.0 385.0 616.0 
2 5 1.86 1.86 543.0 168.0 543.0 200.0 73.0 200.0 131.0 44.0 131.0 616.0 385.0 616.0 955.0 221.0 955.0 
2 3 0.83 0.83 54.0 2.0 54.0 65.0 38.0 65.0 706.0 149.0 706.0 
2 4 1.63 1.63 54.0 2.0 54.0 65.0 38.0 65.0 706.0 149.0 706.0 808.0 649.0 808.0 
2 3 1.6 1.6 240.0 125.0 240.0 405.0 161.0 405.0 611.0 422.0 611.0 
2 3 1.03 1.03 736.0 32.0 736.0 616.0 444.0 616.0 89.0 24.0 89.0 
2 4 1.44 1.44 736.0 32.0 736.0 616.0 444.0 616.0 89.0 24.0 89.0 900.0 373.0 900.0 
2 5 1.66 1.66 736.0 32.0 736.0 616.0 444.0 616.0 89.0 24.0 89.0 900.0 373.0 900.0 113.0 24.0 113.0 
2 6 1.67 1.67 736.0 32.0 736.0 616.0 444.0 616.0 89.0 24.0 89.0 900.0 373.0 900.0 113.0 24.0 113.0 806.0 9.0 806.0 
2 7 1.98 1.98 736.0 32.0 736.0 616.0 444.0 616.0 89.0 24.0 89.0 900.0 373.0 900.0 113.0 24.0 113.0 806.0 9.0 806.0 811.0 250.0 811.0 
2 3 0.79 0.79 105.0 55.0 105.0 936.0 245.0 936.0 542.0 5.0 542.0 
2 4 0.89 0.89 105.0 55.0 105.0 936.0 245.0 936.0 542.0 5.0 542.0 40.0 4.0 40.0 
2 5 1.69 1.69 105.0 55.0 105.0 936.0 245.0 936.0 542.0 5.0 542.0 40.0 4.0 40.0 806.0 644.0 806.0 
2 6 1.8 1.8 105.0 55.0 105.0 936.0 245.0 936.0 542.0 5.0 542.0 40.0 4.0 40.0 806.0 644.0 806.0 849.0 98.0 849.0 
2 3 1.01 1.01 986.0 301.0 986.0 624.0 402.0 624.0 706.0 44.0 706.0 
2 4 1.03 1.03 986.0 301.0 986.0 624.0 402.0 624.0 706.0 44.0 706.0 700.0 13.0 700.0 
2 5 1.15 1.15 986.0 301.0 986.0 624.0 402.0 624.0 706.0 44.0 706.0 700.0 13.0 700.0 66.0 8.0 66.0 
2 6 1.18 1.18 986.0 301.0 986.0 624.0 402.0 624.0 706.0 44.0 706.0 700.0 13.0 700.0 66.0 8.0 66.0 792.0 27.0 792.0 
2 7 1.7 1.7 986.0 301.0 986.0 624.0 402.0 624.0 706.0 44.0 706.0 700.0 13.0 700.0 66.0 8.0 66.0 792.0 27.0 792.0 682.0 356.0 682.0 
2 3 0.56 0.56 195.0 14.0 195.0 964.0 173.0 964.0 476.0 150.0 476.0 
2 4 0.7 0.7 195.0 14.0 195.0 964.0 173.0 964.0 476.0 150.0 476.0 342.0 49.0 342.0 
2 5 0.74 0.74 195.0 14.0 195.0 964.0 173.0 964.0 476.0 150.0 476.0 342.0 49.0 342.0 400.0 16.0 400.0 
2 6 1.41 1.41 195.0 14.0 195.0 964.0 173.0 964.0 476.0 150.0 476.0 342.0 49.0 342.0 400.0 16.0 400.0 373.0 247.0 373.0 
2 7 1.94 1.94 195.0 14.0 195.0 964.0 173.0 964.0 476.0 150.0 476.0 342.0 49.0 342.0 400.0 16.0 400.0 373.0 247.0 373.0 323.0 173.0 323.0 
2 3 0.79 0.79 600.0 395.0 600.0 799.0 62.0 799.0 743.0 43.0 743.0 
2 4 0.98 0.98 600.0 395.0 600.0 799.0 62.0 799.0 743.0 43.0 743.0 105.0 20.0 105.0 
2 5 1.31 1.31 600.0 395.0 600.0 799.0 62.0 799.0 743.0 43.0 743.0 105.0 20.0 105.0 621.0 206.0 621.0 
2 6 1.86 1.86 600.0 395.0 600.0 799.0 62.0 799.0 743.0 43.0 743.0 105.0 20.0 105.0 621.0 206.0 621.0 126.0 69.0 126.0 
2 3 0.5 0.5 599.0 226.0 599.0 84.0 4.0 84.0 366.0 29.0 366.0 
2 4 0.78 0.78 599.0 226.0 599.0 84.0 4.0 84.0 366.0 29.0 366.0 436.0 123.0 436.0 
2 5 1.04 1.04 599.0 226.0 599.0 84.0 4.0 84.0 366.0 29.0 366.0 436.0 123.0 436.0 982.0 257.0 982.0 
2 6 1.5 1.5 599.0 226.0 599.0 84.0 4.0 84.0 366.0 29.0 366.0 436.0 123.0 436.0 982.0 257.0 982.0 275.0 125.0 275.0 
2 3 1.36 1.36 874.0 849.0 874.0 604.0 33.0 604.0 182.0 61.0 182.0 
2 3 1.03 1.03 854.0 206.0 854.0 996.0 371.0 996.0 67.0 28.0 67.0 
2 4 1.27 1.27 854.0 206.0 854.0 996.0 371.0 996.0 67.0 28.0 67.0 348.0 84.0 348.0 
2 5 1.52 1.52 854.0 206.0 854.0 996.0 371.0 996.0 67.0 28.0 67.0 348.0 84.0 348.0 203.0 51.0 203.0 
2 6 1.94 1.94 854.0 206.0 854.0 996.0 371.0 996.0 67.0 28.0 67.0 348.0 84.0 348.0 203.0 51.0 203.0 808.0 343.0 808.0 
2 3 1.51 1.51 451.0 347.0 451.0 641.0 278.0 641.0 247.0 77.0 247.0 
2 4 1.59 1.59 451.0 347.0 451.0 641.0 278.0 641.0 247.0 77.0 247.0 230.0 18.0 230.0 
2 3 1.38 1.38 798.0 175.0 798.0 925.0 824.0 925.0 307.0 84.0 307.0 
2 4 1.48 1.48 798.0 175.0 798.0 925.0 824.0 925.0 307.0 84.0 307.0 394.0 40.0 394.0 
2 5 1.81 1.81 798.0 175.0 798.0 925.0 824.0 925.0 307.0 84.0 307.0 394.0 40.0 394.0 664.0 221.0 664.0 
2 3 1.96 1.96 496.0 306.0 496.0 254.0 174.0 254.0 81.0 54.0 81.0 
2 3 1.38 1.38 354.0 129.0 354.0 171.0 38.0 171.0 30.0 24.0 30.0 
2 3 0.82 0.82 620.0 176.0 620.0 594.0 14.0 594.0 695.0 361.0 695.0 
2 4 1.22 1.22 620.0 176.0 620.0 594.0 14.0 594.0 695.0 361.0 695.0 728.0 290.0 728.0 
2 5 1.3 1.3 620.0 176.0 620.0 594.0 14.0 594.0 695.0 361.0 695.0 728.0 290.0 728.0 95.0 8.0 95.0 
2 6 1.66 1.66 620.0 176.0 620.0 594.0 14.0 594.0 695.0 361.0 695.0 728.0 290.0 728.0 95.0 8.0 95.0 700.0 249.0 700.0 
2 7 1.76 1.76 620.0 176.0 620.0 594.0 14.0 594.0 695.0 361.0 695.0 728.0 290.0 728.0 95.0 8.0 95.0 700.0 249.0 700.0 711.0 74.0 711.0 
2 3 1.82 1.82 928.0 928.0 928.0 611.0 443.0 611.0 61.0 6.0 61.0 
2 3 0.98 0.98 354.0 161.0 354.0 44.0 20.0 44.0 356.0 26.0 356.0 
2 4 1.16 1.16 354.0 161.0 354.0 44.0 20.0 44.0 356.0 26.0 356.0 755.0 139.0 755.0 
2 5 1.7 1.7 354.0 161.0 354.0 44.0 20.0 44.0 356.0 26.0 356.0 755.0 139.0 755.0 202.0 109.0 202.0 
2 6 1.73 1.73 354.0 161.0 354.0 44.0 20.0 44.0 356.0 26.0 356.0 755.0 139.0 755.0 202.0 109.0 202.0 618.0 16.0 618.0 
2 3 0.62 0.62 477.0 193.0 477.0 300.0 19.0 300.0 666.0 102.0 666.0 
2 4 0.9 0.9 477.0 193.0 477.0 300.0 19.0 300.0 666.0 102.0 666.0 840.0 238.0 840.0 
2 5 0.96 0.96 477.0 193.0 477.0 300.0 19.0 300.0 666.0 102.0 666.0 840.0 238.0 840.0 949.0 58.0 949.0 
2 6 1.51 1.51 477.0 193.0 477.0 300.0 19.0 300.0 666.0 102.0 666.0 840.0 238.0 840.0 949.0 58.0 949.0 213.0 116.0 213.0 
2 7 1.73 1.73 477.0 193.0 477.0 300.0 19.0 300.0 666.0 102.0 666.0 840.0 238.0 840.0 949.0 58.0 949.0 213.0 116.0 213.0 9.0 2.0 9.0 
2 3 1.41 1.41 437.0 428.0 437.0 811.0 20.0 811.0 455.0 189.0 455.0 
2 4 1.51 1.51 437.0 428.0 437.0 811.0 20.0 811.0 455.0 189.0 455.0 904.0 85.0 904.0 
2 5 1.83 1.83 437.0 428.0 437.0 811.0 20.0 811.0 455.0 189.0 455.0 904.0 85.0 904.0 670.0 213.0 670.0 
2 6 1.84 1.84 437.0 428.0 437.0 811.0 20.0 811.0 455.0 189.0 455.0 904.0 85.0 904.0 670.0 213.0 670.0 956.0 17.0 956.0 
2 3 0.59 0.59 19.0 1.0 19.0 539.0 252.0 539.0 310.0 23.0 310.0 
2 4 1.35 1.35 19.0 1.0 19.0 539.0 252.0 539.0 310.0 23.0 310.0 449.0 342.0 449.0 
2 3 1.18 1.18 795.0 270.0 795.0 755.0 439.0 755.0 827.0 221.0 827.0 
2 4 1.54 1.54 795.0 270.0 795.0 755.0 439.0 755.0 827.0 221.0 827.0 637.0 226.0 637.0 
2 5 1.84 1.84 795.0 270.0 795.0 755.0 439.0 755.0 827.0 221.0 827.0 637.0 226.0 637.0 30.0 9.0 30.0 
2 3 0.95 0.95 980.0 683.0 980.0 710.0 178.0 710.0 575.0 2.0 575.0 
2 4 1.3 1.3 980.0 683.0 980.0 710.0 178.0 710.0 575.0 2.0 575.0 192.0 68.0 192.0 
2 5 1.52 1.52 980.0 683.0 980.0 710.0 178.0 710.0 575.0 2.0 575.0 192.0 68.0 192.0 874.0 191.0 874.0 
2 6 1.71 1.71 980.0 683.0 980.0 710.0 178.0 710.0 575.0 2.0 575.0 192.0 68.0 192.0 874.0 191.0 874.0 406.0 76.0 406.0 
2 3 1.48 1.48 532.0 159.0 532.0 379.0 322.0 379.0 422.0 141.0 422.0 
2 3 0.55 0.55 340.0 57.0 340.0 263.0 51.0 263.0 709.0 136.0 709.0 
2 4 0.77 0.77 340.0 57.0 340.0 263.0 51.0 263.0 709.0 136.0 709.0 474.0 103.0 474.0 
2 5 0.81 0.81 340.0 57.0 340.0 263.0 51.0 263.0 709.0 136.0 709.0 474.0 103.0 474.0 490.0 21.0 490.0 
2 6 1.02 1.02 340.0 57.0 340.0 263.0 51.0 263.0 709.0 136.0 709.0 474.0 103.0 474.0 490.0 21.0 490.0 881.0 189.0 881.0 
2 7 1.6 1.6 340.0 57.0 340.0 263.0 51.0 263.0 709.0 136.0 709.0 474.0 103.0 474.0 490.0 21.0 490.0 881.0 189.0 881.0 591.0 342.0 591.0 
2 3 1.56 1.56 185.0 123.0 185.0 734.0 339.0 734.0 292.0 128.0 292.0 
2 4 1.63 1.63 185.0 123.0 185.0 734.0 339.0 734.0 292.0 128.0 292.0 994.0 71.0 994.0 
2 5 1.94 1.94 185.0 123.0 185.0 734.0 339.0 734.0 292.0 128.0 292.0 994.0 71.0 994.0 29.0 9.0 29.0 
2 6 1.96 1.96 185.0 123.0 185.0 734.0 339.0 734.0 292.0 128.0 292.0 994.0 71.0 994.0 29.0 9.0 29.0 802.0 12.0 802.0 
2 3 1.27 1.27 462.0 354.0 462.0 913.0 13.0 913.0 575.0 284.0 575.0 
2 4 1.71 1.71 462.0 354.0 462.0 913.0 13.0 913.0 575.0 284.0 575.0 239.0 106.0 239.0 
2 3 0.7 0.7 769.0 233.0 769.0 935.0 103.0 935.0 771.0 226.0 771.0 
2 4 0.84 0.84 769.0 233.0 769.0 935.0 103.0 935.0 771.0 226.0 771.0 103.0 14.0 103.0 
2 5 0.92 0.92 769.0 233.0 769.0 935.0 103.0 935.0 771.0 226.0 771.0 103.0 14.0 103.0 187.0 15.0 187.0 
2 6 0.99 0.99 769.0 233.0 769.0 935.0 103.0 935.0 771.0 226.0 771.0 103.0 14.0 103.0 187.0 15.0 187.0 875.0 67.0 875.0 
2 7 1.56 1.56 769.0 233.0 769.0 935.0 103.0 935.0 771.0 226.0 771.0 103.0 14.0 103.0 187.0 15.0 187.0 875.0 67.0 875.0 638.0 358.0 638.0 
2 8 1.95 1.95 769.0 233.0 769.0 935.0 103.0 935.0 771.0 226.0 771.0 103.0 14.0 103.0 187.0 15.0 187.0 875.0 67.0 875.0 638.0 358.0 638.0 854.0 333.0 854.0 
2 3 1.91 1.91 332.0 316.0 332.0 683.0 464.0 683.0 639.0 179.0 639.0 
2 3 0.92 0.92 147.0 15.0 147.0 951.0 219.0 951.0 718.0 428.0 718.0 
2 4 1.85 1.85 147.0 15.0 147.0 951.0 219.0 951.0 718.0 428.0 718.0 495.0 458.0 495.0 
2 5 1.95 1.95 147.0 15.0 147.0 951.0 219.0 951.0 718.0 428.0 718.0 495.0 458.0 495.0 562.0 56.0 562.0 
2 3 1.07 1.07 919.0 49.0 919.0 720.0 262.0 720.0 254.0 167.0 254.0 
2 4 1.09 1.09 919.0 49.0 919.0 720.0 262.0 720.0 254.0 167.0 254.0 871.0 22.0 871.0 
2 5 1.1 1.1 919.0 49.0 919.0 720.0 262.0 720.0 254.0 167.0 254.0 871.0 22.0 871.0 820.0 7.0 820.0 
2 6 1.31 1.31 919.0 49.0 919.0 720.0 262.0 720.0 254.0 167.0 254.0 871.0 22.0 871.0 820.0 7.0 820.0 773.0 157.0 773.0 
2 7 1.55 1.55 919.0 49.0 919.0 720.0 262.0 720.0 254.0 167.0 254.0 871.0 22.0 871.0 820.0 7.0 820.0 773.0 157.0 773.0 768.0 188.0 768.0 
2 3 0.69 0.69 863.0 76.0 863.0 831.0 378.0 831.0 564.0 88.0 564.0 
2 4 0.89 0.89 863.0 76.0 863.0 831.0 378.0 831.0 564.0 88.0 564.0 607.0 119.0 607.0 
2 5 1.05 1.05 863.0 76.0 863.0 831.0 378.0 831.0 564.0 88.0 564.0 607.0 119.0 607.0 742.0 118.0 742.0 
2 6 1.4 1.4 863.0 76.0 863.0 831.0 378.0 831.0 564.0 88.0 564.0 607.0 119.0 607.0 742.0 118.0 742.0 676.0 240.0 676.0 
2 7 1.62 1.62 863.0 76.0 863.0 831.0 378.0 831.0 564.0 88.0 564.0 607.0 119.0 607.0 742.0 118.0 742.0 676.0 240.0 676.0 327.0 70.0 327.0 
2 8 1.65 1.65 863.0 76.0 863.0 831.0 378.0 831.0 564.0 88.0 564.0 607.0 119.0 607.0 742.0 118.0 742.0 676.0 240.0 676.0 327.0 70.0 327.0 575.0 17.0 575.0 
2 3 1.03 1.03 766.0 81.0 766.0 507.0 192.0 507.0 815.0 449.0 815.0 
2 4 1.37 1.37 766.0 81.0 766.0 507.0 192.0 507.0 815.0 449.0 815.0 345.0 116.0 345.0 
2 5 1.83 1.83 766.0 81.0 766.0 507.0 192.0 507.0 815.0 449.0 815.0 345.0 116.0 345.0 775.0 358.0 775.0 
2 6 1.83 1.83 766.0 81.0 766.0 507.0 192.0 507.0 815.0 449.0 815.0 345.0 116.0 345.0 775.0 358.0 775.0 768.0 2.0 768.0 
2 7 1.92 1.92 766.0 81.0 766.0 507.0 192.0 507.0 815.0 449.0 815.0 345.0 116.0 345.0 775.0 358.0 775.0 768.0 2.0 768.0 804.0 74.0 804.0 
2 8 1.99 1.99 766.0 81.0 766.0 507.0 192.0 507.0 815.0 449.0 815.0 345.0 116.0 345.0 775.0 358.0 775.0 768.0 2.0 768.0 804.0 74.0 804.0 319.0 22.0 319.0 
2 3 1.48 1.48 130.0 86.0 130.0 204.0 77.0 204.0 70.0 31.0 70.0 
2 4 1.55 1.55 130.0 86.0 130.0 204.0 77.0 204.0 70.0 31.0 70.0 777.0 55.0 777.0 
2 5 1.8 1.8 130.0 86.0 130.0 204.0 77.0 204.0 70.0 31.0 70.0 777.0 55.0 777.0 434.0 109.0 434.0 
2 3 0.8 0.8 734.0 483.0 734.0 601.0 1.0 601.0 740.0 105.0 740.0 
2 4 1.0 1.0 734.0 483.0 734.0 601.0 1.0 601.0 740.0 105.0 740.0 378.0 75.0 378.0 
2 5 1.24 1.24 734.0 483.0 734.0 601.0 1.0 601.0 740.0 105.0 740.0 378.0 75.0 378.0 237.0 58.0 237.0 
2 6 1.88 1.88 734.0 483.0 734.0 601.0 1.0 601.0 740.0 105.0 740.0 378.0 75.0 378.0 237.0 58.0 237.0 262.0 168.0 262.0 
2 7 1.92 1.92 734.0 483.0 734.0 601.0 1.0 601.0 740.0 105.0 740.0 378.0 75.0 378.0 237.0 58.0 237.0 262.0 168.0 262.0 436.0 16.0 436.0 
2 3 0.56 0.56 960.0 170.0 960.0 794.0 227.0 794.0 950.0 96.0 950.0 
2 4 1.22 1.22 960.0 170.0 960.0 794.0 227.0 794.0 950.0 96.0 950.0 519.0 341.0 519.0 
2 5 1.67 1.67 960.0 170.0 960.0 794.0 227.0 794.0 950.0 96.0 950.0 519.0 341.0 519.0 337.0 154.0 337.0 
2 6 1.87 1.87 960.0 170.0 960.0 794.0 227.0 794.0 950.0 96.0 950.0 519.0 341.0 519.0 337.0 154.0 337.0 774.0 150.0 774.0 
2 7 1.98 1.98 960.0 170.0 960.0 794.0 227.0 794.0 950.0 96.0 950.0 519.0 341.0 519.0 337.0 154.0 337.0 774.0 150.0 774.0 99.0 11.0 99.0 
2 3 0.69 0.69 130.0 12.0 130.0 953.0 96.0 953.0 945.0 475.0 945.0 
2 4 1.49 1.49 130.0 12.0 130.0 953.0 96.0 953.0 945.0 475.0 945.0 964.0 769.0 964.0 
2 3 1.38 1.38 172.0 119.0 172.0 614.0 376.0 614.0 976.0 80.0 976.0 
2 4 1.85 1.85 172.0 119.0 172.0 614.0 376.0 614.0 976.0 80.0 976.0 266.0 126.0 266.0 
2 5 1.97 1.97 172.0 119.0 172.0 614.0 376.0 614.0 976.0 80.0 976.0 266.0 126.0 266.0 930.0 106.0 930.0 
2 3 0.79 0.79 153.0 97.0 153.0 624.0 43.0 624.0 933.0 86.0 933.0 
2 4 0.94 0.94 153.0 97.0 153.0 624.0 43.0 624.0 933.0 86.0 933.0 776.0 115.0 776.0 
2 5 1.05 1.05 153.0 97.0 153.0 624.0 43.0 624.0 933.0 86.0 933.0 776.0 115.0 776.0 726.0 78.0 726.0 
2 6 1.82 1.82 153.0 97.0 153.0 624.0 43.0 624.0 933.0 86.0 933.0 776.0 115.0 776.0 726.0 78.0 726.0 209.0 161.0 209.0 
2 3 0.68 0.68 464.0 116.0 464.0 731.0 55.0 731.0 993.0 359.0 993.0 
2 4 0.69 0.69 464.0 116.0 464.0 731.0 55.0 731.0 993.0 359.0 993.0 152.0 1.0 152.0 
2 5 0.82 0.82 464.0 116.0 464.0 731.0 55.0 731.0 993.0 359.0 993.0 152.0 1.0 152.0 375.0 50.0 375.0 
2 6 0.96 0.96 464.0 116.0 464.0 731.0 55.0 731.0 993.0 359.0 993.0 152.0 1.0 152.0 375.0 50.0 375.0 915.0 124.0 915.0 
2 7 1.43 1.43 464.0 116.0 464.0 731.0 55.0 731.0 993.0 359.0 993.0 152.0 1.0 152.0 375.0 50.0 375.0 915.0 124.0 915.0 943.0 446.0 943.0 
2 8 1.48 1.48 464.0 116.0 464.0 731.0 55.0 731.0 993.0 359.0 993.0 152.0 1.0 152.0 375.0 50.0 375.0 915.0 124.0 915.0 943.0 446.0 943.0 536.0 27.0 536.0 
2 9 1.93 1.93 464.0 116.0 464.0 731.0 55.0 731.0 993.0 359.0 993.0 152.0 1.0 152.0 375.0 50.0 375.0 915.0 124.0 915.0 943.0 446.0 943.0 536.0 27.0 536.0 317.0 143.0 317.0 
2 3 0.54 0.54 268.0 58.0 268.0 661.0 179.0 661.0 924.0 53.0 924.0 
2 4 1.53 1.53 268.0 58.0 268.0 661.0 179.0 661.0 924.0 53.0 924.0 75.0 74.0 75.0 
2 3 1.71 1.71 36.0 36.0 36.0 580.0 281.0 580.0 459.0 104.0 459.0 
2 3 0.44 0.44 563.0 93.0 563.0 843.0 113.0 843.0 453.0 66.0 453.0 
2 4 0.49 0.49 563.0 93.0 563.0 843.0 113.0 843.0 453.0 66.0 453.0 974.0 52.0 974.0 
2 5 0.83 0.83 563.0 93.0 563.0 843.0 113.0 843.0 453.0 66.0 453.0 974.0 52.0 974.0 542.0 182.0 542.0 
2 6 0.84 0.84 563.0 93.0 563.0 843.0 113.0 843.0 453.0 66.0 453.0 974.0 52.0 974.0 542.0 182.0 542.0 911.0 12.0 911.0 
2 7 1.01 1.01 563.0 93.0 563.0 843.0 113.0 843.0 453.0 66.0 453.0 974.0 52.0 974.0 542.0 182.0 542.0 911.0 12.0 911.0 79.0 13.0 79.0 
2 8 1.38 1.38 563.0 93.0 563.0 843.0 113.0 843.0 453.0 66.0 453.0 974.0 52.0 974.0 542.0 182.0 542.0 911.0 12.0 911.0 79.0 13.0 79.0 819.0 305.0 819.0 
2 9 1.49 1.49 563.0 93.0 563.0 843.0 113.0 843.0 453.0 66.0 453.0 974.0 52.0 974.0 542.0 182.0 542.0 911.0 12.0 911.0 79.0 13.0 79.0 819.0 305.0 819.0 258.0 29.0 258.0 
2 10 1.85 1.85 563.0 93.0 563.0 843.0 113.0 843.0 453.0 66.0 453.0 974.0 52.0 974.0 542.0 182.0 542.0 911.0 12.0 911.0 79.0 13.0 79.0 819.0 305.0 819.0 258.0 29.0 258.0 787.0 282.0 787.0 
2 3 1.31 1.31 202.0 103.0 202.0 183.0 101.0 183.0 240.0 60.0 240.0 
2 4 1.59 1.59 202.0 103.0 202.0 183.0 101.0 183.0 240.0 60.0 240.0 429.0 123.0 429.0 
2 3 0.36 0.36 333.0 41.0 333.0 44.0 2.0 44.0 586.0 116.0 586.0 
2 4 0.52 0.52 333.0 41.0 333.0 44.0 2.0 44.0 586.0 116.0 586.0 257.0 42.0 257.0 
2 5 0.68 0.68 333.0 41.0 333.0 44.0 2.0 44.0 586.0 116.0 586.0 257.0 42.0 257.0 619.0 95.0 619.0 
2 6 1.08 1.08 333.0 41.0 333.0 44.0 2.0 44.0 586.0 116.0 586.0 257.0 42.0 257.0 619.0 95.0 619.0 108.0 43.0 108.0 
2 7 1.14 1.14 333.0 41.0 333.0 44.0 2.0 44.0 586.0 116.0 586.0 257.0 42.0 257.0 619.0 95.0 619.0 108.0 43.0 108.0 710.0 42.0 710.0 
2 8 1.23 1.23 333.0 41.0 333.0 44.0 2.0 44.0 586.0 116.0 586.0 257.0 42.0 257.0 619.0 95.0 619.0 108.0 43.0 108.0 710.0 42.0 710.0 524.0 49.0 524.0 
2 9 1.49 1.49 333.0 41.0 333.0 44.0 2.0 44.0 586.0 116.0 586.0 257.0 42.0 257.0 619.0 95.0 619.0 108.0 43.0 108.0 710.0 42.0 710.0 524.0 49.0 524.0 490.0 128.0 490.0 
2 3 1.15 1.15 490.0 99.0 490.0 430.0 358.0 430.0 104.0 13.0 104.0 
2 4 1.66 1.66 490.0 99.0 490.0 430.0 358.0 430.0 104.0 13.0 104.0 191.0 96.0 191.0 
2 3 0.75 0.75 567.0 11.0 567.0 658.0 284.0 658.0 416.0 125.0 416.0 
2 4 0.87 0.87 567.0 11.0 567.0 658.0 284.0 658.0 416.0 125.0 416.0 277.0 34.0 277.0 
2 5 1.01 1.01 567.0 11.0 567.0 658.0 284.0 658.0 416.0 125.0 416.0 277.0 34.0 277.0 907.0 125.0 907.0 
2 6 1.49 1.49 567.0 11.0 567.0 658.0 284.0 658.0 416.0 125.0 416.0 277.0 34.0 277.0 907.0 125.0 907.0 187.0 91.0 187.0 
2 7 1.66 1.66 567.0 11.0 567.0 658.0 284.0 658.0 416.0 125.0 416.0 277.0 34.0 277.0 907.0 125.0 907.0 187.0 91.0 187.0 610.0 99.0 610.0 
2 8 1.84 1.84 567.0 11.0 567.0 658.0 284.0 658.0 416.0 125.0 416.0 277.0 34.0 277.0 907.0 125.0 907.0 187.0 91.0 187.0 610.0 99.0 610.0 914.0 172.0 914.0 
2 3 0.63 0.63 575.0 226.0 575.0 201.0 20.0 201.0 999.0 143.0 999.0 
2 4 1.08 1.08 575.0 226.0 575.0 201.0 20.0 201.0 999.0 143.0 999.0 249.0 111.0 249.0 
2 5 1.16 1.16 575.0 226.0 575.0 201.0 20.0 201.0 999.0 143.0 999.0 249.0 111.0 249.0 334.0 27.0 334.0 
2 6 1.17 1.17 575.0 226.0 575.0 201.0 20.0 201.0 999.0 143.0 999.0 249.0 111.0 249.0 334.0 27.0 334.0 989.0 13.0 989.0 
2 7 1.3 1.3 575.0 226.0 575.0 201.0 20.0 201.0 999.0 143.0 999.0 249.0 111.0 249.0 334.0 27.0 334.0 989.0 13.0 989.0 977.0 127.0 977.0 
2 8 1.47 1.47 575.0 226.0 575.0 201.0 20.0 201.0 999.0 143.0 999.0 249.0 111.0 249.0 334.0 27.0 334.0 989.0 13.0 989.0 977.0 127.0 977.0 52.0 9.0 52.0 
2 9 1.61 1.61 575.0 226.0 575.0 201.0 20.0 201.0 999.0 143.0 999.0 249.0 111.0 249.0 334.0 27.0 334.0 989.0 13.0 989.0 977.0 127.0 977.0 52.0 9.0 52.0 135.0 18.0 135.0 
2 10 1.69 1.69 575.0 226.0 575.0 201.0 20.0 201.0 999.0 143.0 999.0 249.0 111.0 249.0 334.0 27.0 334.0 989.0 13.0 989.0 977.0 127.0 977.0 52.0 9.0 52.0 135.0 18.0 135.0 597.0 47.0 597.0 
2 11 1.75 1.75 575.0 226.0 575.0 201.0 20.0 201.0 999.0 143.0 999.0 249.0 111.0 249.0 334.0 27.0 334.0 989.0 13.0 989.0 977.0 127.0 977.0 52.0 9.0 52.0 135.0 18.0 135.0 597.0 47.0 597.0 29.0 2.0 29.0 
2 12 1.97 1.97 575.0 226.0 575.0 201.0 20.0 201.0 999.0 143.0 999.0 249.0 111.0 249.0 334.0 27.0 334.0 989.0 13.0 989.0 977.0 127.0 977.0 52.0 9.0 52.0 135.0 18.0 135.0 597.0 47.0 597.0 29.0 2.0 29.0 52.0 11.0 52.0 
2 3 0.81 0.81 734.0 118.0 734.0 882.0 245.0 882.0 194.0 74.0 194.0 
2 4 1.06 1.06 734.0 118.0 734.0 882.0 245.0 882.0 194.0 74.0 194.0 780.0 188.0 780.0 
2 5 1.1 1.1 734.0 118.0 734.0 882.0 245.0 882.0 194.0 74.0 194.0 780.0 188.0 780.0 920.0 44.0 920.0 
2 6 1.89 1.89 734.0 118.0 734.0 882.0 245.0 882.0 194.0 74.0 194.0 780.0 188.0 780.0 920.0 44.0 920.0 443.0 350.0 443.0 
2 7 1.91 1.91 734.0 118.0 734.0 882.0 245.0 882.0 194.0 74.0 194.0 780.0 188.0 780.0 920.0 44.0 920.0 443.0 350.0 443.0 486.0 10.0 486.0 
2 8 1.99 1.99 734.0 118.0 734.0 882.0 245.0 882.0 194.0 74.0 194.0 780.0 188.0 780.0 920.0 44.0 920.0 443.0 350.0 443.0 486.0 10.0 486.0 130.0 10.0 130.0 
2 3 1.66 1.66 380.0 161.0 380.0 725.0 198.0 725.0 84.0 81.0 84.0 
2 4 1.83 1.83 380.0 161.0 380.0 725.0 198.0 725.0 84.0 81.0 84.0 315.0 54.0 315.0 
2 5 1.85 1.85 380.0 161.0 380.0 725.0 198.0 725.0 84.0 81.0 84.0 315.0 54.0 315.0 293.0 7.0 293.0 
2 6 1.89 1.89 380.0 161.0 380.0 725.0 198.0 725.0 84.0 81.0 84.0 315.0 54.0 315.0 293.0 7.0 293.0 57.0 2.0 57.0 
2 7 1.93 1.93 380.0 161.0 380.0 725.0 198.0 725.0 84.0 81.0 84.0 315.0 54.0 315.0 293.0 7.0 293.0 57.0 2.0 57.0 885.0 38.0 885.0 
2 3 0.41 0.41 413.0 63.0 413.0 907.0 92.0 907.0 944.0 151.0 944.0 
2 4 1.26 1.26 413.0 63.0 413.0 907.0 92.0 907.0 944.0 151.0 944.0 837.0 715.0 837.0 
2 5 1.31 1.31 413.0 63.0 413.0 907.0 92.0 907.0 944.0 151.0 944.0 837.0 715.0 837.0 707.0 30.0 707.0 
2 6 1.33 1.33 413.0 63.0 413.0 907.0 92.0 907.0 944.0 151.0 944.0 837.0 715.0 837.0 707.0 30.0 707.0 555.0 11.0 555.0 
2 3 0.75 0.75 568.0 112.0 568.0 247.0 35.0 247.0 546.0 229.0 546.0 
2 4 1.21 1.21 568.0 112.0 568.0 247.0 35.0 247.0 546.0 229.0 546.0 98.0 45.0 98.0 
2 5 1.9 1.9 568.0 112.0 568.0 247.0 35.0 247.0 546.0 229.0 546.0 98.0 45.0 98.0 171.0 117.0 171.0 
2 3 1.27 1.27 202.0 74.0 202.0 505.0 307.0 505.0 385.0 115.0 385.0 
2 4 1.58 1.58 202.0 74.0 202.0 505.0 307.0 505.0 385.0 115.0 385.0 553.0 175.0 553.0 
2 5 1.64 1.64 202.0 74.0 202.0 505.0 307.0 505.0 385.0 115.0 385.0 553.0 175.0 553.0 19.0 1.0 19.0 
2 3 0.58 0.58 584.0 136.0 584.0 420.0 1.0 420.0 676.0 237.0 676.0 
2 4 1.24 1.24 584.0 136.0 584.0 420.0 1.0 420.0 676.0 237.0 676.0 815.0 535.0 815.0 
2 5 1.27 1.27 584.0 136.0 584.0 420.0 1.0 420.0 676.0 237.0 676.0 815.0 535.0 815.0 68.0 2.0 68.0 
2 6 1.82 1.82 584.0 136.0 584.0 420.0 1.0 420.0 676.0 237.0 676.0 815.0 535.0 815.0 68.0 2.0 68.0 63.0 35.0 63.0 
2 3 0.85 0.85 619.0 46.0 619.0 111.0 2.0 111.0 736.0 559.0 736.0 
2 4 1.33 1.33 619.0 46.0 619.0 111.0 2.0 111.0 736.0 559.0 736.0 830.0 405.0 830.0 
2 5 1.61 1.61 619.0 46.0 619.0 111.0 2.0 111.0 736.0 559.0 736.0 830.0 405.0 830.0 668.0 183.0 668.0 
2 3 1.59 1.59 650.0 81.0 650.0 716.0 657.0 716.0 912.0 501.0 912.0 
2 4 1.81 1.81 650.0 81.0 650.0 716.0 657.0 716.0 912.0 501.0 912.0 982.0 223.0 982.0 
2 5 1.82 1.82 650.0 81.0 650.0 716.0 657.0 716.0 912.0 501.0 912.0 982.0 223.0 982.0 406.0 1.0 406.0 
2 3 0.76 0.76 64.0 35.0 64.0 738.0 25.0 738.0 461.0 85.0 461.0 
2 4 0.79 0.79 64.0 35.0 64.0 738.0 25.0 738.0 461.0 85.0 461.0 522.0 14.0 522.0 
2 5 0.89 0.89 64.0 35.0 64.0 738.0 25.0 738.0 461.0 85.0 461.0 522.0 14.0 522.0 641.0 64.0 641.0 
2 6 1.46 1.46 64.0 35.0 64.0 738.0 25.0 738.0 461.0 85.0 461.0 522.0 14.0 522.0 641.0 64.0 641.0 813.0 466.0 813.0 
2 7 1.84 1.84 64.0 35.0 64.0 738.0 25.0 738.0 461.0 85.0 461.0 522.0 14.0 522.0 641.0 64.0 641.0 813.0 466.0 813.0 562.0 216.0 562.0 
2 3 1.77 1.77 595.0 564.0 595.0 333.0 188.0 333.0 288.0 75.0 288.0 
2 4 1.83 1.83 595.0 564.0 595.0 333.0 188.0 333.0 288.0 75.0 288.0 981.0 62.0 981.0 
2 3 0.45 0.45 241.0 65.0 241.0 440.0 41.0 440.0 396.0 36.0 396.0 
2 4 0.58 0.58 241.0 65.0 241.0 440.0 41.0 440.0 396.0 36.0 396.0 546.0 70.0 546.0 
2 5 0.73 0.73 241.0 65.0 241.0 440.0 41.0 440.0 396.0 36.0 396.0 546.0 70.0 546.0 345.0 52.0 345.0 
2 6 1.28 1.28 241.0 65.0 241.0 440.0 41.0 440.0 396.0 36.0 396.0 546.0 70.0 546.0 345.0 52.0 345.0 549.0 302.0 549.0 
2 7 1.44 1.44 241.0 65.0 241.0 440.0 41.0 440.0 396.0 36.0 396.0 546.0 70.0 546.0 345.0 52.0 345.0 549.0 302.0 549.0 813.0 129.0 813.0 
2 8 1.76 1.76 241.0 65.0 241.0 440.0 41.0 440.0 396.0 36.0 396.0 546.0 70.0 546.0 345.0 52.0 345.0 549.0 302.0 549.0 813.0 129.0 813.0 642.0 205.0 642.0 
2 3 1.93 1.93 282.0 262.0 282.0 64.0 16.0 64.0 452.0 341.0 452.0 
2 3 1.21 1.21 335.0 289.0 335.0 780.0 194.0 780.0 968.0 97.0 968.0 
2 4 1.45 1.45 335.0 289.0 335.0 780.0 194.0 780.0 968.0 97.0 968.0 610.0 149.0 610.0 
2 5 1.7 1.7 335.0 289.0 335.0 780.0 194.0 780.0 968.0 97.0 968.0 610.0 149.0 610.0 924.0 234.0 924.0 
2 3 1.37 1.37 398.0 324.0 398.0 685.0 15.0 685.0 256.0 138.0 256.0 
2 4 1.43 1.43 398.0 324.0 398.0 685.0 15.0 685.0 256.0 138.0 256.0 147.0 9.0 147.0 
2 5 1.77 1.77 398.0 324.0 398.0 685.0 15.0 685.0 256.0 138.0 256.0 147.0 9.0 147.0 800.0 272.0 800.0 
2 6 1.85 1.85 398.0 324.0 398.0 685.0 15.0 685.0 256.0 138.0 256.0 147.0 9.0 147.0 800.0 272.0 800.0 580.0 46.0 580.0 
2 7 1.9 1.9 398.0 324.0 398.0 685.0 15.0 685.0 256.0 138.0 256.0 147.0 9.0 147.0 800.0 272.0 800.0 580.0 46.0 580.0 936.0 48.0 936.0 
2 3 1.33 1.33 732.0 536.0 732.0 739.0 26.0 739.0 620.0 349.0 620.0 
2 4 1.93 1.93 732.0 536.0 732.0 739.0 26.0 739.0 620.0 349.0 620.0 587.0 357.0 587.0 
2 3 1.77 1.77 5.0 3.0 5.0 884.0 576.0 884.0 551.0 286.0 551.0 
2 3 1.7 1.7 961.0 315.0 961.0 839.0 479.0 839.0 63.0 51.0 63.0 
2 4 1.85 1.85 961.0 315.0 961.0 839.0 479.0 839.0 63.0 51.0 63.0 432.0 62.0 432.0 
2 3 1.01 1.01 6.0 3.0 6.0 4.0 1.0 4.0 50.0 13.0 50.0 
2 4 1.08 1.08 6.0 3.0 6.0 4.0 1.0 4.0 50.0 13.0 50.0 928.0 71.0 928.0 
2 5 1.24 1.24 6.0 3.0 6.0 4.0 1.0 4.0 50.0 13.0 50.0 928.0 71.0 928.0 916.0 148.0 916.0 
2 6 1.55 1.55 6.0 3.0 6.0 4.0 1.0 4.0 50.0 13.0 50.0 928.0 71.0 928.0 916.0 148.0 916.0 223.0 69.0 223.0 
2 3 0.57 0.57 272.0 36.0 272.0 243.0 88.0 243.0 812.0 68.0 812.0 
2 4 1.23 1.23 272.0 36.0 272.0 243.0 88.0 243.0 812.0 68.0 812.0 854.0 559.0 854.0 
2 5 1.46 1.46 272.0 36.0 272.0 243.0 88.0 243.0 812.0 68.0 812.0 854.0 559.0 854.0 754.0 172.0 754.0 
2 3 1.18 1.18 764.0 624.0 764.0 505.0 156.0 505.0 127.0 8.0 127.0 
2 4 1.37 1.37 764.0 624.0 764.0 505.0 156.0 505.0 127.0 8.0 127.0 766.0 140.0 766.0 
2 5 1.55 1.55 764.0 624.0 764.0 505.0 156.0 505.0 127.0 8.0 127.0 766.0 140.0 766.0 50.0 9.0 50.0 
2 6 1.66 1.66 764.0 624.0 764.0 505.0 156.0 505.0 127.0 8.0 127.0 766.0 140.0 766.0 50.0 9.0 50.0 878.0 99.0 878.0 
2 7 1.79 1.79 764.0 624.0 764.0 505.0 156.0 505.0 127.0 8.0 127.0 766.0 140.0 766.0 50.0 9.0 50.0 878.0 99.0 878.0 741.0 100.0 741.0 
2 8 1.91 1.91 764.0 624.0 764.0 505.0 156.0 505.0 127.0 8.0 127.0 766.0 140.0 766.0 50.0 9.0 50.0 878.0 99.0 878.0 741.0 100.0 741.0 216.0 24.0 216.0 
2 3 1.32 1.32 904.0 453.0 904.0 499.0 24.0 499.0 833.0 650.0 833.0 
2 4 1.93 1.93 904.0 453.0 904.0 499.0 24.0 499.0 833.0 650.0 833.0 227.0 138.0 227.0 
2 3 0.71 0.71 962.0 517.0 962.0 76.0 7.0 76.0 910.0 76.0 910.0 
2 4 1.53 1.53 962.0 517.0 962.0 76.0 7.0 76.0 910.0 76.0 910.0 669.0 552.0 669.0 
2 3 0.84 0.84 157.0 18.0 157.0 673.0 24.0 673.0 709.0 490.0 709.0 
2 4 1.31 1.31 157.0 18.0 157.0 673.0 24.0 673.0 709.0 490.0 709.0 391.0 186.0 391.0 
2 5 1.53 1.53 157.0 18.0 157.0 673.0 24.0 673.0 709.0 490.0 709.0 391.0 186.0 391.0 719.0 155.0 719.0 
2 3 1.48 1.48 874.0 331.0 874.0 105.0 67.0 105.0 884.0 410.0 884.0 
2 4 1.51 1.51 874.0 331.0 874.0 105.0 67.0 105.0 884.0 410.0 884.0 632.0 21.0 632.0 
2 3 1.3 1.3 756.0 159.0 756.0 597.0 264.0 597.0 224.0 147.0 224.0 
2 4 1.42 1.42 756.0 159.0 756.0 597.0 264.0 597.0 224.0 147.0 224.0 897.0 101.0 897.0 
2 3 0.42 0.42 325.0 2.0 325.0 731.0 298.0 731.0 454.0 5.0 454.0 
2 4 0.47 0.47 325.0 2.0 325.0 731.0 298.0 731.0 454.0 5.0 454.0 983.0 48.0 983.0 
2 5 0.84 0.84 325.0 2.0 325.0 731.0 298.0 731.0 454.0 5.0 454.0 983.0 48.0 983.0 852.0 319.0 852.0 
2 6 1.23 1.23 325.0 2.0 325.0 731.0 298.0 731.0 454.0 5.0 454.0 983.0 48.0 983.0 852.0 319.0 852.0 31.0 12.0 31.0 
2 7 1.34 1.34 325.0 2.0 325.0 731.0 298.0 731.0 454.0 5.0 454.0 983.0 48.0 983.0 852.0 319.0 852.0 31.0 12.0 31.0 872.0 96.0 872.0 
2 8 1.59 1.59 325.0 2.0 325.0 731.0 298.0 731.0 454.0 5.0 454.0 983.0 48.0 983.0 852.0 319.0 852.0 31.0 12.0 31.0 872.0 96.0 872.0 416.0 102.0 416.0 
2 3 1.65 1.65 382.0 353.0 382.0 3.0 2.0 3.0 236.0 14.0 236.0 
2 4 1.85 1.85 382.0 353.0 382.0 3.0 2.0 3.0 236.0 14.0 236.0 899.0 187.0 899.0 
2 5 1.97 1.97 382.0 353.0 382.0 3.0 2.0 3.0 236.0 14.0 236.0 899.0 187.0 899.0 389.0 46.0 389.0 
2 3 0.6 0.6 569.0 158.0 569.0 472.0 104.0 472.0 725.0 75.0 725.0 
2 4 1.6 1.6 569.0 158.0 569.0 472.0 104.0 472.0 725.0 75.0 725.0 2.0 2.0 2.0 
2 5 1.63 1.63 569.0 158.0 569.0 472.0 104.0 472.0 725.0 75.0 725.0 2.0 2.0 2.0 325.0 12.0 325.0 
2 6 1.74 1.74 569.0 158.0 569.0 472.0 104.0 472.0 725.0 75.0 725.0 2.0 2.0 2.0 325.0 12.0 325.0 787.0 82.0 787.0 
2 7 1.96 1.96 569.0 158.0 569.0 472.0 104.0 472.0 725.0 75.0 725.0 2.0 2.0 2.0 325.0 12.0 325.0 787.0 82.0 787.0 31.0 7.0 31.0 
2 3 0.98 0.98 103.0 12.0 103.0 628.0 82.0 628.0 80.0 59.0 80.0 
2 4 1.04 1.04 103.0 12.0 103.0 628.0 82.0 628.0 80.0 59.0 80.0 191.0 11.0 191.0 
2 5 1.04 1.04 103.0 12.0 103.0 628.0 82.0 628.0 80.0 59.0 80.0 191.0 11.0 191.0 130.0 1.0 130.0 
2 6 1.95 1.95 103.0 12.0 103.0 628.0 82.0 628.0 80.0 59.0 80.0 191.0 11.0 191.0 130.0 1.0 130.0 429.0 390.0 429.0 
2 3 1.12 1.12 378.0 130.0 378.0 493.0 16.0 493.0 664.0 494.0 664.0 
2 4 1.84 1.84 378.0 130.0 378.0 493.0 16.0 493.0 664.0 494.0 664.0 802.0 585.0 802.0 
2 3 1.49 1.49 503.0 202.0 503.0 609.0 605.0 609.0 970.0 94.0 970.0 
2 4 1.67 1.67 503.0 202.0 503.0 609.0 605.0 609.0 970.0 94.0 970.0 748.0 135.0 748.0 
2 5 1.7 1.7 503.0 202.0 503.0 609.0 605.0 609.0 970.0 94.0 970.0 748.0 135.0 748.0 175.0 5.0 175.0 
2 3 0.49 0.49 376.0 16.0 376.0 939.0 307.0 939.0 8.0 1.0 8.0 
2 4 1.06 1.06 376.0 16.0 376.0 939.0 307.0 939.0 8.0 1.0 8.0 692.0 394.0 692.0 
2 5 1.81 1.81 376.0 16.0 376.0 939.0 307.0 939.0 8.0 1.0 8.0 692.0 394.0 692.0 40.0 30.0 40.0 
2 3 0.6 0.6 915.0 367.0 915.0 715.0 52.0 715.0 30.0 4.0 30.0 
2 4 0.82 0.82 915.0 367.0 915.0 715.0 52.0 715.0 30.0 4.0 30.0 725.0 157.0 725.0 
2 5 1.77 1.77 915.0 367.0 915.0 715.0 52.0 715.0 30.0 4.0 30.0 725.0 157.0 725.0 875.0 830.0 875.0 
2 3 1.18 1.18 271.0 17.0 271.0 248.0 180.0 248.0 416.0 165.0 416.0 
2 4 1.47 1.47 271.0 17.0 271.0 248.0 180.0 248.0 416.0 165.0 416.0 712.0 204.0 712.0 
2 5 1.69 1.69 271.0 17.0 271.0 248.0 180.0 248.0 416.0 165.0 416.0 712.0 204.0 712.0 936.0 208.0 936.0 
2 3 0.29 0.29 895.0 47.0 895.0 531.0 41.0 531.0 525.0 88.0 525.0 
2 4 0.38 0.38 895.0 47.0 895.0 531.0 41.0 531.0 525.0 88.0 525.0 468.0 42.0 468.0 
2 5 0.74 0.74 895.0 47.0 895.0 531.0 41.0 531.0 525.0 88.0 525.0 468.0 42.0 468.0 114.0 41.0 114.0 
2 6 0.92 0.92 895.0 47.0 895.0 531.0 41.0 531.0 525.0 88.0 525.0 468.0 42.0 468.0 114.0 41.0 114.0 788.0 140.0 788.0 
2 7 1.89 1.89 895.0 47.0 895.0 531.0 41.0 531.0 525.0 88.0 525.0 468.0 42.0 468.0 114.0 41.0 114.0 788.0 140.0 788.0 227.0 221.0 227.0 
2 3 1.36 1.36 365.0 155.0 365.0 113.0 56.0 113.0 716.0 318.0 716.0 
2 4 1.74 1.74 365.0 155.0 365.0 113.0 56.0 113.0 716.0 318.0 716.0 762.0 291.0 762.0 
2 3 1.21 1.21 251.0 32.0 251.0 106.0 27.0 106.0 827.0 688.0 827.0 
2 4 1.24 1.24 251.0 32.0 251.0 106.0 27.0 106.0 827.0 688.0 827.0 598.0 19.0 598.0 
2 5 1.26 1.26 251.0 32.0 251.0 106.0 27.0 106.0 827.0 688.0 827.0 598.0 19.0 598.0 277.0 5.0 277.0 
2 6 1.47 1.47 251.0 32.0 251.0 106.0 27.0 106.0 827.0 688.0 827.0 598.0 19.0 598.0 277.0 5.0 277.0 214.0 45.0 214.0 
2 7 1.49 1.49 251.0 32.0 251.0 106.0 27.0 106.0 827.0 688.0 827.0 598.0 19.0 598.0 277.0 5.0 277.0 214.0 45.0 214.0 480.0 9.0 480.0 
2 3 1.46 1.46 247.0 9.0 247.0 795.0 715.0 795.0 655.0 345.0 655.0 
2 4 1.61 1.61 247.0 9.0 247.0 795.0 715.0 795.0 655.0 345.0 655.0 747.0 114.0 747.0 
2 5 1.99 1.99 247.0 9.0 247.0 795.0 715.0 795.0 655.0 345.0 655.0 747.0 114.0 747.0 114.0 43.0 114.0 
2 3 1.69 1.69 253.0 168.0 253.0 427.0 276.0 427.0 943.0 367.0 943.0 
2 3 1.09 1.09 511.0 3.0 511.0 531.0 254.0 531.0 934.0 571.0 934.0 
2 4 1.18 1.18 511.0 3.0 511.0 531.0 254.0 531.0 934.0 571.0 934.0 855.0 77.0 855.0 
2 5 1.66 1.66 511.0 3.0 511.0 531.0 254.0 531.0 934.0 571.0 934.0 855.0 77.0 855.0 145.0 69.0 145.0 
2 6 1.79 1.79 511.0 3.0 511.0 531.0 254.0 531.0 934.0 571.0 934.0 855.0 77.0 855.0 145.0 69.0 145.0 501.0 68.0 501.0 
2 3 1.39 1.39 777.0 271.0 777.0 231.0 118.0 231.0 117.0 63.0 117.0 
2 4 1.8 1.8 777.0 271.0 777.0 231.0 118.0 231.0 117.0 63.0 117.0 785.0 317.0 785.0 
2 5 1.9 1.9 777.0 271.0 777.0 231.0 118.0 231.0 117.0 63.0 117.0 785.0 317.0 785.0 628.0 66.0 628.0 
2 3 1.41 1.41 222.0 213.0 222.0 169.0 59.0 169.0 529.0 56.0 529.0 
2 4 1.51 1.51 222.0 213.0 222.0 169.0 59.0 169.0 529.0 56.0 529.0 381.0 38.0 381.0 
2 5 1.99 1.99 222.0 213.0 222.0 169.0 59.0 169.0 529.0 56.0 529.0 381.0 38.0 381.0 746.0 359.0 746.0 
2 3 1.42 1.42 575.0 421.0 575.0 267.0 154.0 267.0 751.0 88.0 751.0 
2 4 1.46 1.46 575.0 421.0 575.0 267.0 154.0 267.0 751.0 88.0 751.0 876.0 37.0 876.0 
2 5 1.57 1.57 575.0 421.0 575.0 267.0 154.0 267.0 751.0 88.0 751.0 876.0 37.0 876.0 663.0 72.0 663.0 
2 3 0.8 0.8 713.0 308.0 713.0 907.0 335.0 907.0 820.0 5.0 820.0 
2 4 1.24 1.24 713.0 308.0 713.0 907.0 335.0 907.0 820.0 5.0 820.0 515.0 226.0 515.0 
2 5 1.52 1.52 713.0 308.0 713.0 907.0 335.0 907.0 820.0 5.0 820.0 515.0 226.0 515.0 657.0 184.0 657.0 
2 6 1.87 1.87 713.0 308.0 713.0 907.0 335.0 907.0 820.0 5.0 820.0 515.0 226.0 515.0 657.0 184.0 657.0 932.0 326.0 932.0 
2 3 0.95 0.95 691.0 157.0 691.0 158.0 49.0 158.0 667.0 279.0 667.0 
2 4 1.31 1.31 691.0 157.0 691.0 158.0 49.0 158.0 667.0 279.0 667.0 822.0 296.0 822.0 
2 3 1.24 1.24 861.0 359.0 861.0 36.0 21.0 36.0 868.0 210.0 868.0 
2 4 1.29 1.29 861.0 359.0 861.0 36.0 21.0 36.0 868.0 210.0 868.0 414.0 20.0 414.0 
2 5 1.47 1.47 861.0 359.0 861.0 36.0 21.0 36.0 868.0 210.0 868.0 414.0 20.0 414.0 870.0 163.0 870.0 
2 3 1.61 1.61 381.0 201.0 381.0 444.0 215.0 444.0 302.0 183.0 302.0 
2 4 1.82 1.82 381.0 201.0 381.0 444.0 215.0 444.0 302.0 183.0 302.0 573.0 119.0 573.0 
2 3 0.64 0.64 983.0 157.0 983.0 985.0 14.0 985.0 820.0 390.0 820.0 
2 4 1.14 1.14 983.0 157.0 983.0 985.0 14.0 985.0 820.0 390.0 820.0 364.0 182.0 364.0 
2 5 1.32 1.32 983.0 157.0 983.0 985.0 14.0 985.0 820.0 390.0 820.0 364.0 182.0 364.0 854.0 153.0 854.0 
2 3 1.76 1.76 155.0 67.0 155.0 548.0 318.0 548.0 338.0 255.0 338.0 
2 3 1.55 1.55 557.0 403.0 557.0 281.0 167.0 281.0 266.0 62.0 266.0 
2 4 1.67 1.67 557.0 403.0 557.0 281.0 167.0 281.0 266.0 62.0 266.0 894.0 114.0 894.0 
2 3 1.03 1.03 975.0 357.0 975.0 288.0 32.0 288.0 582.0 322.0 582.0 
2 4 1.27 1.27 975.0 357.0 975.0 288.0 32.0 288.0 582.0 322.0 582.0 833.0 200.0 833.0 
2 5 1.49 1.49 975.0 357.0 975.0 288.0 32.0 288.0 582.0 322.0 582.0 833.0 200.0 833.0 996.0 224.0 996.0 
2 6 1.55 1.55 975.0 357.0 975.0 288.0 32.0 288.0 582.0 322.0 582.0 833.0 200.0 833.0 996.0 224.0 996.0 478.0 27.0 478.0 
2 7 1.83 1.83 975.0 357.0 975.0 288.0 32.0 288.0 582.0 322.0 582.0 833.0 200.0 833.0 996.0 224.0 996.0 478.0 27.0 478.0 581.0 163.0 581.0 
2 3 0.49 0.49 512.0 127.0 512.0 892.0 118.0 892.0 348.0 40.0 348.0 
2 4 0.87 0.87 512.0 127.0 512.0 892.0 118.0 892.0 348.0 40.0 348.0 130.0 49.0 130.0 
2 5 1.19 1.19 512.0 127.0 512.0 892.0 118.0 892.0 348.0 40.0 348.0 130.0 49.0 130.0 784.0 252.0 784.0 
2 6 1.2 1.2 512.0 127.0 512.0 892.0 118.0 892.0 348.0 40.0 348.0 130.0 49.0 130.0 784.0 252.0 784.0 397.0 5.0 397.0 
2 3 0.15 0.15 728.0 4.0 728.0 842.0 44.0 842.0 730.0 72.0 730.0 
2 4 0.31 0.31 728.0 4.0 728.0 842.0 44.0 842.0 730.0 72.0 730.0 104.0 16.0 104.0 
2 5 0.32 0.32 728.0 4.0 728.0 842.0 44.0 842.0 730.0 72.0 730.0 104.0 16.0 104.0 905.0 11.0 905.0 
2 6 0.61 0.61 728.0 4.0 728.0 842.0 44.0 842.0 730.0 72.0 730.0 104.0 16.0 104.0 905.0 11.0 905.0 276.0 82.0 276.0 
2 7 0.77 0.77 728.0 4.0 728.0 842.0 44.0 842.0 730.0 72.0 730.0 104.0 16.0 104.0 905.0 11.0 905.0 276.0 82.0 276.0 960.0 151.0 960.0 
2 8 1.07 1.07 728.0 4.0 728.0 842.0 44.0 842.0 730.0 72.0 730.0 104.0 16.0 104.0 905.0 11.0 905.0 276.0 82.0 276.0 960.0 151.0 960.0 671.0 197.0 671.0 
2 9 1.67 1.67 728.0 4.0 728.0 842.0 44.0 842.0 730.0 72.0 730.0 104.0 16.0 104.0 905.0 11.0 905.0 276.0 82.0 276.0 960.0 151.0 960.0 671.0 197.0 671.0 805.0 483.0 805.0 
2 3 0.85 0.85 247.0 13.0 247.0 287.0 82.0 287.0 244.0 126.0 244.0 
2 4 0.87 0.87 247.0 13.0 247.0 287.0 82.0 287.0 244.0 126.0 244.0 244.0 5.0 244.0 
2 5 1.36 1.36 247.0 13.0 247.0 287.0 82.0 287.0 244.0 126.0 244.0 244.0 5.0 244.0 277.0 137.0 277.0 
2 3 1.44 1.44 910.0 177.0 910.0 396.0 248.0 396.0 24.0 15.0 24.0 
2 4 1.63 1.63 910.0 177.0 910.0 396.0 248.0 396.0 24.0 15.0 24.0 943.0 179.0 943.0 
2 5 1.7 1.7 910.0 177.0 910.0 396.0 248.0 396.0 24.0 15.0 24.0 943.0 179.0 943.0 680.0 45.0 680.0 
2 6 1.87 1.87 910.0 177.0 910.0 396.0 248.0 396.0 24.0 15.0 24.0 943.0 179.0 943.0 680.0 45.0 680.0 920.0 163.0 920.0 
2 7 1.88 1.88 910.0 177.0 910.0 396.0 248.0 396.0 24.0 15.0 24.0 943.0 179.0 943.0 680.0 45.0 680.0 920.0 163.0 920.0 738.0 1.0 738.0 
2 3 1.41 1.41 170.0 109.0 170.0 86.0 29.0 86.0 857.0 374.0 857.0 
2 3 1.09 1.09 836.0 203.0 836.0 64.0 31.0 64.0 742.0 276.0 742.0 
2 4 1.37 1.37 836.0 203.0 836.0 64.0 31.0 64.0 742.0 276.0 742.0 312.0 86.0 312.0 
2 5 1.4 1.4 836.0 203.0 836.0 64.0 31.0 64.0 742.0 276.0 742.0 312.0 86.0 312.0 790.0 21.0 790.0 
2 6 1.93 1.93 836.0 203.0 836.0 64.0 31.0 64.0 742.0 276.0 742.0 312.0 86.0 312.0 790.0 21.0 790.0 342.0 184.0 342.0 
2 3 0.82 0.82 785.0 22.0 785.0 483.0 255.0 483.0 395.0 105.0 395.0 
2 4 0.97 0.97 785.0 22.0 785.0 483.0 255.0 483.0 395.0 105.0 395.0 687.0 106.0 687.0 
2 5 1.28 1.28 785.0 22.0 785.0 483.0 255.0 483.0 395.0 105.0 395.0 687.0 106.0 687.0 598.0 186.0 598.0 
2 6 1.84 1.84 785.0 22.0 785.0 483.0 255.0 483.0 395.0 105.0 395.0 687.0 106.0 687.0 598.0 186.0 598.0 478.0 266.0 478.0 
2 7 1.91 1.91 785.0 22.0 785.0 483.0 255.0 483.0 395.0 105.0 395.0 687.0 106.0 687.0 598.0 186.0 598.0 478.0 266.0 478.0 105.0 7.0 105.0 
2 3 0.17 0.17 651.0 21.0 651.0 59.0 8.0 59.0 971.0 6.0 971.0 
2 4 0.48 0.48 651.0 21.0 651.0 59.0 8.0 59.0 971.0 6.0 971.0 346.0 108.0 346.0 
2 5 0.56 0.56 651.0 21.0 651.0 59.0 8.0 59.0 971.0 6.0 971.0 346.0 108.0 346.0 157.0 13.0 157.0 
2 6 0.6 0.6 651.0 21.0 651.0 59.0 8.0 59.0 971.0 6.0 971.0 346.0 108.0 346.0 157.0 13.0 157.0 179.0 7.0 179.0 
2 7 0.97 0.97 651.0 21.0 651.0 59.0 8.0 59.0 971.0 6.0 971.0 346.0 108.0 346.0 157.0 13.0 157.0 179.0 7.0 179.0 563.0 209.0 563.0 
2 8 1.01 1.01 651.0 21.0 651.0 59.0 8.0 59.0 971.0 6.0 971.0 346.0 108.0 346.0 157.0 13.0 157.0 179.0 7.0 179.0 563.0 209.0 563.0 655.0 24.0 655.0 
2 9 1.88 1.88 651.0 21.0 651.0 59.0 8.0 59.0 971.0 6.0 971.0 346.0 108.0 346.0 157.0 13.0 157.0 179.0 7.0 179.0 563.0 209.0 563.0 655.0 24.0 655.0 482.0 419.0 482.0 
2 3 1.3 1.3 139.0 35.0 139.0 668.0 434.0 668.0 977.0 397.0 977.0 
2 4 1.38 1.38 139.0 35.0 139.0 668.0 434.0 668.0 977.0 397.0 977.0 311.0 23.0 311.0 
2 3 0.93 0.93 963.0 764.0 963.0 882.0 9.0 882.0 994.0 135.0 994.0 
2 4 1.3 1.3 963.0 764.0 963.0 882.0 9.0 882.0 994.0 135.0 994.0 481.0 175.0 481.0 
2 5 1.54 1.54 963.0 764.0 963.0 882.0 9.0 882.0 994.0 135.0 994.0 481.0 175.0 481.0 91.0 22.0 91.0 
2 6 1.57 1.57 963.0 764.0 963.0 882.0 9.0 882.0 994.0 135.0 994.0 481.0 175.0 481.0 91.0 22.0 91.0 431.0 14.0 431.0 
2 7 1.91 1.91 963.0 764.0 963.0 882.0 9.0 882.0 994.0 135.0 994.0 481.0 175.0 481.0 91.0 22.0 91.0 431.0 14.0 431.0 832.0 279.0 832.0 
2 3 0.22 0.22 297.0 6.0 297.0 978.0 73.0 978.0 780.0 103.0 780.0 
2 4 0.9 0.9 297.0 6.0 297.0 978.0 73.0 978.0 780.0 103.0 780.0 867.0 584.0 867.0 
2 5 1.0 1.0 297.0 6.0 297.0 978.0 73.0 978.0 780.0 103.0 780.0 867.0 584.0 867.0 650.0 65.0 650.0 
2 6 1.34 1.34 297.0 6.0 297.0 978.0 73.0 978.0 780.0 103.0 780.0 867.0 584.0 867.0 650.0 65.0 650.0 882.0 303.0 882.0 
2 7 1.45 1.45 297.0 6.0 297.0 978.0 73.0 978.0 780.0 103.0 780.0 867.0 584.0 867.0 650.0 65.0 650.0 882.0 303.0 882.0 720.0 82.0 720.0 
2 8 1.8 1.8 297.0 6.0 297.0 978.0 73.0 978.0 780.0 103.0 780.0 867.0 584.0 867.0 650.0 65.0 650.0 882.0 303.0 882.0 720.0 82.0 720.0 752.0 258.0 752.0 
2 9 1.8 1.8 297.0 6.0 297.0 978.0 73.0 978.0 780.0 103.0 780.0 867.0 584.0 867.0 650.0 65.0 650.0 882.0 303.0 882.0 720.0 82.0 720.0 752.0 258.0 752.0 858.0 2.0 858.0 
2 3 1.53 1.53 463.0 185.0 463.0 970.0 651.0 970.0 153.0 71.0 153.0 
2 4 1.72 1.72 463.0 185.0 463.0 970.0 651.0 970.0 153.0 71.0 153.0 448.0 83.0 448.0 
2 5 1.78 1.78 463.0 185.0 463.0 970.0 651.0 970.0 153.0 71.0 153.0 448.0 83.0 448.0 32.0 2.0 32.0 
2 6 1.81 1.81 463.0 185.0 463.0 970.0 651.0 970.0 153.0 71.0 153.0 448.0 83.0 448.0 32.0 2.0 32.0 283.0 8.0 283.0 
2 7 1.95 1.95 463.0 185.0 463.0 970.0 651.0 970.0 153.0 71.0 153.0 448.0 83.0 448.0 32.0 2.0 32.0 283.0 8.0 283.0 275.0 39.0 275.0 
2 8 1.96 1.96 463.0 185.0 463.0 970.0 651.0 970.0 153.0 71.0 153.0 448.0 83.0 448.0 32.0 2.0 32.0 283.0 8.0 283.0 275.0 39.0 275.0 924.0 14.0 924.0 
2 3 1.05 1.05 888.0 44.0 888.0 231.0 112.0 231.0 496.0 257.0 496.0 
2 4 1.31 1.31 888.0 44.0 888.0 231.0 112.0 231.0 496.0 257.0 496.0 519.0 135.0 519.0 
2 3 1.56 1.56 424.0 300.0 424.0 861.0 421.0 861.0 242.0 88.0 242.0 
2 3 0.73 0.73 447.0 5.0 447.0 914.0 490.0 914.0 787.0 149.0 787.0 
2 4 1.41 1.41 447.0 5.0 447.0 914.0 490.0 914.0 787.0 149.0 787.0 508.0 346.0 508.0 
2 5 1.43 1.43 447.0 5.0 447.0 914.0 490.0 914.0 787.0 149.0 787.0 508.0 346.0 508.0 553.0 7.0 553.0 
2 3 0.54 0.54 531.0 93.0 531.0 795.0 250.0 795.0 670.0 36.0 670.0 
2 4 0.57 0.57 531.0 93.0 531.0 795.0 250.0 795.0 670.0 36.0 670.0 791.0 26.0 791.0 
2 5 0.79 0.79 531.0 93.0 531.0 795.0 250.0 795.0 670.0 36.0 670.0 791.0 26.0 791.0 527.0 116.0 527.0 
2 6 1.31 1.31 531.0 93.0 531.0 795.0 250.0 795.0 670.0 36.0 670.0 791.0 26.0 791.0 527.0 116.0 527.0 910.0 468.0 910.0 
2 7 1.48 1.48 531.0 93.0 531.0 795.0 250.0 795.0 670.0 36.0 670.0 791.0 26.0 791.0 527.0 116.0 527.0 910.0 468.0 910.0 804.0 144.0 804.0 
2 3 1.34 1.34 548.0 448.0 548.0 866.0 384.0 866.0 320.0 28.0 320.0 
2 4 1.95 1.95 548.0 448.0 548.0 866.0 384.0 866.0 320.0 28.0 320.0 43.0 26.0 43.0 
2 3 1.52 1.52 11.0 8.0 11.0 940.0 216.0 940.0 321.0 181.0 321.0 
2 3 1.38 1.38 299.0 41.0 299.0 665.0 608.0 665.0 270.0 91.0 270.0 
2 4 1.78 1.78 299.0 41.0 299.0 665.0 608.0 665.0 270.0 91.0 270.0 947.0 375.0 947.0 
2 5 1.93 1.93 299.0 41.0 299.0 665.0 608.0 665.0 270.0 91.0 270.0 947.0 375.0 947.0 375.0 57.0 375.0 
2 3 0.35 0.35 89.0 16.0 89.0 51.0 4.0 51.0 326.0 32.0 326.0 
2 4 0.37 0.37 89.0 16.0 89.0 51.0 4.0 51.0 326.0 32.0 326.0 584.0 10.0 584.0 
2 5 1.16 1.16 89.0 16.0 89.0 51.0 4.0 51.0 326.0 32.0 326.0 584.0 10.0 584.0 763.0 601.0 763.0 
2 6 1.7 1.7 89.0 16.0 89.0 51.0 4.0 51.0 326.0 32.0 326.0 584.0 10.0 584.0 763.0 601.0 763.0 574.0 313.0 574.0 
2 3 1.11 1.11 795.0 308.0 795.0 413.0 260.0 413.0 346.0 34.0 346.0 
2 4 1.12 1.12 795.0 308.0 795.0 413.0 260.0 413.0 346.0 34.0 346.0 372.0 5.0 372.0 
2 5 1.41 1.41 795.0 308.0 795.0 413.0 260.0 413.0 346.0 34.0 346.0 372.0 5.0 372.0 67.0 19.0 67.0 
2 6 1.47 1.47 795.0 308.0 795.0 413.0 260.0 413.0 346.0 34.0 346.0 372.0 5.0 372.0 67.0 19.0 67.0 499.0 33.0 499.0 
2 7 1.61 1.61 795.0 308.0 795.0 413.0 260.0 413.0 346.0 34.0 346.0 372.0 5.0 372.0 67.0 19.0 67.0 499.0 33.0 499.0 95.0 13.0 95.0 
2 3 0.68 0.68 586.0 101.0 586.0 601.0 72.0 601.0 53.0 21.0 53.0 
2 4 1.37 1.37 586.0 101.0 586.0 601.0 72.0 601.0 53.0 21.0 53.0 141.0 97.0 141.0 
2 3 0.6 0.6 607.0 136.0 607.0 907.0 270.0 907.0 100.0 8.0 100.0 
2 4 0.91 0.91 607.0 136.0 607.0 907.0 270.0 907.0 100.0 8.0 100.0 955.0 298.0 955.0 
2 5 1.53 1.53 607.0 136.0 607.0 907.0 270.0 907.0 100.0 8.0 100.0 955.0 298.0 955.0 924.0 574.0 924.0 
2 6 1.72 1.72 607.0 136.0 607.0 907.0 270.0 907.0 100.0 8.0 100.0 955.0 298.0 955.0 924.0 574.0 924.0 639.0 120.0 639.0 
2 7 1.75 1.75 607.0 136.0 607.0 907.0 270.0 907.0 100.0 8.0 100.0 955.0 298.0 955.0 924.0 574.0 924.0 639.0 120.0 639.0 906.0 31.0 906.0 
2 3 0.78 0.78 793.0 323.0 793.0 252.0 15.0 252.0 609.0 193.0 609.0 
2 4 1.32 1.32 793.0 323.0 793.0 252.0 15.0 252.0 609.0 193.0 609.0 106.0 57.0 106.0 
2 5 1.64 1.64 793.0 323.0 793.0 252.0 15.0 252.0 609.0 193.0 609.0 106.0 57.0 106.0 658.0 211.0 658.0 
2 3 0.95 0.95 862.0 132.0 862.0 864.0 48.0 864.0 749.0 562.0 749.0 
2 4 0.96 0.96 862.0 132.0 862.0 864.0 48.0 864.0 749.0 562.0 749.0 954.0 6.0 954.0 
2 5 1.76 1.76 862.0 132.0 862.0 864.0 48.0 864.0 749.0 562.0 749.0 954.0 6.0 954.0 734.0 584.0 734.0 
2 3 1.83 1.83 429.0 156.0 429.0 623.0 612.0 623.0 69.0 34.0 69.0 
2 3 0.5 0.5 377.0 39.0 377.0 113.0 37.0 113.0 483.0 35.0 483.0 
2 4 1.33 1.33 377.0 39.0 377.0 113.0 37.0 113.0 483.0 35.0 483.0 477.0 396.0 477.0 
2 5 1.4 1.4 377.0 39.0 377.0 113.0 37.0 113.0 483.0 35.0 483.0 477.0 396.0 477.0 285.0 21.0 285.0 
2 3 1.06 1.06 796.0 259.0 796.0 15.0 2.0 15.0 865.0 522.0 865.0 
2 4 1.36 1.36 796.0 259.0 796.0 15.0 2.0 15.0 865.0 522.0 865.0 935.0 287.0 935.0 
2 5 1.71 1.71 796.0 259.0 796.0 15.0 2.0 15.0 865.0 522.0 865.0 935.0 287.0 935.0 242.0 84.0 242.0 
2 3 1.44 1.44 347.0 307.0 347.0 753.0 34.0 753.0 500.0 258.0 500.0 
2 4 1.92 1.92 347.0 307.0 347.0 753.0 34.0 753.0 500.0 258.0 500.0 21.0 10.0 21.0 
2 3 1.34 1.34 784.0 465.0 784.0 629.0 4.0 629.0 36.0 27.0 36.0 
2 4 1.47 1.47 784.0 465.0 784.0 629.0 4.0 629.0 36.0 27.0 36.0 981.0 119.0 981.0 
2 5 1.73 1.73 784.0 465.0 784.0 629.0 4.0 629.0 36.0 27.0 36.0 981.0 119.0 981.0 885.0 238.0 885.0 
2 6 1.87 1.87 784.0 465.0 784.0 629.0 4.0 629.0 36.0 27.0 36.0 981.0 119.0 981.0 885.0 238.0 885.0 712.0 95.0 712.0 
2 3 1.69 1.69 66.0 58.0 66.0 71.0 50.0 71.0 934.0 103.0 934.0 
2 3 1.91 1.91 410.0 309.0 410.0 836.0 661.0 836.0 65.0 24.0 65.0 
2 3 1.08 1.08 100.0 11.0 100.0 498.0 151.0 498.0 820.0 554.0 820.0 
2 4 1.79 1.79 100.0 11.0 100.0 498.0 151.0 498.0 820.0 554.0 820.0 524.0 369.0 524.0 
2 5 1.79 1.79 100.0 11.0 100.0 498.0 151.0 498.0 820.0 554.0 820.0 524.0 369.0 524.0 673.0 2.0 673.0 
2 3 1.55 1.55 832.0 371.0 832.0 331.0 169.0 331.0 129.0 77.0 129.0 
2 4 1.55 1.55 832.0 371.0 832.0 331.0 169.0 331.0 129.0 77.0 129.0 787.0 5.0 787.0 
2 5 1.66 1.66 832.0 371.0 832.0 331.0 169.0 331.0 129.0 77.0 129.0 787.0 5.0 787.0 171.0 18.0 171.0 
2 6 1.9 1.9 832.0 371.0 832.0 331.0 169.0 331.0 129.0 77.0 129.0 787.0 5.0 787.0 171.0 18.0 171.0 426.0 104.0 426.0 
2 3 1.11 1.11 967.0 858.0 967.0 932.0 119.0 932.0 511.0 52.0 511.0 
2 4 1.69 1.69 967.0 858.0 967.0 932.0 119.0 932.0 511.0 52.0 511.0 597.0 344.0 597.0 
2 3 0.81 0.81 130.0 70.0 130.0 100.0 3.0 100.0 125.0 31.0 125.0 
2 4 0.85 0.85 130.0 70.0 130.0 100.0 3.0 100.0 125.0 31.0 125.0 796.0 30.0 796.0 
2 5 0.97 0.97 130.0 70.0 130.0 100.0 3.0 100.0 125.0 31.0 125.0 796.0 30.0 796.0 160.0 20.0 160.0 
2 6 1.44 1.44 130.0 70.0 130.0 100.0 3.0 100.0 125.0 31.0 125.0 796.0 30.0 796.0 160.0 20.0 160.0 652.0 301.0 652.0 
2 7 1.79 1.79 130.0 70.0 130.0 100.0 3.0 100.0 125.0 31.0 125.0 796.0 30.0 796.0 160.0 20.0 160.0 652.0 301.0 652.0 541.0 191.0 541.0 
2 3 1.09 1.09 866.0 272.0 866.0 101.0 30.0 101.0 453.0 218.0 453.0 
2 4 1.16 1.16 866.0 272.0 866.0 101.0 30.0 101.0 453.0 218.0 453.0 393.0 27.0 393.0 
2 5 1.26 1.26 866.0 272.0 866.0 101.0 30.0 101.0 453.0 218.0 453.0 393.0 27.0 393.0 380.0 38.0 380.0 
2 6 1.36 1.36 866.0 272.0 866.0 101.0 30.0 101.0 453.0 218.0 453.0 393.0 27.0 393.0 380.0 38.0 380.0 924.0 99.0 924.0 
2 7 1.37 1.37 866.0 272.0 866.0 101.0 30.0 101.0 453.0 218.0 453.0 393.0 27.0 393.0 380.0 38.0 380.0 924.0 99.0 924.0 137.0 1.0 137.0 
2 3 0.85 0.85 978.0 372.0 978.0 64.0 23.0 64.0 344.0 40.0 344.0 
2 4 0.92 0.92 978.0 372.0 978.0 64.0 23.0 64.0 344.0 40.0 344.0 211.0 15.0 211.0 
2 5 1.66 1.66 978.0 372.0 978.0 64.0 23.0 64.0 344.0 40.0 344.0 211.0 15.0 211.0 547.0 404.0 547.0 
2 6 1.77 1.77 978.0 372.0 978.0 64.0 23.0 64.0 344.0 40.0 344.0 211.0 15.0 211.0 547.0 404.0 547.0 189.0 20.0 189.0 
2 3 1.24 1.24 562.0 181.0 562.0 773.0 505.0 773.0 600.0 160.0 600.0 
2 4 1.64 1.64 562.0 181.0 562.0 773.0 505.0 773.0 600.0 160.0 600.0 803.0 324.0 803.0 
2 3 0.86 0.86 543.0 414.0 543.0 153.0 9.0 153.0 432.0 19.0 432.0 
2 4 1.22 1.22 543.0 414.0 543.0 153.0 9.0 153.0 432.0 19.0 432.0 781.0 284.0 781.0 
2 5 1.41 1.41 543.0 414.0 543.0 153.0 9.0 153.0 432.0 19.0 432.0 781.0 284.0 781.0 292.0 54.0 292.0 
2 3 0.25 0.25 624.0 26.0 624.0 196.0 15.0 196.0 376.0 50.0 376.0 
2 4 0.33 0.33 624.0 26.0 624.0 196.0 15.0 196.0 376.0 50.0 376.0 795.0 64.0 795.0 
2 5 0.53 0.53 624.0 26.0 624.0 196.0 15.0 196.0 376.0 50.0 376.0 795.0 64.0 795.0 855.0 178.0 855.0 
2 6 0.65 0.65 624.0 26.0 624.0 196.0 15.0 196.0 376.0 50.0 376.0 795.0 64.0 795.0 855.0 178.0 855.0 997.0 113.0 997.0 
2 7 1.29 1.29 624.0 26.0 624.0 196.0 15.0 196.0 376.0 50.0 376.0 795.0 64.0 795.0 855.0 178.0 855.0 997.0 113.0 997.0 666.0 430.0 666.0 
2 3 0.53 0.53 244.0 35.0 244.0 876.0 88.0 876.0 358.0 105.0 358.0 
2 4 0.64 0.64 244.0 35.0 244.0 876.0 88.0 876.0 358.0 105.0 358.0 799.0 85.0 799.0 
2 5 0.93 0.93 244.0 35.0 244.0 876.0 88.0 876.0 358.0 105.0 358.0 799.0 85.0 799.0 170.0 50.0 170.0 
2 6 1.14 1.14 244.0 35.0 244.0 876.0 88.0 876.0 358.0 105.0 358.0 799.0 85.0 799.0 170.0 50.0 170.0 59.0 12.0 59.0 
2 3 1.48 1.48 277.0 145.0 277.0 682.0 241.0 682.0 911.0 553.0 911.0 
2 4 1.6 1.6 277.0 145.0 277.0 682.0 241.0 682.0 911.0 553.0 911.0 25.0 3.0 25.0 
2 5 1.68 1.68 277.0 145.0 277.0 682.0 241.0 682.0 911.0 553.0 911.0 25.0 3.0 25.0 648.0 50.0 648.0 
2 3 1.39 1.39 90.0 12.0 90.0 979.0 606.0 979.0 274.0 177.0 274.0 
2 4 1.77 1.77 90.0 12.0 90.0 979.0 606.0 979.0 274.0 177.0 274.0 56.0 21.0 56.0 
2 3 1.3 1.3 444.0 88.0 444.0 5.0 2.0 5.0 759.0 533.0 759.0 
2 4 1.77 1.77 444.0 88.0 444.0 5.0 2.0 5.0 759.0 533.0 759.0 881.0 418.0 881.0 
2 3 1.49 1.49 927.0 827.0 927.0 641.0 15.0 641.0 612.0 357.0 612.0 
2 4 1.6 1.6 927.0 827.0 927.0 641.0 15.0 641.0 612.0 357.0 612.0 286.0 31.0 286.0 
2 3 0.8 0.8 493.0 71.0 493.0 588.0 220.0 588.0 918.0 260.0 918.0 
2 4 1.73 1.73 493.0 71.0 493.0 588.0 220.0 588.0 918.0 260.0 918.0 915.0 851.0 915.0 
2 3 1.44 1.44 817.0 191.0 817.0 245.0 51.0 245.0 6.0 6.0 6.0 
2 4 1.54 1.54 817.0 191.0 817.0 245.0 51.0 245.0 6.0 6.0 6.0 974.0 98.0 974.0 
2 5 1.7 1.7 817.0 191.0 817.0 245.0 51.0 245.0 6.0 6.0 6.0 974.0 98.0 974.0 413.0 68.0 413.0 
2 3 0.51 0.51 356.0 160.0 356.0 948.0 31.0 948.0 365.0 13.0 365.0 
2 4 0.68 0.68 356.0 160.0 356.0 948.0 31.0 948.0 365.0 13.0 365.0 159.0 27.0 159.0 
2 5 1.06 1.06 356.0 160.0 356.0 948.0 31.0 948.0 365.0 13.0 365.0 159.0 27.0 159.0 170.0 64.0 170.0 
2 6 1.25 1.25 356.0 160.0 356.0 948.0 31.0 948.0 365.0 13.0 365.0 159.0 27.0 159.0 170.0 64.0 170.0 152.0 29.0 152.0 
2 7 1.62 1.62 356.0 160.0 356.0 948.0 31.0 948.0 365.0 13.0 365.0 159.0 27.0 159.0 170.0 64.0 170.0 152.0 29.0 152.0 991.0 369.0 991.0 
2 3 0.93 0.93 352.0 211.0 352.0 789.0 1.0 789.0 530.0 179.0 530.0 
2 4 0.94 0.94 352.0 211.0 352.0 789.0 1.0 789.0 530.0 179.0 530.0 424.0 1.0 424.0 
2 5 1.88 1.88 352.0 211.0 352.0 789.0 1.0 789.0 530.0 179.0 530.0 424.0 1.0 424.0 73.0 69.0 73.0 
2 3 1.39 1.39 811.0 531.0 811.0 104.0 49.0 104.0 545.0 145.0 545.0 
2 4 1.47 1.47 811.0 531.0 811.0 104.0 49.0 104.0 545.0 145.0 545.0 194.0 17.0 194.0 
2 3 1.36 1.36 240.0 144.0 240.0 754.0 280.0 754.0 433.0 172.0 433.0 
2 4 1.82 1.82 240.0 144.0 240.0 754.0 280.0 754.0 433.0 172.0 433.0 866.0 393.0 866.0 
2 3 1.68 1.68 810.0 147.0 810.0 408.0 272.0 408.0 955.0 796.0 955.0 
2 3 0.33 0.33 34.0 5.0 34.0 47.0 6.0 47.0 504.0 30.0 504.0 
2 4 0.36 0.36 34.0 5.0 34.0 47.0 6.0 47.0 504.0 30.0 504.0 280.0 9.0 280.0 
2 5 0.64 0.64 34.0 5.0 34.0 47.0 6.0 47.0 504.0 30.0 504.0 280.0 9.0 280.0 898.0 251.0 898.0 
2 6 1.5 1.5 34.0 5.0 34.0 47.0 6.0 47.0 504.0 30.0 504.0 280.0 9.0 280.0 898.0 251.0 898.0 62.0 53.0 62.0 
2 7 1.53 1.53 34.0 5.0 34.0 47.0 6.0 47.0 504.0 30.0 504.0 280.0 9.0 280.0 898.0 251.0 898.0 62.0 53.0 62.0 29.0 1.0 29.0 
2 8 1.63 1.63 34.0 5.0 34.0 47.0 6.0 47.0 504.0 30.0 504.0 280.0 9.0 280.0 898.0 251.0 898.0 62.0 53.0 62.0 29.0 1.0 29.0 438.0 42.0 438.0 
2 9 1.85 1.85 34.0 5.0 34.0 47.0 6.0 47.0 504.0 30.0 504.0 280.0 9.0 280.0 898.0 251.0 898.0 62.0 53.0 62.0 29.0 1.0 29.0 438.0 42.0 438.0 738.0 166.0 738.0 
2 3 1.43 1.43 766.0 126.0 766.0 84.0 75.0 84.0 303.0 115.0 303.0 
2 4 1.96 1.96 766.0 126.0 766.0 84.0 75.0 84.0 303.0 115.0 303.0 494.0 259.0 494.0 
2 3 0.5 0.5 72.0 10.0 72.0 34.0 12.0 34.0 958.0 14.0 958.0 
2 4 0.8 0.8 72.0 10.0 72.0 34.0 12.0 34.0 958.0 14.0 958.0 218.0 66.0 218.0 
2 5 1.02 1.02 72.0 10.0 72.0 34.0 12.0 34.0 958.0 14.0 958.0 218.0 66.0 218.0 339.0 73.0 339.0 
2 6 1.15 1.15 72.0 10.0 72.0 34.0 12.0 34.0 958.0 14.0 958.0 218.0 66.0 218.0 339.0 73.0 339.0 716.0 90.0 716.0 
2 7 1.19 1.19 72.0 10.0 72.0 34.0 12.0 34.0 958.0 14.0 958.0 218.0 66.0 218.0 339.0 73.0 339.0 716.0 90.0 716.0 381.0 17.0 381.0 
2 8 1.21 1.21 72.0 10.0 72.0 34.0 12.0 34.0 958.0 14.0 958.0 218.0 66.0 218.0 339.0 73.0 339.0 716.0 90.0 716.0 381.0 17.0 381.0 126.0 3.0 126.0 
2 9 1.66 1.66 72.0 10.0 72.0 34.0 12.0 34.0 958.0 14.0 958.0 218.0 66.0 218.0 339.0 73.0 339.0 716.0 90.0 716.0 381.0 17.0 381.0 126.0 3.0 126.0 244.0 110.0 244.0 
2 3 0.68 0.68 711.0 67.0 711.0 793.0 38.0 793.0 121.0 66.0 121.0 
2 4 0.87 0.87 711.0 67.0 711.0 793.0 38.0 793.0 121.0 66.0 121.0 240.0 46.0 240.0 
2 5 1.4 1.4 711.0 67.0 711.0 793.0 38.0 793.0 121.0 66.0 121.0 240.0 46.0 240.0 319.0 169.0 319.0 
2 6 1.77 1.77 711.0 67.0 711.0 793.0 38.0 793.0 121.0 66.0 121.0 240.0 46.0 240.0 319.0 169.0 319.0 365.0 134.0 365.0 
2 3 0.74 0.74 677.0 175.0 677.0 362.0 107.0 362.0 242.0 47.0 242.0 
2 4 1.19 1.19 677.0 175.0 677.0 362.0 107.0 362.0 242.0 47.0 242.0 524.0 233.0 524.0 
2 5 1.86 1.86 677.0 175.0 677.0 362.0 107.0 362.0 242.0 47.0 242.0 524.0 233.0 524.0 229.0 155.0 229.0 
2 3 0.46 0.46 324.0 79.0 324.0 932.0 191.0 932.0 535.0 11.0 535.0 
2 4 0.8 0.8 324.0 79.0 324.0 932.0 191.0 932.0 535.0 11.0 535.0 277.0 93.0 277.0 
2 5 1.06 1.06 324.0 79.0 324.0 932.0 191.0 932.0 535.0 11.0 535.0 277.0 93.0 277.0 617.0 163.0 617.0 
2 6 1.54 1.54 324.0 79.0 324.0 932.0 191.0 932.0 535.0 11.0 535.0 277.0 93.0 277.0 617.0 163.0 617.0 98.0 47.0 98.0 
2 7 1.76 1.76 324.0 79.0 324.0 932.0 191.0 932.0 535.0 11.0 535.0 277.0 93.0 277.0 617.0 163.0 617.0 98.0 47.0 98.0 708.0 153.0 708.0 
2 3 1.6 1.6 338.0 58.0 338.0 249.0 183.0 249.0 83.0 58.0 83.0 
2 4 1.73 1.73 338.0 58.0 338.0 249.0 183.0 249.0 83.0 58.0 83.0 423.0 54.0 423.0 
2 3 1.43 1.43 609.0 257.0 609.0 74.0 47.0 74.0 651.0 248.0 651.0 
2 4 1.61 1.61 609.0 257.0 609.0 74.0 47.0 74.0 651.0 248.0 651.0 991.0 176.0 991.0 
2 3 1.05 1.05 866.0 305.0 866.0 767.0 263.0 767.0 205.0 73.0 205.0 
2 4 1.11 1.11 866.0 305.0 866.0 767.0 263.0 767.0 205.0 73.0 205.0 106.0 7.0 106.0 
2 5 1.68 1.68 866.0 305.0 866.0 767.0 263.0 767.0 205.0 73.0 205.0 106.0 7.0 106.0 955.0 538.0 955.0 
2 3 1.08 1.08 305.0 130.0 305.0 359.0 213.0 359.0 144.0 10.0 144.0 
2 4 1.26 1.26 305.0 130.0 305.0 359.0 213.0 359.0 144.0 10.0 144.0 947.0 166.0 947.0 
2 5 1.36 1.36 305.0 130.0 305.0 359.0 213.0 359.0 144.0 10.0 144.0 947.0 166.0 947.0 186.0 19.0 186.0 
2 6 1.8 1.8 305.0 130.0 305.0 359.0 213.0 359.0 144.0 10.0 144.0 947.0 166.0 947.0 186.0 19.0 186.0 229.0 101.0 229.0 
2 3 0.73 0.73 574.0 99.0 574.0 677.0 266.0 677.0 999.0 165.0 999.0 
2 4 1.44 1.44 574.0 99.0 574.0 677.0 266.0 677.0 999.0 165.0 999.0 223.0 160.0 223.0 
2 3 0.87 0.87 632.0 148.0 632.0 881.0 527.0 881.0 572.0 26.0 572.0 
2 4 1.07 1.07 632.0 148.0 632.0 881.0 527.0 881.0 572.0 26.0 572.0 509.0 102.0 509.0 
2 5 1.57 1.57 632.0 148.0 632.0 881.0 527.0 881.0 572.0 26.0 572.0 509.0 102.0 509.0 151.0 75.0 151.0 
2 6 1.86 1.86 632.0 148.0 632.0 881.0 527.0 881.0 572.0 26.0 572.0 509.0 102.0 509.0 151.0 75.0 151.0 637.0 187.0 637.0 
2 7 1.99 1.99 632.0 148.0 632.0 881.0 527.0 881.0 572.0 26.0 572.0 509.0 102.0 509.0 151.0 75.0 151.0 637.0 187.0 637.0 946.0 120.0 946.0 
2 3 0.71 0.71 22.0 5.0 22.0 827.0 216.0 827.0 713.0 165.0 713.0 
2 4 0.75 0.75 22.0 5.0 22.0 827.0 216.0 827.0 713.0 165.0 713.0 94.0 3.0 94.0 
2 5 1.08 1.08 22.0 5.0 22.0 827.0 216.0 827.0 713.0 165.0 713.0 94.0 3.0 94.0 418.0 139.0 418.0 
2 6 1.3 1.3 22.0 5.0 22.0 827.0 216.0 827.0 713.0 165.0 713.0 94.0 3.0 94.0 418.0 139.0 418.0 117.0 26.0 117.0 
2 7 1.33 1.33 22.0 5.0 22.0 827.0 216.0 827.0 713.0 165.0 713.0 94.0 3.0 94.0 418.0 139.0 418.0 117.0 26.0 117.0 811.0 24.0 811.0 
2 3 1.24 1.24 617.0 590.0 617.0 587.0 140.0 587.0 279.0 13.0 279.0 
2 4 1.82 1.82 617.0 590.0 617.0 587.0 140.0 587.0 279.0 13.0 279.0 548.0 318.0 548.0 
2 5 1.96 1.96 617.0 590.0 617.0 587.0 140.0 587.0 279.0 13.0 279.0 548.0 318.0 548.0 267.0 38.0 267.0 
2 3 1.49 1.49 663.0 526.0 663.0 651.0 414.0 651.0 152.0 10.0 152.0 
2 3 1.29 1.29 365.0 182.0 365.0 392.0 273.0 392.0 494.0 50.0 494.0 
2 4 1.9 1.9 365.0 182.0 365.0 392.0 273.0 392.0 494.0 50.0 494.0 658.0 399.0 658.0 
2 3 1.65 1.65 939.0 715.0 939.0 583.0 29.0 583.0 959.0 807.0 959.0 
2 4 1.82 1.82 939.0 715.0 939.0 583.0 29.0 583.0 959.0 807.0 959.0 208.0 36.0 208.0 
2 3 1.07 1.07 274.0 129.0 274.0 194.0 2.0 194.0 350.0 207.0 350.0 
2 4 1.83 1.83 274.0 129.0 274.0 194.0 2.0 194.0 350.0 207.0 350.0 384.0 294.0 384.0 
2 5 1.94 1.94 274.0 129.0 274.0 194.0 2.0 194.0 350.0 207.0 350.0 384.0 294.0 384.0 836.0 87.0 836.0 
2 3 1.36 1.36 941.0 27.0 941.0 117.0 40.0 117.0 575.0 571.0 575.0 
2 3 0.92 0.92 624.0 457.0 624.0 858.0 159.0 858.0 294.0 3.0 294.0 
2 4 1.55 1.55 624.0 457.0 624.0 858.0 159.0 858.0 294.0 3.0 294.0 443.0 278.0 443.0 
2 5 1.57 1.57 624.0 457.0 624.0 858.0 159.0 858.0 294.0 3.0 294.0 443.0 278.0 443.0 295.0 7.0 295.0 
2 6 1.71 1.71 624.0 457.0 624.0 858.0 159.0 858.0 294.0 3.0 294.0 443.0 278.0 443.0 295.0 7.0 295.0 579.0 79.0 579.0 
2 7 1.82 1.82 624.0 457.0 624.0 858.0 159.0 858.0 294.0 3.0 294.0 443.0 278.0 443.0 295.0 7.0 295.0 579.0 79.0 579.0 766.0 87.0 766.0 
2 8 1.97 1.97 624.0 457.0 624.0 858.0 159.0 858.0 294.0 3.0 294.0 443.0 278.0 443.0 295.0 7.0 295.0 579.0 79.0 579.0 766.0 87.0 766.0 667.0 100.0 667.0 
2 3 1.11 1.11 83.0 30.0 83.0 824.0 543.0 824.0 476.0 44.0 476.0 
2 3 1.23 1.23 992.0 481.0 992.0 620.0 432.0 620.0 820.0 46.0 820.0 
2 4 1.91 1.91 992.0 481.0 992.0 620.0 432.0 620.0 820.0 46.0 820.0 193.0 130.0 193.0 
2 3 1.28 1.28 48.0 17.0 48.0 768.0 84.0 768.0 375.0 309.0 375.0 
2 4 1.29 1.29 48.0 17.0 48.0 768.0 84.0 768.0 375.0 309.0 375.0 439.0 3.0 439.0 
2 5 1.4 1.4 48.0 17.0 48.0 768.0 84.0 768.0 375.0 309.0 375.0 439.0 3.0 439.0 261.0 30.0 261.0 
2 6 1.76 1.76 48.0 17.0 48.0 768.0 84.0 768.0 375.0 309.0 375.0 439.0 3.0 439.0 261.0 30.0 261.0 370.0 131.0 370.0 
2 3 1.1 1.1 723.0 331.0 723.0 537.0 18.0 537.0 232.0 143.0 232.0 
2 4 1.14 1.14 723.0 331.0 723.0 537.0 18.0 537.0 232.0 143.0 232.0 950.0 35.0 950.0 
2 5 1.83 1.83 723.0 331.0 723.0 537.0 18.0 537.0 232.0 143.0 232.0 950.0 35.0 950.0 364.0 250.0 364.0 
2 6 1.97 1.97 723.0 331.0 723.0 537.0 18.0 537.0 232.0 143.0 232.0 950.0 35.0 950.0 364.0 250.0 364.0 491.0 72.0 491.0 
2 3 1.12 1.12 266.0 31.0 266.0 77.0 65.0 77.0 705.0 116.0 705.0 
2 3 1.26 1.26 446.0 250.0 446.0 560.0 113.0 560.0 996.0 499.0 996.0 
2 4 1.4 1.4 446.0 250.0 446.0 560.0 113.0 560.0 996.0 499.0 996.0 238.0 33.0 238.0 
2 3 1.27 1.27 388.0 205.0 388.0 785.0 297.0 785.0 495.0 182.0 495.0 
2 4 1.78 1.78 388.0 205.0 388.0 785.0 297.0 785.0 495.0 182.0 495.0 330.0 170.0 330.0 
2 3 0.43 0.43 683.0 46.0 683.0 447.0 161.0 447.0 126.0 1.0 126.0 
2 4 1.22 1.22 683.0 46.0 683.0 447.0 161.0 447.0 126.0 1.0 126.0 249.0 196.0 249.0 
2 5 1.42 1.42 683.0 46.0 683.0 447.0 161.0 447.0 126.0 1.0 126.0 249.0 196.0 249.0 420.0 86.0 420.0 
2 6 1.82 1.82 683.0 46.0 683.0 447.0 161.0 447.0 126.0 1.0 126.0 249.0 196.0 249.0 420.0 86.0 420.0 989.0 390.0 989.0 
2 3 0.11 0.11 325.0 9.0 325.0 985.0 17.0 985.0 869.0 63.0 869.0 
2 4 0.18 0.18 325.0 9.0 325.0 985.0 17.0 985.0 869.0 63.0 869.0 205.0 13.0 205.0 
2 5 0.36 0.36 325.0 9.0 325.0 985.0 17.0 985.0 869.0 63.0 869.0 205.0 13.0 205.0 11.0 2.0 11.0 
2 6 0.95 0.95 325.0 9.0 325.0 985.0 17.0 985.0 869.0 63.0 869.0 205.0 13.0 205.0 11.0 2.0 11.0 945.0 557.0 945.0 
2 7 1.0 1.0 325.0 9.0 325.0 985.0 17.0 985.0 869.0 63.0 869.0 205.0 13.0 205.0 11.0 2.0 11.0 945.0 557.0 945.0 745.0 42.0 745.0 
2 8 1.38 1.38 325.0 9.0 325.0 985.0 17.0 985.0 869.0 63.0 869.0 205.0 13.0 205.0 11.0 2.0 11.0 945.0 557.0 945.0 745.0 42.0 745.0 335.0 127.0 335.0 
2 9 1.86 1.86 325.0 9.0 325.0 985.0 17.0 985.0 869.0 63.0 869.0 205.0 13.0 205.0 11.0 2.0 11.0 945.0 557.0 945.0 745.0 42.0 745.0 335.0 127.0 335.0 652.0 311.0 652.0 
2 3 0.99 0.99 377.0 64.0 377.0 446.0 20.0 446.0 23.0 18.0 23.0 
2 4 1.07 1.07 377.0 64.0 377.0 446.0 20.0 446.0 23.0 18.0 23.0 243.0 19.0 243.0 
2 5 1.49 1.49 377.0 64.0 377.0 446.0 20.0 446.0 23.0 18.0 23.0 243.0 19.0 243.0 276.0 116.0 276.0 
2 3 0.71 0.71 365.0 179.0 365.0 248.0 45.0 248.0 52.0 2.0 52.0 
2 4 1.04 1.04 365.0 179.0 365.0 248.0 45.0 248.0 52.0 2.0 52.0 763.0 255.0 763.0 
2 5 1.1 1.1 365.0 179.0 365.0 248.0 45.0 248.0 52.0 2.0 52.0 763.0 255.0 763.0 141.0 8.0 141.0 
2 6 1.3 1.3 365.0 179.0 365.0 248.0 45.0 248.0 52.0 2.0 52.0 763.0 255.0 763.0 141.0 8.0 141.0 935.0 195.0 935.0 
2 7 1.61 1.61 365.0 179.0 365.0 248.0 45.0 248.0 52.0 2.0 52.0 763.0 255.0 763.0 141.0 8.0 141.0 935.0 195.0 935.0 635.0 195.0 635.0 
2 3 0.79 0.79 194.0 57.0 194.0 573.0 87.0 573.0 644.0 225.0 644.0 
2 4 1.03 1.03 194.0 57.0 194.0 573.0 87.0 573.0 644.0 225.0 644.0 462.0 109.0 462.0 
2 5 1.77 1.77 194.0 57.0 194.0 573.0 87.0 573.0 644.0 225.0 644.0 462.0 109.0 462.0 818.0 607.0 818.0 
2 6 1.88 1.88 194.0 57.0 194.0 573.0 87.0 573.0 644.0 225.0 644.0 462.0 109.0 462.0 818.0 607.0 818.0 804.0 91.0 804.0 
2 3 1.2 1.2 618.0 489.0 618.0 136.0 46.0 136.0 552.0 44.0 552.0 
2 4 1.24 1.24 618.0 489.0 618.0 136.0 46.0 136.0 552.0 44.0 552.0 816.0 31.0 816.0 
2 5 1.35 1.35 618.0 489.0 618.0 136.0 46.0 136.0 552.0 44.0 552.0 816.0 31.0 816.0 417.0 45.0 417.0 
2 6 1.97 1.97 618.0 489.0 618.0 136.0 46.0 136.0 552.0 44.0 552.0 816.0 31.0 816.0 417.0 45.0 417.0 310.0 193.0 310.0 
2 3 0.8 0.8 661.0 292.0 661.0 670.0 127.0 670.0 473.0 81.0 473.0 
2 4 0.97 0.97 661.0 292.0 661.0 670.0 127.0 670.0 473.0 81.0 473.0 659.0 115.0 659.0 
2 5 0.99 0.99 661.0 292.0 661.0 670.0 127.0 670.0 473.0 81.0 473.0 659.0 115.0 659.0 915.0 12.0 915.0 
2 6 1.13 1.13 661.0 292.0 661.0 670.0 127.0 670.0 473.0 81.0 473.0 659.0 115.0 659.0 915.0 12.0 915.0 844.0 123.0 844.0 
2 7 1.43 1.43 661.0 292.0 661.0 670.0 127.0 670.0 473.0 81.0 473.0 659.0 115.0 659.0 915.0 12.0 915.0 844.0 123.0 844.0 415.0 126.0 415.0 
2 3 1.64 1.64 230.0 209.0 230.0 106.0 28.0 106.0 47.0 22.0 47.0 
2 3 1.06 1.06 289.0 243.0 289.0 805.0 139.0 805.0 702.0 38.0 702.0 
2 4 1.3 1.3 289.0 243.0 289.0 805.0 139.0 805.0 702.0 38.0 702.0 493.0 119.0 493.0 
2 5 1.65 1.65 289.0 243.0 289.0 805.0 139.0 805.0 702.0 38.0 702.0 493.0 119.0 493.0 456.0 158.0 456.0 
2 3 1.22 1.22 400.0 191.0 400.0 673.0 161.0 673.0 191.0 98.0 191.0 
2 4 1.25 1.25 400.0 191.0 400.0 673.0 161.0 673.0 191.0 98.0 191.0 45.0 1.0 45.0 
2 5 1.39 1.39 400.0 191.0 400.0 673.0 161.0 673.0 191.0 98.0 191.0 45.0 1.0 45.0 637.0 91.0 637.0 
2 3 1.83 1.83 951.0 130.0 951.0 837.0 762.0 837.0 959.0 755.0 959.0 
2 4 1.87 1.87 951.0 130.0 951.0 837.0 762.0 837.0 959.0 755.0 959.0 269.0 12.0 269.0 
2 3 1.18 1.18 873.0 23.0 873.0 814.0 156.0 814.0 142.0 138.0 142.0 
2 4 1.56 1.56 873.0 23.0 873.0 814.0 156.0 814.0 142.0 138.0 142.0 950.0 353.0 950.0 
2 5 1.59 1.59 873.0 23.0 873.0 814.0 156.0 814.0 142.0 138.0 142.0 950.0 353.0 950.0 990.0 31.0 990.0 
2 3 0.99 0.99 944.0 784.0 944.0 541.0 66.0 541.0 205.0 8.0 205.0 
2 4 1.39 1.39 944.0 784.0 944.0 541.0 66.0 541.0 205.0 8.0 205.0 10.0 4.0 10.0 
2 5 1.58 1.58 944.0 784.0 944.0 541.0 66.0 541.0 205.0 8.0 205.0 10.0 4.0 10.0 483.0 95.0 483.0 
2 3 1.59 1.59 948.0 618.0 948.0 45.0 15.0 45.0 712.0 437.0 712.0 
2 4 1.85 1.85 948.0 618.0 948.0 45.0 15.0 45.0 712.0 437.0 712.0 772.0 199.0 772.0 
2 5 1.88 1.88 948.0 618.0 948.0 45.0 15.0 45.0 712.0 437.0 712.0 772.0 199.0 772.0 505.0 14.0 505.0 
2 3 1.03 1.03 72.0 9.0 72.0 53.0 20.0 53.0 920.0 489.0 920.0 
2 4 1.1 1.1 72.0 9.0 72.0 53.0 20.0 53.0 920.0 489.0 920.0 758.0 53.0 758.0 
2 5 1.38 1.38 72.0 9.0 72.0 53.0 20.0 53.0 920.0 489.0 920.0 758.0 53.0 758.0 759.0 215.0 759.0 
2 3 0.57 0.57 370.0 53.0 370.0 49.0 10.0 49.0 452.0 105.0 452.0 
2 4 1.24 1.24 370.0 53.0 370.0 49.0 10.0 49.0 452.0 105.0 452.0 860.0 575.0 860.0 
2 5 1.68 1.68 370.0 53.0 370.0 49.0 10.0 49.0 452.0 105.0 452.0 860.0 575.0 860.0 841.0 366.0 841.0 
2 6 1.9 1.9 370.0 53.0 370.0 49.0 10.0 49.0 452.0 105.0 452.0 860.0 575.0 860.0 841.0 366.0 841.0 895.0 194.0 895.0 
2 3 0.92 0.92 822.0 365.0 822.0 308.0 62.0 308.0 608.0 171.0 608.0 
2 4 1.68 1.68 822.0 365.0 822.0 308.0 62.0 308.0 608.0 171.0 608.0 257.0 194.0 257.0 
2 3 0.89 0.89 814.0 60.0 814.0 852.0 634.0 852.0 964.0 71.0 964.0 
2 4 1.29 1.29 814.0 60.0 814.0 852.0 634.0 852.0 964.0 71.0 964.0 216.0 87.0 216.0 
2 5 1.37 1.37 814.0 60.0 814.0 852.0 634.0 852.0 964.0 71.0 964.0 216.0 87.0 216.0 137.0 11.0 137.0 
2 6 1.67 1.67 814.0 60.0 814.0 852.0 634.0 852.0 964.0 71.0 964.0 216.0 87.0 216.0 137.0 11.0 137.0 668.0 204.0 668.0 
2 3 0.67 0.67 938.0 263.0 938.0 740.0 88.0 740.0 582.0 158.0 582.0 
2 4 0.77 0.77 938.0 263.0 938.0 740.0 88.0 740.0 582.0 158.0 582.0 448.0 47.0 448.0 
2 5 1.46 1.46 938.0 263.0 938.0 740.0 88.0 740.0 582.0 158.0 582.0 448.0 47.0 448.0 797.0 552.0 797.0 
2 6 1.58 1.58 938.0 263.0 938.0 740.0 88.0 740.0 582.0 158.0 582.0 448.0 47.0 448.0 797.0 552.0 797.0 488.0 56.0 488.0 
2 3 1.21 1.21 41.0 11.0 41.0 672.0 336.0 672.0 896.0 397.0 896.0 
2 4 1.54 1.54 41.0 11.0 41.0 672.0 336.0 672.0 896.0 397.0 896.0 657.0 218.0 657.0 
2 5 1.93 1.93 41.0 11.0 41.0 672.0 336.0 672.0 896.0 397.0 896.0 657.0 218.0 657.0 469.0 184.0 469.0 
2 3 0.47 0.47 730.0 24.0 730.0 957.0 239.0 957.0 882.0 167.0 882.0 
2 4 0.84 0.84 730.0 24.0 730.0 957.0 239.0 957.0 882.0 167.0 882.0 83.0 31.0 83.0 
2 5 0.94 0.94 730.0 24.0 730.0 957.0 239.0 957.0 882.0 167.0 882.0 83.0 31.0 83.0 117.0 12.0 117.0 
2 6 1.58 1.58 730.0 24.0 730.0 957.0 239.0 957.0 882.0 167.0 882.0 83.0 31.0 83.0 117.0 12.0 117.0 981.0 627.0 981.0 
2 7 1.75 1.75 730.0 24.0 730.0 957.0 239.0 957.0 882.0 167.0 882.0 83.0 31.0 83.0 117.0 12.0 117.0 981.0 627.0 981.0 998.0 170.0 998.0 
2 3 0.97 0.97 19.0 1.0 19.0 286.0 216.0 286.0 214.0 36.0 214.0 
2 4 1.03 1.03 19.0 1.0 19.0 286.0 216.0 286.0 214.0 36.0 214.0 477.0 26.0 477.0 
2 5 1.15 1.15 19.0 1.0 19.0 286.0 216.0 286.0 214.0 36.0 214.0 477.0 26.0 477.0 163.0 20.0 163.0 
2 6 1.37 1.37 19.0 1.0 19.0 286.0 216.0 286.0 214.0 36.0 214.0 477.0 26.0 477.0 163.0 20.0 163.0 799.0 179.0 799.0 
2 3 0.67 0.67 796.0 271.0 796.0 228.0 69.0 228.0 748.0 25.0 748.0 
2 4 0.75 0.75 796.0 271.0 796.0 228.0 69.0 228.0 748.0 25.0 748.0 789.0 63.0 789.0 
2 5 1.25 1.25 796.0 271.0 796.0 228.0 69.0 228.0 748.0 25.0 748.0 789.0 63.0 789.0 758.0 377.0 758.0 
2 6 1.5 1.5 796.0 271.0 796.0 228.0 69.0 228.0 748.0 25.0 748.0 789.0 63.0 789.0 758.0 377.0 758.0 539.0 133.0 539.0 
2 7 1.51 1.51 796.0 271.0 796.0 228.0 69.0 228.0 748.0 25.0 748.0 789.0 63.0 789.0 758.0 377.0 758.0 539.0 133.0 539.0 405.0 7.0 405.0 
2 8 1.92 1.92 796.0 271.0 796.0 228.0 69.0 228.0 748.0 25.0 748.0 789.0 63.0 789.0 758.0 377.0 758.0 539.0 133.0 539.0 405.0 7.0 405.0 22.0 9.0 22.0 
2 3 1.17 1.17 728.0 377.0 728.0 80.0 5.0 80.0 726.0 430.0 726.0 
2 4 1.5 1.5 728.0 377.0 728.0 80.0 5.0 80.0 726.0 430.0 726.0 401.0 135.0 401.0 
2 5 1.51 1.51 728.0 377.0 728.0 80.0 5.0 80.0 726.0 430.0 726.0 401.0 135.0 401.0 691.0 4.0 691.0 
2 6 1.53 1.53 728.0 377.0 728.0 80.0 5.0 80.0 726.0 430.0 726.0 401.0 135.0 401.0 691.0 4.0 691.0 492.0 11.0 492.0 
2 7 1.81 1.81 728.0 377.0 728.0 80.0 5.0 80.0 726.0 430.0 726.0 401.0 135.0 401.0 691.0 4.0 691.0 492.0 11.0 492.0 47.0 13.0 47.0 
2 3 1.31 1.31 294.0 17.0 294.0 142.0 85.0 142.0 790.0 523.0 790.0 
2 4 1.45 1.45 294.0 17.0 294.0 142.0 85.0 142.0 790.0 523.0 790.0 740.0 100.0 740.0 
2 3 0.75 0.75 138.0 25.0 138.0 471.0 200.0 471.0 485.0 74.0 485.0 
2 4 0.85 0.85 138.0 25.0 138.0 471.0 200.0 471.0 485.0 74.0 485.0 896.0 83.0 896.0 
2 5 0.92 0.92 138.0 25.0 138.0 471.0 200.0 471.0 485.0 74.0 485.0 896.0 83.0 896.0 940.0 74.0 940.0 
2 6 1.23 1.23 138.0 25.0 138.0 471.0 200.0 471.0 485.0 74.0 485.0 896.0 83.0 896.0 940.0 74.0 940.0 641.0 196.0 641.0 
2 7 1.93 1.93 138.0 25.0 138.0 471.0 200.0 471.0 485.0 74.0 485.0 896.0 83.0 896.0 940.0 74.0 940.0 641.0 196.0 641.0 928.0 653.0 928.0 
2 3 0.25 0.25 590.0 100.0 590.0 492.0 9.0 492.0 135.0 9.0 135.0 
2 4 0.37 0.37 590.0 100.0 590.0 492.0 9.0 492.0 135.0 9.0 135.0 592.0 72.0 592.0 
2 5 0.96 0.96 590.0 100.0 590.0 492.0 9.0 492.0 135.0 9.0 135.0 592.0 72.0 592.0 229.0 134.0 229.0 
2 6 1.84 1.84 590.0 100.0 590.0 492.0 9.0 492.0 135.0 9.0 135.0 592.0 72.0 592.0 229.0 134.0 229.0 263.0 233.0 263.0 
2 3 1.69 1.69 276.0 180.0 276.0 629.0 264.0 629.0 337.0 209.0 337.0 
2 3 1.64 1.64 829.0 471.0 829.0 467.0 257.0 467.0 529.0 276.0 529.0 
2 4 1.67 1.67 829.0 471.0 829.0 467.0 257.0 467.0 529.0 276.0 529.0 778.0 26.0 778.0 
2 3 0.62 0.62 595.0 155.0 595.0 275.0 61.0 275.0 379.0 55.0 379.0 
2 4 1.05 1.05 595.0 155.0 595.0 275.0 61.0 275.0 379.0 55.0 379.0 805.0 342.0 805.0 
2 5 1.63 1.63 595.0 155.0 595.0 275.0 61.0 275.0 379.0 55.0 379.0 805.0 342.0 805.0 102.0 59.0 102.0 
2 6 1.73 1.73 595.0 155.0 595.0 275.0 61.0 275.0 379.0 55.0 379.0 805.0 342.0 805.0 102.0 59.0 102.0 775.0 80.0 775.0 
2 3 0.92 0.92 884.0 49.0 884.0 611.0 237.0 611.0 878.0 421.0 878.0 
2 4 1.37 1.37 884.0 49.0 884.0 611.0 237.0 611.0 878.0 421.0 878.0 963.0 437.0 963.0 
2 3 1.37 1.37 492.0 411.0 492.0 760.0 51.0 760.0 21.0 10.0 21.0 
2 4 1.38 1.38 492.0 411.0 492.0 760.0 51.0 760.0 21.0 10.0 21.0 725.0 2.0 725.0 
2 5 1.78 1.78 492.0 411.0 492.0 760.0 51.0 760.0 21.0 10.0 21.0 725.0 2.0 725.0 47.0 19.0 47.0 
2 6 1.89 1.89 492.0 411.0 492.0 760.0 51.0 760.0 21.0 10.0 21.0 725.0 2.0 725.0 47.0 19.0 47.0 338.0 38.0 338.0 
2 3 0.33 0.33 49.0 7.0 49.0 497.0 21.0 497.0 505.0 74.0 505.0 
2 4 0.45 0.45 49.0 7.0 49.0 497.0 21.0 497.0 505.0 74.0 505.0 868.0 111.0 868.0 
2 5 0.79 0.79 49.0 7.0 49.0 497.0 21.0 497.0 505.0 74.0 505.0 868.0 111.0 868.0 459.0 154.0 459.0 
2 6 1.05 1.05 49.0 7.0 49.0 497.0 21.0 497.0 505.0 74.0 505.0 868.0 111.0 868.0 459.0 154.0 459.0 999.0 256.0 999.0 
2 7 1.49 1.49 49.0 7.0 49.0 497.0 21.0 497.0 505.0 74.0 505.0 868.0 111.0 868.0 459.0 154.0 459.0 999.0 256.0 999.0 122.0 54.0 122.0 
2 8 1.76 1.76 49.0 7.0 49.0 497.0 21.0 497.0 505.0 74.0 505.0 868.0 111.0 868.0 459.0 154.0 459.0 999.0 256.0 999.0 122.0 54.0 122.0 769.0 208.0 769.0 
2 9 1.82 1.82 49.0 7.0 49.0 497.0 21.0 497.0 505.0 74.0 505.0 868.0 111.0 868.0 459.0 154.0 459.0 999.0 256.0 999.0 122.0 54.0 122.0 769.0 208.0 769.0 553.0 32.0 553.0 
2 3 0.96 0.96 210.0 88.0 210.0 272.0 58.0 272.0 288.0 96.0 288.0 
2 4 1.16 1.16 210.0 88.0 210.0 272.0 58.0 272.0 288.0 96.0 288.0 82.0 16.0 82.0 
2 5 1.5 1.5 210.0 88.0 210.0 272.0 58.0 272.0 288.0 96.0 288.0 82.0 16.0 82.0 75.0 26.0 75.0 
2 6 1.68 1.68 210.0 88.0 210.0 272.0 58.0 272.0 288.0 96.0 288.0 82.0 16.0 82.0 75.0 26.0 75.0 326.0 59.0 326.0 
2 7 1.72 1.72 210.0 88.0 210.0 272.0 58.0 272.0 288.0 96.0 288.0 82.0 16.0 82.0 75.0 26.0 75.0 326.0 59.0 326.0 156.0 6.0 156.0 
2 3 0.51 0.51 71.0 3.0 71.0 134.0 29.0 134.0 563.0 147.0 563.0 
2 4 1.06 1.06 71.0 3.0 71.0 134.0 29.0 134.0 563.0 147.0 563.0 122.0 67.0 122.0 
2 5 1.1 1.1 71.0 3.0 71.0 134.0 29.0 134.0 563.0 147.0 563.0 122.0 67.0 122.0 518.0 20.0 518.0 
2 6 1.42 1.42 71.0 3.0 71.0 134.0 29.0 134.0 563.0 147.0 563.0 122.0 67.0 122.0 518.0 20.0 518.0 386.0 123.0 386.0 
2 7 1.95 1.95 71.0 3.0 71.0 134.0 29.0 134.0 563.0 147.0 563.0 122.0 67.0 122.0 518.0 20.0 518.0 386.0 123.0 386.0 38.0 20.0 38.0 
2 3 1.61 1.61 256.0 231.0 256.0 565.0 170.0 565.0 250.0 103.0 250.0 
2 3 0.93 0.93 124.0 49.0 124.0 794.0 57.0 794.0 167.0 78.0 167.0 
2 4 0.95 0.95 124.0 49.0 124.0 794.0 57.0 794.0 167.0 78.0 167.0 254.0 6.0 254.0 
2 5 1.29 1.29 124.0 49.0 124.0 794.0 57.0 794.0 167.0 78.0 167.0 254.0 6.0 254.0 265.0 89.0 265.0 
2 6 1.59 1.59 124.0 49.0 124.0 794.0 57.0 794.0 167.0 78.0 167.0 254.0 6.0 254.0 265.0 89.0 265.0 913.0 272.0 913.0 
2 3 1.52 1.52 621.0 574.0 621.0 872.0 51.0 872.0 107.0 58.0 107.0 
2 4 1.55 1.55 621.0 574.0 621.0 872.0 51.0 872.0 107.0 58.0 107.0 947.0 30.0 947.0 
2 5 1.86 1.86 621.0 574.0 621.0 872.0 51.0 872.0 107.0 58.0 107.0 947.0 30.0 947.0 276.0 84.0 276.0 
2 3 0.31 0.31 850.0 25.0 850.0 615.0 49.0 615.0 223.0 47.0 223.0 
2 4 0.98 0.98 850.0 25.0 850.0 615.0 49.0 615.0 223.0 47.0 223.0 755.0 501.0 755.0 
2 5 1.13 1.13 850.0 25.0 850.0 615.0 49.0 615.0 223.0 47.0 223.0 755.0 501.0 755.0 721.0 109.0 721.0 
2 6 1.93 1.93 850.0 25.0 850.0 615.0 49.0 615.0 223.0 47.0 223.0 755.0 501.0 755.0 721.0 109.0 721.0 740.0 592.0 740.0 
2 3 1.51 1.51 516.0 199.0 516.0 397.0 346.0 397.0 949.0 243.0 949.0 
2 4 1.76 1.76 516.0 199.0 516.0 397.0 346.0 397.0 949.0 243.0 949.0 238.0 59.0 238.0 
2 5 1.96 1.96 516.0 199.0 516.0 397.0 346.0 397.0 949.0 243.0 949.0 238.0 59.0 238.0 317.0 65.0 317.0 
2 3 0.69 0.69 736.0 256.0 736.0 166.0 24.0 166.0 646.0 128.0 646.0 
2 4 0.69 0.69 736.0 256.0 736.0 166.0 24.0 166.0 646.0 128.0 646.0 963.0 2.0 963.0 
2 5 0.86 0.86 736.0 256.0 736.0 166.0 24.0 166.0 646.0 128.0 646.0 963.0 2.0 963.0 403.0 71.0 403.0 
2 6 1.02 1.02 736.0 256.0 736.0 166.0 24.0 166.0 646.0 128.0 646.0 963.0 2.0 963.0 403.0 71.0 403.0 609.0 95.0 609.0 
2 7 1.86 1.86 736.0 256.0 736.0 166.0 24.0 166.0 646.0 128.0 646.0 963.0 2.0 963.0 403.0 71.0 403.0 609.0 95.0 609.0 74.0 62.0 74.0 
2 3 0.44 0.44 880.0 99.0 880.0 533.0 110.0 533.0 899.0 110.0 899.0 
2 4 0.47 0.47 880.0 99.0 880.0 533.0 110.0 533.0 899.0 110.0 899.0 774.0 27.0 774.0 
2 5 0.61 0.61 880.0 99.0 880.0 533.0 110.0 533.0 899.0 110.0 899.0 774.0 27.0 774.0 726.0 99.0 726.0 
2 6 0.68 0.68 880.0 99.0 880.0 533.0 110.0 533.0 899.0 110.0 899.0 774.0 27.0 774.0 726.0 99.0 726.0 301.0 22.0 301.0 
2 7 1.29 1.29 880.0 99.0 880.0 533.0 110.0 533.0 899.0 110.0 899.0 774.0 27.0 774.0 726.0 99.0 726.0 301.0 22.0 301.0 93.0 57.0 93.0 
2 8 1.52 1.52 880.0 99.0 880.0 533.0 110.0 533.0 899.0 110.0 899.0 774.0 27.0 774.0 726.0 99.0 726.0 301.0 22.0 301.0 93.0 57.0 93.0 122.0 28.0 122.0 
2 3 0.97 0.97 55.0 2.0 55.0 18.0 2.0 18.0 751.0 618.0 751.0 
2 4 1.23 1.23 55.0 2.0 55.0 18.0 2.0 18.0 751.0 618.0 751.0 351.0 92.0 351.0 
2 3 0.5 0.5 741.0 80.0 741.0 655.0 53.0 655.0 372.0 118.0 372.0 
2 4 0.68 0.68 741.0 80.0 741.0 655.0 53.0 655.0 372.0 118.0 372.0 541.0 99.0 541.0 
2 5 1.0 1.0 741.0 80.0 741.0 655.0 53.0 655.0 372.0 118.0 372.0 541.0 99.0 541.0 662.0 210.0 662.0 
2 6 1.54 1.54 741.0 80.0 741.0 655.0 53.0 655.0 372.0 118.0 372.0 541.0 99.0 541.0 662.0 210.0 662.0 314.0 170.0 314.0 
2 3 0.87 0.87 18.0 1.0 18.0 316.0 114.0 316.0 725.0 336.0 725.0 
2 4 1.06 1.06 18.0 1.0 18.0 316.0 114.0 316.0 725.0 336.0 725.0 638.0 118.0 638.0 
2 5 1.43 1.43 18.0 1.0 18.0 316.0 114.0 316.0 725.0 336.0 725.0 638.0 118.0 638.0 401.0 148.0 401.0 
2 6 1.48 1.48 18.0 1.0 18.0 316.0 114.0 316.0 725.0 336.0 725.0 638.0 118.0 638.0 401.0 148.0 401.0 823.0 45.0 823.0 
2 7 1.9 1.9 18.0 1.0 18.0 316.0 114.0 316.0 725.0 336.0 725.0 638.0 118.0 638.0 401.0 148.0 401.0 823.0 45.0 823.0 862.0 355.0 862.0 
2 3 0.95 0.95 91.0 32.0 91.0 251.0 72.0 251.0 870.0 278.0 870.0 
2 4 1.19 1.19 91.0 32.0 91.0 251.0 72.0 251.0 870.0 278.0 870.0 240.0 57.0 240.0 
2 5 1.38 1.38 91.0 32.0 91.0 251.0 72.0 251.0 870.0 278.0 870.0 240.0 57.0 240.0 615.0 115.0 615.0 
2 6 1.62 1.62 91.0 32.0 91.0 251.0 72.0 251.0 870.0 278.0 870.0 240.0 57.0 240.0 615.0 115.0 615.0 590.0 145.0 590.0 
2 3 1.21 1.21 421.0 171.0 421.0 810.0 551.0 810.0 435.0 55.0 435.0 
2 4 1.4 1.4 421.0 171.0 421.0 810.0 551.0 810.0 435.0 55.0 435.0 682.0 128.0 682.0 
2 5 1.48 1.48 421.0 171.0 421.0 810.0 551.0 810.0 435.0 55.0 435.0 682.0 128.0 682.0 509.0 44.0 509.0 
2 6 1.71 1.71 421.0 171.0 421.0 810.0 551.0 810.0 435.0 55.0 435.0 682.0 128.0 682.0 509.0 44.0 509.0 340.0 78.0 340.0 
2 3 1.39 1.39 400.0 245.0 400.0 976.0 284.0 976.0 215.0 105.0 215.0 
2 4 1.52 1.52 400.0 245.0 400.0 976.0 284.0 976.0 215.0 105.0 215.0 540.0 71.0 540.0 
2 3 1.12 1.12 222.0 11.0 222.0 955.0 583.0 955.0 149.0 69.0 149.0 
2 4 1.8 1.8 222.0 11.0 222.0 955.0 583.0 955.0 149.0 69.0 149.0 670.0 458.0 670.0 
2 3 0.47 0.47 14.0 4.0 14.0 661.0 95.0 661.0 637.0 27.0 637.0 
2 4 0.52 0.52 14.0 4.0 14.0 661.0 95.0 661.0 637.0 27.0 637.0 640.0 31.0 640.0 
2 5 0.93 0.93 14.0 4.0 14.0 661.0 95.0 661.0 637.0 27.0 637.0 640.0 31.0 640.0 392.0 164.0 392.0 
2 6 1.06 1.06 14.0 4.0 14.0 661.0 95.0 661.0 637.0 27.0 637.0 640.0 31.0 640.0 392.0 164.0 392.0 727.0 94.0 727.0 
2 7 1.3 1.3 14.0 4.0 14.0 661.0 95.0 661.0 637.0 27.0 637.0 640.0 31.0 640.0 392.0 164.0 392.0 727.0 94.0 727.0 688.0 165.0 688.0 
2 8 1.53 1.53 14.0 4.0 14.0 661.0 95.0 661.0 637.0 27.0 637.0 640.0 31.0 640.0 392.0 164.0 392.0 727.0 94.0 727.0 688.0 165.0 688.0 659.0 150.0 659.0 
2 9 1.53 1.53 14.0 4.0 14.0 661.0 95.0 661.0 637.0 27.0 637.0 640.0 31.0 640.0 392.0 164.0 392.0 727.0 94.0 727.0 688.0 165.0 688.0 659.0 150.0 659.0 759.0 2.0 759.0 
2 10 1.89 1.89 14.0 4.0 14.0 661.0 95.0 661.0 637.0 27.0 637.0 640.0 31.0 640.0 392.0 164.0 392.0 727.0 94.0 727.0 688.0 165.0 688.0 659.0 150.0 659.0 759.0 2.0 759.0 390.0 138.0 390.0 
2 11 1.94 1.94 14.0 4.0 14.0 661.0 95.0 661.0 637.0 27.0 637.0 640.0 31.0 640.0 392.0 164.0 392.0 727.0 94.0 727.0 688.0 165.0 688.0 659.0 150.0 659.0 759.0 2.0 759.0 390.0 138.0 390.0 420.0 22.0 420.0 
2 3 0.9 0.9 327.0 69.0 327.0 124.0 70.0 124.0 850.0 112.0 850.0 
2 4 1.38 1.38 327.0 69.0 327.0 124.0 70.0 124.0 850.0 112.0 850.0 682.0 325.0 682.0 
2 5 1.5 1.5 327.0 69.0 327.0 124.0 70.0 124.0 850.0 112.0 850.0 682.0 325.0 682.0 724.0 88.0 724.0 
2 3 1.14 1.14 461.0 241.0 461.0 112.0 2.0 112.0 87.0 53.0 87.0 
2 4 1.18 1.18 461.0 241.0 461.0 112.0 2.0 112.0 87.0 53.0 87.0 837.0 27.0 837.0 
2 5 1.27 1.27 461.0 241.0 461.0 112.0 2.0 112.0 87.0 53.0 87.0 837.0 27.0 837.0 543.0 49.0 543.0 
2 6 1.27 1.27 461.0 241.0 461.0 112.0 2.0 112.0 87.0 53.0 87.0 837.0 27.0 837.0 543.0 49.0 543.0 873.0 4.0 873.0 
2 3 1.31 1.31 649.0 475.0 649.0 953.0 92.0 953.0 637.0 310.0 637.0 
2 4 1.8 1.8 649.0 475.0 649.0 953.0 92.0 953.0 637.0 310.0 637.0 425.0 210.0 425.0 
2 3 1.64 1.64 674.0 331.0 674.0 65.0 49.0 65.0 261.0 104.0 261.0 
2 3 1.16 1.16 686.0 587.0 686.0 663.0 108.0 663.0 694.0 105.0 694.0 
2 4 1.88 1.88 686.0 587.0 686.0 663.0 108.0 663.0 694.0 105.0 694.0 856.0 610.0 856.0 
2 3 0.24 0.24 671.0 20.0 671.0 830.0 81.0 830.0 461.0 52.0 461.0 
2 4 0.28 0.28 671.0 20.0 671.0 830.0 81.0 830.0 461.0 52.0 461.0 644.0 32.0 644.0 
2 5 0.88 0.88 671.0 20.0 671.0 830.0 81.0 830.0 461.0 52.0 461.0 644.0 32.0 644.0 117.0 70.0 117.0 
2 6 1.63 1.63 671.0 20.0 671.0 830.0 81.0 830.0 461.0 52.0 461.0 644.0 32.0 644.0 117.0 70.0 117.0 921.0 691.0 921.0 
2 3 1.67 1.67 427.0 422.0 427.0 85.0 33.0 85.0 381.0 114.0 381.0 
2 4 1.69 1.69 427.0 422.0 427.0 85.0 33.0 85.0 381.0 114.0 381.0 361.0 8.0 361.0 
2 3 0.9 0.9 571.0 54.0 571.0 513.0 203.0 513.0 693.0 285.0 693.0 
2 4 1.6 1.6 571.0 54.0 571.0 513.0 203.0 513.0 693.0 285.0 693.0 602.0 421.0 602.0 
2 3 0.35 0.35 984.0 5.0 984.0 449.0 113.0 449.0 746.0 70.0 746.0 
2 4 0.94 0.94 984.0 5.0 984.0 449.0 113.0 449.0 746.0 70.0 746.0 726.0 431.0 726.0 
2 5 1.34 1.34 984.0 5.0 984.0 449.0 113.0 449.0 746.0 70.0 746.0 726.0 431.0 726.0 63.0 25.0 63.0 
2 3 0.74 0.74 471.0 7.0 471.0 103.0 13.0 103.0 885.0 536.0 885.0 
2 4 1.38 1.38 471.0 7.0 471.0 103.0 13.0 103.0 885.0 536.0 885.0 182.0 117.0 182.0 
2 5 1.67 1.67 471.0 7.0 471.0 103.0 13.0 103.0 885.0 536.0 885.0 182.0 117.0 182.0 838.0 235.0 838.0 
2 6 1.85 1.85 471.0 7.0 471.0 103.0 13.0 103.0 885.0 536.0 885.0 182.0 117.0 182.0 838.0 235.0 838.0 138.0 25.0 138.0 
2 7 1.95 1.95 471.0 7.0 471.0 103.0 13.0 103.0 885.0 536.0 885.0 182.0 117.0 182.0 838.0 235.0 838.0 138.0 25.0 138.0 861.0 90.0 861.0 
2 3 1.83 1.83 760.0 555.0 760.0 230.0 161.0 230.0 815.0 327.0 815.0 
2 3 0.36 0.36 680.0 135.0 680.0 673.0 48.0 673.0 600.0 57.0 600.0 
2 4 0.37 0.37 680.0 135.0 680.0 673.0 48.0 673.0 600.0 57.0 600.0 221.0 2.0 221.0 
2 5 1.16 1.16 680.0 135.0 680.0 673.0 48.0 673.0 600.0 57.0 600.0 221.0 2.0 221.0 415.0 327.0 415.0 
2 6 1.61 1.61 680.0 135.0 680.0 673.0 48.0 673.0 600.0 57.0 600.0 221.0 2.0 221.0 415.0 327.0 415.0 561.0 257.0 561.0 
2 7 1.96 1.96 680.0 135.0 680.0 673.0 48.0 673.0 600.0 57.0 600.0 221.0 2.0 221.0 415.0 327.0 415.0 561.0 257.0 561.0 922.0 320.0 922.0 
2 3 0.26 0.26 195.0 49.0 195.0 739.0 1.0 739.0 927.0 11.0 927.0 
2 4 0.43 0.43 195.0 49.0 195.0 739.0 1.0 739.0 927.0 11.0 927.0 485.0 84.0 485.0 
2 5 0.85 0.85 195.0 49.0 195.0 739.0 1.0 739.0 927.0 11.0 927.0 485.0 84.0 485.0 67.0 28.0 67.0 
2 6 1.09 1.09 195.0 49.0 195.0 739.0 1.0 739.0 927.0 11.0 927.0 485.0 84.0 485.0 67.0 28.0 67.0 299.0 72.0 299.0 
2 7 1.23 1.23 195.0 49.0 195.0 739.0 1.0 739.0 927.0 11.0 927.0 485.0 84.0 485.0 67.0 28.0 67.0 299.0 72.0 299.0 878.0 124.0 878.0 
2 8 1.7 1.7 195.0 49.0 195.0 739.0 1.0 739.0 927.0 11.0 927.0 485.0 84.0 485.0 67.0 28.0 67.0 299.0 72.0 299.0 878.0 124.0 878.0 597.0 277.0 597.0 
2 3 1.12 1.12 537.0 44.0 537.0 227.0 83.0 227.0 700.0 477.0 700.0 
2 4 1.32 1.32 537.0 44.0 537.0 227.0 83.0 227.0 700.0 477.0 700.0 61.0 12.0 61.0 
2 5 1.36 1.36 537.0 44.0 537.0 227.0 83.0 227.0 700.0 477.0 700.0 61.0 12.0 61.0 457.0 17.0 457.0 
2 6 1.89 1.89 537.0 44.0 537.0 227.0 83.0 227.0 700.0 477.0 700.0 61.0 12.0 61.0 457.0 17.0 457.0 655.0 350.0 655.0 
2 7 1.97 1.97 537.0 44.0 537.0 227.0 83.0 227.0 700.0 477.0 700.0 61.0 12.0 61.0 457.0 17.0 457.0 655.0 350.0 655.0 170.0 13.0 170.0 
2 3 1.23 1.23 1000.0 410.0 1000.0 406.0 140.0 406.0 502.0 239.0 502.0 
2 4 1.79 1.79 1000.0 410.0 1000.0 406.0 140.0 406.0 502.0 239.0 502.0 827.0 464.0 827.0 
2 3 1.76 1.76 954.0 408.0 954.0 96.0 73.0 96.0 255.0 146.0 255.0 
2 4 1.76 1.76 954.0 408.0 954.0 96.0 73.0 96.0 255.0 146.0 255.0 659.0 4.0 659.0 
2 3 1.23 1.23 279.0 235.0 279.0 556.0 107.0 556.0 25.0 5.0 25.0 
2 4 1.28 1.28 279.0 235.0 279.0 556.0 107.0 556.0 25.0 5.0 25.0 329.0 17.0 329.0 
2 5 1.54 1.54 279.0 235.0 279.0 556.0 107.0 556.0 25.0 5.0 25.0 329.0 17.0 329.0 599.0 157.0 599.0 
2 6 1.76 1.76 279.0 235.0 279.0 556.0 107.0 556.0 25.0 5.0 25.0 329.0 17.0 329.0 599.0 157.0 599.0 308.0 68.0 308.0 
2 3 1.09 1.09 423.0 23.0 423.0 176.0 108.0 176.0 129.0 55.0 129.0 
2 4 1.22 1.22 423.0 23.0 423.0 176.0 108.0 176.0 129.0 55.0 129.0 61.0 8.0 61.0 
2 5 1.67 1.67 423.0 23.0 423.0 176.0 108.0 176.0 129.0 55.0 129.0 61.0 8.0 61.0 843.0 378.0 843.0 
2 3 1.27 1.27 225.0 51.0 225.0 182.0 12.0 182.0 76.0 75.0 76.0 
2 4 1.4 1.4 225.0 51.0 225.0 182.0 12.0 182.0 76.0 75.0 76.0 460.0 58.0 460.0 
2 5 1.52 1.52 225.0 51.0 225.0 182.0 12.0 182.0 76.0 75.0 76.0 460.0 58.0 460.0 532.0 64.0 532.0 
2 3 0.56 0.56 804.0 1.0 804.0 473.0 241.0 473.0 760.0 44.0 760.0 
2 4 0.91 0.91 804.0 1.0 804.0 473.0 241.0 473.0 760.0 44.0 760.0 530.0 184.0 530.0 
2 5 1.56 1.56 804.0 1.0 804.0 473.0 241.0 473.0 760.0 44.0 760.0 530.0 184.0 530.0 180.0 116.0 180.0 
2 6 1.79 1.79 804.0 1.0 804.0 473.0 241.0 473.0 760.0 44.0 760.0 530.0 184.0 530.0 180.0 116.0 180.0 836.0 200.0 836.0 
2 3 1.12 1.12 504.0 31.0 504.0 655.0 623.0 655.0 817.0 92.0 817.0 
2 4 1.37 1.37 504.0 31.0 504.0 655.0 623.0 655.0 817.0 92.0 817.0 958.0 244.0 958.0 
2 5 1.97 1.97 504.0 31.0 504.0 655.0 623.0 655.0 817.0 92.0 817.0 958.0 244.0 958.0 779.0 465.0 779.0 
2 3 0.34 0.34 684.0 67.0 684.0 973.0 217.0 973.0 621.0 17.0 621.0 
2 4 0.56 0.56 684.0 67.0 684.0 973.0 217.0 973.0 621.0 17.0 621.0 274.0 58.0 274.0 
2 5 1.39 1.39 684.0 67.0 684.0 973.0 217.0 973.0 621.0 17.0 621.0 274.0 58.0 274.0 85.0 71.0 85.0 
2 6 1.56 1.56 684.0 67.0 684.0 973.0 217.0 973.0 621.0 17.0 621.0 274.0 58.0 274.0 85.0 71.0 85.0 219.0 38.0 219.0 
2 7 1.9 1.9 684.0 67.0 684.0 973.0 217.0 973.0 621.0 17.0 621.0 274.0 58.0 274.0 85.0 71.0 85.0 219.0 38.0 219.0 691.0 230.0 691.0 
2 3 0.79 0.79 217.0 117.0 217.0 271.0 30.0 271.0 7.0 1.0 7.0 
2 4 0.9 0.9 217.0 117.0 217.0 271.0 30.0 271.0 7.0 1.0 7.0 580.0 63.0 580.0 
2 5 1.03 1.03 217.0 117.0 217.0 271.0 30.0 271.0 7.0 1.0 7.0 580.0 63.0 580.0 224.0 29.0 224.0 
2 6 1.2 1.2 217.0 117.0 217.0 271.0 30.0 271.0 7.0 1.0 7.0 580.0 63.0 580.0 224.0 29.0 224.0 663.0 116.0 663.0 
2 7 1.22 1.22 217.0 117.0 217.0 271.0 30.0 271.0 7.0 1.0 7.0 580.0 63.0 580.0 224.0 29.0 224.0 663.0 116.0 663.0 723.0 15.0 723.0 
2 8 1.36 1.36 217.0 117.0 217.0 271.0 30.0 271.0 7.0 1.0 7.0 580.0 63.0 580.0 224.0 29.0 224.0 663.0 116.0 663.0 723.0 15.0 723.0 956.0 136.0 956.0 
2 9 1.72 1.72 217.0 117.0 217.0 271.0 30.0 271.0 7.0 1.0 7.0 580.0 63.0 580.0 224.0 29.0 224.0 663.0 116.0 663.0 723.0 15.0 723.0 956.0 136.0 956.0 659.0 235.0 659.0 
2 10 1.82 1.82 217.0 117.0 217.0 271.0 30.0 271.0 7.0 1.0 7.0 580.0 63.0 580.0 224.0 29.0 224.0 663.0 116.0 663.0 723.0 15.0 723.0 956.0 136.0 956.0 659.0 235.0 659.0 41.0 4.0 41.0 
2 11 1.83 1.83 217.0 117.0 217.0 271.0 30.0 271.0 7.0 1.0 7.0 580.0 63.0 580.0 224.0 29.0 224.0 663.0 116.0 663.0 723.0 15.0 723.0 956.0 136.0 956.0 659.0 235.0 659.0 41.0 4.0 41.0 263.0 3.0 263.0 
2 3 1.75 1.75 428.0 140.0 428.0 750.0 623.0 750.0 554.0 332.0 554.0 
2 4 1.93 1.93 428.0 140.0 428.0 750.0 623.0 750.0 554.0 332.0 554.0 156.0 28.0 156.0 
2 3 1.31 1.31 587.0 100.0 587.0 225.0 140.0 225.0 181.0 95.0 181.0 
2 4 1.66 1.66 587.0 100.0 587.0 225.0 140.0 225.0 181.0 95.0 181.0 468.0 161.0 468.0 
2 3 0.68 0.68 30.0 5.0 30.0 850.0 61.0 850.0 997.0 450.0 997.0 
2 4 1.1 1.1 30.0 5.0 30.0 850.0 61.0 850.0 997.0 450.0 997.0 227.0 94.0 227.0 
2 5 1.27 1.27 30.0 5.0 30.0 850.0 61.0 850.0 997.0 450.0 997.0 227.0 94.0 227.0 642.0 112.0 642.0 
2 6 1.94 1.94 30.0 5.0 30.0 850.0 61.0 850.0 997.0 450.0 997.0 227.0 94.0 227.0 642.0 112.0 642.0 975.0 653.0 975.0 
2 3 0.92 0.92 594.0 333.0 594.0 803.0 94.0 803.0 760.0 185.0 760.0 
2 4 1.01 1.01 594.0 333.0 594.0 803.0 94.0 803.0 760.0 185.0 760.0 31.0 3.0 31.0 
2 5 1.94 1.94 594.0 333.0 594.0 803.0 94.0 803.0 760.0 185.0 760.0 31.0 3.0 31.0 816.0 756.0 816.0 
2 3 0.79 0.79 694.0 218.0 694.0 429.0 205.0 429.0 226.0 1.0 226.0 
2 4 1.55 1.55 694.0 218.0 694.0 429.0 205.0 429.0 226.0 1.0 226.0 316.0 241.0 316.0 
2 3 0.6 0.6 605.0 297.0 605.0 190.0 1.0 190.0 44.0 5.0 44.0 
2 4 1.05 1.05 605.0 297.0 605.0 190.0 1.0 190.0 44.0 5.0 44.0 806.0 359.0 806.0 
2 5 1.15 1.15 605.0 297.0 605.0 190.0 1.0 190.0 44.0 5.0 44.0 806.0 359.0 806.0 796.0 78.0 796.0 
2 6 1.39 1.39 605.0 297.0 605.0 190.0 1.0 190.0 44.0 5.0 44.0 806.0 359.0 806.0 796.0 78.0 796.0 847.0 209.0 847.0 
2 7 1.75 1.75 605.0 297.0 605.0 190.0 1.0 190.0 44.0 5.0 44.0 806.0 359.0 806.0 796.0 78.0 796.0 847.0 209.0 847.0 157.0 55.0 157.0 
2 8 1.92 1.92 605.0 297.0 605.0 190.0 1.0 190.0 44.0 5.0 44.0 806.0 359.0 806.0 796.0 78.0 796.0 847.0 209.0 847.0 157.0 55.0 157.0 791.0 135.0 791.0 
2 3 0.84 0.84 451.0 186.0 451.0 168.0 30.0 168.0 4.0 1.0 4.0 
2 4 1.09 1.09 451.0 186.0 451.0 168.0 30.0 168.0 4.0 1.0 4.0 213.0 54.0 213.0 
2 5 1.12 1.12 451.0 186.0 451.0 168.0 30.0 168.0 4.0 1.0 4.0 213.0 54.0 213.0 825.0 27.0 825.0 
2 6 1.49 1.49 451.0 186.0 451.0 168.0 30.0 168.0 4.0 1.0 4.0 213.0 54.0 213.0 825.0 27.0 825.0 500.0 184.0 500.0 
2 7 1.6 1.6 451.0 186.0 451.0 168.0 30.0 168.0 4.0 1.0 4.0 213.0 54.0 213.0 825.0 27.0 825.0 500.0 184.0 500.0 131.0 15.0 131.0 
2 3 0.88 0.88 739.0 148.0 739.0 927.0 105.0 927.0 799.0 460.0 799.0 
2 4 1.17 1.17 739.0 148.0 739.0 927.0 105.0 927.0 799.0 460.0 799.0 74.0 21.0 74.0 
2 5 1.17 1.17 739.0 148.0 739.0 927.0 105.0 927.0 799.0 460.0 799.0 74.0 21.0 74.0 411.0 1.0 411.0 
2 6 1.22 1.22 739.0 148.0 739.0 927.0 105.0 927.0 799.0 460.0 799.0 74.0 21.0 74.0 411.0 1.0 411.0 83.0 4.0 83.0 
2 7 1.29 1.29 739.0 148.0 739.0 927.0 105.0 927.0 799.0 460.0 799.0 74.0 21.0 74.0 411.0 1.0 411.0 83.0 4.0 83.0 743.0 54.0 743.0 
2 8 1.57 1.57 739.0 148.0 739.0 927.0 105.0 927.0 799.0 460.0 799.0 74.0 21.0 74.0 411.0 1.0 411.0 83.0 4.0 83.0 743.0 54.0 743.0 612.0 171.0 612.0 
2 3 1.0 1.0 44.0 26.0 44.0 202.0 19.0 202.0 197.0 64.0 197.0 
2 4 1.06 1.06 44.0 26.0 44.0 202.0 19.0 202.0 197.0 64.0 197.0 679.0 37.0 679.0 
2 5 1.56 1.56 44.0 26.0 44.0 202.0 19.0 202.0 197.0 64.0 197.0 679.0 37.0 679.0 824.0 416.0 824.0 
2 6 1.67 1.67 44.0 26.0 44.0 202.0 19.0 202.0 197.0 64.0 197.0 679.0 37.0 679.0 824.0 416.0 824.0 160.0 17.0 160.0 
2 7 1.74 1.74 44.0 26.0 44.0 202.0 19.0 202.0 197.0 64.0 197.0 679.0 37.0 679.0 824.0 416.0 824.0 160.0 17.0 160.0 221.0 15.0 221.0 
2 3 0.28 0.28 291.0 30.0 291.0 618.0 104.0 618.0 218.0 2.0 218.0 
2 4 0.37 0.37 291.0 30.0 291.0 618.0 104.0 618.0 218.0 2.0 218.0 379.0 35.0 379.0 
2 5 0.42 0.42 291.0 30.0 291.0 618.0 104.0 618.0 218.0 2.0 218.0 379.0 35.0 379.0 779.0 43.0 779.0 
2 6 0.64 0.64 291.0 30.0 291.0 618.0 104.0 618.0 218.0 2.0 218.0 379.0 35.0 379.0 779.0 43.0 779.0 136.0 30.0 136.0 
2 7 0.67 0.67 291.0 30.0 291.0 618.0 104.0 618.0 218.0 2.0 218.0 379.0 35.0 379.0 779.0 43.0 779.0 136.0 30.0 136.0 70.0 2.0 70.0 
2 8 0.72 0.72 291.0 30.0 291.0 618.0 104.0 618.0 218.0 2.0 218.0 379.0 35.0 379.0 779.0 43.0 779.0 136.0 30.0 136.0 70.0 2.0 70.0 305.0 14.0 305.0 
2 9 0.99 0.99 291.0 30.0 291.0 618.0 104.0 618.0 218.0 2.0 218.0 379.0 35.0 379.0 779.0 43.0 779.0 136.0 30.0 136.0 70.0 2.0 70.0 305.0 14.0 305.0 182.0 50.0 182.0 
2 10 1.23 1.23 291.0 30.0 291.0 618.0 104.0 618.0 218.0 2.0 218.0 379.0 35.0 379.0 779.0 43.0 779.0 136.0 30.0 136.0 70.0 2.0 70.0 305.0 14.0 305.0 182.0 50.0 182.0 142.0 33.0 142.0 
2 11 1.39 1.39 291.0 30.0 291.0 618.0 104.0 618.0 218.0 2.0 218.0 379.0 35.0 379.0 779.0 43.0 779.0 136.0 30.0 136.0 70.0 2.0 70.0 305.0 14.0 305.0 182.0 50.0 182.0 142.0 33.0 142.0 198.0 32.0 198.0 
2 3 0.67 0.67 568.0 181.0 568.0 761.0 202.0 761.0 690.0 63.0 690.0 
2 4 0.99 0.99 568.0 181.0 568.0 761.0 202.0 761.0 690.0 63.0 690.0 867.0 275.0 867.0 
2 5 1.53 1.53 568.0 181.0 568.0 761.0 202.0 761.0 690.0 63.0 690.0 867.0 275.0 867.0 847.0 461.0 847.0 
2 6 1.75 1.75 568.0 181.0 568.0 761.0 202.0 761.0 690.0 63.0 690.0 867.0 275.0 867.0 847.0 461.0 847.0 848.0 185.0 848.0 
2 7 1.83 1.83 568.0 181.0 568.0 761.0 202.0 761.0 690.0 63.0 690.0 867.0 275.0 867.0 847.0 461.0 847.0 848.0 185.0 848.0 646.0 49.0 646.0 
2 3 1.48 1.48 584.0 444.0 584.0 908.0 171.0 908.0 919.0 491.0 919.0 
2 4 1.55 1.55 584.0 444.0 584.0 908.0 171.0 908.0 919.0 491.0 919.0 966.0 72.0 966.0 
2 5 1.63 1.63 584.0 444.0 584.0 908.0 171.0 908.0 919.0 491.0 919.0 966.0 72.0 966.0 518.0 38.0 518.0 
2 3 1.46 1.46 899.0 428.0 899.0 818.0 355.0 818.0 923.0 516.0 923.0 
2 3 1.28 1.28 519.0 305.0 519.0 664.0 422.0 664.0 452.0 29.0 452.0 
2 4 1.33 1.33 519.0 305.0 519.0 664.0 422.0 664.0 452.0 29.0 452.0 970.0 42.0 970.0 
2 5 1.96 1.96 519.0 305.0 519.0 664.0 422.0 664.0 452.0 29.0 452.0 970.0 42.0 970.0 671.0 424.0 671.0 
2 3 1.26 1.26 955.0 224.0 955.0 836.0 577.0 836.0 286.0 98.0 286.0 
2 4 1.56 1.56 955.0 224.0 955.0 836.0 577.0 836.0 286.0 98.0 286.0 113.0 34.0 113.0 
2 5 1.88 1.88 955.0 224.0 955.0 836.0 577.0 836.0 286.0 98.0 286.0 113.0 34.0 113.0 988.0 313.0 988.0 
2 3 1.04 1.04 859.0 154.0 859.0 882.0 730.0 882.0 75.0 3.0 75.0 
2 4 1.17 1.17 859.0 154.0 859.0 882.0 730.0 882.0 75.0 3.0 75.0 291.0 38.0 291.0 
2 5 1.34 1.34 859.0 154.0 859.0 882.0 730.0 882.0 75.0 3.0 75.0 291.0 38.0 291.0 882.0 150.0 882.0 
2 6 1.52 1.52 859.0 154.0 859.0 882.0 730.0 882.0 75.0 3.0 75.0 291.0 38.0 291.0 882.0 150.0 882.0 335.0 60.0 335.0 
2 7 1.83 1.83 859.0 154.0 859.0 882.0 730.0 882.0 75.0 3.0 75.0 291.0 38.0 291.0 882.0 150.0 882.0 335.0 60.0 335.0 716.0 222.0 716.0 
2 3 1.33 1.33 452.0 41.0 452.0 29.0 25.0 29.0 366.0 141.0 366.0 
2 4 1.52 1.52 452.0 41.0 452.0 29.0 25.0 29.0 366.0 141.0 366.0 337.0 64.0 337.0 
2 5 1.81 1.81 452.0 41.0 452.0 29.0 25.0 29.0 366.0 141.0 366.0 337.0 64.0 337.0 490.0 143.0 490.0 
2 6 1.86 1.86 452.0 41.0 452.0 29.0 25.0 29.0 366.0 141.0 366.0 337.0 64.0 337.0 490.0 143.0 490.0 395.0 16.0 395.0 
2 3 0.52 0.52 582.0 74.0 582.0 285.0 37.0 285.0 501.0 136.0 501.0 
2 4 1.34 1.34 582.0 74.0 582.0 285.0 37.0 285.0 501.0 136.0 501.0 851.0 699.0 851.0 
2 5 1.48 1.48 582.0 74.0 582.0 285.0 37.0 285.0 501.0 136.0 501.0 851.0 699.0 851.0 217.0 30.0 217.0 
2 6 1.85 1.85 582.0 74.0 582.0 285.0 37.0 285.0 501.0 136.0 501.0 851.0 699.0 851.0 217.0 30.0 217.0 979.0 357.0 979.0 
2 3 0.54 0.54 576.0 144.0 576.0 549.0 24.0 549.0 199.0 51.0 199.0 
2 4 0.57 0.57 576.0 144.0 576.0 549.0 24.0 549.0 199.0 51.0 199.0 622.0 18.0 622.0 
2 5 0.78 0.78 576.0 144.0 576.0 549.0 24.0 549.0 199.0 51.0 199.0 622.0 18.0 622.0 819.0 165.0 819.0 
2 6 0.81 0.81 576.0 144.0 576.0 549.0 24.0 549.0 199.0 51.0 199.0 622.0 18.0 622.0 819.0 165.0 819.0 348.0 11.0 348.0 
2 7 0.86 0.86 576.0 144.0 576.0 549.0 24.0 549.0 199.0 51.0 199.0 622.0 18.0 622.0 819.0 165.0 819.0 348.0 11.0 348.0 522.0 26.0 522.0 
2 8 1.33 1.33 576.0 144.0 576.0 549.0 24.0 549.0 199.0 51.0 199.0 622.0 18.0 622.0 819.0 165.0 819.0 348.0 11.0 348.0 522.0 26.0 522.0 405.0 193.0 405.0 
2 9 1.77 1.77 576.0 144.0 576.0 549.0 24.0 549.0 199.0 51.0 199.0 622.0 18.0 622.0 819.0 165.0 819.0 348.0 11.0 348.0 522.0 26.0 522.0 405.0 193.0 405.0 530.0 232.0 530.0 
2 10 1.91 1.91 576.0 144.0 576.0 549.0 24.0 549.0 199.0 51.0 199.0 622.0 18.0 622.0 819.0 165.0 819.0 348.0 11.0 348.0 522.0 26.0 522.0 405.0 193.0 405.0 530.0 232.0 530.0 499.0 68.0 499.0 
2 3 0.97 0.97 523.0 374.0 523.0 823.0 49.0 823.0 660.0 133.0 660.0 
2 4 1.0 1.0 523.0 374.0 523.0 823.0 49.0 823.0 660.0 133.0 660.0 246.0 7.0 246.0 
2 5 1.03 1.03 523.0 374.0 523.0 823.0 49.0 823.0 660.0 133.0 660.0 246.0 7.0 246.0 106.0 3.0 106.0 
