1 2 0.24 0.24 128.0 29.0 128.0 498.0 8.0 498.0 
1 3 0.66 0.66 128.0 29.0 128.0 498.0 8.0 498.0 864.0 365.0 864.0 
1 4 0.93 0.93 128.0 29.0 128.0 498.0 8.0 498.0 864.0 365.0 864.0 83.0 22.0 83.0 
1 5 0.94 0.94 128.0 29.0 128.0 498.0 8.0 498.0 864.0 365.0 864.0 83.0 22.0 83.0 874.0 11.0 874.0 
1 2 0.79 0.79 46.0 22.0 46.0 185.0 59.0 185.0 
1 2 0.79 0.79 39.0 27.0 39.0 270.0 28.0 270.0 
1 2 0.78 0.78 105.0 6.0 105.0 389.0 282.0 389.0 
1 2 0.98 0.98 89.0 27.0 89.0 725.0 497.0 725.0 
1 2 0.98 0.98 338.0 163.0 338.0 77.0 39.0 77.0 
1 2 0.8 0.8 58.0 46.0 58.0 215.0 2.0 215.0 
1 2 0.99 0.99 682.0 275.0 682.0 569.0 335.0 569.0 
1 2 0.38 0.38 424.0 62.0 424.0 857.0 204.0 857.0 
1 2 0.87 0.87 373.0 293.0 373.0 45.0 4.0 45.0 
1 2 0.87 0.87 855.0 63.0 855.0 911.0 733.0 911.0 
1 2 0.58 0.58 268.0 66.0 268.0 103.0 35.0 103.0 
1 2 0.15 0.15 521.0 64.0 521.0 243.0 9.0 243.0 
1 3 0.41 0.41 521.0 64.0 521.0 243.0 9.0 243.0 175.0 45.0 175.0 
1 4 0.99 0.99 521.0 64.0 521.0 243.0 9.0 243.0 175.0 45.0 175.0 368.0 214.0 368.0 
1 2 0.91 0.91 274.0 249.0 274.0 702.0 1.0 702.0 
1 2 0.74 0.74 385.0 255.0 385.0 884.0 72.0 884.0 
1 3 0.77 0.77 385.0 255.0 385.0 884.0 72.0 884.0 214.0 6.0 214.0 
1 4 0.87 0.87 385.0 255.0 385.0 884.0 72.0 884.0 214.0 6.0 214.0 156.0 16.0 156.0 
1 2 0.82 0.82 548.0 233.0 548.0 831.0 332.0 831.0 
1 2 0.99 0.99 564.0 88.0 564.0 233.0 196.0 233.0 
1 2 0.31 0.31 563.0 100.0 563.0 494.0 66.0 494.0 
1 3 0.37 0.37 563.0 100.0 563.0 494.0 66.0 494.0 666.0 45.0 666.0 
1 2 0.8 0.8 392.0 151.0 392.0 285.0 120.0 285.0 
1 2 0.99 0.99 577.0 313.0 577.0 662.0 300.0 662.0 
1 2 0.54 0.54 720.0 254.0 720.0 112.0 21.0 112.0 
1 2 0.73 0.73 385.0 72.0 385.0 593.0 327.0 593.0 
1 2 0.79 0.79 938.0 157.0 938.0 844.0 528.0 844.0 
1 2 0.65 0.65 729.0 51.0 729.0 829.0 486.0 829.0 
1 2 0.99 0.99 493.0 33.0 493.0 920.0 857.0 920.0 
1 2 0.77 0.77 223.0 14.0 223.0 391.0 277.0 391.0 
1 2 0.17 0.17 723.0 24.0 723.0 349.0 49.0 349.0 
1 3 0.98 0.98 723.0 24.0 723.0 349.0 49.0 349.0 491.0 396.0 491.0 
1 2 0.7 0.7 839.0 453.0 839.0 214.0 36.0 214.0 
1 2 0.79 0.79 216.0 121.0 216.0 622.0 145.0 622.0 
1 2 0.55 0.55 943.0 372.0 943.0 149.0 24.0 149.0 
1 2 0.56 0.56 355.0 8.0 355.0 830.0 450.0 830.0 
1 2 0.92 0.92 754.0 195.0 754.0 857.0 570.0 857.0 
1 2 0.65 0.65 267.0 127.0 267.0 917.0 161.0 917.0 
1 3 0.91 0.91 267.0 127.0 267.0 917.0 161.0 917.0 559.0 148.0 559.0 
1 2 0.69 0.69 353.0 214.0 353.0 720.0 62.0 720.0 
1 2 0.97 0.97 683.0 175.0 683.0 599.0 430.0 599.0 
1 2 0.62 0.62 378.0 136.0 378.0 413.0 110.0 413.0 
1 2 0.78 0.78 798.0 300.0 798.0 190.0 77.0 190.0 
1 2 0.76 0.76 363.0 23.0 363.0 443.0 309.0 443.0 
1 2 0.32 0.32 125.0 19.0 125.0 957.0 164.0 957.0 
1 2 0.62 0.62 456.0 12.0 456.0 158.0 95.0 158.0 
1 2 0.56 0.56 682.0 350.0 682.0 471.0 23.0 471.0 
1 3 0.92 0.92 682.0 350.0 682.0 471.0 23.0 471.0 652.0 237.0 652.0 
1 2 0.65 0.65 287.0 37.0 287.0 188.0 99.0 188.0 
1 2 0.71 0.71 601.0 376.0 601.0 928.0 82.0 928.0 
1 2 0.98 0.98 776.0 136.0 776.0 846.0 683.0 846.0 
1 2 0.3 0.3 777.0 44.0 777.0 561.0 139.0 561.0 
1 3 0.44 0.44 777.0 44.0 777.0 561.0 139.0 561.0 346.0 47.0 346.0 
1 4 0.64 0.64 777.0 44.0 777.0 561.0 139.0 561.0 346.0 47.0 346.0 137.0 28.0 137.0 
1 2 0.96 0.96 290.0 278.0 290.0 181.0 1.0 181.0 
1 2 0.4 0.4 300.0 85.0 300.0 60.0 7.0 60.0 
1 3 0.75 0.75 300.0 85.0 300.0 60.0 7.0 60.0 639.0 230.0 639.0 
1 2 0.88 0.88 552.0 206.0 552.0 583.0 298.0 583.0 
1 2 0.63 0.63 127.0 64.0 127.0 293.0 38.0 293.0 
1 3 0.93 0.93 127.0 64.0 127.0 293.0 38.0 293.0 270.0 82.0 270.0 
1 2 0.89 0.89 246.0 212.0 246.0 672.0 24.0 672.0 
1 2 0.66 0.66 205.0 116.0 205.0 506.0 51.0 506.0 
1 2 0.59 0.59 287.0 21.0 287.0 764.0 402.0 764.0 
1 2 0.4 0.4 698.0 256.0 698.0 383.0 13.0 383.0 
1 3 0.83 0.83 698.0 256.0 698.0 383.0 13.0 383.0 940.0 411.0 940.0 
1 2 0.99 0.99 859.0 209.0 859.0 87.0 65.0 87.0 
1 2 0.8 0.8 742.0 362.0 742.0 156.0 50.0 156.0 
1 2 0.52 0.52 115.0 29.0 115.0 696.0 193.0 696.0 
1 2 0.65 0.65 958.0 235.0 958.0 282.0 116.0 282.0 
1 2 0.63 0.63 774.0 451.0 774.0 431.0 21.0 431.0 
1 3 0.73 0.73 774.0 451.0 774.0 431.0 21.0 431.0 585.0 61.0 585.0 
1 2 0.93 0.93 844.0 527.0 844.0 805.0 252.0 805.0 
1 3 0.98 0.98 844.0 527.0 844.0 805.0 252.0 805.0 998.0 48.0 998.0 
1 2 0.69 0.69 672.0 439.0 672.0 832.0 38.0 832.0 
1 3 0.89 0.89 672.0 439.0 672.0 832.0 38.0 832.0 410.0 81.0 410.0 
1 2 0.38 0.38 954.0 148.0 954.0 537.0 126.0 537.0 
1 3 0.53 0.53 954.0 148.0 954.0 537.0 126.0 537.0 806.0 116.0 806.0 
1 4 0.86 0.86 954.0 148.0 954.0 537.0 126.0 537.0 806.0 116.0 806.0 159.0 53.0 159.0 
1 2 0.53 0.53 322.0 34.0 322.0 379.0 164.0 379.0 
1 2 0.95 0.95 253.0 101.0 253.0 279.0 154.0 279.0 
1 2 0.74 0.74 574.0 105.0 574.0 507.0 287.0 507.0 
1 2 0.65 0.65 277.0 109.0 277.0 907.0 241.0 907.0 
1 3 0.81 0.81 277.0 109.0 277.0 907.0 241.0 907.0 812.0 129.0 812.0 
1 2 0.64 0.64 400.0 147.0 400.0 409.0 112.0 409.0 
1 3 0.66 0.66 400.0 147.0 400.0 409.0 112.0 409.0 211.0 6.0 211.0 
1 4 0.72 0.72 400.0 147.0 400.0 409.0 112.0 409.0 211.0 6.0 211.0 291.0 15.0 291.0 
1 5 0.84 0.84 400.0 147.0 400.0 409.0 112.0 409.0 211.0 6.0 211.0 291.0 15.0 291.0 768.0 96.0 768.0 
1 2 0.13 0.13 209.0 24.0 209.0 472.0 8.0 472.0 
1 3 0.74 0.74 209.0 24.0 209.0 472.0 8.0 472.0 462.0 283.0 462.0 
1 2 0.57 0.57 95.0 52.0 95.0 658.0 19.0 658.0 
1 2 0.55 0.55 771.0 58.0 771.0 444.0 215.0 444.0 
1 2 0.69 0.69 920.0 153.0 920.0 136.0 72.0 136.0 
1 2 0.74 0.74 83.0 44.0 83.0 868.0 187.0 868.0 
1 2 0.76 0.76 251.0 150.0 251.0 472.0 81.0 472.0 
1 2 0.69 0.69 972.0 503.0 972.0 435.0 78.0 435.0 
1 2 0.66 0.66 768.0 460.0 768.0 240.0 16.0 240.0 
1 3 0.74 0.74 768.0 460.0 768.0 240.0 16.0 240.0 429.0 34.0 429.0 
1 2 0.41 0.41 600.0 130.0 600.0 424.0 82.0 424.0 
1 2 0.97 0.97 948.0 680.0 948.0 126.0 33.0 126.0 
1 2 0.89 0.89 47.0 25.0 47.0 145.0 52.0 145.0 
1 2 0.37 0.37 802.0 109.0 802.0 310.0 74.0 310.0 
1 2 0.66 0.66 272.0 175.0 272.0 907.0 21.0 907.0 
1 3 0.67 0.67 272.0 175.0 272.0 907.0 21.0 907.0 962.0 5.0 962.0 
1 4 0.92 0.92 272.0 175.0 272.0 907.0 21.0 907.0 962.0 5.0 962.0 880.0 225.0 880.0 
1 2 0.73 0.73 589.0 370.0 589.0 469.0 48.0 469.0 
1 2 0.12 0.12 701.0 3.0 701.0 967.0 120.0 967.0 
1 3 0.7 0.7 701.0 3.0 701.0 967.0 120.0 967.0 738.0 424.0 738.0 
1 2 0.79 0.79 593.0 56.0 593.0 90.0 63.0 90.0 
1 2 0.6 0.6 232.0 107.0 232.0 506.0 74.0 506.0 
1 2 0.5 0.5 605.0 284.0 605.0 886.0 29.0 886.0 
1 3 0.6 0.6 605.0 284.0 605.0 886.0 29.0 886.0 996.0 105.0 996.0 
1 2 0.88 0.88 236.0 22.0 236.0 236.0 186.0 236.0 
1 2 0.42 0.42 836.0 181.0 836.0 992.0 205.0 992.0 
1 3 0.81 0.81 836.0 181.0 836.0 992.0 205.0 992.0 449.0 176.0 449.0 
1 4 0.95 0.95 836.0 181.0 836.0 992.0 205.0 992.0 449.0 176.0 449.0 543.0 75.0 543.0 
1 2 0.73 0.73 797.0 347.0 797.0 208.0 63.0 208.0 
1 3 0.88 0.88 797.0 347.0 797.0 208.0 63.0 208.0 292.0 44.0 292.0 
1 2 0.67 0.67 378.0 247.0 378.0 216.0 4.0 216.0 
1 3 0.7 0.7 378.0 247.0 378.0 216.0 4.0 216.0 936.0 32.0 936.0 
1 2 0.54 0.54 102.0 32.0 102.0 56.0 13.0 56.0 
1 2 0.4 0.4 861.0 228.0 861.0 871.0 126.0 871.0 
1 3 0.94 0.94 861.0 228.0 861.0 871.0 126.0 871.0 284.0 153.0 284.0 
1 2 0.87 0.87 459.0 258.0 459.0 124.0 39.0 124.0 
1 2 0.11 0.11 524.0 27.0 524.0 295.0 20.0 295.0 
1 3 0.83 0.83 524.0 27.0 524.0 295.0 20.0 295.0 361.0 257.0 361.0 
1 2 0.58 0.58 499.0 281.0 499.0 872.0 23.0 872.0 
1 2 0.85 0.85 716.0 346.0 716.0 544.0 200.0 544.0 
1 3 0.89 0.89 716.0 346.0 716.0 544.0 200.0 544.0 143.0 7.0 143.0 
1 2 0.9 0.9 203.0 68.0 203.0 756.0 430.0 756.0 
1 3 0.9 0.9 203.0 68.0 203.0 756.0 430.0 756.0 859.0 1.0 859.0 
1 2 0.98 0.98 120.0 7.0 120.0 426.0 395.0 426.0 
1 2 0.82 0.82 746.0 55.0 746.0 951.0 711.0 951.0 
1 2 0.94 0.94 505.0 409.0 505.0 468.0 65.0 468.0 
1 2 0.32 0.32 755.0 155.0 755.0 526.0 63.0 526.0 
1 3 0.39 0.39 755.0 155.0 755.0 526.0 63.0 526.0 701.0 46.0 701.0 
1 4 0.76 0.76 755.0 155.0 755.0 526.0 63.0 526.0 701.0 46.0 701.0 873.0 329.0 873.0 
1 5 0.95 0.95 755.0 155.0 755.0 526.0 63.0 526.0 701.0 46.0 701.0 873.0 329.0 873.0 957.0 175.0 957.0 
1 2 0.36 0.36 476.0 120.0 476.0 976.0 109.0 976.0 
1 3 0.88 0.88 476.0 120.0 476.0 976.0 109.0 976.0 48.0 25.0 48.0 
1 2 0.5 0.5 654.0 155.0 654.0 472.0 126.0 472.0 
1 2 0.99 0.99 987.0 379.0 987.0 139.0 85.0 139.0 
1 2 0.95 0.95 516.0 215.0 516.0 453.0 244.0 453.0 
1 2 0.91 0.91 323.0 171.0 323.0 889.0 339.0 889.0 
1 2 0.73 0.73 588.0 82.0 588.0 745.0 444.0 745.0 
1 3 0.92 0.92 588.0 82.0 588.0 745.0 444.0 745.0 578.0 108.0 578.0 
1 2 0.88 0.88 191.0 111.0 191.0 10.0 3.0 10.0 
1 3 0.91 0.91 191.0 111.0 191.0 10.0 3.0 10.0 803.0 25.0 803.0 
1 2 0.97 0.97 687.0 505.0 687.0 812.0 197.0 812.0 
1 2 0.87 0.87 901.0 103.0 901.0 34.0 26.0 34.0 
1 2 0.82 0.82 474.0 47.0 474.0 99.0 72.0 99.0 
1 2 0.63 0.63 482.0 63.0 482.0 852.0 431.0 852.0 
1 2 0.58 0.58 711.0 337.0 711.0 835.0 91.0 835.0 
1 3 0.68 0.68 711.0 337.0 711.0 835.0 91.0 835.0 616.0 63.0 616.0 
1 4 0.87 0.87 711.0 337.0 711.0 835.0 91.0 835.0 616.0 63.0 616.0 16.0 3.0 16.0 
1 5 0.98 0.98 711.0 337.0 711.0 835.0 91.0 835.0 616.0 63.0 616.0 16.0 3.0 16.0 609.0 67.0 609.0 
1 2 0.4 0.4 739.0 279.0 739.0 588.0 16.0 588.0 
1 3 0.93 0.93 739.0 279.0 739.0 588.0 16.0 588.0 15.0 8.0 15.0 
1 2 0.7 0.7 19.0 7.0 19.0 141.0 48.0 141.0 
1 2 0.3 0.3 652.0 160.0 652.0 765.0 48.0 765.0 
1 2 0.99 0.99 445.0 7.0 445.0 773.0 759.0 773.0 
1 2 0.71 0.71 163.0 29.0 163.0 497.0 265.0 497.0 
1 3 0.88 0.88 163.0 29.0 163.0 497.0 265.0 497.0 898.0 160.0 898.0 
1 2 0.54 0.54 263.0 15.0 263.0 642.0 316.0 642.0 
1 3 0.92 0.92 263.0 15.0 263.0 642.0 316.0 642.0 205.0 78.0 205.0 
1 2 0.33 0.33 438.0 128.0 438.0 245.0 10.0 245.0 
1 3 0.74 0.74 438.0 128.0 438.0 245.0 10.0 245.0 932.0 384.0 932.0 
1 2 0.89 0.89 448.0 154.0 448.0 705.0 389.0 705.0 
1 2 0.92 0.92 663.0 139.0 663.0 489.0 352.0 489.0 
1 2 0.17 0.17 221.0 11.0 221.0 393.0 51.0 393.0 
1 3 0.87 0.87 221.0 11.0 221.0 393.0 51.0 393.0 710.0 492.0 710.0 
1 2 0.82 0.82 557.0 284.0 557.0 345.0 107.0 345.0 
1 2 0.23 0.23 389.0 41.0 389.0 98.0 13.0 98.0 
1 3 0.57 0.57 389.0 41.0 389.0 98.0 13.0 98.0 500.0 170.0 500.0 
1 4 0.63 0.63 389.0 41.0 389.0 98.0 13.0 98.0 500.0 170.0 500.0 55.0 3.0 55.0 
1 2 0.92 0.92 680.0 258.0 680.0 890.0 490.0 890.0 
1 2 0.26 0.26 543.0 124.0 543.0 934.0 30.0 934.0 
1 3 0.35 0.35 543.0 124.0 543.0 934.0 30.0 934.0 227.0 22.0 227.0 
1 4 0.83 0.83 543.0 124.0 543.0 934.0 30.0 934.0 227.0 22.0 227.0 939.0 452.0 939.0 
1 2 0.46 0.46 88.0 22.0 88.0 95.0 20.0 95.0 
1 3 0.86 0.86 88.0 22.0 88.0 95.0 20.0 95.0 196.0 80.0 196.0 
1 2 0.81 0.81 697.0 71.0 697.0 846.0 604.0 846.0 
1 3 0.82 0.82 697.0 71.0 697.0 846.0 604.0 846.0 483.0 6.0 483.0 
1 2 0.33 0.33 485.0 142.0 485.0 134.0 6.0 134.0 
1 3 0.46 0.46 485.0 142.0 485.0 134.0 6.0 134.0 199.0 25.0 199.0 
1 2 0.59 0.59 387.0 72.0 387.0 368.0 151.0 368.0 
1 3 0.9 0.9 387.0 72.0 387.0 368.0 151.0 368.0 62.0 19.0 62.0 
1 4 0.98 0.98 387.0 72.0 387.0 368.0 151.0 368.0 62.0 19.0 62.0 328.0 27.0 328.0 
1 2 0.98 0.98 692.0 423.0 692.0 351.0 132.0 351.0 
1 2 0.2 0.2 224.0 23.0 224.0 273.0 29.0 273.0 
1 2 0.99 0.99 631.0 276.0 631.0 9.0 5.0 9.0 
1 2 0.96 0.96 98.0 46.0 98.0 631.0 314.0 631.0 
1 2 0.86 0.86 77.0 18.0 77.0 140.0 89.0 140.0 
1 2 0.99 0.99 870.0 242.0 870.0 459.0 329.0 459.0 
1 2 0.8 0.8 421.0 119.0 421.0 454.0 239.0 454.0 
1 2 0.59 0.59 384.0 79.0 384.0 821.0 321.0 821.0 
1 2 0.61 0.61 329.0 182.0 329.0 926.0 56.0 926.0 
1 2 0.62 0.62 725.0 427.0 725.0 98.0 4.0 98.0 
1 2 0.89 0.89 310.0 109.0 310.0 339.0 183.0 339.0 
1 2 0.82 0.82 895.0 287.0 895.0 543.0 276.0 543.0 
1 3 0.83 0.83 895.0 287.0 895.0 543.0 276.0 543.0 825.0 1.0 825.0 
1 4 0.96 0.96 895.0 287.0 895.0 543.0 276.0 543.0 825.0 1.0 825.0 450.0 61.0 450.0 
1 2 0.55 0.55 519.0 128.0 519.0 578.0 179.0 578.0 
1 2 0.41 0.41 442.0 180.0 442.0 341.0 4.0 341.0 
1 2 0.92 0.92 431.0 256.0 431.0 864.0 286.0 864.0 
1 2 0.87 0.87 100.0 86.0 100.0 186.0 2.0 186.0 
1 2 0.92 0.92 783.0 262.0 783.0 529.0 311.0 529.0 
1 2 0.34 0.34 185.0 32.0 185.0 318.0 54.0 318.0 
1 3 0.65 0.65 185.0 32.0 185.0 318.0 54.0 318.0 568.0 175.0 568.0 
1 2 0.64 0.64 514.0 193.0 514.0 41.0 11.0 41.0 
1 2 0.18 0.18 571.0 31.0 571.0 325.0 41.0 325.0 
1 3 0.45 0.45 571.0 31.0 571.0 325.0 41.0 325.0 22.0 6.0 22.0 
1 4 0.9 0.9 571.0 31.0 571.0 325.0 41.0 325.0 22.0 6.0 22.0 476.0 217.0 476.0 
1 2 0.96 0.96 513.0 35.0 513.0 513.0 460.0 513.0 
1 2 0.47 0.47 415.0 180.0 415.0 478.0 19.0 478.0 
1 3 0.73 0.73 415.0 180.0 415.0 478.0 19.0 478.0 70.0 18.0 70.0 
1 2 0.58 0.58 720.0 62.0 720.0 293.0 146.0 293.0 
1 2 0.9 0.9 596.0 524.0 596.0 865.0 22.0 865.0 
1 2 0.59 0.59 427.0 35.0 427.0 571.0 294.0 571.0 
1 2 0.22 0.22 455.0 61.0 455.0 919.0 83.0 919.0 
1 3 0.79 0.79 455.0 61.0 455.0 919.0 83.0 919.0 830.0 472.0 830.0 
1 2 0.92 0.92 457.0 205.0 457.0 249.0 118.0 249.0 
1 2 0.89 0.89 559.0 176.0 559.0 324.0 187.0 324.0 
1 2 0.67 0.67 807.0 259.0 807.0 257.0 92.0 257.0 
1 3 0.75 0.75 807.0 259.0 807.0 257.0 92.0 257.0 997.0 78.0 997.0 
1 2 0.74 0.74 306.0 6.0 306.0 684.0 496.0 684.0 
1 2 0.87 0.87 767.0 355.0 767.0 514.0 211.0 514.0 
1 2 0.26 0.26 616.0 4.0 616.0 823.0 216.0 823.0 
1 2 0.98 0.98 142.0 98.0 142.0 663.0 195.0 663.0 
1 2 0.81 0.81 592.0 338.0 592.0 920.0 228.0 920.0 
1 2 0.68 0.68 903.0 195.0 903.0 593.0 281.0 593.0 
1 2 0.23 0.23 746.0 9.0 746.0 639.0 145.0 639.0 
1 2 0.6 0.6 729.0 339.0 729.0 87.0 12.0 87.0 
1 2 0.95 0.95 582.0 97.0 582.0 745.0 588.0 745.0 
1 2 0.62 0.62 763.0 237.0 763.0 336.0 104.0 336.0 
1 3 0.86 0.86 763.0 237.0 763.0 336.0 104.0 336.0 261.0 63.0 261.0 
1 2 0.64 0.64 356.0 19.0 356.0 888.0 525.0 888.0 
1 3 0.68 0.68 356.0 19.0 356.0 888.0 525.0 888.0 692.0 26.0 692.0 
1 2 0.88 0.88 25.0 16.0 25.0 599.0 147.0 599.0 
1 2 0.68 0.68 510.0 206.0 510.0 633.0 179.0 633.0 
1 2 0.59 0.59 420.0 161.0 420.0 917.0 193.0 917.0 
1 2 0.59 0.59 124.0 43.0 124.0 658.0 162.0 658.0 
1 2 0.77 0.77 640.0 176.0 640.0 917.0 459.0 917.0 
1 3 0.98 0.98 640.0 176.0 640.0 917.0 459.0 917.0 997.0 210.0 997.0 
1 2 0.99 0.99 773.0 446.0 773.0 455.0 191.0 455.0 
1 2 0.92 0.92 401.0 307.0 401.0 527.0 86.0 527.0 
1 2 0.45 0.45 446.0 192.0 446.0 617.0 13.0 617.0 
1 3 0.74 0.74 446.0 192.0 446.0 617.0 13.0 617.0 609.0 177.0 609.0 
1 2 0.98 0.98 108.0 9.0 108.0 805.0 724.0 805.0 
1 2 0.2 0.2 266.0 20.0 266.0 817.0 108.0 817.0 
1 2 0.48 0.48 653.0 86.0 653.0 985.0 346.0 985.0 
1 2 0.23 0.23 223.0 38.0 223.0 409.0 28.0 409.0 
1 3 0.51 0.51 223.0 38.0 223.0 409.0 28.0 409.0 398.0 109.0 398.0 
1 4 0.73 0.73 223.0 38.0 223.0 409.0 28.0 409.0 398.0 109.0 398.0 313.0 70.0 313.0 
1 2 0.89 0.89 346.0 300.0 346.0 205.0 5.0 205.0 
1 2 0.75 0.75 466.0 30.0 466.0 578.0 398.0 578.0 
1 2 0.99 0.99 113.0 32.0 113.0 447.0 320.0 447.0 
1 2 0.93 0.93 936.0 600.0 936.0 707.0 207.0 707.0 
1 2 0.99 0.99 85.0 49.0 85.0 152.0 63.0 152.0 
1 2 0.93 0.93 56.0 30.0 56.0 634.0 251.0 634.0 
1 2 0.53 0.53 995.0 477.0 995.0 359.0 21.0 359.0 
1 2 0.98 0.98 333.0 214.0 333.0 174.0 59.0 174.0 
1 2 0.54 0.54 220.0 102.0 220.0 355.0 30.0 355.0 
1 2 0.62 0.62 800.0 272.0 800.0 817.0 236.0 817.0 
1 3 0.63 0.63 800.0 272.0 800.0 817.0 236.0 817.0 301.0 1.0 301.0 
1 2 0.49 0.49 382.0 167.0 382.0 206.0 12.0 206.0 
1 2 0.81 0.81 825.0 169.0 825.0 916.0 559.0 916.0 
1 2 0.94 0.94 202.0 155.0 202.0 677.0 123.0 677.0 
1 2 0.8 0.8 565.0 79.0 565.0 279.0 185.0 279.0 
1 2 0.43 0.43 915.0 315.0 915.0 319.0 29.0 319.0 
1 2 0.83 0.83 922.0 346.0 922.0 87.0 40.0 87.0 
1 2 0.3 0.3 271.0 8.0 271.0 950.0 260.0 950.0 
1 2 0.53 0.53 987.0 77.0 987.0 662.0 303.0 662.0 
1 2 0.36 0.36 335.0 7.0 335.0 682.0 237.0 682.0 
1 3 0.83 0.83 335.0 7.0 335.0 682.0 237.0 682.0 688.0 323.0 688.0 
1 2 0.86 0.86 170.0 138.0 170.0 535.0 30.0 535.0 
1 2 0.73 0.73 848.0 456.0 848.0 26.0 5.0 26.0 
1 2 0.7 0.7 679.0 103.0 679.0 218.0 121.0 218.0 
1 2 0.78 0.78 692.0 132.0 692.0 741.0 440.0 741.0 
1 2 0.56 0.56 212.0 20.0 212.0 415.0 196.0 415.0 
1 2 0.66 0.66 76.0 2.0 76.0 643.0 413.0 643.0 
1 3 0.84 0.84 76.0 2.0 76.0 643.0 413.0 643.0 943.0 166.0 943.0 
1 2 0.61 0.61 576.0 107.0 576.0 49.0 21.0 49.0 
1 3 0.87 0.87 576.0 107.0 576.0 49.0 21.0 49.0 893.0 236.0 893.0 
1 2 0.43 0.43 878.0 140.0 878.0 118.0 33.0 118.0 
1 2 0.94 0.94 552.0 452.0 552.0 483.0 62.0 483.0 
1 2 0.7 0.7 715.0 124.0 715.0 764.0 407.0 764.0 
1 2 0.27 0.27 932.0 185.0 932.0 953.0 73.0 953.0 
1 3 0.3 0.3 932.0 185.0 932.0 953.0 73.0 953.0 381.0 13.0 381.0 
1 4 0.47 0.47 932.0 185.0 932.0 953.0 73.0 953.0 381.0 13.0 381.0 171.0 29.0 171.0 
1 5 0.99 0.99 932.0 185.0 932.0 953.0 73.0 953.0 381.0 13.0 381.0 171.0 29.0 171.0 594.0 304.0 594.0 
1 2 0.75 0.75 841.0 400.0 841.0 567.0 159.0 567.0 
1 2 0.7 0.7 787.0 20.0 787.0 644.0 435.0 644.0 
1 3 0.7 0.7 787.0 20.0 787.0 644.0 435.0 644.0 754.0 5.0 754.0 
1 2 0.24 0.24 844.0 164.0 844.0 857.0 47.0 857.0 
1 3 0.49 0.49 844.0 164.0 844.0 857.0 47.0 857.0 763.0 188.0 763.0 
1 4 0.93 0.93 844.0 164.0 844.0 857.0 47.0 857.0 763.0 188.0 763.0 729.0 318.0 729.0 
1 2 0.79 0.79 229.0 58.0 229.0 633.0 345.0 633.0 
1 2 0.3 0.3 538.0 125.0 538.0 39.0 3.0 39.0 
1 3 0.91 0.91 538.0 125.0 538.0 39.0 3.0 39.0 153.0 92.0 153.0 
1 2 0.85 0.85 675.0 60.0 675.0 26.0 20.0 26.0 
1 2 0.56 0.56 661.0 135.0 661.0 826.0 298.0 826.0 
1 3 0.73 0.73 661.0 135.0 661.0 826.0 298.0 826.0 328.0 56.0 328.0 
1 2 0.91 0.91 920.0 378.0 920.0 2.0 1.0 2.0 
1 2 0.54 0.54 125.0 47.0 125.0 854.0 144.0 854.0 
1 2 0.91 0.91 612.0 539.0 612.0 912.0 31.0 912.0 
1 2 0.08 0.08 384.0 25.0 384.0 435.0 10.0 435.0 
1 3 0.9 0.9 384.0 25.0 384.0 435.0 10.0 435.0 433.0 354.0 433.0 
1 4 0.99 0.99 384.0 25.0 384.0 435.0 10.0 435.0 433.0 354.0 433.0 747.0 70.0 747.0 
1 2 0.73 0.73 59.0 13.0 59.0 859.0 441.0 859.0 
1 3 0.81 0.81 59.0 13.0 59.0 859.0 441.0 859.0 722.0 62.0 722.0 
1 2 0.98 0.98 289.0 189.0 289.0 646.0 216.0 646.0 
1 2 0.77 0.77 836.0 315.0 836.0 351.0 141.0 351.0 
1 2 0.84 0.84 802.0 183.0 802.0 776.0 482.0 776.0 
1 2 0.66 0.66 252.0 99.0 252.0 160.0 43.0 160.0 
1 3 0.89 0.89 252.0 99.0 252.0 160.0 43.0 160.0 35.0 8.0 35.0 
1 2 0.61 0.61 753.0 106.0 753.0 747.0 356.0 747.0 
1 3 0.94 0.94 753.0 106.0 753.0 747.0 356.0 747.0 820.0 266.0 820.0 
1 2 0.26 0.26 979.0 225.0 979.0 850.0 29.0 850.0 
1 3 0.31 0.31 979.0 225.0 979.0 850.0 29.0 850.0 565.0 30.0 565.0 
1 4 0.33 0.33 979.0 225.0 979.0 850.0 29.0 850.0 565.0 30.0 565.0 542.0 12.0 542.0 
1 5 0.7 0.7 979.0 225.0 979.0 850.0 29.0 850.0 565.0 30.0 565.0 542.0 12.0 542.0 780.0 283.0 780.0 
1 2 0.7 0.7 880.0 324.0 880.0 144.0 48.0 144.0 
1 3 0.84 0.84 880.0 324.0 880.0 144.0 48.0 144.0 666.0 94.0 666.0 
1 2 0.8 0.8 982.0 111.0 982.0 914.0 634.0 914.0 
1 2 0.81 0.81 808.0 598.0 808.0 431.0 33.0 431.0 
1 2 0.71 0.71 318.0 138.0 318.0 711.0 199.0 711.0 
1 2 0.5 0.5 643.0 110.0 643.0 555.0 186.0 555.0 
1 3 0.99 0.99 643.0 110.0 643.0 555.0 186.0 555.0 95.0 46.0 95.0 
1 2 0.64 0.64 230.0 85.0 230.0 199.0 54.0 199.0 
1 3 0.92 0.92 230.0 85.0 230.0 199.0 54.0 199.0 744.0 208.0 744.0 
1 2 0.47 0.47 311.0 114.0 311.0 419.0 46.0 419.0 
1 2 0.82 0.82 450.0 135.0 450.0 475.0 250.0 475.0 
1 2 0.29 0.29 574.0 158.0 574.0 638.0 13.0 638.0 
1 3 0.36 0.36 574.0 158.0 574.0 638.0 13.0 638.0 485.0 36.0 485.0 
1 2 0.57 0.57 918.0 285.0 918.0 345.0 90.0 345.0 
1 2 0.7 0.7 613.0 426.0 613.0 227.0 2.0 227.0 
1 3 0.9 0.9 613.0 426.0 613.0 227.0 2.0 227.0 71.0 14.0 71.0 
1 2 0.88 0.88 413.0 59.0 413.0 404.0 300.0 404.0 
1 2 0.92 0.92 155.0 123.0 155.0 881.0 112.0 881.0 
1 2 0.49 0.49 98.0 34.0 98.0 885.0 133.0 885.0 
1 2 0.86 0.86 510.0 136.0 510.0 445.0 265.0 445.0 
1 2 0.36 0.36 471.0 50.0 471.0 342.0 87.0 342.0 
1 2 0.19 0.19 537.0 90.0 537.0 159.0 4.0 159.0 
1 3 0.83 0.83 537.0 90.0 537.0 159.0 4.0 159.0 773.0 497.0 773.0 
1 2 0.52 0.52 527.0 79.0 527.0 801.0 298.0 801.0 
1 3 0.86 0.86 527.0 79.0 527.0 801.0 298.0 801.0 891.0 302.0 891.0 
1 2 0.84 0.84 549.0 392.0 549.0 955.0 126.0 955.0 
1 2 0.97 0.97 268.0 143.0 268.0 243.0 108.0 243.0 
1 2 0.34 0.34 479.0 149.0 479.0 228.0 7.0 228.0 
1 3 0.36 0.36 479.0 149.0 479.0 228.0 7.0 228.0 967.0 21.0 967.0 
1 2 0.79 0.79 484.0 208.0 484.0 591.0 217.0 591.0 
1 2 0.75 0.75 527.0 69.0 527.0 672.0 418.0 672.0 
1 3 0.86 0.86 527.0 69.0 527.0 672.0 418.0 672.0 701.0 80.0 701.0 
1 4 0.89 0.89 527.0 69.0 527.0 672.0 418.0 672.0 701.0 80.0 701.0 747.0 23.0 747.0 
1 2 0.9 0.9 151.0 86.0 151.0 948.0 321.0 948.0 
1 2 0.75 0.75 665.0 166.0 665.0 726.0 365.0 726.0 
1 2 0.86 0.86 255.0 136.0 255.0 33.0 11.0 33.0 
1 2 0.09 0.09 733.0 27.0 733.0 143.0 8.0 143.0 
1 3 0.3 0.3 733.0 27.0 733.0 143.0 8.0 143.0 449.0 94.0 449.0 
1 4 0.4 0.4 733.0 27.0 733.0 143.0 8.0 143.0 449.0 94.0 449.0 816.0 82.0 816.0 
1 2 0.54 0.54 935.0 505.0 935.0 711.0 3.0 711.0 
1 2 0.41 0.41 572.0 162.0 572.0 275.0 37.0 275.0 
1 2 0.25 0.25 423.0 44.0 423.0 78.0 12.0 78.0 
1 3 0.39 0.39 423.0 44.0 423.0 78.0 12.0 78.0 386.0 54.0 386.0 
1 4 0.78 0.78 423.0 44.0 423.0 78.0 12.0 78.0 386.0 54.0 386.0 801.0 307.0 801.0 
1 2 0.64 0.64 857.0 74.0 857.0 55.0 31.0 55.0 
1 3 0.92 0.92 857.0 74.0 857.0 55.0 31.0 55.0 422.0 116.0 422.0 
1 2 0.5 0.5 726.0 261.0 726.0 34.0 5.0 34.0 
1 2 0.61 0.61 803.0 372.0 803.0 611.0 93.0 611.0 
1 2 0.54 0.54 632.0 339.0 632.0 299.0 3.0 299.0 
1 2 0.73 0.73 971.0 97.0 971.0 250.0 158.0 250.0 
1 2 0.31 0.31 152.0 6.0 152.0 298.0 83.0 298.0 
1 2 0.78 0.78 963.0 80.0 963.0 652.0 459.0 652.0 
1 2 0.72 0.72 13.0 1.0 13.0 250.0 163.0 250.0 
1 2 0.17 0.17 315.0 10.0 315.0 355.0 50.0 355.0 
1 3 0.95 0.95 315.0 10.0 315.0 355.0 50.0 355.0 211.0 166.0 211.0 
1 2 0.74 0.74 861.0 516.0 861.0 492.0 72.0 492.0 
1 2 0.77 0.77 232.0 64.0 232.0 869.0 432.0 869.0 
1 2 0.8 0.8 672.0 205.0 672.0 473.0 238.0 473.0 
1 2 0.6 0.6 974.0 168.0 974.0 501.0 217.0 501.0 
1 3 0.71 0.71 974.0 168.0 974.0 501.0 217.0 501.0 581.0 64.0 581.0 
1 2 0.65 0.65 728.0 419.0 728.0 379.0 31.0 379.0 
1 3 0.94 0.94 728.0 419.0 728.0 379.0 31.0 379.0 581.0 167.0 581.0 
1 2 0.59 0.59 866.0 39.0 866.0 78.0 43.0 78.0 
1 2 0.78 0.78 573.0 96.0 573.0 799.0 491.0 799.0 
1 3 0.81 0.81 573.0 96.0 573.0 799.0 491.0 799.0 449.0 14.0 449.0 
1 2 0.84 0.84 628.0 184.0 628.0 499.0 274.0 499.0 
1 3 0.99 0.99 628.0 184.0 628.0 499.0 274.0 499.0 519.0 80.0 519.0 
1 2 0.87 0.87 280.0 173.0 280.0 740.0 187.0 740.0 
1 2 0.61 0.61 577.0 98.0 577.0 576.0 257.0 576.0 
1 2 0.74 0.74 843.0 127.0 843.0 707.0 417.0 707.0 
1 2 0.78 0.78 617.0 311.0 617.0 239.0 66.0 239.0 
1 3 0.97 0.97 617.0 311.0 617.0 239.0 66.0 239.0 203.0 40.0 203.0 
1 2 0.89 0.89 464.0 83.0 464.0 259.0 186.0 259.0 
1 3 0.99 0.99 464.0 83.0 464.0 259.0 186.0 259.0 861.0 86.0 861.0 
1 2 0.64 0.64 550.0 170.0 550.0 39.0 13.0 39.0 
1 3 0.7 0.7 550.0 170.0 550.0 39.0 13.0 39.0 65.0 4.0 65.0 
1 2 0.57 0.57 462.0 125.0 462.0 375.0 115.0 375.0 
1 3 0.6 0.6 462.0 125.0 462.0 375.0 115.0 375.0 201.0 6.0 201.0 
1 4 0.72 0.72 462.0 125.0 462.0 375.0 115.0 375.0 201.0 6.0 201.0 105.0 12.0 105.0 
1 2 0.81 0.81 950.0 489.0 950.0 509.0 154.0 509.0 
1 2 0.51 0.51 787.0 89.0 787.0 374.0 149.0 374.0 
1 3 0.99 0.99 787.0 89.0 787.0 374.0 149.0 374.0 328.0 160.0 328.0 
1 2 0.75 0.75 127.0 48.0 127.0 289.0 110.0 289.0 
1 2 0.48 0.48 398.0 37.0 398.0 318.0 126.0 318.0 
1 2 0.7 0.7 717.0 126.0 717.0 283.0 151.0 283.0 
1 2 0.58 0.58 419.0 167.0 419.0 69.0 13.0 69.0 
1 3 0.94 0.94 419.0 167.0 419.0 69.0 13.0 69.0 507.0 184.0 507.0 
1 2 0.93 0.93 195.0 53.0 195.0 519.0 346.0 519.0 
1 2 0.95 0.95 260.0 186.0 260.0 703.0 165.0 703.0 
1 2 0.66 0.66 487.0 119.0 487.0 52.0 22.0 52.0 
1 2 0.81 0.81 63.0 45.0 63.0 897.0 89.0 897.0 
1 2 0.96 0.96 717.0 450.0 717.0 91.0 31.0 91.0 
1 2 0.23 0.23 29.0 2.0 29.0 675.0 112.0 675.0 
1 3 0.75 0.75 29.0 2.0 29.0 675.0 112.0 675.0 409.0 213.0 409.0 
1 2 0.87 0.87 883.0 495.0 883.0 999.0 310.0 999.0 
1 2 0.46 0.46 509.0 149.0 509.0 940.0 166.0 940.0 
1 2 0.31 0.31 495.0 117.0 495.0 769.0 60.0 769.0 
1 3 0.74 0.74 495.0 117.0 495.0 769.0 60.0 769.0 799.0 341.0 799.0 
1 4 0.82 0.82 495.0 117.0 495.0 769.0 60.0 769.0 799.0 341.0 799.0 156.0 13.0 156.0 
1 2 0.51 0.51 299.0 20.0 299.0 384.0 173.0 384.0 
1 2 0.8 0.8 324.0 225.0 324.0 532.0 57.0 532.0 
1 2 0.92 0.92 534.0 307.0 534.0 565.0 200.0 565.0 
1 2 0.46 0.46 12.0 5.0 12.0 373.0 19.0 373.0 
1 3 0.67 0.67 12.0 5.0 12.0 373.0 19.0 373.0 671.0 138.0 671.0 
1 2 0.68 0.68 104.0 8.0 104.0 786.0 481.0 786.0 
1 3 0.83 0.83 104.0 8.0 104.0 786.0 481.0 786.0 841.0 126.0 841.0 
1 4 0.98 0.98 104.0 8.0 104.0 786.0 481.0 786.0 841.0 126.0 841.0 495.0 72.0 495.0 
1 2 0.4 0.4 507.0 170.0 507.0 624.0 41.0 624.0 
1 2 0.72 0.72 291.0 169.0 291.0 49.0 7.0 49.0 
1 3 0.92 0.92 291.0 169.0 291.0 49.0 7.0 49.0 839.0 169.0 839.0 
1 2 0.53 0.53 535.0 276.0 535.0 267.0 5.0 267.0 
1 3 0.98 0.98 535.0 276.0 535.0 267.0 5.0 267.0 300.0 134.0 300.0 
1 2 0.73 0.73 171.0 12.0 171.0 706.0 468.0 706.0 
1 2 0.39 0.39 229.0 75.0 229.0 861.0 55.0 861.0 
1 3 0.71 0.71 229.0 75.0 229.0 861.0 55.0 861.0 752.0 241.0 752.0 
1 2 0.77 0.77 522.0 142.0 522.0 52.0 26.0 52.0 
1 2 0.75 0.75 134.0 42.0 134.0 9.0 4.0 9.0 
1 2 0.88 0.88 554.0 135.0 554.0 155.0 99.0 155.0 
1 3 0.89 0.89 554.0 135.0 554.0 155.0 99.0 155.0 226.0 3.0 226.0 
1 2 0.93 0.93 149.0 55.0 149.0 961.0 545.0 961.0 
1 2 0.63 0.63 855.0 142.0 855.0 311.0 146.0 311.0 
1 2 0.21 0.21 362.0 55.0 362.0 705.0 43.0 705.0 
1 2 0.26 0.26 759.0 120.0 759.0 157.0 16.0 157.0 
1 3 0.71 0.71 759.0 120.0 759.0 157.0 16.0 157.0 31.0 14.0 31.0 
1 2 0.5 0.5 529.0 24.0 529.0 624.0 286.0 624.0 
1 2 0.3 0.3 19.0 2.0 19.0 570.0 113.0 570.0 
1 2 0.72 0.72 594.0 50.0 594.0 28.0 18.0 28.0 
1 3 0.83 0.83 594.0 50.0 594.0 28.0 18.0 28.0 967.0 107.0 967.0 
1 4 0.89 0.89 594.0 50.0 594.0 28.0 18.0 28.0 967.0 107.0 967.0 425.0 25.0 425.0 
1 5 0.99 0.99 594.0 50.0 594.0 28.0 18.0 28.0 967.0 107.0 967.0 425.0 25.0 425.0 501.0 49.0 501.0 
1 2 0.75 0.75 249.0 34.0 249.0 664.0 411.0 664.0 
1 2 0.69 0.69 676.0 329.0 676.0 349.0 73.0 349.0 
1 3 0.98 0.98 676.0 329.0 676.0 349.0 73.0 349.0 567.0 164.0 567.0 
1 2 0.79 0.79 599.0 375.0 599.0 788.0 137.0 788.0 
1 2 0.36 0.36 141.0 18.0 141.0 838.0 203.0 838.0 
1 3 0.73 0.73 141.0 18.0 141.0 838.0 203.0 838.0 454.0 168.0 454.0 
1 2 0.51 0.51 692.0 239.0 692.0 740.0 127.0 740.0 
1 3 0.86 0.86 692.0 239.0 692.0 740.0 127.0 740.0 663.0 232.0 663.0 
1 2 0.5 0.5 50.0 20.0 50.0 212.0 23.0 212.0 
1 3 0.78 0.78 50.0 20.0 50.0 212.0 23.0 212.0 178.0 49.0 178.0 
1 4 0.89 0.89 50.0 20.0 50.0 212.0 23.0 212.0 178.0 49.0 178.0 254.0 27.0 254.0 
1 2 0.67 0.67 214.0 140.0 214.0 905.0 16.0 905.0 
1 2 0.61 0.61 684.0 212.0 684.0 522.0 158.0 522.0 
1 2 0.38 0.38 137.0 5.0 137.0 976.0 340.0 976.0 
1 3 0.73 0.73 137.0 5.0 137.0 976.0 340.0 976.0 522.0 182.0 522.0 
1 2 0.5 0.5 88.0 30.0 88.0 814.0 130.0 814.0 
1 2 0.72 0.72 878.0 115.0 878.0 605.0 358.0 605.0 
1 3 0.79 0.79 878.0 115.0 878.0 605.0 358.0 605.0 821.0 56.0 821.0 
1 2 0.92 0.92 242.0 51.0 242.0 652.0 463.0 652.0 
1 2 0.77 0.77 301.0 74.0 301.0 66.0 35.0 66.0 
1 2 0.65 0.65 551.0 335.0 551.0 956.0 49.0 956.0 
1 2 0.99 0.99 563.0 271.0 563.0 784.0 402.0 784.0 
1 2 0.9 0.9 752.0 137.0 752.0 920.0 663.0 920.0 
1 2 0.99 0.99 69.0 3.0 69.0 579.0 550.0 579.0 
1 2 0.66 0.66 743.0 97.0 743.0 442.0 237.0 442.0 
1 3 0.82 0.82 743.0 97.0 743.0 442.0 237.0 442.0 797.0 127.0 797.0 
1 2 0.92 0.92 75.0 18.0 75.0 954.0 651.0 954.0 
1 2 0.8 0.8 148.0 33.0 148.0 474.0 274.0 474.0 
1 2 0.88 0.88 949.0 126.0 949.0 81.0 61.0 81.0 
1 2 0.33 0.33 745.0 66.0 745.0 562.0 140.0 562.0 
1 3 0.56 0.56 745.0 66.0 745.0 562.0 140.0 562.0 62.0 14.0 62.0 
1 2 0.75 0.75 109.0 28.0 109.0 591.0 297.0 591.0 
1 3 0.81 0.81 109.0 28.0 109.0 591.0 297.0 591.0 315.0 19.0 315.0 
1 2 0.96 0.96 384.0 232.0 384.0 404.0 147.0 404.0 
1 3 0.97 0.97 384.0 232.0 384.0 404.0 147.0 404.0 169.0 1.0 169.0 
1 2 0.75 0.75 418.0 97.0 418.0 408.0 212.0 408.0 
1 2 0.81 0.81 931.0 277.0 931.0 967.0 498.0 967.0 
1 2 0.63 0.63 950.0 577.0 950.0 43.0 1.0 43.0 
1 2 0.69 0.69 144.0 16.0 144.0 997.0 578.0 997.0 
1 3 0.86 0.86 144.0 16.0 144.0 997.0 578.0 997.0 254.0 44.0 254.0 
1 2 0.17 0.17 566.0 87.0 566.0 957.0 16.0 957.0 
1 3 0.81 0.81 566.0 87.0 566.0 957.0 16.0 957.0 804.0 515.0 804.0 
1 2 0.97 0.97 403.0 96.0 403.0 176.0 130.0 176.0 
1 2 0.89 0.89 535.0 148.0 535.0 671.0 417.0 671.0 
1 3 0.96 0.96 535.0 148.0 535.0 671.0 417.0 671.0 775.0 48.0 775.0 
1 4 0.96 0.96 535.0 148.0 535.0 671.0 417.0 671.0 775.0 48.0 775.0 546.0 3.0 546.0 
1 2 0.68 0.68 210.0 13.0 210.0 674.0 422.0 674.0 
1 2 0.61 0.61 515.0 254.0 515.0 332.0 42.0 332.0 
1 2 0.74 0.74 521.0 122.0 521.0 370.0 188.0 370.0 
1 2 0.58 0.58 302.0 38.0 302.0 993.0 456.0 993.0 
1 2 0.66 0.66 108.0 5.0 108.0 546.0 336.0 546.0 
1 2 0.8 0.8 413.0 327.0 413.0 732.0 7.0 732.0 
1 3 0.94 0.94 413.0 327.0 413.0 732.0 7.0 732.0 936.0 132.0 936.0 
1 2 0.56 0.56 644.0 253.0 644.0 316.0 54.0 316.0 
1 3 0.69 0.69 644.0 253.0 644.0 316.0 54.0 316.0 979.0 127.0 979.0 
1 2 0.92 0.92 144.0 25.0 144.0 397.0 298.0 397.0 
1 2 0.77 0.77 583.0 449.0 583.0 270.0 2.0 270.0 
1 2 0.85 0.85 848.0 595.0 848.0 985.0 150.0 985.0 
1 2 0.81 0.81 944.0 271.0 944.0 915.0 486.0 915.0 
1 2 0.85 0.85 104.0 73.0 104.0 269.0 42.0 269.0 
1 3 0.88 0.88 104.0 73.0 104.0 269.0 42.0 269.0 873.0 25.0 873.0 
1 2 0.98 0.98 940.0 197.0 940.0 889.0 691.0 889.0 
1 2 0.82 0.82 507.0 182.0 507.0 390.0 183.0 390.0 
1 3 0.89 0.89 507.0 182.0 507.0 390.0 183.0 390.0 64.0 4.0 64.0 
1 4 0.92 0.92 507.0 182.0 507.0 390.0 183.0 390.0 64.0 4.0 64.0 974.0 32.0 974.0 
1 2 0.92 0.92 702.0 208.0 702.0 492.0 308.0 492.0 
1 2 0.58 0.58 17.0 5.0 17.0 246.0 71.0 246.0 
1 2 0.78 0.78 304.0 125.0 304.0 194.0 73.0 194.0 
1 3 0.86 0.86 304.0 125.0 304.0 194.0 73.0 194.0 865.0 68.0 865.0 
1 2 0.66 0.66 917.0 481.0 917.0 271.0 37.0 271.0 
1 2 0.55 0.55 723.0 283.0 723.0 730.0 120.0 730.0 
1 2 0.91 0.91 316.0 214.0 316.0 978.0 228.0 978.0 
1 2 0.89 0.89 285.0 251.0 285.0 823.0 13.0 823.0 
1 3 0.98 0.98 285.0 251.0 285.0 823.0 13.0 823.0 369.0 32.0 369.0 
1 2 0.46 0.46 392.0 40.0 392.0 841.0 307.0 841.0 
1 2 0.94 0.94 35.0 22.0 35.0 466.0 148.0 466.0 
1 2 0.93 0.93 672.0 342.0 672.0 695.0 298.0 695.0 
1 3 0.94 0.94 672.0 342.0 672.0 695.0 298.0 695.0 961.0 10.0 961.0 
1 2 0.57 0.57 916.0 86.0 916.0 510.0 246.0 510.0 
1 2 0.62 0.62 494.0 52.0 494.0 639.0 331.0 639.0 
1 2 0.59 0.59 226.0 42.0 226.0 288.0 119.0 288.0 
1 2 0.97 0.97 742.0 300.0 742.0 168.0 96.0 168.0 
1 2 0.84 0.84 224.0 156.0 224.0 867.0 132.0 867.0 
1 2 0.84 0.84 134.0 64.0 134.0 200.0 73.0 200.0 
1 2 0.87 0.87 795.0 519.0 795.0 488.0 107.0 488.0 
1 2 0.57 0.57 147.0 70.0 147.0 852.0 80.0 852.0 
1 2 0.26 0.26 461.0 28.0 461.0 145.0 29.0 145.0 
1 3 0.34 0.34 461.0 28.0 461.0 145.0 29.0 145.0 108.0 9.0 108.0 
1 4 0.81 0.81 461.0 28.0 461.0 145.0 29.0 145.0 108.0 9.0 108.0 607.0 285.0 607.0 
1 5 0.9 0.9 461.0 28.0 461.0 145.0 29.0 145.0 108.0 9.0 108.0 607.0 285.0 607.0 90.0 8.0 90.0 
1 2 0.48 0.48 292.0 55.0 292.0 466.0 138.0 466.0 
1 3 0.89 0.89 292.0 55.0 292.0 466.0 138.0 466.0 54.0 22.0 54.0 
1 2 0.61 0.61 962.0 86.0 962.0 985.0 513.0 985.0 
1 2 0.92 0.92 876.0 123.0 876.0 365.0 288.0 365.0 
1 2 0.97 0.97 406.0 340.0 406.0 224.0 30.0 224.0 
1 2 0.77 0.77 896.0 377.0 896.0 299.0 106.0 299.0 
1 3 0.94 0.94 896.0 377.0 896.0 299.0 106.0 299.0 287.0 50.0 287.0 
1 2 0.47 0.47 463.0 208.0 463.0 147.0 4.0 147.0 
1 3 0.78 0.78 463.0 208.0 463.0 147.0 4.0 147.0 809.0 253.0 809.0 
1 2 0.97 0.97 596.0 442.0 596.0 853.0 202.0 853.0 
1 2 0.87 0.87 471.0 96.0 471.0 281.0 190.0 281.0 
1 2 0.98 0.98 22.0 19.0 22.0 813.0 100.0 813.0 
1 2 0.85 0.85 955.0 357.0 955.0 781.0 374.0 781.0 
1 2 0.55 0.55 37.0 9.0 37.0 984.0 302.0 984.0 
1 3 0.72 0.72 37.0 9.0 37.0 984.0 302.0 984.0 662.0 113.0 662.0 
1 2 0.94 0.94 533.0 495.0 533.0 935.0 11.0 935.0 
1 2 0.75 0.75 999.0 82.0 999.0 595.0 398.0 595.0 
1 2 0.34 0.34 709.0 155.0 709.0 213.0 26.0 213.0 
1 2 0.37 0.37 872.0 116.0 872.0 201.0 49.0 201.0 
1 2 0.87 0.87 283.0 66.0 283.0 127.0 81.0 127.0 
1 2 0.71 0.71 443.0 271.0 443.0 537.0 54.0 537.0 
1 2 0.33 0.33 661.0 112.0 661.0 603.0 102.0 603.0 
1 2 0.2 0.2 573.0 16.0 573.0 564.0 98.0 564.0 
1 3 0.55 0.55 573.0 16.0 573.0 564.0 98.0 564.0 969.0 347.0 969.0 
1 2 0.76 0.76 439.0 136.0 439.0 416.0 189.0 416.0 
1 2 0.38 0.38 858.0 86.0 858.0 306.0 86.0 306.0 
1 3 0.78 0.78 858.0 86.0 858.0 306.0 86.0 306.0 908.0 365.0 908.0 
1 4 0.86 0.86 858.0 86.0 858.0 306.0 86.0 306.0 908.0 365.0 908.0 155.0 12.0 155.0 
1 2 0.65 0.65 12.0 4.0 12.0 622.0 197.0 622.0 
1 2 0.86 0.86 287.0 89.0 287.0 479.0 267.0 479.0 
1 2 0.93 0.93 989.0 649.0 989.0 353.0 100.0 353.0 
1 2 0.45 0.45 984.0 314.0 984.0 306.0 41.0 306.0 
1 2 0.87 0.87 741.0 135.0 741.0 772.0 535.0 772.0 
1 2 0.89 0.89 202.0 139.0 202.0 591.0 124.0 591.0 
1 2 0.93 0.93 378.0 272.0 378.0 581.0 123.0 581.0 
1 2 0.98 0.98 311.0 235.0 311.0 968.0 221.0 968.0 
1 2 0.86 0.86 385.0 297.0 385.0 908.0 84.0 908.0 
1 2 0.88 0.88 946.0 157.0 946.0 890.0 640.0 890.0 
1 2 0.27 0.27 486.0 55.0 486.0 692.0 112.0 692.0 
1 3 0.97 0.97 486.0 55.0 486.0 692.0 112.0 692.0 273.0 192.0 273.0 
1 2 0.5 0.5 778.0 43.0 778.0 87.0 39.0 87.0 
1 3 0.54 0.54 778.0 43.0 778.0 87.0 39.0 87.0 143.0 6.0 143.0 
1 4 0.82 0.82 778.0 43.0 778.0 87.0 39.0 87.0 143.0 6.0 143.0 881.0 247.0 881.0 
1 2 0.81 0.81 469.0 51.0 469.0 393.0 278.0 393.0 
1 2 0.69 0.69 195.0 119.0 195.0 772.0 64.0 772.0 
1 3 0.71 0.71 195.0 119.0 195.0 772.0 64.0 772.0 474.0 11.0 474.0 
1 2 0.88 0.88 751.0 90.0 751.0 242.0 186.0 242.0 
1 2 0.97 0.97 441.0 201.0 441.0 229.0 118.0 229.0 
1 2 0.98 0.98 604.0 470.0 604.0 799.0 166.0 799.0 
1 2 0.21 0.21 346.0 43.0 346.0 185.0 16.0 185.0 
1 2 0.59 0.59 925.0 178.0 925.0 743.0 297.0 743.0 
1 2 0.58 0.58 110.0 14.0 110.0 896.0 413.0 896.0 
1 3 0.68 0.68 110.0 14.0 110.0 896.0 413.0 896.0 823.0 82.0 823.0 
1 2 0.39 0.39 337.0 57.0 337.0 166.0 37.0 166.0 
1 3 0.6 0.6 337.0 57.0 337.0 166.0 37.0 166.0 786.0 170.0 786.0 
1 4 0.74 0.74 337.0 57.0 337.0 166.0 37.0 166.0 786.0 170.0 786.0 381.0 51.0 381.0 
1 2 0.53 0.53 746.0 98.0 746.0 102.0 41.0 102.0 
1 2 0.7 0.7 204.0 76.0 204.0 521.0 175.0 521.0 
1 2 0.4 0.4 122.0 37.0 122.0 794.0 83.0 794.0 
1 2 0.77 0.77 329.0 167.0 329.0 72.0 19.0 72.0 
1 2 0.46 0.46 497.0 8.0 497.0 375.0 170.0 375.0 
1 3 0.82 0.82 497.0 8.0 497.0 375.0 170.0 375.0 959.0 343.0 959.0 
1 2 0.15 0.15 921.0 15.0 921.0 666.0 95.0 666.0 
1 2 0.32 0.32 106.0 17.0 106.0 808.0 137.0 808.0 
1 3 0.8 0.8 106.0 17.0 106.0 808.0 137.0 808.0 374.0 176.0 374.0 
1 2 0.67 0.67 237.0 92.0 237.0 364.0 106.0 364.0 
1 2 0.83 0.83 202.0 30.0 202.0 830.0 566.0 830.0 
1 2 0.93 0.93 909.0 528.0 909.0 940.0 329.0 940.0 
1 2 0.67 0.67 799.0 226.0 799.0 269.0 106.0 269.0 
1 2 0.44 0.44 620.0 36.0 620.0 720.0 279.0 720.0 
1 3 0.77 0.77 620.0 36.0 620.0 720.0 279.0 720.0 708.0 233.0 708.0 
1 2 0.93 0.93 7.0 5.0 7.0 847.0 183.0 847.0 
1 2 0.47 0.47 634.0 36.0 634.0 855.0 356.0 855.0 
1 3 0.51 0.51 634.0 36.0 634.0 855.0 356.0 855.0 434.0 19.0 434.0 
1 4 0.57 0.57 634.0 36.0 634.0 855.0 356.0 855.0 434.0 19.0 434.0 389.0 23.0 389.0 
1 2 0.42 0.42 184.0 41.0 184.0 5.0 1.0 5.0 
1 3 0.57 0.57 184.0 41.0 184.0 5.0 1.0 5.0 40.0 6.0 40.0 
1 4 0.62 0.62 184.0 41.0 184.0 5.0 1.0 5.0 40.0 6.0 40.0 279.0 14.0 279.0 
1 2 0.86 0.86 976.0 45.0 976.0 84.0 69.0 84.0 
1 2 0.77 0.77 128.0 3.0 128.0 861.0 648.0 861.0 
1 2 0.76 0.76 168.0 19.0 168.0 485.0 316.0 485.0 
1 2 0.83 0.83 940.0 340.0 940.0 987.0 467.0 987.0 
1 2 0.61 0.61 321.0 97.0 321.0 29.0 9.0 29.0 
1 2 0.99 0.99 205.0 143.0 205.0 690.0 203.0 690.0 
1 2 0.2 0.2 215.0 11.0 215.0 801.0 126.0 801.0 
1 3 0.58 0.58 215.0 11.0 215.0 801.0 126.0 801.0 812.0 304.0 812.0 
1 2 0.39 0.39 989.0 121.0 989.0 411.0 111.0 411.0 
1 3 0.93 0.93 989.0 121.0 989.0 411.0 111.0 411.0 311.0 170.0 311.0 
1 2 0.83 0.83 2.0 1.0 2.0 463.0 154.0 463.0 
1 2 0.13 0.13 831.0 64.0 831.0 573.0 31.0 573.0 
1 3 0.92 0.92 831.0 64.0 831.0 573.0 31.0 573.0 896.0 707.0 896.0 
1 2 0.64 0.64 896.0 468.0 896.0 210.0 26.0 210.0 
1 3 0.65 0.65 896.0 468.0 896.0 210.0 26.0 210.0 994.0 13.0 994.0 
1 2 0.83 0.83 497.0 72.0 497.0 188.0 129.0 188.0 
1 2 0.48 0.48 448.0 165.0 448.0 629.0 76.0 629.0 
1 2 0.63 0.63 976.0 384.0 976.0 190.0 46.0 190.0 
1 3 0.85 0.85 976.0 384.0 976.0 190.0 46.0 190.0 327.0 73.0 327.0 
1 2 1.0 1.0 90.0 45.0 90.0 276.0 138.0 276.0 
1 2 0.73 0.73 446.0 175.0 446.0 204.0 69.0 204.0 
1 2 0.47 0.47 260.0 65.0 260.0 305.0 70.0 305.0 
1 3 0.97 0.97 260.0 65.0 260.0 305.0 70.0 305.0 771.0 383.0 771.0 
1 2 0.95 0.95 831.0 708.0 831.0 536.0 54.0 536.0 
1 2 0.54 0.54 198.0 69.0 198.0 384.0 75.0 384.0 
1 2 0.78 0.78 605.0 358.0 605.0 41.0 8.0 41.0 
1 2 0.66 0.66 980.0 361.0 980.0 725.0 216.0 725.0 
1 2 0.74 0.74 278.0 153.0 278.0 175.0 34.0 175.0 
1 2 0.67 0.67 373.0 59.0 373.0 471.0 244.0 471.0 
1 2 0.27 0.27 344.0 62.0 344.0 527.0 49.0 527.0 
1 3 0.32 0.32 344.0 62.0 344.0 527.0 49.0 527.0 535.0 27.0 535.0 
1 4 0.44 0.44 344.0 62.0 344.0 527.0 49.0 527.0 535.0 27.0 535.0 686.0 85.0 686.0 
1 2 0.32 0.32 398.0 117.0 398.0 138.0 4.0 138.0 
1 2 0.32 0.32 799.0 171.0 799.0 692.0 78.0 692.0 
1 2 0.42 0.42 325.0 71.0 325.0 925.0 192.0 925.0 
1 2 0.95 0.95 289.0 85.0 289.0 430.0 283.0 430.0 
1 2 0.83 0.83 629.0 237.0 629.0 313.0 144.0 313.0 
1 2 0.48 0.48 552.0 63.0 552.0 464.0 170.0 464.0 
1 2 0.81 0.81 682.0 298.0 682.0 379.0 145.0 379.0 
1 2 0.53 0.53 554.0 24.0 554.0 768.0 379.0 768.0 
1 2 0.21 0.21 668.0 11.0 668.0 380.0 75.0 380.0 
1 2 0.91 0.91 195.0 105.0 195.0 317.0 120.0 317.0 
1 2 0.45 0.45 46.0 15.0 46.0 500.0 64.0 500.0 
1 3 0.88 0.88 46.0 15.0 46.0 500.0 64.0 500.0 742.0 321.0 742.0 
1 2 0.56 0.56 460.0 162.0 460.0 400.0 84.0 400.0 
1 2 0.1 0.1 916.0 10.0 916.0 470.0 44.0 470.0 
1 3 0.91 0.91 916.0 10.0 916.0 470.0 44.0 470.0 400.0 326.0 400.0 
1 2 0.63 0.63 706.0 15.0 706.0 529.0 323.0 529.0 
1 2 0.46 0.46 465.0 187.0 465.0 819.0 55.0 819.0 
1 3 0.62 0.62 465.0 187.0 465.0 819.0 55.0 819.0 450.0 70.0 450.0 
1 2 0.3 0.3 925.0 98.0 925.0 897.0 177.0 897.0 
1 3 0.32 0.32 925.0 98.0 925.0 897.0 177.0 897.0 777.0 14.0 777.0 
1 2 0.37 0.37 460.0 161.0 460.0 711.0 16.0 711.0 
1 2 0.6 0.6 791.0 464.0 791.0 708.0 10.0 708.0 
1 3 0.84 0.84 791.0 464.0 791.0 708.0 10.0 708.0 330.0 81.0 330.0 
1 2 0.03 0.03 797.0 26.0 797.0 994.0 7.0 994.0 
1 3 0.7 0.7 797.0 26.0 797.0 994.0 7.0 994.0 192.0 127.0 192.0 
1 2 0.98 0.98 438.0 245.0 438.0 391.0 166.0 391.0 
1 2 0.37 0.37 302.0 46.0 302.0 71.0 16.0 71.0 
1 3 0.44 0.44 302.0 46.0 302.0 71.0 16.0 71.0 488.0 31.0 488.0 
1 4 0.62 0.62 302.0 46.0 302.0 71.0 16.0 71.0 488.0 31.0 488.0 389.0 72.0 389.0 
1 5 0.79 0.79 302.0 46.0 302.0 71.0 16.0 71.0 488.0 31.0 488.0 389.0 72.0 389.0 370.0 62.0 370.0 
1 2 0.8 0.8 257.0 133.0 257.0 300.0 86.0 300.0 
1 3 0.9 0.9 257.0 133.0 257.0 300.0 86.0 300.0 696.0 70.0 696.0 
1 2 0.99 0.99 162.0 158.0 162.0 301.0 5.0 301.0 
1 2 0.79 0.79 721.0 502.0 721.0 135.0 14.0 135.0 
1 2 0.77 0.77 757.0 267.0 757.0 864.0 362.0 864.0 
1 2 0.85 0.85 13.0 5.0 13.0 550.0 261.0 550.0 
1 2 0.87 0.87 869.0 579.0 869.0 540.0 114.0 540.0 
1 2 0.37 0.37 921.0 168.0 921.0 637.0 125.0 637.0 
1 3 0.43 0.43 921.0 168.0 921.0 637.0 125.0 637.0 520.0 29.0 520.0 
1 2 0.86 0.86 975.0 101.0 975.0 279.0 212.0 279.0 
1 2 0.68 0.68 380.0 7.0 380.0 51.0 34.0 51.0 
1 2 0.14 0.14 211.0 19.0 211.0 587.0 30.0 587.0 
1 3 0.18 0.18 211.0 19.0 211.0 587.0 30.0 587.0 157.0 7.0 157.0 
1 4 0.76 0.76 211.0 19.0 211.0 587.0 30.0 587.0 157.0 7.0 157.0 513.0 297.0 513.0 
1 2 0.95 0.95 351.0 75.0 351.0 904.0 668.0 904.0 
1 2 0.32 0.32 1000.0 164.0 1000.0 114.0 18.0 114.0 
1 3 0.69 0.69 1000.0 164.0 1000.0 114.0 18.0 114.0 198.0 74.0 198.0 
1 4 0.8 0.8 1000.0 164.0 1000.0 114.0 18.0 114.0 198.0 74.0 198.0 36.0 4.0 36.0 
1 2 0.66 0.66 704.0 57.0 704.0 968.0 568.0 968.0 
1 2 0.45 0.45 642.0 180.0 642.0 92.0 16.0 92.0 
1 3 0.54 0.54 642.0 180.0 642.0 92.0 16.0 92.0 641.0 60.0 641.0 
1 2 0.8 0.8 113.0 86.0 113.0 831.0 33.0 831.0 
1 2 0.91 0.91 798.0 335.0 798.0 886.0 436.0 886.0 
1 2 0.49 0.49 948.0 411.0 948.0 353.0 23.0 353.0 
1 3 0.74 0.74 948.0 411.0 948.0 353.0 23.0 353.0 940.0 232.0 940.0 
1 4 0.86 0.86 948.0 411.0 948.0 353.0 23.0 353.0 940.0 232.0 940.0 930.0 109.0 930.0 
1 2 0.85 0.85 439.0 5.0 439.0 472.0 398.0 472.0 
1 2 0.24 0.24 83.0 9.0 83.0 607.0 84.0 607.0 
1 2 0.13 0.13 223.0 1.0 223.0 598.0 80.0 598.0 
1 3 0.64 0.64 223.0 1.0 223.0 598.0 80.0 598.0 834.0 422.0 834.0 
1 4 0.77 0.77 223.0 1.0 223.0 598.0 80.0 598.0 834.0 422.0 834.0 737.0 95.0 737.0 
1 2 0.68 0.68 315.0 35.0 315.0 229.0 131.0 229.0 
1 2 0.96 0.96 440.0 115.0 440.0 820.0 581.0 820.0 
1 2 0.61 0.61 801.0 51.0 801.0 9.0 5.0 9.0 
1 2 0.72 0.72 526.0 270.0 526.0 110.0 23.0 110.0 
1 2 0.96 0.96 131.0 101.0 131.0 614.0 118.0 614.0 
1 2 0.82 0.82 917.0 260.0 917.0 467.0 251.0 467.0 
1 2 0.47 0.47 952.0 25.0 952.0 42.0 19.0 42.0 
1 3 0.52 0.52 952.0 25.0 952.0 42.0 19.0 42.0 761.0 32.0 761.0 
1 4 0.66 0.66 952.0 25.0 952.0 42.0 19.0 42.0 761.0 32.0 761.0 628.0 90.0 628.0 
1 2 0.93 0.93 684.0 326.0 684.0 638.0 293.0 638.0 
1 2 0.62 0.62 58.0 27.0 58.0 289.0 46.0 289.0 
1 3 0.87 0.87 58.0 27.0 58.0 289.0 46.0 289.0 927.0 233.0 927.0 
1 2 0.85 0.85 578.0 477.0 578.0 330.0 9.0 330.0 
1 2 0.8 0.8 131.0 104.0 131.0 934.0 13.0 934.0 
1 2 0.81 0.81 795.0 367.0 795.0 828.0 290.0 828.0 
1 2 0.46 0.46 970.0 213.0 970.0 432.0 106.0 432.0 
1 3 0.83 0.83 970.0 213.0 970.0 432.0 106.0 432.0 143.0 53.0 143.0 
1 2 0.31 0.31 647.0 138.0 647.0 854.0 83.0 854.0 
1 3 0.91 0.91 647.0 138.0 647.0 854.0 83.0 854.0 444.0 269.0 444.0 
1 2 0.78 0.78 530.0 22.0 530.0 466.0 347.0 466.0 
1 3 0.94 0.94 530.0 22.0 530.0 466.0 347.0 466.0 861.0 141.0 861.0 
1 2 0.84 0.84 222.0 126.0 222.0 167.0 47.0 167.0 
1 2 0.33 0.33 463.0 43.0 463.0 889.0 213.0 889.0 
1 3 0.66 0.66 463.0 43.0 463.0 889.0 213.0 889.0 801.0 264.0 801.0 
1 2 0.83 0.83 599.0 245.0 599.0 536.0 229.0 536.0 
1 2 0.68 0.68 403.0 243.0 403.0 254.0 21.0 254.0 
1 3 0.93 0.93 403.0 243.0 403.0 254.0 21.0 254.0 895.0 224.0 895.0 
1 2 0.99 0.99 919.0 505.0 919.0 638.0 285.0 638.0 
1 2 0.61 0.61 715.0 187.0 715.0 331.0 117.0 331.0 
1 3 0.9 0.9 715.0 187.0 715.0 331.0 117.0 331.0 258.0 74.0 258.0 
1 2 0.32 0.32 846.0 253.0 846.0 841.0 19.0 841.0 
1 3 0.7 0.7 846.0 253.0 846.0 841.0 19.0 841.0 84.0 32.0 84.0 
1 2 0.83 0.83 626.0 280.0 626.0 753.0 293.0 753.0 
1 3 0.91 0.91 626.0 280.0 626.0 753.0 293.0 753.0 617.0 48.0 617.0 
1 2 0.47 0.47 977.0 347.0 977.0 351.0 42.0 351.0 
1 3 0.96 0.96 977.0 347.0 977.0 351.0 42.0 351.0 659.0 323.0 659.0 
1 2 0.97 0.97 436.0 308.0 436.0 462.0 124.0 462.0 
1 2 0.08 0.08 509.0 40.0 509.0 957.0 7.0 957.0 
1 3 0.21 0.21 509.0 40.0 509.0 957.0 7.0 957.0 657.0 82.0 657.0 
1 4 0.47 0.47 509.0 40.0 509.0 957.0 7.0 957.0 657.0 82.0 657.0 465.0 124.0 465.0 
1 5 0.61 0.61 509.0 40.0 509.0 957.0 7.0 957.0 657.0 82.0 657.0 465.0 124.0 465.0 130.0 18.0 130.0 
1 6 0.97 0.97 509.0 40.0 509.0 957.0 7.0 957.0 657.0 82.0 657.0 465.0 124.0 465.0 130.0 18.0 130.0 79.0 28.0 79.0 
1 2 0.8 0.8 378.0 200.0 378.0 243.0 67.0 243.0 
1 2 0.1 0.1 130.0 11.0 130.0 618.0 14.0 618.0 
1 2 0.94 0.94 305.0 18.0 305.0 550.0 489.0 550.0 
1 2 0.5 0.5 788.0 77.0 788.0 632.0 257.0 632.0 
1 2 0.7 0.7 450.0 87.0 450.0 140.0 71.0 140.0 
1 3 0.78 0.78 450.0 87.0 450.0 140.0 71.0 140.0 753.0 63.0 753.0 
1 2 0.68 0.68 27.0 2.0 27.0 49.0 30.0 49.0 
1 2 0.61 0.61 785.0 66.0 785.0 685.0 362.0 685.0 
1 2 0.09 0.09 305.0 10.0 305.0 261.0 16.0 261.0 
1 3 0.29 0.29 305.0 10.0 305.0 261.0 16.0 261.0 5.0 1.0 5.0 
1 4 0.98 0.98 305.0 10.0 305.0 261.0 16.0 261.0 5.0 1.0 5.0 229.0 158.0 229.0 
1 2 0.91 0.91 762.0 257.0 762.0 339.0 196.0 339.0 
1 3 0.97 0.97 762.0 257.0 762.0 339.0 196.0 339.0 844.0 49.0 844.0 
1 2 0.84 0.84 123.0 86.0 123.0 7.0 1.0 7.0 
1 2 0.94 0.94 395.0 361.0 395.0 102.0 3.0 102.0 
1 2 0.37 0.37 807.0 66.0 807.0 810.0 237.0 810.0 
1 3 0.43 0.43 807.0 66.0 807.0 810.0 237.0 810.0 31.0 2.0 31.0 
1 4 0.94 0.94 807.0 66.0 807.0 810.0 237.0 810.0 31.0 2.0 31.0 814.0 411.0 814.0 
1 2 0.83 0.83 824.0 223.0 824.0 543.0 306.0 543.0 
1 2 0.98 0.98 456.0 48.0 456.0 864.0 762.0 864.0 
1 2 0.73 0.73 7.0 5.0 7.0 168.0 4.0 168.0 
1 2 0.84 0.84 259.0 149.0 259.0 744.0 198.0 744.0 
1 2 0.75 0.75 629.0 126.0 629.0 727.0 400.0 727.0 
1 3 0.88 0.88 629.0 126.0 629.0 727.0 400.0 727.0 65.0 9.0 65.0 
1 2 0.99 0.99 268.0 160.0 268.0 178.0 71.0 178.0 
1 2 0.59 0.59 465.0 272.0 465.0 92.0 1.0 92.0 
1 3 0.69 0.69 465.0 272.0 465.0 92.0 1.0 92.0 230.0 22.0 230.0 
1 2 0.93 0.93 199.0 71.0 199.0 807.0 468.0 807.0 
1 2 0.93 0.93 99.0 17.0 99.0 871.0 663.0 871.0 
1 2 0.66 0.66 524.0 189.0 524.0 411.0 124.0 411.0 
1 3 0.81 0.81 524.0 189.0 524.0 411.0 124.0 411.0 783.0 121.0 783.0 
1 2 0.54 0.54 616.0 25.0 616.0 346.0 173.0 346.0 
1 2 0.85 0.85 361.0 120.0 361.0 105.0 55.0 105.0 
1 2 0.79 0.79 294.0 33.0 294.0 885.0 603.0 885.0 
1 2 0.78 0.78 161.0 95.0 161.0 867.0 170.0 867.0 
1 2 0.67 0.67 107.0 59.0 107.0 230.0 29.0 230.0 
1 2 0.98 0.98 228.0 128.0 228.0 336.0 143.0 336.0 
1 2 0.8 0.8 452.0 192.0 452.0 910.0 349.0 910.0 
1 2 0.55 0.55 13.0 3.0 13.0 446.0 145.0 446.0 
1 3 0.71 0.71 13.0 3.0 13.0 446.0 145.0 446.0 342.0 53.0 342.0 
1 4 0.94 0.94 13.0 3.0 13.0 446.0 145.0 446.0 342.0 53.0 342.0 782.0 186.0 782.0 
1 5 0.97 0.97 13.0 3.0 13.0 446.0 145.0 446.0 342.0 53.0 342.0 782.0 186.0 782.0 99.0 3.0 99.0 
1 2 0.35 0.35 652.0 224.0 652.0 346.0 5.0 346.0 
1 2 0.84 0.84 896.0 498.0 896.0 828.0 243.0 828.0 
1 2 0.22 0.22 337.0 28.0 337.0 335.0 48.0 335.0 
1 3 0.97 0.97 337.0 28.0 337.0 335.0 48.0 335.0 55.0 41.0 55.0 
1 2 0.51 0.51 618.0 227.0 618.0 740.0 109.0 740.0 
1 2 0.8 0.8 83.0 8.0 83.0 663.0 467.0 663.0 
1 2 0.21 0.21 703.0 24.0 703.0 22.0 4.0 22.0 
1 3 0.3 0.3 703.0 24.0 703.0 22.0 4.0 22.0 189.0 17.0 189.0 
1 2 0.43 0.43 929.0 97.0 929.0 6.0 2.0 6.0 
1 3 0.98 0.98 929.0 97.0 929.0 6.0 2.0 6.0 228.0 124.0 228.0 
1 2 0.32 0.32 981.0 290.0 981.0 422.0 11.0 422.0 
1 3 0.45 0.45 981.0 290.0 981.0 422.0 11.0 422.0 44.0 6.0 44.0 
1 4 0.89 0.89 981.0 290.0 981.0 422.0 11.0 422.0 44.0 6.0 44.0 391.0 170.0 391.0 
1 5 0.95 0.95 981.0 290.0 981.0 422.0 11.0 422.0 44.0 6.0 44.0 391.0 170.0 391.0 103.0 6.0 103.0 
1 2 0.85 0.85 294.0 104.0 294.0 28.0 14.0 28.0 
1 2 0.36 0.36 476.0 136.0 476.0 185.0 15.0 185.0 
1 2 0.3 0.3 738.0 184.0 738.0 172.0 9.0 172.0 
1 3 0.85 0.85 738.0 184.0 738.0 172.0 9.0 172.0 429.0 238.0 429.0 
1 2 0.64 0.64 337.0 214.0 337.0 91.0 1.0 91.0 
1 2 0.85 0.85 4.0 1.0 4.0 268.0 162.0 268.0 
1 2 0.99 0.99 796.0 294.0 796.0 621.0 387.0 621.0 
1 2 0.65 0.65 411.0 43.0 411.0 485.0 265.0 485.0 
1 2 0.53 0.53 110.0 33.0 110.0 526.0 123.0 526.0 
1 2 0.94 0.94 627.0 276.0 627.0 217.0 110.0 217.0 
1 2 0.47 0.47 850.0 66.0 850.0 195.0 77.0 195.0 
1 3 0.97 0.97 850.0 66.0 850.0 195.0 77.0 195.0 619.0 311.0 619.0 
1 2 0.42 0.42 10.0 4.0 10.0 646.0 16.0 646.0 
1 3 0.92 0.92 10.0 4.0 10.0 646.0 16.0 646.0 628.0 313.0 628.0 
1 2 0.62 0.62 839.0 316.0 839.0 8.0 2.0 8.0 
1 2 0.6 0.6 132.0 5.0 132.0 411.0 232.0 411.0 
1 2 0.23 0.23 41.0 9.0 41.0 418.0 5.0 418.0 
1 3 0.54 0.54 41.0 9.0 41.0 418.0 5.0 418.0 357.0 113.0 357.0 
1 2 0.54 0.54 6.0 2.0 6.0 643.0 136.0 643.0 
1 2 0.2 0.2 849.0 2.0 849.0 868.0 174.0 868.0 
1 3 0.58 0.58 849.0 2.0 849.0 868.0 174.0 868.0 547.0 208.0 547.0 
1 2 0.98 0.98 874.0 169.0 874.0 835.0 661.0 835.0 
1 2 0.59 0.59 259.0 93.0 259.0 413.0 97.0 413.0 
1 3 0.62 0.62 259.0 93.0 259.0 413.0 97.0 413.0 444.0 13.0 444.0 
1 2 0.53 0.53 532.0 236.0 532.0 612.0 58.0 612.0 
1 3 0.56 0.56 532.0 236.0 532.0 612.0 58.0 612.0 430.0 12.0 430.0 
1 2 0.52 0.52 669.0 294.0 669.0 419.0 37.0 419.0 
1 3 0.92 0.92 669.0 294.0 669.0 419.0 37.0 419.0 976.0 387.0 976.0 
1 2 0.9 0.9 890.0 767.0 890.0 787.0 37.0 787.0 
1 2 0.93 0.93 502.0 80.0 502.0 922.0 717.0 922.0 
1 2 0.88 0.88 763.0 287.0 763.0 833.0 422.0 833.0 
1 2 0.52 0.52 74.0 24.0 74.0 741.0 149.0 741.0 
1 3 0.91 0.91 74.0 24.0 74.0 741.0 149.0 741.0 431.0 168.0 431.0 
1 2 0.27 0.27 711.0 89.0 711.0 797.0 121.0 797.0 
1 3 0.59 0.59 711.0 89.0 711.0 797.0 121.0 797.0 184.0 58.0 184.0 
1 4 0.71 0.71 711.0 89.0 711.0 797.0 121.0 797.0 184.0 58.0 184.0 978.0 122.0 978.0 
1 2 0.63 0.63 156.0 18.0 156.0 761.0 398.0 761.0 
1 2 0.48 0.48 578.0 146.0 578.0 960.0 224.0 960.0 
1 2 0.33 0.33 650.0 172.0 650.0 325.0 24.0 325.0 
1 3 0.95 0.95 650.0 172.0 650.0 325.0 24.0 325.0 232.0 144.0 232.0 
1 2 0.98 0.98 396.0 115.0 396.0 739.0 517.0 739.0 
1 2 0.87 0.87 696.0 459.0 696.0 471.0 101.0 471.0 
1 2 0.83 0.83 582.0 449.0 582.0 49.0 3.0 49.0 
1 2 0.64 0.64 69.0 17.0 69.0 463.0 185.0 463.0 
1 2 0.81 0.81 58.0 39.0 58.0 382.0 53.0 382.0 
1 2 0.42 0.42 403.0 26.0 403.0 709.0 257.0 709.0 
1 3 0.89 0.89 403.0 26.0 403.0 709.0 257.0 709.0 563.0 263.0 563.0 
1 2 0.84 0.84 885.0 226.0 885.0 76.0 45.0 76.0 
1 3 0.95 0.95 885.0 226.0 885.0 76.0 45.0 76.0 711.0 77.0 711.0 
1 2 0.67 0.67 500.0 93.0 500.0 602.0 297.0 602.0 
1 3 0.91 0.91 500.0 93.0 500.0 602.0 297.0 602.0 841.0 202.0 841.0 
1 2 0.89 0.89 822.0 76.0 822.0 225.0 180.0 225.0 
1 2 0.62 0.62 365.0 90.0 365.0 45.0 17.0 45.0 
1 2 0.91 0.91 30.0 18.0 30.0 524.0 164.0 524.0 
1 2 0.99 0.99 571.0 470.0 571.0 532.0 91.0 532.0 
1 2 0.96 0.96 24.0 7.0 24.0 847.0 571.0 847.0 
1 2 0.93 0.93 433.0 204.0 433.0 549.0 255.0 549.0 
1 2 0.95 0.95 126.0 118.0 126.0 727.0 15.0 727.0 
1 2 0.55 0.55 731.0 259.0 731.0 148.0 29.0 148.0 
1 2 0.74 0.74 321.0 145.0 321.0 719.0 209.0 719.0 
1 3 0.95 0.95 321.0 145.0 321.0 719.0 209.0 719.0 934.0 202.0 934.0 
1 2 0.56 0.56 68.0 13.0 68.0 313.0 118.0 313.0 
1 2 0.88 0.88 692.0 51.0 692.0 293.0 238.0 293.0 
1 2 0.5 0.5 884.0 219.0 884.0 773.0 196.0 773.0 
1 3 0.8 0.8 884.0 219.0 884.0 773.0 196.0 773.0 181.0 55.0 181.0 
1 2 0.65 0.65 56.0 4.0 56.0 414.0 243.0 414.0 
1 3 0.94 0.94 56.0 4.0 56.0 414.0 243.0 414.0 511.0 148.0 511.0 
1 4 0.96 0.96 56.0 4.0 56.0 414.0 243.0 414.0 511.0 148.0 511.0 51.0 1.0 51.0 
1 2 0.92 0.92 858.0 187.0 858.0 659.0 469.0 659.0 
1 2 0.28 0.28 58.0 2.0 58.0 733.0 182.0 733.0 
1 3 0.35 0.35 58.0 2.0 58.0 733.0 182.0 733.0 26.0 2.0 26.0 
1 4 0.72 0.72 58.0 2.0 58.0 733.0 182.0 733.0 26.0 2.0 26.0 446.0 161.0 446.0 
1 5 0.9 0.9 58.0 2.0 58.0 733.0 182.0 733.0 26.0 2.0 26.0 446.0 161.0 446.0 407.0 76.0 407.0 
1 2 0.55 0.55 330.0 33.0 330.0 724.0 327.0 724.0 
1 2 0.89 0.89 570.0 153.0 570.0 562.0 350.0 562.0 
1 2 0.67 0.67 163.0 34.0 163.0 532.0 246.0 532.0 
1 2 0.31 0.31 736.0 57.0 736.0 709.0 169.0 709.0 
1 3 0.64 0.64 736.0 57.0 736.0 709.0 169.0 709.0 536.0 178.0 536.0 
1 4 0.85 0.85 736.0 57.0 736.0 709.0 169.0 709.0 536.0 178.0 536.0 895.0 186.0 895.0 
1 2 0.51 0.51 651.0 322.0 651.0 158.0 4.0 158.0 
1 2 0.73 0.73 612.0 410.0 612.0 693.0 42.0 693.0 
1 2 0.6 0.6 915.0 432.0 915.0 795.0 106.0 795.0 
1 2 0.35 0.35 757.0 129.0 757.0 199.0 36.0 199.0 
1 3 0.66 0.66 757.0 129.0 757.0 199.0 36.0 199.0 265.0 82.0 265.0 
1 2 0.64 0.64 477.0 265.0 477.0 790.0 73.0 790.0 
1 2 0.79 0.79 425.0 148.0 425.0 771.0 347.0 771.0 
1 2 0.3 0.3 52.0 2.0 52.0 849.0 227.0 849.0 
1 2 0.19 0.19 859.0 27.0 859.0 113.0 19.0 113.0 
1 2 0.98 0.98 628.0 592.0 628.0 678.0 31.0 678.0 
1 2 0.93 0.93 669.0 77.0 669.0 565.0 464.0 565.0 
1 2 0.72 0.72 220.0 90.0 220.0 807.0 254.0 807.0 
1 2 0.25 0.25 32.0 7.0 32.0 707.0 26.0 707.0 
1 3 0.57 0.57 32.0 7.0 32.0 707.0 26.0 707.0 158.0 51.0 158.0 
1 2 0.8 0.8 484.0 120.0 484.0 111.0 62.0 111.0 
1 2 0.55 0.55 345.0 120.0 345.0 527.0 109.0 527.0 
1 2 0.49 0.49 297.0 68.0 297.0 700.0 185.0 700.0 
1 2 0.5 0.5 217.0 53.0 217.0 930.0 241.0 930.0 
1 3 0.67 0.67 217.0 53.0 217.0 930.0 241.0 930.0 337.0 57.0 337.0 
1 2 0.89 0.89 260.0 95.0 260.0 106.0 56.0 106.0 
1 2 0.56 0.56 99.0 13.0 99.0 747.0 323.0 747.0 
1 2 0.79 0.79 791.0 521.0 791.0 324.0 43.0 324.0 
1 2 0.33 0.33 838.0 267.0 838.0 218.0 3.0 218.0 
1 3 0.94 0.94 838.0 267.0 838.0 218.0 3.0 218.0 961.0 589.0 961.0 
1 2 0.84 0.84 632.0 80.0 632.0 546.0 394.0 546.0 
1 2 0.54 0.54 151.0 76.0 151.0 801.0 35.0 801.0 
1 2 0.04 0.04 78.0 1.0 78.0 257.0 8.0 257.0 
1 3 0.61 0.61 78.0 1.0 78.0 257.0 8.0 257.0 7.0 4.0 7.0 
1 2 0.77 0.77 466.0 197.0 466.0 871.0 311.0 871.0 
1 2 0.88 0.88 31.0 18.0 31.0 473.0 146.0 473.0 
1 2 0.7 0.7 894.0 611.0 894.0 725.0 16.0 725.0 
1 2 0.9 0.9 429.0 3.0 429.0 598.0 538.0 598.0 
1 2 0.72 0.72 653.0 220.0 653.0 947.0 370.0 947.0 
1 2 0.87 0.87 506.0 306.0 506.0 576.0 154.0 576.0 
1 2 0.86 0.86 360.0 75.0 360.0 959.0 633.0 959.0 
1 2 0.88 0.88 489.0 334.0 489.0 523.0 105.0 523.0 
1 2 0.22 0.22 762.0 18.0 762.0 906.0 184.0 906.0 
1 3 0.95 0.95 762.0 18.0 762.0 906.0 184.0 906.0 242.0 176.0 242.0 
1 2 0.22 0.22 687.0 7.0 687.0 999.0 213.0 999.0 
1 3 0.25 0.25 687.0 7.0 687.0 999.0 213.0 999.0 264.0 8.0 264.0 
1 4 0.66 0.66 687.0 7.0 687.0 999.0 213.0 999.0 264.0 8.0 264.0 483.0 198.0 483.0 
1 2 0.92 0.92 83.0 50.0 83.0 582.0 186.0 582.0 
1 2 0.44 0.44 290.0 91.0 290.0 483.0 61.0 483.0 
1 3 0.84 0.84 290.0 91.0 290.0 483.0 61.0 483.0 395.0 160.0 395.0 
1 2 0.13 0.13 857.0 66.0 857.0 355.0 21.0 355.0 
1 3 0.34 0.34 857.0 66.0 857.0 355.0 21.0 355.0 166.0 34.0 166.0 
1 4 0.97 0.97 857.0 66.0 857.0 355.0 21.0 355.0 166.0 34.0 166.0 249.0 159.0 249.0 
1 2 0.33 0.33 94.0 30.0 94.0 595.0 11.0 595.0 
1 2 0.99 0.99 108.0 18.0 108.0 505.0 419.0 505.0 
1 2 0.76 0.76 114.0 75.0 114.0 685.0 71.0 685.0 
1 2 0.85 0.85 501.0 276.0 501.0 622.0 192.0 622.0 
1 2 0.4 0.4 416.0 30.0 416.0 6.0 2.0 6.0 
1 2 0.9 0.9 248.0 117.0 248.0 488.0 209.0 488.0 
1 2 0.8 0.8 626.0 498.0 626.0 552.0 4.0 552.0 
1 3 0.81 0.81 626.0 498.0 626.0 552.0 4.0 552.0 764.0 13.0 764.0 
1 2 0.86 0.86 536.0 371.0 536.0 703.0 119.0 703.0 
1 2 0.9 0.9 330.0 68.0 330.0 171.0 120.0 171.0 
1 2 0.97 0.97 28.0 9.0 28.0 69.0 45.0 69.0 
1 2 0.94 0.94 577.0 354.0 577.0 27.0 9.0 27.0 
1 2 0.7 0.7 683.0 363.0 683.0 815.0 142.0 815.0 
1 2 0.65 0.65 508.0 186.0 508.0 291.0 85.0 291.0 
1 3 0.76 0.76 508.0 186.0 508.0 291.0 85.0 291.0 997.0 108.0 997.0 
1 2 0.51 0.51 216.0 38.0 216.0 219.0 75.0 219.0 
1 3 0.92 0.92 216.0 38.0 216.0 219.0 75.0 219.0 328.0 133.0 328.0 
1 4 0.95 0.95 216.0 38.0 216.0 219.0 75.0 219.0 328.0 133.0 328.0 285.0 10.0 285.0 
1 2 0.84 0.84 611.0 252.0 611.0 35.0 15.0 35.0 
1 2 0.92 0.92 282.0 254.0 282.0 507.0 10.0 507.0 
1 2 0.96 0.96 796.0 576.0 796.0 110.0 27.0 110.0 
1 2 0.91 0.91 803.0 4.0 803.0 898.0 816.0 898.0 
1 2 0.8 0.8 735.0 517.0 735.0 694.0 73.0 694.0 
1 2 0.72 0.72 808.0 338.0 808.0 249.0 77.0 249.0 
1 2 0.66 0.66 316.0 81.0 316.0 162.0 67.0 162.0 
1 2 0.45 0.45 990.0 134.0 990.0 478.0 155.0 478.0 
1 2 0.96 0.96 176.0 140.0 176.0 740.0 126.0 740.0 
1 2 0.56 0.56 757.0 362.0 757.0 818.0 74.0 818.0 
1 2 0.46 0.46 172.0 33.0 172.0 110.0 30.0 110.0 
1 2 0.56 0.56 893.0 241.0 893.0 475.0 142.0 475.0 
1 3 0.95 0.95 893.0 241.0 893.0 475.0 142.0 475.0 376.0 144.0 376.0 
1 2 0.69 0.69 43.0 3.0 43.0 191.0 120.0 191.0 
1 2 0.86 0.86 652.0 306.0 652.0 191.0 76.0 191.0 
1 2 0.97 0.97 33.0 9.0 33.0 515.0 364.0 515.0 
1 2 0.98 0.98 684.0 333.0 684.0 365.0 181.0 365.0 
1 2 0.96 0.96 926.0 880.0 926.0 672.0 13.0 672.0 
1 2 0.85 0.85 28.0 4.0 28.0 7.0 5.0 7.0 
1 2 0.96 0.96 53.0 34.0 53.0 49.0 16.0 49.0 
1 2 0.74 0.74 142.0 3.0 142.0 297.0 214.0 297.0 
1 2 0.59 0.59 648.0 17.0 648.0 763.0 436.0 763.0 
1 3 0.82 0.82 648.0 17.0 648.0 763.0 436.0 763.0 209.0 47.0 209.0 
1 2 0.98 0.98 667.0 171.0 667.0 487.0 356.0 487.0 
1 2 0.57 0.57 150.0 3.0 150.0 632.0 348.0 632.0 
1 2 0.29 0.29 792.0 74.0 792.0 714.0 147.0 714.0 
1 2 0.43 0.43 104.0 4.0 104.0 523.0 205.0 523.0 
1 3 0.75 0.75 104.0 4.0 104.0 523.0 205.0 523.0 497.0 161.0 497.0 
1 2 0.22 0.22 609.0 36.0 609.0 123.0 20.0 123.0 
1 2 0.45 0.45 50.0 4.0 50.0 925.0 344.0 925.0 
1 3 0.87 0.87 50.0 4.0 50.0 925.0 344.0 925.0 993.0 424.0 993.0 
1 2 0.92 0.92 914.0 660.0 914.0 408.0 81.0 408.0 
1 3 0.99 0.99 914.0 660.0 914.0 408.0 81.0 408.0 413.0 31.0 413.0 
1 2 0.13 0.13 947.0 64.0 947.0 70.0 5.0 70.0 
1 3 0.56 0.56 947.0 64.0 947.0 70.0 5.0 70.0 108.0 46.0 108.0 
1 2 0.89 0.89 946.0 751.0 946.0 667.0 66.0 667.0 
1 2 0.86 0.86 202.0 90.0 202.0 862.0 363.0 862.0 
1 2 0.71 0.71 15.0 5.0 15.0 600.0 230.0 600.0 
1 2 0.13 0.13 220.0 4.0 220.0 187.0 22.0 187.0 
1 3 0.17 0.17 220.0 4.0 220.0 187.0 22.0 187.0 906.0 35.0 906.0 
1 4 0.44 0.44 220.0 4.0 220.0 187.0 22.0 187.0 906.0 35.0 906.0 887.0 244.0 887.0 
1 5 0.95 0.95 220.0 4.0 220.0 187.0 22.0 187.0 906.0 35.0 906.0 887.0 244.0 887.0 707.0 354.0 707.0 
