1 2 0.53 0.53 152.0 79.0 152.0 63.0 1.0 63.0 
1 2 0.87 0.87 149.0 16.0 149.0 205.0 157.0 205.0 
1 2 0.91 0.91 757.0 137.0 757.0 778.0 572.0 778.0 
1 2 0.96 0.96 887.0 7.0 887.0 990.0 951.0 990.0 
1 2 0.92 0.92 884.0 216.0 884.0 769.0 522.0 769.0 
1 2 0.99 0.99 868.0 811.0 868.0 64.0 4.0 64.0 
1 2 0.98 0.98 290.0 257.0 290.0 597.0 56.0 597.0 
1 2 0.53 0.53 415.0 52.0 415.0 967.0 397.0 967.0 
1 2 0.74 0.74 541.0 145.0 541.0 796.0 383.0 796.0 
1 2 0.84 0.84 800.0 227.0 800.0 657.0 368.0 657.0 
1 2 0.97 0.97 547.0 443.0 547.0 765.0 128.0 765.0 
1 2 0.99 0.99 744.0 607.0 744.0 50.0 9.0 50.0 
1 2 0.77 0.77 453.0 303.0 453.0 948.0 103.0 948.0 
1 2 0.98 0.98 747.0 643.0 747.0 646.0 79.0 646.0 
1 2 0.8 0.8 187.0 47.0 187.0 891.0 489.0 891.0 
1 2 0.82 0.82 536.0 11.0 536.0 659.0 527.0 659.0 
1 2 0.95 0.95 647.0 292.0 647.0 988.0 497.0 988.0 
1 2 0.73 0.73 441.0 244.0 441.0 159.0 29.0 159.0 
1 2 0.77 0.77 376.0 269.0 376.0 128.0 8.0 128.0 
1 2 0.97 0.97 773.0 681.0 773.0 659.0 63.0 659.0 
1 2 0.59 0.59 585.0 49.0 585.0 67.0 34.0 67.0 
1 2 0.89 0.89 655.0 14.0 655.0 777.0 679.0 777.0 
1 2 0.53 0.53 667.0 6.0 667.0 129.0 68.0 129.0 
1 2 0.99 0.99 56.0 19.0 56.0 721.0 472.0 721.0 
1 2 0.57 0.57 435.0 32.0 435.0 702.0 355.0 702.0 
1 2 0.78 0.78 592.0 369.0 592.0 227.0 36.0 227.0 
1 2 0.71 0.71 313.0 84.0 313.0 226.0 102.0 226.0 
1 2 0.9 0.9 202.0 99.0 202.0 1000.0 419.0 1000.0 
1 2 0.9 0.9 320.0 211.0 320.0 472.0 115.0 472.0 
1 2 0.95 0.95 872.0 192.0 872.0 230.0 170.0 230.0 
1 2 0.82 0.82 627.0 333.0 627.0 903.0 268.0 903.0 
1 2 0.86 0.86 521.0 102.0 521.0 144.0 96.0 144.0 
1 2 0.78 0.78 928.0 483.0 928.0 498.0 133.0 498.0 
1 2 0.83 0.83 488.0 398.0 488.0 334.0 6.0 334.0 
1 2 0.97 0.97 323.0 28.0 323.0 377.0 335.0 377.0 
1 2 0.79 0.79 986.0 670.0 986.0 972.0 112.0 972.0 
1 2 0.92 0.92 894.0 126.0 894.0 759.0 592.0 759.0 
1 2 0.82 0.82 390.0 117.0 390.0 389.0 205.0 389.0 
1 2 0.45 0.45 734.0 119.0 734.0 626.0 181.0 626.0 
1 2 0.68 0.68 495.0 316.0 495.0 336.0 17.0 336.0 
1 2 0.94 0.94 443.0 194.0 443.0 639.0 321.0 639.0 
1 2 0.82 0.82 617.0 390.0 617.0 262.0 50.0 262.0 
1 2 0.73 0.73 425.0 243.0 425.0 341.0 57.0 341.0 
1 2 0.97 0.97 279.0 210.0 279.0 801.0 177.0 801.0 
1 2 0.54 0.54 477.0 16.0 477.0 70.0 36.0 70.0 
1 2 0.95 0.95 721.0 314.0 721.0 397.0 207.0 397.0 
1 2 0.83 0.83 359.0 225.0 359.0 489.0 101.0 489.0 
1 2 0.92 0.92 153.0 57.0 153.0 415.0 230.0 415.0 
1 2 0.69 0.69 927.0 77.0 927.0 614.0 375.0 614.0 
1 2 0.64 0.64 29.0 1.0 29.0 654.0 398.0 654.0 
1 2 0.84 0.84 158.0 47.0 158.0 523.0 288.0 523.0 
1 2 0.96 0.96 774.0 709.0 774.0 204.0 10.0 204.0 
1 2 0.69 0.69 638.0 325.0 638.0 890.0 163.0 890.0 
1 2 0.96 0.96 922.0 128.0 922.0 186.0 154.0 186.0 
1 2 0.85 0.85 793.0 123.0 793.0 308.0 215.0 308.0 
1 2 0.67 0.67 489.0 299.0 489.0 32.0 2.0 32.0 
1 3 0.99 0.99 489.0 299.0 489.0 32.0 2.0 32.0 102.0 33.0 102.0 
1 2 0.85 0.85 104.0 19.0 104.0 499.0 333.0 499.0 
1 2 0.97 0.97 717.0 488.0 717.0 952.0 276.0 952.0 
1 2 0.89 0.89 744.0 479.0 744.0 859.0 213.0 859.0 
1 2 0.77 0.77 881.0 18.0 881.0 840.0 638.0 840.0 
1 2 0.93 0.93 216.0 193.0 216.0 67.0 3.0 67.0 
1 2 0.88 0.88 826.0 126.0 826.0 100.0 73.0 100.0 
1 2 0.99 0.99 587.0 443.0 587.0 734.0 179.0 734.0 
1 2 0.89 0.89 928.0 698.0 928.0 352.0 51.0 352.0 
1 3 0.96 0.96 928.0 698.0 928.0 352.0 51.0 352.0 245.0 16.0 245.0 
1 2 0.82 0.82 63.0 12.0 63.0 483.0 307.0 483.0 
1 2 0.9 0.9 356.0 121.0 356.0 799.0 453.0 799.0 
1 2 0.94 0.94 408.0 255.0 408.0 661.0 211.0 661.0 
1 2 0.93 0.93 98.0 30.0 98.0 240.0 150.0 240.0 
1 2 0.93 0.93 547.0 501.0 547.0 822.0 16.0 822.0 
1 2 0.38 0.38 45.0 15.0 45.0 38.0 2.0 38.0 
1 2 0.97 0.97 214.0 119.0 214.0 976.0 413.0 976.0 
1 2 0.54 0.54 105.0 1.0 105.0 928.0 493.0 928.0 
1 2 0.98 0.98 324.0 98.0 324.0 311.0 212.0 311.0 
1 2 0.85 0.85 413.0 54.0 413.0 685.0 499.0 685.0 
1 2 0.71 0.71 651.0 424.0 651.0 519.0 33.0 519.0 
1 2 0.54 0.54 890.0 30.0 890.0 791.0 408.0 791.0 
1 2 0.97 0.97 499.0 258.0 499.0 654.0 301.0 654.0 
1 2 0.94 0.94 866.0 546.0 866.0 321.0 100.0 321.0 
1 2 0.72 0.72 604.0 92.0 604.0 826.0 469.0 826.0 
1 2 0.64 0.64 97.0 1.0 97.0 369.0 234.0 369.0 
1 3 0.74 0.74 97.0 1.0 97.0 369.0 234.0 369.0 419.0 44.0 419.0 
1 2 0.93 0.93 16.0 9.0 16.0 814.0 307.0 814.0 
1 2 0.68 0.68 658.0 433.0 658.0 438.0 13.0 438.0 
1 2 0.99 0.99 824.0 178.0 824.0 329.0 256.0 329.0 
1 2 0.94 0.94 140.0 92.0 140.0 151.0 43.0 151.0 
1 2 0.68 0.68 586.0 98.0 586.0 163.0 85.0 163.0 
1 2 0.86 0.86 386.0 56.0 386.0 18.0 13.0 18.0 
1 2 0.96 0.96 437.0 329.0 437.0 422.0 90.0 422.0 
1 2 0.84 0.84 503.0 424.0 503.0 815.0 1.0 815.0 
1 2 0.83 0.83 747.0 231.0 747.0 809.0 427.0 809.0 
1 2 0.82 0.82 588.0 102.0 588.0 634.0 416.0 634.0 
1 2 0.84 0.84 811.0 202.0 811.0 498.0 298.0 498.0 
1 2 0.6 0.6 115.0 9.0 115.0 437.0 232.0 437.0 
1 2 0.96 0.96 97.0 9.0 97.0 87.0 76.0 87.0 
1 2 0.84 0.84 407.0 229.0 407.0 209.0 58.0 209.0 
1 2 0.75 0.75 473.0 61.0 473.0 130.0 82.0 130.0 
1 2 0.79 0.79 783.0 603.0 783.0 599.0 14.0 599.0 
1 2 0.66 0.66 792.0 520.0 792.0 215.0 2.0 215.0 
1 3 0.68 0.68 792.0 520.0 792.0 215.0 2.0 215.0 665.0 16.0 665.0 
1 2 0.9 0.9 718.0 54.0 718.0 752.0 622.0 752.0 
1 2 0.69 0.69 683.0 73.0 683.0 248.0 145.0 248.0 
1 2 0.95 0.95 673.0 557.0 673.0 486.0 60.0 486.0 
1 2 0.88 0.88 567.0 459.0 567.0 656.0 48.0 656.0 
1 2 0.58 0.58 301.0 16.0 301.0 652.0 348.0 652.0 
1 2 0.8 0.8 867.0 583.0 867.0 612.0 79.0 612.0 
1 2 0.96 0.96 61.0 22.0 61.0 20.0 12.0 20.0 
1 3 0.98 0.98 61.0 22.0 61.0 20.0 12.0 20.0 444.0 9.0 444.0 
1 2 0.98 0.98 388.0 97.0 388.0 573.0 420.0 573.0 
1 2 0.78 0.78 564.0 437.0 564.0 971.0 6.0 971.0 
1 2 0.83 0.83 556.0 342.0 556.0 94.0 21.0 94.0 
1 2 0.76 0.76 917.0 598.0 917.0 512.0 59.0 512.0 
1 2 0.9 0.9 542.0 461.0 542.0 878.0 47.0 878.0 
1 2 0.89 0.89 957.0 371.0 957.0 130.0 66.0 130.0 
1 2 0.85 0.85 72.0 23.0 72.0 803.0 434.0 803.0 
1 2 0.97 0.97 317.0 63.0 317.0 81.0 63.0 81.0 
1 2 0.72 0.72 444.0 94.0 444.0 416.0 213.0 416.0 
1 2 0.8 0.8 993.0 127.0 993.0 771.0 524.0 771.0 
1 2 0.96 0.96 387.0 53.0 387.0 643.0 534.0 643.0 
1 2 0.86 0.86 544.0 86.0 544.0 485.0 341.0 485.0 
1 2 0.91 0.91 643.0 211.0 643.0 41.0 24.0 41.0 
1 2 0.84 0.84 197.0 133.0 197.0 1000.0 173.0 1000.0 
1 2 0.78 0.78 515.0 309.0 515.0 172.0 31.0 172.0 
1 2 0.87 0.87 615.0 119.0 615.0 475.0 324.0 475.0 
1 2 0.98 0.98 565.0 499.0 565.0 346.0 36.0 346.0 
1 2 0.96 0.96 281.0 254.0 281.0 921.0 53.0 921.0 
1 2 0.85 0.85 120.0 19.0 120.0 790.0 548.0 790.0 
1 2 0.91 0.91 188.0 135.0 188.0 680.0 133.0 680.0 
1 2 0.39 0.39 813.0 246.0 813.0 308.0 27.0 308.0 
1 2 0.82 0.82 295.0 84.0 295.0 471.0 256.0 471.0 
1 2 0.79 0.79 756.0 384.0 756.0 181.0 52.0 181.0 
1 2 0.97 0.97 116.0 10.0 116.0 899.0 801.0 899.0 
1 2 0.78 0.78 261.0 32.0 261.0 536.0 357.0 536.0 
1 2 0.91 0.91 233.0 78.0 233.0 867.0 507.0 867.0 
1 2 0.89 0.89 694.0 246.0 694.0 297.0 160.0 297.0 
1 2 0.27 0.27 876.0 12.0 876.0 796.0 210.0 796.0 
1 3 0.9 0.9 876.0 12.0 876.0 796.0 210.0 796.0 244.0 153.0 244.0 
1 2 0.73 0.73 320.0 143.0 320.0 768.0 225.0 768.0 
1 2 0.93 0.93 145.0 27.0 145.0 114.0 85.0 114.0 
1 2 0.79 0.79 508.0 288.0 508.0 951.0 214.0 951.0 
1 2 0.86 0.86 965.0 555.0 965.0 41.0 12.0 41.0 
1 2 0.79 0.79 185.0 125.0 185.0 241.0 29.0 241.0 
1 2 0.79 0.79 655.0 390.0 655.0 983.0 193.0 983.0 
1 2 0.21 0.21 712.0 125.0 712.0 612.0 23.0 612.0 
1 3 0.9 0.9 712.0 125.0 712.0 612.0 23.0 612.0 810.0 559.0 810.0 
1 2 0.71 0.71 578.0 66.0 578.0 306.0 185.0 306.0 
1 2 0.75 0.75 628.0 82.0 628.0 196.0 123.0 196.0 
1 2 0.99 0.99 457.0 173.0 457.0 149.0 92.0 149.0 
1 2 0.63 0.63 671.0 345.0 671.0 324.0 39.0 324.0 
1 2 0.99 0.99 95.0 43.0 95.0 984.0 537.0 984.0 
1 2 0.72 0.72 106.0 17.0 106.0 486.0 274.0 486.0 
1 2 0.93 0.93 854.0 716.0 854.0 348.0 34.0 348.0 
1 2 0.9 0.9 164.0 39.0 164.0 477.0 320.0 477.0 
1 2 0.15 0.15 387.0 16.0 387.0 476.0 55.0 476.0 
1 2 0.75 0.75 340.0 67.0 340.0 257.0 143.0 257.0 
1 2 0.7 0.7 981.0 92.0 981.0 638.0 387.0 638.0 
1 2 0.86 0.86 131.0 18.0 131.0 240.0 175.0 240.0 
1 2 0.98 0.98 710.0 31.0 710.0 537.0 504.0 537.0 
1 2 0.7 0.7 987.0 85.0 987.0 796.0 494.0 796.0 
1 3 0.93 0.93 987.0 85.0 987.0 796.0 494.0 796.0 938.0 211.0 938.0 
1 2 0.86 0.86 434.0 246.0 434.0 70.0 21.0 70.0 
1 2 0.96 0.96 518.0 95.0 518.0 375.0 294.0 375.0 
1 2 0.93 0.93 282.0 258.0 282.0 655.0 14.0 655.0 
1 2 0.78 0.78 353.0 183.0 353.0 645.0 169.0 645.0 
1 2 0.3 0.3 626.0 27.0 626.0 360.0 94.0 360.0 
1 3 0.92 0.92 626.0 27.0 626.0 360.0 94.0 360.0 109.0 68.0 109.0 
1 2 0.4 0.4 211.0 38.0 211.0 384.0 88.0 384.0 
1 2 0.92 0.92 172.0 95.0 172.0 598.0 224.0 598.0 
1 2 0.84 0.84 214.0 160.0 214.0 513.0 49.0 513.0 
1 2 0.67 0.67 391.0 238.0 391.0 401.0 27.0 401.0 
1 2 0.97 0.97 549.0 384.0 549.0 987.0 268.0 987.0 
1 2 0.86 0.86 400.0 339.0 400.0 862.0 13.0 862.0 
1 2 0.9 0.9 189.0 25.0 189.0 405.0 314.0 405.0 
1 2 0.99 0.99 851.0 292.0 851.0 344.0 224.0 344.0 
1 2 0.86 0.86 585.0 452.0 585.0 832.0 77.0 832.0 
1 2 0.81 0.81 835.0 217.0 835.0 843.0 466.0 843.0 
1 2 0.65 0.65 25.0 15.0 25.0 652.0 35.0 652.0 
1 2 0.87 0.87 797.0 46.0 797.0 248.0 203.0 248.0 
1 2 0.75 0.75 395.0 271.0 395.0 379.0 27.0 379.0 
1 2 0.62 0.62 828.0 13.0 828.0 689.0 422.0 689.0 
1 2 0.96 0.96 291.0 33.0 291.0 576.0 490.0 576.0 
1 2 0.89 0.89 537.0 297.0 537.0 891.0 308.0 891.0 
1 2 0.97 0.97 690.0 30.0 690.0 889.0 827.0 889.0 
1 2 0.84 0.84 289.0 241.0 289.0 67.0 1.0 67.0 
1 2 0.86 0.86 213.0 19.0 213.0 173.0 135.0 173.0 
1 2 0.94 0.94 844.0 561.0 844.0 419.0 116.0 419.0 
1 2 0.86 0.86 848.0 44.0 848.0 378.0 309.0 378.0 
1 2 0.98 0.98 965.0 187.0 965.0 765.0 604.0 765.0 
1 2 0.89 0.89 900.0 464.0 900.0 181.0 68.0 181.0 
1 2 0.78 0.78 438.0 50.0 438.0 712.0 477.0 712.0 
1 2 0.93 0.93 410.0 265.0 410.0 502.0 143.0 502.0 
1 2 0.79 0.79 166.0 22.0 166.0 171.0 113.0 171.0 
1 2 0.88 0.88 608.0 172.0 608.0 756.0 458.0 756.0 
1 2 0.98 0.98 714.0 98.0 714.0 838.0 713.0 838.0 
1 2 0.94 0.94 46.0 17.0 46.0 105.0 60.0 105.0 
1 2 0.96 0.96 340.0 320.0 340.0 363.0 10.0 363.0 
1 2 0.95 0.95 698.0 187.0 698.0 580.0 398.0 580.0 
1 2 0.99 0.99 997.0 542.0 997.0 60.0 27.0 60.0 
1 2 0.99 0.99 657.0 468.0 657.0 895.0 256.0 895.0 
1 2 0.67 0.67 492.0 150.0 492.0 646.0 238.0 646.0 
1 2 0.64 0.64 235.0 119.0 235.0 606.0 81.0 606.0 
1 2 0.96 0.96 328.0 239.0 328.0 807.0 190.0 807.0 
1 2 0.67 0.67 501.0 2.0 501.0 3.0 2.0 3.0 
1 2 0.92 0.92 656.0 603.0 656.0 539.0 4.0 539.0 
1 2 0.9 0.9 643.0 220.0 643.0 48.0 27.0 48.0 
1 2 0.99 0.99 277.0 111.0 277.0 64.0 38.0 64.0 
1 2 0.89 0.89 367.0 220.0 367.0 562.0 164.0 562.0 
1 2 0.96 0.96 910.0 685.0 910.0 186.0 40.0 186.0 
1 2 0.54 0.54 680.0 355.0 680.0 146.0 3.0 146.0 
1 2 0.97 0.97 43.0 40.0 43.0 129.0 6.0 129.0 
1 2 0.75 0.75 343.0 234.0 343.0 773.0 55.0 773.0 
1 2 0.79 0.79 21.0 3.0 21.0 474.0 311.0 474.0 
1 2 0.92 0.92 972.0 755.0 972.0 294.0 43.0 294.0 
1 2 0.89 0.89 959.0 221.0 959.0 785.0 522.0 785.0 
1 2 0.91 0.91 299.0 245.0 299.0 997.0 94.0 997.0 
1 2 0.57 0.57 650.0 14.0 650.0 9.0 5.0 9.0 
1 2 0.88 0.88 454.0 166.0 454.0 96.0 50.0 96.0 
1 2 0.74 0.74 122.0 66.0 122.0 10.0 2.0 10.0 
1 2 0.81 0.81 927.0 234.0 927.0 156.0 87.0 156.0 
1 2 0.96 0.96 379.0 261.0 379.0 168.0 47.0 168.0 
1 2 0.8 0.8 767.0 404.0 767.0 29.0 8.0 29.0 
1 2 0.38 0.38 273.0 34.0 273.0 797.0 207.0 797.0 
1 2 0.87 0.87 478.0 320.0 478.0 760.0 158.0 760.0 
1 2 0.76 0.76 118.0 19.0 118.0 741.0 446.0 741.0 
1 2 0.37 0.37 124.0 31.0 124.0 513.0 66.0 513.0 
1 3 0.79 0.79 124.0 31.0 124.0 513.0 66.0 513.0 688.0 285.0 688.0 
1 2 0.85 0.85 787.0 104.0 787.0 610.0 442.0 610.0 
1 2 0.74 0.74 652.0 464.0 652.0 487.0 15.0 487.0 
1 2 0.73 0.73 165.0 21.0 165.0 726.0 441.0 726.0 
1 2 0.98 0.98 178.0 146.0 178.0 318.0 51.0 318.0 
1 2 0.86 0.86 21.0 16.0 21.0 524.0 52.0 524.0 
1 2 0.75 0.75 617.0 424.0 617.0 587.0 41.0 587.0 
1 2 0.76 0.76 770.0 568.0 770.0 223.0 5.0 223.0 
1 2 0.63 0.63 283.0 145.0 283.0 509.0 63.0 509.0 
1 2 0.97 0.97 333.0 100.0 333.0 67.0 45.0 67.0 
1 2 0.92 0.92 443.0 401.0 443.0 139.0 3.0 139.0 
1 2 0.96 0.96 712.0 586.0 712.0 791.0 113.0 791.0 
1 2 0.98 0.98 558.0 412.0 558.0 412.0 102.0 412.0 
1 2 0.69 0.69 634.0 95.0 634.0 236.0 129.0 236.0 
1 3 0.77 0.77 634.0 95.0 634.0 236.0 129.0 236.0 258.0 20.0 258.0 
1 2 0.88 0.88 992.0 799.0 992.0 986.0 74.0 986.0 
1 2 0.96 0.96 637.0 482.0 637.0 396.0 81.0 396.0 
1 2 0.92 0.92 679.0 257.0 679.0 794.0 431.0 794.0 
1 2 0.84 0.84 445.0 128.0 445.0 145.0 81.0 145.0 
1 2 0.9 0.9 522.0 424.0 522.0 188.0 18.0 188.0 
1 2 0.59 0.59 905.0 1.0 905.0 685.0 404.0 685.0 
1 2 0.8 0.8 135.0 104.0 135.0 914.0 36.0 914.0 
1 2 0.81 0.81 362.0 246.0 362.0 677.0 91.0 677.0 
1 2 0.69 0.69 90.0 8.0 90.0 656.0 400.0 656.0 
1 2 0.61 0.61 865.0 261.0 865.0 32.0 10.0 32.0 
1 2 0.92 0.92 765.0 394.0 765.0 259.0 106.0 259.0 
1 2 0.69 0.69 952.0 213.0 952.0 604.0 283.0 604.0 
1 2 0.63 0.63 151.0 48.0 151.0 927.0 294.0 927.0 
1 2 0.87 0.87 150.0 120.0 150.0 348.0 25.0 348.0 
1 3 0.98 0.98 150.0 120.0 150.0 348.0 25.0 348.0 515.0 57.0 515.0 
1 2 0.83 0.83 914.0 15.0 914.0 733.0 597.0 733.0 
1 2 0.82 0.82 251.0 76.0 251.0 896.0 464.0 896.0 
1 2 0.76 0.76 579.0 118.0 579.0 23.0 13.0 23.0 
1 2 0.89 0.89 452.0 87.0 452.0 286.0 202.0 286.0 
1 2 0.92 0.92 238.0 146.0 238.0 981.0 310.0 981.0 
1 2 0.79 0.79 89.0 60.0 89.0 782.0 98.0 782.0 
1 2 0.93 0.93 281.0 194.0 281.0 242.0 58.0 242.0 
1 2 0.98 0.98 228.0 3.0 228.0 162.0 158.0 162.0 
1 2 0.98 0.98 32.0 24.0 32.0 259.0 61.0 259.0 
1 2 0.77 0.77 392.0 299.0 392.0 626.0 5.0 626.0 
1 2 0.88 0.88 460.0 64.0 460.0 464.0 347.0 464.0 
1 2 0.81 0.81 595.0 302.0 595.0 317.0 99.0 317.0 
1 2 0.83 0.83 482.0 271.0 482.0 769.0 209.0 769.0 
1 2 0.81 0.81 902.0 619.0 902.0 24.0 3.0 24.0 
1 2 0.79 0.79 101.0 12.0 101.0 545.0 370.0 545.0 
1 2 0.63 0.63 710.0 377.0 710.0 844.0 85.0 844.0 
1 3 0.8 0.8 710.0 377.0 710.0 844.0 85.0 844.0 495.0 87.0 495.0 
1 2 0.99 0.99 102.0 72.0 102.0 466.0 136.0 466.0 
1 2 0.66 0.66 583.0 355.0 583.0 416.0 25.0 416.0 
1 2 0.82 0.82 501.0 28.0 501.0 519.0 401.0 519.0 
1 2 0.65 0.65 93.0 50.0 93.0 958.0 111.0 958.0 
1 2 0.92 0.92 922.0 543.0 922.0 685.0 228.0 685.0 
1 2 0.72 0.72 634.0 66.0 634.0 87.0 54.0 87.0 
1 2 0.97 0.97 701.0 415.0 701.0 309.0 119.0 309.0 
1 2 0.88 0.88 413.0 13.0 413.0 263.0 224.0 263.0 
1 2 0.98 0.98 703.0 13.0 703.0 645.0 623.0 645.0 
1 2 0.86 0.86 160.0 95.0 160.0 843.0 232.0 843.0 
1 2 0.88 0.88 924.0 775.0 924.0 629.0 30.0 629.0 
1 2 0.95 0.95 118.0 47.0 118.0 271.0 152.0 271.0 
1 2 0.81 0.81 445.0 351.0 445.0 591.0 14.0 591.0 
1 2 0.31 0.31 851.0 160.0 851.0 449.0 56.0 449.0 
1 3 0.89 0.89 851.0 160.0 851.0 449.0 56.0 449.0 641.0 373.0 641.0 
1 2 0.8 0.8 538.0 357.0 538.0 161.0 23.0 161.0 
1 2 0.58 0.58 519.0 277.0 519.0 843.0 41.0 843.0 
1 2 0.45 0.45 281.0 12.0 281.0 260.0 106.0 260.0 
1 3 0.98 0.98 281.0 12.0 281.0 260.0 106.0 260.0 997.0 534.0 997.0 
1 2 0.72 0.72 335.0 198.0 335.0 918.0 122.0 918.0 
1 2 0.96 0.96 696.0 395.0 696.0 574.0 229.0 574.0 
1 2 0.74 0.74 20.0 4.0 20.0 327.0 178.0 327.0 
1 2 0.82 0.82 545.0 299.0 545.0 687.0 189.0 687.0 
1 2 0.92 0.92 584.0 123.0 584.0 954.0 680.0 954.0 
1 2 0.94 0.94 409.0 118.0 409.0 891.0 589.0 891.0 
1 2 0.75 0.75 827.0 492.0 827.0 834.0 137.0 834.0 
1 2 0.95 0.95 137.0 125.0 137.0 883.0 40.0 883.0 
1 2 0.68 0.68 821.0 71.0 821.0 759.0 454.0 759.0 
1 2 0.98 0.98 531.0 172.0 531.0 332.0 219.0 332.0 
1 2 0.74 0.74 649.0 45.0 649.0 915.0 616.0 915.0 
1 2 0.65 0.65 279.0 35.0 279.0 835.0 443.0 835.0 
1 2 0.72 0.72 478.0 35.0 478.0 488.0 317.0 488.0 
1 2 0.52 0.52 935.0 7.0 935.0 199.0 102.0 199.0 
1 2 0.71 0.71 94.0 60.0 94.0 639.0 46.0 639.0 
1 2 0.92 0.92 763.0 27.0 763.0 873.0 775.0 873.0 
1 2 0.89 0.89 681.0 136.0 681.0 903.0 629.0 903.0 
1 2 0.75 0.75 111.0 11.0 111.0 521.0 343.0 521.0 
1 2 0.98 0.98 194.0 111.0 194.0 340.0 139.0 340.0 
1 2 0.46 0.46 626.0 230.0 626.0 218.0 22.0 218.0 
1 2 0.87 0.87 254.0 201.0 254.0 806.0 67.0 806.0 
1 2 0.76 0.76 282.0 44.0 282.0 243.0 147.0 243.0 
1 2 0.79 0.79 406.0 302.0 406.0 748.0 39.0 748.0 
1 2 0.91 0.91 81.0 32.0 81.0 587.0 308.0 587.0 
1 2 0.71 0.71 678.0 52.0 678.0 674.0 433.0 674.0 
1 2 0.7 0.7 322.0 202.0 322.0 146.0 11.0 146.0 
1 2 0.71 0.71 827.0 545.0 827.0 306.0 17.0 306.0 
1 2 0.64 0.64 199.0 128.0 199.0 572.0 2.0 572.0 
1 2 0.9 0.9 857.0 283.0 857.0 21.0 12.0 21.0 
1 2 0.75 0.75 210.0 13.0 210.0 472.0 325.0 472.0 
1 2 0.85 0.85 23.0 16.0 23.0 385.0 62.0 385.0 
1 2 0.76 0.76 112.0 80.0 112.0 656.0 30.0 656.0 
1 3 0.77 0.77 112.0 80.0 112.0 656.0 30.0 656.0 975.0 14.0 975.0 
1 2 0.99 0.99 612.0 202.0 612.0 452.0 301.0 452.0 
1 2 0.77 0.77 171.0 105.0 171.0 177.0 29.0 177.0 
1 2 0.93 0.93 411.0 367.0 411.0 955.0 40.0 955.0 
1 2 0.86 0.86 331.0 283.0 331.0 469.0 5.0 469.0 
1 2 0.87 0.87 160.0 130.0 160.0 668.0 43.0 668.0 
1 2 0.91 0.91 291.0 208.0 291.0 110.0 22.0 110.0 
1 2 0.87 0.87 528.0 289.0 528.0 546.0 179.0 546.0 
1 2 0.91 0.91 274.0 207.0 274.0 788.0 127.0 788.0 
1 2 0.91 0.91 671.0 380.0 671.0 832.0 293.0 832.0 
1 2 0.56 0.56 934.0 41.0 934.0 400.0 209.0 400.0 
1 3 0.77 0.77 934.0 41.0 934.0 400.0 209.0 400.0 195.0 41.0 195.0 
1 2 0.96 0.96 514.0 17.0 514.0 629.0 588.0 629.0 
1 2 0.95 0.95 916.0 658.0 916.0 749.0 174.0 749.0 
1 2 0.94 0.94 135.0 29.0 135.0 337.0 246.0 337.0 
1 2 0.98 0.98 539.0 133.0 539.0 839.0 621.0 839.0 
1 2 0.82 0.82 269.0 202.0 269.0 436.0 32.0 436.0 
1 2 0.95 0.95 579.0 408.0 579.0 144.0 36.0 144.0 
1 2 0.58 0.58 736.0 374.0 736.0 908.0 74.0 908.0 
1 2 0.98 0.98 999.0 154.0 999.0 35.0 29.0 35.0 
1 2 0.93 0.93 125.0 48.0 125.0 891.0 492.0 891.0 
1 2 0.73 0.73 542.0 328.0 542.0 800.0 104.0 800.0 
1 2 0.72 0.72 293.0 31.0 293.0 589.0 366.0 589.0 
1 2 0.63 0.63 151.0 88.0 151.0 822.0 47.0 822.0 
1 2 0.75 0.75 970.0 647.0 970.0 11.0 1.0 11.0 
1 2 0.98 0.98 813.0 653.0 813.0 574.0 104.0 574.0 
1 2 0.76 0.76 22.0 4.0 22.0 480.0 281.0 480.0 
1 2 0.73 0.73 104.0 4.0 104.0 554.0 385.0 554.0 
1 2 0.84 0.84 908.0 616.0 908.0 674.0 110.0 674.0 
1 2 0.94 0.94 955.0 118.0 955.0 459.0 375.0 459.0 
1 2 0.7 0.7 284.0 49.0 284.0 382.0 204.0 382.0 
1 2 0.78 0.78 215.0 7.0 215.0 65.0 49.0 65.0 
1 2 0.91 0.91 439.0 256.0 439.0 685.0 224.0 685.0 
1 2 0.93 0.93 830.0 240.0 830.0 93.0 60.0 93.0 
1 2 0.64 0.64 56.0 24.0 56.0 772.0 166.0 772.0 
1 2 0.97 0.97 242.0 74.0 242.0 949.0 632.0 949.0 
1 2 0.93 0.93 422.0 390.0 422.0 453.0 6.0 453.0 
1 2 0.84 0.84 395.0 302.0 395.0 347.0 29.0 347.0 
1 2 0.99 0.99 606.0 147.0 606.0 89.0 67.0 89.0 
1 2 0.8 0.8 980.0 10.0 980.0 44.0 35.0 44.0 
1 2 0.83 0.83 244.0 156.0 244.0 726.0 145.0 726.0 
1 2 0.68 0.68 960.0 45.0 960.0 199.0 127.0 199.0 
1 2 0.89 0.89 362.0 255.0 362.0 36.0 7.0 36.0 
1 2 0.95 0.95 49.0 19.0 49.0 7.0 4.0 7.0 
1 2 0.97 0.97 102.0 77.0 102.0 353.0 77.0 353.0 
1 2 0.95 0.95 755.0 323.0 755.0 540.0 287.0 540.0 
1 2 0.5 0.5 281.0 72.0 281.0 156.0 39.0 156.0 
1 2 0.85 0.85 502.0 298.0 502.0 710.0 188.0 710.0 
1 2 0.98 0.98 425.0 276.0 425.0 815.0 270.0 815.0 
1 2 0.76 0.76 128.0 22.0 128.0 962.0 575.0 962.0 
1 2 0.56 0.56 976.0 33.0 976.0 827.0 440.0 827.0 
1 2 0.71 0.71 830.0 552.0 830.0 192.0 10.0 192.0 
1 2 0.53 0.53 518.0 270.0 518.0 377.0 6.0 377.0 
1 3 0.87 0.87 518.0 270.0 518.0 377.0 6.0 377.0 260.0 88.0 260.0 
1 2 0.98 0.98 269.0 170.0 269.0 346.0 121.0 346.0 
1 2 0.76 0.76 802.0 518.0 802.0 876.0 105.0 876.0 
1 2 0.85 0.85 437.0 139.0 437.0 852.0 461.0 852.0 
1 2 0.97 0.97 112.0 83.0 112.0 664.0 153.0 664.0 
1 2 0.58 0.58 135.0 19.0 135.0 972.0 428.0 972.0 
1 2 0.92 0.92 121.0 22.0 121.0 922.0 686.0 922.0 
1 2 0.68 0.68 480.0 81.0 480.0 957.0 490.0 957.0 
1 2 0.92 0.92 113.0 99.0 113.0 657.0 29.0 657.0 
1 2 0.95 0.95 536.0 313.0 536.0 354.0 133.0 354.0 
1 2 0.36 0.36 104.0 2.0 104.0 386.0 132.0 386.0 
1 3 0.93 0.93 104.0 2.0 104.0 386.0 132.0 386.0 205.0 118.0 205.0 
1 2 0.9 0.9 890.0 347.0 890.0 659.0 340.0 659.0 
1 2 0.71 0.71 568.0 120.0 568.0 228.0 115.0 228.0 
1 2 0.79 0.79 63.0 13.0 63.0 262.0 153.0 262.0 
1 2 0.76 0.76 552.0 321.0 552.0 55.0 10.0 55.0 
1 2 0.93 0.93 966.0 768.0 966.0 952.0 137.0 952.0 
1 2 0.77 0.77 128.0 79.0 128.0 811.0 127.0 811.0 
1 2 0.65 0.65 96.0 51.0 96.0 472.0 60.0 472.0 
1 2 0.3 0.3 18.0 1.0 18.0 44.0 11.0 44.0 
1 2 0.89 0.89 161.0 111.0 161.0 837.0 175.0 837.0 
1 2 0.85 0.85 737.0 26.0 737.0 448.0 366.0 448.0 
1 2 0.88 0.88 98.0 81.0 98.0 501.0 31.0 501.0 
1 2 0.86 0.86 856.0 183.0 856.0 868.0 565.0 868.0 
1 2 0.86 0.86 725.0 13.0 725.0 617.0 523.0 617.0 
1 2 0.63 0.63 532.0 281.0 532.0 816.0 90.0 816.0 
1 2 0.65 0.65 50.0 2.0 50.0 543.0 335.0 543.0 
1 2 0.54 0.54 911.0 34.0 911.0 371.0 190.0 371.0 
1 2 0.92 0.92 855.0 448.0 855.0 583.0 233.0 583.0 
1 2 0.64 0.64 919.0 42.0 919.0 195.0 116.0 195.0 
1 2 0.7 0.7 805.0 91.0 805.0 401.0 236.0 401.0 
1 2 0.79 0.79 96.0 17.0 96.0 706.0 438.0 706.0 
1 2 0.76 0.76 733.0 113.0 733.0 868.0 526.0 868.0 
1 2 0.62 0.62 654.0 322.0 654.0 292.0 38.0 292.0 
1 3 0.77 0.77 654.0 322.0 654.0 292.0 38.0 292.0 417.0 65.0 417.0 
1 2 0.52 0.52 547.0 185.0 547.0 140.0 26.0 140.0 
1 2 0.68 0.68 550.0 373.0 550.0 830.0 6.0 830.0 
1 2 0.98 0.98 815.0 276.0 815.0 723.0 464.0 723.0 
1 2 0.89 0.89 984.0 743.0 984.0 407.0 57.0 407.0 
1 2 0.99 0.99 589.0 274.0 589.0 693.0 367.0 693.0 
1 2 0.72 0.72 51.0 31.0 51.0 238.0 28.0 238.0 
1 2 0.78 0.78 368.0 92.0 368.0 403.0 216.0 403.0 
1 2 0.88 0.88 882.0 84.0 882.0 450.0 356.0 450.0 
1 2 0.71 0.71 997.0 188.0 997.0 676.0 357.0 676.0 
1 2 0.97 0.97 422.0 343.0 422.0 972.0 157.0 972.0 
1 2 0.97 0.97 42.0 33.0 42.0 972.0 185.0 972.0 
1 2 0.74 0.74 128.0 81.0 128.0 574.0 64.0 574.0 
1 2 0.98 0.98 576.0 547.0 576.0 996.0 32.0 996.0 
1 2 0.62 0.62 214.0 31.0 214.0 677.0 328.0 677.0 
1 2 0.7 0.7 652.0 57.0 652.0 106.0 65.0 106.0 
1 2 0.72 0.72 927.0 29.0 927.0 192.0 133.0 192.0 
1 2 0.8 0.8 595.0 439.0 595.0 447.0 29.0 447.0 
1 2 0.51 0.51 123.0 62.0 123.0 511.0 7.0 511.0 
1 3 0.57 0.57 123.0 62.0 123.0 511.0 7.0 511.0 586.0 35.0 586.0 
1 2 0.96 0.96 166.0 25.0 166.0 831.0 680.0 831.0 
1 2 0.75 0.75 912.0 184.0 912.0 898.0 493.0 898.0 
1 2 0.7 0.7 821.0 28.0 821.0 150.0 100.0 150.0 
1 2 0.97 0.97 862.0 402.0 862.0 810.0 411.0 810.0 
1 2 0.73 0.73 865.0 105.0 865.0 688.0 422.0 688.0 
1 2 0.92 0.92 193.0 6.0 193.0 166.0 149.0 166.0 
1 2 0.65 0.65 590.0 19.0 590.0 712.0 444.0 712.0 
1 2 0.77 0.77 748.0 397.0 748.0 644.0 155.0 644.0 
1 2 0.82 0.82 342.0 222.0 342.0 661.0 119.0 661.0 
1 2 0.85 0.85 220.0 123.0 220.0 872.0 259.0 872.0 
1 2 0.6 0.6 247.0 142.0 247.0 294.0 9.0 294.0 
1 2 0.6 0.6 41.0 22.0 41.0 981.0 66.0 981.0 
1 2 0.87 0.87 906.0 583.0 906.0 480.0 110.0 480.0 
1 2 0.97 0.97 715.0 67.0 715.0 299.0 265.0 299.0 
1 2 0.95 0.95 119.0 113.0 119.0 517.0 5.0 517.0 
1 2 0.76 0.76 81.0 7.0 81.0 60.0 41.0 60.0 
1 2 0.74 0.74 240.0 159.0 240.0 807.0 64.0 807.0 
1 2 0.88 0.88 562.0 444.0 562.0 631.0 61.0 631.0 
1 2 0.96 0.96 915.0 523.0 915.0 462.0 184.0 462.0 
1 2 0.92 0.92 784.0 614.0 784.0 192.0 28.0 192.0 
1 2 0.76 0.76 115.0 8.0 115.0 806.0 564.0 806.0 
1 2 0.61 0.61 272.0 118.0 272.0 926.0 170.0 926.0 
1 2 0.77 0.77 889.0 212.0 889.0 805.0 428.0 805.0 
1 2 0.82 0.82 927.0 633.0 927.0 331.0 48.0 331.0 
1 2 0.93 0.93 174.0 21.0 174.0 982.0 804.0 982.0 
1 2 0.65 0.65 155.0 21.0 155.0 236.0 122.0 236.0 
1 2 0.78 0.78 990.0 678.0 990.0 828.0 79.0 828.0 
1 2 0.83 0.83 265.0 157.0 265.0 874.0 211.0 874.0 
1 2 0.65 0.65 867.0 524.0 867.0 266.0 13.0 266.0 
1 2 0.67 0.67 164.0 25.0 164.0 592.0 309.0 592.0 
1 3 0.9 0.9 164.0 25.0 164.0 592.0 309.0 592.0 788.0 183.0 788.0 
1 2 0.82 0.82 352.0 213.0 352.0 262.0 57.0 262.0 
1 2 0.9 0.9 655.0 348.0 655.0 913.0 345.0 913.0 
1 2 0.82 0.82 160.0 105.0 160.0 843.0 140.0 843.0 
1 2 0.94 0.94 593.0 496.0 593.0 908.0 95.0 908.0 
1 2 0.73 0.73 567.0 292.0 567.0 222.0 48.0 222.0 
1 2 0.86 0.86 576.0 199.0 576.0 204.0 106.0 204.0 
1 2 0.97 0.97 38.0 8.0 38.0 720.0 554.0 720.0 
1 2 0.58 0.58 441.0 252.0 441.0 352.0 4.0 352.0 
1 2 0.97 0.97 476.0 145.0 476.0 604.0 404.0 604.0 
1 2 0.79 0.79 483.0 33.0 483.0 866.0 630.0 866.0 
1 2 0.75 0.75 827.0 13.0 827.0 357.0 263.0 357.0 
1 2 0.9 0.9 75.0 21.0 75.0 45.0 28.0 45.0 
1 2 0.63 0.63 345.0 175.0 345.0 174.0 23.0 174.0 
1 2 0.72 0.72 72.0 1.0 72.0 575.0 407.0 575.0 
1 2 0.87 0.87 265.0 82.0 265.0 30.0 17.0 30.0 
1 2 0.91 0.91 636.0 42.0 636.0 921.0 786.0 921.0 
1 2 0.45 0.45 559.0 96.0 559.0 7.0 2.0 7.0 
1 3 0.57 0.57 559.0 96.0 559.0 7.0 2.0 7.0 790.0 96.0 790.0 
1 2 0.98 0.98 538.0 112.0 538.0 381.0 296.0 381.0 
1 2 0.91 0.91 136.0 53.0 136.0 760.0 403.0 760.0 
1 2 0.79 0.79 63.0 5.0 63.0 804.0 576.0 804.0 
1 2 0.84 0.84 890.0 282.0 890.0 906.0 478.0 906.0 
1 2 0.88 0.88 951.0 774.0 951.0 253.0 17.0 253.0 
1 2 0.92 0.92 78.0 67.0 78.0 256.0 16.0 256.0 
1 2 0.96 0.96 786.0 181.0 786.0 420.0 309.0 420.0 
1 2 0.66 0.66 457.0 276.0 457.0 849.0 56.0 849.0 
1 2 0.93 0.93 782.0 625.0 782.0 429.0 59.0 429.0 
1 2 0.14 0.14 855.0 68.0 855.0 103.0 7.0 103.0 
1 3 0.69 0.69 855.0 68.0 855.0 103.0 7.0 103.0 507.0 278.0 507.0 
1 2 0.72 0.72 478.0 243.0 478.0 37.0 8.0 37.0 
1 2 0.92 0.92 440.0 239.0 440.0 60.0 23.0 60.0 
1 2 0.83 0.83 523.0 380.0 523.0 67.0 7.0 67.0 
1 2 0.89 0.89 481.0 428.0 481.0 830.0 3.0 830.0 
1 2 0.31 0.31 846.0 247.0 846.0 274.0 5.0 274.0 
1 2 0.94 0.94 458.0 42.0 458.0 685.0 585.0 685.0 
1 2 0.59 0.59 426.0 247.0 426.0 386.0 5.0 386.0 
1 2 0.35 0.35 26.0 6.0 26.0 507.0 63.0 507.0 
1 2 0.92 0.92 669.0 555.0 669.0 10.0 1.0 10.0 
1 2 0.99 0.99 492.0 284.0 492.0 624.0 262.0 624.0 
1 2 0.92 0.92 778.0 286.0 778.0 502.0 278.0 502.0 
1 2 0.79 0.79 511.0 364.0 511.0 838.0 71.0 838.0 
1 2 0.94 0.94 924.0 21.0 924.0 364.0 334.0 364.0 
1 2 0.91 0.91 133.0 111.0 133.0 164.0 13.0 164.0 
1 2 0.7 0.7 26.0 16.0 26.0 804.0 76.0 804.0 
1 2 0.86 0.86 93.0 37.0 93.0 918.0 427.0 918.0 
1 3 0.96 0.96 93.0 37.0 93.0 918.0 427.0 918.0 600.0 63.0 600.0 
1 2 0.99 0.99 245.0 66.0 245.0 92.0 67.0 92.0 
1 2 0.93 0.93 725.0 564.0 725.0 569.0 88.0 569.0 
1 2 0.84 0.84 212.0 147.0 212.0 999.0 154.0 999.0 
1 2 0.54 0.54 899.0 204.0 899.0 874.0 278.0 874.0 
1 2 0.97 0.97 637.0 210.0 637.0 873.0 567.0 873.0 
1 2 0.89 0.89 740.0 559.0 740.0 271.0 39.0 271.0 
1 2 0.98 0.98 210.0 53.0 210.0 508.0 371.0 508.0 
1 2 0.78 0.78 684.0 139.0 684.0 943.0 547.0 943.0 
1 2 0.9 0.9 975.0 351.0 975.0 242.0 133.0 242.0 
1 2 0.8 0.8 406.0 291.0 406.0 793.0 72.0 793.0 
1 2 0.96 0.96 659.0 401.0 659.0 911.0 321.0 911.0 
1 2 0.98 0.98 596.0 60.0 596.0 980.0 868.0 980.0 
1 2 0.75 0.75 373.0 59.0 373.0 89.0 53.0 89.0 
1 2 0.93 0.93 415.0 61.0 415.0 53.0 42.0 53.0 
1 2 0.87 0.87 965.0 704.0 965.0 697.0 103.0 697.0 
1 2 0.72 0.72 259.0 37.0 259.0 126.0 73.0 126.0 
1 2 0.95 0.95 973.0 293.0 973.0 607.0 396.0 607.0 
1 3 0.97 0.97 973.0 293.0 973.0 607.0 396.0 607.0 744.0 17.0 744.0 
1 2 0.61 0.61 773.0 408.0 773.0 308.0 28.0 308.0 
1 2 0.73 0.73 612.0 9.0 612.0 638.0 458.0 638.0 
1 2 0.99 0.99 414.0 293.0 414.0 368.0 105.0 368.0 
1 2 0.93 0.93 166.0 102.0 166.0 630.0 205.0 630.0 
1 2 0.83 0.83 489.0 404.0 489.0 359.0 2.0 359.0 
1 2 0.95 0.95 600.0 51.0 600.0 885.0 772.0 885.0 
1 2 0.72 0.72 431.0 9.0 431.0 17.0 12.0 17.0 
1 2 0.96 0.96 673.0 148.0 673.0 706.0 524.0 706.0 
1 2 0.82 0.82 55.0 8.0 55.0 142.0 97.0 142.0 
1 2 0.71 0.71 410.0 33.0 410.0 138.0 87.0 138.0 
1 2 0.78 0.78 67.0 52.0 67.0 441.0 5.0 441.0 
1 2 0.73 0.73 707.0 95.0 707.0 313.0 188.0 313.0 
1 2 0.91 0.91 906.0 673.0 906.0 125.0 22.0 125.0 
1 2 0.77 0.77 754.0 422.0 754.0 829.0 177.0 829.0 
1 2 0.99 0.99 750.0 267.0 750.0 530.0 341.0 530.0 
1 2 0.93 0.93 385.0 236.0 385.0 77.0 25.0 77.0 
1 2 0.94 0.94 546.0 224.0 546.0 951.0 505.0 951.0 
1 2 0.82 0.82 362.0 256.0 362.0 477.0 57.0 477.0 
1 2 0.39 0.39 47.0 3.0 47.0 570.0 186.0 570.0 
1 3 0.88 0.88 47.0 3.0 47.0 570.0 186.0 570.0 685.0 340.0 685.0 
1 2 0.89 0.89 589.0 200.0 589.0 343.0 192.0 343.0 
1 2 0.94 0.94 822.0 67.0 822.0 361.0 313.0 361.0 
1 2 0.76 0.76 648.0 347.0 648.0 921.0 209.0 921.0 
1 2 0.74 0.74 299.0 51.0 299.0 599.0 346.0 599.0 
1 3 0.79 0.79 299.0 51.0 299.0 599.0 346.0 599.0 686.0 35.0 686.0 
1 2 0.72 0.72 531.0 27.0 531.0 459.0 308.0 459.0 
1 2 0.83 0.83 105.0 34.0 105.0 764.0 389.0 764.0 
1 2 0.73 0.73 351.0 30.0 351.0 699.0 455.0 699.0 
1 2 0.83 0.83 859.0 16.0 859.0 215.0 176.0 215.0 
1 2 0.87 0.87 101.0 1.0 101.0 941.0 813.0 941.0 
1 2 0.82 0.82 162.0 105.0 162.0 466.0 82.0 466.0 
1 2 0.82 0.82 505.0 33.0 505.0 857.0 654.0 857.0 
1 2 0.66 0.66 44.0 4.0 44.0 178.0 102.0 178.0 
1 2 0.88 0.88 77.0 41.0 77.0 281.0 99.0 281.0 
1 2 0.86 0.86 427.0 152.0 427.0 194.0 99.0 194.0 
1 3 0.92 0.92 427.0 152.0 427.0 194.0 99.0 194.0 372.0 21.0 372.0 
1 2 0.6 0.6 689.0 368.0 689.0 820.0 59.0 820.0 
1 2 0.73 0.73 323.0 210.0 323.0 929.0 83.0 929.0 
1 2 0.66 0.66 332.0 27.0 332.0 414.0 242.0 414.0 
1 2 0.87 0.87 693.0 200.0 693.0 232.0 136.0 232.0 
1 2 0.98 0.98 946.0 101.0 946.0 729.0 637.0 729.0 
1 2 0.6 0.6 220.0 2.0 220.0 470.0 279.0 470.0 
1 2 0.64 0.64 155.0 11.0 155.0 300.0 171.0 300.0 
1 2 0.68 0.68 807.0 500.0 807.0 453.0 28.0 453.0 
1 2 0.92 0.92 738.0 3.0 738.0 73.0 67.0 73.0 
1 2 0.81 0.81 551.0 125.0 551.0 990.0 579.0 990.0 
1 2 0.96 0.96 56.0 45.0 56.0 654.0 106.0 654.0 
1 2 0.95 0.95 783.0 342.0 783.0 189.0 98.0 189.0 
1 2 0.82 0.82 600.0 397.0 600.0 612.0 102.0 612.0 
1 2 0.66 0.66 53.0 19.0 53.0 644.0 195.0 644.0 
1 2 0.93 0.93 441.0 116.0 441.0 805.0 543.0 805.0 
1 2 0.68 0.68 814.0 71.0 814.0 736.0 437.0 736.0 
1 3 0.91 0.91 814.0 71.0 814.0 736.0 437.0 736.0 684.0 163.0 684.0 
1 2 0.99 0.99 740.0 448.0 740.0 370.0 145.0 370.0 
1 2 0.84 0.84 404.0 72.0 404.0 606.0 403.0 606.0 
1 2 0.8 0.8 880.0 509.0 880.0 266.0 59.0 266.0 
1 2 0.92 0.92 407.0 83.0 407.0 208.0 151.0 208.0 
1 2 0.77 0.77 195.0 139.0 195.0 791.0 53.0 791.0 
1 2 0.88 0.88 848.0 185.0 848.0 177.0 118.0 177.0 
1 3 0.9 0.9 848.0 185.0 848.0 177.0 118.0 177.0 796.0 13.0 796.0 
1 2 0.79 0.79 452.0 329.0 452.0 421.0 27.0 421.0 
1 2 0.65 0.65 768.0 94.0 768.0 98.0 52.0 98.0 
1 2 0.9 0.9 465.0 97.0 465.0 914.0 641.0 914.0 
1 2 0.83 0.83 178.0 21.0 178.0 458.0 327.0 458.0 
1 2 0.53 0.53 730.0 305.0 730.0 525.0 60.0 525.0 
1 2 0.76 0.76 227.0 24.0 227.0 723.0 474.0 723.0 
1 2 0.76 0.76 680.0 356.0 680.0 759.0 187.0 759.0 
1 2 0.65 0.65 692.0 450.0 692.0 443.0 4.0 443.0 
1 2 0.77 0.77 736.0 82.0 736.0 346.0 230.0 346.0 
1 2 0.88 0.88 965.0 293.0 965.0 715.0 413.0 715.0 
1 2 0.81 0.81 488.0 380.0 488.0 61.0 2.0 61.0 
1 2 0.5 0.5 941.0 3.0 941.0 418.0 210.0 418.0 
1 2 0.42 0.42 421.0 80.0 421.0 375.0 89.0 375.0 
1 3 0.69 0.69 421.0 80.0 421.0 375.0 89.0 375.0 216.0 57.0 216.0 
1 2 0.74 0.74 855.0 28.0 855.0 606.0 433.0 606.0 
1 2 0.76 0.76 736.0 87.0 736.0 552.0 357.0 552.0 
1 2 0.7 0.7 408.0 27.0 408.0 218.0 139.0 218.0 
1 2 0.36 0.36 474.0 145.0 474.0 744.0 47.0 744.0 
1 3 0.92 0.92 474.0 145.0 474.0 744.0 47.0 744.0 968.0 534.0 968.0 
1 2 0.56 0.56 356.0 7.0 356.0 802.0 436.0 802.0 
1 2 0.78 0.78 937.0 274.0 937.0 460.0 225.0 460.0 
1 2 0.49 0.49 358.0 52.0 358.0 658.0 230.0 658.0 
1 2 0.99 0.99 53.0 29.0 53.0 973.0 437.0 973.0 
1 2 0.74 0.74 559.0 371.0 559.0 505.0 39.0 505.0 
1 3 0.8 0.8 559.0 371.0 559.0 505.0 39.0 505.0 724.0 49.0 724.0 
1 2 0.57 0.57 653.0 342.0 653.0 110.0 6.0 110.0 
1 2 0.65 0.65 780.0 65.0 780.0 506.0 287.0 506.0 
1 2 0.91 0.91 790.0 52.0 790.0 662.0 559.0 662.0 
1 2 0.83 0.83 327.0 169.0 327.0 787.0 250.0 787.0 
1 2 0.84 0.84 87.0 27.0 87.0 400.0 214.0 400.0 
1 2 0.37 0.37 13.0 3.0 13.0 936.0 133.0 936.0 
1 2 0.89 0.89 866.0 276.0 866.0 940.0 544.0 940.0 
1 2 0.78 0.78 141.0 98.0 141.0 199.0 17.0 199.0 
1 2 0.66 0.66 283.0 176.0 283.0 464.0 19.0 464.0 
1 2 0.61 0.61 704.0 374.0 704.0 642.0 53.0 642.0 
1 2 0.86 0.86 289.0 241.0 289.0 852.0 27.0 852.0 
1 2 0.64 0.64 485.0 39.0 485.0 508.0 288.0 508.0 
1 2 0.81 0.81 531.0 6.0 531.0 884.0 712.0 884.0 
1 2 0.62 0.62 700.0 423.0 700.0 435.0 9.0 435.0 
1 2 0.66 0.66 626.0 413.0 626.0 266.0 2.0 266.0 
1 2 0.84 0.84 390.0 248.0 390.0 524.0 111.0 524.0 
1 2 0.96 0.96 116.0 63.0 116.0 181.0 76.0 181.0 
1 2 0.9 0.9 505.0 147.0 505.0 486.0 297.0 486.0 
1 2 0.98 0.98 259.0 85.0 259.0 954.0 623.0 954.0 
1 2 0.67 0.67 454.0 300.0 454.0 234.0 4.0 234.0 
1 2 0.85 0.85 910.0 527.0 910.0 284.0 78.0 284.0 
1 2 0.99 0.99 263.0 62.0 263.0 561.0 424.0 561.0 
1 2 0.91 0.91 581.0 99.0 581.0 117.0 87.0 117.0 
1 2 0.76 0.76 854.0 36.0 854.0 804.0 582.0 804.0 
1 2 0.67 0.67 204.0 105.0 204.0 380.0 60.0 380.0 
1 2 0.93 0.93 198.0 122.0 198.0 792.0 253.0 792.0 
1 2 0.89 0.89 218.0 120.0 218.0 164.0 57.0 164.0 
1 2 0.9 0.9 632.0 569.0 632.0 686.0 5.0 686.0 
1 2 0.85 0.85 76.0 20.0 76.0 498.0 293.0 498.0 
1 2 0.61 0.61 423.0 26.0 423.0 986.0 542.0 986.0 
1 2 0.83 0.83 397.0 258.0 397.0 633.0 115.0 633.0 
1 2 0.85 0.85 402.0 136.0 402.0 980.0 507.0 980.0 
1 2 0.96 0.96 666.0 549.0 666.0 813.0 118.0 813.0 
1 2 0.79 0.79 448.0 91.0 448.0 561.0 331.0 561.0 
1 2 0.75 0.75 640.0 94.0 640.0 755.0 460.0 755.0 
1 2 0.96 0.96 714.0 636.0 714.0 998.0 71.0 998.0 
1 2 0.36 0.36 957.0 235.0 957.0 250.0 30.0 250.0 
1 2 0.82 0.82 738.0 181.0 738.0 774.0 452.0 774.0 
1 2 0.36 0.36 937.0 164.0 937.0 402.0 76.0 402.0 
1 2 0.72 0.72 183.0 32.0 183.0 31.0 17.0 31.0 
1 2 0.63 0.63 383.0 46.0 383.0 309.0 158.0 309.0 
1 2 0.41 0.41 603.0 114.0 603.0 606.0 138.0 606.0 
1 3 0.94 0.94 603.0 114.0 603.0 606.0 138.0 606.0 299.0 157.0 299.0 
1 2 0.84 0.84 537.0 282.0 537.0 890.0 281.0 890.0 
1 2 0.85 0.85 491.0 169.0 491.0 446.0 228.0 446.0 
1 2 0.89 0.89 81.0 21.0 81.0 985.0 628.0 985.0 
1 2 0.63 0.63 701.0 359.0 701.0 663.0 80.0 663.0 
1 2 0.86 0.86 514.0 90.0 514.0 643.0 446.0 643.0 
1 2 0.98 0.98 515.0 376.0 515.0 8.0 2.0 8.0 
1 2 0.71 0.71 527.0 19.0 527.0 83.0 56.0 83.0 
1 2 0.67 0.67 770.0 86.0 770.0 173.0 97.0 173.0 
1 2 0.93 0.93 961.0 405.0 961.0 623.0 322.0 623.0 
1 2 0.74 0.74 146.0 2.0 146.0 541.0 397.0 541.0 
1 2 0.99 0.99 555.0 332.0 555.0 610.0 239.0 610.0 
1 2 0.96 0.96 57.0 39.0 57.0 668.0 186.0 668.0 
1 2 0.93 0.93 668.0 403.0 668.0 407.0 134.0 407.0 
1 2 0.94 0.94 289.0 180.0 289.0 863.0 278.0 863.0 
1 2 0.73 0.73 762.0 516.0 762.0 352.0 22.0 352.0 
1 2 0.88 0.88 731.0 233.0 731.0 792.0 447.0 792.0 
1 2 0.83 0.83 583.0 103.0 583.0 980.0 648.0 980.0 
1 2 0.73 0.73 38.0 7.0 38.0 927.0 510.0 927.0 
1 2 0.61 0.61 255.0 11.0 255.0 160.0 91.0 160.0 
1 2 0.86 0.86 167.0 135.0 167.0 880.0 50.0 880.0 
1 2 0.91 0.91 917.0 727.0 917.0 337.0 41.0 337.0 
1 2 0.71 0.71 484.0 4.0 484.0 379.0 266.0 379.0 
1 3 0.93 0.93 484.0 4.0 484.0 379.0 266.0 379.0 829.0 185.0 829.0 
1 2 0.88 0.88 238.0 61.0 238.0 795.0 498.0 795.0 
1 3 0.98 0.98 238.0 61.0 238.0 795.0 498.0 795.0 237.0 25.0 237.0 
1 2 0.92 0.92 4.0 1.0 4.0 274.0 185.0 274.0 
1 2 0.61 0.61 697.0 405.0 697.0 848.0 25.0 848.0 
1 2 0.92 0.92 73.0 12.0 73.0 234.0 178.0 234.0 
1 2 0.65 0.65 991.0 598.0 991.0 802.0 39.0 802.0 
1 2 0.88 0.88 455.0 292.0 455.0 253.0 62.0 253.0 
1 2 0.73 0.73 377.0 42.0 377.0 726.0 454.0 726.0 
1 2 0.99 0.99 497.0 203.0 497.0 849.0 494.0 849.0 
1 2 0.76 0.76 908.0 563.0 908.0 870.0 129.0 870.0 
1 2 0.93 0.93 305.0 276.0 305.0 268.0 8.0 268.0 
1 2 0.95 0.95 976.0 880.0 976.0 262.0 14.0 262.0 
1 2 0.7 0.7 510.0 339.0 510.0 196.0 8.0 196.0 
1 2 0.83 0.83 673.0 360.0 673.0 184.0 55.0 184.0 
1 2 0.72 0.72 535.0 49.0 535.0 641.0 404.0 641.0 
1 2 0.32 0.32 496.0 53.0 496.0 623.0 138.0 623.0 
1 3 0.96 0.96 496.0 53.0 496.0 623.0 138.0 623.0 273.0 175.0 273.0 
1 2 0.77 0.77 12.0 3.0 12.0 657.0 345.0 657.0 
1 2 0.82 0.82 775.0 127.0 775.0 860.0 569.0 860.0 
1 2 0.84 0.84 594.0 340.0 594.0 745.0 204.0 745.0 
1 2 0.96 0.96 949.0 159.0 949.0 675.0 541.0 675.0 
1 2 0.96 0.96 895.0 569.0 895.0 328.0 107.0 328.0 
1 2 0.89 0.89 708.0 370.0 708.0 945.0 350.0 945.0 
1 2 0.57 0.57 770.0 136.0 770.0 699.0 276.0 699.0 
1 2 0.96 0.96 596.0 401.0 596.0 484.0 139.0 484.0 
1 2 0.95 0.95 945.0 533.0 945.0 651.0 257.0 651.0 
1 2 0.89 0.89 936.0 265.0 936.0 666.0 409.0 666.0 
1 2 0.1 0.1 710.0 34.0 710.0 69.0 4.0 69.0 
1 2 0.98 0.98 151.0 6.0 151.0 220.0 208.0 220.0 
1 2 0.37 0.37 591.0 204.0 591.0 960.0 31.0 960.0 
1 3 0.96 0.96 591.0 204.0 591.0 960.0 31.0 960.0 324.0 191.0 324.0 
1 2 0.9 0.9 696.0 8.0 696.0 650.0 582.0 650.0 
1 2 0.82 0.82 588.0 64.0 588.0 78.0 56.0 78.0 
1 2 0.63 0.63 871.0 479.0 871.0 377.0 31.0 377.0 
1 2 0.56 0.56 126.0 71.0 126.0 631.0 1.0 631.0 
1 3 0.97 0.97 126.0 71.0 126.0 631.0 1.0 631.0 263.0 108.0 263.0 
1 2 0.64 0.64 240.0 153.0 240.0 853.0 4.0 853.0 
1 2 0.95 0.95 302.0 20.0 302.0 582.0 516.0 582.0 
1 2 0.78 0.78 875.0 145.0 875.0 316.0 197.0 316.0 
1 2 0.69 0.69 361.0 222.0 361.0 377.0 31.0 377.0 
1 2 0.94 0.94 616.0 516.0 616.0 66.0 7.0 66.0 
1 2 0.83 0.83 433.0 84.0 433.0 25.0 16.0 25.0 
1 2 0.99 0.99 254.0 129.0 254.0 240.0 116.0 240.0 
1 2 0.98 0.98 294.0 160.0 294.0 930.0 409.0 930.0 
1 2 0.68 0.68 369.0 129.0 369.0 232.0 78.0 232.0 
1 2 0.97 0.97 291.0 184.0 291.0 980.0 336.0 980.0 
1 2 0.67 0.67 991.0 580.0 991.0 551.0 47.0 551.0 
1 2 0.77 0.77 480.0 30.0 480.0 827.0 593.0 827.0 
1 2 0.53 0.53 990.0 464.0 990.0 541.0 37.0 541.0 
1 2 0.55 0.55 456.0 26.0 456.0 905.0 454.0 905.0 
1 2 0.57 0.57 755.0 417.0 755.0 437.0 10.0 437.0 
1 2 0.98 0.98 354.0 71.0 354.0 854.0 668.0 854.0 
1 2 0.81 0.81 185.0 24.0 185.0 475.0 326.0 475.0 
1 2 0.73 0.73 951.0 484.0 951.0 195.0 44.0 195.0 
1 2 0.78 0.78 840.0 480.0 840.0 701.0 152.0 701.0 
1 2 0.77 0.77 588.0 117.0 588.0 131.0 75.0 131.0 
1 2 0.93 0.93 727.0 458.0 727.0 564.0 174.0 564.0 
1 2 0.98 0.98 75.0 16.0 75.0 182.0 141.0 182.0 
1 2 0.58 0.58 419.0 21.0 419.0 563.0 302.0 563.0 
1 2 0.87 0.87 244.0 76.0 244.0 305.0 172.0 305.0 
1 2 0.43 0.43 358.0 50.0 358.0 651.0 192.0 651.0 
1 2 0.89 0.89 678.0 31.0 678.0 483.0 410.0 483.0 
1 2 0.76 0.76 953.0 194.0 953.0 715.0 399.0 715.0 
1 2 0.8 0.8 739.0 165.0 739.0 673.0 393.0 673.0 
1 2 0.8 0.8 527.0 156.0 527.0 753.0 380.0 753.0 
1 2 0.6 0.6 437.0 18.0 437.0 239.0 135.0 239.0 
1 3 0.8 0.8 437.0 18.0 437.0 239.0 135.0 239.0 716.0 145.0 716.0 
1 2 0.93 0.93 237.0 165.0 237.0 21.0 5.0 21.0 
1 2 0.97 0.97 10.0 3.0 10.0 34.0 23.0 34.0 
1 2 0.84 0.84 13.0 2.0 13.0 506.0 348.0 506.0 
1 2 0.71 0.71 476.0 258.0 476.0 277.0 48.0 277.0 
1 2 0.72 0.72 688.0 416.0 688.0 206.0 25.0 206.0 
1 2 0.88 0.88 579.0 430.0 579.0 625.0 86.0 625.0 
1 2 0.93 0.93 782.0 139.0 782.0 42.0 32.0 42.0 
1 2 0.89 0.89 450.0 298.0 450.0 174.0 41.0 174.0 
1 2 0.96 0.96 160.0 60.0 160.0 943.0 558.0 943.0 
1 3 0.98 0.98 160.0 60.0 160.0 943.0 558.0 943.0 422.0 6.0 422.0 
1 2 0.87 0.87 272.0 181.0 272.0 886.0 187.0 886.0 
1 2 0.54 0.54 784.0 4.0 784.0 140.0 76.0 140.0 
1 2 0.97 0.97 698.0 393.0 698.0 504.0 208.0 504.0 
1 2 0.87 0.87 568.0 444.0 568.0 977.0 89.0 977.0 
1 3 0.94 0.94 568.0 444.0 568.0 977.0 89.0 977.0 190.0 14.0 190.0 
1 2 0.75 0.75 242.0 52.0 242.0 149.0 81.0 149.0 
1 2 0.89 0.89 665.0 238.0 665.0 400.0 214.0 400.0 
1 2 0.89 0.89 964.0 175.0 964.0 824.0 585.0 824.0 
1 2 0.95 0.95 364.0 166.0 364.0 344.0 173.0 344.0 
1 2 0.99 0.99 619.0 458.0 619.0 781.0 201.0 781.0 
1 2 0.95 0.95 120.0 64.0 120.0 920.0 388.0 920.0 
1 2 0.55 0.55 486.0 1.0 486.0 344.0 190.0 344.0 
1 2 0.71 0.71 718.0 86.0 718.0 482.0 286.0 482.0 
1 2 0.78 0.78 936.0 124.0 936.0 989.0 646.0 989.0 
1 2 0.45 0.45 38.0 16.0 38.0 530.0 17.0 530.0 
1 2 0.96 0.96 644.0 311.0 644.0 493.0 240.0 493.0 
1 2 0.89 0.89 749.0 62.0 749.0 276.0 224.0 276.0 
1 2 0.66 0.66 103.0 11.0 103.0 854.0 479.0 854.0 
1 2 0.82 0.82 795.0 244.0 795.0 481.0 247.0 481.0 
1 2 0.81 0.81 508.0 18.0 508.0 551.0 431.0 551.0 
1 2 0.57 0.57 191.0 99.0 191.0 698.0 42.0 698.0 
1 2 0.84 0.84 278.0 46.0 278.0 837.0 571.0 837.0 
1 2 0.78 0.78 174.0 96.0 174.0 940.0 218.0 940.0 
1 2 0.73 0.73 111.0 24.0 111.0 422.0 221.0 422.0 
1 2 0.84 0.84 186.0 118.0 186.0 574.0 119.0 574.0 
1 2 0.92 0.92 557.0 235.0 557.0 614.0 308.0 614.0 
1 2 0.69 0.69 756.0 489.0 756.0 19.0 1.0 19.0 
1 2 0.91 0.91 938.0 707.0 938.0 822.0 136.0 822.0 
1 2 0.94 0.94 234.0 128.0 234.0 333.0 133.0 333.0 
1 2 0.82 0.82 805.0 223.0 805.0 901.0 496.0 901.0 
1 2 0.92 0.92 61.0 31.0 61.0 652.0 273.0 652.0 
1 2 0.89 0.89 813.0 191.0 813.0 707.0 466.0 707.0 
1 2 0.99 0.99 31.0 24.0 31.0 508.0 110.0 508.0 
1 2 0.86 0.86 996.0 794.0 996.0 446.0 30.0 446.0 
1 2 0.95 0.95 320.0 274.0 320.0 813.0 81.0 813.0 
1 2 0.86 0.86 442.0 152.0 442.0 357.0 185.0 357.0 
1 2 0.7 0.7 222.0 15.0 222.0 450.0 288.0 450.0 
1 2 0.81 0.81 105.0 73.0 105.0 779.0 90.0 779.0 
1 2 0.71 0.71 621.0 36.0 621.0 528.0 345.0 528.0 
1 2 0.86 0.86 864.0 442.0 864.0 812.0 290.0 812.0 
1 2 0.25 0.25 431.0 108.0 431.0 975.0 9.0 975.0 
1 3 0.93 0.93 431.0 108.0 431.0 975.0 9.0 975.0 694.0 467.0 694.0 
1 2 0.81 0.81 346.0 226.0 346.0 209.0 34.0 209.0 
1 2 0.72 0.72 460.0 281.0 460.0 916.0 105.0 916.0 
1 2 0.99 0.99 839.0 674.0 839.0 945.0 183.0 945.0 
1 2 0.56 0.56 331.0 14.0 331.0 775.0 407.0 775.0 
1 2 0.65 0.65 881.0 114.0 881.0 251.0 131.0 251.0 
1 2 0.95 0.95 967.0 174.0 967.0 727.0 566.0 727.0 
1 2 0.95 0.95 624.0 227.0 624.0 814.0 480.0 814.0 
1 2 0.92 0.92 405.0 224.0 405.0 46.0 17.0 46.0 
1 2 0.7 0.7 256.0 43.0 256.0 894.0 479.0 894.0 
1 2 0.88 0.88 331.0 105.0 331.0 258.0 147.0 258.0 
1 2 0.57 0.57 741.0 255.0 741.0 208.0 47.0 208.0 
1 2 0.78 0.78 730.0 502.0 730.0 893.0 86.0 893.0 
1 2 0.82 0.82 165.0 125.0 165.0 226.0 16.0 226.0 
1 2 0.89 0.89 548.0 413.0 548.0 921.0 126.0 921.0 
1 2 0.99 0.99 112.0 5.0 112.0 520.0 495.0 520.0 
1 2 0.83 0.83 674.0 503.0 674.0 732.0 66.0 732.0 
1 2 0.74 0.74 107.0 7.0 107.0 526.0 356.0 526.0 
1 2 0.85 0.85 532.0 162.0 532.0 992.0 549.0 992.0 
1 2 0.92 0.92 551.0 53.0 551.0 258.0 213.0 258.0 
1 2 0.69 0.69 270.0 68.0 270.0 282.0 124.0 282.0 
1 2 0.86 0.86 425.0 36.0 425.0 296.0 232.0 296.0 
1 2 0.74 0.74 196.0 108.0 196.0 670.0 131.0 670.0 
1 2 0.59 0.59 152.0 90.0 152.0 170.0 1.0 170.0 
1 2 0.99 0.99 202.0 75.0 202.0 780.0 489.0 780.0 
1 2 0.92 0.92 929.0 501.0 929.0 446.0 170.0 446.0 
1 2 0.76 0.76 978.0 90.0 978.0 864.0 580.0 864.0 
1 3 0.81 0.81 978.0 90.0 978.0 864.0 580.0 864.0 380.0 21.0 380.0 
1 2 0.85 0.85 107.0 87.0 107.0 942.0 44.0 942.0 
1 2 0.92 0.92 347.0 200.0 347.0 64.0 22.0 64.0 
1 2 0.76 0.76 940.0 138.0 940.0 74.0 46.0 74.0 
1 2 0.92 0.92 513.0 319.0 513.0 930.0 282.0 930.0 
1 2 0.58 0.58 241.0 4.0 241.0 256.0 145.0 256.0 
1 2 0.45 0.45 354.0 3.0 354.0 615.0 276.0 615.0 
1 2 0.8 0.8 237.0 185.0 237.0 137.0 3.0 137.0 
1 2 0.62 0.62 226.0 7.0 226.0 803.0 481.0 803.0 
1 2 0.88 0.88 187.0 137.0 187.0 422.0 64.0 422.0 
1 2 0.92 0.92 500.0 411.0 500.0 628.0 66.0 628.0 
1 2 0.91 0.91 497.0 272.0 497.0 248.0 92.0 248.0 
1 2 0.96 0.96 495.0 212.0 495.0 576.0 311.0 576.0 
1 2 0.62 0.62 506.0 10.0 506.0 733.0 442.0 733.0 
1 2 0.96 0.96 218.0 161.0 218.0 621.0 143.0 621.0 
1 2 0.66 0.66 664.0 145.0 664.0 38.0 17.0 38.0 
1 2 0.85 0.85 916.0 230.0 916.0 499.0 300.0 499.0 
1 2 0.99 0.99 693.0 145.0 693.0 658.0 520.0 658.0 
1 2 0.92 0.92 307.0 96.0 307.0 675.0 412.0 675.0 
1 2 0.86 0.86 243.0 77.0 243.0 311.0 172.0 311.0 
1 2 0.62 0.62 250.0 27.0 250.0 570.0 297.0 570.0 
1 2 0.74 0.74 248.0 13.0 248.0 616.0 425.0 616.0 
1 2 0.78 0.78 384.0 272.0 384.0 754.0 60.0 754.0 
1 2 0.82 0.82 142.0 73.0 142.0 497.0 155.0 497.0 
1 2 0.58 0.58 294.0 11.0 294.0 86.0 47.0 86.0 
1 3 0.86 0.86 294.0 11.0 294.0 86.0 47.0 86.0 751.0 214.0 751.0 
1 2 0.65 0.65 862.0 366.0 862.0 849.0 195.0 849.0 
1 2 0.81 0.81 899.0 520.0 899.0 705.0 164.0 705.0 
1 2 0.97 0.97 994.0 724.0 994.0 620.0 153.0 620.0 
1 2 0.95 0.95 620.0 562.0 620.0 223.0 11.0 223.0 
1 2 0.87 0.87 453.0 75.0 453.0 336.0 238.0 336.0 
1 2 0.84 0.84 778.0 169.0 778.0 258.0 161.0 258.0 
1 2 0.93 0.93 522.0 437.0 522.0 220.0 21.0 220.0 
1 2 0.69 0.69 743.0 422.0 743.0 775.0 97.0 775.0 
1 2 0.93 0.93 16.0 9.0 16.0 502.0 188.0 502.0 
1 2 0.97 0.97 155.0 36.0 155.0 978.0 727.0 978.0 
1 2 0.59 0.59 781.0 10.0 781.0 427.0 247.0 427.0 
1 3 0.8 0.8 781.0 10.0 781.0 427.0 247.0 427.0 634.0 134.0 634.0 
1 2 0.96 0.96 598.0 100.0 598.0 741.0 593.0 741.0 
1 2 0.53 0.53 963.0 116.0 963.0 598.0 246.0 598.0 
1 2 0.6 0.6 677.0 389.0 677.0 328.0 9.0 328.0 
1 2 0.41 0.41 434.0 120.0 434.0 531.0 71.0 531.0 
1 2 0.97 0.97 232.0 99.0 232.0 223.0 122.0 223.0 
1 2 0.8 0.8 811.0 88.0 811.0 90.0 63.0 90.0 
1 2 0.91 0.91 674.0 533.0 674.0 272.0 34.0 272.0 
1 2 0.53 0.53 275.0 79.0 275.0 297.0 74.0 297.0 
1 2 0.97 0.97 102.0 40.0 102.0 626.0 362.0 626.0 
1 2 0.11 0.11 725.0 2.0 725.0 873.0 99.0 873.0 
1 2 0.89 0.89 90.0 66.0 90.0 151.0 25.0 151.0 
1 2 0.88 0.88 755.0 450.0 755.0 400.0 114.0 400.0 
1 2 0.92 0.92 785.0 225.0 785.0 901.0 579.0 901.0 
1 2 0.89 0.89 432.0 368.0 432.0 964.0 41.0 964.0 
1 2 0.77 0.77 673.0 110.0 673.0 781.0 478.0 781.0 
1 2 0.96 0.96 483.0 89.0 483.0 561.0 438.0 561.0 
1 2 0.93 0.93 469.0 381.0 469.0 524.0 62.0 524.0 
1 2 0.47 0.47 850.0 75.0 850.0 930.0 361.0 930.0 
1 2 0.91 0.91 951.0 112.0 951.0 244.0 194.0 244.0 
1 2 0.95 0.95 296.0 203.0 296.0 879.0 238.0 879.0 
1 2 0.92 0.92 655.0 49.0 655.0 553.0 468.0 553.0 
1 2 0.99 0.99 676.0 461.0 676.0 900.0 281.0 900.0 
1 2 0.93 0.93 492.0 186.0 492.0 794.0 445.0 794.0 
1 2 0.97 0.97 677.0 619.0 677.0 825.0 54.0 825.0 
1 2 0.98 0.98 807.0 487.0 807.0 634.0 240.0 634.0 
1 2 0.84 0.84 844.0 13.0 844.0 108.0 90.0 108.0 
1 2 0.75 0.75 747.0 341.0 747.0 487.0 144.0 487.0 
1 2 0.83 0.83 40.0 3.0 40.0 105.0 80.0 105.0 
1 2 0.8 0.8 191.0 146.0 191.0 478.0 19.0 478.0 
1 2 0.77 0.77 51.0 38.0 51.0 852.0 27.0 852.0 
1 2 0.78 0.78 841.0 5.0 841.0 713.0 555.0 713.0 
1 2 0.93 0.93 48.0 43.0 48.0 736.0 28.0 736.0 
1 2 0.88 0.88 841.0 462.0 841.0 401.0 134.0 401.0 
1 2 0.58 0.58 420.0 25.0 420.0 691.0 364.0 691.0 
1 2 0.66 0.66 684.0 13.0 684.0 444.0 286.0 444.0 
1 3 0.8 0.8 684.0 13.0 684.0 444.0 286.0 444.0 153.0 22.0 153.0 
1 2 0.85 0.85 585.0 143.0 585.0 731.0 443.0 731.0 
1 2 0.93 0.93 913.0 677.0 913.0 217.0 42.0 217.0 
1 2 0.87 0.87 968.0 259.0 968.0 401.0 243.0 401.0 
1 2 0.95 0.95 113.0 47.0 113.0 775.0 414.0 775.0 
1 2 0.87 0.87 143.0 26.0 143.0 869.0 604.0 869.0 
1 2 0.77 0.77 465.0 353.0 465.0 909.0 15.0 909.0 
1 2 0.49 0.49 56.0 4.0 56.0 713.0 300.0 713.0 
1 3 0.57 0.57 56.0 4.0 56.0 713.0 300.0 713.0 852.0 68.0 852.0 
1 4 0.76 0.76 56.0 4.0 56.0 713.0 300.0 713.0 852.0 68.0 852.0 227.0 44.0 227.0 
1 2 0.92 0.92 396.0 137.0 396.0 370.0 216.0 370.0 
1 2 0.67 0.67 228.0 24.0 228.0 282.0 160.0 282.0 
1 3 0.86 0.86 228.0 24.0 228.0 282.0 160.0 282.0 598.0 115.0 598.0 
1 2 0.83 0.83 439.0 81.0 439.0 133.0 86.0 133.0 
1 2 0.8 0.8 871.0 534.0 871.0 36.0 7.0 36.0 
1 2 0.88 0.88 527.0 145.0 527.0 133.0 81.0 133.0 
1 2 0.97 0.97 403.0 116.0 403.0 622.0 426.0 622.0 
1 2 0.84 0.84 763.0 543.0 763.0 637.0 82.0 637.0 
1 2 0.78 0.78 845.0 517.0 845.0 944.0 165.0 944.0 
1 2 0.76 0.76 289.0 14.0 289.0 666.0 477.0 666.0 
1 2 0.9 0.9 209.0 125.0 209.0 908.0 282.0 908.0 
1 2 0.94 0.94 127.0 49.0 127.0 943.0 523.0 943.0 
1 2 0.96 0.96 978.0 895.0 978.0 499.0 25.0 499.0 
1 2 0.89 0.89 797.0 196.0 797.0 665.0 429.0 665.0 
1 2 0.67 0.67 635.0 418.0 635.0 603.0 13.0 603.0 
1 2 0.79 0.79 745.0 169.0 745.0 818.0 463.0 818.0 
1 2 0.83 0.83 857.0 698.0 857.0 700.0 14.0 700.0 
1 2 0.84 0.84 636.0 105.0 636.0 665.0 449.0 665.0 
1 2 0.28 0.28 966.0 108.0 966.0 725.0 123.0 725.0 
1 2 0.99 0.99 170.0 123.0 170.0 390.0 105.0 390.0 
1 2 0.95 0.95 487.0 162.0 487.0 722.0 452.0 722.0 
1 2 0.78 0.78 992.0 132.0 992.0 329.0 214.0 329.0 
1 2 0.93 0.93 498.0 99.0 498.0 158.0 117.0 158.0 
1 2 0.87 0.87 140.0 15.0 140.0 781.0 597.0 781.0 
1 2 0.82 0.82 139.0 98.0 139.0 916.0 108.0 916.0 
1 2 0.55 0.55 277.0 149.0 277.0 208.0 4.0 208.0 
1 2 0.94 0.94 784.0 587.0 784.0 15.0 3.0 15.0 
1 2 0.86 0.86 278.0 175.0 278.0 13.0 3.0 13.0 
1 2 0.97 0.97 967.0 380.0 967.0 840.0 488.0 840.0 
1 2 0.73 0.73 449.0 79.0 449.0 429.0 240.0 429.0 
1 2 0.8 0.8 751.0 503.0 751.0 942.0 123.0 942.0 
1 2 0.55 0.55 698.0 74.0 698.0 736.0 328.0 736.0 
1 2 0.86 0.86 699.0 406.0 699.0 247.0 69.0 247.0 
1 2 0.43 0.43 767.0 27.0 767.0 53.0 21.0 53.0 
1 2 0.94 0.94 380.0 198.0 380.0 33.0 14.0 33.0 
1 2 0.53 0.53 560.0 11.0 560.0 208.0 107.0 208.0 
1 2 0.87 0.87 635.0 116.0 635.0 56.0 39.0 56.0 
1 2 0.94 0.94 339.0 308.0 339.0 955.0 31.0 955.0 
1 2 0.9 0.9 320.0 103.0 320.0 494.0 288.0 494.0 
1 2 0.58 0.58 291.0 18.0 291.0 754.0 392.0 754.0 
1 2 0.72 0.72 979.0 519.0 979.0 961.0 186.0 961.0 
1 2 0.84 0.84 570.0 84.0 570.0 840.0 589.0 840.0 
1 2 0.67 0.67 86.0 5.0 86.0 441.0 273.0 441.0 
1 2 0.98 0.98 724.0 74.0 724.0 663.0 585.0 663.0 
1 2 0.32 0.32 962.0 193.0 962.0 603.0 75.0 603.0 
1 2 0.92 0.92 320.0 229.0 320.0 501.0 106.0 501.0 
1 2 0.83 0.83 911.0 501.0 911.0 114.0 32.0 114.0 
1 2 0.76 0.76 257.0 195.0 257.0 428.0 4.0 428.0 
1 2 0.64 0.64 938.0 570.0 938.0 533.0 20.0 533.0 
1 2 0.94 0.94 261.0 166.0 261.0 432.0 134.0 432.0 
1 2 0.61 0.61 737.0 394.0 737.0 657.0 53.0 657.0 
1 2 0.95 0.95 733.0 182.0 733.0 571.0 403.0 571.0 
1 2 0.94 0.94 852.0 686.0 852.0 635.0 89.0 635.0 
1 2 0.98 0.98 100.0 7.0 100.0 433.0 398.0 433.0 
1 2 0.88 0.88 415.0 153.0 415.0 215.0 111.0 215.0 
1 2 0.11 0.11 42.0 3.0 42.0 870.0 37.0 870.0 
1 2 0.7 0.7 98.0 68.0 98.0 459.0 6.0 459.0 
1 2 0.86 0.86 138.0 90.0 138.0 688.0 148.0 688.0 
1 2 0.99 0.99 816.0 269.0 816.0 246.0 164.0 246.0 
1 2 0.89 0.89 977.0 183.0 977.0 355.0 251.0 355.0 
1 2 0.8 0.8 947.0 618.0 947.0 448.0 67.0 448.0 
1 2 0.96 0.96 905.0 151.0 905.0 838.0 670.0 838.0 
1 2 0.81 0.81 394.0 18.0 394.0 333.0 256.0 333.0 
1 2 0.89 0.89 667.0 410.0 667.0 474.0 131.0 474.0 
1 2 0.85 0.85 424.0 7.0 424.0 516.0 434.0 516.0 
1 2 0.66 0.66 943.0 369.0 943.0 508.0 139.0 508.0 
1 2 0.74 0.74 268.0 135.0 268.0 774.0 190.0 774.0 
1 2 0.89 0.89 456.0 356.0 456.0 911.0 105.0 911.0 
1 2 0.58 0.58 627.0 47.0 627.0 176.0 89.0 176.0 
1 2 0.93 0.93 91.0 24.0 91.0 752.0 502.0 752.0 
1 2 0.78 0.78 309.0 104.0 309.0 818.0 370.0 818.0 
1 2 0.97 0.97 585.0 462.0 585.0 49.0 9.0 49.0 
1 2 0.85 0.85 87.0 13.0 87.0 144.0 102.0 144.0 
1 2 0.8 0.8 337.0 211.0 337.0 424.0 77.0 424.0 
1 2 0.65 0.65 368.0 43.0 368.0 893.0 481.0 893.0 
1 2 0.42 0.42 340.0 65.0 340.0 469.0 108.0 469.0 
1 2 0.53 0.53 158.0 1.0 158.0 184.0 98.0 184.0 
1 2 0.91 0.91 130.0 38.0 130.0 685.0 427.0 685.0 
1 2 0.85 0.85 899.0 538.0 899.0 476.0 122.0 476.0 
1 2 0.92 0.92 351.0 266.0 351.0 919.0 153.0 919.0 
1 2 0.42 0.42 72.0 23.0 72.0 812.0 89.0 812.0 
1 2 0.79 0.79 203.0 16.0 203.0 46.0 33.0 46.0 
1 2 0.89 0.89 931.0 618.0 931.0 972.0 222.0 972.0 
1 2 0.61 0.61 115.0 60.0 115.0 508.0 46.0 508.0 
1 2 0.82 0.82 691.0 492.0 691.0 872.0 102.0 872.0 
1 2 0.98 0.98 503.0 403.0 503.0 640.0 117.0 640.0 
1 2 0.77 0.77 494.0 371.0 494.0 441.0 12.0 441.0 
1 2 0.87 0.87 495.0 86.0 495.0 484.0 338.0 484.0 
1 2 0.56 0.56 597.0 301.0 597.0 385.0 22.0 385.0 
1 2 0.78 0.78 546.0 340.0 546.0 668.0 110.0 668.0 
1 3 0.84 0.84 546.0 340.0 546.0 668.0 110.0 668.0 445.0 24.0 445.0 
1 2 0.86 0.86 202.0 19.0 202.0 903.0 692.0 903.0 
1 2 0.77 0.77 352.0 89.0 352.0 672.0 351.0 672.0 
1 2 0.71 0.71 367.0 58.0 367.0 610.0 341.0 610.0 
1 2 0.63 0.63 568.0 306.0 568.0 379.0 37.0 379.0 
