2 3 1.89 1.89 872.0 670.0 872.0 965.0 814.0 965.0 88.0 25.0 88.0 
2 3 1.77 1.77 347.0 260.0 347.0 272.0 227.0 272.0 846.0 161.0 846.0 
2 3 1.51 1.51 126.0 32.0 126.0 553.0 230.0 553.0 670.0 563.0 670.0 
2 4 1.66 1.66 126.0 32.0 126.0 553.0 230.0 553.0 670.0 563.0 670.0 263.0 42.0 263.0 
2 5 1.7 1.7 126.0 32.0 126.0 553.0 230.0 553.0 670.0 563.0 670.0 263.0 42.0 263.0 916.0 32.0 916.0 
2 3 1.81 1.81 539.0 251.0 539.0 607.0 353.0 607.0 291.0 223.0 291.0 
2 4 1.85 1.85 539.0 251.0 539.0 607.0 353.0 607.0 291.0 223.0 291.0 718.0 31.0 718.0 
2 3 0.36 0.36 187.0 53.0 187.0 38.0 3.0 38.0 224.0 1.0 224.0 
2 4 1.12 1.12 187.0 53.0 187.0 38.0 3.0 38.0 224.0 1.0 224.0 78.0 59.0 78.0 
2 5 1.55 1.55 187.0 53.0 187.0 38.0 3.0 38.0 224.0 1.0 224.0 78.0 59.0 78.0 191.0 82.0 191.0 
2 3 0.35 0.35 473.0 14.0 473.0 160.0 43.0 160.0 985.0 55.0 985.0 
2 4 0.55 0.55 473.0 14.0 473.0 160.0 43.0 160.0 985.0 55.0 985.0 196.0 39.0 196.0 
2 5 1.38 1.38 473.0 14.0 473.0 160.0 43.0 160.0 985.0 55.0 985.0 196.0 39.0 196.0 435.0 362.0 435.0 
2 6 1.42 1.42 473.0 14.0 473.0 160.0 43.0 160.0 985.0 55.0 985.0 196.0 39.0 196.0 435.0 362.0 435.0 513.0 19.0 513.0 
2 7 1.99 1.99 473.0 14.0 473.0 160.0 43.0 160.0 985.0 55.0 985.0 196.0 39.0 196.0 435.0 362.0 435.0 513.0 19.0 513.0 322.0 185.0 322.0 
2 3 1.23 1.23 412.0 216.0 412.0 610.0 182.0 610.0 12.0 5.0 12.0 
2 3 1.55 1.55 789.0 131.0 789.0 940.0 497.0 940.0 554.0 478.0 554.0 
2 3 1.55 1.55 938.0 12.0 938.0 404.0 347.0 404.0 520.0 353.0 520.0 
2 3 0.74 0.74 209.0 13.0 209.0 570.0 108.0 570.0 304.0 149.0 304.0 
2 4 1.33 1.33 209.0 13.0 209.0 570.0 108.0 570.0 304.0 149.0 304.0 823.0 492.0 823.0 
2 5 1.68 1.68 209.0 13.0 209.0 570.0 108.0 570.0 304.0 149.0 304.0 823.0 492.0 823.0 80.0 28.0 80.0 
2 3 1.9 1.9 775.0 599.0 775.0 89.0 19.0 89.0 85.0 78.0 85.0 
2 3 1.27 1.27 998.0 262.0 998.0 605.0 467.0 605.0 619.0 147.0 619.0 
2 3 1.59 1.59 202.0 188.0 202.0 268.0 36.0 268.0 299.0 158.0 299.0 
2 3 1.69 1.69 724.0 90.0 724.0 476.0 275.0 476.0 662.0 660.0 662.0 
2 3 1.81 1.81 59.0 49.0 59.0 783.0 667.0 783.0 440.0 60.0 440.0 
2 3 1.79 1.79 70.0 59.0 70.0 520.0 107.0 520.0 664.0 493.0 664.0 
2 3 1.33 1.33 256.0 86.0 256.0 720.0 570.0 720.0 38.0 8.0 38.0 
2 4 1.42 1.42 256.0 86.0 256.0 720.0 570.0 720.0 38.0 8.0 38.0 716.0 60.0 716.0 
2 3 1.41 1.41 908.0 491.0 908.0 934.0 749.0 934.0 337.0 23.0 337.0 
2 3 0.77 0.77 357.0 57.0 357.0 649.0 183.0 649.0 244.0 81.0 244.0 
2 4 0.8 0.8 357.0 57.0 357.0 649.0 183.0 649.0 244.0 81.0 244.0 647.0 23.0 647.0 
2 5 0.82 0.82 357.0 57.0 357.0 649.0 183.0 649.0 244.0 81.0 244.0 647.0 23.0 647.0 341.0 4.0 341.0 
2 6 1.47 1.47 357.0 57.0 357.0 649.0 183.0 649.0 244.0 81.0 244.0 647.0 23.0 647.0 341.0 4.0 341.0 275.0 181.0 275.0 
2 7 1.79 1.79 357.0 57.0 357.0 649.0 183.0 649.0 244.0 81.0 244.0 647.0 23.0 647.0 341.0 4.0 341.0 275.0 181.0 275.0 228.0 72.0 228.0 
2 3 1.23 1.23 636.0 80.0 636.0 438.0 299.0 438.0 371.0 159.0 371.0 
2 4 1.7 1.7 636.0 80.0 636.0 438.0 299.0 438.0 371.0 159.0 371.0 932.0 436.0 932.0 
2 5 1.96 1.96 636.0 80.0 636.0 438.0 299.0 438.0 371.0 159.0 371.0 932.0 436.0 932.0 270.0 69.0 270.0 
2 3 1.85 1.85 190.0 119.0 190.0 986.0 291.0 986.0 365.0 342.0 365.0 
2 3 1.82 1.82 69.0 46.0 69.0 726.0 329.0 726.0 41.0 29.0 41.0 
2 3 0.65 0.65 844.0 270.0 844.0 806.0 215.0 806.0 412.0 29.0 412.0 
2 4 1.25 1.25 844.0 270.0 844.0 806.0 215.0 806.0 412.0 29.0 412.0 816.0 491.0 816.0 
2 5 1.87 1.87 844.0 270.0 844.0 806.0 215.0 806.0 412.0 29.0 412.0 816.0 491.0 816.0 671.0 413.0 671.0 
2 3 1.32 1.32 298.0 172.0 298.0 532.0 221.0 532.0 765.0 252.0 765.0 
2 4 1.82 1.82 298.0 172.0 298.0 532.0 221.0 532.0 765.0 252.0 765.0 719.0 364.0 719.0 
2 5 1.87 1.87 298.0 172.0 298.0 532.0 221.0 532.0 765.0 252.0 765.0 719.0 364.0 719.0 562.0 26.0 562.0 
2 3 0.92 0.92 911.0 53.0 911.0 686.0 311.0 686.0 634.0 261.0 634.0 
2 4 1.05 1.05 911.0 53.0 911.0 686.0 311.0 686.0 634.0 261.0 634.0 938.0 121.0 938.0 
2 5 1.8 1.8 911.0 53.0 911.0 686.0 311.0 686.0 634.0 261.0 634.0 938.0 121.0 938.0 12.0 9.0 12.0 
2 3 0.54 0.54 719.0 194.0 719.0 172.0 7.0 172.0 769.0 177.0 769.0 
2 4 0.94 0.94 719.0 194.0 719.0 172.0 7.0 172.0 769.0 177.0 769.0 5.0 2.0 5.0 
2 5 1.05 1.05 719.0 194.0 719.0 172.0 7.0 172.0 769.0 177.0 769.0 5.0 2.0 5.0 513.0 61.0 513.0 
2 6 1.66 1.66 719.0 194.0 719.0 172.0 7.0 172.0 769.0 177.0 769.0 5.0 2.0 5.0 513.0 61.0 513.0 691.0 418.0 691.0 
2 3 1.96 1.96 192.0 93.0 192.0 234.0 183.0 234.0 307.0 215.0 307.0 
2 3 1.28 1.28 40.0 18.0 40.0 667.0 140.0 667.0 158.0 99.0 158.0 
2 4 1.58 1.58 40.0 18.0 40.0 667.0 140.0 667.0 158.0 99.0 158.0 427.0 126.0 427.0 
2 3 1.7 1.7 951.0 638.0 951.0 748.0 164.0 748.0 27.0 22.0 27.0 
2 4 1.75 1.75 951.0 638.0 951.0 748.0 164.0 748.0 27.0 22.0 27.0 749.0 37.0 749.0 
2 3 1.02 1.02 803.0 263.0 803.0 251.0 142.0 251.0 843.0 108.0 843.0 
2 4 1.9 1.9 803.0 263.0 803.0 251.0 142.0 251.0 843.0 108.0 843.0 830.0 732.0 830.0 
2 3 1.21 1.21 488.0 137.0 488.0 76.0 65.0 76.0 415.0 31.0 415.0 
2 4 1.67 1.67 488.0 137.0 488.0 76.0 65.0 76.0 415.0 31.0 415.0 792.0 367.0 792.0 
2 5 1.69 1.69 488.0 137.0 488.0 76.0 65.0 76.0 415.0 31.0 415.0 792.0 367.0 792.0 915.0 21.0 915.0 
2 3 0.93 0.93 588.0 316.0 588.0 836.0 95.0 836.0 7.0 2.0 7.0 
2 4 1.23 1.23 588.0 316.0 588.0 836.0 95.0 836.0 7.0 2.0 7.0 637.0 192.0 637.0 
2 5 1.68 1.68 588.0 316.0 588.0 836.0 95.0 836.0 7.0 2.0 7.0 637.0 192.0 637.0 990.0 444.0 990.0 
2 3 0.91 0.91 65.0 29.0 65.0 454.0 14.0 454.0 172.0 75.0 172.0 
2 4 1.82 1.82 65.0 29.0 65.0 454.0 14.0 454.0 172.0 75.0 172.0 81.0 74.0 81.0 
2 3 1.29 1.29 558.0 93.0 558.0 562.0 279.0 562.0 237.0 149.0 237.0 
2 4 1.51 1.51 558.0 93.0 558.0 562.0 279.0 562.0 237.0 149.0 237.0 167.0 38.0 167.0 
2 3 1.06 1.06 697.0 187.0 697.0 447.0 15.0 447.0 601.0 461.0 601.0 
2 4 1.11 1.11 697.0 187.0 697.0 447.0 15.0 447.0 601.0 461.0 601.0 739.0 34.0 739.0 
2 5 1.46 1.46 697.0 187.0 697.0 447.0 15.0 447.0 601.0 461.0 601.0 739.0 34.0 739.0 538.0 189.0 538.0 
2 3 1.53 1.53 905.0 414.0 905.0 308.0 198.0 308.0 94.0 41.0 94.0 
2 4 1.71 1.71 905.0 414.0 905.0 308.0 198.0 308.0 94.0 41.0 94.0 849.0 148.0 849.0 
2 3 0.63 0.63 509.0 189.0 509.0 463.0 46.0 463.0 73.0 12.0 73.0 
2 4 0.81 0.81 509.0 189.0 509.0 463.0 46.0 463.0 73.0 12.0 73.0 294.0 54.0 294.0 
2 5 0.89 0.89 509.0 189.0 509.0 463.0 46.0 463.0 73.0 12.0 73.0 294.0 54.0 294.0 784.0 56.0 784.0 
2 6 1.56 1.56 509.0 189.0 509.0 463.0 46.0 463.0 73.0 12.0 73.0 294.0 54.0 294.0 784.0 56.0 784.0 34.0 23.0 34.0 
2 3 1.59 1.59 602.0 363.0 602.0 624.0 320.0 624.0 127.0 61.0 127.0 
2 3 1.26 1.26 144.0 69.0 144.0 450.0 103.0 450.0 243.0 135.0 243.0 
2 4 1.54 1.54 144.0 69.0 144.0 450.0 103.0 450.0 243.0 135.0 243.0 681.0 191.0 681.0 
2 5 1.79 1.79 144.0 69.0 144.0 450.0 103.0 450.0 243.0 135.0 243.0 681.0 191.0 681.0 252.0 62.0 252.0 
2 3 1.24 1.24 550.0 319.0 550.0 993.0 218.0 993.0 516.0 230.0 516.0 
2 4 1.69 1.69 550.0 319.0 550.0 993.0 218.0 993.0 516.0 230.0 516.0 384.0 173.0 384.0 
2 3 1.85 1.85 492.0 401.0 492.0 442.0 312.0 442.0 987.0 329.0 987.0 
2 4 1.93 1.93 492.0 401.0 492.0 442.0 312.0 442.0 987.0 329.0 987.0 235.0 20.0 235.0 
2 3 0.38 0.38 654.0 9.0 654.0 229.0 26.0 229.0 258.0 67.0 258.0 
2 4 1.34 1.34 654.0 9.0 654.0 229.0 26.0 229.0 258.0 67.0 258.0 114.0 109.0 114.0 
2 3 1.65 1.65 188.0 125.0 188.0 80.0 72.0 80.0 283.0 25.0 283.0 
2 3 1.12 1.12 316.0 197.0 316.0 672.0 253.0 672.0 599.0 72.0 599.0 
2 4 1.72 1.72 316.0 197.0 316.0 672.0 253.0 672.0 599.0 72.0 599.0 128.0 77.0 128.0 
2 3 1.36 1.36 925.0 637.0 925.0 942.0 68.0 942.0 818.0 498.0 818.0 
2 4 1.9 1.9 925.0 637.0 925.0 942.0 68.0 942.0 818.0 498.0 818.0 975.0 520.0 975.0 
2 3 1.42 1.42 243.0 14.0 243.0 158.0 118.0 158.0 494.0 307.0 494.0 
2 4 1.79 1.79 243.0 14.0 243.0 158.0 118.0 158.0 494.0 307.0 494.0 211.0 77.0 211.0 
2 3 1.82 1.82 117.0 19.0 117.0 207.0 185.0 207.0 220.0 169.0 220.0 
2 3 0.62 0.62 210.0 20.0 210.0 699.0 186.0 699.0 629.0 168.0 629.0 
2 4 0.84 0.84 210.0 20.0 210.0 699.0 186.0 699.0 629.0 168.0 629.0 989.0 212.0 989.0 
2 5 1.24 1.24 210.0 20.0 210.0 699.0 186.0 699.0 629.0 168.0 629.0 989.0 212.0 989.0 998.0 402.0 998.0 
2 6 1.93 1.93 210.0 20.0 210.0 699.0 186.0 699.0 629.0 168.0 629.0 989.0 212.0 989.0 998.0 402.0 998.0 32.0 22.0 32.0 
2 3 1.57 1.57 704.0 636.0 704.0 629.0 185.0 629.0 8.0 3.0 8.0 
2 3 0.62 0.62 398.0 139.0 398.0 602.0 33.0 602.0 565.0 127.0 565.0 
2 4 1.08 1.08 398.0 139.0 398.0 602.0 33.0 602.0 565.0 127.0 565.0 409.0 188.0 409.0 
2 5 1.44 1.44 398.0 139.0 398.0 602.0 33.0 602.0 565.0 127.0 565.0 409.0 188.0 409.0 786.0 282.0 786.0 
2 3 1.53 1.53 78.0 76.0 78.0 363.0 29.0 363.0 747.0 361.0 747.0 
2 3 1.59 1.59 281.0 236.0 281.0 369.0 34.0 369.0 947.0 625.0 947.0 
2 3 1.3 1.3 577.0 220.0 577.0 652.0 387.0 652.0 126.0 42.0 126.0 
2 4 1.93 1.93 577.0 220.0 577.0 652.0 387.0 652.0 126.0 42.0 126.0 557.0 350.0 557.0 
2 3 1.2 1.2 767.0 674.0 767.0 877.0 279.0 877.0 949.0 4.0 949.0 
2 4 1.82 1.82 767.0 674.0 767.0 877.0 279.0 877.0 949.0 4.0 949.0 142.0 89.0 142.0 
2 3 0.72 0.72 803.0 284.0 803.0 858.0 279.0 858.0 911.0 39.0 911.0 
2 4 1.18 1.18 803.0 284.0 803.0 858.0 279.0 858.0 911.0 39.0 911.0 759.0 350.0 759.0 
2 5 1.65 1.65 803.0 284.0 803.0 858.0 279.0 858.0 911.0 39.0 911.0 759.0 350.0 759.0 935.0 445.0 935.0 
2 3 1.64 1.64 119.0 89.0 119.0 810.0 690.0 810.0 347.0 14.0 347.0 
2 4 1.94 1.94 119.0 89.0 119.0 810.0 690.0 810.0 347.0 14.0 347.0 424.0 128.0 424.0 
2 3 0.88 0.88 327.0 152.0 327.0 798.0 200.0 798.0 977.0 167.0 977.0 
2 4 1.36 1.36 327.0 152.0 327.0 798.0 200.0 798.0 977.0 167.0 977.0 194.0 92.0 194.0 
2 3 1.58 1.58 103.0 97.0 103.0 179.0 101.0 179.0 855.0 68.0 855.0 
2 3 1.29 1.29 925.0 304.0 925.0 713.0 229.0 713.0 765.0 495.0 765.0 
2 3 0.68 0.68 939.0 148.0 939.0 194.0 58.0 194.0 632.0 142.0 632.0 
2 4 1.39 1.39 939.0 148.0 939.0 194.0 58.0 194.0 632.0 142.0 632.0 152.0 109.0 152.0 
2 3 1.32 1.32 612.0 570.0 612.0 570.0 8.0 570.0 402.0 153.0 402.0 
2 3 1.4 1.4 544.0 25.0 544.0 973.0 619.0 973.0 715.0 514.0 715.0 
2 4 1.9 1.9 544.0 25.0 544.0 973.0 619.0 973.0 715.0 514.0 715.0 329.0 167.0 329.0 
2 3 0.9 0.9 522.0 143.0 522.0 782.0 112.0 782.0 64.0 31.0 64.0 
2 4 1.84 1.84 522.0 143.0 522.0 782.0 112.0 782.0 64.0 31.0 64.0 914.0 858.0 914.0 
2 3 0.41 0.41 303.0 12.0 303.0 103.0 6.0 103.0 948.0 304.0 948.0 
2 4 0.65 0.65 303.0 12.0 303.0 103.0 6.0 103.0 948.0 304.0 948.0 151.0 36.0 151.0 
2 5 1.22 1.22 303.0 12.0 303.0 103.0 6.0 103.0 948.0 304.0 948.0 151.0 36.0 151.0 909.0 518.0 909.0 
2 3 1.95 1.95 213.0 212.0 213.0 354.0 245.0 354.0 516.0 138.0 516.0 
2 3 1.59 1.59 492.0 30.0 492.0 732.0 720.0 732.0 726.0 398.0 726.0 
2 3 1.57 1.57 239.0 209.0 239.0 953.0 124.0 953.0 205.0 117.0 205.0 
2 4 1.86 1.86 239.0 209.0 239.0 953.0 124.0 953.0 205.0 117.0 205.0 245.0 71.0 245.0 
2 3 1.67 1.67 985.0 857.0 985.0 164.0 88.0 164.0 886.0 238.0 886.0 
2 3 1.9 1.9 717.0 92.0 717.0 704.0 622.0 704.0 787.0 699.0 787.0 
2 3 1.53 1.53 832.0 167.0 832.0 250.0 108.0 250.0 716.0 648.0 716.0 
2 4 1.93 1.93 832.0 167.0 832.0 250.0 108.0 250.0 716.0 648.0 716.0 839.0 337.0 839.0 
2 3 1.56 1.56 261.0 243.0 261.0 367.0 173.0 367.0 257.0 42.0 257.0 
2 4 1.64 1.64 261.0 243.0 261.0 367.0 173.0 367.0 257.0 42.0 257.0 659.0 55.0 659.0 
2 3 1.98 1.98 120.0 102.0 120.0 345.0 144.0 345.0 593.0 426.0 593.0 
2 3 1.1 1.1 96.0 2.0 96.0 504.0 116.0 504.0 432.0 369.0 432.0 
2 4 1.59 1.59 96.0 2.0 96.0 504.0 116.0 504.0 432.0 369.0 432.0 537.0 263.0 537.0 
2 3 1.13 1.13 561.0 360.0 561.0 934.0 352.0 934.0 384.0 43.0 384.0 
2 4 1.56 1.56 561.0 360.0 561.0 934.0 352.0 934.0 384.0 43.0 384.0 989.0 431.0 989.0 
2 3 1.33 1.33 101.0 2.0 101.0 983.0 714.0 983.0 436.0 255.0 436.0 
2 4 1.79 1.79 101.0 2.0 101.0 983.0 714.0 983.0 436.0 255.0 436.0 788.0 366.0 788.0 
2 3 1.01 1.01 371.0 78.0 371.0 20.0 8.0 20.0 25.0 10.0 25.0 
2 4 1.9 1.9 371.0 78.0 371.0 20.0 8.0 20.0 25.0 10.0 25.0 76.0 68.0 76.0 
2 3 1.22 1.22 134.0 75.0 134.0 256.0 98.0 256.0 781.0 218.0 781.0 
2 4 1.81 1.81 134.0 75.0 134.0 256.0 98.0 256.0 781.0 218.0 781.0 822.0 488.0 822.0 
2 5 1.82 1.82 134.0 75.0 134.0 256.0 98.0 256.0 781.0 218.0 781.0 822.0 488.0 822.0 157.0 1.0 157.0 
2 3 1.38 1.38 219.0 214.0 219.0 741.0 242.0 741.0 83.0 7.0 83.0 
2 3 1.8 1.8 578.0 116.0 578.0 658.0 633.0 658.0 218.0 139.0 218.0 
2 3 1.32 1.32 188.0 15.0 188.0 321.0 275.0 321.0 336.0 129.0 336.0 
2 4 1.86 1.86 188.0 15.0 188.0 321.0 275.0 321.0 336.0 129.0 336.0 426.0 232.0 426.0 
2 3 1.73 1.73 707.0 158.0 707.0 30.0 20.0 30.0 237.0 200.0 237.0 
2 3 0.87 0.87 302.0 44.0 302.0 950.0 451.0 950.0 996.0 257.0 996.0 
2 4 1.34 1.34 302.0 44.0 302.0 950.0 451.0 950.0 996.0 257.0 996.0 325.0 152.0 325.0 
2 5 1.83 1.83 302.0 44.0 302.0 950.0 451.0 950.0 996.0 257.0 996.0 325.0 152.0 325.0 323.0 159.0 323.0 
2 3 0.62 0.62 734.0 125.0 734.0 750.0 209.0 750.0 578.0 102.0 578.0 
2 4 1.28 1.28 734.0 125.0 734.0 750.0 209.0 750.0 578.0 102.0 578.0 636.0 419.0 636.0 
2 3 1.33 1.33 843.0 152.0 843.0 762.0 458.0 762.0 946.0 520.0 946.0 
2 3 1.01 1.01 913.0 16.0 913.0 331.0 44.0 331.0 874.0 758.0 874.0 
2 3 1.55 1.55 525.0 334.0 525.0 455.0 145.0 455.0 413.0 246.0 413.0 
2 3 0.97 0.97 836.0 185.0 836.0 367.0 262.0 367.0 866.0 32.0 866.0 
2 4 1.06 1.06 836.0 185.0 836.0 367.0 262.0 367.0 866.0 32.0 866.0 408.0 36.0 408.0 
2 5 1.81 1.81 836.0 185.0 836.0 367.0 262.0 367.0 866.0 32.0 866.0 408.0 36.0 408.0 976.0 738.0 976.0 
2 3 1.19 1.19 157.0 116.0 157.0 239.0 18.0 239.0 113.0 43.0 113.0 
2 3 1.08 1.08 690.0 7.0 690.0 395.0 367.0 395.0 242.0 36.0 242.0 
2 4 1.31 1.31 690.0 7.0 690.0 395.0 367.0 395.0 242.0 36.0 242.0 438.0 98.0 438.0 
2 5 1.79 1.79 690.0 7.0 690.0 395.0 367.0 395.0 242.0 36.0 242.0 438.0 98.0 438.0 665.0 323.0 665.0 
2 3 1.09 1.09 872.0 384.0 872.0 425.0 92.0 425.0 382.0 166.0 382.0 
2 4 1.57 1.57 872.0 384.0 872.0 425.0 92.0 425.0 382.0 166.0 382.0 107.0 52.0 107.0 
2 3 1.87 1.87 117.0 86.0 117.0 280.0 117.0 280.0 265.0 191.0 265.0 
2 3 1.42 1.42 329.0 14.0 329.0 690.0 441.0 690.0 264.0 196.0 264.0 
2 3 1.0 1.0 825.0 386.0 825.0 561.0 156.0 561.0 322.0 83.0 322.0 
2 4 1.65 1.65 825.0 386.0 825.0 561.0 156.0 561.0 322.0 83.0 322.0 85.0 55.0 85.0 
2 3 1.43 1.43 424.0 241.0 424.0 423.0 92.0 423.0 43.0 28.0 43.0 
2 3 1.16 1.16 399.0 180.0 399.0 383.0 161.0 383.0 847.0 250.0 847.0 
2 3 0.89 0.89 815.0 56.0 815.0 576.0 371.0 576.0 715.0 130.0 715.0 
2 4 1.76 1.76 815.0 56.0 815.0 576.0 371.0 576.0 715.0 130.0 715.0 724.0 628.0 724.0 
2 3 0.99 0.99 85.0 36.0 85.0 545.0 18.0 545.0 217.0 116.0 217.0 
2 4 1.6 1.6 85.0 36.0 85.0 545.0 18.0 545.0 217.0 116.0 217.0 665.0 410.0 665.0 
2 3 0.55 0.55 550.0 25.0 550.0 624.0 148.0 624.0 618.0 171.0 618.0 
2 4 0.61 0.61 550.0 25.0 550.0 624.0 148.0 624.0 618.0 171.0 618.0 227.0 12.0 227.0 
2 5 0.83 0.83 550.0 25.0 550.0 624.0 148.0 624.0 618.0 171.0 618.0 227.0 12.0 227.0 750.0 170.0 750.0 
2 6 1.52 1.52 550.0 25.0 550.0 624.0 148.0 624.0 618.0 171.0 618.0 227.0 12.0 227.0 750.0 170.0 750.0 459.0 313.0 459.0 
2 3 1.34 1.34 254.0 62.0 254.0 354.0 207.0 354.0 105.0 54.0 105.0 
2 4 1.68 1.68 254.0 62.0 254.0 354.0 207.0 354.0 105.0 54.0 105.0 659.0 227.0 659.0 
2 5 1.86 1.86 254.0 62.0 254.0 354.0 207.0 354.0 105.0 54.0 105.0 659.0 227.0 659.0 461.0 81.0 461.0 
2 3 1.08 1.08 382.0 169.0 382.0 886.0 32.0 886.0 491.0 298.0 491.0 
2 4 1.1 1.1 382.0 169.0 382.0 886.0 32.0 886.0 491.0 298.0 491.0 398.0 9.0 398.0 
2 5 1.52 1.52 382.0 169.0 382.0 886.0 32.0 886.0 491.0 298.0 491.0 398.0 9.0 398.0 997.0 413.0 997.0 
2 6 1.59 1.59 382.0 169.0 382.0 886.0 32.0 886.0 491.0 298.0 491.0 398.0 9.0 398.0 997.0 413.0 997.0 144.0 10.0 144.0 
2 3 0.72 0.72 158.0 10.0 158.0 753.0 346.0 753.0 321.0 66.0 321.0 
2 4 1.08 1.08 158.0 10.0 158.0 753.0 346.0 753.0 321.0 66.0 321.0 221.0 79.0 221.0 
2 5 1.52 1.52 158.0 10.0 158.0 753.0 346.0 753.0 321.0 66.0 321.0 221.0 79.0 221.0 382.0 169.0 382.0 
2 3 1.71 1.71 875.0 591.0 875.0 48.0 18.0 48.0 679.0 448.0 679.0 
2 4 1.94 1.94 875.0 591.0 875.0 48.0 18.0 48.0 679.0 448.0 679.0 336.0 80.0 336.0 
2 3 1.52 1.52 754.0 264.0 754.0 236.0 126.0 236.0 383.0 245.0 383.0 
2 4 1.64 1.64 754.0 264.0 754.0 236.0 126.0 236.0 383.0 245.0 383.0 224.0 27.0 224.0 
2 3 1.54 1.54 840.0 364.0 840.0 991.0 818.0 991.0 851.0 247.0 851.0 
2 3 1.89 1.89 588.0 396.0 588.0 729.0 289.0 729.0 468.0 387.0 468.0 
2 4 1.98 1.98 588.0 396.0 588.0 729.0 289.0 729.0 468.0 387.0 468.0 190.0 16.0 190.0 
2 3 1.03 1.03 655.0 202.0 655.0 636.0 254.0 636.0 273.0 90.0 273.0 
2 4 1.07 1.07 655.0 202.0 655.0 636.0 254.0 636.0 273.0 90.0 273.0 249.0 10.0 249.0 
2 5 1.24 1.24 655.0 202.0 655.0 636.0 254.0 636.0 273.0 90.0 273.0 249.0 10.0 249.0 994.0 169.0 994.0 
2 6 1.52 1.52 655.0 202.0 655.0 636.0 254.0 636.0 273.0 90.0 273.0 249.0 10.0 249.0 994.0 169.0 994.0 375.0 103.0 375.0 
2 3 0.84 0.84 217.0 37.0 217.0 372.0 71.0 372.0 835.0 402.0 835.0 
2 4 0.95 0.95 217.0 37.0 217.0 372.0 71.0 372.0 835.0 402.0 835.0 235.0 27.0 235.0 
2 5 1.03 1.03 217.0 37.0 217.0 372.0 71.0 372.0 835.0 402.0 835.0 235.0 27.0 235.0 519.0 38.0 519.0 
2 6 1.25 1.25 217.0 37.0 217.0 372.0 71.0 372.0 835.0 402.0 835.0 235.0 27.0 235.0 519.0 38.0 519.0 480.0 109.0 480.0 
2 7 1.46 1.46 217.0 37.0 217.0 372.0 71.0 372.0 835.0 402.0 835.0 235.0 27.0 235.0 519.0 38.0 519.0 480.0 109.0 480.0 347.0 72.0 347.0 
2 8 1.47 1.47 217.0 37.0 217.0 372.0 71.0 372.0 835.0 402.0 835.0 235.0 27.0 235.0 519.0 38.0 519.0 480.0 109.0 480.0 347.0 72.0 347.0 911.0 13.0 911.0 
2 9 1.88 1.88 217.0 37.0 217.0 372.0 71.0 372.0 835.0 402.0 835.0 235.0 27.0 235.0 519.0 38.0 519.0 480.0 109.0 480.0 347.0 72.0 347.0 911.0 13.0 911.0 411.0 165.0 411.0 
2 3 1.86 1.86 263.0 179.0 263.0 947.0 323.0 947.0 481.0 405.0 481.0 
2 3 1.24 1.24 878.0 180.0 878.0 825.0 565.0 825.0 90.0 32.0 90.0 
2 4 1.63 1.63 878.0 180.0 878.0 825.0 565.0 825.0 90.0 32.0 90.0 508.0 200.0 508.0 
2 3 1.12 1.12 768.0 178.0 768.0 626.0 387.0 626.0 553.0 152.0 553.0 
2 4 1.97 1.97 768.0 178.0 768.0 626.0 387.0 626.0 553.0 152.0 553.0 588.0 502.0 588.0 
2 3 1.83 1.83 287.0 242.0 287.0 113.0 39.0 113.0 632.0 409.0 632.0 
2 3 1.4 1.4 677.0 274.0 677.0 134.0 8.0 134.0 938.0 878.0 938.0 
2 3 0.83 0.83 764.0 164.0 764.0 290.0 35.0 290.0 20.0 10.0 20.0 
2 4 1.83 1.83 764.0 164.0 764.0 290.0 35.0 290.0 20.0 10.0 20.0 204.0 203.0 204.0 
2 3 1.31 1.31 75.0 36.0 75.0 966.0 191.0 966.0 772.0 489.0 772.0 
2 4 1.52 1.52 75.0 36.0 75.0 966.0 191.0 966.0 772.0 489.0 772.0 226.0 49.0 226.0 
2 5 1.72 1.72 75.0 36.0 75.0 966.0 191.0 966.0 772.0 489.0 772.0 226.0 49.0 226.0 131.0 26.0 131.0 
2 3 1.43 1.43 938.0 467.0 938.0 1000.0 162.0 1000.0 154.0 119.0 154.0 
2 4 1.74 1.74 938.0 467.0 938.0 1000.0 162.0 1000.0 154.0 119.0 154.0 680.0 210.0 680.0 
2 3 1.17 1.17 447.0 223.0 447.0 602.0 168.0 602.0 647.0 260.0 647.0 
2 4 1.76 1.76 447.0 223.0 447.0 602.0 168.0 602.0 647.0 260.0 647.0 250.0 146.0 250.0 
2 3 1.93 1.93 533.0 229.0 533.0 525.0 323.0 525.0 951.0 845.0 951.0 
2 3 1.57 1.57 177.0 151.0 177.0 786.0 193.0 786.0 289.0 138.0 289.0 
2 3 1.54 1.54 744.0 174.0 744.0 980.0 412.0 980.0 390.0 346.0 390.0 
2 3 1.02 1.02 711.0 307.0 711.0 456.0 48.0 456.0 148.0 72.0 148.0 
2 4 1.65 1.65 711.0 307.0 711.0 456.0 48.0 456.0 148.0 72.0 148.0 648.0 411.0 648.0 
2 3 1.92 1.92 697.0 503.0 697.0 372.0 128.0 372.0 710.0 610.0 710.0 
2 3 1.23 1.23 643.0 15.0 643.0 59.0 30.0 59.0 351.0 246.0 351.0 
2 4 1.92 1.92 643.0 15.0 643.0 59.0 30.0 59.0 351.0 246.0 351.0 698.0 480.0 698.0 
2 3 1.34 1.34 756.0 636.0 756.0 44.0 14.0 44.0 189.0 36.0 189.0 
2 4 1.96 1.96 756.0 636.0 756.0 44.0 14.0 44.0 189.0 36.0 189.0 889.0 547.0 889.0 
2 5 1.99 1.99 756.0 636.0 756.0 44.0 14.0 44.0 189.0 36.0 189.0 889.0 547.0 889.0 575.0 17.0 575.0 
2 3 1.9 1.9 649.0 463.0 649.0 57.0 57.0 57.0 169.0 33.0 169.0 
2 3 0.96 0.96 966.0 30.0 966.0 988.0 711.0 988.0 548.0 115.0 548.0 
2 4 1.45 1.45 966.0 30.0 966.0 988.0 711.0 988.0 548.0 115.0 548.0 755.0 371.0 755.0 
2 3 0.52 0.52 151.0 44.0 151.0 30.0 5.0 30.0 914.0 64.0 914.0 
2 4 1.47 1.47 151.0 44.0 151.0 30.0 5.0 30.0 914.0 64.0 914.0 185.0 176.0 185.0 
2 3 1.47 1.47 996.0 213.0 996.0 877.0 457.0 877.0 679.0 501.0 679.0 
2 3 1.8 1.8 396.0 366.0 396.0 146.0 50.0 146.0 555.0 301.0 555.0 
2 3 1.43 1.43 924.0 525.0 924.0 778.0 381.0 778.0 459.0 173.0 459.0 
2 3 1.93 1.93 913.0 572.0 913.0 746.0 701.0 746.0 297.0 111.0 297.0 
2 3 0.94 0.94 416.0 63.0 416.0 31.0 7.0 31.0 49.0 28.0 49.0 
2 4 1.46 1.46 416.0 63.0 416.0 31.0 7.0 31.0 49.0 28.0 49.0 287.0 147.0 287.0 
2 5 1.95 1.95 416.0 63.0 416.0 31.0 7.0 31.0 49.0 28.0 49.0 287.0 147.0 287.0 190.0 94.0 190.0 
2 3 1.17 1.17 778.0 728.0 778.0 789.0 16.0 789.0 421.0 92.0 421.0 
2 4 1.95 1.95 778.0 728.0 778.0 789.0 16.0 789.0 421.0 92.0 421.0 858.0 666.0 858.0 
2 3 1.84 1.84 627.0 424.0 627.0 768.0 223.0 768.0 938.0 828.0 938.0 
2 3 1.01 1.01 700.0 669.0 700.0 331.0 11.0 331.0 256.0 6.0 256.0 
2 4 1.77 1.77 700.0 669.0 700.0 331.0 11.0 331.0 256.0 6.0 256.0 358.0 273.0 358.0 
2 3 1.1 1.1 726.0 255.0 726.0 860.0 306.0 860.0 954.0 381.0 954.0 
2 4 1.66 1.66 726.0 255.0 726.0 860.0 306.0 860.0 954.0 381.0 954.0 394.0 219.0 394.0 
2 5 1.85 1.85 726.0 255.0 726.0 860.0 306.0 860.0 954.0 381.0 954.0 394.0 219.0 394.0 971.0 192.0 971.0 
2 3 1.01 1.01 833.0 237.0 833.0 631.0 417.0 631.0 659.0 44.0 659.0 
2 3 1.23 1.23 58.0 4.0 58.0 93.0 78.0 93.0 837.0 272.0 837.0 
2 4 1.31 1.31 58.0 4.0 58.0 93.0 78.0 93.0 837.0 272.0 837.0 361.0 31.0 361.0 
2 5 1.58 1.58 58.0 4.0 58.0 93.0 78.0 93.0 837.0 272.0 837.0 361.0 31.0 361.0 94.0 25.0 94.0 
2 3 0.9 0.9 51.0 10.0 51.0 459.0 195.0 459.0 879.0 252.0 879.0 
2 4 0.98 0.98 51.0 10.0 51.0 459.0 195.0 459.0 879.0 252.0 879.0 429.0 33.0 429.0 
2 5 1.3 1.3 51.0 10.0 51.0 459.0 195.0 459.0 879.0 252.0 879.0 429.0 33.0 429.0 153.0 49.0 153.0 
2 3 1.51 1.51 417.0 202.0 417.0 862.0 669.0 862.0 713.0 182.0 713.0 
2 4 1.92 1.92 417.0 202.0 417.0 862.0 669.0 862.0 713.0 182.0 713.0 270.0 110.0 270.0 
2 3 1.15 1.15 373.0 77.0 373.0 672.0 340.0 672.0 183.0 81.0 183.0 
2 4 1.94 1.94 373.0 77.0 373.0 672.0 340.0 672.0 183.0 81.0 183.0 149.0 118.0 149.0 
2 3 0.77 0.77 184.0 47.0 184.0 543.0 173.0 543.0 714.0 143.0 714.0 
2 4 1.33 1.33 184.0 47.0 184.0 543.0 173.0 543.0 714.0 143.0 714.0 133.0 74.0 133.0 
2 5 1.8 1.8 184.0 47.0 184.0 543.0 173.0 543.0 714.0 143.0 714.0 133.0 74.0 133.0 236.0 113.0 236.0 
2 6 1.93 1.93 184.0 47.0 184.0 543.0 173.0 543.0 714.0 143.0 714.0 133.0 74.0 133.0 236.0 113.0 236.0 303.0 38.0 303.0 
2 3 1.98 1.98 207.0 82.0 207.0 125.0 125.0 125.0 186.0 109.0 186.0 
2 3 1.93 1.93 310.0 243.0 310.0 274.0 83.0 274.0 581.0 493.0 581.0 
2 3 1.12 1.12 991.0 751.0 991.0 613.0 47.0 613.0 884.0 259.0 884.0 
2 4 1.34 1.34 991.0 751.0 991.0 613.0 47.0 613.0 884.0 259.0 884.0 956.0 208.0 956.0 
2 3 1.04 1.04 792.0 400.0 792.0 941.0 51.0 941.0 597.0 289.0 597.0 
2 4 1.13 1.13 792.0 400.0 792.0 941.0 51.0 941.0 597.0 289.0 597.0 963.0 90.0 963.0 
2 5 1.47 1.47 792.0 400.0 792.0 941.0 51.0 941.0 597.0 289.0 597.0 963.0 90.0 963.0 142.0 48.0 142.0 
2 3 1.24 1.24 346.0 258.0 346.0 864.0 188.0 864.0 207.0 58.0 207.0 
2 4 1.55 1.55 346.0 258.0 346.0 864.0 188.0 864.0 207.0 58.0 207.0 45.0 14.0 45.0 
2 5 1.91 1.91 346.0 258.0 346.0 864.0 188.0 864.0 207.0 58.0 207.0 45.0 14.0 45.0 629.0 227.0 629.0 
2 3 1.08 1.08 27.0 19.0 27.0 294.0 107.0 294.0 900.0 18.0 900.0 
2 4 1.84 1.84 27.0 19.0 27.0 294.0 107.0 294.0 900.0 18.0 900.0 642.0 489.0 642.0 
2 3 0.98 0.98 566.0 224.0 566.0 672.0 169.0 672.0 268.0 90.0 268.0 
2 4 1.91 1.91 566.0 224.0 566.0 672.0 169.0 672.0 268.0 90.0 268.0 730.0 683.0 730.0 
2 3 1.19 1.19 454.0 282.0 454.0 612.0 218.0 612.0 823.0 180.0 823.0 
2 4 1.46 1.46 454.0 282.0 454.0 612.0 218.0 612.0 823.0 180.0 823.0 840.0 230.0 840.0 
2 5 1.8 1.8 454.0 282.0 454.0 612.0 218.0 612.0 823.0 180.0 823.0 840.0 230.0 840.0 409.0 139.0 409.0 
2 3 1.24 1.24 672.0 249.0 672.0 809.0 511.0 809.0 171.0 41.0 171.0 
2 3 0.68 0.68 899.0 323.0 899.0 263.0 22.0 263.0 821.0 199.0 821.0 
2 4 1.62 1.62 899.0 323.0 899.0 263.0 22.0 263.0 821.0 199.0 821.0 189.0 177.0 189.0 
2 5 1.8 1.8 899.0 323.0 899.0 263.0 22.0 263.0 821.0 199.0 821.0 189.0 177.0 189.0 925.0 171.0 925.0 
2 3 1.64 1.64 635.0 446.0 635.0 298.0 181.0 298.0 27.0 9.0 27.0 
2 3 1.55 1.55 830.0 220.0 830.0 338.0 150.0 338.0 517.0 436.0 517.0 
2 4 1.81 1.81 830.0 220.0 830.0 338.0 150.0 338.0 517.0 436.0 517.0 399.0 103.0 399.0 
2 3 1.22 1.22 62.0 7.0 62.0 381.0 58.0 381.0 500.0 481.0 500.0 
2 4 1.47 1.47 62.0 7.0 62.0 381.0 58.0 381.0 500.0 481.0 500.0 144.0 35.0 144.0 
2 3 0.94 0.94 595.0 215.0 595.0 123.0 26.0 123.0 515.0 191.0 515.0 
2 4 1.12 1.12 595.0 215.0 595.0 123.0 26.0 123.0 515.0 191.0 515.0 621.0 115.0 621.0 
2 5 1.64 1.64 595.0 215.0 595.0 123.0 26.0 123.0 515.0 191.0 515.0 621.0 115.0 621.0 688.0 353.0 688.0 
2 6 1.7 1.7 595.0 215.0 595.0 123.0 26.0 123.0 515.0 191.0 515.0 621.0 115.0 621.0 688.0 353.0 688.0 930.0 56.0 930.0 
2 3 1.23 1.23 79.0 52.0 79.0 797.0 351.0 797.0 716.0 95.0 716.0 
2 4 1.51 1.51 79.0 52.0 79.0 797.0 351.0 797.0 716.0 95.0 716.0 656.0 187.0 656.0 
2 5 1.99 1.99 79.0 52.0 79.0 797.0 351.0 797.0 716.0 95.0 716.0 656.0 187.0 656.0 154.0 73.0 154.0 
2 3 1.55 1.55 77.0 24.0 77.0 327.0 212.0 327.0 570.0 339.0 570.0 
2 3 1.79 1.79 648.0 331.0 648.0 835.0 777.0 835.0 585.0 205.0 585.0 
2 3 0.78 0.78 112.0 36.0 112.0 946.0 355.0 946.0 281.0 25.0 281.0 
2 4 1.32 1.32 112.0 36.0 112.0 946.0 355.0 946.0 281.0 25.0 281.0 479.0 257.0 479.0 
2 5 1.42 1.42 112.0 36.0 112.0 946.0 355.0 946.0 281.0 25.0 281.0 479.0 257.0 479.0 50.0 5.0 50.0 
2 3 1.2 1.2 108.0 19.0 108.0 614.0 359.0 614.0 443.0 196.0 443.0 
2 4 1.3 1.3 108.0 19.0 108.0 614.0 359.0 614.0 443.0 196.0 443.0 895.0 89.0 895.0 
2 5 1.64 1.64 108.0 19.0 108.0 614.0 359.0 614.0 443.0 196.0 443.0 895.0 89.0 895.0 741.0 252.0 741.0 
2 3 1.25 1.25 695.0 367.0 695.0 191.0 75.0 191.0 295.0 99.0 295.0 
2 3 1.35 1.35 603.0 272.0 603.0 117.0 59.0 117.0 111.0 44.0 111.0 
2 4 1.72 1.72 603.0 272.0 603.0 117.0 59.0 117.0 111.0 44.0 111.0 198.0 74.0 198.0 
2 3 0.44 0.44 104.0 21.0 104.0 114.0 19.0 114.0 968.0 71.0 968.0 
2 4 0.69 0.69 104.0 21.0 104.0 114.0 19.0 114.0 968.0 71.0 968.0 559.0 140.0 559.0 
2 5 1.63 1.63 104.0 21.0 104.0 114.0 19.0 114.0 968.0 71.0 968.0 559.0 140.0 559.0 604.0 572.0 604.0 
2 6 1.87 1.87 104.0 21.0 104.0 114.0 19.0 114.0 968.0 71.0 968.0 559.0 140.0 559.0 604.0 572.0 604.0 600.0 143.0 600.0 
2 3 1.65 1.65 865.0 667.0 865.0 394.0 43.0 394.0 208.0 161.0 208.0 
2 4 1.79 1.79 865.0 667.0 865.0 394.0 43.0 394.0 208.0 161.0 208.0 608.0 83.0 608.0 
2 3 1.7 1.7 576.0 287.0 576.0 769.0 709.0 769.0 472.0 136.0 472.0 
2 3 1.42 1.42 256.0 118.0 256.0 301.0 154.0 301.0 373.0 169.0 373.0 
2 3 1.07 1.07 723.0 26.0 723.0 261.0 190.0 261.0 195.0 60.0 195.0 
2 4 1.48 1.48 723.0 26.0 723.0 261.0 190.0 261.0 195.0 60.0 195.0 711.0 297.0 711.0 
2 5 1.93 1.93 723.0 26.0 723.0 261.0 190.0 261.0 195.0 60.0 195.0 711.0 297.0 711.0 262.0 118.0 262.0 
2 3 1.76 1.76 445.0 180.0 445.0 250.0 123.0 250.0 30.0 26.0 30.0 
2 3 1.69 1.69 358.0 153.0 358.0 869.0 381.0 869.0 996.0 826.0 996.0 
2 3 1.51 1.51 61.0 35.0 61.0 427.0 152.0 427.0 588.0 342.0 588.0 
2 4 1.72 1.72 61.0 35.0 61.0 427.0 152.0 427.0 588.0 342.0 588.0 406.0 86.0 406.0 
2 3 1.06 1.06 354.0 16.0 354.0 742.0 47.0 742.0 977.0 938.0 977.0 
2 4 1.63 1.63 354.0 16.0 354.0 742.0 47.0 742.0 977.0 938.0 977.0 574.0 325.0 574.0 
2 3 1.87 1.87 294.0 272.0 294.0 218.0 58.0 218.0 317.0 218.0 317.0 
2 3 0.95 0.95 7.0 3.0 7.0 684.0 243.0 684.0 418.0 73.0 418.0 
2 4 1.21 1.21 7.0 3.0 7.0 684.0 243.0 684.0 418.0 73.0 418.0 784.0 204.0 784.0 
2 5 1.35 1.35 7.0 3.0 7.0 684.0 243.0 684.0 418.0 73.0 418.0 784.0 204.0 784.0 241.0 32.0 241.0 
2 6 1.89 1.89 7.0 3.0 7.0 684.0 243.0 684.0 418.0 73.0 418.0 784.0 204.0 784.0 241.0 32.0 241.0 199.0 108.0 199.0 
2 3 1.32 1.32 397.0 121.0 397.0 820.0 396.0 820.0 898.0 486.0 898.0 
2 3 1.04 1.04 349.0 145.0 349.0 174.0 2.0 174.0 534.0 331.0 534.0 
2 4 1.05 1.05 349.0 145.0 349.0 174.0 2.0 174.0 534.0 331.0 534.0 584.0 7.0 584.0 
2 5 1.49 1.49 349.0 145.0 349.0 174.0 2.0 174.0 534.0 331.0 534.0 584.0 7.0 584.0 688.0 299.0 688.0 
2 3 0.51 0.51 603.0 52.0 603.0 608.0 39.0 608.0 355.0 131.0 355.0 
2 4 0.98 0.98 603.0 52.0 603.0 608.0 39.0 608.0 355.0 131.0 355.0 533.0 250.0 533.0 
2 5 1.91 1.91 603.0 52.0 603.0 608.0 39.0 608.0 355.0 131.0 355.0 533.0 250.0 533.0 64.0 59.0 64.0 
2 3 1.08 1.08 618.0 152.0 618.0 376.0 123.0 376.0 549.0 279.0 549.0 
2 4 1.62 1.62 618.0 152.0 618.0 376.0 123.0 376.0 549.0 279.0 549.0 237.0 130.0 237.0 
2 5 1.8 1.8 618.0 152.0 618.0 376.0 123.0 376.0 549.0 279.0 549.0 237.0 130.0 237.0 185.0 33.0 185.0 
2 3 1.7 1.7 171.0 128.0 171.0 535.0 69.0 535.0 586.0 486.0 586.0 
2 3 1.19 1.19 484.0 51.0 484.0 877.0 690.0 877.0 237.0 72.0 237.0 
2 4 1.51 1.51 484.0 51.0 484.0 877.0 690.0 877.0 237.0 72.0 237.0 585.0 184.0 585.0 
2 3 1.59 1.59 338.0 112.0 338.0 320.0 276.0 320.0 422.0 171.0 422.0 
2 3 1.61 1.61 200.0 119.0 200.0 47.0 5.0 47.0 418.0 382.0 418.0 
2 3 1.0 1.0 749.0 249.0 749.0 334.0 78.0 334.0 982.0 428.0 982.0 
2 4 1.8 1.8 749.0 249.0 749.0 334.0 78.0 334.0 982.0 428.0 982.0 943.0 762.0 943.0 
2 3 1.9 1.9 498.0 189.0 498.0 266.0 191.0 266.0 31.0 25.0 31.0 
2 3 0.72 0.72 570.0 190.0 570.0 757.0 150.0 757.0 398.0 78.0 398.0 
2 4 1.25 1.25 570.0 190.0 570.0 757.0 150.0 757.0 398.0 78.0 398.0 714.0 380.0 714.0 
2 5 1.59 1.59 570.0 190.0 570.0 757.0 150.0 757.0 398.0 78.0 398.0 714.0 380.0 714.0 808.0 272.0 808.0 
2 6 1.63 1.63 570.0 190.0 570.0 757.0 150.0 757.0 398.0 78.0 398.0 714.0 380.0 714.0 808.0 272.0 808.0 516.0 19.0 516.0 
2 3 0.95 0.95 663.0 342.0 663.0 958.0 229.0 958.0 674.0 136.0 674.0 
2 4 1.1 1.1 663.0 342.0 663.0 958.0 229.0 958.0 674.0 136.0 674.0 130.0 19.0 130.0 
2 5 1.29 1.29 663.0 342.0 663.0 958.0 229.0 958.0 674.0 136.0 674.0 130.0 19.0 130.0 66.0 13.0 66.0 
2 3 1.7 1.7 748.0 218.0 748.0 468.0 221.0 468.0 841.0 793.0 841.0 
2 3 1.81 1.81 6.0 5.0 6.0 219.0 135.0 219.0 348.0 126.0 348.0 
2 4 1.99 1.99 6.0 5.0 6.0 219.0 135.0 219.0 348.0 126.0 348.0 663.0 123.0 663.0 
2 3 1.92 1.92 18.0 3.0 18.0 340.0 285.0 340.0 666.0 610.0 666.0 
2 3 1.65 1.65 415.0 72.0 415.0 842.0 732.0 842.0 664.0 405.0 664.0 
2 3 1.23 1.23 986.0 298.0 986.0 51.0 20.0 51.0 874.0 473.0 874.0 
2 4 1.77 1.77 986.0 298.0 986.0 51.0 20.0 51.0 874.0 473.0 874.0 434.0 232.0 434.0 
2 3 0.72 0.72 959.0 383.0 959.0 452.0 66.0 452.0 297.0 54.0 297.0 
2 4 1.56 1.56 959.0 383.0 959.0 452.0 66.0 452.0 297.0 54.0 297.0 331.0 276.0 331.0 
2 3 1.71 1.71 521.0 307.0 521.0 146.0 140.0 146.0 309.0 51.0 309.0 
2 3 1.0 1.0 383.0 76.0 383.0 158.0 75.0 158.0 732.0 245.0 732.0 
2 4 1.63 1.63 383.0 76.0 383.0 158.0 75.0 158.0 732.0 245.0 732.0 8.0 5.0 8.0 
2 3 1.29 1.29 315.0 183.0 315.0 717.0 12.0 717.0 679.0 474.0 679.0 
2 3 1.82 1.82 385.0 22.0 385.0 212.0 177.0 212.0 475.0 443.0 475.0 
2 3 1.08 1.08 479.0 52.0 479.0 107.0 68.0 107.0 174.0 60.0 174.0 
2 4 1.16 1.16 479.0 52.0 479.0 107.0 68.0 107.0 174.0 60.0 174.0 38.0 3.0 38.0 
2 5 1.58 1.58 479.0 52.0 479.0 107.0 68.0 107.0 174.0 60.0 174.0 38.0 3.0 38.0 888.0 369.0 888.0 
2 3 0.9 0.9 636.0 338.0 636.0 719.0 1.0 719.0 332.0 124.0 332.0 
2 4 1.35 1.35 636.0 338.0 636.0 719.0 1.0 719.0 332.0 124.0 332.0 664.0 299.0 664.0 
2 3 0.96 0.96 998.0 56.0 998.0 70.0 8.0 70.0 425.0 338.0 425.0 
2 4 1.61 1.61 998.0 56.0 998.0 70.0 8.0 70.0 425.0 338.0 425.0 456.0 297.0 456.0 
2 5 1.95 1.95 998.0 56.0 998.0 70.0 8.0 70.0 425.0 338.0 425.0 456.0 297.0 456.0 262.0 88.0 262.0 
2 3 1.29 1.29 414.0 241.0 414.0 326.0 136.0 326.0 637.0 189.0 637.0 
2 3 1.19 1.19 744.0 58.0 744.0 169.0 59.0 169.0 741.0 570.0 741.0 
2 4 1.66 1.66 744.0 58.0 744.0 169.0 59.0 169.0 741.0 570.0 741.0 836.0 388.0 836.0 
2 3 0.84 0.84 593.0 1.0 593.0 588.0 287.0 588.0 417.0 150.0 417.0 
2 4 1.13 1.13 593.0 1.0 593.0 588.0 287.0 588.0 417.0 150.0 417.0 864.0 249.0 864.0 
2 5 1.28 1.28 593.0 1.0 593.0 588.0 287.0 588.0 417.0 150.0 417.0 864.0 249.0 864.0 758.0 114.0 758.0 
2 6 1.52 1.52 593.0 1.0 593.0 588.0 287.0 588.0 417.0 150.0 417.0 864.0 249.0 864.0 758.0 114.0 758.0 232.0 54.0 232.0 
2 7 1.65 1.65 593.0 1.0 593.0 588.0 287.0 588.0 417.0 150.0 417.0 864.0 249.0 864.0 758.0 114.0 758.0 232.0 54.0 232.0 38.0 5.0 38.0 
2 3 0.8 0.8 11.0 6.0 11.0 907.0 150.0 907.0 518.0 51.0 518.0 
2 4 1.17 1.17 11.0 6.0 11.0 907.0 150.0 907.0 518.0 51.0 518.0 842.0 305.0 842.0 
2 5 1.56 1.56 11.0 6.0 11.0 907.0 150.0 907.0 518.0 51.0 518.0 842.0 305.0 842.0 33.0 13.0 33.0 
2 6 1.98 1.98 11.0 6.0 11.0 907.0 150.0 907.0 518.0 51.0 518.0 842.0 305.0 842.0 33.0 13.0 33.0 441.0 186.0 441.0 
2 3 1.92 1.92 562.0 230.0 562.0 677.0 668.0 677.0 182.0 96.0 182.0 
2 3 1.69 1.69 944.0 520.0 944.0 571.0 234.0 571.0 698.0 514.0 698.0 
2 3 1.76 1.76 853.0 790.0 853.0 178.0 134.0 178.0 810.0 68.0 810.0 
2 3 1.5 1.5 355.0 159.0 355.0 932.0 836.0 932.0 624.0 101.0 624.0 
2 4 1.57 1.57 355.0 159.0 355.0 932.0 836.0 932.0 624.0 101.0 624.0 431.0 30.0 431.0 
2 3 1.94 1.94 67.0 65.0 67.0 178.0 124.0 178.0 168.0 46.0 168.0 
2 3 1.09 1.09 540.0 20.0 540.0 626.0 505.0 626.0 470.0 120.0 470.0 
2 3 1.47 1.47 610.0 358.0 610.0 500.0 260.0 500.0 838.0 308.0 838.0 
2 3 1.48 1.48 229.0 26.0 229.0 29.0 23.0 29.0 293.0 170.0 293.0 
2 3 1.27 1.27 545.0 373.0 545.0 526.0 308.0 526.0 119.0 1.0 119.0 
2 4 1.33 1.33 545.0 373.0 545.0 526.0 308.0 526.0 119.0 1.0 119.0 635.0 37.0 635.0 
2 5 1.59 1.59 545.0 373.0 545.0 526.0 308.0 526.0 119.0 1.0 119.0 635.0 37.0 635.0 209.0 54.0 209.0 
2 3 0.9 0.9 2.0 1.0 2.0 41.0 15.0 41.0 314.0 11.0 314.0 
2 4 1.25 1.25 2.0 1.0 2.0 41.0 15.0 41.0 314.0 11.0 314.0 65.0 23.0 65.0 
2 5 1.89 1.89 2.0 1.0 2.0 41.0 15.0 41.0 314.0 11.0 314.0 65.0 23.0 65.0 413.0 264.0 413.0 
2 3 1.61 1.61 80.0 52.0 80.0 242.0 12.0 242.0 426.0 391.0 426.0 
2 3 0.84 0.84 722.0 272.0 722.0 508.0 183.0 508.0 848.0 91.0 848.0 
2 4 0.96 0.96 722.0 272.0 722.0 508.0 183.0 508.0 848.0 91.0 848.0 906.0 111.0 906.0 
2 5 1.19 1.19 722.0 272.0 722.0 508.0 183.0 508.0 848.0 91.0 848.0 906.0 111.0 906.0 160.0 36.0 160.0 
2 6 1.53 1.53 722.0 272.0 722.0 508.0 183.0 508.0 848.0 91.0 848.0 906.0 111.0 906.0 160.0 36.0 160.0 164.0 57.0 164.0 
2 7 1.86 1.86 722.0 272.0 722.0 508.0 183.0 508.0 848.0 91.0 848.0 906.0 111.0 906.0 160.0 36.0 160.0 164.0 57.0 164.0 417.0 137.0 417.0 
2 3 1.46 1.46 926.0 294.0 926.0 380.0 104.0 380.0 396.0 347.0 396.0 
2 4 1.6 1.6 926.0 294.0 926.0 380.0 104.0 380.0 396.0 347.0 396.0 44.0 6.0 44.0 
2 5 1.64 1.64 926.0 294.0 926.0 380.0 104.0 380.0 396.0 347.0 396.0 44.0 6.0 44.0 70.0 3.0 70.0 
2 6 1.84 1.84 926.0 294.0 926.0 380.0 104.0 380.0 396.0 347.0 396.0 44.0 6.0 44.0 70.0 3.0 70.0 908.0 178.0 908.0 
2 3 0.93 0.93 904.0 16.0 904.0 659.0 406.0 659.0 147.0 44.0 147.0 
2 4 1.09 1.09 904.0 16.0 904.0 659.0 406.0 659.0 147.0 44.0 147.0 356.0 59.0 356.0 
2 5 1.33 1.33 904.0 16.0 904.0 659.0 406.0 659.0 147.0 44.0 147.0 356.0 59.0 356.0 438.0 105.0 438.0 
2 6 1.65 1.65 904.0 16.0 904.0 659.0 406.0 659.0 147.0 44.0 147.0 356.0 59.0 356.0 438.0 105.0 438.0 222.0 70.0 222.0 
2 7 1.72 1.72 904.0 16.0 904.0 659.0 406.0 659.0 147.0 44.0 147.0 356.0 59.0 356.0 438.0 105.0 438.0 222.0 70.0 222.0 290.0 22.0 290.0 
2 3 1.07 1.07 151.0 2.0 151.0 602.0 473.0 602.0 97.0 27.0 97.0 
2 4 1.79 1.79 151.0 2.0 151.0 602.0 473.0 602.0 97.0 27.0 97.0 437.0 312.0 437.0 
2 3 0.38 0.38 955.0 279.0 955.0 952.0 2.0 952.0 345.0 31.0 345.0 
2 4 1.17 1.17 955.0 279.0 955.0 952.0 2.0 952.0 345.0 31.0 345.0 985.0 781.0 985.0 
2 5 1.78 1.78 955.0 279.0 955.0 952.0 2.0 952.0 345.0 31.0 345.0 985.0 781.0 985.0 310.0 189.0 310.0 
2 6 1.88 1.88 955.0 279.0 955.0 952.0 2.0 952.0 345.0 31.0 345.0 985.0 781.0 985.0 310.0 189.0 310.0 945.0 91.0 945.0 
2 3 1.76 1.76 840.0 322.0 840.0 257.0 105.0 257.0 348.0 340.0 348.0 
2 3 1.27 1.27 397.0 169.0 397.0 853.0 302.0 853.0 126.0 62.0 126.0 
2 4 1.81 1.81 397.0 169.0 397.0 853.0 302.0 853.0 126.0 62.0 126.0 74.0 40.0 74.0 
2 3 1.35 1.35 708.0 98.0 708.0 603.0 229.0 603.0 401.0 336.0 401.0 
2 3 1.89 1.89 813.0 543.0 813.0 273.0 178.0 273.0 992.0 573.0 992.0 
2 3 1.44 1.44 570.0 30.0 570.0 719.0 354.0 719.0 93.0 84.0 93.0 
2 3 1.34 1.34 990.0 725.0 990.0 41.0 24.0 41.0 96.0 3.0 96.0 
2 4 1.8 1.8 990.0 725.0 990.0 41.0 24.0 41.0 96.0 3.0 96.0 353.0 161.0 353.0 
2 3 0.75 0.75 593.0 189.0 593.0 459.0 25.0 459.0 34.0 13.0 34.0 
2 4 1.73 1.73 593.0 189.0 593.0 459.0 25.0 459.0 34.0 13.0 34.0 61.0 60.0 61.0 
2 3 0.64 0.64 702.0 33.0 702.0 738.0 236.0 738.0 640.0 177.0 640.0 
2 4 0.68 0.68 702.0 33.0 702.0 738.0 236.0 738.0 640.0 177.0 640.0 589.0 26.0 589.0 
2 5 1.21 1.21 702.0 33.0 702.0 738.0 236.0 738.0 640.0 177.0 640.0 589.0 26.0 589.0 130.0 69.0 130.0 
2 3 1.94 1.94 974.0 620.0 974.0 166.0 83.0 166.0 252.0 204.0 252.0 
2 3 1.55 1.55 565.0 209.0 565.0 872.0 770.0 872.0 843.0 254.0 843.0 
2 3 1.32 1.32 867.0 256.0 867.0 263.0 248.0 263.0 946.0 78.0 946.0 
2 3 1.34 1.34 215.0 112.0 215.0 553.0 103.0 553.0 380.0 243.0 380.0 
2 3 1.62 1.62 723.0 203.0 723.0 775.0 447.0 775.0 268.0 205.0 268.0 
2 4 1.64 1.64 723.0 203.0 723.0 775.0 447.0 775.0 268.0 205.0 268.0 729.0 15.0 729.0 
2 3 0.74 0.74 353.0 12.0 353.0 25.0 1.0 25.0 207.0 139.0 207.0 
2 4 1.11 1.11 353.0 12.0 353.0 25.0 1.0 25.0 207.0 139.0 207.0 308.0 114.0 308.0 
2 5 1.17 1.17 353.0 12.0 353.0 25.0 1.0 25.0 207.0 139.0 207.0 308.0 114.0 308.0 385.0 22.0 385.0 
2 6 1.62 1.62 353.0 12.0 353.0 25.0 1.0 25.0 207.0 139.0 207.0 308.0 114.0 308.0 385.0 22.0 385.0 53.0 24.0 53.0 
2 7 1.93 1.93 353.0 12.0 353.0 25.0 1.0 25.0 207.0 139.0 207.0 308.0 114.0 308.0 385.0 22.0 385.0 53.0 24.0 53.0 905.0 283.0 905.0 
2 3 1.24 1.24 155.0 73.0 155.0 802.0 514.0 802.0 411.0 54.0 411.0 
2 4 1.36 1.36 155.0 73.0 155.0 802.0 514.0 802.0 411.0 54.0 411.0 368.0 43.0 368.0 
2 5 1.84 1.84 155.0 73.0 155.0 802.0 514.0 802.0 411.0 54.0 411.0 368.0 43.0 368.0 378.0 182.0 378.0 
2 3 1.31 1.31 6.0 2.0 6.0 329.0 103.0 329.0 241.0 161.0 241.0 
2 4 1.67 1.67 6.0 2.0 6.0 329.0 103.0 329.0 241.0 161.0 241.0 455.0 163.0 455.0 
2 5 1.79 1.79 6.0 2.0 6.0 329.0 103.0 329.0 241.0 161.0 241.0 455.0 163.0 455.0 515.0 64.0 515.0 
2 3 1.11 1.11 192.0 84.0 192.0 570.0 65.0 570.0 685.0 385.0 685.0 
2 4 1.35 1.35 192.0 84.0 192.0 570.0 65.0 570.0 685.0 385.0 685.0 687.0 163.0 687.0 
2 5 1.72 1.72 192.0 84.0 192.0 570.0 65.0 570.0 685.0 385.0 685.0 687.0 163.0 687.0 319.0 120.0 319.0 
2 3 1.66 1.66 667.0 568.0 667.0 148.0 80.0 148.0 679.0 187.0 679.0 
2 4 1.96 1.96 667.0 568.0 667.0 148.0 80.0 148.0 679.0 187.0 679.0 252.0 76.0 252.0 
2 3 1.15 1.15 25.0 12.0 25.0 108.0 4.0 108.0 550.0 353.0 550.0 
2 4 1.91 1.91 25.0 12.0 25.0 108.0 4.0 108.0 550.0 353.0 550.0 229.0 174.0 229.0 
2 3 1.86 1.86 520.0 499.0 520.0 149.0 121.0 149.0 218.0 20.0 218.0 
2 3 1.41 1.41 850.0 169.0 850.0 601.0 506.0 601.0 769.0 284.0 769.0 
2 3 1.41 1.41 870.0 680.0 870.0 166.0 35.0 166.0 237.0 100.0 237.0 
2 3 1.8 1.8 839.0 737.0 839.0 193.0 49.0 193.0 931.0 630.0 931.0 
2 3 1.96 1.96 342.0 318.0 342.0 645.0 48.0 645.0 708.0 677.0 708.0 
2 3 1.8 1.8 162.0 161.0 162.0 378.0 4.0 378.0 918.0 737.0 918.0 
2 3 1.88 1.88 221.0 66.0 221.0 349.0 261.0 349.0 133.0 111.0 133.0 
2 3 1.42 1.42 980.0 436.0 980.0 751.0 173.0 751.0 355.0 265.0 355.0 
2 4 1.5 1.5 980.0 436.0 980.0 751.0 173.0 751.0 355.0 265.0 355.0 366.0 29.0 366.0 
2 5 1.65 1.65 980.0 436.0 980.0 751.0 173.0 751.0 355.0 265.0 355.0 366.0 29.0 366.0 233.0 37.0 233.0 
2 3 1.65 1.65 938.0 878.0 938.0 281.0 115.0 281.0 982.0 303.0 982.0 
2 3 0.59 0.59 301.0 89.0 301.0 846.0 223.0 846.0 528.0 21.0 528.0 
2 4 1.12 1.12 301.0 89.0 301.0 846.0 223.0 846.0 528.0 21.0 528.0 362.0 189.0 362.0 
2 5 1.42 1.42 301.0 89.0 301.0 846.0 223.0 846.0 528.0 21.0 528.0 362.0 189.0 362.0 297.0 90.0 297.0 
2 3 1.56 1.56 432.0 69.0 432.0 583.0 378.0 583.0 978.0 742.0 978.0 
2 3 1.08 1.08 643.0 23.0 643.0 172.0 74.0 172.0 261.0 162.0 261.0 
2 4 1.38 1.38 643.0 23.0 643.0 172.0 74.0 172.0 261.0 162.0 261.0 800.0 236.0 800.0 
2 5 1.88 1.88 643.0 23.0 643.0 172.0 74.0 172.0 261.0 162.0 261.0 800.0 236.0 800.0 563.0 283.0 563.0 
2 3 1.37 1.37 801.0 40.0 801.0 863.0 318.0 863.0 753.0 722.0 753.0 
2 4 1.43 1.43 801.0 40.0 801.0 863.0 318.0 863.0 753.0 722.0 753.0 18.0 1.0 18.0 
2 5 1.74 1.74 801.0 40.0 801.0 863.0 318.0 863.0 753.0 722.0 753.0 18.0 1.0 18.0 51.0 16.0 51.0 
2 3 1.04 1.04 889.0 304.0 889.0 492.0 113.0 492.0 188.0 89.0 188.0 
2 4 1.31 1.31 889.0 304.0 889.0 492.0 113.0 492.0 188.0 89.0 188.0 624.0 169.0 624.0 
2 3 1.04 1.04 591.0 178.0 591.0 182.0 53.0 182.0 240.0 109.0 240.0 
2 3 1.97 1.97 457.0 61.0 457.0 141.0 130.0 141.0 288.0 265.0 288.0 
2 3 1.7 1.7 430.0 355.0 430.0 475.0 367.0 475.0 29.0 3.0 29.0 
2 4 1.72 1.72 430.0 355.0 430.0 475.0 367.0 475.0 29.0 3.0 29.0 41.0 1.0 41.0 
2 3 0.92 0.92 725.0 402.0 725.0 514.0 104.0 514.0 241.0 40.0 241.0 
2 4 1.82 1.82 725.0 402.0 725.0 514.0 104.0 514.0 241.0 40.0 241.0 50.0 45.0 50.0 
2 3 1.09 1.09 88.0 46.0 88.0 187.0 34.0 187.0 648.0 252.0 648.0 
2 4 1.61 1.61 88.0 46.0 88.0 187.0 34.0 187.0 648.0 252.0 648.0 608.0 319.0 608.0 
2 5 1.76 1.76 88.0 46.0 88.0 187.0 34.0 187.0 648.0 252.0 648.0 608.0 319.0 608.0 974.0 145.0 974.0 
2 3 1.45 1.45 676.0 393.0 676.0 969.0 788.0 969.0 755.0 46.0 755.0 
2 3 1.42 1.42 727.0 244.0 727.0 220.0 120.0 220.0 692.0 375.0 692.0 
2 4 1.84 1.84 727.0 244.0 727.0 220.0 120.0 220.0 692.0 375.0 692.0 875.0 373.0 875.0 
2 3 1.1 1.1 745.0 639.0 745.0 650.0 93.0 650.0 141.0 14.0 141.0 
2 4 1.53 1.53 745.0 639.0 745.0 650.0 93.0 650.0 141.0 14.0 141.0 498.0 217.0 498.0 
2 5 1.9 1.9 745.0 639.0 745.0 650.0 93.0 650.0 141.0 14.0 141.0 498.0 217.0 498.0 375.0 137.0 375.0 
2 3 1.21 1.21 258.0 183.0 258.0 806.0 293.0 806.0 64.0 9.0 64.0 
2 3 1.17 1.17 307.0 24.0 307.0 189.0 32.0 189.0 235.0 218.0 235.0 
2 4 1.7 1.7 307.0 24.0 307.0 189.0 32.0 189.0 235.0 218.0 235.0 51.0 27.0 51.0 
2 5 1.76 1.76 307.0 24.0 307.0 189.0 32.0 189.0 235.0 218.0 235.0 51.0 27.0 51.0 36.0 2.0 36.0 
2 3 1.37 1.37 223.0 170.0 223.0 734.0 203.0 734.0 687.0 229.0 687.0 
2 4 1.41 1.41 223.0 170.0 223.0 734.0 203.0 734.0 687.0 229.0 687.0 859.0 39.0 859.0 
2 3 1.86 1.86 807.0 485.0 807.0 698.0 397.0 698.0 794.0 555.0 794.0 
2 3 1.75 1.75 992.0 868.0 992.0 271.0 199.0 271.0 495.0 70.0 495.0 
2 4 1.81 1.81 992.0 868.0 992.0 271.0 199.0 271.0 495.0 70.0 495.0 340.0 23.0 340.0 
2 3 1.4 1.4 613.0 258.0 613.0 505.0 91.0 505.0 260.0 208.0 260.0 
2 4 1.79 1.79 613.0 258.0 613.0 505.0 91.0 505.0 260.0 208.0 260.0 166.0 65.0 166.0 
2 3 1.35 1.35 302.0 49.0 302.0 890.0 454.0 890.0 507.0 347.0 507.0 
2 3 0.71 0.71 778.0 90.0 778.0 931.0 445.0 931.0 355.0 42.0 355.0 
2 4 0.91 0.91 778.0 90.0 778.0 931.0 445.0 931.0 355.0 42.0 355.0 25.0 5.0 25.0 
2 5 1.81 1.81 778.0 90.0 778.0 931.0 445.0 931.0 355.0 42.0 355.0 25.0 5.0 25.0 631.0 571.0 631.0 
2 6 1.94 1.94 778.0 90.0 778.0 931.0 445.0 931.0 355.0 42.0 355.0 25.0 5.0 25.0 631.0 571.0 631.0 704.0 91.0 704.0 
2 3 1.8 1.8 940.0 538.0 940.0 724.0 598.0 724.0 821.0 331.0 821.0 
2 3 1.95 1.95 117.0 105.0 117.0 544.0 450.0 544.0 856.0 196.0 856.0 
2 3 1.44 1.44 884.0 98.0 884.0 632.0 363.0 632.0 173.0 132.0 173.0 
2 4 1.83 1.83 884.0 98.0 884.0 632.0 363.0 632.0 173.0 132.0 173.0 472.0 183.0 472.0 
2 5 1.89 1.89 884.0 98.0 884.0 632.0 363.0 632.0 173.0 132.0 173.0 472.0 183.0 472.0 985.0 56.0 985.0 
2 3 1.76 1.76 483.0 417.0 483.0 129.0 45.0 129.0 171.0 95.0 171.0 
2 3 1.79 1.79 450.0 270.0 450.0 940.0 264.0 940.0 639.0 581.0 639.0 
2 3 0.93 0.93 583.0 375.0 583.0 583.0 73.0 583.0 202.0 33.0 202.0 
2 4 1.33 1.33 583.0 375.0 583.0 583.0 73.0 583.0 202.0 33.0 202.0 30.0 12.0 30.0 
2 5 1.45 1.45 583.0 375.0 583.0 583.0 73.0 583.0 202.0 33.0 202.0 30.0 12.0 30.0 166.0 20.0 166.0 
2 6 1.94 1.94 583.0 375.0 583.0 583.0 73.0 583.0 202.0 33.0 202.0 30.0 12.0 30.0 166.0 20.0 166.0 818.0 402.0 818.0 
2 3 0.59 0.59 325.0 10.0 325.0 684.0 137.0 684.0 22.0 8.0 22.0 
2 4 0.75 0.75 325.0 10.0 325.0 684.0 137.0 684.0 22.0 8.0 22.0 425.0 70.0 425.0 
2 5 1.07 1.07 325.0 10.0 325.0 684.0 137.0 684.0 22.0 8.0 22.0 425.0 70.0 425.0 357.0 112.0 357.0 
2 6 1.24 1.24 325.0 10.0 325.0 684.0 137.0 684.0 22.0 8.0 22.0 425.0 70.0 425.0 357.0 112.0 357.0 709.0 120.0 709.0 
2 7 1.92 1.92 325.0 10.0 325.0 684.0 137.0 684.0 22.0 8.0 22.0 425.0 70.0 425.0 357.0 112.0 357.0 709.0 120.0 709.0 903.0 620.0 903.0 
2 3 1.6 1.6 541.0 182.0 541.0 378.0 347.0 378.0 347.0 120.0 347.0 
2 3 1.4 1.4 604.0 164.0 604.0 853.0 692.0 853.0 270.0 88.0 270.0 
2 4 1.7 1.7 604.0 164.0 604.0 853.0 692.0 853.0 270.0 88.0 270.0 972.0 292.0 972.0 
2 3 0.67 0.67 869.0 444.0 869.0 430.0 16.0 430.0 431.0 56.0 431.0 
2 4 1.58 1.58 869.0 444.0 869.0 430.0 16.0 430.0 431.0 56.0 431.0 222.0 201.0 222.0 
2 3 1.1 1.1 728.0 647.0 728.0 523.0 93.0 523.0 826.0 34.0 826.0 
2 4 1.62 1.62 728.0 647.0 728.0 523.0 93.0 523.0 826.0 34.0 826.0 788.0 408.0 788.0 
2 3 0.93 0.93 180.0 58.0 180.0 63.0 3.0 63.0 541.0 305.0 541.0 
2 4 1.46 1.46 180.0 58.0 180.0 63.0 3.0 63.0 541.0 305.0 541.0 331.0 176.0 331.0 
2 5 1.65 1.65 180.0 58.0 180.0 63.0 3.0 63.0 541.0 305.0 541.0 331.0 176.0 331.0 540.0 102.0 540.0 
2 3 1.97 1.97 686.0 117.0 686.0 836.0 808.0 836.0 182.0 153.0 182.0 
2 3 1.14 1.14 698.0 581.0 698.0 592.0 178.0 592.0 941.0 7.0 941.0 
2 4 1.85 1.85 698.0 581.0 698.0 592.0 178.0 592.0 941.0 7.0 941.0 792.0 569.0 792.0 
2 3 1.7 1.7 162.0 139.0 162.0 220.0 31.0 220.0 579.0 406.0 579.0 
2 3 1.16 1.16 687.0 235.0 687.0 746.0 429.0 746.0 156.0 39.0 156.0 
2 4 1.45 1.45 687.0 235.0 687.0 746.0 429.0 746.0 156.0 39.0 156.0 254.0 73.0 254.0 
2 5 1.88 1.88 687.0 235.0 687.0 746.0 429.0 746.0 156.0 39.0 156.0 254.0 73.0 254.0 454.0 195.0 454.0 
2 3 1.29 1.29 204.0 119.0 204.0 529.0 109.0 529.0 937.0 470.0 937.0 
2 4 1.89 1.89 204.0 119.0 204.0 529.0 109.0 529.0 937.0 470.0 937.0 659.0 400.0 659.0 
2 3 1.44 1.44 574.0 370.0 574.0 14.0 2.0 14.0 684.0 451.0 684.0 
2 3 1.28 1.28 418.0 39.0 418.0 212.0 171.0 212.0 639.0 244.0 639.0 
2 3 1.77 1.77 619.0 375.0 619.0 493.0 375.0 493.0 823.0 333.0 823.0 
2 4 1.88 1.88 619.0 375.0 619.0 493.0 375.0 493.0 823.0 333.0 823.0 125.0 14.0 125.0 
2 3 1.85 1.85 862.0 808.0 862.0 993.0 255.0 993.0 79.0 52.0 79.0 
2 3 1.12 1.12 731.0 619.0 731.0 598.0 47.0 598.0 524.0 107.0 524.0 
2 4 1.42 1.42 731.0 619.0 731.0 598.0 47.0 598.0 524.0 107.0 524.0 429.0 126.0 429.0 
2 3 0.88 0.88 642.0 400.0 642.0 100.0 16.0 100.0 597.0 62.0 597.0 
2 4 1.38 1.38 642.0 400.0 642.0 100.0 16.0 100.0 597.0 62.0 597.0 834.0 413.0 834.0 
2 5 1.66 1.66 642.0 400.0 642.0 100.0 16.0 100.0 597.0 62.0 597.0 834.0 413.0 834.0 524.0 147.0 524.0 
2 3 1.84 1.84 179.0 88.0 179.0 884.0 734.0 884.0 241.0 125.0 241.0 
2 3 1.7 1.7 228.0 111.0 228.0 597.0 360.0 597.0 84.0 52.0 84.0 
2 3 0.94 0.94 99.0 56.0 99.0 849.0 89.0 849.0 715.0 196.0 715.0 
2 4 1.58 1.58 99.0 56.0 99.0 849.0 89.0 849.0 715.0 196.0 715.0 544.0 349.0 544.0 
2 5 1.61 1.61 99.0 56.0 99.0 849.0 89.0 849.0 715.0 196.0 715.0 544.0 349.0 544.0 855.0 28.0 855.0 
2 6 1.83 1.83 99.0 56.0 99.0 849.0 89.0 849.0 715.0 196.0 715.0 544.0 349.0 544.0 855.0 28.0 855.0 665.0 143.0 665.0 
2 3 1.78 1.78 350.0 293.0 350.0 914.0 496.0 914.0 569.0 228.0 569.0 
2 3 1.39 1.39 210.0 141.0 210.0 202.0 67.0 202.0 515.0 201.0 515.0 
2 4 1.54 1.54 210.0 141.0 210.0 202.0 67.0 202.0 515.0 201.0 515.0 776.0 118.0 776.0 
2 3 1.52 1.52 246.0 174.0 246.0 446.0 238.0 446.0 382.0 110.0 382.0 
2 3 1.67 1.67 707.0 398.0 707.0 844.0 820.0 844.0 93.0 13.0 93.0 
2 4 1.74 1.74 707.0 398.0 707.0 844.0 820.0 844.0 93.0 13.0 93.0 550.0 38.0 550.0 
2 3 0.8 0.8 440.0 40.0 440.0 710.0 213.0 710.0 359.0 150.0 359.0 
2 4 1.8 1.8 440.0 40.0 440.0 710.0 213.0 710.0 359.0 150.0 359.0 402.0 399.0 402.0 
2 3 1.9 1.9 710.0 675.0 710.0 467.0 416.0 467.0 632.0 42.0 632.0 
2 3 1.41 1.41 935.0 883.0 935.0 602.0 257.0 602.0 519.0 24.0 519.0 
2 4 1.93 1.93 935.0 883.0 935.0 602.0 257.0 602.0 519.0 24.0 519.0 202.0 105.0 202.0 
2 3 1.76 1.76 49.0 29.0 49.0 554.0 533.0 554.0 347.0 73.0 347.0 
2 3 1.18 1.18 455.0 135.0 455.0 569.0 432.0 569.0 8.0 1.0 8.0 
2 4 1.76 1.76 455.0 135.0 455.0 569.0 432.0 569.0 8.0 1.0 8.0 263.0 153.0 263.0 
2 3 1.26 1.26 144.0 25.0 144.0 472.0 302.0 472.0 160.0 73.0 160.0 
2 4 1.34 1.34 144.0 25.0 144.0 472.0 302.0 472.0 160.0 73.0 160.0 39.0 3.0 39.0 
2 5 1.57 1.57 144.0 25.0 144.0 472.0 302.0 472.0 160.0 73.0 160.0 39.0 3.0 39.0 476.0 108.0 476.0 
2 6 1.78 1.78 144.0 25.0 144.0 472.0 302.0 472.0 160.0 73.0 160.0 39.0 3.0 39.0 476.0 108.0 476.0 704.0 149.0 704.0 
2 3 1.34 1.34 401.0 119.0 401.0 498.0 396.0 498.0 415.0 104.0 415.0 
2 4 1.81 1.81 401.0 119.0 401.0 498.0 396.0 498.0 415.0 104.0 415.0 89.0 42.0 89.0 
2 3 1.77 1.77 927.0 316.0 927.0 33.0 32.0 33.0 852.0 392.0 852.0 
2 4 1.77 1.77 927.0 316.0 927.0 33.0 32.0 33.0 852.0 392.0 852.0 763.0 2.0 763.0 
2 5 1.8 1.8 927.0 316.0 927.0 33.0 32.0 33.0 852.0 392.0 852.0 763.0 2.0 763.0 800.0 29.0 800.0 
2 6 1.85 1.85 927.0 316.0 927.0 33.0 32.0 33.0 852.0 392.0 852.0 763.0 2.0 763.0 800.0 29.0 800.0 235.0 11.0 235.0 
2 3 1.57 1.57 201.0 114.0 201.0 382.0 101.0 382.0 230.0 170.0 230.0 
2 4 1.91 1.91 201.0 114.0 201.0 382.0 101.0 382.0 230.0 170.0 230.0 309.0 107.0 309.0 
2 3 1.57 1.57 27.0 3.0 27.0 807.0 792.0 807.0 33.0 16.0 33.0 
2 4 1.75 1.75 27.0 3.0 27.0 807.0 792.0 807.0 33.0 16.0 33.0 558.0 101.0 558.0 
2 3 0.9 0.9 384.0 90.0 384.0 165.0 27.0 165.0 691.0 351.0 691.0 
2 4 1.24 1.24 384.0 90.0 384.0 165.0 27.0 165.0 691.0 351.0 691.0 749.0 255.0 749.0 
2 3 1.39 1.39 712.0 136.0 712.0 309.0 302.0 309.0 743.0 168.0 743.0 
2 4 1.64 1.64 712.0 136.0 712.0 309.0 302.0 309.0 743.0 168.0 743.0 122.0 31.0 122.0 
2 3 0.64 0.64 634.0 160.0 634.0 48.0 15.0 48.0 996.0 78.0 996.0 
2 4 1.46 1.46 634.0 160.0 634.0 48.0 15.0 48.0 996.0 78.0 996.0 468.0 384.0 468.0 
2 3 1.65 1.65 172.0 77.0 172.0 91.0 51.0 91.0 887.0 577.0 887.0 
2 3 1.41 1.41 911.0 807.0 911.0 214.0 83.0 214.0 507.0 71.0 507.0 
2 3 1.29 1.29 499.0 161.0 499.0 7.0 5.0 7.0 375.0 98.0 375.0 
2 3 1.93 1.93 416.0 347.0 416.0 25.0 25.0 25.0 672.0 69.0 672.0 
2 3 1.73 1.73 507.0 338.0 507.0 608.0 460.0 608.0 172.0 53.0 172.0 
2 3 0.77 0.77 261.0 161.0 261.0 236.0 16.0 236.0 174.0 16.0 174.0 
2 4 1.3 1.3 261.0 161.0 261.0 236.0 16.0 236.0 174.0 16.0 174.0 750.0 398.0 750.0 
2 5 1.99 1.99 261.0 161.0 261.0 236.0 16.0 236.0 174.0 16.0 174.0 750.0 398.0 750.0 416.0 288.0 416.0 
2 3 1.41 1.41 690.0 59.0 690.0 10.0 10.0 10.0 779.0 258.0 779.0 
2 4 1.76 1.76 690.0 59.0 690.0 10.0 10.0 10.0 779.0 258.0 779.0 884.0 309.0 884.0 
2 5 1.84 1.84 690.0 59.0 690.0 10.0 10.0 10.0 779.0 258.0 779.0 884.0 309.0 884.0 171.0 14.0 171.0 
2 3 0.65 0.65 824.0 387.0 824.0 972.0 57.0 972.0 801.0 98.0 801.0 
2 4 1.14 1.14 824.0 387.0 824.0 972.0 57.0 972.0 801.0 98.0 801.0 115.0 57.0 115.0 
2 5 1.95 1.95 824.0 387.0 824.0 972.0 57.0 972.0 801.0 98.0 801.0 115.0 57.0 115.0 127.0 103.0 127.0 
2 3 1.32 1.32 668.0 66.0 668.0 402.0 161.0 402.0 685.0 569.0 685.0 
2 3 1.11 1.11 728.0 545.0 728.0 605.0 65.0 605.0 472.0 120.0 472.0 
2 4 1.57 1.57 728.0 545.0 728.0 605.0 65.0 605.0 472.0 120.0 472.0 658.0 306.0 658.0 
2 3 1.97 1.97 682.0 527.0 682.0 470.0 140.0 470.0 686.0 622.0 686.0 
2 4 1.98 1.98 682.0 527.0 682.0 470.0 140.0 470.0 686.0 622.0 686.0 464.0 4.0 464.0 
2 3 0.94 0.94 720.0 90.0 720.0 703.0 440.0 703.0 280.0 55.0 280.0 
2 4 1.21 1.21 720.0 90.0 720.0 703.0 440.0 703.0 280.0 55.0 280.0 488.0 132.0 488.0 
2 5 1.35 1.35 720.0 90.0 720.0 703.0 440.0 703.0 280.0 55.0 280.0 488.0 132.0 488.0 283.0 38.0 283.0 
2 6 1.5 1.5 720.0 90.0 720.0 703.0 440.0 703.0 280.0 55.0 280.0 488.0 132.0 488.0 283.0 38.0 283.0 487.0 75.0 487.0 
2 7 1.61 1.61 720.0 90.0 720.0 703.0 440.0 703.0 280.0 55.0 280.0 488.0 132.0 488.0 283.0 38.0 283.0 487.0 75.0 487.0 190.0 20.0 190.0 
2 8 1.74 1.74 720.0 90.0 720.0 703.0 440.0 703.0 280.0 55.0 280.0 488.0 132.0 488.0 283.0 38.0 283.0 487.0 75.0 487.0 190.0 20.0 190.0 790.0 103.0 790.0 
2 9 1.91 1.91 720.0 90.0 720.0 703.0 440.0 703.0 280.0 55.0 280.0 488.0 132.0 488.0 283.0 38.0 283.0 487.0 75.0 487.0 190.0 20.0 190.0 790.0 103.0 790.0 512.0 90.0 512.0 
2 3 1.26 1.26 409.0 119.0 409.0 698.0 73.0 698.0 97.0 84.0 97.0 
2 3 1.41 1.41 410.0 248.0 410.0 600.0 166.0 600.0 82.0 44.0 82.0 
2 4 1.66 1.66 410.0 248.0 410.0 600.0 166.0 600.0 82.0 44.0 82.0 339.0 84.0 339.0 
2 5 1.85 1.85 410.0 248.0 410.0 600.0 166.0 600.0 82.0 44.0 82.0 339.0 84.0 339.0 210.0 39.0 210.0 
2 3 1.42 1.42 556.0 407.0 556.0 168.0 101.0 168.0 68.0 6.0 68.0 
2 3 1.45 1.45 933.0 605.0 933.0 509.0 406.0 509.0 515.0 3.0 515.0 
2 3 1.0 1.0 715.0 294.0 715.0 115.0 4.0 115.0 413.0 230.0 413.0 
2 4 1.54 1.54 715.0 294.0 715.0 115.0 4.0 115.0 413.0 230.0 413.0 412.0 222.0 412.0 
2 5 1.64 1.64 715.0 294.0 715.0 115.0 4.0 115.0 413.0 230.0 413.0 412.0 222.0 412.0 10.0 1.0 10.0 
2 6 1.99 1.99 715.0 294.0 715.0 115.0 4.0 115.0 413.0 230.0 413.0 412.0 222.0 412.0 10.0 1.0 10.0 514.0 180.0 514.0 
2 3 1.64 1.64 597.0 542.0 597.0 643.0 447.0 643.0 872.0 34.0 872.0 
2 4 1.67 1.67 597.0 542.0 597.0 643.0 447.0 643.0 872.0 34.0 872.0 80.0 3.0 80.0 
2 3 1.7 1.7 246.0 191.0 246.0 48.0 19.0 48.0 956.0 505.0 956.0 
2 3 1.91 1.91 112.0 63.0 112.0 295.0 275.0 295.0 124.0 52.0 124.0 
2 3 1.76 1.76 158.0 146.0 158.0 441.0 117.0 441.0 829.0 479.0 829.0 
2 3 1.87 1.87 583.0 329.0 583.0 40.0 33.0 40.0 914.0 441.0 914.0 
2 3 1.61 1.61 841.0 443.0 841.0 109.0 66.0 109.0 165.0 80.0 165.0 
2 4 1.8 1.8 841.0 443.0 841.0 109.0 66.0 109.0 165.0 80.0 165.0 111.0 21.0 111.0 
2 3 1.62 1.62 938.0 440.0 938.0 109.0 44.0 109.0 511.0 383.0 511.0 
2 4 1.88 1.88 938.0 440.0 938.0 109.0 44.0 109.0 511.0 383.0 511.0 157.0 42.0 157.0 
2 3 1.13 1.13 158.0 52.0 158.0 335.0 187.0 335.0 852.0 212.0 852.0 
2 3 1.4 1.4 718.0 471.0 718.0 521.0 194.0 521.0 160.0 61.0 160.0 
2 4 1.83 1.83 718.0 471.0 718.0 521.0 194.0 521.0 160.0 61.0 160.0 636.0 273.0 636.0 
2 3 1.59 1.59 453.0 280.0 453.0 689.0 58.0 689.0 741.0 663.0 741.0 
2 3 1.51 1.51 849.0 117.0 849.0 921.0 520.0 921.0 630.0 509.0 630.0 
2 4 1.66 1.66 849.0 117.0 849.0 921.0 520.0 921.0 630.0 509.0 630.0 591.0 93.0 591.0 
2 5 1.79 1.79 849.0 117.0 849.0 921.0 520.0 921.0 630.0 509.0 630.0 591.0 93.0 591.0 287.0 36.0 287.0 
2 3 1.62 1.62 528.0 267.0 528.0 372.0 262.0 372.0 748.0 312.0 748.0 
2 3 1.4 1.4 971.0 709.0 971.0 101.0 67.0 101.0 616.0 4.0 616.0 
2 4 1.57 1.57 971.0 709.0 971.0 101.0 67.0 101.0 616.0 4.0 616.0 605.0 107.0 605.0 
2 5 1.86 1.86 971.0 709.0 971.0 101.0 67.0 101.0 616.0 4.0 616.0 605.0 107.0 605.0 787.0 226.0 787.0 
2 3 1.56 1.56 172.0 38.0 172.0 541.0 485.0 541.0 446.0 198.0 446.0 
2 4 1.99 1.99 172.0 38.0 172.0 541.0 485.0 541.0 446.0 198.0 446.0 330.0 142.0 330.0 
2 3 1.19 1.19 442.0 147.0 442.0 331.0 40.0 331.0 164.0 122.0 164.0 
2 4 1.48 1.48 442.0 147.0 442.0 331.0 40.0 331.0 164.0 122.0 164.0 66.0 19.0 66.0 
2 5 1.92 1.92 442.0 147.0 442.0 331.0 40.0 331.0 164.0 122.0 164.0 66.0 19.0 66.0 584.0 254.0 584.0 
2 3 1.64 1.64 670.0 636.0 670.0 978.0 297.0 978.0 388.0 153.0 388.0 
2 3 1.36 1.36 346.0 117.0 346.0 204.0 194.0 204.0 95.0 7.0 95.0 
2 4 1.37 1.37 346.0 117.0 346.0 204.0 194.0 204.0 95.0 7.0 95.0 810.0 13.0 810.0 
2 5 1.44 1.44 346.0 117.0 346.0 204.0 194.0 204.0 95.0 7.0 95.0 810.0 13.0 810.0 478.0 31.0 478.0 
2 3 1.64 1.64 62.0 12.0 62.0 8.0 8.0 8.0 483.0 217.0 483.0 
2 3 1.36 1.36 672.0 567.0 672.0 742.0 328.0 742.0 98.0 8.0 98.0 
2 4 1.61 1.61 672.0 567.0 672.0 742.0 328.0 742.0 98.0 8.0 98.0 487.0 121.0 487.0 
2 3 0.97 0.97 282.0 227.0 282.0 919.0 45.0 919.0 286.0 35.0 286.0 
2 4 1.01 1.01 282.0 227.0 282.0 919.0 45.0 919.0 286.0 35.0 286.0 197.0 8.0 197.0 
2 5 1.53 1.53 282.0 227.0 282.0 919.0 45.0 919.0 286.0 35.0 286.0 197.0 8.0 197.0 960.0 495.0 960.0 
2 3 1.21 1.21 256.0 101.0 256.0 179.0 54.0 179.0 317.0 164.0 317.0 
2 4 1.58 1.58 256.0 101.0 256.0 179.0 54.0 179.0 317.0 164.0 317.0 287.0 107.0 287.0 
2 5 1.82 1.82 256.0 101.0 256.0 179.0 54.0 179.0 317.0 164.0 317.0 287.0 107.0 287.0 302.0 73.0 302.0 
2 6 1.84 1.84 256.0 101.0 256.0 179.0 54.0 179.0 317.0 164.0 317.0 287.0 107.0 287.0 302.0 73.0 302.0 418.0 7.0 418.0 
2 3 1.95 1.95 456.0 445.0 456.0 203.0 148.0 203.0 468.0 116.0 468.0 
2 4 1.98 1.98 456.0 445.0 456.0 203.0 148.0 203.0 468.0 116.0 468.0 264.0 8.0 264.0 
2 3 0.93 0.93 110.0 26.0 110.0 67.0 2.0 67.0 204.0 137.0 204.0 
2 4 1.62 1.62 110.0 26.0 110.0 67.0 2.0 67.0 204.0 137.0 204.0 880.0 604.0 880.0 
2 3 1.08 1.08 754.0 102.0 754.0 815.0 473.0 815.0 754.0 276.0 754.0 
2 4 1.27 1.27 754.0 102.0 754.0 815.0 473.0 815.0 754.0 276.0 754.0 324.0 63.0 324.0 
2 3 1.23 1.23 729.0 116.0 729.0 226.0 195.0 226.0 994.0 208.0 994.0 
2 4 1.7 1.7 729.0 116.0 729.0 226.0 195.0 226.0 994.0 208.0 994.0 653.0 309.0 653.0 
2 3 1.77 1.77 656.0 402.0 656.0 589.0 467.0 589.0 331.0 123.0 331.0 
2 3 1.28 1.28 31.0 1.0 31.0 106.0 57.0 106.0 949.0 677.0 949.0 
2 4 1.42 1.42 31.0 1.0 31.0 106.0 57.0 106.0 949.0 677.0 949.0 808.0 112.0 808.0 
2 3 1.43 1.43 902.0 145.0 902.0 112.0 89.0 112.0 898.0 434.0 898.0 
2 3 1.8 1.8 234.0 170.0 234.0 893.0 862.0 893.0 729.0 81.0 729.0 
2 3 1.57 1.57 549.0 324.0 549.0 266.0 91.0 266.0 17.0 11.0 17.0 
2 3 0.95 0.95 549.0 289.0 549.0 454.0 175.0 454.0 259.0 12.0 259.0 
2 4 1.28 1.28 549.0 289.0 549.0 454.0 175.0 454.0 259.0 12.0 259.0 635.0 205.0 635.0 
2 5 1.33 1.33 549.0 289.0 549.0 454.0 175.0 454.0 259.0 12.0 259.0 635.0 205.0 635.0 973.0 54.0 973.0 
2 3 1.42 1.42 317.0 149.0 317.0 291.0 270.0 291.0 825.0 20.0 825.0 
2 4 1.46 1.46 317.0 149.0 317.0 291.0 270.0 291.0 825.0 20.0 825.0 523.0 25.0 523.0 
2 3 1.01 1.01 863.0 308.0 863.0 896.0 327.0 896.0 423.0 123.0 423.0 
2 4 1.98 1.98 863.0 308.0 863.0 896.0 327.0 896.0 423.0 123.0 423.0 764.0 740.0 764.0 
2 3 1.83 1.83 917.0 160.0 917.0 820.0 756.0 820.0 995.0 736.0 995.0 
2 3 1.42 1.42 890.0 342.0 890.0 510.0 454.0 510.0 405.0 62.0 405.0 
2 3 1.59 1.59 945.0 599.0 945.0 909.0 104.0 909.0 389.0 330.0 389.0 
2 4 1.64 1.64 945.0 599.0 945.0 909.0 104.0 909.0 389.0 330.0 389.0 701.0 37.0 701.0 
2 3 1.72 1.72 638.0 355.0 638.0 646.0 595.0 646.0 210.0 53.0 210.0 
2 3 1.41 1.41 146.0 85.0 146.0 329.0 214.0 329.0 674.0 123.0 674.0 
2 3 1.35 1.35 234.0 70.0 234.0 940.0 367.0 940.0 457.0 303.0 457.0 
2 4 1.56 1.56 234.0 70.0 234.0 940.0 367.0 940.0 457.0 303.0 457.0 589.0 127.0 589.0 
2 3 1.49 1.49 47.0 31.0 47.0 733.0 233.0 733.0 198.0 103.0 198.0 
2 3 1.4 1.4 783.0 154.0 783.0 236.0 132.0 236.0 777.0 508.0 777.0 
2 3 1.85 1.85 749.0 526.0 749.0 879.0 259.0 879.0 336.0 288.0 336.0 
2 4 1.91 1.91 749.0 526.0 749.0 879.0 259.0 879.0 336.0 288.0 336.0 17.0 1.0 17.0 
2 3 1.63 1.63 858.0 163.0 858.0 808.0 510.0 808.0 968.0 789.0 968.0 
2 4 1.94 1.94 858.0 163.0 858.0 808.0 510.0 808.0 968.0 789.0 968.0 305.0 93.0 305.0 
2 3 1.42 1.42 201.0 81.0 201.0 37.0 26.0 37.0 776.0 250.0 776.0 
2 3 1.12 1.12 233.0 202.0 233.0 894.0 60.0 894.0 982.0 185.0 982.0 
2 4 1.61 1.61 233.0 202.0 233.0 894.0 60.0 894.0 982.0 185.0 982.0 272.0 135.0 272.0 
2 5 1.93 1.93 233.0 202.0 233.0 894.0 60.0 894.0 982.0 185.0 982.0 272.0 135.0 272.0 542.0 171.0 542.0 
2 3 1.23 1.23 372.0 64.0 372.0 445.0 273.0 445.0 652.0 293.0 652.0 
2 4 1.39 1.39 372.0 64.0 372.0 445.0 273.0 445.0 652.0 293.0 652.0 37.0 6.0 37.0 
2 5 1.91 1.91 372.0 64.0 372.0 445.0 273.0 445.0 652.0 293.0 652.0 37.0 6.0 37.0 975.0 506.0 975.0 
2 3 1.42 1.42 312.0 13.0 312.0 887.0 548.0 887.0 542.0 414.0 542.0 
2 4 1.94 1.94 312.0 13.0 312.0 887.0 548.0 887.0 542.0 414.0 542.0 114.0 60.0 114.0 
2 3 1.79 1.79 251.0 216.0 251.0 712.0 401.0 712.0 691.0 257.0 691.0 
2 3 1.97 1.97 929.0 242.0 929.0 81.0 77.0 81.0 541.0 412.0 541.0 
2 3 0.42 0.42 942.0 121.0 942.0 632.0 135.0 632.0 948.0 79.0 948.0 
2 4 0.9 0.9 942.0 121.0 942.0 632.0 135.0 632.0 948.0 79.0 948.0 653.0 311.0 653.0 
2 5 0.92 0.92 942.0 121.0 942.0 632.0 135.0 632.0 948.0 79.0 948.0 653.0 311.0 653.0 851.0 17.0 851.0 
2 6 1.13 1.13 942.0 121.0 942.0 632.0 135.0 632.0 948.0 79.0 948.0 653.0 311.0 653.0 851.0 17.0 851.0 435.0 92.0 435.0 
2 3 1.64 1.64 54.0 32.0 54.0 301.0 42.0 301.0 750.0 682.0 750.0 
2 3 1.1 1.1 905.0 362.0 905.0 68.0 6.0 68.0 657.0 407.0 657.0 
2 3 1.61 1.61 408.0 310.0 408.0 314.0 219.0 314.0 193.0 30.0 193.0 
2 3 1.91 1.91 190.0 182.0 190.0 782.0 354.0 782.0 91.0 46.0 91.0 
2 3 1.3 1.3 815.0 448.0 815.0 823.0 153.0 823.0 266.0 151.0 266.0 
2 4 1.38 1.38 815.0 448.0 815.0 823.0 153.0 823.0 266.0 151.0 266.0 132.0 11.0 132.0 
2 5 1.48 1.48 815.0 448.0 815.0 823.0 153.0 823.0 266.0 151.0 266.0 132.0 11.0 132.0 580.0 59.0 580.0 
2 6 1.58 1.58 815.0 448.0 815.0 823.0 153.0 823.0 266.0 151.0 266.0 132.0 11.0 132.0 580.0 59.0 580.0 924.0 92.0 924.0 
2 7 1.69 1.69 815.0 448.0 815.0 823.0 153.0 823.0 266.0 151.0 266.0 132.0 11.0 132.0 580.0 59.0 580.0 924.0 92.0 924.0 230.0 24.0 230.0 
2 3 0.88 0.88 751.0 237.0 751.0 78.0 7.0 78.0 987.0 477.0 987.0 
2 4 1.68 1.68 751.0 237.0 751.0 78.0 7.0 78.0 987.0 477.0 987.0 632.0 505.0 632.0 
2 3 1.84 1.84 510.0 400.0 510.0 62.0 56.0 62.0 950.0 152.0 950.0 
2 3 0.98 0.98 772.0 246.0 772.0 636.0 178.0 636.0 532.0 204.0 532.0 
2 4 1.51 1.51 772.0 246.0 772.0 636.0 178.0 636.0 532.0 204.0 532.0 874.0 468.0 874.0 
2 5 1.77 1.77 772.0 246.0 772.0 636.0 178.0 636.0 532.0 204.0 532.0 874.0 468.0 874.0 448.0 117.0 448.0 
2 3 0.63 0.63 924.0 506.0 924.0 239.0 4.0 239.0 930.0 63.0 930.0 
2 4 1.54 1.54 924.0 506.0 924.0 239.0 4.0 239.0 930.0 63.0 930.0 955.0 874.0 955.0 
2 3 1.41 1.41 893.0 42.0 893.0 658.0 538.0 658.0 724.0 400.0 724.0 
2 3 1.29 1.29 556.0 332.0 556.0 745.0 227.0 745.0 542.0 213.0 542.0 
2 3 0.88 0.88 689.0 519.0 689.0 475.0 32.0 475.0 829.0 51.0 829.0 
2 4 1.47 1.47 689.0 519.0 689.0 475.0 32.0 475.0 829.0 51.0 829.0 436.0 259.0 436.0 
2 5 1.73 1.73 689.0 519.0 689.0 475.0 32.0 475.0 829.0 51.0 829.0 436.0 259.0 436.0 883.0 228.0 883.0 
2 6 1.98 1.98 689.0 519.0 689.0 475.0 32.0 475.0 829.0 51.0 829.0 436.0 259.0 436.0 883.0 228.0 883.0 625.0 159.0 625.0 
2 3 1.66 1.66 957.0 876.0 957.0 975.0 15.0 975.0 999.0 734.0 999.0 
2 3 1.43 1.43 886.0 280.0 886.0 519.0 343.0 519.0 565.0 256.0 565.0 
2 4 1.94 1.94 886.0 280.0 886.0 519.0 343.0 519.0 565.0 256.0 565.0 810.0 415.0 810.0 
2 3 0.32 0.32 600.0 12.0 600.0 359.0 55.0 359.0 531.0 83.0 531.0 
2 4 0.57 0.57 600.0 12.0 600.0 359.0 55.0 359.0 531.0 83.0 531.0 854.0 213.0 854.0 
2 5 1.1 1.1 600.0 12.0 600.0 359.0 55.0 359.0 531.0 83.0 531.0 854.0 213.0 854.0 381.0 199.0 381.0 
2 6 1.65 1.65 600.0 12.0 600.0 359.0 55.0 359.0 531.0 83.0 531.0 854.0 213.0 854.0 381.0 199.0 381.0 116.0 64.0 116.0 
2 3 1.31 1.31 748.0 223.0 748.0 239.0 44.0 239.0 35.0 29.0 35.0 
2 4 1.41 1.41 748.0 223.0 748.0 239.0 44.0 239.0 35.0 29.0 35.0 643.0 64.0 643.0 
2 5 1.67 1.67 748.0 223.0 748.0 239.0 44.0 239.0 35.0 29.0 35.0 643.0 64.0 643.0 224.0 60.0 224.0 
2 3 0.32 0.32 255.0 63.0 255.0 127.0 6.0 127.0 278.0 8.0 278.0 
2 4 0.55 0.55 255.0 63.0 255.0 127.0 6.0 127.0 278.0 8.0 278.0 169.0 40.0 169.0 
2 5 0.6 0.6 255.0 63.0 255.0 127.0 6.0 127.0 278.0 8.0 278.0 169.0 40.0 169.0 337.0 15.0 337.0 
2 6 1.52 1.52 255.0 63.0 255.0 127.0 6.0 127.0 278.0 8.0 278.0 169.0 40.0 169.0 337.0 15.0 337.0 36.0 33.0 36.0 
2 7 1.8 1.8 255.0 63.0 255.0 127.0 6.0 127.0 278.0 8.0 278.0 169.0 40.0 169.0 337.0 15.0 337.0 36.0 33.0 36.0 159.0 45.0 159.0 
2 3 1.4 1.4 262.0 188.0 262.0 953.0 142.0 953.0 853.0 461.0 853.0 
2 4 1.62 1.62 262.0 188.0 262.0 953.0 142.0 953.0 853.0 461.0 853.0 355.0 76.0 355.0 
2 3 1.77 1.77 29.0 26.0 29.0 480.0 214.0 480.0 207.0 90.0 207.0 
2 4 1.94 1.94 29.0 26.0 29.0 480.0 214.0 480.0 207.0 90.0 207.0 290.0 50.0 290.0 
2 3 1.18 1.18 572.0 14.0 572.0 674.0 480.0 674.0 448.0 203.0 448.0 
2 4 1.79 1.79 572.0 14.0 572.0 674.0 480.0 674.0 448.0 203.0 448.0 709.0 429.0 709.0 
2 3 1.24 1.24 721.0 200.0 721.0 610.0 220.0 610.0 450.0 271.0 450.0 
2 4 1.46 1.46 721.0 200.0 721.0 610.0 220.0 610.0 450.0 271.0 450.0 292.0 67.0 292.0 
2 5 1.68 1.68 721.0 200.0 721.0 610.0 220.0 610.0 450.0 271.0 450.0 292.0 67.0 292.0 685.0 147.0 685.0 
2 3 1.48 1.48 558.0 501.0 558.0 805.0 457.0 805.0 45.0 1.0 45.0 
2 3 1.85 1.85 146.0 7.0 146.0 879.0 757.0 879.0 187.0 177.0 187.0 
2 3 1.79 1.79 810.0 357.0 810.0 628.0 255.0 628.0 450.0 428.0 450.0 
2 3 1.59 1.59 462.0 104.0 462.0 247.0 138.0 247.0 952.0 773.0 952.0 
2 3 1.04 1.04 982.0 211.0 982.0 234.0 77.0 234.0 795.0 397.0 795.0 
2 4 1.5 1.5 982.0 211.0 982.0 234.0 77.0 234.0 795.0 397.0 795.0 676.0 312.0 676.0 
2 5 1.91 1.91 982.0 211.0 982.0 234.0 77.0 234.0 795.0 397.0 795.0 676.0 312.0 676.0 712.0 291.0 712.0 
2 3 0.79 0.79 475.0 203.0 475.0 583.0 22.0 583.0 255.0 85.0 255.0 
2 4 1.22 1.22 475.0 203.0 475.0 583.0 22.0 583.0 255.0 85.0 255.0 795.0 341.0 795.0 
2 3 0.66 0.66 903.0 530.0 903.0 408.0 6.0 408.0 289.0 17.0 289.0 
2 4 1.25 1.25 903.0 530.0 903.0 408.0 6.0 408.0 289.0 17.0 289.0 608.0 360.0 608.0 
2 5 1.41 1.41 903.0 530.0 903.0 408.0 6.0 408.0 289.0 17.0 289.0 608.0 360.0 608.0 820.0 136.0 820.0 
2 3 1.64 1.64 548.0 35.0 548.0 711.0 526.0 711.0 223.0 188.0 223.0 
2 3 1.74 1.74 230.0 156.0 230.0 658.0 297.0 658.0 55.0 34.0 55.0 
2 3 1.58 1.58 702.0 317.0 702.0 343.0 132.0 343.0 897.0 668.0 897.0 
2 4 1.7 1.7 702.0 317.0 702.0 343.0 132.0 343.0 897.0 668.0 897.0 220.0 28.0 220.0 
2 5 1.99 1.99 702.0 317.0 702.0 343.0 132.0 343.0 897.0 668.0 897.0 220.0 28.0 220.0 215.0 62.0 215.0 
2 3 1.17 1.17 683.0 467.0 683.0 756.0 237.0 756.0 639.0 115.0 639.0 
2 4 1.23 1.23 683.0 467.0 683.0 756.0 237.0 756.0 639.0 115.0 639.0 626.0 37.0 626.0 
2 5 1.98 1.98 683.0 467.0 683.0 756.0 237.0 756.0 639.0 115.0 639.0 626.0 37.0 626.0 32.0 24.0 32.0 
2 3 1.79 1.79 182.0 98.0 182.0 549.0 452.0 549.0 905.0 391.0 905.0 
2 3 1.7 1.7 210.0 29.0 210.0 902.0 553.0 902.0 333.0 316.0 333.0 
2 4 1.88 1.88 210.0 29.0 210.0 902.0 553.0 902.0 333.0 316.0 333.0 367.0 68.0 367.0 
2 3 1.56 1.56 504.0 237.0 504.0 859.0 174.0 859.0 412.0 368.0 412.0 
2 3 1.51 1.51 899.0 590.0 899.0 732.0 571.0 732.0 492.0 41.0 492.0 
2 4 1.97 1.97 899.0 590.0 899.0 732.0 571.0 732.0 492.0 41.0 492.0 476.0 219.0 476.0 
2 3 1.51 1.51 800.0 104.0 800.0 335.0 185.0 335.0 922.0 772.0 922.0 
2 4 1.93 1.93 800.0 104.0 800.0 335.0 185.0 335.0 922.0 772.0 922.0 749.0 309.0 749.0 
2 3 1.69 1.69 556.0 309.0 556.0 397.0 248.0 397.0 570.0 292.0 570.0 
2 3 0.5 0.5 303.0 6.0 303.0 394.0 3.0 394.0 965.0 460.0 965.0 
2 4 1.2 1.2 303.0 6.0 303.0 394.0 3.0 394.0 965.0 460.0 965.0 595.0 418.0 595.0 
2 5 1.48 1.48 303.0 6.0 303.0 394.0 3.0 394.0 965.0 460.0 965.0 595.0 418.0 595.0 816.0 231.0 816.0 
2 6 1.76 1.76 303.0 6.0 303.0 394.0 3.0 394.0 965.0 460.0 965.0 595.0 418.0 595.0 816.0 231.0 816.0 647.0 176.0 647.0 
2 3 1.62 1.62 400.0 228.0 400.0 600.0 65.0 600.0 773.0 734.0 773.0 
2 4 1.71 1.71 400.0 228.0 400.0 600.0 65.0 600.0 773.0 734.0 773.0 441.0 37.0 441.0 
2 3 1.61 1.61 551.0 61.0 551.0 671.0 497.0 671.0 158.0 120.0 158.0 
2 3 1.85 1.85 622.0 141.0 622.0 206.0 183.0 206.0 214.0 158.0 214.0 
2 3 0.78 0.78 962.0 368.0 962.0 242.0 85.0 242.0 286.0 15.0 286.0 
2 4 0.79 0.79 962.0 368.0 962.0 242.0 85.0 242.0 286.0 15.0 286.0 859.0 11.0 859.0 
2 5 1.16 1.16 962.0 368.0 962.0 242.0 85.0 242.0 286.0 15.0 286.0 859.0 11.0 859.0 221.0 80.0 221.0 
2 6 1.54 1.54 962.0 368.0 962.0 242.0 85.0 242.0 286.0 15.0 286.0 859.0 11.0 859.0 221.0 80.0 221.0 36.0 14.0 36.0 
2 3 1.49 1.49 742.0 219.0 742.0 974.0 612.0 974.0 713.0 408.0 713.0 
2 4 1.63 1.63 742.0 219.0 742.0 974.0 612.0 974.0 713.0 408.0 713.0 758.0 105.0 758.0 
2 3 1.95 1.95 842.0 520.0 842.0 358.0 200.0 358.0 630.0 493.0 630.0 
2 3 0.68 0.68 428.0 44.0 428.0 757.0 181.0 757.0 947.0 325.0 947.0 
2 4 1.08 1.08 428.0 44.0 428.0 757.0 181.0 757.0 947.0 325.0 947.0 395.0 157.0 395.0 
2 5 1.58 1.58 428.0 44.0 428.0 757.0 181.0 757.0 947.0 325.0 947.0 395.0 157.0 395.0 272.0 136.0 272.0 
2 6 1.62 1.62 428.0 44.0 428.0 757.0 181.0 757.0 947.0 325.0 947.0 395.0 157.0 395.0 272.0 136.0 272.0 980.0 38.0 980.0 
2 3 1.52 1.52 922.0 606.0 922.0 556.0 115.0 556.0 997.0 663.0 997.0 
2 3 0.68 0.68 120.0 9.0 120.0 487.0 101.0 487.0 552.0 223.0 552.0 
2 4 1.37 1.37 120.0 9.0 120.0 487.0 101.0 487.0 552.0 223.0 552.0 312.0 214.0 312.0 
2 5 1.93 1.93 120.0 9.0 120.0 487.0 101.0 487.0 552.0 223.0 552.0 312.0 214.0 312.0 121.0 68.0 121.0 
2 3 1.42 1.42 702.0 160.0 702.0 14.0 9.0 14.0 519.0 289.0 519.0 
2 3 1.49 1.49 843.0 427.0 843.0 552.0 309.0 552.0 620.0 263.0 620.0 
2 3 0.75 0.75 966.0 124.0 966.0 417.0 188.0 417.0 544.0 93.0 544.0 
2 4 1.43 1.43 966.0 124.0 966.0 417.0 188.0 417.0 544.0 93.0 544.0 75.0 51.0 75.0 
2 5 1.88 1.88 966.0 124.0 966.0 417.0 188.0 417.0 544.0 93.0 544.0 75.0 51.0 75.0 35.0 16.0 35.0 
2 3 1.63 1.63 640.0 294.0 640.0 450.0 434.0 450.0 450.0 96.0 450.0 
2 4 1.87 1.87 640.0 294.0 640.0 450.0 434.0 450.0 450.0 96.0 450.0 392.0 93.0 392.0 
2 3 1.88 1.88 412.0 372.0 412.0 449.0 231.0 449.0 341.0 161.0 341.0 
2 3 1.94 1.94 527.0 458.0 527.0 802.0 83.0 802.0 337.0 329.0 337.0 
2 3 1.91 1.91 935.0 90.0 935.0 174.0 151.0 174.0 395.0 376.0 395.0 
2 3 1.7 1.7 10.0 10.0 10.0 689.0 276.0 689.0 366.0 112.0 366.0 
2 4 1.93 1.93 10.0 10.0 10.0 689.0 276.0 689.0 366.0 112.0 366.0 555.0 125.0 555.0 
2 3 1.88 1.88 790.0 685.0 790.0 654.0 262.0 654.0 282.0 173.0 282.0 
2 3 0.42 0.42 416.0 5.0 416.0 41.0 16.0 41.0 254.0 7.0 254.0 
2 4 1.0 1.0 416.0 5.0 416.0 41.0 16.0 41.0 254.0 7.0 254.0 408.0 236.0 408.0 
2 3 1.98 1.98 108.0 76.0 108.0 663.0 598.0 663.0 93.0 35.0 93.0 
2 3 1.62 1.62 44.0 7.0 44.0 288.0 160.0 288.0 482.0 440.0 482.0 
2 3 1.87 1.87 793.0 779.0 793.0 948.0 190.0 948.0 997.0 688.0 997.0 
2 3 0.93 0.93 724.0 109.0 724.0 860.0 302.0 860.0 964.0 416.0 964.0 
2 4 1.04 1.04 724.0 109.0 724.0 860.0 302.0 860.0 964.0 416.0 964.0 28.0 3.0 28.0 
2 3 1.62 1.62 365.0 187.0 365.0 299.0 136.0 299.0 867.0 571.0 867.0 
2 4 1.85 1.85 365.0 187.0 365.0 299.0 136.0 299.0 867.0 571.0 867.0 710.0 162.0 710.0 
2 3 1.43 1.43 429.0 390.0 429.0 621.0 313.0 621.0 654.0 12.0 654.0 
2 4 1.99 1.99 429.0 390.0 429.0 621.0 313.0 621.0 654.0 12.0 654.0 179.0 100.0 179.0 
2 3 1.04 1.04 925.0 160.0 925.0 274.0 149.0 274.0 403.0 133.0 403.0 
2 4 1.4 1.4 925.0 160.0 925.0 274.0 149.0 274.0 403.0 133.0 403.0 358.0 128.0 358.0 
2 3 1.28 1.28 941.0 5.0 941.0 554.0 358.0 554.0 337.0 214.0 337.0 
2 3 0.82 0.82 302.0 134.0 302.0 643.0 234.0 643.0 332.0 6.0 332.0 
2 4 0.93 0.93 302.0 134.0 302.0 643.0 234.0 643.0 332.0 6.0 332.0 662.0 70.0 662.0 
2 5 1.45 1.45 302.0 134.0 302.0 643.0 234.0 643.0 332.0 6.0 332.0 662.0 70.0 662.0 307.0 162.0 307.0 
2 6 1.61 1.61 302.0 134.0 302.0 643.0 234.0 643.0 332.0 6.0 332.0 662.0 70.0 662.0 307.0 162.0 307.0 127.0 20.0 127.0 
2 7 1.73 1.73 302.0 134.0 302.0 643.0 234.0 643.0 332.0 6.0 332.0 662.0 70.0 662.0 307.0 162.0 307.0 127.0 20.0 127.0 440.0 54.0 440.0 
2 3 1.25 1.25 844.0 316.0 844.0 676.0 104.0 676.0 661.0 482.0 661.0 
2 4 1.39 1.39 844.0 316.0 844.0 676.0 104.0 676.0 661.0 482.0 661.0 337.0 47.0 337.0 
2 5 1.68 1.68 844.0 316.0 844.0 676.0 104.0 676.0 661.0 482.0 661.0 337.0 47.0 337.0 596.0 171.0 596.0 
2 3 0.99 0.99 858.0 697.0 858.0 130.0 19.0 130.0 818.0 27.0 818.0 
2 4 1.95 1.95 858.0 697.0 858.0 130.0 19.0 130.0 818.0 27.0 818.0 592.0 570.0 592.0 
2 3 1.93 1.93 335.0 6.0 335.0 9.0 9.0 9.0 219.0 200.0 219.0 
2 3 1.55 1.55 568.0 552.0 568.0 564.0 142.0 564.0 559.0 185.0 559.0 
2 4 1.89 1.89 568.0 552.0 568.0 564.0 142.0 564.0 559.0 185.0 559.0 726.0 249.0 726.0 
2 3 1.74 1.74 769.0 561.0 769.0 35.0 16.0 35.0 119.0 67.0 119.0 
2 3 1.49 1.49 958.0 277.0 958.0 301.0 133.0 301.0 94.0 72.0 94.0 
2 3 1.8 1.8 317.0 147.0 317.0 580.0 356.0 580.0 987.0 717.0 987.0 
2 3 1.07 1.07 728.0 442.0 728.0 654.0 200.0 654.0 459.0 75.0 459.0 
2 4 1.09 1.09 728.0 442.0 728.0 654.0 200.0 654.0 459.0 75.0 459.0 943.0 17.0 943.0 
2 5 1.24 1.24 728.0 442.0 728.0 654.0 200.0 654.0 459.0 75.0 459.0 943.0 17.0 943.0 702.0 106.0 702.0 
2 6 1.28 1.28 728.0 442.0 728.0 654.0 200.0 654.0 459.0 75.0 459.0 943.0 17.0 943.0 702.0 106.0 702.0 649.0 28.0 649.0 
2 7 1.42 1.42 728.0 442.0 728.0 654.0 200.0 654.0 459.0 75.0 459.0 943.0 17.0 943.0 702.0 106.0 702.0 649.0 28.0 649.0 396.0 55.0 396.0 
2 8 1.51 1.51 728.0 442.0 728.0 654.0 200.0 654.0 459.0 75.0 459.0 943.0 17.0 943.0 702.0 106.0 702.0 649.0 28.0 649.0 396.0 55.0 396.0 430.0 38.0 430.0 
2 3 1.87 1.87 458.0 410.0 458.0 651.0 244.0 651.0 928.0 560.0 928.0 
2 3 1.67 1.67 395.0 230.0 395.0 438.0 159.0 438.0 115.0 84.0 115.0 
2 3 0.79 0.79 901.0 240.0 901.0 242.0 98.0 242.0 224.0 28.0 224.0 
2 4 1.62 1.62 901.0 240.0 901.0 242.0 98.0 242.0 224.0 28.0 224.0 523.0 434.0 523.0 
2 3 1.03 1.03 422.0 76.0 422.0 833.0 248.0 833.0 510.0 283.0 510.0 
2 3 1.72 1.72 911.0 550.0 911.0 611.0 508.0 611.0 374.0 108.0 374.0 
2 3 1.88 1.88 352.0 264.0 352.0 830.0 706.0 830.0 141.0 40.0 141.0 
2 3 1.47 1.47 275.0 142.0 275.0 450.0 354.0 450.0 130.0 22.0 130.0 
2 4 1.88 1.88 275.0 142.0 275.0 450.0 354.0 450.0 130.0 22.0 130.0 237.0 98.0 237.0 
2 3 0.82 0.82 87.0 34.0 87.0 849.0 189.0 849.0 29.0 6.0 29.0 
2 4 1.26 1.26 87.0 34.0 87.0 849.0 189.0 849.0 29.0 6.0 29.0 888.0 397.0 888.0 
2 5 1.98 1.98 87.0 34.0 87.0 849.0 189.0 849.0 29.0 6.0 29.0 888.0 397.0 888.0 261.0 186.0 261.0 
2 3 1.67 1.67 388.0 149.0 388.0 30.0 29.0 30.0 92.0 30.0 92.0 
2 3 1.57 1.57 417.0 261.0 417.0 286.0 58.0 286.0 467.0 350.0 467.0 
2 4 1.94 1.94 417.0 261.0 417.0 286.0 58.0 286.0 467.0 350.0 467.0 90.0 33.0 90.0 
2 3 1.13 1.13 988.0 943.0 988.0 123.0 10.0 123.0 631.0 63.0 631.0 
2 4 1.46 1.46 988.0 943.0 988.0 123.0 10.0 123.0 631.0 63.0 631.0 624.0 203.0 624.0 
2 5 1.91 1.91 988.0 943.0 988.0 123.0 10.0 123.0 631.0 63.0 631.0 624.0 203.0 624.0 837.0 377.0 837.0 
2 3 1.98 1.98 112.0 38.0 112.0 132.0 120.0 132.0 782.0 574.0 782.0 
2 3 1.65 1.65 579.0 409.0 579.0 840.0 485.0 840.0 782.0 294.0 782.0 
2 3 1.13 1.13 289.0 145.0 289.0 726.0 268.0 726.0 199.0 53.0 199.0 
2 3 1.31 1.31 528.0 43.0 528.0 21.0 17.0 21.0 571.0 240.0 571.0 
2 4 1.67 1.67 528.0 43.0 528.0 21.0 17.0 21.0 571.0 240.0 571.0 325.0 118.0 325.0 
2 5 1.88 1.88 528.0 43.0 528.0 21.0 17.0 21.0 571.0 240.0 571.0 325.0 118.0 325.0 766.0 158.0 766.0 
2 6 1.91 1.91 528.0 43.0 528.0 21.0 17.0 21.0 571.0 240.0 571.0 325.0 118.0 325.0 766.0 158.0 766.0 480.0 16.0 480.0 
2 3 1.14 1.14 816.0 65.0 816.0 854.0 252.0 854.0 165.0 127.0 165.0 
2 4 1.39 1.39 816.0 65.0 816.0 854.0 252.0 854.0 165.0 127.0 165.0 415.0 105.0 415.0 
2 5 1.63 1.63 816.0 65.0 816.0 854.0 252.0 854.0 165.0 127.0 165.0 415.0 105.0 415.0 81.0 19.0 81.0 
2 6 1.98 1.98 816.0 65.0 816.0 854.0 252.0 854.0 165.0 127.0 165.0 415.0 105.0 415.0 81.0 19.0 81.0 815.0 286.0 815.0 
2 3 1.71 1.71 221.0 107.0 221.0 544.0 283.0 544.0 117.0 83.0 117.0 
2 4 1.9 1.9 221.0 107.0 221.0 544.0 283.0 544.0 117.0 83.0 117.0 37.0 7.0 37.0 
2 3 1.08 1.08 685.0 223.0 685.0 235.0 164.0 235.0 699.0 40.0 699.0 
2 4 1.61 1.61 685.0 223.0 685.0 235.0 164.0 235.0 699.0 40.0 699.0 404.0 215.0 404.0 
2 5 1.94 1.94 685.0 223.0 685.0 235.0 164.0 235.0 699.0 40.0 699.0 404.0 215.0 404.0 138.0 46.0 138.0 
2 3 1.47 1.47 58.0 37.0 58.0 875.0 661.0 875.0 239.0 20.0 239.0 
2 3 1.16 1.16 807.0 343.0 807.0 898.0 615.0 898.0 169.0 9.0 169.0 
2 4 1.47 1.47 807.0 343.0 807.0 898.0 615.0 898.0 169.0 9.0 169.0 745.0 232.0 745.0 
2 5 1.55 1.55 807.0 343.0 807.0 898.0 615.0 898.0 169.0 9.0 169.0 745.0 232.0 745.0 683.0 54.0 683.0 
2 6 1.78 1.78 807.0 343.0 807.0 898.0 615.0 898.0 169.0 9.0 169.0 745.0 232.0 745.0 683.0 54.0 683.0 940.0 222.0 940.0 
2 3 1.25 1.25 317.0 145.0 317.0 325.0 28.0 325.0 470.0 334.0 470.0 
2 4 1.37 1.37 317.0 145.0 317.0 325.0 28.0 325.0 470.0 334.0 470.0 202.0 24.0 202.0 
2 5 1.92 1.92 317.0 145.0 317.0 325.0 28.0 325.0 470.0 334.0 470.0 202.0 24.0 202.0 119.0 66.0 119.0 
2 3 1.22 1.22 777.0 693.0 777.0 693.0 165.0 693.0 11.0 1.0 11.0 
2 4 1.48 1.48 777.0 693.0 777.0 693.0 165.0 693.0 11.0 1.0 11.0 413.0 110.0 413.0 
2 5 1.53 1.53 777.0 693.0 777.0 693.0 165.0 693.0 11.0 1.0 11.0 413.0 110.0 413.0 759.0 40.0 759.0 
2 6 1.58 1.58 777.0 693.0 777.0 693.0 165.0 693.0 11.0 1.0 11.0 413.0 110.0 413.0 759.0 40.0 759.0 90.0 4.0 90.0 
2 7 1.71 1.71 777.0 693.0 777.0 693.0 165.0 693.0 11.0 1.0 11.0 413.0 110.0 413.0 759.0 40.0 759.0 90.0 4.0 90.0 451.0 59.0 451.0 
2 3 1.63 1.63 9.0 8.0 9.0 35.0 25.0 35.0 756.0 25.0 756.0 
2 3 1.65 1.65 474.0 360.0 474.0 589.0 292.0 589.0 922.0 366.0 922.0 
2 4 1.95 1.95 474.0 360.0 474.0 589.0 292.0 589.0 922.0 366.0 922.0 221.0 66.0 221.0 
2 3 1.64 1.64 131.0 26.0 131.0 931.0 440.0 931.0 68.0 66.0 68.0 
2 4 1.71 1.71 131.0 26.0 131.0 931.0 440.0 931.0 68.0 66.0 68.0 770.0 56.0 770.0 
2 5 1.81 1.81 131.0 26.0 131.0 931.0 440.0 931.0 68.0 66.0 68.0 770.0 56.0 770.0 440.0 46.0 440.0 
2 3 1.06 1.06 824.0 516.0 824.0 409.0 145.0 409.0 733.0 60.0 733.0 
2 4 1.13 1.13 824.0 516.0 824.0 409.0 145.0 409.0 733.0 60.0 733.0 42.0 3.0 42.0 
2 5 1.44 1.44 824.0 516.0 824.0 409.0 145.0 409.0 733.0 60.0 733.0 42.0 3.0 42.0 745.0 235.0 745.0 
2 6 1.53 1.53 824.0 516.0 824.0 409.0 145.0 409.0 733.0 60.0 733.0 42.0 3.0 42.0 745.0 235.0 745.0 158.0 13.0 158.0 
2 3 1.3 1.3 157.0 53.0 157.0 124.0 37.0 124.0 886.0 594.0 886.0 
2 3 1.11 1.11 897.0 389.0 897.0 28.0 12.0 28.0 541.0 137.0 541.0 
2 4 1.14 1.14 897.0 389.0 897.0 28.0 12.0 28.0 541.0 137.0 541.0 989.0 33.0 989.0 
2 5 1.98 1.98 897.0 389.0 897.0 28.0 12.0 28.0 541.0 137.0 541.0 989.0 33.0 989.0 421.0 350.0 421.0 
2 3 1.02 1.02 565.0 12.0 565.0 568.0 501.0 568.0 465.0 55.0 465.0 
2 4 1.5 1.5 565.0 12.0 565.0 568.0 501.0 568.0 465.0 55.0 465.0 837.0 402.0 837.0 
2 3 1.75 1.75 614.0 506.0 614.0 143.0 26.0 143.0 107.0 80.0 107.0 
2 3 1.19 1.19 540.0 75.0 540.0 106.0 89.0 106.0 767.0 167.0 767.0 
2 4 1.81 1.81 540.0 75.0 540.0 106.0 89.0 106.0 767.0 167.0 767.0 988.0 608.0 988.0 
2 5 1.99 1.99 540.0 75.0 540.0 106.0 89.0 106.0 767.0 167.0 767.0 988.0 608.0 988.0 617.0 112.0 617.0 
2 3 1.3 1.3 917.0 793.0 917.0 915.0 12.0 915.0 42.0 18.0 42.0 
2 4 1.66 1.66 917.0 793.0 917.0 915.0 12.0 915.0 42.0 18.0 42.0 380.0 135.0 380.0 
2 3 0.94 0.94 839.0 230.0 839.0 271.0 66.0 271.0 327.0 141.0 327.0 
2 4 1.35 1.35 839.0 230.0 839.0 271.0 66.0 271.0 327.0 141.0 327.0 753.0 308.0 753.0 
2 5 1.91 1.91 839.0 230.0 839.0 271.0 66.0 271.0 327.0 141.0 327.0 753.0 308.0 753.0 292.0 163.0 292.0 
2 3 1.44 1.44 66.0 19.0 66.0 698.0 467.0 698.0 845.0 416.0 845.0 
2 3 1.2 1.2 759.0 421.0 759.0 283.0 107.0 283.0 574.0 157.0 574.0 
2 4 1.66 1.66 759.0 421.0 759.0 283.0 107.0 283.0 574.0 157.0 574.0 776.0 358.0 776.0 
2 5 1.73 1.73 759.0 421.0 759.0 283.0 107.0 283.0 574.0 157.0 574.0 776.0 358.0 776.0 971.0 67.0 971.0 
2 3 0.6 0.6 800.0 79.0 800.0 246.0 39.0 246.0 426.0 149.0 426.0 
2 4 1.06 1.06 800.0 79.0 800.0 246.0 39.0 246.0 426.0 149.0 426.0 154.0 71.0 154.0 
2 5 1.93 1.93 800.0 79.0 800.0 246.0 39.0 246.0 426.0 149.0 426.0 154.0 71.0 154.0 202.0 176.0 202.0 
2 3 1.07 1.07 831.0 680.0 831.0 139.0 23.0 139.0 534.0 49.0 534.0 
2 3 1.19 1.19 652.0 107.0 652.0 278.0 199.0 278.0 150.0 47.0 150.0 
2 4 1.97 1.97 652.0 107.0 652.0 278.0 199.0 278.0 150.0 47.0 150.0 831.0 646.0 831.0 
2 3 1.3 1.3 460.0 183.0 460.0 922.0 420.0 922.0 865.0 392.0 865.0 
2 4 1.7 1.7 460.0 183.0 460.0 922.0 420.0 922.0 865.0 392.0 865.0 948.0 382.0 948.0 
2 5 1.74 1.74 460.0 183.0 460.0 922.0 420.0 922.0 865.0 392.0 865.0 948.0 382.0 948.0 898.0 35.0 898.0 
2 3 1.58 1.58 802.0 684.0 802.0 68.0 40.0 68.0 155.0 22.0 155.0 
2 3 0.65 0.65 699.0 262.0 699.0 424.0 60.0 424.0 474.0 66.0 474.0 
2 4 0.85 0.85 699.0 262.0 699.0 424.0 60.0 424.0 474.0 66.0 474.0 622.0 121.0 622.0 
2 5 1.79 1.79 699.0 262.0 699.0 424.0 60.0 424.0 474.0 66.0 474.0 622.0 121.0 622.0 704.0 662.0 704.0 
2 3 1.74 1.74 738.0 181.0 738.0 130.0 72.0 130.0 853.0 805.0 853.0 
2 4 1.99 1.99 738.0 181.0 738.0 130.0 72.0 130.0 853.0 805.0 853.0 494.0 125.0 494.0 
2 3 1.59 1.59 388.0 59.0 388.0 39.0 23.0 39.0 440.0 375.0 440.0 
2 4 1.8 1.8 388.0 59.0 388.0 39.0 23.0 39.0 440.0 375.0 440.0 919.0 197.0 919.0 
2 5 1.86 1.86 388.0 59.0 388.0 39.0 23.0 39.0 440.0 375.0 440.0 919.0 197.0 919.0 150.0 9.0 150.0 
2 3 1.19 1.19 741.0 352.0 741.0 335.0 177.0 335.0 83.0 16.0 83.0 
2 4 1.2 1.2 741.0 352.0 741.0 335.0 177.0 335.0 83.0 16.0 83.0 442.0 6.0 442.0 
2 5 1.24 1.24 741.0 352.0 741.0 335.0 177.0 335.0 83.0 16.0 83.0 442.0 6.0 442.0 235.0 8.0 235.0 
2 6 1.59 1.59 741.0 352.0 741.0 335.0 177.0 335.0 83.0 16.0 83.0 442.0 6.0 442.0 235.0 8.0 235.0 571.0 203.0 571.0 
2 3 0.65 0.65 507.0 11.0 507.0 582.0 345.0 582.0 713.0 32.0 713.0 
2 4 1.63 1.63 507.0 11.0 507.0 582.0 345.0 582.0 713.0 32.0 713.0 151.0 148.0 151.0 
2 3 1.42 1.42 264.0 83.0 264.0 39.0 27.0 39.0 500.0 208.0 500.0 
2 3 0.57 0.57 382.0 153.0 382.0 789.0 116.0 789.0 401.0 10.0 401.0 
2 4 0.88 0.88 382.0 153.0 382.0 789.0 116.0 789.0 401.0 10.0 401.0 634.0 199.0 634.0 
2 5 1.4 1.4 382.0 153.0 382.0 789.0 116.0 789.0 401.0 10.0 401.0 634.0 199.0 634.0 98.0 51.0 98.0 
2 6 1.46 1.46 382.0 153.0 382.0 789.0 116.0 789.0 401.0 10.0 401.0 634.0 199.0 634.0 98.0 51.0 98.0 238.0 13.0 238.0 
2 7 1.49 1.49 382.0 153.0 382.0 789.0 116.0 789.0 401.0 10.0 401.0 634.0 199.0 634.0 98.0 51.0 98.0 238.0 13.0 238.0 319.0 10.0 319.0 
2 3 1.88 1.88 209.0 134.0 209.0 844.0 319.0 844.0 51.0 44.0 51.0 
2 3 1.33 1.33 448.0 148.0 448.0 314.0 250.0 314.0 682.0 140.0 682.0 
2 3 1.26 1.26 465.0 75.0 465.0 467.0 454.0 467.0 645.0 85.0 645.0 
2 4 1.7 1.7 465.0 75.0 465.0 467.0 454.0 467.0 645.0 85.0 645.0 801.0 353.0 801.0 
2 3 1.38 1.38 810.0 409.0 810.0 384.0 157.0 384.0 699.0 329.0 699.0 
