1 2 0.3 0.3 816.0 142.0 816.0 345.0 45.0 345.0 
1 3 0.57 0.57 816.0 142.0 816.0 345.0 45.0 345.0 887.0 242.0 887.0 
1 4 0.65 0.65 816.0 142.0 816.0 345.0 45.0 345.0 887.0 242.0 887.0 932.0 73.0 932.0 
1 5 0.92 0.92 816.0 142.0 816.0 345.0 45.0 345.0 887.0 242.0 887.0 932.0 73.0 932.0 868.0 234.0 868.0 
1 2 0.66 0.66 332.0 116.0 332.0 256.0 82.0 256.0 
1 2 0.79 0.79 837.0 336.0 837.0 565.0 225.0 565.0 
1 2 0.96 0.96 825.0 337.0 825.0 9.0 5.0 9.0 
1 2 0.73 0.73 817.0 194.0 817.0 598.0 295.0 598.0 
1 3 0.83 0.83 817.0 194.0 817.0 598.0 295.0 598.0 998.0 107.0 998.0 
1 4 0.92 0.92 817.0 194.0 817.0 598.0 295.0 598.0 998.0 107.0 998.0 913.0 76.0 913.0 
1 2 0.61 0.61 772.0 210.0 772.0 908.0 308.0 908.0 
1 3 0.82 0.82 772.0 210.0 772.0 908.0 308.0 908.0 617.0 133.0 617.0 
1 2 0.47 0.47 66.0 15.0 66.0 309.0 76.0 309.0 
1 3 0.82 0.82 66.0 15.0 66.0 309.0 76.0 309.0 207.0 73.0 207.0 
1 2 0.6 0.6 607.0 54.0 607.0 966.0 502.0 966.0 
1 3 0.86 0.86 607.0 54.0 607.0 966.0 502.0 966.0 617.0 158.0 617.0 
1 2 0.44 0.44 804.0 130.0 804.0 411.0 117.0 411.0 
1 3 0.74 0.74 804.0 130.0 804.0 411.0 117.0 411.0 317.0 95.0 317.0 
1 4 0.79 0.79 804.0 130.0 804.0 411.0 117.0 411.0 317.0 95.0 317.0 661.0 30.0 661.0 
1 2 0.99 0.99 931.0 334.0 931.0 358.0 227.0 358.0 
1 2 0.45 0.45 552.0 10.0 552.0 402.0 175.0 402.0 
1 3 0.7 0.7 552.0 10.0 552.0 402.0 175.0 402.0 108.0 27.0 108.0 
1 2 0.3 0.3 711.0 1.0 711.0 768.0 233.0 768.0 
1 3 0.41 0.41 711.0 1.0 711.0 768.0 233.0 768.0 552.0 62.0 552.0 
1 4 0.67 0.67 711.0 1.0 711.0 768.0 233.0 768.0 552.0 62.0 552.0 438.0 111.0 438.0 
1 5 0.92 0.92 711.0 1.0 711.0 768.0 233.0 768.0 552.0 62.0 552.0 438.0 111.0 438.0 20.0 5.0 20.0 
1 2 0.55 0.55 586.0 32.0 586.0 64.0 32.0 64.0 
1 3 0.66 0.66 586.0 32.0 586.0 64.0 32.0 64.0 883.0 96.0 883.0 
1 2 0.57 0.57 890.0 192.0 890.0 364.0 131.0 364.0 
1 3 0.74 0.74 890.0 192.0 890.0 364.0 131.0 364.0 585.0 101.0 585.0 
1 2 0.67 0.67 731.0 190.0 731.0 645.0 267.0 645.0 
1 3 0.9 0.9 731.0 190.0 731.0 645.0 267.0 645.0 625.0 147.0 625.0 
1 2 0.81 0.81 81.0 14.0 81.0 784.0 505.0 784.0 
1 3 0.97 0.97 81.0 14.0 81.0 784.0 505.0 784.0 778.0 126.0 778.0 
1 2 0.66 0.66 485.0 235.0 485.0 282.0 51.0 282.0 
1 3 0.76 0.76 485.0 235.0 485.0 282.0 51.0 282.0 672.0 66.0 672.0 
1 4 0.84 0.84 485.0 235.0 485.0 282.0 51.0 282.0 672.0 66.0 672.0 449.0 35.0 449.0 
1 2 0.52 0.52 873.0 228.0 873.0 117.0 31.0 117.0 
1 3 0.64 0.64 873.0 228.0 873.0 117.0 31.0 117.0 52.0 6.0 52.0 
1 2 0.9 0.9 130.0 62.0 130.0 14.0 6.0 14.0 
1 2 0.97 0.97 841.0 558.0 841.0 251.0 78.0 251.0 
1 2 0.84 0.84 179.0 70.0 179.0 917.0 414.0 917.0 
1 2 0.65 0.65 697.0 321.0 697.0 328.0 64.0 328.0 
1 2 0.53 0.53 365.0 49.0 365.0 644.0 256.0 644.0 
1 3 0.87 0.87 365.0 49.0 365.0 644.0 256.0 644.0 685.0 233.0 685.0 
1 2 0.83 0.83 934.0 60.0 934.0 705.0 540.0 705.0 
1 3 0.97 0.97 934.0 60.0 934.0 705.0 540.0 705.0 666.0 96.0 666.0 
1 2 0.29 0.29 762.0 217.0 762.0 921.0 14.0 921.0 
1 3 0.76 0.76 762.0 217.0 762.0 921.0 14.0 921.0 52.0 24.0 52.0 
1 2 0.98 0.98 460.0 277.0 460.0 535.0 207.0 535.0 
1 2 0.41 0.41 644.0 184.0 644.0 814.0 105.0 814.0 
1 3 0.75 0.75 644.0 184.0 644.0 814.0 105.0 814.0 44.0 15.0 44.0 
1 2 0.27 0.27 346.0 7.0 346.0 472.0 120.0 472.0 
1 3 0.76 0.76 346.0 7.0 346.0 472.0 120.0 472.0 272.0 133.0 272.0 
1 2 0.45 0.45 655.0 162.0 655.0 433.0 92.0 433.0 
1 3 0.51 0.51 655.0 162.0 655.0 433.0 92.0 433.0 894.0 48.0 894.0 
1 4 0.86 0.86 655.0 162.0 655.0 433.0 92.0 433.0 894.0 48.0 894.0 844.0 297.0 844.0 
1 2 0.81 0.81 905.0 395.0 905.0 196.0 75.0 196.0 
1 3 0.83 0.83 905.0 395.0 905.0 196.0 75.0 196.0 644.0 10.0 644.0 
1 4 0.93 0.93 905.0 395.0 905.0 196.0 75.0 196.0 644.0 10.0 644.0 162.0 16.0 162.0 
1 2 0.73 0.73 246.0 123.0 246.0 433.0 101.0 433.0 
1 2 0.54 0.54 885.0 346.0 885.0 33.0 5.0 33.0 
1 3 0.55 0.55 885.0 346.0 885.0 33.0 5.0 33.0 934.0 8.0 934.0 
1 4 0.75 0.75 885.0 346.0 885.0 33.0 5.0 33.0 934.0 8.0 934.0 903.0 186.0 903.0 
1 5 0.76 0.76 885.0 346.0 885.0 33.0 5.0 33.0 934.0 8.0 934.0 903.0 186.0 903.0 608.0 4.0 608.0 
1 2 0.47 0.47 316.0 47.0 316.0 89.0 29.0 89.0 
1 3 0.57 0.57 316.0 47.0 316.0 89.0 29.0 89.0 235.0 23.0 235.0 
1 4 0.7 0.7 316.0 47.0 316.0 89.0 29.0 89.0 235.0 23.0 235.0 589.0 81.0 589.0 
1 2 0.81 0.81 363.0 162.0 363.0 995.0 371.0 995.0 
1 2 0.39 0.39 654.0 70.0 654.0 542.0 157.0 542.0 
1 3 0.4 0.4 654.0 70.0 654.0 542.0 157.0 542.0 969.0 5.0 969.0 
1 4 0.82 0.82 654.0 70.0 654.0 542.0 157.0 542.0 969.0 5.0 969.0 377.0 161.0 377.0 
1 5 0.95 0.95 654.0 70.0 654.0 542.0 157.0 542.0 969.0 5.0 969.0 377.0 161.0 377.0 453.0 58.0 453.0 
1 2 0.64 0.64 461.0 142.0 461.0 283.0 94.0 283.0 
1 3 0.68 0.68 461.0 142.0 461.0 283.0 94.0 283.0 195.0 9.0 195.0 
1 2 0.87 0.87 659.0 25.0 659.0 6.0 5.0 6.0 
1 2 0.28 0.28 538.0 146.0 538.0 448.0 4.0 448.0 
1 3 0.54 0.54 538.0 146.0 538.0 448.0 4.0 448.0 49.0 13.0 49.0 
1 2 0.45 0.45 515.0 46.0 515.0 563.0 208.0 563.0 
1 3 0.64 0.64 515.0 46.0 515.0 563.0 208.0 563.0 860.0 156.0 860.0 
1 4 0.97 0.97 515.0 46.0 515.0 563.0 208.0 563.0 860.0 156.0 860.0 691.0 234.0 691.0 
1 5 0.98 0.98 515.0 46.0 515.0 563.0 208.0 563.0 860.0 156.0 860.0 691.0 234.0 691.0 967.0 3.0 967.0 
1 2 0.51 0.51 612.0 283.0 612.0 225.0 11.0 225.0 
1 3 0.78 0.78 612.0 283.0 612.0 225.0 11.0 225.0 451.0 123.0 451.0 
1 2 0.71 0.71 313.0 102.0 313.0 380.0 146.0 380.0 
1 2 0.8 0.8 716.0 356.0 716.0 903.0 274.0 903.0 
1 3 0.87 0.87 716.0 356.0 716.0 903.0 274.0 903.0 977.0 70.0 977.0 
1 2 0.12 0.12 372.0 8.0 372.0 208.0 22.0 208.0 
1 3 0.52 0.52 372.0 8.0 372.0 208.0 22.0 208.0 834.0 333.0 834.0 
1 4 0.76 0.76 372.0 8.0 372.0 208.0 22.0 208.0 834.0 333.0 834.0 352.0 85.0 352.0 
1 5 0.93 0.93 372.0 8.0 372.0 208.0 22.0 208.0 834.0 333.0 834.0 352.0 85.0 352.0 800.0 135.0 800.0 
1 2 0.24 0.24 965.0 165.0 965.0 469.0 34.0 469.0 
1 3 0.44 0.44 965.0 165.0 965.0 469.0 34.0 469.0 327.0 67.0 327.0 
1 4 0.56 0.56 965.0 165.0 965.0 469.0 34.0 469.0 327.0 67.0 327.0 865.0 104.0 865.0 
1 5 0.87 0.87 965.0 165.0 965.0 469.0 34.0 469.0 327.0 67.0 327.0 865.0 104.0 865.0 283.0 86.0 283.0 
1 2 0.64 0.64 421.0 96.0 421.0 721.0 301.0 721.0 
1 2 0.37 0.37 165.0 54.0 165.0 435.0 19.0 435.0 
1 2 0.26 0.26 155.0 15.0 155.0 582.0 99.0 582.0 
1 3 0.5 0.5 155.0 15.0 155.0 582.0 99.0 582.0 149.0 36.0 149.0 
1 4 0.71 0.71 155.0 15.0 155.0 582.0 99.0 582.0 149.0 36.0 149.0 838.0 170.0 838.0 
1 2 0.24 0.24 31.0 3.0 31.0 422.0 62.0 422.0 
1 3 0.43 0.43 31.0 3.0 31.0 422.0 62.0 422.0 403.0 77.0 403.0 
1 4 0.48 0.48 31.0 3.0 31.0 422.0 62.0 422.0 403.0 77.0 403.0 419.0 22.0 419.0 
1 5 0.58 0.58 31.0 3.0 31.0 422.0 62.0 422.0 403.0 77.0 403.0 419.0 22.0 419.0 705.0 72.0 705.0 
1 6 0.75 0.75 31.0 3.0 31.0 422.0 62.0 422.0 403.0 77.0 403.0 419.0 22.0 419.0 705.0 72.0 705.0 723.0 123.0 723.0 
1 2 0.39 0.39 653.0 35.0 653.0 184.0 62.0 184.0 
1 3 0.59 0.59 653.0 35.0 653.0 184.0 62.0 184.0 859.0 173.0 859.0 
1 2 0.61 0.61 381.0 127.0 381.0 635.0 179.0 635.0 
1 2 0.47 0.47 418.0 51.0 418.0 901.0 317.0 901.0 
1 2 0.28 0.28 628.0 16.0 628.0 244.0 63.0 244.0 
1 3 0.63 0.63 628.0 16.0 628.0 244.0 63.0 244.0 143.0 50.0 143.0 
1 4 0.77 0.77 628.0 16.0 628.0 244.0 63.0 244.0 143.0 50.0 143.0 117.0 16.0 117.0 
1 2 0.52 0.52 67.0 25.0 67.0 675.0 103.0 675.0 
1 3 0.61 0.61 67.0 25.0 67.0 675.0 103.0 675.0 76.0 7.0 76.0 
1 2 0.44 0.44 359.0 104.0 359.0 25.0 4.0 25.0 
1 3 0.77 0.77 359.0 104.0 359.0 25.0 4.0 25.0 532.0 174.0 532.0 
1 2 0.48 0.48 319.0 100.0 319.0 6.0 1.0 6.0 
1 3 0.78 0.78 319.0 100.0 319.0 6.0 1.0 6.0 987.0 299.0 987.0 
1 2 0.35 0.35 999.0 111.0 999.0 261.0 63.0 261.0 
1 3 0.83 0.83 999.0 111.0 999.0 261.0 63.0 261.0 940.0 453.0 940.0 
1 2 0.61 0.61 703.0 248.0 703.0 619.0 161.0 619.0 
1 3 0.8 0.8 703.0 248.0 703.0 619.0 161.0 619.0 388.0 73.0 388.0 
1 2 0.89 0.89 442.0 333.0 442.0 588.0 86.0 588.0 
1 2 0.34 0.34 524.0 178.0 524.0 260.0 2.0 260.0 
1 3 0.73 0.73 524.0 178.0 524.0 260.0 2.0 260.0 568.0 220.0 568.0 
1 2 0.66 0.66 812.0 256.0 812.0 531.0 184.0 531.0 
1 3 0.97 0.97 812.0 256.0 812.0 531.0 184.0 531.0 897.0 279.0 897.0 
1 2 0.83 0.83 229.0 88.0 229.0 685.0 306.0 685.0 
1 3 0.87 0.87 229.0 88.0 229.0 685.0 306.0 685.0 851.0 41.0 851.0 
1 2 0.41 0.41 950.0 192.0 950.0 125.0 27.0 125.0 
1 3 0.47 0.47 950.0 192.0 950.0 125.0 27.0 125.0 730.0 44.0 730.0 
1 4 0.81 0.81 950.0 192.0 950.0 125.0 27.0 125.0 730.0 44.0 730.0 512.0 170.0 512.0 
1 5 0.86 0.86 950.0 192.0 950.0 125.0 27.0 125.0 730.0 44.0 730.0 512.0 170.0 512.0 500.0 25.0 500.0 
1 2 0.68 0.68 915.0 371.0 915.0 333.0 93.0 333.0 
1 2 0.38 0.38 87.0 15.0 87.0 259.0 55.0 259.0 
1 3 0.4 0.4 87.0 15.0 87.0 259.0 55.0 259.0 571.0 12.0 571.0 
1 2 0.57 0.57 770.0 124.0 770.0 554.0 227.0 554.0 
1 2 0.78 0.78 165.0 79.0 165.0 775.0 234.0 775.0 
1 3 0.82 0.82 165.0 79.0 165.0 775.0 234.0 775.0 45.0 2.0 45.0 
1 4 0.88 0.88 165.0 79.0 165.0 775.0 234.0 775.0 45.0 2.0 45.0 343.0 20.0 343.0 
1 2 0.48 0.48 178.0 69.0 178.0 110.0 11.0 110.0 
1 3 0.68 0.68 178.0 69.0 178.0 110.0 11.0 110.0 722.0 139.0 722.0 
1 2 0.6 0.6 599.0 69.0 599.0 559.0 276.0 559.0 
1 3 0.93 0.93 599.0 69.0 599.0 559.0 276.0 559.0 999.0 323.0 999.0 
1 2 0.27 0.27 402.0 55.0 402.0 229.0 31.0 229.0 
1 3 0.66 0.66 402.0 55.0 402.0 229.0 31.0 229.0 994.0 386.0 994.0 
1 4 0.79 0.79 402.0 55.0 402.0 229.0 31.0 229.0 994.0 386.0 994.0 903.0 122.0 903.0 
1 2 0.45 0.45 439.0 135.0 439.0 694.0 104.0 694.0 
1 3 0.59 0.59 439.0 135.0 439.0 694.0 104.0 694.0 454.0 61.0 454.0 
1 4 0.6 0.6 439.0 135.0 439.0 694.0 104.0 694.0 454.0 61.0 454.0 174.0 2.0 174.0 
1 5 0.69 0.69 439.0 135.0 439.0 694.0 104.0 694.0 454.0 61.0 454.0 174.0 2.0 174.0 835.0 75.0 835.0 
1 2 0.46 0.46 85.0 18.0 85.0 68.0 17.0 68.0 
1 3 0.81 0.81 85.0 18.0 85.0 68.0 17.0 68.0 844.0 302.0 844.0 
1 2 0.59 0.59 488.0 211.0 488.0 282.0 46.0 282.0 
1 2 0.91 0.91 66.0 31.0 66.0 244.0 109.0 244.0 
1 2 0.92 0.92 753.0 341.0 753.0 104.0 49.0 104.0 
1 2 0.17 0.17 733.0 40.0 733.0 177.0 21.0 177.0 
1 3 0.6 0.6 733.0 40.0 733.0 177.0 21.0 177.0 272.0 118.0 272.0 
1 2 0.09 0.09 950.0 25.0 950.0 452.0 29.0 452.0 
1 3 0.53 0.53 950.0 25.0 950.0 452.0 29.0 452.0 954.0 421.0 954.0 
1 2 0.4 0.4 105.0 8.0 105.0 802.0 261.0 802.0 
1 3 0.69 0.69 105.0 8.0 105.0 802.0 261.0 802.0 836.0 243.0 836.0 
1 2 0.9 0.9 937.0 443.0 937.0 961.0 414.0 961.0 
1 2 0.69 0.69 354.0 99.0 354.0 926.0 389.0 926.0 
1 3 0.94 0.94 354.0 99.0 354.0 926.0 389.0 926.0 192.0 47.0 192.0 
1 2 0.85 0.85 669.0 172.0 669.0 457.0 275.0 457.0 
1 2 0.84 0.84 411.0 205.0 411.0 793.0 277.0 793.0 
1 3 0.93 0.93 411.0 205.0 411.0 793.0 277.0 793.0 302.0 25.0 302.0 
1 2 0.04 0.04 981.0 27.0 981.0 391.0 7.0 391.0 
1 3 0.18 0.18 981.0 27.0 981.0 391.0 7.0 391.0 703.0 101.0 703.0 
1 4 0.38 0.38 981.0 27.0 981.0 391.0 7.0 391.0 703.0 101.0 703.0 361.0 71.0 361.0 
1 5 0.53 0.53 981.0 27.0 981.0 391.0 7.0 391.0 703.0 101.0 703.0 361.0 71.0 361.0 887.0 129.0 887.0 
1 6 0.68 0.68 981.0 27.0 981.0 391.0 7.0 391.0 703.0 101.0 703.0 361.0 71.0 361.0 887.0 129.0 887.0 510.0 79.0 510.0 
1 7 0.98 0.98 981.0 27.0 981.0 391.0 7.0 391.0 703.0 101.0 703.0 361.0 71.0 361.0 887.0 129.0 887.0 510.0 79.0 510.0 485.0 147.0 485.0 
1 2 0.87 0.87 115.0 44.0 115.0 883.0 437.0 883.0 
1 2 0.16 0.16 358.0 7.0 358.0 288.0 43.0 288.0 
1 3 0.19 0.19 358.0 7.0 358.0 288.0 43.0 288.0 84.0 2.0 84.0 
1 4 0.51 0.51 358.0 7.0 358.0 288.0 43.0 288.0 84.0 2.0 84.0 148.0 47.0 148.0 
1 5 0.53 0.53 358.0 7.0 358.0 288.0 43.0 288.0 84.0 2.0 84.0 148.0 47.0 148.0 531.0 11.0 531.0 
1 6 0.71 0.71 358.0 7.0 358.0 288.0 43.0 288.0 84.0 2.0 84.0 148.0 47.0 148.0 531.0 11.0 531.0 129.0 24.0 129.0 
1 7 0.77 0.77 358.0 7.0 358.0 288.0 43.0 288.0 84.0 2.0 84.0 148.0 47.0 148.0 531.0 11.0 531.0 129.0 24.0 129.0 145.0 8.0 145.0 
1 8 0.85 0.85 358.0 7.0 358.0 288.0 43.0 288.0 84.0 2.0 84.0 148.0 47.0 148.0 531.0 11.0 531.0 129.0 24.0 129.0 145.0 8.0 145.0 515.0 44.0 515.0 
1 2 0.74 0.74 151.0 55.0 151.0 628.0 238.0 628.0 
1 2 0.5 0.5 257.0 39.0 257.0 979.0 350.0 979.0 
1 3 0.75 0.75 257.0 39.0 257.0 979.0 350.0 979.0 700.0 172.0 700.0 
1 2 0.73 0.73 913.0 295.0 913.0 874.0 356.0 874.0 
1 3 0.93 0.93 913.0 295.0 913.0 874.0 356.0 874.0 788.0 165.0 788.0 
1 2 0.64 0.64 965.0 196.0 965.0 18.0 8.0 18.0 
1 2 0.75 0.75 644.0 236.0 644.0 191.0 74.0 191.0 
1 2 0.47 0.47 469.0 91.0 469.0 36.0 10.0 36.0 
1 3 0.82 0.82 469.0 91.0 469.0 36.0 10.0 36.0 829.0 292.0 829.0 
1 2 0.85 0.85 924.0 535.0 924.0 533.0 146.0 533.0 
1 2 0.67 0.67 68.0 20.0 68.0 309.0 118.0 309.0 
1 2 0.24 0.24 75.0 2.0 75.0 309.0 69.0 309.0 
1 3 0.38 0.38 75.0 2.0 75.0 309.0 69.0 309.0 999.0 139.0 999.0 
1 4 0.69 0.69 75.0 2.0 75.0 309.0 69.0 309.0 999.0 139.0 999.0 299.0 90.0 299.0 
1 2 0.88 0.88 807.0 390.0 807.0 540.0 218.0 540.0 
1 2 0.78 0.78 865.0 259.0 865.0 309.0 150.0 309.0 
1 2 0.35 0.35 817.0 224.0 817.0 996.0 80.0 996.0 
1 2 0.78 0.78 665.0 215.0 665.0 464.0 216.0 464.0 
1 2 0.97 0.97 494.0 462.0 494.0 201.0 8.0 201.0 
1 2 0.75 0.75 668.0 265.0 668.0 574.0 207.0 574.0 
1 2 0.76 0.76 39.0 16.0 39.0 197.0 70.0 197.0 
1 2 0.58 0.58 887.0 131.0 887.0 976.0 424.0 976.0 
1 2 0.38 0.38 393.0 76.0 393.0 875.0 166.0 875.0 
1 3 0.6 0.6 393.0 76.0 393.0 875.0 166.0 875.0 658.0 149.0 658.0 
1 2 0.69 0.69 817.0 356.0 817.0 81.0 21.0 81.0 
1 2 0.7 0.7 295.0 94.0 295.0 503.0 196.0 503.0 
1 3 0.88 0.88 295.0 94.0 295.0 503.0 196.0 503.0 893.0 161.0 893.0 
1 2 0.63 0.63 137.0 18.0 137.0 22.0 11.0 22.0 
1 3 0.68 0.68 137.0 18.0 137.0 22.0 11.0 22.0 748.0 39.0 748.0 
1 4 0.98 0.98 137.0 18.0 137.0 22.0 11.0 22.0 748.0 39.0 748.0 931.0 285.0 931.0 
1 2 0.26 0.26 257.0 67.0 257.0 144.0 1.0 144.0 
1 2 0.46 0.46 815.0 283.0 815.0 42.0 5.0 42.0 
1 3 0.54 0.54 815.0 283.0 815.0 42.0 5.0 42.0 377.0 28.0 377.0 
1 4 0.74 0.74 815.0 283.0 815.0 42.0 5.0 42.0 377.0 28.0 377.0 760.0 156.0 760.0 
1 5 0.84 0.84 815.0 283.0 815.0 42.0 5.0 42.0 377.0 28.0 377.0 760.0 156.0 760.0 138.0 14.0 138.0 
1 2 0.51 0.51 208.0 7.0 208.0 33.0 16.0 33.0 
1 2 0.51 0.51 505.0 196.0 505.0 519.0 66.0 519.0 
1 3 0.72 0.72 505.0 196.0 505.0 519.0 66.0 519.0 14.0 3.0 14.0 
1 4 0.95 0.95 505.0 196.0 505.0 519.0 66.0 519.0 14.0 3.0 14.0 585.0 132.0 585.0 
1 2 0.48 0.48 87.0 22.0 87.0 833.0 197.0 833.0 
1 3 0.82 0.82 87.0 22.0 87.0 833.0 197.0 833.0 979.0 331.0 979.0 
1 2 0.47 0.47 77.0 6.0 77.0 706.0 280.0 706.0 
1 3 0.57 0.57 77.0 6.0 77.0 706.0 280.0 706.0 301.0 30.0 301.0 
1 4 0.78 0.78 77.0 6.0 77.0 706.0 280.0 706.0 301.0 30.0 301.0 573.0 122.0 573.0 
1 5 0.95 0.95 77.0 6.0 77.0 706.0 280.0 706.0 301.0 30.0 301.0 573.0 122.0 573.0 116.0 20.0 116.0 
1 2 0.4 0.4 480.0 158.0 480.0 492.0 38.0 492.0 
1 2 0.32 0.32 236.0 28.0 236.0 298.0 62.0 298.0 
1 3 0.67 0.67 236.0 28.0 236.0 298.0 62.0 298.0 667.0 230.0 667.0 
1 2 0.54 0.54 884.0 200.0 884.0 202.0 65.0 202.0 
1 3 0.82 0.82 884.0 200.0 884.0 202.0 65.0 202.0 595.0 165.0 595.0 
1 4 0.83 0.83 884.0 200.0 884.0 202.0 65.0 202.0 595.0 165.0 595.0 510.0 4.0 510.0 
1 5 0.9 0.9 884.0 200.0 884.0 202.0 65.0 202.0 595.0 165.0 595.0 510.0 4.0 510.0 843.0 64.0 843.0 
1 2 0.17 0.17 411.0 7.0 411.0 269.0 42.0 269.0 
1 3 0.2 0.2 411.0 7.0 411.0 269.0 42.0 269.0 338.0 10.0 338.0 
1 4 0.58 0.58 411.0 7.0 411.0 269.0 42.0 269.0 338.0 10.0 338.0 888.0 343.0 888.0 
1 2 0.06 0.06 423.0 17.0 423.0 701.0 14.0 701.0 
1 3 0.07 0.07 423.0 17.0 423.0 701.0 14.0 701.0 789.0 12.0 789.0 
1 4 0.53 0.53 423.0 17.0 423.0 701.0 14.0 701.0 789.0 12.0 789.0 788.0 364.0 788.0 
1 5 0.81 0.81 423.0 17.0 423.0 701.0 14.0 701.0 789.0 12.0 789.0 788.0 364.0 788.0 960.0 263.0 960.0 
1 2 0.74 0.74 925.0 446.0 925.0 779.0 206.0 779.0 
1 2 0.16 0.16 588.0 55.0 588.0 708.0 50.0 708.0 
1 3 0.59 0.59 588.0 55.0 588.0 708.0 50.0 708.0 909.0 389.0 909.0 
1 2 0.16 0.16 664.0 6.0 664.0 126.0 20.0 126.0 
1 2 0.4 0.4 942.0 268.0 942.0 32.0 4.0 32.0 
1 3 0.56 0.56 942.0 268.0 942.0 32.0 4.0 32.0 566.0 86.0 566.0 
1 4 0.9 0.9 942.0 268.0 942.0 32.0 4.0 32.0 566.0 86.0 566.0 949.0 323.0 949.0 
1 2 0.5 0.5 625.0 147.0 625.0 871.0 233.0 871.0 
1 3 0.8 0.8 625.0 147.0 625.0 871.0 233.0 871.0 245.0 75.0 245.0 
1 2 0.54 0.54 470.0 24.0 470.0 415.0 205.0 415.0 
1 3 0.57 0.57 470.0 24.0 470.0 415.0 205.0 415.0 614.0 17.0 614.0 
1 4 0.88 0.88 470.0 24.0 470.0 415.0 205.0 415.0 614.0 17.0 614.0 539.0 167.0 539.0 
1 2 0.37 0.37 325.0 109.0 325.0 890.0 36.0 890.0 
1 3 0.43 0.43 325.0 109.0 325.0 890.0 36.0 890.0 393.0 22.0 393.0 
1 4 0.75 0.75 325.0 109.0 325.0 890.0 36.0 890.0 393.0 22.0 393.0 813.0 259.0 813.0 
1 5 0.8 0.8 325.0 109.0 325.0 890.0 36.0 890.0 393.0 22.0 393.0 813.0 259.0 813.0 59.0 3.0 59.0 
1 6 0.95 0.95 325.0 109.0 325.0 890.0 36.0 890.0 393.0 22.0 393.0 813.0 259.0 813.0 59.0 3.0 59.0 208.0 32.0 208.0 
1 2 0.38 0.38 531.0 97.0 531.0 267.0 55.0 267.0 
1 3 0.88 0.88 531.0 97.0 531.0 267.0 55.0 267.0 896.0 441.0 896.0 
1 2 0.46 0.46 477.0 96.0 477.0 897.0 233.0 897.0 
1 3 0.5 0.5 477.0 96.0 477.0 897.0 233.0 897.0 512.0 21.0 512.0 
1 4 0.81 0.81 477.0 96.0 477.0 897.0 233.0 897.0 512.0 21.0 512.0 926.0 290.0 926.0 
1 5 0.82 0.82 477.0 96.0 477.0 897.0 233.0 897.0 512.0 21.0 512.0 926.0 290.0 926.0 272.0 3.0 272.0 
1 2 0.91 0.91 294.0 131.0 294.0 595.0 282.0 595.0 
1 3 0.95 0.95 294.0 131.0 294.0 595.0 282.0 595.0 124.0 5.0 124.0 
1 2 0.33 0.33 252.0 38.0 252.0 38.0 7.0 38.0 
1 3 0.6 0.6 252.0 38.0 252.0 38.0 7.0 38.0 219.0 60.0 219.0 
1 2 0.41 0.41 971.0 244.0 971.0 293.0 49.0 293.0 
1 3 0.65 0.65 971.0 244.0 971.0 293.0 49.0 293.0 932.0 225.0 932.0 
1 2 0.36 0.36 249.0 25.0 249.0 289.0 77.0 289.0 
1 3 0.8 0.8 249.0 25.0 249.0 289.0 77.0 289.0 113.0 49.0 113.0 
1 4 0.91 0.91 249.0 25.0 249.0 289.0 77.0 289.0 113.0 49.0 113.0 680.0 76.0 680.0 
1 2 0.74 0.74 556.0 237.0 556.0 381.0 120.0 381.0 
1 2 0.49 0.49 179.0 53.0 179.0 418.0 83.0 418.0 
1 3 0.52 0.52 179.0 53.0 179.0 418.0 83.0 418.0 241.0 8.0 241.0 
1 2 0.19 0.19 835.0 95.0 835.0 219.0 17.0 219.0 
1 3 0.54 0.54 835.0 95.0 835.0 219.0 17.0 219.0 946.0 330.0 946.0 
1 4 0.57 0.57 835.0 95.0 835.0 219.0 17.0 219.0 946.0 330.0 946.0 113.0 4.0 113.0 
1 5 0.71 0.71 835.0 95.0 835.0 219.0 17.0 219.0 946.0 330.0 946.0 113.0 4.0 113.0 842.0 119.0 842.0 
1 6 0.91 0.91 835.0 95.0 835.0 219.0 17.0 219.0 946.0 330.0 946.0 113.0 4.0 113.0 842.0 119.0 842.0 667.0 129.0 667.0 
1 2 0.36 0.36 427.0 119.0 427.0 723.0 64.0 723.0 
1 3 0.5 0.5 427.0 119.0 427.0 723.0 64.0 723.0 931.0 124.0 931.0 
1 4 0.84 0.84 427.0 119.0 427.0 723.0 64.0 723.0 931.0 124.0 931.0 509.0 174.0 509.0 
1 2 0.53 0.53 626.0 247.0 626.0 258.0 36.0 258.0 
1 3 0.76 0.76 626.0 247.0 626.0 258.0 36.0 258.0 998.0 233.0 998.0 
1 4 0.97 0.97 626.0 247.0 626.0 258.0 36.0 258.0 998.0 233.0 998.0 574.0 119.0 574.0 
1 2 1.0 1.0 231.0 133.0 231.0 396.0 168.0 396.0 
1 2 0.49 0.49 192.0 70.0 192.0 539.0 69.0 539.0 
1 3 0.76 0.76 192.0 70.0 192.0 539.0 69.0 539.0 473.0 129.0 473.0 
1 4 0.94 0.94 192.0 70.0 192.0 539.0 69.0 539.0 473.0 129.0 473.0 916.0 165.0 916.0 
1 2 0.19 0.19 29.0 2.0 29.0 698.0 86.0 698.0 
1 3 0.66 0.66 29.0 2.0 29.0 698.0 86.0 698.0 770.0 361.0 770.0 
1 2 0.63 0.63 911.0 406.0 911.0 409.0 77.0 409.0 
1 3 0.87 0.87 911.0 406.0 911.0 409.0 77.0 409.0 927.0 221.0 927.0 
1 4 0.91 0.91 911.0 406.0 911.0 409.0 77.0 409.0 927.0 221.0 927.0 439.0 20.0 439.0 
1 2 0.3 0.3 868.0 195.0 868.0 710.0 56.0 710.0 
1 3 0.74 0.74 868.0 195.0 868.0 710.0 56.0 710.0 883.0 393.0 883.0 
1 2 0.57 0.57 859.0 160.0 859.0 278.0 109.0 278.0 
1 3 0.68 0.68 859.0 160.0 859.0 278.0 109.0 278.0 842.0 86.0 842.0 
1 4 0.93 0.93 859.0 160.0 859.0 278.0 109.0 278.0 842.0 86.0 842.0 292.0 75.0 292.0 
1 2 0.85 0.85 747.0 265.0 747.0 2.0 1.0 2.0 
1 2 0.59 0.59 779.0 185.0 779.0 144.0 52.0 144.0 
1 3 0.72 0.72 779.0 185.0 779.0 144.0 52.0 144.0 753.0 94.0 753.0 
1 4 0.96 0.96 779.0 185.0 779.0 144.0 52.0 144.0 753.0 94.0 753.0 406.0 100.0 406.0 
1 2 0.68 0.68 884.0 337.0 884.0 322.0 97.0 322.0 
1 2 0.69 0.69 49.0 25.0 49.0 397.0 73.0 397.0 
1 2 0.6 0.6 285.0 112.0 285.0 539.0 115.0 539.0 
1 2 0.49 0.49 218.0 5.0 218.0 946.0 449.0 946.0 
1 3 0.88 0.88 218.0 5.0 218.0 946.0 449.0 946.0 538.0 206.0 538.0 
1 4 0.92 0.92 218.0 5.0 218.0 946.0 449.0 946.0 538.0 206.0 538.0 993.0 42.0 993.0 
1 2 0.72 0.72 135.0 49.0 135.0 706.0 256.0 706.0 
1 3 0.81 0.81 135.0 49.0 135.0 706.0 256.0 706.0 771.0 68.0 771.0 
1 2 0.73 0.73 263.0 66.0 263.0 444.0 216.0 444.0 
1 3 0.92 0.92 263.0 66.0 263.0 444.0 216.0 444.0 929.0 172.0 929.0 
1 2 0.85 0.85 196.0 94.0 196.0 713.0 269.0 713.0 
1 2 0.68 0.68 936.0 619.0 936.0 603.0 17.0 603.0 
1 2 0.49 0.49 760.0 298.0 760.0 749.0 78.0 749.0 
1 2 0.23 0.23 502.0 8.0 502.0 933.0 203.0 933.0 
1 3 0.25 0.25 502.0 8.0 502.0 933.0 203.0 933.0 44.0 1.0 44.0 
1 4 0.7 0.7 502.0 8.0 502.0 933.0 203.0 933.0 44.0 1.0 44.0 465.0 209.0 465.0 
1 5 0.9 0.9 502.0 8.0 502.0 933.0 203.0 933.0 44.0 1.0 44.0 465.0 209.0 465.0 452.0 92.0 452.0 
1 2 0.49 0.49 893.0 136.0 893.0 676.0 234.0 676.0 
1 3 0.89 0.89 893.0 136.0 893.0 676.0 234.0 676.0 894.0 357.0 894.0 
1 2 0.49 0.49 405.0 159.0 405.0 867.0 88.0 867.0 
1 3 0.99 0.99 405.0 159.0 405.0 867.0 88.0 867.0 436.0 217.0 436.0 
1 2 0.64 0.64 824.0 361.0 824.0 74.0 15.0 74.0 
1 3 0.7 0.7 824.0 361.0 824.0 74.0 15.0 74.0 167.0 11.0 167.0 
1 2 0.76 0.76 540.0 237.0 540.0 85.0 28.0 85.0 
1 3 0.84 0.84 540.0 237.0 540.0 85.0 28.0 85.0 532.0 43.0 532.0 
1 2 0.73 0.73 27.0 10.0 27.0 90.0 33.0 90.0 
1 2 0.74 0.74 986.0 461.0 986.0 466.0 127.0 466.0 
1 3 0.78 0.78 986.0 461.0 986.0 466.0 127.0 466.0 409.0 20.0 409.0 
1 2 0.41 0.41 714.0 244.0 714.0 285.0 20.0 285.0 
1 3 0.84 0.84 714.0 244.0 714.0 285.0 20.0 285.0 760.0 330.0 760.0 
1 2 0.4 0.4 39.0 9.0 39.0 230.0 41.0 230.0 
1 3 0.75 0.75 39.0 9.0 39.0 230.0 41.0 230.0 616.0 213.0 616.0 
1 4 0.88 0.88 39.0 9.0 39.0 230.0 41.0 230.0 616.0 213.0 616.0 793.0 102.0 793.0 
1 2 0.2 0.2 939.0 126.0 939.0 313.0 23.0 313.0 
1 3 0.9 0.9 939.0 126.0 939.0 313.0 23.0 313.0 209.0 146.0 209.0 
1 2 0.55 0.55 867.0 311.0 867.0 438.0 85.0 438.0 
1 3 0.63 0.63 867.0 311.0 867.0 438.0 85.0 438.0 258.0 22.0 258.0 
1 4 0.81 0.81 867.0 311.0 867.0 438.0 85.0 438.0 258.0 22.0 258.0 612.0 109.0 612.0 
1 2 0.64 0.64 323.0 158.0 323.0 549.0 83.0 549.0 
1 3 0.89 0.89 323.0 158.0 323.0 549.0 83.0 549.0 76.0 19.0 76.0 
1 4 0.91 0.91 323.0 158.0 323.0 549.0 83.0 549.0 76.0 19.0 76.0 441.0 10.0 441.0 
1 2 0.85 0.85 726.0 320.0 726.0 302.0 125.0 302.0 
1 2 0.51 0.51 355.0 60.0 355.0 717.0 249.0 717.0 
1 2 0.22 0.22 416.0 48.0 416.0 220.0 25.0 220.0 
1 3 0.37 0.37 416.0 48.0 416.0 220.0 25.0 220.0 807.0 120.0 807.0 
1 4 0.86 0.86 416.0 48.0 416.0 220.0 25.0 220.0 807.0 120.0 807.0 436.0 213.0 436.0 
1 2 0.53 0.53 811.0 357.0 811.0 33.0 3.0 33.0 
1 3 0.62 0.62 811.0 357.0 811.0 33.0 3.0 33.0 94.0 9.0 94.0 
1 4 0.72 0.72 811.0 357.0 811.0 33.0 3.0 33.0 94.0 9.0 94.0 867.0 84.0 867.0 
1 5 0.83 0.83 811.0 357.0 811.0 33.0 3.0 33.0 94.0 9.0 94.0 867.0 84.0 867.0 802.0 88.0 802.0 
1 2 0.98 0.98 176.0 86.0 176.0 99.0 49.0 99.0 
1 2 0.54 0.54 71.0 34.0 71.0 336.0 22.0 336.0 
1 3 0.72 0.72 71.0 34.0 71.0 336.0 22.0 336.0 905.0 164.0 905.0 
1 2 0.74 0.74 947.0 325.0 947.0 264.0 107.0 264.0 
1 3 0.84 0.84 947.0 325.0 947.0 264.0 107.0 264.0 495.0 48.0 495.0 
1 4 0.97 0.97 947.0 325.0 947.0 264.0 107.0 264.0 495.0 48.0 495.0 387.0 49.0 387.0 
1 2 0.68 0.68 363.0 89.0 363.0 962.0 424.0 962.0 
1 2 0.9 0.9 902.0 420.0 902.0 299.0 130.0 299.0 
1 3 0.94 0.94 902.0 420.0 902.0 299.0 130.0 299.0 570.0 26.0 570.0 
1 2 0.47 0.47 311.0 55.0 311.0 20.0 6.0 20.0 
1 2 0.57 0.57 282.0 114.0 282.0 990.0 168.0 990.0 
1 3 0.61 0.61 282.0 114.0 282.0 990.0 168.0 990.0 774.0 35.0 774.0 
1 4 0.86 0.86 282.0 114.0 282.0 990.0 168.0 990.0 774.0 35.0 774.0 943.0 229.0 943.0 
1 5 0.99 0.99 282.0 114.0 282.0 990.0 168.0 990.0 774.0 35.0 774.0 943.0 229.0 943.0 376.0 50.0 376.0 
1 2 0.47 0.47 104.0 28.0 104.0 201.0 41.0 201.0 
1 3 0.77 0.77 104.0 28.0 104.0 201.0 41.0 201.0 597.0 181.0 597.0 
1 4 0.91 0.91 104.0 28.0 104.0 201.0 41.0 201.0 597.0 181.0 597.0 57.0 8.0 57.0 
1 2 0.59 0.59 723.0 87.0 723.0 219.0 104.0 219.0 
1 3 0.95 0.95 723.0 87.0 723.0 219.0 104.0 219.0 341.0 123.0 341.0 
1 2 0.45 0.45 214.0 45.0 214.0 261.0 65.0 261.0 
1 3 0.68 0.68 214.0 45.0 214.0 261.0 65.0 261.0 695.0 158.0 695.0 
1 4 0.99 0.99 214.0 45.0 214.0 261.0 65.0 261.0 695.0 158.0 695.0 659.0 204.0 659.0 
1 2 0.6 0.6 353.0 80.0 353.0 796.0 305.0 796.0 
1 3 0.98 0.98 353.0 80.0 353.0 796.0 305.0 796.0 912.0 341.0 912.0 
1 2 0.21 0.21 242.0 29.0 242.0 383.0 37.0 383.0 
1 2 0.23 0.23 236.0 1.0 236.0 866.0 196.0 866.0 
1 3 0.62 0.62 236.0 1.0 236.0 866.0 196.0 866.0 930.0 368.0 930.0 
1 4 0.69 0.69 236.0 1.0 236.0 866.0 196.0 866.0 930.0 368.0 930.0 487.0 33.0 487.0 
1 5 0.73 0.73 236.0 1.0 236.0 866.0 196.0 866.0 930.0 368.0 930.0 487.0 33.0 487.0 895.0 38.0 895.0 
1 6 0.74 0.74 236.0 1.0 236.0 866.0 196.0 866.0 930.0 368.0 930.0 487.0 33.0 487.0 895.0 38.0 895.0 76.0 1.0 76.0 
1 2 0.37 0.37 537.0 139.0 537.0 831.0 97.0 831.0 
1 3 0.57 0.57 537.0 139.0 537.0 831.0 97.0 831.0 755.0 153.0 755.0 
1 4 0.65 0.65 537.0 139.0 537.0 831.0 97.0 831.0 755.0 153.0 755.0 638.0 49.0 638.0 
1 2 0.65 0.65 676.0 269.0 676.0 500.0 129.0 500.0 
1 3 0.87 0.87 676.0 269.0 676.0 500.0 129.0 500.0 850.0 184.0 850.0 
1 2 0.77 0.77 284.0 101.0 284.0 786.0 331.0 786.0 
1 3 0.81 0.81 284.0 101.0 284.0 786.0 331.0 786.0 165.0 6.0 165.0 
1 2 0.98 0.98 941.0 901.0 941.0 249.0 6.0 249.0 
1 3 0.99 0.99 941.0 901.0 941.0 249.0 6.0 249.0 282.0 5.0 282.0 
1 2 0.05 0.05 462.0 9.0 462.0 328.0 12.0 328.0 
1 3 0.28 0.28 462.0 9.0 462.0 328.0 12.0 328.0 836.0 195.0 836.0 
1 4 0.32 0.32 462.0 9.0 462.0 328.0 12.0 328.0 836.0 195.0 836.0 801.0 25.0 801.0 
1 5 0.77 0.77 462.0 9.0 462.0 328.0 12.0 328.0 836.0 195.0 836.0 801.0 25.0 801.0 393.0 179.0 393.0 
1 6 0.81 0.81 462.0 9.0 462.0 328.0 12.0 328.0 836.0 195.0 836.0 801.0 25.0 801.0 393.0 179.0 393.0 200.0 7.0 200.0 
1 7 0.92 0.92 462.0 9.0 462.0 328.0 12.0 328.0 836.0 195.0 836.0 801.0 25.0 801.0 393.0 179.0 393.0 200.0 7.0 200.0 255.0 29.0 255.0 
1 2 0.72 0.72 423.0 227.0 423.0 568.0 105.0 568.0 
1 2 0.51 0.51 320.0 17.0 320.0 557.0 259.0 557.0 
1 3 0.99 0.99 320.0 17.0 320.0 557.0 259.0 557.0 927.0 443.0 927.0 
1 2 0.68 0.68 733.0 319.0 733.0 899.0 229.0 899.0 
1 3 0.91 0.91 733.0 319.0 733.0 899.0 229.0 899.0 817.0 184.0 817.0 
1 2 0.7 0.7 897.0 371.0 897.0 715.0 209.0 715.0 
1 2 0.24 0.24 943.0 143.0 943.0 247.0 24.0 247.0 
1 3 0.78 0.78 943.0 143.0 943.0 247.0 24.0 247.0 334.0 178.0 334.0 
1 4 0.91 0.91 943.0 143.0 943.0 247.0 24.0 247.0 334.0 178.0 334.0 572.0 79.0 572.0 
1 2 0.59 0.59 500.0 123.0 500.0 102.0 36.0 102.0 
1 3 0.82 0.82 500.0 123.0 500.0 102.0 36.0 102.0 626.0 139.0 626.0 
1 2 0.4 0.4 149.0 38.0 149.0 273.0 41.0 273.0 
1 3 0.73 0.73 149.0 38.0 149.0 273.0 41.0 273.0 940.0 307.0 940.0 
1 2 0.16 0.16 815.0 96.0 815.0 969.0 47.0 969.0 
1 3 0.33 0.33 815.0 96.0 815.0 969.0 47.0 969.0 776.0 131.0 776.0 
1 4 0.76 0.76 815.0 96.0 815.0 969.0 47.0 969.0 776.0 131.0 776.0 906.0 388.0 906.0 
1 2 0.18 0.18 745.0 22.0 745.0 26.0 4.0 26.0 
1 3 0.44 0.44 745.0 22.0 745.0 26.0 4.0 26.0 901.0 233.0 901.0 
1 4 0.53 0.53 745.0 22.0 745.0 26.0 4.0 26.0 901.0 233.0 901.0 551.0 51.0 551.0 
1 5 0.66 0.66 745.0 22.0 745.0 26.0 4.0 26.0 901.0 233.0 901.0 551.0 51.0 551.0 884.0 116.0 884.0 
1 2 0.51 0.51 818.0 303.0 818.0 919.0 134.0 919.0 
1 2 0.78 0.78 760.0 314.0 760.0 293.0 108.0 293.0 
1 2 0.61 0.61 691.0 175.0 691.0 566.0 205.0 566.0 
1 3 0.99 0.99 691.0 175.0 691.0 566.0 205.0 566.0 224.0 84.0 224.0 
1 2 0.6 0.6 292.0 144.0 292.0 901.0 98.0 901.0 
1 2 0.86 0.86 404.0 76.0 404.0 829.0 565.0 829.0 
1 2 0.31 0.31 883.0 59.0 883.0 829.0 204.0 829.0 
1 3 0.41 0.41 883.0 59.0 883.0 829.0 204.0 829.0 111.0 11.0 111.0 
1 2 0.51 0.51 984.0 303.0 984.0 335.0 71.0 335.0 
1 3 0.52 0.52 984.0 303.0 984.0 335.0 71.0 335.0 970.0 5.0 970.0 
1 4 0.56 0.56 984.0 303.0 984.0 335.0 71.0 335.0 970.0 5.0 970.0 737.0 31.0 737.0 
1 5 0.73 0.73 984.0 303.0 984.0 335.0 71.0 335.0 970.0 5.0 970.0 737.0 31.0 737.0 196.0 33.0 196.0 
1 6 0.89 0.89 984.0 303.0 984.0 335.0 71.0 335.0 970.0 5.0 970.0 737.0 31.0 737.0 196.0 33.0 196.0 578.0 95.0 578.0 
1 2 0.74 0.74 161.0 76.0 161.0 655.0 176.0 655.0 
1 3 0.83 0.83 161.0 76.0 161.0 655.0 176.0 655.0 154.0 15.0 154.0 
1 2 0.62 0.62 704.0 171.0 704.0 930.0 353.0 930.0 
1 2 0.12 0.12 560.0 24.0 560.0 391.0 33.0 391.0 
1 3 0.6 0.6 560.0 24.0 560.0 391.0 33.0 391.0 823.0 390.0 823.0 
1 4 0.65 0.65 560.0 24.0 560.0 391.0 33.0 391.0 823.0 390.0 823.0 325.0 17.0 325.0 
1 5 0.97 0.97 560.0 24.0 560.0 391.0 33.0 391.0 823.0 390.0 823.0 325.0 17.0 325.0 737.0 239.0 737.0 
1 2 0.47 0.47 509.0 172.0 509.0 262.0 36.0 262.0 
1 3 0.77 0.77 509.0 172.0 509.0 262.0 36.0 262.0 966.0 291.0 966.0 
1 4 0.82 0.82 509.0 172.0 509.0 262.0 36.0 262.0 966.0 291.0 966.0 613.0 31.0 613.0 
1 2 0.39 0.39 731.0 219.0 731.0 628.0 63.0 628.0 
1 3 0.48 0.48 731.0 219.0 731.0 628.0 63.0 628.0 72.0 6.0 72.0 
1 4 0.57 0.57 731.0 219.0 731.0 628.0 63.0 628.0 72.0 6.0 72.0 878.0 84.0 878.0 
1 5 0.7 0.7 731.0 219.0 731.0 628.0 63.0 628.0 72.0 6.0 72.0 878.0 84.0 878.0 211.0 27.0 211.0 
1 2 0.8 0.8 686.0 243.0 686.0 130.0 59.0 130.0 
1 2 0.55 0.55 305.0 98.0 305.0 91.0 21.0 91.0 
1 3 0.97 0.97 305.0 98.0 305.0 91.0 21.0 91.0 241.0 101.0 241.0 
1 2 0.61 0.61 811.0 250.0 811.0 687.0 212.0 687.0 
1 2 0.69 0.69 824.0 328.0 824.0 228.0 68.0 228.0 
1 2 0.63 0.63 978.0 197.0 978.0 150.0 65.0 150.0 
1 3 0.76 0.76 978.0 197.0 978.0 150.0 65.0 150.0 303.0 40.0 303.0 
1 4 0.83 0.83 978.0 197.0 978.0 150.0 65.0 150.0 303.0 40.0 303.0 521.0 36.0 521.0 
1 2 0.52 0.52 226.0 33.0 226.0 770.0 291.0 770.0 
1 3 0.83 0.83 226.0 33.0 226.0 770.0 291.0 770.0 250.0 78.0 250.0 
1 2 0.46 0.46 76.0 27.0 76.0 638.0 70.0 638.0 
1 3 0.65 0.65 76.0 27.0 76.0 638.0 70.0 638.0 412.0 77.0 412.0 
1 4 0.96 0.96 76.0 27.0 76.0 638.0 70.0 638.0 412.0 77.0 412.0 568.0 177.0 568.0 
1 2 0.34 0.34 498.0 10.0 498.0 595.0 195.0 595.0 
1 3 0.66 0.66 498.0 10.0 498.0 595.0 195.0 595.0 592.0 189.0 592.0 
1 4 0.85 0.85 498.0 10.0 498.0 595.0 195.0 595.0 592.0 189.0 592.0 394.0 76.0 394.0 
1 2 0.35 0.35 155.0 37.0 155.0 587.0 71.0 587.0 
1 3 0.56 0.56 155.0 37.0 155.0 587.0 71.0 587.0 747.0 151.0 747.0 
1 4 0.74 0.74 155.0 37.0 155.0 587.0 71.0 587.0 747.0 151.0 747.0 726.0 130.0 726.0 
1 2 0.21 0.21 5.0 1.0 5.0 411.0 5.0 411.0 
1 3 0.32 0.32 5.0 1.0 5.0 411.0 5.0 411.0 990.0 113.0 990.0 
1 4 0.38 0.38 5.0 1.0 5.0 411.0 5.0 411.0 990.0 113.0 990.0 536.0 29.0 536.0 
1 2 0.67 0.67 114.0 48.0 114.0 985.0 251.0 985.0 
1 3 0.78 0.78 114.0 48.0 114.0 985.0 251.0 985.0 421.0 47.0 421.0 
1 2 0.15 0.15 324.0 37.0 324.0 704.0 31.0 704.0 
1 3 0.52 0.52 324.0 37.0 324.0 704.0 31.0 704.0 188.0 69.0 188.0 
1 4 0.77 0.77 324.0 37.0 324.0 704.0 31.0 704.0 188.0 69.0 188.0 575.0 143.0 575.0 
1 2 0.53 0.53 641.0 145.0 641.0 836.0 258.0 836.0 
1 3 0.79 0.79 641.0 145.0 641.0 836.0 258.0 836.0 376.0 99.0 376.0 
1 2 0.52 0.52 349.0 27.0 349.0 254.0 113.0 254.0 
1 3 0.54 0.54 349.0 27.0 349.0 254.0 113.0 254.0 50.0 1.0 50.0 
1 2 0.61 0.61 404.0 50.0 404.0 863.0 421.0 863.0 
1 3 0.63 0.63 404.0 50.0 404.0 863.0 421.0 863.0 312.0 6.0 312.0 
1 4 0.98 0.98 404.0 50.0 404.0 863.0 421.0 863.0 312.0 6.0 312.0 974.0 344.0 974.0 
1 2 0.74 0.74 378.0 103.0 378.0 85.0 40.0 85.0 
1 3 0.77 0.77 378.0 103.0 378.0 85.0 40.0 85.0 92.0 3.0 92.0 
1 4 0.85 0.85 378.0 103.0 378.0 85.0 40.0 85.0 92.0 3.0 92.0 899.0 70.0 899.0 
1 2 0.64 0.64 960.0 124.0 960.0 354.0 183.0 354.0 
1 2 0.42 0.42 833.0 146.0 833.0 845.0 208.0 845.0 
1 3 0.67 0.67 833.0 146.0 833.0 845.0 208.0 845.0 245.0 61.0 245.0 
1 4 0.84 0.84 833.0 146.0 833.0 845.0 208.0 845.0 245.0 61.0 245.0 711.0 123.0 711.0 
1 2 0.21 0.21 699.0 87.0 699.0 405.0 37.0 405.0 
1 3 0.53 0.53 699.0 87.0 699.0 405.0 37.0 405.0 718.0 230.0 718.0 
1 4 0.68 0.68 699.0 87.0 699.0 405.0 37.0 405.0 718.0 230.0 718.0 764.0 112.0 764.0 
1 5 0.69 0.69 699.0 87.0 699.0 405.0 37.0 405.0 718.0 230.0 718.0 764.0 112.0 764.0 748.0 12.0 748.0 
1 2 0.78 0.78 63.0 32.0 63.0 397.0 110.0 397.0 
1 2 0.46 0.46 134.0 61.0 134.0 562.0 5.0 562.0 
1 3 0.83 0.83 134.0 61.0 134.0 562.0 5.0 562.0 368.0 136.0 368.0 
1 2 0.7 0.7 396.0 135.0 396.0 739.0 270.0 739.0 
1 3 0.75 0.75 396.0 135.0 396.0 739.0 270.0 739.0 180.0 8.0 180.0 
1 4 0.76 0.76 396.0 135.0 396.0 739.0 270.0 739.0 180.0 8.0 180.0 518.0 5.0 518.0 
1 2 0.62 0.62 348.0 57.0 348.0 599.0 275.0 599.0 
1 2 0.31 0.31 470.0 73.0 470.0 660.0 106.0 660.0 
1 3 0.64 0.64 470.0 73.0 470.0 660.0 106.0 660.0 542.0 180.0 542.0 
1 4 0.99 0.99 470.0 73.0 470.0 660.0 106.0 660.0 542.0 180.0 542.0 727.0 249.0 727.0 
1 2 0.39 0.39 93.0 33.0 93.0 47.0 2.0 47.0 
1 3 0.7 0.7 93.0 33.0 93.0 47.0 2.0 47.0 808.0 249.0 808.0 
1 2 0.7 0.7 310.0 147.0 310.0 782.0 179.0 782.0 
1 3 0.87 0.87 310.0 147.0 310.0 782.0 179.0 782.0 391.0 68.0 391.0 
1 2 0.41 0.41 358.0 37.0 358.0 591.0 182.0 591.0 
1 3 0.9 0.9 358.0 37.0 358.0 591.0 182.0 591.0 205.0 102.0 205.0 
1 2 0.5 0.5 982.0 319.0 982.0 198.0 35.0 198.0 
1 3 0.71 0.71 982.0 319.0 982.0 198.0 35.0 198.0 966.0 210.0 966.0 
1 4 0.83 0.83 982.0 319.0 982.0 198.0 35.0 198.0 966.0 210.0 966.0 269.0 31.0 269.0 
1 2 0.76 0.76 48.0 23.0 48.0 173.0 50.0 173.0 
1 2 0.33 0.33 773.0 13.0 773.0 102.0 32.0 102.0 
1 3 0.77 0.77 773.0 13.0 773.0 102.0 32.0 102.0 109.0 48.0 109.0 
1 4 0.92 0.92 773.0 13.0 773.0 102.0 32.0 102.0 109.0 48.0 109.0 934.0 144.0 934.0 
1 2 0.28 0.28 201.0 30.0 201.0 672.0 88.0 672.0 
1 3 0.61 0.61 201.0 30.0 201.0 672.0 88.0 672.0 636.0 211.0 636.0 
1 2 0.56 0.56 370.0 122.0 370.0 815.0 190.0 815.0 
1 3 0.56 0.56 370.0 122.0 370.0 815.0 190.0 815.0 197.0 1.0 197.0 
1 4 0.79 0.79 370.0 122.0 370.0 815.0 190.0 815.0 197.0 1.0 197.0 764.0 174.0 764.0 
1 5 0.92 0.92 370.0 122.0 370.0 815.0 190.0 815.0 197.0 1.0 197.0 764.0 174.0 764.0 472.0 59.0 472.0 
1 2 0.28 0.28 890.0 47.0 890.0 535.0 126.0 535.0 
1 3 0.59 0.59 890.0 47.0 890.0 535.0 126.0 535.0 103.0 32.0 103.0 
1 4 0.73 0.73 890.0 47.0 890.0 535.0 126.0 535.0 103.0 32.0 103.0 630.0 86.0 630.0 
1 2 0.43 0.43 796.0 304.0 796.0 268.0 15.0 268.0 
1 3 0.61 0.61 796.0 304.0 796.0 268.0 15.0 268.0 169.0 30.0 169.0 
1 4 0.76 0.76 796.0 304.0 796.0 268.0 15.0 268.0 169.0 30.0 169.0 752.0 113.0 752.0 
1 5 0.95 0.95 796.0 304.0 796.0 268.0 15.0 268.0 169.0 30.0 169.0 752.0 113.0 752.0 653.0 122.0 653.0 
1 2 0.39 0.39 131.0 33.0 131.0 497.0 73.0 497.0 
1 3 0.57 0.57 131.0 33.0 131.0 497.0 73.0 497.0 328.0 59.0 328.0 
1 4 0.82 0.82 131.0 33.0 131.0 497.0 73.0 497.0 328.0 59.0 328.0 682.0 171.0 682.0 
1 5 0.84 0.84 131.0 33.0 131.0 497.0 73.0 497.0 328.0 59.0 328.0 682.0 171.0 682.0 598.0 8.0 598.0 
1 2 0.81 0.81 826.0 267.0 826.0 828.0 407.0 828.0 
1 2 0.46 0.46 820.0 44.0 820.0 89.0 37.0 89.0 
1 3 0.58 0.58 820.0 44.0 820.0 89.0 37.0 89.0 728.0 82.0 728.0 
1 4 0.66 0.66 820.0 44.0 820.0 89.0 37.0 89.0 728.0 82.0 728.0 255.0 21.0 255.0 
1 5 0.94 0.94 820.0 44.0 820.0 89.0 37.0 89.0 728.0 82.0 728.0 255.0 21.0 255.0 386.0 109.0 386.0 
1 2 0.34 0.34 789.0 2.0 789.0 146.0 50.0 146.0 
1 3 0.76 0.76 789.0 2.0 789.0 146.0 50.0 146.0 962.0 406.0 962.0 
1 4 0.8 0.8 789.0 2.0 789.0 146.0 50.0 146.0 962.0 406.0 962.0 703.0 26.0 703.0 
1 2 0.36 0.36 701.0 36.0 701.0 123.0 39.0 123.0 
1 3 0.54 0.54 701.0 36.0 701.0 123.0 39.0 123.0 668.0 120.0 668.0 
1 4 0.99 0.99 701.0 36.0 701.0 123.0 39.0 123.0 668.0 120.0 668.0 937.0 420.0 937.0 
1 2 0.46 0.46 476.0 194.0 476.0 202.0 11.0 202.0 
1 3 0.85 0.85 476.0 194.0 476.0 202.0 11.0 202.0 48.0 19.0 48.0 
1 2 0.7 0.7 408.0 174.0 408.0 500.0 137.0 500.0 
1 3 0.73 0.73 408.0 174.0 408.0 500.0 137.0 500.0 534.0 20.0 534.0 
1 2 0.6 0.6 844.0 353.0 844.0 125.0 23.0 125.0 
1 3 0.76 0.76 844.0 353.0 844.0 125.0 23.0 125.0 433.0 71.0 433.0 
1 2 0.34 0.34 644.0 91.0 644.0 707.0 141.0 707.0 
1 3 0.82 0.82 644.0 91.0 644.0 707.0 141.0 707.0 725.0 348.0 725.0 
1 2 0.39 0.39 514.0 185.0 514.0 520.0 18.0 520.0 
1 3 0.85 0.85 514.0 185.0 514.0 520.0 18.0 520.0 254.0 118.0 254.0 
1 2 0.4 0.4 137.0 21.0 137.0 215.0 55.0 215.0 
1 3 0.72 0.72 137.0 21.0 137.0 215.0 55.0 215.0 733.0 232.0 733.0 
1 4 0.83 0.83 137.0 21.0 137.0 215.0 55.0 215.0 733.0 232.0 733.0 440.0 46.0 440.0 
1 2 0.93 0.93 908.0 542.0 908.0 896.0 304.0 896.0 
1 2 0.38 0.38 402.0 7.0 402.0 678.0 251.0 678.0 
1 3 0.49 0.49 402.0 7.0 402.0 678.0 251.0 678.0 103.0 11.0 103.0 
1 4 0.51 0.51 402.0 7.0 402.0 678.0 251.0 678.0 103.0 11.0 103.0 668.0 14.0 668.0 
1 5 0.81 0.81 402.0 7.0 402.0 678.0 251.0 678.0 103.0 11.0 103.0 668.0 14.0 668.0 695.0 209.0 695.0 
1 6 0.82 0.82 402.0 7.0 402.0 678.0 251.0 678.0 103.0 11.0 103.0 668.0 14.0 668.0 695.0 209.0 695.0 769.0 8.0 769.0 
1 7 0.86 0.86 402.0 7.0 402.0 678.0 251.0 678.0 103.0 11.0 103.0 668.0 14.0 668.0 695.0 209.0 695.0 769.0 8.0 769.0 359.0 13.0 359.0 
1 2 0.48 0.48 572.0 29.0 572.0 427.0 185.0 427.0 
1 3 0.53 0.53 572.0 29.0 572.0 427.0 185.0 427.0 649.0 30.0 649.0 
1 4 0.67 0.67 572.0 29.0 572.0 427.0 185.0 427.0 649.0 30.0 649.0 985.0 143.0 985.0 
1 2 0.55 0.55 326.0 143.0 326.0 276.0 32.0 276.0 
1 3 0.85 0.85 326.0 143.0 326.0 276.0 32.0 276.0 10.0 3.0 10.0 
1 2 0.15 0.15 932.0 65.0 932.0 729.0 60.0 729.0 
1 3 0.19 0.19 932.0 65.0 932.0 729.0 60.0 729.0 776.0 30.0 776.0 
1 4 0.65 0.65 932.0 65.0 932.0 729.0 60.0 729.0 776.0 30.0 776.0 102.0 47.0 102.0 
1 5 0.85 0.85 932.0 65.0 932.0 729.0 60.0 729.0 776.0 30.0 776.0 102.0 47.0 102.0 535.0 109.0 535.0 
1 6 0.86 0.86 932.0 65.0 932.0 729.0 60.0 729.0 776.0 30.0 776.0 102.0 47.0 102.0 535.0 109.0 535.0 856.0 6.0 856.0 
1 2 0.44 0.44 581.0 22.0 581.0 481.0 195.0 481.0 
1 3 0.69 0.69 581.0 22.0 581.0 481.0 195.0 481.0 129.0 32.0 129.0 
1 4 0.82 0.82 581.0 22.0 581.0 481.0 195.0 481.0 129.0 32.0 129.0 111.0 15.0 111.0 
1 5 0.88 0.88 581.0 22.0 581.0 481.0 195.0 481.0 129.0 32.0 129.0 111.0 15.0 111.0 483.0 27.0 483.0 
1 2 0.72 0.72 401.0 195.0 401.0 395.0 95.0 395.0 
1 2 0.57 0.57 540.0 190.0 540.0 255.0 57.0 255.0 
1 3 0.86 0.86 540.0 190.0 540.0 255.0 57.0 255.0 378.0 111.0 378.0 
1 2 0.47 0.47 284.0 107.0 284.0 144.0 14.0 144.0 
1 3 0.76 0.76 284.0 107.0 284.0 144.0 14.0 144.0 882.0 257.0 882.0 
1 2 0.17 0.17 318.0 39.0 318.0 353.0 18.0 353.0 
1 3 0.45 0.45 318.0 39.0 318.0 353.0 18.0 353.0 14.0 4.0 14.0 
1 4 0.6 0.6 318.0 39.0 318.0 353.0 18.0 353.0 14.0 4.0 14.0 122.0 18.0 122.0 
1 5 0.6 0.6 318.0 39.0 318.0 353.0 18.0 353.0 14.0 4.0 14.0 122.0 18.0 122.0 480.0 1.0 480.0 
1 2 0.56 0.56 976.0 36.0 976.0 306.0 163.0 306.0 
1 3 0.64 0.64 976.0 36.0 976.0 306.0 163.0 306.0 677.0 50.0 677.0 
1 2 0.57 0.57 251.0 119.0 251.0 867.0 84.0 867.0 
1 3 0.93 0.93 251.0 119.0 251.0 867.0 84.0 867.0 283.0 103.0 283.0 
1 2 0.52 0.52 569.0 207.0 569.0 990.0 162.0 990.0 
1 3 0.54 0.54 569.0 207.0 569.0 990.0 162.0 990.0 626.0 14.0 626.0 
1 4 0.67 0.67 569.0 207.0 569.0 990.0 162.0 990.0 626.0 14.0 626.0 782.0 101.0 782.0 
1 2 0.38 0.38 39.0 7.0 39.0 695.0 146.0 695.0 
1 3 0.6 0.6 39.0 7.0 39.0 695.0 146.0 695.0 429.0 91.0 429.0 
1 4 0.9 0.9 39.0 7.0 39.0 695.0 146.0 695.0 429.0 91.0 429.0 996.0 301.0 996.0 
1 2 0.56 0.56 819.0 243.0 819.0 102.0 27.0 102.0 
1 3 0.69 0.69 819.0 243.0 819.0 102.0 27.0 102.0 654.0 87.0 654.0 
1 4 0.8 0.8 819.0 243.0 819.0 102.0 27.0 102.0 654.0 87.0 654.0 379.0 41.0 379.0 
1 2 0.3 0.3 105.0 3.0 105.0 29.0 8.0 29.0 
1 3 0.56 0.56 105.0 3.0 105.0 29.0 8.0 29.0 347.0 92.0 347.0 
1 2 0.55 0.55 606.0 106.0 606.0 260.0 100.0 260.0 
1 3 0.96 0.96 606.0 106.0 606.0 260.0 100.0 260.0 281.0 113.0 281.0 
1 2 0.57 0.57 804.0 201.0 804.0 917.0 295.0 917.0 
1 3 0.97 0.97 804.0 201.0 804.0 917.0 295.0 917.0 130.0 52.0 130.0 
1 2 0.25 0.25 363.0 46.0 363.0 422.0 55.0 422.0 
1 3 0.62 0.62 363.0 46.0 363.0 422.0 55.0 422.0 249.0 92.0 249.0 
1 4 0.69 0.69 363.0 46.0 363.0 422.0 55.0 422.0 249.0 92.0 249.0 297.0 20.0 297.0 
1 5 0.83 0.83 363.0 46.0 363.0 422.0 55.0 422.0 249.0 92.0 249.0 297.0 20.0 297.0 117.0 17.0 117.0 
1 2 0.8 0.8 54.0 27.0 54.0 801.0 244.0 801.0 
1 3 0.96 0.96 54.0 27.0 54.0 801.0 244.0 801.0 968.0 154.0 968.0 
1 2 0.15 0.15 497.0 67.0 497.0 438.0 7.0 438.0 
1 3 0.2 0.2 497.0 67.0 497.0 438.0 7.0 438.0 156.0 8.0 156.0 
1 4 0.64 0.64 497.0 67.0 497.0 438.0 7.0 438.0 156.0 8.0 156.0 545.0 244.0 545.0 
1 2 0.34 0.34 514.0 41.0 514.0 381.0 101.0 381.0 
1 3 0.36 0.36 514.0 41.0 514.0 381.0 101.0 381.0 613.0 15.0 613.0 
1 4 0.77 0.77 514.0 41.0 514.0 381.0 101.0 381.0 613.0 15.0 613.0 805.0 328.0 805.0 
1 5 0.88 0.88 514.0 41.0 514.0 381.0 101.0 381.0 613.0 15.0 613.0 805.0 328.0 805.0 664.0 75.0 664.0 
1 2 0.51 0.51 990.0 269.0 990.0 881.0 215.0 881.0 
1 3 0.93 0.93 990.0 269.0 990.0 881.0 215.0 881.0 663.0 276.0 663.0 
1 2 0.88 0.88 823.0 392.0 823.0 485.0 200.0 485.0 
1 2 0.62 0.62 279.0 108.0 279.0 112.0 27.0 112.0 
1 3 0.92 0.92 279.0 108.0 279.0 112.0 27.0 112.0 713.0 214.0 713.0 
1 2 0.73 0.73 639.0 190.0 639.0 832.0 362.0 832.0 
1 2 0.68 0.68 791.0 206.0 791.0 915.0 387.0 915.0 
1 3 0.75 0.75 791.0 206.0 791.0 915.0 387.0 915.0 564.0 40.0 564.0 
1 4 0.97 0.97 791.0 206.0 791.0 915.0 387.0 915.0 564.0 40.0 564.0 324.0 71.0 324.0 
1 2 0.29 0.29 861.0 154.0 861.0 517.0 60.0 517.0 
1 3 0.38 0.38 861.0 154.0 861.0 517.0 60.0 517.0 550.0 48.0 550.0 
1 4 0.85 0.85 861.0 154.0 861.0 517.0 60.0 517.0 550.0 48.0 550.0 416.0 195.0 416.0 
1 2 0.38 0.38 875.0 34.0 875.0 752.0 258.0 752.0 
1 3 0.83 0.83 875.0 34.0 875.0 752.0 258.0 752.0 343.0 157.0 343.0 
1 2 0.45 0.45 555.0 204.0 555.0 632.0 56.0 632.0 
1 3 0.5 0.5 555.0 204.0 555.0 632.0 56.0 632.0 60.0 3.0 60.0 
1 4 0.98 0.98 555.0 204.0 555.0 632.0 56.0 632.0 60.0 3.0 60.0 359.0 172.0 359.0 
1 2 0.31 0.31 322.0 36.0 322.0 658.0 135.0 658.0 
1 2 0.62 0.62 379.0 177.0 379.0 835.0 132.0 835.0 
1 3 0.72 0.72 379.0 177.0 379.0 835.0 132.0 835.0 459.0 44.0 459.0 
1 2 0.3 0.3 154.0 45.0 154.0 652.0 7.0 652.0 
1 3 0.48 0.48 154.0 45.0 154.0 652.0 7.0 652.0 522.0 96.0 522.0 
1 4 0.76 0.76 154.0 45.0 154.0 652.0 7.0 652.0 522.0 96.0 522.0 253.0 70.0 253.0 
1 5 0.94 0.94 154.0 45.0 154.0 652.0 7.0 652.0 522.0 96.0 522.0 253.0 70.0 253.0 784.0 141.0 784.0 
1 2 0.97 0.97 751.0 375.0 751.0 878.0 414.0 878.0 
1 2 0.49 0.49 864.0 158.0 864.0 428.0 133.0 428.0 
1 3 0.58 0.58 864.0 158.0 864.0 428.0 133.0 428.0 847.0 74.0 847.0 
1 4 0.77 0.77 864.0 158.0 864.0 428.0 133.0 428.0 847.0 74.0 847.0 324.0 62.0 324.0 
1 2 0.42 0.42 887.0 143.0 887.0 628.0 164.0 628.0 
1 3 0.68 0.68 887.0 143.0 887.0 628.0 164.0 628.0 343.0 89.0 343.0 
1 2 0.73 0.73 93.0 8.0 93.0 63.0 41.0 63.0 
1 2 0.32 0.32 477.0 103.0 477.0 610.0 69.0 610.0 
1 3 0.49 0.49 477.0 103.0 477.0 610.0 69.0 610.0 715.0 116.0 715.0 
1 4 0.51 0.51 477.0 103.0 477.0 610.0 69.0 610.0 715.0 116.0 715.0 719.0 20.0 719.0 
1 5 0.65 0.65 477.0 103.0 477.0 610.0 69.0 610.0 715.0 116.0 715.0 719.0 20.0 719.0 602.0 84.0 602.0 
1 6 0.89 0.89 477.0 103.0 477.0 610.0 69.0 610.0 715.0 116.0 715.0 719.0 20.0 719.0 602.0 84.0 602.0 708.0 165.0 708.0 
1 2 0.81 0.81 72.0 53.0 72.0 898.0 70.0 898.0 
1 2 0.67 0.67 154.0 19.0 154.0 527.0 291.0 527.0 
1 3 0.96 0.96 154.0 19.0 154.0 527.0 291.0 527.0 540.0 157.0 540.0 
1 2 0.44 0.44 769.0 197.0 769.0 630.0 118.0 630.0 
1 3 0.88 0.88 769.0 197.0 769.0 630.0 118.0 630.0 916.0 408.0 916.0 
1 2 0.76 0.76 844.0 330.0 844.0 276.0 104.0 276.0 
1 2 0.34 0.34 746.0 59.0 746.0 30.0 8.0 30.0 
1 3 0.62 0.62 746.0 59.0 746.0 30.0 8.0 30.0 273.0 76.0 273.0 
1 4 0.94 0.94 746.0 59.0 746.0 30.0 8.0 30.0 273.0 76.0 273.0 193.0 62.0 193.0 
1 2 0.27 0.27 516.0 30.0 516.0 28.0 6.0 28.0 
1 3 0.58 0.58 516.0 30.0 516.0 28.0 6.0 28.0 623.0 195.0 623.0 
1 4 0.9 0.9 516.0 30.0 516.0 28.0 6.0 28.0 623.0 195.0 623.0 958.0 303.0 958.0 
1 2 0.73 0.73 193.0 15.0 193.0 320.0 210.0 320.0 
1 2 0.9 0.9 322.0 143.0 322.0 179.0 83.0 179.0 
1 2 0.9 0.9 987.0 398.0 987.0 26.0 13.0 26.0 
1 2 0.54 0.54 750.0 209.0 750.0 123.0 33.0 123.0 
1 3 0.69 0.69 750.0 209.0 750.0 123.0 33.0 123.0 716.0 109.0 716.0 
1 2 0.44 0.44 24.0 5.0 24.0 287.0 68.0 287.0 
1 3 0.88 0.88 24.0 5.0 24.0 287.0 68.0 287.0 808.0 358.0 808.0 
1 2 0.41 0.41 529.0 134.0 529.0 431.0 71.0 431.0 
1 3 0.83 0.83 529.0 134.0 529.0 431.0 71.0 431.0 57.0 24.0 57.0 
1 2 0.98 0.98 125.0 1.0 125.0 221.0 215.0 221.0 
1 2 0.51 0.51 348.0 64.0 348.0 113.0 37.0 113.0 
1 3 0.79 0.79 348.0 64.0 348.0 113.0 37.0 113.0 632.0 177.0 632.0 
1 2 0.76 0.76 771.0 357.0 771.0 137.0 41.0 137.0 
1 2 0.23 0.23 445.0 62.0 445.0 206.0 19.0 206.0 
1 3 0.49 0.49 445.0 62.0 445.0 206.0 19.0 206.0 435.0 116.0 435.0 
1 4 0.56 0.56 445.0 62.0 445.0 206.0 19.0 206.0 435.0 116.0 435.0 407.0 27.0 407.0 
1 5 0.57 0.57 445.0 62.0 445.0 206.0 19.0 206.0 435.0 116.0 435.0 407.0 27.0 407.0 530.0 6.0 530.0 
1 2 0.34 0.34 740.0 116.0 740.0 601.0 111.0 601.0 
1 3 0.75 0.75 740.0 116.0 740.0 601.0 111.0 601.0 677.0 283.0 677.0 
1 2 0.48 0.48 415.0 156.0 415.0 784.0 86.0 784.0 
1 3 0.98 0.98 415.0 156.0 415.0 784.0 86.0 784.0 328.0 164.0 328.0 
1 2 0.64 0.64 836.0 228.0 836.0 961.0 356.0 961.0 
1 2 0.94 0.94 803.0 399.0 803.0 390.0 175.0 390.0 
1 2 0.75 0.75 937.0 278.0 937.0 531.0 244.0 531.0 
1 3 0.88 0.88 937.0 278.0 937.0 531.0 244.0 531.0 377.0 47.0 377.0 
1 2 0.36 0.36 959.0 326.0 959.0 826.0 24.0 826.0 
1 3 0.6 0.6 959.0 326.0 959.0 826.0 24.0 826.0 749.0 174.0 749.0 
1 4 0.77 0.77 959.0 326.0 959.0 826.0 24.0 826.0 749.0 174.0 749.0 858.0 150.0 858.0 
1 2 0.72 0.72 840.0 105.0 840.0 891.0 535.0 891.0 
1 3 0.88 0.88 840.0 105.0 840.0 891.0 535.0 891.0 842.0 136.0 842.0 
1 2 0.61 0.61 436.0 153.0 436.0 904.0 236.0 904.0 
1 3 0.87 0.87 436.0 153.0 436.0 904.0 236.0 904.0 267.0 70.0 267.0 
1 2 0.55 0.55 891.0 208.0 891.0 31.0 10.0 31.0 
1 3 0.86 0.86 891.0 208.0 891.0 31.0 10.0 31.0 388.0 121.0 388.0 
1 4 0.97 0.97 891.0 208.0 891.0 31.0 10.0 31.0 388.0 121.0 388.0 138.0 15.0 138.0 
1 2 0.32 0.32 754.0 148.0 754.0 306.0 40.0 306.0 
1 3 0.47 0.47 754.0 148.0 754.0 306.0 40.0 306.0 805.0 122.0 805.0 
1 4 0.66 0.66 754.0 148.0 754.0 306.0 40.0 306.0 805.0 122.0 805.0 49.0 9.0 49.0 
1 5 0.76 0.76 754.0 148.0 754.0 306.0 40.0 306.0 805.0 122.0 805.0 49.0 9.0 49.0 911.0 91.0 911.0 
1 2 0.1 0.1 742.0 54.0 742.0 789.0 25.0 789.0 
1 3 0.32 0.32 742.0 54.0 742.0 789.0 25.0 789.0 463.0 100.0 463.0 
1 4 0.35 0.35 742.0 54.0 742.0 789.0 25.0 789.0 463.0 100.0 463.0 680.0 22.0 680.0 
1 5 0.71 0.71 742.0 54.0 742.0 789.0 25.0 789.0 463.0 100.0 463.0 680.0 22.0 680.0 535.0 192.0 535.0 
1 6 0.83 0.83 742.0 54.0 742.0 789.0 25.0 789.0 463.0 100.0 463.0 680.0 22.0 680.0 535.0 192.0 535.0 573.0 69.0 573.0 
1 2 0.56 0.56 948.0 461.0 948.0 581.0 43.0 581.0 
1 3 0.68 0.68 948.0 461.0 948.0 581.0 43.0 581.0 864.0 110.0 864.0 
1 2 0.72 0.72 462.0 37.0 462.0 676.0 434.0 676.0 
1 2 0.54 0.54 179.0 62.0 179.0 172.0 34.0 172.0 
1 3 0.67 0.67 179.0 62.0 179.0 172.0 34.0 172.0 694.0 88.0 694.0 
1 4 0.72 0.72 179.0 62.0 179.0 172.0 34.0 172.0 694.0 88.0 694.0 18.0 1.0 18.0 
1 5 0.74 0.74 179.0 62.0 179.0 172.0 34.0 172.0 694.0 88.0 694.0 18.0 1.0 18.0 669.0 11.0 669.0 
1 2 0.43 0.43 568.0 219.0 568.0 718.0 33.0 718.0 
1 3 0.46 0.46 568.0 219.0 568.0 718.0 33.0 718.0 954.0 31.0 954.0 
1 4 0.64 0.64 568.0 219.0 568.0 718.0 33.0 718.0 954.0 31.0 954.0 28.0 5.0 28.0 
1 5 0.8 0.8 568.0 219.0 568.0 718.0 33.0 718.0 954.0 31.0 954.0 28.0 5.0 28.0 450.0 71.0 450.0 
1 2 0.16 0.16 786.0 56.0 786.0 663.0 60.0 663.0 
1 3 0.6 0.6 786.0 56.0 786.0 663.0 60.0 663.0 9.0 4.0 9.0 
1 2 0.67 0.67 974.0 225.0 974.0 915.0 404.0 915.0 
1 3 0.86 0.86 974.0 225.0 974.0 915.0 404.0 915.0 990.0 189.0 990.0 
1 2 0.74 0.74 287.0 129.0 287.0 641.0 190.0 641.0 
1 2 0.23 0.23 628.0 55.0 628.0 885.0 127.0 885.0 
1 3 0.72 0.72 628.0 55.0 628.0 885.0 127.0 885.0 852.0 420.0 852.0 
1 2 0.36 0.36 601.0 148.0 601.0 626.0 74.0 626.0 
1 3 0.5 0.5 601.0 148.0 601.0 626.0 74.0 626.0 336.0 46.0 336.0 
1 4 0.58 0.58 601.0 148.0 601.0 626.0 74.0 626.0 336.0 46.0 336.0 113.0 10.0 113.0 
1 2 0.45 0.45 34.0 10.0 34.0 915.0 147.0 915.0 
1 3 0.54 0.54 34.0 10.0 34.0 915.0 147.0 915.0 948.0 87.0 948.0 
1 4 0.93 0.93 34.0 10.0 34.0 915.0 147.0 915.0 948.0 87.0 948.0 811.0 319.0 811.0 
1 5 0.98 0.98 34.0 10.0 34.0 915.0 147.0 915.0 948.0 87.0 948.0 811.0 319.0 811.0 329.0 14.0 329.0 
1 2 0.37 0.37 444.0 82.0 444.0 782.0 148.0 782.0 
1 3 0.48 0.48 444.0 82.0 444.0 782.0 148.0 782.0 872.0 93.0 872.0 
1 4 0.92 0.92 444.0 82.0 444.0 782.0 148.0 782.0 872.0 93.0 872.0 991.0 440.0 991.0 
1 2 0.54 0.54 367.0 22.0 367.0 223.0 109.0 223.0 
1 3 0.65 0.65 367.0 22.0 367.0 223.0 109.0 223.0 606.0 64.0 606.0 
1 2 0.5 0.5 823.0 194.0 823.0 691.0 185.0 691.0 
1 3 0.92 0.92 823.0 194.0 823.0 691.0 185.0 691.0 642.0 269.0 642.0 
1 2 0.79 0.79 122.0 51.0 122.0 672.0 254.0 672.0 
1 3 0.85 0.85 122.0 51.0 122.0 672.0 254.0 672.0 908.0 52.0 908.0 
1 2 0.55 0.55 668.0 183.0 668.0 340.0 94.0 340.0 
1 2 0.27 0.27 703.0 38.0 703.0 76.0 17.0 76.0 
1 3 0.59 0.59 703.0 38.0 703.0 76.0 17.0 76.0 779.0 245.0 779.0 
1 4 0.99 0.99 703.0 38.0 703.0 76.0 17.0 76.0 779.0 245.0 779.0 966.0 385.0 966.0 
1 2 0.27 0.27 282.0 22.0 282.0 487.0 94.0 487.0 
1 2 0.62 0.62 511.0 73.0 511.0 554.0 269.0 554.0 
1 3 0.95 0.95 511.0 73.0 511.0 554.0 269.0 554.0 363.0 117.0 363.0 
1 2 0.76 0.76 496.0 187.0 496.0 854.0 333.0 854.0 
1 2 0.4 0.4 631.0 65.0 631.0 613.0 183.0 613.0 
1 3 0.89 0.89 631.0 65.0 631.0 613.0 183.0 613.0 291.0 145.0 291.0 
1 2 0.79 0.79 861.0 300.0 861.0 133.0 60.0 133.0 
1 2 0.76 0.76 643.0 246.0 643.0 94.0 36.0 94.0 
1 3 0.83 0.83 643.0 246.0 643.0 94.0 36.0 94.0 763.0 52.0 763.0 
1 2 0.45 0.45 45.0 3.0 45.0 423.0 163.0 423.0 
1 3 0.55 0.55 45.0 3.0 45.0 423.0 163.0 423.0 79.0 8.0 79.0 
1 4 0.74 0.74 45.0 3.0 45.0 423.0 163.0 423.0 79.0 8.0 79.0 349.0 67.0 349.0 
1 2 0.63 0.63 478.0 210.0 478.0 961.0 189.0 961.0 
1 3 0.95 0.95 478.0 210.0 478.0 961.0 189.0 961.0 856.0 277.0 856.0 
1 2 0.37 0.37 683.0 25.0 683.0 660.0 221.0 660.0 
1 3 0.76 0.76 683.0 25.0 683.0 660.0 221.0 660.0 770.0 300.0 770.0 
1 2 0.31 0.31 565.0 62.0 565.0 715.0 149.0 715.0 
1 3 0.8 0.8 565.0 62.0 565.0 715.0 149.0 715.0 821.0 396.0 821.0 
1 2 0.64 0.64 780.0 257.0 780.0 105.0 33.0 105.0 
1 2 0.82 0.82 450.0 215.0 450.0 650.0 224.0 650.0 
1 2 0.74 0.74 873.0 350.0 873.0 928.0 322.0 928.0 
1 2 0.51 0.51 578.0 48.0 578.0 331.0 143.0 331.0 
1 3 0.54 0.54 578.0 48.0 578.0 331.0 143.0 331.0 191.0 6.0 191.0 
1 4 0.67 0.67 578.0 48.0 578.0 331.0 143.0 331.0 191.0 6.0 191.0 723.0 96.0 723.0 
1 2 0.16 0.16 326.0 5.0 326.0 892.0 134.0 892.0 
1 3 0.27 0.27 326.0 5.0 326.0 892.0 134.0 892.0 535.0 56.0 535.0 
1 4 0.45 0.45 326.0 5.0 326.0 892.0 134.0 892.0 535.0 56.0 535.0 834.0 151.0 834.0 
1 5 0.73 0.73 326.0 5.0 326.0 892.0 134.0 892.0 535.0 56.0 535.0 834.0 151.0 834.0 788.0 227.0 788.0 
1 6 0.81 0.81 326.0 5.0 326.0 892.0 134.0 892.0 535.0 56.0 535.0 834.0 151.0 834.0 788.0 227.0 788.0 237.0 17.0 237.0 
1 7 0.92 0.92 326.0 5.0 326.0 892.0 134.0 892.0 535.0 56.0 535.0 834.0 151.0 834.0 788.0 227.0 788.0 237.0 17.0 237.0 238.0 27.0 238.0 
1 2 0.47 0.47 204.0 1.0 204.0 112.0 53.0 112.0 
1 3 0.74 0.74 204.0 1.0 204.0 112.0 53.0 112.0 890.0 234.0 890.0 
1 4 0.98 0.98 204.0 1.0 204.0 112.0 53.0 112.0 890.0 234.0 890.0 211.0 52.0 211.0 
1 2 0.11 0.11 377.0 38.0 377.0 992.0 16.0 992.0 
1 3 0.54 0.54 377.0 38.0 377.0 992.0 16.0 992.0 870.0 370.0 870.0 
1 4 0.66 0.66 377.0 38.0 377.0 992.0 16.0 992.0 870.0 370.0 870.0 384.0 48.0 384.0 
1 5 0.79 0.79 377.0 38.0 377.0 992.0 16.0 992.0 870.0 370.0 870.0 384.0 48.0 384.0 967.0 120.0 967.0 
1 2 0.9 0.9 869.0 193.0 869.0 172.0 117.0 172.0 
1 2 0.73 0.73 626.0 302.0 626.0 973.0 243.0 973.0 
1 2 0.46 0.46 21.0 9.0 21.0 496.0 20.0 496.0 
1 3 0.55 0.55 21.0 9.0 21.0 496.0 20.0 496.0 846.0 75.0 846.0 
1 4 0.65 0.65 21.0 9.0 21.0 496.0 20.0 496.0 846.0 75.0 846.0 878.0 87.0 878.0 
1 5 0.94 0.94 21.0 9.0 21.0 496.0 20.0 496.0 846.0 75.0 846.0 878.0 87.0 878.0 970.0 279.0 970.0 
1 2 0.38 0.38 148.0 3.0 148.0 672.0 245.0 672.0 
1 3 0.8 0.8 148.0 3.0 148.0 672.0 245.0 672.0 890.0 376.0 890.0 
1 2 0.91 0.91 555.0 117.0 555.0 476.0 334.0 476.0 
1 2 0.76 0.76 116.0 39.0 116.0 352.0 152.0 352.0 
1 3 0.85 0.85 116.0 39.0 116.0 352.0 152.0 352.0 936.0 78.0 936.0 
1 4 0.93 0.93 116.0 39.0 116.0 352.0 152.0 352.0 936.0 78.0 936.0 792.0 66.0 792.0 
1 2 0.74 0.74 884.0 274.0 884.0 841.0 366.0 841.0 
1 2 0.45 0.45 559.0 90.0 559.0 292.0 85.0 292.0 
1 3 0.51 0.51 559.0 90.0 559.0 292.0 85.0 292.0 853.0 50.0 853.0 
1 4 0.72 0.72 559.0 90.0 559.0 292.0 85.0 292.0 853.0 50.0 853.0 79.0 17.0 79.0 
1 5 0.88 0.88 559.0 90.0 559.0 292.0 85.0 292.0 853.0 50.0 853.0 79.0 17.0 79.0 356.0 57.0 356.0 
1 2 0.97 0.97 101.0 10.0 101.0 111.0 97.0 111.0 
1 2 0.82 0.82 907.0 747.0 907.0 846.0 5.0 846.0 
1 3 0.87 0.87 907.0 747.0 907.0 846.0 5.0 846.0 599.0 26.0 599.0 
1 2 0.57 0.57 639.0 185.0 639.0 786.0 221.0 786.0 
1 2 0.57 0.57 955.0 424.0 955.0 52.0 7.0 52.0 
1 3 0.87 0.87 955.0 424.0 955.0 52.0 7.0 52.0 573.0 171.0 573.0 
1 2 0.19 0.19 195.0 23.0 195.0 581.0 46.0 581.0 
1 3 0.44 0.44 195.0 23.0 195.0 581.0 46.0 581.0 809.0 199.0 809.0 
1 4 0.91 0.91 195.0 23.0 195.0 581.0 46.0 581.0 809.0 199.0 809.0 223.0 106.0 223.0 
1 2 0.68 0.68 386.0 63.0 386.0 709.0 369.0 709.0 
1 2 0.69 0.69 697.0 359.0 697.0 557.0 100.0 557.0 
1 3 0.94 0.94 697.0 359.0 697.0 557.0 100.0 557.0 753.0 187.0 753.0 
1 2 0.38 0.38 281.0 37.0 281.0 8.0 2.0 8.0 
1 3 0.39 0.39 281.0 37.0 281.0 8.0 2.0 8.0 528.0 5.0 528.0 
1 4 0.81 0.81 281.0 37.0 281.0 8.0 2.0 8.0 528.0 5.0 528.0 971.0 407.0 971.0 
1 2 0.62 0.62 447.0 266.0 447.0 588.0 17.0 588.0 
1 3 0.8 0.8 447.0 266.0 447.0 588.0 17.0 588.0 947.0 170.0 947.0 
1 4 0.9 0.9 447.0 266.0 447.0 588.0 17.0 588.0 947.0 170.0 947.0 382.0 38.0 382.0 
1 2 0.68 0.68 190.0 105.0 190.0 954.0 130.0 954.0 
1 3 0.78 0.78 190.0 105.0 190.0 954.0 130.0 954.0 153.0 15.0 153.0 
1 2 0.48 0.48 358.0 44.0 358.0 370.0 134.0 370.0 
1 3 0.85 0.85 358.0 44.0 358.0 370.0 134.0 370.0 348.0 128.0 348.0 
1 2 0.35 0.35 283.0 37.0 283.0 635.0 143.0 635.0 
1 3 0.84 0.84 283.0 37.0 283.0 635.0 143.0 635.0 390.0 190.0 390.0 
1 2 0.18 0.18 10.0 1.0 10.0 615.0 53.0 615.0 
1 3 0.42 0.42 10.0 1.0 10.0 615.0 53.0 615.0 80.0 19.0 80.0 
1 4 0.52 0.52 10.0 1.0 10.0 615.0 53.0 615.0 80.0 19.0 80.0 172.0 18.0 172.0 
1 5 0.74 0.74 10.0 1.0 10.0 615.0 53.0 615.0 80.0 19.0 80.0 172.0 18.0 172.0 627.0 134.0 627.0 
1 6 0.82 0.82 10.0 1.0 10.0 615.0 53.0 615.0 80.0 19.0 80.0 172.0 18.0 172.0 627.0 134.0 627.0 282.0 22.0 282.0 
1 2 0.63 0.63 849.0 328.0 849.0 848.0 209.0 848.0 
1 3 0.81 0.81 849.0 328.0 849.0 848.0 209.0 848.0 422.0 76.0 422.0 
1 2 0.37 0.37 656.0 185.0 656.0 475.0 43.0 475.0 
1 2 0.36 0.36 296.0 84.0 296.0 294.0 23.0 294.0 
1 3 0.54 0.54 296.0 84.0 296.0 294.0 23.0 294.0 39.0 7.0 39.0 
1 4 0.81 0.81 296.0 84.0 296.0 294.0 23.0 294.0 39.0 7.0 39.0 538.0 146.0 538.0 
1 2 0.35 0.35 503.0 48.0 503.0 350.0 92.0 350.0 
1 3 0.78 0.78 503.0 48.0 503.0 350.0 92.0 350.0 843.0 360.0 843.0 
1 2 0.53 0.53 861.0 66.0 861.0 331.0 153.0 331.0 
1 3 0.54 0.54 861.0 66.0 861.0 331.0 153.0 331.0 944.0 8.0 944.0 
1 4 0.94 0.94 861.0 66.0 861.0 331.0 153.0 331.0 944.0 8.0 944.0 588.0 232.0 588.0 
1 5 0.99 0.99 861.0 66.0 861.0 331.0 153.0 331.0 944.0 8.0 944.0 588.0 232.0 588.0 605.0 34.0 605.0 
1 2 0.77 0.77 726.0 272.0 726.0 751.0 300.0 751.0 
1 2 0.73 0.73 595.0 273.0 595.0 864.0 240.0 864.0 
1 2 0.84 0.84 324.0 121.0 324.0 213.0 100.0 213.0 
1 3 0.96 0.96 324.0 121.0 324.0 213.0 100.0 213.0 419.0 51.0 419.0 
1 2 0.56 0.56 384.0 117.0 384.0 785.0 207.0 785.0 
1 3 0.82 0.82 384.0 117.0 384.0 785.0 207.0 785.0 937.0 243.0 937.0 
1 2 0.52 0.52 996.0 88.0 996.0 925.0 400.0 925.0 
1 3 0.74 0.74 996.0 88.0 996.0 925.0 400.0 925.0 908.0 204.0 908.0 
1 2 0.68 0.68 927.0 431.0 927.0 621.0 134.0 621.0 
1 2 0.67 0.67 585.0 128.0 585.0 946.0 432.0 946.0 
1 2 0.17 0.17 395.0 40.0 395.0 324.0 24.0 324.0 
1 3 0.21 0.21 395.0 40.0 395.0 324.0 24.0 324.0 240.0 9.0 240.0 
1 4 0.84 0.84 395.0 40.0 395.0 324.0 24.0 324.0 240.0 9.0 240.0 660.0 419.0 660.0 
1 2 0.69 0.69 50.0 22.0 50.0 565.0 146.0 565.0 
1 3 0.86 0.86 50.0 22.0 50.0 565.0 146.0 565.0 345.0 56.0 345.0 
1 2 0.22 0.22 301.0 54.0 301.0 567.0 26.0 567.0 
1 3 0.31 0.31 301.0 54.0 301.0 567.0 26.0 567.0 544.0 50.0 544.0 
1 4 0.46 0.46 301.0 54.0 301.0 567.0 26.0 567.0 544.0 50.0 544.0 903.0 137.0 903.0 
1 2 0.74 0.74 718.0 312.0 718.0 203.0 64.0 203.0 
1 3 0.79 0.79 718.0 312.0 718.0 203.0 64.0 203.0 622.0 26.0 622.0 
1 2 0.71 0.71 763.0 233.0 763.0 538.0 218.0 538.0 
1 3 0.9 0.9 763.0 233.0 763.0 538.0 218.0 538.0 986.0 191.0 986.0 
1 2 0.38 0.38 347.0 2.0 347.0 434.0 166.0 434.0 
1 3 0.77 0.77 347.0 2.0 347.0 434.0 166.0 434.0 715.0 280.0 715.0 
1 4 0.99 0.99 347.0 2.0 347.0 434.0 166.0 434.0 715.0 280.0 715.0 622.0 135.0 622.0 
1 2 0.79 0.79 64.0 46.0 64.0 926.0 75.0 926.0 
1 2 0.82 0.82 782.0 373.0 782.0 795.0 275.0 795.0 
1 2 0.7 0.7 922.0 251.0 922.0 783.0 338.0 783.0 
1 3 0.97 0.97 922.0 251.0 922.0 783.0 338.0 783.0 297.0 80.0 297.0 
1 2 0.62 0.62 571.0 108.0 571.0 873.0 382.0 873.0 
1 2 0.53 0.53 591.0 298.0 591.0 931.0 30.0 931.0 
1 3 0.98 0.98 591.0 298.0 591.0 931.0 30.0 931.0 221.0 100.0 221.0 
1 2 0.81 0.81 628.0 234.0 628.0 775.0 344.0 775.0 
1 2 0.62 0.62 892.0 408.0 892.0 6.0 1.0 6.0 
1 3 0.8 0.8 892.0 408.0 892.0 6.0 1.0 6.0 282.0 52.0 282.0 
1 4 0.99 0.99 892.0 408.0 892.0 6.0 1.0 6.0 282.0 52.0 282.0 178.0 33.0 178.0 
1 2 0.98 0.98 740.0 369.0 740.0 659.0 323.0 659.0 
1 2 0.73 0.73 79.0 29.0 79.0 669.0 248.0 669.0 
1 3 0.86 0.86 79.0 29.0 79.0 669.0 248.0 669.0 393.0 51.0 393.0 
1 2 0.38 0.38 860.0 80.0 860.0 655.0 190.0 655.0 
1 3 0.59 0.59 860.0 80.0 860.0 655.0 190.0 655.0 699.0 147.0 699.0 
1 2 0.52 0.52 856.0 276.0 856.0 979.0 201.0 979.0 
1 2 0.22 0.22 495.0 107.0 495.0 649.0 8.0 649.0 
1 3 0.64 0.64 495.0 107.0 495.0 649.0 8.0 649.0 832.0 347.0 832.0 
1 4 0.69 0.69 495.0 107.0 495.0 649.0 8.0 649.0 832.0 347.0 832.0 971.0 46.0 971.0 
1 5 0.9 0.9 495.0 107.0 495.0 649.0 8.0 649.0 832.0 347.0 832.0 971.0 46.0 971.0 43.0 9.0 43.0 
1 2 0.6 0.6 765.0 238.0 765.0 911.0 264.0 911.0 
1 3 0.97 0.97 765.0 238.0 765.0 911.0 264.0 911.0 115.0 43.0 115.0 
1 2 0.18 0.18 381.0 27.0 381.0 179.0 20.0 179.0 
1 3 0.71 0.71 381.0 27.0 381.0 179.0 20.0 179.0 82.0 44.0 82.0 
1 4 0.98 0.98 381.0 27.0 381.0 179.0 20.0 179.0 82.0 44.0 82.0 483.0 126.0 483.0 
1 2 0.69 0.69 804.0 189.0 804.0 71.0 33.0 71.0 
1 3 0.77 0.77 804.0 189.0 804.0 71.0 33.0 71.0 679.0 50.0 679.0 
1 2 0.48 0.48 205.0 34.0 205.0 890.0 284.0 890.0 
1 3 0.54 0.54 205.0 34.0 205.0 890.0 284.0 890.0 32.0 2.0 32.0 
1 4 0.73 0.73 205.0 34.0 205.0 890.0 284.0 890.0 32.0 2.0 32.0 751.0 141.0 751.0 
1 2 0.24 0.24 405.0 21.0 405.0 801.0 156.0 801.0 
1 3 0.28 0.28 405.0 21.0 405.0 801.0 156.0 801.0 659.0 26.0 659.0 
1 4 0.51 0.51 405.0 21.0 405.0 801.0 156.0 801.0 659.0 26.0 659.0 129.0 29.0 129.0 
1 2 0.14 0.14 675.0 29.0 675.0 378.0 40.0 378.0 
1 3 0.69 0.69 675.0 29.0 675.0 378.0 40.0 378.0 177.0 97.0 177.0 
1 4 0.91 0.91 675.0 29.0 675.0 378.0 40.0 378.0 177.0 97.0 177.0 923.0 201.0 923.0 
1 2 0.78 0.78 778.0 386.0 778.0 589.0 168.0 589.0 
1 2 0.64 0.64 741.0 197.0 741.0 85.0 32.0 85.0 
1 2 0.6 0.6 687.0 199.0 687.0 384.0 122.0 384.0 
1 2 0.6 0.6 696.0 77.0 696.0 698.0 344.0 698.0 
1 3 0.96 0.96 696.0 77.0 696.0 698.0 344.0 698.0 399.0 145.0 399.0 
1 2 0.31 0.31 723.0 30.0 723.0 604.0 168.0 604.0 
1 3 0.45 0.45 723.0 30.0 723.0 604.0 168.0 604.0 23.0 3.0 23.0 
1 4 0.66 0.66 723.0 30.0 723.0 604.0 168.0 604.0 23.0 3.0 23.0 270.0 59.0 270.0 
1 5 0.84 0.84 723.0 30.0 723.0 604.0 168.0 604.0 23.0 3.0 23.0 270.0 59.0 270.0 157.0 27.0 157.0 
1 6 0.9 0.9 723.0 30.0 723.0 604.0 168.0 604.0 23.0 3.0 23.0 270.0 59.0 270.0 157.0 27.0 157.0 730.0 47.0 730.0 
1 2 0.84 0.84 914.0 390.0 914.0 533.0 224.0 533.0 
1 3 0.88 0.88 914.0 390.0 914.0 533.0 224.0 533.0 331.0 11.0 331.0 
1 2 0.35 0.35 594.0 72.0 594.0 417.0 99.0 417.0 
1 3 0.55 0.55 594.0 72.0 594.0 417.0 99.0 417.0 611.0 122.0 611.0 
1 4 0.87 0.87 594.0 72.0 594.0 417.0 99.0 417.0 611.0 122.0 611.0 481.0 154.0 481.0 
1 2 0.6 0.6 120.0 13.0 120.0 4.0 2.0 4.0 
1 3 0.66 0.66 120.0 13.0 120.0 4.0 2.0 4.0 924.0 56.0 924.0 
1 4 0.97 0.97 120.0 13.0 120.0 4.0 2.0 4.0 924.0 56.0 924.0 396.0 121.0 396.0 
1 2 0.42 0.42 907.0 354.0 907.0 993.0 36.0 993.0 
1 3 0.62 0.62 907.0 354.0 907.0 993.0 36.0 993.0 233.0 46.0 233.0 
1 4 0.8 0.8 907.0 354.0 907.0 993.0 36.0 993.0 233.0 46.0 233.0 292.0 54.0 292.0 
1 2 0.36 0.36 754.0 239.0 754.0 805.0 36.0 805.0 
1 3 0.37 0.37 754.0 239.0 754.0 805.0 36.0 805.0 609.0 9.0 609.0 
1 4 0.58 0.58 754.0 239.0 754.0 805.0 36.0 805.0 609.0 9.0 609.0 388.0 80.0 388.0 
1 2 0.71 0.71 917.0 348.0 917.0 143.0 48.0 143.0 
1 2 0.19 0.19 656.0 56.0 656.0 411.0 44.0 411.0 
1 3 0.63 0.63 656.0 56.0 656.0 411.0 44.0 411.0 181.0 80.0 181.0 
1 4 0.82 0.82 656.0 56.0 656.0 411.0 44.0 411.0 181.0 80.0 181.0 892.0 173.0 892.0 
1 5 0.83 0.83 656.0 56.0 656.0 411.0 44.0 411.0 181.0 80.0 181.0 892.0 173.0 892.0 409.0 1.0 409.0 
1 6 0.89 0.89 656.0 56.0 656.0 411.0 44.0 411.0 181.0 80.0 181.0 892.0 173.0 892.0 409.0 1.0 409.0 65.0 4.0 65.0 
1 2 0.37 0.37 588.0 177.0 588.0 331.0 23.0 331.0 
1 3 0.88 0.88 588.0 177.0 588.0 331.0 23.0 331.0 907.0 470.0 907.0 
1 2 0.22 0.22 695.0 16.0 695.0 571.0 115.0 571.0 
1 3 0.24 0.24 695.0 16.0 695.0 571.0 115.0 571.0 755.0 13.0 755.0 
1 4 0.65 0.65 695.0 16.0 695.0 571.0 115.0 571.0 755.0 13.0 755.0 545.0 225.0 545.0 
1 5 0.84 0.84 695.0 16.0 695.0 571.0 115.0 571.0 755.0 13.0 755.0 545.0 225.0 545.0 221.0 41.0 221.0 
1 2 0.27 0.27 743.0 91.0 743.0 299.0 47.0 299.0 
1 3 0.68 0.68 743.0 91.0 743.0 299.0 47.0 299.0 81.0 33.0 81.0 
1 4 0.72 0.72 743.0 91.0 743.0 299.0 47.0 299.0 81.0 33.0 81.0 30.0 1.0 30.0 
1 2 0.54 0.54 934.0 83.0 934.0 342.0 155.0 342.0 
1 2 0.55 0.55 909.0 87.0 909.0 181.0 83.0 181.0 
1 3 0.81 0.81 909.0 87.0 909.0 181.0 83.0 181.0 625.0 163.0 625.0 
1 2 0.4 0.4 730.0 288.0 730.0 296.0 3.0 296.0 
1 3 0.48 0.48 730.0 288.0 730.0 296.0 3.0 296.0 95.0 8.0 95.0 
1 4 0.81 0.81 730.0 288.0 730.0 296.0 3.0 296.0 95.0 8.0 95.0 421.0 136.0 421.0 
1 2 0.44 0.44 421.0 46.0 421.0 713.0 236.0 713.0 
1 3 0.53 0.53 421.0 46.0 421.0 713.0 236.0 713.0 579.0 53.0 579.0 
1 4 0.78 0.78 421.0 46.0 421.0 713.0 236.0 713.0 579.0 53.0 579.0 39.0 10.0 39.0 
1 2 0.55 0.55 151.0 38.0 151.0 471.0 142.0 471.0 
1 3 0.72 0.72 151.0 38.0 151.0 471.0 142.0 471.0 942.0 158.0 942.0 
1 2 0.14 0.14 768.0 49.0 768.0 434.0 36.0 434.0 
1 3 0.78 0.78 768.0 49.0 768.0 434.0 36.0 434.0 395.0 254.0 395.0 
1 2 0.89 0.89 640.0 185.0 640.0 918.0 556.0 918.0 
1 2 0.65 0.65 8.0 2.0 8.0 42.0 17.0 42.0 
1 2 0.51 0.51 889.0 286.0 889.0 785.0 151.0 785.0 
1 3 0.67 0.67 889.0 286.0 889.0 785.0 151.0 785.0 195.0 32.0 195.0 
1 4 0.89 0.89 889.0 286.0 889.0 785.0 151.0 785.0 195.0 32.0 195.0 725.0 157.0 725.0 
1 2 0.71 0.71 841.0 484.0 841.0 59.0 8.0 59.0 
1 3 0.86 0.86 841.0 484.0 841.0 59.0 8.0 59.0 273.0 43.0 273.0 
1 4 0.98 0.98 841.0 484.0 841.0 59.0 8.0 59.0 273.0 43.0 273.0 149.0 17.0 149.0 
1 2 0.23 0.23 823.0 69.0 823.0 926.0 139.0 926.0 
1 3 0.68 0.68 823.0 69.0 823.0 926.0 139.0 926.0 908.0 412.0 908.0 
1 2 0.52 0.52 843.0 335.0 843.0 223.0 28.0 223.0 
1 3 0.7 0.7 843.0 335.0 843.0 223.0 28.0 223.0 130.0 24.0 130.0 
1 4 0.82 0.82 843.0 335.0 843.0 223.0 28.0 223.0 130.0 24.0 130.0 152.0 18.0 152.0 
1 2 0.73 0.73 475.0 52.0 475.0 963.0 598.0 963.0 
1 2 0.53 0.53 342.0 64.0 342.0 890.0 312.0 890.0 
1 3 0.77 0.77 342.0 64.0 342.0 890.0 312.0 890.0 447.0 105.0 447.0 
1 4 0.92 0.92 342.0 64.0 342.0 890.0 312.0 890.0 447.0 105.0 447.0 677.0 106.0 677.0 
1 2 0.58 0.58 631.0 83.0 631.0 355.0 160.0 355.0 
1 3 0.75 0.75 631.0 83.0 631.0 355.0 160.0 355.0 114.0 20.0 114.0 
1 4 0.85 0.85 631.0 83.0 631.0 355.0 160.0 355.0 114.0 20.0 114.0 53.0 5.0 53.0 
1 5 0.91 0.91 631.0 83.0 631.0 355.0 160.0 355.0 114.0 20.0 114.0 53.0 5.0 53.0 60.0 4.0 60.0 
1 2 0.2 0.2 16.0 2.0 16.0 815.0 66.0 815.0 
1 3 0.49 0.49 16.0 2.0 16.0 815.0 66.0 815.0 503.0 143.0 503.0 
1 4 0.76 0.76 16.0 2.0 16.0 815.0 66.0 815.0 503.0 143.0 503.0 456.0 126.0 456.0 
1 2 0.55 0.55 969.0 353.0 969.0 672.0 129.0 672.0 
1 3 0.93 0.93 969.0 353.0 969.0 672.0 129.0 672.0 45.0 17.0 45.0 
1 4 0.95 0.95 969.0 353.0 969.0 672.0 129.0 672.0 45.0 17.0 45.0 367.0 7.0 367.0 
1 2 0.83 0.83 2.0 1.0 2.0 763.0 254.0 763.0 
1 3 0.96 0.96 2.0 1.0 2.0 763.0 254.0 763.0 670.0 89.0 670.0 
1 2 0.79 0.79 309.0 129.0 309.0 444.0 168.0 444.0 
1 2 0.48 0.48 907.0 142.0 907.0 515.0 170.0 515.0 
1 3 0.57 0.57 907.0 142.0 907.0 515.0 170.0 515.0 699.0 63.0 699.0 
1 4 0.77 0.77 907.0 142.0 907.0 515.0 170.0 515.0 699.0 63.0 699.0 164.0 32.0 164.0 
1 2 0.4 0.4 220.0 34.0 220.0 235.0 60.0 235.0 
1 3 0.43 0.43 220.0 34.0 220.0 235.0 60.0 235.0 634.0 13.0 634.0 
1 4 0.92 0.92 220.0 34.0 220.0 235.0 60.0 235.0 634.0 13.0 634.0 292.0 144.0 292.0 
1 5 0.92 0.92 220.0 34.0 220.0 235.0 60.0 235.0 634.0 13.0 634.0 292.0 144.0 292.0 814.0 4.0 814.0 
1 2 0.48 0.48 725.0 279.0 725.0 522.0 54.0 522.0 
1 3 0.77 0.77 725.0 279.0 725.0 522.0 54.0 522.0 120.0 35.0 120.0 
1 2 0.31 0.31 190.0 43.0 190.0 309.0 27.0 309.0 
1 3 0.49 0.49 190.0 43.0 190.0 309.0 27.0 309.0 204.0 36.0 204.0 
1 4 0.61 0.61 190.0 43.0 190.0 309.0 27.0 309.0 204.0 36.0 204.0 591.0 75.0 591.0 
1 5 0.62 0.62 190.0 43.0 190.0 309.0 27.0 309.0 204.0 36.0 204.0 591.0 75.0 591.0 933.0 5.0 933.0 
