2 3 1.96 1.96 738.0 483.0 738.0 105.0 104.0 105.0 80.0 26.0 80.0 
2 3 0.36 0.36 290.0 33.0 290.0 404.0 68.0 404.0 606.0 48.0 606.0 
2 4 0.37 0.37 290.0 33.0 290.0 404.0 68.0 404.0 606.0 48.0 606.0 486.0 6.0 486.0 
2 5 0.66 0.66 290.0 33.0 290.0 404.0 68.0 404.0 606.0 48.0 606.0 486.0 6.0 486.0 601.0 175.0 601.0 
2 6 0.86 0.86 290.0 33.0 290.0 404.0 68.0 404.0 606.0 48.0 606.0 486.0 6.0 486.0 601.0 175.0 601.0 203.0 41.0 203.0 
2 7 1.12 1.12 290.0 33.0 290.0 404.0 68.0 404.0 606.0 48.0 606.0 486.0 6.0 486.0 601.0 175.0 601.0 203.0 41.0 203.0 144.0 37.0 144.0 
2 8 1.24 1.24 290.0 33.0 290.0 404.0 68.0 404.0 606.0 48.0 606.0 486.0 6.0 486.0 601.0 175.0 601.0 203.0 41.0 203.0 144.0 37.0 144.0 332.0 40.0 332.0 
2 3 1.85 1.85 555.0 186.0 555.0 436.0 402.0 436.0 954.0 574.0 954.0 
2 3 1.17 1.17 24.0 15.0 24.0 135.0 44.0 135.0 89.0 20.0 89.0 
2 4 1.89 1.89 24.0 15.0 24.0 135.0 44.0 135.0 89.0 20.0 89.0 213.0 153.0 213.0 
2 3 1.54 1.54 791.0 612.0 791.0 570.0 44.0 570.0 584.0 404.0 584.0 
2 4 1.93 1.93 791.0 612.0 791.0 570.0 44.0 570.0 584.0 404.0 584.0 474.0 187.0 474.0 
2 5 1.95 1.95 791.0 612.0 791.0 570.0 44.0 570.0 584.0 404.0 584.0 474.0 187.0 474.0 239.0 5.0 239.0 
2 3 1.45 1.45 385.0 81.0 385.0 787.0 679.0 787.0 469.0 177.0 469.0 
2 4 1.87 1.87 385.0 81.0 385.0 787.0 679.0 787.0 469.0 177.0 469.0 940.0 398.0 940.0 
2 3 1.4 1.4 966.0 632.0 966.0 177.0 8.0 177.0 690.0 488.0 690.0 
2 4 1.69 1.69 966.0 632.0 966.0 177.0 8.0 177.0 690.0 488.0 690.0 331.0 96.0 331.0 
2 3 1.47 1.47 165.0 2.0 165.0 109.0 53.0 109.0 231.0 225.0 231.0 
2 4 1.73 1.73 165.0 2.0 165.0 109.0 53.0 109.0 231.0 225.0 231.0 73.0 19.0 73.0 
2 3 1.17 1.17 359.0 99.0 359.0 465.0 62.0 465.0 320.0 245.0 320.0 
2 4 1.27 1.27 359.0 99.0 359.0 465.0 62.0 465.0 320.0 245.0 320.0 627.0 63.0 627.0 
2 5 1.37 1.37 359.0 99.0 359.0 465.0 62.0 465.0 320.0 245.0 320.0 627.0 63.0 627.0 887.0 88.0 887.0 
2 6 1.46 1.46 359.0 99.0 359.0 465.0 62.0 465.0 320.0 245.0 320.0 627.0 63.0 627.0 887.0 88.0 887.0 85.0 8.0 85.0 
2 3 1.93 1.93 767.0 46.0 767.0 536.0 483.0 536.0 632.0 616.0 632.0 
2 4 1.99 1.99 767.0 46.0 767.0 536.0 483.0 536.0 632.0 616.0 632.0 279.0 17.0 279.0 
2 3 1.34 1.34 47.0 41.0 47.0 828.0 190.0 828.0 313.0 76.0 313.0 
2 4 1.67 1.67 47.0 41.0 47.0 828.0 190.0 828.0 313.0 76.0 313.0 701.0 232.0 701.0 
2 5 1.93 1.93 47.0 41.0 47.0 828.0 190.0 828.0 313.0 76.0 313.0 701.0 232.0 701.0 285.0 74.0 285.0 
2 3 1.75 1.75 101.0 59.0 101.0 682.0 280.0 682.0 132.0 101.0 132.0 
2 3 0.92 0.92 336.0 77.0 336.0 762.0 489.0 762.0 60.0 3.0 60.0 
2 4 1.51 1.51 336.0 77.0 336.0 762.0 489.0 762.0 60.0 3.0 60.0 979.0 581.0 979.0 
2 3 1.78 1.78 45.0 27.0 45.0 299.0 120.0 299.0 93.0 73.0 93.0 
2 3 1.4 1.4 171.0 159.0 171.0 988.0 42.0 988.0 21.0 9.0 21.0 
2 4 1.9 1.9 171.0 159.0 171.0 988.0 42.0 988.0 21.0 9.0 21.0 820.0 414.0 820.0 
2 3 1.99 1.99 463.0 410.0 463.0 192.0 170.0 192.0 185.0 42.0 185.0 
2 3 1.59 1.59 640.0 323.0 640.0 527.0 458.0 527.0 803.0 177.0 803.0 
2 3 1.62 1.62 492.0 481.0 492.0 536.0 44.0 536.0 703.0 396.0 703.0 
2 3 1.38 1.38 541.0 126.0 541.0 690.0 439.0 690.0 164.0 84.0 164.0 
2 4 1.83 1.83 541.0 126.0 541.0 690.0 439.0 690.0 164.0 84.0 164.0 448.0 202.0 448.0 
2 5 1.89 1.89 541.0 126.0 541.0 690.0 439.0 690.0 164.0 84.0 164.0 448.0 202.0 448.0 466.0 27.0 466.0 
2 3 1.04 1.04 764.0 512.0 764.0 431.0 50.0 431.0 805.0 209.0 805.0 
2 3 1.02 1.02 456.0 363.0 456.0 583.0 39.0 583.0 905.0 146.0 905.0 
2 4 1.87 1.87 456.0 363.0 456.0 583.0 39.0 583.0 905.0 146.0 905.0 247.0 209.0 247.0 
2 3 1.67 1.67 925.0 256.0 925.0 586.0 484.0 586.0 73.0 42.0 73.0 
2 3 0.95 0.95 53.0 20.0 53.0 208.0 79.0 208.0 863.0 171.0 863.0 
2 4 1.81 1.81 53.0 20.0 53.0 208.0 79.0 208.0 863.0 171.0 863.0 507.0 434.0 507.0 
2 3 1.78 1.78 498.0 264.0 498.0 198.0 80.0 198.0 873.0 744.0 873.0 
2 3 1.6 1.6 609.0 346.0 609.0 879.0 441.0 879.0 242.0 130.0 242.0 
2 4 1.64 1.64 609.0 346.0 609.0 879.0 441.0 879.0 242.0 130.0 242.0 266.0 9.0 266.0 
2 3 0.85 0.85 133.0 1.0 133.0 672.0 230.0 672.0 102.0 52.0 102.0 
2 4 1.74 1.74 133.0 1.0 133.0 672.0 230.0 672.0 102.0 52.0 102.0 691.0 615.0 691.0 
2 3 1.29 1.29 805.0 53.0 805.0 876.0 410.0 876.0 66.0 50.0 66.0 
2 4 1.4 1.4 805.0 53.0 805.0 876.0 410.0 876.0 66.0 50.0 66.0 299.0 34.0 299.0 
2 3 1.6 1.6 235.0 80.0 235.0 88.0 46.0 88.0 164.0 121.0 164.0 
2 4 1.94 1.94 235.0 80.0 235.0 88.0 46.0 88.0 164.0 121.0 164.0 977.0 332.0 977.0 
2 3 1.28 1.28 682.0 155.0 682.0 27.0 19.0 27.0 851.0 298.0 851.0 
2 3 0.97 0.97 753.0 169.0 753.0 664.0 269.0 664.0 847.0 292.0 847.0 
2 4 1.78 1.78 753.0 169.0 753.0 664.0 269.0 664.0 847.0 292.0 847.0 16.0 13.0 16.0 
2 3 0.81 0.81 971.0 500.0 971.0 499.0 1.0 499.0 919.0 276.0 919.0 
2 4 1.54 1.54 971.0 500.0 971.0 499.0 1.0 499.0 919.0 276.0 919.0 801.0 583.0 801.0 
2 3 1.97 1.97 807.0 678.0 807.0 817.0 167.0 817.0 611.0 566.0 611.0 
2 3 1.58 1.58 919.0 243.0 919.0 323.0 135.0 323.0 368.0 334.0 368.0 
2 3 0.3 0.3 288.0 48.0 288.0 42.0 5.0 42.0 887.0 19.0 887.0 
2 4 0.34 0.34 288.0 48.0 288.0 42.0 5.0 42.0 887.0 19.0 887.0 423.0 18.0 423.0 
2 5 0.95 0.95 288.0 48.0 288.0 42.0 5.0 42.0 887.0 19.0 887.0 423.0 18.0 423.0 988.0 597.0 988.0 
2 6 1.34 1.34 288.0 48.0 288.0 42.0 5.0 42.0 887.0 19.0 887.0 423.0 18.0 423.0 988.0 597.0 988.0 496.0 194.0 496.0 
2 3 1.12 1.12 153.0 29.0 153.0 680.0 9.0 680.0 156.0 144.0 156.0 
2 4 1.62 1.62 153.0 29.0 153.0 680.0 9.0 680.0 156.0 144.0 156.0 347.0 174.0 347.0 
2 3 1.75 1.75 352.0 328.0 352.0 772.0 532.0 772.0 231.0 30.0 231.0 
2 3 1.63 1.63 989.0 615.0 989.0 12.0 5.0 12.0 768.0 455.0 768.0 
2 3 1.55 1.55 35.0 10.0 35.0 746.0 231.0 746.0 162.0 156.0 162.0 
2 3 1.59 1.59 842.0 775.0 842.0 81.0 31.0 81.0 877.0 252.0 877.0 
2 4 1.66 1.66 842.0 775.0 842.0 81.0 31.0 81.0 877.0 252.0 877.0 678.0 51.0 678.0 
2 3 1.58 1.58 289.0 268.0 289.0 734.0 275.0 734.0 262.0 74.0 262.0 
2 3 0.43 0.43 461.0 11.0 461.0 670.0 121.0 670.0 168.0 39.0 168.0 
2 4 0.85 0.85 461.0 11.0 461.0 670.0 121.0 670.0 168.0 39.0 168.0 160.0 67.0 160.0 
2 5 1.77 1.77 461.0 11.0 461.0 670.0 121.0 670.0 168.0 39.0 168.0 160.0 67.0 160.0 696.0 643.0 696.0 
2 3 1.81 1.81 731.0 588.0 731.0 884.0 314.0 884.0 472.0 310.0 472.0 
2 3 1.39 1.39 419.0 371.0 419.0 230.0 58.0 230.0 871.0 226.0 871.0 
2 4 1.71 1.71 419.0 371.0 419.0 230.0 58.0 230.0 871.0 226.0 871.0 867.0 278.0 867.0 
2 3 1.29 1.29 290.0 119.0 290.0 375.0 49.0 375.0 48.0 36.0 48.0 
2 3 1.54 1.54 264.0 246.0 264.0 477.0 259.0 477.0 910.0 65.0 910.0 
2 4 1.94 1.94 264.0 246.0 264.0 477.0 259.0 477.0 910.0 65.0 910.0 157.0 62.0 157.0 
2 3 1.8 1.8 851.0 116.0 851.0 470.0 328.0 470.0 279.0 271.0 279.0 
2 3 0.71 0.71 211.0 39.0 211.0 804.0 363.0 804.0 869.0 66.0 869.0 
2 4 1.28 1.28 211.0 39.0 211.0 804.0 363.0 804.0 869.0 66.0 869.0 81.0 46.0 81.0 
2 5 1.55 1.55 211.0 39.0 211.0 804.0 363.0 804.0 869.0 66.0 869.0 81.0 46.0 81.0 205.0 57.0 205.0 
2 3 1.51 1.51 150.0 146.0 150.0 102.0 11.0 102.0 106.0 46.0 106.0 
2 4 1.86 1.86 150.0 146.0 150.0 102.0 11.0 102.0 106.0 46.0 106.0 585.0 204.0 585.0 
2 3 1.95 1.95 225.0 194.0 225.0 328.0 110.0 328.0 896.0 681.0 896.0 
2 3 0.92 0.92 827.0 176.0 827.0 379.0 182.0 379.0 171.0 39.0 171.0 
2 4 1.24 1.24 827.0 176.0 827.0 379.0 182.0 379.0 171.0 39.0 171.0 288.0 92.0 288.0 
2 5 1.36 1.36 827.0 176.0 827.0 379.0 182.0 379.0 171.0 39.0 171.0 288.0 92.0 288.0 148.0 18.0 148.0 
2 6 1.97 1.97 827.0 176.0 827.0 379.0 182.0 379.0 171.0 39.0 171.0 288.0 92.0 288.0 148.0 18.0 148.0 989.0 611.0 989.0 
2 3 1.48 1.48 126.0 58.0 126.0 241.0 142.0 241.0 111.0 48.0 111.0 
2 4 1.62 1.62 126.0 58.0 126.0 241.0 142.0 241.0 111.0 48.0 111.0 975.0 141.0 975.0 
2 3 1.33 1.33 829.0 731.0 829.0 853.0 331.0 853.0 814.0 53.0 814.0 
2 4 1.34 1.34 829.0 731.0 829.0 853.0 331.0 853.0 814.0 53.0 814.0 970.0 9.0 970.0 
2 5 1.52 1.52 829.0 731.0 829.0 853.0 331.0 853.0 814.0 53.0 814.0 970.0 9.0 970.0 169.0 30.0 169.0 
2 6 1.99 1.99 829.0 731.0 829.0 853.0 331.0 853.0 814.0 53.0 814.0 970.0 9.0 970.0 169.0 30.0 169.0 742.0 349.0 742.0 
2 3 1.25 1.25 367.0 117.0 367.0 179.0 136.0 179.0 958.0 168.0 958.0 
2 3 1.05 1.05 688.0 106.0 688.0 118.0 40.0 118.0 913.0 515.0 913.0 
2 4 1.08 1.08 688.0 106.0 688.0 118.0 40.0 118.0 913.0 515.0 913.0 884.0 28.0 884.0 
2 5 1.21 1.21 688.0 106.0 688.0 118.0 40.0 118.0 913.0 515.0 913.0 884.0 28.0 884.0 802.0 99.0 802.0 
2 3 1.25 1.25 900.0 445.0 900.0 882.0 643.0 882.0 921.0 33.0 921.0 
2 4 1.99 1.99 900.0 445.0 900.0 882.0 643.0 882.0 921.0 33.0 921.0 50.0 37.0 50.0 
2 3 1.8 1.8 763.0 376.0 763.0 482.0 455.0 482.0 791.0 295.0 791.0 
2 4 1.96 1.96 763.0 376.0 763.0 482.0 455.0 482.0 791.0 295.0 791.0 966.0 153.0 966.0 
2 3 1.57 1.57 955.0 312.0 955.0 118.0 100.0 118.0 485.0 195.0 485.0 
2 4 1.95 1.95 955.0 312.0 955.0 118.0 100.0 118.0 485.0 195.0 485.0 701.0 268.0 701.0 
2 5 1.99 1.99 955.0 312.0 955.0 118.0 100.0 118.0 485.0 195.0 485.0 701.0 268.0 701.0 870.0 32.0 870.0 
2 3 1.27 1.27 823.0 764.0 823.0 840.0 256.0 840.0 772.0 32.0 772.0 
2 4 1.83 1.83 823.0 764.0 823.0 840.0 256.0 840.0 772.0 32.0 772.0 616.0 348.0 616.0 
2 3 1.76 1.76 774.0 655.0 774.0 879.0 792.0 879.0 268.0 5.0 268.0 
2 3 1.04 1.04 45.0 33.0 45.0 195.0 1.0 195.0 885.0 272.0 885.0 
2 4 1.96 1.96 45.0 33.0 45.0 195.0 1.0 195.0 885.0 272.0 885.0 956.0 880.0 956.0 
2 3 1.36 1.36 452.0 51.0 452.0 98.0 82.0 98.0 493.0 203.0 493.0 
2 4 1.43 1.43 452.0 51.0 452.0 98.0 82.0 98.0 493.0 203.0 493.0 322.0 24.0 322.0 
2 5 1.56 1.56 452.0 51.0 452.0 98.0 82.0 98.0 493.0 203.0 493.0 322.0 24.0 322.0 826.0 107.0 826.0 
2 6 1.91 1.91 452.0 51.0 452.0 98.0 82.0 98.0 493.0 203.0 493.0 322.0 24.0 322.0 826.0 107.0 826.0 759.0 263.0 759.0 
2 3 1.48 1.48 757.0 397.0 757.0 717.0 367.0 717.0 422.0 191.0 422.0 
2 3 0.87 0.87 745.0 553.0 745.0 861.0 89.0 861.0 457.0 14.0 457.0 
2 4 1.53 1.53 745.0 553.0 745.0 861.0 89.0 861.0 457.0 14.0 457.0 260.0 172.0 260.0 
2 3 1.44 1.44 312.0 3.0 312.0 949.0 545.0 949.0 935.0 809.0 935.0 
2 3 1.84 1.84 525.0 434.0 525.0 499.0 459.0 499.0 691.0 65.0 691.0 
2 3 0.99 0.99 553.0 39.0 553.0 63.0 41.0 63.0 357.0 98.0 357.0 
2 4 1.04 1.04 553.0 39.0 553.0 63.0 41.0 63.0 357.0 98.0 357.0 436.0 20.0 436.0 
2 5 1.48 1.48 553.0 39.0 553.0 63.0 41.0 63.0 357.0 98.0 357.0 436.0 20.0 436.0 73.0 32.0 73.0 
2 3 1.96 1.96 70.0 14.0 70.0 570.0 441.0 570.0 260.0 259.0 260.0 
2 3 1.59 1.59 974.0 560.0 974.0 759.0 499.0 759.0 533.0 191.0 533.0 
2 3 1.63 1.63 246.0 96.0 246.0 714.0 692.0 714.0 72.0 20.0 72.0 
2 4 1.93 1.93 246.0 96.0 246.0 714.0 692.0 714.0 72.0 20.0 72.0 104.0 31.0 104.0 
2 3 1.6 1.6 312.0 268.0 312.0 910.0 400.0 910.0 403.0 125.0 403.0 
2 3 0.76 0.76 102.0 17.0 102.0 386.0 149.0 386.0 153.0 32.0 153.0 
2 4 1.41 1.41 102.0 17.0 102.0 386.0 149.0 386.0 153.0 32.0 153.0 781.0 511.0 781.0 
2 5 1.65 1.65 102.0 17.0 102.0 386.0 149.0 386.0 153.0 32.0 153.0 781.0 511.0 781.0 782.0 186.0 782.0 
2 3 0.88 0.88 806.0 54.0 806.0 18.0 13.0 18.0 31.0 3.0 31.0 
2 4 1.06 1.06 806.0 54.0 806.0 18.0 13.0 18.0 31.0 3.0 31.0 17.0 3.0 17.0 
2 5 1.92 1.92 806.0 54.0 806.0 18.0 13.0 18.0 31.0 3.0 31.0 17.0 3.0 17.0 388.0 336.0 388.0 
2 3 1.62 1.62 261.0 96.0 261.0 223.0 155.0 223.0 131.0 74.0 131.0 
2 4 1.82 1.82 261.0 96.0 261.0 223.0 155.0 223.0 131.0 74.0 131.0 777.0 155.0 777.0 
2 5 1.87 1.87 261.0 96.0 261.0 223.0 155.0 223.0 131.0 74.0 131.0 777.0 155.0 777.0 95.0 5.0 95.0 
2 3 1.04 1.04 751.0 520.0 751.0 820.0 61.0 820.0 281.0 78.0 281.0 
2 4 1.52 1.52 751.0 520.0 751.0 820.0 61.0 820.0 281.0 78.0 281.0 468.0 227.0 468.0 
2 3 1.75 1.75 790.0 704.0 790.0 532.0 248.0 532.0 564.0 227.0 564.0 
2 4 1.89 1.89 790.0 704.0 790.0 532.0 248.0 532.0 564.0 227.0 564.0 712.0 97.0 712.0 
2 3 1.08 1.08 45.0 23.0 45.0 577.0 281.0 577.0 863.0 72.0 863.0 
2 4 1.97 1.97 45.0 23.0 45.0 577.0 281.0 577.0 863.0 72.0 863.0 28.0 25.0 28.0 
2 3 1.72 1.72 157.0 146.0 157.0 746.0 303.0 746.0 938.0 367.0 938.0 
2 3 1.77 1.77 179.0 126.0 179.0 342.0 218.0 342.0 631.0 274.0 631.0 
2 3 1.91 1.91 775.0 759.0 775.0 112.0 32.0 112.0 107.0 70.0 107.0 
2 3 1.53 1.53 274.0 274.0 274.0 197.0 65.0 197.0 293.0 60.0 293.0 
2 3 1.95 1.95 478.0 437.0 478.0 274.0 143.0 274.0 667.0 347.0 667.0 
2 3 0.97 0.97 474.0 186.0 474.0 348.0 68.0 348.0 702.0 269.0 702.0 
2 4 1.59 1.59 474.0 186.0 474.0 348.0 68.0 348.0 702.0 269.0 702.0 455.0 283.0 455.0 
2 3 1.52 1.52 391.0 202.0 391.0 381.0 115.0 381.0 130.0 92.0 130.0 
2 3 1.78 1.78 665.0 267.0 665.0 39.0 21.0 39.0 471.0 399.0 471.0 
2 3 1.87 1.87 391.0 257.0 391.0 496.0 288.0 496.0 779.0 497.0 779.0 
2 3 1.45 1.45 235.0 169.0 235.0 955.0 332.0 955.0 321.0 126.0 321.0 
2 4 1.54 1.54 235.0 169.0 235.0 955.0 332.0 955.0 321.0 126.0 321.0 585.0 49.0 585.0 
2 3 1.02 1.02 533.0 138.0 533.0 380.0 57.0 380.0 900.0 555.0 900.0 
2 4 1.31 1.31 533.0 138.0 533.0 380.0 57.0 380.0 900.0 555.0 900.0 119.0 35.0 119.0 
2 3 1.23 1.23 613.0 98.0 613.0 719.0 134.0 719.0 688.0 613.0 688.0 
2 3 0.95 0.95 142.0 32.0 142.0 479.0 340.0 479.0 379.0 8.0 379.0 
2 4 1.19 1.19 142.0 32.0 142.0 479.0 340.0 479.0 379.0 8.0 379.0 895.0 217.0 895.0 
2 3 1.22 1.22 857.0 260.0 857.0 422.0 13.0 422.0 923.0 823.0 923.0 
2 4 1.58 1.58 857.0 260.0 857.0 422.0 13.0 422.0 923.0 823.0 923.0 695.0 249.0 695.0 
2 5 1.92 1.92 857.0 260.0 857.0 422.0 13.0 422.0 923.0 823.0 923.0 695.0 249.0 695.0 306.0 105.0 306.0 
2 6 1.96 1.96 857.0 260.0 857.0 422.0 13.0 422.0 923.0 823.0 923.0 695.0 249.0 695.0 306.0 105.0 306.0 347.0 14.0 347.0 
2 3 1.22 1.22 166.0 91.0 166.0 364.0 110.0 364.0 513.0 190.0 513.0 
2 3 1.62 1.62 816.0 729.0 816.0 270.0 153.0 270.0 101.0 17.0 101.0 
2 3 1.67 1.67 953.0 175.0 953.0 275.0 222.0 275.0 767.0 525.0 767.0 
2 3 1.37 1.37 265.0 212.0 265.0 241.0 38.0 241.0 512.0 216.0 512.0 
2 3 0.99 0.99 221.0 22.0 221.0 329.0 207.0 329.0 535.0 142.0 535.0 
2 4 1.42 1.42 221.0 22.0 221.0 329.0 207.0 329.0 535.0 142.0 535.0 418.0 181.0 418.0 
2 5 1.44 1.44 221.0 22.0 221.0 329.0 207.0 329.0 535.0 142.0 535.0 418.0 181.0 418.0 655.0 11.0 655.0 
2 6 1.54 1.54 221.0 22.0 221.0 329.0 207.0 329.0 535.0 142.0 535.0 418.0 181.0 418.0 655.0 11.0 655.0 257.0 27.0 257.0 
2 3 1.69 1.69 175.0 76.0 175.0 551.0 315.0 551.0 377.0 261.0 377.0 
2 3 1.48 1.48 356.0 259.0 356.0 275.0 184.0 275.0 508.0 43.0 508.0 
2 4 1.78 1.78 356.0 259.0 356.0 275.0 184.0 275.0 508.0 43.0 508.0 522.0 159.0 522.0 
2 3 1.29 1.29 689.0 654.0 689.0 235.0 51.0 235.0 216.0 27.0 216.0 
2 4 1.42 1.42 689.0 654.0 689.0 235.0 51.0 235.0 216.0 27.0 216.0 536.0 74.0 536.0 
2 5 1.62 1.62 689.0 654.0 689.0 235.0 51.0 235.0 216.0 27.0 216.0 536.0 74.0 536.0 5.0 1.0 5.0 
2 6 1.86 1.86 689.0 654.0 689.0 235.0 51.0 235.0 216.0 27.0 216.0 536.0 74.0 536.0 5.0 1.0 5.0 979.0 232.0 979.0 
2 3 1.43 1.43 81.0 17.0 81.0 993.0 640.0 993.0 829.0 482.0 829.0 
2 3 1.78 1.78 717.0 697.0 717.0 717.0 302.0 717.0 227.0 90.0 227.0 
2 3 1.18 1.18 925.0 519.0 925.0 857.0 151.0 857.0 486.0 217.0 486.0 
2 4 1.21 1.21 925.0 519.0 925.0 857.0 151.0 857.0 486.0 217.0 486.0 291.0 9.0 291.0 
2 5 1.23 1.23 925.0 519.0 925.0 857.0 151.0 857.0 486.0 217.0 486.0 291.0 9.0 291.0 314.0 7.0 314.0 
2 3 1.23 1.23 8.0 3.0 8.0 612.0 418.0 612.0 854.0 154.0 854.0 
2 4 1.84 1.84 8.0 3.0 8.0 612.0 418.0 612.0 854.0 154.0 854.0 631.0 385.0 631.0 
2 3 1.62 1.62 449.0 276.0 449.0 733.0 337.0 733.0 474.0 259.0 474.0 
2 3 1.11 1.11 835.0 449.0 835.0 317.0 57.0 317.0 260.0 103.0 260.0 
2 4 1.38 1.38 835.0 449.0 835.0 317.0 57.0 317.0 260.0 103.0 260.0 272.0 74.0 272.0 
2 3 1.99 1.99 505.0 187.0 505.0 868.0 786.0 868.0 785.0 561.0 785.0 
2 3 1.61 1.61 563.0 406.0 563.0 216.0 172.0 216.0 588.0 57.0 588.0 
2 4 1.83 1.83 563.0 406.0 563.0 216.0 172.0 216.0 588.0 57.0 588.0 224.0 50.0 224.0 
2 3 1.84 1.84 480.0 188.0 480.0 118.0 60.0 118.0 341.0 323.0 341.0 
2 4 1.99 1.99 480.0 188.0 480.0 118.0 60.0 118.0 341.0 323.0 341.0 305.0 44.0 305.0 
2 3 1.48 1.48 808.0 318.0 808.0 148.0 134.0 148.0 740.0 135.0 740.0 
2 3 1.74 1.74 560.0 406.0 560.0 968.0 532.0 968.0 163.0 77.0 163.0 
2 4 1.96 1.96 560.0 406.0 560.0 968.0 532.0 968.0 163.0 77.0 163.0 153.0 34.0 153.0 
2 3 0.82 0.82 302.0 140.0 302.0 538.0 55.0 538.0 781.0 203.0 781.0 
2 4 1.07 1.07 302.0 140.0 302.0 538.0 55.0 538.0 781.0 203.0 781.0 930.0 232.0 930.0 
2 5 1.22 1.22 302.0 140.0 302.0 538.0 55.0 538.0 781.0 203.0 781.0 930.0 232.0 930.0 60.0 9.0 60.0 
2 6 1.81 1.81 302.0 140.0 302.0 538.0 55.0 538.0 781.0 203.0 781.0 930.0 232.0 930.0 60.0 9.0 60.0 779.0 463.0 779.0 
2 7 1.92 1.92 302.0 140.0 302.0 538.0 55.0 538.0 781.0 203.0 781.0 930.0 232.0 930.0 60.0 9.0 60.0 779.0 463.0 779.0 283.0 31.0 283.0 
2 8 1.98 1.98 302.0 140.0 302.0 538.0 55.0 538.0 781.0 203.0 781.0 930.0 232.0 930.0 60.0 9.0 60.0 779.0 463.0 779.0 283.0 31.0 283.0 464.0 24.0 464.0 
2 3 1.81 1.81 519.0 72.0 519.0 76.0 52.0 76.0 193.0 192.0 193.0 
2 3 1.33 1.33 760.0 602.0 760.0 196.0 67.0 196.0 595.0 121.0 595.0 
2 4 1.6 1.6 760.0 602.0 760.0 196.0 67.0 196.0 595.0 121.0 595.0 906.0 239.0 906.0 
2 5 1.75 1.75 760.0 602.0 760.0 196.0 67.0 196.0 595.0 121.0 595.0 906.0 239.0 906.0 877.0 133.0 877.0 
2 3 0.94 0.94 287.0 4.0 287.0 726.0 553.0 726.0 893.0 147.0 893.0 
2 4 1.52 1.52 287.0 4.0 287.0 726.0 553.0 726.0 893.0 147.0 893.0 743.0 435.0 743.0 
2 3 1.35 1.35 210.0 89.0 210.0 579.0 320.0 579.0 379.0 144.0 379.0 
2 4 1.88 1.88 210.0 89.0 210.0 579.0 320.0 579.0 379.0 144.0 379.0 219.0 115.0 219.0 
2 3 1.8 1.8 868.0 437.0 868.0 251.0 92.0 251.0 788.0 734.0 788.0 
2 4 1.82 1.82 868.0 437.0 868.0 251.0 92.0 251.0 788.0 734.0 788.0 404.0 11.0 404.0 
2 3 0.88 0.88 727.0 205.0 727.0 76.0 23.0 76.0 569.0 170.0 569.0 
2 4 1.0 1.0 727.0 205.0 727.0 76.0 23.0 76.0 569.0 170.0 569.0 222.0 28.0 222.0 
2 5 1.43 1.43 727.0 205.0 727.0 76.0 23.0 76.0 569.0 170.0 569.0 222.0 28.0 222.0 804.0 346.0 804.0 
2 3 1.86 1.86 739.0 692.0 739.0 293.0 150.0 293.0 293.0 121.0 293.0 
2 3 1.96 1.96 870.0 87.0 870.0 370.0 362.0 370.0 155.0 137.0 155.0 
2 3 1.69 1.69 64.0 43.0 64.0 357.0 344.0 357.0 524.0 33.0 524.0 
2 4 1.84 1.84 64.0 43.0 64.0 357.0 344.0 357.0 524.0 33.0 524.0 951.0 142.0 951.0 
2 3 1.27 1.27 623.0 426.0 623.0 838.0 198.0 838.0 318.0 113.0 318.0 
2 4 1.5 1.5 623.0 426.0 623.0 838.0 198.0 838.0 318.0 113.0 318.0 86.0 20.0 86.0 
2 5 1.61 1.61 623.0 426.0 623.0 838.0 198.0 838.0 318.0 113.0 318.0 86.0 20.0 86.0 922.0 102.0 922.0 
2 3 1.86 1.86 911.0 677.0 911.0 798.0 345.0 798.0 463.0 317.0 463.0 
2 3 0.68 0.68 820.0 23.0 820.0 502.0 302.0 502.0 645.0 35.0 645.0 
2 4 1.45 1.45 820.0 23.0 820.0 502.0 302.0 502.0 645.0 35.0 645.0 788.0 605.0 788.0 
2 5 1.93 1.93 820.0 23.0 820.0 502.0 302.0 502.0 645.0 35.0 645.0 788.0 605.0 788.0 984.0 471.0 984.0 
2 3 1.22 1.22 680.0 187.0 680.0 608.0 553.0 608.0 512.0 22.0 512.0 
2 4 1.4 1.4 680.0 187.0 680.0 608.0 553.0 608.0 512.0 22.0 512.0 193.0 34.0 193.0 
2 3 1.45 1.45 723.0 358.0 723.0 814.0 408.0 814.0 353.0 161.0 353.0 
2 3 1.51 1.51 418.0 375.0 418.0 722.0 135.0 722.0 188.0 81.0 188.0 
2 4 1.96 1.96 418.0 375.0 418.0 722.0 135.0 722.0 188.0 81.0 188.0 548.0 246.0 548.0 
2 3 1.4 1.4 384.0 95.0 384.0 342.0 264.0 342.0 743.0 287.0 743.0 
2 4 1.69 1.69 384.0 95.0 384.0 342.0 264.0 342.0 743.0 287.0 743.0 409.0 119.0 409.0 
2 5 1.74 1.74 384.0 95.0 384.0 342.0 264.0 342.0 743.0 287.0 743.0 409.0 119.0 409.0 753.0 36.0 753.0 
2 3 1.01 1.01 311.0 44.0 311.0 804.0 244.0 804.0 47.0 27.0 47.0 
2 4 1.6 1.6 311.0 44.0 311.0 804.0 244.0 804.0 47.0 27.0 47.0 258.0 151.0 258.0 
2 3 1.89 1.89 901.0 189.0 901.0 27.0 19.0 27.0 396.0 390.0 396.0 
2 3 0.65 0.65 193.0 35.0 193.0 166.0 66.0 166.0 531.0 42.0 531.0 
2 4 1.49 1.49 193.0 35.0 193.0 166.0 66.0 166.0 531.0 42.0 531.0 101.0 85.0 101.0 
2 3 0.87 0.87 24.0 6.0 24.0 121.0 51.0 121.0 909.0 185.0 909.0 
2 4 1.4 1.4 24.0 6.0 24.0 121.0 51.0 121.0 909.0 185.0 909.0 252.0 133.0 252.0 
2 5 1.65 1.65 24.0 6.0 24.0 121.0 51.0 121.0 909.0 185.0 909.0 252.0 133.0 252.0 489.0 121.0 489.0 
2 3 1.54 1.54 422.0 79.0 422.0 798.0 381.0 798.0 548.0 480.0 548.0 
2 3 1.68 1.68 569.0 367.0 569.0 381.0 74.0 381.0 955.0 807.0 955.0 
2 3 1.98 1.98 558.0 182.0 558.0 693.0 530.0 693.0 253.0 227.0 253.0 
2 3 1.92 1.92 964.0 421.0 964.0 831.0 793.0 831.0 280.0 150.0 280.0 
2 4 1.99 1.99 964.0 421.0 964.0 831.0 793.0 831.0 280.0 150.0 280.0 303.0 21.0 303.0 
2 3 1.47 1.47 37.0 18.0 37.0 681.0 121.0 681.0 952.0 770.0 952.0 
2 3 0.43 0.43 137.0 42.0 137.0 453.0 29.0 453.0 407.0 28.0 407.0 
2 4 0.44 0.44 137.0 42.0 137.0 453.0 29.0 453.0 407.0 28.0 407.0 173.0 1.0 173.0 
2 5 0.53 0.53 137.0 42.0 137.0 453.0 29.0 453.0 407.0 28.0 407.0 173.0 1.0 173.0 580.0 52.0 580.0 
2 6 0.87 0.87 137.0 42.0 137.0 453.0 29.0 453.0 407.0 28.0 407.0 173.0 1.0 173.0 580.0 52.0 580.0 80.0 27.0 80.0 
2 7 1.76 1.76 137.0 42.0 137.0 453.0 29.0 453.0 407.0 28.0 407.0 173.0 1.0 173.0 580.0 52.0 580.0 80.0 27.0 80.0 309.0 276.0 309.0 
2 3 1.46 1.46 952.0 192.0 952.0 537.0 446.0 537.0 318.0 139.0 318.0 
2 4 1.7 1.7 952.0 192.0 952.0 537.0 446.0 537.0 318.0 139.0 318.0 854.0 205.0 854.0 
2 3 1.4 1.4 965.0 128.0 965.0 638.0 442.0 638.0 479.0 276.0 479.0 
2 3 0.71 0.71 224.0 80.0 224.0 204.0 64.0 204.0 599.0 24.0 599.0 
2 4 0.95 0.95 224.0 80.0 224.0 204.0 64.0 204.0 599.0 24.0 599.0 488.0 120.0 488.0 
2 5 1.23 1.23 224.0 80.0 224.0 204.0 64.0 204.0 599.0 24.0 599.0 488.0 120.0 488.0 50.0 14.0 50.0 
2 6 1.59 1.59 224.0 80.0 224.0 204.0 64.0 204.0 599.0 24.0 599.0 488.0 120.0 488.0 50.0 14.0 50.0 419.0 148.0 419.0 
2 3 1.58 1.58 725.0 132.0 725.0 168.0 117.0 168.0 531.0 374.0 531.0 
2 4 1.61 1.61 725.0 132.0 725.0 168.0 117.0 168.0 531.0 374.0 531.0 799.0 26.0 799.0 
2 3 1.26 1.26 78.0 54.0 78.0 980.0 541.0 980.0 987.0 18.0 987.0 
2 3 1.82 1.82 462.0 277.0 462.0 493.0 269.0 493.0 610.0 412.0 610.0 
2 3 1.01 1.01 672.0 127.0 672.0 51.0 38.0 51.0 525.0 44.0 525.0 
2 4 1.2 1.2 672.0 127.0 672.0 51.0 38.0 51.0 525.0 44.0 525.0 283.0 54.0 283.0 
2 5 1.9 1.9 672.0 127.0 672.0 51.0 38.0 51.0 525.0 44.0 525.0 283.0 54.0 283.0 840.0 584.0 840.0 
2 3 1.17 1.17 970.0 120.0 970.0 33.0 2.0 33.0 222.0 221.0 222.0 
2 3 0.72 0.72 643.0 250.0 643.0 524.0 19.0 524.0 270.0 80.0 270.0 
2 4 1.39 1.39 643.0 250.0 643.0 524.0 19.0 524.0 270.0 80.0 270.0 344.0 231.0 344.0 
2 5 1.96 1.96 643.0 250.0 643.0 524.0 19.0 524.0 270.0 80.0 270.0 344.0 231.0 344.0 526.0 300.0 526.0 
2 3 1.24 1.24 566.0 387.0 566.0 334.0 137.0 334.0 971.0 147.0 971.0 
2 4 1.54 1.54 566.0 387.0 566.0 334.0 137.0 334.0 971.0 147.0 971.0 409.0 122.0 409.0 
2 5 1.96 1.96 566.0 387.0 566.0 334.0 137.0 334.0 971.0 147.0 971.0 409.0 122.0 409.0 844.0 356.0 844.0 
2 3 1.98 1.98 980.0 611.0 980.0 740.0 286.0 740.0 616.0 602.0 616.0 
2 3 1.58 1.58 700.0 604.0 700.0 646.0 62.0 646.0 241.0 152.0 241.0 
2 3 0.91 0.91 901.0 344.0 901.0 299.0 137.0 299.0 552.0 41.0 552.0 
2 4 1.57 1.57 901.0 344.0 901.0 299.0 137.0 299.0 552.0 41.0 552.0 789.0 519.0 789.0 
2 5 1.98 1.98 901.0 344.0 901.0 299.0 137.0 299.0 552.0 41.0 552.0 789.0 519.0 789.0 297.0 122.0 297.0 
2 3 1.94 1.94 319.0 294.0 319.0 134.0 70.0 134.0 162.0 81.0 162.0 
2 3 1.54 1.54 666.0 297.0 666.0 829.0 495.0 829.0 575.0 290.0 575.0 
2 4 1.78 1.78 666.0 297.0 666.0 829.0 495.0 829.0 575.0 290.0 575.0 54.0 13.0 54.0 
2 5 1.83 1.83 666.0 297.0 666.0 829.0 495.0 829.0 575.0 290.0 575.0 54.0 13.0 54.0 334.0 16.0 334.0 
2 3 1.84 1.84 964.0 852.0 964.0 270.0 42.0 270.0 745.0 598.0 745.0 
2 3 0.58 0.58 284.0 47.0 284.0 212.0 2.0 212.0 681.0 277.0 681.0 
2 4 1.39 1.39 284.0 47.0 284.0 212.0 2.0 212.0 681.0 277.0 681.0 790.0 645.0 790.0 
2 5 1.63 1.63 284.0 47.0 284.0 212.0 2.0 212.0 681.0 277.0 681.0 790.0 645.0 790.0 794.0 189.0 794.0 
2 6 1.88 1.88 284.0 47.0 284.0 212.0 2.0 212.0 681.0 277.0 681.0 790.0 645.0 790.0 794.0 189.0 794.0 28.0 7.0 28.0 
2 3 1.14 1.14 16.0 6.0 16.0 953.0 214.0 953.0 690.0 378.0 690.0 
2 4 1.25 1.25 16.0 6.0 16.0 953.0 214.0 953.0 690.0 378.0 690.0 912.0 97.0 912.0 
2 5 1.41 1.41 16.0 6.0 16.0 953.0 214.0 953.0 690.0 378.0 690.0 912.0 97.0 912.0 870.0 139.0 870.0 
2 6 1.83 1.83 16.0 6.0 16.0 953.0 214.0 953.0 690.0 378.0 690.0 912.0 97.0 912.0 870.0 139.0 870.0 648.0 274.0 648.0 
2 3 1.28 1.28 998.0 550.0 998.0 553.0 358.0 553.0 323.0 29.0 323.0 
2 3 1.86 1.86 694.0 625.0 694.0 630.0 157.0 630.0 511.0 368.0 511.0 
2 3 1.35 1.35 154.0 79.0 154.0 504.0 326.0 504.0 530.0 105.0 530.0 
2 4 1.56 1.56 154.0 79.0 154.0 504.0 326.0 504.0 530.0 105.0 530.0 169.0 35.0 169.0 
2 5 1.84 1.84 154.0 79.0 154.0 504.0 326.0 504.0 530.0 105.0 530.0 169.0 35.0 169.0 755.0 212.0 755.0 
2 3 1.12 1.12 348.0 215.0 348.0 279.0 83.0 279.0 61.0 13.0 61.0 
2 4 1.33 1.33 348.0 215.0 348.0 279.0 83.0 279.0 61.0 13.0 61.0 997.0 208.0 997.0 
2 5 1.96 1.96 348.0 215.0 348.0 279.0 83.0 279.0 61.0 13.0 61.0 997.0 208.0 997.0 649.0 408.0 649.0 
2 3 1.44 1.44 199.0 86.0 199.0 523.0 383.0 523.0 470.0 131.0 470.0 
2 4 1.81 1.81 199.0 86.0 199.0 523.0 383.0 523.0 470.0 131.0 470.0 759.0 283.0 759.0 
2 3 1.86 1.86 133.0 126.0 133.0 939.0 167.0 939.0 701.0 522.0 701.0 
2 3 1.75 1.75 975.0 487.0 975.0 346.0 207.0 346.0 613.0 404.0 613.0 
2 4 1.96 1.96 975.0 487.0 975.0 346.0 207.0 346.0 613.0 404.0 613.0 247.0 51.0 247.0 
2 3 1.88 1.88 803.0 481.0 803.0 668.0 433.0 668.0 971.0 618.0 971.0 
2 3 1.48 1.48 827.0 760.0 827.0 983.0 197.0 983.0 665.0 245.0 665.0 
2 3 1.33 1.33 567.0 325.0 567.0 520.0 106.0 520.0 439.0 247.0 439.0 
2 4 1.6 1.6 567.0 325.0 567.0 520.0 106.0 520.0 439.0 247.0 439.0 840.0 223.0 840.0 
2 5 1.83 1.83 567.0 325.0 567.0 520.0 106.0 520.0 439.0 247.0 439.0 840.0 223.0 840.0 241.0 56.0 241.0 
2 3 1.83 1.83 400.0 177.0 400.0 789.0 642.0 789.0 520.0 301.0 520.0 
2 3 1.99 1.99 638.0 434.0 638.0 777.0 300.0 777.0 730.0 679.0 730.0 
2 3 1.21 1.21 987.0 889.0 987.0 721.0 202.0 721.0 58.0 2.0 58.0 
2 4 1.61 1.61 987.0 889.0 987.0 721.0 202.0 721.0 58.0 2.0 58.0 771.0 311.0 771.0 
2 5 1.75 1.75 987.0 889.0 987.0 721.0 202.0 721.0 58.0 2.0 58.0 771.0 311.0 771.0 748.0 104.0 748.0 
2 6 1.87 1.87 987.0 889.0 987.0 721.0 202.0 721.0 58.0 2.0 58.0 771.0 311.0 771.0 748.0 104.0 748.0 146.0 17.0 146.0 
2 3 1.33 1.33 309.0 150.0 309.0 987.0 150.0 987.0 410.0 287.0 410.0 
2 4 1.97 1.97 309.0 150.0 309.0 987.0 150.0 987.0 410.0 287.0 410.0 809.0 518.0 809.0 
2 3 1.49 1.49 220.0 214.0 220.0 739.0 35.0 739.0 355.0 169.0 355.0 
2 3 1.45 1.45 829.0 773.0 829.0 113.0 40.0 113.0 910.0 153.0 910.0 
2 3 1.51 1.51 201.0 101.0 201.0 781.0 656.0 781.0 443.0 77.0 443.0 
2 4 1.99 1.99 201.0 101.0 201.0 781.0 656.0 781.0 443.0 77.0 443.0 247.0 118.0 247.0 
2 3 1.24 1.24 633.0 287.0 633.0 258.0 188.0 258.0 642.0 40.0 642.0 
2 4 1.89 1.89 633.0 287.0 633.0 258.0 188.0 258.0 642.0 40.0 642.0 651.0 422.0 651.0 
2 3 1.74 1.74 380.0 233.0 380.0 356.0 270.0 356.0 646.0 241.0 646.0 
2 3 1.71 1.71 140.0 60.0 140.0 878.0 772.0 878.0 633.0 255.0 633.0 
2 4 1.91 1.91 140.0 60.0 140.0 878.0 772.0 878.0 633.0 255.0 633.0 98.0 20.0 98.0 
2 3 1.37 1.37 989.0 562.0 989.0 160.0 114.0 160.0 108.0 10.0 108.0 
2 3 1.61 1.61 260.0 57.0 260.0 737.0 405.0 737.0 991.0 840.0 991.0 
2 4 1.85 1.85 260.0 57.0 260.0 737.0 405.0 737.0 991.0 840.0 991.0 361.0 87.0 361.0 
2 5 1.86 1.86 260.0 57.0 260.0 737.0 405.0 737.0 991.0 840.0 991.0 361.0 87.0 361.0 875.0 9.0 875.0 
2 3 1.54 1.54 672.0 570.0 672.0 950.0 131.0 950.0 158.0 88.0 158.0 
2 4 1.61 1.61 672.0 570.0 672.0 950.0 131.0 950.0 158.0 88.0 158.0 836.0 61.0 836.0 
2 3 1.1 1.1 544.0 61.0 544.0 700.0 586.0 700.0 322.0 49.0 322.0 
2 4 1.41 1.41 544.0 61.0 544.0 700.0 586.0 700.0 322.0 49.0 322.0 592.0 185.0 592.0 
2 5 1.66 1.66 544.0 61.0 544.0 700.0 586.0 700.0 322.0 49.0 322.0 592.0 185.0 592.0 496.0 126.0 496.0 
2 3 0.94 0.94 496.0 273.0 496.0 323.0 13.0 323.0 697.0 244.0 697.0 
2 4 1.93 1.93 496.0 273.0 496.0 323.0 13.0 323.0 697.0 244.0 697.0 801.0 796.0 801.0 
2 3 0.86 0.86 575.0 74.0 575.0 104.0 73.0 104.0 595.0 19.0 595.0 
2 4 0.87 0.87 575.0 74.0 575.0 104.0 73.0 104.0 595.0 19.0 595.0 732.0 12.0 732.0 
2 5 1.08 1.08 575.0 74.0 575.0 104.0 73.0 104.0 595.0 19.0 595.0 732.0 12.0 732.0 713.0 145.0 713.0 
2 6 1.16 1.16 575.0 74.0 575.0 104.0 73.0 104.0 595.0 19.0 595.0 732.0 12.0 732.0 713.0 145.0 713.0 324.0 26.0 324.0 
2 7 1.16 1.16 575.0 74.0 575.0 104.0 73.0 104.0 595.0 19.0 595.0 732.0 12.0 732.0 713.0 145.0 713.0 324.0 26.0 324.0 359.0 2.0 359.0 
2 8 1.45 1.45 575.0 74.0 575.0 104.0 73.0 104.0 595.0 19.0 595.0 732.0 12.0 732.0 713.0 145.0 713.0 324.0 26.0 324.0 359.0 2.0 359.0 223.0 63.0 223.0 
2 3 1.97 1.97 57.0 50.0 57.0 947.0 696.0 947.0 809.0 294.0 809.0 
2 3 1.65 1.65 431.0 135.0 431.0 784.0 450.0 784.0 91.0 70.0 91.0 
2 4 1.97 1.97 431.0 135.0 431.0 784.0 450.0 784.0 91.0 70.0 91.0 918.0 290.0 918.0 
2 5 1.99 1.99 431.0 135.0 431.0 784.0 450.0 784.0 91.0 70.0 91.0 918.0 290.0 918.0 785.0 19.0 785.0 
2 3 1.2 1.2 153.0 99.0 153.0 926.0 210.0 926.0 898.0 300.0 898.0 
2 4 1.37 1.37 153.0 99.0 153.0 926.0 210.0 926.0 898.0 300.0 898.0 396.0 66.0 396.0 
2 5 1.45 1.45 153.0 99.0 153.0 926.0 210.0 926.0 898.0 300.0 898.0 396.0 66.0 396.0 320.0 26.0 320.0 
2 3 1.32 1.32 530.0 312.0 530.0 240.0 106.0 240.0 537.0 160.0 537.0 
2 4 1.93 1.93 530.0 312.0 530.0 240.0 106.0 240.0 537.0 160.0 537.0 899.0 549.0 899.0 
2 3 1.24 1.24 21.0 5.0 21.0 885.0 175.0 885.0 303.0 246.0 303.0 
2 4 1.98 1.98 21.0 5.0 21.0 885.0 175.0 885.0 303.0 246.0 303.0 162.0 119.0 162.0 
2 3 1.38 1.38 819.0 382.0 819.0 345.0 263.0 345.0 78.0 12.0 78.0 
2 4 1.63 1.63 819.0 382.0 819.0 345.0 263.0 345.0 78.0 12.0 78.0 887.0 221.0 887.0 
2 3 1.06 1.06 248.0 153.0 248.0 485.0 20.0 485.0 618.0 253.0 618.0 
2 4 1.54 1.54 248.0 153.0 248.0 485.0 20.0 485.0 618.0 253.0 618.0 924.0 443.0 924.0 
2 3 1.51 1.51 303.0 166.0 303.0 858.0 549.0 858.0 275.0 90.0 275.0 
2 4 1.75 1.75 303.0 166.0 303.0 858.0 549.0 858.0 275.0 90.0 275.0 318.0 76.0 318.0 
2 3 1.43 1.43 126.0 103.0 126.0 34.0 18.0 34.0 368.0 32.0 368.0 
2 3 0.69 0.69 192.0 4.0 192.0 792.0 265.0 792.0 340.0 117.0 340.0 
2 4 1.37 1.37 192.0 4.0 192.0 792.0 265.0 792.0 340.0 117.0 340.0 744.0 505.0 744.0 
2 3 1.59 1.59 185.0 143.0 185.0 343.0 50.0 343.0 25.0 17.0 25.0 
2 3 1.44 1.44 713.0 256.0 713.0 522.0 199.0 522.0 793.0 561.0 793.0 
2 4 1.86 1.86 713.0 256.0 713.0 522.0 199.0 522.0 793.0 561.0 793.0 281.0 116.0 281.0 
2 3 0.96 0.96 561.0 169.0 561.0 231.0 132.0 231.0 507.0 49.0 507.0 
2 4 1.64 1.64 561.0 169.0 561.0 231.0 132.0 231.0 507.0 49.0 507.0 835.0 563.0 835.0 
2 3 1.37 1.37 853.0 338.0 853.0 803.0 626.0 803.0 390.0 77.0 390.0 
2 3 1.75 1.75 169.0 73.0 169.0 622.0 421.0 622.0 785.0 505.0 785.0 
2 3 0.82 0.82 14.0 5.0 14.0 744.0 232.0 744.0 423.0 64.0 423.0 
2 4 1.15 1.15 14.0 5.0 14.0 744.0 232.0 744.0 423.0 64.0 423.0 6.0 2.0 6.0 
2 5 1.53 1.53 14.0 5.0 14.0 744.0 232.0 744.0 423.0 64.0 423.0 6.0 2.0 6.0 740.0 284.0 740.0 
2 3 1.29 1.29 385.0 251.0 385.0 109.0 27.0 109.0 444.0 174.0 444.0 
2 3 1.88 1.88 643.0 115.0 643.0 861.0 634.0 861.0 130.0 126.0 130.0 
2 3 1.6 1.6 908.0 255.0 908.0 11.0 11.0 11.0 227.0 73.0 227.0 
2 4 1.88 1.88 908.0 255.0 908.0 11.0 11.0 11.0 227.0 73.0 227.0 876.0 247.0 876.0 
2 3 1.07 1.07 450.0 46.0 450.0 517.0 412.0 517.0 552.0 99.0 552.0 
2 4 1.82 1.82 450.0 46.0 450.0 517.0 412.0 517.0 552.0 99.0 552.0 265.0 199.0 265.0 
2 3 0.14 0.14 599.0 10.0 599.0 264.0 22.0 264.0 793.0 37.0 793.0 
2 4 0.21 0.21 599.0 10.0 599.0 264.0 22.0 264.0 793.0 37.0 793.0 322.0 23.0 322.0 
2 5 1.2 1.2 599.0 10.0 599.0 264.0 22.0 264.0 793.0 37.0 793.0 322.0 23.0 322.0 270.0 266.0 270.0 
2 6 1.22 1.22 599.0 10.0 599.0 264.0 22.0 264.0 793.0 37.0 793.0 322.0 23.0 322.0 270.0 266.0 270.0 759.0 15.0 759.0 
2 7 1.76 1.76 599.0 10.0 599.0 264.0 22.0 264.0 793.0 37.0 793.0 322.0 23.0 322.0 270.0 266.0 270.0 759.0 15.0 759.0 11.0 6.0 11.0 
2 8 1.78 1.78 599.0 10.0 599.0 264.0 22.0 264.0 793.0 37.0 793.0 322.0 23.0 322.0 270.0 266.0 270.0 759.0 15.0 759.0 11.0 6.0 11.0 216.0 3.0 216.0 
2 3 1.54 1.54 954.0 914.0 954.0 335.0 120.0 335.0 374.0 85.0 374.0 
2 3 1.93 1.93 888.0 799.0 888.0 444.0 123.0 444.0 819.0 623.0 819.0 
2 3 1.38 1.38 990.0 419.0 990.0 267.0 203.0 267.0 540.0 111.0 540.0 
2 4 1.95 1.95 990.0 419.0 990.0 267.0 203.0 267.0 540.0 111.0 540.0 502.0 284.0 502.0 
2 3 1.11 1.11 455.0 61.0 455.0 55.0 20.0 55.0 277.0 172.0 277.0 
2 4 1.82 1.82 455.0 61.0 455.0 55.0 20.0 55.0 277.0 172.0 277.0 795.0 559.0 795.0 
2 5 1.89 1.89 455.0 61.0 455.0 55.0 20.0 55.0 277.0 172.0 277.0 795.0 559.0 795.0 270.0 20.0 270.0 
2 3 1.43 1.43 9.0 4.0 9.0 382.0 139.0 382.0 466.0 293.0 466.0 
2 3 1.7 1.7 689.0 523.0 689.0 774.0 18.0 774.0 408.0 376.0 408.0 
2 4 1.87 1.87 689.0 523.0 689.0 774.0 18.0 774.0 408.0 376.0 408.0 501.0 85.0 501.0 
2 5 1.92 1.92 689.0 523.0 689.0 774.0 18.0 774.0 408.0 376.0 408.0 501.0 85.0 501.0 989.0 52.0 989.0 
2 6 1.94 1.94 689.0 523.0 689.0 774.0 18.0 774.0 408.0 376.0 408.0 501.0 85.0 501.0 989.0 52.0 989.0 707.0 14.0 707.0 
2 3 0.74 0.74 114.0 46.0 114.0 868.0 32.0 868.0 376.0 114.0 376.0 
2 4 1.4 1.4 114.0 46.0 114.0 868.0 32.0 868.0 376.0 114.0 376.0 833.0 553.0 833.0 
2 5 1.93 1.93 114.0 46.0 114.0 868.0 32.0 868.0 376.0 114.0 376.0 833.0 553.0 833.0 500.0 262.0 500.0 
2 3 1.67 1.67 249.0 224.0 249.0 723.0 449.0 723.0 958.0 149.0 958.0 
2 3 0.87 0.87 327.0 18.0 327.0 128.0 24.0 128.0 375.0 238.0 375.0 
2 4 1.0 1.0 327.0 18.0 327.0 128.0 24.0 128.0 375.0 238.0 375.0 704.0 92.0 704.0 
2 5 1.06 1.06 327.0 18.0 327.0 128.0 24.0 128.0 375.0 238.0 375.0 704.0 92.0 704.0 799.0 43.0 799.0 
2 6 1.95 1.95 327.0 18.0 327.0 128.0 24.0 128.0 375.0 238.0 375.0 704.0 92.0 704.0 799.0 43.0 799.0 771.0 688.0 771.0 
2 3 1.12 1.12 805.0 259.0 805.0 932.0 228.0 932.0 978.0 547.0 978.0 
2 4 1.52 1.52 805.0 259.0 805.0 932.0 228.0 932.0 978.0 547.0 978.0 68.0 27.0 68.0 
2 3 1.74 1.74 655.0 157.0 655.0 418.0 274.0 418.0 179.0 153.0 179.0 
2 4 1.91 1.91 655.0 157.0 655.0 418.0 274.0 418.0 179.0 153.0 179.0 746.0 125.0 746.0 
2 3 1.36 1.36 172.0 26.0 172.0 527.0 282.0 527.0 769.0 525.0 769.0 
2 3 1.78 1.78 161.0 59.0 161.0 900.0 757.0 900.0 485.0 281.0 485.0 
2 4 1.89 1.89 161.0 59.0 161.0 900.0 757.0 900.0 485.0 281.0 485.0 622.0 65.0 622.0 
2 3 1.91 1.91 677.0 432.0 677.0 207.0 118.0 207.0 804.0 571.0 804.0 
2 3 1.35 1.35 478.0 341.0 478.0 382.0 4.0 382.0 542.0 344.0 542.0 
2 4 1.5 1.5 478.0 341.0 478.0 382.0 4.0 382.0 542.0 344.0 542.0 119.0 17.0 119.0 
2 5 1.64 1.64 478.0 341.0 478.0 382.0 4.0 382.0 542.0 344.0 542.0 119.0 17.0 119.0 21.0 3.0 21.0 
2 6 1.73 1.73 478.0 341.0 478.0 382.0 4.0 382.0 542.0 344.0 542.0 119.0 17.0 119.0 21.0 3.0 21.0 783.0 69.0 783.0 
2 3 1.64 1.64 440.0 45.0 440.0 383.0 349.0 383.0 950.0 596.0 950.0 
2 3 1.7 1.7 390.0 273.0 390.0 655.0 49.0 655.0 427.0 399.0 427.0 
2 3 1.57 1.57 506.0 454.0 506.0 788.0 407.0 788.0 504.0 80.0 504.0 
2 3 0.34 0.34 255.0 28.0 255.0 750.0 81.0 750.0 204.0 26.0 204.0 
2 4 1.09 1.09 255.0 28.0 255.0 750.0 81.0 750.0 204.0 26.0 204.0 68.0 51.0 68.0 
2 5 1.9 1.9 255.0 28.0 255.0 750.0 81.0 750.0 204.0 26.0 204.0 68.0 51.0 68.0 968.0 784.0 968.0 
2 3 1.55 1.55 701.0 530.0 701.0 499.0 169.0 499.0 886.0 409.0 886.0 
2 3 1.07 1.07 871.0 323.0 871.0 908.0 329.0 908.0 441.0 152.0 441.0 
2 4 1.29 1.29 871.0 323.0 871.0 908.0 329.0 908.0 441.0 152.0 441.0 693.0 148.0 693.0 
2 5 1.93 1.93 871.0 323.0 871.0 908.0 329.0 908.0 441.0 152.0 441.0 693.0 148.0 693.0 256.0 164.0 256.0 
2 3 1.54 1.54 873.0 841.0 873.0 691.0 214.0 691.0 475.0 128.0 475.0 
2 4 1.72 1.72 873.0 841.0 873.0 691.0 214.0 691.0 475.0 128.0 475.0 764.0 143.0 764.0 
2 3 1.32 1.32 358.0 77.0 358.0 209.0 128.0 209.0 842.0 419.0 842.0 
2 4 1.56 1.56 358.0 77.0 358.0 209.0 128.0 209.0 842.0 419.0 842.0 888.0 217.0 888.0 
2 3 1.75 1.75 506.0 49.0 506.0 512.0 491.0 512.0 650.0 454.0 650.0 
2 3 1.16 1.16 542.0 342.0 542.0 730.0 196.0 730.0 422.0 112.0 422.0 
2 4 1.48 1.48 542.0 342.0 542.0 730.0 196.0 730.0 422.0 112.0 422.0 206.0 65.0 206.0 
2 3 1.08 1.08 282.0 163.0 282.0 113.0 33.0 113.0 829.0 179.0 829.0 
2 4 1.57 1.57 282.0 163.0 282.0 113.0 33.0 113.0 829.0 179.0 829.0 123.0 60.0 123.0 
2 3 1.5 1.5 295.0 65.0 295.0 876.0 258.0 876.0 884.0 877.0 884.0 
2 3 1.06 1.06 906.0 452.0 906.0 530.0 190.0 530.0 416.0 86.0 416.0 
2 4 1.64 1.64 906.0 452.0 906.0 530.0 190.0 530.0 416.0 86.0 416.0 368.0 214.0 368.0 
2 3 1.19 1.19 520.0 177.0 520.0 888.0 663.0 888.0 9.0 1.0 9.0 
2 4 1.56 1.56 520.0 177.0 520.0 888.0 663.0 888.0 9.0 1.0 9.0 473.0 175.0 473.0 
2 3 1.43 1.43 942.0 445.0 942.0 836.0 44.0 836.0 814.0 744.0 814.0 
2 4 1.88 1.88 942.0 445.0 942.0 836.0 44.0 836.0 814.0 744.0 814.0 529.0 237.0 529.0 
2 3 1.47 1.47 388.0 191.0 388.0 675.0 346.0 675.0 120.0 56.0 120.0 
2 3 0.41 0.41 793.0 133.0 793.0 30.0 5.0 30.0 99.0 8.0 99.0 
2 4 0.75 0.75 793.0 133.0 793.0 30.0 5.0 30.0 99.0 8.0 99.0 540.0 181.0 540.0 
2 5 0.9 0.9 793.0 133.0 793.0 30.0 5.0 30.0 99.0 8.0 99.0 540.0 181.0 540.0 994.0 149.0 994.0 
2 6 1.32 1.32 793.0 133.0 793.0 30.0 5.0 30.0 99.0 8.0 99.0 540.0 181.0 540.0 994.0 149.0 994.0 947.0 400.0 947.0 
2 7 1.78 1.78 793.0 133.0 793.0 30.0 5.0 30.0 99.0 8.0 99.0 540.0 181.0 540.0 994.0 149.0 994.0 947.0 400.0 947.0 581.0 266.0 581.0 
2 3 1.37 1.37 933.0 730.0 933.0 695.0 115.0 695.0 532.0 226.0 532.0 
2 4 1.56 1.56 933.0 730.0 933.0 695.0 115.0 695.0 532.0 226.0 532.0 679.0 130.0 679.0 
2 3 1.56 1.56 762.0 35.0 762.0 296.0 165.0 296.0 549.0 528.0 549.0 
2 4 1.83 1.83 762.0 35.0 762.0 296.0 165.0 296.0 549.0 528.0 549.0 306.0 84.0 306.0 
2 3 1.36 1.36 893.0 411.0 893.0 96.0 40.0 96.0 37.0 18.0 37.0 
2 3 0.79 0.79 166.0 25.0 166.0 814.0 251.0 814.0 109.0 37.0 109.0 
2 4 1.28 1.28 166.0 25.0 166.0 814.0 251.0 814.0 109.0 37.0 109.0 647.0 317.0 647.0 
2 3 1.6 1.6 844.0 716.0 844.0 921.0 4.0 921.0 164.0 123.0 164.0 
2 3 1.37 1.37 935.0 873.0 935.0 711.0 294.0 711.0 485.0 13.0 485.0 
2 3 1.43 1.43 680.0 4.0 680.0 972.0 761.0 972.0 903.0 582.0 903.0 
2 3 0.61 0.61 155.0 65.0 155.0 548.0 104.0 548.0 116.0 1.0 116.0 
2 4 0.99 0.99 155.0 65.0 155.0 548.0 104.0 548.0 116.0 1.0 116.0 144.0 55.0 144.0 
2 5 1.49 1.49 155.0 65.0 155.0 548.0 104.0 548.0 116.0 1.0 116.0 144.0 55.0 144.0 442.0 217.0 442.0 
2 6 1.53 1.53 155.0 65.0 155.0 548.0 104.0 548.0 116.0 1.0 116.0 144.0 55.0 144.0 442.0 217.0 442.0 249.0 11.0 249.0 
2 3 1.57 1.57 338.0 144.0 338.0 610.0 433.0 610.0 552.0 245.0 552.0 
2 3 0.83 0.83 38.0 24.0 38.0 249.0 4.0 249.0 540.0 99.0 540.0 
2 4 1.53 1.53 38.0 24.0 38.0 249.0 4.0 249.0 540.0 99.0 540.0 600.0 423.0 600.0 
2 5 1.64 1.64 38.0 24.0 38.0 249.0 4.0 249.0 540.0 99.0 540.0 600.0 423.0 600.0 64.0 7.0 64.0 
2 6 1.94 1.94 38.0 24.0 38.0 249.0 4.0 249.0 540.0 99.0 540.0 600.0 423.0 600.0 64.0 7.0 64.0 207.0 63.0 207.0 
2 3 1.16 1.16 100.0 18.0 100.0 605.0 262.0 605.0 304.0 168.0 304.0 
2 4 1.81 1.81 100.0 18.0 100.0 605.0 262.0 605.0 304.0 168.0 304.0 269.0 176.0 269.0 
2 3 1.12 1.12 51.0 10.0 51.0 848.0 408.0 848.0 562.0 252.0 562.0 
2 4 1.27 1.27 51.0 10.0 51.0 848.0 408.0 848.0 562.0 252.0 562.0 124.0 19.0 124.0 
2 5 1.48 1.48 51.0 10.0 51.0 848.0 408.0 848.0 562.0 252.0 562.0 124.0 19.0 124.0 895.0 187.0 895.0 
2 3 1.4 1.4 371.0 185.0 371.0 777.0 60.0 777.0 509.0 420.0 509.0 
2 3 1.51 1.51 812.0 172.0 812.0 872.0 559.0 872.0 588.0 390.0 588.0 
2 4 1.87 1.87 812.0 172.0 812.0 872.0 559.0 872.0 588.0 390.0 588.0 217.0 78.0 217.0 
2 5 1.88 1.88 812.0 172.0 812.0 872.0 559.0 872.0 588.0 390.0 588.0 217.0 78.0 217.0 914.0 9.0 914.0 
2 3 1.62 1.62 918.0 247.0 918.0 459.0 382.0 459.0 812.0 423.0 812.0 
2 3 0.38 0.38 212.0 13.0 212.0 220.0 44.0 220.0 156.0 20.0 156.0 
2 4 1.17 1.17 212.0 13.0 212.0 220.0 44.0 220.0 156.0 20.0 156.0 732.0 577.0 732.0 
2 5 1.86 1.86 212.0 13.0 212.0 220.0 44.0 220.0 156.0 20.0 156.0 732.0 577.0 732.0 674.0 463.0 674.0 
2 3 1.81 1.81 14.0 11.0 14.0 494.0 72.0 494.0 379.0 335.0 379.0 
2 3 1.61 1.61 438.0 345.0 438.0 838.0 525.0 838.0 353.0 72.0 353.0 
2 3 1.98 1.98 924.0 900.0 924.0 881.0 296.0 881.0 546.0 369.0 546.0 
2 3 0.9 0.9 313.0 183.0 313.0 461.0 119.0 461.0 486.0 29.0 486.0 
2 4 1.64 1.64 313.0 183.0 313.0 461.0 119.0 461.0 486.0 29.0 486.0 951.0 704.0 951.0 
2 5 1.96 1.96 313.0 183.0 313.0 461.0 119.0 461.0 486.0 29.0 486.0 951.0 704.0 951.0 455.0 148.0 455.0 
2 3 0.75 0.75 796.0 466.0 796.0 777.0 32.0 777.0 217.0 28.0 217.0 
2 4 1.25 1.25 796.0 466.0 796.0 777.0 32.0 777.0 217.0 28.0 217.0 675.0 338.0 675.0 
2 5 1.36 1.36 796.0 466.0 796.0 777.0 32.0 777.0 217.0 28.0 217.0 675.0 338.0 675.0 66.0 7.0 66.0 
2 3 1.66 1.66 598.0 313.0 598.0 641.0 302.0 641.0 27.0 18.0 27.0 
2 4 1.8 1.8 598.0 313.0 598.0 641.0 302.0 641.0 27.0 18.0 27.0 980.0 139.0 980.0 
2 3 1.15 1.15 549.0 119.0 549.0 260.0 75.0 260.0 627.0 410.0 627.0 
2 4 1.49 1.49 549.0 119.0 549.0 260.0 75.0 260.0 627.0 410.0 627.0 868.0 294.0 868.0 
2 5 1.95 1.95 549.0 119.0 549.0 260.0 75.0 260.0 627.0 410.0 627.0 868.0 294.0 868.0 555.0 255.0 555.0 
2 3 1.42 1.42 394.0 254.0 394.0 933.0 152.0 933.0 771.0 478.0 771.0 
2 4 1.96 1.96 394.0 254.0 394.0 933.0 152.0 933.0 771.0 478.0 771.0 512.0 276.0 512.0 
2 3 1.09 1.09 180.0 6.0 180.0 432.0 420.0 432.0 413.0 36.0 413.0 
2 4 1.51 1.51 180.0 6.0 180.0 432.0 420.0 432.0 413.0 36.0 413.0 966.0 411.0 966.0 
2 3 1.31 1.31 768.0 110.0 768.0 20.0 9.0 20.0 492.0 354.0 492.0 
2 4 1.95 1.95 768.0 110.0 768.0 20.0 9.0 20.0 492.0 354.0 492.0 890.0 573.0 890.0 
2 3 1.58 1.58 919.0 386.0 919.0 940.0 697.0 940.0 617.0 260.0 617.0 
2 4 1.64 1.64 919.0 386.0 919.0 940.0 697.0 940.0 617.0 260.0 617.0 682.0 41.0 682.0 
2 3 0.18 0.18 511.0 10.0 511.0 888.0 103.0 888.0 110.0 5.0 110.0 
2 4 0.21 0.21 511.0 10.0 511.0 888.0 103.0 888.0 110.0 5.0 110.0 747.0 22.0 747.0 
2 5 1.12 1.12 511.0 10.0 511.0 888.0 103.0 888.0 110.0 5.0 110.0 747.0 22.0 747.0 111.0 102.0 111.0 
2 6 1.7 1.7 511.0 10.0 511.0 888.0 103.0 888.0 110.0 5.0 110.0 747.0 22.0 747.0 111.0 102.0 111.0 835.0 481.0 835.0 
2 3 1.59 1.59 399.0 392.0 399.0 376.0 178.0 376.0 368.0 50.0 368.0 
2 4 1.86 1.86 399.0 392.0 399.0 376.0 178.0 376.0 368.0 50.0 368.0 804.0 217.0 804.0 
2 3 1.12 1.12 95.0 2.0 95.0 624.0 243.0 624.0 691.0 492.0 691.0 
2 4 1.27 1.27 95.0 2.0 95.0 624.0 243.0 624.0 691.0 492.0 691.0 878.0 135.0 878.0 
2 3 1.8 1.8 589.0 150.0 589.0 301.0 286.0 301.0 58.0 35.0 58.0 
2 3 1.34 1.34 117.0 45.0 117.0 770.0 89.0 770.0 897.0 761.0 897.0 
2 4 1.7 1.7 117.0 45.0 117.0 770.0 89.0 770.0 897.0 761.0 897.0 417.0 148.0 417.0 
2 3 1.33 1.33 342.0 294.0 342.0 30.0 1.0 30.0 130.0 57.0 130.0 
2 4 1.86 1.86 342.0 294.0 342.0 30.0 1.0 30.0 130.0 57.0 130.0 155.0 82.0 155.0 
2 3 1.37 1.37 250.0 233.0 250.0 595.0 11.0 595.0 57.0 24.0 57.0 
2 3 1.44 1.44 694.0 169.0 694.0 717.0 585.0 717.0 39.0 15.0 39.0 
2 3 0.65 0.65 616.0 114.0 616.0 347.0 86.0 347.0 267.0 58.0 267.0 
2 4 0.92 0.92 616.0 114.0 616.0 347.0 86.0 347.0 267.0 58.0 267.0 508.0 142.0 508.0 
2 5 1.4 1.4 616.0 114.0 616.0 347.0 86.0 347.0 267.0 58.0 267.0 508.0 142.0 508.0 999.0 478.0 999.0 
2 3 0.67 0.67 409.0 28.0 409.0 927.0 198.0 927.0 230.0 91.0 230.0 
2 4 0.83 0.83 409.0 28.0 409.0 927.0 198.0 927.0 230.0 91.0 230.0 126.0 20.0 126.0 
2 5 1.05 1.05 409.0 28.0 409.0 927.0 198.0 927.0 230.0 91.0 230.0 126.0 20.0 126.0 498.0 107.0 498.0 
2 6 1.81 1.81 409.0 28.0 409.0 927.0 198.0 927.0 230.0 91.0 230.0 126.0 20.0 126.0 498.0 107.0 498.0 458.0 351.0 458.0 
2 3 1.75 1.75 634.0 558.0 634.0 224.0 15.0 224.0 48.0 39.0 48.0 
2 4 1.99 1.99 634.0 558.0 634.0 224.0 15.0 224.0 48.0 39.0 48.0 629.0 149.0 629.0 
2 3 0.9 0.9 353.0 72.0 353.0 238.0 48.0 238.0 962.0 477.0 962.0 
2 4 1.13 1.13 353.0 72.0 353.0 238.0 48.0 238.0 962.0 477.0 962.0 664.0 153.0 664.0 
2 5 1.64 1.64 353.0 72.0 353.0 238.0 48.0 238.0 962.0 477.0 962.0 664.0 153.0 664.0 770.0 396.0 770.0 
2 6 1.77 1.77 353.0 72.0 353.0 238.0 48.0 238.0 962.0 477.0 962.0 664.0 153.0 664.0 770.0 396.0 770.0 225.0 30.0 225.0 
2 3 1.69 1.69 181.0 137.0 181.0 255.0 37.0 255.0 646.0 513.0 646.0 
2 3 1.16 1.16 262.0 59.0 262.0 250.0 207.0 250.0 346.0 40.0 346.0 
2 4 1.5 1.5 262.0 59.0 262.0 250.0 207.0 250.0 346.0 40.0 346.0 880.0 297.0 880.0 
2 3 1.32 1.32 63.0 49.0 63.0 971.0 363.0 971.0 621.0 107.0 621.0 
2 4 1.5 1.5 63.0 49.0 63.0 971.0 363.0 971.0 621.0 107.0 621.0 862.0 159.0 862.0 
2 3 1.75 1.75 313.0 255.0 313.0 45.0 24.0 45.0 1000.0 409.0 1000.0 
2 3 1.39 1.39 188.0 140.0 188.0 86.0 54.0 86.0 234.0 6.0 234.0 
2 4 1.46 1.46 188.0 140.0 188.0 86.0 54.0 86.0 234.0 6.0 234.0 548.0 37.0 548.0 
2 5 1.88 1.88 188.0 140.0 188.0 86.0 54.0 86.0 234.0 6.0 234.0 548.0 37.0 548.0 468.0 196.0 468.0 
2 6 1.92 1.92 188.0 140.0 188.0 86.0 54.0 86.0 234.0 6.0 234.0 548.0 37.0 548.0 468.0 196.0 468.0 334.0 12.0 334.0 
2 3 1.82 1.82 58.0 30.0 58.0 601.0 290.0 601.0 146.0 121.0 146.0 
2 3 1.88 1.88 399.0 163.0 399.0 487.0 405.0 487.0 670.0 433.0 670.0 
2 3 1.05 1.05 949.0 39.0 949.0 578.0 259.0 578.0 880.0 494.0 880.0 
2 4 1.38 1.38 949.0 39.0 949.0 578.0 259.0 578.0 880.0 494.0 880.0 655.0 217.0 655.0 
2 5 1.56 1.56 949.0 39.0 949.0 578.0 259.0 578.0 880.0 494.0 880.0 655.0 217.0 655.0 489.0 90.0 489.0 
2 6 1.74 1.74 949.0 39.0 949.0 578.0 259.0 578.0 880.0 494.0 880.0 655.0 217.0 655.0 489.0 90.0 489.0 463.0 82.0 463.0 
2 7 1.98 1.98 949.0 39.0 949.0 578.0 259.0 578.0 880.0 494.0 880.0 655.0 217.0 655.0 489.0 90.0 489.0 463.0 82.0 463.0 397.0 98.0 397.0 
2 3 1.21 1.21 914.0 156.0 914.0 209.0 40.0 209.0 760.0 649.0 760.0 
2 4 1.59 1.59 914.0 156.0 914.0 209.0 40.0 209.0 760.0 649.0 760.0 552.0 207.0 552.0 
2 3 1.2 1.2 122.0 30.0 122.0 443.0 70.0 443.0 660.0 531.0 660.0 
2 4 1.78 1.78 122.0 30.0 122.0 443.0 70.0 443.0 660.0 531.0 660.0 877.0 503.0 877.0 
2 3 1.85 1.85 692.0 118.0 692.0 833.0 571.0 833.0 67.0 67.0 67.0 
2 4 1.91 1.91 692.0 118.0 692.0 833.0 571.0 833.0 67.0 67.0 67.0 655.0 37.0 655.0 
2 3 1.92 1.92 592.0 456.0 592.0 59.0 52.0 59.0 626.0 170.0 626.0 
2 3 1.0 1.0 722.0 236.0 722.0 621.0 139.0 621.0 594.0 268.0 594.0 
2 4 1.27 1.27 722.0 236.0 722.0 621.0 139.0 621.0 594.0 268.0 594.0 29.0 8.0 29.0 
2 5 1.44 1.44 722.0 236.0 722.0 621.0 139.0 621.0 594.0 268.0 594.0 29.0 8.0 29.0 683.0 112.0 683.0 
2 6 1.54 1.54 722.0 236.0 722.0 621.0 139.0 621.0 594.0 268.0 594.0 29.0 8.0 29.0 683.0 112.0 683.0 40.0 4.0 40.0 
2 3 0.77 0.77 270.0 123.0 270.0 402.0 71.0 402.0 187.0 27.0 187.0 
2 4 0.93 0.93 270.0 123.0 270.0 402.0 71.0 402.0 187.0 27.0 187.0 418.0 66.0 418.0 
2 5 1.45 1.45 270.0 123.0 270.0 402.0 71.0 402.0 187.0 27.0 187.0 418.0 66.0 418.0 401.0 209.0 401.0 
2 3 1.28 1.28 170.0 80.0 170.0 172.0 84.0 172.0 668.0 220.0 668.0 
2 4 1.36 1.36 170.0 80.0 170.0 172.0 84.0 172.0 668.0 220.0 668.0 963.0 76.0 963.0 
2 3 1.84 1.84 256.0 193.0 256.0 154.0 55.0 154.0 760.0 555.0 760.0 
2 3 0.81 0.81 353.0 181.0 353.0 457.0 47.0 457.0 642.0 129.0 642.0 
2 4 1.77 1.77 353.0 181.0 353.0 457.0 47.0 457.0 642.0 129.0 642.0 284.0 271.0 284.0 
2 3 0.52 0.52 801.0 51.0 801.0 719.0 74.0 719.0 73.0 26.0 73.0 
2 4 1.15 1.15 801.0 51.0 801.0 719.0 74.0 719.0 73.0 26.0 73.0 722.0 460.0 722.0 
2 5 1.36 1.36 801.0 51.0 801.0 719.0 74.0 719.0 73.0 26.0 73.0 722.0 460.0 722.0 242.0 49.0 242.0 
2 6 1.36 1.36 801.0 51.0 801.0 719.0 74.0 719.0 73.0 26.0 73.0 722.0 460.0 722.0 242.0 49.0 242.0 245.0 1.0 245.0 
2 7 1.66 1.66 801.0 51.0 801.0 719.0 74.0 719.0 73.0 26.0 73.0 722.0 460.0 722.0 242.0 49.0 242.0 245.0 1.0 245.0 34.0 10.0 34.0 
2 8 1.78 1.78 801.0 51.0 801.0 719.0 74.0 719.0 73.0 26.0 73.0 722.0 460.0 722.0 242.0 49.0 242.0 245.0 1.0 245.0 34.0 10.0 34.0 294.0 36.0 294.0 
2 3 1.27 1.27 817.0 734.0 817.0 844.0 288.0 844.0 831.0 26.0 831.0 
2 4 1.83 1.83 817.0 734.0 817.0 844.0 288.0 844.0 831.0 26.0 831.0 215.0 121.0 215.0 
2 5 1.89 1.89 817.0 734.0 817.0 844.0 288.0 844.0 831.0 26.0 831.0 215.0 121.0 215.0 700.0 46.0 700.0 
2 3 1.57 1.57 927.0 405.0 927.0 363.0 217.0 363.0 473.0 255.0 473.0 
2 3 1.66 1.66 614.0 239.0 614.0 360.0 109.0 360.0 604.0 585.0 604.0 
2 4 1.81 1.81 614.0 239.0 614.0 360.0 109.0 360.0 604.0 585.0 604.0 19.0 3.0 19.0 
2 3 1.59 1.59 683.0 565.0 683.0 850.0 648.0 850.0 534.0 1.0 534.0 
2 4 1.84 1.84 683.0 565.0 683.0 850.0 648.0 850.0 534.0 1.0 534.0 442.0 111.0 442.0 
2 3 1.09 1.09 592.0 310.0 592.0 446.0 58.0 446.0 718.0 318.0 718.0 
2 4 1.59 1.59 592.0 310.0 592.0 446.0 58.0 446.0 718.0 318.0 718.0 172.0 86.0 172.0 
2 5 1.95 1.95 592.0 310.0 592.0 446.0 58.0 446.0 718.0 318.0 718.0 172.0 86.0 172.0 765.0 271.0 765.0 
2 3 0.93 0.93 839.0 117.0 839.0 842.0 376.0 842.0 160.0 56.0 160.0 
2 4 1.63 1.63 839.0 117.0 839.0 842.0 376.0 842.0 160.0 56.0 160.0 564.0 396.0 564.0 
2 3 0.69 0.69 67.0 12.0 67.0 960.0 30.0 960.0 246.0 120.0 246.0 
2 4 0.97 0.97 67.0 12.0 67.0 960.0 30.0 960.0 246.0 120.0 246.0 514.0 142.0 514.0 
2 5 1.56 1.56 67.0 12.0 67.0 960.0 30.0 960.0 246.0 120.0 246.0 514.0 142.0 514.0 39.0 23.0 39.0 
2 6 1.88 1.88 67.0 12.0 67.0 960.0 30.0 960.0 246.0 120.0 246.0 514.0 142.0 514.0 39.0 23.0 39.0 628.0 199.0 628.0 
2 3 1.07 1.07 353.0 124.0 353.0 303.0 107.0 303.0 43.0 16.0 43.0 
2 4 1.46 1.46 353.0 124.0 353.0 303.0 107.0 303.0 43.0 16.0 43.0 726.0 281.0 726.0 
2 5 1.56 1.56 353.0 124.0 353.0 303.0 107.0 303.0 43.0 16.0 43.0 726.0 281.0 726.0 978.0 96.0 978.0 
2 3 0.64 0.64 673.0 98.0 673.0 922.0 436.0 922.0 881.0 27.0 881.0 
2 4 1.43 1.43 673.0 98.0 673.0 922.0 436.0 922.0 881.0 27.0 881.0 160.0 125.0 160.0 
2 5 1.57 1.57 673.0 98.0 673.0 922.0 436.0 922.0 881.0 27.0 881.0 160.0 125.0 160.0 688.0 100.0 688.0 
2 6 1.76 1.76 673.0 98.0 673.0 922.0 436.0 922.0 881.0 27.0 881.0 160.0 125.0 160.0 688.0 100.0 688.0 639.0 119.0 639.0 
2 3 0.87 0.87 118.0 46.0 118.0 971.0 169.0 971.0 218.0 67.0 218.0 
2 4 1.76 1.76 118.0 46.0 118.0 971.0 169.0 971.0 218.0 67.0 218.0 391.0 351.0 391.0 
2 3 0.92 0.92 978.0 516.0 978.0 404.0 65.0 404.0 463.0 109.0 463.0 
2 4 1.26 1.26 978.0 516.0 978.0 404.0 65.0 404.0 463.0 109.0 463.0 669.0 230.0 669.0 
2 5 1.96 1.96 978.0 516.0 978.0 404.0 65.0 404.0 463.0 109.0 463.0 669.0 230.0 669.0 230.0 160.0 230.0 
2 3 1.28 1.28 966.0 937.0 966.0 369.0 61.0 369.0 484.0 74.0 484.0 
2 4 1.36 1.36 966.0 937.0 966.0 369.0 61.0 369.0 484.0 74.0 484.0 328.0 24.0 328.0 
2 3 1.37 1.37 740.0 655.0 740.0 51.0 3.0 51.0 694.0 296.0 694.0 
2 3 1.59 1.59 532.0 472.0 532.0 510.0 17.0 510.0 526.0 354.0 526.0 
2 4 1.78 1.78 532.0 472.0 532.0 510.0 17.0 510.0 526.0 354.0 526.0 759.0 143.0 759.0 
2 3 1.15 1.15 439.0 321.0 439.0 831.0 79.0 831.0 3.0 1.0 3.0 
2 4 1.34 1.34 439.0 321.0 439.0 831.0 79.0 831.0 3.0 1.0 3.0 162.0 30.0 162.0 
2 3 1.61 1.61 421.0 336.0 421.0 39.0 22.0 39.0 839.0 215.0 839.0 
2 3 1.91 1.91 763.0 423.0 763.0 317.0 220.0 317.0 703.0 468.0 703.0 
2 3 1.8 1.8 841.0 172.0 841.0 964.0 921.0 964.0 265.0 172.0 265.0 
2 3 1.31 1.31 665.0 298.0 665.0 57.0 20.0 57.0 893.0 461.0 893.0 
2 3 1.88 1.88 788.0 191.0 788.0 139.0 113.0 139.0 403.0 336.0 403.0 
2 3 1.51 1.51 64.0 24.0 64.0 848.0 266.0 848.0 580.0 479.0 580.0 
2 3 1.79 1.79 978.0 262.0 978.0 317.0 310.0 317.0 762.0 420.0 762.0 
2 3 1.31 1.31 13.0 6.0 13.0 113.0 59.0 113.0 15.0 5.0 15.0 
2 4 1.81 1.81 13.0 6.0 13.0 113.0 59.0 113.0 15.0 5.0 15.0 738.0 365.0 738.0 
2 5 1.96 1.96 13.0 6.0 13.0 113.0 59.0 113.0 15.0 5.0 15.0 738.0 365.0 738.0 165.0 25.0 165.0 
2 3 1.75 1.75 365.0 357.0 365.0 474.0 189.0 474.0 631.0 238.0 631.0 
2 3 0.67 0.67 337.0 156.0 337.0 985.0 107.0 985.0 104.0 11.0 104.0 
2 4 1.09 1.09 337.0 156.0 337.0 985.0 107.0 985.0 104.0 11.0 104.0 332.0 139.0 332.0 
2 3 1.43 1.43 637.0 472.0 637.0 957.0 72.0 957.0 504.0 312.0 504.0 
2 4 1.63 1.63 637.0 472.0 637.0 957.0 72.0 957.0 504.0 312.0 504.0 66.0 13.0 66.0 
2 5 1.92 1.92 637.0 472.0 637.0 957.0 72.0 957.0 504.0 312.0 504.0 66.0 13.0 66.0 604.0 179.0 604.0 
2 3 1.26 1.26 404.0 73.0 404.0 546.0 182.0 546.0 436.0 328.0 436.0 
2 4 1.93 1.93 404.0 73.0 404.0 546.0 182.0 546.0 436.0 328.0 436.0 3.0 2.0 3.0 
2 3 1.63 1.63 767.0 597.0 767.0 685.0 512.0 685.0 946.0 101.0 946.0 
2 4 1.67 1.67 767.0 597.0 767.0 685.0 512.0 685.0 946.0 101.0 946.0 261.0 11.0 261.0 
2 5 1.83 1.83 767.0 597.0 767.0 685.0 512.0 685.0 946.0 101.0 946.0 261.0 11.0 261.0 70.0 11.0 70.0 
2 3 0.73 0.73 585.0 196.0 585.0 157.0 39.0 157.0 135.0 20.0 135.0 
2 4 1.31 1.31 585.0 196.0 585.0 157.0 39.0 157.0 135.0 20.0 135.0 267.0 157.0 267.0 
2 5 1.49 1.49 585.0 196.0 585.0 157.0 39.0 157.0 135.0 20.0 135.0 267.0 157.0 267.0 837.0 149.0 837.0 
2 3 1.08 1.08 194.0 23.0 194.0 105.0 86.0 105.0 74.0 11.0 74.0 
2 4 1.15 1.15 194.0 23.0 194.0 105.0 86.0 105.0 74.0 11.0 74.0 732.0 47.0 732.0 
2 5 1.44 1.44 194.0 23.0 194.0 105.0 86.0 105.0 74.0 11.0 74.0 732.0 47.0 732.0 988.0 290.0 988.0 
2 6 1.68 1.68 194.0 23.0 194.0 105.0 86.0 105.0 74.0 11.0 74.0 732.0 47.0 732.0 988.0 290.0 988.0 866.0 212.0 866.0 
2 3 1.71 1.71 455.0 199.0 455.0 225.0 170.0 225.0 530.0 275.0 530.0 
2 3 0.56 0.56 223.0 54.0 223.0 175.0 50.0 175.0 219.0 9.0 219.0 
2 4 0.74 0.74 223.0 54.0 223.0 175.0 50.0 175.0 219.0 9.0 219.0 707.0 124.0 707.0 
2 5 1.55 1.55 223.0 54.0 223.0 175.0 50.0 175.0 219.0 9.0 219.0 707.0 124.0 707.0 537.0 436.0 537.0 
2 6 1.87 1.87 223.0 54.0 223.0 175.0 50.0 175.0 219.0 9.0 219.0 707.0 124.0 707.0 537.0 436.0 537.0 968.0 309.0 968.0 
2 3 1.69 1.69 39.0 2.0 39.0 986.0 982.0 986.0 376.0 242.0 376.0 
2 3 1.18 1.18 586.0 68.0 586.0 963.0 500.0 963.0 718.0 396.0 718.0 
2 4 1.78 1.78 586.0 68.0 586.0 963.0 500.0 963.0 718.0 396.0 718.0 353.0 210.0 353.0 
2 5 1.81 1.81 586.0 68.0 586.0 963.0 500.0 963.0 718.0 396.0 718.0 353.0 210.0 353.0 554.0 16.0 554.0 
2 3 0.24 0.24 634.0 63.0 634.0 54.0 3.0 54.0 709.0 65.0 709.0 
2 4 1.01 1.01 634.0 63.0 634.0 54.0 3.0 54.0 709.0 65.0 709.0 34.0 26.0 34.0 
2 5 1.07 1.07 634.0 63.0 634.0 54.0 3.0 54.0 709.0 65.0 709.0 34.0 26.0 34.0 279.0 18.0 279.0 
2 6 1.47 1.47 634.0 63.0 634.0 54.0 3.0 54.0 709.0 65.0 709.0 34.0 26.0 34.0 279.0 18.0 279.0 245.0 98.0 245.0 
2 7 1.82 1.82 634.0 63.0 634.0 54.0 3.0 54.0 709.0 65.0 709.0 34.0 26.0 34.0 279.0 18.0 279.0 245.0 98.0 245.0 378.0 133.0 378.0 
2 3 1.54 1.54 580.0 371.0 580.0 601.0 289.0 601.0 476.0 201.0 476.0 
2 3 1.96 1.96 161.0 114.0 161.0 705.0 305.0 705.0 880.0 721.0 880.0 
2 3 1.04 1.04 498.0 81.0 498.0 29.0 13.0 29.0 882.0 380.0 882.0 
2 4 1.64 1.64 498.0 81.0 498.0 29.0 13.0 29.0 882.0 380.0 882.0 56.0 34.0 56.0 
2 5 1.89 1.89 498.0 81.0 498.0 29.0 13.0 29.0 882.0 380.0 882.0 56.0 34.0 56.0 578.0 144.0 578.0 
2 3 1.47 1.47 982.0 908.0 982.0 209.0 114.0 209.0 280.0 1.0 280.0 
2 4 1.8 1.8 982.0 908.0 982.0 209.0 114.0 209.0 280.0 1.0 280.0 227.0 76.0 227.0 
2 3 0.63 0.63 159.0 77.0 159.0 894.0 53.0 894.0 510.0 49.0 510.0 
2 4 1.11 1.11 159.0 77.0 159.0 894.0 53.0 894.0 510.0 49.0 510.0 693.0 331.0 693.0 
2 5 1.66 1.66 159.0 77.0 159.0 894.0 53.0 894.0 510.0 49.0 510.0 693.0 331.0 693.0 22.0 12.0 22.0 
2 3 1.73 1.73 538.0 161.0 538.0 254.0 235.0 254.0 433.0 219.0 433.0 
2 3 1.68 1.68 46.0 20.0 46.0 373.0 242.0 373.0 857.0 515.0 857.0 
2 3 1.7 1.7 485.0 194.0 485.0 833.0 444.0 833.0 53.0 41.0 53.0 
2 4 1.8 1.8 485.0 194.0 485.0 833.0 444.0 833.0 53.0 41.0 53.0 440.0 45.0 440.0 
2 3 1.47 1.47 170.0 50.0 170.0 998.0 502.0 998.0 506.0 341.0 506.0 
2 3 1.63 1.63 397.0 380.0 397.0 649.0 427.0 649.0 220.0 5.0 220.0 
2 3 0.71 0.71 786.0 282.0 786.0 391.0 45.0 391.0 778.0 191.0 778.0 
2 4 0.88 0.88 786.0 282.0 786.0 391.0 45.0 391.0 778.0 191.0 778.0 325.0 55.0 325.0 
2 5 1.88 1.88 786.0 282.0 786.0 391.0 45.0 391.0 778.0 191.0 778.0 325.0 55.0 325.0 332.0 331.0 332.0 
2 3 1.16 1.16 740.0 269.0 740.0 536.0 116.0 536.0 808.0 471.0 808.0 
2 4 1.81 1.81 740.0 269.0 740.0 536.0 116.0 536.0 808.0 471.0 808.0 976.0 635.0 976.0 
2 3 1.78 1.78 983.0 878.0 983.0 754.0 474.0 754.0 981.0 262.0 981.0 
2 3 1.39 1.39 571.0 191.0 571.0 539.0 150.0 539.0 36.0 28.0 36.0 
2 4 1.89 1.89 571.0 191.0 571.0 539.0 150.0 539.0 36.0 28.0 36.0 54.0 27.0 54.0 
2 3 1.39 1.39 905.0 198.0 905.0 632.0 532.0 632.0 15.0 5.0 15.0 
2 4 1.51 1.51 905.0 198.0 905.0 632.0 532.0 632.0 15.0 5.0 15.0 957.0 112.0 957.0 
2 3 1.81 1.81 261.0 93.0 261.0 634.0 420.0 634.0 254.0 202.0 254.0 
2 4 1.84 1.84 261.0 93.0 261.0 634.0 420.0 634.0 254.0 202.0 254.0 447.0 13.0 447.0 
2 3 1.11 1.11 648.0 530.0 648.0 220.0 51.0 220.0 668.0 45.0 668.0 
2 4 1.19 1.19 648.0 530.0 648.0 220.0 51.0 220.0 668.0 45.0 668.0 79.0 6.0 79.0 
2 5 1.68 1.68 648.0 530.0 648.0 220.0 51.0 220.0 668.0 45.0 668.0 79.0 6.0 79.0 872.0 432.0 872.0 
2 6 1.76 1.76 648.0 530.0 648.0 220.0 51.0 220.0 668.0 45.0 668.0 79.0 6.0 79.0 872.0 432.0 872.0 955.0 74.0 955.0 
2 3 1.79 1.79 567.0 450.0 567.0 41.0 33.0 41.0 656.0 132.0 656.0 
2 3 1.6 1.6 932.0 250.0 932.0 534.0 412.0 534.0 201.0 114.0 201.0 
2 4 1.88 1.88 932.0 250.0 932.0 534.0 412.0 534.0 201.0 114.0 201.0 196.0 55.0 196.0 
2 3 1.91 1.91 514.0 338.0 514.0 49.0 30.0 49.0 251.0 163.0 251.0 
2 3 1.46 1.46 457.0 144.0 457.0 171.0 74.0 171.0 255.0 182.0 255.0 
2 3 1.63 1.63 551.0 523.0 551.0 715.0 62.0 715.0 15.0 9.0 15.0 
2 3 1.7 1.7 587.0 337.0 587.0 851.0 553.0 851.0 52.0 25.0 52.0 
2 3 1.53 1.53 163.0 56.0 163.0 228.0 54.0 228.0 692.0 662.0 692.0 
2 3 1.36 1.36 70.0 62.0 70.0 747.0 118.0 747.0 740.0 240.0 740.0 
2 3 1.21 1.21 216.0 1.0 216.0 543.0 310.0 543.0 42.0 27.0 42.0 
2 4 1.63 1.63 216.0 1.0 216.0 543.0 310.0 543.0 42.0 27.0 42.0 448.0 185.0 448.0 
2 3 1.03 1.03 149.0 28.0 149.0 468.0 391.0 468.0 973.0 10.0 973.0 
2 4 1.35 1.35 149.0 28.0 149.0 468.0 391.0 468.0 973.0 10.0 973.0 415.0 134.0 415.0 
2 3 1.56 1.56 92.0 21.0 92.0 558.0 299.0 558.0 241.0 193.0 241.0 
2 3 1.82 1.82 173.0 49.0 173.0 351.0 341.0 351.0 841.0 479.0 841.0 
2 3 1.12 1.12 663.0 39.0 663.0 27.0 27.0 27.0 915.0 64.0 915.0 
2 4 1.16 1.16 663.0 39.0 663.0 27.0 27.0 27.0 915.0 64.0 915.0 293.0 10.0 293.0 
2 3 1.19 1.19 764.0 36.0 764.0 789.0 212.0 789.0 392.0 346.0 392.0 
2 3 1.85 1.85 333.0 214.0 333.0 279.0 211.0 279.0 959.0 434.0 959.0 
2 3 0.83 0.83 976.0 667.0 976.0 749.0 94.0 749.0 726.0 17.0 726.0 
2 4 1.02 1.02 976.0 667.0 976.0 749.0 94.0 749.0 726.0 17.0 726.0 605.0 114.0 605.0 
2 5 1.52 1.52 976.0 667.0 976.0 749.0 94.0 749.0 726.0 17.0 726.0 605.0 114.0 605.0 526.0 267.0 526.0 
2 3 1.89 1.89 325.0 265.0 325.0 558.0 55.0 558.0 690.0 677.0 690.0 
2 3 0.92 0.92 663.0 106.0 663.0 874.0 550.0 874.0 883.0 120.0 883.0 
2 4 1.73 1.73 663.0 106.0 663.0 874.0 550.0 874.0 883.0 120.0 883.0 637.0 513.0 637.0 
2 5 1.87 1.87 663.0 106.0 663.0 874.0 550.0 874.0 883.0 120.0 883.0 637.0 513.0 637.0 792.0 114.0 792.0 
2 3 1.32 1.32 961.0 179.0 961.0 781.0 297.0 781.0 954.0 724.0 954.0 
2 3 1.07 1.07 231.0 69.0 231.0 544.0 268.0 544.0 956.0 273.0 956.0 
2 4 1.57 1.57 231.0 69.0 231.0 544.0 268.0 544.0 956.0 273.0 956.0 644.0 319.0 644.0 
2 3 0.99 0.99 452.0 322.0 452.0 481.0 7.0 481.0 655.0 176.0 655.0 
2 4 1.24 1.24 452.0 322.0 452.0 481.0 7.0 481.0 655.0 176.0 655.0 939.0 231.0 939.0 
2 5 1.87 1.87 452.0 322.0 452.0 481.0 7.0 481.0 655.0 176.0 655.0 939.0 231.0 939.0 985.0 624.0 985.0 
2 3 1.39 1.39 882.0 78.0 882.0 42.0 26.0 42.0 170.0 117.0 170.0 
2 3 1.62 1.62 602.0 466.0 602.0 447.0 217.0 447.0 22.0 8.0 22.0 
2 3 1.85 1.85 300.0 197.0 300.0 41.0 32.0 41.0 249.0 104.0 249.0 
2 3 1.43 1.43 594.0 473.0 594.0 743.0 162.0 743.0 379.0 158.0 379.0 
2 4 1.99 1.99 594.0 473.0 594.0 743.0 162.0 743.0 379.0 158.0 379.0 814.0 455.0 814.0 
2 3 1.56 1.56 768.0 370.0 768.0 260.0 118.0 260.0 290.0 183.0 290.0 
2 3 0.9 0.9 347.0 4.0 347.0 673.0 590.0 673.0 930.0 12.0 930.0 
2 4 1.59 1.59 347.0 4.0 347.0 673.0 590.0 673.0 930.0 12.0 930.0 968.0 674.0 968.0 
2 5 1.91 1.91 347.0 4.0 347.0 673.0 590.0 673.0 930.0 12.0 930.0 968.0 674.0 968.0 622.0 197.0 622.0 
2 3 1.71 1.71 616.0 183.0 616.0 611.0 394.0 611.0 305.0 237.0 305.0 
2 3 1.16 1.16 130.0 63.0 130.0 735.0 16.0 735.0 231.0 151.0 231.0 
2 4 1.79 1.79 130.0 63.0 130.0 735.0 16.0 735.0 231.0 151.0 231.0 46.0 29.0 46.0 
2 3 1.28 1.28 585.0 240.0 585.0 912.0 692.0 912.0 698.0 84.0 698.0 
2 4 1.42 1.42 585.0 240.0 585.0 912.0 692.0 912.0 698.0 84.0 698.0 292.0 40.0 292.0 
2 3 0.88 0.88 356.0 122.0 356.0 255.0 105.0 255.0 273.0 35.0 273.0 
2 4 0.95 0.95 356.0 122.0 356.0 255.0 105.0 255.0 273.0 35.0 273.0 393.0 28.0 393.0 
2 5 1.64 1.64 356.0 122.0 356.0 255.0 105.0 255.0 273.0 35.0 273.0 393.0 28.0 393.0 48.0 33.0 48.0 
2 6 1.76 1.76 356.0 122.0 356.0 255.0 105.0 255.0 273.0 35.0 273.0 393.0 28.0 393.0 48.0 33.0 48.0 343.0 44.0 343.0 
2 7 1.96 1.96 356.0 122.0 356.0 255.0 105.0 255.0 273.0 35.0 273.0 393.0 28.0 393.0 48.0 33.0 48.0 343.0 44.0 343.0 775.0 155.0 775.0 
2 3 1.86 1.86 628.0 573.0 628.0 366.0 323.0 366.0 27.0 2.0 27.0 
2 4 1.98 1.98 628.0 573.0 628.0 366.0 323.0 366.0 27.0 2.0 27.0 9.0 1.0 9.0 
2 3 0.88 0.88 677.0 116.0 677.0 518.0 32.0 518.0 443.0 290.0 443.0 
2 4 1.68 1.68 677.0 116.0 677.0 518.0 32.0 518.0 443.0 290.0 443.0 788.0 630.0 788.0 
2 3 1.2 1.2 246.0 1.0 246.0 992.0 515.0 992.0 660.0 449.0 660.0 
2 4 1.61 1.61 246.0 1.0 246.0 992.0 515.0 992.0 660.0 449.0 660.0 731.0 300.0 731.0 
2 5 1.99 1.99 246.0 1.0 246.0 992.0 515.0 992.0 660.0 449.0 660.0 731.0 300.0 731.0 752.0 290.0 752.0 
2 3 1.23 1.23 20.0 20.0 20.0 514.0 58.0 514.0 115.0 14.0 115.0 
2 3 1.8 1.8 986.0 767.0 986.0 670.0 290.0 670.0 341.0 202.0 341.0 
2 3 1.43 1.43 485.0 232.0 485.0 168.0 99.0 168.0 394.0 146.0 394.0 
2 4 1.86 1.86 485.0 232.0 485.0 168.0 99.0 168.0 394.0 146.0 394.0 508.0 218.0 508.0 
2 3 1.64 1.64 200.0 94.0 200.0 572.0 384.0 572.0 159.0 80.0 159.0 
2 3 1.56 1.56 232.0 130.0 232.0 436.0 110.0 436.0 276.0 208.0 276.0 
2 4 1.76 1.76 232.0 130.0 232.0 436.0 110.0 436.0 276.0 208.0 276.0 10.0 2.0 10.0 
2 3 1.68 1.68 714.0 41.0 714.0 226.0 164.0 226.0 950.0 861.0 950.0 
2 3 1.34 1.34 305.0 229.0 305.0 337.0 79.0 337.0 204.0 74.0 204.0 
2 4 1.85 1.85 305.0 229.0 305.0 337.0 79.0 337.0 204.0 74.0 204.0 366.0 187.0 366.0 
2 3 1.36 1.36 655.0 332.0 655.0 469.0 94.0 469.0 292.0 192.0 292.0 
2 4 1.4 1.4 655.0 332.0 655.0 469.0 94.0 469.0 292.0 192.0 292.0 341.0 13.0 341.0 
2 5 1.84 1.84 655.0 332.0 655.0 469.0 94.0 469.0 292.0 192.0 292.0 341.0 13.0 341.0 540.0 241.0 540.0 
2 6 1.92 1.92 655.0 332.0 655.0 469.0 94.0 469.0 292.0 192.0 292.0 341.0 13.0 341.0 540.0 241.0 540.0 430.0 34.0 430.0 
2 3 0.78 0.78 95.0 40.0 95.0 910.0 66.0 910.0 433.0 126.0 433.0 
2 4 0.87 0.87 95.0 40.0 95.0 910.0 66.0 910.0 433.0 126.0 433.0 978.0 91.0 978.0 
2 5 1.06 1.06 95.0 40.0 95.0 910.0 66.0 910.0 433.0 126.0 433.0 978.0 91.0 978.0 942.0 178.0 942.0 
2 6 1.77 1.77 95.0 40.0 95.0 910.0 66.0 910.0 433.0 126.0 433.0 978.0 91.0 978.0 942.0 178.0 942.0 494.0 350.0 494.0 
2 3 0.71 0.71 452.0 109.0 452.0 613.0 24.0 613.0 838.0 366.0 838.0 
2 4 0.75 0.75 452.0 109.0 452.0 613.0 24.0 613.0 838.0 366.0 838.0 84.0 3.0 84.0 
2 5 1.07 1.07 452.0 109.0 452.0 613.0 24.0 613.0 838.0 366.0 838.0 84.0 3.0 84.0 190.0 62.0 190.0 
2 6 1.96 1.96 452.0 109.0 452.0 613.0 24.0 613.0 838.0 366.0 838.0 84.0 3.0 84.0 190.0 62.0 190.0 300.0 265.0 300.0 
2 3 1.65 1.65 974.0 727.0 974.0 110.0 97.0 110.0 323.0 10.0 323.0 
2 3 1.3 1.3 706.0 282.0 706.0 203.0 108.0 203.0 346.0 129.0 346.0 
2 4 1.61 1.61 706.0 282.0 706.0 203.0 108.0 203.0 346.0 129.0 346.0 42.0 13.0 42.0 
2 5 1.9 1.9 706.0 282.0 706.0 203.0 108.0 203.0 346.0 129.0 346.0 42.0 13.0 42.0 354.0 104.0 354.0 
2 3 1.71 1.71 969.0 719.0 969.0 748.0 285.0 748.0 783.0 464.0 783.0 
2 3 0.62 0.62 78.0 7.0 78.0 342.0 44.0 342.0 844.0 339.0 844.0 
2 4 1.2 1.2 78.0 7.0 78.0 342.0 44.0 342.0 844.0 339.0 844.0 832.0 484.0 832.0 
2 5 1.9 1.9 78.0 7.0 78.0 342.0 44.0 342.0 844.0 339.0 844.0 832.0 484.0 832.0 640.0 447.0 640.0 
2 3 0.93 0.93 825.0 209.0 825.0 668.0 416.0 668.0 824.0 52.0 824.0 
2 4 1.85 1.85 825.0 209.0 825.0 668.0 416.0 668.0 824.0 52.0 824.0 799.0 731.0 799.0 
2 3 1.94 1.94 504.0 375.0 504.0 910.0 216.0 910.0 950.0 919.0 950.0 
2 4 1.96 1.96 504.0 375.0 504.0 910.0 216.0 910.0 950.0 919.0 950.0 972.0 14.0 972.0 
2 3 1.96 1.96 518.0 186.0 518.0 641.0 605.0 641.0 567.0 375.0 567.0 
2 3 0.76 0.76 484.0 53.0 484.0 648.0 76.0 648.0 369.0 198.0 369.0 
2 4 1.13 1.13 484.0 53.0 484.0 648.0 76.0 648.0 369.0 198.0 369.0 259.0 97.0 259.0 
2 3 1.77 1.77 923.0 900.0 923.0 254.0 77.0 254.0 668.0 335.0 668.0 
2 3 1.79 1.79 841.0 716.0 841.0 573.0 273.0 573.0 143.0 67.0 143.0 
2 4 1.99 1.99 841.0 716.0 841.0 573.0 273.0 573.0 143.0 67.0 143.0 297.0 58.0 297.0 
2 3 1.17 1.17 725.0 562.0 725.0 338.0 127.0 338.0 245.0 6.0 245.0 
2 4 1.91 1.91 725.0 562.0 725.0 338.0 127.0 338.0 245.0 6.0 245.0 848.0 630.0 848.0 
2 3 1.14 1.14 185.0 151.0 185.0 258.0 21.0 258.0 767.0 192.0 767.0 
2 4 1.71 1.71 185.0 151.0 185.0 258.0 21.0 258.0 767.0 192.0 767.0 825.0 469.0 825.0 
2 5 1.8 1.8 185.0 151.0 185.0 258.0 21.0 258.0 767.0 192.0 767.0 825.0 469.0 825.0 548.0 46.0 548.0 
2 6 1.89 1.89 185.0 151.0 185.0 258.0 21.0 258.0 767.0 192.0 767.0 825.0 469.0 825.0 548.0 46.0 548.0 537.0 51.0 537.0 
2 3 0.54 0.54 780.0 72.0 780.0 18.0 8.0 18.0 295.0 3.0 295.0 
2 4 1.45 1.45 780.0 72.0 780.0 18.0 8.0 18.0 295.0 3.0 295.0 968.0 879.0 968.0 
2 5 1.63 1.63 780.0 72.0 780.0 18.0 8.0 18.0 295.0 3.0 295.0 968.0 879.0 968.0 295.0 53.0 295.0 
2 6 1.98 1.98 780.0 72.0 780.0 18.0 8.0 18.0 295.0 3.0 295.0 968.0 879.0 968.0 295.0 53.0 295.0 835.0 291.0 835.0 
2 3 1.28 1.28 625.0 381.0 625.0 718.0 36.0 718.0 493.0 306.0 493.0 
2 3 1.31 1.31 461.0 50.0 461.0 369.0 122.0 369.0 373.0 328.0 373.0 
2 4 1.57 1.57 461.0 50.0 461.0 369.0 122.0 369.0 373.0 328.0 373.0 295.0 75.0 295.0 
2 3 1.18 1.18 542.0 328.0 542.0 675.0 335.0 675.0 902.0 75.0 902.0 
2 4 1.51 1.51 542.0 328.0 542.0 675.0 335.0 675.0 902.0 75.0 902.0 3.0 1.0 3.0 
2 5 1.93 1.93 542.0 328.0 542.0 675.0 335.0 675.0 902.0 75.0 902.0 3.0 1.0 3.0 911.0 384.0 911.0 
2 3 1.9 1.9 279.0 170.0 279.0 834.0 666.0 834.0 551.0 276.0 551.0 
2 3 1.36 1.36 458.0 335.0 458.0 971.0 600.0 971.0 360.0 7.0 360.0 
2 4 1.53 1.53 458.0 335.0 458.0 971.0 600.0 971.0 360.0 7.0 360.0 418.0 70.0 418.0 
2 3 1.55 1.55 131.0 1.0 131.0 241.0 142.0 241.0 551.0 528.0 551.0 
2 3 0.79 0.79 737.0 171.0 737.0 119.0 38.0 119.0 521.0 126.0 521.0 
2 4 1.65 1.65 737.0 171.0 737.0 119.0 38.0 119.0 521.0 126.0 521.0 49.0 42.0 49.0 
2 3 1.91 1.91 382.0 97.0 382.0 871.0 823.0 871.0 185.0 132.0 185.0 
2 3 1.39 1.39 670.0 190.0 670.0 68.0 60.0 68.0 489.0 112.0 489.0 
2 4 1.5 1.5 670.0 190.0 670.0 68.0 60.0 68.0 489.0 112.0 489.0 443.0 50.0 443.0 
2 5 1.62 1.62 670.0 190.0 670.0 68.0 60.0 68.0 489.0 112.0 489.0 443.0 50.0 443.0 276.0 31.0 276.0 
2 6 1.95 1.95 670.0 190.0 670.0 68.0 60.0 68.0 489.0 112.0 489.0 443.0 50.0 443.0 276.0 31.0 276.0 907.0 300.0 907.0 
2 3 1.38 1.38 348.0 339.0 348.0 924.0 299.0 924.0 560.0 50.0 560.0 
2 4 1.84 1.84 348.0 339.0 348.0 924.0 299.0 924.0 560.0 50.0 560.0 587.0 269.0 587.0 
2 3 1.16 1.16 324.0 64.0 324.0 315.0 227.0 315.0 459.0 114.0 459.0 
2 3 1.7 1.7 162.0 115.0 162.0 617.0 219.0 617.0 442.0 282.0 442.0 
2 3 1.75 1.75 574.0 128.0 574.0 852.0 735.0 852.0 486.0 327.0 486.0 
2 3 1.21 1.21 647.0 586.0 647.0 597.0 15.0 597.0 214.0 60.0 214.0 
2 3 1.42 1.42 536.0 154.0 536.0 782.0 681.0 782.0 504.0 134.0 504.0 
2 3 1.96 1.96 877.0 671.0 877.0 476.0 415.0 476.0 327.0 108.0 327.0 
2 3 1.23 1.23 302.0 299.0 302.0 65.0 2.0 65.0 565.0 119.0 565.0 
2 3 1.79 1.79 555.0 305.0 555.0 655.0 465.0 655.0 708.0 377.0 708.0 
2 4 1.98 1.98 555.0 305.0 555.0 655.0 465.0 655.0 708.0 377.0 708.0 912.0 176.0 912.0 
2 3 1.23 1.23 862.0 511.0 862.0 880.0 245.0 880.0 653.0 238.0 653.0 
2 4 1.73 1.73 862.0 511.0 862.0 880.0 245.0 880.0 653.0 238.0 653.0 815.0 409.0 815.0 
2 5 1.94 1.94 862.0 511.0 862.0 880.0 245.0 880.0 653.0 238.0 653.0 815.0 409.0 815.0 762.0 160.0 762.0 
2 3 0.46 0.46 546.0 128.0 546.0 731.0 147.0 731.0 36.0 1.0 36.0 
2 4 0.95 0.95 546.0 128.0 546.0 731.0 147.0 731.0 36.0 1.0 36.0 119.0 58.0 119.0 
2 5 1.11 1.11 546.0 128.0 546.0 731.0 147.0 731.0 36.0 1.0 36.0 119.0 58.0 119.0 814.0 133.0 814.0 
2 6 1.86 1.86 546.0 128.0 546.0 731.0 147.0 731.0 36.0 1.0 36.0 119.0 58.0 119.0 814.0 133.0 814.0 480.0 361.0 480.0 
2 3 1.09 1.09 505.0 157.0 505.0 167.0 7.0 167.0 798.0 594.0 798.0 
2 4 1.5 1.5 505.0 157.0 505.0 167.0 7.0 167.0 798.0 594.0 798.0 796.0 326.0 796.0 
2 3 0.56 0.56 934.0 350.0 934.0 355.0 5.0 355.0 595.0 102.0 595.0 
2 4 1.18 1.18 934.0 350.0 934.0 355.0 5.0 355.0 595.0 102.0 595.0 491.0 306.0 491.0 
2 5 1.66 1.66 934.0 350.0 934.0 355.0 5.0 355.0 595.0 102.0 595.0 491.0 306.0 491.0 600.0 286.0 600.0 
2 3 0.42 0.42 132.0 32.0 132.0 132.0 17.0 132.0 344.0 18.0 344.0 
2 4 0.93 0.93 132.0 32.0 132.0 132.0 17.0 132.0 344.0 18.0 344.0 199.0 102.0 199.0 
2 5 0.96 0.96 132.0 32.0 132.0 132.0 17.0 132.0 344.0 18.0 344.0 199.0 102.0 199.0 387.0 12.0 387.0 
2 6 1.03 1.03 132.0 32.0 132.0 132.0 17.0 132.0 344.0 18.0 344.0 199.0 102.0 199.0 387.0 12.0 387.0 697.0 47.0 697.0 
2 7 1.44 1.44 132.0 32.0 132.0 132.0 17.0 132.0 344.0 18.0 344.0 199.0 102.0 199.0 387.0 12.0 387.0 697.0 47.0 697.0 425.0 175.0 425.0 
2 3 1.16 1.16 435.0 271.0 435.0 495.0 5.0 495.0 376.0 200.0 376.0 
2 4 1.56 1.56 435.0 271.0 435.0 495.0 5.0 495.0 376.0 200.0 376.0 644.0 257.0 644.0 
2 3 1.14 1.14 894.0 268.0 894.0 711.0 240.0 711.0 421.0 212.0 421.0 
2 4 1.88 1.88 894.0 268.0 894.0 711.0 240.0 711.0 421.0 212.0 421.0 905.0 673.0 905.0 
2 3 1.85 1.85 843.0 502.0 843.0 21.0 15.0 21.0 774.0 419.0 774.0 
2 4 1.92 1.92 843.0 502.0 843.0 21.0 15.0 21.0 774.0 419.0 774.0 851.0 59.0 851.0 
2 3 1.3 1.3 125.0 57.0 125.0 291.0 236.0 291.0 176.0 6.0 176.0 
2 4 1.73 1.73 125.0 57.0 125.0 291.0 236.0 291.0 176.0 6.0 176.0 146.0 64.0 146.0 
2 3 0.73 0.73 698.0 75.0 698.0 775.0 302.0 775.0 797.0 187.0 797.0 
2 4 1.18 1.18 698.0 75.0 698.0 775.0 302.0 775.0 797.0 187.0 797.0 358.0 163.0 358.0 
2 5 1.9 1.9 698.0 75.0 698.0 775.0 302.0 775.0 797.0 187.0 797.0 358.0 163.0 358.0 61.0 44.0 61.0 
2 3 1.55 1.55 701.0 620.0 701.0 767.0 38.0 767.0 797.0 496.0 797.0 
2 3 1.52 1.52 973.0 895.0 973.0 499.0 35.0 499.0 254.0 137.0 254.0 
2 3 1.58 1.58 460.0 180.0 460.0 599.0 532.0 599.0 281.0 87.0 281.0 
2 3 1.85 1.85 839.0 799.0 839.0 922.0 107.0 922.0 719.0 565.0 719.0 
2 3 0.98 0.98 279.0 49.0 279.0 483.0 32.0 483.0 63.0 47.0 63.0 
2 4 1.97 1.97 279.0 49.0 279.0 483.0 32.0 483.0 63.0 47.0 63.0 406.0 401.0 406.0 
2 3 1.19 1.19 465.0 193.0 465.0 821.0 494.0 821.0 261.0 46.0 261.0 
2 4 1.66 1.66 465.0 193.0 465.0 821.0 494.0 821.0 261.0 46.0 261.0 367.0 172.0 367.0 
2 5 1.84 1.84 465.0 193.0 465.0 821.0 494.0 821.0 261.0 46.0 261.0 367.0 172.0 367.0 723.0 133.0 723.0 
2 3 1.55 1.55 602.0 568.0 602.0 259.0 2.0 259.0 81.0 49.0 81.0 
2 3 1.38 1.38 812.0 230.0 812.0 655.0 410.0 655.0 319.0 152.0 319.0 
2 4 1.94 1.94 812.0 230.0 812.0 655.0 410.0 655.0 319.0 152.0 319.0 521.0 294.0 521.0 
2 3 1.96 1.96 432.0 110.0 432.0 144.0 143.0 144.0 181.0 130.0 181.0 
2 3 0.88 0.88 369.0 139.0 369.0 497.0 43.0 497.0 123.0 52.0 123.0 
2 4 1.26 1.26 369.0 139.0 369.0 497.0 43.0 497.0 123.0 52.0 123.0 847.0 323.0 847.0 
2 3 1.37 1.37 963.0 802.0 963.0 796.0 409.0 796.0 697.0 22.0 697.0 
2 3 0.59 0.59 561.0 231.0 561.0 730.0 71.0 730.0 557.0 50.0 557.0 
2 4 1.2 1.2 561.0 231.0 561.0 730.0 71.0 730.0 557.0 50.0 557.0 909.0 551.0 909.0 
2 5 1.39 1.39 561.0 231.0 561.0 730.0 71.0 730.0 557.0 50.0 557.0 909.0 551.0 909.0 822.0 158.0 822.0 
2 6 1.9 1.9 561.0 231.0 561.0 730.0 71.0 730.0 557.0 50.0 557.0 909.0 551.0 909.0 822.0 158.0 822.0 812.0 416.0 812.0 
2 7 1.94 1.94 561.0 231.0 561.0 730.0 71.0 730.0 557.0 50.0 557.0 909.0 551.0 909.0 822.0 158.0 822.0 812.0 416.0 812.0 418.0 16.0 418.0 
2 3 0.85 0.85 999.0 89.0 999.0 639.0 101.0 639.0 162.0 98.0 162.0 
2 4 1.75 1.75 999.0 89.0 999.0 639.0 101.0 639.0 162.0 98.0 162.0 148.0 134.0 148.0 
2 3 1.35 1.35 480.0 257.0 480.0 127.0 20.0 127.0 544.0 361.0 544.0 
2 3 1.95 1.95 892.0 728.0 892.0 277.0 260.0 277.0 95.0 19.0 95.0 
2 3 1.18 1.18 549.0 58.0 549.0 599.0 446.0 599.0 12.0 4.0 12.0 
2 4 1.27 1.27 549.0 58.0 549.0 599.0 446.0 599.0 12.0 4.0 12.0 413.0 36.0 413.0 
2 5 1.31 1.31 549.0 58.0 549.0 599.0 446.0 599.0 12.0 4.0 12.0 413.0 36.0 413.0 74.0 3.0 74.0 
2 6 1.91 1.91 549.0 58.0 549.0 599.0 446.0 599.0 12.0 4.0 12.0 413.0 36.0 413.0 74.0 3.0 74.0 468.0 283.0 468.0 
2 3 0.95 0.95 739.0 239.0 739.0 769.0 349.0 769.0 329.0 59.0 329.0 
2 4 1.35 1.35 739.0 239.0 739.0 769.0 349.0 769.0 329.0 59.0 329.0 842.0 334.0 842.0 
2 5 1.57 1.57 739.0 239.0 739.0 769.0 349.0 769.0 329.0 59.0 329.0 842.0 334.0 842.0 873.0 197.0 873.0 
2 3 1.0 1.0 966.0 403.0 966.0 894.0 328.0 894.0 403.0 89.0 403.0 
2 4 1.21 1.21 966.0 403.0 966.0 894.0 328.0 894.0 403.0 89.0 403.0 133.0 28.0 133.0 
2 5 1.69 1.69 966.0 403.0 966.0 894.0 328.0 894.0 403.0 89.0 403.0 133.0 28.0 133.0 947.0 456.0 947.0 
2 3 1.37 1.37 516.0 112.0 516.0 413.0 256.0 413.0 506.0 272.0 506.0 
2 3 1.45 1.45 120.0 53.0 120.0 872.0 732.0 872.0 160.0 28.0 160.0 
2 4 1.79 1.79 120.0 53.0 120.0 872.0 732.0 872.0 160.0 28.0 160.0 513.0 174.0 513.0 
2 3 1.7 1.7 502.0 372.0 502.0 573.0 542.0 573.0 126.0 2.0 126.0 
2 3 1.88 1.88 757.0 713.0 757.0 744.0 207.0 744.0 180.0 120.0 180.0 
2 3 1.55 1.55 801.0 654.0 801.0 912.0 383.0 912.0 252.0 80.0 252.0 
2 4 1.96 1.96 801.0 654.0 801.0 912.0 383.0 912.0 252.0 80.0 252.0 355.0 146.0 355.0 
2 3 1.73 1.73 938.0 867.0 938.0 498.0 327.0 498.0 723.0 109.0 723.0 
2 3 1.89 1.89 622.0 142.0 622.0 386.0 265.0 386.0 807.0 789.0 807.0 
2 3 0.77 0.77 194.0 53.0 194.0 498.0 201.0 498.0 658.0 65.0 658.0 
2 4 1.48 1.48 194.0 53.0 194.0 498.0 201.0 498.0 658.0 65.0 658.0 273.0 195.0 273.0 
2 5 1.61 1.61 194.0 53.0 194.0 498.0 201.0 498.0 658.0 65.0 658.0 273.0 195.0 273.0 368.0 45.0 368.0 
2 3 1.45 1.45 192.0 152.0 192.0 890.0 190.0 890.0 277.0 125.0 277.0 
2 4 1.96 1.96 192.0 152.0 192.0 890.0 190.0 890.0 277.0 125.0 277.0 645.0 329.0 645.0 
2 3 1.41 1.41 536.0 196.0 536.0 962.0 246.0 962.0 619.0 491.0 619.0 
2 4 1.55 1.55 536.0 196.0 536.0 962.0 246.0 962.0 619.0 491.0 619.0 196.0 28.0 196.0 
2 5 1.93 1.93 536.0 196.0 536.0 962.0 246.0 962.0 619.0 491.0 619.0 196.0 28.0 196.0 356.0 133.0 356.0 
2 3 1.14 1.14 583.0 578.0 583.0 964.0 42.0 964.0 37.0 4.0 37.0 
2 4 1.16 1.16 583.0 578.0 583.0 964.0 42.0 964.0 37.0 4.0 37.0 788.0 14.0 788.0 
2 5 1.85 1.85 583.0 578.0 583.0 964.0 42.0 964.0 37.0 4.0 37.0 788.0 14.0 788.0 222.0 153.0 222.0 
2 3 1.36 1.36 884.0 410.0 884.0 882.0 181.0 882.0 814.0 567.0 814.0 
2 3 0.57 0.57 919.0 386.0 919.0 679.0 7.0 679.0 566.0 83.0 566.0 
2 4 1.07 1.07 919.0 386.0 919.0 679.0 7.0 679.0 566.0 83.0 566.0 988.0 490.0 988.0 
2 5 1.98 1.98 919.0 386.0 919.0 679.0 7.0 679.0 566.0 83.0 566.0 988.0 490.0 988.0 836.0 763.0 836.0 
2 3 1.44 1.44 80.0 4.0 80.0 930.0 386.0 930.0 412.0 403.0 412.0 
2 3 1.53 1.53 192.0 72.0 192.0 907.0 332.0 907.0 734.0 581.0 734.0 
2 3 0.87 0.87 804.0 101.0 804.0 666.0 136.0 666.0 244.0 133.0 244.0 
2 4 1.13 1.13 804.0 101.0 804.0 666.0 136.0 666.0 244.0 133.0 244.0 395.0 102.0 395.0 
2 5 1.42 1.42 804.0 101.0 804.0 666.0 136.0 666.0 244.0 133.0 244.0 395.0 102.0 395.0 249.0 73.0 249.0 
2 3 0.46 0.46 743.0 64.0 743.0 201.0 76.0 201.0 174.0 1.0 174.0 
2 4 1.37 1.37 743.0 64.0 743.0 201.0 76.0 201.0 174.0 1.0 174.0 115.0 104.0 115.0 
2 3 1.42 1.42 133.0 71.0 133.0 460.0 133.0 460.0 326.0 196.0 326.0 
2 3 1.81 1.81 570.0 4.0 570.0 781.0 691.0 781.0 80.0 74.0 80.0 
2 3 0.79 0.79 667.0 46.0 667.0 16.0 3.0 16.0 627.0 339.0 627.0 
2 4 0.91 0.91 667.0 46.0 667.0 16.0 3.0 16.0 627.0 339.0 627.0 836.0 96.0 836.0 
2 5 0.96 0.96 667.0 46.0 667.0 16.0 3.0 16.0 627.0 339.0 627.0 836.0 96.0 836.0 814.0 43.0 814.0 
2 6 1.85 1.85 667.0 46.0 667.0 16.0 3.0 16.0 627.0 339.0 627.0 836.0 96.0 836.0 814.0 43.0 814.0 273.0 244.0 273.0 
2 3 1.5 1.5 519.0 483.0 519.0 879.0 287.0 879.0 86.0 21.0 86.0 
2 3 1.2 1.2 269.0 52.0 269.0 187.0 168.0 187.0 828.0 95.0 828.0 
2 4 1.7 1.7 269.0 52.0 269.0 187.0 168.0 187.0 828.0 95.0 828.0 730.0 362.0 730.0 
2 5 1.78 1.78 269.0 52.0 269.0 187.0 168.0 187.0 828.0 95.0 828.0 730.0 362.0 730.0 773.0 63.0 773.0 
2 3 1.52 1.52 393.0 341.0 393.0 850.0 211.0 850.0 251.0 102.0 251.0 
2 3 1.4 1.4 549.0 323.0 549.0 427.0 133.0 427.0 269.0 137.0 269.0 
2 4 1.96 1.96 549.0 323.0 549.0 427.0 133.0 427.0 269.0 137.0 269.0 189.0 105.0 189.0 
2 3 1.45 1.45 482.0 481.0 482.0 439.0 182.0 439.0 457.0 21.0 457.0 
2 4 1.5 1.5 482.0 481.0 482.0 439.0 182.0 439.0 457.0 21.0 457.0 189.0 8.0 189.0 
2 3 1.31 1.31 210.0 89.0 210.0 872.0 493.0 872.0 157.0 51.0 157.0 
2 4 1.67 1.67 210.0 89.0 210.0 872.0 493.0 872.0 157.0 51.0 157.0 337.0 120.0 337.0 
2 5 1.85 1.85 210.0 89.0 210.0 872.0 493.0 872.0 157.0 51.0 157.0 337.0 120.0 337.0 815.0 149.0 815.0 
2 3 0.99 0.99 238.0 21.0 238.0 997.0 270.0 997.0 133.0 85.0 133.0 
2 4 1.28 1.28 238.0 21.0 238.0 997.0 270.0 997.0 133.0 85.0 133.0 449.0 128.0 449.0 
2 5 1.43 1.43 238.0 21.0 238.0 997.0 270.0 997.0 133.0 85.0 133.0 449.0 128.0 449.0 649.0 96.0 649.0 
2 6 1.46 1.46 238.0 21.0 238.0 997.0 270.0 997.0 133.0 85.0 133.0 449.0 128.0 449.0 649.0 96.0 649.0 431.0 16.0 431.0 
2 3 1.81 1.81 119.0 48.0 119.0 769.0 673.0 769.0 786.0 420.0 786.0 
2 3 1.0 1.0 834.0 355.0 834.0 135.0 36.0 135.0 517.0 162.0 517.0 
2 4 1.99 1.99 834.0 355.0 834.0 135.0 36.0 135.0 517.0 162.0 517.0 827.0 817.0 827.0 
2 3 1.1 1.1 712.0 117.0 712.0 391.0 114.0 391.0 576.0 372.0 576.0 
2 4 1.4 1.4 712.0 117.0 712.0 391.0 114.0 391.0 576.0 372.0 576.0 901.0 275.0 901.0 
2 5 1.57 1.57 712.0 117.0 712.0 391.0 114.0 391.0 576.0 372.0 576.0 901.0 275.0 901.0 198.0 34.0 198.0 
2 3 1.49 1.49 922.0 915.0 922.0 69.0 28.0 69.0 274.0 27.0 274.0 
2 3 1.98 1.98 811.0 604.0 811.0 283.0 176.0 283.0 493.0 303.0 493.0 
2 3 1.69 1.69 780.0 261.0 780.0 75.0 75.0 75.0 307.0 110.0 307.0 
2 3 0.99 0.99 888.0 13.0 888.0 786.0 71.0 786.0 677.0 601.0 677.0 
2 4 1.8 1.8 888.0 13.0 888.0 786.0 71.0 786.0 677.0 601.0 677.0 292.0 237.0 292.0 
2 3 1.1 1.1 387.0 15.0 387.0 417.0 212.0 417.0 9.0 5.0 9.0 
2 4 1.9 1.9 387.0 15.0 387.0 417.0 212.0 417.0 9.0 5.0 9.0 5.0 4.0 5.0 
2 3 1.2 1.2 494.0 219.0 494.0 858.0 232.0 858.0 604.0 295.0 604.0 
2 3 0.89 0.89 710.0 431.0 710.0 197.0 7.0 197.0 635.0 161.0 635.0 
2 4 1.48 1.48 710.0 431.0 710.0 197.0 7.0 197.0 635.0 161.0 635.0 848.0 501.0 848.0 
2 5 1.75 1.75 710.0 431.0 710.0 197.0 7.0 197.0 635.0 161.0 635.0 848.0 501.0 848.0 766.0 209.0 766.0 
2 3 0.85 0.85 191.0 105.0 191.0 207.0 4.0 207.0 954.0 275.0 954.0 
2 4 1.7 1.7 191.0 105.0 191.0 207.0 4.0 207.0 954.0 275.0 954.0 885.0 748.0 885.0 
2 3 1.6 1.6 638.0 426.0 638.0 421.0 181.0 421.0 681.0 345.0 681.0 
2 3 0.92 0.92 949.0 613.0 949.0 425.0 65.0 425.0 851.0 109.0 851.0 
2 4 1.65 1.65 949.0 613.0 949.0 425.0 65.0 425.0 851.0 109.0 851.0 785.0 571.0 785.0 
2 3 0.7 0.7 735.0 190.0 735.0 391.0 90.0 391.0 704.0 154.0 704.0 
2 4 1.33 1.33 735.0 190.0 735.0 391.0 90.0 391.0 704.0 154.0 704.0 81.0 51.0 81.0 
2 3 1.55 1.55 142.0 103.0 142.0 64.0 37.0 64.0 75.0 19.0 75.0 
2 4 1.84 1.84 142.0 103.0 142.0 64.0 37.0 64.0 75.0 19.0 75.0 242.0 70.0 242.0 
2 3 1.06 1.06 863.0 343.0 863.0 980.0 642.0 980.0 603.0 5.0 603.0 
2 4 1.98 1.98 863.0 343.0 863.0 980.0 642.0 980.0 603.0 5.0 603.0 106.0 98.0 106.0 
2 3 1.49 1.49 773.0 435.0 773.0 462.0 50.0 462.0 144.0 118.0 144.0 
2 4 1.86 1.86 773.0 435.0 773.0 462.0 50.0 462.0 144.0 118.0 144.0 284.0 107.0 284.0 
2 3 0.6 0.6 763.0 406.0 763.0 359.0 23.0 359.0 124.0 1.0 124.0 
2 4 0.73 0.73 763.0 406.0 763.0 359.0 23.0 359.0 124.0 1.0 124.0 204.0 26.0 204.0 
2 5 1.16 1.16 763.0 406.0 763.0 359.0 23.0 359.0 124.0 1.0 124.0 204.0 26.0 204.0 975.0 419.0 975.0 
2 6 1.93 1.93 763.0 406.0 763.0 359.0 23.0 359.0 124.0 1.0 124.0 204.0 26.0 204.0 975.0 419.0 975.0 802.0 623.0 802.0 
2 3 1.87 1.87 552.0 116.0 552.0 955.0 702.0 955.0 28.0 26.0 28.0 
2 3 1.48 1.48 770.0 287.0 770.0 114.0 89.0 114.0 505.0 168.0 505.0 
2 4 1.86 1.86 770.0 287.0 770.0 114.0 89.0 114.0 505.0 168.0 505.0 226.0 86.0 226.0 
2 3 1.96 1.96 464.0 153.0 464.0 813.0 738.0 813.0 325.0 235.0 325.0 
2 3 1.39 1.39 132.0 11.0 132.0 97.0 84.0 97.0 9.0 4.0 9.0 
2 4 1.57 1.57 132.0 11.0 132.0 97.0 84.0 97.0 9.0 4.0 9.0 841.0 150.0 841.0 
2 5 1.93 1.93 132.0 11.0 132.0 97.0 84.0 97.0 9.0 4.0 9.0 841.0 150.0 841.0 74.0 27.0 74.0 
2 3 1.05 1.05 123.0 14.0 123.0 256.0 108.0 256.0 925.0 483.0 925.0 
2 4 1.73 1.73 123.0 14.0 123.0 256.0 108.0 256.0 925.0 483.0 925.0 841.0 569.0 841.0 
2 3 1.32 1.32 685.0 550.0 685.0 821.0 91.0 821.0 964.0 401.0 964.0 
2 3 1.64 1.64 204.0 114.0 204.0 45.0 35.0 45.0 942.0 295.0 942.0 
2 3 1.0 1.0 156.0 7.0 156.0 638.0 305.0 638.0 781.0 380.0 781.0 
2 4 1.37 1.37 156.0 7.0 156.0 638.0 305.0 638.0 781.0 380.0 781.0 717.0 264.0 717.0 
2 5 1.6 1.6 156.0 7.0 156.0 638.0 305.0 638.0 781.0 380.0 781.0 717.0 264.0 717.0 997.0 223.0 997.0 
2 6 1.68 1.68 156.0 7.0 156.0 638.0 305.0 638.0 781.0 380.0 781.0 717.0 264.0 717.0 997.0 223.0 997.0 330.0 26.0 330.0 
2 3 0.6 0.6 336.0 58.0 336.0 381.0 113.0 381.0 221.0 31.0 221.0 
2 4 1.18 1.18 336.0 58.0 336.0 381.0 113.0 381.0 221.0 31.0 221.0 891.0 513.0 891.0 
2 5 1.69 1.69 336.0 58.0 336.0 381.0 113.0 381.0 221.0 31.0 221.0 891.0 513.0 891.0 117.0 60.0 117.0 
2 3 1.91 1.91 352.0 148.0 352.0 194.0 187.0 194.0 380.0 202.0 380.0 
2 3 1.02 1.02 405.0 159.0 405.0 639.0 368.0 639.0 779.0 43.0 779.0 
2 4 1.98 1.98 405.0 159.0 405.0 639.0 368.0 639.0 779.0 43.0 779.0 296.0 285.0 296.0 
2 3 1.74 1.74 563.0 147.0 563.0 223.0 205.0 223.0 378.0 213.0 378.0 
2 3 1.11 1.11 892.0 270.0 892.0 754.0 140.0 754.0 751.0 472.0 751.0 
2 4 1.15 1.15 892.0 270.0 892.0 754.0 140.0 754.0 751.0 472.0 751.0 546.0 19.0 546.0 
