1 2 0.53 0.53 30.0 5.0 30.0 699.0 255.0 699.0 
1 3 0.97 0.97 30.0 5.0 30.0 699.0 255.0 699.0 502.0 223.0 502.0 
1 2 0.37 0.37 592.0 88.0 592.0 640.0 142.0 640.0 
1 3 0.45 0.45 592.0 88.0 592.0 640.0 142.0 640.0 783.0 66.0 783.0 
1 4 0.59 0.59 592.0 88.0 592.0 640.0 142.0 640.0 783.0 66.0 783.0 331.0 46.0 331.0 
1 5 0.87 0.87 592.0 88.0 592.0 640.0 142.0 640.0 783.0 66.0 783.0 331.0 46.0 331.0 381.0 108.0 381.0 
1 2 0.7 0.7 856.0 122.0 856.0 138.0 78.0 138.0 
1 3 0.84 0.84 856.0 122.0 856.0 138.0 78.0 138.0 635.0 87.0 635.0 
1 4 0.99 0.99 856.0 122.0 856.0 138.0 78.0 138.0 635.0 87.0 635.0 171.0 25.0 171.0 
1 2 0.58 0.58 83.0 14.0 83.0 618.0 260.0 618.0 
1 2 0.48 0.48 264.0 114.0 264.0 374.0 19.0 374.0 
1 3 0.96 0.96 264.0 114.0 264.0 374.0 19.0 374.0 252.0 122.0 252.0 
1 2 0.2 0.2 873.0 151.0 873.0 226.0 7.0 226.0 
1 3 0.57 0.57 873.0 151.0 873.0 226.0 7.0 226.0 750.0 280.0 750.0 
1 4 0.69 0.69 873.0 151.0 873.0 226.0 7.0 226.0 750.0 280.0 750.0 935.0 113.0 935.0 
1 2 0.7 0.7 82.0 24.0 82.0 230.0 94.0 230.0 
1 3 0.97 0.97 82.0 24.0 82.0 230.0 94.0 230.0 705.0 194.0 705.0 
1 2 0.55 0.55 979.0 378.0 979.0 365.0 63.0 365.0 
1 3 0.63 0.63 979.0 378.0 979.0 365.0 63.0 365.0 859.0 68.0 859.0 
1 4 0.81 0.81 979.0 378.0 979.0 365.0 63.0 365.0 859.0 68.0 859.0 228.0 40.0 228.0 
1 2 0.05 0.05 562.0 15.0 562.0 239.0 6.0 239.0 
1 3 0.4 0.4 562.0 15.0 562.0 239.0 6.0 239.0 750.0 264.0 750.0 
1 4 0.59 0.59 562.0 15.0 562.0 239.0 6.0 239.0 750.0 264.0 750.0 962.0 188.0 962.0 
1 5 0.67 0.67 562.0 15.0 562.0 239.0 6.0 239.0 750.0 264.0 750.0 962.0 188.0 962.0 50.0 4.0 50.0 
1 2 0.97 0.97 298.0 11.0 298.0 813.0 765.0 813.0 
1 2 0.89 0.89 963.0 456.0 963.0 519.0 218.0 519.0 
1 3 0.92 0.92 963.0 456.0 963.0 519.0 218.0 519.0 28.0 1.0 28.0 
1 2 0.67 0.67 192.0 65.0 192.0 893.0 298.0 893.0 
1 2 0.45 0.45 160.0 10.0 160.0 300.0 118.0 300.0 
1 3 0.9 0.9 160.0 10.0 160.0 300.0 118.0 300.0 280.0 127.0 280.0 
1 2 0.15 0.15 693.0 64.0 693.0 616.0 37.0 616.0 
1 3 0.18 0.18 693.0 64.0 693.0 616.0 37.0 616.0 910.0 29.0 910.0 
1 4 0.88 0.88 693.0 64.0 693.0 616.0 37.0 616.0 910.0 29.0 910.0 781.0 549.0 781.0 
1 2 0.44 0.44 222.0 16.0 222.0 83.0 31.0 83.0 
1 3 0.63 0.63 222.0 16.0 222.0 83.0 31.0 83.0 625.0 121.0 625.0 
1 2 0.83 0.83 303.0 236.0 303.0 587.0 35.0 587.0 
1 2 0.63 0.63 803.0 383.0 803.0 555.0 89.0 555.0 
1 3 0.96 0.96 803.0 383.0 803.0 555.0 89.0 555.0 800.0 262.0 800.0 
1 2 0.06 0.06 261.0 9.0 261.0 258.0 8.0 258.0 
1 3 0.39 0.39 261.0 9.0 261.0 258.0 8.0 258.0 159.0 53.0 159.0 
1 4 0.59 0.59 261.0 9.0 261.0 258.0 8.0 258.0 159.0 53.0 159.0 747.0 147.0 747.0 
1 2 0.98 0.98 550.0 38.0 550.0 872.0 797.0 872.0 
1 2 0.97 0.97 628.0 459.0 628.0 284.0 70.0 284.0 
1 2 0.7 0.7 992.0 299.0 992.0 782.0 319.0 782.0 
1 2 0.42 0.42 601.0 163.0 601.0 693.0 108.0 693.0 
1 3 0.65 0.65 601.0 163.0 601.0 693.0 108.0 693.0 952.0 214.0 952.0 
1 2 0.25 0.25 191.0 23.0 191.0 518.0 70.0 518.0 
1 3 0.39 0.39 191.0 23.0 191.0 518.0 70.0 518.0 307.0 44.0 307.0 
1 4 0.58 0.58 191.0 23.0 191.0 518.0 70.0 518.0 307.0 44.0 307.0 762.0 145.0 762.0 
1 2 0.3 0.3 695.0 69.0 695.0 759.0 157.0 759.0 
1 2 0.87 0.87 207.0 36.0 207.0 451.0 316.0 451.0 
1 2 0.52 0.52 569.0 260.0 569.0 979.0 66.0 979.0 
1 2 0.86 0.86 1000.0 122.0 1000.0 751.0 559.0 751.0 
1 3 0.97 0.97 1000.0 122.0 1000.0 751.0 559.0 751.0 674.0 73.0 674.0 
1 2 0.36 0.36 893.0 68.0 893.0 178.0 52.0 178.0 
1 3 0.8 0.8 893.0 68.0 893.0 178.0 52.0 178.0 519.0 225.0 519.0 
1 2 0.76 0.76 888.0 378.0 888.0 345.0 116.0 345.0 
1 2 0.97 0.97 869.0 422.0 869.0 985.0 483.0 985.0 
1 2 0.84 0.84 988.0 217.0 988.0 767.0 482.0 767.0 
1 2 0.55 0.55 148.0 68.0 148.0 859.0 82.0 859.0 
1 2 0.85 0.85 96.0 43.0 96.0 736.0 299.0 736.0 
1 2 0.64 0.64 174.0 25.0 174.0 701.0 353.0 701.0 
1 3 0.7 0.7 174.0 25.0 174.0 701.0 353.0 701.0 943.0 50.0 943.0 
1 2 0.25 0.25 198.0 23.0 198.0 158.0 22.0 158.0 
1 2 0.59 0.59 977.0 26.0 977.0 518.0 297.0 518.0 
1 2 0.78 0.78 474.0 301.0 474.0 504.0 76.0 504.0 
1 3 0.8 0.8 474.0 301.0 474.0 504.0 76.0 504.0 490.0 10.0 490.0 
1 4 0.9 0.9 474.0 301.0 474.0 504.0 76.0 504.0 490.0 10.0 490.0 721.0 68.0 721.0 
1 2 0.59 0.59 674.0 289.0 674.0 350.0 57.0 350.0 
1 3 0.87 0.87 674.0 289.0 674.0 350.0 57.0 350.0 144.0 41.0 144.0 
1 2 0.93 0.93 935.0 713.0 935.0 239.0 42.0 239.0 
1 2 0.54 0.54 177.0 12.0 177.0 160.0 77.0 160.0 
1 3 0.77 0.77 177.0 12.0 177.0 160.0 77.0 160.0 348.0 77.0 348.0 
1 2 0.88 0.88 41.0 30.0 41.0 60.0 9.0 60.0 
1 3 0.99 0.99 41.0 30.0 41.0 60.0 9.0 60.0 362.0 40.0 362.0 
1 2 0.6 0.6 567.0 92.0 567.0 981.0 438.0 981.0 
1 3 0.69 0.69 567.0 92.0 567.0 981.0 438.0 981.0 411.0 35.0 411.0 
1 4 0.73 0.73 567.0 92.0 567.0 981.0 438.0 981.0 411.0 35.0 411.0 549.0 22.0 549.0 
1 2 0.77 0.77 726.0 129.0 726.0 374.0 224.0 374.0 
1 2 0.32 0.32 155.0 49.0 155.0 222.0 2.0 222.0 
1 3 0.4 0.4 155.0 49.0 155.0 222.0 2.0 222.0 591.0 47.0 591.0 
1 4 0.62 0.62 155.0 49.0 155.0 222.0 2.0 222.0 591.0 47.0 591.0 670.0 145.0 670.0 
1 2 0.9 0.9 293.0 70.0 293.0 285.0 189.0 285.0 
1 2 0.7 0.7 893.0 380.0 893.0 599.0 169.0 599.0 
1 2 0.37 0.37 553.0 52.0 553.0 67.0 19.0 67.0 
1 3 0.67 0.67 553.0 52.0 553.0 67.0 19.0 67.0 301.0 90.0 301.0 
1 2 0.82 0.82 688.0 318.0 688.0 385.0 140.0 385.0 
1 3 0.91 0.91 688.0 318.0 688.0 385.0 140.0 385.0 597.0 56.0 597.0 
1 2 0.44 0.44 752.0 218.0 752.0 992.0 156.0 992.0 
1 3 0.65 0.65 752.0 218.0 752.0 992.0 156.0 992.0 891.0 186.0 891.0 
1 2 0.4 0.4 787.0 207.0 787.0 254.0 35.0 254.0 
1 3 0.64 0.64 787.0 207.0 787.0 254.0 35.0 254.0 565.0 139.0 565.0 
1 4 0.68 0.68 787.0 207.0 787.0 254.0 35.0 254.0 565.0 139.0 565.0 790.0 30.0 790.0 
1 2 0.69 0.69 209.0 93.0 209.0 773.0 197.0 773.0 
1 3 0.94 0.94 209.0 93.0 209.0 773.0 197.0 773.0 349.0 85.0 349.0 
1 2 0.44 0.44 418.0 12.0 418.0 833.0 350.0 833.0 
1 3 0.94 0.94 418.0 12.0 418.0 833.0 350.0 833.0 12.0 6.0 12.0 
1 4 0.98 0.98 418.0 12.0 418.0 833.0 350.0 833.0 12.0 6.0 12.0 919.0 35.0 919.0 
1 2 0.93 0.93 141.0 108.0 141.0 751.0 130.0 751.0 
1 2 0.84 0.84 782.0 384.0 782.0 627.0 219.0 627.0 
1 3 0.97 0.97 782.0 384.0 782.0 627.0 219.0 627.0 290.0 39.0 290.0 
1 2 0.42 0.42 515.0 158.0 515.0 830.0 99.0 830.0 
1 3 0.61 0.61 515.0 158.0 515.0 830.0 99.0 830.0 399.0 75.0 399.0 
1 4 0.73 0.73 515.0 158.0 515.0 830.0 99.0 830.0 399.0 75.0 399.0 240.0 30.0 240.0 
1 2 0.46 0.46 828.0 298.0 828.0 586.0 61.0 586.0 
1 3 0.54 0.54 828.0 298.0 828.0 586.0 61.0 586.0 13.0 1.0 13.0 
1 2 0.47 0.47 476.0 168.0 476.0 63.0 8.0 63.0 
1 3 0.62 0.62 476.0 168.0 476.0 63.0 8.0 63.0 766.0 112.0 766.0 
1 4 0.8 0.8 476.0 168.0 476.0 63.0 8.0 63.0 766.0 112.0 766.0 807.0 145.0 807.0 
1 2 0.75 0.75 937.0 431.0 937.0 553.0 162.0 553.0 
1 2 0.28 0.28 559.0 123.0 559.0 929.0 58.0 929.0 
1 3 0.62 0.62 559.0 123.0 559.0 929.0 58.0 929.0 112.0 38.0 112.0 
1 2 0.24 0.24 748.0 160.0 748.0 745.0 21.0 745.0 
1 2 0.97 0.97 321.0 29.0 321.0 212.0 188.0 212.0 
1 2 0.41 0.41 684.0 176.0 684.0 695.0 108.0 695.0 
1 3 0.69 0.69 684.0 176.0 684.0 695.0 108.0 695.0 580.0 165.0 580.0 
1 4 0.7 0.7 684.0 176.0 684.0 695.0 108.0 695.0 580.0 165.0 580.0 105.0 1.0 105.0 
1 5 0.76 0.76 684.0 176.0 684.0 695.0 108.0 695.0 580.0 165.0 580.0 105.0 1.0 105.0 698.0 41.0 698.0 
1 2 0.41 0.41 326.0 124.0 326.0 894.0 28.0 894.0 
1 3 0.64 0.64 326.0 124.0 326.0 894.0 28.0 894.0 840.0 195.0 840.0 
1 4 0.87 0.87 326.0 124.0 326.0 894.0 28.0 894.0 840.0 195.0 840.0 902.0 213.0 902.0 
1 2 0.96 0.96 926.0 503.0 926.0 521.0 218.0 521.0 
1 2 0.49 0.49 25.0 1.0 25.0 340.0 154.0 340.0 
1 3 0.9 0.9 25.0 1.0 25.0 340.0 154.0 340.0 988.0 407.0 988.0 
1 2 0.73 0.73 160.0 24.0 160.0 986.0 577.0 986.0 
1 3 0.82 0.82 160.0 24.0 160.0 986.0 577.0 986.0 702.0 64.0 702.0 
1 2 0.54 0.54 447.0 82.0 447.0 115.0 42.0 115.0 
1 2 0.83 0.83 321.0 113.0 321.0 918.0 439.0 918.0 
1 3 0.97 0.97 321.0 113.0 321.0 918.0 439.0 918.0 752.0 110.0 752.0 
1 2 0.48 0.48 606.0 27.0 606.0 495.0 216.0 495.0 
1 3 0.65 0.65 606.0 27.0 606.0 495.0 216.0 495.0 283.0 49.0 283.0 
1 4 0.84 0.84 606.0 27.0 606.0 495.0 216.0 495.0 283.0 49.0 283.0 48.0 9.0 48.0 
1 2 0.48 0.48 349.0 141.0 349.0 107.0 9.0 107.0 
1 3 0.52 0.52 349.0 141.0 349.0 107.0 9.0 107.0 79.0 3.0 79.0 
1 4 0.56 0.56 349.0 141.0 349.0 107.0 9.0 107.0 79.0 3.0 79.0 807.0 33.0 807.0 
1 5 0.86 0.86 349.0 141.0 349.0 107.0 9.0 107.0 79.0 3.0 79.0 807.0 33.0 807.0 976.0 289.0 976.0 
1 2 0.48 0.48 502.0 67.0 502.0 169.0 59.0 169.0 
1 3 0.57 0.57 502.0 67.0 502.0 169.0 59.0 169.0 895.0 86.0 895.0 
1 4 0.96 0.96 502.0 67.0 502.0 169.0 59.0 169.0 895.0 86.0 895.0 95.0 37.0 95.0 
1 2 0.46 0.46 438.0 34.0 438.0 543.0 210.0 543.0 
1 3 0.87 0.87 438.0 34.0 438.0 543.0 210.0 543.0 22.0 9.0 22.0 
1 2 0.82 0.82 228.0 106.0 228.0 211.0 76.0 211.0 
1 3 0.93 0.93 228.0 106.0 228.0 211.0 76.0 211.0 470.0 51.0 470.0 
1 2 0.45 0.45 707.0 272.0 707.0 120.0 9.0 120.0 
1 3 0.47 0.47 707.0 272.0 707.0 120.0 9.0 120.0 987.0 16.0 987.0 
1 4 0.95 0.95 707.0 272.0 707.0 120.0 9.0 120.0 987.0 16.0 987.0 879.0 424.0 879.0 
1 2 0.56 0.56 299.0 132.0 299.0 948.0 115.0 948.0 
1 2 0.76 0.76 477.0 191.0 477.0 139.0 50.0 139.0 
1 2 0.48 0.48 10.0 2.0 10.0 884.0 250.0 884.0 
1 3 0.99 0.99 10.0 2.0 10.0 884.0 250.0 884.0 744.0 382.0 744.0 
1 2 0.74 0.74 189.0 85.0 189.0 198.0 59.0 198.0 
1 2 0.83 0.83 13.0 5.0 13.0 33.0 15.0 33.0 
1 2 0.68 0.68 452.0 149.0 452.0 300.0 108.0 300.0 
1 2 0.44 0.44 614.0 161.0 614.0 56.0 10.0 56.0 
1 3 0.86 0.86 614.0 161.0 614.0 56.0 10.0 56.0 215.0 91.0 215.0 
1 2 0.53 0.53 623.0 55.0 623.0 445.0 201.0 445.0 
1 2 0.56 0.56 283.0 97.0 283.0 828.0 187.0 828.0 
1 3 0.9 0.9 283.0 97.0 283.0 828.0 187.0 828.0 6.0 2.0 6.0 
1 2 0.34 0.34 644.0 93.0 644.0 753.0 153.0 753.0 
1 3 0.5 0.5 644.0 93.0 644.0 753.0 153.0 753.0 915.0 142.0 915.0 
1 4 0.93 0.93 644.0 93.0 644.0 753.0 153.0 753.0 915.0 142.0 915.0 441.0 190.0 441.0 
1 5 0.98 0.98 644.0 93.0 644.0 753.0 153.0 753.0 915.0 142.0 915.0 441.0 190.0 441.0 536.0 25.0 536.0 
1 2 0.63 0.63 762.0 292.0 762.0 761.0 190.0 761.0 
1 3 0.84 0.84 762.0 292.0 762.0 761.0 190.0 761.0 525.0 112.0 525.0 
1 2 0.74 0.74 818.0 91.0 818.0 830.0 528.0 830.0 
1 2 0.72 0.72 338.0 74.0 338.0 258.0 131.0 258.0 
1 2 0.54 0.54 789.0 300.0 789.0 417.0 67.0 417.0 
1 2 0.16 0.16 834.0 96.0 834.0 119.0 6.0 119.0 
1 3 0.39 0.39 834.0 96.0 834.0 119.0 6.0 119.0 133.0 30.0 133.0 
1 2 0.16 0.16 951.0 134.0 951.0 396.0 10.0 396.0 
1 2 0.47 0.47 991.0 437.0 991.0 626.0 22.0 626.0 
1 3 0.56 0.56 991.0 437.0 991.0 626.0 22.0 626.0 358.0 32.0 358.0 
1 4 0.56 0.56 991.0 437.0 991.0 626.0 22.0 626.0 358.0 32.0 358.0 452.0 1.0 452.0 
1 2 0.39 0.39 460.0 71.0 460.0 742.0 175.0 742.0 
1 2 0.1 0.1 746.0 7.0 746.0 953.0 88.0 953.0 
1 3 0.55 0.55 746.0 7.0 746.0 953.0 88.0 953.0 245.0 110.0 245.0 
1 2 0.9 0.9 561.0 16.0 561.0 439.0 383.0 439.0 
1 3 0.91 0.91 561.0 16.0 561.0 439.0 383.0 439.0 720.0 12.0 720.0 
1 2 0.63 0.63 305.0 60.0 305.0 200.0 88.0 200.0 
1 3 0.99 0.99 305.0 60.0 305.0 200.0 88.0 200.0 880.0 318.0 880.0 
1 2 0.53 0.53 391.0 124.0 391.0 468.0 103.0 468.0 
1 2 0.74 0.74 292.0 127.0 292.0 442.0 139.0 442.0 
1 2 0.62 0.62 662.0 159.0 662.0 112.0 43.0 112.0 
1 3 0.77 0.77 662.0 159.0 662.0 112.0 43.0 112.0 589.0 87.0 589.0 
1 2 0.45 0.45 740.0 267.0 740.0 402.0 38.0 402.0 
1 3 0.8 0.8 740.0 267.0 740.0 402.0 38.0 402.0 249.0 86.0 249.0 
1 2 0.84 0.84 909.0 297.0 909.0 799.0 415.0 799.0 
1 2 0.69 0.69 833.0 546.0 833.0 791.0 30.0 791.0 
1 2 0.82 0.82 263.0 101.0 263.0 706.0 312.0 706.0 
1 2 0.98 0.98 304.0 182.0 304.0 393.0 150.0 393.0 
1 2 0.67 0.67 625.0 86.0 625.0 283.0 152.0 283.0 
1 2 0.47 0.47 144.0 29.0 144.0 672.0 183.0 672.0 
1 3 0.66 0.66 144.0 29.0 144.0 672.0 183.0 672.0 651.0 123.0 651.0 
1 2 0.62 0.62 517.0 197.0 517.0 61.0 15.0 61.0 
1 3 0.64 0.64 517.0 197.0 517.0 61.0 15.0 61.0 338.0 6.0 338.0 
1 4 0.94 0.94 517.0 197.0 517.0 61.0 15.0 61.0 338.0 6.0 338.0 336.0 100.0 336.0 
1 2 0.25 0.25 669.0 105.0 669.0 769.0 74.0 769.0 
1 3 0.45 0.45 669.0 105.0 669.0 769.0 74.0 769.0 131.0 26.0 131.0 
1 4 0.49 0.49 669.0 105.0 669.0 769.0 74.0 769.0 131.0 26.0 131.0 719.0 30.0 719.0 
1 2 0.99 0.99 789.0 726.0 789.0 77.0 6.0 77.0 
1 2 0.54 0.54 404.0 134.0 404.0 213.0 45.0 213.0 
1 3 0.94 0.94 404.0 134.0 404.0 213.0 45.0 213.0 695.0 281.0 695.0 
1 2 0.65 0.65 352.0 123.0 352.0 340.0 104.0 340.0 
1 3 0.75 0.75 352.0 123.0 352.0 340.0 104.0 340.0 409.0 42.0 409.0 
1 2 0.98 0.98 597.0 512.0 597.0 708.0 93.0 708.0 
1 2 0.7 0.7 788.0 247.0 788.0 279.0 110.0 279.0 
1 2 0.13 0.13 830.0 22.0 830.0 76.0 8.0 76.0 
1 3 0.22 0.22 830.0 22.0 830.0 76.0 8.0 76.0 22.0 2.0 22.0 
1 2 0.72 0.72 805.0 523.0 805.0 873.0 62.0 873.0 
1 2 0.88 0.88 53.0 25.0 53.0 413.0 172.0 413.0 
1 2 0.37 0.37 918.0 126.0 918.0 25.0 6.0 25.0 
1 3 0.69 0.69 918.0 126.0 918.0 25.0 6.0 25.0 63.0 20.0 63.0 
1 4 0.77 0.77 918.0 126.0 918.0 25.0 6.0 25.0 63.0 20.0 63.0 260.0 22.0 260.0 
1 2 0.21 0.21 118.0 13.0 118.0 905.0 94.0 905.0 
1 3 0.24 0.24 118.0 13.0 118.0 905.0 94.0 905.0 454.0 15.0 454.0 
1 4 0.83 0.83 118.0 13.0 118.0 905.0 94.0 905.0 454.0 15.0 454.0 144.0 85.0 144.0 
1 2 0.73 0.73 128.0 49.0 128.0 895.0 319.0 895.0 
1 2 0.49 0.49 706.0 199.0 706.0 953.0 204.0 953.0 
1 3 0.9 0.9 706.0 199.0 706.0 953.0 204.0 953.0 428.0 174.0 428.0 
1 2 0.28 0.28 598.0 125.0 598.0 931.0 72.0 931.0 
1 2 0.65 0.65 637.0 180.0 637.0 664.0 249.0 664.0 
1 3 0.97 0.97 637.0 180.0 637.0 664.0 249.0 664.0 655.0 205.0 655.0 
1 2 0.66 0.66 101.0 43.0 101.0 393.0 94.0 393.0 
1 2 0.34 0.34 230.0 28.0 230.0 286.0 64.0 286.0 
1 3 0.62 0.62 230.0 28.0 230.0 286.0 64.0 286.0 308.0 87.0 308.0 
1 4 0.94 0.94 230.0 28.0 230.0 286.0 64.0 286.0 308.0 87.0 308.0 193.0 61.0 193.0 
1 2 0.54 0.54 275.0 96.0 275.0 905.0 175.0 905.0 
1 3 0.98 0.98 275.0 96.0 275.0 905.0 175.0 905.0 371.0 166.0 371.0 
1 2 0.51 0.51 128.0 20.0 128.0 234.0 83.0 234.0 
1 3 0.76 0.76 128.0 20.0 128.0 234.0 83.0 234.0 232.0 59.0 232.0 
1 2 0.61 0.61 260.0 53.0 260.0 39.0 16.0 39.0 
1 3 0.76 0.76 260.0 53.0 260.0 39.0 16.0 39.0 820.0 121.0 820.0 
1 4 0.97 0.97 260.0 53.0 260.0 39.0 16.0 39.0 820.0 121.0 820.0 184.0 40.0 184.0 
1 2 0.29 0.29 918.0 194.0 918.0 786.0 63.0 786.0 
1 2 0.18 0.18 961.0 13.0 961.0 40.0 7.0 40.0 
1 3 0.5 0.5 961.0 13.0 961.0 40.0 7.0 40.0 985.0 308.0 985.0 
1 4 0.94 0.94 961.0 13.0 961.0 40.0 7.0 40.0 985.0 308.0 985.0 971.0 433.0 971.0 
1 5 0.96 0.96 961.0 13.0 961.0 40.0 7.0 40.0 985.0 308.0 985.0 971.0 433.0 971.0 399.0 6.0 399.0 
1 2 0.83 0.83 212.0 54.0 212.0 557.0 321.0 557.0 
1 2 0.71 0.71 832.0 227.0 832.0 428.0 188.0 428.0 
1 3 0.76 0.76 832.0 227.0 832.0 428.0 188.0 428.0 668.0 37.0 668.0 
1 2 0.71 0.71 621.0 272.0 621.0 226.0 63.0 226.0 
1 2 0.82 0.82 152.0 56.0 152.0 974.0 440.0 974.0 
1 3 0.82 0.82 152.0 56.0 152.0 974.0 440.0 974.0 1000.0 2.0 1000.0 
1 2 0.7 0.7 456.0 274.0 456.0 456.0 49.0 456.0 
1 2 0.7 0.7 720.0 67.0 720.0 162.0 99.0 162.0 
1 2 0.99 0.99 794.0 44.0 794.0 331.0 312.0 331.0 
1 2 0.21 0.21 775.0 5.0 775.0 181.0 38.0 181.0 
1 3 0.39 0.39 775.0 5.0 775.0 181.0 38.0 181.0 766.0 134.0 766.0 
1 4 0.77 0.77 775.0 5.0 775.0 181.0 38.0 181.0 766.0 134.0 766.0 805.0 309.0 805.0 
1 2 0.78 0.78 979.0 259.0 979.0 318.0 164.0 318.0 
1 2 0.77 0.77 568.0 434.0 568.0 165.0 2.0 165.0 
1 2 0.93 0.93 59.0 31.0 59.0 450.0 183.0 450.0 
1 2 0.6 0.6 233.0 34.0 233.0 916.0 418.0 916.0 
1 2 0.34 0.34 831.0 197.0 831.0 767.0 83.0 767.0 
1 3 0.99 0.99 831.0 197.0 831.0 767.0 83.0 767.0 603.0 394.0 603.0 
1 2 0.68 0.68 664.0 157.0 664.0 872.0 395.0 872.0 
1 2 0.13 0.13 497.0 18.0 497.0 484.0 50.0 484.0 
1 3 0.58 0.58 497.0 18.0 497.0 484.0 50.0 484.0 706.0 313.0 706.0 
1 2 0.42 0.42 371.0 25.0 371.0 603.0 213.0 603.0 
1 3 0.64 0.64 371.0 25.0 371.0 603.0 213.0 603.0 538.0 123.0 538.0 
1 2 0.6 0.6 93.0 23.0 93.0 136.0 48.0 136.0 
1 3 0.8 0.8 93.0 23.0 93.0 136.0 48.0 136.0 564.0 118.0 564.0 
1 2 0.35 0.35 315.0 46.0 315.0 474.0 101.0 474.0 
1 3 0.43 0.43 315.0 46.0 315.0 474.0 101.0 474.0 91.0 7.0 91.0 
1 4 0.64 0.64 315.0 46.0 315.0 474.0 101.0 474.0 91.0 7.0 91.0 746.0 156.0 746.0 
1 2 0.41 0.41 468.0 71.0 468.0 259.0 68.0 259.0 
1 2 0.81 0.81 88.0 64.0 88.0 149.0 13.0 149.0 
1 2 0.64 0.64 883.0 162.0 883.0 850.0 392.0 850.0 
1 3 0.7 0.7 883.0 162.0 883.0 850.0 392.0 850.0 979.0 61.0 979.0 
1 2 0.08 0.08 548.0 32.0 548.0 497.0 14.0 497.0 
1 3 0.51 0.51 548.0 32.0 548.0 497.0 14.0 497.0 723.0 310.0 723.0 
1 4 0.95 0.95 548.0 32.0 548.0 497.0 14.0 497.0 723.0 310.0 723.0 9.0 4.0 9.0 
1 2 0.44 0.44 15.0 4.0 15.0 660.0 118.0 660.0 
1 3 0.6 0.6 15.0 4.0 15.0 660.0 118.0 660.0 521.0 83.0 521.0 
1 2 0.6 0.6 559.0 301.0 559.0 679.0 43.0 679.0 
1 2 0.71 0.71 802.0 247.0 802.0 479.0 194.0 479.0 
1 2 0.85 0.85 448.0 336.0 448.0 359.0 36.0 359.0 
1 3 0.96 0.96 448.0 336.0 448.0 359.0 36.0 359.0 857.0 98.0 857.0 
1 2 0.56 0.56 354.0 153.0 354.0 565.0 73.0 565.0 
1 3 0.77 0.77 354.0 153.0 354.0 565.0 73.0 565.0 37.0 8.0 37.0 
1 4 0.86 0.86 354.0 153.0 354.0 565.0 73.0 565.0 37.0 8.0 37.0 802.0 71.0 802.0 
1 5 0.9 0.9 354.0 153.0 354.0 565.0 73.0 565.0 37.0 8.0 37.0 802.0 71.0 802.0 438.0 16.0 438.0 
1 2 0.53 0.53 259.0 70.0 259.0 676.0 180.0 676.0 
1 3 0.69 0.69 259.0 70.0 259.0 676.0 180.0 676.0 730.0 116.0 730.0 
1 4 0.72 0.72 259.0 70.0 259.0 676.0 180.0 676.0 730.0 116.0 730.0 879.0 28.0 879.0 
1 2 0.9 0.9 29.0 13.0 29.0 179.0 81.0 179.0 
1 2 0.88 0.88 604.0 54.0 604.0 73.0 58.0 73.0 
1 2 0.82 0.82 226.0 52.0 226.0 318.0 190.0 318.0 
1 2 0.53 0.53 948.0 216.0 948.0 670.0 207.0 670.0 
1 3 0.77 0.77 948.0 216.0 948.0 670.0 207.0 670.0 272.0 65.0 272.0 
1 2 0.54 0.54 574.0 170.0 574.0 930.0 233.0 930.0 
1 3 0.93 0.93 574.0 170.0 574.0 930.0 233.0 930.0 95.0 37.0 95.0 
1 2 0.64 0.64 76.0 32.0 76.0 963.0 213.0 963.0 
1 3 0.75 0.75 76.0 32.0 76.0 963.0 213.0 963.0 956.0 108.0 956.0 
1 2 0.51 0.51 133.0 14.0 133.0 328.0 134.0 328.0 
1 3 0.8 0.8 133.0 14.0 133.0 328.0 134.0 328.0 294.0 85.0 294.0 
1 2 0.46 0.46 188.0 16.0 188.0 314.0 119.0 314.0 
1 2 0.82 0.82 994.0 416.0 994.0 244.0 99.0 244.0 
1 3 0.97 0.97 994.0 416.0 994.0 244.0 99.0 244.0 993.0 149.0 993.0 
1 2 0.91 0.91 814.0 99.0 814.0 687.0 543.0 687.0 
1 2 0.85 0.85 45.0 23.0 45.0 311.0 107.0 311.0 
1 2 0.42 0.42 159.0 65.0 159.0 722.0 11.0 722.0 
1 3 0.91 0.91 159.0 65.0 159.0 722.0 11.0 722.0 927.0 452.0 927.0 
1 2 0.89 0.89 817.0 488.0 817.0 261.0 77.0 261.0 
1 2 0.56 0.56 528.0 114.0 528.0 745.0 261.0 745.0 
1 3 0.91 0.91 528.0 114.0 528.0 745.0 261.0 745.0 604.0 213.0 604.0 
1 2 0.62 0.62 469.0 202.0 469.0 949.0 185.0 949.0 
1 2 0.38 0.38 331.0 108.0 331.0 712.0 40.0 712.0 
1 2 0.65 0.65 514.0 170.0 514.0 198.0 64.0 198.0 
1 2 0.57 0.57 689.0 319.0 689.0 341.0 39.0 341.0 
1 3 0.71 0.71 689.0 319.0 689.0 341.0 39.0 341.0 840.0 112.0 840.0 
1 2 0.92 0.92 640.0 302.0 640.0 665.0 300.0 665.0 
1 2 0.38 0.38 767.0 118.0 767.0 748.0 171.0 748.0 
1 3 0.46 0.46 767.0 118.0 767.0 748.0 171.0 748.0 308.0 26.0 308.0 
1 4 0.52 0.52 767.0 118.0 767.0 748.0 171.0 748.0 308.0 26.0 308.0 825.0 51.0 825.0 
1 5 0.59 0.59 767.0 118.0 767.0 748.0 171.0 748.0 308.0 26.0 308.0 825.0 51.0 825.0 733.0 48.0 733.0 
1 2 0.16 0.16 476.0 22.0 476.0 709.0 81.0 709.0 
1 3 0.25 0.25 476.0 22.0 476.0 709.0 81.0 709.0 915.0 87.0 915.0 
1 4 0.5 0.5 476.0 22.0 476.0 709.0 81.0 709.0 915.0 87.0 915.0 600.0 148.0 600.0 
1 2 0.31 0.31 350.0 85.0 350.0 302.0 22.0 302.0 
1 2 0.63 0.63 477.0 255.0 477.0 532.0 53.0 532.0 
1 2 0.74 0.74 479.0 327.0 479.0 172.0 11.0 172.0 
1 3 0.83 0.83 479.0 327.0 479.0 172.0 11.0 172.0 151.0 14.0 151.0 
1 2 0.61 0.61 86.0 24.0 86.0 3.0 1.0 3.0 
1 2 0.6 0.6 177.0 76.0 177.0 369.0 66.0 369.0 
1 2 0.69 0.69 899.0 392.0 899.0 880.0 231.0 880.0 
1 2 0.93 0.93 327.0 271.0 327.0 850.0 94.0 850.0 
1 2 0.46 0.46 990.0 97.0 990.0 567.0 208.0 567.0 
1 3 0.73 0.73 990.0 97.0 990.0 567.0 208.0 567.0 414.0 113.0 414.0 
1 4 0.96 0.96 990.0 97.0 990.0 567.0 208.0 567.0 414.0 113.0 414.0 552.0 124.0 552.0 
1 2 0.94 0.94 174.0 117.0 174.0 738.0 204.0 738.0 
1 2 0.93 0.93 247.0 136.0 247.0 393.0 151.0 393.0 
1 2 0.69 0.69 502.0 107.0 502.0 935.0 446.0 935.0 
1 3 0.72 0.72 502.0 107.0 502.0 935.0 446.0 935.0 275.0 10.0 275.0 
1 2 0.96 0.96 287.0 276.0 287.0 792.0 3.0 792.0 
1 2 0.28 0.28 683.0 6.0 683.0 436.0 122.0 436.0 
1 2 0.75 0.75 785.0 386.0 785.0 920.0 241.0 920.0 
1 2 0.25 0.25 187.0 43.0 187.0 39.0 1.0 39.0 
1 3 0.69 0.69 187.0 43.0 187.0 39.0 1.0 39.0 467.0 203.0 467.0 
1 2 0.82 0.82 346.0 121.0 346.0 889.0 422.0 889.0 
1 2 0.52 0.52 3.0 1.0 3.0 750.0 145.0 750.0 
1 3 0.58 0.58 3.0 1.0 3.0 750.0 145.0 750.0 752.0 44.0 752.0 
1 4 0.95 0.95 3.0 1.0 3.0 750.0 145.0 750.0 752.0 44.0 752.0 642.0 238.0 642.0 
1 2 0.27 0.27 905.0 167.0 905.0 409.0 35.0 409.0 
1 2 0.84 0.84 974.0 98.0 974.0 202.0 151.0 202.0 
1 3 0.98 0.98 974.0 98.0 974.0 202.0 151.0 202.0 508.0 70.0 508.0 
1 2 0.63 0.63 751.0 159.0 751.0 361.0 153.0 361.0 
1 3 0.93 0.93 751.0 159.0 751.0 361.0 153.0 361.0 280.0 85.0 280.0 
1 2 0.73 0.73 915.0 7.0 915.0 552.0 400.0 552.0 
1 2 0.64 0.64 314.0 107.0 314.0 604.0 185.0 604.0 
1 3 0.69 0.69 314.0 107.0 314.0 604.0 185.0 604.0 204.0 10.0 204.0 
1 4 0.85 0.85 314.0 107.0 314.0 604.0 185.0 604.0 204.0 10.0 204.0 592.0 92.0 592.0 
1 2 0.46 0.46 861.0 146.0 861.0 312.0 92.0 312.0 
1 3 0.49 0.49 861.0 146.0 861.0 312.0 92.0 312.0 723.0 20.0 723.0 
1 4 0.58 0.58 861.0 146.0 861.0 312.0 92.0 312.0 723.0 20.0 723.0 45.0 4.0 45.0 
1 5 0.65 0.65 861.0 146.0 861.0 312.0 92.0 312.0 723.0 20.0 723.0 45.0 4.0 45.0 635.0 44.0 635.0 
1 2 0.45 0.45 932.0 23.0 932.0 181.0 78.0 181.0 
1 3 0.8 0.8 932.0 23.0 932.0 181.0 78.0 181.0 502.0 173.0 502.0 
1 4 0.96 0.96 932.0 23.0 932.0 181.0 78.0 181.0 502.0 173.0 502.0 635.0 104.0 635.0 
1 2 0.62 0.62 209.0 67.0 209.0 10.0 3.0 10.0 
1 2 0.28 0.28 99.0 14.0 99.0 957.0 138.0 957.0 
1 2 0.54 0.54 360.0 130.0 360.0 133.0 25.0 133.0 
1 3 0.63 0.63 360.0 130.0 360.0 133.0 25.0 133.0 428.0 36.0 428.0 
1 4 0.75 0.75 360.0 130.0 360.0 133.0 25.0 133.0 428.0 36.0 428.0 100.0 12.0 100.0 
1 2 0.41 0.41 661.0 272.0 661.0 123.0 1.0 123.0 
1 3 0.95 0.95 661.0 272.0 661.0 123.0 1.0 123.0 807.0 436.0 807.0 
1 2 0.43 0.43 95.0 15.0 95.0 186.0 51.0 186.0 
1 3 0.6 0.6 95.0 15.0 95.0 186.0 51.0 186.0 169.0 30.0 169.0 
1 2 0.83 0.83 152.0 28.0 152.0 769.0 503.0 769.0 
1 2 0.36 0.36 795.0 6.0 795.0 369.0 131.0 369.0 
1 3 0.43 0.43 795.0 6.0 795.0 369.0 131.0 369.0 560.0 38.0 560.0 
1 4 0.47 0.47 795.0 6.0 795.0 369.0 131.0 369.0 560.0 38.0 560.0 396.0 19.0 396.0 
1 5 0.95 0.95 795.0 6.0 795.0 369.0 131.0 369.0 560.0 38.0 560.0 396.0 19.0 396.0 492.0 233.0 492.0 
1 2 0.35 0.35 432.0 10.0 432.0 551.0 182.0 551.0 
1 3 0.81 0.81 432.0 10.0 432.0 551.0 182.0 551.0 803.0 370.0 803.0 
1 4 0.92 0.92 432.0 10.0 432.0 551.0 182.0 551.0 803.0 370.0 803.0 141.0 15.0 141.0 
1 2 0.46 0.46 623.0 127.0 623.0 636.0 164.0 636.0 
1 3 0.64 0.64 623.0 127.0 623.0 636.0 164.0 636.0 538.0 97.0 538.0 
1 4 0.9 0.9 623.0 127.0 623.0 636.0 164.0 636.0 538.0 97.0 538.0 122.0 32.0 122.0 
1 5 0.93 0.93 623.0 127.0 623.0 636.0 164.0 636.0 538.0 97.0 538.0 122.0 32.0 122.0 971.0 29.0 971.0 
1 2 0.29 0.29 184.0 14.0 184.0 138.0 30.0 138.0 
1 3 0.46 0.46 184.0 14.0 184.0 138.0 30.0 138.0 300.0 51.0 300.0 
1 4 0.95 0.95 184.0 14.0 184.0 138.0 30.0 138.0 300.0 51.0 300.0 519.0 256.0 519.0 
1 2 0.23 0.23 955.0 180.0 955.0 913.0 46.0 913.0 
1 3 0.85 0.85 955.0 180.0 955.0 913.0 46.0 913.0 623.0 384.0 623.0 
1 2 0.85 0.85 30.0 19.0 30.0 810.0 177.0 810.0 
1 2 0.96 0.96 954.0 690.0 954.0 117.0 28.0 117.0 
1 2 0.57 0.57 152.0 59.0 152.0 363.0 67.0 363.0 
1 2 0.43 0.43 681.0 66.0 681.0 913.0 310.0 913.0 
1 3 0.87 0.87 681.0 66.0 681.0 913.0 310.0 913.0 104.0 46.0 104.0 
1 4 0.93 0.93 681.0 66.0 681.0 913.0 310.0 913.0 104.0 46.0 104.0 17.0 1.0 17.0 
1 2 0.97 0.97 60.0 50.0 60.0 589.0 84.0 589.0 
1 3 0.99 0.99 60.0 50.0 60.0 589.0 84.0 589.0 326.0 6.0 326.0 
1 2 0.88 0.88 975.0 101.0 975.0 236.0 185.0 236.0 
1 2 0.43 0.43 489.0 65.0 489.0 379.0 114.0 379.0 
1 3 0.75 0.75 489.0 65.0 489.0 379.0 114.0 379.0 189.0 60.0 189.0 
1 4 0.99 0.99 489.0 65.0 489.0 379.0 114.0 379.0 189.0 60.0 189.0 522.0 128.0 522.0 
1 2 0.89 0.89 366.0 199.0 366.0 739.0 262.0 739.0 
1 2 0.53 0.53 116.0 58.0 116.0 451.0 17.0 451.0 
1 2 0.47 0.47 68.0 2.0 68.0 731.0 323.0 731.0 
1 3 0.75 0.75 68.0 2.0 68.0 731.0 323.0 731.0 462.0 129.0 462.0 
1 2 0.24 0.24 343.0 85.0 343.0 475.0 1.0 475.0 
1 2 0.78 0.78 28.0 7.0 28.0 41.0 22.0 41.0 
1 3 0.99 0.99 28.0 7.0 28.0 41.0 22.0 41.0 809.0 171.0 809.0 
1 2 0.63 0.63 952.0 243.0 952.0 959.0 360.0 959.0 
1 3 0.92 0.92 952.0 243.0 952.0 959.0 360.0 959.0 385.0 115.0 385.0 
1 2 0.97 0.97 852.0 277.0 852.0 815.0 526.0 815.0 
1 2 0.47 0.47 956.0 292.0 956.0 678.0 112.0 678.0 
1 3 0.94 0.94 956.0 292.0 956.0 678.0 112.0 678.0 57.0 27.0 57.0 
1 2 0.94 0.94 421.0 151.0 421.0 213.0 124.0 213.0 
1 3 0.97 0.97 421.0 151.0 421.0 213.0 124.0 213.0 30.0 1.0 30.0 
1 2 0.89 0.89 132.0 41.0 132.0 576.0 335.0 576.0 
1 2 0.88 0.88 280.0 39.0 280.0 799.0 593.0 799.0 
1 2 0.53 0.53 56.0 3.0 56.0 608.0 294.0 608.0 
1 3 0.81 0.81 56.0 3.0 56.0 608.0 294.0 608.0 89.0 25.0 89.0 
1 2 0.85 0.85 115.0 96.0 115.0 123.0 2.0 123.0 
1 2 0.61 0.61 874.0 510.0 874.0 747.0 27.0 747.0 
1 2 0.32 0.32 969.0 235.0 969.0 772.0 66.0 772.0 
1 3 0.37 0.37 969.0 235.0 969.0 772.0 66.0 772.0 696.0 31.0 696.0 
1 4 0.6 0.6 969.0 235.0 969.0 772.0 66.0 772.0 696.0 31.0 696.0 560.0 128.0 560.0 
1 2 0.47 0.47 365.0 92.0 365.0 817.0 186.0 817.0 
1 3 0.66 0.66 365.0 92.0 365.0 817.0 186.0 817.0 473.0 86.0 473.0 
1 2 0.7 0.7 649.0 429.0 649.0 21.0 1.0 21.0 
1 2 0.78 0.78 894.0 434.0 894.0 707.0 215.0 707.0 
1 2 0.1 0.1 359.0 22.0 359.0 144.0 6.0 144.0 
1 3 0.12 0.12 359.0 22.0 359.0 144.0 6.0 144.0 497.0 12.0 497.0 
1 4 0.24 0.24 359.0 22.0 359.0 144.0 6.0 144.0 497.0 12.0 497.0 191.0 22.0 191.0 
1 2 0.76 0.76 213.0 113.0 213.0 686.0 158.0 686.0 
1 2 0.6 0.6 418.0 44.0 418.0 891.0 444.0 891.0 
1 3 0.72 0.72 418.0 44.0 418.0 891.0 444.0 891.0 420.0 49.0 420.0 
1 4 0.92 0.92 418.0 44.0 418.0 891.0 444.0 891.0 420.0 49.0 420.0 34.0 7.0 34.0 
1 2 0.91 0.91 460.0 191.0 460.0 72.0 36.0 72.0 
1 2 0.72 0.72 46.0 19.0 46.0 511.0 157.0 511.0 
1 2 0.18 0.18 703.0 104.0 703.0 255.0 10.0 255.0 
1 3 0.82 0.82 703.0 104.0 703.0 255.0 10.0 255.0 651.0 414.0 651.0 
1 2 0.68 0.68 300.0 141.0 300.0 385.0 81.0 385.0 
1 3 0.75 0.75 300.0 141.0 300.0 385.0 81.0 385.0 737.0 55.0 737.0 
1 4 0.89 0.89 300.0 141.0 300.0 385.0 81.0 385.0 737.0 55.0 737.0 167.0 23.0 167.0 
1 2 0.19 0.19 508.0 65.0 508.0 606.0 39.0 606.0 
1 3 0.61 0.61 508.0 65.0 508.0 606.0 39.0 606.0 400.0 168.0 400.0 
1 4 0.62 0.62 508.0 65.0 508.0 606.0 39.0 606.0 400.0 168.0 400.0 565.0 6.0 565.0 
1 2 0.94 0.94 241.0 15.0 241.0 735.0 646.0 735.0 
1 2 0.3 0.3 924.0 82.0 924.0 731.0 156.0 731.0 
1 3 0.58 0.58 924.0 82.0 924.0 731.0 156.0 731.0 657.0 185.0 657.0 
1 2 0.19 0.19 477.0 68.0 477.0 261.0 14.0 261.0 
1 3 0.5 0.5 477.0 68.0 477.0 261.0 14.0 261.0 974.0 297.0 974.0 
1 4 0.5 0.5 477.0 68.0 477.0 261.0 14.0 261.0 974.0 297.0 974.0 380.0 3.0 380.0 
1 5 0.72 0.72 477.0 68.0 477.0 261.0 14.0 261.0 974.0 297.0 974.0 380.0 3.0 380.0 486.0 106.0 486.0 
1 6 0.85 0.85 477.0 68.0 477.0 261.0 14.0 261.0 974.0 297.0 974.0 380.0 3.0 380.0 486.0 106.0 486.0 534.0 67.0 534.0 
1 2 0.4 0.4 75.0 24.0 75.0 453.0 37.0 453.0 
1 2 0.8 0.8 595.0 277.0 595.0 788.0 268.0 788.0 
1 3 0.99 0.99 595.0 277.0 595.0 788.0 268.0 788.0 441.0 83.0 441.0 
1 2 0.73 0.73 918.0 643.0 918.0 402.0 12.0 402.0 
1 2 0.79 0.79 219.0 85.0 219.0 493.0 200.0 493.0 
1 3 0.93 0.93 219.0 85.0 219.0 493.0 200.0 493.0 340.0 48.0 340.0 
1 2 0.52 0.52 245.0 104.0 245.0 988.0 103.0 988.0 
1 3 0.93 0.93 245.0 104.0 245.0 988.0 103.0 988.0 572.0 232.0 572.0 
1 2 0.96 0.96 38.0 5.0 38.0 191.0 159.0 191.0 
1 2 0.24 0.24 440.0 71.0 440.0 531.0 46.0 531.0 
1 2 0.36 0.36 865.0 227.0 865.0 719.0 72.0 719.0 
1 3 0.48 0.48 865.0 227.0 865.0 719.0 72.0 719.0 922.0 114.0 922.0 
1 4 0.64 0.64 865.0 227.0 865.0 719.0 72.0 719.0 922.0 114.0 922.0 81.0 13.0 81.0 
1 2 0.62 0.62 302.0 50.0 302.0 186.0 86.0 186.0 
1 2 0.26 0.26 852.0 193.0 852.0 644.0 22.0 644.0 
1 3 0.66 0.66 852.0 193.0 852.0 644.0 22.0 644.0 979.0 396.0 979.0 
1 2 0.38 0.38 482.0 112.0 482.0 908.0 135.0 908.0 
1 3 0.5 0.5 482.0 112.0 482.0 908.0 135.0 908.0 508.0 65.0 508.0 
1 4 0.56 0.56 482.0 112.0 482.0 908.0 135.0 908.0 508.0 65.0 508.0 75.0 4.0 75.0 
1 2 0.5 0.5 430.0 143.0 430.0 610.0 108.0 610.0 
1 3 0.85 0.85 430.0 143.0 430.0 610.0 108.0 610.0 818.0 286.0 818.0 
1 2 0.98 0.98 625.0 90.0 625.0 433.0 363.0 433.0 
1 2 0.67 0.67 445.0 289.0 445.0 926.0 23.0 926.0 
1 2 0.99 0.99 274.0 244.0 274.0 352.0 37.0 352.0 
1 2 0.69 0.69 606.0 146.0 606.0 767.0 347.0 767.0 
1 3 0.75 0.75 606.0 146.0 606.0 767.0 347.0 767.0 626.0 36.0 626.0 
1 2 0.73 0.73 438.0 34.0 438.0 29.0 19.0 29.0 
1 2 0.46 0.46 201.0 44.0 201.0 425.0 106.0 425.0 
1 3 0.85 0.85 201.0 44.0 201.0 425.0 106.0 425.0 825.0 319.0 825.0 
1 2 0.3 0.3 643.0 176.0 643.0 734.0 25.0 734.0 
1 3 0.4 0.4 643.0 176.0 643.0 734.0 25.0 734.0 960.0 93.0 960.0 
1 4 0.88 0.88 643.0 176.0 643.0 734.0 25.0 734.0 960.0 93.0 960.0 762.0 367.0 762.0 
1 2 0.62 0.62 437.0 102.0 437.0 535.0 212.0 535.0 
1 3 0.93 0.93 437.0 102.0 437.0 535.0 212.0 535.0 128.0 39.0 128.0 
1 2 0.06 0.06 738.0 14.0 738.0 104.0 5.0 104.0 
1 3 0.38 0.38 738.0 14.0 738.0 104.0 5.0 104.0 654.0 207.0 654.0 
1 4 0.93 0.93 738.0 14.0 738.0 104.0 5.0 104.0 654.0 207.0 654.0 992.0 544.0 992.0 
1 2 0.25 0.25 348.0 84.0 348.0 558.0 8.0 558.0 
1 3 0.89 0.89 348.0 84.0 348.0 558.0 8.0 558.0 94.0 60.0 94.0 
1 2 0.37 0.37 613.0 157.0 613.0 846.0 99.0 846.0 
1 2 0.5 0.5 628.0 13.0 628.0 175.0 84.0 175.0 
1 2 0.53 0.53 680.0 269.0 680.0 255.0 35.0 255.0 
1 3 0.75 0.75 680.0 269.0 680.0 255.0 35.0 255.0 770.0 174.0 770.0 
1 2 0.48 0.48 405.0 11.0 405.0 150.0 69.0 150.0 
1 3 0.88 0.88 405.0 11.0 405.0 150.0 69.0 150.0 684.0 275.0 684.0 
1 4 0.93 0.93 405.0 11.0 405.0 150.0 69.0 150.0 684.0 275.0 684.0 197.0 9.0 197.0 
1 2 0.71 0.71 38.0 8.0 38.0 14.0 7.0 14.0 
1 2 0.34 0.34 464.0 86.0 464.0 420.0 68.0 420.0 
1 3 0.65 0.65 464.0 86.0 464.0 420.0 68.0 420.0 449.0 139.0 449.0 
1 4 0.9 0.9 464.0 86.0 464.0 420.0 68.0 420.0 449.0 139.0 449.0 49.0 12.0 49.0 
1 2 0.89 0.89 275.0 194.0 275.0 842.0 162.0 842.0 
1 2 0.79 0.79 795.0 269.0 795.0 268.0 123.0 268.0 
1 3 0.86 0.86 795.0 269.0 795.0 268.0 123.0 268.0 774.0 50.0 774.0 
1 2 0.83 0.83 392.0 30.0 392.0 866.0 658.0 866.0 
1 2 0.84 0.84 563.0 201.0 563.0 543.0 264.0 543.0 
1 2 0.83 0.83 988.0 261.0 988.0 445.0 252.0 445.0 
1 2 0.98 0.98 652.0 47.0 652.0 653.0 593.0 653.0 
1 2 0.68 0.68 342.0 192.0 342.0 333.0 42.0 333.0 
1 2 0.75 0.75 842.0 107.0 842.0 524.0 331.0 524.0 
1 3 0.96 0.96 842.0 107.0 842.0 524.0 331.0 524.0 880.0 183.0 880.0 
1 2 0.85 0.85 32.0 3.0 32.0 17.0 13.0 17.0 
1 2 0.95 0.95 305.0 107.0 305.0 758.0 460.0 758.0 
1 2 0.25 0.25 406.0 22.0 406.0 996.0 203.0 996.0 
1 3 0.55 0.55 406.0 22.0 406.0 996.0 203.0 996.0 10.0 3.0 10.0 
1 4 0.88 0.88 406.0 22.0 406.0 996.0 203.0 996.0 10.0 3.0 10.0 535.0 174.0 535.0 
1 2 0.64 0.64 822.0 419.0 822.0 109.0 15.0 109.0 
1 2 0.52 0.52 425.0 125.0 425.0 417.0 96.0 417.0 
1 2 0.15 0.15 735.0 34.0 735.0 522.0 55.0 522.0 
1 3 0.4 0.4 735.0 34.0 735.0 522.0 55.0 522.0 114.0 29.0 114.0 
1 2 0.71 0.71 755.0 109.0 755.0 813.0 461.0 813.0 
1 3 0.84 0.84 755.0 109.0 755.0 813.0 461.0 813.0 789.0 103.0 789.0 
1 2 0.8 0.8 552.0 333.0 552.0 35.0 7.0 35.0 
1 2 0.56 0.56 920.0 368.0 920.0 947.0 157.0 947.0 
1 3 0.81 0.81 920.0 368.0 920.0 947.0 157.0 947.0 198.0 49.0 198.0 
1 2 0.61 0.61 400.0 111.0 400.0 233.0 78.0 233.0 
1 2 0.86 0.86 481.0 3.0 481.0 263.0 225.0 263.0 
1 2 0.77 0.77 811.0 24.0 811.0 642.0 476.0 642.0 
1 2 0.13 0.13 144.0 1.0 144.0 512.0 66.0 512.0 
1 3 0.4 0.4 144.0 1.0 144.0 512.0 66.0 512.0 540.0 148.0 540.0 
1 4 0.91 0.91 144.0 1.0 144.0 512.0 66.0 512.0 540.0 148.0 540.0 121.0 61.0 121.0 
1 2 0.3 0.3 812.0 81.0 812.0 569.0 114.0 569.0 
1 3 0.87 0.87 812.0 81.0 812.0 569.0 114.0 569.0 179.0 103.0 179.0 
1 2 0.46 0.46 295.0 134.0 295.0 546.0 8.0 546.0 
1 3 0.64 0.64 295.0 134.0 295.0 546.0 8.0 546.0 552.0 98.0 552.0 
1 4 0.89 0.89 295.0 134.0 295.0 546.0 8.0 546.0 552.0 98.0 552.0 132.0 33.0 132.0 
1 2 0.21 0.21 572.0 19.0 572.0 667.0 120.0 667.0 
1 3 0.43 0.43 572.0 19.0 572.0 667.0 120.0 667.0 73.0 16.0 73.0 
1 4 0.75 0.75 572.0 19.0 572.0 667.0 120.0 667.0 73.0 16.0 73.0 455.0 148.0 455.0 
1 5 0.97 0.97 572.0 19.0 572.0 667.0 120.0 667.0 73.0 16.0 73.0 455.0 148.0 455.0 498.0 106.0 498.0 
1 2 0.77 0.77 539.0 272.0 539.0 673.0 181.0 673.0 
1 2 0.53 0.53 299.0 98.0 299.0 848.0 174.0 848.0 
1 3 0.56 0.56 299.0 98.0 299.0 848.0 174.0 848.0 196.0 6.0 196.0 
1 4 0.62 0.62 299.0 98.0 299.0 848.0 174.0 848.0 196.0 6.0 196.0 137.0 8.0 137.0 
1 2 0.93 0.93 693.0 323.0 693.0 530.0 250.0 530.0 
1 2 0.16 0.16 360.0 31.0 360.0 442.0 34.0 442.0 
1 3 0.77 0.77 360.0 31.0 360.0 442.0 34.0 442.0 275.0 167.0 275.0 
1 2 0.94 0.94 493.0 337.0 493.0 613.0 161.0 613.0 
1 2 0.9 0.9 951.0 384.0 951.0 557.0 278.0 557.0 
1 2 0.36 0.36 933.0 182.0 933.0 993.0 170.0 993.0 
1 3 0.81 0.81 933.0 182.0 933.0 993.0 170.0 993.0 845.0 382.0 845.0 
1 2 0.51 0.51 53.0 21.0 53.0 321.0 37.0 321.0 
1 3 0.64 0.64 53.0 21.0 53.0 321.0 37.0 321.0 957.0 127.0 957.0 
1 2 0.59 0.59 361.0 83.0 361.0 841.0 309.0 841.0 
1 2 0.02 0.02 169.0 3.0 169.0 862.0 9.0 862.0 
1 3 0.2 0.2 169.0 3.0 169.0 862.0 9.0 862.0 666.0 115.0 666.0 
1 4 0.61 0.61 169.0 3.0 169.0 862.0 9.0 862.0 666.0 115.0 666.0 962.0 394.0 962.0 
1 2 0.98 0.98 944.0 710.0 944.0 548.0 125.0 548.0 
1 2 0.81 0.81 819.0 486.0 819.0 863.0 192.0 863.0 
1 2 0.41 0.41 150.0 22.0 150.0 853.0 228.0 853.0 
1 3 0.45 0.45 150.0 22.0 150.0 853.0 228.0 853.0 613.0 27.0 613.0 
1 2 0.86 0.86 345.0 128.0 345.0 267.0 131.0 267.0 
1 2 0.58 0.58 552.0 171.0 552.0 572.0 156.0 572.0 
1 3 0.91 0.91 552.0 171.0 552.0 572.0 156.0 572.0 888.0 294.0 888.0 
1 2 0.6 0.6 987.0 258.0 987.0 930.0 315.0 930.0 
1 3 0.8 0.8 987.0 258.0 987.0 930.0 315.0 930.0 698.0 143.0 698.0 
1 2 0.25 0.25 396.0 41.0 396.0 504.0 76.0 504.0 
1 3 0.39 0.39 396.0 41.0 396.0 504.0 76.0 504.0 975.0 133.0 975.0 
1 4 0.4 0.4 396.0 41.0 396.0 504.0 76.0 504.0 975.0 133.0 975.0 374.0 6.0 374.0 
1 5 0.88 0.88 396.0 41.0 396.0 504.0 76.0 504.0 975.0 133.0 975.0 374.0 6.0 374.0 783.0 371.0 783.0 
1 2 0.48 0.48 754.0 122.0 754.0 517.0 165.0 517.0 
1 3 0.97 0.97 754.0 122.0 754.0 517.0 165.0 517.0 151.0 74.0 151.0 
1 2 0.6 0.6 166.0 70.0 166.0 510.0 91.0 510.0 
1 3 0.79 0.79 166.0 70.0 166.0 510.0 91.0 510.0 875.0 169.0 875.0 
1 2 0.14 0.14 549.0 57.0 549.0 457.0 21.0 457.0 
1 3 0.23 0.23 549.0 57.0 549.0 457.0 21.0 457.0 976.0 82.0 976.0 
1 4 0.38 0.38 549.0 57.0 549.0 457.0 21.0 457.0 976.0 82.0 976.0 519.0 76.0 519.0 
1 5 0.69 0.69 549.0 57.0 549.0 457.0 21.0 457.0 976.0 82.0 976.0 519.0 76.0 519.0 159.0 50.0 159.0 
1 2 0.69 0.69 35.0 14.0 35.0 697.0 206.0 697.0 
1 2 0.34 0.34 389.0 122.0 389.0 655.0 21.0 655.0 
1 3 0.72 0.72 389.0 122.0 389.0 655.0 21.0 655.0 593.0 224.0 593.0 
1 2 0.33 0.33 62.0 14.0 62.0 524.0 57.0 524.0 
1 3 0.76 0.76 62.0 14.0 62.0 524.0 57.0 524.0 143.0 62.0 143.0 
1 4 0.86 0.86 62.0 14.0 62.0 524.0 57.0 524.0 143.0 62.0 143.0 726.0 70.0 726.0 
1 2 0.37 0.37 500.0 90.0 500.0 799.0 152.0 799.0 
1 3 0.52 0.52 500.0 90.0 500.0 799.0 152.0 799.0 702.0 110.0 702.0 
1 4 0.71 0.71 500.0 90.0 500.0 799.0 152.0 799.0 702.0 110.0 702.0 901.0 167.0 901.0 
1 2 0.74 0.74 456.0 213.0 456.0 397.0 110.0 397.0 
1 2 0.88 0.88 499.0 407.0 499.0 884.0 62.0 884.0 
1 2 0.33 0.33 868.0 13.0 868.0 437.0 139.0 437.0 
1 2 0.71 0.71 690.0 212.0 690.0 141.0 58.0 141.0 
1 2 0.35 0.35 880.0 237.0 880.0 134.0 11.0 134.0 
1 3 0.39 0.39 880.0 237.0 880.0 134.0 11.0 134.0 125.0 6.0 125.0 
1 4 0.41 0.41 880.0 237.0 880.0 134.0 11.0 134.0 125.0 6.0 125.0 721.0 14.0 721.0 
1 5 0.53 0.53 880.0 237.0 880.0 134.0 11.0 134.0 125.0 6.0 125.0 721.0 14.0 721.0 541.0 64.0 541.0 
1 2 0.84 0.84 966.0 103.0 966.0 573.0 425.0 573.0 
1 2 0.52 0.52 704.0 180.0 704.0 246.0 67.0 246.0 
1 3 0.88 0.88 704.0 180.0 704.0 246.0 67.0 246.0 17.0 6.0 17.0 
1 2 0.52 0.52 693.0 26.0 693.0 155.0 76.0 155.0 
1 2 0.24 0.24 460.0 111.0 460.0 391.0 1.0 391.0 
1 3 0.46 0.46 460.0 111.0 460.0 391.0 1.0 391.0 248.0 55.0 248.0 
1 2 0.62 0.62 545.0 139.0 545.0 931.0 349.0 931.0 
1 2 0.94 0.94 389.0 302.0 389.0 916.0 151.0 916.0 
1 2 0.56 0.56 866.0 208.0 866.0 347.0 111.0 347.0 
1 3 0.76 0.76 866.0 208.0 866.0 347.0 111.0 347.0 309.0 63.0 309.0 
1 2 0.88 0.88 337.0 225.0 337.0 533.0 114.0 533.0 
1 2 0.71 0.71 370.0 174.0 370.0 150.0 37.0 150.0 
1 2 0.59 0.59 779.0 265.0 779.0 88.0 22.0 88.0 
1 3 0.7 0.7 779.0 265.0 779.0 88.0 22.0 88.0 635.0 74.0 635.0 
1 4 0.72 0.72 779.0 265.0 779.0 88.0 22.0 88.0 635.0 74.0 635.0 731.0 10.0 731.0 
1 5 0.99 0.99 779.0 265.0 779.0 88.0 22.0 88.0 635.0 74.0 635.0 731.0 10.0 731.0 436.0 118.0 436.0 
1 2 0.38 0.38 272.0 99.0 272.0 216.0 4.0 216.0 
1 3 0.83 0.83 272.0 99.0 272.0 216.0 4.0 216.0 897.0 408.0 897.0 
1 2 0.76 0.76 293.0 145.0 293.0 697.0 186.0 697.0 
1 3 0.94 0.94 293.0 145.0 293.0 697.0 186.0 697.0 208.0 39.0 208.0 
1 2 0.44 0.44 422.0 17.0 422.0 277.0 111.0 277.0 
1 2 0.84 0.84 688.0 353.0 688.0 968.0 321.0 968.0 
1 2 0.23 0.23 973.0 178.0 973.0 202.0 11.0 202.0 
1 3 0.6 0.6 973.0 178.0 973.0 202.0 11.0 202.0 841.0 308.0 841.0 
1 4 0.77 0.77 973.0 178.0 973.0 202.0 11.0 202.0 841.0 308.0 841.0 520.0 90.0 520.0 
1 2 0.89 0.89 270.0 156.0 270.0 318.0 101.0 318.0 
1 2 0.45 0.45 494.0 124.0 494.0 534.0 110.0 534.0 
1 2 0.6 0.6 838.0 29.0 838.0 925.0 532.0 925.0 
1 3 0.98 0.98 838.0 29.0 838.0 925.0 532.0 925.0 198.0 75.0 198.0 
1 2 0.87 0.87 242.0 118.0 242.0 291.0 112.0 291.0 
1 2 0.72 0.72 688.0 326.0 688.0 500.0 128.0 500.0 
1 2 0.32 0.32 245.0 16.0 245.0 702.0 185.0 702.0 
1 2 0.59 0.59 506.0 246.0 506.0 38.0 4.0 38.0 
1 2 0.82 0.82 918.0 364.0 918.0 132.0 56.0 132.0 
1 2 0.86 0.86 269.0 16.0 269.0 702.0 568.0 702.0 
1 2 0.33 0.33 716.0 84.0 716.0 806.0 176.0 806.0 
1 3 0.78 0.78 716.0 84.0 716.0 806.0 176.0 806.0 126.0 57.0 126.0 
1 2 0.53 0.53 941.0 301.0 941.0 147.0 31.0 147.0 
1 3 0.73 0.73 941.0 301.0 941.0 147.0 31.0 147.0 787.0 158.0 787.0 
1 4 0.82 0.82 941.0 301.0 941.0 147.0 31.0 147.0 787.0 158.0 787.0 298.0 27.0 298.0 
1 5 0.89 0.89 941.0 301.0 941.0 147.0 31.0 147.0 787.0 158.0 787.0 298.0 27.0 298.0 144.0 10.0 144.0 
1 2 0.84 0.84 479.0 333.0 479.0 242.0 36.0 242.0 
1 2 0.9 0.9 343.0 296.0 343.0 238.0 11.0 238.0 
1 2 0.84 0.84 122.0 55.0 122.0 402.0 157.0 402.0 
1 3 0.97 0.97 122.0 55.0 122.0 402.0 157.0 402.0 586.0 81.0 586.0 
1 2 0.42 0.42 651.0 51.0 651.0 222.0 78.0 222.0 
1 3 0.93 0.93 651.0 51.0 651.0 222.0 78.0 222.0 323.0 164.0 323.0 
1 2 0.87 0.87 119.0 81.0 119.0 47.0 9.0 47.0 
1 2 0.99 0.99 693.0 340.0 693.0 831.0 419.0 831.0 
1 2 0.57 0.57 296.0 110.0 296.0 87.0 18.0 87.0 
1 3 0.63 0.63 296.0 110.0 296.0 87.0 18.0 87.0 737.0 44.0 737.0 
1 4 0.81 0.81 296.0 110.0 296.0 87.0 18.0 87.0 737.0 44.0 737.0 919.0 167.0 919.0 
1 2 0.18 0.18 486.0 74.0 486.0 127.0 4.0 127.0 
1 3 0.25 0.25 486.0 74.0 486.0 127.0 4.0 127.0 45.0 3.0 45.0 
1 4 0.44 0.44 486.0 74.0 486.0 127.0 4.0 127.0 45.0 3.0 45.0 384.0 76.0 384.0 
1 5 0.84 0.84 486.0 74.0 486.0 127.0 4.0 127.0 45.0 3.0 45.0 384.0 76.0 384.0 661.0 259.0 661.0 
1 2 0.39 0.39 712.0 249.0 712.0 427.0 19.0 427.0 
1 3 0.56 0.56 712.0 249.0 712.0 427.0 19.0 427.0 468.0 80.0 468.0 
1 2 0.15 0.15 146.0 22.0 146.0 550.0 2.0 550.0 
1 3 0.18 0.18 146.0 22.0 146.0 550.0 2.0 550.0 186.0 6.0 186.0 
1 4 0.18 0.18 146.0 22.0 146.0 550.0 2.0 550.0 186.0 6.0 186.0 696.0 1.0 696.0 
1 2 0.69 0.69 137.0 37.0 137.0 334.0 141.0 334.0 
1 3 0.96 0.96 137.0 37.0 137.0 334.0 141.0 334.0 636.0 176.0 636.0 
1 2 0.48 0.48 846.0 37.0 846.0 811.0 359.0 811.0 
1 3 0.83 0.83 846.0 37.0 846.0 811.0 359.0 811.0 125.0 43.0 125.0 
1 4 0.87 0.87 846.0 37.0 846.0 811.0 359.0 811.0 125.0 43.0 125.0 75.0 3.0 75.0 
1 2 0.4 0.4 877.0 339.0 877.0 936.0 21.0 936.0 
1 2 0.74 0.74 440.0 302.0 440.0 779.0 45.0 779.0 
1 3 0.88 0.88 440.0 302.0 440.0 779.0 45.0 779.0 7.0 1.0 7.0 
1 2 0.68 0.68 575.0 128.0 575.0 340.0 157.0 340.0 
1 2 0.81 0.81 303.0 137.0 303.0 972.0 357.0 972.0 
1 2 0.5 0.5 836.0 147.0 836.0 917.0 302.0 917.0 
1 3 0.98 0.98 836.0 147.0 836.0 917.0 302.0 917.0 201.0 96.0 201.0 
1 2 0.29 0.29 287.0 52.0 287.0 478.0 56.0 478.0 
1 2 0.78 0.78 343.0 239.0 343.0 67.0 6.0 67.0 
1 2 0.89 0.89 34.0 13.0 34.0 303.0 155.0 303.0 
1 2 0.89 0.89 380.0 200.0 380.0 469.0 173.0 469.0 
1 2 0.58 0.58 348.0 58.0 348.0 760.0 316.0 760.0 
1 3 0.74 0.74 348.0 58.0 348.0 760.0 316.0 760.0 432.0 71.0 432.0 
1 4 0.99 0.99 348.0 58.0 348.0 760.0 316.0 760.0 432.0 71.0 432.0 828.0 204.0 828.0 
1 2 0.38 0.38 198.0 4.0 198.0 640.0 235.0 640.0 
1 3 0.52 0.52 198.0 4.0 198.0 640.0 235.0 640.0 448.0 63.0 448.0 
1 4 0.8 0.8 198.0 4.0 198.0 640.0 235.0 640.0 448.0 63.0 448.0 703.0 197.0 703.0 
1 2 0.53 0.53 805.0 1.0 805.0 107.0 57.0 107.0 
1 3 0.62 0.62 805.0 1.0 805.0 107.0 57.0 107.0 63.0 6.0 63.0 
1 2 0.98 0.98 139.0 73.0 139.0 941.0 437.0 941.0 
1 2 0.68 0.68 361.0 165.0 361.0 417.0 96.0 417.0 
1 2 0.91 0.91 22.0 16.0 22.0 16.0 3.0 16.0 
1 2 0.14 0.14 414.0 51.0 414.0 974.0 21.0 974.0 
1 3 0.83 0.83 414.0 51.0 414.0 974.0 21.0 974.0 207.0 143.0 207.0 
1 2 0.67 0.67 789.0 156.0 789.0 313.0 150.0 313.0 
1 2 0.65 0.65 174.0 59.0 174.0 619.0 194.0 619.0 
1 2 0.45 0.45 76.0 16.0 76.0 278.0 69.0 278.0 
1 3 0.53 0.53 76.0 16.0 76.0 278.0 69.0 278.0 859.0 68.0 859.0 
1 4 0.9 0.9 76.0 16.0 76.0 278.0 69.0 278.0 859.0 68.0 859.0 662.0 240.0 662.0 
1 2 0.8 0.8 923.0 221.0 923.0 936.0 526.0 936.0 
1 3 0.81 0.81 923.0 221.0 923.0 936.0 526.0 936.0 481.0 5.0 481.0 
1 2 0.61 0.61 156.0 67.0 156.0 863.0 156.0 863.0 
1 2 0.65 0.65 805.0 195.0 805.0 639.0 264.0 639.0 
1 2 0.72 0.72 290.0 116.0 290.0 261.0 85.0 261.0 
1 2 0.83 0.83 809.0 591.0 809.0 104.0 11.0 104.0 
1 2 0.77 0.77 373.0 106.0 373.0 112.0 55.0 112.0 
1 2 0.26 0.26 727.0 133.0 727.0 94.0 8.0 94.0 
1 3 0.58 0.58 727.0 133.0 727.0 94.0 8.0 94.0 728.0 232.0 728.0 
1 4 0.92 0.92 727.0 133.0 727.0 94.0 8.0 94.0 728.0 232.0 728.0 238.0 81.0 238.0 
1 2 0.26 0.26 870.0 11.0 870.0 4.0 1.0 4.0 
1 3 0.87 0.87 870.0 11.0 870.0 4.0 1.0 4.0 911.0 561.0 911.0 
1 2 0.73 0.73 352.0 90.0 352.0 440.0 209.0 440.0 
1 2 0.3 0.3 794.0 22.0 794.0 618.0 169.0 618.0 
1 3 0.37 0.37 794.0 22.0 794.0 618.0 169.0 618.0 596.0 42.0 596.0 
1 4 0.53 0.53 794.0 22.0 794.0 618.0 169.0 618.0 596.0 42.0 596.0 570.0 92.0 570.0 
1 2 0.68 0.68 242.0 35.0 242.0 307.0 165.0 307.0 
1 2 0.52 0.52 760.0 21.0 760.0 667.0 334.0 667.0 
1 3 0.56 0.56 760.0 21.0 760.0 667.0 334.0 667.0 825.0 33.0 825.0 
1 4 0.64 0.64 760.0 21.0 760.0 667.0 334.0 667.0 825.0 33.0 825.0 439.0 33.0 439.0 
1 5 0.89 0.89 760.0 21.0 760.0 667.0 334.0 667.0 825.0 33.0 825.0 439.0 33.0 439.0 732.0 187.0 732.0 
1 2 0.8 0.8 800.0 345.0 800.0 604.0 226.0 604.0 
1 2 0.62 0.62 474.0 265.0 474.0 359.0 24.0 359.0 
1 2 0.91 0.91 78.0 42.0 78.0 664.0 248.0 664.0 
1 2 0.32 0.32 847.0 197.0 847.0 354.0 33.0 354.0 
1 3 0.67 0.67 847.0 197.0 847.0 354.0 33.0 354.0 525.0 185.0 525.0 
1 2 0.95 0.95 94.0 45.0 94.0 217.0 104.0 217.0 
1 2 0.55 0.55 331.0 83.0 331.0 466.0 142.0 466.0 
1 3 0.75 0.75 331.0 83.0 331.0 466.0 142.0 466.0 627.0 122.0 627.0 
1 2 0.42 0.42 850.0 15.0 850.0 961.0 389.0 961.0 
1 3 0.64 0.64 850.0 15.0 850.0 961.0 389.0 961.0 645.0 142.0 645.0 
1 4 0.94 0.94 850.0 15.0 850.0 961.0 389.0 961.0 645.0 142.0 645.0 881.0 267.0 881.0 
1 2 0.49 0.49 958.0 259.0 958.0 971.0 217.0 971.0 
1 2 0.75 0.75 818.0 260.0 818.0 706.0 312.0 706.0 
1 2 0.76 0.76 612.0 194.0 612.0 207.0 92.0 207.0 
1 2 0.58 0.58 252.0 121.0 252.0 337.0 37.0 337.0 
1 3 0.63 0.63 252.0 121.0 252.0 337.0 37.0 337.0 413.0 19.0 413.0 
1 4 0.85 0.85 252.0 121.0 252.0 337.0 37.0 337.0 413.0 19.0 413.0 558.0 120.0 558.0 
1 2 0.5 0.5 571.0 191.0 571.0 139.0 24.0 139.0 
1 2 0.6 0.6 53.0 13.0 53.0 269.0 98.0 269.0 
1 3 0.71 0.71 53.0 13.0 53.0 269.0 98.0 269.0 464.0 51.0 464.0 
1 2 0.78 0.78 538.0 265.0 538.0 710.0 206.0 710.0 
1 3 0.81 0.81 538.0 265.0 538.0 710.0 206.0 710.0 156.0 5.0 156.0 
1 2 0.91 0.91 620.0 161.0 620.0 912.0 595.0 912.0 
1 2 0.69 0.69 770.0 158.0 770.0 577.0 280.0 577.0 
1 2 0.44 0.44 488.0 173.0 488.0 267.0 25.0 267.0 
1 3 0.7 0.7 488.0 173.0 488.0 267.0 25.0 267.0 194.0 49.0 194.0 
1 4 0.88 0.88 488.0 173.0 488.0 267.0 25.0 267.0 194.0 49.0 194.0 322.0 59.0 322.0 
1 2 0.3 0.3 893.0 113.0 893.0 660.0 121.0 660.0 
1 3 0.73 0.73 893.0 113.0 893.0 660.0 121.0 660.0 420.0 178.0 420.0 
1 2 0.22 0.22 403.0 16.0 403.0 141.0 26.0 141.0 
1 3 0.55 0.55 403.0 16.0 403.0 141.0 26.0 141.0 895.0 296.0 895.0 
1 4 0.97 0.97 403.0 16.0 403.0 141.0 26.0 141.0 895.0 296.0 895.0 703.0 294.0 703.0 
1 2 0.68 0.68 57.0 26.0 57.0 407.0 92.0 407.0 
1 3 0.7 0.7 57.0 26.0 57.0 407.0 92.0 407.0 996.0 20.0 996.0 
1 4 0.86 0.86 57.0 26.0 57.0 407.0 92.0 407.0 996.0 20.0 996.0 555.0 92.0 555.0 
1 2 0.96 0.96 594.0 295.0 594.0 165.0 77.0 165.0 
1 2 0.6 0.6 695.0 131.0 695.0 616.0 256.0 616.0 
1 3 0.86 0.86 695.0 131.0 695.0 616.0 256.0 616.0 58.0 15.0 58.0 
1 2 0.72 0.72 653.0 306.0 653.0 863.0 223.0 863.0 
1 3 0.95 0.95 653.0 306.0 653.0 863.0 223.0 863.0 841.0 189.0 841.0 
1 2 0.48 0.48 739.0 18.0 739.0 893.0 415.0 893.0 
1 3 0.86 0.86 739.0 18.0 739.0 893.0 415.0 893.0 698.0 264.0 698.0 
1 4 0.99 0.99 739.0 18.0 739.0 893.0 415.0 893.0 698.0 264.0 698.0 537.0 71.0 537.0 
1 2 0.4 0.4 110.0 6.0 110.0 585.0 204.0 585.0 
1 3 0.83 0.83 110.0 6.0 110.0 585.0 204.0 585.0 313.0 134.0 313.0 
1 2 0.58 0.58 371.0 151.0 371.0 244.0 44.0 244.0 
1 2 0.23 0.23 159.0 30.0 159.0 660.0 31.0 660.0 
1 2 0.63 0.63 751.0 168.0 751.0 139.0 57.0 139.0 
1 3 0.88 0.88 751.0 168.0 751.0 139.0 57.0 139.0 705.0 175.0 705.0 
1 2 0.76 0.76 727.0 381.0 727.0 818.0 193.0 818.0 
1 2 0.96 0.96 733.0 646.0 733.0 250.0 21.0 250.0 
1 2 0.84 0.84 829.0 408.0 829.0 939.0 336.0 939.0 
1 2 0.85 0.85 322.0 124.0 322.0 582.0 276.0 582.0 
1 3 0.91 0.91 322.0 124.0 322.0 582.0 276.0 582.0 403.0 24.0 403.0 
1 4 0.96 0.96 322.0 124.0 322.0 582.0 276.0 582.0 403.0 24.0 403.0 931.0 43.0 931.0 
1 2 0.85 0.85 492.0 269.0 492.0 46.0 14.0 46.0 
1 2 0.54 0.54 467.0 143.0 467.0 294.0 71.0 294.0 
1 3 0.87 0.87 467.0 143.0 467.0 294.0 71.0 294.0 144.0 47.0 144.0 
1 2 0.35 0.35 873.0 22.0 873.0 726.0 243.0 726.0 
1 3 0.6 0.6 873.0 22.0 873.0 726.0 243.0 726.0 394.0 95.0 394.0 
1 2 0.56 0.56 227.0 93.0 227.0 782.0 118.0 782.0 
1 3 0.69 0.69 227.0 93.0 227.0 782.0 118.0 782.0 273.0 38.0 273.0 
1 2 0.28 0.28 495.0 135.0 495.0 244.0 4.0 244.0 
1 3 0.54 0.54 495.0 135.0 495.0 244.0 4.0 244.0 773.0 194.0 773.0 
1 4 0.93 0.93 495.0 135.0 495.0 244.0 4.0 244.0 773.0 194.0 773.0 944.0 377.0 944.0 
1 5 0.99 0.99 495.0 135.0 495.0 244.0 4.0 244.0 773.0 194.0 773.0 944.0 377.0 944.0 105.0 6.0 105.0 
1 2 0.8 0.8 814.0 424.0 814.0 911.0 255.0 911.0 
1 2 0.69 0.69 180.0 38.0 180.0 80.0 39.0 80.0 
1 2 0.88 0.88 494.0 66.0 494.0 332.0 250.0 332.0 
1 3 0.99 0.99 494.0 66.0 494.0 332.0 250.0 332.0 715.0 76.0 715.0 
1 2 0.66 0.66 191.0 58.0 191.0 214.0 77.0 214.0 
1 2 0.62 0.62 407.0 68.0 407.0 643.0 292.0 643.0 
1 2 0.13 0.13 504.0 18.0 504.0 213.0 21.0 213.0 
1 3 0.83 0.83 504.0 18.0 504.0 213.0 21.0 213.0 407.0 284.0 407.0 
1 2 0.22 0.22 708.0 124.0 708.0 382.0 19.0 382.0 
1 3 0.4 0.4 708.0 124.0 708.0 382.0 19.0 382.0 865.0 156.0 865.0 
1 4 0.78 0.78 708.0 124.0 708.0 382.0 19.0 382.0 865.0 156.0 865.0 8.0 3.0 8.0 
1 2 0.49 0.49 763.0 182.0 763.0 547.0 143.0 547.0 
1 3 0.85 0.85 763.0 182.0 763.0 547.0 143.0 547.0 714.0 256.0 714.0 
1 2 0.53 0.53 909.0 232.0 909.0 607.0 169.0 607.0 
1 3 0.61 0.61 909.0 232.0 909.0 607.0 169.0 607.0 192.0 15.0 192.0 
1 4 0.62 0.62 909.0 232.0 909.0 607.0 169.0 607.0 192.0 15.0 192.0 875.0 14.0 875.0 
1 5 0.97 0.97 909.0 232.0 909.0 607.0 169.0 607.0 192.0 15.0 192.0 875.0 14.0 875.0 914.0 317.0 914.0 
1 2 0.57 0.57 518.0 114.0 518.0 801.0 286.0 801.0 
1 3 0.88 0.88 518.0 114.0 518.0 801.0 286.0 801.0 221.0 68.0 221.0 
1 2 0.93 0.93 364.0 258.0 364.0 936.0 209.0 936.0 
1 2 0.58 0.58 69.0 30.0 69.0 117.0 17.0 117.0 
1 3 0.75 0.75 69.0 30.0 69.0 117.0 17.0 117.0 470.0 80.0 470.0 
1 2 0.59 0.59 804.0 189.0 804.0 208.0 74.0 208.0 
1 2 0.49 0.49 69.0 6.0 69.0 808.0 328.0 808.0 
1 3 0.8 0.8 69.0 6.0 69.0 808.0 328.0 808.0 82.0 26.0 82.0 
1 2 0.31 0.31 277.0 38.0 277.0 971.0 171.0 971.0 
1 3 0.39 0.39 277.0 38.0 277.0 971.0 171.0 971.0 754.0 59.0 754.0 
1 4 0.62 0.62 277.0 38.0 277.0 971.0 171.0 971.0 754.0 59.0 754.0 683.0 160.0 683.0 
1 2 0.96 0.96 109.0 1.0 109.0 124.0 118.0 124.0 
1 3 0.97 0.97 109.0 1.0 109.0 124.0 118.0 124.0 504.0 9.0 504.0 
1 2 0.89 0.89 168.0 95.0 168.0 945.0 314.0 945.0 
1 2 0.3 0.3 315.0 34.0 315.0 294.0 57.0 294.0 
1 3 0.71 0.71 315.0 34.0 315.0 294.0 57.0 294.0 908.0 373.0 908.0 
1 4 0.93 0.93 315.0 34.0 315.0 294.0 57.0 294.0 908.0 373.0 908.0 693.0 157.0 693.0 
1 2 0.75 0.75 802.0 599.0 802.0 432.0 4.0 432.0 
1 2 0.31 0.31 592.0 170.0 592.0 481.0 12.0 481.0 
1 3 0.54 0.54 592.0 170.0 592.0 481.0 12.0 481.0 158.0 37.0 158.0 
1 4 0.74 0.74 592.0 170.0 592.0 481.0 12.0 481.0 158.0 37.0 158.0 234.0 47.0 234.0 
1 5 0.81 0.81 592.0 170.0 592.0 481.0 12.0 481.0 158.0 37.0 158.0 234.0 47.0 234.0 43.0 3.0 43.0 
1 2 0.61 0.61 842.0 479.0 842.0 242.0 11.0 242.0 
1 2 0.57 0.57 193.0 19.0 193.0 931.0 448.0 931.0 
1 2 0.37 0.37 19.0 1.0 19.0 855.0 279.0 855.0 
1 3 0.84 0.84 19.0 1.0 19.0 855.0 279.0 855.0 559.0 263.0 559.0 
1 2 0.41 0.41 611.0 54.0 611.0 118.0 38.0 118.0 
1 3 0.64 0.64 611.0 54.0 611.0 118.0 38.0 118.0 220.0 52.0 220.0 
1 2 0.78 0.78 684.0 422.0 684.0 732.0 122.0 732.0 
1 2 0.98 0.98 123.0 101.0 123.0 205.0 34.0 205.0 
1 2 0.69 0.69 557.0 111.0 557.0 28.0 14.0 28.0 
1 2 0.6 0.6 298.0 111.0 298.0 574.0 136.0 574.0 
1 3 0.91 0.91 298.0 111.0 298.0 574.0 136.0 574.0 202.0 61.0 202.0 
1 2 0.18 0.18 913.0 1.0 913.0 719.0 131.0 719.0 
1 3 0.54 0.54 913.0 1.0 913.0 719.0 131.0 719.0 409.0 146.0 409.0 
1 4 0.61 0.61 913.0 1.0 913.0 719.0 131.0 719.0 409.0 146.0 409.0 93.0 7.0 93.0 
1 2 0.84 0.84 214.0 42.0 214.0 525.0 343.0 525.0 
1 2 0.22 0.22 477.0 38.0 477.0 14.0 2.0 14.0 
1 3 0.9 0.9 477.0 38.0 477.0 14.0 2.0 14.0 243.0 165.0 243.0 
1 2 0.73 0.73 880.0 5.0 880.0 460.0 337.0 460.0 
1 3 0.87 0.87 880.0 5.0 880.0 460.0 337.0 460.0 258.0 36.0 258.0 
1 2 0.85 0.85 722.0 272.0 722.0 816.0 391.0 816.0 
1 2 0.54 0.54 309.0 120.0 309.0 332.0 51.0 332.0 
1 3 0.87 0.87 309.0 120.0 309.0 332.0 51.0 332.0 6.0 2.0 6.0 
1 2 0.57 0.57 877.0 63.0 877.0 71.0 36.0 71.0 
1 3 0.92 0.92 877.0 63.0 877.0 71.0 36.0 71.0 732.0 257.0 732.0 
1 2 0.95 0.95 288.0 26.0 288.0 828.0 718.0 828.0 
1 2 0.3 0.3 592.0 41.0 592.0 784.0 183.0 784.0 
1 3 0.75 0.75 592.0 41.0 592.0 784.0 183.0 784.0 880.0 402.0 880.0 
1 2 0.77 0.77 945.0 556.0 945.0 944.0 180.0 944.0 
1 3 0.79 0.79 945.0 556.0 945.0 944.0 180.0 944.0 360.0 7.0 360.0 
1 4 0.91 0.91 945.0 556.0 945.0 944.0 180.0 944.0 360.0 7.0 360.0 445.0 54.0 445.0 
1 2 0.77 0.77 904.0 31.0 904.0 492.0 363.0 492.0 
1 2 0.76 0.76 894.0 140.0 894.0 912.0 557.0 912.0 
1 3 0.94 0.94 894.0 140.0 894.0 912.0 557.0 912.0 108.0 19.0 108.0 
1 2 0.31 0.31 545.0 104.0 545.0 761.0 98.0 761.0 
1 3 0.63 0.63 545.0 104.0 545.0 761.0 98.0 761.0 477.0 152.0 477.0 
1 4 0.95 0.95 545.0 104.0 545.0 761.0 98.0 761.0 477.0 152.0 477.0 421.0 134.0 421.0 
1 2 0.82 0.82 244.0 99.0 244.0 191.0 80.0 191.0 
1 2 0.46 0.46 475.0 208.0 475.0 595.0 17.0 595.0 
1 3 0.65 0.65 475.0 208.0 475.0 595.0 17.0 595.0 227.0 42.0 227.0 
1 2 0.38 0.38 287.0 83.0 287.0 927.0 90.0 927.0 
1 3 0.79 0.79 287.0 83.0 287.0 927.0 90.0 927.0 507.0 208.0 507.0 
1 2 0.49 0.49 402.0 155.0 402.0 361.0 41.0 361.0 
1 2 0.87 0.87 571.0 428.0 571.0 352.0 43.0 352.0 
1 2 0.3 0.3 257.0 11.0 257.0 667.0 177.0 667.0 
1 3 0.5 0.5 257.0 11.0 257.0 667.0 177.0 667.0 123.0 24.0 123.0 
1 4 0.66 0.66 257.0 11.0 257.0 667.0 177.0 667.0 123.0 24.0 123.0 759.0 122.0 759.0 
1 2 0.86 0.86 303.0 107.0 303.0 271.0 140.0 271.0 
1 2 0.37 0.37 897.0 279.0 897.0 574.0 37.0 574.0 
1 3 0.59 0.59 897.0 279.0 897.0 574.0 37.0 574.0 803.0 180.0 803.0 
1 2 0.67 0.67 610.0 387.0 610.0 229.0 9.0 229.0 
1 3 0.85 0.85 610.0 387.0 610.0 229.0 9.0 229.0 648.0 116.0 648.0 
1 2 0.64 0.64 66.0 20.0 66.0 484.0 165.0 484.0 
1 3 0.97 0.97 66.0 20.0 66.0 484.0 165.0 484.0 728.0 238.0 728.0 
1 2 0.61 0.61 201.0 36.0 201.0 762.0 335.0 762.0 
1 3 0.85 0.85 201.0 36.0 201.0 762.0 335.0 762.0 390.0 93.0 390.0 
1 2 0.94 0.94 542.0 309.0 542.0 16.0 6.0 16.0 
1 2 0.72 0.72 989.0 434.0 989.0 279.0 80.0 279.0 
1 3 0.98 0.98 989.0 434.0 989.0 279.0 80.0 279.0 494.0 128.0 494.0 
1 2 0.85 0.85 692.0 267.0 692.0 708.0 334.0 708.0 
1 2 0.59 0.59 398.0 104.0 398.0 958.0 322.0 958.0 
1 2 0.94 0.94 245.0 85.0 245.0 766.0 459.0 766.0 
1 2 0.77 0.77 804.0 411.0 804.0 595.0 157.0 595.0 
1 2 0.84 0.84 8.0 3.0 8.0 120.0 56.0 120.0 
1 2 0.84 0.84 248.0 196.0 248.0 601.0 32.0 601.0 
1 2 0.5 0.5 202.0 23.0 202.0 823.0 320.0 823.0 
1 3 0.93 0.93 202.0 23.0 202.0 823.0 320.0 823.0 840.0 367.0 840.0 
1 2 0.39 0.39 746.0 163.0 746.0 592.0 102.0 592.0 
1 3 0.73 0.73 746.0 163.0 746.0 592.0 102.0 592.0 290.0 99.0 290.0 
1 4 0.82 0.82 746.0 163.0 746.0 592.0 102.0 592.0 290.0 99.0 290.0 577.0 56.0 577.0 
1 2 0.74 0.74 426.0 206.0 426.0 149.0 39.0 149.0 
1 2 0.72 0.72 843.0 312.0 843.0 365.0 129.0 365.0 
1 2 0.68 0.68 253.0 159.0 253.0 890.0 54.0 890.0 
1 2 0.44 0.44 282.0 92.0 282.0 920.0 105.0 920.0 
1 3 0.56 0.56 282.0 92.0 282.0 920.0 105.0 920.0 40.0 5.0 40.0 
1 2 0.29 0.29 531.0 20.0 531.0 457.0 119.0 457.0 
1 3 0.4 0.4 531.0 20.0 531.0 457.0 119.0 457.0 39.0 4.0 39.0 
1 4 0.59 0.59 531.0 20.0 531.0 457.0 119.0 457.0 39.0 4.0 39.0 563.0 111.0 563.0 
1 5 0.69 0.69 531.0 20.0 531.0 457.0 119.0 457.0 39.0 4.0 39.0 563.0 111.0 563.0 187.0 19.0 187.0 
1 2 0.87 0.87 266.0 115.0 266.0 773.0 344.0 773.0 
1 3 0.93 0.93 266.0 115.0 266.0 773.0 344.0 773.0 968.0 60.0 968.0 
1 2 0.6 0.6 115.0 53.0 115.0 841.0 122.0 841.0 
1 3 0.84 0.84 115.0 53.0 115.0 841.0 122.0 841.0 424.0 102.0 424.0 
1 4 0.96 0.96 115.0 53.0 115.0 841.0 122.0 841.0 424.0 102.0 424.0 601.0 71.0 601.0 
1 2 0.93 0.93 865.0 632.0 865.0 190.0 38.0 190.0 
1 2 0.65 0.65 284.0 172.0 284.0 315.0 16.0 315.0 
1 2 0.66 0.66 492.0 260.0 492.0 803.0 110.0 803.0 
1 2 0.8 0.8 499.0 318.0 499.0 921.0 156.0 921.0 
1 2 0.6 0.6 994.0 482.0 994.0 289.0 35.0 289.0 
1 2 0.56 0.56 516.0 130.0 516.0 978.0 308.0 978.0 
1 3 0.96 0.96 516.0 130.0 516.0 978.0 308.0 978.0 749.0 295.0 749.0 
1 2 0.67 0.67 463.0 224.0 463.0 754.0 147.0 754.0 
1 3 0.78 0.78 463.0 224.0 463.0 754.0 147.0 754.0 758.0 79.0 758.0 
1 2 0.64 0.64 344.0 154.0 344.0 838.0 162.0 838.0 
1 3 0.99 0.99 344.0 154.0 344.0 838.0 162.0 838.0 523.0 187.0 523.0 
1 2 0.43 0.43 458.0 86.0 458.0 550.0 138.0 550.0 
1 3 0.96 0.96 458.0 86.0 458.0 550.0 138.0 550.0 531.0 277.0 531.0 
1 2 0.19 0.19 412.0 13.0 412.0 351.0 59.0 351.0 
1 3 0.29 0.29 412.0 13.0 412.0 351.0 59.0 351.0 746.0 68.0 746.0 
1 4 0.47 0.47 412.0 13.0 412.0 351.0 59.0 351.0 746.0 68.0 746.0 965.0 182.0 965.0 
1 5 0.55 0.55 412.0 13.0 412.0 351.0 59.0 351.0 746.0 68.0 746.0 965.0 182.0 965.0 789.0 63.0 789.0 
1 2 0.23 0.23 477.0 66.0 477.0 980.0 99.0 980.0 
1 3 0.74 0.74 477.0 66.0 477.0 980.0 99.0 980.0 577.0 289.0 577.0 
1 2 0.93 0.93 515.0 240.0 515.0 57.0 27.0 57.0 
1 2 0.69 0.69 697.0 250.0 697.0 765.0 258.0 765.0 
1 2 0.72 0.72 664.0 254.0 664.0 455.0 154.0 455.0 
1 3 0.88 0.88 664.0 254.0 664.0 455.0 154.0 455.0 572.0 93.0 572.0 
1 2 0.52 0.52 964.0 93.0 964.0 704.0 301.0 704.0 
1 2 0.65 0.65 474.0 103.0 474.0 564.0 246.0 564.0 
1 3 0.78 0.78 474.0 103.0 474.0 564.0 246.0 564.0 161.0 21.0 161.0 
1 2 0.97 0.97 714.0 274.0 714.0 260.0 153.0 260.0 
1 2 0.15 0.15 113.0 7.0 113.0 712.0 63.0 712.0 
1 3 0.28 0.28 113.0 7.0 113.0 712.0 63.0 712.0 254.0 34.0 254.0 
1 2 0.81 0.81 709.0 423.0 709.0 28.0 6.0 28.0 
1 3 0.84 0.84 709.0 423.0 709.0 28.0 6.0 28.0 475.0 16.0 475.0 
1 4 0.96 0.96 709.0 423.0 709.0 28.0 6.0 28.0 475.0 16.0 475.0 304.0 37.0 304.0 
1 5 0.98 0.98 709.0 423.0 709.0 28.0 6.0 28.0 475.0 16.0 475.0 304.0 37.0 304.0 869.0 18.0 869.0 
1 2 0.59 0.59 85.0 42.0 85.0 825.0 84.0 825.0 
1 2 0.34 0.34 915.0 151.0 915.0 735.0 130.0 735.0 
1 2 0.81 0.81 11.0 4.0 11.0 726.0 331.0 726.0 
1 2 0.68 0.68 887.0 592.0 887.0 372.0 8.0 372.0 
1 3 0.9 0.9 887.0 592.0 887.0 372.0 8.0 372.0 429.0 94.0 429.0 
1 2 0.74 0.74 595.0 431.0 595.0 377.0 6.0 377.0 
1 2 0.4 0.4 325.0 110.0 325.0 764.0 53.0 764.0 
1 3 0.56 0.56 325.0 110.0 325.0 764.0 53.0 764.0 68.0 11.0 68.0 
1 4 0.87 0.87 325.0 110.0 325.0 764.0 53.0 764.0 68.0 11.0 68.0 882.0 267.0 882.0 
1 2 0.24 0.24 335.0 65.0 335.0 887.0 49.0 887.0 
1 3 0.92 0.92 335.0 65.0 335.0 887.0 49.0 887.0 336.0 228.0 336.0 
1 2 0.78 0.78 227.0 37.0 227.0 351.0 220.0 351.0 
1 2 0.54 0.54 71.0 28.0 71.0 315.0 49.0 315.0 
1 3 0.73 0.73 71.0 28.0 71.0 315.0 49.0 315.0 699.0 127.0 699.0 
1 4 0.78 0.78 71.0 28.0 71.0 315.0 49.0 315.0 699.0 127.0 699.0 560.0 31.0 560.0 
1 2 0.37 0.37 817.0 191.0 817.0 722.0 105.0 722.0 
1 3 0.59 0.59 817.0 191.0 817.0 722.0 105.0 722.0 362.0 78.0 362.0 
1 2 0.66 0.66 206.0 77.0 206.0 332.0 98.0 332.0 
1 3 0.94 0.94 206.0 77.0 206.0 332.0 98.0 332.0 503.0 137.0 503.0 
1 2 0.57 0.57 529.0 131.0 529.0 566.0 188.0 566.0 
1 2 0.14 0.14 966.0 41.0 966.0 876.0 91.0 876.0 
1 3 0.15 0.15 966.0 41.0 966.0 876.0 91.0 876.0 224.0 1.0 224.0 
1 4 0.16 0.16 966.0 41.0 966.0 876.0 91.0 876.0 224.0 1.0 224.0 435.0 6.0 435.0 
1 5 0.42 0.42 966.0 41.0 966.0 876.0 91.0 876.0 224.0 1.0 224.0 435.0 6.0 435.0 418.0 109.0 418.0 
1 6 0.6 0.6 966.0 41.0 966.0 876.0 91.0 876.0 224.0 1.0 224.0 435.0 6.0 435.0 418.0 109.0 418.0 945.0 169.0 945.0 
1 7 0.69 0.69 966.0 41.0 966.0 876.0 91.0 876.0 224.0 1.0 224.0 435.0 6.0 435.0 418.0 109.0 418.0 945.0 169.0 945.0 391.0 34.0 391.0 
1 2 0.34 0.34 847.0 134.0 847.0 735.0 139.0 735.0 
1 2 0.45 0.45 846.0 305.0 846.0 119.0 11.0 119.0 
1 2 0.65 0.65 865.0 256.0 865.0 441.0 160.0 441.0 
1 3 0.87 0.87 865.0 256.0 865.0 441.0 160.0 441.0 354.0 76.0 354.0 
1 4 0.9 0.9 865.0 256.0 865.0 441.0 160.0 441.0 354.0 76.0 354.0 481.0 14.0 481.0 
1 5 0.94 0.94 865.0 256.0 865.0 441.0 160.0 441.0 354.0 76.0 354.0 481.0 14.0 481.0 170.0 8.0 170.0 
1 2 0.97 0.97 539.0 513.0 539.0 180.0 5.0 180.0 
1 2 0.7 0.7 878.0 239.0 878.0 339.0 148.0 339.0 
1 2 0.74 0.74 85.0 29.0 85.0 911.0 366.0 911.0 
1 2 0.6 0.6 477.0 140.0 477.0 919.0 290.0 919.0 
1 2 0.7 0.7 451.0 249.0 451.0 936.0 146.0 936.0 
1 2 0.71 0.71 843.0 277.0 843.0 393.0 153.0 393.0 
1 2 0.41 0.41 183.0 25.0 183.0 776.0 217.0 776.0 
1 3 0.9 0.9 183.0 25.0 183.0 776.0 217.0 776.0 459.0 224.0 459.0 
1 2 0.91 0.91 924.0 687.0 924.0 875.0 150.0 875.0 
1 2 0.9 0.9 266.0 152.0 266.0 233.0 77.0 233.0 
1 2 1.0 1.0 13.0 8.0 13.0 39.0 15.0 39.0 
1 2 0.69 0.69 789.0 269.0 789.0 219.0 78.0 219.0 
1 2 0.89 0.89 55.0 46.0 55.0 264.0 16.0 264.0 
1 2 0.57 0.57 277.0 158.0 277.0 904.0 2.0 904.0 
1 3 0.81 0.81 277.0 158.0 277.0 904.0 2.0 904.0 262.0 63.0 262.0 
1 2 0.59 0.59 177.0 89.0 177.0 327.0 30.0 327.0 
1 2 0.81 0.81 115.0 28.0 115.0 390.0 221.0 390.0 
1 2 0.47 0.47 540.0 16.0 540.0 396.0 177.0 396.0 
1 3 0.58 0.58 540.0 16.0 540.0 396.0 177.0 396.0 74.0 8.0 74.0 
1 2 0.76 0.76 108.0 7.0 108.0 883.0 622.0 883.0 
1 2 0.38 0.38 390.0 63.0 390.0 248.0 55.0 248.0 
1 3 0.54 0.54 390.0 63.0 390.0 248.0 55.0 248.0 431.0 71.0 431.0 
1 2 0.48 0.48 174.0 37.0 174.0 355.0 98.0 355.0 
1 3 0.82 0.82 174.0 37.0 174.0 355.0 98.0 355.0 774.0 258.0 774.0 
1 2 0.8 0.8 84.0 30.0 84.0 239.0 107.0 239.0 
1 2 0.57 0.57 32.0 6.0 32.0 240.0 92.0 240.0 
1 2 0.36 0.36 466.0 169.0 466.0 752.0 2.0 752.0 
1 3 0.82 0.82 466.0 169.0 466.0 752.0 2.0 752.0 889.0 407.0 889.0 
1 2 0.43 0.43 276.0 113.0 276.0 728.0 22.0 728.0 
1 3 0.5 0.5 276.0 113.0 276.0 728.0 22.0 728.0 768.0 53.0 768.0 
1 4 0.91 0.91 276.0 113.0 276.0 728.0 22.0 728.0 768.0 53.0 768.0 514.0 208.0 514.0 
1 5 0.92 0.92 276.0 113.0 276.0 728.0 22.0 728.0 768.0 53.0 768.0 514.0 208.0 514.0 607.0 10.0 607.0 
1 2 0.39 0.39 636.0 129.0 636.0 322.0 61.0 322.0 
1 3 0.69 0.69 636.0 129.0 636.0 322.0 61.0 322.0 89.0 27.0 89.0 
1 2 0.83 0.83 165.0 69.0 165.0 889.0 369.0 889.0 
1 2 0.94 0.94 85.0 71.0 85.0 686.0 77.0 686.0 
1 2 0.97 0.97 687.0 35.0 687.0 554.0 512.0 554.0 
