1 2 0.84 0.84 692.0 25.0 692.0 80.0 65.0 80.0 
1 2 0.94 0.94 211.0 179.0 211.0 593.0 55.0 593.0 
1 2 0.69 0.69 262.0 156.0 262.0 932.0 90.0 932.0 
1 3 0.79 0.79 262.0 156.0 262.0 932.0 90.0 932.0 513.0 53.0 513.0 
1 2 0.16 0.16 886.0 64.0 886.0 870.0 79.0 870.0 
1 3 0.27 0.27 886.0 64.0 886.0 870.0 79.0 870.0 210.0 23.0 210.0 
1 4 0.29 0.29 886.0 64.0 886.0 870.0 79.0 870.0 210.0 23.0 210.0 208.0 5.0 208.0 
1 5 0.39 0.39 886.0 64.0 886.0 870.0 79.0 870.0 210.0 23.0 210.0 208.0 5.0 208.0 661.0 65.0 661.0 
1 6 0.46 0.46 886.0 64.0 886.0 870.0 79.0 870.0 210.0 23.0 210.0 208.0 5.0 208.0 661.0 65.0 661.0 316.0 22.0 316.0 
1 7 0.51 0.51 886.0 64.0 886.0 870.0 79.0 870.0 210.0 23.0 210.0 208.0 5.0 208.0 661.0 65.0 661.0 316.0 22.0 316.0 906.0 50.0 906.0 
1 8 0.85 0.85 886.0 64.0 886.0 870.0 79.0 870.0 210.0 23.0 210.0 208.0 5.0 208.0 661.0 65.0 661.0 316.0 22.0 316.0 906.0 50.0 906.0 297.0 100.0 297.0 
1 2 0.62 0.62 524.0 196.0 524.0 387.0 98.0 387.0 
1 3 0.83 0.83 524.0 196.0 524.0 387.0 98.0 387.0 907.0 191.0 907.0 
1 2 0.43 0.43 269.0 4.0 269.0 586.0 245.0 586.0 
1 3 0.56 0.56 269.0 4.0 269.0 586.0 245.0 586.0 92.0 12.0 92.0 
1 4 0.59 0.59 269.0 4.0 269.0 586.0 245.0 586.0 92.0 12.0 92.0 32.0 1.0 32.0 
1 2 0.56 0.56 30.0 8.0 30.0 376.0 113.0 376.0 
1 2 0.29 0.29 887.0 254.0 887.0 859.0 10.0 859.0 
1 3 0.5 0.5 887.0 254.0 887.0 859.0 10.0 859.0 284.0 60.0 284.0 
1 4 0.83 0.83 887.0 254.0 887.0 859.0 10.0 859.0 284.0 60.0 284.0 955.0 312.0 955.0 
1 2 0.22 0.22 337.0 32.0 337.0 346.0 44.0 346.0 
1 3 0.29 0.29 337.0 32.0 337.0 346.0 44.0 346.0 267.0 19.0 267.0 
1 4 0.46 0.46 337.0 32.0 337.0 346.0 44.0 346.0 267.0 19.0 267.0 845.0 146.0 845.0 
1 2 0.52 0.52 227.0 10.0 227.0 240.0 116.0 240.0 
1 3 0.55 0.55 227.0 10.0 227.0 240.0 116.0 240.0 383.0 11.0 383.0 
1 4 0.96 0.96 227.0 10.0 227.0 240.0 116.0 240.0 383.0 11.0 383.0 591.0 242.0 591.0 
1 2 0.6 0.6 188.0 19.0 188.0 378.0 190.0 378.0 
1 3 0.74 0.74 188.0 19.0 188.0 378.0 190.0 378.0 130.0 18.0 130.0 
1 2 0.77 0.77 570.0 319.0 570.0 176.0 38.0 176.0 
1 3 0.82 0.82 570.0 319.0 570.0 176.0 38.0 176.0 827.0 39.0 827.0 
1 4 0.87 0.87 570.0 319.0 570.0 176.0 38.0 176.0 827.0 39.0 827.0 414.0 22.0 414.0 
1 2 0.84 0.84 699.0 573.0 699.0 628.0 13.0 628.0 
1 2 0.44 0.44 623.0 11.0 623.0 918.0 393.0 918.0 
1 3 0.64 0.64 623.0 11.0 623.0 918.0 393.0 918.0 945.0 187.0 945.0 
1 4 0.8 0.8 623.0 11.0 623.0 918.0 393.0 918.0 945.0 187.0 945.0 63.0 10.0 63.0 
1 2 0.51 0.51 374.0 51.0 374.0 776.0 291.0 776.0 
1 3 0.83 0.83 374.0 51.0 374.0 776.0 291.0 776.0 80.0 26.0 80.0 
1 2 0.1 0.1 338.0 8.0 338.0 900.0 69.0 900.0 
1 3 0.7 0.7 338.0 8.0 338.0 900.0 69.0 900.0 845.0 514.0 845.0 
1 4 0.76 0.76 338.0 8.0 338.0 900.0 69.0 900.0 845.0 514.0 845.0 834.0 48.0 834.0 
1 5 0.78 0.78 338.0 8.0 338.0 900.0 69.0 900.0 845.0 514.0 845.0 834.0 48.0 834.0 108.0 2.0 108.0 
1 2 0.89 0.89 114.0 4.0 114.0 96.0 83.0 96.0 
1 2 0.1 0.1 241.0 13.0 241.0 296.0 16.0 296.0 
1 3 0.62 0.62 241.0 13.0 241.0 296.0 16.0 296.0 934.0 481.0 934.0 
1 4 0.7 0.7 241.0 13.0 241.0 296.0 16.0 296.0 934.0 481.0 934.0 798.0 64.0 798.0 
1 5 0.77 0.77 241.0 13.0 241.0 296.0 16.0 296.0 934.0 481.0 934.0 798.0 64.0 798.0 981.0 66.0 981.0 
1 6 0.92 0.92 241.0 13.0 241.0 296.0 16.0 296.0 934.0 481.0 934.0 798.0 64.0 798.0 981.0 66.0 981.0 918.0 139.0 918.0 
1 2 0.51 0.51 634.0 55.0 634.0 737.0 313.0 737.0 
1 3 0.69 0.69 634.0 55.0 634.0 737.0 313.0 737.0 745.0 139.0 745.0 
1 2 0.2 0.2 442.0 82.0 442.0 916.0 22.0 916.0 
1 3 0.7 0.7 442.0 82.0 442.0 916.0 22.0 916.0 978.0 480.0 978.0 
1 4 0.89 0.89 442.0 82.0 442.0 916.0 22.0 916.0 978.0 480.0 978.0 56.0 11.0 56.0 
1 2 0.42 0.42 866.0 353.0 866.0 55.0 1.0 55.0 
1 2 0.34 0.34 170.0 44.0 170.0 804.0 66.0 804.0 
1 3 0.41 0.41 170.0 44.0 170.0 804.0 66.0 804.0 491.0 36.0 491.0 
1 4 0.44 0.44 170.0 44.0 170.0 804.0 66.0 804.0 491.0 36.0 491.0 197.0 6.0 197.0 
1 5 0.88 0.88 170.0 44.0 170.0 804.0 66.0 804.0 491.0 36.0 491.0 197.0 6.0 197.0 847.0 370.0 847.0 
1 2 0.14 0.14 230.0 10.0 230.0 79.0 8.0 79.0 
1 3 0.71 0.71 230.0 10.0 230.0 79.0 8.0 79.0 771.0 443.0 771.0 
1 4 0.92 0.92 230.0 10.0 230.0 79.0 8.0 79.0 771.0 443.0 771.0 728.0 151.0 728.0 
1 5 0.94 0.94 230.0 10.0 230.0 79.0 8.0 79.0 771.0 443.0 771.0 728.0 151.0 728.0 377.0 8.0 377.0 
1 2 0.27 0.27 744.0 75.0 744.0 636.0 111.0 636.0 
1 3 0.36 0.36 744.0 75.0 744.0 636.0 111.0 636.0 969.0 90.0 969.0 
1 2 0.79 0.79 106.0 74.0 106.0 345.0 34.0 345.0 
1 3 0.79 0.79 106.0 74.0 106.0 345.0 34.0 345.0 778.0 1.0 778.0 
1 2 0.56 0.56 946.0 356.0 946.0 275.0 53.0 275.0 
1 3 0.65 0.65 946.0 356.0 946.0 275.0 53.0 275.0 278.0 24.0 278.0 
1 4 0.79 0.79 946.0 356.0 946.0 275.0 53.0 275.0 278.0 24.0 278.0 499.0 69.0 499.0 
1 2 0.55 0.55 990.0 510.0 990.0 368.0 14.0 368.0 
1 3 0.93 0.93 990.0 510.0 990.0 368.0 14.0 368.0 869.0 330.0 869.0 
1 2 0.27 0.27 290.0 77.0 290.0 727.0 4.0 727.0 
1 3 0.55 0.55 290.0 77.0 290.0 727.0 4.0 727.0 635.0 179.0 635.0 
1 4 0.86 0.86 290.0 77.0 290.0 727.0 4.0 727.0 635.0 179.0 635.0 487.0 152.0 487.0 
1 2 0.52 0.52 126.0 10.0 126.0 506.0 226.0 506.0 
1 3 0.55 0.55 126.0 10.0 126.0 506.0 226.0 506.0 65.0 2.0 65.0 
1 4 0.74 0.74 126.0 10.0 126.0 506.0 226.0 506.0 65.0 2.0 65.0 337.0 62.0 337.0 
1 2 0.45 0.45 953.0 88.0 953.0 747.0 268.0 747.0 
1 3 0.62 0.62 953.0 88.0 953.0 747.0 268.0 747.0 945.0 166.0 945.0 
1 4 0.77 0.77 953.0 88.0 953.0 747.0 268.0 747.0 945.0 166.0 945.0 875.0 132.0 875.0 
1 2 0.23 0.23 706.0 74.0 706.0 479.0 62.0 479.0 
1 3 0.35 0.35 706.0 74.0 706.0 479.0 62.0 479.0 709.0 85.0 709.0 
1 4 0.74 0.74 706.0 74.0 706.0 479.0 62.0 479.0 709.0 85.0 709.0 509.0 198.0 509.0 
1 5 0.81 0.81 706.0 74.0 706.0 479.0 62.0 479.0 709.0 85.0 709.0 509.0 198.0 509.0 569.0 40.0 569.0 
1 2 0.66 0.66 975.0 193.0 975.0 255.0 119.0 255.0 
1 2 0.43 0.43 648.0 253.0 648.0 94.0 4.0 94.0 
1 3 0.72 0.72 648.0 253.0 648.0 94.0 4.0 94.0 125.0 36.0 125.0 
1 4 0.84 0.84 648.0 253.0 648.0 94.0 4.0 94.0 125.0 36.0 125.0 477.0 58.0 477.0 
1 2 0.22 0.22 166.0 36.0 166.0 640.0 6.0 640.0 
1 3 0.39 0.39 166.0 36.0 166.0 640.0 6.0 640.0 247.0 41.0 247.0 
1 4 0.54 0.54 166.0 36.0 166.0 640.0 6.0 640.0 247.0 41.0 247.0 478.0 71.0 478.0 
1 5 0.59 0.59 166.0 36.0 166.0 640.0 6.0 640.0 247.0 41.0 247.0 478.0 71.0 478.0 366.0 20.0 366.0 
1 2 0.27 0.27 985.0 90.0 985.0 138.0 25.0 138.0 
1 3 0.44 0.44 985.0 90.0 985.0 138.0 25.0 138.0 424.0 73.0 424.0 
1 4 0.6 0.6 985.0 90.0 985.0 138.0 25.0 138.0 424.0 73.0 424.0 696.0 113.0 696.0 
1 2 0.44 0.44 263.0 82.0 263.0 959.0 124.0 959.0 
1 3 0.64 0.64 263.0 82.0 263.0 959.0 124.0 959.0 482.0 97.0 482.0 
1 2 0.01 0.01 920.0 4.0 920.0 897.0 8.0 897.0 
1 3 0.15 0.15 920.0 4.0 920.0 897.0 8.0 897.0 387.0 56.0 387.0 
1 4 0.33 0.33 920.0 4.0 920.0 897.0 8.0 897.0 387.0 56.0 387.0 391.0 71.0 391.0 
1 5 0.95 0.95 920.0 4.0 920.0 897.0 8.0 897.0 387.0 56.0 387.0 391.0 71.0 391.0 273.0 167.0 273.0 
1 6 0.95 0.95 920.0 4.0 920.0 897.0 8.0 897.0 387.0 56.0 387.0 391.0 71.0 391.0 273.0 167.0 273.0 928.0 4.0 928.0 
1 2 0.45 0.45 350.0 112.0 350.0 241.0 32.0 241.0 
1 3 0.48 0.48 350.0 112.0 350.0 241.0 32.0 241.0 655.0 21.0 655.0 
1 4 0.76 0.76 350.0 112.0 350.0 241.0 32.0 241.0 655.0 21.0 655.0 116.0 32.0 116.0 
1 5 0.9 0.9 350.0 112.0 350.0 241.0 32.0 241.0 655.0 21.0 655.0 116.0 32.0 116.0 921.0 136.0 921.0 
1 2 0.82 0.82 826.0 244.0 826.0 866.0 455.0 866.0 
1 2 0.36 0.36 104.0 19.0 104.0 293.0 54.0 293.0 
1 3 0.44 0.44 104.0 19.0 104.0 293.0 54.0 293.0 37.0 3.0 37.0 
1 4 0.48 0.48 104.0 19.0 104.0 293.0 54.0 293.0 37.0 3.0 37.0 530.0 21.0 530.0 
1 5 0.58 0.58 104.0 19.0 104.0 293.0 54.0 293.0 37.0 3.0 37.0 530.0 21.0 530.0 322.0 31.0 322.0 
1 6 0.92 0.92 104.0 19.0 104.0 293.0 54.0 293.0 37.0 3.0 37.0 530.0 21.0 530.0 322.0 31.0 322.0 96.0 33.0 96.0 
1 2 0.36 0.36 540.0 131.0 540.0 122.0 15.0 122.0 
1 3 0.38 0.38 540.0 131.0 540.0 122.0 15.0 122.0 217.0 5.0 217.0 
1 4 0.6 0.6 540.0 131.0 540.0 122.0 15.0 122.0 217.0 5.0 217.0 374.0 80.0 374.0 
1 5 0.61 0.61 540.0 131.0 540.0 122.0 15.0 122.0 217.0 5.0 217.0 374.0 80.0 374.0 662.0 10.0 662.0 
1 6 0.65 0.65 540.0 131.0 540.0 122.0 15.0 122.0 217.0 5.0 217.0 374.0 80.0 374.0 662.0 10.0 662.0 453.0 17.0 453.0 
1 7 0.74 0.74 540.0 131.0 540.0 122.0 15.0 122.0 217.0 5.0 217.0 374.0 80.0 374.0 662.0 10.0 662.0 453.0 17.0 453.0 221.0 20.0 221.0 
1 2 0.33 0.33 943.0 8.0 943.0 76.0 25.0 76.0 
1 3 0.5 0.5 943.0 8.0 943.0 76.0 25.0 76.0 770.0 128.0 770.0 
1 4 0.6 0.6 943.0 8.0 943.0 76.0 25.0 76.0 770.0 128.0 770.0 609.0 63.0 609.0 
1 5 0.65 0.65 943.0 8.0 943.0 76.0 25.0 76.0 770.0 128.0 770.0 609.0 63.0 609.0 665.0 35.0 665.0 
1 6 0.71 0.71 943.0 8.0 943.0 76.0 25.0 76.0 770.0 128.0 770.0 609.0 63.0 609.0 665.0 35.0 665.0 99.0 5.0 99.0 
1 2 0.64 0.64 58.0 18.0 58.0 107.0 36.0 107.0 
1 2 0.39 0.39 955.0 264.0 955.0 748.0 91.0 748.0 
1 3 0.95 0.95 955.0 264.0 955.0 748.0 91.0 748.0 917.0 509.0 917.0 
1 2 0.73 0.73 225.0 76.0 225.0 711.0 284.0 711.0 
1 3 0.81 0.81 225.0 76.0 225.0 711.0 284.0 711.0 981.0 77.0 981.0 
1 2 0.29 0.29 574.0 7.0 574.0 61.0 17.0 61.0 
1 3 0.65 0.65 574.0 7.0 574.0 61.0 17.0 61.0 749.0 275.0 749.0 
1 4 0.69 0.69 574.0 7.0 574.0 61.0 17.0 61.0 749.0 275.0 749.0 898.0 33.0 898.0 
1 2 0.18 0.18 853.0 40.0 853.0 101.0 14.0 101.0 
1 3 0.3 0.3 853.0 40.0 853.0 101.0 14.0 101.0 578.0 67.0 578.0 
1 4 0.31 0.31 853.0 40.0 853.0 101.0 14.0 101.0 578.0 67.0 578.0 121.0 2.0 121.0 
1 5 0.66 0.66 853.0 40.0 853.0 101.0 14.0 101.0 578.0 67.0 578.0 121.0 2.0 121.0 97.0 34.0 97.0 
1 6 0.69 0.69 853.0 40.0 853.0 101.0 14.0 101.0 578.0 67.0 578.0 121.0 2.0 121.0 97.0 34.0 97.0 852.0 19.0 852.0 
1 2 0.08 0.08 193.0 10.0 193.0 626.0 22.0 626.0 
1 3 0.76 0.76 193.0 10.0 193.0 626.0 22.0 626.0 818.0 552.0 818.0 
1 2 0.17 0.17 276.0 41.0 276.0 979.0 27.0 979.0 
1 3 0.26 0.26 276.0 41.0 276.0 979.0 27.0 979.0 473.0 44.0 473.0 
1 4 0.31 0.31 276.0 41.0 276.0 979.0 27.0 979.0 473.0 44.0 473.0 453.0 20.0 453.0 
1 5 0.49 0.49 276.0 41.0 276.0 979.0 27.0 979.0 473.0 44.0 473.0 453.0 20.0 453.0 573.0 105.0 573.0 
1 6 0.59 0.59 276.0 41.0 276.0 979.0 27.0 979.0 473.0 44.0 473.0 453.0 20.0 453.0 573.0 105.0 573.0 467.0 47.0 467.0 
1 7 0.62 0.62 276.0 41.0 276.0 979.0 27.0 979.0 473.0 44.0 473.0 453.0 20.0 453.0 573.0 105.0 573.0 467.0 47.0 467.0 644.0 20.0 644.0 
1 2 0.28 0.28 290.0 5.0 290.0 455.0 121.0 455.0 
1 3 0.46 0.46 290.0 5.0 290.0 455.0 121.0 455.0 44.0 8.0 44.0 
1 4 0.76 0.76 290.0 5.0 290.0 455.0 121.0 455.0 44.0 8.0 44.0 402.0 121.0 402.0 
1 5 0.8 0.8 290.0 5.0 290.0 455.0 121.0 455.0 44.0 8.0 44.0 402.0 121.0 402.0 409.0 15.0 409.0 
1 2 0.19 0.19 517.0 10.0 517.0 158.0 28.0 158.0 
1 3 0.29 0.29 517.0 10.0 517.0 158.0 28.0 158.0 360.0 35.0 360.0 
1 4 0.36 0.36 517.0 10.0 517.0 158.0 28.0 158.0 360.0 35.0 360.0 916.0 66.0 916.0 
1 5 0.54 0.54 517.0 10.0 517.0 158.0 28.0 158.0 360.0 35.0 360.0 916.0 66.0 916.0 305.0 54.0 305.0 
1 6 0.56 0.56 517.0 10.0 517.0 158.0 28.0 158.0 360.0 35.0 360.0 916.0 66.0 916.0 305.0 54.0 305.0 699.0 12.0 699.0 
1 7 0.6 0.6 517.0 10.0 517.0 158.0 28.0 158.0 360.0 35.0 360.0 916.0 66.0 916.0 305.0 54.0 305.0 699.0 12.0 699.0 901.0 37.0 901.0 
1 8 0.93 0.93 517.0 10.0 517.0 158.0 28.0 158.0 360.0 35.0 360.0 916.0 66.0 916.0 305.0 54.0 305.0 699.0 12.0 699.0 901.0 37.0 901.0 326.0 108.0 326.0 
1 2 0.48 0.48 755.0 84.0 755.0 643.0 240.0 643.0 
1 3 0.93 0.93 755.0 84.0 755.0 643.0 240.0 643.0 828.0 376.0 828.0 
1 2 0.43 0.43 249.0 36.0 249.0 684.0 197.0 684.0 
1 3 0.76 0.76 249.0 36.0 249.0 684.0 197.0 684.0 870.0 292.0 870.0 
1 4 0.87 0.87 249.0 36.0 249.0 684.0 197.0 684.0 870.0 292.0 870.0 144.0 15.0 144.0 
1 2 0.75 0.75 268.0 73.0 268.0 66.0 32.0 66.0 
1 3 0.97 0.97 268.0 73.0 268.0 66.0 32.0 66.0 220.0 47.0 220.0 
1 2 0.37 0.37 944.0 141.0 944.0 36.0 8.0 36.0 
1 3 0.48 0.48 944.0 141.0 944.0 36.0 8.0 36.0 174.0 19.0 174.0 
1 4 0.61 0.61 944.0 141.0 944.0 36.0 8.0 36.0 174.0 19.0 174.0 226.0 30.0 226.0 
1 2 0.56 0.56 341.0 76.0 341.0 241.0 83.0 241.0 
1 3 0.66 0.66 341.0 76.0 341.0 241.0 83.0 241.0 512.0 50.0 512.0 
1 4 0.73 0.73 341.0 76.0 341.0 241.0 83.0 241.0 512.0 50.0 512.0 924.0 63.0 924.0 
1 5 0.76 0.76 341.0 76.0 341.0 241.0 83.0 241.0 512.0 50.0 512.0 924.0 63.0 924.0 707.0 21.0 707.0 
1 6 0.77 0.77 341.0 76.0 341.0 241.0 83.0 241.0 512.0 50.0 512.0 924.0 63.0 924.0 707.0 21.0 707.0 61.0 1.0 61.0 
1 2 0.87 0.87 207.0 124.0 207.0 236.0 65.0 236.0 
1 2 0.6 0.6 894.0 102.0 894.0 701.0 344.0 701.0 
1 2 0.99 0.99 209.0 27.0 209.0 139.0 121.0 139.0 
1 2 0.54 0.54 478.0 240.0 478.0 85.0 4.0 85.0 
1 3 0.89 0.89 478.0 240.0 478.0 85.0 4.0 85.0 199.0 69.0 199.0 
1 4 0.91 0.91 478.0 240.0 478.0 85.0 4.0 85.0 199.0 69.0 199.0 61.0 1.0 61.0 
1 2 0.39 0.39 198.0 21.0 198.0 110.0 32.0 110.0 
1 3 0.86 0.86 198.0 21.0 198.0 110.0 32.0 110.0 103.0 48.0 103.0 
1 2 0.3 0.3 754.0 103.0 754.0 853.0 146.0 853.0 
1 3 0.48 0.48 754.0 103.0 754.0 853.0 146.0 853.0 500.0 87.0 500.0 
1 4 0.72 0.72 754.0 103.0 754.0 853.0 146.0 853.0 500.0 87.0 500.0 806.0 200.0 806.0 
1 5 0.91 0.91 754.0 103.0 754.0 853.0 146.0 853.0 500.0 87.0 500.0 806.0 200.0 806.0 653.0 121.0 653.0 
1 6 0.97 0.97 754.0 103.0 754.0 853.0 146.0 853.0 500.0 87.0 500.0 806.0 200.0 806.0 653.0 121.0 653.0 931.0 53.0 931.0 
1 2 0.23 0.23 699.0 162.0 699.0 964.0 5.0 964.0 
1 3 0.55 0.55 699.0 162.0 699.0 964.0 5.0 964.0 145.0 46.0 145.0 
1 4 0.96 0.96 699.0 162.0 699.0 964.0 5.0 964.0 145.0 46.0 145.0 366.0 152.0 366.0 
1 2 0.23 0.23 858.0 15.0 858.0 511.0 110.0 511.0 
1 3 0.92 0.92 858.0 15.0 858.0 511.0 110.0 511.0 365.0 254.0 365.0 
1 2 0.5 0.5 804.0 272.0 804.0 850.0 138.0 850.0 
1 3 0.93 0.93 804.0 272.0 804.0 850.0 138.0 850.0 864.0 375.0 864.0 
1 2 0.91 0.91 960.0 52.0 960.0 705.0 607.0 705.0 
1 3 0.92 0.92 960.0 52.0 960.0 705.0 607.0 705.0 568.0 8.0 568.0 
1 2 0.11 0.11 936.0 105.0 936.0 536.0 3.0 536.0 
1 3 0.51 0.51 936.0 105.0 936.0 536.0 3.0 536.0 698.0 278.0 698.0 
1 4 0.8 0.8 936.0 105.0 936.0 536.0 3.0 536.0 698.0 278.0 698.0 104.0 30.0 104.0 
1 2 0.45 0.45 441.0 106.0 441.0 902.0 198.0 902.0 
1 3 0.47 0.47 441.0 106.0 441.0 902.0 198.0 902.0 842.0 14.0 842.0 
1 4 0.5 0.5 441.0 106.0 441.0 902.0 198.0 902.0 842.0 14.0 842.0 747.0 19.0 747.0 
1 5 0.55 0.55 441.0 106.0 441.0 902.0 198.0 902.0 842.0 14.0 842.0 747.0 19.0 747.0 613.0 35.0 613.0 
1 6 0.84 0.84 441.0 106.0 441.0 902.0 198.0 902.0 842.0 14.0 842.0 747.0 19.0 747.0 613.0 35.0 613.0 804.0 230.0 804.0 
1 2 0.63 0.63 70.0 27.0 70.0 301.0 75.0 301.0 
1 2 0.6 0.6 605.0 308.0 605.0 460.0 43.0 460.0 
1 3 0.62 0.62 605.0 308.0 605.0 460.0 43.0 460.0 129.0 3.0 129.0 
1 4 0.93 0.93 605.0 308.0 605.0 460.0 43.0 460.0 129.0 3.0 129.0 675.0 208.0 675.0 
1 2 0.37 0.37 110.0 6.0 110.0 359.0 116.0 359.0 
1 3 0.54 0.54 110.0 6.0 110.0 359.0 116.0 359.0 170.0 28.0 170.0 
1 4 0.57 0.57 110.0 6.0 110.0 359.0 116.0 359.0 170.0 28.0 170.0 615.0 19.0 615.0 
1 5 0.73 0.73 110.0 6.0 110.0 359.0 116.0 359.0 170.0 28.0 170.0 615.0 19.0 615.0 211.0 34.0 211.0 
1 6 0.81 0.81 110.0 6.0 110.0 359.0 116.0 359.0 170.0 28.0 170.0 615.0 19.0 615.0 211.0 34.0 211.0 809.0 63.0 809.0 
1 7 0.84 0.84 110.0 6.0 110.0 359.0 116.0 359.0 170.0 28.0 170.0 615.0 19.0 615.0 211.0 34.0 211.0 809.0 63.0 809.0 501.0 15.0 501.0 
1 2 0.2 0.2 772.0 41.0 772.0 98.0 15.0 98.0 
1 3 0.37 0.37 772.0 41.0 772.0 98.0 15.0 98.0 320.0 54.0 320.0 
1 4 0.57 0.57 772.0 41.0 772.0 98.0 15.0 98.0 320.0 54.0 320.0 454.0 90.0 454.0 
1 5 0.63 0.63 772.0 41.0 772.0 98.0 15.0 98.0 320.0 54.0 320.0 454.0 90.0 454.0 859.0 54.0 859.0 
1 6 0.87 0.87 772.0 41.0 772.0 98.0 15.0 98.0 320.0 54.0 320.0 454.0 90.0 454.0 859.0 54.0 859.0 568.0 135.0 568.0 
1 2 0.97 0.97 484.0 176.0 484.0 404.0 248.0 404.0 
1 2 0.27 0.27 861.0 224.0 861.0 168.0 2.0 168.0 
1 3 0.76 0.76 861.0 224.0 861.0 168.0 2.0 168.0 248.0 122.0 248.0 
1 2 0.19 0.19 24.0 3.0 24.0 99.0 7.0 99.0 
1 3 0.43 0.43 24.0 3.0 24.0 99.0 7.0 99.0 177.0 42.0 177.0 
1 4 0.49 0.49 24.0 3.0 24.0 99.0 7.0 99.0 177.0 42.0 177.0 504.0 31.0 504.0 
1 5 0.54 0.54 24.0 3.0 24.0 99.0 7.0 99.0 177.0 42.0 177.0 504.0 31.0 504.0 600.0 29.0 600.0 
1 6 0.62 0.62 24.0 3.0 24.0 99.0 7.0 99.0 177.0 42.0 177.0 504.0 31.0 504.0 600.0 29.0 600.0 437.0 35.0 437.0 
1 7 0.64 0.64 24.0 3.0 24.0 99.0 7.0 99.0 177.0 42.0 177.0 504.0 31.0 504.0 600.0 29.0 600.0 437.0 35.0 437.0 833.0 18.0 833.0 
1 8 0.88 0.88 24.0 3.0 24.0 99.0 7.0 99.0 177.0 42.0 177.0 504.0 31.0 504.0 600.0 29.0 600.0 437.0 35.0 437.0 833.0 18.0 833.0 156.0 38.0 156.0 
1 2 0.67 0.67 943.0 144.0 943.0 254.0 132.0 254.0 
1 2 0.83 0.83 206.0 148.0 206.0 650.0 78.0 650.0 
1 3 0.95 0.95 206.0 148.0 206.0 650.0 78.0 650.0 572.0 66.0 572.0 
1 2 0.49 0.49 101.0 23.0 101.0 141.0 37.0 141.0 
1 3 0.9 0.9 101.0 23.0 101.0 141.0 37.0 141.0 170.0 71.0 170.0 
1 2 0.79 0.79 458.0 136.0 458.0 651.0 327.0 651.0 
1 2 0.94 0.94 986.0 806.0 986.0 722.0 94.0 722.0 
1 2 0.3 0.3 75.0 19.0 75.0 338.0 18.0 338.0 
1 3 0.6 0.6 75.0 19.0 75.0 338.0 18.0 338.0 810.0 240.0 810.0 
1 4 0.67 0.67 75.0 19.0 75.0 338.0 18.0 338.0 810.0 240.0 810.0 439.0 30.0 439.0 
1 5 0.68 0.68 75.0 19.0 75.0 338.0 18.0 338.0 810.0 240.0 810.0 439.0 30.0 439.0 246.0 3.0 246.0 
1 2 0.13 0.13 161.0 16.0 161.0 914.0 32.0 914.0 
1 3 0.32 0.32 161.0 16.0 161.0 914.0 32.0 914.0 274.0 51.0 274.0 
1 4 0.38 0.38 161.0 16.0 161.0 914.0 32.0 914.0 274.0 51.0 274.0 816.0 52.0 816.0 
1 5 0.71 0.71 161.0 16.0 161.0 914.0 32.0 914.0 274.0 51.0 274.0 816.0 52.0 816.0 300.0 100.0 300.0 
1 2 0.4 0.4 370.0 65.0 370.0 345.0 79.0 345.0 
1 3 0.87 0.87 370.0 65.0 370.0 345.0 79.0 345.0 150.0 71.0 150.0 
1 2 0.22 0.22 516.0 83.0 516.0 505.0 31.0 505.0 
1 3 0.82 0.82 516.0 83.0 516.0 505.0 31.0 505.0 621.0 377.0 621.0 
1 2 0.49 0.49 942.0 428.0 942.0 718.0 28.0 718.0 
1 3 0.67 0.67 942.0 428.0 942.0 718.0 28.0 718.0 277.0 50.0 277.0 
1 2 0.91 0.91 697.0 266.0 697.0 352.0 189.0 352.0 
1 3 0.96 0.96 697.0 266.0 697.0 352.0 189.0 352.0 214.0 10.0 214.0 
1 2 0.44 0.44 314.0 36.0 314.0 601.0 196.0 601.0 
1 3 0.51 0.51 314.0 36.0 314.0 601.0 196.0 601.0 957.0 67.0 957.0 
1 2 0.24 0.24 48.0 10.0 48.0 757.0 26.0 757.0 
1 3 0.77 0.77 48.0 10.0 48.0 757.0 26.0 757.0 179.0 95.0 179.0 
1 2 0.07 0.07 318.0 13.0 318.0 893.0 32.0 893.0 
1 3 0.21 0.21 318.0 13.0 318.0 893.0 32.0 893.0 896.0 126.0 896.0 
1 4 0.84 0.84 318.0 13.0 318.0 893.0 32.0 893.0 896.0 126.0 896.0 427.0 267.0 427.0 
1 5 0.91 0.91 318.0 13.0 318.0 893.0 32.0 893.0 896.0 126.0 896.0 427.0 267.0 427.0 707.0 52.0 707.0 
1 6 0.98 0.98 318.0 13.0 318.0 893.0 32.0 893.0 896.0 126.0 896.0 427.0 267.0 427.0 707.0 52.0 707.0 391.0 26.0 391.0 
1 2 0.34 0.34 151.0 2.0 151.0 835.0 278.0 835.0 
1 3 0.59 0.59 151.0 2.0 151.0 835.0 278.0 835.0 56.0 14.0 56.0 
1 4 0.64 0.64 151.0 2.0 151.0 835.0 278.0 835.0 56.0 14.0 56.0 245.0 12.0 245.0 
1 2 0.74 0.74 593.0 179.0 593.0 615.0 275.0 615.0 
1 2 0.32 0.32 102.0 21.0 102.0 907.0 112.0 907.0 
1 3 0.52 0.52 102.0 21.0 102.0 907.0 112.0 907.0 813.0 157.0 813.0 
1 2 0.17 0.17 87.0 11.0 87.0 830.0 43.0 830.0 
1 3 0.76 0.76 87.0 11.0 87.0 830.0 43.0 830.0 79.0 46.0 79.0 
1 4 0.85 0.85 87.0 11.0 87.0 830.0 43.0 830.0 79.0 46.0 79.0 51.0 5.0 51.0 
1 2 0.29 0.29 424.0 62.0 424.0 758.0 112.0 758.0 
1 2 0.18 0.18 221.0 14.0 221.0 91.0 11.0 91.0 
1 3 0.21 0.21 221.0 14.0 221.0 91.0 11.0 91.0 757.0 26.0 757.0 
1 4 0.63 0.63 221.0 14.0 221.0 91.0 11.0 91.0 757.0 26.0 757.0 364.0 153.0 364.0 
1 5 0.67 0.67 221.0 14.0 221.0 91.0 11.0 91.0 757.0 26.0 757.0 364.0 153.0 364.0 979.0 40.0 979.0 
1 6 0.83 0.83 221.0 14.0 221.0 91.0 11.0 91.0 757.0 26.0 757.0 364.0 153.0 364.0 979.0 40.0 979.0 995.0 159.0 995.0 
1 7 0.92 0.92 221.0 14.0 221.0 91.0 11.0 91.0 757.0 26.0 757.0 364.0 153.0 364.0 979.0 40.0 979.0 995.0 159.0 995.0 765.0 67.0 765.0 
1 2 0.5 0.5 529.0 71.0 529.0 996.0 367.0 996.0 
1 2 0.84 0.84 454.0 149.0 454.0 319.0 165.0 319.0 
1 3 0.96 0.96 454.0 149.0 454.0 319.0 165.0 319.0 207.0 24.0 207.0 
1 4 0.96 0.96 454.0 149.0 454.0 319.0 165.0 319.0 207.0 24.0 207.0 646.0 4.0 646.0 
1 2 0.43 0.43 43.0 17.0 43.0 961.0 40.0 961.0 
1 3 0.77 0.77 43.0 17.0 43.0 961.0 40.0 961.0 864.0 296.0 864.0 
1 2 0.75 0.75 883.0 288.0 883.0 540.0 233.0 540.0 
1 2 0.6 0.6 81.0 45.0 81.0 996.0 53.0 996.0 
1 3 0.84 0.84 81.0 45.0 81.0 996.0 53.0 996.0 989.0 235.0 989.0 
1 2 0.33 0.33 52.0 6.0 52.0 521.0 112.0 521.0 
1 3 0.91 0.91 52.0 6.0 52.0 521.0 112.0 521.0 648.0 382.0 648.0 
1 2 0.84 0.84 298.0 44.0 298.0 33.0 23.0 33.0 
1 2 0.59 0.59 921.0 133.0 921.0 461.0 207.0 461.0 
1 3 0.89 0.89 921.0 133.0 921.0 461.0 207.0 461.0 136.0 41.0 136.0 
1 4 0.94 0.94 921.0 133.0 921.0 461.0 207.0 461.0 136.0 41.0 136.0 623.0 31.0 623.0 
1 2 0.63 0.63 849.0 115.0 849.0 2.0 1.0 2.0 
1 2 0.3 0.3 169.0 7.0 169.0 212.0 56.0 212.0 
1 3 0.33 0.33 169.0 7.0 169.0 212.0 56.0 212.0 896.0 25.0 896.0 
1 4 0.58 0.58 169.0 7.0 169.0 212.0 56.0 212.0 896.0 25.0 896.0 883.0 220.0 883.0 
1 5 0.88 0.88 169.0 7.0 169.0 212.0 56.0 212.0 896.0 25.0 896.0 883.0 220.0 883.0 190.0 58.0 190.0 
1 2 0.39 0.39 799.0 165.0 799.0 179.0 33.0 179.0 
1 3 0.42 0.42 799.0 165.0 799.0 179.0 33.0 179.0 746.0 27.0 746.0 
1 4 0.44 0.44 799.0 165.0 799.0 179.0 33.0 179.0 746.0 27.0 746.0 946.0 18.0 946.0 
1 5 0.51 0.51 799.0 165.0 799.0 179.0 33.0 179.0 746.0 27.0 746.0 946.0 18.0 946.0 883.0 64.0 883.0 
1 6 0.56 0.56 799.0 165.0 799.0 179.0 33.0 179.0 746.0 27.0 746.0 946.0 18.0 946.0 883.0 64.0 883.0 794.0 33.0 794.0 
1 7 0.83 0.83 799.0 165.0 799.0 179.0 33.0 179.0 746.0 27.0 746.0 946.0 18.0 946.0 883.0 64.0 883.0 794.0 33.0 794.0 80.0 22.0 80.0 
1 8 0.93 0.93 799.0 165.0 799.0 179.0 33.0 179.0 746.0 27.0 746.0 946.0 18.0 946.0 883.0 64.0 883.0 794.0 33.0 794.0 80.0 22.0 80.0 566.0 56.0 566.0 
1 2 0.43 0.43 92.0 38.0 92.0 297.0 7.0 297.0 
1 3 0.45 0.45 92.0 38.0 92.0 297.0 7.0 297.0 240.0 4.0 240.0 
1 4 0.64 0.64 92.0 38.0 92.0 297.0 7.0 297.0 240.0 4.0 240.0 584.0 113.0 584.0 
1 2 0.23 0.23 535.0 109.0 535.0 672.0 23.0 672.0 
1 3 0.33 0.33 535.0 109.0 535.0 672.0 23.0 672.0 747.0 70.0 747.0 
1 4 0.54 0.54 535.0 109.0 535.0 672.0 23.0 672.0 747.0 70.0 747.0 294.0 62.0 294.0 
1 5 0.61 0.61 535.0 109.0 535.0 672.0 23.0 672.0 747.0 70.0 747.0 294.0 62.0 294.0 782.0 53.0 782.0 
1 6 0.97 0.97 535.0 109.0 535.0 672.0 23.0 672.0 747.0 70.0 747.0 294.0 62.0 294.0 782.0 53.0 782.0 817.0 300.0 817.0 
1 2 0.73 0.73 806.0 511.0 806.0 10.0 1.0 10.0 
1 3 0.96 0.96 806.0 511.0 806.0 10.0 1.0 10.0 75.0 17.0 75.0 
1 2 0.87 0.87 96.0 67.0 96.0 594.0 106.0 594.0 
1 2 0.06 0.06 429.0 18.0 429.0 866.0 24.0 866.0 
1 3 0.15 0.15 429.0 18.0 429.0 866.0 24.0 866.0 246.0 22.0 246.0 
1 4 0.24 0.24 429.0 18.0 429.0 866.0 24.0 866.0 246.0 22.0 246.0 257.0 21.0 257.0 
1 5 0.33 0.33 429.0 18.0 429.0 866.0 24.0 866.0 246.0 22.0 246.0 257.0 21.0 257.0 824.0 74.0 824.0 
1 6 0.46 0.46 429.0 18.0 429.0 866.0 24.0 866.0 246.0 22.0 246.0 257.0 21.0 257.0 824.0 74.0 824.0 243.0 33.0 243.0 
1 7 0.53 0.53 429.0 18.0 429.0 866.0 24.0 866.0 246.0 22.0 246.0 257.0 21.0 257.0 824.0 74.0 824.0 243.0 33.0 243.0 385.0 25.0 385.0 
1 8 0.84 0.84 429.0 18.0 429.0 866.0 24.0 866.0 246.0 22.0 246.0 257.0 21.0 257.0 824.0 74.0 824.0 243.0 33.0 243.0 385.0 25.0 385.0 903.0 283.0 903.0 
1 2 0.4 0.4 655.0 121.0 655.0 370.0 81.0 370.0 
1 3 0.6 0.6 655.0 121.0 655.0 370.0 81.0 370.0 852.0 175.0 852.0 
1 4 0.96 0.96 655.0 121.0 655.0 370.0 81.0 370.0 852.0 175.0 852.0 283.0 101.0 283.0 
1 2 0.76 0.76 226.0 56.0 226.0 168.0 87.0 168.0 
1 2 0.64 0.64 623.0 31.0 623.0 76.0 45.0 76.0 
1 2 0.12 0.12 25.0 3.0 25.0 939.0 8.0 939.0 
1 3 0.13 0.13 25.0 3.0 25.0 939.0 8.0 939.0 996.0 2.0 996.0 
1 4 0.67 0.67 25.0 3.0 25.0 939.0 8.0 939.0 996.0 2.0 996.0 44.0 24.0 44.0 
1 5 0.94 0.94 25.0 3.0 25.0 939.0 8.0 939.0 996.0 2.0 996.0 44.0 24.0 44.0 687.0 182.0 687.0 
1 2 0.47 0.47 26.0 11.0 26.0 907.0 45.0 907.0 
1 3 0.54 0.54 26.0 11.0 26.0 907.0 45.0 907.0 931.0 64.0 931.0 
1 4 0.8 0.8 26.0 11.0 26.0 907.0 45.0 907.0 931.0 64.0 931.0 379.0 98.0 379.0 
1 2 0.24 0.24 278.0 2.0 278.0 839.0 198.0 839.0 
1 3 0.3 0.3 278.0 2.0 278.0 839.0 198.0 839.0 817.0 48.0 817.0 
1 4 0.44 0.44 278.0 2.0 278.0 839.0 198.0 839.0 817.0 48.0 817.0 823.0 117.0 823.0 
1 5 0.69 0.69 278.0 2.0 278.0 839.0 198.0 839.0 817.0 48.0 817.0 823.0 117.0 823.0 202.0 51.0 202.0 
1 6 0.87 0.87 278.0 2.0 278.0 839.0 198.0 839.0 817.0 48.0 817.0 823.0 117.0 823.0 202.0 51.0 202.0 332.0 58.0 332.0 
1 7 0.96 0.96 278.0 2.0 278.0 839.0 198.0 839.0 817.0 48.0 817.0 823.0 117.0 823.0 202.0 51.0 202.0 332.0 58.0 332.0 524.0 48.0 524.0 
1 2 0.67 0.67 48.0 19.0 48.0 217.0 61.0 217.0 
1 2 0.36 0.36 120.0 13.0 120.0 264.0 68.0 264.0 
1 3 0.86 0.86 120.0 13.0 120.0 264.0 68.0 264.0 636.0 320.0 636.0 
1 2 0.85 0.85 274.0 44.0 274.0 58.0 40.0 58.0 
1 3 0.9 0.9 274.0 44.0 274.0 58.0 40.0 58.0 88.0 5.0 88.0 
1 2 0.31 0.31 622.0 146.0 622.0 359.0 28.0 359.0 
1 3 0.32 0.32 622.0 146.0 622.0 359.0 28.0 359.0 272.0 3.0 272.0 
1 4 0.52 0.52 622.0 146.0 622.0 359.0 28.0 359.0 272.0 3.0 272.0 932.0 192.0 932.0 
1 5 0.6 0.6 622.0 146.0 622.0 359.0 28.0 359.0 272.0 3.0 272.0 932.0 192.0 932.0 875.0 69.0 875.0 
1 6 0.74 0.74 622.0 146.0 622.0 359.0 28.0 359.0 272.0 3.0 272.0 932.0 192.0 932.0 875.0 69.0 875.0 974.0 131.0 974.0 
1 7 0.81 0.81 622.0 146.0 622.0 359.0 28.0 359.0 272.0 3.0 272.0 932.0 192.0 932.0 875.0 69.0 875.0 974.0 131.0 974.0 375.0 26.0 375.0 
1 2 0.37 0.37 401.0 43.0 401.0 15.0 4.0 15.0 
1 3 0.52 0.52 401.0 43.0 401.0 15.0 4.0 15.0 418.0 64.0 418.0 
1 4 0.64 0.64 401.0 43.0 401.0 15.0 4.0 15.0 418.0 64.0 418.0 541.0 63.0 541.0 
1 2 0.78 0.78 29.0 21.0 29.0 402.0 23.0 402.0 
1 2 0.31 0.31 813.0 57.0 813.0 114.0 28.0 114.0 
1 3 0.47 0.47 813.0 57.0 813.0 114.0 28.0 114.0 293.0 48.0 293.0 
1 2 0.38 0.38 685.0 137.0 685.0 241.0 45.0 241.0 
1 3 0.74 0.74 685.0 137.0 685.0 241.0 45.0 241.0 585.0 210.0 585.0 
1 2 0.8 0.8 54.0 32.0 54.0 540.0 112.0 540.0 
1 3 0.82 0.82 54.0 32.0 54.0 540.0 112.0 540.0 971.0 22.0 971.0 
1 2 0.44 0.44 511.0 160.0 511.0 773.0 103.0 773.0 
1 3 0.54 0.54 511.0 160.0 511.0 773.0 103.0 773.0 533.0 53.0 533.0 
1 4 0.67 0.67 511.0 160.0 511.0 773.0 103.0 773.0 533.0 53.0 533.0 900.0 120.0 900.0 
1 2 0.61 0.61 688.0 287.0 688.0 765.0 153.0 765.0 
1 2 0.81 0.81 260.0 12.0 260.0 108.0 83.0 108.0 
1 2 0.38 0.38 90.0 13.0 90.0 111.0 27.0 111.0 
1 3 0.45 0.45 90.0 13.0 90.0 111.0 27.0 111.0 910.0 64.0 910.0 
1 4 0.56 0.56 90.0 13.0 90.0 111.0 27.0 111.0 910.0 64.0 910.0 853.0 89.0 853.0 
1 2 0.48 0.48 455.0 166.0 455.0 918.0 110.0 918.0 
1 3 0.9 0.9 455.0 166.0 455.0 918.0 110.0 918.0 489.0 207.0 489.0 
1 2 0.32 0.32 623.0 148.0 623.0 48.0 4.0 48.0 
1 3 0.78 0.78 623.0 148.0 623.0 48.0 4.0 48.0 250.0 117.0 250.0 
1 2 0.73 0.73 887.0 485.0 887.0 982.0 183.0 982.0 
1 2 0.99 0.99 900.0 616.0 900.0 13.0 4.0 13.0 
1 2 0.34 0.34 968.0 71.0 968.0 485.0 130.0 485.0 
1 3 0.48 0.48 968.0 71.0 968.0 485.0 130.0 485.0 613.0 85.0 613.0 
1 4 0.81 0.81 968.0 71.0 968.0 485.0 130.0 485.0 613.0 85.0 613.0 384.0 129.0 384.0 
1 2 0.66 0.66 218.0 67.0 218.0 762.0 273.0 762.0 
1 3 0.84 0.84 218.0 67.0 218.0 762.0 273.0 762.0 522.0 95.0 522.0 
1 4 0.99 0.99 218.0 67.0 218.0 762.0 273.0 762.0 522.0 95.0 522.0 353.0 51.0 353.0 
1 2 0.24 0.24 97.0 6.0 97.0 409.0 73.0 409.0 
1 3 0.28 0.28 97.0 6.0 97.0 409.0 73.0 409.0 264.0 13.0 264.0 
1 4 0.46 0.46 97.0 6.0 97.0 409.0 73.0 409.0 264.0 13.0 264.0 642.0 111.0 642.0 
1 5 0.83 0.83 97.0 6.0 97.0 409.0 73.0 409.0 264.0 13.0 264.0 642.0 111.0 642.0 812.0 301.0 812.0 
1 2 0.12 0.12 812.0 45.0 812.0 99.0 7.0 99.0 
1 3 0.26 0.26 812.0 45.0 812.0 99.0 7.0 99.0 577.0 78.0 577.0 
1 4 0.28 0.28 812.0 45.0 812.0 99.0 7.0 99.0 577.0 78.0 577.0 293.0 6.0 293.0 
1 5 0.35 0.35 812.0 45.0 812.0 99.0 7.0 99.0 577.0 78.0 577.0 293.0 6.0 293.0 543.0 41.0 543.0 
1 6 0.57 0.57 812.0 45.0 812.0 99.0 7.0 99.0 577.0 78.0 577.0 293.0 6.0 293.0 543.0 41.0 543.0 384.0 82.0 384.0 
1 7 0.8 0.8 812.0 45.0 812.0 99.0 7.0 99.0 577.0 78.0 577.0 293.0 6.0 293.0 543.0 41.0 543.0 384.0 82.0 384.0 394.0 94.0 394.0 
1 2 0.26 0.26 224.0 43.0 224.0 14.0 1.0 14.0 
1 3 0.82 0.82 224.0 43.0 224.0 14.0 1.0 14.0 469.0 262.0 469.0 
1 2 0.26 0.26 776.0 130.0 776.0 704.0 70.0 704.0 
1 3 0.34 0.34 776.0 130.0 776.0 704.0 70.0 704.0 635.0 51.0 635.0 
1 4 0.53 0.53 776.0 130.0 776.0 704.0 70.0 704.0 635.0 51.0 635.0 985.0 187.0 985.0 
1 5 0.68 0.68 776.0 130.0 776.0 704.0 70.0 704.0 635.0 51.0 635.0 985.0 187.0 985.0 363.0 54.0 363.0 
1 6 0.72 0.72 776.0 130.0 776.0 704.0 70.0 704.0 635.0 51.0 635.0 985.0 187.0 985.0 363.0 54.0 363.0 82.0 3.0 82.0 
1 2 0.28 0.28 67.0 17.0 67.0 687.0 21.0 687.0 
1 3 0.39 0.39 67.0 17.0 67.0 687.0 21.0 687.0 998.0 112.0 998.0 
1 4 0.99 0.99 67.0 17.0 67.0 687.0 21.0 687.0 998.0 112.0 998.0 654.0 392.0 654.0 
1 2 0.55 0.55 426.0 47.0 426.0 593.0 265.0 593.0 
1 3 0.79 0.79 426.0 47.0 426.0 593.0 265.0 593.0 445.0 106.0 445.0 
1 4 0.87 0.87 426.0 47.0 426.0 593.0 265.0 593.0 445.0 106.0 445.0 358.0 30.0 358.0 
1 5 0.97 0.97 426.0 47.0 426.0 593.0 265.0 593.0 445.0 106.0 445.0 358.0 30.0 358.0 376.0 37.0 376.0 
1 2 0.29 0.29 516.0 41.0 516.0 396.0 86.0 396.0 
1 3 0.31 0.31 516.0 41.0 516.0 396.0 86.0 396.0 822.0 19.0 822.0 
1 4 0.72 0.72 516.0 41.0 516.0 396.0 86.0 396.0 822.0 19.0 822.0 81.0 33.0 81.0 
1 2 0.49 0.49 262.0 129.0 262.0 677.0 3.0 677.0 
1 3 0.55 0.55 262.0 129.0 262.0 677.0 3.0 677.0 835.0 48.0 835.0 
1 4 0.63 0.63 262.0 129.0 262.0 677.0 3.0 677.0 835.0 48.0 835.0 966.0 79.0 966.0 
1 5 0.65 0.65 262.0 129.0 262.0 677.0 3.0 677.0 835.0 48.0 835.0 966.0 79.0 966.0 921.0 15.0 921.0 
1 6 0.67 0.67 262.0 129.0 262.0 677.0 3.0 677.0 835.0 48.0 835.0 966.0 79.0 966.0 921.0 15.0 921.0 433.0 9.0 433.0 
1 7 0.98 0.98 262.0 129.0 262.0 677.0 3.0 677.0 835.0 48.0 835.0 966.0 79.0 966.0 921.0 15.0 921.0 433.0 9.0 433.0 505.0 155.0 505.0 
1 2 0.76 0.76 659.0 448.0 659.0 718.0 64.0 718.0 
1 3 0.86 0.86 659.0 448.0 659.0 718.0 64.0 718.0 134.0 13.0 134.0 
1 4 0.93 0.93 659.0 448.0 659.0 718.0 64.0 718.0 134.0 13.0 134.0 689.0 48.0 689.0 
1 2 0.38 0.38 37.0 3.0 37.0 206.0 62.0 206.0 
1 3 0.62 0.62 37.0 3.0 37.0 206.0 62.0 206.0 747.0 183.0 747.0 
1 4 0.64 0.64 37.0 3.0 37.0 206.0 62.0 206.0 747.0 183.0 747.0 961.0 20.0 961.0 
1 2 0.99 0.99 7.0 3.0 7.0 571.0 321.0 571.0 
1 2 0.36 0.36 167.0 14.0 167.0 952.0 268.0 952.0 
1 3 0.37 0.37 167.0 14.0 167.0 952.0 268.0 952.0 280.0 2.0 280.0 
1 4 0.68 0.68 167.0 14.0 167.0 952.0 268.0 952.0 280.0 2.0 280.0 523.0 165.0 523.0 
1 2 0.04 0.04 971.0 10.0 971.0 30.0 1.0 30.0 
1 3 0.25 0.25 971.0 10.0 971.0 30.0 1.0 30.0 663.0 141.0 663.0 
1 4 0.28 0.28 971.0 10.0 971.0 30.0 1.0 30.0 663.0 141.0 663.0 720.0 19.0 720.0 
1 5 0.36 0.36 971.0 10.0 971.0 30.0 1.0 30.0 663.0 141.0 663.0 720.0 19.0 720.0 540.0 44.0 540.0 
1 6 0.98 0.98 971.0 10.0 971.0 30.0 1.0 30.0 663.0 141.0 663.0 720.0 19.0 720.0 540.0 44.0 540.0 8.0 5.0 8.0 
1 2 0.31 0.31 429.0 123.0 429.0 33.0 1.0 33.0 
1 3 0.74 0.74 429.0 123.0 429.0 33.0 1.0 33.0 813.0 352.0 813.0 
1 4 0.75 0.75 429.0 123.0 429.0 33.0 1.0 33.0 813.0 352.0 813.0 858.0 6.0 858.0 
1 5 0.87 0.87 429.0 123.0 429.0 33.0 1.0 33.0 813.0 352.0 813.0 858.0 6.0 858.0 504.0 61.0 504.0 
1 2 0.19 0.19 274.0 30.0 274.0 371.0 32.0 371.0 
1 3 0.97 0.97 274.0 30.0 274.0 371.0 32.0 371.0 167.0 130.0 167.0 
1 2 0.8 0.8 960.0 574.0 960.0 391.0 80.0 391.0 
1 2 0.42 0.42 259.0 13.0 259.0 657.0 246.0 657.0 
1 3 0.53 0.53 259.0 13.0 259.0 657.0 246.0 657.0 230.0 25.0 230.0 
1 4 0.63 0.63 259.0 13.0 259.0 657.0 246.0 657.0 230.0 25.0 230.0 860.0 90.0 860.0 
1 5 0.81 0.81 259.0 13.0 259.0 657.0 246.0 657.0 230.0 25.0 230.0 860.0 90.0 860.0 318.0 56.0 318.0 
1 6 0.99 0.99 259.0 13.0 259.0 657.0 246.0 657.0 230.0 25.0 230.0 860.0 90.0 860.0 318.0 56.0 318.0 522.0 97.0 522.0 
1 2 0.33 0.33 990.0 307.0 990.0 236.0 5.0 236.0 
1 3 0.35 0.35 990.0 307.0 990.0 236.0 5.0 236.0 724.0 17.0 724.0 
1 4 0.59 0.59 990.0 307.0 990.0 236.0 5.0 236.0 724.0 17.0 724.0 66.0 16.0 66.0 
1 5 0.73 0.73 990.0 307.0 990.0 236.0 5.0 236.0 724.0 17.0 724.0 66.0 16.0 66.0 514.0 73.0 514.0 
1 6 0.76 0.76 990.0 307.0 990.0 236.0 5.0 236.0 724.0 17.0 724.0 66.0 16.0 66.0 514.0 73.0 514.0 72.0 2.0 72.0 
1 2 0.99 0.99 303.0 39.0 303.0 795.0 692.0 795.0 
1 2 0.25 0.25 678.0 160.0 678.0 47.0 1.0 47.0 
1 3 0.4 0.4 678.0 160.0 678.0 47.0 1.0 47.0 946.0 141.0 946.0 
1 4 0.5 0.5 678.0 160.0 678.0 47.0 1.0 47.0 946.0 141.0 946.0 615.0 63.0 615.0 
1 2 0.75 0.75 10.0 4.0 10.0 959.0 337.0 959.0 
1 3 0.86 0.86 10.0 4.0 10.0 959.0 337.0 959.0 122.0 14.0 122.0 
1 2 0.31 0.31 654.0 16.0 654.0 815.0 238.0 815.0 
1 3 0.46 0.46 654.0 16.0 654.0 815.0 238.0 815.0 843.0 128.0 843.0 
1 4 0.84 0.84 654.0 16.0 654.0 815.0 238.0 815.0 843.0 128.0 843.0 470.0 179.0 470.0 
1 5 0.96 0.96 654.0 16.0 654.0 815.0 238.0 815.0 843.0 128.0 843.0 470.0 179.0 470.0 195.0 22.0 195.0 
1 2 0.39 0.39 695.0 11.0 695.0 832.0 314.0 832.0 
1 3 0.57 0.57 695.0 11.0 695.0 832.0 314.0 832.0 71.0 13.0 71.0 
1 4 0.78 0.78 695.0 11.0 695.0 832.0 314.0 832.0 71.0 13.0 71.0 476.0 99.0 476.0 
1 2 0.31 0.31 384.0 13.0 384.0 911.0 259.0 911.0 
1 2 0.83 0.83 523.0 84.0 523.0 123.0 83.0 123.0 
1 2 0.1 0.1 640.0 53.0 640.0 617.0 15.0 617.0 
1 3 0.13 0.13 640.0 53.0 640.0 617.0 15.0 617.0 111.0 3.0 111.0 
1 4 0.4 0.4 640.0 53.0 640.0 617.0 15.0 617.0 111.0 3.0 111.0 472.0 129.0 472.0 
1 5 0.58 0.58 640.0 53.0 640.0 617.0 15.0 617.0 111.0 3.0 111.0 472.0 129.0 472.0 179.0 31.0 179.0 
1 6 0.97 0.97 640.0 53.0 640.0 617.0 15.0 617.0 111.0 3.0 111.0 472.0 129.0 472.0 179.0 31.0 179.0 982.0 383.0 982.0 
1 7 0.99 0.99 640.0 53.0 640.0 617.0 15.0 617.0 111.0 3.0 111.0 472.0 129.0 472.0 179.0 31.0 179.0 982.0 383.0 982.0 953.0 22.0 953.0 
1 2 0.96 0.96 454.0 170.0 454.0 346.0 205.0 346.0 
1 2 0.14 0.14 858.0 16.0 858.0 525.0 64.0 525.0 
1 3 0.15 0.15 858.0 16.0 858.0 525.0 64.0 525.0 594.0 7.0 594.0 
1 4 0.49 0.49 858.0 16.0 858.0 525.0 64.0 525.0 594.0 7.0 594.0 928.0 321.0 928.0 
1 5 0.51 0.51 858.0 16.0 858.0 525.0 64.0 525.0 594.0 7.0 594.0 928.0 321.0 928.0 782.0 17.0 782.0 
1 6 0.84 0.84 858.0 16.0 858.0 525.0 64.0 525.0 594.0 7.0 594.0 928.0 321.0 928.0 782.0 17.0 782.0 326.0 106.0 326.0 
1 7 0.96 0.96 858.0 16.0 858.0 525.0 64.0 525.0 594.0 7.0 594.0 928.0 321.0 928.0 782.0 17.0 782.0 326.0 106.0 326.0 890.0 103.0 890.0 
1 8 0.99 0.99 858.0 16.0 858.0 525.0 64.0 525.0 594.0 7.0 594.0 928.0 321.0 928.0 782.0 17.0 782.0 326.0 106.0 326.0 890.0 103.0 890.0 66.0 2.0 66.0 
1 2 0.54 0.54 901.0 59.0 901.0 438.0 209.0 438.0 
1 2 0.64 0.64 159.0 44.0 159.0 66.0 24.0 66.0 
1 3 0.68 0.68 159.0 44.0 159.0 66.0 24.0 66.0 777.0 36.0 777.0 
1 4 0.77 0.77 159.0 44.0 159.0 66.0 24.0 66.0 777.0 36.0 777.0 975.0 82.0 975.0 
1 2 0.25 0.25 359.0 82.0 359.0 969.0 22.0 969.0 
1 3 0.27 0.27 359.0 82.0 359.0 969.0 22.0 969.0 688.0 14.0 688.0 
1 4 0.29 0.29 359.0 82.0 359.0 969.0 22.0 969.0 688.0 14.0 688.0 510.0 10.0 510.0 
1 5 0.51 0.51 359.0 82.0 359.0 969.0 22.0 969.0 688.0 14.0 688.0 510.0 10.0 510.0 662.0 149.0 662.0 
1 6 0.93 0.93 359.0 82.0 359.0 969.0 22.0 969.0 688.0 14.0 688.0 510.0 10.0 510.0 662.0 149.0 662.0 352.0 149.0 352.0 
1 7 0.95 0.95 359.0 82.0 359.0 969.0 22.0 969.0 688.0 14.0 688.0 510.0 10.0 510.0 662.0 149.0 662.0 352.0 149.0 352.0 899.0 15.0 899.0 
1 2 0.91 0.91 628.0 427.0 628.0 643.0 149.0 643.0 
1 3 0.97 0.97 628.0 427.0 628.0 643.0 149.0 643.0 972.0 60.0 972.0 
1 2 0.12 0.12 46.0 4.0 46.0 913.0 39.0 913.0 
1 3 0.74 0.74 46.0 4.0 46.0 913.0 39.0 913.0 13.0 8.0 13.0 
1 4 0.81 0.81 46.0 4.0 46.0 913.0 39.0 913.0 13.0 8.0 13.0 897.0 61.0 897.0 
1 2 0.06 0.06 517.0 16.0 517.0 686.0 23.0 686.0 
1 3 0.17 0.17 517.0 16.0 517.0 686.0 23.0 686.0 87.0 10.0 87.0 
1 4 0.21 0.21 517.0 16.0 517.0 686.0 23.0 686.0 87.0 10.0 87.0 821.0 29.0 821.0 
1 5 0.37 0.37 517.0 16.0 517.0 686.0 23.0 686.0 87.0 10.0 87.0 821.0 29.0 821.0 470.0 77.0 470.0 
1 6 0.41 0.41 517.0 16.0 517.0 686.0 23.0 686.0 87.0 10.0 87.0 821.0 29.0 821.0 470.0 77.0 470.0 81.0 3.0 81.0 
1 7 0.71 0.71 517.0 16.0 517.0 686.0 23.0 686.0 87.0 10.0 87.0 821.0 29.0 821.0 470.0 77.0 470.0 81.0 3.0 81.0 142.0 43.0 142.0 
1 8 0.88 0.88 517.0 16.0 517.0 686.0 23.0 686.0 87.0 10.0 87.0 821.0 29.0 821.0 470.0 77.0 470.0 81.0 3.0 81.0 142.0 43.0 142.0 228.0 38.0 228.0 
1 9 0.94 0.94 517.0 16.0 517.0 686.0 23.0 686.0 87.0 10.0 87.0 821.0 29.0 821.0 470.0 77.0 470.0 81.0 3.0 81.0 142.0 43.0 142.0 228.0 38.0 228.0 434.0 28.0 434.0 
1 2 0.23 0.23 367.0 38.0 367.0 534.0 72.0 534.0 
1 3 0.24 0.24 367.0 38.0 367.0 534.0 72.0 534.0 294.0 3.0 294.0 
1 4 0.62 0.62 367.0 38.0 367.0 534.0 72.0 534.0 294.0 3.0 294.0 186.0 70.0 186.0 
1 5 0.88 0.88 367.0 38.0 367.0 534.0 72.0 534.0 294.0 3.0 294.0 186.0 70.0 186.0 236.0 61.0 236.0 
1 2 0.48 0.48 953.0 53.0 953.0 118.0 51.0 118.0 
1 3 0.79 0.79 953.0 53.0 953.0 118.0 51.0 118.0 945.0 290.0 945.0 
1 2 0.61 0.61 225.0 104.0 225.0 568.0 87.0 568.0 
1 3 0.66 0.66 225.0 104.0 225.0 568.0 87.0 568.0 793.0 36.0 793.0 
1 4 0.71 0.71 225.0 104.0 225.0 568.0 87.0 568.0 793.0 36.0 793.0 232.0 12.0 232.0 
1 5 0.95 0.95 225.0 104.0 225.0 568.0 87.0 568.0 793.0 36.0 793.0 232.0 12.0 232.0 230.0 56.0 230.0 
1 2 0.56 0.56 531.0 72.0 531.0 246.0 106.0 246.0 
1 2 0.13 0.13 613.0 4.0 613.0 504.0 63.0 504.0 
1 3 0.39 0.39 613.0 4.0 613.0 504.0 63.0 504.0 436.0 113.0 436.0 
1 2 0.33 0.33 836.0 19.0 836.0 733.0 229.0 733.0 
1 3 0.82 0.82 836.0 19.0 836.0 733.0 229.0 733.0 172.0 84.0 172.0 
1 4 0.87 0.87 836.0 19.0 836.0 733.0 229.0 733.0 172.0 84.0 172.0 270.0 15.0 270.0 
1 5 0.98 0.98 836.0 19.0 836.0 733.0 229.0 733.0 172.0 84.0 172.0 270.0 15.0 270.0 183.0 19.0 183.0 
1 2 0.54 0.54 86.0 33.0 86.0 972.0 154.0 972.0 
1 2 0.43 0.43 255.0 16.0 255.0 830.0 305.0 830.0 
1 3 0.44 0.44 255.0 16.0 255.0 830.0 305.0 830.0 451.0 6.0 451.0 
1 4 0.5 0.5 255.0 16.0 255.0 830.0 305.0 830.0 451.0 6.0 451.0 309.0 20.0 309.0 
1 5 0.85 0.85 255.0 16.0 255.0 830.0 305.0 830.0 451.0 6.0 451.0 309.0 20.0 309.0 981.0 345.0 981.0 
1 2 0.19 0.19 223.0 37.0 223.0 921.0 27.0 921.0 
1 3 0.21 0.21 223.0 37.0 223.0 921.0 27.0 921.0 453.0 8.0 453.0 
1 4 0.8 0.8 223.0 37.0 223.0 921.0 27.0 921.0 453.0 8.0 453.0 784.0 467.0 784.0 
1 2 0.34 0.34 643.0 153.0 643.0 639.0 70.0 639.0 
1 3 0.4 0.4 643.0 153.0 643.0 639.0 70.0 639.0 934.0 57.0 934.0 
1 4 0.7 0.7 643.0 153.0 643.0 639.0 70.0 639.0 934.0 57.0 934.0 995.0 293.0 995.0 
1 2 0.24 0.24 870.0 109.0 870.0 154.0 19.0 154.0 
1 3 0.29 0.29 870.0 109.0 870.0 154.0 19.0 154.0 317.0 15.0 317.0 
1 4 0.37 0.37 870.0 109.0 870.0 154.0 19.0 154.0 317.0 15.0 317.0 430.0 35.0 430.0 
1 5 0.5 0.5 870.0 109.0 870.0 154.0 19.0 154.0 317.0 15.0 317.0 430.0 35.0 430.0 869.0 110.0 869.0 
1 6 0.69 0.69 870.0 109.0 870.0 154.0 19.0 154.0 317.0 15.0 317.0 430.0 35.0 430.0 869.0 110.0 869.0 373.0 73.0 373.0 
1 7 0.94 0.94 870.0 109.0 870.0 154.0 19.0 154.0 317.0 15.0 317.0 430.0 35.0 430.0 869.0 110.0 869.0 373.0 73.0 373.0 431.0 104.0 431.0 
1 2 0.58 0.58 338.0 126.0 338.0 630.0 134.0 630.0 
1 3 0.64 0.64 338.0 126.0 338.0 630.0 134.0 630.0 390.0 24.0 390.0 
1 4 0.83 0.83 338.0 126.0 338.0 630.0 134.0 630.0 390.0 24.0 390.0 826.0 159.0 826.0 
1 2 0.44 0.44 556.0 79.0 556.0 285.0 85.0 285.0 
1 3 0.9 0.9 556.0 79.0 556.0 285.0 85.0 285.0 488.0 228.0 488.0 
1 2 0.2 0.2 120.0 18.0 120.0 871.0 52.0 871.0 
1 3 0.28 0.28 120.0 18.0 120.0 871.0 52.0 871.0 738.0 56.0 738.0 
1 4 0.66 0.66 120.0 18.0 120.0 871.0 52.0 871.0 738.0 56.0 738.0 745.0 284.0 745.0 
1 2 0.2 0.2 20.0 1.0 20.0 812.0 123.0 812.0 
1 2 0.37 0.37 526.0 42.0 526.0 865.0 259.0 865.0 
1 3 0.55 0.55 526.0 42.0 526.0 865.0 259.0 865.0 598.0 105.0 598.0 
1 4 0.83 0.83 526.0 42.0 526.0 865.0 259.0 865.0 598.0 105.0 598.0 916.0 254.0 916.0 
1 5 0.99 0.99 526.0 42.0 526.0 865.0 259.0 865.0 598.0 105.0 598.0 916.0 254.0 916.0 150.0 25.0 150.0 
1 2 0.98 0.98 178.0 44.0 178.0 183.0 135.0 183.0 
1 2 0.47 0.47 430.0 46.0 430.0 320.0 117.0 320.0 
1 3 0.69 0.69 430.0 46.0 430.0 320.0 117.0 320.0 684.0 153.0 684.0 
1 4 0.83 0.83 430.0 46.0 430.0 320.0 117.0 320.0 684.0 153.0 684.0 580.0 78.0 580.0 
1 5 0.88 0.88 430.0 46.0 430.0 320.0 117.0 320.0 684.0 153.0 684.0 580.0 78.0 580.0 931.0 52.0 931.0 
1 6 0.93 0.93 430.0 46.0 430.0 320.0 117.0 320.0 684.0 153.0 684.0 580.0 78.0 580.0 931.0 52.0 931.0 505.0 25.0 505.0 
1 2 0.93 0.93 164.0 23.0 164.0 324.0 258.0 324.0 
1 3 0.97 0.97 164.0 23.0 164.0 324.0 258.0 324.0 907.0 32.0 907.0 
1 2 0.44 0.44 325.0 35.0 325.0 950.0 323.0 950.0 
1 3 0.83 0.83 325.0 35.0 325.0 950.0 323.0 950.0 735.0 284.0 735.0 
1 4 0.89 0.89 325.0 35.0 325.0 950.0 323.0 950.0 735.0 284.0 735.0 899.0 53.0 899.0 
1 2 0.56 0.56 149.0 3.0 149.0 424.0 231.0 424.0 
1 3 0.75 0.75 149.0 3.0 149.0 424.0 231.0 424.0 638.0 121.0 638.0 
1 4 0.97 0.97 149.0 3.0 149.0 424.0 231.0 424.0 638.0 121.0 638.0 181.0 40.0 181.0 
1 2 0.21 0.21 784.0 8.0 784.0 376.0 76.0 376.0 
1 3 0.51 0.51 784.0 8.0 784.0 376.0 76.0 376.0 10.0 3.0 10.0 
1 2 0.02 0.02 958.0 23.0 958.0 806.0 2.0 806.0 
1 3 0.87 0.87 958.0 23.0 958.0 806.0 2.0 806.0 976.0 828.0 976.0 
1 2 0.65 0.65 538.0 15.0 538.0 747.0 472.0 747.0 
1 3 0.91 0.91 538.0 15.0 538.0 747.0 472.0 747.0 622.0 159.0 622.0 
1 4 0.98 0.98 538.0 15.0 538.0 747.0 472.0 747.0 622.0 159.0 622.0 946.0 67.0 946.0 
1 2 0.59 0.59 242.0 42.0 242.0 200.0 85.0 200.0 
1 3 0.75 0.75 242.0 42.0 242.0 200.0 85.0 200.0 544.0 84.0 544.0 
1 4 0.79 0.79 242.0 42.0 242.0 200.0 85.0 200.0 544.0 84.0 544.0 460.0 18.0 460.0 
1 5 0.84 0.84 242.0 42.0 242.0 200.0 85.0 200.0 544.0 84.0 544.0 460.0 18.0 460.0 982.0 53.0 982.0 
1 6 0.9 0.9 242.0 42.0 242.0 200.0 85.0 200.0 544.0 84.0 544.0 460.0 18.0 460.0 982.0 53.0 982.0 805.0 48.0 805.0 
1 2 0.39 0.39 315.0 3.0 315.0 689.0 266.0 689.0 
1 3 0.57 0.57 315.0 3.0 315.0 689.0 266.0 689.0 411.0 74.0 411.0 
1 2 0.99 0.99 242.0 71.0 242.0 146.0 103.0 146.0 
1 2 0.62 0.62 586.0 76.0 586.0 350.0 172.0 350.0 
1 3 0.74 0.74 586.0 76.0 586.0 350.0 172.0 350.0 84.0 10.0 84.0 
1 2 0.09 0.09 132.0 5.0 132.0 487.0 27.0 487.0 
1 3 0.51 0.51 132.0 5.0 132.0 487.0 27.0 487.0 59.0 25.0 59.0 
1 4 0.81 0.81 132.0 5.0 132.0 487.0 27.0 487.0 59.0 25.0 59.0 838.0 251.0 838.0 
1 2 0.35 0.35 567.0 84.0 567.0 908.0 187.0 908.0 
1 3 0.47 0.47 567.0 84.0 567.0 908.0 187.0 908.0 825.0 102.0 825.0 
1 2 0.36 0.36 980.0 247.0 980.0 128.0 14.0 128.0 
1 3 0.48 0.48 980.0 247.0 980.0 128.0 14.0 128.0 313.0 40.0 313.0 
1 2 0.23 0.23 287.0 2.0 287.0 597.0 134.0 597.0 
1 3 0.26 0.26 287.0 2.0 287.0 597.0 134.0 597.0 609.0 22.0 609.0 
1 4 0.65 0.65 287.0 2.0 287.0 597.0 134.0 597.0 609.0 22.0 609.0 347.0 134.0 347.0 
1 5 0.94 0.94 287.0 2.0 287.0 597.0 134.0 597.0 609.0 22.0 609.0 347.0 134.0 347.0 139.0 41.0 139.0 
1 2 0.47 0.47 44.0 7.0 44.0 714.0 226.0 714.0 
1 3 0.85 0.85 44.0 7.0 44.0 714.0 226.0 714.0 466.0 175.0 466.0 
1 2 0.52 0.52 345.0 59.0 345.0 37.0 13.0 37.0 
1 3 0.64 0.64 345.0 59.0 345.0 37.0 13.0 37.0 639.0 80.0 639.0 
1 4 0.75 0.75 345.0 59.0 345.0 37.0 13.0 37.0 639.0 80.0 639.0 221.0 23.0 221.0 
1 5 0.78 0.78 345.0 59.0 345.0 37.0 13.0 37.0 639.0 80.0 639.0 221.0 23.0 221.0 101.0 3.0 101.0 
1 6 0.99 0.99 345.0 59.0 345.0 37.0 13.0 37.0 639.0 80.0 639.0 221.0 23.0 221.0 101.0 3.0 101.0 262.0 57.0 262.0 
1 2 0.6 0.6 846.0 133.0 846.0 20.0 9.0 20.0 
1 3 0.72 0.72 846.0 133.0 846.0 20.0 9.0 20.0 814.0 92.0 814.0 
1 4 0.79 0.79 846.0 133.0 846.0 20.0 9.0 20.0 814.0 92.0 814.0 83.0 6.0 83.0 
1 2 0.99 0.99 90.0 71.0 90.0 896.0 186.0 896.0 
1 2 0.46 0.46 972.0 302.0 972.0 730.0 114.0 730.0 
1 3 0.73 0.73 972.0 302.0 972.0 730.0 114.0 730.0 75.0 20.0 75.0 
1 4 0.83 0.83 972.0 302.0 972.0 730.0 114.0 730.0 75.0 20.0 75.0 423.0 42.0 423.0 
1 2 0.63 0.63 536.0 65.0 536.0 936.0 484.0 936.0 
1 2 0.42 0.42 585.0 90.0 585.0 229.0 63.0 229.0 
1 2 0.6 0.6 627.0 244.0 627.0 711.0 156.0 711.0 
1 3 0.81 0.81 627.0 244.0 627.0 711.0 156.0 711.0 671.0 139.0 671.0 
1 2 0.3 0.3 22.0 1.0 22.0 664.0 170.0 664.0 
1 3 0.39 0.39 22.0 1.0 22.0 664.0 170.0 664.0 235.0 22.0 235.0 
1 4 0.65 0.65 22.0 1.0 22.0 664.0 170.0 664.0 235.0 22.0 235.0 76.0 20.0 76.0 
1 5 0.94 0.94 22.0 1.0 22.0 664.0 170.0 664.0 235.0 22.0 235.0 76.0 20.0 76.0 173.0 49.0 173.0 
1 2 0.28 0.28 666.0 44.0 666.0 674.0 148.0 674.0 
1 3 0.89 0.89 666.0 44.0 666.0 674.0 148.0 674.0 402.0 243.0 402.0 
1 4 0.98 0.98 666.0 44.0 666.0 674.0 148.0 674.0 402.0 243.0 402.0 629.0 57.0 629.0 
1 2 0.08 0.08 516.0 40.0 516.0 736.0 7.0 736.0 
1 3 0.62 0.62 516.0 40.0 516.0 736.0 7.0 736.0 894.0 479.0 894.0 
1 4 0.7 0.7 516.0 40.0 516.0 736.0 7.0 736.0 894.0 479.0 894.0 620.0 52.0 620.0 
1 2 0.48 0.48 177.0 21.0 177.0 406.0 148.0 406.0 
1 3 0.63 0.63 177.0 21.0 177.0 406.0 148.0 406.0 405.0 61.0 405.0 
1 4 0.81 0.81 177.0 21.0 177.0 406.0 148.0 406.0 405.0 61.0 405.0 851.0 152.0 851.0 
1 5 0.9 0.9 177.0 21.0 177.0 406.0 148.0 406.0 405.0 61.0 405.0 851.0 152.0 851.0 931.0 88.0 931.0 
1 2 0.26 0.26 859.0 88.0 859.0 19.0 3.0 19.0 
1 3 0.57 0.57 859.0 88.0 859.0 19.0 3.0 19.0 558.0 175.0 558.0 
1 4 0.65 0.65 859.0 88.0 859.0 19.0 3.0 19.0 558.0 175.0 558.0 856.0 70.0 856.0 
1 5 0.71 0.71 859.0 88.0 859.0 19.0 3.0 19.0 558.0 175.0 558.0 856.0 70.0 856.0 289.0 17.0 289.0 
1 2 0.18 0.18 818.0 36.0 818.0 201.0 29.0 201.0 
1 3 0.22 0.22 818.0 36.0 818.0 201.0 29.0 201.0 223.0 8.0 223.0 
1 4 0.44 0.44 818.0 36.0 818.0 201.0 29.0 201.0 223.0 8.0 223.0 152.0 34.0 152.0 
1 5 0.48 0.48 818.0 36.0 818.0 201.0 29.0 201.0 223.0 8.0 223.0 152.0 34.0 152.0 204.0 8.0 204.0 
1 6 0.6 0.6 818.0 36.0 818.0 201.0 29.0 201.0 223.0 8.0 223.0 152.0 34.0 152.0 204.0 8.0 204.0 964.0 112.0 964.0 
1 7 0.66 0.66 818.0 36.0 818.0 201.0 29.0 201.0 223.0 8.0 223.0 152.0 34.0 152.0 204.0 8.0 204.0 964.0 112.0 964.0 49.0 3.0 49.0 
1 8 0.69 0.69 818.0 36.0 818.0 201.0 29.0 201.0 223.0 8.0 223.0 152.0 34.0 152.0 204.0 8.0 204.0 964.0 112.0 964.0 49.0 3.0 49.0 573.0 15.0 573.0 
1 2 0.46 0.46 262.0 65.0 262.0 41.0 9.0 41.0 
1 2 0.38 0.38 316.0 95.0 316.0 541.0 48.0 541.0 
1 3 0.58 0.58 316.0 95.0 316.0 541.0 48.0 541.0 347.0 67.0 347.0 
1 2 0.08 0.08 878.0 3.0 878.0 234.0 18.0 234.0 
1 3 0.43 0.43 878.0 3.0 878.0 234.0 18.0 234.0 366.0 128.0 366.0 
1 4 0.88 0.88 878.0 3.0 878.0 234.0 18.0 234.0 366.0 128.0 366.0 848.0 384.0 848.0 
1 2 0.21 0.21 15.0 2.0 15.0 180.0 14.0 180.0 
1 3 0.48 0.48 15.0 2.0 15.0 180.0 14.0 180.0 810.0 221.0 810.0 
1 4 0.83 0.83 15.0 2.0 15.0 180.0 14.0 180.0 810.0 221.0 810.0 980.0 345.0 980.0 
1 2 0.43 0.43 758.0 274.0 758.0 339.0 26.0 339.0 
1 3 0.55 0.55 758.0 274.0 758.0 339.0 26.0 339.0 354.0 40.0 354.0 
1 4 0.77 0.77 758.0 274.0 758.0 339.0 26.0 339.0 354.0 40.0 354.0 570.0 129.0 570.0 
1 5 0.87 0.87 758.0 274.0 758.0 339.0 26.0 339.0 354.0 40.0 354.0 570.0 129.0 570.0 876.0 89.0 876.0 
1 2 0.41 0.41 303.0 15.0 303.0 36.0 13.0 36.0 
1 2 0.51 0.51 712.0 9.0 712.0 2.0 1.0 2.0 
1 3 0.52 0.52 712.0 9.0 712.0 2.0 1.0 2.0 131.0 1.0 131.0 
1 4 0.61 0.61 712.0 9.0 712.0 2.0 1.0 2.0 131.0 1.0 131.0 230.0 22.0 230.0 
1 2 0.6 0.6 868.0 37.0 868.0 872.0 488.0 872.0 
1 3 0.78 0.78 868.0 37.0 868.0 872.0 488.0 872.0 228.0 42.0 228.0 
1 4 0.86 0.86 868.0 37.0 868.0 872.0 488.0 872.0 228.0 42.0 228.0 13.0 1.0 13.0 
1 2 0.14 0.14 909.0 119.0 909.0 496.0 7.0 496.0 
1 3 0.34 0.34 909.0 119.0 909.0 496.0 7.0 496.0 946.0 189.0 946.0 
1 4 0.54 0.54 909.0 119.0 909.0 496.0 7.0 496.0 946.0 189.0 946.0 56.0 11.0 56.0 
1 5 0.65 0.65 909.0 119.0 909.0 496.0 7.0 496.0 946.0 189.0 946.0 56.0 11.0 56.0 159.0 18.0 159.0 
1 2 0.57 0.57 71.0 3.0 71.0 115.0 61.0 115.0 
1 3 0.79 0.79 71.0 3.0 71.0 115.0 61.0 115.0 372.0 81.0 372.0 
1 2 0.7 0.7 198.0 60.0 198.0 355.0 144.0 355.0 
1 3 0.97 0.97 198.0 60.0 198.0 355.0 144.0 355.0 659.0 176.0 659.0 
1 2 0.15 0.15 345.0 29.0 345.0 425.0 30.0 425.0 
1 3 0.33 0.33 345.0 29.0 345.0 425.0 30.0 425.0 561.0 99.0 561.0 
1 4 0.73 0.73 345.0 29.0 345.0 425.0 30.0 425.0 561.0 99.0 561.0 350.0 143.0 350.0 
1 5 0.75 0.75 345.0 29.0 345.0 425.0 30.0 425.0 561.0 99.0 561.0 350.0 143.0 350.0 323.0 4.0 323.0 
1 6 0.88 0.88 345.0 29.0 345.0 425.0 30.0 425.0 561.0 99.0 561.0 350.0 143.0 350.0 323.0 4.0 323.0 105.0 14.0 105.0 
1 7 0.97 0.97 345.0 29.0 345.0 425.0 30.0 425.0 561.0 99.0 561.0 350.0 143.0 350.0 323.0 4.0 323.0 105.0 14.0 105.0 406.0 36.0 406.0 
1 8 0.99 0.99 345.0 29.0 345.0 425.0 30.0 425.0 561.0 99.0 561.0 350.0 143.0 350.0 323.0 4.0 323.0 105.0 14.0 105.0 406.0 36.0 406.0 143.0 3.0 143.0 
1 2 0.54 0.54 109.0 49.0 109.0 789.0 76.0 789.0 
1 3 0.93 0.93 109.0 49.0 109.0 789.0 76.0 789.0 149.0 58.0 149.0 
1 2 0.16 0.16 695.0 52.0 695.0 35.0 3.0 35.0 
1 3 0.16 0.16 695.0 52.0 695.0 35.0 3.0 35.0 497.0 2.0 497.0 
1 4 0.28 0.28 695.0 52.0 695.0 35.0 3.0 35.0 497.0 2.0 497.0 568.0 69.0 568.0 
1 5 0.4 0.4 695.0 52.0 695.0 35.0 3.0 35.0 497.0 2.0 497.0 568.0 69.0 568.0 726.0 86.0 726.0 
1 6 0.44 0.44 695.0 52.0 695.0 35.0 3.0 35.0 497.0 2.0 497.0 568.0 69.0 568.0 726.0 86.0 726.0 793.0 31.0 793.0 
1 7 0.52 0.52 695.0 52.0 695.0 35.0 3.0 35.0 497.0 2.0 497.0 568.0 69.0 568.0 726.0 86.0 726.0 793.0 31.0 793.0 385.0 30.0 385.0 
1 8 0.6 0.6 695.0 52.0 695.0 35.0 3.0 35.0 497.0 2.0 497.0 568.0 69.0 568.0 726.0 86.0 726.0 793.0 31.0 793.0 385.0 30.0 385.0 976.0 82.0 976.0 
1 2 0.35 0.35 495.0 39.0 495.0 165.0 46.0 165.0 
1 3 0.41 0.41 495.0 39.0 495.0 165.0 46.0 165.0 247.0 13.0 247.0 
1 4 0.45 0.45 495.0 39.0 495.0 165.0 46.0 165.0 247.0 13.0 247.0 542.0 23.0 542.0 
1 5 0.69 0.69 495.0 39.0 495.0 165.0 46.0 165.0 247.0 13.0 247.0 542.0 23.0 542.0 475.0 113.0 475.0 
1 6 0.83 0.83 495.0 39.0 495.0 165.0 46.0 165.0 247.0 13.0 247.0 542.0 23.0 542.0 475.0 113.0 475.0 877.0 126.0 877.0 
1 7 0.94 0.94 495.0 39.0 495.0 165.0 46.0 165.0 247.0 13.0 247.0 542.0 23.0 542.0 475.0 113.0 475.0 877.0 126.0 877.0 224.0 24.0 224.0 
1 2 0.15 0.15 264.0 9.0 264.0 51.0 6.0 51.0 
1 3 0.24 0.24 264.0 9.0 264.0 51.0 6.0 51.0 896.0 84.0 896.0 
1 4 0.34 0.34 264.0 9.0 264.0 51.0 6.0 51.0 896.0 84.0 896.0 68.0 7.0 68.0 
1 5 0.43 0.43 264.0 9.0 264.0 51.0 6.0 51.0 896.0 84.0 896.0 68.0 7.0 68.0 987.0 86.0 987.0 
1 6 0.52 0.52 264.0 9.0 264.0 51.0 6.0 51.0 896.0 84.0 896.0 68.0 7.0 68.0 987.0 86.0 987.0 424.0 40.0 424.0 
1 7 0.76 0.76 264.0 9.0 264.0 51.0 6.0 51.0 896.0 84.0 896.0 68.0 7.0 68.0 987.0 86.0 987.0 424.0 40.0 424.0 344.0 80.0 344.0 
1 8 0.8 0.8 264.0 9.0 264.0 51.0 6.0 51.0 896.0 84.0 896.0 68.0 7.0 68.0 987.0 86.0 987.0 424.0 40.0 424.0 344.0 80.0 344.0 705.0 31.0 705.0 
1 2 0.5 0.5 87.0 38.0 87.0 606.0 39.0 606.0 
1 3 0.66 0.66 87.0 38.0 87.0 606.0 39.0 606.0 30.0 5.0 30.0 
1 4 0.84 0.84 87.0 38.0 87.0 606.0 39.0 606.0 30.0 5.0 30.0 655.0 114.0 655.0 
1 5 0.91 0.91 87.0 38.0 87.0 606.0 39.0 606.0 30.0 5.0 30.0 655.0 114.0 655.0 394.0 30.0 394.0 
1 2 0.22 0.22 693.0 152.0 693.0 291.0 3.0 291.0 
1 3 0.99 0.99 693.0 152.0 693.0 291.0 3.0 291.0 71.0 54.0 71.0 
1 2 0.2 0.2 545.0 51.0 545.0 44.0 5.0 44.0 
1 3 0.3 0.3 545.0 51.0 545.0 44.0 5.0 44.0 890.0 88.0 890.0 
1 4 0.57 0.57 545.0 51.0 545.0 44.0 5.0 44.0 890.0 88.0 890.0 95.0 26.0 95.0 
1 5 0.68 0.68 545.0 51.0 545.0 44.0 5.0 44.0 890.0 88.0 890.0 95.0 26.0 95.0 74.0 8.0 74.0 
1 6 0.97 0.97 545.0 51.0 545.0 44.0 5.0 44.0 890.0 88.0 890.0 95.0 26.0 95.0 74.0 8.0 74.0 853.0 248.0 853.0 
1 7 0.98 0.98 545.0 51.0 545.0 44.0 5.0 44.0 890.0 88.0 890.0 95.0 26.0 95.0 74.0 8.0 74.0 853.0 248.0 853.0 333.0 1.0 333.0 
1 2 0.59 0.59 489.0 147.0 489.0 228.0 67.0 228.0 
1 3 0.62 0.62 489.0 147.0 489.0 228.0 67.0 228.0 448.0 14.0 448.0 
1 4 0.82 0.82 489.0 147.0 489.0 228.0 67.0 228.0 448.0 14.0 448.0 384.0 75.0 384.0 
1 5 0.93 0.93 489.0 147.0 489.0 228.0 67.0 228.0 448.0 14.0 448.0 384.0 75.0 384.0 465.0 51.0 465.0 
1 2 0.33 0.33 340.0 6.0 340.0 775.0 243.0 775.0 
1 3 0.5 0.5 340.0 6.0 340.0 775.0 243.0 775.0 297.0 51.0 297.0 
1 2 0.2 0.2 625.0 74.0 625.0 352.0 30.0 352.0 
1 3 0.4 0.4 625.0 74.0 625.0 352.0 30.0 352.0 983.0 201.0 983.0 
1 4 0.73 0.73 625.0 74.0 625.0 352.0 30.0 352.0 983.0 201.0 983.0 404.0 134.0 404.0 
1 5 0.87 0.87 625.0 74.0 625.0 352.0 30.0 352.0 983.0 201.0 983.0 404.0 134.0 404.0 569.0 78.0 569.0 
1 6 0.92 0.92 625.0 74.0 625.0 352.0 30.0 352.0 983.0 201.0 983.0 404.0 134.0 404.0 569.0 78.0 569.0 876.0 40.0 876.0 
1 2 0.42 0.42 478.0 36.0 478.0 819.0 288.0 819.0 
1 3 0.61 0.61 478.0 36.0 478.0 819.0 288.0 819.0 539.0 99.0 539.0 
1 4 0.73 0.73 478.0 36.0 478.0 819.0 288.0 819.0 539.0 99.0 539.0 302.0 39.0 302.0 
1 2 0.62 0.62 606.0 46.0 606.0 68.0 37.0 68.0 
1 3 0.86 0.86 606.0 46.0 606.0 68.0 37.0 68.0 422.0 105.0 422.0 
1 2 0.12 0.12 799.0 40.0 799.0 748.0 59.0 748.0 
1 2 0.44 0.44 834.0 27.0 834.0 658.0 274.0 658.0 
1 3 0.49 0.49 834.0 27.0 834.0 658.0 274.0 658.0 305.0 15.0 305.0 
1 4 0.86 0.86 834.0 27.0 834.0 658.0 274.0 658.0 305.0 15.0 305.0 797.0 292.0 797.0 
1 5 0.94 0.94 834.0 27.0 834.0 658.0 274.0 658.0 305.0 15.0 305.0 797.0 292.0 797.0 264.0 20.0 264.0 
1 2 0.24 0.24 602.0 3.0 602.0 936.0 227.0 936.0 
1 3 0.92 0.92 602.0 3.0 602.0 936.0 227.0 936.0 241.0 164.0 241.0 
1 2 0.12 0.12 397.0 47.0 397.0 985.0 7.0 985.0 
1 3 0.19 0.19 397.0 47.0 397.0 985.0 7.0 985.0 399.0 29.0 399.0 
1 4 0.39 0.39 397.0 47.0 397.0 985.0 7.0 985.0 399.0 29.0 399.0 549.0 106.0 549.0 
1 5 0.44 0.44 397.0 47.0 397.0 985.0 7.0 985.0 399.0 29.0 399.0 549.0 106.0 549.0 246.0 12.0 246.0 
1 2 0.86 0.86 385.0 57.0 385.0 227.0 162.0 227.0 
1 2 0.49 0.49 116.0 25.0 116.0 426.0 117.0 426.0 
1 3 0.75 0.75 116.0 25.0 116.0 426.0 117.0 426.0 263.0 69.0 263.0 
1 2 0.65 0.65 968.0 460.0 968.0 483.0 87.0 483.0 
1 3 0.7 0.7 968.0 460.0 968.0 483.0 87.0 483.0 795.0 38.0 795.0 
1 4 0.9 0.9 968.0 460.0 968.0 483.0 87.0 483.0 795.0 38.0 795.0 883.0 180.0 883.0 
1 2 0.72 0.72 499.0 130.0 499.0 901.0 415.0 901.0 
1 3 0.86 0.86 499.0 130.0 499.0 901.0 415.0 901.0 148.0 22.0 148.0 
1 4 0.87 0.87 499.0 130.0 499.0 901.0 415.0 901.0 148.0 22.0 148.0 585.0 4.0 585.0 
1 2 0.86 0.86 941.0 151.0 941.0 946.0 670.0 946.0 
1 2 0.09 0.09 102.0 2.0 102.0 636.0 49.0 636.0 
1 3 0.38 0.38 102.0 2.0 102.0 636.0 49.0 636.0 794.0 225.0 794.0 
1 4 0.5 0.5 102.0 2.0 102.0 636.0 49.0 636.0 794.0 225.0 794.0 16.0 2.0 16.0 
1 5 0.54 0.54 102.0 2.0 102.0 636.0 49.0 636.0 794.0 225.0 794.0 16.0 2.0 16.0 473.0 21.0 473.0 
1 2 0.44 0.44 250.0 10.0 250.0 62.0 25.0 62.0 
1 3 0.52 0.52 250.0 10.0 250.0 62.0 25.0 62.0 464.0 39.0 464.0 
1 4 0.55 0.55 250.0 10.0 250.0 62.0 25.0 62.0 464.0 39.0 464.0 621.0 20.0 621.0 
1 5 0.74 0.74 250.0 10.0 250.0 62.0 25.0 62.0 464.0 39.0 464.0 621.0 20.0 621.0 376.0 68.0 376.0 
1 2 0.9 0.9 894.0 513.0 894.0 884.0 293.0 884.0 
1 3 0.99 0.99 894.0 513.0 894.0 884.0 293.0 884.0 849.0 80.0 849.0 
1 2 0.95 0.95 749.0 277.0 749.0 122.0 72.0 122.0 
1 2 0.66 0.66 593.0 238.0 593.0 929.0 243.0 929.0 
1 2 0.12 0.12 686.0 29.0 686.0 225.0 18.0 225.0 
1 3 0.43 0.43 686.0 29.0 686.0 225.0 18.0 225.0 941.0 296.0 941.0 
1 2 0.53 0.53 386.0 17.0 386.0 485.0 240.0 485.0 
1 2 0.55 0.55 322.0 142.0 322.0 116.0 13.0 116.0 
1 3 0.58 0.58 322.0 142.0 322.0 116.0 13.0 116.0 32.0 1.0 32.0 
1 2 0.14 0.14 898.0 5.0 898.0 325.0 44.0 325.0 
1 3 0.15 0.15 898.0 5.0 898.0 325.0 44.0 325.0 744.0 13.0 744.0 
1 4 0.42 0.42 898.0 5.0 898.0 325.0 44.0 325.0 744.0 13.0 744.0 925.0 245.0 925.0 
1 5 0.78 0.78 898.0 5.0 898.0 325.0 44.0 325.0 744.0 13.0 744.0 925.0 245.0 925.0 875.0 318.0 875.0 
1 6 0.91 0.91 898.0 5.0 898.0 325.0 44.0 325.0 744.0 13.0 744.0 925.0 245.0 925.0 875.0 318.0 875.0 958.0 125.0 958.0 
1 2 0.64 0.64 386.0 170.0 386.0 24.0 5.0 24.0 
1 3 0.67 0.67 386.0 170.0 386.0 24.0 5.0 24.0 161.0 4.0 161.0 
1 4 0.83 0.83 386.0 170.0 386.0 24.0 5.0 24.0 161.0 4.0 161.0 236.0 38.0 236.0 
1 2 0.14 0.14 545.0 23.0 545.0 155.0 16.0 155.0 
1 3 0.14 0.14 545.0 23.0 545.0 155.0 16.0 155.0 689.0 1.0 689.0 
1 4 0.2 0.2 545.0 23.0 545.0 155.0 16.0 155.0 689.0 1.0 689.0 431.0 26.0 431.0 
1 2 0.88 0.88 298.0 76.0 298.0 57.0 36.0 57.0 
1 3 0.91 0.91 298.0 76.0 298.0 57.0 36.0 57.0 530.0 16.0 530.0 
1 4 0.98 0.98 298.0 76.0 298.0 57.0 36.0 57.0 530.0 16.0 530.0 436.0 28.0 436.0 
1 2 0.15 0.15 475.0 3.0 475.0 54.0 8.0 54.0 
1 3 0.43 0.43 475.0 3.0 475.0 54.0 8.0 54.0 491.0 137.0 491.0 
1 4 0.45 0.45 475.0 3.0 475.0 54.0 8.0 54.0 491.0 137.0 491.0 299.0 6.0 299.0 
1 5 0.79 0.79 475.0 3.0 475.0 54.0 8.0 54.0 491.0 137.0 491.0 299.0 6.0 299.0 174.0 59.0 174.0 
1 2 0.87 0.87 469.0 198.0 469.0 172.0 78.0 172.0 
1 2 0.06 0.06 527.0 17.0 527.0 511.0 17.0 511.0 
1 3 0.09 0.09 527.0 17.0 527.0 511.0 17.0 511.0 900.0 24.0 900.0 
1 4 0.28 0.28 527.0 17.0 527.0 511.0 17.0 511.0 900.0 24.0 900.0 649.0 124.0 649.0 
1 5 0.36 0.36 527.0 17.0 527.0 511.0 17.0 511.0 900.0 24.0 900.0 649.0 124.0 649.0 559.0 43.0 559.0 
1 6 0.66 0.66 527.0 17.0 527.0 511.0 17.0 511.0 900.0 24.0 900.0 649.0 124.0 649.0 559.0 43.0 559.0 130.0 39.0 130.0 
1 7 0.96 0.96 527.0 17.0 527.0 511.0 17.0 511.0 900.0 24.0 900.0 649.0 124.0 649.0 559.0 43.0 559.0 130.0 39.0 130.0 400.0 123.0 400.0 
1 2 0.53 0.53 753.0 317.0 753.0 759.0 86.0 759.0 
1 3 0.55 0.55 753.0 317.0 753.0 759.0 86.0 759.0 236.0 4.0 236.0 
1 2 0.53 0.53 831.0 179.0 831.0 396.0 126.0 396.0 
1 3 0.7 0.7 831.0 179.0 831.0 396.0 126.0 396.0 763.0 127.0 763.0 
1 2 0.19 0.19 847.0 150.0 847.0 456.0 6.0 456.0 
1 3 0.74 0.74 847.0 150.0 847.0 456.0 6.0 456.0 761.0 424.0 761.0 
1 2 0.55 0.55 728.0 339.0 728.0 776.0 73.0 776.0 
1 3 0.61 0.61 728.0 339.0 728.0 776.0 73.0 776.0 912.0 46.0 912.0 
1 4 0.62 0.62 728.0 339.0 728.0 776.0 73.0 776.0 912.0 46.0 912.0 934.0 14.0 934.0 
1 5 0.73 0.73 728.0 339.0 728.0 776.0 73.0 776.0 912.0 46.0 912.0 934.0 14.0 934.0 764.0 81.0 764.0 
1 2 0.42 0.42 432.0 180.0 432.0 900.0 4.0 900.0 
1 3 0.52 0.52 432.0 180.0 432.0 900.0 4.0 900.0 74.0 8.0 74.0 
1 4 0.53 0.53 432.0 180.0 432.0 900.0 4.0 900.0 74.0 8.0 74.0 959.0 5.0 959.0 
1 5 0.8 0.8 432.0 180.0 432.0 900.0 4.0 900.0 74.0 8.0 74.0 959.0 5.0 959.0 110.0 30.0 110.0 
1 6 0.98 0.98 432.0 180.0 432.0 900.0 4.0 900.0 74.0 8.0 74.0 959.0 5.0 959.0 110.0 30.0 110.0 174.0 31.0 174.0 
1 2 0.53 0.53 434.0 112.0 434.0 73.0 20.0 73.0 
1 2 0.28 0.28 181.0 50.0 181.0 211.0 1.0 211.0 
1 3 0.4 0.4 181.0 50.0 181.0 211.0 1.0 211.0 823.0 103.0 823.0 
1 4 0.65 0.65 181.0 50.0 181.0 211.0 1.0 211.0 823.0 103.0 823.0 113.0 28.0 113.0 
1 5 0.84 0.84 181.0 50.0 181.0 211.0 1.0 211.0 823.0 103.0 823.0 113.0 28.0 113.0 159.0 30.0 159.0 
1 2 0.15 0.15 420.0 8.0 420.0 628.0 83.0 628.0 
1 3 0.25 0.25 420.0 8.0 420.0 628.0 83.0 628.0 290.0 29.0 290.0 
1 4 0.74 0.74 420.0 8.0 420.0 628.0 83.0 628.0 290.0 29.0 290.0 635.0 312.0 635.0 
1 5 0.83 0.83 420.0 8.0 420.0 628.0 83.0 628.0 290.0 29.0 290.0 635.0 312.0 635.0 160.0 14.0 160.0 
1 2 0.62 0.62 480.0 211.0 480.0 464.0 88.0 464.0 
1 2 0.48 0.48 730.0 69.0 730.0 243.0 95.0 243.0 
1 2 0.45 0.45 520.0 111.0 520.0 41.0 10.0 41.0 
1 3 0.48 0.48 520.0 111.0 520.0 41.0 10.0 41.0 363.0 9.0 363.0 
1 4 0.6 0.6 520.0 111.0 520.0 41.0 10.0 41.0 363.0 9.0 363.0 522.0 65.0 522.0 
1 5 0.7 0.7 520.0 111.0 520.0 41.0 10.0 41.0 363.0 9.0 363.0 522.0 65.0 522.0 177.0 18.0 177.0 
1 6 0.73 0.73 520.0 111.0 520.0 41.0 10.0 41.0 363.0 9.0 363.0 522.0 65.0 522.0 177.0 18.0 177.0 512.0 16.0 512.0 
1 2 0.1 0.1 693.0 52.0 693.0 915.0 25.0 915.0 
1 3 0.34 0.34 693.0 52.0 693.0 915.0 25.0 915.0 584.0 141.0 584.0 
1 4 0.42 0.42 693.0 52.0 693.0 915.0 25.0 915.0 584.0 141.0 584.0 927.0 76.0 927.0 
1 2 0.36 0.36 616.0 147.0 616.0 839.0 110.0 839.0 
1 3 0.65 0.65 616.0 147.0 616.0 839.0 110.0 839.0 433.0 124.0 433.0 
1 2 0.09 0.09 163.0 10.0 163.0 757.0 24.0 757.0 
1 3 0.42 0.42 163.0 10.0 163.0 757.0 24.0 757.0 439.0 145.0 439.0 
1 4 0.55 0.55 163.0 10.0 163.0 757.0 24.0 757.0 439.0 145.0 439.0 689.0 94.0 689.0 
1 5 0.57 0.57 163.0 10.0 163.0 757.0 24.0 757.0 439.0 145.0 439.0 689.0 94.0 689.0 541.0 8.0 541.0 
1 6 0.9 0.9 163.0 10.0 163.0 757.0 24.0 757.0 439.0 145.0 439.0 689.0 94.0 689.0 541.0 8.0 541.0 94.0 31.0 94.0 
1 2 0.79 0.79 147.0 26.0 147.0 26.0 16.0 26.0 
1 2 0.39 0.39 194.0 42.0 194.0 859.0 157.0 859.0 
1 3 0.98 0.98 194.0 42.0 194.0 859.0 157.0 859.0 272.0 158.0 272.0 
1 2 0.69 0.69 103.0 69.0 103.0 719.0 16.0 719.0 
1 3 0.77 0.77 103.0 69.0 103.0 719.0 16.0 719.0 795.0 62.0 795.0 
1 2 0.32 0.32 268.0 76.0 268.0 301.0 13.0 301.0 
1 3 0.34 0.34 268.0 76.0 268.0 301.0 13.0 301.0 626.0 10.0 626.0 
1 4 0.94 0.94 268.0 76.0 268.0 301.0 13.0 301.0 626.0 10.0 626.0 857.0 520.0 857.0 
1 2 0.85 0.85 617.0 263.0 617.0 213.0 92.0 213.0 
1 2 0.65 0.65 826.0 208.0 826.0 597.0 243.0 597.0 
1 3 0.75 0.75 826.0 208.0 826.0 597.0 243.0 597.0 949.0 92.0 949.0 
1 2 0.33 0.33 430.0 113.0 430.0 287.0 20.0 287.0 
1 3 0.49 0.49 430.0 113.0 430.0 287.0 20.0 287.0 393.0 62.0 393.0 
1 4 0.63 0.63 430.0 113.0 430.0 287.0 20.0 287.0 393.0 62.0 393.0 545.0 81.0 545.0 
1 5 0.76 0.76 430.0 113.0 430.0 287.0 20.0 287.0 393.0 62.0 393.0 545.0 81.0 545.0 605.0 77.0 605.0 
1 2 0.42 0.42 895.0 335.0 895.0 754.0 37.0 754.0 
1 3 0.51 0.51 895.0 335.0 895.0 754.0 37.0 754.0 146.0 13.0 146.0 
1 2 0.52 0.52 14.0 5.0 14.0 581.0 100.0 581.0 
1 3 0.92 0.92 14.0 5.0 14.0 581.0 100.0 581.0 628.0 249.0 628.0 
1 2 0.7 0.7 870.0 80.0 870.0 656.0 399.0 656.0 
1 2 0.41 0.41 884.0 250.0 884.0 255.0 33.0 255.0 
1 3 0.46 0.46 884.0 250.0 884.0 255.0 33.0 255.0 245.0 13.0 245.0 
1 4 0.63 0.63 884.0 250.0 884.0 255.0 33.0 255.0 245.0 13.0 245.0 328.0 55.0 328.0 
1 5 0.64 0.64 884.0 250.0 884.0 255.0 33.0 255.0 245.0 13.0 245.0 328.0 55.0 328.0 852.0 6.0 852.0 
1 6 0.93 0.93 884.0 250.0 884.0 255.0 33.0 255.0 245.0 13.0 245.0 328.0 55.0 328.0 852.0 6.0 852.0 647.0 192.0 647.0 
1 2 0.3 0.3 163.0 48.0 163.0 995.0 6.0 995.0 
1 3 0.3 0.3 163.0 48.0 163.0 995.0 6.0 995.0 165.0 1.0 165.0 
1 4 0.55 0.55 163.0 48.0 163.0 995.0 6.0 995.0 165.0 1.0 165.0 84.0 21.0 84.0 
1 5 0.61 0.61 163.0 48.0 163.0 995.0 6.0 995.0 165.0 1.0 165.0 84.0 21.0 84.0 773.0 46.0 773.0 
1 6 0.62 0.62 163.0 48.0 163.0 995.0 6.0 995.0 165.0 1.0 165.0 84.0 21.0 84.0 773.0 46.0 773.0 223.0 1.0 223.0 
1 7 0.75 0.75 163.0 48.0 163.0 995.0 6.0 995.0 165.0 1.0 165.0 84.0 21.0 84.0 773.0 46.0 773.0 223.0 1.0 223.0 396.0 53.0 396.0 
1 2 0.28 0.28 805.0 153.0 805.0 682.0 63.0 682.0 
1 3 0.72 0.72 805.0 153.0 805.0 682.0 63.0 682.0 727.0 320.0 727.0 
1 2 0.73 0.73 505.0 34.0 505.0 370.0 246.0 370.0 
1 2 0.07 0.07 934.0 33.0 934.0 475.0 21.0 475.0 
1 3 0.22 0.22 934.0 33.0 934.0 475.0 21.0 475.0 712.0 107.0 712.0 
1 4 0.49 0.49 934.0 33.0 934.0 475.0 21.0 475.0 712.0 107.0 712.0 546.0 143.0 546.0 
1 5 0.53 0.53 934.0 33.0 934.0 475.0 21.0 475.0 712.0 107.0 712.0 546.0 143.0 546.0 1000.0 40.0 1000.0 
1 2 0.77 0.77 867.0 341.0 867.0 451.0 174.0 451.0 
1 3 0.98 0.98 867.0 341.0 867.0 451.0 174.0 451.0 945.0 193.0 945.0 
1 2 0.98 0.98 969.0 382.0 969.0 568.0 334.0 568.0 
1 3 0.99 0.99 969.0 382.0 969.0 568.0 334.0 568.0 438.0 4.0 438.0 
1 2 0.51 0.51 598.0 203.0 598.0 960.0 169.0 960.0 
1 3 0.97 0.97 598.0 203.0 598.0 960.0 169.0 960.0 378.0 172.0 378.0 
1 2 0.39 0.39 515.0 95.0 515.0 794.0 164.0 794.0 
1 3 0.6 0.6 515.0 95.0 515.0 794.0 164.0 794.0 736.0 154.0 736.0 
1 4 0.77 0.77 515.0 95.0 515.0 794.0 164.0 794.0 736.0 154.0 736.0 75.0 13.0 75.0 
1 5 0.8 0.8 515.0 95.0 515.0 794.0 164.0 794.0 736.0 154.0 736.0 75.0 13.0 75.0 411.0 13.0 411.0 
1 6 0.82 0.82 515.0 95.0 515.0 794.0 164.0 794.0 736.0 154.0 736.0 75.0 13.0 75.0 411.0 13.0 411.0 780.0 12.0 780.0 
1 7 0.92 0.92 515.0 95.0 515.0 794.0 164.0 794.0 736.0 154.0 736.0 75.0 13.0 75.0 411.0 13.0 411.0 780.0 12.0 780.0 780.0 80.0 780.0 
1 2 0.18 0.18 343.0 21.0 343.0 770.0 96.0 770.0 
1 3 0.38 0.38 343.0 21.0 343.0 770.0 96.0 770.0 372.0 73.0 372.0 
1 4 0.75 0.75 343.0 21.0 343.0 770.0 96.0 770.0 372.0 73.0 372.0 980.0 364.0 980.0 
1 2 0.99 0.99 316.0 247.0 316.0 938.0 203.0 938.0 
1 2 0.27 0.27 629.0 55.0 629.0 533.0 101.0 533.0 
1 3 0.79 0.79 629.0 55.0 629.0 533.0 101.0 533.0 315.0 164.0 315.0 
1 2 0.64 0.64 909.0 495.0 909.0 10.0 1.0 10.0 
1 2 0.45 0.45 995.0 360.0 995.0 581.0 53.0 581.0 
1 2 0.61 0.61 685.0 200.0 685.0 211.0 68.0 211.0 
1 3 0.96 0.96 685.0 200.0 685.0 211.0 68.0 211.0 991.0 343.0 991.0 
1 2 0.25 0.25 133.0 29.0 133.0 304.0 11.0 304.0 
1 3 0.45 0.45 133.0 29.0 133.0 304.0 11.0 304.0 693.0 137.0 693.0 
1 4 0.55 0.55 133.0 29.0 133.0 304.0 11.0 304.0 693.0 137.0 693.0 193.0 19.0 193.0 
1 5 0.62 0.62 133.0 29.0 133.0 304.0 11.0 304.0 693.0 137.0 693.0 193.0 19.0 193.0 84.0 6.0 84.0 
1 2 0.38 0.38 565.0 150.0 565.0 505.0 60.0 505.0 
1 3 0.45 0.45 565.0 150.0 565.0 505.0 60.0 505.0 891.0 65.0 891.0 
1 4 0.58 0.58 565.0 150.0 565.0 505.0 60.0 505.0 891.0 65.0 891.0 549.0 71.0 549.0 
1 5 0.83 0.83 565.0 150.0 565.0 505.0 60.0 505.0 891.0 65.0 891.0 549.0 71.0 549.0 489.0 121.0 489.0 
1 6 0.84 0.84 565.0 150.0 565.0 505.0 60.0 505.0 891.0 65.0 891.0 549.0 71.0 549.0 489.0 121.0 489.0 896.0 11.0 896.0 
1 2 0.51 0.51 380.0 163.0 380.0 265.0 24.0 265.0 
1 3 0.95 0.95 380.0 163.0 380.0 265.0 24.0 265.0 375.0 164.0 375.0 
1 2 0.61 0.61 577.0 275.0 577.0 213.0 29.0 213.0 
1 3 0.78 0.78 577.0 275.0 577.0 213.0 29.0 213.0 504.0 85.0 504.0 
1 4 0.99 0.99 577.0 275.0 577.0 213.0 29.0 213.0 504.0 85.0 504.0 182.0 39.0 182.0 
1 2 0.49 0.49 34.0 9.0 34.0 543.0 127.0 543.0 
1 2 0.65 0.65 942.0 527.0 942.0 838.0 77.0 838.0 
1 3 0.72 0.72 942.0 527.0 942.0 838.0 77.0 838.0 908.0 63.0 908.0 
1 4 0.81 0.81 942.0 527.0 942.0 838.0 77.0 838.0 908.0 63.0 908.0 738.0 70.0 738.0 
1 5 0.89 0.89 942.0 527.0 942.0 838.0 77.0 838.0 908.0 63.0 908.0 738.0 70.0 738.0 119.0 9.0 119.0 
1 2 0.79 0.79 217.0 129.0 217.0 219.0 43.0 219.0 
1 2 0.13 0.13 481.0 22.0 481.0 480.0 43.0 480.0 
1 3 0.33 0.33 481.0 22.0 481.0 480.0 43.0 480.0 867.0 173.0 867.0 
1 4 0.35 0.35 481.0 22.0 481.0 480.0 43.0 480.0 867.0 173.0 867.0 952.0 22.0 952.0 
1 5 0.85 0.85 481.0 22.0 481.0 480.0 43.0 480.0 867.0 173.0 867.0 952.0 22.0 952.0 2.0 1.0 2.0 
1 2 0.17 0.17 559.0 84.0 559.0 78.0 2.0 78.0 
1 3 0.24 0.24 559.0 84.0 559.0 78.0 2.0 78.0 348.0 25.0 348.0 
1 4 0.58 0.58 559.0 84.0 559.0 78.0 2.0 78.0 348.0 25.0 348.0 12.0 4.0 12.0 
1 5 0.66 0.66 559.0 84.0 559.0 78.0 2.0 78.0 348.0 25.0 348.0 12.0 4.0 12.0 532.0 46.0 532.0 
1 6 0.67 0.67 559.0 84.0 559.0 78.0 2.0 78.0 348.0 25.0 348.0 12.0 4.0 12.0 532.0 46.0 532.0 161.0 1.0 161.0 
1 7 0.99 0.99 559.0 84.0 559.0 78.0 2.0 78.0 348.0 25.0 348.0 12.0 4.0 12.0 532.0 46.0 532.0 161.0 1.0 161.0 947.0 306.0 947.0 
1 2 0.77 0.77 728.0 534.0 728.0 301.0 12.0 301.0 
1 2 0.4 0.4 124.0 27.0 124.0 274.0 51.0 274.0 
1 3 0.58 0.58 124.0 27.0 124.0 274.0 51.0 274.0 137.0 25.0 137.0 
1 4 0.64 0.64 124.0 27.0 124.0 274.0 51.0 274.0 137.0 25.0 137.0 16.0 1.0 16.0 
1 5 0.81 0.81 124.0 27.0 124.0 274.0 51.0 274.0 137.0 25.0 137.0 16.0 1.0 16.0 546.0 89.0 546.0 
1 2 0.27 0.27 788.0 104.0 788.0 736.0 105.0 736.0 
1 3 0.38 0.38 788.0 104.0 788.0 736.0 105.0 736.0 128.0 14.0 128.0 
1 4 0.48 0.48 788.0 104.0 788.0 736.0 105.0 736.0 128.0 14.0 128.0 659.0 64.0 659.0 
1 5 0.9 0.9 788.0 104.0 788.0 736.0 105.0 736.0 128.0 14.0 128.0 659.0 64.0 659.0 469.0 200.0 469.0 
1 2 0.25 0.25 601.0 7.0 601.0 336.0 83.0 336.0 
1 2 0.52 0.52 442.0 194.0 442.0 198.0 17.0 198.0 
1 2 0.56 0.56 737.0 221.0 737.0 885.0 233.0 885.0 
1 3 0.6 0.6 737.0 221.0 737.0 885.0 233.0 885.0 939.0 38.0 939.0 
1 4 0.97 0.97 737.0 221.0 737.0 885.0 233.0 885.0 939.0 38.0 939.0 27.0 10.0 27.0 
1 2 0.44 0.44 372.0 84.0 372.0 757.0 169.0 757.0 
1 3 0.86 0.86 372.0 84.0 372.0 757.0 169.0 757.0 660.0 273.0 660.0 
1 2 0.05 0.05 659.0 20.0 659.0 211.0 6.0 211.0 
1 3 0.66 0.66 659.0 20.0 659.0 211.0 6.0 211.0 365.0 221.0 365.0 
1 2 0.37 0.37 64.0 11.0 64.0 413.0 82.0 413.0 
1 3 0.44 0.44 64.0 11.0 64.0 413.0 82.0 413.0 475.0 35.0 475.0 
1 4 0.94 0.94 64.0 11.0 64.0 413.0 82.0 413.0 475.0 35.0 475.0 134.0 67.0 134.0 
1 2 0.6 0.6 141.0 82.0 141.0 438.0 12.0 438.0 
1 3 0.82 0.82 141.0 82.0 141.0 438.0 12.0 438.0 414.0 89.0 414.0 
1 4 0.95 0.95 141.0 82.0 141.0 438.0 12.0 438.0 414.0 89.0 414.0 62.0 8.0 62.0 
1 2 0.48 0.48 185.0 54.0 185.0 279.0 53.0 279.0 
1 3 0.69 0.69 185.0 54.0 185.0 279.0 53.0 279.0 310.0 67.0 310.0 
1 2 0.46 0.46 92.0 23.0 92.0 60.0 13.0 60.0 
1 3 0.85 0.85 92.0 23.0 92.0 60.0 13.0 60.0 641.0 249.0 641.0 
1 2 0.52 0.52 663.0 15.0 663.0 2.0 1.0 2.0 
1 3 0.57 0.57 663.0 15.0 663.0 2.0 1.0 2.0 949.0 53.0 949.0 
1 2 0.3 0.3 685.0 15.0 685.0 604.0 168.0 604.0 
1 3 0.44 0.44 685.0 15.0 685.0 604.0 168.0 604.0 840.0 120.0 840.0 
1 4 0.94 0.94 685.0 15.0 685.0 604.0 168.0 604.0 840.0 120.0 840.0 303.0 152.0 303.0 
1 2 0.09 0.09 524.0 49.0 524.0 857.0 5.0 857.0 
1 3 0.83 0.83 524.0 49.0 524.0 857.0 5.0 857.0 846.0 626.0 846.0 
1 4 0.92 0.92 524.0 49.0 524.0 857.0 5.0 857.0 846.0 626.0 846.0 675.0 61.0 675.0 
1 2 0.4 0.4 111.0 11.0 111.0 973.0 295.0 973.0 
1 3 0.56 0.56 111.0 11.0 111.0 973.0 295.0 973.0 474.0 75.0 474.0 
1 4 0.72 0.72 111.0 11.0 111.0 973.0 295.0 973.0 474.0 75.0 474.0 854.0 140.0 854.0 
1 2 0.39 0.39 616.0 112.0 616.0 232.0 50.0 232.0 
1 3 0.59 0.59 616.0 112.0 616.0 232.0 50.0 232.0 371.0 72.0 371.0 
1 4 0.84 0.84 616.0 112.0 616.0 232.0 50.0 232.0 371.0 72.0 371.0 78.0 20.0 78.0 
1 5 0.89 0.89 616.0 112.0 616.0 232.0 50.0 232.0 371.0 72.0 371.0 78.0 20.0 78.0 481.0 22.0 481.0 
1 2 0.27 0.27 371.0 96.0 371.0 262.0 4.0 262.0 
1 3 0.33 0.33 371.0 96.0 371.0 262.0 4.0 262.0 34.0 2.0 34.0 
1 4 0.6 0.6 371.0 96.0 371.0 262.0 4.0 262.0 34.0 2.0 34.0 304.0 84.0 304.0 
1 2 0.14 0.14 475.0 14.0 475.0 503.0 60.0 503.0 
1 3 0.34 0.34 475.0 14.0 475.0 503.0 60.0 503.0 254.0 49.0 254.0 
1 4 0.42 0.42 475.0 14.0 475.0 503.0 60.0 503.0 254.0 49.0 254.0 172.0 14.0 172.0 
1 5 0.46 0.46 475.0 14.0 475.0 503.0 60.0 503.0 254.0 49.0 254.0 172.0 14.0 172.0 953.0 44.0 953.0 
1 6 0.53 0.53 475.0 14.0 475.0 503.0 60.0 503.0 254.0 49.0 254.0 172.0 14.0 172.0 953.0 44.0 953.0 145.0 9.0 145.0 
1 7 0.71 0.71 475.0 14.0 475.0 503.0 60.0 503.0 254.0 49.0 254.0 172.0 14.0 172.0 953.0 44.0 953.0 145.0 9.0 145.0 50.0 9.0 50.0 
1 8 0.79 0.79 475.0 14.0 475.0 503.0 60.0 503.0 254.0 49.0 254.0 172.0 14.0 172.0 953.0 44.0 953.0 145.0 9.0 145.0 50.0 9.0 50.0 674.0 55.0 674.0 
1 2 0.42 0.42 841.0 270.0 841.0 373.0 38.0 373.0 
1 3 0.44 0.44 841.0 270.0 841.0 373.0 38.0 373.0 654.0 16.0 654.0 
1 4 0.6 0.6 841.0 270.0 841.0 373.0 38.0 373.0 654.0 16.0 654.0 426.0 69.0 426.0 
1 2 0.3 0.3 797.0 148.0 797.0 701.0 81.0 701.0 
1 3 0.31 0.31 797.0 148.0 797.0 701.0 81.0 701.0 861.0 14.0 861.0 
1 4 0.87 0.87 797.0 148.0 797.0 701.0 81.0 701.0 861.0 14.0 861.0 85.0 47.0 85.0 
1 2 0.55 0.55 789.0 334.0 789.0 969.0 127.0 969.0 
1 3 0.58 0.58 789.0 334.0 789.0 969.0 127.0 969.0 590.0 17.0 590.0 
1 2 0.53 0.53 802.0 92.0 802.0 460.0 192.0 460.0 
1 3 0.7 0.7 802.0 92.0 802.0 460.0 192.0 460.0 780.0 138.0 780.0 
1 4 0.96 0.96 802.0 92.0 802.0 460.0 192.0 460.0 780.0 138.0 780.0 449.0 117.0 449.0 
1 2 0.47 0.47 273.0 90.0 273.0 363.0 52.0 363.0 
1 3 0.86 0.86 273.0 90.0 273.0 363.0 52.0 363.0 342.0 133.0 342.0 
1 4 0.9 0.9 273.0 90.0 273.0 363.0 52.0 363.0 342.0 133.0 342.0 606.0 27.0 606.0 
1 2 0.33 0.33 187.0 5.0 187.0 384.0 117.0 384.0 
1 3 0.37 0.37 187.0 5.0 187.0 384.0 117.0 384.0 544.0 25.0 544.0 
1 4 0.39 0.39 187.0 5.0 187.0 384.0 117.0 384.0 544.0 25.0 544.0 78.0 1.0 78.0 
1 5 0.43 0.43 187.0 5.0 187.0 384.0 117.0 384.0 544.0 25.0 544.0 78.0 1.0 78.0 618.0 30.0 618.0 
1 2 0.41 0.41 206.0 7.0 206.0 918.0 349.0 918.0 
1 3 0.5 0.5 206.0 7.0 206.0 918.0 349.0 918.0 214.0 19.0 214.0 
1 4 0.55 0.55 206.0 7.0 206.0 918.0 349.0 918.0 214.0 19.0 214.0 474.0 23.0 474.0 
1 5 0.65 0.65 206.0 7.0 206.0 918.0 349.0 918.0 214.0 19.0 214.0 474.0 23.0 474.0 465.0 50.0 465.0 
1 6 0.76 0.76 206.0 7.0 206.0 918.0 349.0 918.0 214.0 19.0 214.0 474.0 23.0 474.0 465.0 50.0 465.0 993.0 105.0 993.0 
1 7 0.77 0.77 206.0 7.0 206.0 918.0 349.0 918.0 214.0 19.0 214.0 474.0 23.0 474.0 465.0 50.0 465.0 993.0 105.0 993.0 706.0 9.0 706.0 
1 2 0.3 0.3 191.0 51.0 191.0 560.0 22.0 560.0 
1 3 0.31 0.31 191.0 51.0 191.0 560.0 22.0 560.0 243.0 2.0 243.0 
1 4 0.34 0.34 191.0 51.0 191.0 560.0 22.0 560.0 243.0 2.0 243.0 33.0 1.0 33.0 
1 5 0.59 0.59 191.0 51.0 191.0 560.0 22.0 560.0 243.0 2.0 243.0 33.0 1.0 33.0 305.0 75.0 305.0 
1 2 0.17 0.17 117.0 5.0 117.0 221.0 30.0 221.0 
1 3 0.32 0.32 117.0 5.0 117.0 221.0 30.0 221.0 932.0 138.0 932.0 
1 4 0.57 0.57 117.0 5.0 117.0 221.0 30.0 221.0 932.0 138.0 932.0 806.0 203.0 806.0 
1 5 0.71 0.71 117.0 5.0 117.0 221.0 30.0 221.0 932.0 138.0 932.0 806.0 203.0 806.0 50.0 7.0 50.0 
1 2 0.18 0.18 789.0 76.0 789.0 495.0 43.0 495.0 
1 3 0.3 0.3 789.0 76.0 789.0 495.0 43.0 495.0 995.0 117.0 995.0 
1 4 0.44 0.44 789.0 76.0 789.0 495.0 43.0 495.0 995.0 117.0 995.0 842.0 124.0 842.0 
1 2 0.79 0.79 498.0 242.0 498.0 547.0 168.0 547.0 
1 2 0.2 0.2 678.0 37.0 678.0 351.0 54.0 351.0 
1 3 0.28 0.28 678.0 37.0 678.0 351.0 54.0 351.0 173.0 14.0 173.0 
1 4 0.46 0.46 678.0 37.0 678.0 351.0 54.0 351.0 173.0 14.0 173.0 854.0 146.0 854.0 
1 5 0.64 0.64 678.0 37.0 678.0 351.0 54.0 351.0 173.0 14.0 173.0 854.0 146.0 854.0 453.0 83.0 453.0 
1 2 0.2 0.2 235.0 36.0 235.0 270.0 14.0 270.0 
1 3 0.64 0.64 235.0 36.0 235.0 270.0 14.0 270.0 924.0 404.0 924.0 
1 4 0.84 0.84 235.0 36.0 235.0 270.0 14.0 270.0 924.0 404.0 924.0 933.0 185.0 933.0 
