1 2 0.45 0.45 521.0 194.0 521.0 541.0 43.0 541.0 
1 3 0.51 0.51 521.0 194.0 521.0 541.0 43.0 541.0 185.0 12.0 185.0 
1 4 0.61 0.61 521.0 194.0 521.0 541.0 43.0 541.0 185.0 12.0 185.0 662.0 67.0 662.0 
1 5 0.66 0.66 521.0 194.0 521.0 541.0 43.0 541.0 185.0 12.0 185.0 662.0 67.0 662.0 327.0 16.0 327.0 
1 6 0.7 0.7 521.0 194.0 521.0 541.0 43.0 541.0 185.0 12.0 185.0 662.0 67.0 662.0 327.0 16.0 327.0 475.0 16.0 475.0 
1 7 0.88 0.88 521.0 194.0 521.0 541.0 43.0 541.0 185.0 12.0 185.0 662.0 67.0 662.0 327.0 16.0 327.0 475.0 16.0 475.0 727.0 136.0 727.0 
1 8 0.94 0.94 521.0 194.0 521.0 541.0 43.0 541.0 185.0 12.0 185.0 662.0 67.0 662.0 327.0 16.0 327.0 475.0 16.0 475.0 727.0 136.0 727.0 561.0 35.0 561.0 
1 2 0.48 0.48 380.0 156.0 380.0 930.0 72.0 930.0 
1 3 0.8 0.8 380.0 156.0 380.0 930.0 72.0 930.0 911.0 293.0 911.0 
1 4 0.93 0.93 380.0 156.0 380.0 930.0 72.0 930.0 911.0 293.0 911.0 973.0 126.0 973.0 
1 5 0.94 0.94 380.0 156.0 380.0 930.0 72.0 930.0 911.0 293.0 911.0 973.0 126.0 973.0 449.0 1.0 449.0 
1 2 0.74 0.74 409.0 281.0 409.0 320.0 17.0 320.0 
1 3 0.92 0.92 409.0 281.0 409.0 320.0 17.0 320.0 286.0 53.0 286.0 
1 2 0.75 0.75 350.0 159.0 350.0 563.0 168.0 563.0 
1 3 0.87 0.87 350.0 159.0 350.0 563.0 168.0 563.0 8.0 1.0 8.0 
1 4 0.87 0.87 350.0 159.0 350.0 563.0 168.0 563.0 8.0 1.0 8.0 485.0 1.0 485.0 
1 2 0.07 0.07 410.0 13.0 410.0 252.0 12.0 252.0 
1 3 0.36 0.36 410.0 13.0 410.0 252.0 12.0 252.0 618.0 179.0 618.0 
1 4 0.38 0.38 410.0 13.0 410.0 252.0 12.0 252.0 618.0 179.0 618.0 541.0 7.0 541.0 
1 5 0.48 0.48 410.0 13.0 410.0 252.0 12.0 252.0 618.0 179.0 618.0 541.0 7.0 541.0 208.0 22.0 208.0 
1 2 0.62 0.62 890.0 133.0 890.0 492.0 235.0 492.0 
1 3 0.82 0.82 890.0 133.0 890.0 492.0 235.0 492.0 470.0 91.0 470.0 
1 2 0.22 0.22 124.0 25.0 124.0 289.0 7.0 289.0 
1 3 0.26 0.26 124.0 25.0 124.0 289.0 7.0 289.0 901.0 38.0 901.0 
1 4 0.52 0.52 124.0 25.0 124.0 289.0 7.0 289.0 901.0 38.0 901.0 320.0 82.0 320.0 
1 5 0.99 0.99 124.0 25.0 124.0 289.0 7.0 289.0 901.0 38.0 901.0 320.0 82.0 320.0 40.0 19.0 40.0 
1 2 0.24 0.24 600.0 92.0 600.0 859.0 83.0 859.0 
1 3 0.34 0.34 600.0 92.0 600.0 859.0 83.0 859.0 682.0 67.0 682.0 
1 4 0.59 0.59 600.0 92.0 600.0 859.0 83.0 859.0 682.0 67.0 682.0 464.0 113.0 464.0 
1 5 0.6 0.6 600.0 92.0 600.0 859.0 83.0 859.0 682.0 67.0 682.0 464.0 113.0 464.0 648.0 9.0 648.0 
1 2 0.59 0.59 674.0 325.0 674.0 571.0 62.0 571.0 
1 3 0.77 0.77 674.0 325.0 674.0 571.0 62.0 571.0 664.0 121.0 664.0 
1 2 0.49 0.49 141.0 57.0 141.0 385.0 35.0 385.0 
1 3 0.6 0.6 141.0 57.0 141.0 385.0 35.0 385.0 590.0 67.0 590.0 
1 4 0.85 0.85 141.0 57.0 141.0 385.0 35.0 385.0 590.0 67.0 590.0 463.0 115.0 463.0 
1 2 0.06 0.06 191.0 10.0 191.0 279.0 4.0 279.0 
1 3 0.27 0.27 191.0 10.0 191.0 279.0 4.0 279.0 907.0 192.0 907.0 
1 4 0.33 0.33 191.0 10.0 191.0 279.0 4.0 279.0 907.0 192.0 907.0 160.0 9.0 160.0 
1 5 0.4 0.4 191.0 10.0 191.0 279.0 4.0 279.0 907.0 192.0 907.0 160.0 9.0 160.0 833.0 62.0 833.0 
1 6 0.62 0.62 191.0 10.0 191.0 279.0 4.0 279.0 907.0 192.0 907.0 160.0 9.0 160.0 833.0 62.0 833.0 401.0 88.0 401.0 
1 7 0.77 0.77 191.0 10.0 191.0 279.0 4.0 279.0 907.0 192.0 907.0 160.0 9.0 160.0 833.0 62.0 833.0 401.0 88.0 401.0 695.0 99.0 695.0 
1 8 0.87 0.87 191.0 10.0 191.0 279.0 4.0 279.0 907.0 192.0 907.0 160.0 9.0 160.0 833.0 62.0 833.0 401.0 88.0 401.0 695.0 99.0 695.0 681.0 71.0 681.0 
1 2 0.59 0.59 959.0 48.0 959.0 553.0 303.0 553.0 
1 3 0.84 0.84 959.0 48.0 959.0 553.0 303.0 553.0 447.0 109.0 447.0 
1 2 0.49 0.49 62.0 12.0 62.0 979.0 299.0 979.0 
1 3 0.8 0.8 62.0 12.0 62.0 979.0 299.0 979.0 664.0 204.0 664.0 
1 4 0.83 0.83 62.0 12.0 62.0 979.0 299.0 979.0 664.0 204.0 664.0 736.0 20.0 736.0 
1 5 0.93 0.93 62.0 12.0 62.0 979.0 299.0 979.0 664.0 204.0 664.0 736.0 20.0 736.0 550.0 57.0 550.0 
1 2 0.78 0.78 496.0 299.0 496.0 719.0 128.0 719.0 
1 3 0.83 0.83 496.0 299.0 496.0 719.0 128.0 719.0 637.0 33.0 637.0 
1 2 0.16 0.16 380.0 21.0 380.0 124.0 14.0 124.0 
1 3 0.21 0.21 380.0 21.0 380.0 124.0 14.0 124.0 431.0 20.0 431.0 
1 4 0.85 0.85 380.0 21.0 380.0 124.0 14.0 124.0 431.0 20.0 431.0 944.0 602.0 944.0 
1 2 0.37 0.37 84.0 18.0 84.0 201.0 33.0 201.0 
1 3 0.5 0.5 84.0 18.0 84.0 201.0 33.0 201.0 936.0 115.0 936.0 
1 4 0.52 0.52 84.0 18.0 84.0 201.0 33.0 201.0 936.0 115.0 936.0 767.0 15.0 767.0 
1 5 0.71 0.71 84.0 18.0 84.0 201.0 33.0 201.0 936.0 115.0 936.0 767.0 15.0 767.0 810.0 158.0 810.0 
1 2 0.58 0.58 518.0 247.0 518.0 174.0 18.0 174.0 
1 3 0.88 0.88 518.0 247.0 518.0 174.0 18.0 174.0 465.0 140.0 465.0 
1 2 0.12 0.12 232.0 6.0 232.0 595.0 58.0 595.0 
1 3 0.45 0.45 232.0 6.0 232.0 595.0 58.0 595.0 492.0 164.0 492.0 
1 4 0.5 0.5 232.0 6.0 232.0 595.0 58.0 595.0 492.0 164.0 492.0 910.0 47.0 910.0 
1 5 0.85 0.85 232.0 6.0 232.0 595.0 58.0 595.0 492.0 164.0 492.0 910.0 47.0 910.0 980.0 338.0 980.0 
1 2 0.71 0.71 198.0 42.0 198.0 134.0 68.0 134.0 
1 3 0.81 0.81 198.0 42.0 198.0 134.0 68.0 134.0 991.0 98.0 991.0 
1 4 0.87 0.87 198.0 42.0 198.0 134.0 68.0 134.0 991.0 98.0 991.0 729.0 41.0 729.0 
1 2 0.98 0.98 773.0 487.0 773.0 128.0 45.0 128.0 
1 2 0.52 0.52 440.0 82.0 440.0 792.0 266.0 792.0 
1 2 0.43 0.43 962.0 282.0 962.0 57.0 8.0 57.0 
1 3 0.62 0.62 962.0 282.0 962.0 57.0 8.0 57.0 120.0 23.0 120.0 
1 4 0.69 0.69 962.0 282.0 962.0 57.0 8.0 57.0 120.0 23.0 120.0 643.0 46.0 643.0 
1 5 0.82 0.82 962.0 282.0 962.0 57.0 8.0 57.0 120.0 23.0 120.0 643.0 46.0 643.0 666.0 84.0 666.0 
1 6 0.94 0.94 962.0 282.0 962.0 57.0 8.0 57.0 120.0 23.0 120.0 643.0 46.0 643.0 666.0 84.0 666.0 84.0 10.0 84.0 
1 2 0.9 0.9 181.0 27.0 181.0 616.0 468.0 616.0 
1 2 0.57 0.57 230.0 117.0 230.0 927.0 61.0 927.0 
1 3 0.69 0.69 230.0 117.0 230.0 927.0 61.0 927.0 773.0 91.0 773.0 
1 4 0.96 0.96 230.0 117.0 230.0 927.0 61.0 927.0 773.0 91.0 773.0 88.0 24.0 88.0 
1 2 0.72 0.72 909.0 421.0 909.0 641.0 169.0 641.0 
1 2 0.33 0.33 145.0 40.0 145.0 157.0 10.0 157.0 
1 3 0.81 0.81 145.0 40.0 145.0 157.0 10.0 157.0 492.0 234.0 492.0 
1 4 0.9 0.9 145.0 40.0 145.0 157.0 10.0 157.0 492.0 234.0 492.0 422.0 37.0 422.0 
1 2 0.26 0.26 562.0 129.0 562.0 63.0 2.0 63.0 
1 3 0.32 0.32 562.0 129.0 562.0 63.0 2.0 63.0 450.0 27.0 450.0 
1 4 0.45 0.45 562.0 129.0 562.0 63.0 2.0 63.0 450.0 27.0 450.0 691.0 90.0 691.0 
1 5 0.67 0.67 562.0 129.0 562.0 63.0 2.0 63.0 450.0 27.0 450.0 691.0 90.0 691.0 869.0 194.0 869.0 
1 6 0.92 0.92 562.0 129.0 562.0 63.0 2.0 63.0 450.0 27.0 450.0 691.0 90.0 691.0 869.0 194.0 869.0 883.0 224.0 883.0 
1 2 0.65 0.65 109.0 38.0 109.0 36.0 11.0 36.0 
1 3 0.85 0.85 109.0 38.0 109.0 36.0 11.0 36.0 501.0 99.0 501.0 
1 4 0.86 0.86 109.0 38.0 109.0 36.0 11.0 36.0 501.0 99.0 501.0 952.0 12.0 952.0 
1 2 0.83 0.83 952.0 77.0 952.0 315.0 238.0 315.0 
1 2 0.22 0.22 659.0 122.0 659.0 538.0 19.0 538.0 
1 2 0.7 0.7 3.0 1.0 3.0 704.0 259.0 704.0 
1 3 0.87 0.87 3.0 1.0 3.0 704.0 259.0 704.0 683.0 121.0 683.0 
1 2 0.65 0.65 372.0 108.0 372.0 959.0 353.0 959.0 
1 3 0.69 0.69 372.0 108.0 372.0 959.0 353.0 959.0 105.0 4.0 105.0 
1 4 0.81 0.81 372.0 108.0 372.0 959.0 353.0 959.0 105.0 4.0 105.0 737.0 84.0 737.0 
1 2 0.05 0.05 587.0 23.0 587.0 535.0 9.0 535.0 
1 3 0.42 0.42 587.0 23.0 587.0 535.0 9.0 535.0 19.0 7.0 19.0 
1 4 0.65 0.65 587.0 23.0 587.0 535.0 9.0 535.0 19.0 7.0 19.0 701.0 162.0 701.0 
1 5 0.77 0.77 587.0 23.0 587.0 535.0 9.0 535.0 19.0 7.0 19.0 701.0 162.0 701.0 951.0 115.0 951.0 
1 2 0.76 0.76 404.0 27.0 404.0 204.0 142.0 204.0 
1 3 0.88 0.88 404.0 27.0 404.0 204.0 142.0 204.0 642.0 81.0 642.0 
1 2 0.82 0.82 44.0 30.0 44.0 395.0 55.0 395.0 
1 3 0.97 0.97 44.0 30.0 44.0 395.0 55.0 395.0 690.0 106.0 690.0 
1 2 0.77 0.77 56.0 16.0 56.0 743.0 367.0 743.0 
1 3 0.88 0.88 56.0 16.0 56.0 743.0 367.0 743.0 473.0 50.0 473.0 
1 2 0.81 0.81 225.0 150.0 225.0 451.0 65.0 451.0 
1 3 0.99 0.99 225.0 150.0 225.0 451.0 65.0 451.0 161.0 30.0 161.0 
1 2 0.75 0.75 489.0 356.0 489.0 283.0 7.0 283.0 
1 3 0.94 0.94 489.0 356.0 489.0 283.0 7.0 283.0 245.0 46.0 245.0 
1 4 0.98 0.98 489.0 356.0 489.0 283.0 7.0 283.0 245.0 46.0 245.0 497.0 23.0 497.0 
1 2 0.38 0.38 679.0 204.0 679.0 529.0 45.0 529.0 
1 3 0.53 0.53 679.0 204.0 679.0 529.0 45.0 529.0 982.0 150.0 982.0 
1 2 0.41 0.41 749.0 17.0 749.0 142.0 56.0 142.0 
1 3 0.58 0.58 749.0 17.0 749.0 142.0 56.0 142.0 948.0 163.0 948.0 
1 4 0.89 0.89 749.0 17.0 749.0 142.0 56.0 142.0 948.0 163.0 948.0 43.0 13.0 43.0 
1 2 0.53 0.53 164.0 10.0 164.0 502.0 240.0 502.0 
1 3 0.62 0.62 164.0 10.0 164.0 502.0 240.0 502.0 758.0 63.0 758.0 
1 4 0.68 0.68 164.0 10.0 164.0 502.0 240.0 502.0 758.0 63.0 758.0 32.0 2.0 32.0 
1 5 0.95 0.95 164.0 10.0 164.0 502.0 240.0 502.0 758.0 63.0 758.0 32.0 2.0 32.0 137.0 37.0 137.0 
1 2 0.34 0.34 959.0 81.0 959.0 694.0 184.0 694.0 
1 3 0.84 0.84 959.0 81.0 959.0 694.0 184.0 694.0 2.0 1.0 2.0 
1 2 0.24 0.24 944.0 217.0 944.0 354.0 6.0 354.0 
1 3 0.25 0.25 944.0 217.0 944.0 354.0 6.0 354.0 904.0 11.0 904.0 
1 4 0.83 0.83 944.0 217.0 944.0 354.0 6.0 354.0 904.0 11.0 904.0 820.0 473.0 820.0 
1 5 0.9 0.9 944.0 217.0 944.0 354.0 6.0 354.0 904.0 11.0 904.0 820.0 473.0 820.0 978.0 67.0 978.0 
1 2 0.92 0.92 559.0 473.0 559.0 872.0 69.0 872.0 
1 3 0.98 0.98 559.0 473.0 559.0 872.0 69.0 872.0 299.0 18.0 299.0 
1 2 0.58 0.58 556.0 44.0 556.0 334.0 169.0 334.0 
1 3 0.62 0.62 556.0 44.0 556.0 334.0 169.0 334.0 525.0 19.0 525.0 
1 2 0.27 0.27 31.0 1.0 31.0 749.0 179.0 749.0 
1 3 0.44 0.44 31.0 1.0 31.0 749.0 179.0 749.0 585.0 104.0 585.0 
1 4 0.59 0.59 31.0 1.0 31.0 749.0 179.0 749.0 585.0 104.0 585.0 703.0 100.0 703.0 
1 2 0.39 0.39 139.0 27.0 139.0 512.0 104.0 512.0 
1 3 0.72 0.72 139.0 27.0 139.0 512.0 104.0 512.0 637.0 211.0 637.0 
1 4 0.73 0.73 139.0 27.0 139.0 512.0 104.0 512.0 637.0 211.0 637.0 226.0 2.0 226.0 
1 2 0.43 0.43 469.0 45.0 469.0 765.0 260.0 765.0 
1 3 0.53 0.53 469.0 45.0 469.0 765.0 260.0 765.0 83.0 8.0 83.0 
1 4 0.82 0.82 469.0 45.0 469.0 765.0 260.0 765.0 83.0 8.0 83.0 679.0 196.0 679.0 
1 5 0.95 0.95 469.0 45.0 469.0 765.0 260.0 765.0 83.0 8.0 83.0 679.0 196.0 679.0 879.0 117.0 879.0 
1 2 0.06 0.06 926.0 31.0 926.0 453.0 13.0 453.0 
1 3 0.16 0.16 926.0 31.0 926.0 453.0 13.0 453.0 699.0 69.0 699.0 
1 4 0.24 0.24 926.0 31.0 926.0 453.0 13.0 453.0 699.0 69.0 699.0 826.0 68.0 826.0 
1 5 0.84 0.84 926.0 31.0 926.0 453.0 13.0 453.0 699.0 69.0 699.0 826.0 68.0 826.0 754.0 457.0 754.0 
1 2 0.68 0.68 996.0 395.0 996.0 154.0 45.0 154.0 
1 3 0.69 0.69 996.0 395.0 996.0 154.0 45.0 154.0 755.0 1.0 755.0 
1 2 0.26 0.26 903.0 114.0 903.0 378.0 54.0 378.0 
1 3 0.42 0.42 903.0 114.0 903.0 378.0 54.0 378.0 94.0 15.0 94.0 
1 4 0.61 0.61 903.0 114.0 903.0 378.0 54.0 378.0 94.0 15.0 94.0 637.0 117.0 637.0 
1 5 0.95 0.95 903.0 114.0 903.0 378.0 54.0 378.0 94.0 15.0 94.0 637.0 117.0 637.0 953.0 330.0 953.0 
1 6 0.98 0.98 903.0 114.0 903.0 378.0 54.0 378.0 94.0 15.0 94.0 637.0 117.0 637.0 953.0 330.0 953.0 45.0 1.0 45.0 
1 2 0.75 0.75 943.0 232.0 943.0 113.0 57.0 113.0 
1 2 0.36 0.36 561.0 31.0 561.0 911.0 282.0 911.0 
1 3 0.89 0.89 561.0 31.0 561.0 911.0 282.0 911.0 632.0 333.0 632.0 
1 2 0.17 0.17 720.0 21.0 720.0 224.0 32.0 224.0 
1 3 0.29 0.29 720.0 21.0 720.0 224.0 32.0 224.0 167.0 20.0 167.0 
1 4 0.48 0.48 720.0 21.0 720.0 224.0 32.0 224.0 167.0 20.0 167.0 438.0 86.0 438.0 
1 5 0.51 0.51 720.0 21.0 720.0 224.0 32.0 224.0 167.0 20.0 167.0 438.0 86.0 438.0 904.0 23.0 904.0 
1 6 0.6 0.6 720.0 21.0 720.0 224.0 32.0 224.0 167.0 20.0 167.0 438.0 86.0 438.0 904.0 23.0 904.0 483.0 42.0 483.0 
1 7 0.8 0.8 720.0 21.0 720.0 224.0 32.0 224.0 167.0 20.0 167.0 438.0 86.0 438.0 904.0 23.0 904.0 483.0 42.0 483.0 979.0 197.0 979.0 
1 8 0.86 0.86 720.0 21.0 720.0 224.0 32.0 224.0 167.0 20.0 167.0 438.0 86.0 438.0 904.0 23.0 904.0 483.0 42.0 483.0 979.0 197.0 979.0 654.0 42.0 654.0 
1 2 0.71 0.71 431.0 225.0 431.0 964.0 189.0 964.0 
1 3 0.89 0.89 431.0 225.0 431.0 964.0 189.0 964.0 207.0 37.0 207.0 
1 4 0.98 0.98 431.0 225.0 431.0 964.0 189.0 964.0 207.0 37.0 207.0 342.0 30.0 342.0 
1 2 0.14 0.14 587.0 35.0 587.0 509.0 41.0 509.0 
1 3 0.48 0.48 587.0 35.0 587.0 509.0 41.0 509.0 101.0 35.0 101.0 
1 4 0.85 0.85 587.0 35.0 587.0 509.0 41.0 509.0 101.0 35.0 101.0 614.0 224.0 614.0 
1 2 0.94 0.94 974.0 8.0 974.0 354.0 332.0 354.0 
1 2 0.15 0.15 877.0 55.0 877.0 418.0 40.0 418.0 
1 3 0.52 0.52 877.0 55.0 877.0 418.0 40.0 418.0 152.0 56.0 152.0 
1 4 0.66 0.66 877.0 55.0 877.0 418.0 40.0 418.0 152.0 56.0 152.0 14.0 2.0 14.0 
1 5 0.67 0.67 877.0 55.0 877.0 418.0 40.0 418.0 152.0 56.0 152.0 14.0 2.0 14.0 852.0 1.0 852.0 
1 6 0.79 0.79 877.0 55.0 877.0 418.0 40.0 418.0 152.0 56.0 152.0 14.0 2.0 14.0 852.0 1.0 852.0 838.0 105.0 838.0 
1 2 0.33 0.33 754.0 21.0 754.0 145.0 44.0 145.0 
1 3 0.35 0.35 754.0 21.0 754.0 145.0 44.0 145.0 962.0 21.0 962.0 
1 4 0.67 0.67 754.0 21.0 754.0 145.0 44.0 145.0 962.0 21.0 962.0 323.0 105.0 323.0 
1 2 0.07 0.07 738.0 30.0 738.0 568.0 19.0 568.0 
1 3 0.21 0.21 738.0 30.0 738.0 568.0 19.0 568.0 440.0 64.0 440.0 
1 4 0.72 0.72 738.0 30.0 738.0 568.0 19.0 568.0 440.0 64.0 440.0 145.0 74.0 145.0 
1 5 0.88 0.88 738.0 30.0 738.0 568.0 19.0 568.0 440.0 64.0 440.0 145.0 74.0 145.0 38.0 6.0 38.0 
1 2 0.13 0.13 260.0 8.0 260.0 863.0 94.0 863.0 
1 3 0.5 0.5 260.0 8.0 260.0 863.0 94.0 863.0 852.0 312.0 852.0 
1 4 0.5 0.5 260.0 8.0 260.0 863.0 94.0 863.0 852.0 312.0 852.0 491.0 1.0 491.0 
1 5 0.7 0.7 260.0 8.0 260.0 863.0 94.0 863.0 852.0 312.0 852.0 491.0 1.0 491.0 782.0 151.0 782.0 
1 6 0.82 0.82 260.0 8.0 260.0 863.0 94.0 863.0 852.0 312.0 852.0 491.0 1.0 491.0 782.0 151.0 782.0 774.0 96.0 774.0 
1 2 0.27 0.27 792.0 159.0 792.0 70.0 5.0 70.0 
1 3 0.68 0.68 792.0 159.0 792.0 70.0 5.0 70.0 890.0 366.0 890.0 
1 2 0.16 0.16 986.0 55.0 986.0 706.0 80.0 706.0 
1 3 0.24 0.24 986.0 55.0 986.0 706.0 80.0 706.0 293.0 22.0 293.0 
1 4 0.48 0.48 986.0 55.0 986.0 706.0 80.0 706.0 293.0 22.0 293.0 185.0 45.0 185.0 
1 5 0.49 0.49 986.0 55.0 986.0 706.0 80.0 706.0 293.0 22.0 293.0 185.0 45.0 185.0 136.0 1.0 136.0 
1 6 0.56 0.56 986.0 55.0 986.0 706.0 80.0 706.0 293.0 22.0 293.0 185.0 45.0 185.0 136.0 1.0 136.0 197.0 14.0 197.0 
1 7 0.68 0.68 986.0 55.0 986.0 706.0 80.0 706.0 293.0 22.0 293.0 185.0 45.0 185.0 136.0 1.0 136.0 197.0 14.0 197.0 729.0 85.0 729.0 
1 2 0.73 0.73 644.0 189.0 644.0 966.0 423.0 966.0 
1 2 0.12 0.12 589.0 59.0 589.0 667.0 18.0 667.0 
1 3 0.58 0.58 589.0 59.0 589.0 667.0 18.0 667.0 164.0 75.0 164.0 
1 4 0.7 0.7 589.0 59.0 589.0 667.0 18.0 667.0 164.0 75.0 164.0 956.0 118.0 956.0 
1 2 0.6 0.6 334.0 28.0 334.0 50.0 26.0 50.0 
1 3 0.71 0.71 334.0 28.0 334.0 50.0 26.0 50.0 601.0 66.0 601.0 
1 4 0.91 0.91 334.0 28.0 334.0 50.0 26.0 50.0 601.0 66.0 601.0 665.0 132.0 665.0 
1 5 0.95 0.95 334.0 28.0 334.0 50.0 26.0 50.0 601.0 66.0 601.0 665.0 132.0 665.0 880.0 40.0 880.0 
1 2 0.44 0.44 900.0 309.0 900.0 833.0 82.0 833.0 
1 2 0.65 0.65 25.0 2.0 25.0 648.0 374.0 648.0 
1 3 0.95 0.95 25.0 2.0 25.0 648.0 374.0 648.0 956.0 282.0 956.0 
1 2 0.55 0.55 483.0 51.0 483.0 658.0 295.0 658.0 
1 3 0.93 0.93 483.0 51.0 483.0 658.0 295.0 658.0 559.0 213.0 559.0 
1 2 0.38 0.38 138.0 48.0 138.0 875.0 32.0 875.0 
1 3 0.52 0.52 138.0 48.0 138.0 875.0 32.0 875.0 380.0 54.0 380.0 
1 4 0.58 0.58 138.0 48.0 138.0 875.0 32.0 875.0 380.0 54.0 380.0 198.0 11.0 198.0 
1 5 0.71 0.71 138.0 48.0 138.0 875.0 32.0 875.0 380.0 54.0 380.0 198.0 11.0 198.0 890.0 121.0 890.0 
1 6 0.77 0.77 138.0 48.0 138.0 875.0 32.0 875.0 380.0 54.0 380.0 198.0 11.0 198.0 890.0 121.0 890.0 920.0 56.0 920.0 
1 7 0.79 0.79 138.0 48.0 138.0 875.0 32.0 875.0 380.0 54.0 380.0 198.0 11.0 198.0 890.0 121.0 890.0 920.0 56.0 920.0 574.0 9.0 574.0 
1 2 0.85 0.85 550.0 383.0 550.0 50.0 8.0 50.0 
1 2 0.64 0.64 170.0 66.0 170.0 174.0 45.0 174.0 
1 3 0.74 0.74 170.0 66.0 170.0 174.0 45.0 174.0 404.0 40.0 404.0 
1 2 0.35 0.35 592.0 110.0 592.0 600.0 100.0 600.0 
1 3 0.42 0.42 592.0 110.0 592.0 600.0 100.0 600.0 848.0 58.0 848.0 
1 4 0.61 0.61 592.0 110.0 592.0 600.0 100.0 600.0 848.0 58.0 848.0 420.0 81.0 420.0 
1 2 0.87 0.87 678.0 108.0 678.0 311.0 224.0 311.0 
1 2 0.91 0.91 462.0 262.0 462.0 867.0 301.0 867.0 
1 2 0.87 0.87 789.0 241.0 789.0 148.0 85.0 148.0 
1 2 0.37 0.37 135.0 50.0 135.0 800.0 2.0 800.0 
1 3 0.52 0.52 135.0 50.0 135.0 800.0 2.0 800.0 974.0 145.0 974.0 
1 4 0.53 0.53 135.0 50.0 135.0 800.0 2.0 800.0 974.0 145.0 974.0 542.0 9.0 542.0 
1 2 0.4 0.4 325.0 5.0 325.0 628.0 244.0 628.0 
1 3 0.92 0.92 325.0 5.0 325.0 628.0 244.0 628.0 561.0 290.0 561.0 
1 2 0.93 0.93 949.0 457.0 949.0 116.0 53.0 116.0 
1 2 0.36 0.36 943.0 66.0 943.0 352.0 105.0 352.0 
1 3 0.61 0.61 943.0 66.0 943.0 352.0 105.0 352.0 247.0 62.0 247.0 
1 4 0.73 0.73 943.0 66.0 943.0 352.0 105.0 352.0 247.0 62.0 247.0 988.0 113.0 988.0 
1 2 0.26 0.26 399.0 12.0 399.0 563.0 132.0 563.0 
1 3 0.29 0.29 399.0 12.0 399.0 563.0 132.0 563.0 632.0 19.0 632.0 
1 4 0.71 0.71 399.0 12.0 399.0 563.0 132.0 563.0 632.0 19.0 632.0 445.0 189.0 445.0 
1 5 0.88 0.88 399.0 12.0 399.0 563.0 132.0 563.0 632.0 19.0 632.0 445.0 189.0 445.0 48.0 8.0 48.0 
1 2 0.17 0.17 158.0 7.0 158.0 835.0 107.0 835.0 
1 3 0.21 0.21 158.0 7.0 158.0 835.0 107.0 835.0 832.0 34.0 832.0 
1 4 0.38 0.38 158.0 7.0 158.0 835.0 107.0 835.0 832.0 34.0 832.0 365.0 63.0 365.0 
1 5 0.43 0.43 158.0 7.0 158.0 835.0 107.0 835.0 832.0 34.0 832.0 365.0 63.0 365.0 987.0 52.0 987.0 
1 6 0.51 0.51 158.0 7.0 158.0 835.0 107.0 835.0 832.0 34.0 832.0 365.0 63.0 365.0 987.0 52.0 987.0 946.0 77.0 946.0 
1 7 0.88 0.88 158.0 7.0 158.0 835.0 107.0 835.0 832.0 34.0 832.0 365.0 63.0 365.0 987.0 52.0 987.0 946.0 77.0 946.0 648.0 239.0 648.0 
1 2 0.22 0.22 768.0 76.0 768.0 190.0 24.0 190.0 
1 3 0.24 0.24 768.0 76.0 768.0 190.0 24.0 190.0 283.0 5.0 283.0 
1 4 0.32 0.32 768.0 76.0 768.0 190.0 24.0 190.0 283.0 5.0 283.0 397.0 34.0 397.0 
1 5 0.49 0.49 768.0 76.0 768.0 190.0 24.0 190.0 283.0 5.0 283.0 397.0 34.0 397.0 135.0 23.0 135.0 
1 6 0.66 0.66 768.0 76.0 768.0 190.0 24.0 190.0 283.0 5.0 283.0 397.0 34.0 397.0 135.0 23.0 135.0 794.0 132.0 794.0 
1 7 0.95 0.95 768.0 76.0 768.0 190.0 24.0 190.0 283.0 5.0 283.0 397.0 34.0 397.0 135.0 23.0 135.0 794.0 132.0 794.0 993.0 292.0 993.0 
1 2 0.19 0.19 377.0 5.0 377.0 862.0 159.0 862.0 
1 3 0.28 0.28 377.0 5.0 377.0 862.0 159.0 862.0 175.0 16.0 175.0 
1 4 0.34 0.34 377.0 5.0 377.0 862.0 159.0 862.0 175.0 16.0 175.0 420.0 25.0 420.0 
1 5 0.7 0.7 377.0 5.0 377.0 862.0 159.0 862.0 175.0 16.0 175.0 420.0 25.0 420.0 709.0 254.0 709.0 
1 2 0.97 0.97 954.0 556.0 954.0 374.0 145.0 374.0 
1 2 0.11 0.11 870.0 11.0 870.0 848.0 88.0 848.0 
1 3 0.75 0.75 870.0 11.0 870.0 848.0 88.0 848.0 14.0 9.0 14.0 
1 4 0.77 0.77 870.0 11.0 870.0 848.0 88.0 848.0 14.0 9.0 14.0 302.0 5.0 302.0 
1 5 0.86 0.86 870.0 11.0 870.0 848.0 88.0 848.0 14.0 9.0 14.0 302.0 5.0 302.0 808.0 72.0 808.0 
1 2 0.55 0.55 724.0 32.0 724.0 183.0 93.0 183.0 
1 3 0.58 0.58 724.0 32.0 724.0 183.0 93.0 183.0 410.0 13.0 410.0 
1 2 0.27 0.27 451.0 90.0 451.0 617.0 44.0 617.0 
1 3 0.87 0.87 451.0 90.0 451.0 617.0 44.0 617.0 636.0 383.0 636.0 
1 2 0.02 0.02 874.0 9.0 874.0 987.0 19.0 987.0 
1 3 0.11 0.11 874.0 9.0 874.0 987.0 19.0 987.0 739.0 64.0 739.0 
1 4 0.25 0.25 874.0 9.0 874.0 987.0 19.0 987.0 739.0 64.0 739.0 29.0 4.0 29.0 
1 5 0.31 0.31 874.0 9.0 874.0 987.0 19.0 987.0 739.0 64.0 739.0 29.0 4.0 29.0 374.0 21.0 374.0 
1 6 0.76 0.76 874.0 9.0 874.0 987.0 19.0 987.0 739.0 64.0 739.0 29.0 4.0 29.0 374.0 21.0 374.0 721.0 327.0 721.0 
1 7 0.82 0.82 874.0 9.0 874.0 987.0 19.0 987.0 739.0 64.0 739.0 29.0 4.0 29.0 374.0 21.0 374.0 721.0 327.0 721.0 664.0 42.0 664.0 
1 2 0.48 0.48 975.0 198.0 975.0 419.0 120.0 419.0 
1 3 0.51 0.51 975.0 198.0 975.0 419.0 120.0 419.0 798.0 24.0 798.0 
1 4 0.57 0.57 975.0 198.0 975.0 419.0 120.0 419.0 798.0 24.0 798.0 425.0 23.0 425.0 
1 5 0.84 0.84 975.0 198.0 975.0 419.0 120.0 419.0 798.0 24.0 798.0 425.0 23.0 425.0 524.0 144.0 524.0 
1 6 0.88 0.88 975.0 198.0 975.0 419.0 120.0 419.0 798.0 24.0 798.0 425.0 23.0 425.0 524.0 144.0 524.0 754.0 31.0 754.0 
1 7 0.99 0.99 975.0 198.0 975.0 419.0 120.0 419.0 798.0 24.0 798.0 425.0 23.0 425.0 524.0 144.0 524.0 754.0 31.0 754.0 538.0 58.0 538.0 
1 2 0.14 0.14 348.0 8.0 348.0 762.0 95.0 762.0 
1 3 0.48 0.48 348.0 8.0 348.0 762.0 95.0 762.0 644.0 217.0 644.0 
1 4 0.89 0.89 348.0 8.0 348.0 762.0 95.0 762.0 644.0 217.0 644.0 126.0 52.0 126.0 
1 5 0.97 0.97 348.0 8.0 348.0 762.0 95.0 762.0 644.0 217.0 644.0 126.0 52.0 126.0 708.0 54.0 708.0 
1 2 0.58 0.58 564.0 289.0 564.0 153.0 11.0 153.0 
1 3 0.63 0.63 564.0 289.0 564.0 153.0 11.0 153.0 444.0 21.0 444.0 
1 4 0.88 0.88 564.0 289.0 564.0 153.0 11.0 153.0 444.0 21.0 444.0 712.0 179.0 712.0 
1 5 0.94 0.94 564.0 289.0 564.0 153.0 11.0 153.0 444.0 21.0 444.0 712.0 179.0 712.0 516.0 31.0 516.0 
1 2 0.18 0.18 523.0 90.0 523.0 380.0 6.0 380.0 
1 3 0.33 0.33 523.0 90.0 523.0 380.0 6.0 380.0 106.0 16.0 106.0 
1 4 0.53 0.53 523.0 90.0 523.0 380.0 6.0 380.0 106.0 16.0 106.0 376.0 75.0 376.0 
1 5 0.54 0.54 523.0 90.0 523.0 380.0 6.0 380.0 106.0 16.0 106.0 376.0 75.0 376.0 611.0 5.0 611.0 
1 6 0.6 0.6 523.0 90.0 523.0 380.0 6.0 380.0 106.0 16.0 106.0 376.0 75.0 376.0 611.0 5.0 611.0 940.0 53.0 940.0 
1 7 0.78 0.78 523.0 90.0 523.0 380.0 6.0 380.0 106.0 16.0 106.0 376.0 75.0 376.0 611.0 5.0 611.0 940.0 53.0 940.0 11.0 2.0 11.0 
1 2 0.39 0.39 849.0 72.0 849.0 131.0 41.0 131.0 
1 2 0.24 0.24 450.0 29.0 450.0 478.0 88.0 478.0 
1 3 0.25 0.25 450.0 29.0 450.0 478.0 88.0 478.0 853.0 2.0 853.0 
1 4 0.26 0.26 450.0 29.0 450.0 478.0 88.0 478.0 853.0 2.0 853.0 817.0 13.0 817.0 
1 5 0.8 0.8 450.0 29.0 450.0 478.0 88.0 478.0 853.0 2.0 853.0 817.0 13.0 817.0 169.0 91.0 169.0 
1 6 0.83 0.83 450.0 29.0 450.0 478.0 88.0 478.0 853.0 2.0 853.0 817.0 13.0 817.0 169.0 91.0 169.0 477.0 14.0 477.0 
1 2 0.7 0.7 145.0 10.0 145.0 757.0 483.0 757.0 
1 3 0.81 0.81 145.0 10.0 145.0 757.0 483.0 757.0 862.0 95.0 862.0 
1 2 0.4 0.4 679.0 81.0 679.0 559.0 161.0 559.0 
1 3 0.51 0.51 679.0 81.0 679.0 559.0 161.0 559.0 404.0 42.0 404.0 
1 4 0.53 0.53 679.0 81.0 679.0 559.0 161.0 559.0 404.0 42.0 404.0 779.0 22.0 779.0 
1 2 0.39 0.39 324.0 61.0 324.0 371.0 76.0 371.0 
1 3 0.5 0.5 324.0 61.0 324.0 371.0 76.0 371.0 675.0 78.0 675.0 
1 4 0.58 0.58 324.0 61.0 324.0 371.0 76.0 371.0 675.0 78.0 675.0 275.0 21.0 275.0 
1 5 0.6 0.6 324.0 61.0 324.0 371.0 76.0 371.0 675.0 78.0 675.0 275.0 21.0 275.0 693.0 17.0 693.0 
1 6 0.68 0.68 324.0 61.0 324.0 371.0 76.0 371.0 675.0 78.0 675.0 275.0 21.0 275.0 693.0 17.0 693.0 85.0 6.0 85.0 
1 7 0.77 0.77 324.0 61.0 324.0 371.0 76.0 371.0 675.0 78.0 675.0 275.0 21.0 275.0 693.0 17.0 693.0 85.0 6.0 85.0 122.0 11.0 122.0 
1 2 0.88 0.88 366.0 168.0 366.0 347.0 147.0 347.0 
1 2 0.31 0.31 99.0 24.0 99.0 543.0 37.0 543.0 
1 3 0.41 0.41 99.0 24.0 99.0 543.0 37.0 543.0 19.0 2.0 19.0 
1 4 0.64 0.64 99.0 24.0 99.0 543.0 37.0 543.0 19.0 2.0 19.0 744.0 171.0 744.0 
1 5 0.77 0.77 99.0 24.0 99.0 543.0 37.0 543.0 19.0 2.0 19.0 744.0 171.0 744.0 360.0 48.0 360.0 
1 6 0.93 0.93 99.0 24.0 99.0 543.0 37.0 543.0 19.0 2.0 19.0 744.0 171.0 744.0 360.0 48.0 360.0 613.0 98.0 613.0 
1 2 0.22 0.22 824.0 39.0 824.0 728.0 127.0 728.0 
1 3 0.39 0.39 824.0 39.0 824.0 728.0 127.0 728.0 977.0 168.0 977.0 
1 4 0.44 0.44 824.0 39.0 824.0 728.0 127.0 728.0 977.0 168.0 977.0 40.0 2.0 40.0 
1 2 0.9 0.9 977.0 244.0 977.0 788.0 515.0 788.0 
1 2 0.94 0.94 225.0 178.0 225.0 651.0 103.0 651.0 
1 2 0.9 0.9 727.0 212.0 727.0 757.0 462.0 757.0 
1 2 0.28 0.28 716.0 130.0 716.0 545.0 59.0 545.0 
1 3 0.61 0.61 716.0 130.0 716.0 545.0 59.0 545.0 327.0 106.0 327.0 
1 4 0.71 0.71 716.0 130.0 716.0 545.0 59.0 545.0 327.0 106.0 327.0 492.0 49.0 492.0 
1 5 0.95 0.95 716.0 130.0 716.0 545.0 59.0 545.0 327.0 106.0 327.0 492.0 49.0 492.0 321.0 78.0 321.0 
1 2 0.92 0.92 691.0 580.0 691.0 898.0 80.0 898.0 
1 2 0.17 0.17 505.0 78.0 505.0 44.0 1.0 44.0 
1 3 0.44 0.44 505.0 78.0 505.0 44.0 1.0 44.0 745.0 200.0 745.0 
1 4 0.77 0.77 505.0 78.0 505.0 44.0 1.0 44.0 745.0 200.0 745.0 733.0 240.0 733.0 
1 5 0.87 0.87 505.0 78.0 505.0 44.0 1.0 44.0 745.0 200.0 745.0 733.0 240.0 733.0 68.0 7.0 68.0 
1 2 0.68 0.68 125.0 66.0 125.0 731.0 113.0 731.0 
1 3 0.72 0.72 125.0 66.0 125.0 731.0 113.0 731.0 151.0 6.0 151.0 
1 2 0.31 0.31 551.0 56.0 551.0 416.0 87.0 416.0 
1 3 0.32 0.32 551.0 56.0 551.0 416.0 87.0 416.0 776.0 13.0 776.0 
1 4 0.45 0.45 551.0 56.0 551.0 416.0 87.0 416.0 776.0 13.0 776.0 712.0 92.0 712.0 
1 5 0.5 0.5 551.0 56.0 551.0 416.0 87.0 416.0 776.0 13.0 776.0 712.0 92.0 712.0 598.0 29.0 598.0 
1 6 0.93 0.93 551.0 56.0 551.0 416.0 87.0 416.0 776.0 13.0 776.0 712.0 92.0 712.0 598.0 29.0 598.0 231.0 99.0 231.0 
1 2 0.19 0.19 580.0 39.0 580.0 988.0 131.0 988.0 
1 3 0.38 0.38 580.0 39.0 580.0 988.0 131.0 988.0 244.0 45.0 244.0 
1 2 0.7 0.7 805.0 458.0 805.0 235.0 32.0 235.0 
1 3 0.76 0.76 805.0 458.0 805.0 235.0 32.0 235.0 70.0 4.0 70.0 
1 4 0.78 0.78 805.0 458.0 805.0 235.0 32.0 235.0 70.0 4.0 70.0 977.0 22.0 977.0 
1 2 0.28 0.28 843.0 208.0 843.0 745.0 30.0 745.0 
1 3 0.69 0.69 843.0 208.0 843.0 745.0 30.0 745.0 634.0 259.0 634.0 
1 4 0.81 0.81 843.0 208.0 843.0 745.0 30.0 745.0 634.0 259.0 634.0 297.0 35.0 297.0 
1 5 0.86 0.86 843.0 208.0 843.0 745.0 30.0 745.0 634.0 259.0 634.0 297.0 35.0 297.0 926.0 51.0 926.0 
1 2 0.37 0.37 187.0 52.0 187.0 512.0 52.0 512.0 
1 3 0.48 0.48 187.0 52.0 187.0 512.0 52.0 512.0 354.0 36.0 354.0 
1 4 0.93 0.93 187.0 52.0 187.0 512.0 52.0 512.0 354.0 36.0 354.0 297.0 136.0 297.0 
1 2 0.47 0.47 917.0 257.0 917.0 727.0 143.0 727.0 
1 3 0.81 0.81 917.0 257.0 917.0 727.0 143.0 727.0 3.0 1.0 3.0 
1 4 0.93 0.93 917.0 257.0 917.0 727.0 143.0 727.0 3.0 1.0 3.0 834.0 106.0 834.0 
1 2 0.23 0.23 360.0 64.0 360.0 429.0 26.0 429.0 
1 3 0.61 0.61 360.0 64.0 360.0 429.0 26.0 429.0 282.0 106.0 282.0 
1 4 0.64 0.64 360.0 64.0 360.0 429.0 26.0 429.0 282.0 106.0 282.0 796.0 21.0 796.0 
1 5 0.74 0.74 360.0 64.0 360.0 429.0 26.0 429.0 282.0 106.0 282.0 796.0 21.0 796.0 497.0 50.0 497.0 
1 6 0.96 0.96 360.0 64.0 360.0 429.0 26.0 429.0 282.0 106.0 282.0 796.0 21.0 796.0 497.0 50.0 497.0 888.0 196.0 888.0 
1 7 0.97 0.97 360.0 64.0 360.0 429.0 26.0 429.0 282.0 106.0 282.0 796.0 21.0 796.0 497.0 50.0 497.0 888.0 196.0 888.0 792.0 14.0 792.0 
1 2 0.37 0.37 586.0 61.0 586.0 795.0 213.0 795.0 
1 3 0.45 0.45 586.0 61.0 586.0 795.0 213.0 795.0 63.0 5.0 63.0 
1 4 0.61 0.61 586.0 61.0 586.0 795.0 213.0 795.0 63.0 5.0 63.0 574.0 95.0 574.0 
1 2 0.43 0.43 318.0 120.0 318.0 263.0 15.0 263.0 
1 3 0.48 0.48 318.0 120.0 318.0 263.0 15.0 263.0 37.0 2.0 37.0 
1 4 0.5 0.5 318.0 120.0 318.0 263.0 15.0 263.0 37.0 2.0 37.0 736.0 10.0 736.0 
1 5 0.76 0.76 318.0 120.0 318.0 263.0 15.0 263.0 37.0 2.0 37.0 736.0 10.0 736.0 23.0 6.0 23.0 
1 6 0.79 0.79 318.0 120.0 318.0 263.0 15.0 263.0 37.0 2.0 37.0 736.0 10.0 736.0 23.0 6.0 23.0 994.0 35.0 994.0 
1 7 0.93 0.93 318.0 120.0 318.0 263.0 15.0 263.0 37.0 2.0 37.0 736.0 10.0 736.0 23.0 6.0 23.0 994.0 35.0 994.0 959.0 130.0 959.0 
1 8 0.99 0.99 318.0 120.0 318.0 263.0 15.0 263.0 37.0 2.0 37.0 736.0 10.0 736.0 23.0 6.0 23.0 994.0 35.0 994.0 959.0 130.0 959.0 229.0 15.0 229.0 
1 2 0.2 0.2 768.0 121.0 768.0 496.0 22.0 496.0 
1 3 0.6 0.6 768.0 121.0 768.0 496.0 22.0 496.0 285.0 116.0 285.0 
1 4 0.62 0.62 768.0 121.0 768.0 496.0 22.0 496.0 285.0 116.0 285.0 746.0 12.0 746.0 
1 5 0.73 0.73 768.0 121.0 768.0 496.0 22.0 496.0 285.0 116.0 285.0 746.0 12.0 746.0 470.0 54.0 470.0 
1 6 0.76 0.76 768.0 121.0 768.0 496.0 22.0 496.0 285.0 116.0 285.0 746.0 12.0 746.0 470.0 54.0 470.0 553.0 16.0 553.0 
1 7 0.87 0.87 768.0 121.0 768.0 496.0 22.0 496.0 285.0 116.0 285.0 746.0 12.0 746.0 470.0 54.0 470.0 553.0 16.0 553.0 539.0 56.0 539.0 
1 2 0.27 0.27 655.0 9.0 655.0 264.0 70.0 264.0 
1 3 0.5 0.5 655.0 9.0 655.0 264.0 70.0 264.0 662.0 149.0 662.0 
1 4 0.95 0.95 655.0 9.0 655.0 264.0 70.0 264.0 662.0 149.0 662.0 76.0 34.0 76.0 
1 2 0.44 0.44 225.0 38.0 225.0 286.0 78.0 286.0 
1 3 0.52 0.52 225.0 38.0 225.0 286.0 78.0 286.0 472.0 37.0 472.0 
1 2 0.04 0.04 851.0 33.0 851.0 923.0 10.0 923.0 
1 3 0.16 0.16 851.0 33.0 851.0 923.0 10.0 923.0 952.0 112.0 952.0 
1 4 0.2 0.2 851.0 33.0 851.0 923.0 10.0 923.0 952.0 112.0 952.0 433.0 16.0 433.0 
1 5 0.82 0.82 851.0 33.0 851.0 923.0 10.0 923.0 952.0 112.0 952.0 433.0 16.0 433.0 66.0 41.0 66.0 
1 6 0.83 0.83 851.0 33.0 851.0 923.0 10.0 923.0 952.0 112.0 952.0 433.0 16.0 433.0 66.0 41.0 66.0 912.0 7.0 912.0 
1 7 0.94 0.94 851.0 33.0 851.0 923.0 10.0 923.0 952.0 112.0 952.0 433.0 16.0 433.0 66.0 41.0 66.0 912.0 7.0 912.0 762.0 82.0 762.0 
1 2 0.71 0.71 187.0 91.0 187.0 587.0 134.0 587.0 
1 3 0.93 0.93 187.0 91.0 187.0 587.0 134.0 587.0 485.0 106.0 485.0 
1 2 0.92 0.92 782.0 265.0 782.0 773.0 454.0 773.0 
1 2 0.15 0.15 583.0 84.0 583.0 829.0 6.0 829.0 
1 3 0.59 0.59 583.0 84.0 583.0 829.0 6.0 829.0 936.0 412.0 936.0 
1 4 0.73 0.73 583.0 84.0 583.0 829.0 6.0 829.0 936.0 412.0 936.0 500.0 73.0 500.0 
1 5 0.75 0.75 583.0 84.0 583.0 829.0 6.0 829.0 936.0 412.0 936.0 500.0 73.0 500.0 890.0 19.0 890.0 
1 6 0.77 0.77 583.0 84.0 583.0 829.0 6.0 829.0 936.0 412.0 936.0 500.0 73.0 500.0 890.0 19.0 890.0 680.0 13.0 680.0 
1 2 0.91 0.91 20.0 10.0 20.0 997.0 412.0 997.0 
1 2 0.56 0.56 80.0 26.0 80.0 753.0 181.0 753.0 
1 3 0.81 0.81 80.0 26.0 80.0 753.0 181.0 753.0 936.0 233.0 936.0 
1 4 0.89 0.89 80.0 26.0 80.0 753.0 181.0 753.0 936.0 233.0 936.0 92.0 7.0 92.0 
1 2 0.79 0.79 473.0 278.0 473.0 411.0 86.0 411.0 
1 2 0.49 0.49 919.0 298.0 919.0 592.0 103.0 592.0 
1 3 0.89 0.89 919.0 298.0 919.0 592.0 103.0 592.0 929.0 366.0 929.0 
1 2 0.36 0.36 895.0 72.0 895.0 836.0 238.0 836.0 
1 3 0.57 0.57 895.0 72.0 895.0 836.0 238.0 836.0 495.0 102.0 495.0 
1 4 0.99 0.99 895.0 72.0 895.0 836.0 238.0 836.0 495.0 102.0 495.0 74.0 31.0 74.0 
1 2 0.33 0.33 395.0 97.0 395.0 386.0 36.0 386.0 
1 3 0.82 0.82 395.0 97.0 395.0 386.0 36.0 386.0 47.0 23.0 47.0 
1 2 0.27 0.27 41.0 5.0 41.0 758.0 115.0 758.0 
1 3 0.34 0.34 41.0 5.0 41.0 758.0 115.0 758.0 153.0 11.0 153.0 
1 4 0.4 0.4 41.0 5.0 41.0 758.0 115.0 758.0 153.0 11.0 153.0 708.0 43.0 708.0 
1 5 0.49 0.49 41.0 5.0 41.0 758.0 115.0 758.0 153.0 11.0 153.0 708.0 43.0 708.0 55.0 5.0 55.0 
1 6 0.67 0.67 41.0 5.0 41.0 758.0 115.0 758.0 153.0 11.0 153.0 708.0 43.0 708.0 55.0 5.0 55.0 857.0 155.0 857.0 
1 7 0.88 0.88 41.0 5.0 41.0 758.0 115.0 758.0 153.0 11.0 153.0 708.0 43.0 708.0 55.0 5.0 55.0 857.0 155.0 857.0 582.0 123.0 582.0 
1 8 0.91 0.91 41.0 5.0 41.0 758.0 115.0 758.0 153.0 11.0 153.0 708.0 43.0 708.0 55.0 5.0 55.0 857.0 155.0 857.0 582.0 123.0 582.0 555.0 15.0 555.0 
1 2 0.46 0.46 332.0 112.0 332.0 895.0 117.0 895.0 
1 3 0.64 0.64 332.0 112.0 332.0 895.0 117.0 895.0 33.0 6.0 33.0 
1 4 0.99 0.99 332.0 112.0 332.0 895.0 117.0 895.0 33.0 6.0 33.0 343.0 120.0 343.0 
1 2 0.73 0.73 802.0 202.0 802.0 343.0 166.0 343.0 
1 3 0.78 0.78 802.0 202.0 802.0 343.0 166.0 343.0 729.0 38.0 729.0 
1 4 0.93 0.93 802.0 202.0 802.0 343.0 166.0 343.0 729.0 38.0 729.0 474.0 71.0 474.0 
1 2 0.86 0.86 437.0 124.0 437.0 12.0 7.0 12.0 
1 3 0.87 0.87 437.0 124.0 437.0 12.0 7.0 12.0 870.0 3.0 870.0 
1 4 0.87 0.87 437.0 124.0 437.0 12.0 7.0 12.0 870.0 3.0 870.0 356.0 3.0 356.0 
1 2 0.17 0.17 472.0 15.0 472.0 409.0 60.0 409.0 
1 3 0.22 0.22 472.0 15.0 472.0 409.0 60.0 409.0 634.0 30.0 634.0 
1 4 0.24 0.24 472.0 15.0 472.0 409.0 60.0 409.0 634.0 30.0 634.0 282.0 5.0 282.0 
1 5 0.55 0.55 472.0 15.0 472.0 409.0 60.0 409.0 634.0 30.0 634.0 282.0 5.0 282.0 632.0 198.0 632.0 
1 6 0.73 0.73 472.0 15.0 472.0 409.0 60.0 409.0 634.0 30.0 634.0 282.0 5.0 282.0 632.0 198.0 632.0 92.0 16.0 92.0 
1 7 0.76 0.76 472.0 15.0 472.0 409.0 60.0 409.0 634.0 30.0 634.0 282.0 5.0 282.0 632.0 198.0 632.0 92.0 16.0 92.0 739.0 27.0 739.0 
1 2 0.78 0.78 904.0 621.0 904.0 813.0 82.0 813.0 
1 2 0.21 0.21 806.0 69.0 806.0 594.0 76.0 594.0 
1 3 0.24 0.24 806.0 69.0 806.0 594.0 76.0 594.0 949.0 28.0 949.0 
1 4 0.51 0.51 806.0 69.0 806.0 594.0 76.0 594.0 949.0 28.0 949.0 454.0 124.0 454.0 
1 5 0.54 0.54 806.0 69.0 806.0 594.0 76.0 594.0 949.0 28.0 949.0 454.0 124.0 454.0 190.0 5.0 190.0 
1 6 0.6 0.6 806.0 69.0 806.0 594.0 76.0 594.0 949.0 28.0 949.0 454.0 124.0 454.0 190.0 5.0 190.0 204.0 12.0 204.0 
1 7 0.84 0.84 806.0 69.0 806.0 594.0 76.0 594.0 949.0 28.0 949.0 454.0 124.0 454.0 190.0 5.0 190.0 204.0 12.0 204.0 805.0 196.0 805.0 
1 2 0.06 0.06 254.0 2.0 254.0 798.0 43.0 798.0 
1 3 0.21 0.21 254.0 2.0 254.0 798.0 43.0 798.0 364.0 56.0 364.0 
1 4 0.46 0.46 254.0 2.0 254.0 798.0 43.0 798.0 364.0 56.0 364.0 497.0 122.0 497.0 
1 5 0.66 0.66 254.0 2.0 254.0 798.0 43.0 798.0 364.0 56.0 364.0 497.0 122.0 497.0 844.0 172.0 844.0 
1 6 0.7 0.7 254.0 2.0 254.0 798.0 43.0 798.0 364.0 56.0 364.0 497.0 122.0 497.0 844.0 172.0 844.0 79.0 3.0 79.0 
1 7 0.97 0.97 254.0 2.0 254.0 798.0 43.0 798.0 364.0 56.0 364.0 497.0 122.0 497.0 844.0 172.0 844.0 79.0 3.0 79.0 870.0 236.0 870.0 
1 2 0.65 0.65 553.0 12.0 553.0 237.0 151.0 237.0 
1 2 0.55 0.55 207.0 12.0 207.0 14.0 7.0 14.0 
1 3 0.74 0.74 207.0 12.0 207.0 14.0 7.0 14.0 545.0 103.0 545.0 
1 2 0.55 0.55 754.0 139.0 754.0 312.0 117.0 312.0 
1 3 0.89 0.89 754.0 139.0 754.0 312.0 117.0 312.0 18.0 6.0 18.0 
1 2 0.21 0.21 690.0 17.0 690.0 407.0 76.0 407.0 
1 2 0.22 0.22 166.0 30.0 166.0 82.0 4.0 82.0 
1 3 0.35 0.35 166.0 30.0 166.0 82.0 4.0 82.0 82.0 10.0 82.0 
1 4 0.48 0.48 166.0 30.0 166.0 82.0 4.0 82.0 82.0 10.0 82.0 665.0 91.0 665.0 
1 5 0.52 0.52 166.0 30.0 166.0 82.0 4.0 82.0 82.0 10.0 82.0 665.0 91.0 665.0 151.0 6.0 151.0 
1 6 0.55 0.55 166.0 30.0 166.0 82.0 4.0 82.0 82.0 10.0 82.0 665.0 91.0 665.0 151.0 6.0 151.0 987.0 26.0 987.0 
1 7 0.62 0.62 166.0 30.0 166.0 82.0 4.0 82.0 82.0 10.0 82.0 665.0 91.0 665.0 151.0 6.0 151.0 987.0 26.0 987.0 109.0 8.0 109.0 
1 8 0.76 0.76 166.0 30.0 166.0 82.0 4.0 82.0 82.0 10.0 82.0 665.0 91.0 665.0 151.0 6.0 151.0 987.0 26.0 987.0 109.0 8.0 109.0 617.0 82.0 617.0 
1 2 0.63 0.63 8.0 5.0 8.0 878.0 13.0 878.0 
1 3 0.78 0.78 8.0 5.0 8.0 878.0 13.0 878.0 439.0 65.0 439.0 
1 4 0.95 0.95 8.0 5.0 8.0 878.0 13.0 878.0 439.0 65.0 439.0 161.0 27.0 161.0 
1 2 0.52 0.52 475.0 96.0 475.0 421.0 134.0 421.0 
1 3 0.58 0.58 475.0 96.0 475.0 421.0 134.0 421.0 766.0 51.0 766.0 
1 4 0.73 0.73 475.0 96.0 475.0 421.0 134.0 421.0 766.0 51.0 766.0 795.0 116.0 795.0 
1 2 0.87 0.87 152.0 131.0 152.0 611.0 7.0 611.0 
1 2 0.26 0.26 824.0 210.0 824.0 560.0 3.0 560.0 
1 3 0.41 0.41 824.0 210.0 824.0 560.0 3.0 560.0 306.0 47.0 306.0 
1 4 0.51 0.51 824.0 210.0 824.0 560.0 3.0 560.0 306.0 47.0 306.0 78.0 8.0 78.0 
1 5 0.63 0.63 824.0 210.0 824.0 560.0 3.0 560.0 306.0 47.0 306.0 78.0 8.0 78.0 333.0 39.0 333.0 
1 6 0.85 0.85 824.0 210.0 824.0 560.0 3.0 560.0 306.0 47.0 306.0 78.0 8.0 78.0 333.0 39.0 333.0 169.0 38.0 169.0 
1 2 0.61 0.61 260.0 7.0 260.0 400.0 237.0 400.0 
1 2 0.86 0.86 565.0 486.0 565.0 838.0 5.0 838.0 
1 2 0.76 0.76 785.0 451.0 785.0 431.0 83.0 431.0 
1 3 0.86 0.86 785.0 451.0 785.0 431.0 83.0 431.0 150.0 15.0 150.0 
1 4 0.94 0.94 785.0 451.0 785.0 431.0 83.0 431.0 150.0 15.0 150.0 319.0 24.0 319.0 
1 2 0.4 0.4 380.0 151.0 380.0 346.0 4.0 346.0 
1 3 0.44 0.44 380.0 151.0 380.0 346.0 4.0 346.0 855.0 27.0 855.0 
1 4 0.5 0.5 380.0 151.0 380.0 346.0 4.0 346.0 855.0 27.0 855.0 890.0 58.0 890.0 
1 5 0.51 0.51 380.0 151.0 380.0 346.0 4.0 346.0 855.0 27.0 855.0 890.0 58.0 890.0 150.0 1.0 150.0 
1 6 0.55 0.55 380.0 151.0 380.0 346.0 4.0 346.0 855.0 27.0 855.0 890.0 58.0 890.0 150.0 1.0 150.0 768.0 33.0 768.0 
1 7 0.71 0.71 380.0 151.0 380.0 346.0 4.0 346.0 855.0 27.0 855.0 890.0 58.0 890.0 150.0 1.0 150.0 768.0 33.0 768.0 429.0 69.0 429.0 
1 8 0.82 0.82 380.0 151.0 380.0 346.0 4.0 346.0 855.0 27.0 855.0 890.0 58.0 890.0 150.0 1.0 150.0 768.0 33.0 768.0 429.0 69.0 429.0 838.0 89.0 838.0 
1 2 0.39 0.39 629.0 189.0 629.0 272.0 27.0 272.0 
1 2 0.83 0.83 397.0 48.0 397.0 517.0 368.0 517.0 
1 3 0.86 0.86 397.0 48.0 397.0 517.0 368.0 517.0 899.0 27.0 899.0 
1 2 0.53 0.53 408.0 151.0 408.0 920.0 148.0 920.0 
1 3 0.6 0.6 408.0 151.0 408.0 920.0 148.0 920.0 363.0 28.0 363.0 
1 2 0.29 0.29 671.0 121.0 671.0 202.0 24.0 202.0 
1 3 0.48 0.48 671.0 121.0 671.0 202.0 24.0 202.0 781.0 144.0 781.0 
1 4 0.49 0.49 671.0 121.0 671.0 202.0 24.0 202.0 781.0 144.0 781.0 760.0 11.0 760.0 
1 5 0.5 0.5 671.0 121.0 671.0 202.0 24.0 202.0 781.0 144.0 781.0 760.0 11.0 760.0 466.0 2.0 466.0 
1 6 0.69 0.69 671.0 121.0 671.0 202.0 24.0 202.0 781.0 144.0 781.0 760.0 11.0 760.0 466.0 2.0 466.0 334.0 65.0 334.0 
1 7 0.72 0.72 671.0 121.0 671.0 202.0 24.0 202.0 781.0 144.0 781.0 760.0 11.0 760.0 466.0 2.0 466.0 334.0 65.0 334.0 578.0 17.0 578.0 
1 8 0.74 0.74 671.0 121.0 671.0 202.0 24.0 202.0 781.0 144.0 781.0 760.0 11.0 760.0 466.0 2.0 466.0 334.0 65.0 334.0 578.0 17.0 578.0 938.0 21.0 938.0 
1 9 0.86 0.86 671.0 121.0 671.0 202.0 24.0 202.0 781.0 144.0 781.0 760.0 11.0 760.0 466.0 2.0 466.0 334.0 65.0 334.0 578.0 17.0 578.0 938.0 21.0 938.0 609.0 71.0 609.0 
1 10 0.99 0.99 671.0 121.0 671.0 202.0 24.0 202.0 781.0 144.0 781.0 760.0 11.0 760.0 466.0 2.0 466.0 334.0 65.0 334.0 578.0 17.0 578.0 938.0 21.0 938.0 609.0 71.0 609.0 297.0 40.0 297.0 
1 2 0.08 0.08 13.0 1.0 13.0 810.0 4.0 810.0 
1 3 0.27 0.27 13.0 1.0 13.0 810.0 4.0 810.0 217.0 42.0 217.0 
1 4 0.68 0.68 13.0 1.0 13.0 810.0 4.0 810.0 217.0 42.0 217.0 938.0 387.0 938.0 
1 5 0.98 0.98 13.0 1.0 13.0 810.0 4.0 810.0 217.0 42.0 217.0 938.0 387.0 938.0 339.0 99.0 339.0 
1 2 0.26 0.26 957.0 100.0 957.0 643.0 103.0 643.0 
1 2 0.7 0.7 610.0 62.0 610.0 582.0 352.0 582.0 
1 3 0.96 0.96 610.0 62.0 610.0 582.0 352.0 582.0 254.0 66.0 254.0 
1 2 0.35 0.35 540.0 119.0 540.0 512.0 69.0 512.0 
1 3 0.39 0.39 540.0 119.0 540.0 512.0 69.0 512.0 501.0 21.0 501.0 
1 4 0.43 0.43 540.0 119.0 540.0 512.0 69.0 512.0 501.0 21.0 501.0 321.0 13.0 321.0 
1 2 0.78 0.78 769.0 500.0 769.0 411.0 56.0 411.0 
1 2 0.21 0.21 73.0 6.0 73.0 843.0 108.0 843.0 
1 3 0.67 0.67 73.0 6.0 73.0 843.0 108.0 843.0 148.0 69.0 148.0 
1 4 0.9 0.9 73.0 6.0 73.0 843.0 108.0 843.0 148.0 69.0 148.0 631.0 147.0 631.0 
1 5 0.92 0.92 73.0 6.0 73.0 843.0 108.0 843.0 148.0 69.0 148.0 631.0 147.0 631.0 602.0 11.0 602.0 
1 2 0.39 0.39 133.0 24.0 133.0 62.0 13.0 62.0 
1 3 0.49 0.49 133.0 24.0 133.0 62.0 13.0 62.0 165.0 18.0 165.0 
1 4 0.71 0.71 133.0 24.0 133.0 62.0 13.0 62.0 165.0 18.0 165.0 894.0 193.0 894.0 
1 2 0.65 0.65 233.0 109.0 233.0 407.0 77.0 407.0 
1 3 0.74 0.74 233.0 109.0 233.0 407.0 77.0 407.0 604.0 52.0 604.0 
1 4 0.74 0.74 233.0 109.0 233.0 407.0 77.0 407.0 604.0 52.0 604.0 895.0 6.0 895.0 
1 5 0.9 0.9 233.0 109.0 233.0 407.0 77.0 407.0 604.0 52.0 604.0 895.0 6.0 895.0 723.0 110.0 723.0 
1 2 0.27 0.27 445.0 122.0 445.0 351.0 1.0 351.0 
1 3 0.44 0.44 445.0 122.0 445.0 351.0 1.0 351.0 6.0 1.0 6.0 
1 2 0.6 0.6 610.0 114.0 610.0 693.0 291.0 693.0 
1 3 0.66 0.66 610.0 114.0 610.0 693.0 291.0 693.0 108.0 6.0 108.0 
1 4 0.83 0.83 610.0 114.0 610.0 693.0 291.0 693.0 108.0 6.0 108.0 271.0 47.0 271.0 
1 2 0.67 0.67 865.0 53.0 865.0 475.0 290.0 475.0 
1 3 0.78 0.78 865.0 53.0 865.0 475.0 290.0 475.0 110.0 12.0 110.0 
1 2 0.47 0.47 581.0 195.0 581.0 741.0 102.0 741.0 
1 3 0.88 0.88 581.0 195.0 581.0 741.0 102.0 741.0 517.0 215.0 517.0 
1 4 0.96 0.96 581.0 195.0 581.0 741.0 102.0 741.0 517.0 215.0 517.0 390.0 30.0 390.0 
1 2 0.19 0.19 900.0 64.0 900.0 957.0 122.0 957.0 
1 2 0.6 0.6 360.0 2.0 360.0 107.0 64.0 107.0 
1 3 0.81 0.81 360.0 2.0 360.0 107.0 64.0 107.0 177.0 37.0 177.0 
1 4 0.94 0.94 360.0 2.0 360.0 107.0 64.0 107.0 177.0 37.0 177.0 817.0 105.0 817.0 
1 2 0.24 0.24 715.0 135.0 715.0 773.0 47.0 773.0 
1 3 0.46 0.46 715.0 135.0 715.0 773.0 47.0 773.0 430.0 93.0 430.0 
1 2 0.87 0.87 498.0 227.0 498.0 282.0 117.0 282.0 
1 2 0.43 0.43 528.0 139.0 528.0 57.0 10.0 57.0 
1 3 0.48 0.48 528.0 139.0 528.0 57.0 10.0 57.0 433.0 18.0 433.0 
1 2 0.76 0.76 99.0 64.0 99.0 986.0 115.0 986.0 
1 3 0.79 0.79 99.0 64.0 99.0 986.0 115.0 986.0 992.0 34.0 992.0 
1 4 0.99 0.99 99.0 64.0 99.0 986.0 115.0 986.0 992.0 34.0 992.0 5.0 1.0 5.0 
1 2 0.13 0.13 33.0 3.0 33.0 103.0 5.0 103.0 
1 2 0.11 0.11 493.0 45.0 493.0 284.0 7.0 284.0 
1 3 0.58 0.58 493.0 45.0 493.0 284.0 7.0 284.0 120.0 56.0 120.0 
1 2 0.21 0.21 731.0 82.0 731.0 501.0 50.0 501.0 
1 3 0.31 0.31 731.0 82.0 731.0 501.0 50.0 501.0 58.0 6.0 58.0 
1 4 0.43 0.43 731.0 82.0 731.0 501.0 50.0 501.0 58.0 6.0 58.0 26.0 3.0 26.0 
1 5 0.55 0.55 731.0 82.0 731.0 501.0 50.0 501.0 58.0 6.0 58.0 26.0 3.0 26.0 720.0 92.0 720.0 
1 6 0.56 0.56 731.0 82.0 731.0 501.0 50.0 501.0 58.0 6.0 58.0 26.0 3.0 26.0 720.0 92.0 720.0 750.0 6.0 750.0 
1 7 0.61 0.61 731.0 82.0 731.0 501.0 50.0 501.0 58.0 6.0 58.0 26.0 3.0 26.0 720.0 92.0 720.0 750.0 6.0 750.0 449.0 23.0 449.0 
1 8 0.84 0.84 731.0 82.0 731.0 501.0 50.0 501.0 58.0 6.0 58.0 26.0 3.0 26.0 720.0 92.0 720.0 750.0 6.0 750.0 449.0 23.0 449.0 858.0 191.0 858.0 
1 2 0.89 0.89 955.0 753.0 955.0 902.0 96.0 902.0 
1 3 0.99 0.99 955.0 753.0 955.0 902.0 96.0 902.0 664.0 65.0 664.0 
1 2 0.59 0.59 558.0 250.0 558.0 555.0 79.0 555.0 
1 3 0.67 0.67 558.0 250.0 558.0 555.0 79.0 555.0 739.0 61.0 739.0 
1 4 0.69 0.69 558.0 250.0 558.0 555.0 79.0 555.0 739.0 61.0 739.0 530.0 11.0 530.0 
1 5 0.95 0.95 558.0 250.0 558.0 555.0 79.0 555.0 739.0 61.0 739.0 530.0 11.0 530.0 857.0 223.0 857.0 
1 2 0.24 0.24 848.0 50.0 848.0 293.0 54.0 293.0 
1 2 0.55 0.55 875.0 135.0 875.0 531.0 211.0 531.0 
1 3 0.91 0.91 875.0 135.0 875.0 531.0 211.0 531.0 713.0 259.0 713.0 
1 2 0.97 0.97 737.0 674.0 737.0 703.0 46.0 703.0 
1 2 0.43 0.43 509.0 43.0 509.0 161.0 57.0 161.0 
1 3 0.48 0.48 509.0 43.0 509.0 161.0 57.0 161.0 827.0 38.0 827.0 
1 4 0.71 0.71 509.0 43.0 509.0 161.0 57.0 161.0 827.0 38.0 827.0 844.0 194.0 844.0 
1 5 0.74 0.74 509.0 43.0 509.0 161.0 57.0 161.0 827.0 38.0 827.0 844.0 194.0 844.0 187.0 5.0 187.0 
1 2 0.36 0.36 727.0 124.0 727.0 182.0 36.0 182.0 
1 3 0.58 0.58 727.0 124.0 727.0 182.0 36.0 182.0 967.0 209.0 967.0 
1 4 0.6 0.6 727.0 124.0 727.0 182.0 36.0 182.0 967.0 209.0 967.0 306.0 6.0 306.0 
1 5 0.72 0.72 727.0 124.0 727.0 182.0 36.0 182.0 967.0 209.0 967.0 306.0 6.0 306.0 422.0 49.0 422.0 
1 6 0.97 0.97 727.0 124.0 727.0 182.0 36.0 182.0 967.0 209.0 967.0 306.0 6.0 306.0 422.0 49.0 422.0 471.0 119.0 471.0 
1 2 0.38 0.38 156.0 9.0 156.0 576.0 190.0 576.0 
1 3 0.4 0.4 156.0 9.0 156.0 576.0 190.0 576.0 450.0 6.0 450.0 
1 4 0.62 0.62 156.0 9.0 156.0 576.0 190.0 576.0 450.0 6.0 450.0 478.0 109.0 478.0 
1 5 0.74 0.74 156.0 9.0 156.0 576.0 190.0 576.0 450.0 6.0 450.0 478.0 109.0 478.0 9.0 1.0 9.0 
1 2 0.14 0.14 833.0 97.0 833.0 108.0 3.0 108.0 
1 3 0.2 0.2 833.0 97.0 833.0 108.0 3.0 108.0 638.0 41.0 638.0 
1 4 0.54 0.54 833.0 97.0 833.0 108.0 3.0 108.0 638.0 41.0 638.0 15.0 5.0 15.0 
1 5 0.79 0.79 833.0 97.0 833.0 108.0 3.0 108.0 638.0 41.0 638.0 15.0 5.0 15.0 108.0 27.0 108.0 
1 6 0.84 0.84 833.0 97.0 833.0 108.0 3.0 108.0 638.0 41.0 638.0 15.0 5.0 15.0 108.0 27.0 108.0 300.0 15.0 300.0 
1 2 0.33 0.33 387.0 112.0 387.0 806.0 40.0 806.0 
1 2 0.74 0.74 807.0 1.0 807.0 490.0 366.0 490.0 
1 3 0.8 0.8 807.0 1.0 807.0 490.0 366.0 490.0 839.0 45.0 839.0 
1 4 0.94 0.94 807.0 1.0 807.0 490.0 366.0 490.0 839.0 45.0 839.0 70.0 10.0 70.0 
1 2 0.81 0.81 342.0 35.0 342.0 574.0 410.0 574.0 
1 2 0.58 0.58 125.0 66.0 125.0 212.0 13.0 212.0 
1 2 0.32 0.32 854.0 60.0 854.0 323.0 81.0 323.0 
1 2 0.98 0.98 612.0 478.0 612.0 155.0 31.0 155.0 
1 3 0.98 0.98 612.0 478.0 612.0 155.0 31.0 155.0 490.0 1.0 490.0 
1 2 0.12 0.12 276.0 17.0 276.0 476.0 31.0 476.0 
1 3 0.15 0.15 276.0 17.0 276.0 476.0 31.0 476.0 729.0 18.0 729.0 
1 4 0.37 0.37 276.0 17.0 276.0 476.0 31.0 476.0 729.0 18.0 729.0 661.0 147.0 661.0 
1 5 0.68 0.68 276.0 17.0 276.0 476.0 31.0 476.0 729.0 18.0 729.0 661.0 147.0 661.0 157.0 49.0 157.0 
1 2 0.81 0.81 317.0 219.0 317.0 503.0 64.0 503.0 
1 3 0.91 0.91 317.0 219.0 317.0 503.0 64.0 503.0 409.0 39.0 409.0 
1 2 0.58 0.58 425.0 30.0 425.0 944.0 489.0 944.0 
1 3 0.98 0.98 425.0 30.0 425.0 944.0 489.0 944.0 987.0 391.0 987.0 
1 2 0.25 0.25 388.0 8.0 388.0 43.0 10.0 43.0 
1 3 0.31 0.31 388.0 8.0 388.0 43.0 10.0 43.0 168.0 11.0 168.0 
1 4 0.37 0.37 388.0 8.0 388.0 43.0 10.0 43.0 168.0 11.0 168.0 136.0 7.0 136.0 
1 5 0.48 0.48 388.0 8.0 388.0 43.0 10.0 43.0 168.0 11.0 168.0 136.0 7.0 136.0 759.0 89.0 759.0 
1 6 0.85 0.85 388.0 8.0 388.0 43.0 10.0 43.0 168.0 11.0 168.0 136.0 7.0 136.0 759.0 89.0 759.0 449.0 165.0 449.0 
1 7 0.99 0.99 388.0 8.0 388.0 43.0 10.0 43.0 168.0 11.0 168.0 136.0 7.0 136.0 759.0 89.0 759.0 449.0 165.0 449.0 575.0 83.0 575.0 
1 2 0.79 0.79 880.0 101.0 880.0 140.0 95.0 140.0 
1 2 0.14 0.14 98.0 4.0 98.0 820.0 85.0 820.0 
1 3 0.25 0.25 98.0 4.0 98.0 820.0 85.0 820.0 132.0 15.0 132.0 
1 4 0.37 0.37 98.0 4.0 98.0 820.0 85.0 820.0 132.0 15.0 132.0 537.0 63.0 537.0 
1 5 0.63 0.63 98.0 4.0 98.0 820.0 85.0 820.0 132.0 15.0 132.0 537.0 63.0 537.0 989.0 260.0 989.0 
1 6 0.84 0.84 98.0 4.0 98.0 820.0 85.0 820.0 132.0 15.0 132.0 537.0 63.0 537.0 989.0 260.0 989.0 794.0 166.0 794.0 
1 7 0.86 0.86 98.0 4.0 98.0 820.0 85.0 820.0 132.0 15.0 132.0 537.0 63.0 537.0 989.0 260.0 989.0 794.0 166.0 794.0 78.0 1.0 78.0 
1 2 0.38 0.38 595.0 192.0 595.0 568.0 33.0 568.0 
1 3 0.57 0.57 595.0 192.0 595.0 568.0 33.0 568.0 397.0 76.0 397.0 
1 2 0.34 0.34 407.0 26.0 407.0 835.0 231.0 835.0 
1 3 0.86 0.86 407.0 26.0 407.0 835.0 231.0 835.0 960.0 508.0 960.0 
1 2 0.63 0.63 779.0 129.0 779.0 948.0 445.0 948.0 
1 3 0.9 0.9 779.0 129.0 779.0 948.0 445.0 948.0 107.0 29.0 107.0 
1 2 0.19 0.19 631.0 113.0 631.0 323.0 4.0 323.0 
1 3 0.39 0.39 631.0 113.0 631.0 323.0 4.0 323.0 5.0 1.0 5.0 
1 4 0.83 0.83 631.0 113.0 631.0 323.0 4.0 323.0 5.0 1.0 5.0 206.0 92.0 206.0 
1 2 0.12 0.12 279.0 29.0 279.0 197.0 5.0 197.0 
1 3 0.78 0.78 279.0 29.0 279.0 197.0 5.0 197.0 799.0 520.0 799.0 
1 4 0.79 0.79 279.0 29.0 279.0 197.0 5.0 197.0 799.0 520.0 799.0 92.0 1.0 92.0 
1 5 0.89 0.89 279.0 29.0 279.0 197.0 5.0 197.0 799.0 520.0 799.0 92.0 1.0 92.0 432.0 46.0 432.0 
1 6 0.91 0.91 279.0 29.0 279.0 197.0 5.0 197.0 799.0 520.0 799.0 92.0 1.0 92.0 432.0 46.0 432.0 635.0 11.0 635.0 
1 7 0.96 0.96 279.0 29.0 279.0 197.0 5.0 197.0 799.0 520.0 799.0 92.0 1.0 92.0 432.0 46.0 432.0 635.0 11.0 635.0 942.0 51.0 942.0 
1 2 0.27 0.27 551.0 127.0 551.0 935.0 40.0 935.0 
1 3 0.61 0.61 551.0 127.0 551.0 935.0 40.0 935.0 773.0 261.0 773.0 
1 2 0.78 0.78 205.0 93.0 205.0 561.0 184.0 561.0 
1 2 0.26 0.26 225.0 17.0 225.0 102.0 19.0 102.0 
1 3 0.6 0.6 225.0 17.0 225.0 102.0 19.0 102.0 795.0 271.0 795.0 
1 4 0.79 0.79 225.0 17.0 225.0 102.0 19.0 102.0 795.0 271.0 795.0 382.0 72.0 382.0 
1 2 0.52 0.52 621.0 44.0 621.0 892.0 409.0 892.0 
1 3 0.64 0.64 621.0 44.0 621.0 892.0 409.0 892.0 789.0 92.0 789.0 
1 2 0.22 0.22 732.0 143.0 732.0 575.0 16.0 575.0 
1 3 0.84 0.84 732.0 143.0 732.0 575.0 16.0 575.0 676.0 420.0 676.0 
1 2 0.85 0.85 852.0 116.0 852.0 158.0 114.0 158.0 
1 2 0.36 0.36 587.0 63.0 587.0 594.0 151.0 594.0 
1 3 0.51 0.51 587.0 63.0 587.0 594.0 151.0 594.0 744.0 116.0 744.0 
1 4 0.54 0.54 587.0 63.0 587.0 594.0 151.0 594.0 744.0 116.0 744.0 974.0 26.0 974.0 
1 5 0.73 0.73 587.0 63.0 587.0 594.0 151.0 594.0 744.0 116.0 744.0 974.0 26.0 974.0 596.0 112.0 596.0 
1 6 0.9 0.9 587.0 63.0 587.0 594.0 151.0 594.0 744.0 116.0 744.0 974.0 26.0 974.0 596.0 112.0 596.0 655.0 111.0 655.0 
1 7 0.91 0.91 587.0 63.0 587.0 594.0 151.0 594.0 744.0 116.0 744.0 974.0 26.0 974.0 596.0 112.0 596.0 655.0 111.0 655.0 288.0 4.0 288.0 
1 2 0.28 0.28 816.0 61.0 816.0 594.0 127.0 594.0 
1 3 0.71 0.71 816.0 61.0 816.0 594.0 127.0 594.0 949.0 406.0 949.0 
1 4 0.84 0.84 816.0 61.0 816.0 594.0 127.0 594.0 949.0 406.0 949.0 979.0 128.0 979.0 
1 5 0.86 0.86 816.0 61.0 816.0 594.0 127.0 594.0 949.0 406.0 949.0 979.0 128.0 979.0 295.0 4.0 295.0 
1 6 0.92 0.92 816.0 61.0 816.0 594.0 127.0 594.0 949.0 406.0 949.0 979.0 128.0 979.0 295.0 4.0 295.0 202.0 12.0 202.0 
1 2 0.76 0.76 158.0 107.0 158.0 109.0 10.0 109.0 
1 3 0.8 0.8 158.0 107.0 158.0 109.0 10.0 109.0 389.0 14.0 389.0 
1 2 0.34 0.34 426.0 120.0 426.0 274.0 18.0 274.0 
1 3 0.41 0.41 426.0 120.0 426.0 274.0 18.0 274.0 911.0 61.0 911.0 
1 4 0.49 0.49 426.0 120.0 426.0 274.0 18.0 274.0 911.0 61.0 911.0 414.0 34.0 414.0 
1 2 0.34 0.34 962.0 7.0 962.0 615.0 206.0 615.0 
1 3 0.67 0.67 962.0 7.0 962.0 615.0 206.0 615.0 6.0 2.0 6.0 
1 4 0.92 0.92 962.0 7.0 962.0 615.0 206.0 615.0 6.0 2.0 6.0 955.0 242.0 955.0 
1 5 0.94 0.94 962.0 7.0 962.0 615.0 206.0 615.0 6.0 2.0 6.0 955.0 242.0 955.0 906.0 17.0 906.0 
1 2 0.58 0.58 303.0 127.0 303.0 601.0 100.0 601.0 
1 3 0.77 0.77 303.0 127.0 303.0 601.0 100.0 601.0 161.0 30.0 161.0 
1 4 0.92 0.92 303.0 127.0 303.0 601.0 100.0 601.0 161.0 30.0 161.0 155.0 23.0 155.0 
1 2 0.47 0.47 885.0 138.0 885.0 628.0 199.0 628.0 
1 2 0.93 0.93 538.0 406.0 538.0 92.0 17.0 92.0 
1 2 0.3 0.3 755.0 1.0 755.0 459.0 141.0 459.0 
1 3 0.36 0.36 755.0 1.0 755.0 459.0 141.0 459.0 781.0 41.0 781.0 
1 4 0.4 0.4 755.0 1.0 755.0 459.0 141.0 459.0 781.0 41.0 781.0 888.0 40.0 888.0 
1 5 0.41 0.41 755.0 1.0 755.0 459.0 141.0 459.0 781.0 41.0 781.0 888.0 40.0 888.0 160.0 1.0 160.0 
1 6 0.99 0.99 755.0 1.0 755.0 459.0 141.0 459.0 781.0 41.0 781.0 888.0 40.0 888.0 160.0 1.0 160.0 150.0 87.0 150.0 
1 2 0.72 0.72 828.0 273.0 828.0 431.0 172.0 431.0 
1 2 0.33 0.33 603.0 50.0 603.0 12.0 3.0 12.0 
1 3 0.34 0.34 603.0 50.0 603.0 12.0 3.0 12.0 83.0 1.0 83.0 
1 4 0.81 0.81 603.0 50.0 603.0 12.0 3.0 12.0 83.0 1.0 83.0 620.0 293.0 620.0 
1 2 0.51 0.51 73.0 5.0 73.0 202.0 91.0 202.0 
1 3 0.67 0.67 73.0 5.0 73.0 202.0 91.0 202.0 772.0 118.0 772.0 
1 4 0.92 0.92 73.0 5.0 73.0 202.0 91.0 202.0 772.0 118.0 772.0 657.0 169.0 657.0 
1 2 0.47 0.47 503.0 87.0 503.0 298.0 91.0 298.0 
1 3 0.54 0.54 503.0 87.0 503.0 298.0 91.0 298.0 252.0 17.0 252.0 
1 4 0.88 0.88 503.0 87.0 503.0 298.0 91.0 298.0 252.0 17.0 252.0 119.0 40.0 119.0 
1 2 0.3 0.3 863.0 22.0 863.0 496.0 138.0 496.0 
1 3 0.57 0.57 863.0 22.0 863.0 496.0 138.0 496.0 126.0 34.0 126.0 
1 4 0.59 0.59 863.0 22.0 863.0 496.0 138.0 496.0 126.0 34.0 126.0 503.0 11.0 503.0 
1 2 0.96 0.96 500.0 203.0 500.0 338.0 190.0 338.0 
1 2 0.84 0.84 7.0 3.0 7.0 321.0 133.0 321.0 
1 2 0.87 0.87 800.0 307.0 800.0 640.0 317.0 640.0 
1 3 0.98 0.98 800.0 307.0 800.0 640.0 317.0 640.0 491.0 53.0 491.0 
1 2 0.12 0.12 863.0 88.0 863.0 991.0 22.0 991.0 
1 3 0.65 0.65 863.0 88.0 863.0 991.0 22.0 991.0 608.0 322.0 608.0 
1 4 0.79 0.79 863.0 88.0 863.0 991.0 22.0 991.0 608.0 322.0 608.0 515.0 75.0 515.0 
1 5 0.8 0.8 863.0 88.0 863.0 991.0 22.0 991.0 608.0 322.0 608.0 515.0 75.0 515.0 597.0 4.0 597.0 
1 6 0.86 0.86 863.0 88.0 863.0 991.0 22.0 991.0 608.0 322.0 608.0 515.0 75.0 515.0 597.0 4.0 597.0 722.0 42.0 722.0 
1 2 0.32 0.32 859.0 148.0 859.0 886.0 139.0 886.0 
1 3 0.41 0.41 859.0 148.0 859.0 886.0 139.0 886.0 850.0 72.0 850.0 
1 4 0.83 0.83 859.0 148.0 859.0 886.0 139.0 886.0 850.0 72.0 850.0 648.0 273.0 648.0 
1 5 0.88 0.88 859.0 148.0 859.0 886.0 139.0 886.0 850.0 72.0 850.0 648.0 273.0 648.0 568.0 31.0 568.0 
1 2 0.45 0.45 156.0 14.0 156.0 568.0 205.0 568.0 
1 3 0.88 0.88 156.0 14.0 156.0 568.0 205.0 568.0 836.0 366.0 836.0 
1 2 0.37 0.37 960.0 14.0 960.0 848.0 304.0 848.0 
1 3 0.53 0.53 960.0 14.0 960.0 848.0 304.0 848.0 641.0 101.0 641.0 
1 4 0.54 0.54 960.0 14.0 960.0 848.0 304.0 848.0 641.0 101.0 641.0 812.0 14.0 812.0 
1 5 0.71 0.71 960.0 14.0 960.0 848.0 304.0 848.0 641.0 101.0 641.0 812.0 14.0 812.0 780.0 132.0 780.0 
1 6 0.82 0.82 960.0 14.0 960.0 848.0 304.0 848.0 641.0 101.0 641.0 812.0 14.0 812.0 780.0 132.0 780.0 269.0 28.0 269.0 
1 7 0.94 0.94 960.0 14.0 960.0 848.0 304.0 848.0 641.0 101.0 641.0 812.0 14.0 812.0 780.0 132.0 780.0 269.0 28.0 269.0 815.0 103.0 815.0 
1 2 0.1 0.1 893.0 74.0 893.0 143.0 3.0 143.0 
1 3 0.8 0.8 893.0 74.0 893.0 143.0 3.0 143.0 143.0 100.0 143.0 
1 4 0.8 0.8 893.0 74.0 893.0 143.0 3.0 143.0 143.0 100.0 143.0 568.0 3.0 568.0 
1 5 0.81 0.81 893.0 74.0 893.0 143.0 3.0 143.0 143.0 100.0 143.0 568.0 3.0 568.0 758.0 7.0 758.0 
1 2 0.73 0.73 569.0 176.0 569.0 42.0 18.0 42.0 
1 2 0.15 0.15 565.0 41.0 565.0 959.0 77.0 959.0 
1 3 0.24 0.24 565.0 41.0 565.0 959.0 77.0 959.0 458.0 42.0 458.0 
1 4 0.27 0.27 565.0 41.0 565.0 959.0 77.0 959.0 458.0 42.0 458.0 424.0 12.0 424.0 
1 5 0.39 0.39 565.0 41.0 565.0 959.0 77.0 959.0 458.0 42.0 458.0 424.0 12.0 424.0 985.0 122.0 985.0 
1 6 0.52 0.52 565.0 41.0 565.0 959.0 77.0 959.0 458.0 42.0 458.0 424.0 12.0 424.0 985.0 122.0 985.0 426.0 53.0 426.0 
1 7 0.55 0.55 565.0 41.0 565.0 959.0 77.0 959.0 458.0 42.0 458.0 424.0 12.0 424.0 985.0 122.0 985.0 426.0 53.0 426.0 857.0 27.0 857.0 
1 8 0.59 0.59 565.0 41.0 565.0 959.0 77.0 959.0 458.0 42.0 458.0 424.0 12.0 424.0 985.0 122.0 985.0 426.0 53.0 426.0 857.0 27.0 857.0 589.0 27.0 589.0 
1 9 0.79 0.79 565.0 41.0 565.0 959.0 77.0 959.0 458.0 42.0 458.0 424.0 12.0 424.0 985.0 122.0 985.0 426.0 53.0 426.0 857.0 27.0 857.0 589.0 27.0 589.0 955.0 187.0 955.0 
1 10 0.88 0.88 565.0 41.0 565.0 959.0 77.0 959.0 458.0 42.0 458.0 424.0 12.0 424.0 985.0 122.0 985.0 426.0 53.0 426.0 857.0 27.0 857.0 589.0 27.0 589.0 955.0 187.0 955.0 161.0 15.0 161.0 
1 2 0.23 0.23 110.0 8.0 110.0 433.0 70.0 433.0 
1 3 0.88 0.88 110.0 8.0 110.0 433.0 70.0 433.0 715.0 462.0 715.0 
1 4 0.91 0.91 110.0 8.0 110.0 433.0 70.0 433.0 715.0 462.0 715.0 434.0 13.0 434.0 
1 2 0.42 0.42 916.0 111.0 916.0 413.0 124.0 413.0 
1 3 0.95 0.95 916.0 111.0 916.0 413.0 124.0 413.0 928.0 499.0 928.0 
1 2 0.56 0.56 376.0 78.0 376.0 835.0 298.0 835.0 
1 3 0.6 0.6 376.0 78.0 376.0 835.0 298.0 835.0 824.0 34.0 824.0 
1 4 0.63 0.63 376.0 78.0 376.0 835.0 298.0 835.0 824.0 34.0 824.0 770.0 24.0 770.0 
1 2 0.79 0.79 883.0 537.0 883.0 243.0 45.0 243.0 
1 3 0.88 0.88 883.0 537.0 883.0 243.0 45.0 243.0 686.0 63.0 686.0 
1 2 0.72 0.72 118.0 48.0 118.0 788.0 252.0 788.0 
1 2 0.18 0.18 433.0 2.0 433.0 886.0 157.0 886.0 
1 3 0.53 0.53 433.0 2.0 433.0 886.0 157.0 886.0 925.0 323.0 925.0 
1 4 0.57 0.57 433.0 2.0 433.0 886.0 157.0 886.0 925.0 323.0 925.0 559.0 26.0 559.0 
1 5 0.66 0.66 433.0 2.0 433.0 886.0 157.0 886.0 925.0 323.0 925.0 559.0 26.0 559.0 847.0 70.0 847.0 
1 6 0.75 0.75 433.0 2.0 433.0 886.0 157.0 886.0 925.0 323.0 925.0 559.0 26.0 559.0 847.0 70.0 847.0 442.0 44.0 442.0 
1 2 0.43 0.43 807.0 189.0 807.0 326.0 65.0 326.0 
1 2 0.28 0.28 982.0 51.0 982.0 52.0 12.0 52.0 
1 3 0.68 0.68 982.0 51.0 982.0 52.0 12.0 52.0 145.0 59.0 145.0 
1 4 0.77 0.77 982.0 51.0 982.0 52.0 12.0 52.0 145.0 59.0 145.0 396.0 32.0 396.0 
1 5 0.9 0.9 982.0 51.0 982.0 52.0 12.0 52.0 145.0 59.0 145.0 396.0 32.0 396.0 416.0 54.0 416.0 
1 6 0.9 0.9 982.0 51.0 982.0 52.0 12.0 52.0 145.0 59.0 145.0 396.0 32.0 396.0 416.0 54.0 416.0 319.0 3.0 319.0 
1 2 0.36 0.36 701.0 46.0 701.0 402.0 121.0 402.0 
1 3 0.72 0.72 701.0 46.0 701.0 402.0 121.0 402.0 828.0 295.0 828.0 
1 2 0.31 0.31 530.0 162.0 530.0 567.0 8.0 567.0 
1 3 0.47 0.47 530.0 162.0 530.0 567.0 8.0 567.0 103.0 16.0 103.0 
1 4 0.77 0.77 530.0 162.0 530.0 567.0 8.0 567.0 103.0 16.0 103.0 685.0 203.0 685.0 
1 5 0.8 0.8 530.0 162.0 530.0 567.0 8.0 567.0 103.0 16.0 103.0 685.0 203.0 685.0 312.0 10.0 312.0 
1 6 0.91 0.91 530.0 162.0 530.0 567.0 8.0 567.0 103.0 16.0 103.0 685.0 203.0 685.0 312.0 10.0 312.0 130.0 14.0 130.0 
1 2 0.52 0.52 682.0 58.0 682.0 818.0 358.0 818.0 
1 3 0.65 0.65 682.0 58.0 682.0 818.0 358.0 818.0 636.0 81.0 636.0 
1 2 0.14 0.14 627.0 1.0 627.0 867.0 120.0 867.0 
1 3 0.45 0.45 627.0 1.0 627.0 867.0 120.0 867.0 116.0 36.0 116.0 
1 4 0.59 0.59 627.0 1.0 627.0 867.0 120.0 867.0 116.0 36.0 116.0 264.0 37.0 264.0 
1 5 0.69 0.69 627.0 1.0 627.0 867.0 120.0 867.0 116.0 36.0 116.0 264.0 37.0 264.0 256.0 27.0 256.0 
1 2 0.72 0.72 865.0 30.0 865.0 154.0 107.0 154.0 
1 3 0.83 0.83 865.0 30.0 865.0 154.0 107.0 154.0 444.0 46.0 444.0 
1 2 0.67 0.67 700.0 453.0 700.0 732.0 21.0 732.0 
1 3 0.93 0.93 700.0 453.0 700.0 732.0 21.0 732.0 230.0 60.0 230.0 
1 4 0.98 0.98 700.0 453.0 700.0 732.0 21.0 732.0 230.0 60.0 230.0 308.0 15.0 308.0 
1 2 0.84 0.84 530.0 40.0 530.0 57.0 44.0 57.0 
1 3 0.87 0.87 530.0 40.0 530.0 57.0 44.0 57.0 764.0 18.0 764.0 
1 2 0.85 0.85 494.0 183.0 494.0 1000.0 482.0 1000.0 
1 3 0.88 0.88 494.0 183.0 494.0 1000.0 482.0 1000.0 967.0 36.0 967.0 
1 2 0.67 0.67 278.0 126.0 278.0 864.0 190.0 864.0 
1 2 0.25 0.25 210.0 10.0 210.0 908.0 187.0 908.0 
1 3 0.27 0.27 210.0 10.0 210.0 908.0 187.0 908.0 873.0 23.0 873.0 
1 4 0.41 0.41 210.0 10.0 210.0 908.0 187.0 908.0 873.0 23.0 873.0 705.0 97.0 705.0 
1 5 0.51 0.51 210.0 10.0 210.0 908.0 187.0 908.0 873.0 23.0 873.0 705.0 97.0 705.0 907.0 84.0 907.0 
1 6 0.56 0.56 210.0 10.0 210.0 908.0 187.0 908.0 873.0 23.0 873.0 705.0 97.0 705.0 907.0 84.0 907.0 814.0 45.0 814.0 
1 7 0.71 0.71 210.0 10.0 210.0 908.0 187.0 908.0 873.0 23.0 873.0 705.0 97.0 705.0 907.0 84.0 907.0 814.0 45.0 814.0 266.0 41.0 266.0 
1 8 0.88 0.88 210.0 10.0 210.0 908.0 187.0 908.0 873.0 23.0 873.0 705.0 97.0 705.0 907.0 84.0 907.0 814.0 45.0 814.0 266.0 41.0 266.0 722.0 117.0 722.0 
1 2 0.28 0.28 615.0 27.0 615.0 307.0 73.0 307.0 
1 3 0.42 0.42 615.0 27.0 615.0 307.0 73.0 307.0 360.0 50.0 360.0 
1 2 0.08 0.08 715.0 5.0 715.0 873.0 72.0 873.0 
1 3 0.65 0.65 715.0 5.0 715.0 873.0 72.0 873.0 934.0 527.0 934.0 
1 4 0.68 0.68 715.0 5.0 715.0 873.0 72.0 873.0 934.0 527.0 934.0 987.0 29.0 987.0 
1 2 0.2 0.2 998.0 8.0 998.0 959.0 188.0 959.0 
1 3 0.47 0.47 998.0 8.0 998.0 959.0 188.0 959.0 606.0 164.0 606.0 
1 4 0.69 0.69 998.0 8.0 998.0 959.0 188.0 959.0 606.0 164.0 606.0 543.0 122.0 543.0 
1 5 0.81 0.81 998.0 8.0 998.0 959.0 188.0 959.0 606.0 164.0 606.0 543.0 122.0 543.0 468.0 53.0 468.0 
1 6 0.98 0.98 998.0 8.0 998.0 959.0 188.0 959.0 606.0 164.0 606.0 543.0 122.0 543.0 468.0 53.0 468.0 429.0 74.0 429.0 
1 2 0.47 0.47 589.0 178.0 589.0 90.0 16.0 90.0 
1 3 0.49 0.49 589.0 178.0 589.0 90.0 16.0 90.0 787.0 8.0 787.0 
1 4 0.6 0.6 589.0 178.0 589.0 90.0 16.0 90.0 787.0 8.0 787.0 784.0 88.0 784.0 
1 5 0.62 0.62 589.0 178.0 589.0 90.0 16.0 90.0 787.0 8.0 787.0 784.0 88.0 784.0 151.0 3.0 151.0 
1 6 0.77 0.77 589.0 178.0 589.0 90.0 16.0 90.0 787.0 8.0 787.0 784.0 88.0 784.0 151.0 3.0 151.0 435.0 68.0 435.0 
1 7 0.96 0.96 589.0 178.0 589.0 90.0 16.0 90.0 787.0 8.0 787.0 784.0 88.0 784.0 151.0 3.0 151.0 435.0 68.0 435.0 584.0 106.0 584.0 
1 2 0.15 0.15 58.0 9.0 58.0 530.0 1.0 530.0 
1 3 0.46 0.46 58.0 9.0 58.0 530.0 1.0 530.0 807.0 248.0 807.0 
1 4 0.81 0.81 58.0 9.0 58.0 530.0 1.0 530.0 807.0 248.0 807.0 491.0 170.0 491.0 
1 5 0.9 0.9 58.0 9.0 58.0 530.0 1.0 530.0 807.0 248.0 807.0 491.0 170.0 491.0 368.0 35.0 368.0 
1 6 0.9 0.9 58.0 9.0 58.0 530.0 1.0 530.0 807.0 248.0 807.0 491.0 170.0 491.0 368.0 35.0 368.0 973.0 1.0 973.0 
1 2 0.23 0.23 511.0 59.0 511.0 426.0 53.0 426.0 
1 3 0.32 0.32 511.0 59.0 511.0 426.0 53.0 426.0 304.0 26.0 304.0 
1 4 0.46 0.46 511.0 59.0 511.0 426.0 53.0 426.0 304.0 26.0 304.0 598.0 82.0 598.0 
1 2 0.81 0.81 544.0 81.0 544.0 339.0 225.0 339.0 
1 3 0.91 0.91 544.0 81.0 544.0 339.0 225.0 339.0 674.0 70.0 674.0 
1 2 0.6 0.6 453.0 69.0 453.0 860.0 390.0 860.0 
1 3 0.7 0.7 453.0 69.0 453.0 860.0 390.0 860.0 491.0 48.0 491.0 
1 2 0.1 0.1 941.0 35.0 941.0 892.0 63.0 892.0 
1 3 0.29 0.29 941.0 35.0 941.0 892.0 63.0 892.0 283.0 53.0 283.0 
1 4 0.74 0.74 941.0 35.0 941.0 892.0 63.0 892.0 283.0 53.0 283.0 297.0 133.0 297.0 
1 5 0.9 0.9 941.0 35.0 941.0 892.0 63.0 892.0 283.0 53.0 283.0 297.0 133.0 297.0 413.0 68.0 413.0 
1 6 0.92 0.92 941.0 35.0 941.0 892.0 63.0 892.0 283.0 53.0 283.0 297.0 133.0 297.0 413.0 68.0 413.0 587.0 9.0 587.0 
1 7 0.99 0.99 941.0 35.0 941.0 892.0 63.0 892.0 283.0 53.0 283.0 297.0 133.0 297.0 413.0 68.0 413.0 587.0 9.0 587.0 346.0 25.0 346.0 
1 2 0.5 0.5 168.0 1.0 168.0 2.0 1.0 2.0 
1 3 0.63 0.63 168.0 1.0 168.0 2.0 1.0 2.0 891.0 118.0 891.0 
1 4 0.83 0.83 168.0 1.0 168.0 2.0 1.0 2.0 891.0 118.0 891.0 97.0 19.0 97.0 
1 5 0.9 0.9 168.0 1.0 168.0 2.0 1.0 2.0 891.0 118.0 891.0 97.0 19.0 97.0 604.0 45.0 604.0 
1 6 0.93 0.93 168.0 1.0 168.0 2.0 1.0 2.0 891.0 118.0 891.0 97.0 19.0 97.0 604.0 45.0 604.0 586.0 13.0 586.0 
1 2 0.1 0.1 327.0 33.0 327.0 238.0 2.0 238.0 
1 3 0.24 0.24 327.0 33.0 327.0 238.0 2.0 238.0 496.0 67.0 496.0 
1 4 0.42 0.42 327.0 33.0 327.0 238.0 2.0 238.0 496.0 67.0 496.0 127.0 23.0 127.0 
1 5 0.55 0.55 327.0 33.0 327.0 238.0 2.0 238.0 496.0 67.0 496.0 127.0 23.0 127.0 873.0 117.0 873.0 
1 6 0.85 0.85 327.0 33.0 327.0 238.0 2.0 238.0 496.0 67.0 496.0 127.0 23.0 127.0 873.0 117.0 873.0 403.0 118.0 403.0 
1 7 0.95 0.95 327.0 33.0 327.0 238.0 2.0 238.0 496.0 67.0 496.0 127.0 23.0 127.0 873.0 117.0 873.0 403.0 118.0 403.0 112.0 11.0 112.0 
1 2 0.14 0.14 597.0 60.0 597.0 797.0 35.0 797.0 
1 3 0.45 0.45 597.0 60.0 597.0 797.0 35.0 797.0 181.0 57.0 181.0 
1 2 0.36 0.36 367.0 22.0 367.0 33.0 10.0 33.0 
1 3 0.54 0.54 367.0 22.0 367.0 33.0 10.0 33.0 908.0 161.0 908.0 
1 2 0.89 0.89 631.0 145.0 631.0 984.0 652.0 984.0 
1 2 0.17 0.17 485.0 30.0 485.0 644.0 75.0 644.0 
1 2 0.96 0.96 831.0 414.0 831.0 907.0 424.0 907.0 
1 2 0.47 0.47 427.0 177.0 427.0 971.0 59.0 971.0 
1 3 0.72 0.72 427.0 177.0 427.0 971.0 59.0 971.0 56.0 14.0 56.0 
1 4 0.75 0.75 427.0 177.0 427.0 971.0 59.0 971.0 56.0 14.0 56.0 391.0 10.0 391.0 
1 5 0.85 0.85 427.0 177.0 427.0 971.0 59.0 971.0 56.0 14.0 56.0 391.0 10.0 391.0 139.0 15.0 139.0 
1 2 0.12 0.12 492.0 33.0 492.0 986.0 54.0 986.0 
1 3 0.3 0.3 492.0 33.0 492.0 986.0 54.0 986.0 800.0 144.0 800.0 
1 4 0.53 0.53 492.0 33.0 492.0 986.0 54.0 986.0 800.0 144.0 800.0 166.0 38.0 166.0 
1 5 0.66 0.66 492.0 33.0 492.0 986.0 54.0 986.0 800.0 144.0 800.0 166.0 38.0 166.0 318.0 44.0 318.0 
1 2 0.17 0.17 659.0 94.0 659.0 693.0 22.0 693.0 
1 3 0.36 0.36 659.0 94.0 659.0 693.0 22.0 693.0 195.0 37.0 195.0 
1 4 0.63 0.63 659.0 94.0 659.0 693.0 22.0 693.0 195.0 37.0 195.0 555.0 148.0 555.0 
1 2 0.15 0.15 150.0 14.0 150.0 875.0 58.0 875.0 
1 3 0.19 0.19 150.0 14.0 150.0 875.0 58.0 875.0 809.0 31.0 809.0 
1 4 0.26 0.26 150.0 14.0 150.0 875.0 58.0 875.0 809.0 31.0 809.0 586.0 42.0 586.0 
1 5 0.47 0.47 150.0 14.0 150.0 875.0 58.0 875.0 809.0 31.0 809.0 586.0 42.0 586.0 599.0 121.0 599.0 
1 6 0.76 0.76 150.0 14.0 150.0 875.0 58.0 875.0 809.0 31.0 809.0 586.0 42.0 586.0 599.0 121.0 599.0 273.0 80.0 273.0 
1 2 0.91 0.91 981.0 549.0 981.0 373.0 133.0 373.0 
1 2 0.5 0.5 706.0 205.0 706.0 790.0 172.0 790.0 
1 3 0.75 0.75 706.0 205.0 706.0 790.0 172.0 790.0 548.0 138.0 548.0 
1 4 0.76 0.76 706.0 205.0 706.0 790.0 172.0 790.0 548.0 138.0 548.0 459.0 2.0 459.0 
1 2 0.49 0.49 876.0 26.0 876.0 851.0 392.0 851.0 
1 3 0.66 0.66 876.0 26.0 876.0 851.0 392.0 851.0 96.0 17.0 96.0 
1 2 0.9 0.9 927.0 737.0 927.0 959.0 104.0 959.0 
1 2 0.03 0.03 193.0 2.0 193.0 518.0 12.0 518.0 
1 3 0.49 0.49 193.0 2.0 193.0 518.0 12.0 518.0 398.0 182.0 398.0 
1 4 0.51 0.51 193.0 2.0 193.0 518.0 12.0 518.0 398.0 182.0 398.0 485.0 10.0 485.0 
1 5 0.64 0.64 193.0 2.0 193.0 518.0 12.0 518.0 398.0 182.0 398.0 485.0 10.0 485.0 277.0 36.0 277.0 
1 6 0.68 0.68 193.0 2.0 193.0 518.0 12.0 518.0 398.0 182.0 398.0 485.0 10.0 485.0 277.0 36.0 277.0 169.0 8.0 169.0 
1 2 0.38 0.38 387.0 39.0 387.0 945.0 268.0 945.0 
1 3 0.42 0.42 387.0 39.0 387.0 945.0 268.0 945.0 607.0 26.0 607.0 
1 4 0.5 0.5 387.0 39.0 387.0 945.0 268.0 945.0 607.0 26.0 607.0 301.0 24.0 301.0 
1 2 0.32 0.32 541.0 123.0 541.0 511.0 51.0 511.0 
1 3 0.99 0.99 541.0 123.0 541.0 511.0 51.0 511.0 803.0 534.0 803.0 
1 2 0.52 0.52 36.0 1.0 36.0 732.0 361.0 732.0 
1 3 0.64 0.64 36.0 1.0 36.0 732.0 361.0 732.0 482.0 58.0 482.0 
1 2 0.23 0.23 105.0 1.0 105.0 533.0 119.0 533.0 
1 3 0.33 0.33 105.0 1.0 105.0 533.0 119.0 533.0 10.0 1.0 10.0 
1 4 0.38 0.38 105.0 1.0 105.0 533.0 119.0 533.0 10.0 1.0 10.0 112.0 6.0 112.0 
1 5 0.43 0.43 105.0 1.0 105.0 533.0 119.0 533.0 10.0 1.0 10.0 112.0 6.0 112.0 857.0 43.0 857.0 
1 6 0.47 0.47 105.0 1.0 105.0 533.0 119.0 533.0 10.0 1.0 10.0 112.0 6.0 112.0 857.0 43.0 857.0 511.0 18.0 511.0 
1 2 0.38 0.38 739.0 108.0 739.0 786.0 191.0 786.0 
1 3 0.63 0.63 739.0 108.0 739.0 786.0 191.0 786.0 590.0 143.0 590.0 
1 2 0.82 0.82 280.0 204.0 280.0 540.0 52.0 540.0 
1 2 0.6 0.6 850.0 439.0 850.0 324.0 28.0 324.0 
1 3 0.66 0.66 850.0 439.0 850.0 324.0 28.0 324.0 459.0 30.0 459.0 
1 4 0.7 0.7 850.0 439.0 850.0 324.0 28.0 324.0 459.0 30.0 459.0 90.0 3.0 90.0 
1 2 0.66 0.66 720.0 114.0 720.0 995.0 509.0 995.0 
1 3 0.86 0.86 720.0 114.0 720.0 995.0 509.0 995.0 5.0 1.0 5.0 
1 4 0.91 0.91 720.0 114.0 720.0 995.0 509.0 995.0 5.0 1.0 5.0 561.0 23.0 561.0 
1 2 0.38 0.38 735.0 88.0 735.0 832.0 218.0 832.0 
1 3 0.46 0.46 735.0 88.0 735.0 832.0 218.0 832.0 576.0 48.0 576.0 
1 4 0.72 0.72 735.0 88.0 735.0 832.0 218.0 832.0 576.0 48.0 576.0 160.0 42.0 160.0 
1 5 0.86 0.86 735.0 88.0 735.0 832.0 218.0 832.0 576.0 48.0 576.0 160.0 42.0 160.0 654.0 87.0 654.0 
1 2 0.42 0.42 242.0 94.0 242.0 131.0 5.0 131.0 
1 3 0.47 0.47 242.0 94.0 242.0 131.0 5.0 131.0 756.0 37.0 756.0 
1 4 0.53 0.53 242.0 94.0 242.0 131.0 5.0 131.0 756.0 37.0 756.0 731.0 40.0 731.0 
1 5 0.66 0.66 242.0 94.0 242.0 131.0 5.0 131.0 756.0 37.0 756.0 731.0 40.0 731.0 675.0 90.0 675.0 
1 6 0.7 0.7 242.0 94.0 242.0 131.0 5.0 131.0 756.0 37.0 756.0 731.0 40.0 731.0 675.0 90.0 675.0 725.0 32.0 725.0 
1 7 0.96 0.96 242.0 94.0 242.0 131.0 5.0 131.0 756.0 37.0 756.0 731.0 40.0 731.0 675.0 90.0 675.0 725.0 32.0 725.0 594.0 152.0 594.0 
1 8 0.99 0.99 242.0 94.0 242.0 131.0 5.0 131.0 756.0 37.0 756.0 731.0 40.0 731.0 675.0 90.0 675.0 725.0 32.0 725.0 594.0 152.0 594.0 341.0 12.0 341.0 
1 2 0.15 0.15 686.0 77.0 686.0 289.0 13.0 289.0 
1 3 0.32 0.32 686.0 77.0 686.0 289.0 13.0 289.0 268.0 45.0 268.0 
1 4 0.84 0.84 686.0 77.0 686.0 289.0 13.0 289.0 268.0 45.0 268.0 172.0 89.0 172.0 
1 5 0.95 0.95 686.0 77.0 686.0 289.0 13.0 289.0 268.0 45.0 268.0 172.0 89.0 172.0 545.0 63.0 545.0 
1 2 0.45 0.45 631.0 92.0 631.0 931.0 286.0 931.0 
1 3 0.54 0.54 631.0 92.0 631.0 931.0 286.0 931.0 992.0 94.0 992.0 
1 4 0.76 0.76 631.0 92.0 631.0 931.0 286.0 931.0 992.0 94.0 992.0 395.0 84.0 395.0 
1 2 0.6 0.6 279.0 81.0 279.0 502.0 160.0 502.0 
1 3 0.65 0.65 279.0 81.0 279.0 502.0 160.0 502.0 585.0 27.0 585.0 
1 4 0.7 0.7 279.0 81.0 279.0 502.0 160.0 502.0 585.0 27.0 585.0 22.0 1.0 22.0 
1 2 0.34 0.34 234.0 75.0 234.0 968.0 20.0 968.0 
1 3 0.69 0.69 234.0 75.0 234.0 968.0 20.0 968.0 421.0 147.0 421.0 
1 4 0.83 0.83 234.0 75.0 234.0 968.0 20.0 968.0 421.0 147.0 421.0 130.0 19.0 130.0 
1 5 0.85 0.85 234.0 75.0 234.0 968.0 20.0 968.0 421.0 147.0 421.0 130.0 19.0 130.0 531.0 8.0 531.0 
1 2 0.09 0.09 404.0 14.0 404.0 369.0 24.0 369.0 
1 3 0.32 0.32 404.0 14.0 404.0 369.0 24.0 369.0 930.0 209.0 930.0 
1 4 0.75 0.75 404.0 14.0 404.0 369.0 24.0 369.0 930.0 209.0 930.0 821.0 353.0 821.0 
1 5 0.82 0.82 404.0 14.0 404.0 369.0 24.0 369.0 930.0 209.0 930.0 821.0 353.0 821.0 587.0 44.0 587.0 
1 2 0.28 0.28 543.0 16.0 543.0 698.0 180.0 698.0 
1 2 0.03 0.03 70.0 2.0 70.0 739.0 2.0 739.0 
1 3 0.21 0.21 70.0 2.0 70.0 739.0 2.0 739.0 632.0 119.0 632.0 
1 4 0.65 0.65 70.0 2.0 70.0 739.0 2.0 739.0 632.0 119.0 632.0 408.0 179.0 408.0 
1 5 0.97 0.97 70.0 2.0 70.0 739.0 2.0 739.0 632.0 119.0 632.0 408.0 179.0 408.0 97.0 31.0 97.0 
1 2 0.95 0.95 355.0 221.0 355.0 827.0 273.0 827.0 
1 2 0.57 0.57 83.0 35.0 83.0 887.0 139.0 887.0 
1 3 0.78 0.78 83.0 35.0 83.0 887.0 139.0 887.0 790.0 162.0 790.0 
1 4 0.96 0.96 83.0 35.0 83.0 887.0 139.0 887.0 790.0 162.0 790.0 884.0 158.0 884.0 
1 2 0.88 0.88 55.0 32.0 55.0 405.0 122.0 405.0 
1 2 0.74 0.74 481.0 51.0 481.0 784.0 502.0 784.0 
1 2 0.74 0.74 208.0 79.0 208.0 33.0 12.0 33.0 
1 3 0.85 0.85 208.0 79.0 208.0 33.0 12.0 33.0 251.0 29.0 251.0 
1 2 0.08 0.08 466.0 31.0 466.0 244.0 4.0 244.0 
1 3 0.26 0.26 466.0 31.0 466.0 244.0 4.0 244.0 723.0 129.0 723.0 
1 4 0.27 0.27 466.0 31.0 466.0 244.0 4.0 244.0 723.0 129.0 723.0 62.0 1.0 62.0 
1 5 0.79 0.79 466.0 31.0 466.0 244.0 4.0 244.0 723.0 129.0 723.0 62.0 1.0 62.0 974.0 506.0 974.0 
1 2 0.27 0.27 689.0 64.0 689.0 828.0 151.0 828.0 
1 3 0.66 0.66 689.0 64.0 689.0 828.0 151.0 828.0 959.0 376.0 959.0 
1 4 0.82 0.82 689.0 64.0 689.0 828.0 151.0 828.0 959.0 376.0 959.0 697.0 112.0 697.0 
1 2 0.24 0.24 960.0 131.0 960.0 212.0 24.0 212.0 
1 3 0.43 0.43 960.0 131.0 960.0 212.0 24.0 212.0 603.0 109.0 603.0 
1 4 0.51 0.51 960.0 131.0 960.0 212.0 24.0 212.0 603.0 109.0 603.0 216.0 19.0 216.0 
1 5 0.52 0.52 960.0 131.0 960.0 212.0 24.0 212.0 603.0 109.0 603.0 216.0 19.0 216.0 625.0 5.0 625.0 
1 6 0.58 0.58 960.0 131.0 960.0 212.0 24.0 212.0 603.0 109.0 603.0 216.0 19.0 216.0 625.0 5.0 625.0 676.0 41.0 676.0 
1 2 0.83 0.83 161.0 4.0 161.0 885.0 721.0 885.0 
1 3 0.91 0.91 161.0 4.0 161.0 885.0 721.0 885.0 855.0 66.0 855.0 
1 2 0.04 0.04 389.0 3.0 389.0 620.0 22.0 620.0 
1 3 0.71 0.71 389.0 3.0 389.0 620.0 22.0 620.0 160.0 108.0 160.0 
1 4 0.85 0.85 389.0 3.0 389.0 620.0 22.0 620.0 160.0 108.0 160.0 159.0 21.0 159.0 
1 5 0.89 0.89 389.0 3.0 389.0 620.0 22.0 620.0 160.0 108.0 160.0 159.0 21.0 159.0 957.0 41.0 957.0 
1 6 0.93 0.93 389.0 3.0 389.0 620.0 22.0 620.0 160.0 108.0 160.0 159.0 21.0 159.0 957.0 41.0 957.0 223.0 10.0 223.0 
1 2 0.54 0.54 642.0 277.0 642.0 830.0 95.0 830.0 
1 3 0.64 0.64 642.0 277.0 642.0 830.0 95.0 830.0 888.0 92.0 888.0 
1 4 0.96 0.96 642.0 277.0 642.0 830.0 95.0 830.0 888.0 92.0 888.0 112.0 35.0 112.0 
1 2 0.27 0.27 228.0 35.0 228.0 183.0 23.0 183.0 
1 3 0.32 0.32 228.0 35.0 228.0 183.0 23.0 183.0 85.0 4.0 85.0 
1 4 0.4 0.4 228.0 35.0 228.0 183.0 23.0 183.0 85.0 4.0 85.0 710.0 58.0 710.0 
1 5 0.57 0.57 228.0 35.0 228.0 183.0 23.0 183.0 85.0 4.0 85.0 710.0 58.0 710.0 129.0 22.0 129.0 
1 6 0.66 0.66 228.0 35.0 228.0 183.0 23.0 183.0 85.0 4.0 85.0 710.0 58.0 710.0 129.0 22.0 129.0 606.0 54.0 606.0 
1 7 0.73 0.73 228.0 35.0 228.0 183.0 23.0 183.0 85.0 4.0 85.0 710.0 58.0 710.0 129.0 22.0 129.0 606.0 54.0 606.0 796.0 53.0 796.0 
1 2 0.57 0.57 842.0 295.0 842.0 862.0 194.0 862.0 
1 3 0.88 0.88 842.0 295.0 842.0 862.0 194.0 862.0 42.0 13.0 42.0 
1 2 0.14 0.14 518.0 39.0 518.0 331.0 22.0 331.0 
1 3 0.58 0.58 518.0 39.0 518.0 331.0 22.0 331.0 456.0 201.0 456.0 
1 4 0.71 0.71 518.0 39.0 518.0 331.0 22.0 331.0 456.0 201.0 456.0 999.0 133.0 999.0 
1 2 0.93 0.93 805.0 130.0 805.0 457.0 355.0 457.0 
1 3 0.94 0.94 805.0 130.0 805.0 457.0 355.0 457.0 141.0 1.0 141.0 
1 4 0.97 0.97 805.0 130.0 805.0 457.0 355.0 457.0 141.0 1.0 141.0 914.0 30.0 914.0 
1 2 0.28 0.28 468.0 43.0 468.0 987.0 190.0 987.0 
1 3 0.31 0.31 468.0 43.0 468.0 987.0 190.0 987.0 343.0 12.0 343.0 
1 4 0.5 0.5 468.0 43.0 468.0 987.0 190.0 987.0 343.0 12.0 343.0 54.0 10.0 54.0 
1 2 0.32 0.32 521.0 113.0 521.0 262.0 28.0 262.0 
1 3 0.96 0.96 521.0 113.0 521.0 262.0 28.0 262.0 712.0 454.0 712.0 
1 2 0.75 0.75 710.0 113.0 710.0 445.0 267.0 445.0 
1 2 0.33 0.33 136.0 12.0 136.0 398.0 98.0 398.0 
1 3 0.34 0.34 136.0 12.0 136.0 398.0 98.0 398.0 846.0 11.0 846.0 
1 4 0.94 0.94 136.0 12.0 136.0 398.0 98.0 398.0 846.0 11.0 846.0 52.0 31.0 52.0 
1 2 0.43 0.43 223.0 27.0 223.0 765.0 238.0 765.0 
1 3 0.64 0.64 223.0 27.0 223.0 765.0 238.0 765.0 832.0 174.0 832.0 
1 4 0.64 0.64 223.0 27.0 223.0 765.0 238.0 765.0 832.0 174.0 832.0 493.0 2.0 493.0 
1 2 0.22 0.22 360.0 1.0 360.0 620.0 138.0 620.0 
1 3 0.32 0.32 360.0 1.0 360.0 620.0 138.0 620.0 851.0 88.0 851.0 
1 4 0.75 0.75 360.0 1.0 360.0 620.0 138.0 620.0 851.0 88.0 851.0 707.0 304.0 707.0 
1 5 0.92 0.92 360.0 1.0 360.0 620.0 138.0 620.0 851.0 88.0 851.0 707.0 304.0 707.0 610.0 103.0 610.0 
1 2 0.21 0.21 823.0 151.0 823.0 636.0 18.0 636.0 
1 3 0.28 0.28 823.0 151.0 823.0 636.0 18.0 636.0 790.0 59.0 790.0 
1 4 0.39 0.39 823.0 151.0 823.0 636.0 18.0 636.0 790.0 59.0 790.0 230.0 26.0 230.0 
1 5 0.51 0.51 823.0 151.0 823.0 636.0 18.0 636.0 790.0 59.0 790.0 230.0 26.0 230.0 694.0 79.0 694.0 
1 6 0.59 0.59 823.0 151.0 823.0 636.0 18.0 636.0 790.0 59.0 790.0 230.0 26.0 230.0 694.0 79.0 694.0 24.0 2.0 24.0 
1 7 0.7 0.7 823.0 151.0 823.0 636.0 18.0 636.0 790.0 59.0 790.0 230.0 26.0 230.0 694.0 79.0 694.0 24.0 2.0 24.0 72.0 8.0 72.0 
1 2 0.96 0.96 936.0 90.0 936.0 717.0 624.0 717.0 
1 2 0.29 0.29 901.0 227.0 901.0 336.0 13.0 336.0 
1 3 0.3 0.3 901.0 227.0 901.0 336.0 13.0 336.0 508.0 6.0 508.0 
1 4 0.63 0.63 901.0 227.0 901.0 336.0 13.0 336.0 508.0 6.0 508.0 96.0 32.0 96.0 
1 5 0.81 0.81 901.0 227.0 901.0 336.0 13.0 336.0 508.0 6.0 508.0 96.0 32.0 96.0 476.0 85.0 476.0 
1 2 0.31 0.31 230.0 51.0 230.0 92.0 9.0 92.0 
1 3 0.47 0.47 230.0 51.0 230.0 92.0 9.0 92.0 408.0 65.0 408.0 
1 4 0.49 0.49 230.0 51.0 230.0 92.0 9.0 92.0 408.0 65.0 408.0 85.0 1.0 85.0 
1 5 0.9 0.9 230.0 51.0 230.0 92.0 9.0 92.0 408.0 65.0 408.0 85.0 1.0 85.0 810.0 333.0 810.0 
1 2 0.61 0.61 125.0 32.0 125.0 538.0 194.0 538.0 
1 3 0.73 0.73 125.0 32.0 125.0 538.0 194.0 538.0 851.0 105.0 851.0 
1 4 0.93 0.93 125.0 32.0 125.0 538.0 194.0 538.0 851.0 105.0 851.0 715.0 139.0 715.0 
1 2 0.3 0.3 300.0 86.0 300.0 818.0 15.0 818.0 
1 3 0.36 0.36 300.0 86.0 300.0 818.0 15.0 818.0 546.0 31.0 546.0 
1 2 0.32 0.32 50.0 11.0 50.0 378.0 39.0 378.0 
1 2 0.24 0.24 166.0 2.0 166.0 861.0 197.0 861.0 
1 3 0.25 0.25 166.0 2.0 166.0 861.0 197.0 861.0 942.0 13.0 942.0 
1 4 0.33 0.33 166.0 2.0 166.0 861.0 197.0 861.0 942.0 13.0 942.0 302.0 24.0 302.0 
1 5 0.46 0.46 166.0 2.0 166.0 861.0 197.0 861.0 942.0 13.0 942.0 302.0 24.0 302.0 238.0 30.0 238.0 
1 6 0.63 0.63 166.0 2.0 166.0 861.0 197.0 861.0 942.0 13.0 942.0 302.0 24.0 302.0 238.0 30.0 238.0 899.0 160.0 899.0 
1 7 0.68 0.68 166.0 2.0 166.0 861.0 197.0 861.0 942.0 13.0 942.0 302.0 24.0 302.0 238.0 30.0 238.0 899.0 160.0 899.0 770.0 38.0 770.0 
1 8 0.98 0.98 166.0 2.0 166.0 861.0 197.0 861.0 942.0 13.0 942.0 302.0 24.0 302.0 238.0 30.0 238.0 899.0 160.0 899.0 770.0 38.0 770.0 512.0 152.0 512.0 
1 2 0.43 0.43 87.0 30.0 87.0 22.0 2.0 22.0 
1 3 0.92 0.92 87.0 30.0 87.0 22.0 2.0 22.0 754.0 366.0 754.0 
1 2 0.1 0.1 506.0 26.0 506.0 636.0 34.0 636.0 
1 3 0.11 0.11 506.0 26.0 506.0 636.0 34.0 636.0 639.0 5.0 639.0 
1 4 0.17 0.17 506.0 26.0 506.0 636.0 34.0 636.0 639.0 5.0 639.0 261.0 15.0 261.0 
1 5 0.53 0.53 506.0 26.0 506.0 636.0 34.0 636.0 639.0 5.0 639.0 261.0 15.0 261.0 714.0 261.0 714.0 
1 6 0.93 0.93 506.0 26.0 506.0 636.0 34.0 636.0 639.0 5.0 639.0 261.0 15.0 261.0 714.0 261.0 714.0 210.0 83.0 210.0 
1 2 0.95 0.95 40.0 17.0 40.0 783.0 416.0 783.0 
1 2 0.57 0.57 245.0 99.0 245.0 908.0 158.0 908.0 
1 3 0.6 0.6 245.0 99.0 245.0 908.0 158.0 908.0 185.0 5.0 185.0 
1 4 0.92 0.92 245.0 99.0 245.0 908.0 158.0 908.0 185.0 5.0 185.0 588.0 187.0 588.0 
1 5 0.93 0.93 245.0 99.0 245.0 908.0 158.0 908.0 185.0 5.0 185.0 588.0 187.0 588.0 110.0 1.0 110.0 
1 6 0.97 0.97 245.0 99.0 245.0 908.0 158.0 908.0 185.0 5.0 185.0 588.0 187.0 588.0 110.0 1.0 110.0 431.0 17.0 431.0 
1 2 0.1 0.1 467.0 31.0 467.0 23.0 1.0 23.0 
1 3 0.16 0.16 467.0 31.0 467.0 23.0 1.0 23.0 869.0 52.0 869.0 
1 4 0.34 0.34 467.0 31.0 467.0 23.0 1.0 23.0 869.0 52.0 869.0 992.0 175.0 992.0 
1 5 0.4 0.4 467.0 31.0 467.0 23.0 1.0 23.0 869.0 52.0 869.0 992.0 175.0 992.0 852.0 53.0 852.0 
1 6 0.66 0.66 467.0 31.0 467.0 23.0 1.0 23.0 869.0 52.0 869.0 992.0 175.0 992.0 852.0 53.0 852.0 51.0 13.0 51.0 
1 7 0.86 0.86 467.0 31.0 467.0 23.0 1.0 23.0 869.0 52.0 869.0 992.0 175.0 992.0 852.0 53.0 852.0 51.0 13.0 51.0 5.0 1.0 5.0 
1 2 0.37 0.37 34.0 2.0 34.0 986.0 313.0 986.0 
1 3 0.48 0.48 34.0 2.0 34.0 986.0 313.0 986.0 736.0 81.0 736.0 
1 4 0.49 0.49 34.0 2.0 34.0 986.0 313.0 986.0 736.0 81.0 736.0 81.0 1.0 81.0 
1 5 0.83 0.83 34.0 2.0 34.0 986.0 313.0 986.0 736.0 81.0 736.0 81.0 1.0 81.0 9.0 3.0 9.0 
1 6 0.88 0.88 34.0 2.0 34.0 986.0 313.0 986.0 736.0 81.0 736.0 81.0 1.0 81.0 9.0 3.0 9.0 702.0 37.0 702.0 
1 2 0.83 0.83 23.0 16.0 23.0 956.0 133.0 956.0 
