1 2 0.88 0.88 971.0 85.0 971.0 298.0 238.0 298.0 
1 2 0.51 0.51 197.0 81.0 197.0 534.0 57.0 534.0 
1 3 0.74 0.74 197.0 81.0 197.0 534.0 57.0 534.0 280.0 63.0 280.0 
1 2 0.52 0.52 492.0 246.0 492.0 454.0 10.0 454.0 
1 2 0.82 0.82 904.0 741.0 904.0 392.0 1.0 392.0 
1 3 0.84 0.84 904.0 741.0 904.0 392.0 1.0 392.0 880.0 20.0 880.0 
1 2 0.65 0.65 554.0 238.0 554.0 391.0 89.0 391.0 
1 2 0.58 0.58 952.0 451.0 952.0 223.0 24.0 223.0 
1 3 0.82 0.82 952.0 451.0 952.0 223.0 24.0 223.0 485.0 117.0 485.0 
1 2 0.43 0.43 14.0 1.0 14.0 123.0 45.0 123.0 
1 3 0.54 0.54 14.0 1.0 14.0 123.0 45.0 123.0 625.0 66.0 625.0 
1 2 0.84 0.84 709.0 404.0 709.0 657.0 181.0 657.0 
1 2 0.66 0.66 865.0 558.0 865.0 529.0 11.0 529.0 
1 2 0.14 0.14 339.0 20.0 339.0 733.0 64.0 733.0 
1 3 0.18 0.18 339.0 20.0 339.0 733.0 64.0 733.0 370.0 15.0 370.0 
1 4 0.79 0.79 339.0 20.0 339.0 733.0 64.0 733.0 370.0 15.0 370.0 925.0 562.0 925.0 
1 5 0.84 0.84 339.0 20.0 339.0 733.0 64.0 733.0 370.0 15.0 370.0 925.0 562.0 925.0 475.0 23.0 475.0 
1 2 0.6 0.6 933.0 73.0 933.0 295.0 156.0 295.0 
1 2 0.09 0.09 576.0 35.0 576.0 247.0 9.0 247.0 
1 3 0.35 0.35 576.0 35.0 576.0 247.0 9.0 247.0 837.0 217.0 837.0 
1 4 0.71 0.71 576.0 35.0 576.0 247.0 9.0 247.0 837.0 217.0 837.0 258.0 93.0 258.0 
1 2 0.57 0.57 937.0 296.0 937.0 785.0 203.0 785.0 
1 3 0.66 0.66 937.0 296.0 937.0 785.0 203.0 785.0 543.0 48.0 543.0 
1 4 0.93 0.93 937.0 296.0 937.0 785.0 203.0 785.0 543.0 48.0 543.0 105.0 29.0 105.0 
1 2 0.51 0.51 326.0 47.0 326.0 245.0 90.0 245.0 
1 3 0.82 0.82 326.0 47.0 326.0 245.0 90.0 245.0 226.0 70.0 226.0 
1 2 0.45 0.45 236.0 19.0 236.0 869.0 322.0 869.0 
1 2 0.4 0.4 31.0 5.0 31.0 706.0 173.0 706.0 
1 3 0.67 0.67 31.0 5.0 31.0 706.0 173.0 706.0 974.0 257.0 974.0 
1 4 0.88 0.88 31.0 5.0 31.0 706.0 173.0 706.0 974.0 257.0 974.0 135.0 29.0 135.0 
1 2 0.27 0.27 174.0 11.0 174.0 689.0 145.0 689.0 
1 3 0.68 0.68 174.0 11.0 174.0 689.0 145.0 689.0 506.0 210.0 506.0 
1 2 0.3 0.3 587.0 82.0 587.0 865.0 140.0 865.0 
1 3 0.75 0.75 587.0 82.0 587.0 865.0 140.0 865.0 472.0 213.0 472.0 
1 2 0.56 0.56 338.0 162.0 338.0 688.0 58.0 688.0 
1 2 0.66 0.66 701.0 315.0 701.0 832.0 182.0 832.0 
1 2 0.88 0.88 491.0 293.0 491.0 461.0 135.0 461.0 
1 2 0.06 0.06 448.0 7.0 448.0 998.0 50.0 998.0 
1 3 0.3 0.3 448.0 7.0 448.0 998.0 50.0 998.0 367.0 86.0 367.0 
1 4 0.59 0.59 448.0 7.0 448.0 998.0 50.0 998.0 367.0 86.0 367.0 252.0 75.0 252.0 
1 2 0.56 0.56 722.0 208.0 722.0 525.0 144.0 525.0 
1 3 0.63 0.63 722.0 208.0 722.0 525.0 144.0 525.0 505.0 37.0 505.0 
1 4 0.99 0.99 722.0 208.0 722.0 525.0 144.0 525.0 505.0 37.0 505.0 528.0 188.0 528.0 
1 2 0.52 0.52 974.0 374.0 974.0 414.0 60.0 414.0 
1 2 0.68 0.68 26.0 16.0 26.0 140.0 10.0 140.0 
1 3 0.76 0.76 26.0 16.0 26.0 140.0 10.0 140.0 309.0 24.0 309.0 
1 4 0.8 0.8 26.0 16.0 26.0 140.0 10.0 140.0 309.0 24.0 309.0 968.0 38.0 968.0 
1 2 0.95 0.95 262.0 129.0 262.0 58.0 27.0 58.0 
1 2 0.67 0.67 330.0 41.0 330.0 375.0 207.0 375.0 
1 2 0.59 0.59 318.0 187.0 318.0 578.0 5.0 578.0 
1 3 0.86 0.86 318.0 187.0 318.0 578.0 5.0 578.0 486.0 128.0 486.0 
1 2 0.59 0.59 339.0 110.0 339.0 790.0 212.0 790.0 
1 2 0.93 0.93 589.0 510.0 589.0 490.0 36.0 490.0 
1 2 0.46 0.46 95.0 34.0 95.0 865.0 95.0 865.0 
1 2 0.26 0.26 554.0 130.0 554.0 626.0 22.0 626.0 
1 3 0.39 0.39 554.0 130.0 554.0 626.0 22.0 626.0 130.0 16.0 130.0 
1 4 0.63 0.63 554.0 130.0 554.0 626.0 22.0 626.0 130.0 16.0 130.0 130.0 31.0 130.0 
1 5 0.9 0.9 554.0 130.0 554.0 626.0 22.0 626.0 130.0 16.0 130.0 130.0 31.0 130.0 323.0 88.0 323.0 
1 2 0.98 0.98 277.0 16.0 277.0 14.0 13.0 14.0 
1 2 0.86 0.86 614.0 105.0 614.0 462.0 319.0 462.0 
1 2 0.98 0.98 42.0 33.0 42.0 795.0 160.0 795.0 
1 3 0.99 0.99 42.0 33.0 42.0 795.0 160.0 795.0 153.0 1.0 153.0 
1 2 0.02 0.02 59.0 1.0 59.0 519.0 5.0 519.0 
1 3 0.27 0.27 59.0 1.0 59.0 519.0 5.0 519.0 28.0 7.0 28.0 
1 4 0.98 0.98 59.0 1.0 59.0 519.0 5.0 519.0 28.0 7.0 28.0 850.0 606.0 850.0 
1 2 0.55 0.55 29.0 12.0 29.0 49.0 7.0 49.0 
1 2 0.71 0.71 516.0 115.0 516.0 597.0 294.0 597.0 
1 2 0.48 0.48 663.0 17.0 663.0 147.0 67.0 147.0 
1 2 0.54 0.54 305.0 142.0 305.0 223.0 17.0 223.0 
1 2 0.87 0.87 216.0 175.0 216.0 757.0 51.0 757.0 
1 3 0.9 0.9 216.0 175.0 216.0 757.0 51.0 757.0 246.0 6.0 246.0 
1 2 0.68 0.68 46.0 29.0 46.0 138.0 8.0 138.0 
1 2 0.22 0.22 9.0 1.0 9.0 535.0 59.0 535.0 
1 2 0.61 0.61 668.0 98.0 668.0 56.0 26.0 56.0 
1 3 0.77 0.77 668.0 98.0 668.0 56.0 26.0 56.0 392.0 66.0 392.0 
1 2 0.88 0.88 50.0 5.0 50.0 188.0 147.0 188.0 
1 3 0.98 0.98 50.0 5.0 50.0 188.0 147.0 188.0 964.0 99.0 964.0 
1 2 0.95 0.95 276.0 41.0 276.0 481.0 389.0 481.0 
1 2 0.3 0.3 798.0 34.0 798.0 250.0 66.0 250.0 
1 3 0.44 0.44 798.0 34.0 798.0 250.0 66.0 250.0 853.0 115.0 853.0 
1 2 0.66 0.66 235.0 43.0 235.0 451.0 217.0 451.0 
1 2 0.98 0.98 951.0 513.0 951.0 516.0 228.0 516.0 
1 3 0.99 0.99 951.0 513.0 951.0 516.0 228.0 516.0 936.0 9.0 936.0 
1 2 0.52 0.52 497.0 223.0 497.0 275.0 21.0 275.0 
1 2 0.85 0.85 894.0 165.0 894.0 556.0 375.0 556.0 
1 2 0.8 0.8 807.0 299.0 807.0 987.0 428.0 987.0 
1 3 0.83 0.83 807.0 299.0 807.0 987.0 428.0 987.0 423.0 15.0 423.0 
1 2 0.84 0.84 775.0 407.0 775.0 180.0 58.0 180.0 
1 2 0.98 0.98 559.0 212.0 559.0 387.0 234.0 387.0 
1 3 0.98 0.98 559.0 212.0 559.0 387.0 234.0 387.0 500.0 2.0 500.0 
1 2 0.87 0.87 871.0 678.0 871.0 641.0 62.0 641.0 
1 2 0.87 0.87 660.0 148.0 660.0 206.0 135.0 206.0 
1 2 0.5 0.5 345.0 157.0 345.0 551.0 25.0 551.0 
1 3 0.54 0.54 345.0 157.0 345.0 551.0 25.0 551.0 494.0 23.0 494.0 
1 2 0.51 0.51 989.0 10.0 989.0 159.0 80.0 159.0 
1 3 0.87 0.87 989.0 10.0 989.0 159.0 80.0 159.0 844.0 308.0 844.0 
1 4 0.97 0.97 989.0 10.0 989.0 159.0 80.0 159.0 844.0 308.0 844.0 510.0 47.0 510.0 
1 2 0.16 0.16 635.0 64.0 635.0 76.0 5.0 76.0 
1 3 0.7 0.7 635.0 64.0 635.0 76.0 5.0 76.0 681.0 368.0 681.0 
1 4 0.87 0.87 635.0 64.0 635.0 76.0 5.0 76.0 681.0 368.0 681.0 607.0 102.0 607.0 
1 2 0.63 0.63 22.0 10.0 22.0 17.0 3.0 17.0 
1 3 0.93 0.93 22.0 10.0 22.0 17.0 3.0 17.0 684.0 206.0 684.0 
1 4 0.96 0.96 22.0 10.0 22.0 17.0 3.0 17.0 684.0 206.0 684.0 354.0 12.0 354.0 
1 2 0.49 0.49 60.0 1.0 60.0 604.0 287.0 604.0 
1 3 0.63 0.63 60.0 1.0 60.0 604.0 287.0 604.0 412.0 58.0 412.0 
1 2 0.41 0.41 456.0 46.0 456.0 789.0 244.0 789.0 
1 2 0.68 0.68 863.0 297.0 863.0 380.0 129.0 380.0 
1 2 0.67 0.67 926.0 131.0 926.0 920.0 492.0 920.0 
1 3 0.97 0.97 926.0 131.0 926.0 920.0 492.0 920.0 461.0 138.0 461.0 
1 2 0.93 0.93 351.0 44.0 351.0 412.0 332.0 412.0 
1 2 0.11 0.11 24.0 2.0 24.0 744.0 27.0 744.0 
1 3 0.18 0.18 24.0 2.0 24.0 744.0 27.0 744.0 63.0 4.0 63.0 
1 4 0.33 0.33 24.0 2.0 24.0 744.0 27.0 744.0 63.0 4.0 63.0 786.0 118.0 786.0 
1 5 0.84 0.84 24.0 2.0 24.0 744.0 27.0 744.0 63.0 4.0 63.0 786.0 118.0 786.0 59.0 30.0 59.0 
1 6 0.95 0.95 24.0 2.0 24.0 744.0 27.0 744.0 63.0 4.0 63.0 786.0 118.0 786.0 59.0 30.0 59.0 347.0 41.0 347.0 
1 2 0.51 0.51 750.0 374.0 750.0 829.0 11.0 829.0 
1 2 0.54 0.54 577.0 248.0 577.0 739.0 88.0 739.0 
1 3 0.65 0.65 577.0 248.0 577.0 739.0 88.0 739.0 323.0 33.0 323.0 
1 2 0.86 0.86 770.0 23.0 770.0 300.0 251.0 300.0 
1 2 0.73 0.73 248.0 57.0 248.0 263.0 134.0 263.0 
1 3 0.84 0.84 248.0 57.0 248.0 263.0 134.0 263.0 482.0 53.0 482.0 
1 2 0.12 0.12 661.0 29.0 661.0 728.0 59.0 728.0 
1 3 0.39 0.39 661.0 29.0 661.0 728.0 59.0 728.0 290.0 79.0 290.0 
1 2 0.9 0.9 130.0 20.0 130.0 114.0 86.0 114.0 
1 2 0.34 0.34 916.0 100.0 916.0 702.0 168.0 702.0 
1 3 0.41 0.41 916.0 100.0 916.0 702.0 168.0 702.0 509.0 36.0 509.0 
1 2 0.64 0.64 809.0 72.0 809.0 452.0 251.0 452.0 
1 3 0.94 0.94 809.0 72.0 809.0 452.0 251.0 452.0 949.0 286.0 949.0 
1 2 0.78 0.78 144.0 16.0 144.0 665.0 446.0 665.0 
1 3 0.82 0.82 144.0 16.0 144.0 665.0 446.0 665.0 961.0 40.0 961.0 
1 2 0.71 0.71 318.0 209.0 318.0 192.0 12.0 192.0 
1 2 0.95 0.95 862.0 249.0 862.0 3.0 2.0 3.0 
1 2 0.14 0.14 737.0 39.0 737.0 213.0 20.0 213.0 
1 3 0.4 0.4 737.0 39.0 737.0 213.0 20.0 213.0 279.0 71.0 279.0 
1 4 0.58 0.58 737.0 39.0 737.0 213.0 20.0 213.0 279.0 71.0 279.0 122.0 23.0 122.0 
1 2 0.77 0.77 613.0 383.0 613.0 978.0 151.0 978.0 
1 2 0.49 0.49 335.0 14.0 335.0 523.0 239.0 523.0 
1 2 0.11 0.11 573.0 38.0 573.0 434.0 19.0 434.0 
1 3 0.29 0.29 573.0 38.0 573.0 434.0 19.0 434.0 759.0 140.0 759.0 
1 4 0.89 0.89 573.0 38.0 573.0 434.0 19.0 434.0 759.0 140.0 759.0 960.0 577.0 960.0 
1 2 0.39 0.39 648.0 37.0 648.0 855.0 288.0 855.0 
1 3 0.89 0.89 648.0 37.0 648.0 855.0 288.0 855.0 418.0 211.0 418.0 
1 2 0.56 0.56 632.0 212.0 632.0 742.0 172.0 742.0 
1 3 0.87 0.87 632.0 212.0 632.0 742.0 172.0 742.0 640.0 197.0 640.0 
1 2 0.37 0.37 136.0 43.0 136.0 323.0 20.0 323.0 
1 2 0.15 0.15 780.0 65.0 780.0 414.0 31.0 414.0 
1 3 0.85 0.85 780.0 65.0 780.0 414.0 31.0 414.0 690.0 481.0 690.0 
1 2 0.08 0.08 862.0 35.0 862.0 63.0 3.0 63.0 
1 3 0.25 0.25 862.0 35.0 862.0 63.0 3.0 63.0 42.0 7.0 42.0 
1 4 0.45 0.45 862.0 35.0 862.0 63.0 3.0 63.0 42.0 7.0 42.0 618.0 125.0 618.0 
1 5 0.8 0.8 862.0 35.0 862.0 63.0 3.0 63.0 42.0 7.0 42.0 618.0 125.0 618.0 221.0 77.0 221.0 
1 2 0.62 0.62 239.0 32.0 239.0 729.0 357.0 729.0 
1 3 0.76 0.76 239.0 32.0 239.0 729.0 357.0 729.0 205.0 30.0 205.0 
1 2 0.89 0.89 809.0 572.0 809.0 248.0 47.0 248.0 
1 2 0.8 0.8 290.0 132.0 290.0 260.0 90.0 260.0 
1 3 0.86 0.86 290.0 132.0 290.0 260.0 90.0 260.0 241.0 16.0 241.0 
1 4 0.87 0.87 290.0 132.0 290.0 260.0 90.0 260.0 241.0 16.0 241.0 235.0 1.0 235.0 
1 2 0.94 0.94 735.0 520.0 735.0 920.0 216.0 920.0 
1 2 0.93 0.93 980.0 337.0 980.0 138.0 82.0 138.0 
1 2 0.68 0.68 399.0 180.0 399.0 34.0 8.0 34.0 
1 2 0.78 0.78 323.0 124.0 323.0 359.0 143.0 359.0 
1 2 0.47 0.47 719.0 93.0 719.0 44.0 15.0 44.0 
1 3 0.72 0.72 719.0 93.0 719.0 44.0 15.0 44.0 798.0 205.0 798.0 
1 2 0.83 0.83 151.0 56.0 151.0 983.0 452.0 983.0 
1 2 0.46 0.46 506.0 65.0 506.0 563.0 191.0 563.0 
1 3 0.56 0.56 506.0 65.0 506.0 563.0 191.0 563.0 995.0 100.0 995.0 
1 2 0.95 0.95 137.0 84.0 137.0 899.0 303.0 899.0 
1 3 0.96 0.96 137.0 84.0 137.0 899.0 303.0 899.0 488.0 9.0 488.0 
1 2 0.25 0.25 286.0 14.0 286.0 411.0 86.0 411.0 
1 3 0.34 0.34 286.0 14.0 286.0 411.0 86.0 411.0 759.0 67.0 759.0 
1 4 0.7 0.7 286.0 14.0 286.0 411.0 86.0 411.0 759.0 67.0 759.0 124.0 45.0 124.0 
1 2 0.89 0.89 814.0 690.0 814.0 860.0 43.0 860.0 
1 2 0.81 0.81 424.0 177.0 424.0 795.0 319.0 795.0 
1 2 0.55 0.55 997.0 291.0 997.0 780.0 202.0 780.0 
1 2 0.47 0.47 549.0 216.0 549.0 75.0 6.0 75.0 
1 3 0.51 0.51 549.0 216.0 549.0 75.0 6.0 75.0 281.0 11.0 281.0 
1 4 0.68 0.68 549.0 216.0 549.0 75.0 6.0 75.0 281.0 11.0 281.0 529.0 92.0 529.0 
1 2 0.85 0.85 854.0 259.0 854.0 405.0 223.0 405.0 
1 3 0.87 0.87 854.0 259.0 854.0 405.0 223.0 405.0 213.0 4.0 213.0 
1 2 0.06 0.06 593.0 14.0 593.0 662.0 30.0 662.0 
1 3 0.26 0.26 593.0 14.0 593.0 662.0 30.0 662.0 114.0 22.0 114.0 
1 4 0.42 0.42 593.0 14.0 593.0 662.0 30.0 662.0 114.0 22.0 114.0 654.0 104.0 654.0 
1 5 0.87 0.87 593.0 14.0 593.0 662.0 30.0 662.0 114.0 22.0 114.0 654.0 104.0 654.0 575.0 260.0 575.0 
1 2 0.9 0.9 530.0 245.0 530.0 655.0 290.0 655.0 
1 2 0.75 0.75 991.0 529.0 991.0 120.0 26.0 120.0 
1 2 0.43 0.43 250.0 43.0 250.0 263.0 68.0 263.0 
1 3 0.81 0.81 250.0 43.0 250.0 263.0 68.0 263.0 192.0 74.0 192.0 
1 2 0.34 0.34 929.0 83.0 929.0 123.0 32.0 123.0 
1 3 0.67 0.67 929.0 83.0 929.0 123.0 32.0 123.0 637.0 206.0 637.0 
1 2 0.73 0.73 381.0 64.0 381.0 322.0 183.0 322.0 
1 2 0.44 0.44 86.0 8.0 86.0 511.0 180.0 511.0 
1 3 0.67 0.67 86.0 8.0 86.0 511.0 180.0 511.0 991.0 226.0 991.0 
1 2 0.56 0.56 944.0 139.0 944.0 53.0 22.0 53.0 
1 3 0.63 0.63 944.0 139.0 944.0 53.0 22.0 53.0 699.0 48.0 699.0 
1 4 0.8 0.8 944.0 139.0 944.0 53.0 22.0 53.0 699.0 48.0 699.0 130.0 22.0 130.0 
1 5 0.88 0.88 944.0 139.0 944.0 53.0 22.0 53.0 699.0 48.0 699.0 130.0 22.0 130.0 552.0 45.0 552.0 
1 2 0.82 0.82 630.0 382.0 630.0 208.0 46.0 208.0 
1 2 0.89 0.89 144.0 122.0 144.0 211.0 10.0 211.0 
1 2 0.63 0.63 608.0 348.0 608.0 635.0 38.0 635.0 
1 2 0.76 0.76 998.0 352.0 998.0 945.0 385.0 945.0 
1 3 0.81 0.81 998.0 352.0 998.0 945.0 385.0 945.0 556.0 29.0 556.0 
1 2 0.49 0.49 886.0 226.0 886.0 17.0 4.0 17.0 
1 3 0.71 0.71 886.0 226.0 886.0 17.0 4.0 17.0 292.0 65.0 292.0 
1 4 0.73 0.73 886.0 226.0 886.0 17.0 4.0 17.0 292.0 65.0 292.0 427.0 10.0 427.0 
1 5 0.76 0.76 886.0 226.0 886.0 17.0 4.0 17.0 292.0 65.0 292.0 427.0 10.0 427.0 571.0 15.0 571.0 
1 2 0.51 0.51 373.0 38.0 373.0 968.0 396.0 968.0 
1 3 0.54 0.54 373.0 38.0 373.0 968.0 396.0 968.0 906.0 30.0 906.0 
1 4 0.76 0.76 373.0 38.0 373.0 968.0 396.0 968.0 906.0 30.0 906.0 853.0 187.0 853.0 
1 2 0.21 0.21 349.0 17.0 349.0 568.0 93.0 568.0 
1 3 0.41 0.41 349.0 17.0 349.0 568.0 93.0 568.0 465.0 96.0 465.0 
1 2 0.57 0.57 327.0 46.0 327.0 663.0 288.0 663.0 
1 3 0.62 0.62 327.0 46.0 327.0 663.0 288.0 663.0 548.0 29.0 548.0 
1 2 0.46 0.46 81.0 12.0 81.0 499.0 156.0 499.0 
1 3 0.83 0.83 81.0 12.0 81.0 499.0 156.0 499.0 542.0 203.0 542.0 
1 2 0.73 0.73 190.0 123.0 190.0 587.0 51.0 587.0 
1 2 0.42 0.42 768.0 26.0 768.0 937.0 363.0 937.0 
1 3 0.78 0.78 768.0 26.0 768.0 937.0 363.0 937.0 618.0 226.0 618.0 
1 2 0.4 0.4 782.0 187.0 782.0 717.0 116.0 717.0 
1 2 0.92 0.92 864.0 591.0 864.0 260.0 63.0 260.0 
1 3 0.98 0.98 864.0 591.0 864.0 260.0 63.0 260.0 614.0 33.0 614.0 
1 2 0.76 0.76 860.0 129.0 860.0 701.0 433.0 701.0 
1 2 0.85 0.85 565.0 53.0 565.0 243.0 184.0 243.0 
1 3 0.96 0.96 565.0 53.0 565.0 243.0 184.0 243.0 776.0 92.0 776.0 
1 2 0.38 0.38 762.0 168.0 762.0 179.0 30.0 179.0 
1 3 0.88 0.88 762.0 168.0 762.0 179.0 30.0 179.0 174.0 87.0 174.0 
1 2 0.38 0.38 379.0 55.0 379.0 50.0 12.0 50.0 
1 2 0.51 0.51 615.0 21.0 615.0 307.0 148.0 307.0 
1 2 0.66 0.66 154.0 56.0 154.0 696.0 213.0 696.0 
1 2 0.58 0.58 16.0 5.0 16.0 707.0 191.0 707.0 
1 3 0.91 0.91 16.0 5.0 16.0 707.0 191.0 707.0 329.0 108.0 329.0 
1 2 0.58 0.58 556.0 149.0 556.0 505.0 158.0 505.0 
1 2 0.11 0.11 68.0 6.0 68.0 238.0 6.0 238.0 
1 3 0.56 0.56 68.0 6.0 68.0 238.0 6.0 238.0 687.0 311.0 687.0 
1 4 0.9 0.9 68.0 6.0 68.0 238.0 6.0 238.0 687.0 311.0 687.0 426.0 143.0 426.0 
1 2 0.19 0.19 463.0 62.0 463.0 108.0 7.0 108.0 
1 3 0.91 0.91 463.0 62.0 463.0 108.0 7.0 108.0 914.0 657.0 914.0 
1 2 0.98 0.98 162.0 84.0 162.0 606.0 283.0 606.0 
1 2 0.2 0.2 737.0 62.0 737.0 461.0 57.0 461.0 
1 3 0.65 0.65 737.0 62.0 737.0 461.0 57.0 461.0 761.0 342.0 761.0 
1 2 0.31 0.31 447.0 105.0 447.0 274.0 22.0 274.0 
1 3 0.53 0.53 447.0 105.0 447.0 274.0 22.0 274.0 9.0 2.0 9.0 
1 2 0.76 0.76 832.0 630.0 832.0 466.0 3.0 466.0 
1 2 0.33 0.33 286.0 63.0 286.0 399.0 45.0 399.0 
1 3 0.82 0.82 286.0 63.0 286.0 399.0 45.0 399.0 232.0 113.0 232.0 
1 2 0.12 0.12 921.0 57.0 921.0 905.0 59.0 905.0 
1 3 0.32 0.32 921.0 57.0 921.0 905.0 59.0 905.0 894.0 178.0 894.0 
1 4 0.9 0.9 921.0 57.0 921.0 905.0 59.0 905.0 894.0 178.0 894.0 193.0 111.0 193.0 
1 2 0.57 0.57 276.0 1.0 276.0 289.0 165.0 289.0 
1 2 0.42 0.42 60.0 10.0 60.0 334.0 85.0 334.0 
1 3 0.58 0.58 60.0 10.0 60.0 334.0 85.0 334.0 49.0 8.0 49.0 
1 4 0.64 0.64 60.0 10.0 60.0 334.0 85.0 334.0 49.0 8.0 49.0 17.0 1.0 17.0 
1 2 0.15 0.15 215.0 32.0 215.0 680.0 5.0 680.0 
1 3 0.89 0.89 215.0 32.0 215.0 680.0 5.0 680.0 764.0 567.0 764.0 
1 2 0.98 0.98 531.0 381.0 531.0 670.0 179.0 670.0 
1 2 0.39 0.39 276.0 46.0 276.0 644.0 149.0 644.0 
1 3 0.62 0.62 276.0 46.0 276.0 644.0 149.0 644.0 854.0 193.0 854.0 
1 4 0.73 0.73 276.0 46.0 276.0 644.0 149.0 644.0 854.0 193.0 854.0 756.0 82.0 756.0 
1 2 0.58 0.58 713.0 278.0 713.0 287.0 55.0 287.0 
1 3 0.91 0.91 713.0 278.0 713.0 287.0 55.0 287.0 847.0 286.0 847.0 
1 2 0.53 0.53 804.0 113.0 804.0 384.0 150.0 384.0 
1 3 0.63 0.63 804.0 113.0 804.0 384.0 150.0 384.0 139.0 15.0 139.0 
1 2 0.86 0.86 973.0 371.0 973.0 75.0 36.0 75.0 
1 2 0.63 0.63 967.0 41.0 967.0 592.0 349.0 592.0 
1 3 0.64 0.64 967.0 41.0 967.0 592.0 349.0 592.0 597.0 5.0 597.0 
1 4 0.74 0.74 967.0 41.0 967.0 592.0 349.0 592.0 597.0 5.0 597.0 865.0 91.0 865.0 
1 5 0.85 0.85 967.0 41.0 967.0 592.0 349.0 592.0 597.0 5.0 597.0 865.0 91.0 865.0 311.0 34.0 311.0 
1 6 0.92 0.92 967.0 41.0 967.0 592.0 349.0 592.0 597.0 5.0 597.0 865.0 91.0 865.0 311.0 34.0 311.0 167.0 12.0 167.0 
1 7 0.95 0.95 967.0 41.0 967.0 592.0 349.0 592.0 597.0 5.0 597.0 865.0 91.0 865.0 311.0 34.0 311.0 167.0 12.0 167.0 38.0 1.0 38.0 
1 2 0.47 0.47 252.0 67.0 252.0 699.0 143.0 699.0 
1 3 0.55 0.55 252.0 67.0 252.0 699.0 143.0 699.0 586.0 51.0 586.0 
1 4 0.81 0.81 252.0 67.0 252.0 699.0 143.0 699.0 586.0 51.0 586.0 529.0 136.0 529.0 
1 5 0.99 0.99 252.0 67.0 252.0 699.0 143.0 699.0 586.0 51.0 586.0 529.0 136.0 529.0 488.0 90.0 488.0 
1 2 0.42 0.42 900.0 135.0 900.0 485.0 133.0 485.0 
1 3 0.43 0.43 900.0 135.0 900.0 485.0 133.0 485.0 379.0 5.0 379.0 
1 2 0.93 0.93 856.0 708.0 856.0 72.0 8.0 72.0 
1 2 0.57 0.57 676.0 74.0 676.0 480.0 222.0 480.0 
1 3 0.57 0.57 676.0 74.0 676.0 480.0 222.0 480.0 851.0 3.0 851.0 
1 2 0.49 0.49 730.0 216.0 730.0 527.0 107.0 527.0 
1 3 0.72 0.72 730.0 216.0 730.0 527.0 107.0 527.0 191.0 43.0 191.0 
1 2 0.99 0.99 859.0 377.0 859.0 83.0 46.0 83.0 
1 2 0.26 0.26 97.0 23.0 97.0 516.0 12.0 516.0 
1 3 0.65 0.65 97.0 23.0 97.0 516.0 12.0 516.0 592.0 233.0 592.0 
1 4 0.94 0.94 97.0 23.0 97.0 516.0 12.0 516.0 592.0 233.0 592.0 512.0 151.0 512.0 
1 2 0.22 0.22 649.0 15.0 649.0 478.0 98.0 478.0 
1 3 0.55 0.55 649.0 15.0 649.0 478.0 98.0 478.0 244.0 79.0 244.0 
1 4 0.66 0.66 649.0 15.0 649.0 478.0 98.0 478.0 244.0 79.0 244.0 253.0 29.0 253.0 
1 5 0.82 0.82 649.0 15.0 649.0 478.0 98.0 478.0 244.0 79.0 244.0 253.0 29.0 253.0 251.0 39.0 251.0 
1 2 0.03 0.03 236.0 1.0 236.0 578.0 18.0 578.0 
1 3 0.2 0.2 236.0 1.0 236.0 578.0 18.0 578.0 495.0 84.0 495.0 
1 4 0.4 0.4 236.0 1.0 236.0 578.0 18.0 578.0 495.0 84.0 495.0 66.0 13.0 66.0 
1 2 0.46 0.46 436.0 198.0 436.0 826.0 8.0 826.0 
1 3 0.46 0.46 436.0 198.0 436.0 826.0 8.0 826.0 326.0 2.0 326.0 
1 4 0.58 0.58 436.0 198.0 436.0 826.0 8.0 826.0 326.0 2.0 326.0 930.0 110.0 930.0 
1 5 0.85 0.85 436.0 198.0 436.0 826.0 8.0 826.0 326.0 2.0 326.0 930.0 110.0 930.0 695.0 187.0 695.0 
1 2 0.25 0.25 838.0 185.0 838.0 53.0 2.0 53.0 
1 3 0.36 0.36 838.0 185.0 838.0 53.0 2.0 53.0 695.0 72.0 695.0 
1 4 0.44 0.44 838.0 185.0 838.0 53.0 2.0 53.0 695.0 72.0 695.0 23.0 2.0 23.0 
1 2 0.92 0.92 549.0 4.0 549.0 70.0 64.0 70.0 
1 2 0.64 0.64 765.0 162.0 765.0 46.0 20.0 46.0 
1 3 0.7 0.7 765.0 162.0 765.0 46.0 20.0 46.0 875.0 55.0 875.0 
1 4 0.76 0.76 765.0 162.0 765.0 46.0 20.0 46.0 875.0 55.0 875.0 702.0 36.0 702.0 
1 2 0.34 0.34 836.0 106.0 836.0 499.0 110.0 499.0 
1 3 0.64 0.64 836.0 106.0 836.0 499.0 110.0 499.0 228.0 69.0 228.0 
1 2 0.16 0.16 115.0 7.0 115.0 410.0 44.0 410.0 
1 3 0.31 0.31 115.0 7.0 115.0 410.0 44.0 410.0 33.0 5.0 33.0 
1 4 0.71 0.71 115.0 7.0 115.0 410.0 44.0 410.0 33.0 5.0 33.0 347.0 138.0 347.0 
1 2 0.67 0.67 257.0 48.0 257.0 879.0 431.0 879.0 
1 2 0.67 0.67 592.0 46.0 592.0 736.0 441.0 736.0 
1 2 0.39 0.39 286.0 78.0 286.0 676.0 80.0 676.0 
1 3 0.6 0.6 286.0 78.0 286.0 676.0 80.0 676.0 418.0 91.0 418.0 
1 4 0.69 0.69 286.0 78.0 286.0 676.0 80.0 676.0 418.0 91.0 418.0 819.0 74.0 819.0 
1 2 0.56 0.56 113.0 19.0 113.0 538.0 212.0 538.0 
1 2 0.53 0.53 304.0 161.0 304.0 719.0 1.0 719.0 
1 2 0.37 0.37 398.0 88.0 398.0 398.0 62.0 398.0 
1 2 0.4 0.4 286.0 79.0 286.0 297.0 39.0 297.0 
1 3 0.85 0.85 286.0 79.0 286.0 297.0 39.0 297.0 736.0 333.0 736.0 
1 2 0.23 0.23 995.0 166.0 995.0 232.0 16.0 232.0 
1 3 0.98 0.98 995.0 166.0 995.0 232.0 16.0 232.0 813.0 606.0 813.0 
1 2 0.43 0.43 110.0 1.0 110.0 94.0 40.0 94.0 
1 3 0.99 0.99 110.0 1.0 110.0 94.0 40.0 94.0 79.0 44.0 79.0 
1 2 0.16 0.16 135.0 10.0 135.0 42.0 4.0 42.0 
1 3 0.58 0.58 135.0 10.0 135.0 42.0 4.0 42.0 475.0 197.0 475.0 
1 4 0.88 0.88 135.0 10.0 135.0 42.0 4.0 42.0 475.0 197.0 475.0 592.0 179.0 592.0 
1 5 0.95 0.95 135.0 10.0 135.0 42.0 4.0 42.0 475.0 197.0 475.0 592.0 179.0 592.0 927.0 61.0 927.0 
1 2 0.69 0.69 848.0 234.0 848.0 449.0 190.0 449.0 
1 2 0.81 0.81 455.0 162.0 455.0 193.0 88.0 193.0 
1 3 0.93 0.93 455.0 162.0 455.0 193.0 88.0 193.0 524.0 62.0 524.0 
1 2 0.76 0.76 772.0 412.0 772.0 455.0 107.0 455.0 
1 2 0.54 0.54 683.0 263.0 683.0 715.0 112.0 715.0 
1 3 0.78 0.78 683.0 263.0 683.0 715.0 112.0 715.0 629.0 156.0 629.0 
1 2 0.75 0.75 311.0 13.0 311.0 850.0 605.0 850.0 
1 3 0.86 0.86 311.0 13.0 311.0 850.0 605.0 850.0 574.0 62.0 574.0 
1 2 0.46 0.46 341.0 128.0 341.0 863.0 77.0 863.0 
1 3 0.58 0.58 341.0 128.0 341.0 863.0 77.0 863.0 959.0 115.0 959.0 
1 4 0.62 0.62 341.0 128.0 341.0 863.0 77.0 863.0 959.0 115.0 959.0 877.0 37.0 877.0 
1 5 0.88 0.88 341.0 128.0 341.0 863.0 77.0 863.0 959.0 115.0 959.0 877.0 37.0 877.0 399.0 104.0 399.0 
1 2 0.74 0.74 977.0 388.0 977.0 507.0 175.0 507.0 
1 2 0.83 0.83 365.0 276.0 365.0 632.0 50.0 632.0 
1 2 0.59 0.59 315.0 177.0 315.0 531.0 20.0 531.0 
1 2 0.78 0.78 18.0 14.0 18.0 683.0 8.0 683.0 
1 2 0.93 0.93 64.0 55.0 64.0 281.0 21.0 281.0 
1 3 0.98 0.98 64.0 55.0 64.0 281.0 21.0 281.0 508.0 25.0 508.0 
1 2 0.2 0.2 975.0 136.0 975.0 511.0 36.0 511.0 
1 3 0.28 0.28 975.0 136.0 975.0 511.0 36.0 511.0 438.0 32.0 438.0 
1 4 0.78 0.78 975.0 136.0 975.0 511.0 36.0 511.0 438.0 32.0 438.0 565.0 283.0 565.0 
1 2 0.89 0.89 634.0 146.0 634.0 931.0 616.0 931.0 
1 2 0.47 0.47 746.0 141.0 746.0 734.0 208.0 734.0 
1 3 0.78 0.78 746.0 141.0 746.0 734.0 208.0 734.0 435.0 136.0 435.0 
1 2 0.76 0.76 884.0 198.0 884.0 241.0 131.0 241.0 
1 3 0.81 0.81 884.0 198.0 884.0 241.0 131.0 241.0 353.0 17.0 353.0 
1 4 0.83 0.83 884.0 198.0 884.0 241.0 131.0 241.0 353.0 17.0 353.0 821.0 13.0 821.0 
1 2 0.7 0.7 151.0 92.0 151.0 498.0 49.0 498.0 
1 2 0.6 0.6 491.0 231.0 491.0 167.0 22.0 167.0 
1 3 0.71 0.71 491.0 231.0 491.0 167.0 22.0 167.0 855.0 97.0 855.0 
1 2 0.38 0.38 106.0 32.0 106.0 746.0 65.0 746.0 
1 3 0.44 0.44 106.0 32.0 106.0 746.0 65.0 746.0 316.0 19.0 316.0 
1 4 0.64 0.64 106.0 32.0 106.0 746.0 65.0 746.0 316.0 19.0 316.0 5.0 1.0 5.0 
1 5 0.93 0.93 106.0 32.0 106.0 746.0 65.0 746.0 316.0 19.0 316.0 5.0 1.0 5.0 358.0 102.0 358.0 
1 2 0.51 0.51 830.0 198.0 830.0 684.0 189.0 684.0 
1 2 0.67 0.67 467.0 179.0 467.0 304.0 88.0 304.0 
1 2 0.25 0.25 283.0 57.0 283.0 833.0 45.0 833.0 
1 3 0.37 0.37 283.0 57.0 283.0 833.0 45.0 833.0 246.0 30.0 246.0 
1 4 0.44 0.44 283.0 57.0 283.0 833.0 45.0 833.0 246.0 30.0 246.0 790.0 50.0 790.0 
1 2 0.86 0.86 625.0 80.0 625.0 711.0 522.0 711.0 
1 3 0.88 0.88 625.0 80.0 625.0 711.0 522.0 711.0 304.0 8.0 304.0 
1 4 0.92 0.92 625.0 80.0 625.0 711.0 522.0 711.0 304.0 8.0 304.0 998.0 38.0 998.0 
1 2 0.75 0.75 236.0 158.0 236.0 236.0 20.0 236.0 
1 2 0.79 0.79 70.0 10.0 70.0 594.0 385.0 594.0 
1 2 0.52 0.52 333.0 60.0 333.0 61.0 21.0 61.0 
1 3 0.89 0.89 333.0 60.0 333.0 61.0 21.0 61.0 237.0 87.0 237.0 
1 4 0.99 0.99 333.0 60.0 333.0 61.0 21.0 61.0 237.0 87.0 237.0 10.0 1.0 10.0 
1 2 0.65 0.65 770.0 279.0 770.0 811.0 238.0 811.0 
1 3 0.86 0.86 770.0 279.0 770.0 811.0 238.0 811.0 947.0 202.0 947.0 
1 4 0.89 0.89 770.0 279.0 770.0 811.0 238.0 811.0 947.0 202.0 947.0 472.0 12.0 472.0 
1 2 0.56 0.56 121.0 2.0 121.0 269.0 148.0 269.0 
1 2 0.61 0.61 718.0 163.0 718.0 928.0 361.0 928.0 
1 3 0.63 0.63 718.0 163.0 718.0 928.0 361.0 928.0 814.0 12.0 814.0 
1 2 0.99 0.99 582.0 412.0 582.0 959.0 271.0 959.0 
1 2 0.82 0.82 864.0 62.0 864.0 794.0 601.0 794.0 
1 2 0.46 0.46 861.0 277.0 861.0 767.0 108.0 767.0 
1 3 0.92 0.92 861.0 277.0 861.0 767.0 108.0 767.0 652.0 303.0 652.0 
1 4 0.97 0.97 861.0 277.0 861.0 767.0 108.0 767.0 652.0 303.0 652.0 255.0 12.0 255.0 
1 5 0.99 0.99 861.0 277.0 861.0 767.0 108.0 767.0 652.0 303.0 652.0 255.0 12.0 255.0 705.0 13.0 705.0 
1 2 0.37 0.37 155.0 55.0 155.0 622.0 10.0 622.0 
1 3 0.72 0.72 155.0 55.0 155.0 622.0 10.0 622.0 563.0 201.0 563.0 
1 4 0.74 0.74 155.0 55.0 155.0 622.0 10.0 622.0 563.0 201.0 563.0 659.0 12.0 659.0 
1 2 0.69 0.69 415.0 122.0 415.0 499.0 198.0 499.0 
1 3 0.97 0.97 415.0 122.0 415.0 499.0 198.0 499.0 109.0 31.0 109.0 
1 2 0.74 0.74 487.0 271.0 487.0 120.0 23.0 120.0 
1 3 0.88 0.88 487.0 271.0 487.0 120.0 23.0 120.0 673.0 94.0 673.0 
1 2 0.46 0.46 950.0 90.0 950.0 410.0 151.0 410.0 
1 3 0.83 0.83 950.0 90.0 950.0 410.0 151.0 410.0 818.0 305.0 818.0 
1 4 0.94 0.94 950.0 90.0 950.0 410.0 151.0 410.0 818.0 305.0 818.0 570.0 61.0 570.0 
1 2 0.22 0.22 15.0 1.0 15.0 976.0 158.0 976.0 
1 3 0.39 0.39 15.0 1.0 15.0 976.0 158.0 976.0 839.0 142.0 839.0 
1 4 0.65 0.65 15.0 1.0 15.0 976.0 158.0 976.0 839.0 142.0 839.0 679.0 178.0 679.0 
1 2 0.51 0.51 992.0 276.0 992.0 242.0 58.0 242.0 
1 3 0.64 0.64 992.0 276.0 992.0 242.0 58.0 242.0 460.0 57.0 460.0 
1 2 0.59 0.59 732.0 264.0 732.0 52.0 12.0 52.0 
1 3 0.9 0.9 732.0 264.0 732.0 52.0 12.0 52.0 936.0 293.0 936.0 
1 2 0.31 0.31 323.0 58.0 323.0 418.0 58.0 418.0 
1 3 0.36 0.36 323.0 58.0 323.0 418.0 58.0 418.0 217.0 10.0 217.0 
1 4 0.84 0.84 323.0 58.0 323.0 418.0 58.0 418.0 217.0 10.0 217.0 642.0 307.0 642.0 
1 2 0.56 0.56 123.0 57.0 123.0 666.0 69.0 666.0 
1 2 0.98 0.98 923.0 854.0 923.0 387.0 22.0 387.0 
1 2 0.8 0.8 220.0 29.0 220.0 343.0 230.0 343.0 
1 3 0.81 0.81 220.0 29.0 220.0 343.0 230.0 343.0 883.0 7.0 883.0 
1 2 0.76 0.76 789.0 94.0 789.0 506.0 327.0 506.0 
1 3 0.86 0.86 789.0 94.0 789.0 506.0 327.0 506.0 127.0 13.0 127.0 
1 4 0.87 0.87 789.0 94.0 789.0 506.0 327.0 506.0 127.0 13.0 127.0 843.0 4.0 843.0 
1 2 0.68 0.68 393.0 244.0 393.0 280.0 19.0 280.0 
1 2 0.46 0.46 787.0 243.0 787.0 498.0 76.0 498.0 
1 3 0.91 0.91 787.0 243.0 787.0 498.0 76.0 498.0 866.0 396.0 866.0 
1 2 0.21 0.21 826.0 23.0 826.0 947.0 178.0 947.0 
1 3 0.65 0.65 826.0 23.0 826.0 947.0 178.0 947.0 159.0 70.0 159.0 
1 2 0.71 0.71 653.0 11.0 653.0 561.0 393.0 561.0 
1 2 0.05 0.05 811.0 32.0 811.0 105.0 2.0 105.0 
1 3 0.29 0.29 811.0 32.0 811.0 105.0 2.0 105.0 482.0 114.0 482.0 
1 2 0.88 0.88 748.0 99.0 748.0 637.0 478.0 637.0 
1 2 0.67 0.67 657.0 65.0 657.0 785.0 453.0 785.0 
1 3 0.82 0.82 657.0 65.0 657.0 785.0 453.0 785.0 634.0 94.0 634.0 
1 4 0.96 0.96 657.0 65.0 657.0 785.0 453.0 785.0 634.0 94.0 634.0 941.0 128.0 941.0 
1 2 0.99 0.99 337.0 288.0 337.0 140.0 20.0 140.0 
1 2 0.17 0.17 651.0 16.0 651.0 754.0 112.0 754.0 
1 3 0.28 0.28 651.0 16.0 651.0 754.0 112.0 754.0 722.0 84.0 722.0 
1 4 0.47 0.47 651.0 16.0 651.0 754.0 112.0 754.0 722.0 84.0 722.0 198.0 36.0 198.0 
1 5 0.92 0.92 651.0 16.0 651.0 754.0 112.0 754.0 722.0 84.0 722.0 198.0 36.0 198.0 154.0 70.0 154.0 
1 2 0.67 0.67 984.0 48.0 984.0 426.0 268.0 426.0 
1 3 0.77 0.77 984.0 48.0 984.0 426.0 268.0 426.0 955.0 90.0 955.0 
1 2 0.92 0.92 661.0 357.0 661.0 270.0 104.0 270.0 
1 2 0.87 0.87 728.0 84.0 728.0 413.0 315.0 413.0 
1 3 0.99 0.99 728.0 84.0 728.0 413.0 315.0 413.0 684.0 80.0 684.0 
1 2 0.86 0.86 61.0 11.0 61.0 568.0 388.0 568.0 
1 2 0.31 0.31 349.0 97.0 349.0 801.0 29.0 801.0 
1 2 0.94 0.94 264.0 148.0 264.0 335.0 128.0 335.0 
1 2 0.49 0.49 396.0 80.0 396.0 367.0 109.0 367.0 
1 3 0.53 0.53 396.0 80.0 396.0 367.0 109.0 367.0 113.0 4.0 113.0 
1 2 0.56 0.56 260.0 51.0 260.0 455.0 169.0 455.0 
1 3 0.9 0.9 260.0 51.0 260.0 455.0 169.0 455.0 3.0 1.0 3.0 
1 4 0.97 0.97 260.0 51.0 260.0 455.0 169.0 455.0 3.0 1.0 3.0 290.0 21.0 290.0 
1 2 0.53 0.53 347.0 174.0 347.0 675.0 26.0 675.0 
1 3 0.58 0.58 347.0 174.0 347.0 675.0 26.0 675.0 71.0 3.0 71.0 
1 2 0.73 0.73 165.0 85.0 165.0 296.0 65.0 296.0 
1 3 0.79 0.79 165.0 85.0 165.0 296.0 65.0 296.0 241.0 14.0 241.0 
1 2 0.79 0.79 387.0 202.0 387.0 150.0 41.0 150.0 
1 2 0.71 0.71 741.0 98.0 741.0 590.0 346.0 590.0 
1 3 0.92 0.92 741.0 98.0 741.0 590.0 346.0 590.0 516.0 109.0 516.0 
1 2 0.53 0.53 470.0 248.0 470.0 810.0 4.0 810.0 
1 3 0.88 0.88 470.0 248.0 470.0 810.0 4.0 810.0 408.0 145.0 408.0 
1 2 0.83 0.83 450.0 59.0 450.0 90.0 63.0 90.0 
1 2 0.4 0.4 190.0 22.0 190.0 791.0 228.0 791.0 
1 3 0.79 0.79 190.0 22.0 190.0 791.0 228.0 791.0 31.0 12.0 31.0 
1 4 0.99 0.99 190.0 22.0 190.0 791.0 228.0 791.0 31.0 12.0 31.0 384.0 79.0 384.0 
1 2 0.52 0.52 638.0 291.0 638.0 435.0 31.0 435.0 
1 3 0.71 0.71 638.0 291.0 638.0 435.0 31.0 435.0 721.0 134.0 721.0 
1 2 0.3 0.3 882.0 199.0 882.0 341.0 27.0 341.0 
1 2 0.87 0.87 221.0 173.0 221.0 186.0 17.0 186.0 
1 3 0.99 0.99 221.0 173.0 221.0 186.0 17.0 186.0 912.0 108.0 912.0 
1 2 0.78 0.78 248.0 125.0 248.0 97.0 27.0 97.0 
1 2 0.68 0.68 427.0 70.0 427.0 349.0 181.0 349.0 
1 3 0.69 0.69 427.0 70.0 427.0 349.0 181.0 349.0 687.0 6.0 687.0 
1 4 0.84 0.84 427.0 70.0 427.0 349.0 181.0 349.0 687.0 6.0 687.0 19.0 3.0 19.0 
1 2 0.61 0.61 885.0 262.0 885.0 406.0 131.0 406.0 
1 2 0.96 0.96 892.0 755.0 892.0 225.0 26.0 225.0 
1 2 0.21 0.21 457.0 73.0 457.0 91.0 5.0 91.0 
1 3 0.24 0.24 457.0 73.0 457.0 91.0 5.0 91.0 893.0 23.0 893.0 
1 4 0.59 0.59 457.0 73.0 457.0 91.0 5.0 91.0 893.0 23.0 893.0 277.0 97.0 277.0 
1 2 0.66 0.66 262.0 30.0 262.0 723.0 399.0 723.0 
1 3 0.71 0.71 262.0 30.0 262.0 723.0 399.0 723.0 682.0 36.0 682.0 
1 2 0.37 0.37 609.0 93.0 609.0 160.0 36.0 160.0 
1 3 0.69 0.69 609.0 93.0 609.0 160.0 36.0 160.0 494.0 158.0 494.0 
1 2 0.64 0.64 699.0 188.0 699.0 960.0 362.0 960.0 
1 3 0.79 0.79 699.0 188.0 699.0 960.0 362.0 960.0 48.0 7.0 48.0 
1 2 0.85 0.85 934.0 244.0 934.0 643.0 384.0 643.0 
1 3 0.87 0.87 934.0 244.0 934.0 643.0 384.0 643.0 153.0 2.0 153.0 
1 2 0.37 0.37 510.0 151.0 510.0 775.0 61.0 775.0 
1 3 0.75 0.75 510.0 151.0 510.0 775.0 61.0 775.0 127.0 48.0 127.0 
1 4 0.82 0.82 510.0 151.0 510.0 775.0 61.0 775.0 127.0 48.0 127.0 643.0 46.0 643.0 
1 5 0.83 0.83 510.0 151.0 510.0 775.0 61.0 775.0 127.0 48.0 127.0 643.0 46.0 643.0 66.0 1.0 66.0 
1 2 0.66 0.66 504.0 4.0 504.0 498.0 326.0 498.0 
1 3 0.69 0.69 504.0 4.0 504.0 498.0 326.0 498.0 140.0 4.0 140.0 
1 4 0.78 0.78 504.0 4.0 504.0 498.0 326.0 498.0 140.0 4.0 140.0 854.0 76.0 854.0 
1 2 0.81 0.81 164.0 29.0 164.0 744.0 475.0 744.0 
1 2 0.2 0.2 848.0 27.0 848.0 230.0 40.0 230.0 
1 3 0.36 0.36 848.0 27.0 848.0 230.0 40.0 230.0 294.0 46.0 294.0 
1 4 0.43 0.43 848.0 27.0 848.0 230.0 40.0 230.0 294.0 46.0 294.0 528.0 36.0 528.0 
1 5 0.53 0.53 848.0 27.0 848.0 230.0 40.0 230.0 294.0 46.0 294.0 528.0 36.0 528.0 188.0 20.0 188.0 
1 6 0.75 0.75 848.0 27.0 848.0 230.0 40.0 230.0 294.0 46.0 294.0 528.0 36.0 528.0 188.0 20.0 188.0 23.0 5.0 23.0 
1 7 0.91 0.91 848.0 27.0 848.0 230.0 40.0 230.0 294.0 46.0 294.0 528.0 36.0 528.0 188.0 20.0 188.0 23.0 5.0 23.0 87.0 14.0 87.0 
1 2 0.59 0.59 95.0 22.0 95.0 61.0 22.0 61.0 
1 2 0.99 0.99 433.0 121.0 433.0 574.0 409.0 574.0 
1 2 0.25 0.25 566.0 128.0 566.0 469.0 13.0 469.0 
1 3 0.52 0.52 566.0 128.0 566.0 469.0 13.0 469.0 750.0 204.0 750.0 
1 4 0.55 0.55 566.0 128.0 566.0 469.0 13.0 469.0 750.0 204.0 750.0 923.0 23.0 923.0 
1 2 0.62 0.62 230.0 76.0 230.0 354.0 105.0 354.0 
1 2 0.31 0.31 132.0 23.0 132.0 281.0 40.0 281.0 
1 3 0.66 0.66 132.0 23.0 132.0 281.0 40.0 281.0 493.0 171.0 493.0 
1 2 0.12 0.12 640.0 23.0 640.0 513.0 45.0 513.0 
1 3 0.68 0.68 640.0 23.0 640.0 513.0 45.0 513.0 463.0 258.0 463.0 
1 2 0.98 0.98 414.0 110.0 414.0 760.0 544.0 760.0 
1 2 0.08 0.08 266.0 11.0 266.0 131.0 6.0 131.0 
1 3 0.36 0.36 266.0 11.0 266.0 131.0 6.0 131.0 626.0 171.0 626.0 
1 2 0.94 0.94 975.0 770.0 975.0 331.0 53.0 331.0 
1 3 0.97 0.97 975.0 770.0 975.0 331.0 53.0 331.0 435.0 12.0 435.0 
1 2 0.22 0.22 133.0 2.0 133.0 278.0 58.0 278.0 
1 3 0.49 0.49 133.0 2.0 133.0 278.0 58.0 278.0 270.0 73.0 270.0 
1 4 0.82 0.82 133.0 2.0 133.0 278.0 58.0 278.0 270.0 73.0 270.0 79.0 26.0 79.0 
1 2 0.83 0.83 268.0 149.0 268.0 101.0 28.0 101.0 
1 2 0.75 0.75 976.0 212.0 976.0 324.0 175.0 324.0 
1 2 0.67 0.67 253.0 99.0 253.0 139.0 39.0 139.0 
1 3 0.98 0.98 253.0 99.0 253.0 139.0 39.0 139.0 797.0 247.0 797.0 
1 2 0.26 0.26 686.0 95.0 686.0 953.0 118.0 953.0 
1 3 0.39 0.39 686.0 95.0 686.0 953.0 118.0 953.0 506.0 66.0 506.0 
1 4 0.91 0.91 686.0 95.0 686.0 953.0 118.0 953.0 506.0 66.0 506.0 173.0 91.0 173.0 
1 2 0.46 0.46 673.0 193.0 673.0 11.0 2.0 11.0 
1 2 0.9 0.9 635.0 41.0 635.0 508.0 426.0 508.0 
1 2 0.81 0.81 471.0 352.0 471.0 92.0 6.0 92.0 
1 2 0.01 0.01 646.0 7.0 646.0 666.0 6.0 666.0 
1 3 0.17 0.17 646.0 7.0 646.0 666.0 6.0 666.0 277.0 44.0 277.0 
1 4 0.26 0.26 646.0 7.0 646.0 666.0 6.0 666.0 277.0 44.0 277.0 451.0 37.0 451.0 
1 5 0.48 0.48 646.0 7.0 646.0 666.0 6.0 666.0 277.0 44.0 277.0 451.0 37.0 451.0 44.0 10.0 44.0 
1 2 0.75 0.75 810.0 392.0 810.0 349.0 96.0 349.0 
1 2 0.21 0.21 120.0 11.0 120.0 427.0 53.0 427.0 
1 3 0.91 0.91 120.0 11.0 120.0 427.0 53.0 427.0 10.0 7.0 10.0 
1 2 0.39 0.39 281.0 65.0 281.0 719.0 117.0 719.0 
1 3 0.7 0.7 281.0 65.0 281.0 719.0 117.0 719.0 556.0 173.0 556.0 
1 4 0.84 0.84 281.0 65.0 281.0 719.0 117.0 719.0 556.0 173.0 556.0 291.0 42.0 291.0 
1 2 0.12 0.12 164.0 13.0 164.0 973.0 48.0 973.0 
1 3 0.39 0.39 164.0 13.0 164.0 973.0 48.0 973.0 716.0 190.0 716.0 
1 4 0.91 0.91 164.0 13.0 164.0 973.0 48.0 973.0 716.0 190.0 716.0 653.0 338.0 653.0 
1 2 0.53 0.53 588.0 152.0 588.0 787.0 216.0 787.0 
1 3 0.56 0.56 588.0 152.0 588.0 787.0 216.0 787.0 378.0 12.0 378.0 
1 2 0.49 0.49 59.0 13.0 59.0 527.0 147.0 527.0 
1 3 0.65 0.65 59.0 13.0 59.0 527.0 147.0 527.0 810.0 126.0 810.0 
1 2 0.96 0.96 604.0 205.0 604.0 996.0 620.0 996.0 
1 2 0.58 0.58 240.0 111.0 240.0 33.0 4.0 33.0 
1 3 0.82 0.82 240.0 111.0 240.0 33.0 4.0 33.0 201.0 48.0 201.0 
1 2 0.76 0.76 308.0 95.0 308.0 146.0 66.0 146.0 
1 3 0.81 0.81 308.0 95.0 308.0 146.0 66.0 146.0 397.0 22.0 397.0 
1 2 0.38 0.38 438.0 79.0 438.0 569.0 118.0 569.0 
1 3 0.9 0.9 438.0 79.0 438.0 569.0 118.0 569.0 60.0 31.0 60.0 
1 2 0.64 0.64 945.0 502.0 945.0 441.0 50.0 441.0 
1 2 0.88 0.88 903.0 387.0 903.0 489.0 223.0 489.0 
1 2 0.74 0.74 638.0 6.0 638.0 808.0 598.0 808.0 
1 2 0.52 0.52 729.0 60.0 729.0 313.0 137.0 313.0 
1 2 0.95 0.95 915.0 777.0 915.0 233.0 25.0 233.0 
1 2 0.62 0.62 615.0 172.0 615.0 749.0 256.0 749.0 
1 3 0.99 0.99 615.0 172.0 615.0 749.0 256.0 749.0 671.0 251.0 671.0 
1 2 0.13 0.13 165.0 11.0 165.0 709.0 49.0 709.0 
1 3 0.76 0.76 165.0 11.0 165.0 709.0 49.0 709.0 486.0 308.0 486.0 
1 2 0.65 0.65 281.0 2.0 281.0 231.0 149.0 231.0 
1 2 0.37 0.37 911.0 281.0 911.0 703.0 48.0 703.0 
1 2 0.34 0.34 127.0 29.0 127.0 771.0 90.0 771.0 
1 3 0.78 0.78 127.0 29.0 127.0 771.0 90.0 771.0 34.0 15.0 34.0 
1 2 0.31 0.31 283.0 78.0 283.0 276.0 11.0 276.0 
1 3 0.33 0.33 283.0 78.0 283.0 276.0 11.0 276.0 383.0 6.0 383.0 
1 4 0.89 0.89 283.0 78.0 283.0 276.0 11.0 276.0 383.0 6.0 383.0 375.0 212.0 375.0 
1 2 0.69 0.69 586.0 11.0 586.0 444.0 300.0 444.0 
1 2 0.56 0.56 221.0 101.0 221.0 966.0 108.0 966.0 
1 3 0.58 0.58 221.0 101.0 221.0 966.0 108.0 966.0 657.0 12.0 657.0 
1 2 0.97 0.97 206.0 27.0 206.0 211.0 179.0 211.0 
1 2 0.96 0.96 289.0 243.0 289.0 959.0 119.0 959.0 
1 2 0.98 0.98 878.0 258.0 878.0 68.0 47.0 68.0 
1 2 0.81 0.81 785.0 118.0 785.0 54.0 36.0 54.0 
1 2 0.73 0.73 738.0 518.0 738.0 197.0 6.0 197.0 
1 3 0.94 0.94 738.0 518.0 738.0 197.0 6.0 197.0 973.0 207.0 973.0 
1 2 0.5 0.5 75.0 2.0 75.0 612.0 291.0 612.0 
1 3 0.83 0.83 75.0 2.0 75.0 612.0 291.0 612.0 789.0 260.0 789.0 
1 2 0.94 0.94 71.0 19.0 71.0 113.0 76.0 113.0 
1 2 0.88 0.88 797.0 356.0 797.0 32.0 14.0 32.0 
1 2 0.43 0.43 283.0 85.0 283.0 554.0 74.0 554.0 
1 3 0.63 0.63 283.0 85.0 283.0 554.0 74.0 554.0 332.0 66.0 332.0 
1 4 0.76 0.76 283.0 85.0 283.0 554.0 74.0 554.0 332.0 66.0 332.0 784.0 107.0 784.0 
1 5 0.82 0.82 283.0 85.0 283.0 554.0 74.0 554.0 332.0 66.0 332.0 784.0 107.0 784.0 297.0 18.0 297.0 
1 6 0.95 0.95 283.0 85.0 283.0 554.0 74.0 554.0 332.0 66.0 332.0 784.0 107.0 784.0 297.0 18.0 297.0 96.0 12.0 96.0 
1 2 0.61 0.61 190.0 76.0 190.0 795.0 168.0 795.0 
1 3 0.9 0.9 190.0 76.0 190.0 795.0 168.0 795.0 568.0 166.0 568.0 
1 2 0.62 0.62 81.0 35.0 81.0 735.0 141.0 735.0 
1 3 0.66 0.66 81.0 35.0 81.0 735.0 141.0 735.0 332.0 12.0 332.0 
1 4 0.84 0.84 81.0 35.0 81.0 735.0 141.0 735.0 332.0 12.0 332.0 337.0 61.0 337.0 
1 2 0.82 0.82 727.0 28.0 727.0 232.0 182.0 232.0 
1 2 0.52 0.52 500.0 59.0 500.0 820.0 330.0 820.0 
1 3 0.61 0.61 500.0 59.0 500.0 820.0 330.0 820.0 365.0 33.0 365.0 
1 2 0.04 0.04 383.0 2.0 383.0 453.0 16.0 453.0 
1 3 0.28 0.28 383.0 2.0 383.0 453.0 16.0 453.0 705.0 170.0 705.0 
1 4 0.65 0.65 383.0 2.0 383.0 453.0 16.0 453.0 705.0 170.0 705.0 820.0 309.0 820.0 
1 2 0.27 0.27 323.0 32.0 323.0 608.0 107.0 608.0 
1 3 0.57 0.57 323.0 32.0 323.0 608.0 107.0 608.0 100.0 30.0 100.0 
1 4 0.63 0.63 323.0 32.0 323.0 608.0 107.0 608.0 100.0 30.0 100.0 413.0 24.0 413.0 
1 2 0.51 0.51 201.0 65.0 201.0 505.0 95.0 505.0 
1 3 0.69 0.69 201.0 65.0 201.0 505.0 95.0 505.0 742.0 135.0 742.0 
1 4 0.75 0.75 201.0 65.0 201.0 505.0 95.0 505.0 742.0 135.0 742.0 138.0 9.0 138.0 
1 5 0.83 0.83 201.0 65.0 201.0 505.0 95.0 505.0 742.0 135.0 742.0 138.0 9.0 138.0 951.0 68.0 951.0 
1 2 0.9 0.9 842.0 134.0 842.0 836.0 620.0 836.0 
1 2 0.89 0.89 451.0 4.0 451.0 179.0 159.0 179.0 
1 2 0.96 0.96 771.0 283.0 771.0 5.0 3.0 5.0 
1 2 0.74 0.74 664.0 483.0 664.0 701.0 14.0 701.0 
1 3 0.99 0.99 664.0 483.0 664.0 701.0 14.0 701.0 963.0 238.0 963.0 
1 2 0.77 0.77 193.0 65.0 193.0 999.0 442.0 999.0 
1 2 0.75 0.75 44.0 30.0 44.0 569.0 41.0 569.0 
1 3 0.88 0.88 44.0 30.0 44.0 569.0 41.0 569.0 816.0 104.0 816.0 
1 2 0.72 0.72 12.0 2.0 12.0 429.0 241.0 429.0 
1 2 0.24 0.24 85.0 18.0 85.0 661.0 19.0 661.0 
1 3 0.76 0.76 85.0 18.0 85.0 661.0 19.0 661.0 545.0 284.0 545.0 
1 2 0.49 0.49 178.0 68.0 178.0 496.0 55.0 496.0 
1 3 0.55 0.55 178.0 68.0 178.0 496.0 55.0 496.0 787.0 45.0 787.0 
1 4 0.81 0.81 178.0 68.0 178.0 496.0 55.0 496.0 787.0 45.0 787.0 684.0 182.0 684.0 
1 2 0.56 0.56 241.0 122.0 241.0 130.0 8.0 130.0 
1 2 0.42 0.42 477.0 33.0 477.0 299.0 106.0 299.0 
1 3 0.54 0.54 477.0 33.0 477.0 299.0 106.0 299.0 82.0 10.0 82.0 
1 2 0.61 0.61 419.0 51.0 419.0 960.0 476.0 960.0 
1 2 0.82 0.82 532.0 101.0 532.0 25.0 16.0 25.0 
1 2 0.61 0.61 904.0 485.0 904.0 435.0 32.0 435.0 
1 2 0.23 0.23 605.0 125.0 605.0 685.0 19.0 685.0 
1 3 0.76 0.76 605.0 125.0 605.0 685.0 19.0 685.0 133.0 71.0 133.0 
1 4 0.78 0.78 605.0 125.0 605.0 685.0 19.0 685.0 133.0 71.0 133.0 595.0 11.0 595.0 
1 5 0.95 0.95 605.0 125.0 605.0 685.0 19.0 685.0 133.0 71.0 133.0 595.0 11.0 595.0 756.0 131.0 756.0 
1 2 0.53 0.53 560.0 170.0 560.0 374.0 86.0 374.0 
1 2 0.26 0.26 927.0 227.0 927.0 40.0 1.0 40.0 
1 3 0.65 0.65 927.0 227.0 927.0 40.0 1.0 40.0 403.0 155.0 403.0 
1 2 0.25 0.25 252.0 46.0 252.0 177.0 13.0 177.0 
1 3 0.77 0.77 252.0 46.0 252.0 177.0 13.0 177.0 306.0 158.0 306.0 
1 2 0.99 0.99 688.0 416.0 688.0 485.0 189.0 485.0 
1 2 0.87 0.87 630.0 63.0 630.0 181.0 140.0 181.0 
1 3 0.99 0.99 630.0 63.0 630.0 181.0 140.0 181.0 688.0 86.0 688.0 
1 2 0.61 0.61 553.0 315.0 553.0 956.0 48.0 956.0 
1 3 0.67 0.67 553.0 315.0 553.0 956.0 48.0 956.0 477.0 25.0 477.0 
1 2 0.15 0.15 647.0 64.0 647.0 148.0 9.0 148.0 
1 3 0.4 0.4 647.0 64.0 647.0 148.0 9.0 148.0 94.0 23.0 94.0 
1 4 0.89 0.89 647.0 64.0 647.0 148.0 9.0 148.0 94.0 23.0 94.0 621.0 303.0 621.0 
1 2 0.13 0.13 754.0 17.0 754.0 208.0 24.0 208.0 
1 3 0.27 0.27 754.0 17.0 754.0 208.0 24.0 208.0 200.0 27.0 200.0 
1 4 0.28 0.28 754.0 17.0 754.0 208.0 24.0 208.0 200.0 27.0 200.0 993.0 14.0 993.0 
1 2 0.87 0.87 556.0 430.0 556.0 255.0 25.0 255.0 
1 2 0.27 0.27 852.0 45.0 852.0 906.0 198.0 906.0 
1 3 0.96 0.96 852.0 45.0 852.0 906.0 198.0 906.0 791.0 549.0 791.0 
1 2 0.9 0.9 935.0 608.0 935.0 766.0 194.0 766.0 
1 2 0.47 0.47 68.0 28.0 68.0 78.0 5.0 78.0 
1 2 0.41 0.41 264.0 33.0 264.0 211.0 62.0 211.0 
1 2 0.26 0.26 806.0 58.0 806.0 575.0 113.0 575.0 
1 3 0.63 0.63 806.0 58.0 806.0 575.0 113.0 575.0 610.0 223.0 610.0 
1 2 0.76 0.76 272.0 157.0 272.0 953.0 177.0 953.0 
1 2 0.12 0.12 61.0 2.0 61.0 696.0 61.0 696.0 
1 3 0.7 0.7 61.0 2.0 61.0 696.0 61.0 696.0 516.0 303.0 516.0 
1 4 0.74 0.74 61.0 2.0 61.0 696.0 61.0 696.0 516.0 303.0 516.0 158.0 6.0 158.0 
1 2 0.66 0.66 362.0 92.0 362.0 809.0 330.0 809.0 
1 3 0.86 0.86 362.0 92.0 362.0 809.0 330.0 809.0 59.0 12.0 59.0 
1 2 0.55 0.55 461.0 243.0 461.0 726.0 19.0 726.0 
1 3 0.79 0.79 461.0 243.0 461.0 726.0 19.0 726.0 654.0 158.0 654.0 
1 2 0.93 0.93 576.0 25.0 576.0 635.0 567.0 635.0 
1 2 0.77 0.77 174.0 43.0 174.0 96.0 51.0 96.0 
1 2 0.52 0.52 305.0 89.0 305.0 814.0 191.0 814.0 
1 3 0.69 0.69 305.0 89.0 305.0 814.0 191.0 814.0 528.0 91.0 528.0 
1 4 0.74 0.74 305.0 89.0 305.0 814.0 191.0 814.0 528.0 91.0 528.0 277.0 14.0 277.0 
1 2 0.08 0.08 74.0 2.0 74.0 604.0 35.0 604.0 
1 3 0.83 0.83 74.0 2.0 74.0 604.0 35.0 604.0 8.0 6.0 8.0 
1 4 0.88 0.88 74.0 2.0 74.0 604.0 35.0 604.0 8.0 6.0 8.0 59.0 3.0 59.0 
1 5 0.99 0.99 74.0 2.0 74.0 604.0 35.0 604.0 8.0 6.0 8.0 59.0 3.0 59.0 533.0 60.0 533.0 
1 2 0.89 0.89 959.0 589.0 959.0 281.0 79.0 281.0 
1 2 0.01 0.01 547.0 2.0 547.0 263.0 3.0 263.0 
1 3 0.08 0.08 547.0 2.0 547.0 263.0 3.0 263.0 604.0 45.0 604.0 
1 4 0.65 0.65 547.0 2.0 547.0 263.0 3.0 263.0 604.0 45.0 604.0 360.0 205.0 360.0 
1 2 0.45 0.45 221.0 96.0 221.0 676.0 16.0 676.0 
1 3 0.56 0.56 221.0 96.0 221.0 676.0 16.0 676.0 164.0 18.0 164.0 
1 2 0.74 0.74 871.0 298.0 871.0 940.0 377.0 940.0 
1 3 0.77 0.77 871.0 298.0 871.0 940.0 377.0 940.0 673.0 24.0 673.0 
1 2 0.34 0.34 690.0 204.0 690.0 40.0 2.0 40.0 
1 3 0.48 0.48 690.0 204.0 690.0 40.0 2.0 40.0 21.0 3.0 21.0 
1 4 0.6 0.6 690.0 204.0 690.0 40.0 2.0 40.0 21.0 3.0 21.0 250.0 29.0 250.0 
1 5 0.7 0.7 690.0 204.0 690.0 40.0 2.0 40.0 21.0 3.0 21.0 250.0 29.0 250.0 370.0 38.0 370.0 
1 2 0.85 0.85 77.0 22.0 77.0 701.0 398.0 701.0 
1 2 0.11 0.11 337.0 11.0 337.0 398.0 34.0 398.0 
1 3 0.43 0.43 337.0 11.0 337.0 398.0 34.0 398.0 112.0 35.0 112.0 
1 4 0.62 0.62 337.0 11.0 337.0 398.0 34.0 398.0 112.0 35.0 112.0 352.0 68.0 352.0 
1 5 0.66 0.66 337.0 11.0 337.0 398.0 34.0 398.0 112.0 35.0 112.0 352.0 68.0 352.0 164.0 7.0 164.0 
1 2 0.66 0.66 332.0 133.0 332.0 424.0 114.0 424.0 
1 2 0.3 0.3 778.0 16.0 778.0 932.0 268.0 932.0 
1 3 0.55 0.55 778.0 16.0 778.0 932.0 268.0 932.0 970.0 243.0 970.0 
1 4 0.8 0.8 778.0 16.0 778.0 932.0 268.0 932.0 970.0 243.0 970.0 516.0 127.0 516.0 
1 2 0.3 0.3 84.0 24.0 84.0 871.0 13.0 871.0 
1 3 0.68 0.68 84.0 24.0 84.0 871.0 13.0 871.0 823.0 313.0 823.0 
1 4 0.84 0.84 84.0 24.0 84.0 871.0 13.0 871.0 823.0 313.0 823.0 762.0 128.0 762.0 
1 2 0.63 0.63 73.0 40.0 73.0 710.0 59.0 710.0 
1 2 0.06 0.06 125.0 7.0 125.0 382.0 5.0 382.0 
1 3 0.35 0.35 125.0 7.0 125.0 382.0 5.0 382.0 473.0 137.0 473.0 
1 4 0.66 0.66 125.0 7.0 125.0 382.0 5.0 382.0 473.0 137.0 473.0 423.0 131.0 423.0 
1 5 0.72 0.72 125.0 7.0 125.0 382.0 5.0 382.0 473.0 137.0 473.0 423.0 131.0 423.0 141.0 8.0 141.0 
1 2 0.78 0.78 726.0 345.0 726.0 908.0 277.0 908.0 
1 2 0.61 0.61 749.0 304.0 749.0 964.0 205.0 964.0 
1 2 0.81 0.81 347.0 33.0 347.0 96.0 69.0 96.0 
1 3 0.86 0.86 347.0 33.0 347.0 96.0 69.0 96.0 637.0 35.0 637.0 
1 4 0.88 0.88 347.0 33.0 347.0 96.0 69.0 96.0 637.0 35.0 637.0 318.0 6.0 318.0 
1 2 0.06 0.06 615.0 41.0 615.0 999.0 2.0 999.0 
1 3 0.78 0.78 615.0 41.0 615.0 999.0 2.0 999.0 656.0 469.0 656.0 
1 2 0.31 0.31 316.0 45.0 316.0 383.0 67.0 383.0 
1 3 0.43 0.43 316.0 45.0 316.0 383.0 67.0 383.0 669.0 82.0 669.0 
1 4 0.97 0.97 316.0 45.0 316.0 383.0 67.0 383.0 669.0 82.0 669.0 562.0 299.0 562.0 
1 2 0.81 0.81 57.0 3.0 57.0 693.0 525.0 693.0 
1 2 0.5 0.5 978.0 309.0 978.0 501.0 94.0 501.0 
1 3 0.96 0.96 978.0 309.0 978.0 501.0 94.0 501.0 496.0 231.0 496.0 
1 2 0.09 0.09 348.0 8.0 348.0 56.0 4.0 56.0 
1 3 0.4 0.4 348.0 8.0 348.0 56.0 4.0 56.0 419.0 132.0 419.0 
1 4 0.5 0.5 348.0 8.0 348.0 56.0 4.0 56.0 419.0 132.0 419.0 932.0 89.0 932.0 
1 5 0.83 0.83 348.0 8.0 348.0 56.0 4.0 56.0 419.0 132.0 419.0 932.0 89.0 932.0 799.0 264.0 799.0 
1 6 0.9 0.9 348.0 8.0 348.0 56.0 4.0 56.0 419.0 132.0 419.0 932.0 89.0 932.0 799.0 264.0 799.0 687.0 45.0 687.0 
1 2 0.56 0.56 966.0 371.0 966.0 98.0 18.0 98.0 
1 2 0.36 0.36 931.0 204.0 931.0 142.0 21.0 142.0 
1 3 0.6 0.6 931.0 204.0 931.0 142.0 21.0 142.0 435.0 102.0 435.0 
1 2 0.97 0.97 111.0 84.0 111.0 910.0 197.0 910.0 
1 2 0.58 0.58 79.0 6.0 79.0 151.0 77.0 151.0 
1 3 0.76 0.76 79.0 6.0 79.0 151.0 77.0 151.0 982.0 177.0 982.0 
1 2 0.32 0.32 734.0 121.0 734.0 299.0 47.0 299.0 
1 3 0.48 0.48 734.0 121.0 734.0 299.0 47.0 299.0 158.0 26.0 158.0 
1 4 0.8 0.8 734.0 121.0 734.0 299.0 47.0 299.0 158.0 26.0 158.0 846.0 269.0 846.0 
1 2 0.87 0.87 193.0 47.0 193.0 60.0 38.0 60.0 
1 2 0.72 0.72 686.0 124.0 686.0 189.0 102.0 189.0 
1 3 0.76 0.76 686.0 124.0 686.0 189.0 102.0 189.0 152.0 7.0 152.0 
1 2 0.61 0.61 13.0 2.0 13.0 196.0 90.0 196.0 
1 3 0.69 0.69 13.0 2.0 13.0 196.0 90.0 196.0 319.0 25.0 319.0 
1 4 0.82 0.82 13.0 2.0 13.0 196.0 90.0 196.0 319.0 25.0 319.0 816.0 111.0 816.0 
1 5 0.83 0.83 13.0 2.0 13.0 196.0 90.0 196.0 319.0 25.0 319.0 816.0 111.0 816.0 439.0 4.0 439.0 
1 2 0.22 0.22 436.0 10.0 436.0 262.0 52.0 262.0 
1 3 0.98 0.98 436.0 10.0 436.0 262.0 52.0 262.0 762.0 584.0 762.0 
1 2 0.69 0.69 215.0 91.0 215.0 893.0 242.0 893.0 
1 2 0.53 0.53 17.0 2.0 17.0 96.0 40.0 96.0 
1 3 0.95 0.95 17.0 2.0 17.0 96.0 40.0 96.0 407.0 173.0 407.0 
1 2 0.57 0.57 28.0 16.0 28.0 787.0 6.0 787.0 
1 3 0.79 0.79 28.0 16.0 28.0 787.0 6.0 787.0 612.0 135.0 612.0 
1 4 0.91 0.91 28.0 16.0 28.0 787.0 6.0 787.0 612.0 135.0 612.0 974.0 109.0 974.0 
1 5 0.99 0.99 28.0 16.0 28.0 787.0 6.0 787.0 612.0 135.0 612.0 974.0 109.0 974.0 59.0 5.0 59.0 
1 2 0.3 0.3 519.0 14.0 519.0 241.0 67.0 241.0 
1 3 0.49 0.49 519.0 14.0 519.0 241.0 67.0 241.0 632.0 117.0 632.0 
1 2 0.41 0.41 6.0 2.0 6.0 992.0 82.0 992.0 
1 2 0.74 0.74 483.0 168.0 483.0 149.0 59.0 149.0 
1 2 0.77 0.77 639.0 388.0 639.0 639.0 109.0 639.0 
1 3 0.82 0.82 639.0 388.0 639.0 639.0 109.0 639.0 251.0 13.0 251.0 
1 4 0.95 0.95 639.0 388.0 639.0 639.0 109.0 639.0 251.0 13.0 251.0 357.0 43.0 357.0 
1 2 0.14 0.14 199.0 8.0 199.0 84.0 9.0 84.0 
1 3 0.67 0.67 199.0 8.0 199.0 84.0 9.0 84.0 507.0 265.0 507.0 
1 4 0.69 0.69 199.0 8.0 199.0 84.0 9.0 84.0 507.0 265.0 507.0 340.0 9.0 340.0 
1 5 0.96 0.96 199.0 8.0 199.0 84.0 9.0 84.0 507.0 265.0 507.0 340.0 9.0 340.0 85.0 23.0 85.0 
1 2 0.63 0.63 651.0 276.0 651.0 14.0 3.0 14.0 
1 3 0.76 0.76 651.0 276.0 651.0 14.0 3.0 14.0 857.0 107.0 857.0 
1 2 0.96 0.96 558.0 527.0 558.0 950.0 21.0 950.0 
1 2 0.22 0.22 503.0 10.0 503.0 367.0 77.0 367.0 
1 3 0.72 0.72 503.0 10.0 503.0 367.0 77.0 367.0 2.0 1.0 2.0 
1 2 0.33 0.33 449.0 54.0 449.0 362.0 78.0 362.0 
1 3 0.38 0.38 449.0 54.0 449.0 362.0 78.0 362.0 343.0 16.0 343.0 
1 4 0.94 0.94 449.0 54.0 449.0 362.0 78.0 362.0 343.0 16.0 343.0 605.0 342.0 605.0 
1 2 0.54 0.54 771.0 268.0 771.0 204.0 41.0 204.0 
1 3 0.94 0.94 771.0 268.0 771.0 204.0 41.0 204.0 553.0 221.0 553.0 
1 4 0.95 0.95 771.0 268.0 771.0 204.0 41.0 204.0 553.0 221.0 553.0 231.0 1.0 231.0 
1 2 0.34 0.34 434.0 37.0 434.0 308.0 81.0 308.0 
1 3 0.74 0.74 434.0 37.0 434.0 308.0 81.0 308.0 166.0 66.0 166.0 
1 2 0.53 0.53 950.0 240.0 950.0 805.0 231.0 805.0 
1 3 0.6 0.6 950.0 240.0 950.0 805.0 231.0 805.0 131.0 8.0 131.0 
1 2 0.67 0.67 577.0 69.0 577.0 460.0 257.0 460.0 
1 2 0.46 0.46 669.0 237.0 669.0 624.0 70.0 624.0 
1 2 0.91 0.91 520.0 380.0 520.0 167.0 30.0 167.0 
1 2 0.89 0.89 315.0 244.0 315.0 519.0 64.0 519.0 
1 2 0.19 0.19 397.0 76.0 397.0 749.0 6.0 749.0 
1 3 0.85 0.85 397.0 76.0 397.0 749.0 6.0 749.0 725.0 474.0 725.0 
1 2 0.76 0.76 27.0 5.0 27.0 409.0 239.0 409.0 
1 3 0.79 0.79 27.0 5.0 27.0 409.0 239.0 409.0 524.0 14.0 524.0 
1 2 0.9 0.9 655.0 510.0 655.0 730.0 90.0 730.0 
1 2 0.16 0.16 759.0 109.0 759.0 502.0 9.0 502.0 
1 2 0.84 0.84 475.0 142.0 475.0 441.0 239.0 441.0 
1 3 0.92 0.92 475.0 142.0 475.0 441.0 239.0 441.0 472.0 40.0 472.0 
1 2 0.34 0.34 268.0 82.0 268.0 186.0 8.0 186.0 
1 3 0.54 0.54 268.0 82.0 268.0 186.0 8.0 186.0 654.0 125.0 654.0 
1 2 0.58 0.58 409.0 34.0 409.0 835.0 417.0 835.0 
1 3 0.9 0.9 409.0 34.0 409.0 835.0 417.0 835.0 799.0 258.0 799.0 
1 2 0.73 0.73 677.0 347.0 677.0 764.0 172.0 764.0 
1 2 0.73 0.73 558.0 322.0 558.0 613.0 96.0 613.0 
1 3 0.95 0.95 558.0 322.0 558.0 613.0 96.0 613.0 36.0 8.0 36.0 
1 2 0.66 0.66 749.0 376.0 749.0 459.0 73.0 459.0 
1 3 0.76 0.76 749.0 376.0 749.0 459.0 73.0 459.0 50.0 5.0 50.0 
1 2 0.95 0.95 952.0 701.0 952.0 267.0 59.0 267.0 
1 2 0.5 0.5 811.0 158.0 811.0 42.0 13.0 42.0 
1 3 0.88 0.88 811.0 158.0 811.0 42.0 13.0 42.0 558.0 211.0 558.0 
1 2 0.78 0.78 443.0 10.0 443.0 562.0 427.0 562.0 
1 3 0.84 0.84 443.0 10.0 443.0 562.0 427.0 562.0 838.0 52.0 838.0 
1 2 0.67 0.67 820.0 335.0 820.0 504.0 135.0 504.0 
1 3 0.9 0.9 820.0 335.0 820.0 504.0 135.0 504.0 301.0 69.0 301.0 
1 2 0.46 0.46 793.0 212.0 793.0 958.0 190.0 958.0 
1 2 0.52 0.52 82.0 29.0 82.0 911.0 158.0 911.0 
1 3 0.64 0.64 82.0 29.0 82.0 911.0 158.0 911.0 237.0 27.0 237.0 
1 4 0.78 0.78 82.0 29.0 82.0 911.0 158.0 911.0 237.0 27.0 237.0 656.0 96.0 656.0 
1 2 0.21 0.21 768.0 23.0 768.0 678.0 127.0 678.0 
1 3 0.74 0.74 768.0 23.0 768.0 678.0 127.0 678.0 984.0 522.0 984.0 
1 2 0.95 0.95 688.0 135.0 688.0 982.0 747.0 982.0 
1 2 0.74 0.74 399.0 167.0 399.0 98.0 32.0 98.0 
1 3 0.88 0.88 399.0 167.0 399.0 98.0 32.0 98.0 513.0 70.0 513.0 
1 2 0.57 0.57 829.0 157.0 829.0 690.0 268.0 690.0 
1 3 0.6 0.6 829.0 157.0 829.0 690.0 268.0 690.0 234.0 6.0 234.0 
1 2 0.62 0.62 269.0 107.0 269.0 219.0 50.0 219.0 
1 3 0.81 0.81 269.0 107.0 269.0 219.0 50.0 219.0 877.0 163.0 877.0 
1 2 0.53 0.53 293.0 53.0 293.0 553.0 196.0 553.0 
1 3 0.93 0.93 293.0 53.0 293.0 553.0 196.0 553.0 339.0 136.0 339.0 
1 2 0.98 0.98 596.0 296.0 596.0 880.0 432.0 880.0 
1 2 0.43 0.43 660.0 108.0 660.0 159.0 43.0 159.0 
1 3 0.96 0.96 660.0 108.0 660.0 159.0 43.0 159.0 513.0 270.0 513.0 
1 2 0.49 0.49 81.0 29.0 81.0 856.0 119.0 856.0 
1 3 0.71 0.71 81.0 29.0 81.0 856.0 119.0 856.0 417.0 90.0 417.0 
1 4 0.9 0.9 81.0 29.0 81.0 856.0 119.0 856.0 417.0 90.0 417.0 698.0 137.0 698.0 
1 2 0.29 0.29 284.0 6.0 284.0 606.0 166.0 606.0 
1 3 0.52 0.52 284.0 6.0 284.0 606.0 166.0 606.0 958.0 222.0 958.0 
1 2 0.95 0.95 52.0 12.0 52.0 240.0 173.0 240.0 
1 2 0.12 0.12 399.0 42.0 399.0 648.0 12.0 648.0 
1 3 0.82 0.82 399.0 42.0 399.0 648.0 12.0 648.0 63.0 44.0 63.0 
1 2 0.56 0.56 590.0 252.0 590.0 56.0 8.0 56.0 
1 2 0.68 0.68 337.0 73.0 337.0 670.0 314.0 670.0 
1 2 0.45 0.45 515.0 184.0 515.0 556.0 54.0 556.0 
1 2 0.46 0.46 423.0 80.0 423.0 820.0 225.0 820.0 
1 3 0.76 0.76 423.0 80.0 423.0 820.0 225.0 820.0 652.0 199.0 652.0 
1 4 0.92 0.92 423.0 80.0 423.0 820.0 225.0 820.0 652.0 199.0 652.0 646.0 98.0 646.0 
1 2 0.66 0.66 449.0 199.0 449.0 9.0 2.0 9.0 
1 2 0.35 0.35 669.0 225.0 669.0 555.0 11.0 555.0 
1 2 0.5 0.5 535.0 213.0 535.0 414.0 44.0 414.0 
1 3 0.68 0.68 535.0 213.0 535.0 414.0 44.0 414.0 73.0 13.0 73.0 
1 2 0.57 0.57 495.0 128.0 495.0 583.0 184.0 583.0 
1 3 0.83 0.83 495.0 128.0 495.0 583.0 184.0 583.0 461.0 120.0 461.0 
1 4 0.97 0.97 495.0 128.0 495.0 583.0 184.0 583.0 461.0 120.0 461.0 113.0 16.0 113.0 
1 2 0.46 0.46 160.0 54.0 160.0 507.0 66.0 507.0 
1 3 0.85 0.85 160.0 54.0 160.0 507.0 66.0 507.0 299.0 117.0 299.0 
1 2 0.24 0.24 179.0 22.0 179.0 431.0 51.0 431.0 
1 3 0.51 0.51 179.0 22.0 179.0 431.0 51.0 431.0 62.0 17.0 62.0 
1 4 0.78 0.78 179.0 22.0 179.0 431.0 51.0 431.0 62.0 17.0 62.0 734.0 195.0 734.0 
1 2 0.66 0.66 724.0 424.0 724.0 247.0 19.0 247.0 
1 2 0.73 0.73 694.0 342.0 694.0 481.0 117.0 481.0 
1 2 0.36 0.36 495.0 143.0 495.0 951.0 70.0 951.0 
1 3 0.42 0.42 495.0 143.0 495.0 951.0 70.0 951.0 331.0 21.0 331.0 
1 2 0.25 0.25 969.0 44.0 969.0 29.0 6.0 29.0 
1 2 0.45 0.45 5.0 2.0 5.0 915.0 46.0 915.0 
1 3 0.52 0.52 5.0 2.0 5.0 915.0 46.0 915.0 291.0 23.0 291.0 
1 4 0.75 0.75 5.0 2.0 5.0 915.0 46.0 915.0 291.0 23.0 291.0 662.0 147.0 662.0 
1 2 0.74 0.74 157.0 70.0 157.0 593.0 176.0 593.0 
1 2 0.78 0.78 893.0 145.0 893.0 97.0 60.0 97.0 
1 2 0.68 0.68 253.0 171.0 253.0 711.0 10.0 711.0 
1 2 0.44 0.44 821.0 313.0 821.0 320.0 19.0 320.0 
1 3 0.77 0.77 821.0 313.0 821.0 320.0 19.0 320.0 288.0 96.0 288.0 
1 4 0.85 0.85 821.0 313.0 821.0 320.0 19.0 320.0 288.0 96.0 288.0 280.0 23.0 280.0 
1 2 0.45 0.45 315.0 100.0 315.0 43.0 6.0 43.0 
1 3 0.76 0.76 315.0 100.0 315.0 43.0 6.0 43.0 569.0 173.0 569.0 
1 2 0.41 0.41 823.0 103.0 823.0 97.0 28.0 97.0 
1 2 0.9 0.9 581.0 223.0 581.0 668.0 345.0 668.0 
1 3 0.97 0.97 581.0 223.0 581.0 668.0 345.0 668.0 70.0 5.0 70.0 
1 2 0.95 0.95 859.0 56.0 859.0 560.0 501.0 560.0 
1 2 0.04 0.04 597.0 15.0 597.0 863.0 20.0 863.0 
1 3 0.14 0.14 597.0 15.0 597.0 863.0 20.0 863.0 422.0 39.0 422.0 
1 4 0.14 0.14 597.0 15.0 597.0 863.0 20.0 863.0 422.0 39.0 422.0 608.0 3.0 608.0 
1 5 0.25 0.25 597.0 15.0 597.0 863.0 20.0 863.0 422.0 39.0 422.0 608.0 3.0 608.0 173.0 19.0 173.0 
1 6 0.34 0.34 597.0 15.0 597.0 863.0 20.0 863.0 422.0 39.0 422.0 608.0 3.0 608.0 173.0 19.0 173.0 302.0 28.0 302.0 
1 2 0.37 0.37 888.0 108.0 888.0 431.0 109.0 431.0 
1 3 0.95 0.95 888.0 108.0 888.0 431.0 109.0 431.0 112.0 65.0 112.0 
1 2 0.37 0.37 883.0 176.0 883.0 768.0 133.0 768.0 
1 3 0.53 0.53 883.0 176.0 883.0 768.0 133.0 768.0 148.0 24.0 148.0 
1 4 0.68 0.68 883.0 176.0 883.0 768.0 133.0 768.0 148.0 24.0 148.0 268.0 41.0 268.0 
1 5 0.82 0.82 883.0 176.0 883.0 768.0 133.0 768.0 148.0 24.0 148.0 268.0 41.0 268.0 320.0 45.0 320.0 
1 6 0.96 0.96 883.0 176.0 883.0 768.0 133.0 768.0 148.0 24.0 148.0 268.0 41.0 268.0 320.0 45.0 320.0 214.0 30.0 214.0 
1 2 0.65 0.65 421.0 55.0 421.0 904.0 478.0 904.0 
1 2 0.81 0.81 877.0 263.0 877.0 671.0 346.0 671.0 
1 2 0.15 0.15 146.0 9.0 146.0 382.0 36.0 382.0 
1 3 0.41 0.41 146.0 9.0 146.0 382.0 36.0 382.0 667.0 170.0 667.0 
1 2 0.54 0.54 513.0 104.0 513.0 982.0 337.0 982.0 
1 3 0.73 0.73 513.0 104.0 513.0 982.0 337.0 982.0 47.0 9.0 47.0 
1 2 0.39 0.39 805.0 242.0 805.0 773.0 74.0 773.0 
1 3 0.43 0.43 805.0 242.0 805.0 773.0 74.0 773.0 141.0 6.0 141.0 
1 2 0.3 0.3 416.0 76.0 416.0 469.0 59.0 469.0 
1 3 0.54 0.54 416.0 76.0 416.0 469.0 59.0 469.0 658.0 153.0 658.0 
1 4 0.82 0.82 416.0 76.0 416.0 469.0 59.0 469.0 658.0 153.0 658.0 227.0 64.0 227.0 
1 2 0.17 0.17 80.0 2.0 80.0 825.0 124.0 825.0 
1 3 0.46 0.46 80.0 2.0 80.0 825.0 124.0 825.0 732.0 209.0 732.0 
1 4 0.49 0.49 80.0 2.0 80.0 825.0 124.0 825.0 732.0 209.0 732.0 752.0 26.0 752.0 
1 5 0.54 0.54 80.0 2.0 80.0 825.0 124.0 825.0 732.0 209.0 732.0 752.0 26.0 752.0 311.0 16.0 311.0 
1 6 0.89 0.89 80.0 2.0 80.0 825.0 124.0 825.0 732.0 209.0 732.0 752.0 26.0 752.0 311.0 16.0 311.0 77.0 27.0 77.0 
1 2 0.2 0.2 712.0 87.0 712.0 994.0 82.0 994.0 
1 2 0.58 0.58 443.0 6.0 443.0 516.0 295.0 516.0 
1 2 0.66 0.66 119.0 52.0 119.0 748.0 168.0 748.0 
1 3 0.95 0.95 119.0 52.0 119.0 748.0 168.0 748.0 622.0 182.0 622.0 
1 2 0.38 0.38 558.0 160.0 558.0 543.0 52.0 543.0 
1 3 0.56 0.56 558.0 160.0 558.0 543.0 52.0 543.0 182.0 33.0 182.0 
1 2 0.9 0.9 873.0 88.0 873.0 576.0 466.0 576.0 
1 2 0.75 0.75 939.0 123.0 939.0 425.0 265.0 425.0 
1 3 0.78 0.78 939.0 123.0 939.0 425.0 265.0 425.0 566.0 19.0 566.0 
1 4 0.8 0.8 939.0 123.0 939.0 425.0 265.0 425.0 566.0 19.0 566.0 717.0 10.0 717.0 
1 2 0.78 0.78 185.0 87.0 185.0 927.0 296.0 927.0 
1 3 0.8 0.8 185.0 87.0 185.0 927.0 296.0 927.0 326.0 6.0 326.0 
1 2 0.74 0.74 309.0 156.0 309.0 253.0 60.0 253.0 
1 2 0.49 0.49 335.0 60.0 335.0 38.0 12.0 38.0 
1 2 0.76 0.76 24.0 2.0 24.0 774.0 529.0 774.0 
1 2 0.43 0.43 968.0 109.0 968.0 956.0 304.0 956.0 
1 3 0.66 0.66 968.0 109.0 968.0 956.0 304.0 956.0 774.0 182.0 774.0 
1 2 0.25 0.25 527.0 37.0 527.0 122.0 22.0 122.0 
1 3 0.28 0.28 527.0 37.0 527.0 122.0 22.0 122.0 957.0 36.0 957.0 
1 4 0.39 0.39 527.0 37.0 527.0 122.0 22.0 122.0 957.0 36.0 957.0 336.0 35.0 336.0 
1 5 0.47 0.47 527.0 37.0 527.0 122.0 22.0 122.0 957.0 36.0 957.0 336.0 35.0 336.0 403.0 32.0 403.0 
1 2 0.35 0.35 969.0 267.0 969.0 224.0 17.0 224.0 
1 3 0.47 0.47 969.0 267.0 969.0 224.0 17.0 224.0 206.0 25.0 206.0 
1 2 0.86 0.86 723.0 513.0 723.0 265.0 42.0 265.0 
1 2 0.46 0.46 458.0 3.0 458.0 321.0 148.0 321.0 
1 2 0.22 0.22 828.0 12.0 828.0 886.0 186.0 886.0 
1 3 0.28 0.28 828.0 12.0 828.0 886.0 186.0 886.0 940.0 58.0 940.0 
1 4 0.87 0.87 828.0 12.0 828.0 886.0 186.0 886.0 940.0 58.0 940.0 152.0 89.0 152.0 
1 5 0.92 0.92 828.0 12.0 828.0 886.0 186.0 886.0 940.0 58.0 940.0 152.0 89.0 152.0 40.0 2.0 40.0 
1 2 0.21 0.21 545.0 60.0 545.0 951.0 100.0 951.0 
1 3 0.95 0.95 545.0 60.0 545.0 951.0 100.0 951.0 697.0 518.0 697.0 
1 2 0.49 0.49 748.0 88.0 748.0 824.0 308.0 824.0 
1 3 0.53 0.53 748.0 88.0 748.0 824.0 308.0 824.0 995.0 45.0 995.0 
1 4 0.88 0.88 748.0 88.0 748.0 824.0 308.0 824.0 995.0 45.0 995.0 532.0 186.0 532.0 
1 2 0.66 0.66 727.0 450.0 727.0 552.0 24.0 552.0 
1 2 0.08 0.08 511.0 20.0 511.0 260.0 13.0 260.0 
1 3 0.73 0.73 511.0 20.0 511.0 260.0 13.0 260.0 229.0 148.0 229.0 
1 2 0.47 0.47 500.0 58.0 500.0 928.0 333.0 928.0 
1 3 0.76 0.76 500.0 58.0 500.0 928.0 333.0 928.0 172.0 50.0 172.0 
1 2 0.31 0.31 481.0 101.0 481.0 760.0 83.0 760.0 
1 3 0.48 0.48 481.0 101.0 481.0 760.0 83.0 760.0 883.0 146.0 883.0 
1 2 0.5 0.5 365.0 57.0 365.0 750.0 260.0 750.0 
1 3 0.53 0.53 365.0 57.0 365.0 750.0 260.0 750.0 914.0 25.0 914.0 
1 2 0.83 0.83 340.0 221.0 340.0 845.0 153.0 845.0 
1 2 0.98 0.98 390.0 223.0 390.0 362.0 148.0 362.0 
1 2 0.89 0.89 651.0 133.0 651.0 304.0 210.0 304.0 
1 2 0.97 0.97 991.0 526.0 991.0 570.0 253.0 570.0 
1 2 0.51 0.51 466.0 30.0 466.0 767.0 349.0 767.0 
1 2 0.81 0.81 623.0 489.0 623.0 729.0 21.0 729.0 
1 3 0.84 0.84 623.0 489.0 623.0 729.0 21.0 729.0 484.0 13.0 484.0 
1 4 0.89 0.89 623.0 489.0 623.0 729.0 21.0 729.0 484.0 13.0 484.0 79.0 4.0 79.0 
1 2 0.16 0.16 811.0 96.0 811.0 88.0 4.0 88.0 
1 3 0.38 0.38 811.0 96.0 811.0 88.0 4.0 88.0 573.0 128.0 573.0 
1 2 0.1 0.1 91.0 4.0 91.0 850.0 56.0 850.0 
1 3 0.85 0.85 91.0 4.0 91.0 850.0 56.0 850.0 263.0 196.0 263.0 
1 2 0.57 0.57 441.0 63.0 441.0 761.0 331.0 761.0 
1 3 0.65 0.65 441.0 63.0 441.0 761.0 331.0 761.0 391.0 30.0 391.0 
1 2 0.68 0.68 799.0 92.0 799.0 536.0 305.0 536.0 
1 3 0.73 0.73 799.0 92.0 799.0 536.0 305.0 536.0 257.0 12.0 257.0 
1 4 0.92 0.92 799.0 92.0 799.0 536.0 305.0 536.0 257.0 12.0 257.0 610.0 116.0 610.0 
1 2 0.16 0.16 825.0 41.0 825.0 261.0 29.0 261.0 
1 3 0.16 0.16 825.0 41.0 825.0 261.0 29.0 261.0 721.0 2.0 721.0 
1 4 0.16 0.16 825.0 41.0 825.0 261.0 29.0 261.0 721.0 2.0 721.0 471.0 1.0 471.0 
1 5 0.68 0.68 825.0 41.0 825.0 261.0 29.0 261.0 721.0 2.0 721.0 471.0 1.0 471.0 733.0 379.0 733.0 
1 2 0.19 0.19 186.0 34.0 186.0 956.0 10.0 956.0 
1 3 0.57 0.57 186.0 34.0 186.0 956.0 10.0 956.0 358.0 138.0 358.0 
1 2 0.4 0.4 278.0 110.0 278.0 767.0 6.0 767.0 
1 3 0.82 0.82 278.0 110.0 278.0 767.0 6.0 767.0 865.0 364.0 865.0 
1 2 0.99 0.99 195.0 152.0 195.0 759.0 167.0 759.0 
1 2 0.84 0.84 968.0 13.0 968.0 723.0 600.0 723.0 
1 2 0.08 0.08 827.0 34.0 827.0 645.0 27.0 645.0 
1 3 0.15 0.15 827.0 34.0 827.0 645.0 27.0 645.0 618.0 43.0 618.0 
1 4 0.46 0.46 827.0 34.0 827.0 645.0 27.0 645.0 618.0 43.0 618.0 883.0 280.0 883.0 
1 5 0.55 0.55 827.0 34.0 827.0 645.0 27.0 645.0 618.0 43.0 618.0 883.0 280.0 883.0 735.0 64.0 735.0 
1 6 0.65 0.65 827.0 34.0 827.0 645.0 27.0 645.0 618.0 43.0 618.0 883.0 280.0 883.0 735.0 64.0 735.0 430.0 42.0 430.0 
1 7 0.99 0.99 827.0 34.0 827.0 645.0 27.0 645.0 618.0 43.0 618.0 883.0 280.0 883.0 735.0 64.0 735.0 430.0 42.0 430.0 182.0 62.0 182.0 
1 2 0.36 0.36 963.0 221.0 963.0 389.0 54.0 389.0 
1 3 0.7 0.7 963.0 221.0 963.0 389.0 54.0 389.0 3.0 1.0 3.0 
1 2 0.62 0.62 742.0 42.0 742.0 663.0 376.0 663.0 
1 3 0.71 0.71 742.0 42.0 742.0 663.0 376.0 663.0 342.0 30.0 342.0 
1 4 0.84 0.84 742.0 42.0 742.0 663.0 376.0 663.0 342.0 30.0 342.0 564.0 73.0 564.0 
1 2 0.95 0.95 183.0 132.0 183.0 663.0 156.0 663.0 
1 2 0.69 0.69 158.0 81.0 158.0 935.0 169.0 935.0 
1 3 0.95 0.95 158.0 81.0 158.0 935.0 169.0 935.0 636.0 165.0 636.0 
1 2 0.26 0.26 877.0 205.0 877.0 496.0 15.0 496.0 
1 3 0.43 0.43 877.0 205.0 877.0 496.0 15.0 496.0 122.0 21.0 122.0 
1 4 0.85 0.85 877.0 205.0 877.0 496.0 15.0 496.0 122.0 21.0 122.0 12.0 5.0 12.0 
1 2 0.43 0.43 746.0 26.0 746.0 499.0 202.0 499.0 
1 3 0.66 0.66 746.0 26.0 746.0 499.0 202.0 499.0 543.0 122.0 543.0 
1 4 0.85 0.85 746.0 26.0 746.0 499.0 202.0 499.0 543.0 122.0 543.0 946.0 182.0 946.0 
1 2 0.98 0.98 418.0 332.0 418.0 159.0 30.0 159.0 
1 2 0.61 0.61 207.0 3.0 207.0 887.0 529.0 887.0 
1 2 0.61 0.61 723.0 140.0 723.0 711.0 297.0 711.0 
1 2 0.43 0.43 297.0 104.0 297.0 178.0 15.0 178.0 
1 3 0.77 0.77 297.0 104.0 297.0 178.0 15.0 178.0 384.0 132.0 384.0 
1 4 0.86 0.86 297.0 104.0 297.0 178.0 15.0 178.0 384.0 132.0 384.0 782.0 65.0 782.0 
1 2 0.68 0.68 940.0 66.0 940.0 207.0 127.0 207.0 
1 3 0.79 0.79 940.0 66.0 940.0 207.0 127.0 207.0 798.0 87.0 798.0 
1 2 0.66 0.66 532.0 234.0 532.0 444.0 102.0 444.0 
1 2 0.62 0.62 400.0 130.0 400.0 296.0 90.0 296.0 
1 2 0.98 0.98 962.0 752.0 962.0 732.0 146.0 732.0 
1 2 0.75 0.75 998.0 665.0 998.0 467.0 40.0 467.0 
1 2 0.36 0.36 783.0 104.0 783.0 164.0 38.0 164.0 
1 2 0.32 0.32 625.0 7.0 625.0 268.0 84.0 268.0 
1 2 0.12 0.12 529.0 53.0 529.0 830.0 24.0 830.0 
1 3 0.36 0.36 529.0 53.0 529.0 830.0 24.0 830.0 887.0 205.0 887.0 
1 4 0.53 0.53 529.0 53.0 529.0 830.0 24.0 830.0 887.0 205.0 887.0 857.0 151.0 857.0 
1 2 0.49 0.49 469.0 182.0 469.0 231.0 25.0 231.0 
1 3 0.85 0.85 469.0 182.0 469.0 231.0 25.0 231.0 113.0 40.0 113.0 
1 4 0.96 0.96 469.0 182.0 469.0 231.0 25.0 231.0 113.0 40.0 113.0 186.0 22.0 186.0 
1 2 0.33 0.33 564.0 1.0 564.0 426.0 142.0 426.0 
1 3 0.87 0.87 564.0 1.0 564.0 426.0 142.0 426.0 28.0 15.0 28.0 
1 2 0.11 0.11 264.0 20.0 264.0 511.0 22.0 511.0 
1 3 0.43 0.43 264.0 20.0 264.0 511.0 22.0 511.0 538.0 170.0 538.0 
1 2 0.52 0.52 57.0 3.0 57.0 263.0 125.0 263.0 
1 3 0.64 0.64 57.0 3.0 57.0 263.0 125.0 263.0 26.0 3.0 26.0 
1 2 0.14 0.14 847.0 105.0 847.0 45.0 1.0 45.0 
1 3 0.89 0.89 847.0 105.0 847.0 45.0 1.0 45.0 357.0 266.0 357.0 
1 2 0.49 0.49 929.0 414.0 929.0 942.0 45.0 942.0 
1 3 0.88 0.88 929.0 414.0 929.0 942.0 45.0 942.0 208.0 81.0 208.0 
1 2 0.07 0.07 617.0 27.0 617.0 942.0 27.0 942.0 
1 3 0.33 0.33 617.0 27.0 617.0 942.0 27.0 942.0 869.0 227.0 869.0 
1 4 0.73 0.73 617.0 27.0 617.0 942.0 27.0 942.0 869.0 227.0 869.0 422.0 170.0 422.0 
1 5 0.97 0.97 617.0 27.0 617.0 942.0 27.0 942.0 869.0 227.0 869.0 422.0 170.0 422.0 106.0 25.0 106.0 
