1 2 0.5 0.5 608.0 264.0 608.0 216.0 16.0 216.0 
1 2 0.43 0.43 955.0 28.0 955.0 728.0 298.0 728.0 
1 3 0.6 0.6 955.0 28.0 955.0 728.0 298.0 728.0 477.0 77.0 477.0 
1 2 0.16 0.16 374.0 20.0 374.0 574.0 66.0 574.0 
1 3 0.69 0.69 374.0 20.0 374.0 574.0 66.0 574.0 475.0 249.0 475.0 
1 4 0.88 0.88 374.0 20.0 374.0 574.0 66.0 574.0 475.0 249.0 475.0 47.0 9.0 47.0 
1 2 0.43 0.43 305.0 41.0 305.0 118.0 36.0 118.0 
1 3 0.99 0.99 305.0 41.0 305.0 118.0 36.0 118.0 946.0 522.0 946.0 
1 2 0.59 0.59 917.0 299.0 917.0 534.0 143.0 534.0 
1 3 0.76 0.76 917.0 299.0 917.0 534.0 143.0 534.0 611.0 103.0 611.0 
1 2 0.6 0.6 458.0 191.0 458.0 180.0 34.0 180.0 
1 2 0.47 0.47 547.0 88.0 547.0 96.0 30.0 96.0 
1 3 0.72 0.72 547.0 88.0 547.0 96.0 30.0 96.0 572.0 143.0 572.0 
1 4 0.82 0.82 547.0 88.0 547.0 96.0 30.0 96.0 572.0 143.0 572.0 696.0 68.0 696.0 
1 2 0.28 0.28 556.0 108.0 556.0 863.0 76.0 863.0 
1 3 0.47 0.47 556.0 108.0 556.0 863.0 76.0 863.0 234.0 44.0 234.0 
1 4 0.78 0.78 556.0 108.0 556.0 863.0 76.0 863.0 234.0 44.0 234.0 447.0 142.0 447.0 
1 5 0.83 0.83 556.0 108.0 556.0 863.0 76.0 863.0 234.0 44.0 234.0 447.0 142.0 447.0 229.0 11.0 229.0 
1 2 0.41 0.41 468.0 50.0 468.0 286.0 88.0 286.0 
1 2 0.67 0.67 258.0 77.0 258.0 43.0 16.0 43.0 
1 3 0.67 0.67 258.0 77.0 258.0 43.0 16.0 43.0 221.0 2.0 221.0 
1 4 0.77 0.77 258.0 77.0 258.0 43.0 16.0 43.0 221.0 2.0 221.0 990.0 92.0 990.0 
1 2 0.76 0.76 990.0 47.0 990.0 64.0 46.0 64.0 
1 2 0.63 0.63 364.0 41.0 364.0 671.0 348.0 671.0 
1 2 0.12 0.12 861.0 53.0 861.0 896.0 60.0 896.0 
1 3 0.22 0.22 861.0 53.0 861.0 896.0 60.0 896.0 689.0 69.0 689.0 
1 4 0.35 0.35 861.0 53.0 861.0 896.0 60.0 896.0 689.0 69.0 689.0 247.0 32.0 247.0 
1 5 0.68 0.68 861.0 53.0 861.0 896.0 60.0 896.0 689.0 69.0 689.0 247.0 32.0 247.0 692.0 228.0 692.0 
1 6 0.92 0.92 861.0 53.0 861.0 896.0 60.0 896.0 689.0 69.0 689.0 247.0 32.0 247.0 692.0 228.0 692.0 684.0 162.0 684.0 
1 2 0.08 0.08 37.0 3.0 37.0 804.0 5.0 804.0 
1 3 0.28 0.28 37.0 3.0 37.0 804.0 5.0 804.0 380.0 74.0 380.0 
1 2 0.11 0.11 151.0 14.0 151.0 344.0 9.0 344.0 
1 3 0.32 0.32 151.0 14.0 151.0 344.0 9.0 344.0 930.0 190.0 930.0 
1 4 0.53 0.53 151.0 14.0 151.0 344.0 9.0 344.0 930.0 190.0 930.0 995.0 206.0 995.0 
1 5 0.72 0.72 151.0 14.0 151.0 344.0 9.0 344.0 930.0 190.0 930.0 995.0 206.0 995.0 243.0 47.0 243.0 
1 2 0.81 0.81 282.0 84.0 282.0 35.0 18.0 35.0 
1 2 0.4 0.4 993.0 240.0 993.0 80.0 13.0 80.0 
1 3 0.62 0.62 993.0 240.0 993.0 80.0 13.0 80.0 944.0 211.0 944.0 
1 4 0.96 0.96 993.0 240.0 993.0 80.0 13.0 80.0 944.0 211.0 944.0 743.0 251.0 743.0 
1 5 0.99 0.99 993.0 240.0 993.0 80.0 13.0 80.0 944.0 211.0 944.0 743.0 251.0 743.0 480.0 16.0 480.0 
1 2 0.72 0.72 45.0 9.0 45.0 485.0 256.0 485.0 
1 2 0.96 0.96 620.0 52.0 620.0 713.0 625.0 713.0 
1 2 0.57 0.57 217.0 111.0 217.0 194.0 12.0 194.0 
1 3 0.84 0.84 217.0 111.0 217.0 194.0 12.0 194.0 861.0 238.0 861.0 
1 2 0.85 0.85 109.0 48.0 109.0 379.0 159.0 379.0 
1 2 0.31 0.31 707.0 73.0 707.0 377.0 79.0 377.0 
1 3 0.35 0.35 707.0 73.0 707.0 377.0 79.0 377.0 467.0 19.0 467.0 
1 2 0.62 0.62 174.0 52.0 174.0 635.0 209.0 635.0 
1 3 0.65 0.65 174.0 52.0 174.0 635.0 209.0 635.0 317.0 7.0 317.0 
1 4 0.92 0.92 174.0 52.0 174.0 635.0 209.0 635.0 317.0 7.0 317.0 367.0 101.0 367.0 
1 2 0.91 0.91 103.0 20.0 103.0 501.0 361.0 501.0 
1 2 0.98 0.98 546.0 406.0 546.0 789.0 193.0 789.0 
1 2 0.79 0.79 910.0 112.0 910.0 537.0 361.0 537.0 
1 2 0.31 0.31 368.0 80.0 368.0 887.0 86.0 887.0 
1 3 0.39 0.39 368.0 80.0 368.0 887.0 86.0 887.0 885.0 75.0 885.0 
1 4 0.74 0.74 368.0 80.0 368.0 887.0 86.0 887.0 885.0 75.0 885.0 23.0 8.0 23.0 
1 2 0.55 0.55 818.0 355.0 818.0 785.0 94.0 785.0 
1 3 0.58 0.58 818.0 355.0 818.0 785.0 94.0 785.0 592.0 17.0 592.0 
1 4 0.93 0.93 818.0 355.0 818.0 785.0 94.0 785.0 592.0 17.0 592.0 395.0 139.0 395.0 
1 2 0.92 0.92 955.0 255.0 955.0 228.0 151.0 228.0 
1 2 0.09 0.09 343.0 6.0 343.0 63.0 5.0 63.0 
1 3 0.33 0.33 343.0 6.0 343.0 63.0 5.0 63.0 780.0 189.0 780.0 
1 4 0.41 0.41 343.0 6.0 343.0 63.0 5.0 63.0 780.0 189.0 780.0 153.0 12.0 153.0 
1 5 0.52 0.52 343.0 6.0 343.0 63.0 5.0 63.0 780.0 189.0 780.0 153.0 12.0 153.0 498.0 53.0 498.0 
1 2 0.4 0.4 819.0 160.0 819.0 920.0 190.0 920.0 
1 3 0.4 0.4 819.0 160.0 819.0 920.0 190.0 920.0 941.0 3.0 941.0 
1 4 0.48 0.48 819.0 160.0 819.0 920.0 190.0 920.0 941.0 3.0 941.0 686.0 54.0 686.0 
1 5 0.63 0.63 819.0 160.0 819.0 920.0 190.0 920.0 941.0 3.0 941.0 686.0 54.0 686.0 141.0 22.0 141.0 
1 2 0.89 0.89 51.0 6.0 51.0 543.0 424.0 543.0 
1 2 0.66 0.66 672.0 108.0 672.0 635.0 323.0 635.0 
1 3 0.71 0.71 672.0 108.0 672.0 635.0 323.0 635.0 64.0 3.0 64.0 
1 4 0.94 0.94 672.0 108.0 672.0 635.0 323.0 635.0 64.0 3.0 64.0 626.0 145.0 626.0 
1 2 0.86 0.86 900.0 616.0 900.0 342.0 61.0 342.0 
1 2 0.78 0.78 297.0 199.0 297.0 827.0 91.0 827.0 
1 2 0.34 0.34 311.0 28.0 311.0 641.0 165.0 641.0 
1 2 0.41 0.41 32.0 10.0 32.0 777.0 80.0 777.0 
1 3 0.46 0.46 32.0 10.0 32.0 777.0 80.0 777.0 637.0 29.0 637.0 
1 4 0.8 0.8 32.0 10.0 32.0 777.0 80.0 777.0 637.0 29.0 637.0 592.0 206.0 592.0 
1 2 0.09 0.09 495.0 7.0 495.0 451.0 35.0 451.0 
1 2 0.8 0.8 83.0 21.0 83.0 931.0 512.0 931.0 
1 3 0.87 0.87 83.0 21.0 83.0 931.0 512.0 931.0 392.0 28.0 392.0 
1 2 0.73 0.73 237.0 144.0 237.0 320.0 41.0 320.0 
1 2 0.61 0.61 924.0 16.0 924.0 170.0 102.0 170.0 
1 2 0.85 0.85 647.0 2.0 647.0 881.0 748.0 881.0 
1 2 0.87 0.87 809.0 116.0 809.0 119.0 87.0 119.0 
1 2 0.52 0.52 149.0 37.0 149.0 374.0 103.0 374.0 
1 3 0.59 0.59 149.0 37.0 149.0 374.0 103.0 374.0 316.0 21.0 316.0 
1 4 0.74 0.74 149.0 37.0 149.0 374.0 103.0 374.0 316.0 21.0 316.0 214.0 33.0 214.0 
1 2 0.62 0.62 261.0 97.0 261.0 942.0 243.0 942.0 
1 2 0.74 0.74 339.0 23.0 339.0 117.0 79.0 117.0 
1 2 0.78 0.78 43.0 31.0 43.0 896.0 58.0 896.0 
1 2 0.9 0.9 889.0 788.0 889.0 56.0 1.0 56.0 
1 2 0.73 0.73 796.0 248.0 796.0 267.0 112.0 267.0 
1 3 0.75 0.75 796.0 248.0 796.0 267.0 112.0 267.0 591.0 14.0 591.0 
1 2 0.35 0.35 600.0 7.0 600.0 689.0 235.0 689.0 
1 3 0.46 0.46 600.0 7.0 600.0 689.0 235.0 689.0 62.0 7.0 62.0 
1 4 0.87 0.87 600.0 7.0 600.0 689.0 235.0 689.0 62.0 7.0 62.0 357.0 146.0 357.0 
1 5 0.98 0.98 600.0 7.0 600.0 689.0 235.0 689.0 62.0 7.0 62.0 357.0 146.0 357.0 712.0 79.0 712.0 
1 2 0.66 0.66 664.0 220.0 664.0 718.0 236.0 718.0 
1 2 0.25 0.25 77.0 5.0 77.0 746.0 142.0 746.0 
1 3 0.51 0.51 77.0 5.0 77.0 746.0 142.0 746.0 347.0 89.0 347.0 
1 2 0.62 0.62 922.0 14.0 922.0 719.0 439.0 719.0 
1 2 0.81 0.81 73.0 32.0 73.0 334.0 127.0 334.0 
1 2 0.68 0.68 34.0 22.0 34.0 465.0 18.0 465.0 
1 3 0.96 0.96 34.0 22.0 34.0 465.0 18.0 465.0 585.0 166.0 585.0 
1 2 0.77 0.77 532.0 74.0 532.0 573.0 367.0 573.0 
1 2 0.91 0.91 113.0 32.0 113.0 850.0 537.0 850.0 
1 2 0.53 0.53 291.0 123.0 291.0 506.0 58.0 506.0 
1 3 0.64 0.64 291.0 123.0 291.0 506.0 58.0 506.0 136.0 15.0 136.0 
1 2 0.98 0.98 809.0 278.0 809.0 14.0 9.0 14.0 
1 2 0.92 0.92 694.0 65.0 694.0 728.0 606.0 728.0 
1 2 0.7 0.7 835.0 259.0 835.0 53.0 21.0 53.0 
1 2 0.62 0.62 495.0 243.0 495.0 831.0 114.0 831.0 
1 2 0.75 0.75 87.0 1.0 87.0 932.0 696.0 932.0 
1 2 0.71 0.71 497.0 139.0 497.0 246.0 108.0 246.0 
1 3 0.88 0.88 497.0 139.0 497.0 246.0 108.0 246.0 977.0 164.0 977.0 
1 4 0.97 0.97 497.0 139.0 497.0 246.0 108.0 246.0 977.0 164.0 977.0 126.0 11.0 126.0 
1 2 0.96 0.96 807.0 221.0 807.0 263.0 183.0 263.0 
1 2 0.59 0.59 834.0 130.0 834.0 703.0 308.0 703.0 
1 2 0.11 0.11 275.0 16.0 275.0 797.0 49.0 797.0 
1 3 0.17 0.17 275.0 16.0 275.0 797.0 49.0 797.0 567.0 31.0 567.0 
1 4 0.41 0.41 275.0 16.0 275.0 797.0 49.0 797.0 567.0 31.0 567.0 421.0 103.0 421.0 
1 2 0.86 0.86 334.0 35.0 334.0 94.0 71.0 94.0 
1 2 0.25 0.25 521.0 82.0 521.0 363.0 36.0 363.0 
1 3 0.4 0.4 521.0 82.0 521.0 363.0 36.0 363.0 830.0 124.0 830.0 
1 4 0.72 0.72 521.0 82.0 521.0 363.0 36.0 363.0 830.0 124.0 830.0 931.0 294.0 931.0 
1 2 0.26 0.26 750.0 112.0 750.0 658.0 79.0 658.0 
1 3 0.38 0.38 750.0 112.0 750.0 658.0 79.0 658.0 435.0 51.0 435.0 
1 2 0.65 0.65 855.0 55.0 855.0 881.0 524.0 881.0 
1 3 0.98 0.98 855.0 55.0 855.0 881.0 524.0 881.0 268.0 88.0 268.0 
1 2 0.51 0.51 750.0 68.0 750.0 336.0 142.0 336.0 
1 3 0.92 0.92 750.0 68.0 750.0 336.0 142.0 336.0 12.0 5.0 12.0 
1 4 0.99 0.99 750.0 68.0 750.0 336.0 142.0 336.0 12.0 5.0 12.0 777.0 48.0 777.0 
1 2 0.82 0.82 410.0 324.0 410.0 30.0 1.0 30.0 
1 2 0.86 0.86 956.0 7.0 956.0 155.0 133.0 155.0 
1 2 0.98 0.98 935.0 336.0 935.0 866.0 541.0 866.0 
1 2 0.18 0.18 450.0 43.0 450.0 387.0 33.0 387.0 
1 3 0.58 0.58 450.0 43.0 450.0 387.0 33.0 387.0 376.0 151.0 376.0 
1 2 0.63 0.63 348.0 191.0 348.0 671.0 59.0 671.0 
1 2 0.58 0.58 26.0 3.0 26.0 763.0 362.0 763.0 
1 2 0.26 0.26 458.0 42.0 458.0 662.0 112.0 662.0 
1 3 0.51 0.51 458.0 42.0 458.0 662.0 112.0 662.0 557.0 139.0 557.0 
1 2 0.99 0.99 613.0 542.0 613.0 311.0 35.0 311.0 
1 2 0.32 0.32 871.0 45.0 871.0 429.0 119.0 429.0 
1 2 0.15 0.15 874.0 81.0 874.0 219.0 13.0 219.0 
1 3 0.31 0.31 874.0 81.0 874.0 219.0 13.0 219.0 30.0 5.0 30.0 
1 4 0.74 0.74 874.0 81.0 874.0 219.0 13.0 219.0 30.0 5.0 30.0 580.0 250.0 580.0 
1 5 0.92 0.92 874.0 81.0 874.0 219.0 13.0 219.0 30.0 5.0 30.0 580.0 250.0 580.0 184.0 33.0 184.0 
1 2 0.29 0.29 773.0 18.0 773.0 365.0 100.0 365.0 
1 2 0.56 0.56 259.0 130.0 259.0 526.0 34.0 526.0 
1 3 0.96 0.96 259.0 130.0 259.0 526.0 34.0 526.0 568.0 227.0 568.0 
1 2 0.96 0.96 382.0 302.0 382.0 434.0 75.0 434.0 
1 2 0.99 0.99 794.0 688.0 794.0 215.0 27.0 215.0 
1 2 0.65 0.65 615.0 8.0 615.0 441.0 281.0 441.0 
1 2 0.92 0.92 495.0 44.0 495.0 569.0 476.0 569.0 
1 2 0.99 0.99 686.0 368.0 686.0 120.0 55.0 120.0 
1 2 0.45 0.45 393.0 19.0 393.0 97.0 39.0 97.0 
1 2 0.55 0.55 338.0 28.0 338.0 604.0 285.0 604.0 
1 3 0.78 0.78 338.0 28.0 338.0 604.0 285.0 604.0 648.0 148.0 648.0 
1 2 0.5 0.5 107.0 10.0 107.0 184.0 76.0 184.0 
1 2 0.34 0.34 872.0 153.0 872.0 52.0 9.0 52.0 
1 3 0.65 0.65 872.0 153.0 872.0 52.0 9.0 52.0 187.0 58.0 187.0 
1 2 0.63 0.63 228.0 106.0 228.0 191.0 33.0 191.0 
1 2 0.5 0.5 510.0 3.0 510.0 529.0 264.0 529.0 
1 3 0.56 0.56 510.0 3.0 510.0 529.0 264.0 529.0 452.0 27.0 452.0 
1 4 0.68 0.68 510.0 3.0 510.0 529.0 264.0 529.0 452.0 27.0 452.0 727.0 86.0 727.0 
1 2 0.49 0.49 515.0 205.0 515.0 256.0 26.0 256.0 
1 3 0.53 0.53 515.0 205.0 515.0 256.0 26.0 256.0 707.0 26.0 707.0 
1 2 0.76 0.76 304.0 42.0 304.0 405.0 253.0 405.0 
1 3 0.98 0.98 304.0 42.0 304.0 405.0 253.0 405.0 634.0 143.0 634.0 
1 2 0.11 0.11 348.0 2.0 348.0 906.0 103.0 906.0 
1 3 0.29 0.29 348.0 2.0 348.0 906.0 103.0 906.0 275.0 49.0 275.0 
1 4 0.4 0.4 348.0 2.0 348.0 906.0 103.0 906.0 275.0 49.0 275.0 544.0 60.0 544.0 
1 5 0.72 0.72 348.0 2.0 348.0 906.0 103.0 906.0 275.0 49.0 275.0 544.0 60.0 544.0 641.0 206.0 641.0 
1 2 0.52 0.52 729.0 369.0 729.0 428.0 8.0 428.0 
1 2 0.96 0.96 663.0 126.0 663.0 500.0 388.0 500.0 
1 2 0.58 0.58 458.0 32.0 458.0 210.0 109.0 210.0 
1 2 0.76 0.76 450.0 207.0 450.0 790.0 242.0 790.0 
1 3 0.77 0.77 450.0 207.0 450.0 790.0 242.0 790.0 91.0 1.0 91.0 
1 2 0.44 0.44 421.0 158.0 421.0 358.0 26.0 358.0 
1 3 0.88 0.88 421.0 158.0 421.0 358.0 26.0 358.0 454.0 197.0 454.0 
1 2 0.72 0.72 707.0 474.0 707.0 60.0 3.0 60.0 
1 3 0.75 0.75 707.0 474.0 707.0 60.0 3.0 60.0 963.0 29.0 963.0 
1 2 0.68 0.68 958.0 510.0 958.0 175.0 27.0 175.0 
1 3 0.82 0.82 958.0 510.0 958.0 175.0 27.0 175.0 207.0 28.0 207.0 
1 2 0.1 0.1 700.0 28.0 700.0 343.0 23.0 343.0 
1 3 0.15 0.15 700.0 28.0 700.0 343.0 23.0 343.0 90.0 4.0 90.0 
1 4 0.43 0.43 700.0 28.0 700.0 343.0 23.0 343.0 90.0 4.0 90.0 311.0 88.0 311.0 
1 5 0.69 0.69 700.0 28.0 700.0 343.0 23.0 343.0 90.0 4.0 90.0 311.0 88.0 311.0 351.0 90.0 351.0 
1 6 0.98 0.98 700.0 28.0 700.0 343.0 23.0 343.0 90.0 4.0 90.0 311.0 88.0 311.0 351.0 90.0 351.0 436.0 128.0 436.0 
1 2 0.46 0.46 376.0 9.0 376.0 873.0 387.0 873.0 
1 2 0.93 0.93 274.0 212.0 274.0 49.0 8.0 49.0 
1 2 0.98 0.98 483.0 323.0 483.0 192.0 60.0 192.0 
1 2 0.85 0.85 24.0 2.0 24.0 247.0 190.0 247.0 
1 2 0.78 0.78 572.0 421.0 572.0 693.0 32.0 693.0 
1 3 0.84 0.84 572.0 421.0 572.0 693.0 32.0 693.0 936.0 59.0 936.0 
1 2 0.83 0.83 961.0 770.0 961.0 350.0 13.0 350.0 
1 3 0.94 0.94 961.0 770.0 961.0 350.0 13.0 350.0 92.0 10.0 92.0 
1 2 0.94 0.94 686.0 59.0 686.0 425.0 363.0 425.0 
1 2 0.93 0.93 497.0 299.0 497.0 266.0 89.0 266.0 
1 2 0.67 0.67 479.0 202.0 479.0 924.0 232.0 924.0 
1 2 0.21 0.21 643.0 66.0 643.0 185.0 20.0 185.0 
1 3 0.66 0.66 643.0 66.0 643.0 185.0 20.0 185.0 564.0 256.0 564.0 
1 2 0.96 0.96 462.0 306.0 462.0 780.0 237.0 780.0 
1 2 0.65 0.65 157.0 94.0 157.0 644.0 39.0 644.0 
1 3 0.67 0.67 157.0 94.0 157.0 644.0 39.0 644.0 398.0 6.0 398.0 
1 2 0.89 0.89 838.0 641.0 838.0 111.0 14.0 111.0 
1 2 0.52 0.52 618.0 252.0 618.0 826.0 97.0 826.0 
1 2 0.68 0.68 855.0 477.0 855.0 623.0 79.0 623.0 
1 3 0.85 0.85 855.0 477.0 855.0 623.0 79.0 623.0 821.0 141.0 821.0 
1 2 0.5 0.5 459.0 38.0 459.0 401.0 171.0 401.0 
1 2 0.58 0.58 344.0 150.0 344.0 41.0 6.0 41.0 
1 2 0.94 0.94 340.0 228.0 340.0 433.0 118.0 433.0 
1 2 0.34 0.34 388.0 69.0 388.0 367.0 63.0 367.0 
1 3 0.36 0.36 388.0 69.0 388.0 367.0 63.0 367.0 933.0 10.0 933.0 
1 4 0.53 0.53 388.0 69.0 388.0 367.0 63.0 367.0 933.0 10.0 933.0 340.0 59.0 340.0 
1 5 0.64 0.64 388.0 69.0 388.0 367.0 63.0 367.0 933.0 10.0 933.0 340.0 59.0 340.0 18.0 2.0 18.0 
1 2 0.34 0.34 471.0 91.0 471.0 538.0 80.0 538.0 
1 3 0.88 0.88 471.0 91.0 471.0 538.0 80.0 538.0 35.0 19.0 35.0 
1 2 0.68 0.68 319.0 200.0 319.0 18.0 1.0 18.0 
1 3 0.9 0.9 319.0 200.0 319.0 18.0 1.0 18.0 170.0 38.0 170.0 
1 2 0.33 0.33 116.0 36.0 116.0 79.0 2.0 79.0 
1 2 0.28 0.28 173.0 34.0 173.0 180.0 16.0 180.0 
1 3 0.53 0.53 173.0 34.0 173.0 180.0 16.0 180.0 245.0 62.0 245.0 
1 4 0.7 0.7 173.0 34.0 173.0 180.0 16.0 180.0 245.0 62.0 245.0 483.0 80.0 483.0 
1 2 0.84 0.84 876.0 428.0 876.0 455.0 161.0 455.0 
1 3 0.89 0.89 876.0 428.0 876.0 455.0 161.0 455.0 125.0 7.0 125.0 
1 2 0.72 0.72 262.0 2.0 262.0 95.0 68.0 95.0 
1 2 0.58 0.58 434.0 89.0 434.0 525.0 202.0 525.0 
1 2 0.63 0.63 588.0 4.0 588.0 8.0 5.0 8.0 
1 3 0.82 0.82 588.0 4.0 588.0 8.0 5.0 8.0 883.0 175.0 883.0 
1 2 0.41 0.41 82.0 22.0 82.0 625.0 94.0 625.0 
1 3 0.97 0.97 82.0 22.0 82.0 625.0 94.0 625.0 760.0 420.0 760.0 
1 2 0.3 0.3 19.0 5.0 19.0 26.0 1.0 26.0 
1 3 0.42 0.42 19.0 5.0 19.0 26.0 1.0 26.0 965.0 122.0 965.0 
1 4 0.49 0.49 19.0 5.0 19.0 26.0 1.0 26.0 965.0 122.0 965.0 550.0 38.0 550.0 
1 2 0.31 0.31 270.0 74.0 270.0 676.0 31.0 676.0 
1 2 0.95 0.95 718.0 672.0 718.0 192.0 4.0 192.0 
1 2 0.52 0.52 133.0 42.0 133.0 116.0 24.0 116.0 
1 2 0.85 0.85 664.0 365.0 664.0 318.0 98.0 318.0 
1 2 0.7 0.7 290.0 56.0 290.0 501.0 258.0 501.0 
1 2 0.79 0.79 122.0 39.0 122.0 108.0 51.0 108.0 
1 2 0.34 0.34 267.0 3.0 267.0 482.0 161.0 482.0 
1 3 0.78 0.78 267.0 3.0 267.0 482.0 161.0 482.0 189.0 84.0 189.0 
1 2 0.01 0.01 578.0 3.0 578.0 709.0 8.0 709.0 
1 3 0.46 0.46 578.0 3.0 578.0 709.0 8.0 709.0 638.0 286.0 638.0 
1 4 0.59 0.59 578.0 3.0 578.0 709.0 8.0 709.0 638.0 286.0 638.0 527.0 67.0 527.0 
1 5 0.88 0.88 578.0 3.0 578.0 709.0 8.0 709.0 638.0 286.0 638.0 527.0 67.0 527.0 538.0 159.0 538.0 
1 2 0.19 0.19 919.0 148.0 919.0 27.0 1.0 27.0 
1 3 0.63 0.63 919.0 148.0 919.0 27.0 1.0 27.0 23.0 10.0 23.0 
1 4 0.82 0.82 919.0 148.0 919.0 27.0 1.0 27.0 23.0 10.0 23.0 442.0 83.0 442.0 
1 2 0.8 0.8 121.0 23.0 121.0 901.0 550.0 901.0 
1 2 0.92 0.92 945.0 513.0 945.0 375.0 142.0 375.0 
1 2 0.87 0.87 161.0 12.0 161.0 171.0 137.0 171.0 
1 3 0.91 0.91 161.0 12.0 161.0 171.0 137.0 171.0 203.0 8.0 203.0 
1 2 0.4 0.4 778.0 28.0 778.0 755.0 282.0 755.0 
1 3 0.79 0.79 778.0 28.0 778.0 755.0 282.0 755.0 688.0 267.0 688.0 
1 4 0.82 0.82 778.0 28.0 778.0 755.0 282.0 755.0 688.0 267.0 688.0 760.0 20.0 760.0 
1 2 0.63 0.63 312.0 176.0 312.0 415.0 30.0 415.0 
1 2 0.1 0.1 935.0 79.0 935.0 883.0 18.0 883.0 
1 3 0.28 0.28 935.0 79.0 935.0 883.0 18.0 883.0 629.0 111.0 629.0 
1 2 0.54 0.54 201.0 69.0 201.0 25.0 5.0 25.0 
1 3 0.66 0.66 201.0 69.0 201.0 25.0 5.0 25.0 698.0 86.0 698.0 
1 4 0.84 0.84 201.0 69.0 201.0 25.0 5.0 25.0 698.0 86.0 698.0 11.0 2.0 11.0 
1 5 0.88 0.88 201.0 69.0 201.0 25.0 5.0 25.0 698.0 86.0 698.0 11.0 2.0 11.0 959.0 33.0 959.0 
1 6 0.93 0.93 201.0 69.0 201.0 25.0 5.0 25.0 698.0 86.0 698.0 11.0 2.0 11.0 959.0 33.0 959.0 512.0 29.0 512.0 
1 2 0.41 0.41 940.0 369.0 940.0 415.0 8.0 415.0 
1 2 0.78 0.78 723.0 279.0 723.0 72.0 29.0 72.0 
1 2 0.88 0.88 134.0 11.0 134.0 960.0 774.0 960.0 
1 2 0.64 0.64 583.0 357.0 583.0 273.0 10.0 273.0 
1 3 0.73 0.73 583.0 357.0 583.0 273.0 10.0 273.0 67.0 6.0 67.0 
1 2 0.67 0.67 936.0 102.0 936.0 237.0 133.0 237.0 
1 3 0.81 0.81 936.0 102.0 936.0 237.0 133.0 237.0 390.0 55.0 390.0 
1 2 0.61 0.61 589.0 107.0 589.0 322.0 139.0 322.0 
1 3 0.7 0.7 589.0 107.0 589.0 322.0 139.0 322.0 341.0 30.0 341.0 
1 4 0.97 0.97 589.0 107.0 589.0 322.0 139.0 322.0 341.0 30.0 341.0 18.0 5.0 18.0 
1 2 0.77 0.77 763.0 528.0 763.0 331.0 26.0 331.0 
1 2 0.93 0.93 268.0 149.0 268.0 589.0 222.0 589.0 
1 2 0.37 0.37 962.0 196.0 962.0 188.0 32.0 188.0 
1 3 0.44 0.44 962.0 196.0 962.0 188.0 32.0 188.0 838.0 61.0 838.0 
1 4 0.71 0.71 962.0 196.0 962.0 188.0 32.0 188.0 838.0 61.0 838.0 767.0 209.0 767.0 
1 2 0.92 0.92 437.0 87.0 437.0 798.0 579.0 798.0 
1 2 0.83 0.83 434.0 342.0 434.0 777.0 35.0 777.0 
1 2 0.82 0.82 209.0 87.0 209.0 576.0 238.0 576.0 
1 2 0.42 0.42 977.0 69.0 977.0 629.0 224.0 629.0 
1 2 0.91 0.91 583.0 367.0 583.0 188.0 53.0 188.0 
1 2 0.47 0.47 86.0 14.0 86.0 301.0 95.0 301.0 
1 2 0.54 0.54 175.0 17.0 175.0 834.0 370.0 834.0 
1 2 0.87 0.87 806.0 112.0 806.0 415.0 305.0 415.0 
1 2 0.98 0.98 271.0 201.0 271.0 806.0 193.0 806.0 
1 2 0.8 0.8 312.0 51.0 312.0 676.0 436.0 676.0 
1 2 0.22 0.22 255.0 3.0 255.0 74.0 16.0 74.0 
1 3 0.44 0.44 255.0 3.0 255.0 74.0 16.0 74.0 438.0 93.0 438.0 
1 4 0.92 0.92 255.0 3.0 255.0 74.0 16.0 74.0 438.0 93.0 438.0 243.0 117.0 243.0 
1 2 0.47 0.47 370.0 102.0 370.0 242.0 48.0 242.0 
1 3 0.92 0.92 370.0 102.0 370.0 242.0 48.0 242.0 491.0 222.0 491.0 
1 4 0.92 0.92 370.0 102.0 370.0 242.0 48.0 242.0 491.0 222.0 491.0 909.0 2.0 909.0 
1 2 0.33 0.33 7.0 2.0 7.0 516.0 28.0 516.0 
1 3 0.59 0.59 7.0 2.0 7.0 516.0 28.0 516.0 655.0 166.0 655.0 
1 4 0.62 0.62 7.0 2.0 7.0 516.0 28.0 516.0 655.0 166.0 655.0 194.0 6.0 194.0 
1 5 0.83 0.83 7.0 2.0 7.0 516.0 28.0 516.0 655.0 166.0 655.0 194.0 6.0 194.0 84.0 18.0 84.0 
1 2 0.63 0.63 924.0 81.0 924.0 419.0 229.0 419.0 
1 3 0.74 0.74 924.0 81.0 924.0 419.0 229.0 419.0 214.0 24.0 214.0 
1 2 0.67 0.67 882.0 68.0 882.0 649.0 388.0 649.0 
1 2 0.16 0.16 931.0 47.0 931.0 198.0 22.0 198.0 
1 3 0.43 0.43 931.0 47.0 931.0 198.0 22.0 198.0 325.0 90.0 325.0 
1 4 0.49 0.49 931.0 47.0 931.0 198.0 22.0 198.0 325.0 90.0 325.0 560.0 30.0 560.0 
1 2 0.51 0.51 245.0 35.0 245.0 765.0 286.0 765.0 
1 2 0.6 0.6 23.0 10.0 23.0 197.0 34.0 197.0 
1 2 0.42 0.42 813.0 180.0 813.0 169.0 34.0 169.0 
1 2 0.69 0.69 494.0 86.0 494.0 629.0 329.0 629.0 
1 2 0.88 0.88 439.0 332.0 439.0 403.0 52.0 403.0 
1 2 0.48 0.48 620.0 188.0 620.0 538.0 98.0 538.0 
1 3 0.73 0.73 620.0 188.0 620.0 538.0 98.0 538.0 947.0 234.0 947.0 
1 2 0.3 0.3 123.0 7.0 123.0 361.0 90.0 361.0 
1 3 0.83 0.83 123.0 7.0 123.0 361.0 90.0 361.0 567.0 298.0 567.0 
1 4 0.89 0.89 123.0 7.0 123.0 361.0 90.0 361.0 567.0 298.0 567.0 33.0 2.0 33.0 
1 2 0.11 0.11 547.0 47.0 547.0 99.0 3.0 99.0 
1 3 0.5 0.5 547.0 47.0 547.0 99.0 3.0 99.0 947.0 365.0 947.0 
1 4 0.59 0.59 547.0 47.0 547.0 99.0 3.0 99.0 947.0 365.0 947.0 367.0 33.0 367.0 
1 2 0.62 0.62 441.0 106.0 441.0 358.0 139.0 358.0 
1 3 0.96 0.96 441.0 106.0 441.0 358.0 139.0 358.0 195.0 66.0 195.0 
1 2 0.87 0.87 87.0 2.0 87.0 60.0 51.0 60.0 
1 2 0.59 0.59 823.0 310.0 823.0 161.0 35.0 161.0 
1 3 0.63 0.63 823.0 310.0 823.0 161.0 35.0 161.0 309.0 13.0 309.0 
1 4 0.74 0.74 823.0 310.0 823.0 161.0 35.0 161.0 309.0 13.0 309.0 942.0 107.0 942.0 
1 2 0.67 0.67 159.0 58.0 159.0 998.0 305.0 998.0 
1 3 0.68 0.68 159.0 58.0 159.0 998.0 305.0 998.0 486.0 7.0 486.0 
1 2 0.15 0.15 733.0 6.0 733.0 464.0 68.0 464.0 
1 3 0.57 0.57 733.0 6.0 733.0 464.0 68.0 464.0 423.0 176.0 423.0 
1 2 0.8 0.8 232.0 95.0 232.0 988.0 386.0 988.0 
1 2 0.19 0.19 146.0 22.0 146.0 737.0 34.0 737.0 
1 3 0.69 0.69 146.0 22.0 146.0 737.0 34.0 737.0 769.0 380.0 769.0 
1 2 0.53 0.53 229.0 46.0 229.0 24.0 8.0 24.0 
1 3 0.91 0.91 229.0 46.0 229.0 24.0 8.0 24.0 225.0 85.0 225.0 
1 2 0.37 0.37 779.0 159.0 779.0 18.0 3.0 18.0 
1 3 0.42 0.42 779.0 159.0 779.0 18.0 3.0 18.0 478.0 24.0 478.0 
1 2 0.35 0.35 426.0 121.0 426.0 956.0 67.0 956.0 
1 3 0.99 0.99 426.0 121.0 426.0 956.0 67.0 956.0 233.0 150.0 233.0 
1 2 0.23 0.23 821.0 162.0 821.0 499.0 19.0 499.0 
1 3 0.85 0.85 821.0 162.0 821.0 499.0 19.0 499.0 801.0 497.0 801.0 
1 2 0.59 0.59 314.0 61.0 314.0 589.0 237.0 589.0 
1 2 0.09 0.09 524.0 21.0 524.0 835.0 42.0 835.0 
1 3 0.57 0.57 524.0 21.0 524.0 835.0 42.0 835.0 127.0 62.0 127.0 
1 4 0.62 0.62 524.0 21.0 524.0 835.0 42.0 835.0 127.0 62.0 127.0 615.0 31.0 615.0 
1 2 0.02 0.02 604.0 1.0 604.0 645.0 18.0 645.0 
1 3 0.35 0.35 604.0 1.0 604.0 645.0 18.0 645.0 826.0 271.0 826.0 
1 4 0.63 0.63 604.0 1.0 604.0 645.0 18.0 645.0 826.0 271.0 826.0 455.0 124.0 455.0 
1 2 0.72 0.72 404.0 225.0 404.0 738.0 121.0 738.0 
1 3 0.72 0.72 404.0 225.0 404.0 738.0 121.0 738.0 788.0 2.0 788.0 
1 2 0.35 0.35 491.0 23.0 491.0 790.0 244.0 790.0 
1 2 0.54 0.54 102.0 44.0 102.0 622.0 68.0 622.0 
1 2 0.14 0.14 868.0 79.0 868.0 461.0 27.0 461.0 
1 3 0.24 0.24 868.0 79.0 868.0 461.0 27.0 461.0 738.0 71.0 738.0 
1 4 0.52 0.52 868.0 79.0 868.0 461.0 27.0 461.0 738.0 71.0 738.0 882.0 246.0 882.0 
1 5 0.85 0.85 868.0 79.0 868.0 461.0 27.0 461.0 738.0 71.0 738.0 882.0 246.0 882.0 270.0 90.0 270.0 
1 2 0.82 0.82 266.0 55.0 266.0 320.0 198.0 320.0 
1 3 0.94 0.94 266.0 55.0 266.0 320.0 198.0 320.0 348.0 42.0 348.0 
1 2 0.59 0.59 124.0 26.0 124.0 578.0 221.0 578.0 
1 3 0.66 0.66 124.0 26.0 124.0 578.0 221.0 578.0 141.0 10.0 141.0 
1 2 0.66 0.66 342.0 79.0 342.0 445.0 194.0 445.0 
1 2 0.3 0.3 858.0 176.0 858.0 855.0 84.0 855.0 
1 3 0.77 0.77 858.0 176.0 858.0 855.0 84.0 855.0 492.0 233.0 492.0 
1 2 0.93 0.93 966.0 877.0 966.0 737.0 20.0 737.0 
1 2 0.67 0.67 201.0 63.0 201.0 759.0 271.0 759.0 
1 3 0.75 0.75 201.0 63.0 201.0 759.0 271.0 759.0 657.0 56.0 657.0 
1 2 0.46 0.46 979.0 320.0 979.0 539.0 77.0 539.0 
1 3 0.66 0.66 979.0 320.0 979.0 539.0 77.0 539.0 295.0 59.0 295.0 
1 2 0.72 0.72 987.0 478.0 987.0 595.0 143.0 595.0 
1 2 0.82 0.82 267.0 75.0 267.0 346.0 189.0 346.0 
1 2 0.7 0.7 831.0 531.0 831.0 179.0 12.0 179.0 
1 2 0.56 0.56 442.0 46.0 442.0 815.0 377.0 815.0 
1 3 0.91 0.91 442.0 46.0 442.0 815.0 377.0 815.0 451.0 159.0 451.0 
1 2 0.38 0.38 750.0 166.0 750.0 525.0 86.0 525.0 
1 3 0.77 0.77 750.0 166.0 750.0 525.0 86.0 525.0 518.0 203.0 518.0 
1 2 0.46 0.46 247.0 85.0 247.0 601.0 71.0 601.0 
1 3 0.98 0.98 247.0 85.0 247.0 601.0 71.0 601.0 560.0 290.0 560.0 
1 2 0.31 0.31 850.0 198.0 850.0 318.0 25.0 318.0 
1 3 0.34 0.34 850.0 198.0 850.0 318.0 25.0 318.0 187.0 6.0 187.0 
1 4 0.67 0.67 850.0 198.0 850.0 318.0 25.0 318.0 187.0 6.0 187.0 699.0 232.0 699.0 
1 2 0.35 0.35 688.0 233.0 688.0 412.0 5.0 412.0 
1 2 0.51 0.51 622.0 241.0 622.0 724.0 95.0 724.0 
1 3 0.72 0.72 622.0 241.0 622.0 724.0 95.0 724.0 659.0 136.0 659.0 
1 4 0.93 0.93 622.0 241.0 622.0 724.0 95.0 724.0 659.0 136.0 659.0 58.0 12.0 58.0 
1 2 0.61 0.61 668.0 382.0 668.0 204.0 8.0 204.0 
1 2 0.67 0.67 412.0 116.0 412.0 398.0 156.0 398.0 
1 3 0.76 0.76 412.0 116.0 412.0 398.0 156.0 398.0 782.0 74.0 782.0 
1 2 0.98 0.98 355.0 134.0 355.0 131.0 80.0 131.0 
1 2 0.46 0.46 646.0 217.0 646.0 214.0 27.0 214.0 
1 2 0.94 0.94 907.0 359.0 907.0 610.0 336.0 610.0 
1 3 0.96 0.96 907.0 359.0 907.0 610.0 336.0 610.0 989.0 19.0 989.0 
1 2 0.32 0.32 23.0 7.0 23.0 637.0 13.0 637.0 
1 3 0.66 0.66 23.0 7.0 23.0 637.0 13.0 637.0 301.0 102.0 301.0 
1 4 0.98 0.98 23.0 7.0 23.0 637.0 13.0 637.0 301.0 102.0 301.0 661.0 214.0 661.0 
1 2 0.07 0.07 751.0 25.0 751.0 498.0 22.0 498.0 
1 3 0.19 0.19 751.0 25.0 751.0 498.0 22.0 498.0 583.0 67.0 583.0 
1 4 0.4 0.4 751.0 25.0 751.0 498.0 22.0 498.0 583.0 67.0 583.0 576.0 124.0 576.0 
1 5 0.58 0.58 751.0 25.0 751.0 498.0 22.0 498.0 583.0 67.0 583.0 576.0 124.0 576.0 805.0 146.0 805.0 
1 6 0.69 0.69 751.0 25.0 751.0 498.0 22.0 498.0 583.0 67.0 583.0 576.0 124.0 576.0 805.0 146.0 805.0 976.0 105.0 976.0 
1 7 0.91 0.91 751.0 25.0 751.0 498.0 22.0 498.0 583.0 67.0 583.0 576.0 124.0 576.0 805.0 146.0 805.0 976.0 105.0 976.0 184.0 41.0 184.0 
1 8 0.98 0.98 751.0 25.0 751.0 498.0 22.0 498.0 583.0 67.0 583.0 576.0 124.0 576.0 805.0 146.0 805.0 976.0 105.0 976.0 184.0 41.0 184.0 714.0 49.0 714.0 
1 2 0.23 0.23 137.0 27.0 137.0 701.0 24.0 701.0 
1 3 0.4 0.4 137.0 27.0 137.0 701.0 24.0 701.0 141.0 25.0 141.0 
1 4 0.59 0.59 137.0 27.0 137.0 701.0 24.0 701.0 141.0 25.0 141.0 416.0 79.0 416.0 
1 2 0.69 0.69 331.0 148.0 331.0 277.0 69.0 277.0 
1 3 0.72 0.72 331.0 148.0 331.0 277.0 69.0 277.0 886.0 23.0 886.0 
1 2 0.31 0.31 926.0 39.0 926.0 800.0 222.0 800.0 
1 2 0.37 0.37 183.0 54.0 183.0 63.0 5.0 63.0 
1 3 0.41 0.41 183.0 54.0 183.0 63.0 5.0 63.0 825.0 30.0 825.0 
1 2 0.38 0.38 454.0 51.0 454.0 44.0 12.0 44.0 
1 3 0.85 0.85 454.0 51.0 454.0 44.0 12.0 44.0 992.0 462.0 992.0 
1 2 0.92 0.92 794.0 340.0 794.0 854.0 423.0 854.0 
1 2 0.33 0.33 987.0 46.0 987.0 21.0 6.0 21.0 
1 3 0.46 0.46 987.0 46.0 987.0 21.0 6.0 21.0 828.0 108.0 828.0 
1 2 0.21 0.21 190.0 7.0 190.0 468.0 82.0 468.0 
1 2 0.79 0.79 459.0 250.0 459.0 792.0 201.0 792.0 
1 3 0.83 0.83 459.0 250.0 459.0 792.0 201.0 792.0 583.0 19.0 583.0 
1 2 0.36 0.36 646.0 68.0 646.0 233.0 60.0 233.0 
1 3 0.85 0.85 646.0 68.0 646.0 233.0 60.0 233.0 244.0 120.0 244.0 
1 2 0.64 0.64 557.0 112.0 557.0 79.0 35.0 79.0 
1 2 0.05 0.05 692.0 3.0 692.0 342.0 18.0 342.0 
1 3 0.31 0.31 692.0 3.0 692.0 342.0 18.0 342.0 108.0 28.0 108.0 
1 4 0.35 0.35 692.0 3.0 692.0 342.0 18.0 342.0 108.0 28.0 108.0 873.0 35.0 873.0 
1 5 0.4 0.4 692.0 3.0 692.0 342.0 18.0 342.0 108.0 28.0 108.0 873.0 35.0 873.0 341.0 15.0 341.0 
1 6 0.96 0.96 692.0 3.0 692.0 342.0 18.0 342.0 108.0 28.0 108.0 873.0 35.0 873.0 341.0 15.0 341.0 204.0 115.0 204.0 
1 2 0.71 0.71 694.0 381.0 694.0 904.0 147.0 904.0 
1 2 0.3 0.3 241.0 62.0 241.0 645.0 33.0 645.0 
1 2 0.27 0.27 788.0 109.0 788.0 516.0 71.0 516.0 
1 3 0.36 0.36 788.0 109.0 788.0 516.0 71.0 516.0 438.0 39.0 438.0 
1 4 0.51 0.51 788.0 109.0 788.0 516.0 71.0 516.0 438.0 39.0 438.0 806.0 122.0 806.0 
1 5 0.97 0.97 788.0 109.0 788.0 516.0 71.0 516.0 438.0 39.0 438.0 806.0 122.0 806.0 673.0 312.0 673.0 
1 2 0.53 0.53 637.0 111.0 637.0 852.0 305.0 852.0 
1 3 0.6 0.6 637.0 111.0 637.0 852.0 305.0 852.0 323.0 23.0 323.0 
1 2 0.3 0.3 245.0 46.0 245.0 393.0 45.0 393.0 
1 2 0.13 0.13 21.0 1.0 21.0 928.0 85.0 928.0 
1 3 0.71 0.71 21.0 1.0 21.0 928.0 85.0 928.0 600.0 343.0 600.0 
1 2 0.33 0.33 109.0 18.0 109.0 858.0 142.0 858.0 
1 3 0.41 0.41 109.0 18.0 109.0 858.0 142.0 858.0 270.0 24.0 270.0 
1 4 0.8 0.8 109.0 18.0 109.0 858.0 142.0 858.0 270.0 24.0 270.0 439.0 169.0 439.0 
1 2 0.81 0.81 926.0 444.0 926.0 104.0 35.0 104.0 
1 2 0.48 0.48 588.0 63.0 588.0 449.0 171.0 449.0 
1 3 0.6 0.6 588.0 63.0 588.0 449.0 171.0 449.0 312.0 36.0 312.0 
1 4 0.68 0.68 588.0 63.0 588.0 449.0 171.0 449.0 312.0 36.0 312.0 38.0 3.0 38.0 
1 5 0.81 0.81 588.0 63.0 588.0 449.0 171.0 449.0 312.0 36.0 312.0 38.0 3.0 38.0 443.0 59.0 443.0 
1 6 0.95 0.95 588.0 63.0 588.0 449.0 171.0 449.0 312.0 36.0 312.0 38.0 3.0 38.0 443.0 59.0 443.0 52.0 7.0 52.0 
1 2 0.51 0.51 417.0 164.0 417.0 663.0 81.0 663.0 
1 3 0.97 0.97 417.0 164.0 417.0 663.0 81.0 663.0 252.0 115.0 252.0 
1 2 0.81 0.81 475.0 228.0 475.0 333.0 111.0 333.0 
1 2 0.76 0.76 978.0 232.0 978.0 189.0 99.0 189.0 
1 3 0.81 0.81 978.0 232.0 978.0 189.0 99.0 189.0 888.0 50.0 888.0 
1 2 0.85 0.85 636.0 124.0 636.0 667.0 438.0 667.0 
1 3 0.91 0.91 636.0 124.0 636.0 667.0 438.0 667.0 776.0 47.0 776.0 
1 2 0.3 0.3 286.0 60.0 286.0 405.0 37.0 405.0 
1 2 0.25 0.25 749.0 65.0 749.0 906.0 150.0 906.0 
1 3 0.9 0.9 749.0 65.0 749.0 906.0 150.0 906.0 67.0 44.0 67.0 
1 2 0.61 0.61 940.0 526.0 940.0 885.0 45.0 885.0 
1 2 0.71 0.71 769.0 198.0 769.0 443.0 203.0 443.0 
1 2 0.38 0.38 95.0 30.0 95.0 521.0 35.0 521.0 
1 2 0.83 0.83 243.0 103.0 243.0 607.0 251.0 607.0 
1 2 0.77 0.77 648.0 185.0 648.0 835.0 409.0 835.0 
1 2 0.47 0.47 695.0 317.0 695.0 68.0 1.0 68.0 
1 3 0.83 0.83 695.0 317.0 695.0 68.0 1.0 68.0 605.0 222.0 605.0 
1 2 0.29 0.29 113.0 3.0 113.0 903.0 238.0 903.0 
1 3 0.57 0.57 113.0 3.0 113.0 903.0 238.0 903.0 968.0 277.0 968.0 
1 4 0.59 0.59 113.0 3.0 113.0 903.0 238.0 903.0 968.0 277.0 968.0 56.0 1.0 56.0 
1 5 0.94 0.94 113.0 3.0 113.0 903.0 238.0 903.0 968.0 277.0 968.0 56.0 1.0 56.0 280.0 97.0 280.0 
1 2 0.77 0.77 189.0 113.0 189.0 493.0 85.0 493.0 
1 2 0.61 0.61 986.0 287.0 986.0 486.0 159.0 486.0 
1 3 0.62 0.62 986.0 287.0 986.0 486.0 159.0 486.0 547.0 3.0 547.0 
1 4 0.9 0.9 986.0 287.0 986.0 486.0 159.0 486.0 547.0 3.0 547.0 50.0 14.0 50.0 
1 2 0.81 0.81 162.0 91.0 162.0 769.0 196.0 769.0 
1 2 0.77 0.77 992.0 710.0 992.0 667.0 40.0 667.0 
1 2 0.24 0.24 968.0 149.0 968.0 867.0 82.0 867.0 
1 3 0.3 0.3 968.0 149.0 968.0 867.0 82.0 867.0 307.0 16.0 307.0 
1 4 0.48 0.48 968.0 149.0 968.0 867.0 82.0 867.0 307.0 16.0 307.0 82.0 15.0 82.0 
1 5 0.52 0.52 968.0 149.0 968.0 867.0 82.0 867.0 307.0 16.0 307.0 82.0 15.0 82.0 234.0 10.0 234.0 
1 2 0.45 0.45 9.0 1.0 9.0 184.0 64.0 184.0 
1 3 0.58 0.58 9.0 1.0 9.0 184.0 64.0 184.0 391.0 50.0 391.0 
1 4 0.9 0.9 9.0 1.0 9.0 184.0 64.0 184.0 391.0 50.0 391.0 378.0 121.0 378.0 
1 5 0.96 0.96 9.0 1.0 9.0 184.0 64.0 184.0 391.0 50.0 391.0 378.0 121.0 378.0 88.0 5.0 88.0 
1 2 0.68 0.68 713.0 475.0 713.0 781.0 16.0 781.0 
1 2 0.89 0.89 498.0 66.0 498.0 726.0 551.0 726.0 
1 3 0.91 0.91 498.0 66.0 498.0 726.0 551.0 726.0 756.0 17.0 756.0 
1 2 0.4 0.4 121.0 13.0 121.0 819.0 243.0 819.0 
1 2 0.72 0.72 153.0 70.0 153.0 339.0 89.0 339.0 
1 3 0.75 0.75 153.0 70.0 153.0 339.0 89.0 339.0 134.0 5.0 134.0 
1 4 0.82 0.82 153.0 70.0 153.0 339.0 89.0 339.0 134.0 5.0 134.0 432.0 30.0 432.0 
1 2 0.24 0.24 665.0 85.0 665.0 713.0 87.0 713.0 
1 3 0.75 0.75 665.0 85.0 665.0 713.0 87.0 713.0 522.0 266.0 522.0 
1 4 0.78 0.78 665.0 85.0 665.0 713.0 87.0 713.0 522.0 266.0 522.0 603.0 18.0 603.0 
1 2 0.64 0.64 625.0 99.0 625.0 379.0 183.0 379.0 
1 3 0.94 0.94 625.0 99.0 625.0 379.0 183.0 379.0 126.0 38.0 126.0 
1 2 0.88 0.88 905.0 585.0 905.0 201.0 48.0 201.0 
1 2 0.73 0.73 148.0 75.0 148.0 894.0 202.0 894.0 
1 3 0.77 0.77 148.0 75.0 148.0 894.0 202.0 894.0 386.0 15.0 386.0 
1 4 0.85 0.85 148.0 75.0 148.0 894.0 202.0 894.0 386.0 15.0 386.0 519.0 42.0 519.0 
1 2 0.65 0.65 118.0 31.0 118.0 667.0 261.0 667.0 
1 3 0.72 0.72 118.0 31.0 118.0 667.0 261.0 667.0 905.0 65.0 905.0 
1 4 0.9 0.9 118.0 31.0 118.0 667.0 261.0 667.0 905.0 65.0 905.0 410.0 72.0 410.0 
1 5 0.93 0.93 118.0 31.0 118.0 667.0 261.0 667.0 905.0 65.0 905.0 410.0 72.0 410.0 902.0 28.0 902.0 
1 6 0.99 0.99 118.0 31.0 118.0 667.0 261.0 667.0 905.0 65.0 905.0 410.0 72.0 410.0 902.0 28.0 902.0 788.0 52.0 788.0 
1 2 0.43 0.43 337.0 44.0 337.0 708.0 213.0 708.0 
1 2 0.52 0.52 882.0 97.0 882.0 192.0 80.0 192.0 
1 3 0.68 0.68 882.0 97.0 882.0 192.0 80.0 192.0 352.0 55.0 352.0 
1 4 0.76 0.76 882.0 97.0 882.0 192.0 80.0 192.0 352.0 55.0 352.0 164.0 13.0 164.0 
1 2 0.34 0.34 957.0 143.0 957.0 191.0 38.0 191.0 
1 3 0.62 0.62 957.0 143.0 957.0 191.0 38.0 191.0 43.0 12.0 43.0 
1 4 0.73 0.73 957.0 143.0 957.0 191.0 38.0 191.0 43.0 12.0 43.0 347.0 39.0 347.0 
1 2 0.68 0.68 969.0 609.0 969.0 382.0 21.0 382.0 
1 2 0.7 0.7 522.0 297.0 522.0 768.0 108.0 768.0 
1 2 0.21 0.21 788.0 96.0 788.0 11.0 1.0 11.0 
1 3 0.79 0.79 788.0 96.0 788.0 11.0 1.0 11.0 449.0 262.0 449.0 
1 4 0.87 0.87 788.0 96.0 788.0 11.0 1.0 11.0 449.0 262.0 449.0 267.0 22.0 267.0 
1 2 0.82 0.82 7.0 1.0 7.0 404.0 275.0 404.0 
1 2 0.41 0.41 493.0 125.0 493.0 532.0 87.0 532.0 
1 3 0.99 0.99 493.0 125.0 493.0 532.0 87.0 532.0 235.0 136.0 235.0 
1 2 0.37 0.37 71.0 6.0 71.0 465.0 137.0 465.0 
1 3 0.87 0.87 71.0 6.0 71.0 465.0 137.0 465.0 924.0 461.0 924.0 
1 2 0.63 0.63 303.0 159.0 303.0 808.0 91.0 808.0 
1 2 0.92 0.92 413.0 119.0 413.0 163.0 103.0 163.0 
1 2 0.89 0.89 18.0 8.0 18.0 849.0 379.0 849.0 
1 2 0.92 0.92 913.0 468.0 913.0 153.0 63.0 153.0 
1 2 0.51 0.51 468.0 234.0 468.0 671.0 7.0 671.0 
1 3 0.99 0.99 468.0 234.0 468.0 671.0 7.0 671.0 78.0 38.0 78.0 
1 2 0.87 0.87 198.0 60.0 198.0 737.0 419.0 737.0 
1 3 0.92 0.92 198.0 60.0 198.0 737.0 419.0 737.0 41.0 2.0 41.0 
1 2 0.39 0.39 756.0 76.0 756.0 940.0 277.0 940.0 
1 3 0.43 0.43 756.0 76.0 756.0 940.0 277.0 940.0 206.0 9.0 206.0 
1 4 0.75 0.75 756.0 76.0 756.0 940.0 277.0 940.0 206.0 9.0 206.0 362.0 113.0 362.0 
1 2 0.07 0.07 447.0 30.0 447.0 637.0 6.0 637.0 
1 3 0.97 0.97 447.0 30.0 447.0 637.0 6.0 637.0 857.0 766.0 857.0 
1 2 0.63 0.63 433.0 124.0 433.0 235.0 82.0 235.0 
1 3 0.93 0.93 433.0 124.0 433.0 235.0 82.0 235.0 809.0 242.0 809.0 
1 2 0.86 0.86 876.0 723.0 876.0 471.0 18.0 471.0 
1 2 0.55 0.55 647.0 315.0 647.0 59.0 4.0 59.0 
1 2 0.15 0.15 17.0 2.0 17.0 985.0 39.0 985.0 
1 3 0.83 0.83 17.0 2.0 17.0 985.0 39.0 985.0 942.0 642.0 942.0 
1 4 0.99 0.99 17.0 2.0 17.0 985.0 39.0 985.0 942.0 642.0 942.0 297.0 46.0 297.0 
1 2 0.85 0.85 376.0 81.0 376.0 103.0 66.0 103.0 
1 3 0.88 0.88 376.0 81.0 376.0 103.0 66.0 103.0 925.0 29.0 925.0 
1 2 0.72 0.72 946.0 278.0 946.0 928.0 401.0 928.0 
1 2 0.62 0.62 641.0 131.0 641.0 383.0 162.0 383.0 
1 3 0.75 0.75 641.0 131.0 641.0 383.0 162.0 383.0 432.0 55.0 432.0 
1 4 0.82 0.82 641.0 131.0 641.0 383.0 162.0 383.0 432.0 55.0 432.0 565.0 41.0 565.0 
1 2 0.88 0.88 169.0 67.0 169.0 98.0 48.0 98.0 
1 2 0.55 0.55 264.0 86.0 264.0 827.0 191.0 827.0 
1 3 0.99 0.99 264.0 86.0 264.0 827.0 191.0 827.0 979.0 432.0 979.0 
1 2 0.84 0.84 636.0 301.0 636.0 163.0 60.0 163.0 
1 2 0.84 0.84 765.0 586.0 765.0 27.0 2.0 27.0 
1 2 0.5 0.5 819.0 76.0 819.0 439.0 179.0 439.0 
1 2 0.33 0.33 597.0 63.0 597.0 846.0 198.0 846.0 
1 2 0.67 0.67 395.0 261.0 395.0 240.0 4.0 240.0 
1 2 0.71 0.71 251.0 83.0 251.0 679.0 260.0 679.0 
1 3 0.95 0.95 251.0 83.0 251.0 679.0 260.0 679.0 655.0 161.0 655.0 
1 2 0.8 0.8 669.0 497.0 669.0 380.0 22.0 380.0 
1 2 0.69 0.69 653.0 157.0 653.0 916.0 412.0 916.0 
1 3 0.85 0.85 653.0 157.0 653.0 916.0 412.0 916.0 205.0 34.0 205.0 
1 2 0.09 0.09 787.0 56.0 787.0 624.0 15.0 624.0 
1 3 0.22 0.22 787.0 56.0 787.0 624.0 15.0 624.0 78.0 10.0 78.0 
1 4 0.41 0.41 787.0 56.0 787.0 624.0 15.0 624.0 78.0 10.0 78.0 436.0 84.0 436.0 
1 5 0.54 0.54 787.0 56.0 787.0 624.0 15.0 624.0 78.0 10.0 78.0 436.0 84.0 436.0 303.0 39.0 303.0 
1 2 0.19 0.19 108.0 13.0 108.0 63.0 5.0 63.0 
1 3 0.25 0.25 108.0 13.0 108.0 63.0 5.0 63.0 392.0 21.0 392.0 
1 4 0.43 0.43 108.0 13.0 108.0 63.0 5.0 63.0 392.0 21.0 392.0 271.0 48.0 271.0 
1 5 0.92 0.92 108.0 13.0 108.0 63.0 5.0 63.0 392.0 21.0 392.0 271.0 48.0 271.0 407.0 201.0 407.0 
1 2 0.33 0.33 803.0 77.0 803.0 622.0 149.0 622.0 
1 3 0.74 0.74 803.0 77.0 803.0 622.0 149.0 622.0 784.0 322.0 784.0 
1 2 0.7 0.7 5.0 1.0 5.0 526.0 268.0 526.0 
1 2 0.93 0.93 350.0 136.0 350.0 778.0 429.0 778.0 
1 2 0.53 0.53 554.0 176.0 554.0 734.0 161.0 734.0 
1 2 0.2 0.2 421.0 20.0 421.0 96.0 15.0 96.0 
1 3 0.69 0.69 421.0 20.0 421.0 96.0 15.0 96.0 361.0 176.0 361.0 
1 2 0.95 0.95 148.0 13.0 148.0 918.0 792.0 918.0 
1 2 0.96 0.96 867.0 809.0 867.0 439.0 13.0 439.0 
1 2 0.7 0.7 150.0 48.0 150.0 591.0 226.0 591.0 
1 2 0.73 0.73 910.0 358.0 910.0 299.0 103.0 299.0 
1 2 0.32 0.32 971.0 205.0 971.0 904.0 103.0 904.0 
1 3 0.78 0.78 971.0 205.0 971.0 904.0 103.0 904.0 842.0 386.0 842.0 
1 4 0.85 0.85 971.0 205.0 971.0 904.0 103.0 904.0 842.0 386.0 842.0 524.0 39.0 524.0 
1 2 0.39 0.39 242.0 71.0 242.0 105.0 11.0 105.0 
1 3 0.55 0.55 242.0 71.0 242.0 105.0 11.0 105.0 828.0 133.0 828.0 
1 4 0.97 0.97 242.0 71.0 242.0 105.0 11.0 105.0 828.0 133.0 828.0 305.0 126.0 305.0 
1 2 0.5 0.5 217.0 32.0 217.0 805.0 288.0 805.0 
1 2 0.2 0.2 21.0 3.0 21.0 797.0 53.0 797.0 
1 3 0.65 0.65 21.0 3.0 21.0 797.0 53.0 797.0 657.0 290.0 657.0 
1 4 0.87 0.87 21.0 3.0 21.0 797.0 53.0 797.0 657.0 290.0 657.0 802.0 177.0 802.0 
1 2 0.89 0.89 682.0 9.0 682.0 397.0 351.0 397.0 
1 2 0.18 0.18 305.0 13.0 305.0 949.0 137.0 949.0 
1 3 0.64 0.64 305.0 13.0 305.0 949.0 137.0 949.0 506.0 231.0 506.0 
1 4 0.72 0.72 305.0 13.0 305.0 949.0 137.0 949.0 506.0 231.0 506.0 664.0 57.0 664.0 
1 2 0.68 0.68 60.0 32.0 60.0 774.0 118.0 774.0 
1 3 0.77 0.77 60.0 32.0 60.0 774.0 118.0 774.0 492.0 43.0 492.0 
1 2 0.97 0.97 23.0 11.0 23.0 42.0 21.0 42.0 
1 2 0.53 0.53 139.0 65.0 139.0 540.0 36.0 540.0 
1 2 0.5 0.5 52.0 3.0 52.0 20.0 9.0 20.0 
1 3 0.92 0.92 52.0 3.0 52.0 20.0 9.0 20.0 793.0 332.0 793.0 
1 2 0.7 0.7 994.0 545.0 994.0 187.0 29.0 187.0 
1 2 0.65 0.65 211.0 32.0 211.0 663.0 337.0 663.0 
1 3 0.84 0.84 211.0 32.0 211.0 663.0 337.0 663.0 639.0 120.0 639.0 
1 2 0.35 0.35 692.0 97.0 692.0 855.0 184.0 855.0 
1 3 0.61 0.61 692.0 97.0 692.0 855.0 184.0 855.0 636.0 164.0 636.0 
1 2 0.85 0.85 326.0 90.0 326.0 229.0 133.0 229.0 
1 2 0.63 0.63 261.0 78.0 261.0 320.0 106.0 320.0 
1 2 0.69 0.69 198.0 114.0 198.0 366.0 45.0 366.0 
1 3 0.7 0.7 198.0 114.0 198.0 366.0 45.0 366.0 105.0 1.0 105.0 
1 2 0.86 0.86 690.0 576.0 690.0 384.0 12.0 384.0 
1 2 0.53 0.53 200.0 53.0 200.0 998.0 274.0 998.0 
1 3 0.67 0.67 200.0 53.0 200.0 998.0 274.0 998.0 707.0 95.0 707.0 
1 4 0.91 0.91 200.0 53.0 200.0 998.0 274.0 998.0 707.0 95.0 707.0 839.0 202.0 839.0 
1 2 0.49 0.49 327.0 153.0 327.0 269.0 8.0 269.0 
1 2 0.82 0.82 530.0 1.0 530.0 599.0 495.0 599.0 
1 2 0.86 0.86 267.0 218.0 267.0 19.0 1.0 19.0 
1 2 0.7 0.7 714.0 381.0 714.0 77.0 13.0 77.0 
1 2 0.73 0.73 407.0 27.0 407.0 268.0 179.0 268.0 
1 2 0.65 0.65 798.0 509.0 798.0 62.0 1.0 62.0 
1 3 0.79 0.79 798.0 509.0 798.0 62.0 1.0 62.0 597.0 83.0 597.0 
1 4 0.84 0.84 798.0 509.0 798.0 62.0 1.0 62.0 597.0 83.0 597.0 520.0 25.0 520.0 
1 2 0.24 0.24 806.0 47.0 806.0 533.0 101.0 533.0 
1 3 0.37 0.37 806.0 47.0 806.0 533.0 101.0 533.0 391.0 48.0 391.0 
1 4 0.67 0.67 806.0 47.0 806.0 533.0 101.0 533.0 391.0 48.0 391.0 375.0 115.0 375.0 
1 2 0.08 0.08 404.0 14.0 404.0 858.0 39.0 858.0 
1 3 0.57 0.57 404.0 14.0 404.0 858.0 39.0 858.0 197.0 97.0 197.0 
1 2 0.31 0.31 133.0 31.0 133.0 488.0 41.0 488.0 
1 3 0.52 0.52 133.0 31.0 133.0 488.0 41.0 488.0 422.0 89.0 422.0 
1 4 0.6 0.6 133.0 31.0 133.0 488.0 41.0 488.0 422.0 89.0 422.0 382.0 30.0 382.0 
1 2 0.22 0.22 126.0 10.0 126.0 234.0 34.0 234.0 
1 3 0.28 0.28 126.0 10.0 126.0 234.0 34.0 234.0 821.0 47.0 821.0 
1 4 0.67 0.67 126.0 10.0 126.0 234.0 34.0 234.0 821.0 47.0 821.0 233.0 91.0 233.0 
1 5 0.68 0.68 126.0 10.0 126.0 234.0 34.0 234.0 821.0 47.0 821.0 233.0 91.0 233.0 126.0 2.0 126.0 
1 2 0.43 0.43 482.0 86.0 482.0 214.0 54.0 214.0 
1 3 0.68 0.68 482.0 86.0 482.0 214.0 54.0 214.0 591.0 151.0 591.0 
1 2 0.62 0.62 801.0 88.0 801.0 337.0 175.0 337.0 
1 3 0.76 0.76 801.0 88.0 801.0 337.0 175.0 337.0 554.0 74.0 554.0 
1 2 0.47 0.47 821.0 219.0 821.0 376.0 80.0 376.0 
1 3 0.66 0.66 821.0 219.0 821.0 376.0 80.0 376.0 173.0 32.0 173.0 
1 4 0.86 0.86 821.0 219.0 821.0 376.0 80.0 376.0 173.0 32.0 173.0 751.0 147.0 751.0 
1 5 0.87 0.87 821.0 219.0 821.0 376.0 80.0 376.0 173.0 32.0 173.0 751.0 147.0 751.0 815.0 16.0 815.0 
1 6 0.88 0.88 821.0 219.0 821.0 376.0 80.0 376.0 173.0 32.0 173.0 751.0 147.0 751.0 815.0 16.0 815.0 496.0 4.0 496.0 
1 2 0.69 0.69 402.0 130.0 402.0 356.0 131.0 356.0 
1 2 0.41 0.41 803.0 305.0 803.0 731.0 25.0 731.0 
1 3 0.66 0.66 803.0 305.0 803.0 731.0 25.0 731.0 681.0 168.0 681.0 
1 2 0.42 0.42 38.0 9.0 38.0 935.0 176.0 935.0 
1 3 0.83 0.83 38.0 9.0 38.0 935.0 176.0 935.0 935.0 379.0 935.0 
1 2 0.1 0.1 453.0 39.0 453.0 492.0 11.0 492.0 
1 3 0.79 0.79 453.0 39.0 453.0 492.0 11.0 492.0 460.0 318.0 460.0 
1 4 0.81 0.81 453.0 39.0 453.0 492.0 11.0 492.0 460.0 318.0 460.0 927.0 10.0 927.0 
1 2 0.1 0.1 874.0 9.0 874.0 817.0 75.0 817.0 
1 3 0.84 0.84 874.0 9.0 874.0 817.0 75.0 817.0 266.0 197.0 266.0 
1 4 0.86 0.86 874.0 9.0 874.0 817.0 75.0 817.0 266.0 197.0 266.0 493.0 9.0 493.0 
1 2 0.49 0.49 440.0 190.0 440.0 504.0 33.0 504.0 
1 3 0.56 0.56 440.0 190.0 440.0 504.0 33.0 504.0 502.0 36.0 502.0 
1 4 0.65 0.65 440.0 190.0 440.0 504.0 33.0 504.0 502.0 36.0 502.0 198.0 18.0 198.0 
1 5 0.83 0.83 440.0 190.0 440.0 504.0 33.0 504.0 502.0 36.0 502.0 198.0 18.0 198.0 370.0 63.0 370.0 
1 6 0.93 0.93 440.0 190.0 440.0 504.0 33.0 504.0 502.0 36.0 502.0 198.0 18.0 198.0 370.0 63.0 370.0 926.0 97.0 926.0 
1 7 0.99 0.99 440.0 190.0 440.0 504.0 33.0 504.0 502.0 36.0 502.0 198.0 18.0 198.0 370.0 63.0 370.0 926.0 97.0 926.0 179.0 11.0 179.0 
1 2 0.43 0.43 489.0 88.0 489.0 502.0 130.0 502.0 
1 2 0.66 0.66 893.0 447.0 893.0 869.0 139.0 869.0 
1 2 0.57 0.57 796.0 386.0 796.0 775.0 71.0 775.0 
1 2 0.83 0.83 225.0 2.0 225.0 764.0 634.0 764.0 
1 2 0.66 0.66 620.0 349.0 620.0 642.0 65.0 642.0 
1 3 0.92 0.92 620.0 349.0 620.0 642.0 65.0 642.0 182.0 48.0 182.0 
1 2 0.55 0.55 675.0 284.0 675.0 136.0 18.0 136.0 
1 3 0.61 0.61 675.0 284.0 675.0 136.0 18.0 136.0 15.0 1.0 15.0 
1 4 0.65 0.65 675.0 284.0 675.0 136.0 18.0 136.0 15.0 1.0 15.0 222.0 7.0 222.0 
1 2 0.44 0.44 132.0 45.0 132.0 211.0 23.0 211.0 
1 2 0.82 0.82 63.0 33.0 63.0 221.0 67.0 221.0 
1 2 0.67 0.67 144.0 71.0 144.0 320.0 58.0 320.0 
1 3 0.76 0.76 144.0 71.0 144.0 320.0 58.0 320.0 161.0 14.0 161.0 
1 4 0.81 0.81 144.0 71.0 144.0 320.0 58.0 320.0 161.0 14.0 161.0 614.0 34.0 614.0 
1 2 0.32 0.32 1000.0 48.0 1000.0 144.0 40.0 144.0 
1 3 0.72 0.72 1000.0 48.0 1000.0 144.0 40.0 144.0 112.0 45.0 112.0 
1 4 0.77 0.77 1000.0 48.0 1000.0 144.0 40.0 144.0 112.0 45.0 112.0 901.0 42.0 901.0 
1 5 0.92 0.92 1000.0 48.0 1000.0 144.0 40.0 144.0 112.0 45.0 112.0 901.0 42.0 901.0 442.0 66.0 442.0 
1 2 0.18 0.18 12.0 2.0 12.0 254.0 5.0 254.0 
1 3 0.25 0.25 12.0 2.0 12.0 254.0 5.0 254.0 60.0 4.0 60.0 
1 4 0.43 0.43 12.0 2.0 12.0 254.0 5.0 254.0 60.0 4.0 60.0 257.0 48.0 257.0 
1 2 0.48 0.48 579.0 192.0 579.0 217.0 33.0 217.0 
1 3 0.91 0.91 579.0 192.0 579.0 217.0 33.0 217.0 469.0 204.0 469.0 
1 2 0.49 0.49 398.0 173.0 398.0 196.0 11.0 196.0 
1 3 0.99 0.99 398.0 173.0 398.0 196.0 11.0 196.0 585.0 295.0 585.0 
1 2 0.76 0.76 648.0 292.0 648.0 96.0 30.0 96.0 
1 2 0.16 0.16 462.0 70.0 462.0 817.0 7.0 817.0 
1 3 0.29 0.29 462.0 70.0 462.0 817.0 7.0 817.0 360.0 47.0 360.0 
1 4 0.67 0.67 462.0 70.0 462.0 817.0 7.0 817.0 360.0 47.0 360.0 147.0 57.0 147.0 
1 5 0.87 0.87 462.0 70.0 462.0 817.0 7.0 817.0 360.0 47.0 360.0 147.0 57.0 147.0 960.0 187.0 960.0 
1 2 0.34 0.34 464.0 106.0 464.0 774.0 88.0 774.0 
1 3 0.43 0.43 464.0 106.0 464.0 774.0 88.0 774.0 700.0 68.0 700.0 
1 4 0.45 0.45 464.0 106.0 464.0 774.0 88.0 774.0 700.0 68.0 700.0 960.0 13.0 960.0 
1 2 0.9 0.9 427.0 304.0 427.0 790.0 152.0 790.0 
1 2 0.65 0.65 327.0 18.0 327.0 850.0 508.0 850.0 
1 3 0.84 0.84 327.0 18.0 327.0 850.0 508.0 850.0 915.0 178.0 915.0 
1 4 0.97 0.97 327.0 18.0 327.0 850.0 508.0 850.0 915.0 178.0 915.0 950.0 118.0 950.0 
1 2 0.48 0.48 817.0 131.0 817.0 284.0 92.0 284.0 
1 3 0.74 0.74 817.0 131.0 817.0 284.0 92.0 284.0 76.0 20.0 76.0 
1 4 0.95 0.95 817.0 131.0 817.0 284.0 92.0 284.0 76.0 20.0 76.0 450.0 93.0 450.0 
1 2 0.68 0.68 751.0 448.0 751.0 129.0 12.0 129.0 
1 3 0.91 0.91 751.0 448.0 751.0 129.0 12.0 129.0 836.0 186.0 836.0 
1 2 0.08 0.08 544.0 38.0 544.0 271.0 5.0 271.0 
1 3 0.48 0.48 544.0 38.0 544.0 271.0 5.0 271.0 244.0 98.0 244.0 
1 4 0.61 0.61 544.0 38.0 544.0 271.0 5.0 271.0 244.0 98.0 244.0 393.0 50.0 393.0 
1 5 0.82 0.82 544.0 38.0 544.0 271.0 5.0 271.0 244.0 98.0 244.0 393.0 50.0 393.0 285.0 59.0 285.0 
1 2 0.05 0.05 859.0 8.0 859.0 240.0 12.0 240.0 
1 3 0.09 0.09 859.0 8.0 859.0 240.0 12.0 240.0 775.0 27.0 775.0 
1 4 0.91 0.91 859.0 8.0 859.0 240.0 12.0 240.0 775.0 27.0 775.0 580.0 477.0 580.0 
1 2 0.91 0.91 241.0 39.0 241.0 382.0 288.0 382.0 
1 2 0.56 0.56 604.0 203.0 604.0 570.0 128.0 570.0 
1 3 0.74 0.74 604.0 203.0 604.0 570.0 128.0 570.0 509.0 96.0 509.0 
1 4 0.76 0.76 604.0 203.0 604.0 570.0 128.0 570.0 509.0 96.0 509.0 252.0 5.0 252.0 
1 2 0.9 0.9 579.0 152.0 579.0 34.0 22.0 34.0 
1 2 0.89 0.89 474.0 418.0 474.0 75.0 1.0 75.0 
1 2 0.46 0.46 32.0 3.0 32.0 201.0 75.0 201.0 
1 3 0.86 0.86 32.0 3.0 32.0 201.0 75.0 201.0 949.0 375.0 949.0 
1 2 0.62 0.62 163.0 5.0 163.0 721.0 428.0 721.0 
1 3 0.78 0.78 163.0 5.0 163.0 721.0 428.0 721.0 486.0 78.0 486.0 
1 2 0.16 0.16 54.0 6.0 54.0 545.0 32.0 545.0 
1 2 0.59 0.59 333.0 96.0 333.0 972.0 295.0 972.0 
1 2 0.12 0.12 813.0 10.0 813.0 566.0 64.0 566.0 
1 3 0.49 0.49 813.0 10.0 813.0 566.0 64.0 566.0 658.0 246.0 658.0 
1 2 0.8 0.8 699.0 28.0 699.0 189.0 144.0 189.0 
1 3 0.91 0.91 699.0 28.0 699.0 189.0 144.0 189.0 470.0 51.0 470.0 
1 2 0.38 0.38 166.0 28.0 166.0 227.0 48.0 227.0 
1 3 0.81 0.81 166.0 28.0 166.0 227.0 48.0 227.0 892.0 387.0 892.0 
1 2 0.93 0.93 19.0 13.0 19.0 75.0 19.0 75.0 
1 2 0.82 0.82 791.0 460.0 791.0 720.0 172.0 720.0 
1 2 0.81 0.81 34.0 4.0 34.0 719.0 504.0 719.0 
1 2 0.46 0.46 778.0 190.0 778.0 296.0 65.0 296.0 
1 2 0.41 0.41 992.0 213.0 992.0 668.0 134.0 668.0 
1 3 0.44 0.44 992.0 213.0 992.0 668.0 134.0 668.0 323.0 11.0 323.0 
1 2 0.78 0.78 779.0 505.0 779.0 941.0 128.0 941.0 
1 2 0.93 0.93 545.0 266.0 545.0 158.0 70.0 158.0 
1 2 0.61 0.61 505.0 67.0 505.0 578.0 281.0 578.0 
1 3 0.73 0.73 505.0 67.0 505.0 578.0 281.0 578.0 332.0 38.0 332.0 
1 2 0.37 0.37 100.0 17.0 100.0 610.0 127.0 610.0 
1 3 0.91 0.91 100.0 17.0 100.0 610.0 127.0 610.0 381.0 205.0 381.0 
1 2 0.96 0.96 180.0 58.0 180.0 931.0 601.0 931.0 
1 2 0.69 0.69 449.0 222.0 449.0 813.0 167.0 813.0 
1 2 0.42 0.42 899.0 146.0 899.0 180.0 47.0 180.0 
1 2 0.37 0.37 297.0 59.0 297.0 176.0 31.0 176.0 
1 2 0.62 0.62 146.0 89.0 146.0 637.0 11.0 637.0 
1 3 0.97 0.97 146.0 89.0 146.0 637.0 11.0 637.0 58.0 20.0 58.0 
1 4 0.99 0.99 146.0 89.0 146.0 637.0 11.0 637.0 58.0 20.0 58.0 917.0 19.0 917.0 
1 2 0.88 0.88 608.0 485.0 608.0 535.0 45.0 535.0 
1 2 0.39 0.39 653.0 117.0 653.0 608.0 133.0 608.0 
1 3 0.88 0.88 653.0 117.0 653.0 608.0 133.0 608.0 76.0 37.0 76.0 
1 4 0.98 0.98 653.0 117.0 653.0 608.0 133.0 608.0 76.0 37.0 76.0 647.0 68.0 647.0 
1 2 0.36 0.36 660.0 189.0 660.0 384.0 31.0 384.0 
1 3 0.53 0.53 660.0 189.0 660.0 384.0 31.0 384.0 450.0 76.0 450.0 
1 4 0.54 0.54 660.0 189.0 660.0 384.0 31.0 384.0 450.0 76.0 450.0 436.0 5.0 436.0 
1 5 0.87 0.87 660.0 189.0 660.0 384.0 31.0 384.0 450.0 76.0 450.0 436.0 5.0 436.0 900.0 299.0 900.0 
1 2 0.32 0.32 243.0 2.0 243.0 963.0 305.0 963.0 
1 2 0.51 0.51 461.0 62.0 461.0 438.0 167.0 438.0 
1 2 0.74 0.74 374.0 147.0 374.0 1000.0 356.0 1000.0 
1 2 0.43 0.43 124.0 17.0 124.0 824.0 246.0 824.0 
1 2 0.27 0.27 18.0 2.0 18.0 469.0 75.0 469.0 
1 3 0.4 0.4 18.0 2.0 18.0 469.0 75.0 469.0 285.0 38.0 285.0 
1 2 0.1 0.1 163.0 17.0 163.0 524.0 1.0 524.0 
1 3 0.59 0.59 163.0 17.0 163.0 524.0 1.0 524.0 376.0 184.0 376.0 
1 4 0.68 0.68 163.0 17.0 163.0 524.0 1.0 524.0 376.0 184.0 376.0 119.0 11.0 119.0 
1 2 0.16 0.16 39.0 2.0 39.0 772.0 85.0 772.0 
1 3 0.97 0.97 39.0 2.0 39.0 772.0 85.0 772.0 906.0 741.0 906.0 
1 2 0.54 0.54 996.0 455.0 996.0 540.0 45.0 540.0 
1 2 0.38 0.38 24.0 5.0 24.0 512.0 92.0 512.0 
1 3 0.89 0.89 24.0 5.0 24.0 512.0 92.0 512.0 387.0 197.0 387.0 
1 4 0.95 0.95 24.0 5.0 24.0 512.0 92.0 512.0 387.0 197.0 387.0 639.0 36.0 639.0 
1 2 0.32 0.32 30.0 2.0 30.0 145.0 38.0 145.0 
1 3 0.55 0.55 30.0 2.0 30.0 145.0 38.0 145.0 866.0 197.0 866.0 
1 2 0.62 0.62 193.0 44.0 193.0 408.0 160.0 408.0 
1 3 0.66 0.66 193.0 44.0 193.0 408.0 160.0 408.0 513.0 22.0 513.0 
1 4 0.74 0.74 193.0 44.0 193.0 408.0 160.0 408.0 513.0 22.0 513.0 512.0 43.0 512.0 
1 5 0.95 0.95 193.0 44.0 193.0 408.0 160.0 408.0 513.0 22.0 513.0 512.0 43.0 512.0 847.0 178.0 847.0 
1 2 0.38 0.38 69.0 16.0 69.0 920.0 140.0 920.0 
1 3 0.45 0.45 69.0 16.0 69.0 920.0 140.0 920.0 389.0 29.0 389.0 
1 2 0.74 0.74 688.0 261.0 688.0 182.0 66.0 182.0 
1 2 0.64 0.64 776.0 54.0 776.0 595.0 341.0 595.0 
1 3 0.98 0.98 776.0 54.0 776.0 595.0 341.0 595.0 855.0 290.0 855.0 
1 2 0.28 0.28 253.0 71.0 253.0 886.0 8.0 886.0 
1 3 0.82 0.82 253.0 71.0 253.0 886.0 8.0 886.0 926.0 492.0 926.0 
1 2 0.43 0.43 961.0 337.0 961.0 728.0 65.0 728.0 
1 3 0.76 0.76 961.0 337.0 961.0 728.0 65.0 728.0 177.0 58.0 177.0 
1 2 0.95 0.95 527.0 167.0 527.0 657.0 420.0 657.0 
1 2 0.31 0.31 510.0 133.0 510.0 909.0 46.0 909.0 
1 3 0.38 0.38 510.0 133.0 510.0 909.0 46.0 909.0 349.0 25.0 349.0 
1 4 0.44 0.44 510.0 133.0 510.0 909.0 46.0 909.0 349.0 25.0 349.0 851.0 54.0 851.0 
1 5 0.7 0.7 510.0 133.0 510.0 909.0 46.0 909.0 349.0 25.0 349.0 851.0 54.0 851.0 494.0 130.0 494.0 
1 2 0.77 0.77 921.0 418.0 921.0 497.0 162.0 497.0 
1 2 0.07 0.07 822.0 42.0 822.0 376.0 9.0 376.0 
1 3 0.36 0.36 822.0 42.0 822.0 376.0 9.0 376.0 826.0 237.0 826.0 
1 4 0.41 0.41 822.0 42.0 822.0 376.0 9.0 376.0 826.0 237.0 826.0 513.0 26.0 513.0 
1 5 0.62 0.62 822.0 42.0 822.0 376.0 9.0 376.0 826.0 237.0 826.0 513.0 26.0 513.0 1000.0 212.0 1000.0 
1 2 0.63 0.63 572.0 181.0 572.0 158.0 50.0 158.0 
1 2 0.63 0.63 945.0 110.0 945.0 405.0 212.0 405.0 
1 2 0.51 0.51 225.0 72.0 225.0 109.0 21.0 109.0 
1 3 0.9 0.9 225.0 72.0 225.0 109.0 21.0 109.0 354.0 139.0 354.0 
1 4 0.96 0.96 225.0 72.0 225.0 109.0 21.0 109.0 354.0 139.0 354.0 488.0 30.0 488.0 
1 2 0.22 0.22 656.0 45.0 656.0 196.0 30.0 196.0 
1 3 0.3 0.3 656.0 45.0 656.0 196.0 30.0 196.0 627.0 51.0 627.0 
1 4 0.98 0.98 656.0 45.0 656.0 196.0 30.0 196.0 627.0 51.0 627.0 675.0 459.0 675.0 
1 2 0.7 0.7 774.0 172.0 774.0 192.0 92.0 192.0 
1 3 0.78 0.78 774.0 172.0 774.0 192.0 92.0 192.0 975.0 80.0 975.0 
1 2 0.47 0.47 503.0 194.0 503.0 686.0 64.0 686.0 
1 3 0.83 0.83 503.0 194.0 503.0 686.0 64.0 686.0 480.0 172.0 480.0 
1 2 0.38 0.38 140.0 46.0 140.0 383.0 20.0 383.0 
1 2 0.12 0.12 253.0 17.0 253.0 713.0 42.0 713.0 
1 3 0.23 0.23 253.0 17.0 253.0 713.0 42.0 713.0 45.0 5.0 45.0 
1 4 0.79 0.79 253.0 17.0 253.0 713.0 42.0 713.0 45.0 5.0 45.0 918.0 513.0 918.0 
1 2 0.88 0.88 43.0 7.0 43.0 207.0 149.0 207.0 
1 2 0.73 0.73 137.0 26.0 137.0 71.0 39.0 71.0 
1 2 0.31 0.31 223.0 12.0 223.0 594.0 154.0 594.0 
1 3 0.84 0.84 223.0 12.0 223.0 594.0 154.0 594.0 767.0 411.0 767.0 
1 4 0.89 0.89 223.0 12.0 223.0 594.0 154.0 594.0 767.0 411.0 767.0 703.0 29.0 703.0 
1 2 0.27 0.27 337.0 40.0 337.0 954.0 147.0 954.0 
1 3 0.49 0.49 337.0 40.0 337.0 954.0 147.0 954.0 939.0 204.0 939.0 
1 4 0.71 0.71 337.0 40.0 337.0 954.0 147.0 954.0 939.0 204.0 939.0 135.0 30.0 135.0 
1 2 0.77 0.77 10.0 7.0 10.0 393.0 28.0 393.0 
1 3 0.8 0.8 10.0 7.0 10.0 393.0 28.0 393.0 336.0 10.0 336.0 
1 4 0.8 0.8 10.0 7.0 10.0 393.0 28.0 393.0 336.0 10.0 336.0 811.0 4.0 811.0 
1 5 0.82 0.82 10.0 7.0 10.0 393.0 28.0 393.0 336.0 10.0 336.0 811.0 4.0 811.0 304.0 6.0 304.0 
1 2 0.32 0.32 666.0 53.0 666.0 856.0 206.0 856.0 
1 3 0.92 0.92 666.0 53.0 666.0 856.0 206.0 856.0 878.0 528.0 878.0 
1 2 0.66 0.66 622.0 327.0 622.0 454.0 62.0 454.0 
1 2 0.18 0.18 282.0 50.0 282.0 929.0 8.0 929.0 
1 3 0.65 0.65 282.0 50.0 282.0 929.0 8.0 929.0 736.0 346.0 736.0 
1 2 0.65 0.65 977.0 179.0 977.0 811.0 385.0 811.0 
1 2 0.67 0.67 87.0 33.0 87.0 902.0 263.0 902.0 
1 3 0.99 0.99 87.0 33.0 87.0 902.0 263.0 902.0 492.0 161.0 492.0 
1 2 0.54 0.54 398.0 5.0 398.0 624.0 334.0 624.0 
1 2 0.6 0.6 570.0 37.0 570.0 91.0 49.0 91.0 
1 2 0.43 0.43 794.0 150.0 794.0 995.0 242.0 995.0 
1 2 0.62 0.62 144.0 63.0 144.0 832.0 160.0 832.0 
1 2 0.95 0.95 380.0 108.0 380.0 93.0 62.0 93.0 
1 2 0.79 0.79 944.0 16.0 944.0 328.0 255.0 328.0 
1 3 0.95 0.95 944.0 16.0 944.0 328.0 255.0 328.0 298.0 49.0 298.0 
1 2 0.83 0.83 201.0 7.0 201.0 302.0 242.0 302.0 
1 3 0.89 0.89 201.0 7.0 201.0 302.0 242.0 302.0 430.0 24.0 430.0 
1 2 0.71 0.71 382.0 20.0 382.0 905.0 603.0 905.0 
1 3 0.86 0.86 382.0 20.0 382.0 905.0 603.0 905.0 394.0 56.0 394.0 
1 2 0.23 0.23 749.0 163.0 749.0 311.0 4.0 311.0 
1 3 0.67 0.67 749.0 163.0 749.0 311.0 4.0 311.0 54.0 24.0 54.0 
1 4 0.69 0.69 749.0 163.0 749.0 311.0 4.0 311.0 54.0 24.0 54.0 219.0 5.0 219.0 
1 5 0.85 0.85 749.0 163.0 749.0 311.0 4.0 311.0 54.0 24.0 54.0 219.0 5.0 219.0 866.0 136.0 866.0 
1 6 0.96 0.96 749.0 163.0 749.0 311.0 4.0 311.0 54.0 24.0 54.0 219.0 5.0 219.0 866.0 136.0 866.0 690.0 76.0 690.0 
1 2 0.56 0.56 817.0 418.0 817.0 19.0 1.0 19.0 
1 3 0.94 0.94 817.0 418.0 817.0 19.0 1.0 19.0 880.0 331.0 880.0 
1 2 0.46 0.46 300.0 125.0 300.0 257.0 12.0 257.0 
1 2 0.95 0.95 523.0 385.0 523.0 523.0 112.0 523.0 
1 2 0.79 0.79 525.0 231.0 525.0 797.0 280.0 797.0 
1 3 0.91 0.91 525.0 231.0 525.0 797.0 280.0 797.0 114.0 14.0 114.0 
1 2 0.5 0.5 994.0 284.0 994.0 970.0 214.0 970.0 
1 3 0.69 0.69 994.0 284.0 994.0 970.0 214.0 970.0 21.0 4.0 21.0 
1 4 0.95 0.95 994.0 284.0 994.0 970.0 214.0 970.0 21.0 4.0 21.0 615.0 161.0 615.0 
1 2 0.06 0.06 633.0 18.0 633.0 379.0 14.0 379.0 
1 3 0.75 0.75 633.0 18.0 633.0 379.0 14.0 379.0 216.0 148.0 216.0 
1 4 0.97 0.97 633.0 18.0 633.0 379.0 14.0 379.0 216.0 148.0 216.0 128.0 29.0 128.0 
1 2 0.21 0.21 921.0 19.0 921.0 357.0 71.0 357.0 
1 3 0.77 0.77 921.0 19.0 921.0 357.0 71.0 357.0 879.0 484.0 879.0 
1 4 0.97 0.97 921.0 19.0 921.0 357.0 71.0 357.0 879.0 484.0 879.0 348.0 71.0 348.0 
1 2 0.36 0.36 163.0 5.0 163.0 449.0 150.0 449.0 
1 3 0.57 0.57 163.0 5.0 163.0 449.0 150.0 449.0 294.0 63.0 294.0 
1 4 0.62 0.62 163.0 5.0 163.0 449.0 150.0 449.0 294.0 63.0 294.0 881.0 40.0 881.0 
1 5 0.62 0.62 163.0 5.0 163.0 449.0 150.0 449.0 294.0 63.0 294.0 881.0 40.0 881.0 198.0 1.0 198.0 
1 6 0.66 0.66 163.0 5.0 163.0 449.0 150.0 449.0 294.0 63.0 294.0 881.0 40.0 881.0 198.0 1.0 198.0 246.0 8.0 246.0 
1 7 0.85 0.85 163.0 5.0 163.0 449.0 150.0 449.0 294.0 63.0 294.0 881.0 40.0 881.0 198.0 1.0 198.0 246.0 8.0 246.0 642.0 122.0 642.0 
1 8 0.96 0.96 163.0 5.0 163.0 449.0 150.0 449.0 294.0 63.0 294.0 881.0 40.0 881.0 198.0 1.0 198.0 246.0 8.0 246.0 642.0 122.0 642.0 265.0 31.0 265.0 
1 2 0.19 0.19 974.0 126.0 974.0 592.0 38.0 592.0 
1 3 0.22 0.22 974.0 126.0 974.0 592.0 38.0 592.0 329.0 11.0 329.0 
1 4 0.24 0.24 974.0 126.0 974.0 592.0 38.0 592.0 329.0 11.0 329.0 573.0 12.0 573.0 
1 5 0.88 0.88 974.0 126.0 974.0 592.0 38.0 592.0 329.0 11.0 329.0 573.0 12.0 573.0 670.0 429.0 670.0 
1 2 0.31 0.31 385.0 1.0 385.0 26.0 8.0 26.0 
1 3 0.37 0.37 385.0 1.0 385.0 26.0 8.0 26.0 468.0 29.0 468.0 
1 2 0.34 0.34 461.0 149.0 461.0 911.0 24.0 911.0 
1 3 0.76 0.76 461.0 149.0 461.0 911.0 24.0 911.0 960.0 395.0 960.0 
1 2 0.29 0.29 769.0 72.0 769.0 322.0 65.0 322.0 
1 3 0.39 0.39 769.0 72.0 769.0 322.0 65.0 322.0 409.0 40.0 409.0 
1 4 0.47 0.47 769.0 72.0 769.0 322.0 65.0 322.0 409.0 40.0 409.0 791.0 62.0 791.0 
1 2 0.68 0.68 728.0 110.0 728.0 847.0 455.0 847.0 
1 2 0.89 0.89 102.0 43.0 102.0 21.0 10.0 21.0 
1 3 0.98 0.98 102.0 43.0 102.0 21.0 10.0 21.0 823.0 73.0 823.0 
1 2 0.23 0.23 650.0 42.0 650.0 905.0 151.0 905.0 
1 3 0.51 0.51 650.0 42.0 650.0 905.0 151.0 905.0 7.0 2.0 7.0 
1 4 0.69 0.69 650.0 42.0 650.0 905.0 151.0 905.0 7.0 2.0 7.0 397.0 69.0 397.0 
1 2 0.64 0.64 902.0 277.0 902.0 693.0 235.0 693.0 
1 3 0.93 0.93 902.0 277.0 902.0 693.0 235.0 693.0 7.0 2.0 7.0 
1 2 0.97 0.97 836.0 167.0 836.0 521.0 405.0 521.0 
1 2 0.75 0.75 90.0 40.0 90.0 788.0 246.0 788.0 
1 3 0.96 0.96 90.0 40.0 90.0 788.0 246.0 788.0 305.0 64.0 305.0 
1 2 0.29 0.29 626.0 74.0 626.0 155.0 28.0 155.0 
1 3 0.38 0.38 626.0 74.0 626.0 155.0 28.0 155.0 878.0 74.0 878.0 
1 4 0.88 0.88 626.0 74.0 626.0 155.0 28.0 155.0 878.0 74.0 878.0 785.0 394.0 785.0 
1 2 0.76 0.76 868.0 158.0 868.0 887.0 514.0 887.0 
1 2 0.36 0.36 54.0 9.0 54.0 236.0 46.0 236.0 
1 3 0.53 0.53 54.0 9.0 54.0 236.0 46.0 236.0 147.0 25.0 147.0 
1 2 0.69 0.69 145.0 53.0 145.0 172.0 56.0 172.0 
1 2 0.54 0.54 515.0 116.0 515.0 676.0 214.0 676.0 
1 2 0.9 0.9 252.0 167.0 252.0 691.0 170.0 691.0 
1 2 0.45 0.45 572.0 21.0 572.0 762.0 322.0 762.0 
1 2 0.85 0.85 649.0 367.0 649.0 426.0 123.0 426.0 
1 2 0.58 0.58 86.0 4.0 86.0 417.0 224.0 417.0 
1 3 0.84 0.84 86.0 4.0 86.0 417.0 224.0 417.0 391.0 102.0 391.0 
1 2 0.72 0.72 956.0 16.0 956.0 647.0 459.0 647.0 
1 2 0.91 0.91 933.0 329.0 933.0 874.0 493.0 874.0 
1 2 0.59 0.59 492.0 98.0 492.0 128.0 51.0 128.0 
1 2 0.59 0.59 23.0 11.0 23.0 898.0 106.0 898.0 
1 3 0.89 0.89 23.0 11.0 23.0 898.0 106.0 898.0 266.0 80.0 266.0 
1 2 0.64 0.64 593.0 333.0 593.0 655.0 56.0 655.0 
1 3 0.92 0.92 593.0 333.0 593.0 655.0 56.0 655.0 259.0 71.0 259.0 
1 2 0.75 0.75 342.0 22.0 342.0 611.0 422.0 611.0 
1 2 0.72 0.72 860.0 105.0 860.0 60.0 36.0 60.0 
1 3 0.98 0.98 860.0 105.0 860.0 60.0 36.0 60.0 380.0 100.0 380.0 
1 2 0.64 0.64 202.0 10.0 202.0 299.0 178.0 299.0 
1 3 0.83 0.83 202.0 10.0 202.0 299.0 178.0 299.0 424.0 82.0 424.0 
1 2 0.79 0.79 349.0 189.0 349.0 878.0 225.0 878.0 
1 2 0.29 0.29 405.0 24.0 405.0 939.0 220.0 939.0 
1 3 0.39 0.39 405.0 24.0 405.0 939.0 220.0 939.0 47.0 5.0 47.0 
1 4 0.59 0.59 405.0 24.0 405.0 939.0 220.0 939.0 47.0 5.0 47.0 164.0 32.0 164.0 
1 2 0.46 0.46 585.0 117.0 585.0 143.0 38.0 143.0 
1 2 0.07 0.07 285.0 20.0 285.0 546.0 1.0 546.0 
1 3 0.37 0.37 285.0 20.0 285.0 546.0 1.0 546.0 838.0 258.0 838.0 
1 4 0.4 0.4 285.0 20.0 285.0 546.0 1.0 546.0 838.0 258.0 838.0 40.0 1.0 40.0 
1 5 0.8 0.8 285.0 20.0 285.0 546.0 1.0 546.0 838.0 258.0 838.0 40.0 1.0 40.0 770.0 309.0 770.0 
1 2 0.56 0.56 462.0 258.0 462.0 311.0 3.0 311.0 
1 2 0.34 0.34 239.0 10.0 239.0 108.0 33.0 108.0 
1 3 0.44 0.44 239.0 10.0 239.0 108.0 33.0 108.0 872.0 82.0 872.0 
1 4 0.78 0.78 239.0 10.0 239.0 108.0 33.0 108.0 872.0 82.0 872.0 29.0 10.0 29.0 
1 2 0.08 0.08 321.0 6.0 321.0 718.0 49.0 718.0 
1 3 0.52 0.52 321.0 6.0 321.0 718.0 49.0 718.0 404.0 178.0 404.0 
1 4 0.85 0.85 321.0 6.0 321.0 718.0 49.0 718.0 404.0 178.0 404.0 179.0 58.0 179.0 
1 2 0.27 0.27 887.0 208.0 887.0 960.0 37.0 960.0 
1 3 0.35 0.35 887.0 208.0 887.0 960.0 37.0 960.0 554.0 46.0 554.0 
1 4 0.84 0.84 887.0 208.0 887.0 960.0 37.0 960.0 554.0 46.0 554.0 956.0 463.0 956.0 
1 2 0.78 0.78 23.0 6.0 23.0 171.0 90.0 171.0 
1 3 0.89 0.89 23.0 6.0 23.0 171.0 90.0 171.0 100.0 11.0 100.0 
1 2 0.85 0.85 16.0 9.0 16.0 901.0 262.0 901.0 
1 3 0.97 0.97 16.0 9.0 16.0 901.0 262.0 901.0 682.0 85.0 682.0 
1 2 0.22 0.22 751.0 129.0 751.0 151.0 8.0 151.0 
1 3 0.57 0.57 751.0 129.0 751.0 151.0 8.0 151.0 855.0 299.0 855.0 
1 4 0.7 0.7 751.0 129.0 751.0 151.0 8.0 151.0 855.0 299.0 855.0 316.0 42.0 316.0 
1 2 0.34 0.34 450.0 98.0 450.0 578.0 75.0 578.0 
1 2 0.78 0.78 216.0 120.0 216.0 358.0 81.0 358.0 
1 3 0.82 0.82 216.0 120.0 216.0 358.0 81.0 358.0 187.0 9.0 187.0 
1 2 0.26 0.26 142.0 30.0 142.0 54.0 3.0 54.0 
1 2 0.47 0.47 119.0 12.0 119.0 104.0 39.0 104.0 
1 3 0.64 0.64 119.0 12.0 119.0 104.0 39.0 104.0 539.0 93.0 539.0 
1 4 0.7 0.7 119.0 12.0 119.0 104.0 39.0 104.0 539.0 93.0 539.0 508.0 31.0 508.0 
1 2 0.83 0.83 134.0 67.0 134.0 541.0 180.0 541.0 
1 2 0.24 0.24 880.0 152.0 880.0 752.0 52.0 752.0 
1 3 0.28 0.28 880.0 152.0 880.0 752.0 52.0 752.0 546.0 26.0 546.0 
1 4 0.85 0.85 880.0 152.0 880.0 752.0 52.0 752.0 546.0 26.0 546.0 478.0 269.0 478.0 
1 5 0.94 0.94 880.0 152.0 880.0 752.0 52.0 752.0 546.0 26.0 546.0 478.0 269.0 478.0 278.0 25.0 278.0 
1 2 0.65 0.65 437.0 213.0 437.0 805.0 138.0 805.0 
1 3 0.73 0.73 437.0 213.0 437.0 805.0 138.0 805.0 918.0 74.0 918.0 
1 4 0.81 0.81 437.0 213.0 437.0 805.0 138.0 805.0 918.0 74.0 918.0 914.0 67.0 914.0 
1 2 0.59 0.59 755.0 255.0 755.0 310.0 81.0 310.0 
1 3 0.61 0.61 755.0 255.0 755.0 310.0 81.0 310.0 772.0 9.0 772.0 
1 4 0.73 0.73 755.0 255.0 755.0 310.0 81.0 310.0 772.0 9.0 772.0 532.0 68.0 532.0 
1 2 0.87 0.87 335.0 82.0 335.0 403.0 253.0 403.0 
1 2 0.31 0.31 449.0 112.0 449.0 90.0 6.0 90.0 
1 3 0.81 0.81 449.0 112.0 449.0 90.0 6.0 90.0 835.0 415.0 835.0 
1 2 0.69 0.69 951.0 472.0 951.0 753.0 146.0 753.0 
1 3 0.73 0.73 951.0 472.0 951.0 753.0 146.0 753.0 391.0 17.0 391.0 
1 4 0.79 0.79 951.0 472.0 951.0 753.0 146.0 753.0 391.0 17.0 391.0 274.0 18.0 274.0 
1 5 0.88 0.88 951.0 472.0 951.0 753.0 146.0 753.0 391.0 17.0 391.0 274.0 18.0 274.0 205.0 17.0 205.0 
1 2 0.25 0.25 511.0 17.0 511.0 23.0 5.0 23.0 
1 3 0.56 0.56 511.0 17.0 511.0 23.0 5.0 23.0 529.0 167.0 529.0 
1 4 0.67 0.67 511.0 17.0 511.0 23.0 5.0 23.0 529.0 167.0 529.0 9.0 1.0 9.0 
1 2 0.64 0.64 667.0 35.0 667.0 162.0 96.0 162.0 
1 3 0.94 0.94 667.0 35.0 667.0 162.0 96.0 162.0 463.0 139.0 463.0 
1 2 0.37 0.37 40.0 14.0 40.0 481.0 14.0 481.0 
1 3 0.97 0.97 40.0 14.0 40.0 481.0 14.0 481.0 993.0 592.0 993.0 
1 2 0.36 0.36 140.0 15.0 140.0 664.0 174.0 664.0 
1 3 0.53 0.53 140.0 15.0 140.0 664.0 174.0 664.0 419.0 70.0 419.0 
1 4 0.6 0.6 140.0 15.0 140.0 664.0 174.0 664.0 419.0 70.0 419.0 115.0 8.0 115.0 
1 2 0.62 0.62 305.0 140.0 305.0 6.0 1.0 6.0 
1 2 0.56 0.56 259.0 112.0 259.0 120.0 16.0 120.0 
1 2 0.24 0.24 779.0 183.0 779.0 294.0 3.0 294.0 
1 2 0.97 0.97 264.0 230.0 264.0 731.0 74.0 731.0 
1 2 0.98 0.98 487.0 34.0 487.0 248.0 228.0 248.0 
1 2 0.46 0.46 30.0 13.0 30.0 36.0 1.0 36.0 
1 3 0.76 0.76 30.0 13.0 30.0 36.0 1.0 36.0 413.0 124.0 413.0 
1 2 0.89 0.89 5.0 4.0 5.0 686.0 64.0 686.0 
1 2 0.79 0.79 452.0 210.0 452.0 3.0 1.0 3.0 
1 2 0.35 0.35 700.0 136.0 700.0 770.0 127.0 770.0 
1 3 0.43 0.43 700.0 136.0 700.0 770.0 127.0 770.0 792.0 58.0 792.0 
1 2 0.66 0.66 261.0 26.0 261.0 377.0 213.0 377.0 
1 2 0.4 0.4 206.0 14.0 206.0 411.0 140.0 411.0 
1 2 0.5 0.5 218.0 75.0 218.0 745.0 121.0 745.0 
1 3 0.97 0.97 218.0 75.0 218.0 745.0 121.0 745.0 567.0 263.0 567.0 
1 2 0.74 0.74 281.0 44.0 281.0 740.0 432.0 740.0 
1 3 0.74 0.74 281.0 44.0 281.0 740.0 432.0 740.0 870.0 8.0 870.0 
1 4 0.92 0.92 281.0 44.0 281.0 740.0 432.0 740.0 870.0 8.0 870.0 312.0 56.0 312.0 
1 2 0.86 0.86 961.0 691.0 961.0 254.0 38.0 254.0 
1 2 0.64 0.64 315.0 41.0 315.0 812.0 416.0 812.0 
1 3 0.66 0.66 315.0 41.0 315.0 812.0 416.0 812.0 780.0 17.0 780.0 
1 2 0.53 0.53 418.0 96.0 418.0 578.0 174.0 578.0 
1 2 0.7 0.7 124.0 48.0 124.0 929.0 291.0 929.0 
1 2 0.21 0.21 610.0 118.0 610.0 258.0 6.0 258.0 
1 2 0.34 0.34 82.0 26.0 82.0 369.0 12.0 369.0 
1 2 0.46 0.46 525.0 196.0 525.0 66.0 6.0 66.0 
1 3 0.59 0.59 525.0 196.0 525.0 66.0 6.0 66.0 441.0 57.0 441.0 
1 2 0.33 0.33 778.0 110.0 778.0 817.0 158.0 817.0 
1 3 0.42 0.42 778.0 110.0 778.0 817.0 158.0 817.0 929.0 85.0 929.0 
