1 2 0.15 0.15 504.0 70.0 504.0 350.0 4.0 350.0 
1 3 0.33 0.33 504.0 70.0 504.0 350.0 4.0 350.0 127.0 24.0 127.0 
1 4 0.61 0.61 504.0 70.0 504.0 350.0 4.0 350.0 127.0 24.0 127.0 47.0 13.0 47.0 
1 2 0.11 0.11 512.0 59.0 512.0 357.0 1.0 357.0 
1 3 0.35 0.35 512.0 59.0 512.0 357.0 1.0 357.0 685.0 161.0 685.0 
1 4 0.81 0.81 512.0 59.0 512.0 357.0 1.0 357.0 685.0 161.0 685.0 296.0 138.0 296.0 
1 2 0.12 0.12 830.0 60.0 830.0 373.0 21.0 373.0 
1 3 0.57 0.57 830.0 60.0 830.0 373.0 21.0 373.0 523.0 231.0 523.0 
1 4 0.76 0.76 830.0 60.0 830.0 373.0 21.0 373.0 523.0 231.0 523.0 772.0 150.0 772.0 
1 5 0.93 0.93 830.0 60.0 830.0 373.0 21.0 373.0 523.0 231.0 523.0 772.0 150.0 772.0 93.0 16.0 93.0 
1 6 0.94 0.94 830.0 60.0 830.0 373.0 21.0 373.0 523.0 231.0 523.0 772.0 150.0 772.0 93.0 16.0 93.0 88.0 1.0 88.0 
1 7 0.96 0.96 830.0 60.0 830.0 373.0 21.0 373.0 523.0 231.0 523.0 772.0 150.0 772.0 93.0 16.0 93.0 88.0 1.0 88.0 552.0 7.0 552.0 
1 2 0.36 0.36 9.0 3.0 9.0 146.0 4.0 146.0 
1 3 0.65 0.65 9.0 3.0 9.0 146.0 4.0 146.0 696.0 203.0 696.0 
1 4 0.98 0.98 9.0 3.0 9.0 146.0 4.0 146.0 696.0 203.0 696.0 827.0 277.0 827.0 
1 2 0.37 0.37 543.0 80.0 543.0 351.0 80.0 351.0 
1 3 0.55 0.55 543.0 80.0 543.0 351.0 80.0 351.0 446.0 78.0 446.0 
1 4 0.65 0.65 543.0 80.0 543.0 351.0 80.0 351.0 446.0 78.0 446.0 657.0 67.0 657.0 
1 5 0.75 0.75 543.0 80.0 543.0 351.0 80.0 351.0 446.0 78.0 446.0 657.0 67.0 657.0 462.0 49.0 462.0 
1 6 0.76 0.76 543.0 80.0 543.0 351.0 80.0 351.0 446.0 78.0 446.0 657.0 67.0 657.0 462.0 49.0 462.0 258.0 3.0 258.0 
1 2 0.09 0.09 434.0 2.0 434.0 159.0 15.0 159.0 
1 3 0.45 0.45 434.0 2.0 434.0 159.0 15.0 159.0 605.0 216.0 605.0 
1 4 0.46 0.46 434.0 2.0 434.0 159.0 15.0 159.0 605.0 216.0 605.0 747.0 9.0 747.0 
1 5 0.62 0.62 434.0 2.0 434.0 159.0 15.0 159.0 605.0 216.0 605.0 747.0 9.0 747.0 379.0 58.0 379.0 
1 6 0.82 0.82 434.0 2.0 434.0 159.0 15.0 159.0 605.0 216.0 605.0 747.0 9.0 747.0 379.0 58.0 379.0 614.0 124.0 614.0 
1 7 0.94 0.94 434.0 2.0 434.0 159.0 15.0 159.0 605.0 216.0 605.0 747.0 9.0 747.0 379.0 58.0 379.0 614.0 124.0 614.0 116.0 14.0 116.0 
1 2 0.57 0.57 160.0 53.0 160.0 736.0 179.0 736.0 
1 2 0.59 0.59 137.0 7.0 137.0 157.0 86.0 157.0 
1 3 0.62 0.62 137.0 7.0 137.0 157.0 86.0 157.0 276.0 7.0 276.0 
1 4 0.63 0.63 137.0 7.0 137.0 157.0 86.0 157.0 276.0 7.0 276.0 336.0 3.0 336.0 
1 2 0.97 0.97 668.0 57.0 668.0 955.0 847.0 955.0 
1 2 0.47 0.47 130.0 43.0 130.0 445.0 66.0 445.0 
1 3 0.54 0.54 130.0 43.0 130.0 445.0 66.0 445.0 639.0 39.0 639.0 
1 4 0.88 0.88 130.0 43.0 130.0 445.0 66.0 445.0 639.0 39.0 639.0 41.0 14.0 41.0 
1 5 0.97 0.97 130.0 43.0 130.0 445.0 66.0 445.0 639.0 39.0 639.0 41.0 14.0 41.0 935.0 85.0 935.0 
1 2 0.46 0.46 888.0 7.0 888.0 861.0 391.0 861.0 
1 3 0.96 0.96 888.0 7.0 888.0 861.0 391.0 861.0 247.0 124.0 247.0 
1 2 0.38 0.38 590.0 108.0 590.0 182.0 36.0 182.0 
1 3 0.82 0.82 590.0 108.0 590.0 182.0 36.0 182.0 431.0 193.0 431.0 
1 2 0.15 0.15 170.0 9.0 170.0 897.0 93.0 897.0 
1 3 0.31 0.31 170.0 9.0 170.0 897.0 93.0 897.0 742.0 116.0 742.0 
1 4 0.35 0.35 170.0 9.0 170.0 897.0 93.0 897.0 742.0 116.0 742.0 383.0 17.0 383.0 
1 5 0.39 0.39 170.0 9.0 170.0 897.0 93.0 897.0 742.0 116.0 742.0 383.0 17.0 383.0 183.0 7.0 183.0 
1 6 0.53 0.53 170.0 9.0 170.0 897.0 93.0 897.0 742.0 116.0 742.0 383.0 17.0 383.0 183.0 7.0 183.0 81.0 11.0 81.0 
1 7 0.6 0.6 170.0 9.0 170.0 897.0 93.0 897.0 742.0 116.0 742.0 383.0 17.0 383.0 183.0 7.0 183.0 81.0 11.0 81.0 474.0 35.0 474.0 
1 8 0.86 0.86 170.0 9.0 170.0 897.0 93.0 897.0 742.0 116.0 742.0 383.0 17.0 383.0 183.0 7.0 183.0 81.0 11.0 81.0 474.0 35.0 474.0 850.0 223.0 850.0 
1 9 0.91 0.91 170.0 9.0 170.0 897.0 93.0 897.0 742.0 116.0 742.0 383.0 17.0 383.0 183.0 7.0 183.0 81.0 11.0 81.0 474.0 35.0 474.0 850.0 223.0 850.0 182.0 9.0 182.0 
1 2 0.53 0.53 585.0 64.0 585.0 999.0 421.0 999.0 
1 3 0.95 0.95 585.0 64.0 585.0 999.0 421.0 999.0 497.0 212.0 497.0 
1 2 0.19 0.19 209.0 15.0 209.0 849.0 102.0 849.0 
1 3 0.29 0.29 209.0 15.0 209.0 849.0 102.0 849.0 625.0 67.0 625.0 
1 2 0.48 0.48 488.0 106.0 488.0 903.0 244.0 903.0 
1 3 0.69 0.69 488.0 106.0 488.0 903.0 244.0 903.0 741.0 155.0 741.0 
1 2 0.9 0.9 988.0 527.0 988.0 641.0 235.0 641.0 
1 2 0.49 0.49 976.0 327.0 976.0 791.0 128.0 791.0 
1 3 0.79 0.79 976.0 327.0 976.0 791.0 128.0 791.0 508.0 149.0 508.0 
1 4 0.93 0.93 976.0 327.0 976.0 791.0 128.0 791.0 508.0 149.0 508.0 898.0 133.0 898.0 
1 2 0.74 0.74 54.0 35.0 54.0 754.0 75.0 754.0 
1 3 0.8 0.8 54.0 35.0 54.0 754.0 75.0 754.0 786.0 45.0 786.0 
1 4 0.85 0.85 54.0 35.0 54.0 754.0 75.0 754.0 786.0 45.0 786.0 56.0 3.0 56.0 
1 5 0.97 0.97 54.0 35.0 54.0 754.0 75.0 754.0 786.0 45.0 786.0 56.0 3.0 56.0 170.0 20.0 170.0 
1 2 0.29 0.29 920.0 156.0 920.0 646.0 82.0 646.0 
1 3 0.71 0.71 920.0 156.0 920.0 646.0 82.0 646.0 336.0 141.0 336.0 
1 4 0.75 0.75 920.0 156.0 920.0 646.0 82.0 646.0 336.0 141.0 336.0 652.0 28.0 652.0 
1 2 0.73 0.73 767.0 202.0 767.0 479.0 225.0 479.0 
1 2 0.24 0.24 631.0 118.0 631.0 989.0 58.0 989.0 
1 3 0.29 0.29 631.0 118.0 631.0 989.0 58.0 989.0 988.0 48.0 988.0 
1 4 0.52 0.52 631.0 118.0 631.0 989.0 58.0 989.0 988.0 48.0 988.0 736.0 171.0 736.0 
1 5 0.72 0.72 631.0 118.0 631.0 989.0 58.0 989.0 988.0 48.0 988.0 736.0 171.0 736.0 114.0 23.0 114.0 
1 6 0.88 0.88 631.0 118.0 631.0 989.0 58.0 989.0 988.0 48.0 988.0 736.0 171.0 736.0 114.0 23.0 114.0 207.0 33.0 207.0 
1 7 0.94 0.94 631.0 118.0 631.0 989.0 58.0 989.0 988.0 48.0 988.0 736.0 171.0 736.0 114.0 23.0 114.0 207.0 33.0 207.0 570.0 34.0 570.0 
1 8 0.96 0.96 631.0 118.0 631.0 989.0 58.0 989.0 988.0 48.0 988.0 736.0 171.0 736.0 114.0 23.0 114.0 207.0 33.0 207.0 570.0 34.0 570.0 470.0 10.0 470.0 
1 9 0.97 0.97 631.0 118.0 631.0 989.0 58.0 989.0 988.0 48.0 988.0 736.0 171.0 736.0 114.0 23.0 114.0 207.0 33.0 207.0 570.0 34.0 570.0 470.0 10.0 470.0 410.0 3.0 410.0 
1 2 0.22 0.22 571.0 49.0 571.0 417.0 59.0 417.0 
1 3 0.23 0.23 571.0 49.0 571.0 417.0 59.0 417.0 395.0 3.0 395.0 
1 4 0.37 0.37 571.0 49.0 571.0 417.0 59.0 417.0 395.0 3.0 395.0 326.0 46.0 326.0 
1 2 0.6 0.6 784.0 55.0 784.0 56.0 30.0 56.0 
1 3 0.66 0.66 784.0 55.0 784.0 56.0 30.0 56.0 648.0 36.0 648.0 
1 4 0.92 0.92 784.0 55.0 784.0 56.0 30.0 56.0 648.0 36.0 648.0 450.0 118.0 450.0 
1 5 0.96 0.96 784.0 55.0 784.0 56.0 30.0 56.0 648.0 36.0 648.0 450.0 118.0 450.0 447.0 17.0 447.0 
1 2 0.77 0.77 843.0 148.0 843.0 951.0 572.0 951.0 
1 2 0.83 0.83 934.0 773.0 934.0 516.0 3.0 516.0 
1 2 0.55 0.55 80.0 8.0 80.0 921.0 416.0 921.0 
1 2 0.59 0.59 975.0 310.0 975.0 909.0 251.0 909.0 
1 3 0.79 0.79 975.0 310.0 975.0 909.0 251.0 909.0 355.0 71.0 355.0 
1 2 0.76 0.76 96.0 33.0 96.0 54.0 23.0 54.0 
1 3 0.82 0.82 96.0 33.0 96.0 54.0 23.0 54.0 879.0 46.0 879.0 
1 2 0.24 0.24 911.0 172.0 911.0 638.0 38.0 638.0 
1 3 0.78 0.78 911.0 172.0 911.0 638.0 38.0 638.0 259.0 139.0 259.0 
1 2 0.81 0.81 22.0 7.0 22.0 22.0 11.0 22.0 
1 3 0.98 0.98 22.0 7.0 22.0 22.0 11.0 22.0 811.0 135.0 811.0 
1 2 0.9 0.9 415.0 173.0 415.0 76.0 37.0 76.0 
1 2 0.47 0.47 265.0 99.0 265.0 10.0 1.0 10.0 
1 3 0.51 0.51 265.0 99.0 265.0 10.0 1.0 10.0 190.0 7.0 190.0 
1 4 0.73 0.73 265.0 99.0 265.0 10.0 1.0 10.0 190.0 7.0 190.0 45.0 10.0 45.0 
1 2 0.44 0.44 969.0 188.0 969.0 666.0 166.0 666.0 
1 3 0.49 0.49 969.0 188.0 969.0 666.0 166.0 666.0 690.0 33.0 690.0 
1 4 0.55 0.55 969.0 188.0 969.0 666.0 166.0 666.0 690.0 33.0 690.0 990.0 62.0 990.0 
1 5 0.74 0.74 969.0 188.0 969.0 666.0 166.0 666.0 690.0 33.0 690.0 990.0 62.0 990.0 973.0 183.0 973.0 
1 6 0.86 0.86 969.0 188.0 969.0 666.0 166.0 666.0 690.0 33.0 690.0 990.0 62.0 990.0 973.0 183.0 973.0 812.0 100.0 812.0 
1 2 0.77 0.77 127.0 9.0 127.0 698.0 489.0 698.0 
1 3 0.84 0.84 127.0 9.0 127.0 698.0 489.0 698.0 390.0 28.0 390.0 
1 4 0.84 0.84 127.0 9.0 127.0 698.0 489.0 698.0 390.0 28.0 390.0 519.0 3.0 519.0 
1 2 0.26 0.26 943.0 247.0 943.0 647.0 5.0 647.0 
1 3 0.41 0.41 943.0 247.0 943.0 647.0 5.0 647.0 591.0 85.0 591.0 
1 4 0.47 0.47 943.0 247.0 943.0 647.0 5.0 647.0 591.0 85.0 591.0 525.0 33.0 525.0 
1 5 0.57 0.57 943.0 247.0 943.0 647.0 5.0 647.0 591.0 85.0 591.0 525.0 33.0 525.0 514.0 50.0 514.0 
1 6 0.76 0.76 943.0 247.0 943.0 647.0 5.0 647.0 591.0 85.0 591.0 525.0 33.0 525.0 514.0 50.0 514.0 199.0 39.0 199.0 
1 7 0.94 0.94 943.0 247.0 943.0 647.0 5.0 647.0 591.0 85.0 591.0 525.0 33.0 525.0 514.0 50.0 514.0 199.0 39.0 199.0 158.0 27.0 158.0 
1 8 0.98 0.98 943.0 247.0 943.0 647.0 5.0 647.0 591.0 85.0 591.0 525.0 33.0 525.0 514.0 50.0 514.0 199.0 39.0 199.0 158.0 27.0 158.0 820.0 37.0 820.0 
1 2 0.42 0.42 177.0 68.0 177.0 581.0 25.0 581.0 
1 3 0.64 0.64 177.0 68.0 177.0 581.0 25.0 581.0 749.0 161.0 749.0 
1 2 0.74 0.74 240.0 62.0 240.0 777.0 378.0 777.0 
1 2 0.21 0.21 953.0 58.0 953.0 634.0 100.0 634.0 
1 3 0.38 0.38 953.0 58.0 953.0 634.0 100.0 634.0 295.0 49.0 295.0 
1 4 0.7 0.7 953.0 58.0 953.0 634.0 100.0 634.0 295.0 49.0 295.0 294.0 95.0 294.0 
1 5 0.71 0.71 953.0 58.0 953.0 634.0 100.0 634.0 295.0 49.0 295.0 294.0 95.0 294.0 571.0 5.0 571.0 
1 6 0.92 0.92 953.0 58.0 953.0 634.0 100.0 634.0 295.0 49.0 295.0 294.0 95.0 294.0 571.0 5.0 571.0 639.0 133.0 639.0 
1 2 0.86 0.86 828.0 210.0 828.0 493.0 300.0 493.0 
1 2 0.36 0.36 799.0 18.0 799.0 840.0 289.0 840.0 
1 3 0.56 0.56 799.0 18.0 799.0 840.0 289.0 840.0 972.0 192.0 972.0 
1 4 0.81 0.81 799.0 18.0 799.0 840.0 289.0 840.0 972.0 192.0 972.0 77.0 19.0 77.0 
1 5 0.9 0.9 799.0 18.0 799.0 840.0 289.0 840.0 972.0 192.0 972.0 77.0 19.0 77.0 359.0 35.0 359.0 
1 2 0.4 0.4 439.0 156.0 439.0 333.0 15.0 333.0 
1 2 0.49 0.49 95.0 24.0 95.0 602.0 147.0 602.0 
1 3 0.78 0.78 95.0 24.0 95.0 602.0 147.0 602.0 569.0 166.0 569.0 
1 4 0.9 0.9 95.0 24.0 95.0 602.0 147.0 602.0 569.0 166.0 569.0 790.0 90.0 790.0 
1 2 0.06 0.06 834.0 25.0 834.0 711.0 25.0 711.0 
1 3 0.25 0.25 834.0 25.0 834.0 711.0 25.0 711.0 188.0 36.0 188.0 
1 4 0.34 0.34 834.0 25.0 834.0 711.0 25.0 711.0 188.0 36.0 188.0 456.0 40.0 456.0 
1 5 0.53 0.53 834.0 25.0 834.0 711.0 25.0 711.0 188.0 36.0 188.0 456.0 40.0 456.0 515.0 96.0 515.0 
1 6 0.57 0.57 834.0 25.0 834.0 711.0 25.0 711.0 188.0 36.0 188.0 456.0 40.0 456.0 515.0 96.0 515.0 74.0 3.0 74.0 
1 7 0.9 0.9 834.0 25.0 834.0 711.0 25.0 711.0 188.0 36.0 188.0 456.0 40.0 456.0 515.0 96.0 515.0 74.0 3.0 74.0 708.0 239.0 708.0 
1 2 0.18 0.18 426.0 18.0 426.0 408.0 57.0 408.0 
1 3 0.47 0.47 426.0 18.0 426.0 408.0 57.0 408.0 767.0 222.0 767.0 
1 4 0.69 0.69 426.0 18.0 426.0 408.0 57.0 408.0 767.0 222.0 767.0 57.0 13.0 57.0 
1 2 0.26 0.26 420.0 48.0 420.0 403.0 60.0 403.0 
1 3 0.62 0.62 420.0 48.0 420.0 403.0 60.0 403.0 909.0 328.0 909.0 
1 2 0.74 0.74 935.0 74.0 935.0 976.0 650.0 976.0 
1 2 0.08 0.08 312.0 3.0 312.0 96.0 7.0 96.0 
1 3 0.28 0.28 312.0 3.0 312.0 96.0 7.0 96.0 543.0 112.0 543.0 
1 4 0.6 0.6 312.0 3.0 312.0 96.0 7.0 96.0 543.0 112.0 543.0 907.0 283.0 907.0 
1 5 0.81 0.81 312.0 3.0 312.0 96.0 7.0 96.0 543.0 112.0 543.0 907.0 283.0 907.0 196.0 42.0 196.0 
1 2 0.34 0.34 677.0 229.0 677.0 626.0 7.0 626.0 
1 3 0.96 0.96 677.0 229.0 677.0 626.0 7.0 626.0 348.0 215.0 348.0 
1 2 0.37 0.37 536.0 140.0 536.0 355.0 40.0 355.0 
1 3 0.49 0.49 536.0 140.0 536.0 355.0 40.0 355.0 860.0 104.0 860.0 
1 4 0.56 0.56 536.0 140.0 536.0 355.0 40.0 355.0 860.0 104.0 860.0 554.0 41.0 554.0 
1 2 0.27 0.27 5.0 1.0 5.0 57.0 4.0 57.0 
1 3 0.38 0.38 5.0 1.0 5.0 57.0 4.0 57.0 511.0 59.0 511.0 
1 4 0.93 0.93 5.0 1.0 5.0 57.0 4.0 57.0 511.0 59.0 511.0 721.0 394.0 721.0 
1 2 0.09 0.09 38.0 1.0 38.0 287.0 21.0 287.0 
1 3 0.19 0.19 38.0 1.0 38.0 287.0 21.0 287.0 363.0 35.0 363.0 
1 4 0.97 0.97 38.0 1.0 38.0 287.0 21.0 287.0 363.0 35.0 363.0 500.0 391.0 500.0 
1 2 0.58 0.58 469.0 237.0 469.0 151.0 12.0 151.0 
1 3 0.64 0.64 469.0 237.0 469.0 151.0 12.0 151.0 849.0 50.0 849.0 
1 4 0.75 0.75 469.0 237.0 469.0 151.0 12.0 151.0 849.0 50.0 849.0 985.0 114.0 985.0 
1 2 0.34 0.34 729.0 75.0 729.0 810.0 193.0 810.0 
1 3 0.46 0.46 729.0 75.0 729.0 810.0 193.0 810.0 99.0 12.0 99.0 
1 2 0.21 0.21 959.0 160.0 959.0 638.0 32.0 638.0 
1 3 0.42 0.42 959.0 160.0 959.0 638.0 32.0 638.0 557.0 115.0 557.0 
1 4 0.61 0.61 959.0 160.0 959.0 638.0 32.0 638.0 557.0 115.0 557.0 351.0 66.0 351.0 
1 2 0.46 0.46 459.0 50.0 459.0 233.0 82.0 233.0 
1 3 0.81 0.81 459.0 50.0 459.0 233.0 82.0 233.0 399.0 141.0 399.0 
1 2 0.66 0.66 243.0 70.0 243.0 21.0 8.0 21.0 
1 2 0.03 0.03 508.0 16.0 508.0 835.0 6.0 835.0 
1 3 0.29 0.29 508.0 16.0 508.0 835.0 6.0 835.0 240.0 62.0 240.0 
1 4 0.73 0.73 508.0 16.0 508.0 835.0 6.0 835.0 240.0 62.0 240.0 360.0 157.0 360.0 
1 5 0.83 0.83 508.0 16.0 508.0 835.0 6.0 835.0 240.0 62.0 240.0 360.0 157.0 360.0 768.0 78.0 768.0 
1 2 0.38 0.38 336.0 39.0 336.0 212.0 56.0 212.0 
1 3 0.72 0.72 336.0 39.0 336.0 212.0 56.0 212.0 397.0 138.0 397.0 
1 2 0.11 0.11 975.0 13.0 975.0 676.0 68.0 676.0 
1 3 0.17 0.17 975.0 13.0 975.0 676.0 68.0 676.0 695.0 40.0 695.0 
1 4 0.46 0.46 975.0 13.0 975.0 676.0 68.0 676.0 695.0 40.0 695.0 200.0 59.0 200.0 
1 2 0.32 0.32 476.0 130.0 476.0 982.0 53.0 982.0 
1 3 0.47 0.47 476.0 130.0 476.0 982.0 53.0 982.0 465.0 69.0 465.0 
1 4 0.95 0.95 476.0 130.0 476.0 982.0 53.0 982.0 465.0 69.0 465.0 149.0 71.0 149.0 
1 5 0.96 0.96 476.0 130.0 476.0 982.0 53.0 982.0 465.0 69.0 465.0 149.0 71.0 149.0 123.0 2.0 123.0 
1 2 0.16 0.16 826.0 29.0 826.0 853.0 110.0 853.0 
1 3 0.18 0.18 826.0 29.0 826.0 853.0 110.0 853.0 526.0 11.0 526.0 
1 4 0.34 0.34 826.0 29.0 826.0 853.0 110.0 853.0 526.0 11.0 526.0 572.0 91.0 572.0 
1 5 0.39 0.39 826.0 29.0 826.0 853.0 110.0 853.0 526.0 11.0 526.0 572.0 91.0 572.0 675.0 36.0 675.0 
1 6 0.5 0.5 826.0 29.0 826.0 853.0 110.0 853.0 526.0 11.0 526.0 572.0 91.0 572.0 675.0 36.0 675.0 9.0 1.0 9.0 
1 7 0.56 0.56 826.0 29.0 826.0 853.0 110.0 853.0 526.0 11.0 526.0 572.0 91.0 572.0 675.0 36.0 675.0 9.0 1.0 9.0 395.0 21.0 395.0 
1 8 0.61 0.61 826.0 29.0 826.0 853.0 110.0 853.0 526.0 11.0 526.0 572.0 91.0 572.0 675.0 36.0 675.0 9.0 1.0 9.0 395.0 21.0 395.0 605.0 33.0 605.0 
1 9 0.78 0.78 826.0 29.0 826.0 853.0 110.0 853.0 526.0 11.0 526.0 572.0 91.0 572.0 675.0 36.0 675.0 9.0 1.0 9.0 395.0 21.0 395.0 605.0 33.0 605.0 397.0 68.0 397.0 
1 2 0.19 0.19 17.0 2.0 17.0 760.0 55.0 760.0 
1 3 0.28 0.28 17.0 2.0 17.0 760.0 55.0 760.0 107.0 10.0 107.0 
1 2 0.13 0.13 293.0 2.0 293.0 32.0 4.0 32.0 
1 3 0.15 0.15 293.0 2.0 293.0 32.0 4.0 32.0 794.0 18.0 794.0 
1 4 0.57 0.57 293.0 2.0 293.0 32.0 4.0 32.0 794.0 18.0 794.0 233.0 98.0 233.0 
1 5 0.87 0.87 293.0 2.0 293.0 32.0 4.0 32.0 794.0 18.0 794.0 233.0 98.0 233.0 448.0 134.0 448.0 
1 2 0.18 0.18 488.0 86.0 488.0 633.0 8.0 633.0 
1 3 0.47 0.47 488.0 86.0 488.0 633.0 8.0 633.0 313.0 90.0 313.0 
1 4 0.61 0.61 488.0 86.0 488.0 633.0 8.0 633.0 313.0 90.0 313.0 289.0 39.0 289.0 
1 5 0.89 0.89 488.0 86.0 488.0 633.0 8.0 633.0 313.0 90.0 313.0 289.0 39.0 289.0 619.0 178.0 619.0 
1 2 0.45 0.45 671.0 127.0 671.0 982.0 258.0 982.0 
1 2 0.19 0.19 146.0 1.0 146.0 249.0 48.0 249.0 
1 3 0.71 0.71 146.0 1.0 146.0 249.0 48.0 249.0 74.0 38.0 74.0 
1 2 0.63 0.63 533.0 289.0 533.0 138.0 13.0 138.0 
1 3 0.96 0.96 533.0 289.0 533.0 138.0 13.0 138.0 3.0 1.0 3.0 
1 2 0.78 0.78 130.0 78.0 130.0 473.0 89.0 473.0 
1 3 0.91 0.91 130.0 78.0 130.0 473.0 89.0 473.0 508.0 63.0 508.0 
1 4 0.96 0.96 130.0 78.0 130.0 473.0 89.0 473.0 508.0 63.0 508.0 562.0 28.0 562.0 
1 2 0.25 0.25 569.0 10.0 569.0 965.0 230.0 965.0 
1 3 0.46 0.46 569.0 10.0 569.0 965.0 230.0 965.0 788.0 161.0 788.0 
1 4 0.48 0.48 569.0 10.0 569.0 965.0 230.0 965.0 788.0 161.0 788.0 139.0 3.0 139.0 
1 5 0.74 0.74 569.0 10.0 569.0 965.0 230.0 965.0 788.0 161.0 788.0 139.0 3.0 139.0 660.0 171.0 660.0 
1 6 0.8 0.8 569.0 10.0 569.0 965.0 230.0 965.0 788.0 161.0 788.0 139.0 3.0 139.0 660.0 171.0 660.0 705.0 43.0 705.0 
1 2 0.29 0.29 138.0 26.0 138.0 567.0 59.0 567.0 
1 3 0.32 0.32 138.0 26.0 138.0 567.0 59.0 567.0 291.0 10.0 291.0 
1 4 0.52 0.52 138.0 26.0 138.0 567.0 59.0 567.0 291.0 10.0 291.0 774.0 155.0 774.0 
1 2 0.62 0.62 241.0 116.0 241.0 178.0 26.0 178.0 
1 3 0.79 0.79 241.0 116.0 241.0 178.0 26.0 178.0 319.0 54.0 319.0 
1 4 0.89 0.89 241.0 116.0 241.0 178.0 26.0 178.0 319.0 54.0 319.0 274.0 28.0 274.0 
1 2 0.53 0.53 859.0 295.0 859.0 742.0 144.0 742.0 
1 3 0.6 0.6 859.0 295.0 859.0 742.0 144.0 742.0 42.0 3.0 42.0 
1 2 0.35 0.35 905.0 254.0 905.0 304.0 24.0 304.0 
1 3 0.44 0.44 905.0 254.0 905.0 304.0 24.0 304.0 932.0 78.0 932.0 
1 4 0.6 0.6 905.0 254.0 905.0 304.0 24.0 304.0 932.0 78.0 932.0 113.0 18.0 113.0 
1 5 0.65 0.65 905.0 254.0 905.0 304.0 24.0 304.0 932.0 78.0 932.0 113.0 18.0 113.0 839.0 42.0 839.0 
1 6 0.72 0.72 905.0 254.0 905.0 304.0 24.0 304.0 932.0 78.0 932.0 113.0 18.0 113.0 839.0 42.0 839.0 975.0 67.0 975.0 
1 7 0.72 0.72 905.0 254.0 905.0 304.0 24.0 304.0 932.0 78.0 932.0 113.0 18.0 113.0 839.0 42.0 839.0 975.0 67.0 975.0 253.0 2.0 253.0 
1 2 0.4 0.4 693.0 157.0 693.0 511.0 91.0 511.0 
1 3 0.5 0.5 693.0 157.0 693.0 511.0 91.0 511.0 335.0 34.0 335.0 
1 4 0.63 0.63 693.0 157.0 693.0 511.0 91.0 511.0 335.0 34.0 335.0 407.0 53.0 407.0 
1 5 0.9 0.9 693.0 157.0 693.0 511.0 91.0 511.0 335.0 34.0 335.0 407.0 53.0 407.0 697.0 184.0 697.0 
1 6 0.92 0.92 693.0 157.0 693.0 511.0 91.0 511.0 335.0 34.0 335.0 407.0 53.0 407.0 697.0 184.0 697.0 732.0 20.0 732.0 
1 2 0.36 0.36 514.0 106.0 514.0 245.0 39.0 245.0 
1 3 0.72 0.72 514.0 106.0 514.0 245.0 39.0 245.0 607.0 219.0 607.0 
1 4 0.74 0.74 514.0 106.0 514.0 245.0 39.0 245.0 607.0 219.0 607.0 645.0 11.0 645.0 
1 2 0.84 0.84 549.0 140.0 549.0 470.0 275.0 470.0 
1 2 0.37 0.37 983.0 165.0 983.0 566.0 119.0 566.0 
1 3 0.81 0.81 983.0 165.0 983.0 566.0 119.0 566.0 436.0 190.0 436.0 
1 4 0.91 0.91 983.0 165.0 983.0 566.0 119.0 566.0 436.0 190.0 436.0 606.0 60.0 606.0 
1 2 0.45 0.45 403.0 6.0 403.0 615.0 269.0 615.0 
1 3 0.45 0.45 403.0 6.0 403.0 615.0 269.0 615.0 152.0 1.0 152.0 
1 4 0.61 0.61 403.0 6.0 403.0 615.0 269.0 615.0 152.0 1.0 152.0 896.0 139.0 896.0 
1 5 0.98 0.98 403.0 6.0 403.0 615.0 269.0 615.0 152.0 1.0 152.0 896.0 139.0 896.0 804.0 300.0 804.0 
1 2 0.67 0.67 525.0 247.0 525.0 915.0 184.0 915.0 
1 3 0.85 0.85 525.0 247.0 525.0 915.0 184.0 915.0 872.0 159.0 872.0 
1 2 0.78 0.78 100.0 8.0 100.0 778.0 547.0 778.0 
1 2 0.37 0.37 14.0 1.0 14.0 615.0 185.0 615.0 
1 3 0.42 0.42 14.0 1.0 14.0 615.0 185.0 615.0 190.0 10.0 190.0 
1 2 0.4 0.4 617.0 114.0 617.0 753.0 169.0 753.0 
1 2 0.26 0.26 997.0 9.0 997.0 367.0 95.0 367.0 
1 3 0.64 0.64 997.0 9.0 997.0 367.0 95.0 367.0 816.0 306.0 816.0 
1 4 0.85 0.85 997.0 9.0 997.0 367.0 95.0 367.0 816.0 306.0 816.0 113.0 24.0 113.0 
1 2 0.34 0.34 997.0 88.0 997.0 528.0 136.0 528.0 
1 3 0.94 0.94 997.0 88.0 997.0 528.0 136.0 528.0 440.0 264.0 440.0 
1 2 0.85 0.85 608.0 218.0 608.0 291.0 144.0 291.0 
1 2 0.33 0.33 598.0 35.0 598.0 193.0 54.0 193.0 
1 3 0.71 0.71 598.0 35.0 598.0 193.0 54.0 193.0 888.0 336.0 888.0 
1 4 0.85 0.85 598.0 35.0 598.0 193.0 54.0 193.0 888.0 336.0 888.0 908.0 122.0 908.0 
1 5 0.85 0.85 598.0 35.0 598.0 193.0 54.0 193.0 888.0 336.0 888.0 908.0 122.0 908.0 617.0 3.0 617.0 
1 6 0.93 0.93 598.0 35.0 598.0 193.0 54.0 193.0 888.0 336.0 888.0 908.0 122.0 908.0 617.0 3.0 617.0 446.0 35.0 446.0 
1 2 0.9 0.9 231.0 150.0 231.0 913.0 229.0 913.0 
1 2 0.8 0.8 376.0 24.0 376.0 865.0 637.0 865.0 
1 2 0.09 0.09 323.0 23.0 323.0 773.0 22.0 773.0 
1 3 0.56 0.56 323.0 23.0 323.0 773.0 22.0 773.0 243.0 112.0 243.0 
1 4 0.76 0.76 323.0 23.0 323.0 773.0 22.0 773.0 243.0 112.0 243.0 512.0 105.0 512.0 
1 5 0.91 0.91 323.0 23.0 323.0 773.0 22.0 773.0 243.0 112.0 243.0 512.0 105.0 512.0 896.0 135.0 896.0 
1 6 0.96 0.96 323.0 23.0 323.0 773.0 22.0 773.0 243.0 112.0 243.0 512.0 105.0 512.0 896.0 135.0 896.0 796.0 36.0 796.0 
1 2 0.13 0.13 888.0 51.0 888.0 884.0 72.0 884.0 
1 3 0.22 0.22 888.0 51.0 888.0 884.0 72.0 884.0 960.0 86.0 960.0 
1 4 0.27 0.27 888.0 51.0 888.0 884.0 72.0 884.0 960.0 86.0 960.0 594.0 27.0 594.0 
1 5 0.28 0.28 888.0 51.0 888.0 884.0 72.0 884.0 960.0 86.0 960.0 594.0 27.0 594.0 302.0 2.0 302.0 
1 6 0.54 0.54 888.0 51.0 888.0 884.0 72.0 884.0 960.0 86.0 960.0 594.0 27.0 594.0 302.0 2.0 302.0 707.0 189.0 707.0 
1 2 0.67 0.67 441.0 120.0 441.0 320.0 129.0 320.0 
1 2 0.58 0.58 572.0 223.0 572.0 303.0 60.0 303.0 
1 3 0.72 0.72 572.0 223.0 572.0 303.0 60.0 303.0 43.0 6.0 43.0 
1 4 0.81 0.81 572.0 223.0 572.0 303.0 60.0 303.0 43.0 6.0 43.0 953.0 83.0 953.0 
1 2 0.81 0.81 423.0 335.0 423.0 41.0 1.0 41.0 
1 2 0.85 0.85 341.0 178.0 341.0 158.0 52.0 158.0 
1 2 0.8 0.8 915.0 153.0 915.0 461.0 295.0 461.0 
1 2 0.42 0.42 645.0 75.0 645.0 521.0 159.0 521.0 
1 3 0.7 0.7 645.0 75.0 645.0 521.0 159.0 521.0 118.0 33.0 118.0 
1 2 0.49 0.49 379.0 99.0 379.0 853.0 198.0 853.0 
1 3 0.49 0.49 379.0 99.0 379.0 853.0 198.0 853.0 208.0 1.0 208.0 
1 4 0.52 0.52 379.0 99.0 379.0 853.0 198.0 853.0 208.0 1.0 208.0 408.0 11.0 408.0 
1 5 0.59 0.59 379.0 99.0 379.0 853.0 198.0 853.0 208.0 1.0 208.0 408.0 11.0 408.0 933.0 65.0 933.0 
1 6 0.9 0.9 379.0 99.0 379.0 853.0 198.0 853.0 208.0 1.0 208.0 408.0 11.0 408.0 933.0 65.0 933.0 859.0 267.0 859.0 
1 2 0.19 0.19 675.0 62.0 675.0 895.0 93.0 895.0 
1 3 0.37 0.37 675.0 62.0 675.0 895.0 93.0 895.0 80.0 14.0 80.0 
1 4 0.45 0.45 675.0 62.0 675.0 895.0 93.0 895.0 80.0 14.0 80.0 843.0 74.0 843.0 
1 5 0.49 0.49 675.0 62.0 675.0 895.0 93.0 895.0 80.0 14.0 80.0 843.0 74.0 843.0 543.0 20.0 543.0 
1 6 0.6 0.6 675.0 62.0 675.0 895.0 93.0 895.0 80.0 14.0 80.0 843.0 74.0 843.0 543.0 20.0 543.0 508.0 56.0 508.0 
1 7 0.63 0.63 675.0 62.0 675.0 895.0 93.0 895.0 80.0 14.0 80.0 843.0 74.0 843.0 543.0 20.0 543.0 508.0 56.0 508.0 817.0 22.0 817.0 
1 8 0.97 0.97 675.0 62.0 675.0 895.0 93.0 895.0 80.0 14.0 80.0 843.0 74.0 843.0 543.0 20.0 543.0 508.0 56.0 508.0 817.0 22.0 817.0 403.0 138.0 403.0 
1 2 0.16 0.16 155.0 5.0 155.0 675.0 89.0 675.0 
1 3 0.51 0.51 155.0 5.0 155.0 675.0 89.0 675.0 431.0 152.0 431.0 
1 4 0.96 0.96 155.0 5.0 155.0 675.0 89.0 675.0 431.0 152.0 431.0 147.0 66.0 147.0 
1 2 0.3 0.3 162.0 42.0 162.0 41.0 2.0 41.0 
1 2 0.68 0.68 546.0 34.0 546.0 291.0 180.0 291.0 
1 2 0.24 0.24 309.0 67.0 309.0 421.0 12.0 421.0 
1 3 0.34 0.34 309.0 67.0 309.0 421.0 12.0 421.0 21.0 2.0 21.0 
1 4 0.68 0.68 309.0 67.0 309.0 421.0 12.0 421.0 21.0 2.0 21.0 700.0 243.0 700.0 
1 2 0.2 0.2 501.0 32.0 501.0 7.0 1.0 7.0 
1 3 0.7 0.7 501.0 32.0 501.0 7.0 1.0 7.0 881.0 442.0 881.0 
1 4 0.74 0.74 501.0 32.0 501.0 7.0 1.0 7.0 881.0 442.0 881.0 133.0 5.0 133.0 
1 5 0.79 0.79 501.0 32.0 501.0 7.0 1.0 7.0 881.0 442.0 881.0 133.0 5.0 133.0 582.0 26.0 582.0 
1 2 0.41 0.41 125.0 41.0 125.0 536.0 47.0 536.0 
1 3 0.51 0.51 125.0 41.0 125.0 536.0 47.0 536.0 492.0 51.0 492.0 
1 4 0.83 0.83 125.0 41.0 125.0 536.0 47.0 536.0 492.0 51.0 492.0 156.0 50.0 156.0 
1 2 0.4 0.4 1000.0 203.0 1000.0 379.0 76.0 379.0 
1 3 0.55 0.55 1000.0 203.0 1000.0 379.0 76.0 379.0 681.0 100.0 681.0 
1 4 0.59 0.59 1000.0 203.0 1000.0 379.0 76.0 379.0 681.0 100.0 681.0 187.0 8.0 187.0 
1 5 0.84 0.84 1000.0 203.0 1000.0 379.0 76.0 379.0 681.0 100.0 681.0 187.0 8.0 187.0 820.0 206.0 820.0 
1 6 0.9 0.9 1000.0 203.0 1000.0 379.0 76.0 379.0 681.0 100.0 681.0 187.0 8.0 187.0 820.0 206.0 820.0 170.0 11.0 170.0 
1 2 0.59 0.59 678.0 342.0 678.0 729.0 69.0 729.0 
1 2 0.33 0.33 607.0 3.0 607.0 480.0 159.0 480.0 
1 2 0.17 0.17 815.0 85.0 815.0 596.0 42.0 596.0 
1 3 0.34 0.34 815.0 85.0 815.0 596.0 42.0 596.0 808.0 138.0 808.0 
1 4 0.52 0.52 815.0 85.0 815.0 596.0 42.0 596.0 808.0 138.0 808.0 936.0 171.0 936.0 
1 5 0.65 0.65 815.0 85.0 815.0 596.0 42.0 596.0 808.0 138.0 808.0 936.0 171.0 936.0 865.0 113.0 865.0 
1 6 0.99 0.99 815.0 85.0 815.0 596.0 42.0 596.0 808.0 138.0 808.0 936.0 171.0 936.0 865.0 113.0 865.0 865.0 294.0 865.0 
1 2 0.51 0.51 688.0 74.0 688.0 265.0 107.0 265.0 
1 3 0.64 0.64 688.0 74.0 688.0 265.0 107.0 265.0 568.0 76.0 568.0 
1 4 0.67 0.67 688.0 74.0 688.0 265.0 107.0 265.0 568.0 76.0 568.0 208.0 7.0 208.0 
1 5 0.72 0.72 688.0 74.0 688.0 265.0 107.0 265.0 568.0 76.0 568.0 208.0 7.0 208.0 610.0 31.0 610.0 
1 2 0.4 0.4 271.0 48.0 271.0 288.0 65.0 288.0 
1 3 0.47 0.47 271.0 48.0 271.0 288.0 65.0 288.0 572.0 40.0 572.0 
1 4 0.54 0.54 271.0 48.0 271.0 288.0 65.0 288.0 572.0 40.0 572.0 52.0 4.0 52.0 
1 5 0.98 0.98 271.0 48.0 271.0 288.0 65.0 288.0 572.0 40.0 572.0 52.0 4.0 52.0 652.0 287.0 652.0 
1 2 0.2 0.2 635.0 33.0 635.0 777.0 117.0 777.0 
1 3 0.41 0.41 635.0 33.0 635.0 777.0 117.0 777.0 220.0 46.0 220.0 
1 4 0.85 0.85 635.0 33.0 635.0 777.0 117.0 777.0 220.0 46.0 220.0 418.0 184.0 418.0 
1 5 0.85 0.85 635.0 33.0 635.0 777.0 117.0 777.0 220.0 46.0 220.0 418.0 184.0 418.0 426.0 1.0 426.0 
1 6 0.87 0.87 635.0 33.0 635.0 777.0 117.0 777.0 220.0 46.0 220.0 418.0 184.0 418.0 426.0 1.0 426.0 494.0 9.0 494.0 
1 2 0.01 0.01 942.0 8.0 942.0 366.0 4.0 366.0 
1 3 0.07 0.07 942.0 8.0 942.0 366.0 4.0 366.0 132.0 7.0 132.0 
1 4 0.17 0.17 942.0 8.0 942.0 366.0 4.0 366.0 132.0 7.0 132.0 99.0 10.0 99.0 
1 5 0.65 0.65 942.0 8.0 942.0 366.0 4.0 366.0 132.0 7.0 132.0 99.0 10.0 99.0 554.0 265.0 554.0 
1 6 0.72 0.72 942.0 8.0 942.0 366.0 4.0 366.0 132.0 7.0 132.0 99.0 10.0 99.0 554.0 265.0 554.0 691.0 48.0 691.0 
1 7 0.79 0.79 942.0 8.0 942.0 366.0 4.0 366.0 132.0 7.0 132.0 99.0 10.0 99.0 554.0 265.0 554.0 691.0 48.0 691.0 940.0 73.0 940.0 
1 8 0.81 0.81 942.0 8.0 942.0 366.0 4.0 366.0 132.0 7.0 132.0 99.0 10.0 99.0 554.0 265.0 554.0 691.0 48.0 691.0 940.0 73.0 940.0 392.0 8.0 392.0 
1 2 0.38 0.38 647.0 179.0 647.0 369.0 41.0 369.0 
1 3 0.84 0.84 647.0 179.0 647.0 369.0 41.0 369.0 11.0 5.0 11.0 
1 2 0.47 0.47 991.0 123.0 991.0 214.0 75.0 214.0 
1 3 0.53 0.53 991.0 123.0 991.0 214.0 75.0 214.0 822.0 48.0 822.0 
1 4 0.55 0.55 991.0 123.0 991.0 214.0 75.0 214.0 822.0 48.0 822.0 947.0 22.0 947.0 
1 5 0.73 0.73 991.0 123.0 991.0 214.0 75.0 214.0 822.0 48.0 822.0 947.0 22.0 947.0 938.0 165.0 938.0 
1 6 0.75 0.75 991.0 123.0 991.0 214.0 75.0 214.0 822.0 48.0 822.0 947.0 22.0 947.0 938.0 165.0 938.0 536.0 11.0 536.0 
1 7 0.85 0.85 991.0 123.0 991.0 214.0 75.0 214.0 822.0 48.0 822.0 947.0 22.0 947.0 938.0 165.0 938.0 536.0 11.0 536.0 863.0 89.0 863.0 
1 8 0.86 0.86 991.0 123.0 991.0 214.0 75.0 214.0 822.0 48.0 822.0 947.0 22.0 947.0 938.0 165.0 938.0 536.0 11.0 536.0 863.0 89.0 863.0 521.0 4.0 521.0 
1 2 0.27 0.27 80.0 7.0 80.0 864.0 161.0 864.0 
1 3 0.65 0.65 80.0 7.0 80.0 864.0 161.0 864.0 425.0 162.0 425.0 
1 2 0.27 0.27 626.0 130.0 626.0 993.0 67.0 993.0 
1 3 0.33 0.33 626.0 130.0 626.0 993.0 67.0 993.0 465.0 30.0 465.0 
1 4 0.45 0.45 626.0 130.0 626.0 993.0 67.0 993.0 465.0 30.0 465.0 244.0 28.0 244.0 
1 2 0.54 0.54 429.0 222.0 429.0 791.0 24.0 791.0 
1 3 0.82 0.82 429.0 222.0 429.0 791.0 24.0 791.0 903.0 249.0 903.0 
1 4 0.86 0.86 429.0 222.0 429.0 791.0 24.0 791.0 903.0 249.0 903.0 456.0 19.0 456.0 
1 2 0.26 0.26 999.0 138.0 999.0 364.0 47.0 364.0 
1 3 0.76 0.76 999.0 138.0 999.0 364.0 47.0 364.0 745.0 370.0 745.0 
1 4 0.8 0.8 999.0 138.0 999.0 364.0 47.0 364.0 745.0 370.0 745.0 55.0 2.0 55.0 
1 5 0.98 0.98 999.0 138.0 999.0 364.0 47.0 364.0 745.0 370.0 745.0 55.0 2.0 55.0 500.0 93.0 500.0 
1 2 0.5 0.5 374.0 188.0 374.0 500.0 1.0 500.0 
1 3 0.65 0.65 374.0 188.0 374.0 500.0 1.0 500.0 365.0 55.0 365.0 
1 4 0.85 0.85 374.0 188.0 374.0 500.0 1.0 500.0 365.0 55.0 365.0 758.0 150.0 758.0 
1 2 0.62 0.62 576.0 218.0 576.0 619.0 150.0 619.0 
1 3 0.93 0.93 576.0 218.0 576.0 619.0 150.0 619.0 847.0 270.0 847.0 
1 2 0.89 0.89 150.0 15.0 150.0 801.0 633.0 801.0 
1 2 0.28 0.28 276.0 65.0 276.0 300.0 15.0 300.0 
1 3 0.48 0.48 276.0 65.0 276.0 300.0 15.0 300.0 776.0 158.0 776.0 
1 4 0.76 0.76 276.0 65.0 276.0 300.0 15.0 300.0 776.0 158.0 776.0 840.0 234.0 840.0 
1 2 0.43 0.43 44.0 15.0 44.0 874.0 79.0 874.0 
1 3 0.91 0.91 44.0 15.0 44.0 874.0 79.0 874.0 31.0 15.0 31.0 
1 2 0.14 0.14 229.0 14.0 229.0 158.0 14.0 158.0 
1 3 0.28 0.28 229.0 14.0 229.0 158.0 14.0 158.0 722.0 95.0 722.0 
1 4 0.73 0.73 229.0 14.0 229.0 158.0 14.0 158.0 722.0 95.0 722.0 198.0 90.0 198.0 
1 5 0.92 0.92 229.0 14.0 229.0 158.0 14.0 158.0 722.0 95.0 722.0 198.0 90.0 198.0 352.0 67.0 352.0 
1 6 0.99 0.99 229.0 14.0 229.0 158.0 14.0 158.0 722.0 95.0 722.0 198.0 90.0 198.0 352.0 67.0 352.0 246.0 16.0 246.0 
1 2 0.25 0.25 58.0 12.0 58.0 695.0 32.0 695.0 
1 3 0.63 0.63 58.0 12.0 58.0 695.0 32.0 695.0 407.0 155.0 407.0 
1 4 0.85 0.85 58.0 12.0 58.0 695.0 32.0 695.0 407.0 155.0 407.0 823.0 182.0 823.0 
1 2 0.18 0.18 938.0 18.0 938.0 662.0 111.0 662.0 
1 3 0.5 0.5 938.0 18.0 938.0 662.0 111.0 662.0 555.0 178.0 555.0 
1 2 0.36 0.36 936.0 287.0 936.0 548.0 30.0 548.0 
1 3 0.47 0.47 936.0 287.0 936.0 548.0 30.0 548.0 969.0 110.0 969.0 
1 4 0.52 0.52 936.0 287.0 936.0 548.0 30.0 548.0 969.0 110.0 969.0 101.0 5.0 101.0 
1 5 0.8 0.8 936.0 287.0 936.0 548.0 30.0 548.0 969.0 110.0 969.0 101.0 5.0 101.0 265.0 75.0 265.0 
1 2 0.07 0.07 143.0 3.0 143.0 179.0 10.0 179.0 
1 3 0.32 0.32 143.0 3.0 143.0 179.0 10.0 179.0 873.0 213.0 873.0 
1 4 0.44 0.44 143.0 3.0 143.0 179.0 10.0 179.0 873.0 213.0 873.0 490.0 63.0 490.0 
1 5 0.96 0.96 143.0 3.0 143.0 179.0 10.0 179.0 873.0 213.0 873.0 490.0 63.0 490.0 940.0 486.0 940.0 
1 2 0.45 0.45 625.0 143.0 625.0 853.0 189.0 853.0 
1 3 0.56 0.56 625.0 143.0 625.0 853.0 189.0 853.0 802.0 94.0 802.0 
1 4 0.65 0.65 625.0 143.0 625.0 853.0 189.0 853.0 802.0 94.0 802.0 55.0 5.0 55.0 
1 5 0.88 0.88 625.0 143.0 625.0 853.0 189.0 853.0 802.0 94.0 802.0 55.0 5.0 55.0 257.0 59.0 257.0 
1 6 0.89 0.89 625.0 143.0 625.0 853.0 189.0 853.0 802.0 94.0 802.0 55.0 5.0 55.0 257.0 59.0 257.0 836.0 9.0 836.0 
1 2 0.56 0.56 39.0 3.0 39.0 570.0 279.0 570.0 
1 3 0.83 0.83 39.0 3.0 39.0 570.0 279.0 570.0 372.0 100.0 372.0 
1 4 0.92 0.92 39.0 3.0 39.0 570.0 279.0 570.0 372.0 100.0 372.0 755.0 69.0 755.0 
1 2 0.27 0.27 67.0 14.0 67.0 178.0 11.0 178.0 
1 3 0.29 0.29 67.0 14.0 67.0 178.0 11.0 178.0 601.0 16.0 601.0 
1 4 0.67 0.67 67.0 14.0 67.0 178.0 11.0 178.0 601.0 16.0 601.0 605.0 231.0 605.0 
1 5 0.68 0.68 67.0 14.0 67.0 178.0 11.0 178.0 601.0 16.0 601.0 605.0 231.0 605.0 317.0 3.0 317.0 
1 6 0.76 0.76 67.0 14.0 67.0 178.0 11.0 178.0 601.0 16.0 601.0 605.0 231.0 605.0 317.0 3.0 317.0 263.0 19.0 263.0 
1 2 0.41 0.41 935.0 31.0 935.0 764.0 291.0 764.0 
1 3 0.81 0.81 935.0 31.0 935.0 764.0 291.0 764.0 98.0 39.0 98.0 
1 2 0.26 0.26 610.0 146.0 610.0 866.0 20.0 866.0 
1 3 0.33 0.33 610.0 146.0 610.0 866.0 20.0 866.0 841.0 64.0 841.0 
1 4 0.55 0.55 610.0 146.0 610.0 866.0 20.0 866.0 841.0 64.0 841.0 865.0 189.0 865.0 
1 2 0.23 0.23 555.0 127.0 555.0 557.0 2.0 557.0 
1 3 0.39 0.39 555.0 127.0 555.0 557.0 2.0 557.0 100.0 16.0 100.0 
1 4 0.59 0.59 555.0 127.0 555.0 557.0 2.0 557.0 100.0 16.0 100.0 542.0 112.0 542.0 
1 5 0.68 0.68 555.0 127.0 555.0 557.0 2.0 557.0 100.0 16.0 100.0 542.0 112.0 542.0 853.0 71.0 853.0 
1 2 0.79 0.79 514.0 175.0 514.0 33.0 15.0 33.0 
1 2 0.67 0.67 765.0 236.0 765.0 140.0 51.0 140.0 
1 2 0.47 0.47 436.0 79.0 436.0 741.0 216.0 741.0 
1 3 0.97 0.97 436.0 79.0 436.0 741.0 216.0 741.0 457.0 228.0 457.0 
1 2 0.33 0.33 123.0 11.0 123.0 946.0 237.0 946.0 
1 3 0.58 0.58 123.0 11.0 123.0 946.0 237.0 946.0 4.0 1.0 4.0 
1 4 0.95 0.95 123.0 11.0 123.0 946.0 237.0 946.0 4.0 1.0 4.0 501.0 181.0 501.0 
1 2 0.52 0.52 32.0 14.0 32.0 590.0 54.0 590.0 
1 3 0.6 0.6 32.0 14.0 32.0 590.0 54.0 590.0 797.0 58.0 797.0 
1 4 0.89 0.89 32.0 14.0 32.0 590.0 54.0 590.0 797.0 58.0 797.0 618.0 183.0 618.0 
1 2 0.09 0.09 558.0 28.0 558.0 972.0 48.0 972.0 
1 3 0.13 0.13 558.0 28.0 558.0 972.0 48.0 972.0 172.0 6.0 172.0 
1 4 0.92 0.92 558.0 28.0 558.0 972.0 48.0 972.0 172.0 6.0 172.0 199.0 158.0 199.0 
1 2 0.38 0.38 429.0 135.0 429.0 541.0 36.0 541.0 
1 3 0.87 0.87 429.0 135.0 429.0 541.0 36.0 541.0 540.0 264.0 540.0 
1 2 0.16 0.16 8.0 1.0 8.0 342.0 14.0 342.0 
1 3 0.19 0.19 8.0 1.0 8.0 342.0 14.0 342.0 395.0 13.0 395.0 
1 4 0.52 0.52 8.0 1.0 8.0 342.0 14.0 342.0 395.0 13.0 395.0 236.0 78.0 236.0 
1 5 0.55 0.55 8.0 1.0 8.0 342.0 14.0 342.0 395.0 13.0 395.0 236.0 78.0 236.0 840.0 22.0 840.0 
1 6 0.91 0.91 8.0 1.0 8.0 342.0 14.0 342.0 395.0 13.0 395.0 236.0 78.0 236.0 840.0 22.0 840.0 59.0 21.0 59.0 
1 2 0.32 0.32 541.0 103.0 541.0 605.0 79.0 605.0 
1 3 0.35 0.35 541.0 103.0 541.0 605.0 79.0 605.0 271.0 10.0 271.0 
1 4 0.79 0.79 541.0 103.0 541.0 605.0 79.0 605.0 271.0 10.0 271.0 792.0 346.0 792.0 
1 5 0.9 0.9 541.0 103.0 541.0 605.0 79.0 605.0 271.0 10.0 271.0 792.0 346.0 792.0 191.0 21.0 191.0 
1 6 0.92 0.92 541.0 103.0 541.0 605.0 79.0 605.0 271.0 10.0 271.0 792.0 346.0 792.0 191.0 21.0 191.0 190.0 4.0 190.0 
1 2 0.24 0.24 499.0 40.0 499.0 658.0 109.0 658.0 
1 3 0.57 0.57 499.0 40.0 499.0 658.0 109.0 658.0 654.0 214.0 654.0 
1 4 0.62 0.62 499.0 40.0 499.0 658.0 109.0 658.0 654.0 214.0 654.0 663.0 35.0 663.0 
1 5 0.99 0.99 499.0 40.0 499.0 658.0 109.0 658.0 654.0 214.0 654.0 663.0 35.0 663.0 535.0 196.0 535.0 
1 2 0.13 0.13 696.0 37.0 696.0 787.0 67.0 787.0 
1 3 0.36 0.36 696.0 37.0 696.0 787.0 67.0 787.0 955.0 217.0 955.0 
1 4 0.68 0.68 696.0 37.0 696.0 787.0 67.0 787.0 955.0 217.0 955.0 99.0 32.0 99.0 
1 5 0.76 0.76 696.0 37.0 696.0 787.0 67.0 787.0 955.0 217.0 955.0 99.0 32.0 99.0 953.0 69.0 953.0 
1 6 0.88 0.88 696.0 37.0 696.0 787.0 67.0 787.0 955.0 217.0 955.0 99.0 32.0 99.0 953.0 69.0 953.0 677.0 81.0 677.0 
1 2 0.52 0.52 345.0 96.0 345.0 751.0 187.0 751.0 
1 3 0.87 0.87 345.0 96.0 345.0 751.0 187.0 751.0 71.0 25.0 71.0 
1 2 0.5 0.5 14.0 6.0 14.0 392.0 29.0 392.0 
1 3 0.98 0.98 14.0 6.0 14.0 392.0 29.0 392.0 778.0 376.0 778.0 
1 2 0.48 0.48 811.0 156.0 811.0 149.0 44.0 149.0 
1 3 0.55 0.55 811.0 156.0 811.0 149.0 44.0 149.0 721.0 50.0 721.0 
1 4 0.69 0.69 811.0 156.0 811.0 149.0 44.0 149.0 721.0 50.0 721.0 554.0 78.0 554.0 
1 5 0.92 0.92 811.0 156.0 811.0 149.0 44.0 149.0 721.0 50.0 721.0 554.0 78.0 554.0 319.0 72.0 319.0 
1 2 0.05 0.05 900.0 20.0 900.0 805.0 24.0 805.0 
1 3 0.3 0.3 900.0 20.0 900.0 805.0 24.0 805.0 485.0 124.0 485.0 
1 4 0.92 0.92 900.0 20.0 900.0 805.0 24.0 805.0 485.0 124.0 485.0 576.0 356.0 576.0 
1 2 0.26 0.26 981.0 176.0 981.0 219.0 19.0 219.0 
1 3 0.64 0.64 981.0 176.0 981.0 219.0 19.0 219.0 712.0 273.0 712.0 
1 4 0.65 0.65 981.0 176.0 981.0 219.0 19.0 219.0 712.0 273.0 712.0 587.0 3.0 587.0 
1 5 0.91 0.91 981.0 176.0 981.0 219.0 19.0 219.0 712.0 273.0 712.0 587.0 3.0 587.0 722.0 187.0 722.0 
1 2 0.24 0.24 487.0 35.0 487.0 381.0 67.0 381.0 
1 3 0.84 0.84 487.0 35.0 487.0 381.0 67.0 381.0 773.0 465.0 773.0 
1 2 0.29 0.29 856.0 230.0 856.0 589.0 17.0 589.0 
1 3 0.48 0.48 856.0 230.0 856.0 589.0 17.0 589.0 194.0 36.0 194.0 
1 4 0.84 0.84 856.0 230.0 856.0 589.0 17.0 589.0 194.0 36.0 194.0 906.0 329.0 906.0 
1 5 0.87 0.87 856.0 230.0 856.0 589.0 17.0 589.0 194.0 36.0 194.0 906.0 329.0 906.0 251.0 6.0 251.0 
1 2 0.38 0.38 854.0 139.0 854.0 219.0 49.0 219.0 
1 3 0.56 0.56 854.0 139.0 854.0 219.0 49.0 219.0 23.0 4.0 23.0 
1 2 0.1 0.1 255.0 16.0 255.0 175.0 7.0 175.0 
1 3 0.39 0.39 255.0 16.0 255.0 175.0 7.0 175.0 656.0 193.0 656.0 
1 4 0.73 0.73 255.0 16.0 255.0 175.0 7.0 175.0 656.0 193.0 656.0 447.0 149.0 447.0 
1 5 0.74 0.74 255.0 16.0 255.0 175.0 7.0 175.0 656.0 193.0 656.0 447.0 149.0 447.0 803.0 14.0 803.0 
1 6 0.86 0.86 255.0 16.0 255.0 175.0 7.0 175.0 656.0 193.0 656.0 447.0 149.0 447.0 803.0 14.0 803.0 99.0 12.0 99.0 
1 2 0.17 0.17 800.0 31.0 800.0 884.0 123.0 884.0 
1 3 0.19 0.19 800.0 31.0 800.0 884.0 123.0 884.0 72.0 1.0 72.0 
1 4 0.24 0.24 800.0 31.0 800.0 884.0 123.0 884.0 72.0 1.0 72.0 197.0 11.0 197.0 
1 5 0.31 0.31 800.0 31.0 800.0 884.0 123.0 884.0 72.0 1.0 72.0 197.0 11.0 197.0 823.0 55.0 823.0 
1 6 0.34 0.34 800.0 31.0 800.0 884.0 123.0 884.0 72.0 1.0 72.0 197.0 11.0 197.0 823.0 55.0 823.0 239.0 8.0 239.0 
1 7 0.37 0.37 800.0 31.0 800.0 884.0 123.0 884.0 72.0 1.0 72.0 197.0 11.0 197.0 823.0 55.0 823.0 239.0 8.0 239.0 893.0 28.0 893.0 
1 8 0.41 0.41 800.0 31.0 800.0 884.0 123.0 884.0 72.0 1.0 72.0 197.0 11.0 197.0 823.0 55.0 823.0 239.0 8.0 239.0 893.0 28.0 893.0 956.0 33.0 956.0 
1 9 0.44 0.44 800.0 31.0 800.0 884.0 123.0 884.0 72.0 1.0 72.0 197.0 11.0 197.0 823.0 55.0 823.0 239.0 8.0 239.0 893.0 28.0 893.0 956.0 33.0 956.0 407.0 11.0 407.0 
1 10 0.86 0.86 800.0 31.0 800.0 884.0 123.0 884.0 72.0 1.0 72.0 197.0 11.0 197.0 823.0 55.0 823.0 239.0 8.0 239.0 893.0 28.0 893.0 956.0 33.0 956.0 407.0 11.0 407.0 629.0 268.0 629.0 
1 2 0.71 0.71 599.0 80.0 599.0 182.0 105.0 182.0 
1 2 0.08 0.08 675.0 1.0 675.0 938.0 77.0 938.0 
1 3 0.59 0.59 675.0 1.0 675.0 938.0 77.0 938.0 540.0 275.0 540.0 
1 4 0.89 0.89 675.0 1.0 675.0 938.0 77.0 938.0 540.0 275.0 540.0 76.0 23.0 76.0 
1 5 0.93 0.93 675.0 1.0 675.0 938.0 77.0 938.0 540.0 275.0 540.0 76.0 23.0 76.0 799.0 32.0 799.0 
1 2 0.64 0.64 259.0 126.0 259.0 463.0 74.0 463.0 
1 3 0.8 0.8 259.0 126.0 259.0 463.0 74.0 463.0 265.0 42.0 265.0 
1 4 0.89 0.89 259.0 126.0 259.0 463.0 74.0 463.0 265.0 42.0 265.0 23.0 2.0 23.0 
1 2 0.99 0.99 704.0 465.0 704.0 659.0 222.0 659.0 
1 2 0.07 0.07 888.0 26.0 888.0 382.0 17.0 382.0 
1 2 0.94 0.94 464.0 172.0 464.0 474.0 271.0 474.0 
1 2 0.17 0.17 882.0 75.0 882.0 906.0 81.0 906.0 
1 3 0.38 0.38 882.0 75.0 882.0 906.0 81.0 906.0 964.0 201.0 964.0 
1 4 0.49 0.49 882.0 75.0 882.0 906.0 81.0 906.0 964.0 201.0 964.0 634.0 71.0 634.0 
1 5 0.49 0.49 882.0 75.0 882.0 906.0 81.0 906.0 964.0 201.0 964.0 634.0 71.0 634.0 705.0 2.0 705.0 
1 6 0.67 0.67 882.0 75.0 882.0 906.0 81.0 906.0 964.0 201.0 964.0 634.0 71.0 634.0 705.0 2.0 705.0 869.0 155.0 869.0 
1 7 0.84 0.84 882.0 75.0 882.0 906.0 81.0 906.0 964.0 201.0 964.0 634.0 71.0 634.0 705.0 2.0 705.0 869.0 155.0 869.0 244.0 40.0 244.0 
1 8 0.93 0.93 882.0 75.0 882.0 906.0 81.0 906.0 964.0 201.0 964.0 634.0 71.0 634.0 705.0 2.0 705.0 869.0 155.0 869.0 244.0 40.0 244.0 977.0 92.0 977.0 
1 2 0.42 0.42 421.0 124.0 421.0 577.0 73.0 577.0 
1 3 0.56 0.56 421.0 124.0 421.0 577.0 73.0 577.0 677.0 99.0 677.0 
1 4 0.61 0.61 421.0 124.0 421.0 577.0 73.0 577.0 677.0 99.0 677.0 576.0 28.0 576.0 
1 5 0.71 0.71 421.0 124.0 421.0 577.0 73.0 577.0 677.0 99.0 677.0 576.0 28.0 576.0 477.0 49.0 477.0 
1 6 0.74 0.74 421.0 124.0 421.0 577.0 73.0 577.0 677.0 99.0 677.0 576.0 28.0 576.0 477.0 49.0 477.0 324.0 10.0 324.0 
1 7 0.79 0.79 421.0 124.0 421.0 577.0 73.0 577.0 677.0 99.0 677.0 576.0 28.0 576.0 477.0 49.0 477.0 324.0 10.0 324.0 158.0 7.0 158.0 
1 8 0.93 0.93 421.0 124.0 421.0 577.0 73.0 577.0 677.0 99.0 677.0 576.0 28.0 576.0 477.0 49.0 477.0 324.0 10.0 324.0 158.0 7.0 158.0 386.0 56.0 386.0 
1 2 0.25 0.25 493.0 23.0 493.0 449.0 92.0 449.0 
1 3 0.31 0.31 493.0 23.0 493.0 449.0 92.0 449.0 390.0 24.0 390.0 
1 4 0.37 0.37 493.0 23.0 493.0 449.0 92.0 449.0 390.0 24.0 390.0 778.0 50.0 778.0 
1 5 0.6 0.6 493.0 23.0 493.0 449.0 92.0 449.0 390.0 24.0 390.0 778.0 50.0 778.0 395.0 90.0 395.0 
1 2 0.6 0.6 618.0 325.0 618.0 304.0 23.0 304.0 
1 2 0.43 0.43 885.0 347.0 885.0 788.0 31.0 788.0 
1 3 0.51 0.51 885.0 347.0 885.0 788.0 31.0 788.0 343.0 28.0 343.0 
1 2 0.56 0.56 215.0 95.0 215.0 192.0 23.0 192.0 
1 3 0.71 0.71 215.0 95.0 215.0 192.0 23.0 192.0 143.0 22.0 143.0 
1 4 0.91 0.91 215.0 95.0 215.0 192.0 23.0 192.0 143.0 22.0 143.0 612.0 121.0 612.0 
1 2 0.09 0.09 400.0 9.0 400.0 575.0 44.0 575.0 
1 3 0.18 0.18 400.0 9.0 400.0 575.0 44.0 575.0 441.0 39.0 441.0 
1 4 0.19 0.19 400.0 9.0 400.0 575.0 44.0 575.0 441.0 39.0 441.0 749.0 5.0 749.0 
1 5 0.2 0.2 400.0 9.0 400.0 575.0 44.0 575.0 441.0 39.0 441.0 749.0 5.0 749.0 388.0 6.0 388.0 
1 6 0.78 0.78 400.0 9.0 400.0 575.0 44.0 575.0 441.0 39.0 441.0 749.0 5.0 749.0 388.0 6.0 388.0 536.0 306.0 536.0 
1 7 0.84 0.84 400.0 9.0 400.0 575.0 44.0 575.0 441.0 39.0 441.0 749.0 5.0 749.0 388.0 6.0 388.0 536.0 306.0 536.0 970.0 58.0 970.0 
1 2 0.58 0.58 81.0 16.0 81.0 199.0 77.0 199.0 
1 2 0.56 0.56 297.0 16.0 297.0 667.0 342.0 667.0 
1 3 0.94 0.94 297.0 16.0 297.0 667.0 342.0 667.0 21.0 8.0 21.0 
1 2 0.57 0.57 734.0 18.0 734.0 71.0 39.0 71.0 
1 3 0.65 0.65 734.0 18.0 734.0 71.0 39.0 71.0 840.0 68.0 840.0 
1 2 0.86 0.86 370.0 11.0 370.0 728.0 606.0 728.0 
1 3 0.89 0.89 370.0 11.0 370.0 728.0 606.0 728.0 903.0 28.0 903.0 
1 2 0.6 0.6 70.0 13.0 70.0 836.0 351.0 836.0 
1 2 0.7 0.7 151.0 47.0 151.0 632.0 249.0 632.0 
1 3 0.92 0.92 151.0 47.0 151.0 632.0 249.0 632.0 896.0 193.0 896.0 
1 2 0.1 0.1 699.0 37.0 699.0 915.0 47.0 915.0 
1 3 0.46 0.46 699.0 37.0 699.0 915.0 47.0 915.0 866.0 316.0 866.0 
1 4 0.76 0.76 699.0 37.0 699.0 915.0 47.0 915.0 866.0 316.0 866.0 229.0 67.0 229.0 
1 5 0.78 0.78 699.0 37.0 699.0 915.0 47.0 915.0 866.0 316.0 866.0 229.0 67.0 229.0 784.0 19.0 784.0 
1 2 0.33 0.33 931.0 156.0 931.0 213.0 36.0 213.0 
1 3 0.57 0.57 931.0 156.0 931.0 213.0 36.0 213.0 914.0 217.0 914.0 
1 4 0.85 0.85 931.0 156.0 931.0 213.0 36.0 213.0 914.0 217.0 914.0 14.0 4.0 14.0 
1 2 0.87 0.87 218.0 19.0 218.0 173.0 137.0 173.0 
1 2 0.95 0.95 229.0 101.0 229.0 910.0 471.0 910.0 
1 2 0.3 0.3 159.0 19.0 159.0 521.0 97.0 521.0 
1 3 0.39 0.39 159.0 19.0 159.0 521.0 97.0 521.0 137.0 12.0 137.0 
1 4 0.42 0.42 159.0 19.0 159.0 521.0 97.0 521.0 137.0 12.0 137.0 146.0 5.0 146.0 
1 5 0.96 0.96 159.0 19.0 159.0 521.0 97.0 521.0 137.0 12.0 137.0 146.0 5.0 146.0 480.0 257.0 480.0 
1 2 0.6 0.6 652.0 290.0 652.0 838.0 135.0 838.0 
1 3 0.91 0.91 652.0 290.0 652.0 838.0 135.0 838.0 586.0 183.0 586.0 
1 2 0.76 0.76 130.0 91.0 130.0 199.0 13.0 199.0 
1 2 0.72 0.72 136.0 74.0 136.0 917.0 164.0 917.0 
1 3 0.72 0.72 136.0 74.0 136.0 917.0 164.0 917.0 861.0 6.0 861.0 
1 4 0.88 0.88 136.0 74.0 136.0 917.0 164.0 917.0 861.0 6.0 861.0 512.0 81.0 512.0 
1 2 0.07 0.07 654.0 21.0 654.0 760.0 35.0 760.0 
1 3 0.38 0.38 654.0 21.0 654.0 760.0 35.0 760.0 876.0 273.0 876.0 
1 4 0.39 0.39 654.0 21.0 654.0 760.0 35.0 760.0 876.0 273.0 876.0 252.0 1.0 252.0 
1 5 0.61 0.61 654.0 21.0 654.0 760.0 35.0 760.0 876.0 273.0 876.0 252.0 1.0 252.0 451.0 101.0 451.0 
1 6 0.83 0.83 654.0 21.0 654.0 760.0 35.0 760.0 876.0 273.0 876.0 252.0 1.0 252.0 451.0 101.0 451.0 788.0 173.0 788.0 
1 2 0.11 0.11 423.0 20.0 423.0 388.0 25.0 388.0 
1 3 0.28 0.28 423.0 20.0 423.0 388.0 25.0 388.0 35.0 6.0 35.0 
1 4 0.47 0.47 423.0 20.0 423.0 388.0 25.0 388.0 35.0 6.0 35.0 694.0 135.0 694.0 
1 5 0.74 0.74 423.0 20.0 423.0 388.0 25.0 388.0 35.0 6.0 35.0 694.0 135.0 694.0 140.0 38.0 140.0 
1 6 0.75 0.75 423.0 20.0 423.0 388.0 25.0 388.0 35.0 6.0 35.0 694.0 135.0 694.0 140.0 38.0 140.0 888.0 4.0 888.0 
1 2 0.61 0.61 38.0 13.0 38.0 11.0 3.0 11.0 
1 3 0.81 0.81 38.0 13.0 38.0 11.0 3.0 11.0 117.0 23.0 117.0 
1 2 0.12 0.12 653.0 27.0 653.0 541.0 47.0 541.0 
1 3 0.14 0.14 653.0 27.0 653.0 541.0 47.0 541.0 929.0 13.0 929.0 
1 4 0.76 0.76 653.0 27.0 653.0 541.0 47.0 541.0 929.0 13.0 929.0 697.0 433.0 697.0 
1 5 0.83 0.83 653.0 27.0 653.0 541.0 47.0 541.0 929.0 13.0 929.0 697.0 433.0 697.0 390.0 28.0 390.0 
1 6 0.86 0.86 653.0 27.0 653.0 541.0 47.0 541.0 929.0 13.0 929.0 697.0 433.0 697.0 390.0 28.0 390.0 667.0 23.0 667.0 
1 2 0.56 0.56 696.0 371.0 696.0 809.0 26.0 809.0 
1 3 0.7 0.7 696.0 371.0 696.0 809.0 26.0 809.0 314.0 44.0 314.0 
1 4 0.87 0.87 696.0 371.0 696.0 809.0 26.0 809.0 314.0 44.0 314.0 66.0 11.0 66.0 
1 2 0.92 0.92 167.0 32.0 167.0 221.0 162.0 221.0 
1 2 0.23 0.23 98.0 12.0 98.0 751.0 85.0 751.0 
1 3 0.29 0.29 98.0 12.0 98.0 751.0 85.0 751.0 751.0 45.0 751.0 
1 4 0.45 0.45 98.0 12.0 98.0 751.0 85.0 751.0 751.0 45.0 751.0 856.0 136.0 856.0 
1 5 0.57 0.57 98.0 12.0 98.0 751.0 85.0 751.0 751.0 45.0 751.0 856.0 136.0 856.0 930.0 108.0 930.0 
1 2 0.2 0.2 581.0 72.0 581.0 141.0 11.0 141.0 
1 3 0.59 0.59 581.0 72.0 581.0 141.0 11.0 141.0 297.0 117.0 297.0 
1 4 0.92 0.92 581.0 72.0 581.0 141.0 11.0 141.0 297.0 117.0 297.0 548.0 183.0 548.0 
1 2 0.64 0.64 7.0 4.0 7.0 922.0 72.0 922.0 
1 3 0.66 0.66 7.0 4.0 7.0 922.0 72.0 922.0 958.0 15.0 958.0 
1 4 0.66 0.66 7.0 4.0 7.0 922.0 72.0 922.0 958.0 15.0 958.0 835.0 4.0 835.0 
1 5 0.69 0.69 7.0 4.0 7.0 922.0 72.0 922.0 958.0 15.0 958.0 835.0 4.0 835.0 918.0 20.0 918.0 
1 6 0.96 0.96 7.0 4.0 7.0 922.0 72.0 922.0 958.0 15.0 958.0 835.0 4.0 835.0 918.0 20.0 918.0 811.0 224.0 811.0 
1 7 0.99 0.99 7.0 4.0 7.0 922.0 72.0 922.0 958.0 15.0 958.0 835.0 4.0 835.0 918.0 20.0 918.0 811.0 224.0 811.0 398.0 10.0 398.0 
1 2 0.78 0.78 343.0 103.0 343.0 879.0 422.0 879.0 
1 2 0.33 0.33 551.0 22.0 551.0 941.0 281.0 941.0 
1 3 0.81 0.81 551.0 22.0 551.0 941.0 281.0 941.0 242.0 115.0 242.0 
1 2 0.19 0.19 825.0 123.0 825.0 668.0 33.0 668.0 
1 3 0.2 0.2 825.0 123.0 825.0 668.0 33.0 668.0 969.0 7.0 969.0 
1 4 0.35 0.35 825.0 123.0 825.0 668.0 33.0 668.0 969.0 7.0 969.0 451.0 69.0 451.0 
1 5 0.64 0.64 825.0 123.0 825.0 668.0 33.0 668.0 969.0 7.0 969.0 451.0 69.0 451.0 339.0 98.0 339.0 
1 6 0.94 0.94 825.0 123.0 825.0 668.0 33.0 668.0 969.0 7.0 969.0 451.0 69.0 451.0 339.0 98.0 339.0 353.0 105.0 353.0 
1 2 0.32 0.32 547.0 163.0 547.0 663.0 16.0 663.0 
1 3 0.5 0.5 547.0 163.0 547.0 663.0 16.0 663.0 398.0 71.0 398.0 
1 4 0.77 0.77 547.0 163.0 547.0 663.0 16.0 663.0 398.0 71.0 398.0 660.0 184.0 660.0 
1 2 0.22 0.22 866.0 148.0 866.0 54.0 3.0 54.0 
1 3 0.24 0.24 866.0 148.0 866.0 54.0 3.0 54.0 727.0 10.0 727.0 
1 4 0.33 0.33 866.0 148.0 866.0 54.0 3.0 54.0 727.0 10.0 727.0 183.0 18.0 183.0 
1 5 0.36 0.36 866.0 148.0 866.0 54.0 3.0 54.0 727.0 10.0 727.0 183.0 18.0 183.0 196.0 5.0 196.0 
1 6 0.65 0.65 866.0 148.0 866.0 54.0 3.0 54.0 727.0 10.0 727.0 183.0 18.0 183.0 196.0 5.0 196.0 576.0 165.0 576.0 
1 7 0.69 0.69 866.0 148.0 866.0 54.0 3.0 54.0 727.0 10.0 727.0 183.0 18.0 183.0 196.0 5.0 196.0 576.0 165.0 576.0 554.0 26.0 554.0 
1 8 0.77 0.77 866.0 148.0 866.0 54.0 3.0 54.0 727.0 10.0 727.0 183.0 18.0 183.0 196.0 5.0 196.0 576.0 165.0 576.0 554.0 26.0 554.0 682.0 55.0 682.0 
1 2 0.48 0.48 924.0 363.0 924.0 144.0 13.0 144.0 
1 3 0.52 0.52 924.0 363.0 924.0 144.0 13.0 144.0 596.0 22.0 596.0 
1 2 0.87 0.87 621.0 16.0 621.0 153.0 130.0 153.0 
1 3 0.93 0.93 621.0 16.0 621.0 153.0 130.0 153.0 270.0 17.0 270.0 
1 2 0.27 0.27 324.0 65.0 324.0 850.0 60.0 850.0 
1 3 0.72 0.72 324.0 65.0 324.0 850.0 60.0 850.0 876.0 401.0 876.0 
1 2 0.38 0.38 873.0 123.0 873.0 119.0 29.0 119.0 
1 3 0.39 0.39 873.0 123.0 873.0 119.0 29.0 119.0 807.0 11.0 807.0 
1 4 0.44 0.44 873.0 123.0 873.0 119.0 29.0 119.0 807.0 11.0 807.0 537.0 25.0 537.0 
1 2 0.25 0.25 912.0 194.0 912.0 860.0 35.0 860.0 
1 3 0.53 0.53 912.0 194.0 912.0 860.0 35.0 860.0 956.0 266.0 956.0 
1 4 0.69 0.69 912.0 194.0 912.0 860.0 35.0 860.0 956.0 266.0 956.0 941.0 156.0 941.0 
1 2 0.27 0.27 316.0 28.0 316.0 580.0 110.0 580.0 
1 3 0.4 0.4 316.0 28.0 316.0 580.0 110.0 580.0 809.0 103.0 809.0 
1 4 0.48 0.48 316.0 28.0 316.0 580.0 110.0 580.0 809.0 103.0 809.0 369.0 30.0 369.0 
1 5 0.71 0.71 316.0 28.0 316.0 580.0 110.0 580.0 809.0 103.0 809.0 369.0 30.0 369.0 520.0 117.0 520.0 
1 2 0.09 0.09 215.0 1.0 215.0 156.0 14.0 156.0 
1 3 0.75 0.75 215.0 1.0 215.0 156.0 14.0 156.0 674.0 447.0 674.0 
1 2 0.1 0.1 878.0 56.0 878.0 24.0 1.0 24.0 
1 3 0.55 0.55 878.0 56.0 878.0 24.0 1.0 24.0 611.0 274.0 611.0 
1 4 0.87 0.87 878.0 56.0 878.0 24.0 1.0 24.0 611.0 274.0 611.0 610.0 196.0 610.0 
1 2 0.44 0.44 914.0 122.0 914.0 935.0 287.0 935.0 
1 3 0.75 0.75 914.0 122.0 914.0 935.0 287.0 935.0 833.0 262.0 833.0 
1 2 0.18 0.18 448.0 62.0 448.0 235.0 12.0 235.0 
1 3 0.74 0.74 448.0 62.0 448.0 235.0 12.0 235.0 841.0 466.0 841.0 
1 4 0.86 0.86 448.0 62.0 448.0 235.0 12.0 235.0 841.0 466.0 841.0 212.0 26.0 212.0 
1 2 0.71 0.71 163.0 68.0 163.0 221.0 65.0 221.0 
1 3 0.87 0.87 163.0 68.0 163.0 221.0 65.0 221.0 951.0 154.0 951.0 
1 4 0.92 0.92 163.0 68.0 163.0 221.0 65.0 221.0 951.0 154.0 951.0 62.0 3.0 62.0 
1 5 0.92 0.92 163.0 68.0 163.0 221.0 65.0 221.0 951.0 154.0 951.0 62.0 3.0 62.0 1000.0 3.0 1000.0 
1 6 0.94 0.94 163.0 68.0 163.0 221.0 65.0 221.0 951.0 154.0 951.0 62.0 3.0 62.0 1000.0 3.0 1000.0 459.0 11.0 459.0 
1 7 0.96 0.96 163.0 68.0 163.0 221.0 65.0 221.0 951.0 154.0 951.0 62.0 3.0 62.0 1000.0 3.0 1000.0 459.0 11.0 459.0 735.0 14.0 735.0 
1 2 0.13 0.13 531.0 36.0 531.0 57.0 4.0 57.0 
1 3 0.55 0.55 531.0 36.0 531.0 57.0 4.0 57.0 247.0 104.0 247.0 
1 4 0.86 0.86 531.0 36.0 531.0 57.0 4.0 57.0 247.0 104.0 247.0 974.0 294.0 974.0 
1 5 0.97 0.97 531.0 36.0 531.0 57.0 4.0 57.0 247.0 104.0 247.0 974.0 294.0 974.0 358.0 41.0 358.0 
1 2 0.26 0.26 166.0 40.0 166.0 35.0 1.0 35.0 
1 3 0.62 0.62 166.0 40.0 166.0 35.0 1.0 35.0 621.0 223.0 621.0 
1 2 0.1 0.1 386.0 34.0 386.0 314.0 6.0 314.0 
1 3 0.24 0.24 386.0 34.0 386.0 314.0 6.0 314.0 722.0 100.0 722.0 
1 4 0.65 0.65 386.0 34.0 386.0 314.0 6.0 314.0 722.0 100.0 722.0 424.0 174.0 424.0 
1 5 0.86 0.86 386.0 34.0 386.0 314.0 6.0 314.0 722.0 100.0 722.0 424.0 174.0 424.0 636.0 136.0 636.0 
1 6 0.95 0.95 386.0 34.0 386.0 314.0 6.0 314.0 722.0 100.0 722.0 424.0 174.0 424.0 636.0 136.0 636.0 234.0 21.0 234.0 
1 2 0.25 0.25 675.0 118.0 675.0 717.0 57.0 717.0 
1 3 0.63 0.63 675.0 118.0 675.0 717.0 57.0 717.0 501.0 192.0 501.0 
1 4 0.72 0.72 675.0 118.0 675.0 717.0 57.0 717.0 501.0 192.0 501.0 783.0 66.0 783.0 
1 5 0.84 0.84 675.0 118.0 675.0 717.0 57.0 717.0 501.0 192.0 501.0 783.0 66.0 783.0 801.0 100.0 801.0 
1 2 0.1 0.1 738.0 60.0 738.0 122.0 3.0 122.0 
1 3 0.35 0.35 738.0 60.0 738.0 122.0 3.0 122.0 226.0 57.0 226.0 
1 4 0.74 0.74 738.0 60.0 738.0 122.0 3.0 122.0 226.0 57.0 226.0 576.0 223.0 576.0 
1 5 0.87 0.87 738.0 60.0 738.0 122.0 3.0 122.0 226.0 57.0 226.0 576.0 223.0 576.0 263.0 35.0 263.0 
1 2 0.54 0.54 673.0 338.0 673.0 819.0 33.0 819.0 
1 3 0.89 0.89 673.0 338.0 673.0 819.0 33.0 819.0 717.0 250.0 717.0 
1 2 0.43 0.43 3.0 1.0 3.0 372.0 37.0 372.0 
1 3 0.64 0.64 3.0 1.0 3.0 372.0 37.0 372.0 877.0 186.0 877.0 
1 4 0.68 0.68 3.0 1.0 3.0 372.0 37.0 372.0 877.0 186.0 877.0 894.0 33.0 894.0 
1 2 0.2 0.2 903.0 141.0 903.0 381.0 17.0 381.0 
1 3 0.25 0.25 903.0 141.0 903.0 381.0 17.0 381.0 894.0 45.0 894.0 
1 4 0.9 0.9 903.0 141.0 903.0 381.0 17.0 381.0 894.0 45.0 894.0 389.0 255.0 389.0 
1 2 0.47 0.47 830.0 1.0 830.0 668.0 316.0 668.0 
1 3 0.76 0.76 830.0 1.0 830.0 668.0 316.0 668.0 167.0 49.0 167.0 
1 4 0.82 0.82 830.0 1.0 830.0 668.0 316.0 668.0 167.0 49.0 167.0 49.0 3.0 49.0 
1 2 0.18 0.18 380.0 50.0 380.0 823.0 45.0 823.0 
1 3 0.28 0.28 380.0 50.0 380.0 823.0 45.0 823.0 526.0 52.0 526.0 
1 4 0.74 0.74 380.0 50.0 380.0 823.0 45.0 823.0 526.0 52.0 526.0 318.0 145.0 318.0 
1 5 0.77 0.77 380.0 50.0 380.0 823.0 45.0 823.0 526.0 52.0 526.0 318.0 145.0 318.0 160.0 6.0 160.0 
1 2 0.6 0.6 576.0 4.0 576.0 209.0 125.0 209.0 
1 2 0.57 0.57 69.0 18.0 69.0 133.0 42.0 133.0 
1 3 0.73 0.73 69.0 18.0 69.0 133.0 42.0 133.0 304.0 49.0 304.0 
1 2 0.32 0.32 157.0 43.0 157.0 393.0 19.0 393.0 
1 3 0.34 0.34 157.0 43.0 157.0 393.0 19.0 393.0 546.0 11.0 546.0 
1 4 0.51 0.51 157.0 43.0 157.0 393.0 19.0 393.0 546.0 11.0 546.0 307.0 52.0 307.0 
1 5 0.87 0.87 157.0 43.0 157.0 393.0 19.0 393.0 546.0 11.0 546.0 307.0 52.0 307.0 108.0 39.0 108.0 
1 2 0.23 0.23 92.0 1.0 92.0 725.0 159.0 725.0 
1 3 0.32 0.32 92.0 1.0 92.0 725.0 159.0 725.0 614.0 60.0 614.0 
1 4 0.75 0.75 92.0 1.0 92.0 725.0 159.0 725.0 614.0 60.0 614.0 418.0 178.0 418.0 
1 5 0.8 0.8 92.0 1.0 92.0 725.0 159.0 725.0 614.0 60.0 614.0 418.0 178.0 418.0 724.0 38.0 724.0 
1 2 0.05 0.05 224.0 5.0 224.0 55.0 2.0 55.0 
1 3 0.2 0.2 224.0 5.0 224.0 55.0 2.0 55.0 856.0 126.0 856.0 
1 4 0.27 0.27 224.0 5.0 224.0 55.0 2.0 55.0 856.0 126.0 856.0 910.0 61.0 910.0 
1 5 0.44 0.44 224.0 5.0 224.0 55.0 2.0 55.0 856.0 126.0 856.0 910.0 61.0 910.0 260.0 46.0 260.0 
1 6 0.95 0.95 224.0 5.0 224.0 55.0 2.0 55.0 856.0 126.0 856.0 910.0 61.0 910.0 260.0 46.0 260.0 756.0 383.0 756.0 
1 2 0.47 0.47 815.0 221.0 815.0 169.0 35.0 169.0 
1 2 0.18 0.18 766.0 68.0 766.0 741.0 69.0 741.0 
1 3 0.64 0.64 766.0 68.0 766.0 741.0 69.0 741.0 836.0 386.0 836.0 
1 4 0.76 0.76 766.0 68.0 766.0 741.0 69.0 741.0 836.0 386.0 836.0 727.0 91.0 727.0 
1 5 0.99 0.99 766.0 68.0 766.0 741.0 69.0 741.0 836.0 386.0 836.0 727.0 91.0 727.0 742.0 171.0 742.0 
1 2 0.41 0.41 561.0 70.0 561.0 430.0 124.0 430.0 
1 3 0.55 0.55 561.0 70.0 561.0 430.0 124.0 430.0 678.0 97.0 678.0 
1 4 0.62 0.62 561.0 70.0 561.0 430.0 124.0 430.0 678.0 97.0 678.0 416.0 30.0 416.0 
1 5 0.85 0.85 561.0 70.0 561.0 430.0 124.0 430.0 678.0 97.0 678.0 416.0 30.0 416.0 312.0 71.0 312.0 
1 6 0.93 0.93 561.0 70.0 561.0 430.0 124.0 430.0 678.0 97.0 678.0 416.0 30.0 416.0 312.0 71.0 312.0 131.0 10.0 131.0 
1 2 0.51 0.51 241.0 71.0 241.0 909.0 201.0 909.0 
1 3 0.84 0.84 241.0 71.0 241.0 909.0 201.0 909.0 291.0 97.0 291.0 
1 4 0.91 0.91 241.0 71.0 241.0 909.0 201.0 909.0 291.0 97.0 291.0 527.0 34.0 527.0 
1 5 0.95 0.95 241.0 71.0 241.0 909.0 201.0 909.0 291.0 97.0 291.0 527.0 34.0 527.0 813.0 34.0 813.0 
1 2 0.79 0.79 992.0 208.0 992.0 672.0 395.0 672.0 
1 3 0.98 0.98 992.0 208.0 992.0 672.0 395.0 672.0 16.0 3.0 16.0 
1 2 0.87 0.87 279.0 99.0 279.0 431.0 226.0 431.0 
1 2 0.27 0.27 293.0 25.0 293.0 129.0 25.0 129.0 
1 3 0.67 0.67 293.0 25.0 293.0 129.0 25.0 129.0 765.0 302.0 765.0 
1 2 0.16 0.16 214.0 20.0 214.0 60.0 4.0 60.0 
1 3 0.4 0.4 214.0 20.0 214.0 60.0 4.0 60.0 879.0 218.0 879.0 
1 4 0.76 0.76 214.0 20.0 214.0 60.0 4.0 60.0 879.0 218.0 879.0 316.0 113.0 316.0 
1 5 0.77 0.77 214.0 20.0 214.0 60.0 4.0 60.0 879.0 218.0 879.0 316.0 113.0 316.0 277.0 2.0 277.0 
1 6 0.79 0.79 214.0 20.0 214.0 60.0 4.0 60.0 879.0 218.0 879.0 316.0 113.0 316.0 277.0 2.0 277.0 149.0 4.0 149.0 
1 7 0.83 0.83 214.0 20.0 214.0 60.0 4.0 60.0 879.0 218.0 879.0 316.0 113.0 316.0 277.0 2.0 277.0 149.0 4.0 149.0 705.0 25.0 705.0 
1 8 0.98 0.98 214.0 20.0 214.0 60.0 4.0 60.0 879.0 218.0 879.0 316.0 113.0 316.0 277.0 2.0 277.0 149.0 4.0 149.0 705.0 25.0 705.0 62.0 9.0 62.0 
1 2 0.11 0.11 536.0 26.0 536.0 378.0 27.0 378.0 
1 3 0.21 0.21 536.0 26.0 536.0 378.0 27.0 378.0 568.0 52.0 568.0 
1 4 0.52 0.52 536.0 26.0 536.0 378.0 27.0 378.0 568.0 52.0 568.0 845.0 265.0 845.0 
1 5 0.55 0.55 536.0 26.0 536.0 378.0 27.0 378.0 568.0 52.0 568.0 845.0 265.0 845.0 715.0 20.0 715.0 
1 6 0.6 0.6 536.0 26.0 536.0 378.0 27.0 378.0 568.0 52.0 568.0 845.0 265.0 845.0 715.0 20.0 715.0 919.0 45.0 919.0 
1 7 0.76 0.76 536.0 26.0 536.0 378.0 27.0 378.0 568.0 52.0 568.0 845.0 265.0 845.0 715.0 20.0 715.0 919.0 45.0 919.0 829.0 133.0 829.0 
1 2 0.07 0.07 434.0 24.0 434.0 373.0 9.0 373.0 
1 3 0.3 0.3 434.0 24.0 434.0 373.0 9.0 373.0 672.0 151.0 672.0 
1 4 0.66 0.66 434.0 24.0 434.0 373.0 9.0 373.0 672.0 151.0 672.0 941.0 335.0 941.0 
1 5 0.66 0.66 434.0 24.0 434.0 373.0 9.0 373.0 672.0 151.0 672.0 941.0 335.0 941.0 324.0 1.0 324.0 
1 6 0.68 0.68 434.0 24.0 434.0 373.0 9.0 373.0 672.0 151.0 672.0 941.0 335.0 941.0 324.0 1.0 324.0 543.0 13.0 543.0 
1 7 0.72 0.72 434.0 24.0 434.0 373.0 9.0 373.0 672.0 151.0 672.0 941.0 335.0 941.0 324.0 1.0 324.0 543.0 13.0 543.0 647.0 24.0 647.0 
1 8 0.82 0.82 434.0 24.0 434.0 373.0 9.0 373.0 672.0 151.0 672.0 941.0 335.0 941.0 324.0 1.0 324.0 543.0 13.0 543.0 647.0 24.0 647.0 630.0 66.0 630.0 
1 2 0.44 0.44 37.0 16.0 37.0 368.0 3.0 368.0 
1 3 0.44 0.44 37.0 16.0 37.0 368.0 3.0 368.0 422.0 2.0 422.0 
1 4 0.47 0.47 37.0 16.0 37.0 368.0 3.0 368.0 422.0 2.0 422.0 645.0 18.0 645.0 
1 5 0.62 0.62 37.0 16.0 37.0 368.0 3.0 368.0 422.0 2.0 422.0 645.0 18.0 645.0 476.0 71.0 476.0 
1 6 0.76 0.76 37.0 16.0 37.0 368.0 3.0 368.0 422.0 2.0 422.0 645.0 18.0 645.0 476.0 71.0 476.0 244.0 36.0 244.0 
1 2 0.25 0.25 681.0 45.0 681.0 228.0 44.0 228.0 
1 3 0.67 0.67 681.0 45.0 681.0 228.0 44.0 228.0 570.0 237.0 570.0 
1 4 0.69 0.69 681.0 45.0 681.0 228.0 44.0 228.0 570.0 237.0 570.0 719.0 12.0 719.0 
1 5 0.8 0.8 681.0 45.0 681.0 228.0 44.0 228.0 570.0 237.0 570.0 719.0 12.0 719.0 220.0 24.0 220.0 
1 2 0.79 0.79 160.0 62.0 160.0 37.0 15.0 37.0 
1 3 0.91 0.91 160.0 62.0 160.0 37.0 15.0 37.0 98.0 12.0 98.0 
1 2 0.32 0.32 166.0 8.0 166.0 679.0 191.0 679.0 
1 3 0.64 0.64 166.0 8.0 166.0 679.0 191.0 679.0 447.0 143.0 447.0 
1 4 0.75 0.75 166.0 8.0 166.0 679.0 191.0 679.0 447.0 143.0 447.0 79.0 8.0 79.0 
1 5 0.77 0.77 166.0 8.0 166.0 679.0 191.0 679.0 447.0 143.0 447.0 79.0 8.0 79.0 523.0 12.0 523.0 
1 2 0.91 0.91 382.0 278.0 382.0 722.0 136.0 722.0 
1 2 0.22 0.22 987.0 204.0 987.0 856.0 12.0 856.0 
1 3 0.82 0.82 987.0 204.0 987.0 856.0 12.0 856.0 797.0 485.0 797.0 
1 2 0.34 0.34 141.0 2.0 141.0 318.0 104.0 318.0 
1 3 0.37 0.37 141.0 2.0 141.0 318.0 104.0 318.0 641.0 19.0 641.0 
1 4 0.57 0.57 141.0 2.0 141.0 318.0 104.0 318.0 641.0 19.0 641.0 427.0 87.0 427.0 
1 5 0.57 0.57 141.0 2.0 141.0 318.0 104.0 318.0 641.0 19.0 641.0 427.0 87.0 427.0 431.0 2.0 431.0 
1 6 0.79 0.79 141.0 2.0 141.0 318.0 104.0 318.0 641.0 19.0 641.0 427.0 87.0 427.0 431.0 2.0 431.0 336.0 73.0 336.0 
1 2 0.14 0.14 668.0 69.0 668.0 699.0 26.0 699.0 
1 3 0.71 0.71 668.0 69.0 668.0 699.0 26.0 699.0 936.0 535.0 936.0 
1 2 0.35 0.35 60.0 20.0 60.0 701.0 18.0 701.0 
1 3 0.41 0.41 60.0 20.0 60.0 701.0 18.0 701.0 185.0 10.0 185.0 
1 4 0.57 0.57 60.0 20.0 60.0 701.0 18.0 701.0 185.0 10.0 185.0 375.0 60.0 375.0 
1 2 0.47 0.47 109.0 14.0 109.0 817.0 284.0 817.0 
1 2 0.34 0.34 121.0 39.0 121.0 616.0 14.0 616.0 
1 3 0.38 0.38 121.0 39.0 121.0 616.0 14.0 616.0 582.0 21.0 582.0 
1 4 0.45 0.45 121.0 39.0 121.0 616.0 14.0 616.0 582.0 21.0 582.0 661.0 46.0 661.0 
1 5 0.66 0.66 121.0 39.0 121.0 616.0 14.0 616.0 582.0 21.0 582.0 661.0 46.0 661.0 990.0 216.0 990.0 
1 6 0.71 0.71 121.0 39.0 121.0 616.0 14.0 616.0 582.0 21.0 582.0 661.0 46.0 661.0 990.0 216.0 990.0 489.0 24.0 489.0 
1 2 0.42 0.42 821.0 141.0 821.0 784.0 197.0 784.0 
1 3 0.42 0.42 821.0 141.0 821.0 784.0 197.0 784.0 198.0 1.0 198.0 
1 4 0.43 0.43 821.0 141.0 821.0 784.0 197.0 784.0 198.0 1.0 198.0 780.0 3.0 780.0 
1 2 0.32 0.32 481.0 67.0 481.0 754.0 137.0 754.0 
1 3 0.38 0.38 481.0 67.0 481.0 754.0 137.0 754.0 218.0 14.0 218.0 
1 4 0.57 0.57 481.0 67.0 481.0 754.0 137.0 754.0 218.0 14.0 218.0 626.0 117.0 626.0 
1 5 0.58 0.58 481.0 67.0 481.0 754.0 137.0 754.0 218.0 14.0 218.0 626.0 117.0 626.0 707.0 10.0 707.0 
1 6 0.8 0.8 481.0 67.0 481.0 754.0 137.0 754.0 218.0 14.0 218.0 626.0 117.0 626.0 707.0 10.0 707.0 168.0 36.0 168.0 
1 2 0.35 0.35 367.0 76.0 367.0 675.0 98.0 675.0 
1 3 0.53 0.53 367.0 76.0 367.0 675.0 98.0 675.0 662.0 118.0 662.0 
1 4 0.59 0.59 367.0 76.0 367.0 675.0 98.0 675.0 662.0 118.0 662.0 940.0 57.0 940.0 
1 2 0.16 0.16 351.0 47.0 351.0 709.0 20.0 709.0 
1 3 0.56 0.56 351.0 47.0 351.0 709.0 20.0 709.0 367.0 149.0 367.0 
1 4 0.69 0.69 351.0 47.0 351.0 709.0 20.0 709.0 367.0 149.0 367.0 380.0 49.0 380.0 
1 5 0.95 0.95 351.0 47.0 351.0 709.0 20.0 709.0 367.0 149.0 367.0 380.0 49.0 380.0 332.0 84.0 332.0 
1 2 0.63 0.63 559.0 58.0 559.0 57.0 30.0 57.0 
1 3 0.79 0.79 559.0 58.0 559.0 57.0 30.0 57.0 457.0 75.0 457.0 
1 2 0.43 0.43 501.0 98.0 501.0 208.0 49.0 208.0 
1 3 0.54 0.54 501.0 98.0 501.0 208.0 49.0 208.0 55.0 6.0 55.0 
1 4 0.75 0.75 501.0 98.0 501.0 208.0 49.0 208.0 55.0 6.0 55.0 498.0 108.0 498.0 
1 2 0.16 0.16 145.0 17.0 145.0 786.0 38.0 786.0 
1 3 0.35 0.35 145.0 17.0 145.0 786.0 38.0 786.0 595.0 112.0 595.0 
1 4 0.4 0.4 145.0 17.0 145.0 786.0 38.0 786.0 595.0 112.0 595.0 509.0 24.0 509.0 
1 5 0.45 0.45 145.0 17.0 145.0 786.0 38.0 786.0 595.0 112.0 595.0 509.0 24.0 509.0 927.0 53.0 927.0 
1 6 0.5 0.5 145.0 17.0 145.0 786.0 38.0 786.0 595.0 112.0 595.0 509.0 24.0 509.0 927.0 53.0 927.0 91.0 4.0 91.0 
1 7 0.84 0.84 145.0 17.0 145.0 786.0 38.0 786.0 595.0 112.0 595.0 509.0 24.0 509.0 927.0 53.0 927.0 91.0 4.0 91.0 761.0 258.0 761.0 
1 2 0.21 0.21 214.0 21.0 214.0 703.0 80.0 703.0 
1 3 0.31 0.31 214.0 21.0 214.0 703.0 80.0 703.0 395.0 42.0 395.0 
1 2 0.26 0.26 140.0 15.0 140.0 663.0 104.0 663.0 
1 3 0.36 0.36 140.0 15.0 140.0 663.0 104.0 663.0 132.0 13.0 132.0 
1 2 0.74 0.74 547.0 38.0 547.0 866.0 582.0 866.0 
1 3 0.76 0.76 547.0 38.0 547.0 866.0 582.0 866.0 825.0 18.0 825.0 
1 4 0.91 0.91 547.0 38.0 547.0 866.0 582.0 866.0 825.0 18.0 825.0 150.0 23.0 150.0 
1 2 0.43 0.43 606.0 79.0 606.0 620.0 186.0 620.0 
1 2 0.73 0.73 486.0 165.0 486.0 356.0 142.0 356.0 
1 3 0.78 0.78 486.0 165.0 486.0 356.0 142.0 356.0 558.0 28.0 558.0 
1 2 0.45 0.45 362.0 110.0 362.0 511.0 78.0 511.0 
1 3 0.52 0.52 362.0 110.0 362.0 511.0 78.0 511.0 510.0 36.0 510.0 
1 4 0.54 0.54 362.0 110.0 362.0 511.0 78.0 511.0 510.0 36.0 510.0 302.0 6.0 302.0 
1 5 0.67 0.67 362.0 110.0 362.0 511.0 78.0 511.0 510.0 36.0 510.0 302.0 6.0 302.0 308.0 38.0 308.0 
1 6 0.98 0.98 362.0 110.0 362.0 511.0 78.0 511.0 510.0 36.0 510.0 302.0 6.0 302.0 308.0 38.0 308.0 143.0 45.0 143.0 
1 2 0.95 0.95 168.0 49.0 168.0 6.0 4.0 6.0 
1 2 0.52 0.52 11.0 3.0 11.0 4.0 1.0 4.0 
1 3 0.85 0.85 11.0 3.0 11.0 4.0 1.0 4.0 807.0 266.0 807.0 
1 4 0.99 0.99 11.0 3.0 11.0 4.0 1.0 4.0 807.0 266.0 807.0 421.0 62.0 421.0 
1 2 0.2 0.2 193.0 7.0 193.0 372.0 61.0 372.0 
1 3 0.31 0.31 193.0 7.0 193.0 372.0 61.0 372.0 237.0 28.0 237.0 
1 4 0.58 0.58 193.0 7.0 193.0 372.0 61.0 372.0 237.0 28.0 237.0 609.0 162.0 609.0 
1 5 0.67 0.67 193.0 7.0 193.0 372.0 61.0 372.0 237.0 28.0 237.0 609.0 162.0 609.0 342.0 32.0 342.0 
1 6 0.81 0.81 193.0 7.0 193.0 372.0 61.0 372.0 237.0 28.0 237.0 609.0 162.0 609.0 342.0 32.0 342.0 239.0 33.0 239.0 
1 7 0.85 0.85 193.0 7.0 193.0 372.0 61.0 372.0 237.0 28.0 237.0 609.0 162.0 609.0 342.0 32.0 342.0 239.0 33.0 239.0 417.0 16.0 417.0 
1 8 0.9 0.9 193.0 7.0 193.0 372.0 61.0 372.0 237.0 28.0 237.0 609.0 162.0 609.0 342.0 32.0 342.0 239.0 33.0 239.0 417.0 16.0 417.0 340.0 16.0 340.0 
1 9 0.99 0.99 193.0 7.0 193.0 372.0 61.0 372.0 237.0 28.0 237.0 609.0 162.0 609.0 342.0 32.0 342.0 239.0 33.0 239.0 417.0 16.0 417.0 340.0 16.0 340.0 315.0 30.0 315.0 
1 2 0.03 0.03 273.0 7.0 273.0 927.0 6.0 927.0 
1 3 0.07 0.07 273.0 7.0 273.0 927.0 6.0 927.0 642.0 27.0 642.0 
1 4 0.11 0.11 273.0 7.0 273.0 927.0 6.0 927.0 642.0 27.0 642.0 549.0 23.0 549.0 
1 5 0.3 0.3 273.0 7.0 273.0 927.0 6.0 927.0 642.0 27.0 642.0 549.0 23.0 549.0 279.0 53.0 279.0 
1 6 0.95 0.95 273.0 7.0 273.0 927.0 6.0 927.0 642.0 27.0 642.0 549.0 23.0 549.0 279.0 53.0 279.0 793.0 514.0 793.0 
1 2 0.96 0.96 659.0 177.0 659.0 999.0 699.0 999.0 
1 2 0.35 0.35 175.0 50.0 175.0 711.0 51.0 711.0 
1 3 0.45 0.45 175.0 50.0 175.0 711.0 51.0 711.0 643.0 65.0 643.0 
1 4 0.47 0.47 175.0 50.0 175.0 711.0 51.0 711.0 643.0 65.0 643.0 922.0 17.0 922.0 
1 5 0.76 0.76 175.0 50.0 175.0 711.0 51.0 711.0 643.0 65.0 643.0 922.0 17.0 922.0 744.0 212.0 744.0 
1 6 0.84 0.84 175.0 50.0 175.0 711.0 51.0 711.0 643.0 65.0 643.0 922.0 17.0 922.0 744.0 212.0 744.0 97.0 8.0 97.0 
1 2 0.85 0.85 793.0 396.0 793.0 857.0 307.0 857.0 
1 3 0.93 0.93 793.0 396.0 793.0 857.0 307.0 857.0 536.0 39.0 536.0 
1 2 0.4 0.4 723.0 207.0 723.0 812.0 98.0 812.0 
1 3 0.56 0.56 723.0 207.0 723.0 812.0 98.0 812.0 437.0 68.0 437.0 
1 2 0.01 0.01 467.0 1.0 467.0 989.0 10.0 989.0 
1 3 0.1 0.1 467.0 1.0 467.0 989.0 10.0 989.0 748.0 67.0 748.0 
1 4 0.32 0.32 467.0 1.0 467.0 989.0 10.0 989.0 748.0 67.0 748.0 948.0 216.0 948.0 
1 5 0.65 0.65 467.0 1.0 467.0 989.0 10.0 989.0 748.0 67.0 748.0 948.0 216.0 948.0 607.0 199.0 607.0 
1 2 0.98 0.98 796.0 150.0 796.0 323.0 258.0 323.0 
1 2 0.45 0.45 246.0 99.0 246.0 959.0 50.0 959.0 
1 3 0.59 0.59 246.0 99.0 246.0 959.0 50.0 959.0 343.0 49.0 343.0 
1 4 0.7 0.7 246.0 99.0 246.0 959.0 50.0 959.0 343.0 49.0 343.0 537.0 58.0 537.0 
1 5 0.89 0.89 246.0 99.0 246.0 959.0 50.0 959.0 343.0 49.0 343.0 537.0 58.0 537.0 485.0 90.0 485.0 
1 6 0.96 0.96 246.0 99.0 246.0 959.0 50.0 959.0 343.0 49.0 343.0 537.0 58.0 537.0 485.0 90.0 485.0 54.0 4.0 54.0 
1 2 0.66 0.66 315.0 95.0 315.0 718.0 264.0 718.0 
1 3 0.85 0.85 315.0 95.0 315.0 718.0 264.0 718.0 497.0 93.0 497.0 
1 2 0.38 0.38 76.0 16.0 76.0 17.0 3.0 17.0 
1 3 0.7 0.7 76.0 16.0 76.0 17.0 3.0 17.0 541.0 170.0 541.0 
1 4 0.91 0.91 76.0 16.0 76.0 17.0 3.0 17.0 541.0 170.0 541.0 177.0 37.0 177.0 
1 2 0.33 0.33 337.0 90.0 337.0 210.0 15.0 210.0 
1 3 0.36 0.36 337.0 90.0 337.0 210.0 15.0 210.0 499.0 14.0 499.0 
1 4 0.59 0.59 337.0 90.0 337.0 210.0 15.0 210.0 499.0 14.0 499.0 174.0 40.0 174.0 
1 5 0.73 0.73 337.0 90.0 337.0 210.0 15.0 210.0 499.0 14.0 499.0 174.0 40.0 174.0 22.0 3.0 22.0 
1 6 0.85 0.85 337.0 90.0 337.0 210.0 15.0 210.0 499.0 14.0 499.0 174.0 40.0 174.0 22.0 3.0 22.0 938.0 114.0 938.0 
1 7 0.98 0.98 337.0 90.0 337.0 210.0 15.0 210.0 499.0 14.0 499.0 174.0 40.0 174.0 22.0 3.0 22.0 938.0 114.0 938.0 536.0 70.0 536.0 
1 2 0.78 0.78 806.0 380.0 806.0 520.0 164.0 520.0 
1 3 0.79 0.79 806.0 380.0 806.0 520.0 164.0 520.0 262.0 2.0 262.0 
1 4 0.99 0.99 806.0 380.0 806.0 520.0 164.0 520.0 262.0 2.0 262.0 447.0 88.0 447.0 
1 2 0.38 0.38 237.0 84.0 237.0 674.0 19.0 674.0 
1 3 0.68 0.68 237.0 84.0 237.0 674.0 19.0 674.0 884.0 270.0 884.0 
1 2 0.86 0.86 386.0 28.0 386.0 179.0 142.0 179.0 
1 2 0.32 0.32 538.0 23.0 538.0 682.0 191.0 682.0 
1 3 0.54 0.54 538.0 23.0 538.0 682.0 191.0 682.0 804.0 176.0 804.0 
1 4 0.91 0.91 538.0 23.0 538.0 682.0 191.0 682.0 804.0 176.0 804.0 692.0 259.0 692.0 
1 5 0.95 0.95 538.0 23.0 538.0 682.0 191.0 682.0 804.0 176.0 804.0 692.0 259.0 692.0 844.0 37.0 844.0 
1 2 0.45 0.45 86.0 6.0 86.0 478.0 183.0 478.0 
1 3 0.6 0.6 86.0 6.0 86.0 478.0 183.0 478.0 853.0 134.0 853.0 
1 4 0.74 0.74 86.0 6.0 86.0 478.0 183.0 478.0 853.0 134.0 853.0 994.0 137.0 994.0 
1 5 0.78 0.78 86.0 6.0 86.0 478.0 183.0 478.0 853.0 134.0 853.0 994.0 137.0 994.0 55.0 2.0 55.0 
1 6 0.96 0.96 86.0 6.0 86.0 478.0 183.0 478.0 853.0 134.0 853.0 994.0 137.0 994.0 55.0 2.0 55.0 197.0 36.0 197.0 
1 2 0.2 0.2 778.0 149.0 778.0 639.0 9.0 639.0 
1 3 0.34 0.34 778.0 149.0 778.0 639.0 9.0 639.0 142.0 20.0 142.0 
1 2 0.18 0.18 660.0 36.0 660.0 174.0 22.0 174.0 
1 3 0.24 0.24 660.0 36.0 660.0 174.0 22.0 174.0 581.0 36.0 581.0 
1 4 0.6 0.6 660.0 36.0 660.0 174.0 22.0 174.0 581.0 36.0 581.0 206.0 74.0 206.0 
1 2 0.45 0.45 63.0 7.0 63.0 806.0 279.0 806.0 
1 3 0.51 0.51 63.0 7.0 63.0 806.0 279.0 806.0 32.0 2.0 32.0 
1 4 0.52 0.52 63.0 7.0 63.0 806.0 279.0 806.0 32.0 2.0 32.0 295.0 3.0 295.0 
1 2 0.28 0.28 995.0 1.0 995.0 7.0 2.0 7.0 
1 3 0.84 0.84 995.0 1.0 995.0 7.0 2.0 7.0 401.0 222.0 401.0 
1 4 0.84 0.84 995.0 1.0 995.0 7.0 2.0 7.0 401.0 222.0 401.0 476.0 3.0 476.0 
1 2 0.14 0.14 295.0 29.0 295.0 671.0 33.0 671.0 
1 2 0.29 0.29 291.0 65.0 291.0 472.0 33.0 472.0 
1 3 0.4 0.4 291.0 65.0 291.0 472.0 33.0 472.0 27.0 3.0 27.0 
1 4 0.58 0.58 291.0 65.0 291.0 472.0 33.0 472.0 27.0 3.0 27.0 380.0 68.0 380.0 
1 5 0.89 0.89 291.0 65.0 291.0 472.0 33.0 472.0 27.0 3.0 27.0 380.0 68.0 380.0 565.0 177.0 565.0 
1 2 0.31 0.31 926.0 123.0 926.0 225.0 42.0 225.0 
1 3 0.81 0.81 926.0 123.0 926.0 225.0 42.0 225.0 2.0 1.0 2.0 
1 2 0.99 0.99 333.0 245.0 333.0 439.0 115.0 439.0 
1 2 0.91 0.91 664.0 502.0 664.0 779.0 127.0 779.0 
1 2 0.42 0.42 492.0 153.0 492.0 364.0 42.0 364.0 
1 2 0.33 0.33 517.0 129.0 517.0 769.0 62.0 769.0 
1 3 0.42 0.42 517.0 129.0 517.0 769.0 62.0 769.0 855.0 81.0 855.0 
1 4 0.47 0.47 517.0 129.0 517.0 769.0 62.0 769.0 855.0 81.0 855.0 856.0 46.0 856.0 
1 5 0.54 0.54 517.0 129.0 517.0 769.0 62.0 769.0 855.0 81.0 855.0 856.0 46.0 856.0 232.0 15.0 232.0 
1 6 0.86 0.86 517.0 129.0 517.0 769.0 62.0 769.0 855.0 81.0 855.0 856.0 46.0 856.0 232.0 15.0 232.0 371.0 118.0 371.0 
1 7 0.95 0.95 517.0 129.0 517.0 769.0 62.0 769.0 855.0 81.0 855.0 856.0 46.0 856.0 232.0 15.0 232.0 371.0 118.0 371.0 196.0 19.0 196.0 
1 2 0.64 0.64 347.0 50.0 347.0 161.0 81.0 161.0 
1 2 0.03 0.03 934.0 9.0 934.0 549.0 14.0 549.0 
1 3 0.26 0.26 934.0 9.0 934.0 549.0 14.0 549.0 82.0 19.0 82.0 
1 4 0.33 0.33 934.0 9.0 934.0 549.0 14.0 549.0 82.0 19.0 82.0 379.0 24.0 379.0 
1 5 0.41 0.41 934.0 9.0 934.0 549.0 14.0 549.0 82.0 19.0 82.0 379.0 24.0 379.0 813.0 73.0 813.0 
1 6 0.46 0.46 934.0 9.0 934.0 549.0 14.0 549.0 82.0 19.0 82.0 379.0 24.0 379.0 813.0 73.0 813.0 581.0 26.0 581.0 
1 7 0.66 0.66 934.0 9.0 934.0 549.0 14.0 549.0 82.0 19.0 82.0 379.0 24.0 379.0 813.0 73.0 813.0 581.0 26.0 581.0 483.0 98.0 483.0 
1 8 0.7 0.7 934.0 9.0 934.0 549.0 14.0 549.0 82.0 19.0 82.0 379.0 24.0 379.0 813.0 73.0 813.0 581.0 26.0 581.0 483.0 98.0 483.0 483.0 20.0 483.0 
1 9 0.91 0.91 934.0 9.0 934.0 549.0 14.0 549.0 82.0 19.0 82.0 379.0 24.0 379.0 813.0 73.0 813.0 581.0 26.0 581.0 483.0 98.0 483.0 483.0 20.0 483.0 153.0 31.0 153.0 
1 10 0.92 0.92 934.0 9.0 934.0 549.0 14.0 549.0 82.0 19.0 82.0 379.0 24.0 379.0 813.0 73.0 813.0 581.0 26.0 581.0 483.0 98.0 483.0 483.0 20.0 483.0 153.0 31.0 153.0 110.0 2.0 110.0 
1 2 0.85 0.85 117.0 100.0 117.0 438.0 1.0 438.0 
1 2 0.74 0.74 380.0 86.0 380.0 551.0 287.0 551.0 
1 3 0.89 0.89 380.0 86.0 380.0 551.0 287.0 551.0 631.0 94.0 631.0 
1 2 0.23 0.23 714.0 164.0 714.0 410.0 1.0 410.0 
1 3 0.51 0.51 714.0 164.0 714.0 410.0 1.0 410.0 928.0 266.0 928.0 
1 4 0.76 0.76 714.0 164.0 714.0 410.0 1.0 410.0 928.0 266.0 928.0 642.0 155.0 642.0 
1 5 0.91 0.91 714.0 164.0 714.0 410.0 1.0 410.0 928.0 266.0 928.0 642.0 155.0 642.0 791.0 120.0 791.0 
1 2 0.66 0.66 435.0 277.0 435.0 66.0 2.0 66.0 
1 2 0.42 0.42 742.0 50.0 742.0 410.0 147.0 410.0 
1 3 0.6 0.6 742.0 50.0 742.0 410.0 147.0 410.0 804.0 145.0 804.0 
1 4 0.74 0.74 742.0 50.0 742.0 410.0 147.0 410.0 804.0 145.0 804.0 882.0 118.0 882.0 
1 2 0.37 0.37 191.0 27.0 191.0 848.0 194.0 848.0 
1 3 0.4 0.4 191.0 27.0 191.0 848.0 194.0 848.0 909.0 29.0 909.0 
1 4 0.99 0.99 191.0 27.0 191.0 848.0 194.0 848.0 909.0 29.0 909.0 723.0 429.0 723.0 
1 2 0.55 0.55 938.0 225.0 938.0 265.0 84.0 265.0 
1 3 0.77 0.77 938.0 225.0 938.0 265.0 84.0 265.0 890.0 196.0 890.0 
1 4 0.98 0.98 938.0 225.0 938.0 265.0 84.0 265.0 890.0 196.0 890.0 479.0 101.0 479.0 
1 2 0.98 0.98 217.0 24.0 217.0 164.0 143.0 164.0 
1 2 0.46 0.46 57.0 10.0 57.0 915.0 268.0 915.0 
1 3 0.79 0.79 57.0 10.0 57.0 915.0 268.0 915.0 204.0 66.0 204.0 
1 2 0.06 0.06 930.0 33.0 930.0 463.0 12.0 463.0 
1 3 0.14 0.14 930.0 33.0 930.0 463.0 12.0 463.0 357.0 30.0 357.0 
1 4 0.29 0.29 930.0 33.0 930.0 463.0 12.0 463.0 357.0 30.0 357.0 455.0 66.0 455.0 
1 5 0.42 0.42 930.0 33.0 930.0 463.0 12.0 463.0 357.0 30.0 357.0 455.0 66.0 455.0 429.0 58.0 429.0 
1 6 0.57 0.57 930.0 33.0 930.0 463.0 12.0 463.0 357.0 30.0 357.0 455.0 66.0 455.0 429.0 58.0 429.0 458.0 67.0 458.0 
1 7 0.69 0.69 930.0 33.0 930.0 463.0 12.0 463.0 357.0 30.0 357.0 455.0 66.0 455.0 429.0 58.0 429.0 458.0 67.0 458.0 557.0 68.0 557.0 
1 8 0.97 0.97 930.0 33.0 930.0 463.0 12.0 463.0 357.0 30.0 357.0 455.0 66.0 455.0 429.0 58.0 429.0 458.0 67.0 458.0 557.0 68.0 557.0 71.0 20.0 71.0 
1 9 0.98 0.98 930.0 33.0 930.0 463.0 12.0 463.0 357.0 30.0 357.0 455.0 66.0 455.0 429.0 58.0 429.0 458.0 67.0 458.0 557.0 68.0 557.0 71.0 20.0 71.0 509.0 7.0 509.0 
1 2 0.35 0.35 950.0 1.0 950.0 188.0 67.0 188.0 
1 3 0.49 0.49 950.0 1.0 950.0 188.0 67.0 188.0 566.0 78.0 566.0 
1 2 0.32 0.32 769.0 129.0 769.0 814.0 131.0 814.0 
1 3 0.57 0.57 769.0 129.0 769.0 814.0 131.0 814.0 775.0 193.0 775.0 
1 2 0.79 0.79 761.0 218.0 761.0 821.0 414.0 821.0 
1 2 0.55 0.55 950.0 52.0 950.0 349.0 174.0 349.0 
1 3 0.72 0.72 950.0 52.0 950.0 349.0 174.0 349.0 430.0 72.0 430.0 
1 4 0.87 0.87 950.0 52.0 950.0 349.0 174.0 349.0 430.0 72.0 430.0 133.0 20.0 133.0 
1 2 0.78 0.78 322.0 234.0 322.0 803.0 47.0 803.0 
1 2 0.81 0.81 285.0 167.0 285.0 282.0 65.0 282.0 
1 3 0.89 0.89 285.0 167.0 285.0 282.0 65.0 282.0 357.0 28.0 357.0 
1 2 0.85 0.85 149.0 117.0 149.0 893.0 61.0 893.0 
1 2 0.63 0.63 464.0 251.0 464.0 984.0 92.0 984.0 
1 3 0.72 0.72 464.0 251.0 464.0 984.0 92.0 984.0 64.0 6.0 64.0 
1 4 0.83 0.83 464.0 251.0 464.0 984.0 92.0 984.0 64.0 6.0 64.0 887.0 92.0 887.0 
1 5 0.85 0.85 464.0 251.0 464.0 984.0 92.0 984.0 64.0 6.0 64.0 887.0 92.0 887.0 500.0 13.0 500.0 
1 2 0.71 0.71 814.0 171.0 814.0 334.0 168.0 334.0 
1 3 0.78 0.78 814.0 171.0 814.0 334.0 168.0 334.0 654.0 49.0 654.0 
1 4 0.83 0.83 814.0 171.0 814.0 334.0 168.0 334.0 654.0 49.0 654.0 343.0 16.0 343.0 
1 2 0.19 0.19 301.0 36.0 301.0 681.0 50.0 681.0 
1 3 0.52 0.52 301.0 36.0 301.0 681.0 50.0 681.0 245.0 81.0 245.0 
1 2 0.12 0.12 164.0 10.0 164.0 983.0 67.0 983.0 
1 2 0.36 0.36 944.0 150.0 944.0 209.0 43.0 209.0 
1 3 0.46 0.46 944.0 150.0 944.0 209.0 43.0 209.0 241.0 25.0 241.0 
1 4 0.6 0.6 944.0 150.0 944.0 209.0 43.0 209.0 241.0 25.0 241.0 410.0 55.0 410.0 
1 5 0.82 0.82 944.0 150.0 944.0 209.0 43.0 209.0 241.0 25.0 241.0 410.0 55.0 410.0 860.0 192.0 860.0 
1 2 0.32 0.32 549.0 70.0 549.0 84.0 17.0 84.0 
1 3 0.54 0.54 549.0 70.0 549.0 84.0 17.0 84.0 765.0 166.0 765.0 
1 4 0.7 0.7 549.0 70.0 549.0 84.0 17.0 84.0 765.0 166.0 765.0 755.0 117.0 755.0 
1 5 0.73 0.73 549.0 70.0 549.0 84.0 17.0 84.0 765.0 166.0 765.0 755.0 117.0 755.0 233.0 7.0 233.0 
1 2 0.32 0.32 267.0 9.0 267.0 767.0 227.0 767.0 
1 3 0.54 0.54 267.0 9.0 267.0 767.0 227.0 767.0 366.0 80.0 366.0 
1 4 0.62 0.62 267.0 9.0 267.0 767.0 227.0 767.0 366.0 80.0 366.0 473.0 34.0 473.0 
1 5 0.71 0.71 267.0 9.0 267.0 767.0 227.0 767.0 366.0 80.0 366.0 473.0 34.0 473.0 766.0 69.0 766.0 
1 2 0.87 0.87 775.0 568.0 775.0 21.0 3.0 21.0 
1 3 0.98 0.98 775.0 568.0 775.0 21.0 3.0 21.0 418.0 44.0 418.0 
1 2 0.44 0.44 584.0 37.0 584.0 467.0 176.0 467.0 
1 3 0.44 0.44 584.0 37.0 584.0 467.0 176.0 467.0 445.0 3.0 445.0 
1 4 0.45 0.45 584.0 37.0 584.0 467.0 176.0 467.0 445.0 3.0 445.0 663.0 4.0 663.0 
1 5 0.84 0.84 584.0 37.0 584.0 467.0 176.0 467.0 445.0 3.0 445.0 663.0 4.0 663.0 738.0 290.0 738.0 
1 2 0.64 0.64 239.0 51.0 239.0 824.0 359.0 824.0 
1 3 0.81 0.81 239.0 51.0 239.0 824.0 359.0 824.0 328.0 53.0 328.0 
1 4 0.81 0.81 239.0 51.0 239.0 824.0 359.0 824.0 328.0 53.0 328.0 923.0 5.0 923.0 
1 2 0.49 0.49 67.0 10.0 67.0 430.0 150.0 430.0 
1 3 0.53 0.53 67.0 10.0 67.0 430.0 150.0 430.0 75.0 3.0 75.0 
1 4 0.92 0.92 67.0 10.0 67.0 430.0 150.0 430.0 75.0 3.0 75.0 413.0 159.0 413.0 
1 2 0.45 0.45 76.0 15.0 76.0 626.0 161.0 626.0 
1 3 0.82 0.82 76.0 15.0 76.0 626.0 161.0 626.0 410.0 150.0 410.0 
1 2 0.48 0.48 825.0 166.0 825.0 951.0 269.0 951.0 
1 3 0.72 0.72 825.0 166.0 825.0 951.0 269.0 951.0 487.0 116.0 487.0 
1 4 0.91 0.91 825.0 166.0 825.0 951.0 269.0 951.0 487.0 116.0 487.0 340.0 67.0 340.0 
1 2 0.36 0.36 110.0 34.0 110.0 959.0 56.0 959.0 
1 3 0.45 0.45 110.0 34.0 110.0 959.0 56.0 959.0 890.0 75.0 890.0 
1 4 0.45 0.45 110.0 34.0 110.0 959.0 56.0 959.0 890.0 75.0 890.0 420.0 1.0 420.0 
1 5 0.83 0.83 110.0 34.0 110.0 959.0 56.0 959.0 890.0 75.0 890.0 420.0 1.0 420.0 311.0 120.0 311.0 
1 6 0.98 0.98 110.0 34.0 110.0 959.0 56.0 959.0 890.0 75.0 890.0 420.0 1.0 420.0 311.0 120.0 311.0 915.0 136.0 915.0 
1 2 0.85 0.85 553.0 16.0 553.0 562.0 463.0 562.0 
1 2 0.91 0.91 274.0 230.0 274.0 867.0 69.0 867.0 
1 2 0.44 0.44 832.0 278.0 832.0 106.0 12.0 106.0 
1 3 0.49 0.49 832.0 278.0 832.0 106.0 12.0 106.0 854.0 43.0 854.0 
1 2 0.51 0.51 969.0 478.0 969.0 936.0 19.0 936.0 
1 3 0.76 0.76 969.0 478.0 969.0 936.0 19.0 936.0 196.0 49.0 196.0 
1 4 0.98 0.98 969.0 478.0 969.0 936.0 19.0 936.0 196.0 49.0 196.0 31.0 7.0 31.0 
1 2 0.81 0.81 558.0 285.0 558.0 629.0 193.0 629.0 
1 2 0.66 0.66 904.0 305.0 904.0 193.0 64.0 193.0 
1 2 0.09 0.09 74.0 1.0 74.0 125.0 10.0 125.0 
1 3 0.18 0.18 74.0 1.0 74.0 125.0 10.0 125.0 924.0 88.0 924.0 
1 4 0.24 0.24 74.0 1.0 74.0 125.0 10.0 125.0 924.0 88.0 924.0 728.0 39.0 728.0 
1 5 0.36 0.36 74.0 1.0 74.0 125.0 10.0 125.0 924.0 88.0 924.0 728.0 39.0 728.0 255.0 31.0 255.0 
1 6 0.55 0.55 74.0 1.0 74.0 125.0 10.0 125.0 924.0 88.0 924.0 728.0 39.0 728.0 255.0 31.0 255.0 62.0 12.0 62.0 
1 7 0.65 0.65 74.0 1.0 74.0 125.0 10.0 125.0 924.0 88.0 924.0 728.0 39.0 728.0 255.0 31.0 255.0 62.0 12.0 62.0 399.0 40.0 399.0 
1 8 0.79 0.79 74.0 1.0 74.0 125.0 10.0 125.0 924.0 88.0 924.0 728.0 39.0 728.0 255.0 31.0 255.0 62.0 12.0 62.0 399.0 40.0 399.0 604.0 83.0 604.0 
1 9 0.79 0.79 74.0 1.0 74.0 125.0 10.0 125.0 924.0 88.0 924.0 728.0 39.0 728.0 255.0 31.0 255.0 62.0 12.0 62.0 399.0 40.0 399.0 604.0 83.0 604.0 234.0 1.0 234.0 
1 10 0.97 0.97 74.0 1.0 74.0 125.0 10.0 125.0 924.0 88.0 924.0 728.0 39.0 728.0 255.0 31.0 255.0 62.0 12.0 62.0 399.0 40.0 399.0 604.0 83.0 604.0 234.0 1.0 234.0 761.0 137.0 761.0 
1 2 0.38 0.38 859.0 245.0 859.0 724.0 75.0 724.0 
