1 2 0.41 0.41 668.0 66.0 668.0 238.0 75.0 238.0 
1 3 0.67 0.67 668.0 66.0 668.0 238.0 75.0 238.0 498.0 131.0 498.0 
1 2 0.34 0.34 646.0 184.0 646.0 414.0 26.0 414.0 
1 3 0.71 0.71 646.0 184.0 646.0 414.0 26.0 414.0 487.0 179.0 487.0 
1 4 0.73 0.73 646.0 184.0 646.0 414.0 26.0 414.0 487.0 179.0 487.0 422.0 7.0 422.0 
1 5 0.86 0.86 646.0 184.0 646.0 414.0 26.0 414.0 487.0 179.0 487.0 422.0 7.0 422.0 459.0 62.0 459.0 
1 2 0.66 0.66 306.0 92.0 306.0 19.0 7.0 19.0 
1 3 0.72 0.72 306.0 92.0 306.0 19.0 7.0 19.0 699.0 40.0 699.0 
1 4 0.74 0.74 306.0 92.0 306.0 19.0 7.0 19.0 699.0 40.0 699.0 711.0 10.0 711.0 
1 2 0.49 0.49 912.0 353.0 912.0 606.0 68.0 606.0 
1 3 0.82 0.82 912.0 353.0 912.0 606.0 68.0 606.0 105.0 34.0 105.0 
1 2 0.7 0.7 866.0 202.0 866.0 785.0 371.0 785.0 
1 2 0.39 0.39 673.0 221.0 673.0 642.0 45.0 642.0 
1 3 0.77 0.77 673.0 221.0 673.0 642.0 45.0 642.0 769.0 289.0 769.0 
1 2 0.43 0.43 725.0 311.0 725.0 230.0 2.0 230.0 
1 3 0.69 0.69 725.0 311.0 725.0 230.0 2.0 230.0 153.0 40.0 153.0 
1 4 0.87 0.87 725.0 311.0 725.0 230.0 2.0 230.0 153.0 40.0 153.0 559.0 97.0 559.0 
1 2 0.53 0.53 126.0 50.0 126.0 618.0 83.0 618.0 
1 3 0.61 0.61 126.0 50.0 126.0 618.0 83.0 618.0 319.0 27.0 319.0 
1 4 0.77 0.77 126.0 50.0 126.0 618.0 83.0 618.0 319.0 27.0 319.0 100.0 16.0 100.0 
1 2 0.98 0.98 590.0 23.0 590.0 486.0 460.0 486.0 
1 2 0.88 0.88 751.0 291.0 751.0 10.0 5.0 10.0 
1 2 0.43 0.43 598.0 141.0 598.0 144.0 29.0 144.0 
1 3 0.72 0.72 598.0 141.0 598.0 144.0 29.0 144.0 773.0 224.0 773.0 
1 2 0.3 0.3 105.0 14.0 105.0 379.0 66.0 379.0 
1 3 0.41 0.41 105.0 14.0 105.0 379.0 66.0 379.0 480.0 53.0 480.0 
1 4 0.62 0.62 105.0 14.0 105.0 379.0 66.0 379.0 480.0 53.0 480.0 184.0 38.0 184.0 
1 5 0.91 0.91 105.0 14.0 105.0 379.0 66.0 379.0 480.0 53.0 480.0 184.0 38.0 184.0 847.0 246.0 847.0 
1 2 0.24 0.24 526.0 31.0 526.0 123.0 23.0 123.0 
1 3 0.35 0.35 526.0 31.0 526.0 123.0 23.0 123.0 870.0 98.0 870.0 
1 4 0.97 0.97 526.0 31.0 526.0 123.0 23.0 123.0 870.0 98.0 870.0 115.0 71.0 115.0 
1 2 0.65 0.65 501.0 139.0 501.0 282.0 107.0 282.0 
1 3 0.83 0.83 501.0 139.0 501.0 282.0 107.0 282.0 264.0 47.0 264.0 
1 2 0.37 0.37 302.0 106.0 302.0 478.0 11.0 478.0 
1 3 0.84 0.84 302.0 106.0 302.0 478.0 11.0 478.0 166.0 78.0 166.0 
1 4 0.87 0.87 302.0 106.0 302.0 478.0 11.0 478.0 166.0 78.0 166.0 889.0 29.0 889.0 
1 5 0.95 0.95 302.0 106.0 302.0 478.0 11.0 478.0 166.0 78.0 166.0 889.0 29.0 889.0 940.0 72.0 940.0 
1 2 0.41 0.41 760.0 198.0 760.0 251.0 38.0 251.0 
1 3 0.55 0.55 760.0 198.0 760.0 251.0 38.0 251.0 559.0 82.0 559.0 
1 2 0.37 0.37 592.0 1.0 592.0 690.0 258.0 690.0 
1 3 0.81 0.81 592.0 1.0 592.0 690.0 258.0 690.0 374.0 166.0 374.0 
1 2 0.2 0.2 844.0 69.0 844.0 458.0 57.0 458.0 
1 3 0.57 0.57 844.0 69.0 844.0 458.0 57.0 458.0 654.0 239.0 654.0 
1 2 0.28 0.28 421.0 29.0 421.0 467.0 99.0 467.0 
1 3 0.3 0.3 421.0 29.0 421.0 467.0 99.0 467.0 583.0 15.0 583.0 
1 4 0.34 0.34 421.0 29.0 421.0 467.0 99.0 467.0 583.0 15.0 583.0 355.0 12.0 355.0 
1 5 0.48 0.48 421.0 29.0 421.0 467.0 99.0 467.0 583.0 15.0 583.0 355.0 12.0 355.0 583.0 86.0 583.0 
1 6 0.99 0.99 421.0 29.0 421.0 467.0 99.0 467.0 583.0 15.0 583.0 355.0 12.0 355.0 583.0 86.0 583.0 45.0 23.0 45.0 
1 2 0.75 0.75 788.0 29.0 788.0 951.0 682.0 951.0 
1 2 0.71 0.71 756.0 239.0 756.0 434.0 174.0 434.0 
1 3 0.79 0.79 756.0 239.0 756.0 434.0 174.0 434.0 40.0 3.0 40.0 
1 4 0.83 0.83 756.0 239.0 756.0 434.0 174.0 434.0 40.0 3.0 40.0 24.0 1.0 24.0 
1 2 0.98 0.98 538.0 109.0 538.0 509.0 396.0 509.0 
1 2 0.51 0.51 818.0 359.0 818.0 522.0 40.0 522.0 
1 3 0.64 0.64 818.0 359.0 818.0 522.0 40.0 522.0 726.0 91.0 726.0 
1 2 0.72 0.72 482.0 77.0 482.0 216.0 123.0 216.0 
1 2 0.52 0.52 660.0 105.0 660.0 307.0 113.0 307.0 
1 2 0.76 0.76 183.0 24.0 183.0 903.0 573.0 903.0 
1 3 0.97 0.97 183.0 24.0 183.0 903.0 573.0 903.0 151.0 31.0 151.0 
1 4 0.97 0.97 183.0 24.0 183.0 903.0 573.0 903.0 151.0 31.0 151.0 285.0 1.0 285.0 
1 2 0.45 0.45 532.0 157.0 532.0 191.0 30.0 191.0 
1 3 0.83 0.83 532.0 157.0 532.0 191.0 30.0 191.0 992.0 379.0 992.0 
1 4 0.91 0.91 532.0 157.0 532.0 191.0 30.0 191.0 992.0 379.0 992.0 493.0 39.0 493.0 
1 2 0.57 0.57 521.0 75.0 521.0 565.0 241.0 565.0 
1 2 0.69 0.69 180.0 85.0 180.0 421.0 94.0 421.0 
1 2 0.57 0.57 140.0 46.0 140.0 959.0 238.0 959.0 
1 3 0.9 0.9 140.0 46.0 140.0 959.0 238.0 959.0 172.0 56.0 172.0 
1 2 0.57 0.57 639.0 128.0 639.0 635.0 236.0 635.0 
1 3 0.78 0.78 639.0 128.0 639.0 635.0 236.0 635.0 783.0 165.0 783.0 
1 4 0.87 0.87 639.0 128.0 639.0 635.0 236.0 635.0 783.0 165.0 783.0 509.0 45.0 509.0 
1 5 0.96 0.96 639.0 128.0 639.0 635.0 236.0 635.0 783.0 165.0 783.0 509.0 45.0 509.0 187.0 17.0 187.0 
1 2 0.54 0.54 400.0 133.0 400.0 299.0 63.0 299.0 
1 3 0.97 0.97 400.0 133.0 400.0 299.0 63.0 299.0 545.0 235.0 545.0 
1 2 0.53 0.53 207.0 27.0 207.0 698.0 282.0 698.0 
1 3 0.83 0.83 207.0 27.0 207.0 698.0 282.0 698.0 785.0 235.0 785.0 
1 2 0.45 0.45 807.0 125.0 807.0 352.0 106.0 352.0 
1 3 0.69 0.69 807.0 125.0 807.0 352.0 106.0 352.0 408.0 99.0 408.0 
1 4 0.76 0.76 807.0 125.0 807.0 352.0 106.0 352.0 408.0 99.0 408.0 111.0 7.0 111.0 
1 2 0.5 0.5 492.0 125.0 492.0 342.0 86.0 342.0 
1 3 0.51 0.51 492.0 125.0 492.0 342.0 86.0 342.0 721.0 6.0 721.0 
1 4 0.71 0.71 492.0 125.0 492.0 342.0 86.0 342.0 721.0 6.0 721.0 318.0 65.0 318.0 
1 2 0.82 0.82 331.0 220.0 331.0 575.0 95.0 575.0 
1 2 0.35 0.35 102.0 30.0 102.0 584.0 38.0 584.0 
1 3 0.39 0.39 102.0 30.0 102.0 584.0 38.0 584.0 572.0 19.0 572.0 
1 4 0.42 0.42 102.0 30.0 102.0 584.0 38.0 584.0 572.0 19.0 572.0 999.0 33.0 999.0 
1 2 0.77 0.77 981.0 308.0 981.0 656.0 304.0 656.0 
1 3 0.82 0.82 981.0 308.0 981.0 656.0 304.0 656.0 238.0 12.0 238.0 
1 2 0.25 0.25 677.0 74.0 677.0 465.0 68.0 465.0 
1 3 0.67 0.67 677.0 74.0 677.0 465.0 68.0 465.0 31.0 13.0 31.0 
1 2 0.69 0.69 894.0 190.0 894.0 359.0 175.0 359.0 
1 3 0.97 0.97 894.0 190.0 894.0 359.0 175.0 359.0 985.0 268.0 985.0 
1 2 0.32 0.32 294.0 85.0 294.0 870.0 28.0 870.0 
1 3 0.39 0.39 294.0 85.0 294.0 870.0 28.0 870.0 464.0 34.0 464.0 
1 4 0.71 0.71 294.0 85.0 294.0 870.0 28.0 870.0 464.0 34.0 464.0 543.0 175.0 543.0 
1 2 0.98 0.98 371.0 118.0 371.0 564.0 377.0 564.0 
1 2 0.51 0.51 647.0 48.0 647.0 856.0 374.0 856.0 
1 3 0.82 0.82 647.0 48.0 647.0 856.0 374.0 856.0 901.0 282.0 901.0 
1 2 0.66 0.66 201.0 91.0 201.0 235.0 49.0 235.0 
1 3 0.69 0.69 201.0 91.0 201.0 235.0 49.0 235.0 1000.0 34.0 1000.0 
1 2 0.66 0.66 690.0 275.0 690.0 784.0 209.0 784.0 
1 3 0.84 0.84 690.0 275.0 690.0 784.0 209.0 784.0 415.0 75.0 415.0 
1 2 0.48 0.48 40.0 13.0 40.0 119.0 19.0 119.0 
1 3 0.58 0.58 40.0 13.0 40.0 119.0 19.0 119.0 735.0 76.0 735.0 
1 2 0.81 0.81 253.0 110.0 253.0 949.0 358.0 949.0 
1 2 0.69 0.69 3.0 1.0 3.0 989.0 358.0 989.0 
1 3 0.78 0.78 3.0 1.0 3.0 989.0 358.0 989.0 441.0 38.0 441.0 
1 2 0.77 0.77 648.0 200.0 648.0 362.0 170.0 362.0 
1 2 0.36 0.36 695.0 115.0 695.0 66.0 13.0 66.0 
1 3 0.4 0.4 695.0 115.0 695.0 66.0 13.0 66.0 463.0 19.0 463.0 
1 4 0.58 0.58 695.0 115.0 695.0 66.0 13.0 66.0 463.0 19.0 463.0 82.0 15.0 82.0 
1 5 0.61 0.61 695.0 115.0 695.0 66.0 13.0 66.0 463.0 19.0 463.0 82.0 15.0 82.0 256.0 7.0 256.0 
1 6 0.87 0.87 695.0 115.0 695.0 66.0 13.0 66.0 463.0 19.0 463.0 82.0 15.0 82.0 256.0 7.0 256.0 31.0 8.0 31.0 
1 2 0.1 0.1 22.0 2.0 22.0 114.0 2.0 114.0 
1 3 0.39 0.39 22.0 2.0 22.0 114.0 2.0 114.0 839.0 241.0 839.0 
1 2 0.71 0.71 973.0 238.0 973.0 275.0 130.0 275.0 
1 3 0.74 0.74 973.0 238.0 973.0 275.0 130.0 275.0 164.0 4.0 164.0 
1 4 0.93 0.93 973.0 238.0 973.0 275.0 130.0 275.0 164.0 4.0 164.0 547.0 106.0 547.0 
1 2 0.64 0.64 718.0 301.0 718.0 300.0 68.0 300.0 
1 2 0.38 0.38 981.0 127.0 981.0 203.0 51.0 203.0 
1 3 0.71 0.71 981.0 127.0 981.0 203.0 51.0 203.0 629.0 213.0 629.0 
1 4 0.91 0.91 981.0 127.0 981.0 203.0 51.0 203.0 629.0 213.0 629.0 757.0 146.0 757.0 
1 2 0.54 0.54 754.0 215.0 754.0 114.0 30.0 114.0 
1 3 0.74 0.74 754.0 215.0 754.0 114.0 30.0 114.0 170.0 34.0 170.0 
1 4 0.97 0.97 754.0 215.0 754.0 114.0 30.0 114.0 170.0 34.0 170.0 849.0 189.0 849.0 
1 2 0.74 0.74 117.0 19.0 117.0 605.0 350.0 605.0 
1 2 0.81 0.81 907.0 234.0 907.0 190.0 106.0 190.0 
1 2 0.84 0.84 453.0 209.0 453.0 364.0 139.0 364.0 
1 2 0.27 0.27 219.0 21.0 219.0 185.0 34.0 185.0 
1 3 0.57 0.57 219.0 21.0 219.0 185.0 34.0 185.0 182.0 54.0 182.0 
1 4 0.84 0.84 219.0 21.0 219.0 185.0 34.0 185.0 182.0 54.0 182.0 644.0 173.0 644.0 
1 2 0.83 0.83 503.0 236.0 503.0 836.0 309.0 836.0 
1 2 0.39 0.39 412.0 110.0 412.0 486.0 63.0 486.0 
1 3 0.65 0.65 412.0 110.0 412.0 486.0 63.0 486.0 716.0 188.0 716.0 
1 4 0.73 0.73 412.0 110.0 412.0 486.0 63.0 486.0 716.0 188.0 716.0 257.0 20.0 257.0 
1 5 0.79 0.79 412.0 110.0 412.0 486.0 63.0 486.0 716.0 188.0 716.0 257.0 20.0 257.0 708.0 40.0 708.0 
1 2 0.61 0.61 978.0 240.0 978.0 436.0 159.0 436.0 
1 3 0.8 0.8 978.0 240.0 978.0 436.0 159.0 436.0 272.0 53.0 272.0 
1 2 0.77 0.77 752.0 348.0 752.0 968.0 300.0 968.0 
1 3 0.85 0.85 752.0 348.0 752.0 968.0 300.0 968.0 454.0 38.0 454.0 
1 2 0.31 0.31 334.0 106.0 334.0 507.0 1.0 507.0 
1 3 0.72 0.72 334.0 106.0 334.0 507.0 1.0 507.0 320.0 129.0 320.0 
1 4 0.77 0.77 334.0 106.0 334.0 507.0 1.0 507.0 320.0 129.0 320.0 255.0 13.0 255.0 
1 2 0.53 0.53 169.0 33.0 169.0 996.0 341.0 996.0 
1 3 0.94 0.94 169.0 33.0 169.0 996.0 341.0 996.0 413.0 168.0 413.0 
1 4 0.99 0.99 169.0 33.0 169.0 996.0 341.0 996.0 413.0 168.0 413.0 826.0 43.0 826.0 
1 2 0.67 0.67 250.0 99.0 250.0 776.0 215.0 776.0 
1 2 0.21 0.21 87.0 4.0 87.0 777.0 131.0 777.0 
1 3 0.49 0.49 87.0 4.0 87.0 777.0 131.0 777.0 523.0 147.0 523.0 
1 2 0.68 0.68 932.0 228.0 932.0 712.0 312.0 712.0 
1 2 0.48 0.48 127.0 44.0 127.0 489.0 68.0 489.0 
1 3 0.87 0.87 127.0 44.0 127.0 489.0 68.0 489.0 103.0 40.0 103.0 
1 4 0.97 0.97 127.0 44.0 127.0 489.0 68.0 489.0 103.0 40.0 103.0 516.0 53.0 516.0 
1 2 0.63 0.63 512.0 191.0 512.0 514.0 133.0 514.0 
1 3 0.9 0.9 512.0 191.0 512.0 514.0 133.0 514.0 73.0 20.0 73.0 
1 2 0.35 0.35 301.0 18.0 301.0 647.0 188.0 647.0 
1 3 0.35 0.35 301.0 18.0 301.0 647.0 188.0 647.0 839.0 7.0 839.0 
1 4 0.73 0.73 301.0 18.0 301.0 647.0 188.0 647.0 839.0 7.0 839.0 954.0 363.0 954.0 
1 2 0.62 0.62 220.0 101.0 220.0 280.0 47.0 280.0 
1 2 0.43 0.43 100.0 37.0 100.0 988.0 63.0 988.0 
1 3 0.46 0.46 100.0 37.0 100.0 988.0 63.0 988.0 549.0 15.0 549.0 
1 4 0.84 0.84 100.0 37.0 100.0 988.0 63.0 988.0 549.0 15.0 549.0 859.0 329.0 859.0 
1 2 0.47 0.47 111.0 18.0 111.0 799.0 248.0 799.0 
1 3 0.61 0.61 111.0 18.0 111.0 799.0 248.0 799.0 887.0 128.0 887.0 
1 4 0.63 0.63 111.0 18.0 111.0 799.0 248.0 799.0 887.0 128.0 887.0 225.0 3.0 225.0 
1 2 0.63 0.63 801.0 340.0 801.0 932.0 198.0 932.0 
1 3 0.82 0.82 801.0 340.0 801.0 932.0 198.0 932.0 505.0 96.0 505.0 
1 4 0.99 0.99 801.0 340.0 801.0 932.0 198.0 932.0 505.0 96.0 505.0 463.0 77.0 463.0 
1 2 0.25 0.25 935.0 21.0 935.0 26.0 6.0 26.0 
1 3 0.39 0.39 935.0 21.0 935.0 26.0 6.0 26.0 426.0 60.0 426.0 
1 4 0.45 0.45 935.0 21.0 935.0 26.0 6.0 26.0 426.0 60.0 426.0 897.0 56.0 897.0 
1 5 0.73 0.73 935.0 21.0 935.0 26.0 6.0 26.0 426.0 60.0 426.0 897.0 56.0 897.0 531.0 149.0 531.0 
1 6 0.97 0.97 935.0 21.0 935.0 26.0 6.0 26.0 426.0 60.0 426.0 897.0 56.0 897.0 531.0 149.0 531.0 884.0 214.0 884.0 
1 7 0.99 0.99 935.0 21.0 935.0 26.0 6.0 26.0 426.0 60.0 426.0 897.0 56.0 897.0 531.0 149.0 531.0 884.0 214.0 884.0 262.0 3.0 262.0 
1 2 0.15 0.15 418.0 11.0 418.0 16.0 2.0 16.0 
1 3 0.46 0.46 418.0 11.0 418.0 16.0 2.0 16.0 568.0 180.0 568.0 
1 2 0.85 0.85 929.0 401.0 929.0 925.0 393.0 925.0 
1 2 0.48 0.48 372.0 85.0 372.0 159.0 40.0 159.0 
1 3 0.65 0.65 372.0 85.0 372.0 159.0 40.0 159.0 725.0 129.0 725.0 
1 2 0.2 0.2 678.0 136.0 678.0 539.0 5.0 539.0 
1 3 0.7 0.7 678.0 136.0 678.0 539.0 5.0 539.0 77.0 38.0 77.0 
1 4 0.95 0.95 678.0 136.0 678.0 539.0 5.0 539.0 77.0 38.0 77.0 733.0 182.0 733.0 
1 2 0.63 0.63 833.0 129.0 833.0 708.0 341.0 708.0 
1 3 0.74 0.74 833.0 129.0 833.0 708.0 341.0 708.0 700.0 79.0 700.0 
1 4 0.9 0.9 833.0 129.0 833.0 708.0 341.0 708.0 700.0 79.0 700.0 516.0 78.0 516.0 
1 2 0.54 0.54 630.0 251.0 630.0 115.0 17.0 115.0 
1 3 0.81 0.81 630.0 251.0 630.0 115.0 17.0 115.0 270.0 72.0 270.0 
1 2 0.21 0.21 964.0 126.0 964.0 592.0 50.0 592.0 
1 3 0.53 0.53 964.0 126.0 964.0 592.0 50.0 592.0 504.0 161.0 504.0 
1 4 0.71 0.71 964.0 126.0 964.0 592.0 50.0 592.0 504.0 161.0 504.0 414.0 75.0 414.0 
1 2 0.79 0.79 719.0 259.0 719.0 522.0 225.0 522.0 
1 2 0.42 0.42 152.0 18.0 152.0 62.0 19.0 62.0 
1 3 0.85 0.85 152.0 18.0 152.0 62.0 19.0 62.0 522.0 223.0 522.0 
1 4 0.89 0.89 152.0 18.0 152.0 62.0 19.0 62.0 522.0 223.0 522.0 753.0 35.0 753.0 
1 5 0.94 0.94 152.0 18.0 152.0 62.0 19.0 62.0 522.0 223.0 522.0 753.0 35.0 753.0 389.0 20.0 389.0 
1 2 0.29 0.29 293.0 5.0 293.0 168.0 46.0 168.0 
1 3 0.53 0.53 293.0 5.0 293.0 168.0 46.0 168.0 169.0 42.0 169.0 
1 4 0.57 0.57 293.0 5.0 293.0 168.0 46.0 168.0 169.0 42.0 169.0 472.0 16.0 472.0 
1 5 0.97 0.97 293.0 5.0 293.0 168.0 46.0 168.0 169.0 42.0 169.0 472.0 16.0 472.0 737.0 297.0 737.0 
1 2 0.57 0.57 387.0 35.0 387.0 844.0 410.0 844.0 
1 3 0.93 0.93 387.0 35.0 387.0 844.0 410.0 844.0 261.0 93.0 261.0 
1 2 0.63 0.63 535.0 83.0 535.0 749.0 359.0 749.0 
1 3 0.72 0.72 535.0 83.0 535.0 749.0 359.0 749.0 902.0 85.0 902.0 
1 2 0.83 0.83 982.0 438.0 982.0 776.0 302.0 776.0 
1 2 0.99 0.99 884.0 425.0 884.0 364.0 188.0 364.0 
1 2 0.36 0.36 321.0 54.0 321.0 174.0 35.0 174.0 
1 3 0.53 0.53 321.0 54.0 321.0 174.0 35.0 174.0 166.0 27.0 166.0 
1 4 0.76 0.76 321.0 54.0 321.0 174.0 35.0 174.0 166.0 27.0 166.0 769.0 183.0 769.0 
1 2 0.15 0.15 243.0 15.0 243.0 220.0 20.0 220.0 
1 3 0.22 0.22 243.0 15.0 243.0 220.0 20.0 220.0 54.0 4.0 54.0 
1 4 0.23 0.23 243.0 15.0 243.0 220.0 20.0 220.0 54.0 4.0 54.0 543.0 7.0 543.0 
1 5 0.66 0.66 243.0 15.0 243.0 220.0 20.0 220.0 54.0 4.0 54.0 543.0 7.0 543.0 56.0 24.0 56.0 
1 6 0.69 0.69 243.0 15.0 243.0 220.0 20.0 220.0 54.0 4.0 54.0 543.0 7.0 543.0 56.0 24.0 56.0 110.0 3.0 110.0 
1 7 0.8 0.8 243.0 15.0 243.0 220.0 20.0 220.0 54.0 4.0 54.0 543.0 7.0 543.0 56.0 24.0 56.0 110.0 3.0 110.0 406.0 46.0 406.0 
1 2 0.35 0.35 830.0 204.0 830.0 127.0 14.0 127.0 
1 3 0.4 0.4 830.0 204.0 830.0 127.0 14.0 127.0 579.0 30.0 579.0 
1 4 0.84 0.84 830.0 204.0 830.0 127.0 14.0 127.0 579.0 30.0 579.0 629.0 278.0 629.0 
1 5 0.95 0.95 830.0 204.0 830.0 127.0 14.0 127.0 579.0 30.0 579.0 629.0 278.0 629.0 463.0 49.0 463.0 
1 2 0.93 0.93 284.0 193.0 284.0 948.0 238.0 948.0 
1 2 0.9 0.9 336.0 80.0 336.0 380.0 253.0 380.0 
1 3 0.99 0.99 336.0 80.0 336.0 380.0 253.0 380.0 944.0 86.0 944.0 
1 2 0.16 0.16 879.0 135.0 879.0 354.0 5.0 354.0 
1 3 0.49 0.49 879.0 135.0 879.0 354.0 5.0 354.0 750.0 248.0 750.0 
1 2 0.58 0.58 713.0 206.0 713.0 44.0 13.0 44.0 
1 3 0.72 0.72 713.0 206.0 713.0 44.0 13.0 44.0 651.0 90.0 651.0 
1 2 0.66 0.66 494.0 159.0 494.0 692.0 237.0 692.0 
1 3 0.96 0.96 494.0 159.0 494.0 692.0 237.0 692.0 972.0 291.0 972.0 
1 4 0.97 0.97 494.0 159.0 494.0 692.0 237.0 692.0 972.0 291.0 972.0 600.0 6.0 600.0 
1 2 0.44 0.44 597.0 247.0 597.0 702.0 23.0 702.0 
1 3 0.66 0.66 597.0 247.0 597.0 702.0 23.0 702.0 620.0 135.0 620.0 
1 2 0.5 0.5 164.0 59.0 164.0 104.0 15.0 104.0 
1 2 0.57 0.57 394.0 47.0 394.0 643.0 290.0 643.0 
1 3 0.82 0.82 394.0 47.0 394.0 643.0 290.0 643.0 939.0 240.0 939.0 
1 2 0.71 0.71 810.0 193.0 810.0 477.0 228.0 477.0 
1 2 0.48 0.48 255.0 36.0 255.0 224.0 78.0 224.0 
1 3 0.82 0.82 255.0 36.0 255.0 224.0 78.0 224.0 136.0 45.0 136.0 
1 2 0.58 0.58 14.0 2.0 14.0 999.0 445.0 999.0 
1 3 0.61 0.61 14.0 2.0 14.0 999.0 445.0 999.0 873.0 24.0 873.0 
1 4 0.64 0.64 14.0 2.0 14.0 999.0 445.0 999.0 873.0 24.0 873.0 423.0 11.0 423.0 
1 2 0.45 0.45 550.0 209.0 550.0 538.0 39.0 538.0 
1 3 0.78 0.78 550.0 209.0 550.0 538.0 39.0 538.0 229.0 76.0 229.0 
1 2 0.61 0.61 279.0 122.0 279.0 196.0 34.0 196.0 
1 3 0.89 0.89 279.0 122.0 279.0 196.0 34.0 196.0 669.0 188.0 669.0 
1 2 0.54 0.54 100.0 9.0 100.0 11.0 5.0 11.0 
1 2 0.76 0.76 693.0 187.0 693.0 928.0 464.0 928.0 
1 2 0.02 0.02 485.0 1.0 485.0 533.0 10.0 533.0 
1 3 0.46 0.46 485.0 1.0 485.0 533.0 10.0 533.0 410.0 184.0 410.0 
1 4 0.78 0.78 485.0 1.0 485.0 533.0 10.0 533.0 410.0 184.0 410.0 824.0 256.0 824.0 
1 2 0.73 0.73 137.0 1.0 137.0 380.0 277.0 380.0 
1 2 0.49 0.49 559.0 145.0 559.0 680.0 157.0 680.0 
1 3 0.57 0.57 559.0 145.0 559.0 680.0 157.0 680.0 154.0 13.0 154.0 
1 2 0.87 0.87 440.0 173.0 440.0 343.0 164.0 343.0 
1 2 0.74 0.74 578.0 157.0 578.0 880.0 414.0 880.0 
1 3 0.9 0.9 578.0 157.0 578.0 880.0 414.0 880.0 384.0 62.0 384.0 
1 2 0.67 0.67 798.0 384.0 798.0 309.0 59.0 309.0 
1 3 0.9 0.9 798.0 384.0 798.0 309.0 59.0 309.0 199.0 46.0 199.0 
1 4 0.92 0.92 798.0 384.0 798.0 309.0 59.0 309.0 199.0 46.0 199.0 723.0 18.0 723.0 
1 2 0.51 0.51 30.0 1.0 30.0 168.0 81.0 168.0 
1 3 0.7 0.7 30.0 1.0 30.0 168.0 81.0 168.0 629.0 122.0 629.0 
1 4 0.95 0.95 30.0 1.0 30.0 168.0 81.0 168.0 629.0 122.0 629.0 242.0 60.0 242.0 
1 5 0.98 0.98 30.0 1.0 30.0 168.0 81.0 168.0 629.0 122.0 629.0 242.0 60.0 242.0 286.0 8.0 286.0 
1 2 0.33 0.33 213.0 34.0 213.0 147.0 26.0 147.0 
1 3 0.5 0.5 213.0 34.0 213.0 147.0 26.0 147.0 766.0 129.0 766.0 
1 4 0.68 0.68 213.0 34.0 213.0 147.0 26.0 147.0 766.0 129.0 766.0 916.0 161.0 916.0 
1 2 0.4 0.4 601.0 215.0 601.0 175.0 8.0 175.0 
1 3 0.7 0.7 601.0 215.0 601.0 175.0 8.0 175.0 459.0 139.0 459.0 
1 4 0.94 0.94 601.0 215.0 601.0 175.0 8.0 175.0 459.0 139.0 459.0 185.0 45.0 185.0 
1 2 0.55 0.55 36.0 13.0 36.0 442.0 86.0 442.0 
1 3 0.75 0.75 36.0 13.0 36.0 442.0 86.0 442.0 482.0 94.0 482.0 
1 4 0.98 0.98 36.0 13.0 36.0 442.0 86.0 442.0 482.0 94.0 482.0 992.0 235.0 992.0 
1 2 0.65 0.65 642.0 310.0 642.0 495.0 84.0 495.0 
1 3 0.81 0.81 642.0 310.0 642.0 495.0 84.0 495.0 378.0 60.0 378.0 
1 2 0.2 0.2 57.0 5.0 57.0 150.0 18.0 150.0 
1 3 0.36 0.36 57.0 5.0 57.0 150.0 18.0 150.0 486.0 77.0 486.0 
1 4 0.38 0.38 57.0 5.0 57.0 150.0 18.0 150.0 486.0 77.0 486.0 974.0 17.0 974.0 
1 2 0.89 0.89 98.0 85.0 98.0 803.0 23.0 803.0 
1 2 0.95 0.95 841.0 258.0 841.0 895.0 581.0 895.0 
1 3 0.97 0.97 841.0 258.0 841.0 895.0 581.0 895.0 976.0 20.0 976.0 
1 2 0.14 0.14 211.0 22.0 211.0 358.0 15.0 358.0 
1 3 0.17 0.17 211.0 22.0 211.0 358.0 15.0 358.0 720.0 24.0 720.0 
1 4 0.18 0.18 211.0 22.0 211.0 358.0 15.0 358.0 720.0 24.0 720.0 848.0 8.0 848.0 
1 5 0.29 0.29 211.0 22.0 211.0 358.0 15.0 358.0 720.0 24.0 720.0 848.0 8.0 848.0 919.0 96.0 919.0 
1 6 0.35 0.35 211.0 22.0 211.0 358.0 15.0 358.0 720.0 24.0 720.0 848.0 8.0 848.0 919.0 96.0 919.0 1000.0 63.0 1000.0 
1 7 0.82 0.82 211.0 22.0 211.0 358.0 15.0 358.0 720.0 24.0 720.0 848.0 8.0 848.0 919.0 96.0 919.0 1000.0 63.0 1000.0 980.0 464.0 980.0 
1 8 0.94 0.94 211.0 22.0 211.0 358.0 15.0 358.0 720.0 24.0 720.0 848.0 8.0 848.0 919.0 96.0 919.0 1000.0 63.0 1000.0 980.0 464.0 980.0 147.0 17.0 147.0 
1 2 0.55 0.55 750.0 90.0 750.0 891.0 385.0 891.0 
1 3 0.96 0.96 750.0 90.0 750.0 891.0 385.0 891.0 450.0 188.0 450.0 
1 2 0.83 0.83 684.0 295.0 684.0 921.0 371.0 921.0 
1 2 0.27 0.27 756.0 199.0 756.0 378.0 5.0 378.0 
1 3 0.36 0.36 756.0 199.0 756.0 378.0 5.0 378.0 57.0 5.0 57.0 
1 4 0.62 0.62 756.0 199.0 756.0 378.0 5.0 378.0 57.0 5.0 57.0 733.0 188.0 733.0 
1 5 0.86 0.86 756.0 199.0 756.0 378.0 5.0 378.0 57.0 5.0 57.0 733.0 188.0 733.0 241.0 58.0 241.0 
1 2 0.5 0.5 600.0 144.0 600.0 321.0 84.0 321.0 
1 2 0.97 0.97 200.0 75.0 200.0 326.0 194.0 326.0 
1 2 0.47 0.47 290.0 131.0 290.0 185.0 4.0 185.0 
1 3 0.9 0.9 290.0 131.0 290.0 185.0 4.0 185.0 1000.0 428.0 1000.0 
1 2 0.65 0.65 376.0 181.0 376.0 934.0 165.0 934.0 
1 2 0.51 0.51 52.0 8.0 52.0 332.0 120.0 332.0 
1 3 0.75 0.75 52.0 8.0 52.0 332.0 120.0 332.0 732.0 179.0 732.0 
1 4 0.88 0.88 52.0 8.0 52.0 332.0 120.0 332.0 732.0 179.0 732.0 856.0 110.0 856.0 
1 5 0.97 0.97 52.0 8.0 52.0 332.0 120.0 332.0 732.0 179.0 732.0 856.0 110.0 856.0 376.0 32.0 376.0 
1 2 0.73 0.73 45.0 13.0 45.0 69.0 31.0 69.0 
1 2 0.08 0.08 937.0 69.0 937.0 187.0 2.0 187.0 
1 3 0.25 0.25 937.0 69.0 937.0 187.0 2.0 187.0 444.0 76.0 444.0 
1 4 0.45 0.45 937.0 69.0 937.0 187.0 2.0 187.0 444.0 76.0 444.0 295.0 58.0 295.0 
1 5 0.87 0.87 937.0 69.0 937.0 187.0 2.0 187.0 444.0 76.0 444.0 295.0 58.0 295.0 546.0 232.0 546.0 
1 2 0.68 0.68 611.0 213.0 611.0 761.0 255.0 761.0 
1 2 0.44 0.44 547.0 66.0 547.0 893.0 286.0 893.0 
1 3 0.44 0.44 547.0 66.0 547.0 893.0 286.0 893.0 782.0 5.0 782.0 
1 4 0.66 0.66 547.0 66.0 547.0 893.0 286.0 893.0 782.0 5.0 782.0 816.0 175.0 816.0 
1 5 0.99 0.99 547.0 66.0 547.0 893.0 286.0 893.0 782.0 5.0 782.0 816.0 175.0 816.0 378.0 125.0 378.0 
1 2 0.43 0.43 326.0 12.0 326.0 604.0 241.0 604.0 
1 3 0.79 0.79 326.0 12.0 326.0 604.0 241.0 604.0 472.0 171.0 472.0 
1 2 0.1 0.1 291.0 14.0 291.0 241.0 13.0 241.0 
1 3 0.3 0.3 291.0 14.0 291.0 241.0 13.0 241.0 202.0 42.0 202.0 
1 4 0.47 0.47 291.0 14.0 291.0 241.0 13.0 241.0 202.0 42.0 202.0 262.0 44.0 262.0 
1 5 0.87 0.87 291.0 14.0 291.0 241.0 13.0 241.0 202.0 42.0 202.0 262.0 44.0 262.0 617.0 243.0 617.0 
1 6 0.92 0.92 291.0 14.0 291.0 241.0 13.0 241.0 202.0 42.0 202.0 262.0 44.0 262.0 617.0 243.0 617.0 627.0 36.0 627.0 
1 2 0.53 0.53 161.0 14.0 161.0 338.0 152.0 338.0 
1 3 0.71 0.71 161.0 14.0 161.0 338.0 152.0 338.0 732.0 130.0 732.0 
1 4 0.95 0.95 161.0 14.0 161.0 338.0 152.0 338.0 732.0 130.0 732.0 208.0 51.0 208.0 
1 2 0.58 0.58 118.0 46.0 118.0 673.0 132.0 673.0 
1 3 0.89 0.89 118.0 46.0 118.0 673.0 132.0 673.0 304.0 95.0 304.0 
1 2 0.51 0.51 618.0 252.0 618.0 280.0 30.0 280.0 
1 3 0.84 0.84 618.0 252.0 618.0 280.0 30.0 280.0 380.0 127.0 380.0 
1 2 0.81 0.81 464.0 70.0 464.0 238.0 158.0 238.0 
1 2 0.35 0.35 308.0 74.0 308.0 144.0 16.0 144.0 
1 3 0.39 0.39 308.0 74.0 308.0 144.0 16.0 144.0 319.0 14.0 319.0 
1 4 0.66 0.66 308.0 74.0 308.0 144.0 16.0 144.0 319.0 14.0 319.0 487.0 132.0 487.0 
1 5 0.71 0.71 308.0 74.0 308.0 144.0 16.0 144.0 319.0 14.0 319.0 487.0 132.0 487.0 337.0 15.0 337.0 
1 2 0.54 0.54 193.0 89.0 193.0 50.0 4.0 50.0 
1 3 0.76 0.76 193.0 89.0 193.0 50.0 4.0 50.0 584.0 129.0 584.0 
1 4 0.98 0.98 193.0 89.0 193.0 50.0 4.0 50.0 584.0 129.0 584.0 950.0 215.0 950.0 
1 2 0.5 0.5 756.0 287.0 756.0 554.0 69.0 554.0 
1 3 0.64 0.64 756.0 287.0 756.0 554.0 69.0 554.0 450.0 65.0 450.0 
1 4 0.86 0.86 756.0 287.0 756.0 554.0 69.0 554.0 450.0 65.0 450.0 462.0 100.0 462.0 
1 5 0.91 0.91 756.0 287.0 756.0 554.0 69.0 554.0 450.0 65.0 450.0 462.0 100.0 462.0 243.0 12.0 243.0 
1 2 0.88 0.88 346.0 132.0 346.0 6.0 3.0 6.0 
1 2 0.56 0.56 619.0 71.0 619.0 250.0 112.0 250.0 
1 3 0.56 0.56 619.0 71.0 619.0 250.0 112.0 250.0 453.0 3.0 453.0 
1 4 0.94 0.94 619.0 71.0 619.0 250.0 112.0 250.0 453.0 3.0 453.0 813.0 303.0 813.0 
1 5 0.96 0.96 619.0 71.0 619.0 250.0 112.0 250.0 453.0 3.0 453.0 813.0 303.0 813.0 98.0 2.0 98.0 
1 2 0.33 0.33 271.0 30.0 271.0 209.0 46.0 209.0 
1 3 0.34 0.34 271.0 30.0 271.0 209.0 46.0 209.0 192.0 3.0 192.0 
1 4 0.44 0.44 271.0 30.0 271.0 209.0 46.0 209.0 192.0 3.0 192.0 804.0 80.0 804.0 
1 5 0.73 0.73 271.0 30.0 271.0 209.0 46.0 209.0 192.0 3.0 192.0 804.0 80.0 804.0 827.0 239.0 827.0 
1 2 0.27 0.27 423.0 28.0 423.0 771.0 164.0 771.0 
1 3 0.3 0.3 423.0 28.0 423.0 771.0 164.0 771.0 156.0 4.0 156.0 
1 4 0.33 0.33 423.0 28.0 423.0 771.0 164.0 771.0 156.0 4.0 156.0 626.0 16.0 626.0 
1 2 0.78 0.78 528.0 69.0 528.0 296.0 195.0 296.0 
1 2 0.55 0.55 861.0 243.0 861.0 519.0 141.0 519.0 
1 3 0.93 0.93 861.0 243.0 861.0 519.0 141.0 519.0 461.0 174.0 461.0 
1 2 0.37 0.37 643.0 89.0 643.0 623.0 150.0 623.0 
1 2 0.61 0.61 556.0 272.0 556.0 982.0 127.0 982.0 
1 3 0.63 0.63 556.0 272.0 556.0 982.0 127.0 982.0 180.0 3.0 180.0 
1 4 0.78 0.78 556.0 272.0 556.0 982.0 127.0 982.0 180.0 3.0 180.0 684.0 101.0 684.0 
1 2 0.69 0.69 904.0 302.0 904.0 979.0 350.0 979.0 
1 3 0.83 0.83 904.0 302.0 904.0 979.0 350.0 979.0 112.0 16.0 112.0 
1 2 0.15 0.15 897.0 77.0 897.0 216.0 15.0 216.0 
1 3 0.24 0.24 897.0 77.0 897.0 216.0 15.0 216.0 731.0 69.0 731.0 
1 4 0.62 0.62 897.0 77.0 897.0 216.0 15.0 216.0 731.0 69.0 731.0 787.0 294.0 787.0 
1 5 0.7 0.7 897.0 77.0 897.0 216.0 15.0 216.0 731.0 69.0 731.0 787.0 294.0 787.0 551.0 46.0 551.0 
1 2 0.56 0.56 589.0 226.0 589.0 443.0 80.0 443.0 
1 3 0.86 0.86 589.0 226.0 589.0 443.0 80.0 443.0 223.0 66.0 223.0 
1 2 0.1 0.1 896.0 23.0 896.0 995.0 75.0 995.0 
1 3 0.38 0.38 896.0 23.0 896.0 995.0 75.0 995.0 196.0 56.0 196.0 
1 4 0.69 0.69 896.0 23.0 896.0 995.0 75.0 995.0 196.0 56.0 196.0 91.0 28.0 91.0 
1 5 0.7 0.7 896.0 23.0 896.0 995.0 75.0 995.0 196.0 56.0 196.0 91.0 28.0 91.0 598.0 8.0 598.0 
1 6 0.76 0.76 896.0 23.0 896.0 995.0 75.0 995.0 196.0 56.0 196.0 91.0 28.0 91.0 598.0 8.0 598.0 508.0 30.0 508.0 
1 7 0.88 0.88 896.0 23.0 896.0 995.0 75.0 995.0 196.0 56.0 196.0 91.0 28.0 91.0 598.0 8.0 598.0 508.0 30.0 508.0 87.0 10.0 87.0 
1 2 0.68 0.68 496.0 179.0 496.0 696.0 224.0 696.0 
1 3 0.85 0.85 496.0 179.0 496.0 696.0 224.0 696.0 288.0 49.0 288.0 
1 2 0.48 0.48 106.0 3.0 106.0 375.0 170.0 375.0 
1 3 0.53 0.53 106.0 3.0 106.0 375.0 170.0 375.0 628.0 33.0 628.0 
1 2 0.21 0.21 756.0 64.0 756.0 77.0 10.0 77.0 
1 2 0.65 0.65 461.0 126.0 461.0 764.0 290.0 764.0 
1 2 0.32 0.32 220.0 19.0 220.0 657.0 157.0 657.0 
1 3 0.33 0.33 220.0 19.0 220.0 657.0 157.0 657.0 396.0 4.0 396.0 
1 4 0.36 0.36 220.0 19.0 220.0 657.0 157.0 657.0 396.0 4.0 396.0 796.0 22.0 796.0 
1 5 0.5 0.5 220.0 19.0 220.0 657.0 157.0 657.0 396.0 4.0 396.0 796.0 22.0 796.0 241.0 35.0 241.0 
1 6 0.55 0.55 220.0 19.0 220.0 657.0 157.0 657.0 396.0 4.0 396.0 796.0 22.0 796.0 241.0 35.0 241.0 912.0 43.0 912.0 
1 7 0.69 0.69 220.0 19.0 220.0 657.0 157.0 657.0 396.0 4.0 396.0 796.0 22.0 796.0 241.0 35.0 241.0 912.0 43.0 912.0 549.0 74.0 549.0 
1 8 0.84 0.84 220.0 19.0 220.0 657.0 157.0 657.0 396.0 4.0 396.0 796.0 22.0 796.0 241.0 35.0 241.0 912.0 43.0 912.0 549.0 74.0 549.0 26.0 4.0 26.0 
1 2 0.82 0.82 635.0 245.0 635.0 939.0 414.0 939.0 
1 2 0.61 0.61 751.0 219.0 751.0 915.0 296.0 915.0 
1 3 0.88 0.88 751.0 219.0 751.0 915.0 296.0 915.0 245.0 65.0 245.0 
1 2 0.26 0.26 13.0 2.0 13.0 857.0 96.0 857.0 
1 3 0.77 0.77 13.0 2.0 13.0 857.0 96.0 857.0 190.0 97.0 190.0 
1 4 0.84 0.84 13.0 2.0 13.0 857.0 96.0 857.0 190.0 97.0 190.0 256.0 18.0 256.0 
1 2 0.36 0.36 948.0 299.0 948.0 908.0 41.0 908.0 
1 3 0.62 0.62 948.0 299.0 948.0 908.0 41.0 908.0 370.0 97.0 370.0 
1 4 0.95 0.95 948.0 299.0 948.0 908.0 41.0 908.0 370.0 97.0 370.0 717.0 239.0 717.0 
1 2 0.68 0.68 84.0 37.0 84.0 25.0 6.0 25.0 
1 2 0.58 0.58 851.0 289.0 851.0 617.0 152.0 617.0 
1 3 0.63 0.63 851.0 289.0 851.0 617.0 152.0 617.0 923.0 45.0 923.0 
1 4 0.71 0.71 851.0 289.0 851.0 617.0 152.0 617.0 923.0 45.0 923.0 819.0 67.0 819.0 
1 2 0.48 0.48 77.0 32.0 77.0 503.0 33.0 503.0 
1 3 0.55 0.55 77.0 32.0 77.0 503.0 33.0 503.0 28.0 2.0 28.0 
1 2 0.88 0.88 586.0 239.0 586.0 530.0 254.0 530.0 
1 2 0.46 0.46 846.0 365.0 846.0 321.0 10.0 321.0 
1 3 0.66 0.66 846.0 365.0 846.0 321.0 10.0 321.0 143.0 29.0 143.0 
1 2 0.93 0.93 732.0 149.0 732.0 968.0 707.0 968.0 
1 2 0.57 0.57 818.0 337.0 818.0 906.0 151.0 906.0 
1 2 0.77 0.77 212.0 79.0 212.0 475.0 190.0 475.0 
1 3 0.83 0.83 212.0 79.0 212.0 475.0 190.0 475.0 942.0 61.0 942.0 
1 4 0.98 0.98 212.0 79.0 212.0 475.0 190.0 475.0 942.0 61.0 942.0 239.0 35.0 239.0 
1 2 0.31 0.31 945.0 102.0 945.0 545.0 113.0 545.0 
1 3 0.71 0.71 945.0 102.0 945.0 545.0 113.0 545.0 573.0 228.0 573.0 
1 2 0.56 0.56 273.0 128.0 273.0 558.0 54.0 558.0 
1 3 0.91 0.91 273.0 128.0 273.0 558.0 54.0 558.0 171.0 60.0 171.0 
1 2 0.35 0.35 412.0 42.0 412.0 601.0 154.0 601.0 
1 3 0.37 0.37 412.0 42.0 412.0 601.0 154.0 601.0 107.0 2.0 107.0 
1 4 0.52 0.52 412.0 42.0 412.0 601.0 154.0 601.0 107.0 2.0 107.0 199.0 30.0 199.0 
1 5 0.62 0.62 412.0 42.0 412.0 601.0 154.0 601.0 107.0 2.0 107.0 199.0 30.0 199.0 245.0 25.0 245.0 
1 6 0.69 0.69 412.0 42.0 412.0 601.0 154.0 601.0 107.0 2.0 107.0 199.0 30.0 199.0 245.0 25.0 245.0 964.0 63.0 964.0 
1 7 0.95 0.95 412.0 42.0 412.0 601.0 154.0 601.0 107.0 2.0 107.0 199.0 30.0 199.0 245.0 25.0 245.0 964.0 63.0 964.0 840.0 217.0 840.0 
1 2 0.25 0.25 753.0 50.0 753.0 52.0 10.0 52.0 
1 3 0.69 0.69 753.0 50.0 753.0 52.0 10.0 52.0 593.0 261.0 593.0 
1 4 0.99 0.99 753.0 50.0 753.0 52.0 10.0 52.0 593.0 261.0 593.0 10.0 3.0 10.0 
1 2 0.36 0.36 5.0 1.0 5.0 459.0 77.0 459.0 
1 2 0.7 0.7 194.0 90.0 194.0 948.0 229.0 948.0 
1 3 0.97 0.97 194.0 90.0 194.0 948.0 229.0 948.0 422.0 113.0 422.0 
1 2 0.6 0.6 602.0 217.0 602.0 348.0 84.0 348.0 
1 2 0.56 0.56 155.0 80.0 155.0 433.0 21.0 433.0 
1 3 0.62 0.62 155.0 80.0 155.0 433.0 21.0 433.0 832.0 48.0 832.0 
1 2 0.23 0.23 738.0 147.0 738.0 761.0 24.0 761.0 
1 3 0.54 0.54 738.0 147.0 738.0 761.0 24.0 761.0 91.0 29.0 91.0 
1 4 0.84 0.84 738.0 147.0 738.0 761.0 24.0 761.0 91.0 29.0 91.0 383.0 114.0 383.0 
1 2 0.38 0.38 534.0 74.0 534.0 432.0 106.0 432.0 
1 3 0.41 0.41 534.0 74.0 534.0 432.0 106.0 432.0 505.0 14.0 505.0 
1 4 0.48 0.48 534.0 74.0 534.0 432.0 106.0 432.0 505.0 14.0 505.0 552.0 43.0 552.0 
1 5 0.89 0.89 534.0 74.0 534.0 432.0 106.0 432.0 505.0 14.0 505.0 552.0 43.0 552.0 94.0 38.0 94.0 
1 2 0.32 0.32 752.0 53.0 752.0 471.0 121.0 471.0 
1 3 0.65 0.65 752.0 53.0 752.0 471.0 121.0 471.0 619.0 204.0 619.0 
1 4 0.74 0.74 752.0 53.0 752.0 471.0 121.0 471.0 619.0 204.0 619.0 797.0 68.0 797.0 
1 5 0.86 0.86 752.0 53.0 752.0 471.0 121.0 471.0 619.0 204.0 619.0 797.0 68.0 797.0 204.0 25.0 204.0 
1 2 0.53 0.53 511.0 184.0 511.0 840.0 148.0 840.0 
1 3 0.82 0.82 511.0 184.0 511.0 840.0 148.0 840.0 719.0 211.0 719.0 
1 4 0.94 0.94 511.0 184.0 511.0 840.0 148.0 840.0 719.0 211.0 719.0 608.0 72.0 608.0 
1 2 0.67 0.67 892.0 533.0 892.0 650.0 49.0 650.0 
1 3 0.94 0.94 892.0 533.0 892.0 650.0 49.0 650.0 522.0 140.0 522.0 
1 2 0.28 0.28 782.0 190.0 782.0 79.0 3.0 79.0 
1 3 0.73 0.73 782.0 190.0 782.0 79.0 3.0 79.0 579.0 264.0 579.0 
1 4 0.93 0.93 782.0 190.0 782.0 79.0 3.0 79.0 579.0 264.0 579.0 932.0 184.0 932.0 
1 2 0.51 0.51 439.0 79.0 439.0 274.0 92.0 274.0 
1 2 0.99 0.99 50.0 40.0 50.0 212.0 41.0 212.0 
1 2 0.63 0.63 417.0 162.0 417.0 484.0 119.0 484.0 
1 3 0.71 0.71 417.0 162.0 417.0 484.0 119.0 484.0 255.0 20.0 255.0 
1 4 0.85 0.85 417.0 162.0 417.0 484.0 119.0 484.0 255.0 20.0 255.0 676.0 96.0 676.0 
1 2 0.55 0.55 8.0 1.0 8.0 320.0 137.0 320.0 
1 3 0.84 0.84 8.0 1.0 8.0 320.0 137.0 320.0 295.0 87.0 295.0 
1 2 0.24 0.24 356.0 12.0 356.0 738.0 155.0 738.0 
1 3 0.72 0.72 356.0 12.0 356.0 738.0 155.0 738.0 824.0 396.0 824.0 
1 2 0.65 0.65 626.0 185.0 626.0 768.0 275.0 768.0 
1 3 0.73 0.73 626.0 185.0 626.0 768.0 275.0 768.0 478.0 41.0 478.0 
1 2 0.79 0.79 165.0 77.0 165.0 578.0 187.0 578.0 
1 2 0.17 0.17 683.0 117.0 683.0 439.0 3.0 439.0 
1 3 0.44 0.44 683.0 117.0 683.0 439.0 3.0 439.0 488.0 129.0 488.0 
1 4 0.66 0.66 683.0 117.0 683.0 439.0 3.0 439.0 488.0 129.0 488.0 897.0 199.0 897.0 
1 5 0.9 0.9 683.0 117.0 683.0 439.0 3.0 439.0 488.0 129.0 488.0 897.0 199.0 897.0 834.0 198.0 834.0 
1 6 0.97 0.97 683.0 117.0 683.0 439.0 3.0 439.0 488.0 129.0 488.0 897.0 199.0 897.0 834.0 198.0 834.0 203.0 14.0 203.0 
1 2 0.76 0.76 888.0 136.0 888.0 331.0 202.0 331.0 
1 2 0.4 0.4 959.0 304.0 959.0 367.0 31.0 367.0 
1 2 0.82 0.82 292.0 187.0 292.0 116.0 21.0 116.0 
1 2 0.92 0.92 318.0 224.0 318.0 287.0 63.0 287.0 
1 2 0.36 0.36 39.0 13.0 39.0 35.0 1.0 35.0 
1 3 0.62 0.62 39.0 13.0 39.0 35.0 1.0 35.0 293.0 78.0 293.0 
1 2 0.45 0.45 911.0 275.0 911.0 295.0 46.0 295.0 
1 3 0.73 0.73 911.0 275.0 911.0 295.0 46.0 295.0 439.0 120.0 439.0 
1 2 0.35 0.35 692.0 220.0 692.0 748.0 27.0 748.0 
1 3 0.46 0.46 692.0 220.0 692.0 748.0 27.0 748.0 373.0 40.0 373.0 
1 4 0.9 0.9 692.0 220.0 692.0 748.0 27.0 748.0 373.0 40.0 373.0 907.0 406.0 907.0 
1 2 0.23 0.23 553.0 114.0 553.0 571.0 15.0 571.0 
1 3 0.37 0.37 553.0 114.0 553.0 571.0 15.0 571.0 849.0 125.0 849.0 
1 4 0.56 0.56 553.0 114.0 553.0 571.0 15.0 571.0 849.0 125.0 849.0 733.0 138.0 733.0 
1 5 0.99 0.99 553.0 114.0 553.0 571.0 15.0 571.0 849.0 125.0 849.0 733.0 138.0 733.0 204.0 87.0 204.0 
1 2 0.6 0.6 451.0 171.0 451.0 22.0 5.0 22.0 
1 2 0.52 0.52 188.0 80.0 188.0 326.0 33.0 326.0 
1 3 0.79 0.79 188.0 80.0 188.0 326.0 33.0 326.0 364.0 96.0 364.0 
1 2 0.65 0.65 532.0 142.0 532.0 965.0 374.0 965.0 
1 3 0.67 0.67 532.0 142.0 532.0 965.0 374.0 965.0 124.0 2.0 124.0 
1 2 0.12 0.12 517.0 25.0 517.0 440.0 33.0 440.0 
1 3 0.3 0.3 517.0 25.0 517.0 440.0 33.0 440.0 232.0 42.0 232.0 
1 4 0.74 0.74 517.0 25.0 517.0 440.0 33.0 440.0 232.0 42.0 232.0 141.0 62.0 141.0 
1 2 0.6 0.6 844.0 369.0 844.0 245.0 41.0 245.0 
1 3 0.99 0.99 844.0 369.0 844.0 245.0 41.0 245.0 196.0 76.0 196.0 
1 2 0.61 0.61 531.0 222.0 531.0 423.0 82.0 423.0 
1 3 0.89 0.89 531.0 222.0 531.0 423.0 82.0 423.0 191.0 54.0 191.0 
1 2 0.67 0.67 627.0 167.0 627.0 937.0 386.0 937.0 
1 2 0.31 0.31 983.0 149.0 983.0 54.0 9.0 54.0 
1 3 0.41 0.41 983.0 149.0 983.0 54.0 9.0 54.0 423.0 40.0 423.0 
1 4 0.87 0.87 983.0 149.0 983.0 54.0 9.0 54.0 423.0 40.0 423.0 503.0 230.0 503.0 
1 2 0.2 0.2 804.0 28.0 804.0 761.0 131.0 761.0 
1 3 0.64 0.64 804.0 28.0 804.0 761.0 131.0 761.0 572.0 251.0 572.0 
1 4 0.87 0.87 804.0 28.0 804.0 761.0 131.0 761.0 572.0 251.0 572.0 640.0 145.0 640.0 
1 2 0.35 0.35 34.0 10.0 34.0 891.0 52.0 891.0 
1 2 0.52 0.52 985.0 373.0 985.0 746.0 107.0 746.0 
1 3 0.96 0.96 985.0 373.0 985.0 746.0 107.0 746.0 334.0 147.0 334.0 
1 4 0.97 0.97 985.0 373.0 985.0 746.0 107.0 746.0 334.0 147.0 334.0 340.0 6.0 340.0 
1 5 0.98 0.98 985.0 373.0 985.0 746.0 107.0 746.0 334.0 147.0 334.0 340.0 6.0 340.0 422.0 2.0 422.0 
1 2 0.72 0.72 721.0 19.0 721.0 255.0 179.0 255.0 
1 3 0.75 0.75 721.0 19.0 721.0 255.0 179.0 255.0 840.0 23.0 840.0 
1 2 0.4 0.4 155.0 42.0 155.0 731.0 99.0 731.0 
1 3 0.78 0.78 155.0 42.0 155.0 731.0 99.0 731.0 380.0 143.0 380.0 
1 2 0.35 0.35 234.0 40.0 234.0 741.0 133.0 741.0 
1 3 0.44 0.44 234.0 40.0 234.0 741.0 133.0 741.0 844.0 81.0 844.0 
1 4 0.79 0.79 234.0 40.0 234.0 741.0 133.0 741.0 844.0 81.0 844.0 378.0 132.0 378.0 
1 5 0.83 0.83 234.0 40.0 234.0 741.0 133.0 741.0 844.0 81.0 844.0 378.0 132.0 378.0 923.0 35.0 923.0 
1 2 0.69 0.69 531.0 226.0 531.0 840.0 228.0 840.0 
1 3 0.8 0.8 531.0 226.0 531.0 840.0 228.0 840.0 631.0 66.0 631.0 
1 2 0.68 0.68 933.0 366.0 933.0 446.0 131.0 446.0 
1 2 0.58 0.58 79.0 34.0 79.0 756.0 118.0 756.0 
1 3 0.86 0.86 79.0 34.0 79.0 756.0 118.0 756.0 697.0 194.0 697.0 
1 2 0.29 0.29 321.0 49.0 321.0 252.0 35.0 252.0 
1 3 0.36 0.36 321.0 49.0 321.0 252.0 35.0 252.0 269.0 21.0 269.0 
1 4 0.56 0.56 321.0 49.0 321.0 252.0 35.0 252.0 269.0 21.0 269.0 769.0 154.0 769.0 
1 5 0.8 0.8 321.0 49.0 321.0 252.0 35.0 252.0 269.0 21.0 269.0 769.0 154.0 769.0 355.0 85.0 355.0 
1 2 0.65 0.65 36.0 17.0 36.0 441.0 81.0 441.0 
1 2 0.96 0.96 684.0 591.0 684.0 546.0 54.0 546.0 
1 2 0.78 0.78 50.0 19.0 50.0 709.0 288.0 709.0 
1 3 0.88 0.88 50.0 19.0 50.0 709.0 288.0 709.0 356.0 34.0 356.0 
1 2 0.67 0.67 582.0 264.0 582.0 146.0 32.0 146.0 
1 2 0.65 0.65 675.0 302.0 675.0 637.0 135.0 637.0 
1 3 0.68 0.68 675.0 302.0 675.0 637.0 135.0 637.0 348.0 8.0 348.0 
1 4 0.69 0.69 675.0 302.0 675.0 637.0 135.0 637.0 348.0 8.0 348.0 283.0 4.0 283.0 
1 5 0.77 0.77 675.0 302.0 675.0 637.0 135.0 637.0 348.0 8.0 348.0 283.0 4.0 283.0 559.0 43.0 559.0 
1 6 0.86 0.86 675.0 302.0 675.0 637.0 135.0 637.0 348.0 8.0 348.0 283.0 4.0 283.0 559.0 43.0 559.0 534.0 48.0 534.0 
1 2 0.22 0.22 812.0 48.0 812.0 345.0 57.0 345.0 
1 3 0.59 0.59 812.0 48.0 812.0 345.0 57.0 345.0 80.0 30.0 80.0 
1 2 0.21 0.21 462.0 94.0 462.0 280.0 4.0 280.0 
1 3 0.44 0.44 462.0 94.0 462.0 280.0 4.0 280.0 254.0 58.0 254.0 
1 4 0.58 0.58 462.0 94.0 462.0 280.0 4.0 280.0 254.0 58.0 254.0 948.0 131.0 948.0 
1 5 0.98 0.98 462.0 94.0 462.0 280.0 4.0 280.0 254.0 58.0 254.0 948.0 131.0 948.0 242.0 97.0 242.0 
1 2 0.52 0.52 305.0 117.0 305.0 928.0 133.0 928.0 
1 3 0.96 0.96 305.0 117.0 305.0 928.0 133.0 928.0 535.0 237.0 535.0 
1 2 0.16 0.16 430.0 25.0 430.0 479.0 49.0 479.0 
1 3 0.45 0.45 430.0 25.0 430.0 479.0 49.0 479.0 842.0 249.0 842.0 
1 4 0.55 0.55 430.0 25.0 430.0 479.0 49.0 479.0 842.0 249.0 842.0 63.0 6.0 63.0 
1 5 0.63 0.63 430.0 25.0 430.0 479.0 49.0 479.0 842.0 249.0 842.0 63.0 6.0 63.0 708.0 57.0 708.0 
1 2 0.59 0.59 505.0 230.0 505.0 431.0 60.0 431.0 
1 3 0.69 0.69 505.0 230.0 505.0 431.0 60.0 431.0 938.0 95.0 938.0 
1 4 0.96 0.96 505.0 230.0 505.0 431.0 60.0 431.0 938.0 95.0 938.0 709.0 193.0 709.0 
1 2 0.98 0.98 611.0 325.0 611.0 324.0 147.0 324.0 
1 2 0.23 0.23 491.0 17.0 491.0 147.0 29.0 147.0 
1 3 0.99 0.99 491.0 17.0 491.0 147.0 29.0 147.0 236.0 180.0 236.0 
1 2 0.63 0.63 151.0 43.0 151.0 530.0 184.0 530.0 
1 2 0.41 0.41 22.0 6.0 22.0 791.0 111.0 791.0 
1 3 0.93 0.93 22.0 6.0 22.0 791.0 111.0 791.0 685.0 356.0 685.0 
1 2 0.42 0.42 190.0 9.0 190.0 370.0 138.0 370.0 
1 3 0.78 0.78 190.0 9.0 190.0 370.0 138.0 370.0 914.0 332.0 914.0 
1 2 0.26 0.26 545.0 92.0 545.0 912.0 91.0 912.0 
1 3 0.59 0.59 545.0 92.0 545.0 912.0 91.0 912.0 312.0 103.0 312.0 
1 2 0.24 0.24 245.0 4.0 245.0 221.0 51.0 221.0 
1 3 0.43 0.43 245.0 4.0 245.0 221.0 51.0 221.0 866.0 159.0 866.0 
1 4 0.62 0.62 245.0 4.0 245.0 221.0 51.0 221.0 866.0 159.0 866.0 979.0 193.0 979.0 
1 2 0.55 0.55 403.0 26.0 403.0 396.0 195.0 396.0 
1 2 0.59 0.59 136.0 22.0 136.0 402.0 174.0 402.0 
1 3 0.76 0.76 136.0 22.0 136.0 402.0 174.0 402.0 826.0 144.0 826.0 
1 4 0.98 0.98 136.0 22.0 136.0 402.0 174.0 402.0 826.0 144.0 826.0 240.0 53.0 240.0 
1 2 0.27 0.27 997.0 125.0 997.0 299.0 44.0 299.0 
1 3 0.7 0.7 997.0 125.0 997.0 299.0 44.0 299.0 633.0 275.0 633.0 
1 4 0.95 0.95 997.0 125.0 997.0 299.0 44.0 299.0 633.0 275.0 633.0 930.0 231.0 930.0 
1 2 0.2 0.2 927.0 133.0 927.0 412.0 26.0 412.0 
1 3 0.3 0.3 927.0 133.0 927.0 412.0 26.0 412.0 308.0 30.0 308.0 
1 4 0.57 0.57 927.0 133.0 927.0 412.0 26.0 412.0 308.0 30.0 308.0 495.0 134.0 495.0 
1 5 0.94 0.94 927.0 133.0 927.0 412.0 26.0 412.0 308.0 30.0 308.0 495.0 134.0 495.0 473.0 177.0 473.0 
1 2 0.54 0.54 990.0 247.0 990.0 632.0 185.0 632.0 
1 3 0.54 0.54 990.0 247.0 990.0 632.0 185.0 632.0 377.0 1.0 377.0 
1 4 0.7 0.7 990.0 247.0 990.0 632.0 185.0 632.0 377.0 1.0 377.0 146.0 23.0 146.0 
1 5 0.93 0.93 990.0 247.0 990.0 632.0 185.0 632.0 377.0 1.0 377.0 146.0 23.0 146.0 320.0 76.0 320.0 
1 2 0.41 0.41 723.0 129.0 723.0 269.0 63.0 269.0 
1 3 0.83 0.83 723.0 129.0 723.0 269.0 63.0 269.0 527.0 222.0 527.0 
1 2 0.75 0.75 904.0 355.0 904.0 543.0 198.0 543.0 
1 2 0.56 0.56 529.0 177.0 529.0 993.0 232.0 993.0 
1 3 0.7 0.7 529.0 177.0 529.0 993.0 232.0 993.0 237.0 33.0 237.0 
1 4 0.98 0.98 529.0 177.0 529.0 993.0 232.0 993.0 237.0 33.0 237.0 950.0 265.0 950.0 
1 2 0.21 0.21 96.0 3.0 96.0 503.0 93.0 503.0 
1 3 0.55 0.55 96.0 3.0 96.0 503.0 93.0 503.0 303.0 104.0 303.0 
1 4 0.64 0.64 96.0 3.0 96.0 503.0 93.0 503.0 303.0 104.0 303.0 130.0 11.0 130.0 
1 5 0.82 0.82 96.0 3.0 96.0 503.0 93.0 503.0 303.0 104.0 303.0 130.0 11.0 130.0 61.0 11.0 61.0 
1 6 0.96 0.96 96.0 3.0 96.0 503.0 93.0 503.0 303.0 104.0 303.0 130.0 11.0 130.0 61.0 11.0 61.0 330.0 45.0 330.0 
1 2 0.44 0.44 999.0 11.0 999.0 277.0 121.0 277.0 
1 3 0.69 0.69 999.0 11.0 999.0 277.0 121.0 277.0 206.0 51.0 206.0 
1 4 0.74 0.74 999.0 11.0 999.0 277.0 121.0 277.0 206.0 51.0 206.0 501.0 23.0 501.0 
1 5 0.95 0.95 999.0 11.0 999.0 277.0 121.0 277.0 206.0 51.0 206.0 501.0 23.0 501.0 813.0 170.0 813.0 
1 2 0.51 0.51 633.0 193.0 633.0 699.0 147.0 699.0 
1 3 0.93 0.93 633.0 193.0 633.0 699.0 147.0 699.0 112.0 47.0 112.0 
1 2 0.44 0.44 584.0 128.0 584.0 22.0 5.0 22.0 
1 3 0.68 0.68 584.0 128.0 584.0 22.0 5.0 22.0 686.0 165.0 686.0 
1 4 0.85 0.85 584.0 128.0 584.0 22.0 5.0 22.0 686.0 165.0 686.0 378.0 64.0 378.0 
1 2 0.27 0.27 73.0 6.0 73.0 600.0 114.0 600.0 
1 3 0.52 0.52 73.0 6.0 73.0 600.0 114.0 600.0 580.0 147.0 580.0 
1 4 0.76 0.76 73.0 6.0 73.0 600.0 114.0 600.0 580.0 147.0 580.0 911.0 218.0 911.0 
1 5 0.84 0.84 73.0 6.0 73.0 600.0 114.0 600.0 580.0 147.0 580.0 911.0 218.0 911.0 122.0 10.0 122.0 
1 2 0.51 0.51 937.0 32.0 937.0 858.0 412.0 858.0 
1 3 0.93 0.93 937.0 32.0 937.0 858.0 412.0 858.0 411.0 173.0 411.0 
1 2 0.99 0.99 128.0 32.0 128.0 655.0 487.0 655.0 
1 3 0.99 0.99 128.0 32.0 128.0 655.0 487.0 655.0 943.0 5.0 943.0 
1 2 0.62 0.62 658.0 258.0 658.0 662.0 151.0 662.0 
1 3 0.79 0.79 658.0 258.0 658.0 662.0 151.0 662.0 126.0 22.0 126.0 
1 4 0.98 0.98 658.0 258.0 658.0 662.0 151.0 662.0 126.0 22.0 126.0 546.0 105.0 546.0 
1 2 0.65 0.65 257.0 125.0 257.0 113.0 19.0 113.0 
1 3 0.98 0.98 257.0 125.0 257.0 113.0 19.0 113.0 660.0 221.0 660.0 
1 2 0.13 0.13 289.0 10.0 289.0 459.0 47.0 459.0 
1 3 0.49 0.49 289.0 10.0 289.0 459.0 47.0 459.0 161.0 57.0 161.0 
1 2 0.63 0.63 922.0 439.0 922.0 96.0 15.0 96.0 
1 2 0.73 0.73 100.0 14.0 100.0 576.0 342.0 576.0 
1 2 0.8 0.8 659.0 314.0 659.0 365.0 120.0 365.0 
1 2 0.7 0.7 67.0 23.0 67.0 613.0 224.0 613.0 
1 2 0.34 0.34 543.0 169.0 543.0 562.0 17.0 562.0 
1 3 0.58 0.58 543.0 169.0 543.0 562.0 17.0 562.0 773.0 191.0 773.0 
1 2 0.97 0.97 360.0 173.0 360.0 191.0 95.0 191.0 
1 2 0.84 0.84 381.0 152.0 381.0 504.0 223.0 504.0 
1 2 0.48 0.48 632.0 23.0 632.0 188.0 84.0 188.0 
1 3 0.77 0.77 632.0 23.0 632.0 188.0 84.0 188.0 530.0 155.0 530.0 
1 4 0.91 0.91 632.0 23.0 632.0 188.0 84.0 188.0 530.0 155.0 530.0 248.0 35.0 248.0 
1 2 0.16 0.16 755.0 65.0 755.0 937.0 70.0 937.0 
1 3 0.34 0.34 755.0 65.0 755.0 937.0 70.0 937.0 399.0 74.0 399.0 
1 4 0.82 0.82 755.0 65.0 755.0 937.0 70.0 937.0 399.0 74.0 399.0 694.0 334.0 694.0 
1 5 0.9 0.9 755.0 65.0 755.0 937.0 70.0 937.0 399.0 74.0 399.0 694.0 334.0 694.0 974.0 75.0 974.0 
1 2 0.52 0.52 168.0 55.0 168.0 497.0 96.0 497.0 
1 3 0.57 0.57 168.0 55.0 168.0 497.0 96.0 497.0 483.0 27.0 483.0 
1 2 0.78 0.78 954.0 657.0 954.0 777.0 72.0 777.0 
1 3 0.78 0.78 954.0 657.0 954.0 777.0 72.0 777.0 839.0 2.0 839.0 
1 2 0.5 0.5 446.0 96.0 446.0 207.0 59.0 207.0 
1 2 0.67 0.67 758.0 226.0 758.0 644.0 243.0 644.0 
1 2 0.59 0.59 178.0 39.0 178.0 323.0 123.0 323.0 
1 3 0.61 0.61 178.0 39.0 178.0 323.0 123.0 323.0 386.0 4.0 386.0 
1 4 0.83 0.83 178.0 39.0 178.0 323.0 123.0 323.0 386.0 4.0 386.0 564.0 128.0 564.0 
1 5 0.86 0.86 178.0 39.0 178.0 323.0 123.0 323.0 386.0 4.0 386.0 564.0 128.0 564.0 648.0 19.0 648.0 
1 2 0.26 0.26 20.0 2.0 20.0 123.0 20.0 123.0 
1 3 0.5 0.5 20.0 2.0 20.0 123.0 20.0 123.0 959.0 235.0 959.0 
1 4 0.78 0.78 20.0 2.0 20.0 123.0 20.0 123.0 959.0 235.0 959.0 227.0 64.0 227.0 
1 5 0.81 0.81 20.0 2.0 20.0 123.0 20.0 123.0 959.0 235.0 959.0 227.0 64.0 227.0 44.0 1.0 44.0 
1 2 0.48 0.48 536.0 17.0 536.0 35.0 16.0 35.0 
1 3 0.65 0.65 536.0 17.0 536.0 35.0 16.0 35.0 398.0 66.0 398.0 
1 2 0.48 0.48 38.0 10.0 38.0 9.0 2.0 9.0 
1 3 0.54 0.54 38.0 10.0 38.0 9.0 2.0 9.0 859.0 51.0 859.0 
1 4 0.59 0.59 38.0 10.0 38.0 9.0 2.0 9.0 859.0 51.0 859.0 719.0 38.0 719.0 
1 2 0.81 0.81 101.0 45.0 101.0 372.0 137.0 372.0 
1 2 0.16 0.16 273.0 33.0 273.0 574.0 25.0 574.0 
1 3 0.34 0.34 273.0 33.0 273.0 574.0 25.0 574.0 356.0 65.0 356.0 
1 4 0.57 0.57 273.0 33.0 273.0 574.0 25.0 574.0 356.0 65.0 356.0 89.0 20.0 89.0 
1 2 0.74 0.74 925.0 361.0 925.0 340.0 119.0 340.0 
1 2 0.24 0.24 334.0 40.0 334.0 519.0 65.0 519.0 
1 3 0.27 0.27 334.0 40.0 334.0 519.0 65.0 519.0 796.0 22.0 796.0 
1 4 0.71 0.71 334.0 40.0 334.0 519.0 65.0 519.0 796.0 22.0 796.0 719.0 316.0 719.0 
1 5 0.85 0.85 334.0 40.0 334.0 519.0 65.0 519.0 796.0 22.0 796.0 719.0 316.0 719.0 974.0 137.0 974.0 
1 2 0.7 0.7 142.0 38.0 142.0 96.0 42.0 96.0 
1 2 0.44 0.44 447.0 101.0 447.0 195.0 42.0 195.0 
1 2 0.66 0.66 748.0 316.0 748.0 686.0 164.0 686.0 
1 3 0.89 0.89 748.0 316.0 748.0 686.0 164.0 686.0 709.0 168.0 709.0 
1 2 0.4 0.4 198.0 13.0 198.0 462.0 155.0 462.0 
1 3 0.79 0.79 198.0 13.0 198.0 462.0 155.0 462.0 66.0 26.0 66.0 
1 2 0.58 0.58 792.0 273.0 792.0 398.0 96.0 398.0 
1 3 0.72 0.72 792.0 273.0 792.0 398.0 96.0 398.0 64.0 9.0 64.0 
1 4 0.89 0.89 792.0 273.0 792.0 398.0 96.0 398.0 64.0 9.0 64.0 422.0 71.0 422.0 
1 2 0.93 0.93 892.0 415.0 892.0 135.0 64.0 135.0 
1 2 0.43 0.43 508.0 45.0 508.0 693.0 239.0 693.0 
1 2 0.37 0.37 397.0 57.0 397.0 685.0 160.0 685.0 
1 3 0.83 0.83 397.0 57.0 397.0 685.0 160.0 685.0 978.0 445.0 978.0 
1 2 0.73 0.73 25.0 6.0 25.0 126.0 62.0 126.0 
1 2 0.58 0.58 565.0 215.0 565.0 597.0 125.0 597.0 
1 2 0.62 0.62 453.0 58.0 453.0 273.0 135.0 273.0 
1 3 0.77 0.77 453.0 58.0 453.0 273.0 135.0 273.0 323.0 48.0 323.0 
1 4 0.89 0.89 453.0 58.0 453.0 273.0 135.0 273.0 323.0 48.0 323.0 63.0 8.0 63.0 
1 2 0.39 0.39 654.0 220.0 654.0 939.0 52.0 939.0 
1 3 0.4 0.4 654.0 220.0 654.0 939.0 52.0 939.0 785.0 9.0 785.0 
1 4 0.61 0.61 654.0 220.0 654.0 939.0 52.0 939.0 785.0 9.0 785.0 219.0 47.0 219.0 
1 2 0.44 0.44 458.0 124.0 458.0 908.0 158.0 908.0 
1 3 0.87 0.87 458.0 124.0 458.0 908.0 158.0 908.0 7.0 3.0 7.0 
1 4 0.94 0.94 458.0 124.0 458.0 908.0 158.0 908.0 7.0 3.0 7.0 725.0 55.0 725.0 
1 2 0.41 0.41 354.0 138.0 354.0 737.0 18.0 737.0 
1 3 0.87 0.87 354.0 138.0 354.0 737.0 18.0 737.0 141.0 65.0 141.0 
1 2 0.54 0.54 448.0 211.0 448.0 185.0 14.0 185.0 
1 3 0.57 0.57 448.0 211.0 448.0 185.0 14.0 185.0 341.0 10.0 341.0 
1 4 0.81 0.81 448.0 211.0 448.0 185.0 14.0 185.0 341.0 10.0 341.0 684.0 163.0 684.0 
1 5 0.97 0.97 448.0 211.0 448.0 185.0 14.0 185.0 341.0 10.0 341.0 684.0 163.0 684.0 786.0 127.0 786.0 
1 2 0.33 0.33 769.0 11.0 769.0 56.0 18.0 56.0 
1 3 0.76 0.76 769.0 11.0 769.0 56.0 18.0 56.0 368.0 159.0 368.0 
1 2 0.37 0.37 995.0 295.0 995.0 728.0 59.0 728.0 
1 3 0.83 0.83 995.0 295.0 995.0 728.0 59.0 728.0 319.0 146.0 319.0 
1 2 0.34 0.34 826.0 46.0 826.0 24.0 7.0 24.0 
1 3 0.53 0.53 826.0 46.0 826.0 24.0 7.0 24.0 782.0 147.0 782.0 
1 2 0.58 0.58 4.0 1.0 4.0 910.0 306.0 910.0 
1 3 0.67 0.67 4.0 1.0 4.0 910.0 306.0 910.0 382.0 35.0 382.0 
1 4 0.86 0.86 4.0 1.0 4.0 910.0 306.0 910.0 382.0 35.0 382.0 397.0 73.0 397.0 
1 5 0.91 0.91 4.0 1.0 4.0 910.0 306.0 910.0 382.0 35.0 382.0 397.0 73.0 397.0 635.0 31.0 635.0 
1 2 0.62 0.62 810.0 179.0 810.0 283.0 114.0 283.0 
1 3 0.95 0.95 810.0 179.0 810.0 283.0 114.0 283.0 575.0 191.0 575.0 
1 2 0.44 0.44 906.0 152.0 906.0 540.0 152.0 540.0 
1 3 0.71 0.71 906.0 152.0 906.0 540.0 152.0 540.0 568.0 149.0 568.0 
1 4 0.94 0.94 906.0 152.0 906.0 540.0 152.0 540.0 568.0 149.0 568.0 580.0 134.0 580.0 
1 2 0.8 0.8 644.0 22.0 644.0 981.0 758.0 981.0 
1 3 0.96 0.96 644.0 22.0 644.0 981.0 758.0 981.0 829.0 133.0 829.0 
1 2 0.34 0.34 839.0 242.0 839.0 181.0 11.0 181.0 
1 3 0.43 0.43 839.0 242.0 839.0 181.0 11.0 181.0 132.0 11.0 132.0 
1 4 0.59 0.59 839.0 242.0 839.0 181.0 11.0 181.0 132.0 11.0 132.0 934.0 148.0 934.0 
1 5 0.62 0.62 839.0 242.0 839.0 181.0 11.0 181.0 132.0 11.0 132.0 934.0 148.0 934.0 389.0 12.0 389.0 
1 6 0.84 0.84 839.0 242.0 839.0 181.0 11.0 181.0 132.0 11.0 132.0 934.0 148.0 934.0 389.0 12.0 389.0 962.0 218.0 962.0 
1 7 0.9 0.9 839.0 242.0 839.0 181.0 11.0 181.0 132.0 11.0 132.0 934.0 148.0 934.0 389.0 12.0 389.0 962.0 218.0 962.0 628.0 38.0 628.0 
1 2 0.59 0.59 706.0 249.0 706.0 715.0 174.0 715.0 
1 3 0.62 0.62 706.0 249.0 706.0 715.0 174.0 715.0 790.0 21.0 790.0 
1 2 0.75 0.75 625.0 176.0 625.0 877.0 419.0 877.0 
1 2 0.78 0.78 205.0 99.0 205.0 961.0 294.0 961.0 
1 2 0.53 0.53 908.0 213.0 908.0 374.0 114.0 374.0 
1 3 0.54 0.54 908.0 213.0 908.0 374.0 114.0 374.0 192.0 1.0 192.0 
1 4 0.94 0.94 908.0 213.0 908.0 374.0 114.0 374.0 192.0 1.0 192.0 687.0 277.0 687.0 
1 2 0.62 0.62 139.0 69.0 139.0 135.0 17.0 135.0 
1 2 0.73 0.73 559.0 134.0 559.0 4.0 2.0 4.0 
1 3 0.91 0.91 559.0 134.0 559.0 4.0 2.0 4.0 882.0 154.0 882.0 
1 2 0.44 0.44 115.0 2.0 115.0 323.0 137.0 323.0 
1 3 0.65 0.65 115.0 2.0 115.0 323.0 137.0 323.0 262.0 55.0 262.0 
1 4 0.72 0.72 115.0 2.0 115.0 323.0 137.0 323.0 262.0 55.0 262.0 101.0 7.0 101.0 
1 2 0.5 0.5 21.0 10.0 21.0 478.0 15.0 478.0 
1 3 0.71 0.71 21.0 10.0 21.0 478.0 15.0 478.0 712.0 150.0 712.0 
1 2 0.51 0.51 858.0 382.0 858.0 403.0 30.0 403.0 
1 3 0.75 0.75 858.0 382.0 858.0 403.0 30.0 403.0 749.0 174.0 749.0 
1 4 0.92 0.92 858.0 382.0 858.0 403.0 30.0 403.0 749.0 174.0 749.0 958.0 166.0 958.0 
1 2 0.22 0.22 554.0 65.0 554.0 164.0 18.0 164.0 
1 2 0.32 0.32 780.0 138.0 780.0 340.0 52.0 340.0 
1 3 0.68 0.68 780.0 138.0 780.0 340.0 52.0 340.0 840.0 297.0 840.0 
1 2 0.62 0.62 973.0 173.0 973.0 31.0 14.0 31.0 
1 3 0.91 0.91 973.0 173.0 973.0 31.0 14.0 31.0 993.0 285.0 993.0 
1 2 0.66 0.66 125.0 53.0 125.0 842.0 199.0 842.0 
1 3 0.73 0.73 125.0 53.0 125.0 842.0 199.0 842.0 132.0 10.0 132.0 
1 4 0.75 0.75 125.0 53.0 125.0 842.0 199.0 842.0 132.0 10.0 132.0 414.0 6.0 414.0 
1 2 0.44 0.44 701.0 4.0 701.0 586.0 260.0 586.0 
1 3 0.54 0.54 701.0 4.0 701.0 586.0 260.0 586.0 981.0 93.0 981.0 
1 4 0.83 0.83 701.0 4.0 701.0 586.0 260.0 586.0 981.0 93.0 981.0 781.0 228.0 781.0 
1 2 0.36 0.36 291.0 104.0 291.0 977.0 12.0 977.0 
1 3 0.51 0.51 291.0 104.0 291.0 977.0 12.0 977.0 926.0 130.0 926.0 
1 4 0.64 0.64 291.0 104.0 291.0 977.0 12.0 977.0 926.0 130.0 926.0 138.0 18.0 138.0 
1 2 0.41 0.41 186.0 25.0 186.0 350.0 99.0 350.0 
1 3 0.71 0.71 186.0 25.0 186.0 350.0 99.0 350.0 856.0 256.0 856.0 
1 4 0.92 0.92 186.0 25.0 186.0 350.0 99.0 350.0 856.0 256.0 856.0 529.0 108.0 529.0 
1 2 0.75 0.75 684.0 275.0 684.0 88.0 31.0 88.0 
1 2 0.22 0.22 41.0 2.0 41.0 45.0 8.0 45.0 
1 3 0.54 0.54 41.0 2.0 41.0 45.0 8.0 45.0 549.0 175.0 549.0 
1 4 0.91 0.91 41.0 2.0 41.0 45.0 8.0 45.0 549.0 175.0 549.0 616.0 229.0 616.0 
1 2 0.33 0.33 286.0 61.0 286.0 873.0 105.0 873.0 
1 3 0.41 0.41 286.0 61.0 286.0 873.0 105.0 873.0 731.0 59.0 731.0 
1 4 0.89 0.89 286.0 61.0 286.0 873.0 105.0 873.0 731.0 59.0 731.0 643.0 306.0 643.0 
1 2 0.72 0.72 488.0 212.0 488.0 883.0 257.0 883.0 
1 2 0.26 0.26 51.0 13.0 51.0 76.0 1.0 76.0 
1 3 0.57 0.57 51.0 13.0 51.0 76.0 1.0 76.0 677.0 209.0 677.0 
1 4 0.96 0.96 51.0 13.0 51.0 76.0 1.0 76.0 677.0 209.0 677.0 265.0 102.0 265.0 
1 2 0.45 0.45 8.0 2.0 8.0 92.0 19.0 92.0 
1 3 0.91 0.91 8.0 2.0 8.0 92.0 19.0 92.0 244.0 111.0 244.0 
1 2 0.96 0.96 639.0 216.0 639.0 990.0 616.0 990.0 
1 2 0.3 0.3 890.0 30.0 890.0 842.0 231.0 842.0 
1 3 0.73 0.73 890.0 30.0 890.0 842.0 231.0 842.0 7.0 3.0 7.0 
1 4 0.86 0.86 890.0 30.0 890.0 842.0 231.0 842.0 7.0 3.0 7.0 272.0 36.0 272.0 
1 2 0.67 0.67 713.0 282.0 713.0 547.0 155.0 547.0 
1 3 0.72 0.72 713.0 282.0 713.0 547.0 155.0 547.0 827.0 41.0 827.0 
1 2 0.78 0.78 316.0 102.0 316.0 13.0 6.0 13.0 
1 3 0.84 0.84 316.0 102.0 316.0 13.0 6.0 13.0 493.0 28.0 493.0 
1 2 0.67 0.67 675.0 256.0 675.0 176.0 52.0 176.0 
1 2 0.34 0.34 678.0 190.0 678.0 609.0 37.0 609.0 
1 3 0.56 0.56 678.0 190.0 678.0 609.0 37.0 609.0 630.0 140.0 630.0 
1 4 0.62 0.62 678.0 190.0 678.0 609.0 37.0 609.0 630.0 140.0 630.0 624.0 41.0 624.0 
1 2 0.24 0.24 510.0 98.0 510.0 341.0 18.0 341.0 
1 3 0.62 0.62 510.0 98.0 510.0 341.0 18.0 341.0 862.0 329.0 862.0 
1 2 0.91 0.91 847.0 373.0 847.0 858.0 409.0 858.0 
1 3 0.97 0.97 847.0 373.0 847.0 858.0 409.0 858.0 927.0 55.0 927.0 
1 2 0.34 0.34 747.0 81.0 747.0 277.0 65.0 277.0 
1 3 0.71 0.71 747.0 81.0 747.0 277.0 65.0 277.0 151.0 56.0 151.0 
1 2 0.34 0.34 648.0 78.0 648.0 310.0 71.0 310.0 
1 3 0.92 0.92 648.0 78.0 648.0 310.0 71.0 310.0 777.0 447.0 777.0 
1 4 0.95 0.95 648.0 78.0 648.0 310.0 71.0 310.0 777.0 447.0 777.0 179.0 6.0 179.0 
1 2 0.7 0.7 393.0 224.0 393.0 75.0 10.0 75.0 
1 2 0.49 0.49 421.0 21.0 421.0 532.0 237.0 532.0 
1 3 0.66 0.66 421.0 21.0 421.0 532.0 237.0 532.0 619.0 104.0 619.0 
1 4 0.82 0.82 421.0 21.0 421.0 532.0 237.0 532.0 619.0 104.0 619.0 19.0 3.0 19.0 
1 5 0.91 0.91 421.0 21.0 421.0 532.0 237.0 532.0 619.0 104.0 619.0 19.0 3.0 19.0 67.0 6.0 67.0 
1 2 0.73 0.73 523.0 142.0 523.0 650.0 303.0 650.0 
1 3 0.91 0.91 523.0 142.0 523.0 650.0 303.0 650.0 879.0 152.0 879.0 
1 2 0.6 0.6 822.0 194.0 822.0 525.0 194.0 525.0 
1 3 0.8 0.8 822.0 194.0 822.0 525.0 194.0 525.0 782.0 158.0 782.0 
1 2 0.64 0.64 790.0 281.0 790.0 614.0 179.0 614.0 
1 3 0.86 0.86 790.0 281.0 790.0 614.0 179.0 614.0 910.0 201.0 910.0 
1 4 0.91 0.91 790.0 281.0 790.0 614.0 179.0 614.0 910.0 201.0 910.0 604.0 30.0 604.0 
1 2 0.35 0.35 255.0 2.0 255.0 966.0 332.0 966.0 
1 3 0.57 0.57 255.0 2.0 255.0 966.0 332.0 966.0 110.0 25.0 110.0 
1 4 0.77 0.77 255.0 2.0 255.0 966.0 332.0 966.0 110.0 25.0 110.0 186.0 36.0 186.0 
1 5 0.95 0.95 255.0 2.0 255.0 966.0 332.0 966.0 110.0 25.0 110.0 186.0 36.0 186.0 503.0 91.0 503.0 
1 2 0.39 0.39 534.0 16.0 534.0 376.0 137.0 376.0 
1 3 0.8 0.8 534.0 16.0 534.0 376.0 137.0 376.0 324.0 133.0 324.0 
1 2 0.6 0.6 325.0 53.0 325.0 950.0 419.0 950.0 
1 3 0.93 0.93 325.0 53.0 325.0 950.0 419.0 950.0 454.0 152.0 454.0 
1 2 0.35 0.35 135.0 32.0 135.0 214.0 25.0 214.0 
1 3 0.8 0.8 135.0 32.0 135.0 214.0 25.0 214.0 592.0 267.0 592.0 
1 2 0.56 0.56 232.0 32.0 232.0 478.0 202.0 478.0 
1 3 0.86 0.86 232.0 32.0 232.0 478.0 202.0 478.0 33.0 10.0 33.0 
1 2 0.35 0.35 260.0 15.0 260.0 700.0 207.0 700.0 
1 3 0.61 0.61 260.0 15.0 260.0 700.0 207.0 700.0 498.0 129.0 498.0 
1 4 0.62 0.62 260.0 15.0 260.0 700.0 207.0 700.0 498.0 129.0 498.0 198.0 2.0 198.0 
1 2 0.59 0.59 112.0 49.0 112.0 971.0 152.0 971.0 
1 3 0.8 0.8 112.0 49.0 112.0 971.0 152.0 971.0 832.0 173.0 832.0 
1 2 0.46 0.46 228.0 9.0 228.0 221.0 95.0 221.0 
1 3 0.9 0.9 228.0 9.0 228.0 221.0 95.0 221.0 907.0 395.0 907.0 
1 2 0.11 0.11 53.0 5.0 53.0 868.0 16.0 868.0 
1 3 0.44 0.44 53.0 5.0 53.0 868.0 16.0 868.0 661.0 219.0 661.0 
1 4 0.61 0.61 53.0 5.0 53.0 868.0 16.0 868.0 661.0 219.0 661.0 397.0 69.0 397.0 
1 2 0.6 0.6 910.0 330.0 910.0 460.0 113.0 460.0 
1 3 0.7 0.7 910.0 330.0 910.0 460.0 113.0 460.0 293.0 29.0 293.0 
1 2 0.84 0.84 902.0 334.0 902.0 538.0 256.0 538.0 
1 2 0.56 0.56 597.0 63.0 597.0 424.0 194.0 424.0 
1 3 0.85 0.85 597.0 63.0 597.0 424.0 194.0 424.0 677.0 198.0 677.0 
1 2 0.87 0.87 150.0 71.0 150.0 5.0 2.0 5.0 
1 3 0.97 0.97 150.0 71.0 150.0 5.0 2.0 5.0 447.0 46.0 447.0 
1 2 0.78 0.78 143.0 59.0 143.0 782.0 289.0 782.0 
1 2 0.12 0.12 923.0 51.0 923.0 1000.0 71.0 1000.0 
1 3 0.5 0.5 923.0 51.0 923.0 1000.0 71.0 1000.0 980.0 367.0 980.0 
1 4 0.65 0.65 923.0 51.0 923.0 1000.0 71.0 1000.0 980.0 367.0 980.0 192.0 29.0 192.0 
1 5 0.82 0.82 923.0 51.0 923.0 1000.0 71.0 1000.0 980.0 367.0 980.0 192.0 29.0 192.0 63.0 11.0 63.0 
1 2 0.13 0.13 759.0 29.0 759.0 972.0 98.0 972.0 
1 3 0.45 0.45 759.0 29.0 759.0 972.0 98.0 972.0 765.0 240.0 765.0 
1 4 0.67 0.67 759.0 29.0 759.0 972.0 98.0 972.0 765.0 240.0 765.0 278.0 63.0 278.0 
1 5 0.94 0.94 759.0 29.0 759.0 972.0 98.0 972.0 765.0 240.0 765.0 278.0 63.0 278.0 451.0 118.0 451.0 
1 2 0.43 0.43 158.0 35.0 158.0 869.0 184.0 869.0 
1 3 0.83 0.83 158.0 35.0 158.0 869.0 184.0 869.0 691.0 281.0 691.0 
1 2 0.8 0.8 939.0 399.0 939.0 984.0 373.0 984.0 
1 2 0.52 0.52 864.0 282.0 864.0 40.0 8.0 40.0 
1 3 0.75 0.75 864.0 282.0 864.0 40.0 8.0 40.0 944.0 216.0 944.0 
1 2 0.45 0.45 909.0 58.0 909.0 31.0 12.0 31.0 
1 3 0.49 0.49 909.0 58.0 909.0 31.0 12.0 31.0 126.0 6.0 126.0 
1 4 0.55 0.55 909.0 58.0 909.0 31.0 12.0 31.0 126.0 6.0 126.0 547.0 31.0 547.0 
1 5 0.9 0.9 909.0 58.0 909.0 31.0 12.0 31.0 126.0 6.0 126.0 547.0 31.0 547.0 655.0 229.0 655.0 
1 2 0.78 0.78 552.0 238.0 552.0 140.0 50.0 140.0 
1 3 0.86 0.86 552.0 238.0 552.0 140.0 50.0 140.0 242.0 18.0 242.0 
1 2 0.72 0.72 860.0 267.0 860.0 618.0 255.0 618.0 
1 2 0.55 0.55 525.0 217.0 525.0 697.0 101.0 697.0 
1 3 0.79 0.79 525.0 217.0 525.0 697.0 101.0 697.0 151.0 36.0 151.0 
1 2 0.34 0.34 223.0 32.0 223.0 777.0 160.0 777.0 
1 3 0.48 0.48 223.0 32.0 223.0 777.0 160.0 777.0 302.0 41.0 302.0 
1 4 0.9 0.9 223.0 32.0 223.0 777.0 160.0 777.0 302.0 41.0 302.0 334.0 140.0 334.0 
1 2 0.4 0.4 318.0 15.0 318.0 415.0 149.0 415.0 
1 2 0.26 0.26 268.0 68.0 268.0 402.0 6.0 402.0 
1 3 0.76 0.76 268.0 68.0 268.0 402.0 6.0 402.0 255.0 126.0 255.0 
1 4 0.82 0.82 268.0 68.0 268.0 402.0 6.0 402.0 255.0 126.0 255.0 472.0 30.0 472.0 
1 5 0.88 0.88 268.0 68.0 268.0 402.0 6.0 402.0 255.0 126.0 255.0 472.0 30.0 472.0 904.0 54.0 904.0 
1 2 0.57 0.57 631.0 287.0 631.0 863.0 108.0 863.0 
1 2 0.71 0.71 163.0 54.0 163.0 98.0 38.0 98.0 
1 3 0.9 0.9 163.0 54.0 163.0 98.0 38.0 98.0 798.0 149.0 798.0 
1 2 0.72 0.72 212.0 89.0 212.0 202.0 61.0 202.0 
1 3 0.93 0.93 212.0 89.0 212.0 202.0 61.0 202.0 656.0 140.0 656.0 
1 2 0.44 0.44 204.0 24.0 204.0 860.0 284.0 860.0 
1 3 0.51 0.51 204.0 24.0 204.0 860.0 284.0 860.0 77.0 5.0 77.0 
1 4 0.95 0.95 204.0 24.0 204.0 860.0 284.0 860.0 77.0 5.0 77.0 359.0 159.0 359.0 
1 2 0.12 0.12 910.0 76.0 910.0 717.0 29.0 717.0 
1 3 0.92 0.92 910.0 76.0 910.0 717.0 29.0 717.0 270.0 217.0 270.0 
1 2 0.62 0.62 105.0 29.0 105.0 99.0 35.0 99.0 
1 3 0.67 0.67 105.0 29.0 105.0 99.0 35.0 99.0 224.0 11.0 224.0 
1 4 0.82 0.82 105.0 29.0 105.0 99.0 35.0 99.0 224.0 11.0 224.0 183.0 26.0 183.0 
1 5 0.96 0.96 105.0 29.0 105.0 99.0 35.0 99.0 224.0 11.0 224.0 183.0 26.0 183.0 376.0 54.0 376.0 
1 2 0.13 0.13 376.0 15.0 376.0 810.0 75.0 810.0 
1 3 0.6 0.6 376.0 15.0 376.0 810.0 75.0 810.0 899.0 428.0 899.0 
1 4 0.81 0.81 376.0 15.0 376.0 810.0 75.0 810.0 899.0 428.0 899.0 936.0 196.0 936.0 
1 2 0.18 0.18 280.0 48.0 280.0 325.0 4.0 325.0 
1 3 0.21 0.21 280.0 48.0 280.0 325.0 4.0 325.0 549.0 18.0 549.0 
1 4 0.29 0.29 280.0 48.0 280.0 325.0 4.0 325.0 549.0 18.0 549.0 79.0 6.0 79.0 
1 5 0.75 0.75 280.0 48.0 280.0 325.0 4.0 325.0 549.0 18.0 549.0 79.0 6.0 79.0 409.0 188.0 409.0 
1 2 0.29 0.29 347.0 101.0 347.0 548.0 1.0 548.0 
1 3 0.48 0.48 347.0 101.0 347.0 548.0 1.0 548.0 990.0 188.0 990.0 
1 4 0.8 0.8 347.0 101.0 347.0 548.0 1.0 548.0 990.0 188.0 990.0 423.0 135.0 423.0 
1 2 0.24 0.24 27.0 6.0 27.0 53.0 1.0 53.0 
1 3 0.56 0.56 27.0 6.0 27.0 53.0 1.0 53.0 849.0 271.0 849.0 
1 4 0.61 0.61 27.0 6.0 27.0 53.0 1.0 53.0 849.0 271.0 849.0 896.0 48.0 896.0 
1 2 0.52 0.52 322.0 79.0 322.0 895.0 252.0 895.0 
1 3 0.7 0.7 322.0 79.0 322.0 895.0 252.0 895.0 403.0 72.0 403.0 
1 2 0.18 0.18 397.0 54.0 397.0 223.0 10.0 223.0 
1 3 0.19 0.19 397.0 54.0 397.0 223.0 10.0 223.0 262.0 5.0 262.0 
1 4 0.47 0.47 397.0 54.0 397.0 223.0 10.0 223.0 262.0 5.0 262.0 565.0 155.0 565.0 
1 5 0.71 0.71 397.0 54.0 397.0 223.0 10.0 223.0 262.0 5.0 262.0 565.0 155.0 565.0 644.0 154.0 644.0 
1 6 0.99 0.99 397.0 54.0 397.0 223.0 10.0 223.0 262.0 5.0 262.0 565.0 155.0 565.0 644.0 154.0 644.0 519.0 144.0 519.0 
1 2 0.67 0.67 207.0 45.0 207.0 297.0 137.0 297.0 
1 2 0.73 0.73 309.0 137.0 309.0 835.0 245.0 835.0 
1 2 0.5 0.5 998.0 495.0 998.0 742.0 6.0 742.0 
1 3 0.59 0.59 998.0 495.0 998.0 742.0 6.0 742.0 778.0 72.0 778.0 
1 4 0.78 0.78 998.0 495.0 998.0 742.0 6.0 742.0 778.0 72.0 778.0 972.0 187.0 972.0 
1 2 0.74 0.74 548.0 174.0 548.0 602.0 260.0 602.0 
1 2 0.4 0.4 124.0 10.0 124.0 750.0 247.0 750.0 
1 3 0.45 0.45 124.0 10.0 124.0 750.0 247.0 750.0 626.0 26.0 626.0 
1 4 0.78 0.78 124.0 10.0 124.0 750.0 247.0 750.0 626.0 26.0 626.0 680.0 225.0 680.0 
1 5 0.83 0.83 124.0 10.0 124.0 750.0 247.0 750.0 626.0 26.0 626.0 680.0 225.0 680.0 74.0 4.0 74.0 
1 6 0.93 0.93 124.0 10.0 124.0 750.0 247.0 750.0 626.0 26.0 626.0 680.0 225.0 680.0 74.0 4.0 74.0 897.0 85.0 897.0 
1 2 0.69 0.69 304.0 106.0 304.0 850.0 295.0 850.0 
1 3 0.92 0.92 304.0 106.0 304.0 850.0 295.0 850.0 653.0 148.0 653.0 
1 4 0.95 0.95 304.0 106.0 304.0 850.0 295.0 850.0 653.0 148.0 653.0 33.0 1.0 33.0 
1 2 0.46 0.46 812.0 211.0 812.0 665.0 134.0 665.0 
1 3 0.8 0.8 812.0 211.0 812.0 665.0 134.0 665.0 698.0 239.0 698.0 
1 2 0.49 0.49 775.0 109.0 775.0 832.0 296.0 832.0 
1 3 0.87 0.87 775.0 109.0 775.0 832.0 296.0 832.0 435.0 164.0 435.0 
1 2 0.55 0.55 648.0 108.0 648.0 777.0 303.0 777.0 
1 3 0.87 0.87 648.0 108.0 648.0 777.0 303.0 777.0 520.0 163.0 520.0 
1 4 0.97 0.97 648.0 108.0 648.0 777.0 303.0 777.0 520.0 163.0 520.0 20.0 2.0 20.0 
1 2 0.46 0.46 553.0 46.0 553.0 829.0 320.0 829.0 
1 3 0.75 0.75 553.0 46.0 553.0 829.0 320.0 829.0 319.0 92.0 319.0 
1 4 0.99 0.99 553.0 46.0 553.0 829.0 320.0 829.0 319.0 92.0 319.0 685.0 160.0 685.0 
1 2 0.38 0.38 553.0 183.0 553.0 838.0 49.0 838.0 
1 3 0.66 0.66 553.0 183.0 553.0 838.0 49.0 838.0 700.0 191.0 700.0 
1 4 0.97 0.97 553.0 183.0 553.0 838.0 49.0 838.0 700.0 191.0 700.0 320.0 99.0 320.0 
1 2 0.4 0.4 636.0 137.0 636.0 70.0 13.0 70.0 
1 3 0.75 0.75 636.0 137.0 636.0 70.0 13.0 70.0 123.0 43.0 123.0 
1 2 0.74 0.74 243.0 54.0 243.0 244.0 127.0 244.0 
1 2 0.44 0.44 731.0 290.0 731.0 554.0 24.0 554.0 
1 3 0.45 0.45 731.0 290.0 731.0 554.0 24.0 554.0 617.0 10.0 617.0 
1 2 0.42 0.42 164.0 32.0 164.0 409.0 96.0 409.0 
1 3 0.66 0.66 164.0 32.0 164.0 409.0 96.0 409.0 503.0 116.0 503.0 
1 2 0.95 0.95 527.0 341.0 527.0 75.0 23.0 75.0 
1 2 0.58 0.58 35.0 6.0 35.0 811.0 332.0 811.0 
1 3 0.75 0.75 35.0 6.0 35.0 811.0 332.0 811.0 982.0 170.0 982.0 
1 4 0.89 0.89 35.0 6.0 35.0 811.0 332.0 811.0 982.0 170.0 982.0 335.0 48.0 335.0 
1 2 0.75 0.75 942.0 230.0 942.0 63.0 32.0 63.0 
1 2 0.28 0.28 665.0 40.0 665.0 116.0 26.0 116.0 
1 3 0.53 0.53 665.0 40.0 665.0 116.0 26.0 116.0 579.0 145.0 579.0 
1 4 0.94 0.94 665.0 40.0 665.0 116.0 26.0 116.0 579.0 145.0 579.0 406.0 165.0 406.0 
1 2 0.46 0.46 592.0 203.0 592.0 153.0 18.0 153.0 
1 3 0.69 0.69 592.0 203.0 592.0 153.0 18.0 153.0 994.0 238.0 994.0 
1 2 0.22 0.22 581.0 8.0 581.0 781.0 166.0 781.0 
1 3 0.24 0.24 581.0 8.0 581.0 781.0 166.0 781.0 56.0 1.0 56.0 
1 4 0.41 0.41 581.0 8.0 581.0 781.0 166.0 781.0 56.0 1.0 56.0 829.0 139.0 829.0 
1 5 0.42 0.42 581.0 8.0 581.0 781.0 166.0 781.0 56.0 1.0 56.0 829.0 139.0 829.0 228.0 2.0 228.0 
1 6 0.46 0.46 581.0 8.0 581.0 781.0 166.0 781.0 56.0 1.0 56.0 829.0 139.0 829.0 228.0 2.0 228.0 892.0 36.0 892.0 
1 7 0.77 0.77 581.0 8.0 581.0 781.0 166.0 781.0 56.0 1.0 56.0 829.0 139.0 829.0 228.0 2.0 228.0 892.0 36.0 892.0 548.0 173.0 548.0 
1 8 0.8 0.8 581.0 8.0 581.0 781.0 166.0 781.0 56.0 1.0 56.0 829.0 139.0 829.0 228.0 2.0 228.0 892.0 36.0 892.0 548.0 173.0 548.0 590.0 18.0 590.0 
1 2 0.19 0.19 393.0 46.0 393.0 979.0 81.0 979.0 
1 3 0.39 0.39 393.0 46.0 393.0 979.0 81.0 979.0 71.0 14.0 71.0 
1 4 0.43 0.43 393.0 46.0 393.0 979.0 81.0 979.0 71.0 14.0 71.0 388.0 15.0 388.0 
1 5 0.88 0.88 393.0 46.0 393.0 979.0 81.0 979.0 71.0 14.0 71.0 388.0 15.0 388.0 539.0 241.0 539.0 
1 2 0.78 0.78 487.0 130.0 487.0 459.0 236.0 459.0 
1 3 0.93 0.93 487.0 130.0 487.0 459.0 236.0 459.0 117.0 18.0 117.0 
1 2 0.39 0.39 61.0 16.0 61.0 902.0 117.0 902.0 
1 3 0.43 0.43 61.0 16.0 61.0 902.0 117.0 902.0 652.0 26.0 652.0 
1 4 0.96 0.96 61.0 16.0 61.0 902.0 117.0 902.0 652.0 26.0 652.0 754.0 405.0 754.0 
1 2 0.46 0.46 671.0 32.0 671.0 252.0 105.0 252.0 
1 3 0.76 0.76 671.0 32.0 671.0 252.0 105.0 252.0 199.0 60.0 199.0 
1 2 0.95 0.95 708.0 591.0 708.0 877.0 102.0 877.0 
1 2 0.62 0.62 185.0 77.0 185.0 691.0 142.0 691.0 
1 2 0.71 0.71 868.0 432.0 868.0 707.0 156.0 707.0 
1 2 0.63 0.63 32.0 15.0 32.0 196.0 32.0 196.0 
1 3 0.86 0.86 32.0 15.0 32.0 196.0 32.0 196.0 334.0 79.0 334.0 
1 4 0.99 0.99 32.0 15.0 32.0 196.0 32.0 196.0 334.0 79.0 334.0 8.0 1.0 8.0 
1 2 0.67 0.67 826.0 275.0 826.0 773.0 267.0 773.0 
1 3 0.72 0.72 826.0 275.0 826.0 773.0 267.0 773.0 561.0 27.0 561.0 
1 2 0.37 0.37 736.0 173.0 736.0 195.0 27.0 195.0 
1 3 0.54 0.54 736.0 173.0 736.0 195.0 27.0 195.0 951.0 165.0 951.0 
1 4 0.84 0.84 736.0 173.0 736.0 195.0 27.0 195.0 951.0 165.0 951.0 122.0 36.0 122.0 
1 2 0.17 0.17 373.0 48.0 373.0 98.0 5.0 98.0 
1 3 0.39 0.39 373.0 48.0 373.0 98.0 5.0 98.0 55.0 12.0 55.0 
1 4 0.64 0.64 373.0 48.0 373.0 98.0 5.0 98.0 55.0 12.0 55.0 450.0 110.0 450.0 
1 5 0.77 0.77 373.0 48.0 373.0 98.0 5.0 98.0 55.0 12.0 55.0 450.0 110.0 450.0 15.0 2.0 15.0 
1 6 0.83 0.83 373.0 48.0 373.0 98.0 5.0 98.0 55.0 12.0 55.0 450.0 110.0 450.0 15.0 2.0 15.0 649.0 38.0 649.0 
1 2 0.66 0.66 769.0 184.0 769.0 557.0 238.0 557.0 
1 3 0.8 0.8 769.0 184.0 769.0 557.0 238.0 557.0 718.0 100.0 718.0 
1 4 0.93 0.93 769.0 184.0 769.0 557.0 238.0 557.0 718.0 100.0 718.0 788.0 100.0 788.0 
1 2 0.32 0.32 558.0 73.0 558.0 362.0 71.0 362.0 
1 3 0.36 0.36 558.0 73.0 558.0 362.0 71.0 362.0 570.0 23.0 570.0 
1 4 0.56 0.56 558.0 73.0 558.0 362.0 71.0 362.0 570.0 23.0 570.0 494.0 97.0 494.0 
1 5 0.65 0.65 558.0 73.0 558.0 362.0 71.0 362.0 570.0 23.0 570.0 494.0 97.0 494.0 581.0 54.0 581.0 
1 6 0.76 0.76 558.0 73.0 558.0 362.0 71.0 362.0 570.0 23.0 570.0 494.0 97.0 494.0 581.0 54.0 581.0 820.0 91.0 820.0 
1 2 0.58 0.58 41.0 4.0 41.0 608.0 296.0 608.0 
1 2 0.2 0.2 160.0 7.0 160.0 228.0 36.0 228.0 
1 3 0.44 0.44 160.0 7.0 160.0 228.0 36.0 228.0 492.0 118.0 492.0 
1 4 0.53 0.53 160.0 7.0 160.0 228.0 36.0 228.0 492.0 118.0 492.0 150.0 14.0 150.0 
1 5 0.67 0.67 160.0 7.0 160.0 228.0 36.0 228.0 492.0 118.0 492.0 150.0 14.0 150.0 851.0 118.0 851.0 
1 6 0.69 0.69 160.0 7.0 160.0 228.0 36.0 228.0 492.0 118.0 492.0 150.0 14.0 150.0 851.0 118.0 851.0 690.0 12.0 690.0 
1 7 0.71 0.71 160.0 7.0 160.0 228.0 36.0 228.0 492.0 118.0 492.0 150.0 14.0 150.0 851.0 118.0 851.0 690.0 12.0 690.0 788.0 22.0 788.0 
1 8 0.9 0.9 160.0 7.0 160.0 228.0 36.0 228.0 492.0 118.0 492.0 150.0 14.0 150.0 851.0 118.0 851.0 690.0 12.0 690.0 788.0 22.0 788.0 179.0 33.0 179.0 
1 9 0.9 0.9 160.0 7.0 160.0 228.0 36.0 228.0 492.0 118.0 492.0 150.0 14.0 150.0 851.0 118.0 851.0 690.0 12.0 690.0 788.0 22.0 788.0 179.0 33.0 179.0 598.0 3.0 598.0 
1 10 0.97 0.97 160.0 7.0 160.0 228.0 36.0 228.0 492.0 118.0 492.0 150.0 14.0 150.0 851.0 118.0 851.0 690.0 12.0 690.0 788.0 22.0 788.0 179.0 33.0 179.0 598.0 3.0 598.0 270.0 19.0 270.0 
1 2 0.5 0.5 746.0 46.0 746.0 831.0 371.0 831.0 
1 3 0.67 0.67 746.0 46.0 746.0 831.0 371.0 831.0 286.0 47.0 286.0 
1 2 0.23 0.23 500.0 101.0 500.0 770.0 23.0 770.0 
1 3 0.49 0.49 500.0 101.0 500.0 770.0 23.0 770.0 326.0 85.0 326.0 
1 4 0.76 0.76 500.0 101.0 500.0 770.0 23.0 770.0 326.0 85.0 326.0 645.0 174.0 645.0 
1 2 0.51 0.51 167.0 10.0 167.0 585.0 267.0 585.0 
1 3 0.58 0.58 167.0 10.0 167.0 585.0 267.0 585.0 778.0 54.0 778.0 
1 4 0.82 0.82 167.0 10.0 167.0 585.0 267.0 585.0 778.0 54.0 778.0 290.0 69.0 290.0 
1 2 0.37 0.37 322.0 100.0 322.0 881.0 54.0 881.0 
1 3 0.61 0.61 322.0 100.0 322.0 881.0 54.0 881.0 551.0 134.0 551.0 
1 4 0.91 0.91 322.0 100.0 322.0 881.0 54.0 881.0 551.0 134.0 551.0 470.0 142.0 470.0 
1 2 0.83 0.83 844.0 303.0 844.0 420.0 200.0 420.0 
1 2 0.72 0.72 760.0 296.0 760.0 6.0 2.0 6.0 
1 3 0.88 0.88 760.0 296.0 760.0 6.0 2.0 6.0 427.0 70.0 427.0 
1 2 0.78 0.78 126.0 65.0 126.0 765.0 204.0 765.0 
1 2 0.26 0.26 945.0 217.0 945.0 254.0 10.0 254.0 
1 3 0.38 0.38 945.0 217.0 945.0 254.0 10.0 254.0 788.0 88.0 788.0 
1 4 0.52 0.52 945.0 217.0 945.0 254.0 10.0 254.0 788.0 88.0 788.0 389.0 55.0 389.0 
1 5 0.59 0.59 945.0 217.0 945.0 254.0 10.0 254.0 788.0 88.0 788.0 389.0 55.0 389.0 868.0 61.0 868.0 
1 6 0.8 0.8 945.0 217.0 945.0 254.0 10.0 254.0 788.0 88.0 788.0 389.0 55.0 389.0 868.0 61.0 868.0 428.0 90.0 428.0 
1 2 0.06 0.06 832.0 28.0 832.0 641.0 19.0 641.0 
1 3 0.91 0.91 832.0 28.0 832.0 641.0 19.0 641.0 191.0 162.0 191.0 
1 2 0.95 0.95 134.0 22.0 134.0 162.0 128.0 162.0 
1 2 0.61 0.61 218.0 81.0 218.0 159.0 39.0 159.0 
1 3 0.83 0.83 218.0 81.0 218.0 159.0 39.0 159.0 32.0 7.0 32.0 
1 2 0.34 0.34 364.0 49.0 364.0 958.0 203.0 958.0 
1 3 0.67 0.67 364.0 49.0 364.0 958.0 203.0 958.0 816.0 264.0 816.0 
1 4 0.85 0.85 364.0 49.0 364.0 958.0 203.0 958.0 816.0 264.0 816.0 923.0 167.0 923.0 
1 5 0.93 0.93 364.0 49.0 364.0 958.0 203.0 958.0 816.0 264.0 816.0 923.0 167.0 923.0 363.0 30.0 363.0 
