1 2 0.16 0.16 872.0 18.0 872.0 997.0 143.0 997.0 
1 2 0.92 0.92 116.0 23.0 116.0 784.0 567.0 784.0 
1 2 0.82 0.82 316.0 157.0 316.0 580.0 191.0 580.0 
1 2 0.22 0.22 709.0 132.0 709.0 861.0 34.0 861.0 
1 3 0.59 0.59 709.0 132.0 709.0 861.0 34.0 861.0 76.0 28.0 76.0 
1 4 0.96 0.96 709.0 132.0 709.0 861.0 34.0 861.0 76.0 28.0 76.0 452.0 169.0 452.0 
1 2 0.5 0.5 432.0 204.0 432.0 773.0 29.0 773.0 
1 3 0.99 0.99 432.0 204.0 432.0 773.0 29.0 773.0 403.0 196.0 403.0 
1 2 0.7 0.7 587.0 140.0 587.0 940.0 440.0 940.0 
1 2 0.89 0.89 373.0 299.0 373.0 765.0 75.0 765.0 
1 3 0.91 0.91 373.0 299.0 373.0 765.0 75.0 765.0 722.0 14.0 722.0 
1 2 0.33 0.33 976.0 273.0 976.0 560.0 30.0 560.0 
1 3 0.78 0.78 976.0 273.0 976.0 560.0 30.0 560.0 989.0 443.0 989.0 
1 2 0.38 0.38 871.0 173.0 871.0 550.0 103.0 550.0 
1 3 0.6 0.6 871.0 173.0 871.0 550.0 103.0 550.0 645.0 144.0 645.0 
1 2 0.47 0.47 549.0 117.0 549.0 575.0 153.0 575.0 
1 3 0.64 0.64 549.0 117.0 549.0 575.0 153.0 575.0 811.0 135.0 811.0 
1 4 0.94 0.94 549.0 117.0 549.0 575.0 153.0 575.0 811.0 135.0 811.0 590.0 176.0 590.0 
1 2 0.48 0.48 977.0 340.0 977.0 298.0 42.0 298.0 
1 3 0.63 0.63 977.0 340.0 977.0 298.0 42.0 298.0 693.0 100.0 693.0 
1 4 0.91 0.91 977.0 340.0 977.0 298.0 42.0 298.0 693.0 100.0 693.0 573.0 160.0 573.0 
1 2 0.98 0.98 654.0 594.0 654.0 717.0 56.0 717.0 
1 2 0.68 0.68 46.0 18.0 46.0 17.0 5.0 17.0 
1 3 0.87 0.87 46.0 18.0 46.0 17.0 5.0 17.0 723.0 135.0 723.0 
1 2 0.67 0.67 567.0 231.0 567.0 101.0 27.0 101.0 
1 2 0.66 0.66 218.0 37.0 218.0 518.0 258.0 518.0 
1 2 0.44 0.44 938.0 267.0 938.0 381.0 60.0 381.0 
1 3 0.87 0.87 938.0 267.0 938.0 381.0 60.0 381.0 891.0 383.0 891.0 
1 2 0.62 0.62 4.0 2.0 4.0 585.0 73.0 585.0 
1 3 0.96 0.96 4.0 2.0 4.0 585.0 73.0 585.0 158.0 54.0 158.0 
1 2 0.54 0.54 646.0 58.0 646.0 645.0 295.0 645.0 
1 3 0.68 0.68 646.0 58.0 646.0 645.0 295.0 645.0 924.0 129.0 924.0 
1 2 0.19 0.19 267.0 27.0 267.0 151.0 14.0 151.0 
1 3 0.43 0.43 267.0 27.0 267.0 151.0 14.0 151.0 192.0 46.0 192.0 
1 4 0.44 0.44 267.0 27.0 267.0 151.0 14.0 151.0 192.0 46.0 192.0 557.0 5.0 557.0 
1 5 0.53 0.53 267.0 27.0 267.0 151.0 14.0 151.0 192.0 46.0 192.0 557.0 5.0 557.0 772.0 75.0 772.0 
1 6 0.66 0.66 267.0 27.0 267.0 151.0 14.0 151.0 192.0 46.0 192.0 557.0 5.0 557.0 772.0 75.0 772.0 415.0 52.0 415.0 
1 7 0.89 0.89 267.0 27.0 267.0 151.0 14.0 151.0 192.0 46.0 192.0 557.0 5.0 557.0 772.0 75.0 772.0 415.0 52.0 415.0 576.0 135.0 576.0 
1 2 0.61 0.61 868.0 367.0 868.0 976.0 189.0 976.0 
1 3 0.93 0.93 868.0 367.0 868.0 976.0 189.0 976.0 406.0 131.0 406.0 
1 2 0.3 0.3 404.0 40.0 404.0 499.0 105.0 499.0 
1 3 0.61 0.61 404.0 40.0 404.0 499.0 105.0 499.0 591.0 183.0 591.0 
1 4 0.89 0.89 404.0 40.0 404.0 499.0 105.0 499.0 591.0 183.0 591.0 808.0 219.0 808.0 
1 2 0.5 0.5 732.0 323.0 732.0 558.0 37.0 558.0 
1 3 0.78 0.78 732.0 323.0 732.0 558.0 37.0 558.0 554.0 155.0 554.0 
1 4 0.96 0.96 732.0 323.0 732.0 558.0 37.0 558.0 554.0 155.0 554.0 878.0 152.0 878.0 
1 2 0.81 0.81 383.0 261.0 383.0 687.0 91.0 687.0 
1 2 0.17 0.17 263.0 6.0 263.0 864.0 131.0 864.0 
1 3 0.62 0.62 263.0 6.0 263.0 864.0 131.0 864.0 38.0 17.0 38.0 
1 2 0.41 0.41 805.0 243.0 805.0 101.0 11.0 101.0 
1 3 0.64 0.64 805.0 243.0 805.0 101.0 11.0 101.0 113.0 27.0 113.0 
1 2 0.24 0.24 456.0 53.0 456.0 427.0 55.0 427.0 
1 3 0.7 0.7 456.0 53.0 456.0 427.0 55.0 427.0 634.0 292.0 634.0 
1 4 0.83 0.83 456.0 53.0 456.0 427.0 55.0 427.0 634.0 292.0 634.0 229.0 29.0 229.0 
1 2 0.44 0.44 419.0 33.0 419.0 994.0 365.0 994.0 
1 3 0.88 0.88 419.0 33.0 419.0 994.0 365.0 994.0 847.0 369.0 847.0 
1 2 0.67 0.67 798.0 158.0 798.0 838.0 403.0 838.0 
1 3 0.99 0.99 798.0 158.0 798.0 838.0 403.0 838.0 328.0 104.0 328.0 
1 2 0.39 0.39 646.0 102.0 646.0 54.0 13.0 54.0 
1 3 0.82 0.82 646.0 102.0 646.0 54.0 13.0 54.0 706.0 302.0 706.0 
1 2 0.59 0.59 215.0 50.0 215.0 762.0 275.0 762.0 
1 3 0.66 0.66 215.0 50.0 215.0 762.0 275.0 762.0 715.0 51.0 715.0 
1 4 0.73 0.73 215.0 50.0 215.0 762.0 275.0 762.0 715.0 51.0 715.0 72.0 5.0 72.0 
1 5 0.88 0.88 215.0 50.0 215.0 762.0 275.0 762.0 715.0 51.0 715.0 72.0 5.0 72.0 86.0 13.0 86.0 
1 2 0.55 0.55 187.0 67.0 187.0 196.0 38.0 196.0 
1 2 0.89 0.89 130.0 107.0 130.0 599.0 43.0 599.0 
1 3 0.93 0.93 130.0 107.0 130.0 599.0 43.0 599.0 374.0 16.0 374.0 
1 2 0.91 0.91 787.0 358.0 787.0 891.0 412.0 891.0 
1 2 0.39 0.39 243.0 63.0 243.0 482.0 64.0 482.0 
1 3 0.87 0.87 243.0 63.0 243.0 482.0 64.0 482.0 391.0 190.0 391.0 
1 2 0.62 0.62 760.0 256.0 760.0 531.0 154.0 531.0 
1 3 0.92 0.92 760.0 256.0 760.0 531.0 154.0 531.0 721.0 218.0 721.0 
1 4 0.97 0.97 760.0 256.0 760.0 531.0 154.0 531.0 721.0 218.0 721.0 612.0 29.0 612.0 
1 2 0.75 0.75 162.0 63.0 162.0 864.0 317.0 864.0 
1 2 0.22 0.22 130.0 9.0 130.0 262.0 42.0 262.0 
1 2 0.7 0.7 489.0 117.0 489.0 951.0 442.0 951.0 
1 3 0.85 0.85 489.0 117.0 489.0 951.0 442.0 951.0 676.0 102.0 676.0 
1 2 0.43 0.43 77.0 19.0 77.0 90.0 17.0 90.0 
1 3 0.6 0.6 77.0 19.0 77.0 90.0 17.0 90.0 171.0 29.0 171.0 
1 2 0.66 0.66 142.0 31.0 142.0 552.0 248.0 552.0 
1 2 0.75 0.75 692.0 289.0 692.0 828.0 280.0 828.0 
1 2 0.45 0.45 781.0 194.0 781.0 789.0 162.0 789.0 
1 3 0.64 0.64 781.0 194.0 781.0 789.0 162.0 789.0 794.0 149.0 794.0 
1 2 0.08 0.08 51.0 4.0 51.0 500.0 1.0 500.0 
1 3 0.18 0.18 51.0 4.0 51.0 500.0 1.0 500.0 767.0 83.0 767.0 
1 4 0.72 0.72 51.0 4.0 51.0 500.0 1.0 500.0 767.0 83.0 767.0 413.0 221.0 413.0 
1 5 0.74 0.74 51.0 4.0 51.0 500.0 1.0 500.0 767.0 83.0 767.0 413.0 221.0 413.0 848.0 15.0 848.0 
1 6 0.76 0.76 51.0 4.0 51.0 500.0 1.0 500.0 767.0 83.0 767.0 413.0 221.0 413.0 848.0 15.0 848.0 986.0 24.0 986.0 
1 2 0.41 0.41 713.0 94.0 713.0 751.0 215.0 751.0 
1 3 0.48 0.48 713.0 94.0 713.0 751.0 215.0 751.0 568.0 38.0 568.0 
1 2 0.23 0.23 282.0 14.0 282.0 536.0 97.0 536.0 
1 3 0.23 0.23 282.0 14.0 282.0 536.0 97.0 536.0 842.0 5.0 842.0 
1 4 0.67 0.67 282.0 14.0 282.0 536.0 97.0 536.0 842.0 5.0 842.0 191.0 83.0 191.0 
1 2 0.27 0.27 999.0 11.0 999.0 343.0 89.0 343.0 
1 3 0.42 0.42 999.0 11.0 999.0 343.0 89.0 343.0 780.0 119.0 780.0 
1 4 0.83 0.83 999.0 11.0 999.0 343.0 89.0 343.0 780.0 119.0 780.0 149.0 61.0 149.0 
1 2 0.62 0.62 896.0 134.0 896.0 142.0 67.0 142.0 
1 3 0.94 0.94 896.0 134.0 896.0 142.0 67.0 142.0 836.0 267.0 836.0 
1 2 0.47 0.47 528.0 5.0 528.0 791.0 365.0 791.0 
1 3 0.74 0.74 528.0 5.0 528.0 791.0 365.0 791.0 74.0 20.0 74.0 
1 4 0.99 0.99 528.0 5.0 528.0 791.0 365.0 791.0 74.0 20.0 74.0 188.0 47.0 188.0 
1 2 0.37 0.37 486.0 178.0 486.0 826.0 8.0 826.0 
1 3 0.67 0.67 486.0 178.0 486.0 826.0 8.0 826.0 291.0 86.0 291.0 
1 4 0.89 0.89 486.0 178.0 486.0 826.0 8.0 826.0 291.0 86.0 291.0 738.0 167.0 738.0 
1 2 0.67 0.67 267.0 151.0 267.0 638.0 71.0 638.0 
1 3 0.96 0.96 267.0 151.0 267.0 638.0 71.0 638.0 860.0 247.0 860.0 
1 2 0.65 0.65 275.0 83.0 275.0 267.0 95.0 267.0 
1 3 0.77 0.77 275.0 83.0 275.0 267.0 95.0 267.0 180.0 22.0 180.0 
1 2 0.25 0.25 388.0 74.0 388.0 990.0 61.0 990.0 
1 3 0.29 0.29 388.0 74.0 388.0 990.0 61.0 990.0 937.0 36.0 937.0 
1 4 0.75 0.75 388.0 74.0 388.0 990.0 61.0 990.0 937.0 36.0 937.0 206.0 96.0 206.0 
1 2 0.83 0.83 580.0 251.0 580.0 391.0 156.0 391.0 
1 3 0.92 0.92 580.0 251.0 580.0 391.0 156.0 391.0 155.0 14.0 155.0 
1 2 0.44 0.44 316.0 109.0 316.0 191.0 20.0 191.0 
1 3 0.76 0.76 316.0 109.0 316.0 191.0 20.0 191.0 85.0 27.0 85.0 
1 2 0.74 0.74 269.0 118.0 269.0 778.0 235.0 778.0 
1 2 0.6 0.6 315.0 57.0 315.0 637.0 269.0 637.0 
1 3 0.89 0.89 315.0 57.0 315.0 637.0 269.0 637.0 870.0 256.0 870.0 
1 2 0.4 0.4 63.0 6.0 63.0 912.0 284.0 912.0 
1 3 0.53 0.53 63.0 6.0 63.0 912.0 284.0 912.0 616.0 81.0 616.0 
1 4 0.76 0.76 63.0 6.0 63.0 912.0 284.0 912.0 616.0 81.0 616.0 367.0 85.0 367.0 
1 5 0.93 0.93 63.0 6.0 63.0 912.0 284.0 912.0 616.0 81.0 616.0 367.0 85.0 367.0 165.0 27.0 165.0 
1 2 0.2 0.2 122.0 21.0 122.0 355.0 10.0 355.0 
1 2 0.85 0.85 248.0 53.0 248.0 354.0 226.0 354.0 
1 2 0.14 0.14 372.0 15.0 372.0 77.0 8.0 77.0 
1 3 0.27 0.27 372.0 15.0 372.0 77.0 8.0 77.0 752.0 99.0 752.0 
1 4 0.35 0.35 372.0 15.0 372.0 77.0 8.0 77.0 752.0 99.0 752.0 50.0 4.0 50.0 
1 5 0.79 0.79 372.0 15.0 372.0 77.0 8.0 77.0 752.0 99.0 752.0 50.0 4.0 50.0 777.0 340.0 777.0 
1 6 0.9 0.9 372.0 15.0 372.0 77.0 8.0 77.0 752.0 99.0 752.0 50.0 4.0 50.0 777.0 340.0 777.0 248.0 28.0 248.0 
1 2 0.44 0.44 574.0 197.0 574.0 496.0 52.0 496.0 
1 2 0.07 0.07 999.0 1.0 999.0 971.0 76.0 971.0 
1 3 0.08 0.08 999.0 1.0 999.0 971.0 76.0 971.0 813.0 2.0 813.0 
1 4 0.25 0.25 999.0 1.0 999.0 971.0 76.0 971.0 813.0 2.0 813.0 539.0 93.0 539.0 
1 5 0.62 0.62 999.0 1.0 999.0 971.0 76.0 971.0 813.0 2.0 813.0 539.0 93.0 539.0 981.0 362.0 981.0 
1 2 0.47 0.47 723.0 275.0 723.0 428.0 41.0 428.0 
1 3 0.52 0.52 723.0 275.0 723.0 428.0 41.0 428.0 808.0 36.0 808.0 
1 2 0.78 0.78 55.0 42.0 55.0 59.0 1.0 59.0 
1 3 0.99 0.99 55.0 42.0 55.0 59.0 1.0 59.0 392.0 83.0 392.0 
1 2 0.15 0.15 914.0 14.0 914.0 454.0 62.0 454.0 
1 3 0.59 0.59 914.0 14.0 914.0 454.0 62.0 454.0 459.0 204.0 459.0 
1 4 0.94 0.94 914.0 14.0 914.0 454.0 62.0 454.0 459.0 204.0 459.0 814.0 284.0 814.0 
1 2 0.78 0.78 801.0 333.0 801.0 156.0 57.0 156.0 
1 2 0.66 0.66 649.0 164.0 649.0 173.0 72.0 173.0 
1 3 0.72 0.72 649.0 164.0 649.0 173.0 72.0 173.0 623.0 35.0 623.0 
1 2 0.01 0.01 174.0 1.0 174.0 391.0 2.0 391.0 
1 3 0.16 0.16 174.0 1.0 174.0 391.0 2.0 391.0 215.0 33.0 215.0 
1 4 0.57 0.57 174.0 1.0 174.0 391.0 2.0 391.0 215.0 33.0 215.0 195.0 81.0 195.0 
1 5 0.91 0.91 174.0 1.0 174.0 391.0 2.0 391.0 215.0 33.0 215.0 195.0 81.0 195.0 446.0 148.0 446.0 
1 2 0.35 0.35 824.0 260.0 824.0 820.0 32.0 820.0 
1 3 0.43 0.43 824.0 260.0 824.0 820.0 32.0 820.0 138.0 11.0 138.0 
1 4 0.56 0.56 824.0 260.0 824.0 820.0 32.0 820.0 138.0 11.0 138.0 838.0 113.0 838.0 
1 5 0.89 0.89 824.0 260.0 824.0 820.0 32.0 820.0 138.0 11.0 138.0 838.0 113.0 838.0 152.0 50.0 152.0 
1 2 0.69 0.69 954.0 419.0 954.0 290.0 75.0 290.0 
1 3 0.76 0.76 954.0 419.0 954.0 290.0 75.0 290.0 246.0 16.0 246.0 
1 4 0.88 0.88 954.0 419.0 954.0 290.0 75.0 290.0 246.0 16.0 246.0 612.0 77.0 612.0 
1 2 0.58 0.58 60.0 12.0 60.0 871.0 336.0 871.0 
1 3 0.6 0.6 60.0 12.0 60.0 871.0 336.0 871.0 130.0 2.0 130.0 
1 4 0.75 0.75 60.0 12.0 60.0 871.0 336.0 871.0 130.0 2.0 130.0 739.0 115.0 739.0 
1 2 0.5 0.5 153.0 51.0 153.0 947.0 166.0 947.0 
1 3 0.53 0.53 153.0 51.0 153.0 947.0 166.0 947.0 902.0 28.0 902.0 
1 4 0.75 0.75 153.0 51.0 153.0 947.0 166.0 947.0 902.0 28.0 902.0 818.0 179.0 818.0 
1 2 0.34 0.34 237.0 36.0 237.0 685.0 129.0 685.0 
1 2 0.63 0.63 336.0 68.0 336.0 682.0 293.0 682.0 
1 3 0.8 0.8 336.0 68.0 336.0 682.0 293.0 682.0 874.0 151.0 874.0 
1 2 0.54 0.54 481.0 221.0 481.0 237.0 21.0 237.0 
1 2 0.39 0.39 550.0 175.0 550.0 98.0 8.0 98.0 
1 3 0.88 0.88 550.0 175.0 550.0 98.0 8.0 98.0 301.0 145.0 301.0 
1 2 0.14 0.14 830.0 98.0 830.0 221.0 5.0 221.0 
1 3 0.57 0.57 830.0 98.0 830.0 221.0 5.0 221.0 738.0 320.0 738.0 
1 4 0.77 0.77 830.0 98.0 830.0 221.0 5.0 221.0 738.0 320.0 738.0 899.0 182.0 899.0 
1 5 0.93 0.93 830.0 98.0 830.0 221.0 5.0 221.0 738.0 320.0 738.0 899.0 182.0 899.0 532.0 83.0 532.0 
1 2 0.74 0.74 592.0 253.0 592.0 138.0 44.0 138.0 
1 3 0.77 0.77 592.0 253.0 592.0 138.0 44.0 138.0 329.0 10.0 329.0 
1 4 0.8 0.8 592.0 253.0 592.0 138.0 44.0 138.0 329.0 10.0 329.0 547.0 18.0 547.0 
1 5 0.83 0.83 592.0 253.0 592.0 138.0 44.0 138.0 329.0 10.0 329.0 547.0 18.0 547.0 84.0 2.0 84.0 
1 2 0.75 0.75 902.0 284.0 902.0 556.0 245.0 556.0 
1 3 0.78 0.78 902.0 284.0 902.0 556.0 245.0 556.0 521.0 17.0 521.0 
1 2 0.77 0.77 868.0 384.0 868.0 755.0 252.0 755.0 
1 2 0.65 0.65 438.0 198.0 438.0 359.0 72.0 359.0 
1 2 0.86 0.86 926.0 599.0 926.0 939.0 201.0 939.0 
1 3 0.97 0.97 926.0 599.0 926.0 939.0 201.0 939.0 68.0 8.0 68.0 
1 2 0.51 0.51 989.0 214.0 989.0 937.0 278.0 937.0 
1 3 0.95 0.95 989.0 214.0 989.0 937.0 278.0 937.0 709.0 311.0 709.0 
1 2 0.66 0.66 554.0 276.0 554.0 659.0 110.0 659.0 
1 3 0.85 0.85 554.0 276.0 554.0 659.0 110.0 659.0 853.0 161.0 853.0 
1 4 0.99 0.99 554.0 276.0 554.0 659.0 110.0 659.0 853.0 161.0 853.0 967.0 141.0 967.0 
1 2 0.56 0.56 309.0 62.0 309.0 756.0 276.0 756.0 
1 3 0.82 0.82 309.0 62.0 309.0 756.0 276.0 756.0 54.0 14.0 54.0 
1 2 0.24 0.24 630.0 60.0 630.0 93.0 14.0 93.0 
1 3 0.56 0.56 630.0 60.0 630.0 93.0 14.0 93.0 793.0 250.0 793.0 
1 4 0.89 0.89 630.0 60.0 630.0 93.0 14.0 93.0 793.0 250.0 793.0 378.0 126.0 378.0 
1 2 0.87 0.87 6.0 3.0 6.0 227.0 86.0 227.0 
1 3 0.91 0.91 6.0 3.0 6.0 227.0 86.0 227.0 888.0 31.0 888.0 
1 2 0.57 0.57 86.0 11.0 86.0 293.0 130.0 293.0 
1 2 0.52 0.52 352.0 119.0 352.0 571.0 109.0 571.0 
1 3 0.84 0.84 352.0 119.0 352.0 571.0 109.0 571.0 259.0 81.0 259.0 
1 4 0.89 0.89 352.0 119.0 352.0 571.0 109.0 571.0 259.0 81.0 259.0 421.0 23.0 421.0 
1 2 0.62 0.62 418.0 115.0 418.0 846.0 296.0 846.0 
1 2 0.61 0.61 1000.0 499.0 1000.0 408.0 47.0 408.0 
1 3 0.93 0.93 1000.0 499.0 1000.0 408.0 47.0 408.0 242.0 77.0 242.0 
1 2 0.26 0.26 915.0 133.0 915.0 69.0 8.0 69.0 
1 3 0.46 0.46 915.0 133.0 915.0 69.0 8.0 69.0 5.0 1.0 5.0 
1 4 0.88 0.88 915.0 133.0 915.0 69.0 8.0 69.0 5.0 1.0 5.0 100.0 42.0 100.0 
1 2 0.38 0.38 412.0 99.0 412.0 96.0 14.0 96.0 
1 3 0.76 0.76 412.0 99.0 412.0 96.0 14.0 96.0 132.0 50.0 132.0 
1 2 0.73 0.73 39.0 14.0 39.0 275.0 103.0 275.0 
1 2 0.56 0.56 41.0 14.0 41.0 210.0 47.0 210.0 
1 3 0.69 0.69 41.0 14.0 41.0 210.0 47.0 210.0 417.0 55.0 417.0 
1 4 0.77 0.77 41.0 14.0 41.0 210.0 47.0 210.0 417.0 55.0 417.0 52.0 4.0 52.0 
1 2 0.59 0.59 661.0 126.0 661.0 570.0 231.0 570.0 
1 3 0.85 0.85 661.0 126.0 661.0 570.0 231.0 570.0 291.0 76.0 291.0 
1 2 0.85 0.85 577.0 263.0 577.0 749.0 301.0 749.0 
1 2 0.56 0.56 570.0 235.0 570.0 967.0 147.0 967.0 
1 3 0.63 0.63 570.0 235.0 570.0 967.0 147.0 967.0 276.0 20.0 276.0 
1 4 0.7 0.7 570.0 235.0 570.0 967.0 147.0 967.0 276.0 20.0 276.0 329.0 23.0 329.0 
1 5 0.84 0.84 570.0 235.0 570.0 967.0 147.0 967.0 276.0 20.0 276.0 329.0 23.0 329.0 403.0 54.0 403.0 
1 2 0.51 0.51 51.0 19.0 51.0 934.0 133.0 934.0 
1 2 0.49 0.49 97.0 46.0 97.0 456.0 11.0 456.0 
1 2 0.56 0.56 77.0 8.0 77.0 596.0 277.0 596.0 
1 3 0.83 0.83 77.0 8.0 77.0 596.0 277.0 596.0 813.0 217.0 813.0 
1 2 0.87 0.87 91.0 38.0 91.0 910.0 412.0 910.0 
1 2 0.68 0.68 786.0 170.0 786.0 114.0 54.0 114.0 
1 2 0.58 0.58 235.0 77.0 235.0 789.0 200.0 789.0 
1 3 0.79 0.79 235.0 77.0 235.0 789.0 200.0 789.0 981.0 209.0 981.0 
1 2 0.55 0.55 867.0 129.0 867.0 280.0 114.0 280.0 
1 3 0.94 0.94 867.0 129.0 867.0 280.0 114.0 280.0 442.0 172.0 442.0 
1 2 0.85 0.85 58.0 28.0 58.0 945.0 351.0 945.0 
1 2 0.75 0.75 397.0 114.0 397.0 894.0 414.0 894.0 
1 2 0.45 0.45 296.0 125.0 296.0 728.0 21.0 728.0 
1 3 0.58 0.58 296.0 125.0 296.0 728.0 21.0 728.0 219.0 29.0 219.0 
1 4 0.65 0.65 296.0 125.0 296.0 728.0 21.0 728.0 219.0 29.0 219.0 570.0 40.0 570.0 
1 2 0.43 0.43 41.0 6.0 41.0 442.0 129.0 442.0 
1 3 0.6 0.6 41.0 6.0 41.0 442.0 129.0 442.0 164.0 27.0 164.0 
1 4 0.65 0.65 41.0 6.0 41.0 442.0 129.0 442.0 164.0 27.0 164.0 227.0 11.0 227.0 
1 2 0.49 0.49 394.0 138.0 394.0 515.0 72.0 515.0 
1 3 0.71 0.71 394.0 138.0 394.0 515.0 72.0 515.0 449.0 100.0 449.0 
1 4 0.79 0.79 394.0 138.0 394.0 515.0 72.0 515.0 449.0 100.0 449.0 919.0 73.0 919.0 
1 2 0.9 0.9 769.0 74.0 769.0 697.0 564.0 697.0 
1 2 0.89 0.89 855.0 405.0 855.0 757.0 322.0 757.0 
1 2 0.5 0.5 217.0 13.0 217.0 693.0 306.0 693.0 
1 3 0.58 0.58 217.0 13.0 217.0 693.0 306.0 693.0 309.0 25.0 309.0 
1 2 0.7 0.7 613.0 302.0 613.0 337.0 72.0 337.0 
1 2 0.75 0.75 997.0 343.0 997.0 757.0 308.0 757.0 
1 2 0.38 0.38 724.0 26.0 724.0 245.0 86.0 245.0 
1 3 0.61 0.61 724.0 26.0 724.0 245.0 86.0 245.0 453.0 103.0 453.0 
1 4 0.77 0.77 724.0 26.0 724.0 245.0 86.0 245.0 453.0 103.0 453.0 532.0 84.0 532.0 
1 5 0.88 0.88 724.0 26.0 724.0 245.0 86.0 245.0 453.0 103.0 453.0 532.0 84.0 532.0 138.0 16.0 138.0 
1 2 0.85 0.85 478.0 221.0 478.0 895.0 352.0 895.0 
1 2 0.73 0.73 216.0 85.0 216.0 516.0 176.0 516.0 
1 2 0.65 0.65 438.0 162.0 438.0 993.0 287.0 993.0 
1 2 0.99 0.99 1000.0 303.0 1000.0 642.0 443.0 642.0 
1 2 0.41 0.41 72.0 14.0 72.0 344.0 77.0 344.0 
1 3 0.52 0.52 72.0 14.0 72.0 344.0 77.0 344.0 889.0 93.0 889.0 
1 2 0.53 0.53 467.0 206.0 467.0 721.0 66.0 721.0 
1 3 0.9 0.9 467.0 206.0 467.0 721.0 66.0 721.0 643.0 237.0 643.0 
1 2 0.64 0.64 413.0 120.0 413.0 311.0 111.0 311.0 
1 3 0.94 0.94 413.0 120.0 413.0 311.0 111.0 311.0 356.0 105.0 356.0 
1 2 0.46 0.46 467.0 206.0 467.0 215.0 6.0 215.0 
1 3 0.57 0.57 467.0 206.0 467.0 215.0 6.0 215.0 388.0 40.0 388.0 
1 2 0.32 0.32 340.0 81.0 340.0 475.0 40.0 475.0 
1 3 0.74 0.74 340.0 81.0 340.0 475.0 40.0 475.0 605.0 254.0 605.0 
1 2 0.35 0.35 612.0 92.0 612.0 505.0 104.0 505.0 
1 3 0.57 0.57 612.0 92.0 612.0 505.0 104.0 505.0 971.0 209.0 971.0 
1 4 0.65 0.65 612.0 92.0 612.0 505.0 104.0 505.0 971.0 209.0 971.0 645.0 54.0 645.0 
1 5 0.89 0.89 612.0 92.0 612.0 505.0 104.0 505.0 971.0 209.0 971.0 645.0 54.0 645.0 491.0 116.0 491.0 
1 2 0.98 0.98 574.0 17.0 574.0 222.0 213.0 222.0 
1 2 0.42 0.42 806.0 123.0 806.0 439.0 119.0 439.0 
1 3 0.71 0.71 806.0 123.0 806.0 439.0 119.0 439.0 234.0 67.0 234.0 
1 4 0.79 0.79 806.0 123.0 806.0 439.0 119.0 439.0 234.0 67.0 234.0 657.0 57.0 657.0 
1 2 0.34 0.34 923.0 130.0 923.0 45.0 9.0 45.0 
1 3 0.73 0.73 923.0 130.0 923.0 45.0 9.0 45.0 776.0 305.0 776.0 
1 4 0.78 0.78 923.0 130.0 923.0 45.0 9.0 45.0 776.0 305.0 776.0 658.0 35.0 658.0 
1 2 0.61 0.61 203.0 25.0 203.0 75.0 37.0 75.0 
1 3 0.89 0.89 203.0 25.0 203.0 75.0 37.0 75.0 159.0 44.0 159.0 
1 4 0.92 0.92 203.0 25.0 203.0 75.0 37.0 75.0 159.0 44.0 159.0 946.0 29.0 946.0 
1 2 0.29 0.29 483.0 35.0 483.0 350.0 78.0 350.0 
1 3 0.57 0.57 483.0 35.0 483.0 350.0 78.0 350.0 365.0 101.0 365.0 
1 4 0.91 0.91 483.0 35.0 483.0 350.0 78.0 350.0 365.0 101.0 365.0 729.0 249.0 729.0 
1 2 0.26 0.26 254.0 64.0 254.0 696.0 8.0 696.0 
1 3 0.7 0.7 254.0 64.0 254.0 696.0 8.0 696.0 311.0 138.0 311.0 
1 2 0.4 0.4 97.0 21.0 97.0 303.0 56.0 303.0 
1 3 0.65 0.65 97.0 21.0 97.0 303.0 56.0 303.0 703.0 178.0 703.0 
1 4 0.68 0.68 97.0 21.0 97.0 303.0 56.0 303.0 703.0 178.0 703.0 885.0 27.0 885.0 
1 5 0.74 0.74 97.0 21.0 97.0 303.0 56.0 303.0 703.0 178.0 703.0 885.0 27.0 885.0 609.0 38.0 609.0 
1 2 0.38 0.38 41.0 11.0 41.0 961.0 116.0 961.0 
1 3 0.85 0.85 41.0 11.0 41.0 961.0 116.0 961.0 466.0 218.0 466.0 
1 2 0.87 0.87 657.0 304.0 657.0 956.0 393.0 956.0 
1 2 0.73 0.73 804.0 262.0 804.0 903.0 367.0 903.0 
1 3 0.85 0.85 804.0 262.0 804.0 903.0 367.0 903.0 667.0 84.0 667.0 
1 2 0.59 0.59 72.0 12.0 72.0 92.0 39.0 92.0 
1 3 0.76 0.76 72.0 12.0 72.0 92.0 39.0 92.0 337.0 59.0 337.0 
1 2 0.53 0.53 721.0 98.0 721.0 803.0 322.0 803.0 
1 3 0.61 0.61 721.0 98.0 721.0 803.0 322.0 803.0 389.0 31.0 389.0 
1 4 0.9 0.9 721.0 98.0 721.0 803.0 322.0 803.0 389.0 31.0 389.0 24.0 7.0 24.0 
1 2 0.79 0.79 752.0 353.0 752.0 37.0 12.0 37.0 
1 2 0.65 0.65 533.0 100.0 533.0 28.0 13.0 28.0 
1 3 0.71 0.71 533.0 100.0 533.0 28.0 13.0 28.0 903.0 57.0 903.0 
1 2 0.43 0.43 575.0 224.0 575.0 912.0 44.0 912.0 
1 3 0.7 0.7 575.0 224.0 575.0 912.0 44.0 912.0 561.0 148.0 561.0 
1 2 0.39 0.39 415.0 20.0 415.0 712.0 249.0 712.0 
1 3 0.97 0.97 415.0 20.0 415.0 712.0 249.0 712.0 69.0 40.0 69.0 
1 2 0.42 0.42 104.0 42.0 104.0 166.0 4.0 166.0 
1 2 0.6 0.6 810.0 314.0 810.0 373.0 80.0 373.0 
1 3 0.78 0.78 810.0 314.0 810.0 373.0 80.0 373.0 491.0 90.0 491.0 
1 2 0.61 0.61 690.0 95.0 690.0 600.0 284.0 600.0 
1 2 0.74 0.74 239.0 21.0 239.0 464.0 307.0 464.0 
1 2 0.64 0.64 657.0 204.0 657.0 1000.0 339.0 1000.0 
1 2 0.55 0.55 357.0 44.0 357.0 864.0 371.0 864.0 
1 2 0.77 0.77 588.0 251.0 588.0 514.0 177.0 514.0 
1 2 0.32 0.32 822.0 5.0 822.0 154.0 49.0 154.0 
1 3 0.41 0.41 822.0 5.0 822.0 154.0 49.0 154.0 592.0 53.0 592.0 
1 4 0.61 0.61 822.0 5.0 822.0 154.0 49.0 154.0 592.0 53.0 592.0 327.0 67.0 327.0 
1 5 0.71 0.71 822.0 5.0 822.0 154.0 49.0 154.0 592.0 53.0 592.0 327.0 67.0 327.0 757.0 76.0 757.0 
1 2 0.55 0.55 368.0 162.0 368.0 134.0 16.0 134.0 
1 3 0.66 0.66 368.0 162.0 368.0 134.0 16.0 134.0 511.0 56.0 511.0 
1 4 0.93 0.93 368.0 162.0 368.0 134.0 16.0 134.0 511.0 56.0 511.0 836.0 219.0 836.0 
1 2 0.78 0.78 553.0 269.0 553.0 698.0 209.0 698.0 
1 2 0.22 0.22 132.0 25.0 132.0 926.0 30.0 926.0 
1 3 0.53 0.53 132.0 25.0 132.0 926.0 30.0 926.0 845.0 263.0 845.0 
1 4 0.59 0.59 132.0 25.0 132.0 926.0 30.0 926.0 845.0 263.0 845.0 394.0 26.0 394.0 
1 5 0.94 0.94 132.0 25.0 132.0 926.0 30.0 926.0 845.0 263.0 845.0 394.0 26.0 394.0 335.0 115.0 335.0 
1 2 0.17 0.17 528.0 89.0 528.0 262.0 2.0 262.0 
1 3 0.39 0.39 528.0 89.0 528.0 262.0 2.0 262.0 18.0 4.0 18.0 
1 4 0.48 0.48 528.0 89.0 528.0 262.0 2.0 262.0 18.0 4.0 18.0 984.0 88.0 984.0 
1 5 0.94 0.94 528.0 89.0 528.0 262.0 2.0 262.0 18.0 4.0 18.0 984.0 88.0 984.0 715.0 324.0 715.0 
1 2 0.32 0.32 423.0 132.0 423.0 470.0 6.0 470.0 
1 3 0.79 0.79 423.0 132.0 423.0 470.0 6.0 470.0 641.0 299.0 641.0 
1 4 0.81 0.81 423.0 132.0 423.0 470.0 6.0 470.0 641.0 299.0 641.0 672.0 13.0 672.0 
1 5 0.84 0.84 423.0 132.0 423.0 470.0 6.0 470.0 641.0 299.0 641.0 672.0 13.0 672.0 939.0 31.0 939.0 
1 2 0.58 0.58 474.0 74.0 474.0 944.0 405.0 944.0 
1 3 0.91 0.91 474.0 74.0 474.0 944.0 405.0 944.0 504.0 168.0 504.0 
1 2 0.41 0.41 729.0 156.0 729.0 421.0 84.0 421.0 
1 3 0.78 0.78 729.0 156.0 729.0 421.0 84.0 421.0 779.0 288.0 779.0 
1 2 0.43 0.43 519.0 10.0 519.0 111.0 46.0 111.0 
1 3 0.49 0.49 519.0 10.0 519.0 111.0 46.0 111.0 352.0 23.0 352.0 
1 4 0.73 0.73 519.0 10.0 519.0 111.0 46.0 111.0 352.0 23.0 352.0 587.0 136.0 587.0 
1 5 0.81 0.81 519.0 10.0 519.0 111.0 46.0 111.0 352.0 23.0 352.0 587.0 136.0 587.0 848.0 68.0 848.0 
1 2 0.61 0.61 831.0 99.0 831.0 249.0 123.0 249.0 
1 3 0.93 0.93 831.0 99.0 831.0 249.0 123.0 249.0 356.0 116.0 356.0 
1 2 0.75 0.75 437.0 117.0 437.0 551.0 270.0 551.0 
1 2 0.83 0.83 138.0 16.0 138.0 566.0 406.0 566.0 
1 2 0.95 0.95 120.0 55.0 120.0 524.0 259.0 524.0 
1 2 0.33 0.33 299.0 35.0 299.0 765.0 166.0 765.0 
1 3 0.58 0.58 299.0 35.0 299.0 765.0 166.0 765.0 4.0 1.0 4.0 
1 2 0.53 0.53 631.0 307.0 631.0 751.0 38.0 751.0 
1 3 0.96 0.96 631.0 307.0 631.0 751.0 38.0 751.0 677.0 287.0 677.0 
1 2 0.49 0.49 335.0 146.0 335.0 826.0 46.0 826.0 
1 3 0.66 0.66 335.0 146.0 335.0 826.0 46.0 826.0 952.0 166.0 952.0 
1 2 0.7 0.7 544.0 32.0 544.0 779.0 502.0 779.0 
1 2 0.84 0.84 496.0 275.0 496.0 952.0 281.0 952.0 
1 2 0.18 0.18 493.0 9.0 493.0 212.0 35.0 212.0 
1 3 0.4 0.4 493.0 9.0 493.0 212.0 35.0 212.0 786.0 178.0 786.0 
1 4 0.53 0.53 493.0 9.0 493.0 212.0 35.0 212.0 786.0 178.0 786.0 830.0 101.0 830.0 
1 5 0.59 0.59 493.0 9.0 493.0 212.0 35.0 212.0 786.0 178.0 786.0 830.0 101.0 830.0 106.0 7.0 106.0 
1 6 0.85 0.85 493.0 9.0 493.0 212.0 35.0 212.0 786.0 178.0 786.0 830.0 101.0 830.0 106.0 7.0 106.0 518.0 134.0 518.0 
1 7 0.93 0.93 493.0 9.0 493.0 212.0 35.0 212.0 786.0 178.0 786.0 830.0 101.0 830.0 106.0 7.0 106.0 518.0 134.0 518.0 481.0 37.0 481.0 
1 2 0.44 0.44 272.0 84.0 272.0 172.0 24.0 172.0 
1 3 0.68 0.68 272.0 84.0 272.0 172.0 24.0 172.0 714.0 170.0 714.0 
1 4 0.85 0.85 272.0 84.0 272.0 172.0 24.0 172.0 714.0 170.0 714.0 589.0 99.0 589.0 
1 2 0.84 0.84 64.0 27.0 64.0 229.0 97.0 229.0 
1 2 0.05 0.05 435.0 23.0 435.0 777.0 3.0 777.0 
1 3 0.52 0.52 435.0 23.0 435.0 777.0 3.0 777.0 66.0 31.0 66.0 
1 4 0.9 0.9 435.0 23.0 435.0 777.0 3.0 777.0 66.0 31.0 66.0 24.0 9.0 24.0 
1 2 0.22 0.22 542.0 98.0 542.0 972.0 41.0 972.0 
1 3 0.52 0.52 542.0 98.0 542.0 972.0 41.0 972.0 758.0 229.0 758.0 
1 4 0.94 0.94 542.0 98.0 542.0 972.0 41.0 972.0 758.0 229.0 758.0 500.0 209.0 500.0 
1 2 0.32 0.32 532.0 168.0 532.0 792.0 7.0 792.0 
1 3 0.96 0.96 532.0 168.0 532.0 792.0 7.0 792.0 569.0 366.0 569.0 
1 2 0.42 0.42 246.0 1.0 246.0 563.0 239.0 563.0 
1 3 0.9 0.9 246.0 1.0 246.0 563.0 239.0 563.0 797.0 376.0 797.0 
1 2 0.44 0.44 620.0 81.0 620.0 357.0 112.0 357.0 
1 3 0.74 0.74 620.0 81.0 620.0 357.0 112.0 357.0 829.0 251.0 829.0 
1 2 0.31 0.31 206.0 47.0 206.0 34.0 3.0 34.0 
1 3 0.54 0.54 206.0 47.0 206.0 34.0 3.0 34.0 636.0 147.0 636.0 
1 4 0.6 0.6 206.0 47.0 206.0 34.0 3.0 34.0 636.0 147.0 636.0 601.0 37.0 601.0 
1 5 0.88 0.88 206.0 47.0 206.0 34.0 3.0 34.0 636.0 147.0 636.0 601.0 37.0 601.0 395.0 108.0 395.0 
1 2 0.17 0.17 939.0 7.0 939.0 349.0 60.0 349.0 
1 3 0.5 0.5 939.0 7.0 939.0 349.0 60.0 349.0 167.0 54.0 167.0 
1 2 0.58 0.58 820.0 294.0 820.0 940.0 214.0 940.0 
1 3 0.62 0.62 820.0 294.0 820.0 940.0 214.0 940.0 556.0 19.0 556.0 
1 2 0.69 0.69 745.0 289.0 745.0 439.0 136.0 439.0 
1 3 0.85 0.85 745.0 289.0 745.0 439.0 136.0 439.0 379.0 58.0 379.0 
1 4 0.85 0.85 745.0 289.0 745.0 439.0 136.0 439.0 379.0 58.0 379.0 506.0 1.0 506.0 
1 2 0.56 0.56 931.0 165.0 931.0 455.0 176.0 455.0 
1 3 0.69 0.69 931.0 165.0 931.0 455.0 176.0 455.0 233.0 30.0 233.0 
1 4 0.88 0.88 931.0 165.0 931.0 455.0 176.0 455.0 233.0 30.0 233.0 602.0 117.0 602.0 
1 2 0.57 0.57 299.0 75.0 299.0 867.0 284.0 867.0 
1 3 0.64 0.64 299.0 75.0 299.0 867.0 284.0 867.0 785.0 56.0 785.0 
1 4 0.66 0.66 299.0 75.0 299.0 867.0 284.0 867.0 785.0 56.0 785.0 508.0 7.0 508.0 
1 2 0.23 0.23 592.0 63.0 592.0 47.0 6.0 47.0 
1 3 0.66 0.66 592.0 63.0 592.0 47.0 6.0 47.0 344.0 149.0 344.0 
1 4 0.86 0.86 592.0 63.0 592.0 47.0 6.0 47.0 344.0 149.0 344.0 686.0 134.0 686.0 
1 2 0.22 0.22 820.0 34.0 820.0 345.0 65.0 345.0 
1 3 0.41 0.41 820.0 34.0 820.0 345.0 65.0 345.0 754.0 136.0 754.0 
1 4 0.81 0.81 820.0 34.0 820.0 345.0 65.0 345.0 754.0 136.0 754.0 171.0 69.0 171.0 
1 2 0.56 0.56 57.0 12.0 57.0 375.0 134.0 375.0 
1 3 0.6 0.6 57.0 12.0 57.0 375.0 134.0 375.0 629.0 26.0 629.0 
1 2 0.59 0.59 467.0 153.0 467.0 431.0 116.0 431.0 
1 2 0.23 0.23 992.0 143.0 992.0 267.0 23.0 267.0 
1 3 0.4 0.4 992.0 143.0 992.0 267.0 23.0 267.0 980.0 168.0 980.0 
1 4 0.88 0.88 992.0 143.0 992.0 267.0 23.0 267.0 980.0 168.0 980.0 387.0 187.0 387.0 
1 2 0.68 0.68 294.0 83.0 294.0 80.0 32.0 80.0 
1 2 0.74 0.74 741.0 256.0 741.0 704.0 280.0 704.0 
1 3 0.93 0.93 741.0 256.0 741.0 704.0 280.0 704.0 905.0 178.0 905.0 
1 2 0.7 0.7 985.0 472.0 985.0 743.0 166.0 743.0 
1 2 0.72 0.72 541.0 222.0 541.0 455.0 145.0 455.0 
1 3 0.77 0.77 541.0 222.0 541.0 455.0 145.0 455.0 472.0 22.0 472.0 
1 2 0.21 0.21 120.0 9.0 120.0 639.0 89.0 639.0 
1 3 0.46 0.46 120.0 9.0 120.0 639.0 89.0 639.0 411.0 105.0 411.0 
1 4 0.87 0.87 120.0 9.0 120.0 639.0 89.0 639.0 411.0 105.0 411.0 451.0 185.0 451.0 
1 2 0.81 0.81 622.0 435.0 622.0 904.0 107.0 904.0 
1 2 0.64 0.64 262.0 105.0 262.0 503.0 125.0 503.0 
1 2 0.22 0.22 176.0 7.0 176.0 973.0 183.0 973.0 
1 3 0.69 0.69 176.0 7.0 176.0 973.0 183.0 973.0 93.0 43.0 93.0 
1 2 0.32 0.32 468.0 135.0 468.0 474.0 19.0 474.0 
1 3 0.78 0.78 468.0 135.0 468.0 474.0 19.0 474.0 529.0 241.0 529.0 
1 2 0.55 0.55 985.0 355.0 985.0 899.0 177.0 899.0 
1 3 0.85 0.85 985.0 355.0 985.0 899.0 177.0 899.0 105.0 31.0 105.0 
1 4 0.88 0.88 985.0 355.0 985.0 899.0 177.0 899.0 105.0 31.0 105.0 538.0 20.0 538.0 
1 5 0.97 0.97 985.0 355.0 985.0 899.0 177.0 899.0 105.0 31.0 105.0 538.0 20.0 538.0 388.0 34.0 388.0 
1 2 0.25 0.25 722.0 3.0 722.0 291.0 72.0 291.0 
1 3 0.55 0.55 722.0 3.0 722.0 291.0 72.0 291.0 910.0 274.0 910.0 
1 2 0.59 0.59 135.0 21.0 135.0 814.0 360.0 814.0 
1 2 0.43 0.43 327.0 130.0 327.0 831.0 27.0 831.0 
1 3 0.73 0.73 327.0 130.0 327.0 831.0 27.0 831.0 327.0 101.0 327.0 
1 4 0.98 0.98 327.0 130.0 327.0 831.0 27.0 831.0 327.0 101.0 327.0 289.0 70.0 289.0 
1 2 0.28 0.28 309.0 55.0 309.0 9.0 1.0 9.0 
1 3 0.66 0.66 309.0 55.0 309.0 9.0 1.0 9.0 724.0 272.0 724.0 
1 4 0.85 0.85 309.0 55.0 309.0 9.0 1.0 9.0 724.0 272.0 724.0 832.0 155.0 832.0 
1 2 0.12 0.12 328.0 8.0 328.0 839.0 82.0 839.0 
1 3 0.93 0.93 328.0 8.0 328.0 839.0 82.0 839.0 963.0 778.0 963.0 
1 2 0.77 0.77 383.0 52.0 383.0 727.0 463.0 727.0 
1 2 0.08 0.08 420.0 13.0 420.0 40.0 2.0 40.0 
1 3 0.61 0.61 420.0 13.0 420.0 40.0 2.0 40.0 623.0 331.0 623.0 
1 2 0.28 0.28 615.0 136.0 615.0 264.0 18.0 264.0 
1 3 0.67 0.67 615.0 136.0 615.0 264.0 18.0 264.0 207.0 79.0 207.0 
1 4 0.76 0.76 615.0 136.0 615.0 264.0 18.0 264.0 207.0 79.0 207.0 703.0 66.0 703.0 
1 2 0.57 0.57 744.0 232.0 744.0 332.0 88.0 332.0 
1 3 0.9 0.9 744.0 232.0 744.0 332.0 88.0 332.0 778.0 254.0 778.0 
1 2 0.8 0.8 992.0 300.0 992.0 60.0 30.0 60.0 
1 3 0.85 0.85 992.0 300.0 992.0 60.0 30.0 60.0 128.0 7.0 128.0 
1 2 0.34 0.34 38.0 11.0 38.0 407.0 22.0 407.0 
1 3 0.72 0.72 38.0 11.0 38.0 407.0 22.0 407.0 305.0 116.0 305.0 
1 4 0.9 0.9 38.0 11.0 38.0 407.0 22.0 407.0 305.0 116.0 305.0 221.0 40.0 221.0 
1 2 0.3 0.3 379.0 51.0 379.0 610.0 105.0 610.0 
1 3 0.5 0.5 379.0 51.0 379.0 610.0 105.0 610.0 997.0 194.0 997.0 
1 4 0.65 0.65 379.0 51.0 379.0 610.0 105.0 610.0 997.0 194.0 997.0 868.0 136.0 868.0 
1 2 0.35 0.35 549.0 138.0 549.0 817.0 85.0 817.0 
1 3 0.49 0.49 549.0 138.0 549.0 817.0 85.0 817.0 213.0 30.0 213.0 
1 4 0.55 0.55 549.0 138.0 549.0 817.0 85.0 817.0 213.0 30.0 213.0 543.0 31.0 543.0 
1 5 0.78 0.78 549.0 138.0 549.0 817.0 85.0 817.0 213.0 30.0 213.0 543.0 31.0 543.0 298.0 69.0 298.0 
1 6 0.96 0.96 549.0 138.0 549.0 817.0 85.0 817.0 213.0 30.0 213.0 543.0 31.0 543.0 298.0 69.0 298.0 658.0 117.0 658.0 
1 2 0.57 0.57 204.0 71.0 204.0 488.0 111.0 488.0 
1 3 0.67 0.67 204.0 71.0 204.0 488.0 111.0 488.0 928.0 96.0 928.0 
1 4 0.76 0.76 204.0 71.0 204.0 488.0 111.0 488.0 928.0 96.0 928.0 600.0 51.0 600.0 
1 2 0.86 0.86 532.0 122.0 532.0 784.0 499.0 784.0 
1 2 0.28 0.28 42.0 4.0 42.0 93.0 18.0 93.0 
1 3 0.75 0.75 42.0 4.0 42.0 93.0 18.0 93.0 589.0 273.0 589.0 
1 4 0.9 0.9 42.0 4.0 42.0 93.0 18.0 93.0 589.0 273.0 589.0 851.0 130.0 851.0 
1 2 0.73 0.73 760.0 274.0 760.0 16.0 6.0 16.0 
1 2 0.33 0.33 426.0 84.0 426.0 475.0 65.0 475.0 
1 3 0.46 0.46 426.0 84.0 426.0 475.0 65.0 475.0 889.0 114.0 889.0 
1 4 0.5 0.5 426.0 84.0 426.0 475.0 65.0 475.0 889.0 114.0 889.0 23.0 1.0 23.0 
1 5 0.53 0.53 426.0 84.0 426.0 475.0 65.0 475.0 889.0 114.0 889.0 23.0 1.0 23.0 69.0 2.0 69.0 
1 6 0.67 0.67 426.0 84.0 426.0 475.0 65.0 475.0 889.0 114.0 889.0 23.0 1.0 23.0 69.0 2.0 69.0 357.0 51.0 357.0 
1 2 0.65 0.65 152.0 34.0 152.0 93.0 40.0 93.0 
1 3 0.69 0.69 152.0 34.0 152.0 93.0 40.0 93.0 864.0 38.0 864.0 
1 4 0.7 0.7 152.0 34.0 152.0 93.0 40.0 93.0 864.0 38.0 864.0 317.0 2.0 317.0 
1 5 0.86 0.86 152.0 34.0 152.0 93.0 40.0 93.0 864.0 38.0 864.0 317.0 2.0 317.0 646.0 107.0 646.0 
1 2 0.54 0.54 147.0 24.0 147.0 34.0 13.0 34.0 
1 3 0.65 0.65 147.0 24.0 147.0 34.0 13.0 34.0 311.0 34.0 311.0 
1 4 0.85 0.85 147.0 24.0 147.0 34.0 13.0 34.0 311.0 34.0 311.0 246.0 48.0 246.0 
1 5 0.97 0.97 147.0 24.0 147.0 34.0 13.0 34.0 311.0 34.0 311.0 246.0 48.0 246.0 495.0 63.0 495.0 
1 2 0.07 0.07 743.0 45.0 743.0 716.0 8.0 716.0 
1 3 0.35 0.35 743.0 45.0 743.0 716.0 8.0 716.0 313.0 89.0 313.0 
1 4 0.68 0.68 743.0 45.0 743.0 716.0 8.0 716.0 313.0 89.0 313.0 905.0 297.0 905.0 
1 5 0.89 0.89 743.0 45.0 743.0 716.0 8.0 716.0 313.0 89.0 313.0 905.0 297.0 905.0 871.0 182.0 871.0 
1 2 0.48 0.48 216.0 71.0 216.0 508.0 80.0 508.0 
1 3 0.56 0.56 216.0 71.0 216.0 508.0 80.0 508.0 682.0 51.0 682.0 
1 4 0.71 0.71 216.0 71.0 216.0 508.0 80.0 508.0 682.0 51.0 682.0 972.0 147.0 972.0 
1 5 0.91 0.91 216.0 71.0 216.0 508.0 80.0 508.0 682.0 51.0 682.0 972.0 147.0 972.0 947.0 194.0 947.0 
1 2 0.41 0.41 110.0 17.0 110.0 379.0 100.0 379.0 
1 3 0.47 0.47 110.0 17.0 110.0 379.0 100.0 379.0 911.0 54.0 911.0 
1 2 0.68 0.68 241.0 50.0 241.0 598.0 284.0 598.0 
1 2 0.34 0.34 487.0 63.0 487.0 565.0 123.0 565.0 
1 3 0.36 0.36 487.0 63.0 487.0 565.0 123.0 565.0 795.0 13.0 795.0 
1 4 0.68 0.68 487.0 63.0 487.0 565.0 123.0 565.0 795.0 13.0 795.0 998.0 325.0 998.0 
1 2 0.32 0.32 677.0 81.0 677.0 496.0 104.0 496.0 
1 3 0.44 0.44 677.0 81.0 677.0 496.0 104.0 496.0 451.0 52.0 451.0 
1 4 0.53 0.53 677.0 81.0 677.0 496.0 104.0 496.0 451.0 52.0 451.0 500.0 43.0 500.0 
1 5 0.71 0.71 677.0 81.0 677.0 496.0 104.0 496.0 451.0 52.0 451.0 500.0 43.0 500.0 345.0 65.0 345.0 
1 6 0.94 0.94 677.0 81.0 677.0 496.0 104.0 496.0 451.0 52.0 451.0 500.0 43.0 500.0 345.0 65.0 345.0 591.0 132.0 591.0 
1 2 0.57 0.57 801.0 223.0 801.0 747.0 222.0 747.0 
1 3 0.63 0.63 801.0 223.0 801.0 747.0 222.0 747.0 17.0 1.0 17.0 
1 4 0.86 0.86 801.0 223.0 801.0 747.0 222.0 747.0 17.0 1.0 17.0 461.0 104.0 461.0 
1 2 0.3 0.3 79.0 17.0 79.0 417.0 36.0 417.0 
1 3 0.58 0.58 79.0 17.0 79.0 417.0 36.0 417.0 80.0 23.0 80.0 
1 2 0.57 0.57 813.0 207.0 813.0 268.0 85.0 268.0 
1 3 0.73 0.73 813.0 207.0 813.0 268.0 85.0 268.0 698.0 112.0 698.0 
1 2 0.75 0.75 922.0 387.0 922.0 309.0 103.0 309.0 
1 2 0.13 0.13 643.0 21.0 643.0 608.0 60.0 608.0 
1 3 0.26 0.26 643.0 21.0 643.0 608.0 60.0 608.0 528.0 69.0 528.0 
1 4 0.29 0.29 643.0 21.0 643.0 608.0 60.0 608.0 528.0 69.0 528.0 343.0 12.0 343.0 
1 5 0.36 0.36 643.0 21.0 643.0 608.0 60.0 608.0 528.0 69.0 528.0 343.0 12.0 343.0 29.0 2.0 29.0 
1 6 0.65 0.65 643.0 21.0 643.0 608.0 60.0 608.0 528.0 69.0 528.0 343.0 12.0 343.0 29.0 2.0 29.0 142.0 41.0 142.0 
1 7 0.75 0.75 643.0 21.0 643.0 608.0 60.0 608.0 528.0 69.0 528.0 343.0 12.0 343.0 29.0 2.0 29.0 142.0 41.0 142.0 581.0 58.0 581.0 
1 2 0.48 0.48 357.0 159.0 357.0 805.0 28.0 805.0 
1 2 0.4 0.4 328.0 27.0 328.0 244.0 78.0 244.0 
1 3 0.7 0.7 328.0 27.0 328.0 244.0 78.0 244.0 505.0 154.0 505.0 
1 4 0.81 0.81 328.0 27.0 328.0 244.0 78.0 244.0 505.0 154.0 505.0 774.0 81.0 774.0 
1 5 0.84 0.84 328.0 27.0 328.0 244.0 78.0 244.0 505.0 154.0 505.0 774.0 81.0 774.0 232.0 7.0 232.0 
1 2 0.53 0.53 407.0 183.0 407.0 24.0 2.0 24.0 
1 2 0.55 0.55 416.0 157.0 416.0 139.0 24.0 139.0 
1 3 0.91 0.91 416.0 157.0 416.0 139.0 24.0 139.0 614.0 225.0 614.0 
1 2 0.89 0.89 694.0 86.0 694.0 357.0 275.0 357.0 
1 3 0.95 0.95 694.0 86.0 694.0 357.0 275.0 357.0 692.0 44.0 692.0 
1 2 0.51 0.51 585.0 186.0 585.0 924.0 179.0 924.0 
1 3 0.86 0.86 585.0 186.0 585.0 924.0 179.0 924.0 925.0 324.0 925.0 
1 2 0.42 0.42 131.0 12.0 131.0 618.0 203.0 618.0 
1 2 0.44 0.44 452.0 44.0 452.0 358.0 126.0 358.0 
1 3 0.8 0.8 452.0 44.0 452.0 358.0 126.0 358.0 188.0 66.0 188.0 
1 4 0.84 0.84 452.0 44.0 452.0 358.0 126.0 358.0 188.0 66.0 188.0 864.0 35.0 864.0 
1 2 0.95 0.95 108.0 52.0 108.0 302.0 142.0 302.0 
1 2 0.86 0.86 859.0 318.0 859.0 849.0 424.0 849.0 
1 2 0.54 0.54 35.0 15.0 35.0 685.0 77.0 685.0 
1 3 0.83 0.83 35.0 15.0 35.0 685.0 77.0 685.0 938.0 275.0 938.0 
1 2 0.85 0.85 38.0 15.0 38.0 472.0 215.0 472.0 
1 2 0.65 0.65 850.0 414.0 850.0 341.0 56.0 341.0 
1 3 0.83 0.83 850.0 414.0 850.0 341.0 56.0 341.0 110.0 20.0 110.0 
1 2 0.74 0.74 119.0 60.0 119.0 264.0 64.0 264.0 
1 2 0.72 0.72 694.0 317.0 694.0 773.0 209.0 773.0 
1 3 0.92 0.92 694.0 317.0 694.0 773.0 209.0 773.0 805.0 160.0 805.0 
1 4 0.94 0.94 694.0 317.0 694.0 773.0 209.0 773.0 805.0 160.0 805.0 697.0 12.0 697.0 
1 2 0.65 0.65 103.0 14.0 103.0 457.0 236.0 457.0 
1 3 0.72 0.72 103.0 14.0 103.0 457.0 236.0 457.0 27.0 2.0 27.0 
1 4 0.82 0.82 103.0 14.0 103.0 457.0 236.0 457.0 27.0 2.0 27.0 991.0 97.0 991.0 
1 2 0.56 0.56 914.0 238.0 914.0 720.0 222.0 720.0 
1 3 0.67 0.67 914.0 238.0 914.0 720.0 222.0 720.0 663.0 68.0 663.0 
1 2 0.17 0.17 906.0 78.0 906.0 248.0 23.0 248.0 
1 3 0.6 0.6 906.0 78.0 906.0 248.0 23.0 248.0 239.0 101.0 239.0 
1 4 0.94 0.94 906.0 78.0 906.0 248.0 23.0 248.0 239.0 101.0 239.0 787.0 274.0 787.0 
1 2 0.89 0.89 913.0 294.0 913.0 308.0 175.0 308.0 
1 2 0.49 0.49 973.0 76.0 973.0 525.0 217.0 525.0 
1 3 0.78 0.78 973.0 76.0 973.0 525.0 217.0 525.0 188.0 56.0 188.0 
1 2 0.74 0.74 642.0 200.0 642.0 37.0 16.0 37.0 
1 3 0.94 0.94 642.0 200.0 642.0 37.0 16.0 37.0 895.0 183.0 895.0 
1 2 0.9 0.9 68.0 34.0 68.0 10.0 4.0 10.0 
1 2 0.25 0.25 898.0 180.0 898.0 484.0 24.0 484.0 
1 3 0.7 0.7 898.0 180.0 898.0 484.0 24.0 484.0 279.0 128.0 279.0 
1 2 0.05 0.05 336.0 10.0 336.0 337.0 9.0 337.0 
1 3 0.46 0.46 336.0 10.0 336.0 337.0 9.0 337.0 264.0 109.0 264.0 
1 4 0.91 0.91 336.0 10.0 336.0 337.0 9.0 337.0 264.0 109.0 264.0 464.0 209.0 464.0 
1 2 0.44 0.44 477.0 208.0 477.0 624.0 7.0 624.0 
1 3 0.62 0.62 477.0 208.0 477.0 624.0 7.0 624.0 808.0 143.0 808.0 
1 4 0.75 0.75 477.0 208.0 477.0 624.0 7.0 624.0 808.0 143.0 808.0 69.0 9.0 69.0 
1 5 0.83 0.83 477.0 208.0 477.0 624.0 7.0 624.0 808.0 143.0 808.0 69.0 9.0 69.0 221.0 18.0 221.0 
1 6 0.9 0.9 477.0 208.0 477.0 624.0 7.0 624.0 808.0 143.0 808.0 69.0 9.0 69.0 221.0 18.0 221.0 318.0 23.0 318.0 
1 2 0.7 0.7 119.0 26.0 119.0 978.0 473.0 978.0 
1 2 0.32 0.32 135.0 14.0 135.0 808.0 180.0 808.0 
1 3 0.6 0.6 135.0 14.0 135.0 808.0 180.0 808.0 146.0 40.0 146.0 
1 2 0.34 0.34 535.0 150.0 535.0 843.0 53.0 843.0 
1 3 0.39 0.39 535.0 150.0 535.0 843.0 53.0 843.0 521.0 26.0 521.0 
1 4 0.65 0.65 535.0 150.0 535.0 843.0 53.0 843.0 521.0 26.0 521.0 464.0 121.0 464.0 
1 5 0.94 0.94 535.0 150.0 535.0 843.0 53.0 843.0 521.0 26.0 521.0 464.0 121.0 464.0 285.0 83.0 285.0 
1 2 0.63 0.63 858.0 256.0 858.0 173.0 59.0 173.0 
1 3 0.82 0.82 858.0 256.0 858.0 173.0 59.0 173.0 116.0 22.0 116.0 
1 2 0.55 0.55 6.0 1.0 6.0 983.0 386.0 983.0 
1 2 0.39 0.39 359.0 71.0 359.0 603.0 117.0 603.0 
1 3 0.43 0.43 359.0 71.0 359.0 603.0 117.0 603.0 867.0 37.0 867.0 
1 2 0.98 0.98 803.0 393.0 803.0 929.0 463.0 929.0 
1 2 0.52 0.52 865.0 122.0 865.0 949.0 362.0 949.0 
1 3 0.81 0.81 865.0 122.0 865.0 949.0 362.0 949.0 222.0 65.0 222.0 
1 4 0.96 0.96 865.0 122.0 865.0 949.0 362.0 949.0 222.0 65.0 222.0 997.0 154.0 997.0 
1 2 0.62 0.62 497.0 238.0 497.0 463.0 68.0 463.0 
1 3 0.82 0.82 497.0 238.0 497.0 463.0 68.0 463.0 56.0 11.0 56.0 
1 4 0.98 0.98 497.0 238.0 497.0 463.0 68.0 463.0 56.0 11.0 56.0 492.0 78.0 492.0 
1 2 0.38 0.38 875.0 175.0 875.0 133.0 25.0 133.0 
1 3 0.84 0.84 875.0 175.0 875.0 133.0 25.0 133.0 436.0 201.0 436.0 
1 2 0.74 0.74 780.0 479.0 780.0 843.0 109.0 843.0 
1 3 0.87 0.87 780.0 479.0 780.0 843.0 109.0 843.0 30.0 4.0 30.0 
1 4 0.91 0.91 780.0 479.0 780.0 843.0 109.0 843.0 30.0 4.0 30.0 671.0 25.0 671.0 
1 2 0.97 0.97 525.0 357.0 525.0 796.0 235.0 796.0 
1 2 0.37 0.37 349.0 55.0 349.0 42.0 9.0 42.0 
1 2 0.87 0.87 945.0 387.0 945.0 733.0 344.0 733.0 
1 2 0.3 0.3 553.0 32.0 553.0 334.0 82.0 334.0 
1 3 0.75 0.75 553.0 32.0 553.0 334.0 82.0 334.0 930.0 416.0 930.0 
1 2 0.7 0.7 526.0 153.0 526.0 819.0 337.0 819.0 
1 3 0.86 0.86 526.0 153.0 526.0 819.0 337.0 819.0 437.0 73.0 437.0 
1 2 0.43 0.43 462.0 32.0 462.0 595.0 219.0 595.0 
1 2 0.57 0.57 724.0 284.0 724.0 356.0 65.0 356.0 
1 3 0.89 0.89 724.0 284.0 724.0 356.0 65.0 356.0 817.0 265.0 817.0 
1 2 0.42 0.42 868.0 283.0 868.0 365.0 35.0 365.0 
1 3 0.79 0.79 868.0 283.0 868.0 365.0 35.0 365.0 981.0 362.0 981.0 
1 2 0.09 0.09 29.0 1.0 29.0 369.0 24.0 369.0 
1 3 0.29 0.29 29.0 1.0 29.0 369.0 24.0 369.0 319.0 61.0 319.0 
1 4 0.7 0.7 29.0 1.0 29.0 369.0 24.0 369.0 319.0 61.0 319.0 213.0 88.0 213.0 
1 2 0.4 0.4 768.0 229.0 768.0 589.0 60.0 589.0 
1 3 0.46 0.46 768.0 229.0 768.0 589.0 60.0 589.0 149.0 10.0 149.0 
1 4 0.49 0.49 768.0 229.0 768.0 589.0 60.0 589.0 149.0 10.0 149.0 358.0 9.0 358.0 
1 2 0.88 0.88 64.0 28.0 64.0 594.0 265.0 594.0 
1 2 0.67 0.67 555.0 181.0 555.0 144.0 50.0 144.0 
1 2 0.3 0.3 878.0 118.0 878.0 266.0 45.0 266.0 
1 3 0.43 0.43 878.0 118.0 878.0 266.0 45.0 266.0 955.0 124.0 955.0 
1 4 0.7 0.7 878.0 118.0 878.0 266.0 45.0 266.0 955.0 124.0 955.0 894.0 239.0 894.0 
1 2 0.94 0.94 326.0 141.0 326.0 295.0 151.0 295.0 
1 2 0.84 0.84 613.0 440.0 613.0 137.0 17.0 137.0 
1 2 0.93 0.93 571.0 513.0 571.0 27.0 1.0 27.0 
1 3 0.98 0.98 571.0 513.0 571.0 27.0 1.0 27.0 697.0 33.0 697.0 
1 2 0.51 0.51 284.0 7.0 284.0 944.0 465.0 944.0 
1 3 0.74 0.74 284.0 7.0 284.0 944.0 465.0 944.0 884.0 201.0 884.0 
1 4 0.89 0.89 284.0 7.0 284.0 944.0 465.0 944.0 884.0 201.0 884.0 822.0 122.0 822.0 
1 2 0.62 0.62 466.0 182.0 466.0 976.0 233.0 976.0 
1 3 0.98 0.98 466.0 182.0 466.0 976.0 233.0 976.0 731.0 260.0 731.0 
1 2 0.35 0.35 528.0 138.0 528.0 672.0 62.0 672.0 
1 3 0.62 0.62 528.0 138.0 528.0 672.0 62.0 672.0 906.0 243.0 906.0 
1 4 0.87 0.87 528.0 138.0 528.0 672.0 62.0 672.0 906.0 243.0 906.0 8.0 2.0 8.0 
1 2 0.13 0.13 631.0 19.0 631.0 845.0 85.0 845.0 
1 3 0.4 0.4 631.0 19.0 631.0 845.0 85.0 845.0 451.0 125.0 451.0 
1 4 0.51 0.51 631.0 19.0 631.0 845.0 85.0 845.0 451.0 125.0 451.0 110.0 12.0 110.0 
1 5 0.88 0.88 631.0 19.0 631.0 845.0 85.0 845.0 451.0 125.0 451.0 110.0 12.0 110.0 208.0 77.0 208.0 
1 2 0.34 0.34 462.0 145.0 462.0 649.0 20.0 649.0 
1 3 0.64 0.64 462.0 145.0 462.0 649.0 20.0 649.0 970.0 292.0 970.0 
1 2 0.68 0.68 748.0 286.0 748.0 57.0 17.0 57.0 
1 3 0.97 0.97 748.0 286.0 748.0 57.0 17.0 57.0 929.0 270.0 929.0 
1 2 0.74 0.74 765.0 407.0 765.0 698.0 151.0 698.0 
1 3 0.76 0.76 765.0 407.0 765.0 698.0 151.0 698.0 482.0 7.0 482.0 
1 2 0.41 0.41 449.0 43.0 449.0 952.0 300.0 952.0 
1 3 0.67 0.67 449.0 43.0 449.0 952.0 300.0 952.0 270.0 70.0 270.0 
1 4 0.95 0.95 449.0 43.0 449.0 952.0 300.0 952.0 270.0 70.0 270.0 787.0 227.0 787.0 
1 2 0.51 0.51 866.0 236.0 866.0 297.0 73.0 297.0 
1 3 0.95 0.95 866.0 236.0 866.0 297.0 73.0 297.0 417.0 184.0 417.0 
1 2 0.27 0.27 212.0 19.0 212.0 11.0 2.0 11.0 
1 3 0.59 0.59 212.0 19.0 212.0 11.0 2.0 11.0 560.0 182.0 560.0 
1 2 0.16 0.16 894.0 46.0 894.0 678.0 76.0 678.0 
1 3 0.46 0.46 894.0 46.0 894.0 678.0 76.0 678.0 694.0 209.0 694.0 
1 4 0.52 0.52 894.0 46.0 894.0 678.0 76.0 678.0 694.0 209.0 694.0 474.0 27.0 474.0 
1 5 0.88 0.88 894.0 46.0 894.0 678.0 76.0 678.0 694.0 209.0 694.0 474.0 27.0 474.0 509.0 183.0 509.0 
1 2 0.58 0.58 364.0 102.0 364.0 88.0 27.0 88.0 
1 3 0.75 0.75 364.0 102.0 364.0 88.0 27.0 88.0 810.0 133.0 810.0 
1 2 0.22 0.22 866.0 110.0 866.0 425.0 43.0 425.0 
1 3 0.6 0.6 866.0 110.0 866.0 425.0 43.0 425.0 746.0 284.0 746.0 
1 4 0.9 0.9 866.0 110.0 866.0 425.0 43.0 425.0 746.0 284.0 746.0 744.0 217.0 744.0 
1 2 0.65 0.65 494.0 176.0 494.0 464.0 139.0 464.0 
1 3 0.99 0.99 494.0 176.0 494.0 464.0 139.0 464.0 533.0 179.0 533.0 
1 2 0.87 0.87 542.0 280.0 542.0 14.0 5.0 14.0 
1 2 0.38 0.38 743.0 177.0 743.0 210.0 31.0 210.0 
1 3 0.59 0.59 743.0 177.0 743.0 210.0 31.0 210.0 188.0 40.0 188.0 
1 4 0.66 0.66 743.0 177.0 743.0 210.0 31.0 210.0 188.0 40.0 188.0 90.0 6.0 90.0 
1 5 0.77 0.77 743.0 177.0 743.0 210.0 31.0 210.0 188.0 40.0 188.0 90.0 6.0 90.0 401.0 44.0 401.0 
1 2 0.25 0.25 293.0 62.0 293.0 562.0 25.0 562.0 
1 3 0.64 0.64 293.0 62.0 293.0 562.0 25.0 562.0 349.0 137.0 349.0 
1 2 0.34 0.34 447.0 120.0 447.0 547.0 41.0 547.0 
1 3 0.81 0.81 447.0 120.0 447.0 547.0 41.0 547.0 168.0 80.0 168.0 
1 4 0.95 0.95 447.0 120.0 447.0 547.0 41.0 547.0 168.0 80.0 168.0 502.0 67.0 502.0 
1 2 0.61 0.61 310.0 126.0 310.0 324.0 69.0 324.0 
1 3 0.63 0.63 310.0 126.0 310.0 324.0 69.0 324.0 500.0 8.0 500.0 
1 4 0.9 0.9 310.0 126.0 310.0 324.0 69.0 324.0 500.0 8.0 500.0 799.0 213.0 799.0 
1 5 0.97 0.97 310.0 126.0 310.0 324.0 69.0 324.0 500.0 8.0 500.0 799.0 213.0 799.0 189.0 13.0 189.0 
1 2 0.44 0.44 628.0 227.0 628.0 779.0 68.0 779.0 
1 3 0.67 0.67 628.0 227.0 628.0 779.0 68.0 779.0 708.0 160.0 708.0 
1 2 0.47 0.47 425.0 146.0 425.0 464.0 62.0 464.0 
1 3 0.62 0.62 425.0 146.0 425.0 464.0 62.0 464.0 179.0 27.0 179.0 
1 4 0.94 0.94 425.0 146.0 425.0 464.0 62.0 464.0 179.0 27.0 179.0 169.0 54.0 169.0 
1 2 0.49 0.49 982.0 22.0 982.0 419.0 196.0 419.0 
1 3 0.58 0.58 982.0 22.0 982.0 419.0 196.0 419.0 517.0 49.0 517.0 
1 4 0.85 0.85 982.0 22.0 982.0 419.0 196.0 419.0 517.0 49.0 517.0 520.0 140.0 520.0 
1 5 0.85 0.85 982.0 22.0 982.0 419.0 196.0 419.0 517.0 49.0 517.0 520.0 140.0 520.0 805.0 4.0 805.0 
1 2 0.57 0.57 283.0 113.0 283.0 470.0 83.0 470.0 
1 2 0.7 0.7 848.0 375.0 848.0 407.0 108.0 407.0 
1 2 0.53 0.53 362.0 142.0 362.0 490.0 70.0 490.0 
1 3 0.88 0.88 362.0 142.0 362.0 490.0 70.0 490.0 769.0 268.0 769.0 
1 2 0.83 0.83 611.0 251.0 611.0 860.0 366.0 860.0 
1 2 0.45 0.45 758.0 288.0 758.0 66.0 5.0 66.0 
1 3 0.57 0.57 758.0 288.0 758.0 66.0 5.0 66.0 469.0 56.0 469.0 
1 4 0.75 0.75 758.0 288.0 758.0 66.0 5.0 66.0 469.0 56.0 469.0 875.0 157.0 875.0 
1 2 0.82 0.82 575.0 442.0 575.0 338.0 18.0 338.0 
1 2 0.8 0.8 462.0 199.0 462.0 519.0 192.0 519.0 
1 2 0.3 0.3 459.0 138.0 459.0 892.0 6.0 892.0 
1 3 0.38 0.38 459.0 138.0 459.0 892.0 6.0 892.0 406.0 31.0 406.0 
1 4 0.55 0.55 459.0 138.0 459.0 892.0 6.0 892.0 406.0 31.0 406.0 66.0 11.0 66.0 
1 2 0.19 0.19 285.0 46.0 285.0 732.0 21.0 732.0 
1 3 0.68 0.68 285.0 46.0 285.0 732.0 21.0 732.0 173.0 85.0 173.0 
1 2 0.81 0.81 144.0 55.0 144.0 940.0 406.0 940.0 
1 2 0.58 0.58 777.0 160.0 777.0 309.0 118.0 309.0 
1 2 0.5 0.5 815.0 384.0 815.0 213.0 7.0 213.0 
1 2 0.57 0.57 732.0 212.0 732.0 66.0 19.0 66.0 
1 3 0.68 0.68 732.0 212.0 732.0 66.0 19.0 66.0 876.0 93.0 876.0 
1 4 0.69 0.69 732.0 212.0 732.0 66.0 19.0 66.0 876.0 93.0 876.0 185.0 2.0 185.0 
1 5 0.82 0.82 732.0 212.0 732.0 66.0 19.0 66.0 876.0 93.0 876.0 185.0 2.0 185.0 275.0 36.0 275.0 
1 6 0.97 0.97 732.0 212.0 732.0 66.0 19.0 66.0 876.0 93.0 876.0 185.0 2.0 185.0 275.0 36.0 275.0 547.0 82.0 547.0 
1 2 0.94 0.94 619.0 286.0 619.0 630.0 306.0 630.0 
1 2 0.45 0.45 568.0 33.0 568.0 314.0 126.0 314.0 
1 2 0.61 0.61 447.0 55.0 447.0 960.0 471.0 960.0 
1 3 0.68 0.68 447.0 55.0 447.0 960.0 471.0 960.0 399.0 27.0 399.0 
1 2 0.87 0.87 852.0 331.0 852.0 883.0 431.0 883.0 
1 3 0.9 0.9 852.0 331.0 852.0 883.0 431.0 883.0 794.0 24.0 794.0 
1 2 0.8 0.8 351.0 120.0 351.0 463.0 214.0 463.0 
1 2 0.52 0.52 957.0 101.0 957.0 545.0 227.0 545.0 
1 3 0.87 0.87 957.0 101.0 957.0 545.0 227.0 545.0 130.0 46.0 130.0 
1 2 0.18 0.18 386.0 2.0 386.0 184.0 34.0 184.0 
1 3 0.46 0.46 386.0 2.0 386.0 184.0 34.0 184.0 730.0 203.0 730.0 
1 4 0.89 0.89 386.0 2.0 386.0 184.0 34.0 184.0 730.0 203.0 730.0 353.0 152.0 353.0 
1 2 0.45 0.45 942.0 107.0 942.0 914.0 309.0 914.0 
1 3 0.88 0.88 942.0 107.0 942.0 914.0 309.0 914.0 7.0 3.0 7.0 
1 2 0.7 0.7 461.0 207.0 461.0 110.0 28.0 110.0 
1 3 0.91 0.91 461.0 207.0 461.0 110.0 28.0 110.0 167.0 36.0 167.0 
1 2 0.48 0.48 225.0 45.0 225.0 53.0 15.0 53.0 
1 3 0.52 0.52 225.0 45.0 225.0 53.0 15.0 53.0 643.0 26.0 643.0 
1 4 0.69 0.69 225.0 45.0 225.0 53.0 15.0 53.0 643.0 26.0 643.0 378.0 65.0 378.0 
1 2 0.49 0.49 589.0 116.0 589.0 254.0 75.0 254.0 
1 3 0.65 0.65 589.0 116.0 589.0 254.0 75.0 254.0 206.0 33.0 206.0 
1 2 0.46 0.46 771.0 87.0 771.0 788.0 278.0 788.0 
1 3 0.71 0.71 771.0 87.0 771.0 788.0 278.0 788.0 249.0 61.0 249.0 
1 4 0.99 0.99 771.0 87.0 771.0 788.0 278.0 788.0 249.0 61.0 249.0 332.0 94.0 332.0 
1 2 0.52 0.52 28.0 12.0 28.0 710.0 68.0 710.0 
1 3 0.72 0.72 28.0 12.0 28.0 710.0 68.0 710.0 970.0 196.0 970.0 
1 2 0.69 0.69 784.0 343.0 784.0 753.0 194.0 753.0 
1 3 0.8 0.8 784.0 343.0 784.0 753.0 194.0 753.0 540.0 57.0 540.0 
1 2 0.26 0.26 4.0 1.0 4.0 749.0 14.0 749.0 
1 3 0.56 0.56 4.0 1.0 4.0 749.0 14.0 749.0 473.0 139.0 473.0 
1 2 0.69 0.69 571.0 278.0 571.0 111.0 23.0 111.0 
1 2 0.47 0.47 994.0 364.0 994.0 348.0 38.0 348.0 
1 3 0.94 0.94 994.0 364.0 994.0 348.0 38.0 348.0 796.0 376.0 796.0 
1 2 0.26 0.26 293.0 32.0 293.0 455.0 71.0 455.0 
1 3 0.58 0.58 293.0 32.0 293.0 455.0 71.0 455.0 912.0 293.0 912.0 
1 4 0.65 0.65 293.0 32.0 293.0 455.0 71.0 455.0 912.0 293.0 912.0 987.0 68.0 987.0 
1 5 0.72 0.72 293.0 32.0 293.0 455.0 71.0 455.0 912.0 293.0 912.0 987.0 68.0 987.0 451.0 30.0 451.0 
1 2 0.19 0.19 300.0 1.0 300.0 758.0 145.0 758.0 
1 3 0.45 0.45 300.0 1.0 300.0 758.0 145.0 758.0 494.0 131.0 494.0 
1 4 0.69 0.69 300.0 1.0 300.0 758.0 145.0 758.0 494.0 131.0 494.0 930.0 222.0 930.0 
1 5 0.77 0.77 300.0 1.0 300.0 758.0 145.0 758.0 494.0 131.0 494.0 930.0 222.0 930.0 776.0 63.0 776.0 
1 6 0.99 0.99 300.0 1.0 300.0 758.0 145.0 758.0 494.0 131.0 494.0 930.0 222.0 930.0 776.0 63.0 776.0 173.0 37.0 173.0 
1 2 0.33 0.33 392.0 6.0 392.0 839.0 268.0 839.0 
1 3 0.45 0.45 392.0 6.0 392.0 839.0 268.0 839.0 339.0 41.0 339.0 
1 4 0.92 0.92 392.0 6.0 392.0 839.0 268.0 839.0 339.0 41.0 339.0 391.0 185.0 391.0 
1 2 0.53 0.53 872.0 35.0 872.0 359.0 178.0 359.0 
1 3 0.97 0.97 872.0 35.0 872.0 359.0 178.0 359.0 182.0 79.0 182.0 
1 2 0.94 0.94 770.0 350.0 770.0 360.0 178.0 360.0 
1 2 0.51 0.51 291.0 62.0 291.0 47.0 14.0 47.0 
1 3 0.67 0.67 291.0 62.0 291.0 47.0 14.0 47.0 595.0 98.0 595.0 
1 4 0.99 0.99 291.0 62.0 291.0 47.0 14.0 47.0 595.0 98.0 595.0 190.0 61.0 190.0 
1 2 0.69 0.69 632.0 154.0 632.0 969.0 434.0 969.0 
1 3 0.81 0.81 632.0 154.0 632.0 969.0 434.0 969.0 188.0 24.0 188.0 
1 2 0.91 0.91 874.0 388.0 874.0 49.0 23.0 49.0 
1 2 0.47 0.47 696.0 119.0 696.0 590.0 181.0 590.0 
1 3 0.71 0.71 696.0 119.0 696.0 590.0 181.0 590.0 707.0 165.0 707.0 
1 4 0.82 0.82 696.0 119.0 696.0 590.0 181.0 590.0 707.0 165.0 707.0 357.0 40.0 357.0 
1 5 0.99 0.99 696.0 119.0 696.0 590.0 181.0 590.0 707.0 165.0 707.0 357.0 40.0 357.0 966.0 165.0 966.0 
1 2 0.51 0.51 794.0 302.0 794.0 577.0 76.0 577.0 
1 3 0.82 0.82 794.0 302.0 794.0 577.0 76.0 577.0 352.0 109.0 352.0 
1 4 0.97 0.97 794.0 302.0 794.0 577.0 76.0 577.0 352.0 109.0 352.0 404.0 60.0 404.0 
1 2 0.26 0.26 810.0 152.0 810.0 995.0 75.0 995.0 
1 3 0.3 0.3 810.0 152.0 810.0 995.0 75.0 995.0 699.0 32.0 699.0 
1 4 0.7 0.7 810.0 152.0 810.0 995.0 75.0 995.0 699.0 32.0 699.0 499.0 196.0 499.0 
1 2 0.24 0.24 290.0 67.0 290.0 140.0 2.0 140.0 
1 3 0.64 0.64 290.0 67.0 290.0 140.0 2.0 140.0 321.0 129.0 321.0 
1 2 0.46 0.46 655.0 203.0 655.0 211.0 33.0 211.0 
1 3 0.49 0.49 655.0 203.0 655.0 211.0 33.0 211.0 634.0 16.0 634.0 
1 4 0.96 0.96 655.0 203.0 655.0 211.0 33.0 211.0 634.0 16.0 634.0 552.0 262.0 552.0 
1 2 0.83 0.83 904.0 391.0 904.0 665.0 270.0 665.0 
1 2 0.46 0.46 145.0 62.0 145.0 343.0 14.0 343.0 
1 3 0.83 0.83 145.0 62.0 145.0 343.0 14.0 343.0 488.0 180.0 488.0 
1 2 0.13 0.13 665.0 9.0 665.0 996.0 123.0 996.0 
1 3 0.43 0.43 665.0 9.0 665.0 996.0 123.0 996.0 228.0 69.0 228.0 
1 4 0.84 0.84 665.0 9.0 665.0 996.0 123.0 996.0 228.0 69.0 228.0 547.0 223.0 547.0 
1 2 0.45 0.45 404.0 40.0 404.0 165.0 59.0 165.0 
1 2 0.3 0.3 149.0 37.0 149.0 240.0 13.0 240.0 
1 3 0.39 0.39 149.0 37.0 149.0 240.0 13.0 240.0 366.0 33.0 366.0 
1 4 0.44 0.44 149.0 37.0 149.0 240.0 13.0 240.0 366.0 33.0 366.0 747.0 42.0 747.0 
1 5 0.53 0.53 149.0 37.0 149.0 240.0 13.0 240.0 366.0 33.0 366.0 747.0 42.0 747.0 718.0 60.0 718.0 
1 6 0.92 0.92 149.0 37.0 149.0 240.0 13.0 240.0 366.0 33.0 366.0 747.0 42.0 747.0 718.0 60.0 718.0 509.0 199.0 509.0 
1 2 0.58 0.58 356.0 162.0 356.0 405.0 53.0 405.0 
1 3 0.81 0.81 356.0 162.0 356.0 405.0 53.0 405.0 58.0 13.0 58.0 
1 2 0.66 0.66 423.0 206.0 423.0 129.0 23.0 129.0 
1 2 0.53 0.53 544.0 199.0 544.0 293.0 50.0 293.0 
1 3 0.75 0.75 544.0 199.0 544.0 293.0 50.0 293.0 615.0 133.0 615.0 
1 2 0.28 0.28 230.0 3.0 230.0 657.0 176.0 657.0 
1 3 0.65 0.65 230.0 3.0 230.0 657.0 176.0 657.0 441.0 166.0 441.0 
1 4 0.86 0.86 230.0 3.0 230.0 657.0 176.0 657.0 441.0 166.0 441.0 108.0 22.0 108.0 
1 5 0.88 0.88 230.0 3.0 230.0 657.0 176.0 657.0 441.0 166.0 441.0 108.0 22.0 108.0 654.0 17.0 654.0 
1 2 0.84 0.84 617.0 262.0 617.0 951.0 404.0 951.0 
1 2 0.47 0.47 230.0 53.0 230.0 107.0 26.0 107.0 
1 3 0.64 0.64 230.0 53.0 230.0 107.0 26.0 107.0 736.0 124.0 736.0 
1 4 0.8 0.8 230.0 53.0 230.0 107.0 26.0 107.0 736.0 124.0 736.0 495.0 81.0 495.0 
1 2 0.56 0.56 374.0 126.0 374.0 238.0 54.0 238.0 
1 2 0.16 0.16 127.0 14.0 127.0 956.0 49.0 956.0 
1 3 0.47 0.47 127.0 14.0 127.0 956.0 49.0 956.0 582.0 183.0 582.0 
1 4 0.97 0.97 127.0 14.0 127.0 956.0 49.0 956.0 582.0 183.0 582.0 431.0 213.0 431.0 
1 2 0.87 0.87 320.0 48.0 320.0 739.0 538.0 739.0 
1 2 0.35 0.35 819.0 80.0 819.0 296.0 75.0 296.0 
1 3 0.78 0.78 819.0 80.0 819.0 296.0 75.0 296.0 78.0 34.0 78.0 
1 4 0.82 0.82 819.0 80.0 819.0 296.0 75.0 296.0 78.0 34.0 78.0 124.0 5.0 124.0 
1 2 0.74 0.74 94.0 25.0 94.0 775.0 373.0 775.0 
1 3 0.8 0.8 94.0 25.0 94.0 775.0 373.0 775.0 300.0 18.0 300.0 
1 4 0.93 0.93 94.0 25.0 94.0 775.0 373.0 775.0 300.0 18.0 300.0 937.0 119.0 937.0 
1 2 0.18 0.18 497.0 54.0 497.0 471.0 38.0 471.0 
1 3 0.6 0.6 497.0 54.0 497.0 471.0 38.0 471.0 222.0 93.0 222.0 
1 4 0.99 0.99 497.0 54.0 497.0 471.0 38.0 471.0 222.0 93.0 222.0 263.0 102.0 263.0 
1 2 0.91 0.91 727.0 362.0 727.0 675.0 284.0 675.0 
1 2 0.38 0.38 198.0 43.0 198.0 935.0 160.0 935.0 
1 3 0.42 0.42 198.0 43.0 198.0 935.0 160.0 935.0 814.0 31.0 814.0 
1 2 0.61 0.61 263.0 73.0 263.0 766.0 262.0 766.0 
1 3 0.71 0.71 263.0 73.0 263.0 766.0 262.0 766.0 290.0 29.0 290.0 
1 4 0.86 0.86 263.0 73.0 263.0 766.0 262.0 766.0 290.0 29.0 290.0 906.0 135.0 906.0 
1 2 0.51 0.51 75.0 36.0 75.0 635.0 21.0 635.0 
1 3 0.52 0.52 75.0 36.0 75.0 635.0 21.0 635.0 292.0 4.0 292.0 
1 4 0.78 0.78 75.0 36.0 75.0 635.0 21.0 635.0 292.0 4.0 292.0 141.0 37.0 141.0 
1 2 0.88 0.88 56.0 25.0 56.0 985.0 435.0 985.0 
1 2 0.57 0.57 956.0 309.0 956.0 810.0 202.0 810.0 
1 3 0.73 0.73 956.0 309.0 956.0 810.0 202.0 810.0 364.0 59.0 364.0 
1 2 0.63 0.63 414.0 231.0 414.0 74.0 6.0 74.0 
1 2 0.67 0.67 381.0 125.0 381.0 294.0 101.0 294.0 
1 2 0.36 0.36 313.0 42.0 313.0 461.0 108.0 461.0 
1 3 0.64 0.64 313.0 42.0 313.0 461.0 108.0 461.0 534.0 150.0 534.0 
1 2 0.44 0.44 925.0 99.0 925.0 150.0 51.0 150.0 
1 3 0.91 0.91 925.0 99.0 925.0 150.0 51.0 150.0 220.0 103.0 220.0 
1 2 0.58 0.58 626.0 182.0 626.0 433.0 129.0 433.0 
1 3 0.65 0.65 626.0 182.0 626.0 433.0 129.0 433.0 172.0 12.0 172.0 
1 4 0.84 0.84 626.0 182.0 626.0 433.0 129.0 433.0 172.0 12.0 172.0 526.0 99.0 526.0 
1 2 0.8 0.8 517.0 249.0 517.0 712.0 227.0 712.0 
1 3 0.87 0.87 517.0 249.0 517.0 712.0 227.0 712.0 401.0 30.0 401.0 
1 2 0.99 0.99 89.0 48.0 89.0 406.0 187.0 406.0 
1 2 0.5 0.5 985.0 365.0 985.0 651.0 85.0 651.0 
1 3 0.76 0.76 985.0 365.0 985.0 651.0 85.0 651.0 964.0 255.0 964.0 
1 4 0.82 0.82 985.0 365.0 985.0 651.0 85.0 651.0 964.0 255.0 964.0 472.0 26.0 472.0 
1 5 0.91 0.91 985.0 365.0 985.0 651.0 85.0 651.0 964.0 255.0 964.0 472.0 26.0 472.0 598.0 56.0 598.0 
1 2 0.17 0.17 162.0 7.0 162.0 833.0 113.0 833.0 
1 3 0.18 0.18 162.0 7.0 162.0 833.0 113.0 833.0 850.0 5.0 850.0 
1 4 0.55 0.55 162.0 7.0 162.0 833.0 113.0 833.0 850.0 5.0 850.0 54.0 20.0 54.0 
1 5 0.67 0.67 162.0 7.0 162.0 833.0 113.0 833.0 850.0 5.0 850.0 54.0 20.0 54.0 255.0 31.0 255.0 
1 2 0.44 0.44 68.0 29.0 68.0 272.0 6.0 272.0 
1 3 0.79 0.79 68.0 29.0 68.0 272.0 6.0 272.0 434.0 149.0 434.0 
1 2 0.57 0.57 25.0 4.0 25.0 308.0 128.0 308.0 
1 3 0.68 0.68 25.0 4.0 25.0 308.0 128.0 308.0 385.0 41.0 385.0 
1 4 0.75 0.75 25.0 4.0 25.0 308.0 128.0 308.0 385.0 41.0 385.0 410.0 29.0 410.0 
1 2 0.54 0.54 232.0 70.0 232.0 619.0 149.0 619.0 
1 3 0.61 0.61 232.0 70.0 232.0 619.0 149.0 619.0 763.0 53.0 763.0 
1 4 0.77 0.77 232.0 70.0 232.0 619.0 149.0 619.0 763.0 53.0 763.0 263.0 44.0 263.0 
1 2 0.6 0.6 319.0 193.0 319.0 622.0 2.0 622.0 
1 3 0.92 0.92 319.0 193.0 319.0 622.0 2.0 622.0 200.0 63.0 200.0 
1 2 0.41 0.41 803.0 171.0 803.0 654.0 133.0 654.0 
1 3 0.86 0.86 803.0 171.0 803.0 654.0 133.0 654.0 67.0 30.0 67.0 
1 2 0.55 0.55 835.0 97.0 835.0 396.0 173.0 396.0 
1 3 0.76 0.76 835.0 97.0 835.0 396.0 173.0 396.0 228.0 49.0 228.0 
1 4 0.97 0.97 835.0 97.0 835.0 396.0 173.0 396.0 228.0 49.0 228.0 109.0 23.0 109.0 
1 2 0.85 0.85 411.0 165.0 411.0 341.0 156.0 341.0 
1 2 0.54 0.54 781.0 170.0 781.0 679.0 223.0 679.0 
1 3 0.91 0.91 781.0 170.0 781.0 679.0 223.0 679.0 966.0 354.0 966.0 
1 2 0.6 0.6 852.0 193.0 852.0 184.0 69.0 184.0 
1 3 0.99 0.99 852.0 193.0 852.0 184.0 69.0 184.0 66.0 26.0 66.0 
1 2 0.46 0.46 345.0 83.0 345.0 113.0 25.0 113.0 
1 3 0.8 0.8 345.0 83.0 345.0 113.0 25.0 113.0 803.0 274.0 803.0 
1 4 0.97 0.97 345.0 83.0 345.0 113.0 25.0 113.0 803.0 274.0 803.0 343.0 58.0 343.0 
1 2 0.49 0.49 715.0 335.0 715.0 377.0 9.0 377.0 
1 3 0.7 0.7 715.0 335.0 715.0 377.0 9.0 377.0 702.0 147.0 702.0 
1 2 0.56 0.56 157.0 18.0 157.0 84.0 38.0 84.0 
1 2 0.57 0.57 786.0 168.0 786.0 887.0 320.0 887.0 
1 3 0.74 0.74 786.0 168.0 786.0 887.0 320.0 887.0 868.0 144.0 868.0 
1 4 0.94 0.94 786.0 168.0 786.0 887.0 320.0 887.0 868.0 144.0 868.0 165.0 34.0 165.0 
1 2 0.23 0.23 264.0 52.0 264.0 866.0 29.0 866.0 
1 3 0.99 0.99 264.0 52.0 264.0 866.0 29.0 866.0 411.0 314.0 411.0 
1 2 0.66 0.66 943.0 234.0 943.0 12.0 5.0 12.0 
1 3 0.69 0.69 943.0 234.0 943.0 12.0 5.0 12.0 74.0 2.0 74.0 
1 4 0.78 0.78 943.0 234.0 943.0 12.0 5.0 12.0 74.0 2.0 74.0 629.0 58.0 629.0 
1 5 0.85 0.85 943.0 234.0 943.0 12.0 5.0 12.0 74.0 2.0 74.0 629.0 58.0 629.0 655.0 49.0 655.0 
1 6 0.87 0.87 943.0 234.0 943.0 12.0 5.0 12.0 74.0 2.0 74.0 629.0 58.0 629.0 655.0 49.0 655.0 469.0 8.0 469.0 
1 7 0.99 0.99 943.0 234.0 943.0 12.0 5.0 12.0 74.0 2.0 74.0 629.0 58.0 629.0 655.0 49.0 655.0 469.0 8.0 469.0 555.0 68.0 555.0 
1 2 0.07 0.07 879.0 56.0 879.0 584.0 7.0 584.0 
1 3 0.26 0.26 879.0 56.0 879.0 584.0 7.0 584.0 235.0 45.0 235.0 
1 4 0.74 0.74 879.0 56.0 879.0 584.0 7.0 584.0 235.0 45.0 235.0 928.0 447.0 928.0 
1 5 0.88 0.88 879.0 56.0 879.0 584.0 7.0 584.0 235.0 45.0 235.0 928.0 447.0 928.0 94.0 13.0 94.0 
1 2 0.83 0.83 96.0 43.0 96.0 34.0 13.0 34.0 
1 2 0.8 0.8 194.0 91.0 194.0 648.0 218.0 648.0 
1 2 0.29 0.29 418.0 108.0 418.0 27.0 1.0 27.0 
1 3 0.39 0.39 418.0 108.0 418.0 27.0 1.0 27.0 528.0 54.0 528.0 
1 4 0.81 0.81 418.0 108.0 418.0 27.0 1.0 27.0 528.0 54.0 528.0 835.0 347.0 835.0 
1 2 0.39 0.39 808.0 129.0 808.0 42.0 10.0 42.0 
1 3 0.7 0.7 808.0 129.0 808.0 42.0 10.0 42.0 428.0 130.0 428.0 
1 4 0.93 0.93 808.0 129.0 808.0 42.0 10.0 42.0 428.0 130.0 428.0 719.0 169.0 719.0 
1 2 0.72 0.72 538.0 251.0 538.0 853.0 221.0 853.0 
1 2 0.56 0.56 654.0 75.0 654.0 917.0 416.0 917.0 
1 3 0.69 0.69 654.0 75.0 654.0 917.0 416.0 917.0 594.0 78.0 594.0 
1 4 0.88 0.88 654.0 75.0 654.0 917.0 416.0 917.0 594.0 78.0 594.0 352.0 66.0 352.0 
1 2 0.87 0.87 336.0 137.0 336.0 56.0 26.0 56.0 
1 2 0.55 0.55 26.0 4.0 26.0 50.0 20.0 50.0 
1 3 0.77 0.77 26.0 4.0 26.0 50.0 20.0 50.0 391.0 86.0 391.0 
1 4 0.97 0.97 26.0 4.0 26.0 50.0 20.0 50.0 391.0 86.0 391.0 34.0 7.0 34.0 
1 2 0.61 0.61 752.0 271.0 752.0 735.0 190.0 735.0 
1 3 0.89 0.89 752.0 271.0 752.0 735.0 190.0 735.0 630.0 171.0 630.0 
1 2 0.45 0.45 46.0 1.0 46.0 358.0 155.0 358.0 
1 3 0.62 0.62 46.0 1.0 46.0 358.0 155.0 358.0 827.0 144.0 827.0 
1 4 0.75 0.75 46.0 1.0 46.0 358.0 155.0 358.0 827.0 144.0 827.0 508.0 62.0 508.0 
1 2 0.77 0.77 764.0 15.0 764.0 860.0 647.0 860.0 
1 2 0.65 0.65 261.0 102.0 261.0 627.0 164.0 627.0 
1 3 0.71 0.71 261.0 102.0 261.0 627.0 164.0 627.0 564.0 34.0 564.0 
1 2 0.95 0.95 117.0 56.0 117.0 116.0 55.0 116.0 
1 2 0.99 0.99 274.0 110.0 274.0 32.0 19.0 32.0 
1 2 0.43 0.43 133.0 21.0 133.0 914.0 252.0 914.0 
1 3 0.44 0.44 133.0 21.0 133.0 914.0 252.0 914.0 431.0 4.0 431.0 
1 4 0.78 0.78 133.0 21.0 133.0 914.0 252.0 914.0 431.0 4.0 431.0 535.0 183.0 535.0 
1 2 0.83 0.83 898.0 297.0 898.0 6.0 3.0 6.0 
1 2 0.39 0.39 469.0 143.0 469.0 515.0 46.0 515.0 
1 3 0.43 0.43 469.0 143.0 469.0 515.0 46.0 515.0 50.0 2.0 50.0 
1 4 0.84 0.84 469.0 143.0 469.0 515.0 46.0 515.0 50.0 2.0 50.0 137.0 56.0 137.0 
1 2 0.98 0.98 856.0 604.0 856.0 148.0 41.0 148.0 
1 2 0.36 0.36 360.0 124.0 360.0 590.0 14.0 590.0 
1 3 0.83 0.83 360.0 124.0 360.0 590.0 14.0 590.0 596.0 281.0 596.0 
1 2 0.74 0.74 554.0 247.0 554.0 397.0 118.0 397.0 
1 2 0.72 0.72 375.0 175.0 375.0 81.0 21.0 81.0 
1 2 0.23 0.23 675.0 76.0 675.0 337.0 42.0 337.0 
1 3 0.79 0.79 675.0 76.0 675.0 337.0 42.0 337.0 535.0 298.0 535.0 
1 2 0.5 0.5 599.0 225.0 599.0 614.0 82.0 614.0 
1 3 0.66 0.66 599.0 225.0 599.0 614.0 82.0 614.0 436.0 70.0 436.0 
1 4 0.85 0.85 599.0 225.0 599.0 614.0 82.0 614.0 436.0 70.0 436.0 739.0 135.0 739.0 
1 5 0.91 0.91 599.0 225.0 599.0 614.0 82.0 614.0 436.0 70.0 436.0 739.0 135.0 739.0 471.0 29.0 471.0 
1 2 0.31 0.31 520.0 27.0 520.0 217.0 58.0 217.0 
1 3 0.49 0.49 520.0 27.0 520.0 217.0 58.0 217.0 62.0 11.0 62.0 
1 4 0.92 0.92 520.0 27.0 520.0 217.0 58.0 217.0 62.0 11.0 62.0 481.0 206.0 481.0 
1 2 0.74 0.74 298.0 142.0 298.0 97.0 26.0 97.0 
1 2 0.49 0.49 147.0 56.0 147.0 383.0 44.0 383.0 
1 3 0.89 0.89 147.0 56.0 147.0 383.0 44.0 383.0 87.0 35.0 87.0 
1 2 0.03 0.03 977.0 6.0 977.0 398.0 11.0 398.0 
1 3 0.71 0.71 977.0 6.0 977.0 398.0 11.0 398.0 288.0 195.0 288.0 
1 4 0.89 0.89 977.0 6.0 977.0 398.0 11.0 398.0 288.0 195.0 288.0 942.0 174.0 942.0 
1 5 0.95 0.95 977.0 6.0 977.0 398.0 11.0 398.0 288.0 195.0 288.0 942.0 174.0 942.0 851.0 48.0 851.0 
1 2 0.79 0.79 516.0 102.0 516.0 5.0 3.0 5.0 
1 2 0.6 0.6 348.0 157.0 348.0 361.0 55.0 361.0 
1 2 0.74 0.74 79.0 20.0 79.0 921.0 453.0 921.0 
1 3 0.87 0.87 79.0 20.0 79.0 921.0 453.0 921.0 512.0 68.0 512.0 
1 2 0.81 0.81 418.0 47.0 418.0 824.0 581.0 824.0 
1 2 0.31 0.31 171.0 38.0 171.0 75.0 7.0 75.0 
1 3 0.39 0.39 171.0 38.0 171.0 75.0 7.0 75.0 53.0 4.0 53.0 
1 4 0.78 0.78 171.0 38.0 171.0 75.0 7.0 75.0 53.0 4.0 53.0 732.0 286.0 732.0 
1 5 0.96 0.96 171.0 38.0 171.0 75.0 7.0 75.0 53.0 4.0 53.0 732.0 286.0 732.0 942.0 170.0 942.0 
1 2 0.66 0.66 86.0 33.0 86.0 991.0 278.0 991.0 
1 3 0.78 0.78 86.0 33.0 86.0 991.0 278.0 991.0 257.0 30.0 257.0 
1 2 0.73 0.73 234.0 86.0 234.0 868.0 318.0 868.0 
1 3 0.96 0.96 234.0 86.0 234.0 868.0 318.0 868.0 208.0 48.0 208.0 
1 2 0.55 0.55 980.0 336.0 980.0 863.0 186.0 863.0 
1 3 0.69 0.69 980.0 336.0 980.0 863.0 186.0 863.0 78.0 11.0 78.0 
1 4 0.95 0.95 980.0 336.0 980.0 863.0 186.0 863.0 78.0 11.0 78.0 71.0 18.0 71.0 
1 2 0.1 0.1 22.0 1.0 22.0 793.0 48.0 793.0 
1 3 0.29 0.29 22.0 1.0 22.0 793.0 48.0 793.0 737.0 142.0 737.0 
1 4 0.33 0.33 22.0 1.0 22.0 793.0 48.0 793.0 737.0 142.0 737.0 327.0 13.0 327.0 
1 5 0.37 0.37 22.0 1.0 22.0 793.0 48.0 793.0 737.0 142.0 737.0 327.0 13.0 327.0 881.0 29.0 881.0 
1 6 0.74 0.74 22.0 1.0 22.0 793.0 48.0 793.0 737.0 142.0 737.0 327.0 13.0 327.0 881.0 29.0 881.0 423.0 159.0 423.0 
1 7 0.9 0.9 22.0 1.0 22.0 793.0 48.0 793.0 737.0 142.0 737.0 327.0 13.0 327.0 881.0 29.0 881.0 423.0 159.0 423.0 99.0 16.0 99.0 
1 2 0.66 0.66 579.0 223.0 579.0 562.0 155.0 562.0 
1 2 0.67 0.67 69.0 19.0 69.0 210.0 84.0 210.0 
1 2 0.48 0.48 471.0 125.0 471.0 183.0 40.0 183.0 
1 3 0.86 0.86 471.0 125.0 471.0 183.0 40.0 183.0 395.0 152.0 395.0 
1 2 0.28 0.28 495.0 39.0 495.0 684.0 140.0 684.0 
1 3 0.64 0.64 495.0 39.0 495.0 684.0 140.0 684.0 134.0 49.0 134.0 
1 2 0.93 0.93 900.0 418.0 900.0 152.0 72.0 152.0 
1 2 0.37 0.37 45.0 15.0 45.0 413.0 17.0 413.0 
1 3 0.59 0.59 45.0 15.0 45.0 413.0 17.0 413.0 60.0 13.0 60.0 
1 4 0.98 0.98 45.0 15.0 45.0 413.0 17.0 413.0 60.0 13.0 60.0 886.0 352.0 886.0 
1 2 0.89 0.89 880.0 404.0 880.0 409.0 177.0 409.0 
1 2 0.85 0.85 127.0 14.0 127.0 78.0 58.0 78.0 
1 3 0.88 0.88 127.0 14.0 127.0 78.0 58.0 78.0 468.0 13.0 468.0 
1 2 0.3 0.3 407.0 41.0 407.0 102.0 21.0 102.0 
1 3 0.65 0.65 407.0 41.0 407.0 102.0 21.0 102.0 409.0 144.0 409.0 
1 4 0.69 0.69 407.0 41.0 407.0 102.0 21.0 102.0 409.0 144.0 409.0 755.0 24.0 755.0 
1 5 0.8 0.8 407.0 41.0 407.0 102.0 21.0 102.0 409.0 144.0 409.0 755.0 24.0 755.0 539.0 60.0 539.0 
1 2 0.34 0.34 193.0 1.0 193.0 753.0 255.0 753.0 
1 3 0.42 0.42 193.0 1.0 193.0 753.0 255.0 753.0 360.0 31.0 360.0 
1 4 0.89 0.89 193.0 1.0 193.0 753.0 255.0 753.0 360.0 31.0 360.0 170.0 79.0 170.0 
1 2 0.41 0.41 150.0 32.0 150.0 66.0 13.0 66.0 
1 3 0.68 0.68 150.0 32.0 150.0 66.0 13.0 66.0 660.0 180.0 660.0 
1 4 0.7 0.7 150.0 32.0 150.0 66.0 13.0 66.0 660.0 180.0 660.0 653.0 14.0 653.0 
1 5 0.88 0.88 150.0 32.0 150.0 66.0 13.0 66.0 660.0 180.0 660.0 653.0 14.0 653.0 325.0 59.0 325.0 
1 2 0.8 0.8 441.0 194.0 441.0 905.0 331.0 905.0 
1 2 0.58 0.58 421.0 84.0 421.0 487.0 188.0 487.0 
1 3 0.98 0.98 421.0 84.0 421.0 487.0 188.0 487.0 947.0 378.0 947.0 
1 2 0.47 0.47 707.0 94.0 707.0 917.0 315.0 917.0 
1 3 0.54 0.54 707.0 94.0 707.0 917.0 315.0 917.0 463.0 32.0 463.0 
1 2 0.72 0.72 520.0 197.0 520.0 165.0 57.0 165.0 
1 2 0.66 0.66 512.0 173.0 512.0 739.0 240.0 739.0 
1 2 0.41 0.41 314.0 62.0 314.0 394.0 85.0 394.0 
1 3 0.6 0.6 314.0 62.0 314.0 394.0 85.0 394.0 907.0 172.0 907.0 
1 4 0.92 0.92 314.0 62.0 314.0 394.0 85.0 394.0 907.0 172.0 907.0 242.0 77.0 242.0 
1 5 0.99 0.99 314.0 62.0 314.0 394.0 85.0 394.0 907.0 172.0 907.0 242.0 77.0 242.0 934.0 73.0 934.0 
1 2 0.38 0.38 621.0 108.0 621.0 290.0 60.0 290.0 
1 3 0.86 0.86 621.0 108.0 621.0 290.0 60.0 290.0 599.0 288.0 599.0 
1 2 0.44 0.44 334.0 133.0 334.0 653.0 32.0 653.0 
1 3 0.9 0.9 334.0 133.0 334.0 653.0 32.0 653.0 358.0 165.0 358.0 
1 4 0.98 0.98 334.0 133.0 334.0 653.0 32.0 653.0 358.0 165.0 358.0 740.0 60.0 740.0 
1 2 0.41 0.41 631.0 106.0 631.0 757.0 188.0 757.0 
1 3 0.45 0.45 631.0 106.0 631.0 757.0 188.0 757.0 148.0 6.0 148.0 
1 4 0.83 0.83 631.0 106.0 631.0 757.0 188.0 757.0 148.0 6.0 148.0 682.0 260.0 682.0 
1 2 0.83 0.83 891.0 401.0 891.0 674.0 262.0 674.0 
1 3 0.88 0.88 891.0 401.0 891.0 674.0 262.0 674.0 364.0 16.0 364.0 
1 2 0.49 0.49 94.0 27.0 94.0 373.0 78.0 373.0 
1 3 0.49 0.49 94.0 27.0 94.0 373.0 78.0 373.0 814.0 2.0 814.0 
1 4 0.98 0.98 94.0 27.0 94.0 373.0 78.0 373.0 814.0 2.0 814.0 880.0 425.0 880.0 
1 2 0.55 0.55 521.0 123.0 521.0 629.0 199.0 629.0 
1 3 0.82 0.82 521.0 123.0 521.0 629.0 199.0 629.0 830.0 227.0 830.0 
1 2 0.62 0.62 997.0 236.0 997.0 768.0 298.0 768.0 
1 3 0.78 0.78 997.0 236.0 997.0 768.0 298.0 768.0 343.0 55.0 343.0 
1 2 0.09 0.09 150.0 9.0 150.0 983.0 33.0 983.0 
