2 3 0.45 0.45 609.0 160.0 609.0 232.0 7.0 232.0 830.0 135.0 830.0 
2 4 0.6 0.6 609.0 160.0 609.0 232.0 7.0 232.0 830.0 135.0 830.0 989.0 150.0 989.0 
2 5 0.76 0.76 609.0 160.0 609.0 232.0 7.0 232.0 830.0 135.0 830.0 989.0 150.0 989.0 529.0 82.0 529.0 
2 6 1.02 1.02 609.0 160.0 609.0 232.0 7.0 232.0 830.0 135.0 830.0 989.0 150.0 989.0 529.0 82.0 529.0 468.0 123.0 468.0 
2 7 1.48 1.48 609.0 160.0 609.0 232.0 7.0 232.0 830.0 135.0 830.0 989.0 150.0 989.0 529.0 82.0 529.0 468.0 123.0 468.0 278.0 127.0 278.0 
2 3 1.93 1.93 734.0 411.0 734.0 10.0 9.0 10.0 89.0 42.0 89.0 
2 3 0.72 0.72 359.0 54.0 359.0 181.0 85.0 181.0 636.0 69.0 636.0 
2 4 1.55 1.55 359.0 54.0 359.0 181.0 85.0 181.0 636.0 69.0 636.0 237.0 196.0 237.0 
2 3 0.9 0.9 442.0 104.0 442.0 137.0 7.0 137.0 524.0 324.0 524.0 
2 4 1.34 1.34 442.0 104.0 442.0 137.0 7.0 137.0 524.0 324.0 524.0 129.0 57.0 129.0 
2 3 1.67 1.67 739.0 512.0 739.0 482.0 342.0 482.0 156.0 42.0 156.0 
2 3 1.35 1.35 586.0 266.0 586.0 96.0 69.0 96.0 255.0 47.0 255.0 
2 4 1.38 1.38 586.0 266.0 586.0 96.0 69.0 96.0 255.0 47.0 255.0 626.0 17.0 626.0 
2 5 1.6 1.6 586.0 266.0 586.0 96.0 69.0 96.0 255.0 47.0 255.0 626.0 17.0 626.0 613.0 138.0 613.0 
2 6 1.63 1.63 586.0 266.0 586.0 96.0 69.0 96.0 255.0 47.0 255.0 626.0 17.0 626.0 613.0 138.0 613.0 402.0 11.0 402.0 
2 7 1.96 1.96 586.0 266.0 586.0 96.0 69.0 96.0 255.0 47.0 255.0 626.0 17.0 626.0 613.0 138.0 613.0 402.0 11.0 402.0 547.0 180.0 547.0 
2 3 1.06 1.06 106.0 29.0 106.0 829.0 82.0 829.0 628.0 434.0 628.0 
2 4 1.98 1.98 106.0 29.0 106.0 829.0 82.0 829.0 628.0 434.0 628.0 750.0 688.0 750.0 
2 3 0.5 0.5 109.0 19.0 109.0 41.0 10.0 41.0 995.0 82.0 995.0 
2 4 1.01 1.01 109.0 19.0 109.0 41.0 10.0 41.0 995.0 82.0 995.0 103.0 53.0 103.0 
2 5 1.65 1.65 109.0 19.0 109.0 41.0 10.0 41.0 995.0 82.0 995.0 103.0 53.0 103.0 462.0 295.0 462.0 
2 6 1.97 1.97 109.0 19.0 109.0 41.0 10.0 41.0 995.0 82.0 995.0 103.0 53.0 103.0 462.0 295.0 462.0 947.0 300.0 947.0 
2 3 1.01 1.01 781.0 667.0 781.0 974.0 135.0 974.0 908.0 23.0 908.0 
2 4 1.85 1.85 781.0 667.0 781.0 974.0 135.0 974.0 908.0 23.0 908.0 561.0 469.0 561.0 
2 3 0.65 0.65 793.0 9.0 793.0 163.0 79.0 163.0 519.0 81.0 519.0 
2 4 0.98 0.98 793.0 9.0 793.0 163.0 79.0 163.0 519.0 81.0 519.0 674.0 225.0 674.0 
2 5 1.02 1.02 793.0 9.0 793.0 163.0 79.0 163.0 519.0 81.0 519.0 674.0 225.0 674.0 287.0 12.0 287.0 
2 6 1.44 1.44 793.0 9.0 793.0 163.0 79.0 163.0 519.0 81.0 519.0 674.0 225.0 674.0 287.0 12.0 287.0 440.0 182.0 440.0 
2 7 1.78 1.78 793.0 9.0 793.0 163.0 79.0 163.0 519.0 81.0 519.0 674.0 225.0 674.0 287.0 12.0 287.0 440.0 182.0 440.0 153.0 53.0 153.0 
2 8 1.8 1.8 793.0 9.0 793.0 163.0 79.0 163.0 519.0 81.0 519.0 674.0 225.0 674.0 287.0 12.0 287.0 440.0 182.0 440.0 153.0 53.0 153.0 106.0 2.0 106.0 
2 3 1.93 1.93 849.0 690.0 849.0 265.0 189.0 265.0 437.0 177.0 437.0 
2 3 1.35 1.35 766.0 505.0 766.0 460.0 17.0 460.0 678.0 446.0 678.0 
2 4 1.9 1.9 766.0 505.0 766.0 460.0 17.0 460.0 678.0 446.0 678.0 137.0 75.0 137.0 
2 5 1.97 1.97 766.0 505.0 766.0 460.0 17.0 460.0 678.0 446.0 678.0 137.0 75.0 137.0 796.0 62.0 796.0 
2 3 0.88 0.88 839.0 202.0 839.0 383.0 223.0 383.0 136.0 8.0 136.0 
2 4 1.47 1.47 839.0 202.0 839.0 383.0 223.0 383.0 136.0 8.0 136.0 394.0 235.0 394.0 
2 5 1.93 1.93 839.0 202.0 839.0 383.0 223.0 383.0 136.0 8.0 136.0 394.0 235.0 394.0 322.0 146.0 322.0 
2 6 1.96 1.96 839.0 202.0 839.0 383.0 223.0 383.0 136.0 8.0 136.0 394.0 235.0 394.0 322.0 146.0 322.0 590.0 22.0 590.0 
2 3 0.72 0.72 413.0 160.0 413.0 929.0 100.0 929.0 180.0 41.0 180.0 
2 4 1.55 1.55 413.0 160.0 413.0 929.0 100.0 929.0 180.0 41.0 180.0 237.0 197.0 237.0 
2 5 1.87 1.87 413.0 160.0 413.0 929.0 100.0 929.0 180.0 41.0 180.0 237.0 197.0 237.0 643.0 205.0 643.0 
2 6 1.92 1.92 413.0 160.0 413.0 929.0 100.0 929.0 180.0 41.0 180.0 237.0 197.0 237.0 643.0 205.0 643.0 88.0 5.0 88.0 
2 3 0.95 0.95 480.0 154.0 480.0 677.0 164.0 677.0 924.0 362.0 924.0 
2 4 1.54 1.54 480.0 154.0 480.0 677.0 164.0 677.0 924.0 362.0 924.0 865.0 511.0 865.0 
2 5 1.59 1.59 480.0 154.0 480.0 677.0 164.0 677.0 924.0 362.0 924.0 865.0 511.0 865.0 60.0 3.0 60.0 
2 6 1.74 1.74 480.0 154.0 480.0 677.0 164.0 677.0 924.0 362.0 924.0 865.0 511.0 865.0 60.0 3.0 60.0 653.0 100.0 653.0 
2 3 0.64 0.64 466.0 1.0 466.0 226.0 144.0 226.0 471.0 3.0 471.0 
2 4 1.08 1.08 466.0 1.0 466.0 226.0 144.0 226.0 471.0 3.0 471.0 606.0 269.0 606.0 
2 5 1.58 1.58 466.0 1.0 466.0 226.0 144.0 226.0 471.0 3.0 471.0 606.0 269.0 606.0 4.0 2.0 4.0 
2 6 1.94 1.94 466.0 1.0 466.0 226.0 144.0 226.0 471.0 3.0 471.0 606.0 269.0 606.0 4.0 2.0 4.0 766.0 274.0 766.0 
2 3 1.42 1.42 750.0 578.0 750.0 394.0 34.0 394.0 472.0 267.0 472.0 
2 4 1.71 1.71 750.0 578.0 750.0 394.0 34.0 394.0 472.0 267.0 472.0 828.0 240.0 828.0 
2 5 1.92 1.92 750.0 578.0 750.0 394.0 34.0 394.0 472.0 267.0 472.0 828.0 240.0 828.0 630.0 136.0 630.0 
2 6 1.99 1.99 750.0 578.0 750.0 394.0 34.0 394.0 472.0 267.0 472.0 828.0 240.0 828.0 630.0 136.0 630.0 627.0 43.0 627.0 
2 3 0.81 0.81 171.0 107.0 171.0 728.0 41.0 728.0 69.0 9.0 69.0 
2 4 1.39 1.39 171.0 107.0 171.0 728.0 41.0 728.0 69.0 9.0 69.0 840.0 488.0 840.0 
2 5 1.89 1.89 171.0 107.0 171.0 728.0 41.0 728.0 69.0 9.0 69.0 840.0 488.0 840.0 453.0 228.0 453.0 
2 3 0.72 0.72 711.0 79.0 711.0 689.0 70.0 689.0 628.0 322.0 628.0 
2 4 0.73 0.73 711.0 79.0 711.0 689.0 70.0 689.0 628.0 322.0 628.0 752.0 7.0 752.0 
2 5 0.77 0.77 711.0 79.0 711.0 689.0 70.0 689.0 628.0 322.0 628.0 752.0 7.0 752.0 485.0 21.0 485.0 
2 6 0.77 0.77 711.0 79.0 711.0 689.0 70.0 689.0 628.0 322.0 628.0 752.0 7.0 752.0 485.0 21.0 485.0 920.0 1.0 920.0 
2 7 0.9 0.9 711.0 79.0 711.0 689.0 70.0 689.0 628.0 322.0 628.0 752.0 7.0 752.0 485.0 21.0 485.0 920.0 1.0 920.0 240.0 30.0 240.0 
2 8 0.95 0.95 711.0 79.0 711.0 689.0 70.0 689.0 628.0 322.0 628.0 752.0 7.0 752.0 485.0 21.0 485.0 920.0 1.0 920.0 240.0 30.0 240.0 296.0 15.0 296.0 
2 9 1.69 1.69 711.0 79.0 711.0 689.0 70.0 689.0 628.0 322.0 628.0 752.0 7.0 752.0 485.0 21.0 485.0 920.0 1.0 920.0 240.0 30.0 240.0 296.0 15.0 296.0 204.0 151.0 204.0 
2 3 1.14 1.14 99.0 58.0 99.0 475.0 6.0 475.0 706.0 385.0 706.0 
2 4 1.32 1.32 99.0 58.0 99.0 475.0 6.0 475.0 706.0 385.0 706.0 27.0 5.0 27.0 
2 5 1.34 1.34 99.0 58.0 99.0 475.0 6.0 475.0 706.0 385.0 706.0 27.0 5.0 27.0 751.0 11.0 751.0 
2 3 0.46 0.46 342.0 10.0 342.0 316.0 11.0 316.0 280.0 113.0 280.0 
2 4 0.52 0.52 342.0 10.0 342.0 316.0 11.0 316.0 280.0 113.0 280.0 554.0 34.0 554.0 
2 5 1.51 1.51 342.0 10.0 342.0 316.0 11.0 316.0 280.0 113.0 280.0 554.0 34.0 554.0 64.0 63.0 64.0 
2 3 1.05 1.05 203.0 77.0 203.0 492.0 241.0 492.0 722.0 132.0 722.0 
2 4 1.89 1.89 203.0 77.0 203.0 492.0 241.0 492.0 722.0 132.0 722.0 806.0 681.0 806.0 
2 3 0.81 0.81 418.0 27.0 418.0 851.0 437.0 851.0 831.0 194.0 831.0 
2 4 1.02 1.02 418.0 27.0 418.0 851.0 437.0 851.0 831.0 194.0 831.0 166.0 36.0 166.0 
2 5 1.27 1.27 418.0 27.0 418.0 851.0 437.0 851.0 831.0 194.0 831.0 166.0 36.0 166.0 458.0 111.0 458.0 
2 6 1.58 1.58 418.0 27.0 418.0 851.0 437.0 851.0 831.0 194.0 831.0 166.0 36.0 166.0 458.0 111.0 458.0 930.0 294.0 930.0 
2 7 1.61 1.61 418.0 27.0 418.0 851.0 437.0 851.0 831.0 194.0 831.0 166.0 36.0 166.0 458.0 111.0 458.0 930.0 294.0 930.0 482.0 12.0 482.0 
2 8 1.71 1.71 418.0 27.0 418.0 851.0 437.0 851.0 831.0 194.0 831.0 166.0 36.0 166.0 458.0 111.0 458.0 930.0 294.0 930.0 482.0 12.0 482.0 341.0 34.0 341.0 
2 3 0.86 0.86 315.0 52.0 315.0 831.0 289.0 831.0 117.0 41.0 117.0 
2 4 1.21 1.21 315.0 52.0 315.0 831.0 289.0 831.0 117.0 41.0 117.0 362.0 127.0 362.0 
2 5 1.22 1.22 315.0 52.0 315.0 831.0 289.0 831.0 117.0 41.0 117.0 362.0 127.0 362.0 281.0 2.0 281.0 
2 6 1.34 1.34 315.0 52.0 315.0 831.0 289.0 831.0 117.0 41.0 117.0 362.0 127.0 362.0 281.0 2.0 281.0 352.0 42.0 352.0 
2 7 1.62 1.62 315.0 52.0 315.0 831.0 289.0 831.0 117.0 41.0 117.0 362.0 127.0 362.0 281.0 2.0 281.0 352.0 42.0 352.0 714.0 204.0 714.0 
2 3 1.21 1.21 590.0 510.0 590.0 458.0 48.0 458.0 174.0 43.0 174.0 
2 4 1.23 1.23 590.0 510.0 590.0 458.0 48.0 458.0 174.0 43.0 174.0 544.0 9.0 544.0 
2 5 1.54 1.54 590.0 510.0 590.0 458.0 48.0 458.0 174.0 43.0 174.0 544.0 9.0 544.0 675.0 210.0 675.0 
2 6 1.92 1.92 590.0 510.0 590.0 458.0 48.0 458.0 174.0 43.0 174.0 544.0 9.0 544.0 675.0 210.0 675.0 86.0 33.0 86.0 
2 3 0.52 0.52 762.0 37.0 762.0 133.0 3.0 133.0 727.0 330.0 727.0 
2 4 0.55 0.55 762.0 37.0 762.0 133.0 3.0 133.0 727.0 330.0 727.0 73.0 2.0 73.0 
2 5 0.81 0.81 762.0 37.0 762.0 133.0 3.0 133.0 727.0 330.0 727.0 73.0 2.0 73.0 607.0 159.0 607.0 
2 6 1.43 1.43 762.0 37.0 762.0 133.0 3.0 133.0 727.0 330.0 727.0 73.0 2.0 73.0 607.0 159.0 607.0 971.0 599.0 971.0 
2 3 1.6 1.6 351.0 134.0 351.0 408.0 383.0 408.0 714.0 206.0 714.0 
2 3 1.74 1.74 70.0 48.0 70.0 597.0 568.0 597.0 29.0 3.0 29.0 
2 4 1.78 1.78 70.0 48.0 70.0 597.0 568.0 597.0 29.0 3.0 29.0 165.0 8.0 165.0 
2 3 0.87 0.87 36.0 15.0 36.0 974.0 352.0 974.0 300.0 30.0 300.0 
2 4 0.98 0.98 36.0 15.0 36.0 974.0 352.0 974.0 300.0 30.0 300.0 48.0 5.0 48.0 
2 5 1.09 1.09 36.0 15.0 36.0 974.0 352.0 974.0 300.0 30.0 300.0 48.0 5.0 48.0 538.0 58.0 538.0 
2 3 0.49 0.49 815.0 84.0 815.0 693.0 20.0 693.0 791.0 287.0 791.0 
2 4 0.51 0.51 815.0 84.0 815.0 693.0 20.0 693.0 791.0 287.0 791.0 361.0 7.0 361.0 
2 5 1.11 1.11 815.0 84.0 815.0 693.0 20.0 693.0 791.0 287.0 791.0 361.0 7.0 361.0 125.0 75.0 125.0 
2 6 1.6 1.6 815.0 84.0 815.0 693.0 20.0 693.0 791.0 287.0 791.0 361.0 7.0 361.0 125.0 75.0 125.0 648.0 316.0 648.0 
2 7 1.99 1.99 815.0 84.0 815.0 693.0 20.0 693.0 791.0 287.0 791.0 361.0 7.0 361.0 125.0 75.0 125.0 648.0 316.0 648.0 104.0 41.0 104.0 
2 3 0.8 0.8 721.0 121.0 721.0 907.0 157.0 907.0 594.0 273.0 594.0 
2 4 0.89 0.89 721.0 121.0 721.0 907.0 157.0 907.0 594.0 273.0 594.0 410.0 40.0 410.0 
2 5 1.47 1.47 721.0 121.0 721.0 907.0 157.0 907.0 594.0 273.0 594.0 410.0 40.0 410.0 155.0 89.0 155.0 
2 6 1.73 1.73 721.0 121.0 721.0 907.0 157.0 907.0 594.0 273.0 594.0 410.0 40.0 410.0 155.0 89.0 155.0 45.0 12.0 45.0 
2 3 0.64 0.64 679.0 217.0 679.0 352.0 99.0 352.0 546.0 22.0 546.0 
2 4 0.66 0.66 679.0 217.0 679.0 352.0 99.0 352.0 546.0 22.0 546.0 245.0 7.0 245.0 
2 5 1.23 1.23 679.0 217.0 679.0 352.0 99.0 352.0 546.0 22.0 546.0 245.0 7.0 245.0 723.0 412.0 723.0 
2 6 1.44 1.44 679.0 217.0 679.0 352.0 99.0 352.0 546.0 22.0 546.0 245.0 7.0 245.0 723.0 412.0 723.0 217.0 44.0 217.0 
2 3 0.66 0.66 440.0 163.0 440.0 339.0 65.0 339.0 222.0 22.0 222.0 
2 4 0.74 0.74 440.0 163.0 440.0 339.0 65.0 339.0 222.0 22.0 222.0 954.0 76.0 954.0 
2 5 1.46 1.46 440.0 163.0 440.0 339.0 65.0 339.0 222.0 22.0 222.0 954.0 76.0 954.0 103.0 75.0 103.0 
2 3 1.49 1.49 736.0 434.0 736.0 967.0 650.0 967.0 309.0 73.0 309.0 
2 3 1.41 1.41 248.0 120.0 248.0 780.0 54.0 780.0 781.0 670.0 781.0 
2 4 1.49 1.49 248.0 120.0 248.0 780.0 54.0 780.0 781.0 670.0 781.0 136.0 12.0 136.0 
2 3 1.8 1.8 150.0 9.0 150.0 595.0 566.0 595.0 845.0 674.0 845.0 
2 4 1.93 1.93 150.0 9.0 150.0 595.0 566.0 595.0 845.0 674.0 845.0 165.0 20.0 165.0 
2 3 0.83 0.83 947.0 82.0 947.0 581.0 378.0 581.0 607.0 58.0 607.0 
2 4 0.89 0.89 947.0 82.0 947.0 581.0 378.0 581.0 607.0 58.0 607.0 16.0 1.0 16.0 
2 5 1.17 1.17 947.0 82.0 947.0 581.0 378.0 581.0 607.0 58.0 607.0 16.0 1.0 16.0 109.0 31.0 109.0 
2 6 1.61 1.61 947.0 82.0 947.0 581.0 378.0 581.0 607.0 58.0 607.0 16.0 1.0 16.0 109.0 31.0 109.0 871.0 383.0 871.0 
2 7 1.84 1.84 947.0 82.0 947.0 581.0 378.0 581.0 607.0 58.0 607.0 16.0 1.0 16.0 109.0 31.0 109.0 871.0 383.0 871.0 577.0 131.0 577.0 
2 3 0.97 0.97 844.0 217.0 844.0 615.0 150.0 615.0 213.0 100.0 213.0 
2 4 1.17 1.17 844.0 217.0 844.0 615.0 150.0 615.0 213.0 100.0 213.0 356.0 72.0 356.0 
2 5 1.42 1.42 844.0 217.0 844.0 615.0 150.0 615.0 213.0 100.0 213.0 356.0 72.0 356.0 411.0 105.0 411.0 
2 6 1.52 1.52 844.0 217.0 844.0 615.0 150.0 615.0 213.0 100.0 213.0 356.0 72.0 356.0 411.0 105.0 411.0 65.0 6.0 65.0 
2 7 1.54 1.54 844.0 217.0 844.0 615.0 150.0 615.0 213.0 100.0 213.0 356.0 72.0 356.0 411.0 105.0 411.0 65.0 6.0 65.0 684.0 18.0 684.0 
2 3 1.73 1.73 703.0 85.0 703.0 625.0 425.0 625.0 182.0 170.0 182.0 
2 4 1.86 1.86 703.0 85.0 703.0 625.0 425.0 625.0 182.0 170.0 182.0 683.0 90.0 683.0 
2 5 1.96 1.96 703.0 85.0 703.0 625.0 425.0 625.0 182.0 170.0 182.0 683.0 90.0 683.0 477.0 45.0 477.0 
2 3 0.62 0.62 740.0 229.0 740.0 471.0 130.0 471.0 637.0 28.0 637.0 
2 4 1.01 1.01 740.0 229.0 740.0 471.0 130.0 471.0 637.0 28.0 637.0 122.0 47.0 122.0 
2 5 1.5 1.5 740.0 229.0 740.0 471.0 130.0 471.0 637.0 28.0 637.0 122.0 47.0 122.0 835.0 410.0 835.0 
2 6 1.62 1.62 740.0 229.0 740.0 471.0 130.0 471.0 637.0 28.0 637.0 122.0 47.0 122.0 835.0 410.0 835.0 563.0 66.0 563.0 
2 7 1.85 1.85 740.0 229.0 740.0 471.0 130.0 471.0 637.0 28.0 637.0 122.0 47.0 122.0 835.0 410.0 835.0 563.0 66.0 563.0 234.0 55.0 234.0 
2 3 0.43 0.43 883.0 42.0 883.0 72.0 15.0 72.0 380.0 67.0 380.0 
2 4 0.84 0.84 883.0 42.0 883.0 72.0 15.0 72.0 380.0 67.0 380.0 294.0 120.0 294.0 
2 5 0.93 0.93 883.0 42.0 883.0 72.0 15.0 72.0 380.0 67.0 380.0 294.0 120.0 294.0 768.0 74.0 768.0 
2 6 0.94 0.94 883.0 42.0 883.0 72.0 15.0 72.0 380.0 67.0 380.0 294.0 120.0 294.0 768.0 74.0 768.0 962.0 9.0 962.0 
2 7 1.73 1.73 883.0 42.0 883.0 72.0 15.0 72.0 380.0 67.0 380.0 294.0 120.0 294.0 768.0 74.0 768.0 962.0 9.0 962.0 494.0 392.0 494.0 
2 8 1.79 1.79 883.0 42.0 883.0 72.0 15.0 72.0 380.0 67.0 380.0 294.0 120.0 294.0 768.0 74.0 768.0 962.0 9.0 962.0 494.0 392.0 494.0 565.0 29.0 565.0 
2 3 0.27 0.27 256.0 45.0 256.0 758.0 3.0 758.0 848.0 77.0 848.0 
2 4 0.77 0.77 256.0 45.0 256.0 758.0 3.0 758.0 848.0 77.0 848.0 195.0 98.0 195.0 
2 5 1.04 1.04 256.0 45.0 256.0 758.0 3.0 758.0 848.0 77.0 848.0 195.0 98.0 195.0 114.0 31.0 114.0 
2 3 0.45 0.45 293.0 92.0 293.0 328.0 14.0 328.0 985.0 97.0 985.0 
2 4 0.68 0.68 293.0 92.0 293.0 328.0 14.0 328.0 985.0 97.0 985.0 292.0 67.0 292.0 
2 5 0.83 0.83 293.0 92.0 293.0 328.0 14.0 328.0 985.0 97.0 985.0 292.0 67.0 292.0 967.0 145.0 967.0 
2 6 0.86 0.86 293.0 92.0 293.0 328.0 14.0 328.0 985.0 97.0 985.0 292.0 67.0 292.0 967.0 145.0 967.0 862.0 25.0 862.0 
2 7 0.95 0.95 293.0 92.0 293.0 328.0 14.0 328.0 985.0 97.0 985.0 292.0 67.0 292.0 967.0 145.0 967.0 862.0 25.0 862.0 692.0 60.0 692.0 
2 8 1.13 1.13 293.0 92.0 293.0 328.0 14.0 328.0 985.0 97.0 985.0 292.0 67.0 292.0 967.0 145.0 967.0 862.0 25.0 862.0 692.0 60.0 692.0 454.0 83.0 454.0 
2 9 1.32 1.32 293.0 92.0 293.0 328.0 14.0 328.0 985.0 97.0 985.0 292.0 67.0 292.0 967.0 145.0 967.0 862.0 25.0 862.0 692.0 60.0 692.0 454.0 83.0 454.0 466.0 91.0 466.0 
2 3 0.21 0.21 955.0 12.0 955.0 390.0 37.0 390.0 809.0 85.0 809.0 
2 4 1.0 1.0 955.0 12.0 955.0 390.0 37.0 390.0 809.0 85.0 809.0 505.0 399.0 505.0 
2 5 1.7 1.7 955.0 12.0 955.0 390.0 37.0 390.0 809.0 85.0 809.0 505.0 399.0 505.0 160.0 112.0 160.0 
2 3 0.97 0.97 586.0 306.0 586.0 961.0 350.0 961.0 721.0 64.0 721.0 
2 4 1.02 1.02 586.0 306.0 586.0 961.0 350.0 961.0 721.0 64.0 721.0 603.0 28.0 603.0 
2 5 1.09 1.09 586.0 306.0 586.0 961.0 350.0 961.0 721.0 64.0 721.0 603.0 28.0 603.0 740.0 52.0 740.0 
2 6 1.12 1.12 586.0 306.0 586.0 961.0 350.0 961.0 721.0 64.0 721.0 603.0 28.0 603.0 740.0 52.0 740.0 53.0 2.0 53.0 
2 7 1.29 1.29 586.0 306.0 586.0 961.0 350.0 961.0 721.0 64.0 721.0 603.0 28.0 603.0 740.0 52.0 740.0 53.0 2.0 53.0 680.0 113.0 680.0 
2 8 1.32 1.32 586.0 306.0 586.0 961.0 350.0 961.0 721.0 64.0 721.0 603.0 28.0 603.0 740.0 52.0 740.0 53.0 2.0 53.0 680.0 113.0 680.0 68.0 2.0 68.0 
2 9 1.63 1.63 586.0 306.0 586.0 961.0 350.0 961.0 721.0 64.0 721.0 603.0 28.0 603.0 740.0 52.0 740.0 53.0 2.0 53.0 680.0 113.0 680.0 68.0 2.0 68.0 516.0 162.0 516.0 
2 3 0.72 0.72 65.0 31.0 65.0 363.0 29.0 363.0 764.0 125.0 764.0 
2 4 0.93 0.93 65.0 31.0 65.0 363.0 29.0 363.0 764.0 125.0 764.0 753.0 163.0 753.0 
2 5 1.38 1.38 65.0 31.0 65.0 363.0 29.0 363.0 764.0 125.0 764.0 753.0 163.0 753.0 242.0 108.0 242.0 
2 6 1.84 1.84 65.0 31.0 65.0 363.0 29.0 363.0 764.0 125.0 764.0 753.0 163.0 753.0 242.0 108.0 242.0 501.0 233.0 501.0 
2 3 1.74 1.74 190.0 100.0 190.0 729.0 721.0 729.0 646.0 147.0 646.0 
2 3 1.15 1.15 927.0 140.0 927.0 974.0 108.0 974.0 64.0 57.0 64.0 
2 4 1.24 1.24 927.0 140.0 927.0 974.0 108.0 974.0 64.0 57.0 64.0 772.0 74.0 772.0 
2 5 1.32 1.32 927.0 140.0 927.0 974.0 108.0 974.0 64.0 57.0 64.0 772.0 74.0 772.0 261.0 21.0 261.0 
2 6 1.8 1.8 927.0 140.0 927.0 974.0 108.0 974.0 64.0 57.0 64.0 772.0 74.0 772.0 261.0 21.0 261.0 438.0 208.0 438.0 
2 3 1.01 1.01 147.0 110.0 147.0 268.0 68.0 268.0 841.0 7.0 841.0 
2 4 1.68 1.68 147.0 110.0 147.0 268.0 68.0 268.0 841.0 7.0 841.0 62.0 42.0 62.0 
2 3 1.41 1.41 926.0 803.0 926.0 879.0 101.0 879.0 960.0 419.0 960.0 
2 3 1.19 1.19 14.0 8.0 14.0 521.0 154.0 521.0 374.0 121.0 374.0 
2 4 1.68 1.68 14.0 8.0 14.0 521.0 154.0 521.0 374.0 121.0 374.0 685.0 340.0 685.0 
2 5 1.71 1.71 14.0 8.0 14.0 521.0 154.0 521.0 374.0 121.0 374.0 685.0 340.0 685.0 104.0 3.0 104.0 
2 3 1.45 1.45 446.0 296.0 446.0 5.0 1.0 5.0 181.0 107.0 181.0 
2 3 0.39 0.39 779.0 3.0 779.0 997.0 228.0 997.0 377.0 60.0 377.0 
2 4 1.22 1.22 779.0 3.0 779.0 997.0 228.0 997.0 377.0 60.0 377.0 386.0 321.0 386.0 
2 3 1.62 1.62 717.0 694.0 717.0 390.0 51.0 390.0 646.0 340.0 646.0 
2 3 1.85 1.85 645.0 527.0 645.0 166.0 128.0 166.0 892.0 239.0 892.0 
2 3 0.47 0.47 956.0 24.0 956.0 1000.0 231.0 1000.0 180.0 39.0 180.0 
2 4 1.47 1.47 956.0 24.0 956.0 1000.0 231.0 1000.0 180.0 39.0 180.0 336.0 336.0 336.0 
2 5 1.59 1.59 956.0 24.0 956.0 1000.0 231.0 1000.0 180.0 39.0 180.0 336.0 336.0 336.0 708.0 84.0 708.0 
2 6 1.95 1.95 956.0 24.0 956.0 1000.0 231.0 1000.0 180.0 39.0 180.0 336.0 336.0 336.0 708.0 84.0 708.0 182.0 66.0 182.0 
2 3 1.24 1.24 293.0 258.0 293.0 931.0 141.0 931.0 674.0 146.0 674.0 
2 3 1.57 1.57 568.0 358.0 568.0 895.0 562.0 895.0 192.0 60.0 192.0 
2 3 0.59 0.59 230.0 36.0 230.0 511.0 136.0 511.0 744.0 131.0 744.0 
2 4 0.64 0.64 230.0 36.0 230.0 511.0 136.0 511.0 744.0 131.0 744.0 969.0 42.0 969.0 
2 5 0.94 0.94 230.0 36.0 230.0 511.0 136.0 511.0 744.0 131.0 744.0 969.0 42.0 969.0 909.0 275.0 909.0 
2 6 1.15 1.15 230.0 36.0 230.0 511.0 136.0 511.0 744.0 131.0 744.0 969.0 42.0 969.0 909.0 275.0 909.0 696.0 149.0 696.0 
2 7 1.32 1.32 230.0 36.0 230.0 511.0 136.0 511.0 744.0 131.0 744.0 969.0 42.0 969.0 909.0 275.0 909.0 696.0 149.0 696.0 658.0 109.0 658.0 
2 8 1.38 1.38 230.0 36.0 230.0 511.0 136.0 511.0 744.0 131.0 744.0 969.0 42.0 969.0 909.0 275.0 909.0 696.0 149.0 696.0 658.0 109.0 658.0 921.0 55.0 921.0 
2 3 0.77 0.77 355.0 12.0 355.0 625.0 20.0 625.0 602.0 428.0 602.0 
2 4 1.15 1.15 355.0 12.0 355.0 625.0 20.0 625.0 602.0 428.0 602.0 530.0 200.0 530.0 
2 5 1.87 1.87 355.0 12.0 355.0 625.0 20.0 625.0 602.0 428.0 602.0 530.0 200.0 530.0 653.0 473.0 653.0 
2 3 1.74 1.74 745.0 578.0 745.0 758.0 456.0 758.0 167.0 61.0 167.0 
2 3 1.04 1.04 200.0 77.0 200.0 365.0 208.0 365.0 656.0 58.0 656.0 
2 4 1.12 1.12 200.0 77.0 200.0 365.0 208.0 365.0 656.0 58.0 656.0 205.0 16.0 205.0 
2 5 1.29 1.29 200.0 77.0 200.0 365.0 208.0 365.0 656.0 58.0 656.0 205.0 16.0 205.0 501.0 87.0 501.0 
2 6 1.48 1.48 200.0 77.0 200.0 365.0 208.0 365.0 656.0 58.0 656.0 205.0 16.0 205.0 501.0 87.0 501.0 189.0 36.0 189.0 
2 3 0.65 0.65 390.0 68.0 390.0 655.0 105.0 655.0 330.0 105.0 330.0 
2 4 1.08 1.08 390.0 68.0 390.0 655.0 105.0 655.0 330.0 105.0 330.0 509.0 220.0 509.0 
2 5 1.3 1.3 390.0 68.0 390.0 655.0 105.0 655.0 330.0 105.0 330.0 509.0 220.0 509.0 933.0 201.0 933.0 
2 6 1.61 1.61 390.0 68.0 390.0 655.0 105.0 655.0 330.0 105.0 330.0 509.0 220.0 509.0 933.0 201.0 933.0 883.0 276.0 883.0 
2 7 1.85 1.85 390.0 68.0 390.0 655.0 105.0 655.0 330.0 105.0 330.0 509.0 220.0 509.0 933.0 201.0 933.0 883.0 276.0 883.0 795.0 195.0 795.0 
2 3 0.49 0.49 138.0 13.0 138.0 50.0 13.0 50.0 360.0 50.0 360.0 
2 4 0.95 0.95 138.0 13.0 138.0 50.0 13.0 50.0 360.0 50.0 360.0 166.0 77.0 166.0 
2 5 1.2 1.2 138.0 13.0 138.0 50.0 13.0 50.0 360.0 50.0 360.0 166.0 77.0 166.0 974.0 239.0 974.0 
2 6 1.37 1.37 138.0 13.0 138.0 50.0 13.0 50.0 360.0 50.0 360.0 166.0 77.0 166.0 974.0 239.0 974.0 81.0 14.0 81.0 
2 7 1.44 1.44 138.0 13.0 138.0 50.0 13.0 50.0 360.0 50.0 360.0 166.0 77.0 166.0 974.0 239.0 974.0 81.0 14.0 81.0 379.0 25.0 379.0 
2 8 1.66 1.66 138.0 13.0 138.0 50.0 13.0 50.0 360.0 50.0 360.0 166.0 77.0 166.0 974.0 239.0 974.0 81.0 14.0 81.0 379.0 25.0 379.0 826.0 181.0 826.0 
2 3 1.35 1.35 416.0 204.0 416.0 540.0 286.0 540.0 567.0 188.0 567.0 
2 3 1.07 1.07 560.0 147.0 560.0 284.0 132.0 284.0 824.0 289.0 824.0 
2 4 1.1 1.1 560.0 147.0 560.0 284.0 132.0 284.0 824.0 289.0 824.0 648.0 20.0 648.0 
2 5 1.53 1.53 560.0 147.0 560.0 284.0 132.0 284.0 824.0 289.0 824.0 648.0 20.0 648.0 366.0 157.0 366.0 
2 6 1.78 1.78 560.0 147.0 560.0 284.0 132.0 284.0 824.0 289.0 824.0 648.0 20.0 648.0 366.0 157.0 366.0 216.0 54.0 216.0 
2 7 1.89 1.89 560.0 147.0 560.0 284.0 132.0 284.0 824.0 289.0 824.0 648.0 20.0 648.0 366.0 157.0 366.0 216.0 54.0 216.0 464.0 48.0 464.0 
2 3 0.82 0.82 559.0 166.0 559.0 466.0 202.0 466.0 640.0 60.0 640.0 
2 4 1.3 1.3 559.0 166.0 559.0 466.0 202.0 466.0 640.0 60.0 640.0 457.0 218.0 457.0 
2 5 1.71 1.71 559.0 166.0 559.0 466.0 202.0 466.0 640.0 60.0 640.0 457.0 218.0 457.0 923.0 379.0 923.0 
2 6 1.74 1.74 559.0 166.0 559.0 466.0 202.0 466.0 640.0 60.0 640.0 457.0 218.0 457.0 923.0 379.0 923.0 461.0 16.0 461.0 
2 3 1.68 1.68 248.0 228.0 248.0 742.0 255.0 742.0 959.0 402.0 959.0 
2 3 1.82 1.82 10.0 5.0 10.0 180.0 137.0 180.0 295.0 167.0 295.0 
2 4 1.91 1.91 10.0 5.0 10.0 180.0 137.0 180.0 295.0 167.0 295.0 529.0 49.0 529.0 
2 3 0.5 0.5 554.0 57.0 554.0 55.0 2.0 55.0 286.0 104.0 286.0 
2 4 0.63 0.63 554.0 57.0 554.0 55.0 2.0 55.0 286.0 104.0 286.0 603.0 79.0 603.0 
2 5 0.7 0.7 554.0 57.0 554.0 55.0 2.0 55.0 286.0 104.0 286.0 603.0 79.0 603.0 981.0 65.0 981.0 
2 6 1.36 1.36 554.0 57.0 554.0 55.0 2.0 55.0 286.0 104.0 286.0 603.0 79.0 603.0 981.0 65.0 981.0 590.0 393.0 590.0 
2 7 1.96 1.96 554.0 57.0 554.0 55.0 2.0 55.0 286.0 104.0 286.0 603.0 79.0 603.0 981.0 65.0 981.0 590.0 393.0 590.0 873.0 524.0 873.0 
2 3 0.77 0.77 52.0 12.0 52.0 181.0 89.0 181.0 975.0 48.0 975.0 
2 4 1.47 1.47 52.0 12.0 52.0 181.0 89.0 181.0 975.0 48.0 975.0 273.0 191.0 273.0 
2 5 1.5 1.5 52.0 12.0 52.0 181.0 89.0 181.0 975.0 48.0 975.0 273.0 191.0 273.0 540.0 20.0 540.0 
2 6 1.58 1.58 52.0 12.0 52.0 181.0 89.0 181.0 975.0 48.0 975.0 273.0 191.0 273.0 540.0 20.0 540.0 281.0 22.0 281.0 
2 3 1.4 1.4 120.0 90.0 120.0 552.0 326.0 552.0 217.0 14.0 217.0 
2 3 1.79 1.79 807.0 426.0 807.0 373.0 195.0 373.0 267.0 200.0 267.0 
2 4 1.96 1.96 807.0 426.0 807.0 373.0 195.0 373.0 267.0 200.0 267.0 517.0 85.0 517.0 
2 3 1.18 1.18 836.0 763.0 836.0 225.0 2.0 225.0 864.0 231.0 864.0 
2 4 1.64 1.64 836.0 763.0 836.0 225.0 2.0 225.0 864.0 231.0 864.0 823.0 374.0 823.0 
2 5 1.84 1.84 836.0 763.0 836.0 225.0 2.0 225.0 864.0 231.0 864.0 823.0 374.0 823.0 740.0 150.0 740.0 
2 3 1.47 1.47 76.0 47.0 76.0 220.0 165.0 220.0 75.0 8.0 75.0 
2 4 1.56 1.56 76.0 47.0 76.0 220.0 165.0 220.0 75.0 8.0 75.0 535.0 46.0 535.0 
2 5 1.82 1.82 76.0 47.0 76.0 220.0 165.0 220.0 75.0 8.0 75.0 535.0 46.0 535.0 179.0 47.0 179.0 
2 3 1.05 1.05 220.0 59.0 220.0 214.0 68.0 214.0 820.0 388.0 820.0 
2 4 1.34 1.34 220.0 59.0 220.0 214.0 68.0 214.0 820.0 388.0 820.0 383.0 108.0 383.0 
2 3 1.17 1.17 43.0 4.0 43.0 120.0 17.0 120.0 133.0 125.0 133.0 
2 4 1.56 1.56 43.0 4.0 43.0 120.0 17.0 120.0 133.0 125.0 133.0 726.0 284.0 726.0 
2 3 1.33 1.33 668.0 463.0 668.0 212.0 22.0 212.0 350.0 189.0 350.0 
2 3 0.89 0.89 140.0 18.0 140.0 50.0 32.0 50.0 942.0 121.0 942.0 
2 4 1.63 1.63 140.0 18.0 140.0 50.0 32.0 50.0 942.0 121.0 942.0 405.0 298.0 405.0 
2 3 1.43 1.43 928.0 804.0 928.0 822.0 317.0 822.0 932.0 171.0 932.0 
2 4 1.66 1.66 928.0 804.0 928.0 822.0 317.0 822.0 932.0 171.0 932.0 432.0 101.0 432.0 
2 3 1.54 1.54 621.0 189.0 621.0 736.0 500.0 736.0 721.0 407.0 721.0 
2 3 1.13 1.13 255.0 161.0 255.0 802.0 279.0 802.0 415.0 65.0 415.0 
2 4 1.42 1.42 255.0 161.0 255.0 802.0 279.0 802.0 415.0 65.0 415.0 201.0 59.0 201.0 
2 5 1.46 1.46 255.0 161.0 255.0 802.0 279.0 802.0 415.0 65.0 415.0 201.0 59.0 201.0 183.0 7.0 183.0 
2 6 1.63 1.63 255.0 161.0 255.0 802.0 279.0 802.0 415.0 65.0 415.0 201.0 59.0 201.0 183.0 7.0 183.0 882.0 147.0 882.0 
2 3 1.28 1.28 425.0 44.0 425.0 736.0 546.0 736.0 846.0 374.0 846.0 
2 3 1.74 1.74 628.0 433.0 628.0 801.0 438.0 801.0 344.0 175.0 344.0 
2 4 1.81 1.81 628.0 433.0 628.0 801.0 438.0 801.0 344.0 175.0 344.0 996.0 68.0 996.0 
2 3 1.78 1.78 98.0 1.0 98.0 841.0 701.0 841.0 92.0 87.0 92.0 
2 3 1.16 1.16 494.0 374.0 494.0 478.0 76.0 478.0 850.0 214.0 850.0 
2 4 1.37 1.37 494.0 374.0 494.0 478.0 76.0 478.0 850.0 214.0 850.0 516.0 108.0 516.0 
2 3 0.77 0.77 960.0 452.0 960.0 595.0 118.0 595.0 694.0 73.0 694.0 
2 4 0.83 0.83 960.0 452.0 960.0 595.0 118.0 595.0 694.0 73.0 694.0 499.0 28.0 499.0 
2 5 0.86 0.86 960.0 452.0 960.0 595.0 118.0 595.0 694.0 73.0 694.0 499.0 28.0 499.0 981.0 34.0 981.0 
2 6 0.95 0.95 960.0 452.0 960.0 595.0 118.0 595.0 694.0 73.0 694.0 499.0 28.0 499.0 981.0 34.0 981.0 232.0 21.0 232.0 
2 7 1.57 1.57 960.0 452.0 960.0 595.0 118.0 595.0 694.0 73.0 694.0 499.0 28.0 499.0 981.0 34.0 981.0 232.0 21.0 232.0 187.0 116.0 187.0 
2 8 1.83 1.83 960.0 452.0 960.0 595.0 118.0 595.0 694.0 73.0 694.0 499.0 28.0 499.0 981.0 34.0 981.0 232.0 21.0 232.0 187.0 116.0 187.0 931.0 237.0 931.0 
2 3 1.27 1.27 404.0 319.0 404.0 576.0 257.0 576.0 743.0 26.0 743.0 
2 4 1.57 1.57 404.0 319.0 404.0 576.0 257.0 576.0 743.0 26.0 743.0 159.0 49.0 159.0 
2 3 1.31 1.31 623.0 273.0 623.0 664.0 469.0 664.0 456.0 77.0 456.0 
2 4 1.54 1.54 623.0 273.0 623.0 664.0 469.0 664.0 456.0 77.0 456.0 766.0 181.0 766.0 
2 5 1.71 1.71 623.0 273.0 623.0 664.0 469.0 664.0 456.0 77.0 456.0 766.0 181.0 766.0 719.0 122.0 719.0 
2 3 1.18 1.18 688.0 299.0 688.0 158.0 48.0 158.0 971.0 436.0 971.0 
2 4 1.72 1.72 688.0 299.0 688.0 158.0 48.0 158.0 971.0 436.0 971.0 119.0 64.0 119.0 
2 3 1.31 1.31 374.0 290.0 374.0 258.0 57.0 258.0 764.0 246.0 764.0 
2 4 1.31 1.31 374.0 290.0 374.0 258.0 57.0 258.0 764.0 246.0 764.0 719.0 1.0 719.0 
2 5 1.39 1.39 374.0 290.0 374.0 258.0 57.0 258.0 764.0 246.0 764.0 719.0 1.0 719.0 436.0 32.0 436.0 
2 6 1.86 1.86 374.0 290.0 374.0 258.0 57.0 258.0 764.0 246.0 764.0 719.0 1.0 719.0 436.0 32.0 436.0 630.0 298.0 630.0 
2 7 1.94 1.94 374.0 290.0 374.0 258.0 57.0 258.0 764.0 246.0 764.0 719.0 1.0 719.0 436.0 32.0 436.0 630.0 298.0 630.0 907.0 69.0 907.0 
2 3 1.98 1.98 546.0 98.0 546.0 902.0 830.0 902.0 722.0 639.0 722.0 
2 3 1.23 1.23 340.0 28.0 340.0 326.0 240.0 326.0 391.0 163.0 391.0 
2 4 1.3 1.3 340.0 28.0 340.0 326.0 240.0 326.0 391.0 163.0 391.0 84.0 6.0 84.0 
2 3 1.28 1.28 395.0 394.0 395.0 334.0 45.0 334.0 20.0 3.0 20.0 
2 4 1.36 1.36 395.0 394.0 395.0 334.0 45.0 334.0 20.0 3.0 20.0 850.0 73.0 850.0 
2 5 1.99 1.99 395.0 394.0 395.0 334.0 45.0 334.0 20.0 3.0 20.0 850.0 73.0 850.0 343.0 214.0 343.0 
2 3 0.53 0.53 88.0 4.0 88.0 335.0 99.0 335.0 266.0 52.0 266.0 
2 4 1.4 1.4 88.0 4.0 88.0 335.0 99.0 335.0 266.0 52.0 266.0 870.0 757.0 870.0 
2 5 1.61 1.61 88.0 4.0 88.0 335.0 99.0 335.0 266.0 52.0 266.0 870.0 757.0 870.0 178.0 37.0 178.0 
2 6 1.65 1.65 88.0 4.0 88.0 335.0 99.0 335.0 266.0 52.0 266.0 870.0 757.0 870.0 178.0 37.0 178.0 943.0 38.0 943.0 
2 3 0.36 0.36 46.0 4.0 46.0 53.0 4.0 53.0 866.0 175.0 866.0 
2 4 0.56 0.56 46.0 4.0 46.0 53.0 4.0 53.0 866.0 175.0 866.0 877.0 173.0 877.0 
2 5 1.04 1.04 46.0 4.0 46.0 53.0 4.0 53.0 866.0 175.0 866.0 877.0 173.0 877.0 786.0 383.0 786.0 
2 6 1.89 1.89 46.0 4.0 46.0 53.0 4.0 53.0 866.0 175.0 866.0 877.0 173.0 877.0 786.0 383.0 786.0 864.0 729.0 864.0 
2 3 0.57 0.57 78.0 8.0 78.0 877.0 290.0 877.0 792.0 114.0 792.0 
2 4 0.99 0.99 78.0 8.0 78.0 877.0 290.0 877.0 792.0 114.0 792.0 652.0 275.0 652.0 
2 5 1.12 1.12 78.0 8.0 78.0 877.0 290.0 877.0 792.0 114.0 792.0 652.0 275.0 652.0 736.0 92.0 736.0 
2 6 1.52 1.52 78.0 8.0 78.0 877.0 290.0 877.0 792.0 114.0 792.0 652.0 275.0 652.0 736.0 92.0 736.0 809.0 327.0 809.0 
2 3 1.46 1.46 867.0 63.0 867.0 683.0 400.0 683.0 714.0 574.0 714.0 
2 4 1.63 1.63 867.0 63.0 867.0 683.0 400.0 683.0 714.0 574.0 714.0 266.0 47.0 266.0 
2 3 0.67 0.67 321.0 163.0 321.0 910.0 46.0 910.0 508.0 58.0 508.0 
2 4 1.48 1.48 321.0 163.0 321.0 910.0 46.0 910.0 508.0 58.0 508.0 266.0 215.0 266.0 
2 5 1.49 1.49 321.0 163.0 321.0 910.0 46.0 910.0 508.0 58.0 508.0 266.0 215.0 266.0 359.0 6.0 359.0 
2 3 0.84 0.84 386.0 43.0 386.0 70.0 46.0 70.0 647.0 48.0 647.0 
2 4 1.38 1.38 386.0 43.0 386.0 70.0 46.0 70.0 647.0 48.0 647.0 11.0 6.0 11.0 
2 3 0.54 0.54 842.0 32.0 842.0 911.0 303.0 911.0 763.0 130.0 763.0 
2 4 0.84 0.84 842.0 32.0 842.0 911.0 303.0 911.0 763.0 130.0 763.0 823.0 247.0 823.0 
2 5 1.52 1.52 842.0 32.0 842.0 911.0 303.0 911.0 763.0 130.0 763.0 823.0 247.0 823.0 606.0 416.0 606.0 
2 6 1.55 1.55 842.0 32.0 842.0 911.0 303.0 911.0 763.0 130.0 763.0 823.0 247.0 823.0 606.0 416.0 606.0 577.0 16.0 577.0 
2 3 1.77 1.77 76.0 76.0 76.0 480.0 112.0 480.0 987.0 532.0 987.0 
2 4 1.87 1.87 76.0 76.0 76.0 480.0 112.0 480.0 987.0 532.0 987.0 10.0 1.0 10.0 
2 3 1.34 1.34 464.0 61.0 464.0 709.0 242.0 709.0 375.0 328.0 375.0 
2 4 1.57 1.57 464.0 61.0 464.0 709.0 242.0 709.0 375.0 328.0 375.0 679.0 153.0 679.0 
2 5 1.7 1.7 464.0 61.0 464.0 709.0 242.0 709.0 375.0 328.0 375.0 679.0 153.0 679.0 723.0 95.0 723.0 
2 6 1.77 1.77 464.0 61.0 464.0 709.0 242.0 709.0 375.0 328.0 375.0 679.0 153.0 679.0 723.0 95.0 723.0 562.0 40.0 562.0 
2 7 1.88 1.88 464.0 61.0 464.0 709.0 242.0 709.0 375.0 328.0 375.0 679.0 153.0 679.0 723.0 95.0 723.0 562.0 40.0 562.0 623.0 67.0 623.0 
2 3 1.42 1.42 817.0 341.0 817.0 556.0 211.0 556.0 691.0 431.0 691.0 
2 4 1.57 1.57 817.0 341.0 817.0 556.0 211.0 556.0 691.0 431.0 691.0 951.0 144.0 951.0 
2 5 1.97 1.97 817.0 341.0 817.0 556.0 211.0 556.0 691.0 431.0 691.0 951.0 144.0 951.0 579.0 233.0 579.0 
2 3 0.85 0.85 80.0 11.0 80.0 591.0 196.0 591.0 910.0 352.0 910.0 
2 4 1.76 1.76 80.0 11.0 80.0 591.0 196.0 591.0 910.0 352.0 910.0 275.0 251.0 275.0 
2 3 1.25 1.25 889.0 762.0 889.0 788.0 140.0 788.0 324.0 71.0 324.0 
2 4 1.84 1.84 889.0 762.0 889.0 788.0 140.0 788.0 324.0 71.0 324.0 458.0 271.0 458.0 
2 3 1.35 1.35 838.0 737.0 838.0 881.0 405.0 881.0 103.0 2.0 103.0 
2 4 1.45 1.45 838.0 737.0 838.0 881.0 405.0 881.0 103.0 2.0 103.0 118.0 11.0 118.0 
2 5 1.62 1.62 838.0 737.0 838.0 881.0 405.0 881.0 103.0 2.0 103.0 118.0 11.0 118.0 790.0 136.0 790.0 
2 3 1.42 1.42 328.0 181.0 328.0 320.0 119.0 320.0 932.0 465.0 932.0 
2 3 1.36 1.36 657.0 67.0 657.0 939.0 692.0 939.0 282.0 147.0 282.0 
2 4 1.38 1.38 657.0 67.0 657.0 939.0 692.0 939.0 282.0 147.0 282.0 442.0 12.0 442.0 
2 5 1.52 1.52 657.0 67.0 657.0 939.0 692.0 939.0 282.0 147.0 282.0 442.0 12.0 442.0 943.0 127.0 943.0 
2 6 1.89 1.89 657.0 67.0 657.0 939.0 692.0 939.0 282.0 147.0 282.0 442.0 12.0 442.0 943.0 127.0 943.0 494.0 186.0 494.0 
2 3 0.89 0.89 843.0 27.0 843.0 130.0 111.0 130.0 556.0 7.0 556.0 
2 4 1.39 1.39 843.0 27.0 843.0 130.0 111.0 130.0 556.0 7.0 556.0 670.0 333.0 670.0 
2 5 1.8 1.8 843.0 27.0 843.0 130.0 111.0 130.0 556.0 7.0 556.0 670.0 333.0 670.0 990.0 409.0 990.0 
2 6 1.94 1.94 843.0 27.0 843.0 130.0 111.0 130.0 556.0 7.0 556.0 670.0 333.0 670.0 990.0 409.0 990.0 703.0 96.0 703.0 
2 7 1.95 1.95 843.0 27.0 843.0 130.0 111.0 130.0 556.0 7.0 556.0 670.0 333.0 670.0 990.0 409.0 990.0 703.0 96.0 703.0 626.0 6.0 626.0 
2 3 1.19 1.19 23.0 16.0 23.0 159.0 59.0 159.0 766.0 98.0 766.0 
2 4 1.32 1.32 23.0 16.0 23.0 159.0 59.0 159.0 766.0 98.0 766.0 131.0 17.0 131.0 
2 5 1.98 1.98 23.0 16.0 23.0 159.0 59.0 159.0 766.0 98.0 766.0 131.0 17.0 131.0 833.0 548.0 833.0 
2 3 0.86 0.86 572.0 123.0 572.0 302.0 157.0 302.0 470.0 61.0 470.0 
2 4 1.44 1.44 572.0 123.0 572.0 302.0 157.0 302.0 470.0 61.0 470.0 340.0 196.0 340.0 
2 3 1.11 1.11 390.0 22.0 390.0 44.0 17.0 44.0 205.0 137.0 205.0 
2 4 1.23 1.23 390.0 22.0 390.0 44.0 17.0 44.0 205.0 137.0 205.0 208.0 25.0 208.0 
2 5 1.67 1.67 390.0 22.0 390.0 44.0 17.0 44.0 205.0 137.0 205.0 208.0 25.0 208.0 432.0 191.0 432.0 
2 6 1.84 1.84 390.0 22.0 390.0 44.0 17.0 44.0 205.0 137.0 205.0 208.0 25.0 208.0 432.0 191.0 432.0 964.0 165.0 964.0 
2 3 1.0 1.0 136.0 78.0 136.0 969.0 309.0 969.0 439.0 51.0 439.0 
2 4 1.31 1.31 136.0 78.0 136.0 969.0 309.0 969.0 439.0 51.0 439.0 352.0 108.0 352.0 
2 5 1.75 1.75 136.0 78.0 136.0 969.0 309.0 969.0 439.0 51.0 439.0 352.0 108.0 352.0 505.0 224.0 505.0 
2 6 1.94 1.94 136.0 78.0 136.0 969.0 309.0 969.0 439.0 51.0 439.0 352.0 108.0 352.0 505.0 224.0 505.0 706.0 130.0 706.0 
2 3 1.52 1.52 927.0 362.0 927.0 556.0 154.0 556.0 894.0 769.0 894.0 
2 4 1.92 1.92 927.0 362.0 927.0 556.0 154.0 556.0 894.0 769.0 894.0 548.0 217.0 548.0 
2 3 0.74 0.74 104.0 37.0 104.0 154.0 48.0 154.0 856.0 63.0 856.0 
2 4 1.09 1.09 104.0 37.0 104.0 154.0 48.0 154.0 856.0 63.0 856.0 781.0 278.0 781.0 
2 5 1.46 1.46 104.0 37.0 104.0 154.0 48.0 154.0 856.0 63.0 856.0 781.0 278.0 781.0 85.0 31.0 85.0 
2 6 1.69 1.69 104.0 37.0 104.0 154.0 48.0 154.0 856.0 63.0 856.0 781.0 278.0 781.0 85.0 31.0 85.0 350.0 82.0 350.0 
2 3 0.52 0.52 4.0 1.0 4.0 214.0 55.0 214.0 481.0 10.0 481.0 
2 4 1.22 1.22 4.0 1.0 4.0 214.0 55.0 214.0 481.0 10.0 481.0 269.0 188.0 269.0 
2 5 1.6 1.6 4.0 1.0 4.0 214.0 55.0 214.0 481.0 10.0 481.0 269.0 188.0 269.0 675.0 252.0 675.0 
2 6 1.88 1.88 4.0 1.0 4.0 214.0 55.0 214.0 481.0 10.0 481.0 269.0 188.0 269.0 675.0 252.0 675.0 956.0 275.0 956.0 
2 3 0.89 0.89 8.0 1.0 8.0 183.0 71.0 183.0 309.0 117.0 309.0 
2 4 1.31 1.31 8.0 1.0 8.0 183.0 71.0 183.0 309.0 117.0 309.0 650.0 273.0 650.0 
2 5 1.52 1.52 8.0 1.0 8.0 183.0 71.0 183.0 309.0 117.0 309.0 650.0 273.0 650.0 847.0 182.0 847.0 
2 6 1.88 1.88 8.0 1.0 8.0 183.0 71.0 183.0 309.0 117.0 309.0 650.0 273.0 650.0 847.0 182.0 847.0 797.0 289.0 797.0 
2 3 0.75 0.75 750.0 207.0 750.0 154.0 47.0 154.0 183.0 31.0 183.0 
2 4 0.82 0.82 750.0 207.0 750.0 154.0 47.0 154.0 183.0 31.0 183.0 166.0 12.0 166.0 
2 5 0.85 0.85 750.0 207.0 750.0 154.0 47.0 154.0 183.0 31.0 183.0 166.0 12.0 166.0 782.0 29.0 782.0 
2 6 1.2 1.2 750.0 207.0 750.0 154.0 47.0 154.0 183.0 31.0 183.0 166.0 12.0 166.0 782.0 29.0 782.0 532.0 184.0 532.0 
2 7 1.58 1.58 750.0 207.0 750.0 154.0 47.0 154.0 183.0 31.0 183.0 166.0 12.0 166.0 782.0 29.0 782.0 532.0 184.0 532.0 894.0 339.0 894.0 
2 3 0.38 0.38 941.0 52.0 941.0 594.0 84.0 594.0 259.0 50.0 259.0 
2 4 0.49 0.49 941.0 52.0 941.0 594.0 84.0 594.0 259.0 50.0 259.0 153.0 16.0 153.0 
2 5 1.02 1.02 941.0 52.0 941.0 594.0 84.0 594.0 259.0 50.0 259.0 153.0 16.0 153.0 591.0 311.0 591.0 
2 6 1.28 1.28 941.0 52.0 941.0 594.0 84.0 594.0 259.0 50.0 259.0 153.0 16.0 153.0 591.0 311.0 591.0 788.0 205.0 788.0 
2 7 1.41 1.41 941.0 52.0 941.0 594.0 84.0 594.0 259.0 50.0 259.0 153.0 16.0 153.0 591.0 311.0 591.0 788.0 205.0 788.0 195.0 26.0 195.0 
2 8 1.86 1.86 941.0 52.0 941.0 594.0 84.0 594.0 259.0 50.0 259.0 153.0 16.0 153.0 591.0 311.0 591.0 788.0 205.0 788.0 195.0 26.0 195.0 858.0 386.0 858.0 
2 3 0.54 0.54 915.0 6.0 915.0 511.0 224.0 511.0 500.0 50.0 500.0 
2 4 0.97 0.97 915.0 6.0 915.0 511.0 224.0 511.0 500.0 50.0 500.0 44.0 19.0 44.0 
2 5 1.03 1.03 915.0 6.0 915.0 511.0 224.0 511.0 500.0 50.0 500.0 44.0 19.0 44.0 893.0 55.0 893.0 
2 6 1.24 1.24 915.0 6.0 915.0 511.0 224.0 511.0 500.0 50.0 500.0 44.0 19.0 44.0 893.0 55.0 893.0 305.0 64.0 305.0 
2 7 1.54 1.54 915.0 6.0 915.0 511.0 224.0 511.0 500.0 50.0 500.0 44.0 19.0 44.0 893.0 55.0 893.0 305.0 64.0 305.0 776.0 228.0 776.0 
2 3 1.21 1.21 555.0 550.0 555.0 58.0 7.0 58.0 48.0 5.0 48.0 
2 4 1.22 1.22 555.0 550.0 555.0 58.0 7.0 58.0 48.0 5.0 48.0 942.0 8.0 942.0 
2 5 1.44 1.44 555.0 550.0 555.0 58.0 7.0 58.0 48.0 5.0 48.0 942.0 8.0 942.0 171.0 38.0 171.0 
2 6 1.78 1.78 555.0 550.0 555.0 58.0 7.0 58.0 48.0 5.0 48.0 942.0 8.0 942.0 171.0 38.0 171.0 455.0 156.0 455.0 
2 3 0.34 0.34 204.0 21.0 204.0 238.0 19.0 238.0 706.0 114.0 706.0 
2 4 0.35 0.35 204.0 21.0 204.0 238.0 19.0 238.0 706.0 114.0 706.0 979.0 8.0 979.0 
2 5 0.4 0.4 204.0 21.0 204.0 238.0 19.0 238.0 706.0 114.0 706.0 979.0 8.0 979.0 641.0 31.0 641.0 
2 6 0.43 0.43 204.0 21.0 204.0 238.0 19.0 238.0 706.0 114.0 706.0 979.0 8.0 979.0 641.0 31.0 641.0 868.0 29.0 868.0 
2 7 1.09 1.09 204.0 21.0 204.0 238.0 19.0 238.0 706.0 114.0 706.0 979.0 8.0 979.0 641.0 31.0 641.0 868.0 29.0 868.0 99.0 65.0 99.0 
2 8 1.27 1.27 204.0 21.0 204.0 238.0 19.0 238.0 706.0 114.0 706.0 979.0 8.0 979.0 641.0 31.0 641.0 868.0 29.0 868.0 99.0 65.0 99.0 220.0 41.0 220.0 
2 9 1.56 1.56 204.0 21.0 204.0 238.0 19.0 238.0 706.0 114.0 706.0 979.0 8.0 979.0 641.0 31.0 641.0 868.0 29.0 868.0 99.0 65.0 99.0 220.0 41.0 220.0 7.0 2.0 7.0 
2 10 1.57 1.57 204.0 21.0 204.0 238.0 19.0 238.0 706.0 114.0 706.0 979.0 8.0 979.0 641.0 31.0 641.0 868.0 29.0 868.0 99.0 65.0 99.0 220.0 41.0 220.0 7.0 2.0 7.0 122.0 2.0 122.0 
2 11 1.72 1.72 204.0 21.0 204.0 238.0 19.0 238.0 706.0 114.0 706.0 979.0 8.0 979.0 641.0 31.0 641.0 868.0 29.0 868.0 99.0 65.0 99.0 220.0 41.0 220.0 7.0 2.0 7.0 122.0 2.0 122.0 881.0 129.0 881.0 
2 3 1.1 1.1 944.0 262.0 944.0 309.0 170.0 309.0 718.0 199.0 718.0 
2 4 1.39 1.39 944.0 262.0 944.0 309.0 170.0 309.0 718.0 199.0 718.0 786.0 230.0 786.0 
2 5 1.46 1.46 944.0 262.0 944.0 309.0 170.0 309.0 718.0 199.0 718.0 786.0 230.0 786.0 833.0 54.0 833.0 
2 6 1.71 1.71 944.0 262.0 944.0 309.0 170.0 309.0 718.0 199.0 718.0 786.0 230.0 786.0 833.0 54.0 833.0 185.0 47.0 185.0 
2 3 0.24 0.24 441.0 6.0 441.0 918.0 57.0 918.0 6.0 1.0 6.0 
2 4 0.53 0.53 441.0 6.0 441.0 918.0 57.0 918.0 6.0 1.0 6.0 618.0 183.0 618.0 
2 5 1.33 1.33 441.0 6.0 441.0 918.0 57.0 918.0 6.0 1.0 6.0 618.0 183.0 618.0 353.0 282.0 353.0 
2 6 1.4 1.4 441.0 6.0 441.0 918.0 57.0 918.0 6.0 1.0 6.0 618.0 183.0 618.0 353.0 282.0 353.0 425.0 27.0 425.0 
2 7 1.69 1.69 441.0 6.0 441.0 918.0 57.0 918.0 6.0 1.0 6.0 618.0 183.0 618.0 353.0 282.0 353.0 425.0 27.0 425.0 332.0 96.0 332.0 
2 8 1.82 1.82 441.0 6.0 441.0 918.0 57.0 918.0 6.0 1.0 6.0 618.0 183.0 618.0 353.0 282.0 353.0 425.0 27.0 425.0 332.0 96.0 332.0 724.0 98.0 724.0 
2 3 1.01 1.01 293.0 107.0 293.0 871.0 352.0 871.0 310.0 75.0 310.0 
2 4 1.21 1.21 293.0 107.0 293.0 871.0 352.0 871.0 310.0 75.0 310.0 78.0 16.0 78.0 
2 5 1.86 1.86 293.0 107.0 293.0 871.0 352.0 871.0 310.0 75.0 310.0 78.0 16.0 78.0 92.0 60.0 92.0 
2 6 1.91 1.91 293.0 107.0 293.0 871.0 352.0 871.0 310.0 75.0 310.0 78.0 16.0 78.0 92.0 60.0 92.0 59.0 3.0 59.0 
2 3 1.05 1.05 777.0 406.0 777.0 347.0 164.0 347.0 88.0 5.0 88.0 
2 4 1.12 1.12 777.0 406.0 777.0 347.0 164.0 347.0 88.0 5.0 88.0 553.0 39.0 553.0 
2 5 1.25 1.25 777.0 406.0 777.0 347.0 164.0 347.0 88.0 5.0 88.0 553.0 39.0 553.0 997.0 128.0 997.0 
2 6 1.56 1.56 777.0 406.0 777.0 347.0 164.0 347.0 88.0 5.0 88.0 553.0 39.0 553.0 997.0 128.0 997.0 722.0 226.0 722.0 
2 7 1.74 1.74 777.0 406.0 777.0 347.0 164.0 347.0 88.0 5.0 88.0 553.0 39.0 553.0 997.0 128.0 997.0 722.0 226.0 722.0 402.0 72.0 402.0 
2 3 1.34 1.34 558.0 46.0 558.0 330.0 228.0 330.0 592.0 341.0 592.0 
2 4 1.46 1.46 558.0 46.0 558.0 330.0 228.0 330.0 592.0 341.0 592.0 325.0 39.0 325.0 
2 3 1.41 1.41 450.0 125.0 450.0 649.0 522.0 649.0 437.0 144.0 437.0 
2 4 1.55 1.55 450.0 125.0 450.0 649.0 522.0 649.0 437.0 144.0 437.0 722.0 103.0 722.0 
2 3 1.39 1.39 655.0 485.0 655.0 76.0 3.0 76.0 602.0 372.0 602.0 
2 4 1.47 1.47 655.0 485.0 655.0 76.0 3.0 76.0 602.0 372.0 602.0 916.0 75.0 916.0 
2 5 1.52 1.52 655.0 485.0 655.0 76.0 3.0 76.0 602.0 372.0 602.0 916.0 75.0 916.0 22.0 1.0 22.0 
2 3 0.64 0.64 232.0 25.0 232.0 599.0 143.0 599.0 834.0 251.0 834.0 
2 4 1.07 1.07 232.0 25.0 232.0 599.0 143.0 599.0 834.0 251.0 834.0 727.0 314.0 727.0 
2 5 1.24 1.24 232.0 25.0 232.0 599.0 143.0 599.0 834.0 251.0 834.0 727.0 314.0 727.0 861.0 140.0 861.0 
2 6 1.67 1.67 232.0 25.0 232.0 599.0 143.0 599.0 834.0 251.0 834.0 727.0 314.0 727.0 861.0 140.0 861.0 470.0 203.0 470.0 
2 3 1.51 1.51 670.0 157.0 670.0 909.0 464.0 909.0 681.0 522.0 681.0 
2 4 1.52 1.52 670.0 157.0 670.0 909.0 464.0 909.0 681.0 522.0 681.0 348.0 5.0 348.0 
2 5 1.78 1.78 670.0 157.0 670.0 909.0 464.0 909.0 681.0 522.0 681.0 348.0 5.0 348.0 27.0 7.0 27.0 
2 6 1.87 1.87 670.0 157.0 670.0 909.0 464.0 909.0 681.0 522.0 681.0 348.0 5.0 348.0 27.0 7.0 27.0 778.0 71.0 778.0 
2 3 1.51 1.51 253.0 179.0 253.0 992.0 499.0 992.0 250.0 77.0 250.0 
2 4 1.52 1.52 253.0 179.0 253.0 992.0 499.0 992.0 250.0 77.0 250.0 793.0 6.0 793.0 
2 5 1.54 1.54 253.0 179.0 253.0 992.0 499.0 992.0 250.0 77.0 250.0 793.0 6.0 793.0 621.0 12.0 621.0 
2 3 1.25 1.25 128.0 60.0 128.0 514.0 137.0 514.0 871.0 453.0 871.0 
2 4 1.85 1.85 128.0 60.0 128.0 514.0 137.0 514.0 871.0 453.0 871.0 15.0 9.0 15.0 
2 3 1.01 1.01 487.0 338.0 487.0 731.0 156.0 731.0 652.0 73.0 652.0 
2 4 1.66 1.66 487.0 338.0 487.0 731.0 156.0 731.0 652.0 73.0 652.0 245.0 157.0 245.0 
2 3 0.53 0.53 346.0 111.0 346.0 773.0 52.0 773.0 772.0 112.0 772.0 
2 4 0.83 0.83 346.0 111.0 346.0 773.0 52.0 773.0 772.0 112.0 772.0 451.0 138.0 451.0 
2 5 0.93 0.93 346.0 111.0 346.0 773.0 52.0 773.0 772.0 112.0 772.0 451.0 138.0 451.0 978.0 94.0 978.0 
2 6 1.13 1.13 346.0 111.0 346.0 773.0 52.0 773.0 772.0 112.0 772.0 451.0 138.0 451.0 978.0 94.0 978.0 899.0 181.0 899.0 
2 7 1.99 1.99 346.0 111.0 346.0 773.0 52.0 773.0 772.0 112.0 772.0 451.0 138.0 451.0 978.0 94.0 978.0 899.0 181.0 899.0 263.0 226.0 263.0 
2 3 0.74 0.74 184.0 19.0 184.0 864.0 234.0 864.0 677.0 248.0 677.0 
2 4 1.56 1.56 184.0 19.0 184.0 864.0 234.0 864.0 677.0 248.0 677.0 324.0 266.0 324.0 
2 5 1.61 1.61 184.0 19.0 184.0 864.0 234.0 864.0 677.0 248.0 677.0 324.0 266.0 324.0 40.0 2.0 40.0 
2 6 1.61 1.61 184.0 19.0 184.0 864.0 234.0 864.0 677.0 248.0 677.0 324.0 266.0 324.0 40.0 2.0 40.0 429.0 1.0 429.0 
2 7 1.76 1.76 184.0 19.0 184.0 864.0 234.0 864.0 677.0 248.0 677.0 324.0 266.0 324.0 40.0 2.0 40.0 429.0 1.0 429.0 366.0 56.0 366.0 
2 3 0.38 0.38 336.0 20.0 336.0 482.0 23.0 482.0 415.0 116.0 415.0 
2 4 0.79 0.79 336.0 20.0 336.0 482.0 23.0 482.0 415.0 116.0 415.0 653.0 264.0 653.0 
2 5 0.79 0.79 336.0 20.0 336.0 482.0 23.0 482.0 415.0 116.0 415.0 653.0 264.0 653.0 320.0 1.0 320.0 
2 6 1.05 1.05 336.0 20.0 336.0 482.0 23.0 482.0 415.0 116.0 415.0 653.0 264.0 653.0 320.0 1.0 320.0 450.0 119.0 450.0 
2 7 1.19 1.19 336.0 20.0 336.0 482.0 23.0 482.0 415.0 116.0 415.0 653.0 264.0 653.0 320.0 1.0 320.0 450.0 119.0 450.0 397.0 54.0 397.0 
2 8 1.48 1.48 336.0 20.0 336.0 482.0 23.0 482.0 415.0 116.0 415.0 653.0 264.0 653.0 320.0 1.0 320.0 450.0 119.0 450.0 397.0 54.0 397.0 937.0 276.0 937.0 
2 9 1.53 1.53 336.0 20.0 336.0 482.0 23.0 482.0 415.0 116.0 415.0 653.0 264.0 653.0 320.0 1.0 320.0 450.0 119.0 450.0 397.0 54.0 397.0 937.0 276.0 937.0 147.0 7.0 147.0 
2 3 0.95 0.95 956.0 142.0 956.0 636.0 432.0 636.0 711.0 87.0 711.0 
2 4 1.24 1.24 956.0 142.0 956.0 636.0 432.0 636.0 711.0 87.0 711.0 794.0 238.0 794.0 
2 5 1.39 1.39 956.0 142.0 956.0 636.0 432.0 636.0 711.0 87.0 711.0 794.0 238.0 794.0 884.0 132.0 884.0 
2 6 1.82 1.82 956.0 142.0 956.0 636.0 432.0 636.0 711.0 87.0 711.0 794.0 238.0 794.0 884.0 132.0 884.0 711.0 306.0 711.0 
2 3 1.64 1.64 543.0 423.0 543.0 290.0 132.0 290.0 972.0 403.0 972.0 
2 4 1.76 1.76 543.0 423.0 543.0 290.0 132.0 290.0 972.0 403.0 972.0 181.0 21.0 181.0 
2 3 0.69 0.69 478.0 11.0 478.0 79.0 2.0 79.0 226.0 146.0 226.0 
2 4 0.97 0.97 478.0 11.0 478.0 79.0 2.0 79.0 226.0 146.0 226.0 113.0 32.0 113.0 
2 5 1.59 1.59 478.0 11.0 478.0 79.0 2.0 79.0 226.0 146.0 226.0 113.0 32.0 113.0 623.0 385.0 623.0 
2 6 1.7 1.7 478.0 11.0 478.0 79.0 2.0 79.0 226.0 146.0 226.0 113.0 32.0 113.0 623.0 385.0 623.0 728.0 78.0 728.0 
2 7 1.91 1.91 478.0 11.0 478.0 79.0 2.0 79.0 226.0 146.0 226.0 113.0 32.0 113.0 623.0 385.0 623.0 728.0 78.0 728.0 174.0 37.0 174.0 
2 8 1.95 1.95 478.0 11.0 478.0 79.0 2.0 79.0 226.0 146.0 226.0 113.0 32.0 113.0 623.0 385.0 623.0 728.0 78.0 728.0 174.0 37.0 174.0 476.0 17.0 476.0 
2 3 1.57 1.57 319.0 93.0 319.0 454.0 340.0 454.0 328.0 176.0 328.0 
2 4 1.62 1.62 319.0 93.0 319.0 454.0 340.0 454.0 328.0 176.0 328.0 40.0 2.0 40.0 
2 3 1.14 1.14 100.0 13.0 100.0 717.0 507.0 717.0 341.0 104.0 341.0 
2 4 1.61 1.61 100.0 13.0 100.0 717.0 507.0 717.0 341.0 104.0 341.0 51.0 24.0 51.0 
2 5 1.66 1.66 100.0 13.0 100.0 717.0 507.0 717.0 341.0 104.0 341.0 51.0 24.0 51.0 441.0 25.0 441.0 
2 3 1.05 1.05 491.0 121.0 491.0 437.0 191.0 437.0 888.0 328.0 888.0 
2 4 1.93 1.93 491.0 121.0 491.0 437.0 191.0 437.0 888.0 328.0 888.0 941.0 831.0 941.0 
2 3 0.66 0.66 129.0 28.0 129.0 688.0 239.0 688.0 133.0 14.0 133.0 
2 4 1.55 1.55 129.0 28.0 129.0 688.0 239.0 688.0 133.0 14.0 133.0 793.0 706.0 793.0 
2 5 1.61 1.61 129.0 28.0 129.0 688.0 239.0 688.0 133.0 14.0 133.0 793.0 706.0 793.0 584.0 34.0 584.0 
2 3 1.17 1.17 330.0 286.0 330.0 514.0 140.0 514.0 654.0 26.0 654.0 
2 4 1.28 1.28 330.0 286.0 330.0 514.0 140.0 514.0 654.0 26.0 654.0 991.0 109.0 991.0 
2 5 1.97 1.97 330.0 286.0 330.0 514.0 140.0 514.0 654.0 26.0 654.0 991.0 109.0 991.0 402.0 277.0 402.0 
2 3 1.79 1.79 397.0 237.0 397.0 772.0 377.0 772.0 210.0 150.0 210.0 
2 4 1.93 1.93 397.0 237.0 397.0 772.0 377.0 772.0 210.0 150.0 210.0 724.0 101.0 724.0 
2 3 1.02 1.02 96.0 14.0 96.0 171.0 21.0 171.0 564.0 424.0 564.0 
2 4 1.65 1.65 96.0 14.0 96.0 171.0 21.0 171.0 564.0 424.0 564.0 471.0 300.0 471.0 
2 5 1.68 1.68 96.0 14.0 96.0 171.0 21.0 171.0 564.0 424.0 564.0 471.0 300.0 471.0 140.0 4.0 140.0 
2 6 1.69 1.69 96.0 14.0 96.0 171.0 21.0 171.0 564.0 424.0 564.0 471.0 300.0 471.0 140.0 4.0 140.0 193.0 1.0 193.0 
2 3 1.19 1.19 504.0 278.0 504.0 829.0 52.0 829.0 222.0 129.0 222.0 
2 4 1.28 1.28 504.0 278.0 504.0 829.0 52.0 829.0 222.0 129.0 222.0 232.0 20.0 232.0 
2 5 1.52 1.52 504.0 278.0 504.0 829.0 52.0 829.0 222.0 129.0 222.0 232.0 20.0 232.0 548.0 132.0 548.0 
2 6 1.71 1.71 504.0 278.0 504.0 829.0 52.0 829.0 222.0 129.0 222.0 232.0 20.0 232.0 548.0 132.0 548.0 353.0 68.0 353.0 
2 7 1.8 1.8 504.0 278.0 504.0 829.0 52.0 829.0 222.0 129.0 222.0 232.0 20.0 232.0 548.0 132.0 548.0 353.0 68.0 353.0 69.0 6.0 69.0 
2 3 1.97 1.97 645.0 615.0 645.0 524.0 36.0 524.0 126.0 120.0 126.0 
2 3 1.46 1.46 871.0 245.0 871.0 45.0 37.0 45.0 244.0 88.0 244.0 
2 4 1.64 1.64 871.0 245.0 871.0 45.0 37.0 45.0 244.0 88.0 244.0 457.0 81.0 457.0 
2 5 1.95 1.95 871.0 245.0 871.0 45.0 37.0 45.0 244.0 88.0 244.0 457.0 81.0 457.0 226.0 71.0 226.0 
2 3 0.86 0.86 967.0 49.0 967.0 506.0 352.0 506.0 535.0 61.0 535.0 
2 4 1.62 1.62 967.0 49.0 967.0 506.0 352.0 506.0 535.0 61.0 535.0 486.0 373.0 486.0 
2 3 0.44 0.44 374.0 44.0 374.0 640.0 171.0 640.0 611.0 37.0 611.0 
2 4 0.59 0.59 374.0 44.0 374.0 640.0 171.0 640.0 611.0 37.0 611.0 907.0 132.0 907.0 
2 5 0.67 0.67 374.0 44.0 374.0 640.0 171.0 640.0 611.0 37.0 611.0 907.0 132.0 907.0 971.0 85.0 971.0 
2 6 0.89 0.89 374.0 44.0 374.0 640.0 171.0 640.0 611.0 37.0 611.0 907.0 132.0 907.0 971.0 85.0 971.0 155.0 33.0 155.0 
2 7 1.21 1.21 374.0 44.0 374.0 640.0 171.0 640.0 611.0 37.0 611.0 907.0 132.0 907.0 971.0 85.0 971.0 155.0 33.0 155.0 842.0 273.0 842.0 
2 8 1.21 1.21 374.0 44.0 374.0 640.0 171.0 640.0 611.0 37.0 611.0 907.0 132.0 907.0 971.0 85.0 971.0 155.0 33.0 155.0 842.0 273.0 842.0 315.0 1.0 315.0 
2 9 1.55 1.55 374.0 44.0 374.0 640.0 171.0 640.0 611.0 37.0 611.0 907.0 132.0 907.0 971.0 85.0 971.0 155.0 33.0 155.0 842.0 273.0 842.0 315.0 1.0 315.0 516.0 172.0 516.0 
2 10 1.87 1.87 374.0 44.0 374.0 640.0 171.0 640.0 611.0 37.0 611.0 907.0 132.0 907.0 971.0 85.0 971.0 155.0 33.0 155.0 842.0 273.0 842.0 315.0 1.0 315.0 516.0 172.0 516.0 71.0 23.0 71.0 
2 3 1.17 1.17 859.0 512.0 859.0 686.0 104.0 686.0 629.0 266.0 629.0 
2 4 1.3 1.3 859.0 512.0 859.0 686.0 104.0 686.0 629.0 266.0 629.0 473.0 62.0 473.0 
2 3 1.88 1.88 817.0 756.0 817.0 978.0 489.0 978.0 315.0 144.0 315.0 
2 3 0.69 0.69 389.0 129.0 389.0 517.0 166.0 517.0 253.0 10.0 253.0 
2 4 0.8 0.8 389.0 129.0 389.0 517.0 166.0 517.0 253.0 10.0 253.0 903.0 104.0 903.0 
2 5 0.82 0.82 389.0 129.0 389.0 517.0 166.0 517.0 253.0 10.0 253.0 903.0 104.0 903.0 888.0 15.0 888.0 
2 6 0.98 0.98 389.0 129.0 389.0 517.0 166.0 517.0 253.0 10.0 253.0 903.0 104.0 903.0 888.0 15.0 888.0 988.0 160.0 988.0 
2 7 1.07 1.07 389.0 129.0 389.0 517.0 166.0 517.0 253.0 10.0 253.0 903.0 104.0 903.0 888.0 15.0 888.0 988.0 160.0 988.0 152.0 13.0 152.0 
2 8 1.33 1.33 389.0 129.0 389.0 517.0 166.0 517.0 253.0 10.0 253.0 903.0 104.0 903.0 888.0 15.0 888.0 988.0 160.0 988.0 152.0 13.0 152.0 510.0 136.0 510.0 
2 9 1.9 1.9 389.0 129.0 389.0 517.0 166.0 517.0 253.0 10.0 253.0 903.0 104.0 903.0 888.0 15.0 888.0 988.0 160.0 988.0 152.0 13.0 152.0 510.0 136.0 510.0 562.0 321.0 562.0 
2 3 1.16 1.16 151.0 135.0 151.0 232.0 4.0 232.0 105.0 27.0 105.0 
2 4 1.29 1.29 151.0 135.0 151.0 232.0 4.0 232.0 105.0 27.0 105.0 930.0 122.0 930.0 
2 5 1.5 1.5 151.0 135.0 151.0 232.0 4.0 232.0 105.0 27.0 105.0 930.0 122.0 930.0 668.0 136.0 668.0 
2 6 1.61 1.61 151.0 135.0 151.0 232.0 4.0 232.0 105.0 27.0 105.0 930.0 122.0 930.0 668.0 136.0 668.0 740.0 80.0 740.0 
2 7 1.89 1.89 151.0 135.0 151.0 232.0 4.0 232.0 105.0 27.0 105.0 930.0 122.0 930.0 668.0 136.0 668.0 740.0 80.0 740.0 53.0 15.0 53.0 
2 3 1.14 1.14 391.0 74.0 391.0 888.0 26.0 888.0 829.0 767.0 829.0 
2 4 1.32 1.32 391.0 74.0 391.0 888.0 26.0 888.0 829.0 767.0 829.0 296.0 55.0 296.0 
2 5 1.8 1.8 391.0 74.0 391.0 888.0 26.0 888.0 829.0 767.0 829.0 296.0 55.0 296.0 48.0 23.0 48.0 
2 3 1.48 1.48 50.0 37.0 50.0 692.0 393.0 692.0 168.0 30.0 168.0 
2 4 1.56 1.56 50.0 37.0 50.0 692.0 393.0 692.0 168.0 30.0 168.0 597.0 44.0 597.0 
2 5 1.63 1.63 50.0 37.0 50.0 692.0 393.0 692.0 168.0 30.0 168.0 597.0 44.0 597.0 973.0 77.0 973.0 
2 6 1.78 1.78 50.0 37.0 50.0 692.0 393.0 692.0 168.0 30.0 168.0 597.0 44.0 597.0 973.0 77.0 973.0 74.0 11.0 74.0 
2 7 1.89 1.89 50.0 37.0 50.0 692.0 393.0 692.0 168.0 30.0 168.0 597.0 44.0 597.0 973.0 77.0 973.0 74.0 11.0 74.0 681.0 74.0 681.0 
2 3 0.89 0.89 583.0 352.0 583.0 955.0 146.0 955.0 615.0 87.0 615.0 
2 4 0.96 0.96 583.0 352.0 583.0 955.0 146.0 955.0 615.0 87.0 615.0 270.0 18.0 270.0 
2 5 1.48 1.48 583.0 352.0 583.0 955.0 146.0 955.0 615.0 87.0 615.0 270.0 18.0 270.0 825.0 430.0 825.0 
2 6 1.59 1.59 583.0 352.0 583.0 955.0 146.0 955.0 615.0 87.0 615.0 270.0 18.0 270.0 825.0 430.0 825.0 807.0 84.0 807.0 
2 7 1.8 1.8 583.0 352.0 583.0 955.0 146.0 955.0 615.0 87.0 615.0 270.0 18.0 270.0 825.0 430.0 825.0 807.0 84.0 807.0 196.0 42.0 196.0 
2 3 0.12 0.12 559.0 34.0 559.0 604.0 35.0 604.0 176.0 1.0 176.0 
2 4 0.72 0.72 559.0 34.0 559.0 604.0 35.0 604.0 176.0 1.0 176.0 1000.0 600.0 1000.0 
2 5 0.77 0.77 559.0 34.0 559.0 604.0 35.0 604.0 176.0 1.0 176.0 1000.0 600.0 1000.0 39.0 2.0 39.0 
2 6 0.99 0.99 559.0 34.0 559.0 604.0 35.0 604.0 176.0 1.0 176.0 1000.0 600.0 1000.0 39.0 2.0 39.0 745.0 160.0 745.0 
2 7 1.03 1.03 559.0 34.0 559.0 604.0 35.0 604.0 176.0 1.0 176.0 1000.0 600.0 1000.0 39.0 2.0 39.0 745.0 160.0 745.0 918.0 45.0 918.0 
2 8 1.79 1.79 559.0 34.0 559.0 604.0 35.0 604.0 176.0 1.0 176.0 1000.0 600.0 1000.0 39.0 2.0 39.0 745.0 160.0 745.0 918.0 45.0 918.0 408.0 310.0 408.0 
2 9 1.96 1.96 559.0 34.0 559.0 604.0 35.0 604.0 176.0 1.0 176.0 1000.0 600.0 1000.0 39.0 2.0 39.0 745.0 160.0 745.0 918.0 45.0 918.0 408.0 310.0 408.0 127.0 21.0 127.0 
2 3 1.18 1.18 206.0 30.0 206.0 724.0 619.0 724.0 223.0 42.0 223.0 
2 4 1.66 1.66 206.0 30.0 206.0 724.0 619.0 724.0 223.0 42.0 223.0 849.0 400.0 849.0 
2 5 1.81 1.81 206.0 30.0 206.0 724.0 619.0 724.0 223.0 42.0 223.0 849.0 400.0 849.0 495.0 76.0 495.0 
2 3 0.67 0.67 871.0 59.0 871.0 466.0 110.0 466.0 611.0 229.0 611.0 
2 4 0.8 0.8 871.0 59.0 871.0 466.0 110.0 466.0 611.0 229.0 611.0 581.0 71.0 581.0 
2 5 1.63 1.63 871.0 59.0 871.0 466.0 110.0 466.0 611.0 229.0 611.0 581.0 71.0 581.0 754.0 630.0 754.0 
2 6 1.68 1.68 871.0 59.0 871.0 466.0 110.0 466.0 611.0 229.0 611.0 581.0 71.0 581.0 754.0 630.0 754.0 832.0 39.0 832.0 
2 7 1.85 1.85 871.0 59.0 871.0 466.0 110.0 466.0 611.0 229.0 611.0 581.0 71.0 581.0 754.0 630.0 754.0 832.0 39.0 832.0 285.0 48.0 285.0 
2 3 0.96 0.96 645.0 245.0 645.0 746.0 284.0 746.0 579.0 119.0 579.0 
2 4 1.12 1.12 645.0 245.0 645.0 746.0 284.0 746.0 579.0 119.0 579.0 826.0 132.0 826.0 
2 5 1.48 1.48 645.0 245.0 645.0 746.0 284.0 746.0 579.0 119.0 579.0 826.0 132.0 826.0 535.0 194.0 535.0 
2 3 1.19 1.19 70.0 19.0 70.0 904.0 584.0 904.0 277.0 77.0 277.0 
2 4 1.41 1.41 70.0 19.0 70.0 904.0 584.0 904.0 277.0 77.0 277.0 966.0 208.0 966.0 
2 3 0.86 0.86 527.0 130.0 527.0 820.0 56.0 820.0 822.0 449.0 822.0 
2 4 0.93 0.93 527.0 130.0 527.0 820.0 56.0 820.0 822.0 449.0 822.0 14.0 1.0 14.0 
2 5 1.22 1.22 527.0 130.0 527.0 820.0 56.0 820.0 822.0 449.0 822.0 14.0 1.0 14.0 268.0 78.0 268.0 
2 3 1.08 1.08 483.0 126.0 483.0 527.0 313.0 527.0 158.0 36.0 158.0 
2 4 1.09 1.09 483.0 126.0 483.0 527.0 313.0 527.0 158.0 36.0 158.0 266.0 3.0 266.0 
2 5 1.49 1.49 483.0 126.0 483.0 527.0 313.0 527.0 158.0 36.0 158.0 266.0 3.0 266.0 616.0 244.0 616.0 
2 3 1.29 1.29 137.0 22.0 137.0 664.0 335.0 664.0 870.0 544.0 870.0 
2 3 1.7 1.7 442.0 88.0 442.0 273.0 217.0 273.0 830.0 587.0 830.0 
2 4 1.97 1.97 442.0 88.0 442.0 273.0 217.0 273.0 830.0 587.0 830.0 241.0 67.0 241.0 
2 3 0.87 0.87 150.0 102.0 150.0 728.0 120.0 728.0 158.0 4.0 158.0 
2 4 1.08 1.08 150.0 102.0 150.0 728.0 120.0 728.0 158.0 4.0 158.0 967.0 212.0 967.0 
2 5 1.81 1.81 150.0 102.0 150.0 728.0 120.0 728.0 158.0 4.0 158.0 967.0 212.0 967.0 956.0 698.0 956.0 
2 3 0.99 0.99 870.0 531.0 870.0 984.0 25.0 984.0 527.0 187.0 527.0 
2 4 1.6 1.6 870.0 531.0 870.0 984.0 25.0 984.0 527.0 187.0 527.0 21.0 13.0 21.0 
2 3 0.83 0.83 484.0 27.0 484.0 237.0 182.0 237.0 398.0 3.0 398.0 
2 4 1.13 1.13 484.0 27.0 484.0 237.0 182.0 237.0 398.0 3.0 398.0 352.0 107.0 352.0 
2 5 1.35 1.35 484.0 27.0 484.0 237.0 182.0 237.0 398.0 3.0 398.0 352.0 107.0 352.0 27.0 6.0 27.0 
2 6 1.51 1.51 484.0 27.0 484.0 237.0 182.0 237.0 398.0 3.0 398.0 352.0 107.0 352.0 27.0 6.0 27.0 863.0 140.0 863.0 
2 7 1.6 1.6 484.0 27.0 484.0 237.0 182.0 237.0 398.0 3.0 398.0 352.0 107.0 352.0 27.0 6.0 27.0 863.0 140.0 863.0 697.0 60.0 697.0 
2 3 1.13 1.13 619.0 88.0 619.0 825.0 485.0 825.0 868.0 349.0 868.0 
2 4 1.63 1.63 619.0 88.0 619.0 825.0 485.0 825.0 868.0 349.0 868.0 520.0 260.0 520.0 
2 5 1.87 1.87 619.0 88.0 619.0 825.0 485.0 825.0 868.0 349.0 868.0 520.0 260.0 520.0 823.0 197.0 823.0 
2 6 1.96 1.96 619.0 88.0 619.0 825.0 485.0 825.0 868.0 349.0 868.0 520.0 260.0 520.0 823.0 197.0 823.0 287.0 28.0 287.0 
2 3 0.59 0.59 406.0 122.0 406.0 876.0 231.0 876.0 299.0 10.0 299.0 
2 4 0.64 0.64 406.0 122.0 406.0 876.0 231.0 876.0 299.0 10.0 299.0 62.0 3.0 62.0 
2 5 0.88 0.88 406.0 122.0 406.0 876.0 231.0 876.0 299.0 10.0 299.0 62.0 3.0 62.0 631.0 150.0 631.0 
2 6 0.93 0.93 406.0 122.0 406.0 876.0 231.0 876.0 299.0 10.0 299.0 62.0 3.0 62.0 631.0 150.0 631.0 651.0 31.0 651.0 
2 7 1.19 1.19 406.0 122.0 406.0 876.0 231.0 876.0 299.0 10.0 299.0 62.0 3.0 62.0 631.0 150.0 631.0 651.0 31.0 651.0 170.0 44.0 170.0 
2 8 1.56 1.56 406.0 122.0 406.0 876.0 231.0 876.0 299.0 10.0 299.0 62.0 3.0 62.0 631.0 150.0 631.0 651.0 31.0 651.0 170.0 44.0 170.0 657.0 247.0 657.0 
2 3 1.24 1.24 102.0 49.0 102.0 808.0 85.0 808.0 554.0 364.0 554.0 
2 3 0.59 0.59 965.0 208.0 965.0 969.0 108.0 969.0 538.0 144.0 538.0 
2 4 1.0 1.0 965.0 208.0 965.0 969.0 108.0 969.0 538.0 144.0 538.0 110.0 45.0 110.0 
2 5 1.26 1.26 965.0 208.0 965.0 969.0 108.0 969.0 538.0 144.0 538.0 110.0 45.0 110.0 269.0 71.0 269.0 
2 6 1.41 1.41 965.0 208.0 965.0 969.0 108.0 969.0 538.0 144.0 538.0 110.0 45.0 110.0 269.0 71.0 269.0 112.0 16.0 112.0 
2 7 1.46 1.46 965.0 208.0 965.0 969.0 108.0 969.0 538.0 144.0 538.0 110.0 45.0 110.0 269.0 71.0 269.0 112.0 16.0 112.0 895.0 46.0 895.0 
2 8 1.65 1.65 965.0 208.0 965.0 969.0 108.0 969.0 538.0 144.0 538.0 110.0 45.0 110.0 269.0 71.0 269.0 112.0 16.0 112.0 895.0 46.0 895.0 180.0 34.0 180.0 
2 3 1.64 1.64 850.0 166.0 850.0 997.0 849.0 997.0 287.0 171.0 287.0 
2 3 1.6 1.6 839.0 627.0 839.0 424.0 59.0 424.0 765.0 553.0 765.0 
2 3 0.44 0.44 487.0 22.0 487.0 20.0 7.0 20.0 599.0 27.0 599.0 
2 4 0.98 0.98 487.0 22.0 487.0 20.0 7.0 20.0 599.0 27.0 599.0 515.0 278.0 515.0 
2 5 1.6 1.6 487.0 22.0 487.0 20.0 7.0 20.0 599.0 27.0 599.0 515.0 278.0 515.0 698.0 436.0 698.0 
2 6 1.71 1.71 487.0 22.0 487.0 20.0 7.0 20.0 599.0 27.0 599.0 515.0 278.0 515.0 698.0 436.0 698.0 886.0 98.0 886.0 
2 3 1.82 1.82 661.0 416.0 661.0 632.0 503.0 632.0 683.0 272.0 683.0 
2 3 1.43 1.43 275.0 230.0 275.0 749.0 240.0 749.0 25.0 7.0 25.0 
2 3 0.99 0.99 681.0 51.0 681.0 579.0 456.0 579.0 330.0 43.0 330.0 
2 4 1.63 1.63 681.0 51.0 681.0 579.0 456.0 579.0 330.0 43.0 330.0 692.0 446.0 692.0 
2 5 1.65 1.65 681.0 51.0 681.0 579.0 456.0 579.0 330.0 43.0 330.0 692.0 446.0 692.0 47.0 1.0 47.0 
2 3 1.58 1.58 717.0 258.0 717.0 477.0 141.0 477.0 332.0 307.0 332.0 
2 4 1.97 1.97 717.0 258.0 717.0 477.0 141.0 477.0 332.0 307.0 332.0 662.0 260.0 662.0 
2 3 0.39 0.39 545.0 189.0 545.0 531.0 14.0 531.0 298.0 8.0 298.0 
2 4 1.2 1.2 545.0 189.0 545.0 531.0 14.0 531.0 298.0 8.0 298.0 869.0 696.0 869.0 
2 5 1.84 1.84 545.0 189.0 545.0 531.0 14.0 531.0 298.0 8.0 298.0 869.0 696.0 869.0 111.0 71.0 111.0 
2 6 1.89 1.89 545.0 189.0 545.0 531.0 14.0 531.0 298.0 8.0 298.0 869.0 696.0 869.0 111.0 71.0 111.0 658.0 34.0 658.0 
2 3 1.08 1.08 336.0 163.0 336.0 772.0 193.0 772.0 278.0 97.0 278.0 
2 4 1.85 1.85 336.0 163.0 336.0 772.0 193.0 772.0 278.0 97.0 278.0 196.0 151.0 196.0 
2 3 0.67 0.67 781.0 15.0 781.0 221.0 46.0 221.0 878.0 389.0 878.0 
2 4 1.1 1.1 781.0 15.0 781.0 221.0 46.0 221.0 878.0 389.0 878.0 575.0 251.0 575.0 
2 5 1.45 1.45 781.0 15.0 781.0 221.0 46.0 221.0 878.0 389.0 878.0 575.0 251.0 575.0 355.0 124.0 355.0 
2 6 1.45 1.45 781.0 15.0 781.0 221.0 46.0 221.0 878.0 389.0 878.0 575.0 251.0 575.0 355.0 124.0 355.0 766.0 2.0 766.0 
2 3 0.92 0.92 598.0 199.0 598.0 704.0 306.0 704.0 310.0 48.0 310.0 
2 4 1.04 1.04 598.0 199.0 598.0 704.0 306.0 704.0 310.0 48.0 310.0 260.0 31.0 260.0 
2 5 1.47 1.47 598.0 199.0 598.0 704.0 306.0 704.0 310.0 48.0 310.0 260.0 31.0 260.0 252.0 110.0 252.0 
2 6 1.47 1.47 598.0 199.0 598.0 704.0 306.0 704.0 310.0 48.0 310.0 260.0 31.0 260.0 252.0 110.0 252.0 753.0 1.0 753.0 
2 7 1.72 1.72 598.0 199.0 598.0 704.0 306.0 704.0 310.0 48.0 310.0 260.0 31.0 260.0 252.0 110.0 252.0 753.0 1.0 753.0 162.0 39.0 162.0 
2 3 1.76 1.76 470.0 443.0 470.0 89.0 50.0 89.0 647.0 170.0 647.0 
2 4 1.87 1.87 470.0 443.0 470.0 89.0 50.0 89.0 647.0 170.0 647.0 312.0 33.0 312.0 
2 3 0.85 0.85 436.0 189.0 436.0 407.0 12.0 407.0 929.0 367.0 929.0 
2 4 1.01 1.01 436.0 189.0 436.0 407.0 12.0 407.0 929.0 367.0 929.0 994.0 160.0 994.0 
2 5 1.13 1.13 436.0 189.0 436.0 407.0 12.0 407.0 929.0 367.0 929.0 994.0 160.0 994.0 400.0 48.0 400.0 
2 6 1.4 1.4 436.0 189.0 436.0 407.0 12.0 407.0 929.0 367.0 929.0 994.0 160.0 994.0 400.0 48.0 400.0 672.0 179.0 672.0 
2 7 1.44 1.44 436.0 189.0 436.0 407.0 12.0 407.0 929.0 367.0 929.0 994.0 160.0 994.0 400.0 48.0 400.0 672.0 179.0 672.0 654.0 29.0 654.0 
2 3 0.61 0.61 617.0 69.0 617.0 297.0 126.0 297.0 225.0 17.0 225.0 
2 4 0.84 0.84 617.0 69.0 617.0 297.0 126.0 297.0 225.0 17.0 225.0 501.0 117.0 501.0 
2 5 0.99 0.99 617.0 69.0 617.0 297.0 126.0 297.0 225.0 17.0 225.0 501.0 117.0 501.0 690.0 105.0 690.0 
2 6 1.8 1.8 617.0 69.0 617.0 297.0 126.0 297.0 225.0 17.0 225.0 501.0 117.0 501.0 690.0 105.0 690.0 362.0 291.0 362.0 
2 7 1.96 1.96 617.0 69.0 617.0 297.0 126.0 297.0 225.0 17.0 225.0 501.0 117.0 501.0 690.0 105.0 690.0 362.0 291.0 362.0 810.0 131.0 810.0 
2 3 1.56 1.56 549.0 406.0 549.0 973.0 674.0 973.0 339.0 44.0 339.0 
2 4 1.83 1.83 549.0 406.0 549.0 973.0 674.0 973.0 339.0 44.0 339.0 671.0 182.0 671.0 
2 3 1.21 1.21 684.0 96.0 684.0 715.0 345.0 715.0 73.0 43.0 73.0 
2 4 1.96 1.96 684.0 96.0 684.0 715.0 345.0 715.0 73.0 43.0 73.0 217.0 163.0 217.0 
2 5 1.99 1.99 684.0 96.0 684.0 715.0 345.0 715.0 73.0 43.0 73.0 217.0 163.0 217.0 115.0 4.0 115.0 
2 3 1.06 1.06 630.0 22.0 630.0 122.0 19.0 122.0 850.0 743.0 850.0 
2 4 1.59 1.59 630.0 22.0 630.0 122.0 19.0 122.0 850.0 743.0 850.0 638.0 340.0 638.0 
2 5 1.92 1.92 630.0 22.0 630.0 122.0 19.0 122.0 850.0 743.0 850.0 638.0 340.0 638.0 518.0 172.0 518.0 
2 3 1.62 1.62 185.0 117.0 185.0 219.0 187.0 219.0 970.0 136.0 970.0 
2 3 0.91 0.91 807.0 95.0 807.0 650.0 219.0 650.0 147.0 67.0 147.0 
2 4 0.98 0.98 807.0 95.0 807.0 650.0 219.0 650.0 147.0 67.0 147.0 740.0 52.0 740.0 
2 5 1.64 1.64 807.0 95.0 807.0 650.0 219.0 650.0 147.0 67.0 147.0 740.0 52.0 740.0 772.0 512.0 772.0 
2 3 0.82 0.82 330.0 205.0 330.0 990.0 86.0 990.0 128.0 15.0 128.0 
2 4 1.29 1.29 330.0 205.0 330.0 990.0 86.0 990.0 128.0 15.0 128.0 867.0 411.0 867.0 
2 5 1.48 1.48 330.0 205.0 330.0 990.0 86.0 990.0 128.0 15.0 128.0 867.0 411.0 867.0 978.0 177.0 978.0 
2 6 1.99 1.99 330.0 205.0 330.0 990.0 86.0 990.0 128.0 15.0 128.0 867.0 411.0 867.0 978.0 177.0 978.0 245.0 125.0 245.0 
2 3 0.7 0.7 831.0 111.0 831.0 781.0 59.0 781.0 30.0 15.0 30.0 
2 4 0.94 0.94 831.0 111.0 831.0 781.0 59.0 781.0 30.0 15.0 30.0 898.0 211.0 898.0 
2 5 1.05 1.05 831.0 111.0 831.0 781.0 59.0 781.0 30.0 15.0 30.0 898.0 211.0 898.0 385.0 43.0 385.0 
2 6 1.45 1.45 831.0 111.0 831.0 781.0 59.0 781.0 30.0 15.0 30.0 898.0 211.0 898.0 385.0 43.0 385.0 499.0 200.0 499.0 
2 3 0.59 0.59 387.0 65.0 387.0 904.0 338.0 904.0 430.0 25.0 430.0 
2 4 1.51 1.51 387.0 65.0 387.0 904.0 338.0 904.0 430.0 25.0 430.0 579.0 531.0 579.0 
2 5 1.7 1.7 387.0 65.0 387.0 904.0 338.0 904.0 430.0 25.0 430.0 579.0 531.0 579.0 529.0 98.0 529.0 
2 3 1.64 1.64 705.0 639.0 705.0 25.0 15.0 25.0 410.0 58.0 410.0 
2 3 0.75 0.75 227.0 141.0 227.0 473.0 48.0 473.0 73.0 2.0 73.0 
2 4 0.84 0.84 227.0 141.0 227.0 473.0 48.0 473.0 73.0 2.0 73.0 104.0 10.0 104.0 
2 5 1.61 1.61 227.0 141.0 227.0 473.0 48.0 473.0 73.0 2.0 73.0 104.0 10.0 104.0 366.0 281.0 366.0 
2 6 1.63 1.63 227.0 141.0 227.0 473.0 48.0 473.0 73.0 2.0 73.0 104.0 10.0 104.0 366.0 281.0 366.0 542.0 12.0 542.0 
2 3 0.27 0.27 21.0 2.0 21.0 158.0 1.0 158.0 17.0 3.0 17.0 
2 4 0.37 0.37 21.0 2.0 21.0 158.0 1.0 158.0 17.0 3.0 17.0 228.0 22.0 228.0 
2 5 0.44 0.44 21.0 2.0 21.0 158.0 1.0 158.0 17.0 3.0 17.0 228.0 22.0 228.0 61.0 4.0 61.0 
2 6 0.66 0.66 21.0 2.0 21.0 158.0 1.0 158.0 17.0 3.0 17.0 228.0 22.0 228.0 61.0 4.0 61.0 256.0 58.0 256.0 
2 7 1.03 1.03 21.0 2.0 21.0 158.0 1.0 158.0 17.0 3.0 17.0 228.0 22.0 228.0 61.0 4.0 61.0 256.0 58.0 256.0 233.0 85.0 233.0 
2 8 1.56 1.56 21.0 2.0 21.0 158.0 1.0 158.0 17.0 3.0 17.0 228.0 22.0 228.0 61.0 4.0 61.0 256.0 58.0 256.0 233.0 85.0 233.0 575.0 304.0 575.0 
2 9 1.84 1.84 21.0 2.0 21.0 158.0 1.0 158.0 17.0 3.0 17.0 228.0 22.0 228.0 61.0 4.0 61.0 256.0 58.0 256.0 233.0 85.0 233.0 575.0 304.0 575.0 462.0 133.0 462.0 
2 3 1.66 1.66 669.0 407.0 669.0 238.0 183.0 238.0 363.0 106.0 363.0 
2 4 1.98 1.98 669.0 407.0 669.0 238.0 183.0 238.0 363.0 106.0 363.0 400.0 128.0 400.0 
2 3 0.85 0.85 192.0 78.0 192.0 947.0 208.0 947.0 668.0 150.0 668.0 
2 4 1.58 1.58 192.0 78.0 192.0 947.0 208.0 947.0 668.0 150.0 668.0 892.0 659.0 892.0 
2 3 1.58 1.58 589.0 86.0 589.0 395.0 224.0 395.0 828.0 722.0 828.0 
2 3 1.53 1.53 401.0 229.0 401.0 484.0 333.0 484.0 580.0 159.0 580.0 
2 3 1.76 1.76 325.0 23.0 325.0 945.0 848.0 945.0 296.0 236.0 296.0 
2 4 1.86 1.86 325.0 23.0 325.0 945.0 848.0 945.0 296.0 236.0 296.0 543.0 53.0 543.0 
2 3 0.45 0.45 988.0 13.0 988.0 237.0 103.0 237.0 551.0 6.0 551.0 
2 4 0.75 0.75 988.0 13.0 988.0 237.0 103.0 237.0 551.0 6.0 551.0 800.0 238.0 800.0 
2 5 1.03 1.03 988.0 13.0 988.0 237.0 103.0 237.0 551.0 6.0 551.0 800.0 238.0 800.0 279.0 77.0 279.0 
2 6 1.25 1.25 988.0 13.0 988.0 237.0 103.0 237.0 551.0 6.0 551.0 800.0 238.0 800.0 279.0 77.0 279.0 390.0 86.0 390.0 
2 7 1.52 1.52 988.0 13.0 988.0 237.0 103.0 237.0 551.0 6.0 551.0 800.0 238.0 800.0 279.0 77.0 279.0 390.0 86.0 390.0 654.0 177.0 654.0 
2 8 1.57 1.57 988.0 13.0 988.0 237.0 103.0 237.0 551.0 6.0 551.0 800.0 238.0 800.0 279.0 77.0 279.0 390.0 86.0 390.0 654.0 177.0 654.0 750.0 38.0 750.0 
2 3 1.95 1.95 351.0 8.0 351.0 930.0 903.0 930.0 576.0 552.0 576.0 
2 3 1.69 1.69 162.0 139.0 162.0 961.0 495.0 961.0 481.0 156.0 481.0 
2 4 1.81 1.81 162.0 139.0 162.0 961.0 495.0 961.0 481.0 156.0 481.0 149.0 17.0 149.0 
2 5 1.9 1.9 162.0 139.0 162.0 961.0 495.0 961.0 481.0 156.0 481.0 149.0 17.0 149.0 935.0 92.0 935.0 
2 6 1.96 1.96 162.0 139.0 162.0 961.0 495.0 961.0 481.0 156.0 481.0 149.0 17.0 149.0 935.0 92.0 935.0 229.0 12.0 229.0 
2 3 1.06 1.06 184.0 13.0 184.0 906.0 246.0 906.0 513.0 371.0 513.0 
2 4 1.09 1.09 184.0 13.0 184.0 906.0 246.0 906.0 513.0 371.0 513.0 463.0 15.0 463.0 
2 5 1.25 1.25 184.0 13.0 184.0 906.0 246.0 906.0 513.0 371.0 513.0 463.0 15.0 463.0 422.0 67.0 422.0 
2 6 1.91 1.91 184.0 13.0 184.0 906.0 246.0 906.0 513.0 371.0 513.0 463.0 15.0 463.0 422.0 67.0 422.0 954.0 630.0 954.0 
2 3 1.14 1.14 245.0 185.0 245.0 31.0 4.0 31.0 221.0 57.0 221.0 
2 4 1.78 1.78 245.0 185.0 245.0 31.0 4.0 31.0 221.0 57.0 221.0 491.0 318.0 491.0 
2 3 0.81 0.81 167.0 37.0 167.0 113.0 46.0 113.0 793.0 148.0 793.0 
2 4 1.08 1.08 167.0 37.0 167.0 113.0 46.0 113.0 793.0 148.0 793.0 955.0 255.0 955.0 
2 5 1.64 1.64 167.0 37.0 167.0 113.0 46.0 113.0 793.0 148.0 793.0 955.0 255.0 955.0 91.0 51.0 91.0 
2 3 1.23 1.23 459.0 190.0 459.0 596.0 476.0 596.0 50.0 1.0 50.0 
2 4 1.47 1.47 459.0 190.0 459.0 596.0 476.0 596.0 50.0 1.0 50.0 151.0 36.0 151.0 
2 5 1.9 1.9 459.0 190.0 459.0 596.0 476.0 596.0 50.0 1.0 50.0 151.0 36.0 151.0 622.0 271.0 622.0 
2 3 1.77 1.77 21.0 10.0 21.0 85.0 40.0 85.0 751.0 623.0 751.0 
2 4 1.88 1.88 21.0 10.0 21.0 85.0 40.0 85.0 751.0 623.0 751.0 698.0 74.0 698.0 
2 5 1.96 1.96 21.0 10.0 21.0 85.0 40.0 85.0 751.0 623.0 751.0 698.0 74.0 698.0 876.0 70.0 876.0 
2 3 1.58 1.58 471.0 82.0 471.0 861.0 771.0 861.0 342.0 176.0 342.0 
2 3 0.32 0.32 368.0 75.0 368.0 46.0 2.0 46.0 202.0 15.0 202.0 
2 4 0.74 0.74 368.0 75.0 368.0 46.0 2.0 46.0 202.0 15.0 202.0 203.0 85.0 203.0 
2 5 1.05 1.05 368.0 75.0 368.0 46.0 2.0 46.0 202.0 15.0 202.0 203.0 85.0 203.0 830.0 265.0 830.0 
2 6 1.23 1.23 368.0 75.0 368.0 46.0 2.0 46.0 202.0 15.0 202.0 203.0 85.0 203.0 830.0 265.0 830.0 446.0 79.0 446.0 
2 7 1.29 1.29 368.0 75.0 368.0 46.0 2.0 46.0 202.0 15.0 202.0 203.0 85.0 203.0 830.0 265.0 830.0 446.0 79.0 446.0 669.0 42.0 669.0 
2 8 1.64 1.64 368.0 75.0 368.0 46.0 2.0 46.0 202.0 15.0 202.0 203.0 85.0 203.0 830.0 265.0 830.0 446.0 79.0 446.0 669.0 42.0 669.0 639.0 219.0 639.0 
2 3 1.16 1.16 132.0 87.0 132.0 517.0 199.0 517.0 328.0 41.0 328.0 
2 4 1.26 1.26 132.0 87.0 132.0 517.0 199.0 517.0 328.0 41.0 328.0 837.0 77.0 837.0 
2 5 1.91 1.91 132.0 87.0 132.0 517.0 199.0 517.0 328.0 41.0 328.0 837.0 77.0 837.0 713.0 469.0 713.0 
2 6 1.94 1.94 132.0 87.0 132.0 517.0 199.0 517.0 328.0 41.0 328.0 837.0 77.0 837.0 713.0 469.0 713.0 272.0 6.0 272.0 
2 7 1.97 1.97 132.0 87.0 132.0 517.0 199.0 517.0 328.0 41.0 328.0 837.0 77.0 837.0 713.0 469.0 713.0 272.0 6.0 272.0 502.0 17.0 502.0 
2 3 0.71 0.71 473.0 222.0 473.0 12.0 1.0 12.0 808.0 134.0 808.0 
2 4 0.94 0.94 473.0 222.0 473.0 12.0 1.0 12.0 808.0 134.0 808.0 378.0 84.0 378.0 
2 5 1.02 1.02 473.0 222.0 473.0 12.0 1.0 12.0 808.0 134.0 808.0 378.0 84.0 378.0 890.0 76.0 890.0 
2 6 1.34 1.34 473.0 222.0 473.0 12.0 1.0 12.0 808.0 134.0 808.0 378.0 84.0 378.0 890.0 76.0 890.0 729.0 230.0 729.0 
2 7 1.59 1.59 473.0 222.0 473.0 12.0 1.0 12.0 808.0 134.0 808.0 378.0 84.0 378.0 890.0 76.0 890.0 729.0 230.0 729.0 948.0 241.0 948.0 
2 8 1.6 1.6 473.0 222.0 473.0 12.0 1.0 12.0 808.0 134.0 808.0 378.0 84.0 378.0 890.0 76.0 890.0 729.0 230.0 729.0 948.0 241.0 948.0 314.0 4.0 314.0 
2 3 0.86 0.86 893.0 292.0 893.0 419.0 27.0 419.0 223.0 105.0 223.0 
2 4 1.29 1.29 893.0 292.0 893.0 419.0 27.0 419.0 223.0 105.0 223.0 712.0 306.0 712.0 
2 5 1.3 1.3 893.0 292.0 893.0 419.0 27.0 419.0 223.0 105.0 223.0 712.0 306.0 712.0 228.0 3.0 228.0 
2 6 1.8 1.8 893.0 292.0 893.0 419.0 27.0 419.0 223.0 105.0 223.0 712.0 306.0 712.0 228.0 3.0 228.0 805.0 404.0 805.0 
2 7 1.98 1.98 893.0 292.0 893.0 419.0 27.0 419.0 223.0 105.0 223.0 712.0 306.0 712.0 228.0 3.0 228.0 805.0 404.0 805.0 484.0 86.0 484.0 
2 3 1.38 1.38 229.0 165.0 229.0 499.0 215.0 499.0 138.0 32.0 138.0 
2 4 1.7 1.7 229.0 165.0 229.0 499.0 215.0 499.0 138.0 32.0 138.0 450.0 143.0 450.0 
2 5 1.73 1.73 229.0 165.0 229.0 499.0 215.0 499.0 138.0 32.0 138.0 450.0 143.0 450.0 365.0 13.0 365.0 
2 6 1.74 1.74 229.0 165.0 229.0 499.0 215.0 499.0 138.0 32.0 138.0 450.0 143.0 450.0 365.0 13.0 365.0 395.0 3.0 395.0 
2 3 1.01 1.01 389.0 192.0 389.0 854.0 357.0 854.0 384.0 40.0 384.0 
2 4 1.59 1.59 389.0 192.0 389.0 854.0 357.0 854.0 384.0 40.0 384.0 350.0 203.0 350.0 
2 3 1.33 1.33 175.0 50.0 175.0 352.0 90.0 352.0 220.0 174.0 220.0 
2 4 1.53 1.53 175.0 50.0 175.0 352.0 90.0 352.0 220.0 174.0 220.0 830.0 166.0 830.0 
2 5 1.82 1.82 175.0 50.0 175.0 352.0 90.0 352.0 220.0 174.0 220.0 830.0 166.0 830.0 865.0 249.0 865.0 
2 6 1.95 1.95 175.0 50.0 175.0 352.0 90.0 352.0 220.0 174.0 220.0 830.0 166.0 830.0 865.0 249.0 865.0 971.0 131.0 971.0 
2 3 1.2 1.2 650.0 182.0 650.0 689.0 311.0 689.0 839.0 396.0 839.0 
2 4 1.7 1.7 650.0 182.0 650.0 689.0 311.0 689.0 839.0 396.0 839.0 417.0 210.0 417.0 
2 3 1.2 1.2 627.0 23.0 627.0 812.0 557.0 812.0 134.0 64.0 134.0 
2 4 1.89 1.89 627.0 23.0 627.0 812.0 557.0 812.0 134.0 64.0 134.0 347.0 241.0 347.0 
2 3 0.85 0.85 640.0 277.0 640.0 954.0 234.0 954.0 911.0 161.0 911.0 
2 4 1.55 1.55 640.0 277.0 640.0 954.0 234.0 954.0 911.0 161.0 911.0 356.0 251.0 356.0 
2 3 0.57 0.57 870.0 39.0 870.0 611.0 15.0 611.0 721.0 365.0 721.0 
2 4 0.9 0.9 870.0 39.0 870.0 611.0 15.0 611.0 721.0 365.0 721.0 175.0 58.0 175.0 
2 5 0.94 0.94 870.0 39.0 870.0 611.0 15.0 611.0 721.0 365.0 721.0 175.0 58.0 175.0 356.0 14.0 356.0 
2 6 1.75 1.75 870.0 39.0 870.0 611.0 15.0 611.0 721.0 365.0 721.0 175.0 58.0 175.0 356.0 14.0 356.0 497.0 403.0 497.0 
2 7 1.97 1.97 870.0 39.0 870.0 611.0 15.0 611.0 721.0 365.0 721.0 175.0 58.0 175.0 356.0 14.0 356.0 497.0 403.0 497.0 196.0 43.0 196.0 
2 3 1.35 1.35 614.0 579.0 614.0 895.0 176.0 895.0 500.0 108.0 500.0 
2 4 1.53 1.53 614.0 579.0 614.0 895.0 176.0 895.0 500.0 108.0 500.0 254.0 46.0 254.0 
2 5 1.93 1.93 614.0 579.0 614.0 895.0 176.0 895.0 500.0 108.0 500.0 254.0 46.0 254.0 623.0 248.0 623.0 
2 3 1.66 1.66 777.0 342.0 777.0 438.0 385.0 438.0 860.0 297.0 860.0 
2 4 1.92 1.92 777.0 342.0 777.0 438.0 385.0 438.0 860.0 297.0 860.0 92.0 24.0 92.0 
2 3 0.78 0.78 948.0 5.0 948.0 714.0 465.0 714.0 32.0 4.0 32.0 
2 4 1.39 1.39 948.0 5.0 948.0 714.0 465.0 714.0 32.0 4.0 32.0 216.0 132.0 216.0 
2 5 1.73 1.73 948.0 5.0 948.0 714.0 465.0 714.0 32.0 4.0 32.0 216.0 132.0 216.0 534.0 184.0 534.0 
2 6 1.78 1.78 948.0 5.0 948.0 714.0 465.0 714.0 32.0 4.0 32.0 216.0 132.0 216.0 534.0 184.0 534.0 233.0 10.0 233.0 
2 3 0.63 0.63 147.0 25.0 147.0 468.0 146.0 468.0 232.0 36.0 232.0 
2 4 0.95 0.95 147.0 25.0 147.0 468.0 146.0 468.0 232.0 36.0 232.0 900.0 282.0 900.0 
2 5 1.67 1.67 147.0 25.0 147.0 468.0 146.0 468.0 232.0 36.0 232.0 900.0 282.0 900.0 759.0 549.0 759.0 
2 6 1.73 1.73 147.0 25.0 147.0 468.0 146.0 468.0 232.0 36.0 232.0 900.0 282.0 900.0 759.0 549.0 759.0 213.0 14.0 213.0 
2 3 0.72 0.72 823.0 109.0 823.0 117.0 45.0 117.0 819.0 170.0 819.0 
2 4 1.19 1.19 823.0 109.0 823.0 117.0 45.0 117.0 819.0 170.0 819.0 578.0 271.0 578.0 
2 5 1.64 1.64 823.0 109.0 823.0 117.0 45.0 117.0 819.0 170.0 819.0 578.0 271.0 578.0 992.0 447.0 992.0 
2 3 1.42 1.42 92.0 51.0 92.0 289.0 83.0 289.0 675.0 392.0 675.0 
2 3 1.65 1.65 36.0 31.0 36.0 90.0 23.0 90.0 578.0 312.0 578.0 
2 4 1.98 1.98 36.0 31.0 36.0 90.0 23.0 90.0 578.0 312.0 578.0 3.0 1.0 3.0 
2 3 0.91 0.91 528.0 20.0 528.0 714.0 214.0 714.0 403.0 234.0 403.0 
2 4 1.17 1.17 528.0 20.0 528.0 714.0 214.0 714.0 403.0 234.0 403.0 188.0 49.0 188.0 
2 5 1.23 1.23 528.0 20.0 528.0 714.0 214.0 714.0 403.0 234.0 403.0 188.0 49.0 188.0 497.0 27.0 497.0 
2 6 1.47 1.47 528.0 20.0 528.0 714.0 214.0 714.0 403.0 234.0 403.0 188.0 49.0 188.0 497.0 27.0 497.0 281.0 69.0 281.0 
2 3 1.16 1.16 336.0 64.0 336.0 752.0 602.0 752.0 589.0 105.0 589.0 
2 4 1.84 1.84 336.0 64.0 336.0 752.0 602.0 752.0 589.0 105.0 589.0 316.0 215.0 316.0 
2 3 1.36 1.36 935.0 290.0 935.0 200.0 142.0 200.0 910.0 318.0 910.0 
2 4 1.72 1.72 935.0 290.0 935.0 200.0 142.0 200.0 910.0 318.0 910.0 828.0 294.0 828.0 
2 3 1.05 1.05 982.0 209.0 982.0 433.0 255.0 433.0 55.0 14.0 55.0 
2 4 1.97 1.97 982.0 209.0 982.0 433.0 255.0 433.0 55.0 14.0 55.0 749.0 686.0 749.0 
2 3 0.53 0.53 446.0 48.0 446.0 611.0 61.0 611.0 576.0 187.0 576.0 
2 4 0.98 0.98 446.0 48.0 446.0 611.0 61.0 611.0 576.0 187.0 576.0 684.0 309.0 684.0 
2 5 1.44 1.44 446.0 48.0 446.0 611.0 61.0 611.0 576.0 187.0 576.0 684.0 309.0 684.0 852.0 392.0 852.0 
2 3 1.44 1.44 856.0 275.0 856.0 797.0 721.0 797.0 881.0 189.0 881.0 
2 4 1.88 1.88 856.0 275.0 856.0 797.0 721.0 797.0 881.0 189.0 881.0 990.0 444.0 990.0 
2 3 1.14 1.14 823.0 392.0 823.0 172.0 75.0 172.0 85.0 20.0 85.0 
2 4 1.23 1.23 823.0 392.0 823.0 172.0 75.0 172.0 85.0 20.0 85.0 786.0 70.0 786.0 
2 5 1.77 1.77 823.0 392.0 823.0 172.0 75.0 172.0 85.0 20.0 85.0 786.0 70.0 786.0 229.0 123.0 229.0 
2 3 0.7 0.7 349.0 73.0 349.0 196.0 43.0 196.0 209.0 58.0 209.0 
2 4 0.71 0.71 349.0 73.0 349.0 196.0 43.0 196.0 209.0 58.0 209.0 319.0 4.0 319.0 
2 5 0.85 0.85 349.0 73.0 349.0 196.0 43.0 196.0 209.0 58.0 209.0 319.0 4.0 319.0 440.0 58.0 440.0 
2 6 1.82 1.82 349.0 73.0 349.0 196.0 43.0 196.0 209.0 58.0 209.0 319.0 4.0 319.0 440.0 58.0 440.0 611.0 598.0 611.0 
2 3 1.96 1.96 171.0 148.0 171.0 760.0 109.0 760.0 769.0 739.0 769.0 
2 3 1.53 1.53 9.0 5.0 9.0 603.0 333.0 603.0 825.0 354.0 825.0 
2 4 1.98 1.98 9.0 5.0 9.0 603.0 333.0 603.0 825.0 354.0 825.0 460.0 205.0 460.0 
2 3 1.52 1.52 222.0 37.0 222.0 989.0 358.0 989.0 235.0 235.0 235.0 
2 4 1.53 1.53 222.0 37.0 222.0 989.0 358.0 989.0 235.0 235.0 235.0 699.0 3.0 699.0 
2 5 1.69 1.69 222.0 37.0 222.0 989.0 358.0 989.0 235.0 235.0 235.0 699.0 3.0 699.0 975.0 160.0 975.0 
2 6 1.79 1.79 222.0 37.0 222.0 989.0 358.0 989.0 235.0 235.0 235.0 699.0 3.0 699.0 975.0 160.0 975.0 604.0 61.0 604.0 
2 3 1.72 1.72 951.0 127.0 951.0 829.0 590.0 829.0 206.0 181.0 206.0 
2 4 1.78 1.78 951.0 127.0 951.0 829.0 590.0 829.0 206.0 181.0 206.0 668.0 44.0 668.0 
2 3 0.86 0.86 638.0 290.0 638.0 590.0 27.0 590.0 238.0 87.0 238.0 
2 4 1.85 1.85 638.0 290.0 638.0 590.0 27.0 590.0 238.0 87.0 238.0 996.0 983.0 996.0 
2 3 0.75 0.75 132.0 9.0 132.0 246.0 68.0 246.0 22.0 9.0 22.0 
2 4 1.56 1.56 132.0 9.0 132.0 246.0 68.0 246.0 22.0 9.0 22.0 960.0 777.0 960.0 
2 5 1.83 1.83 132.0 9.0 132.0 246.0 68.0 246.0 22.0 9.0 22.0 960.0 777.0 960.0 570.0 154.0 570.0 
2 3 0.74 0.74 785.0 144.0 785.0 671.0 115.0 671.0 526.0 207.0 526.0 
2 4 1.35 1.35 785.0 144.0 785.0 671.0 115.0 671.0 526.0 207.0 526.0 690.0 422.0 690.0 
2 3 0.53 0.53 366.0 29.0 366.0 932.0 47.0 932.0 139.0 56.0 139.0 
2 4 0.78 0.78 366.0 29.0 366.0 932.0 47.0 932.0 139.0 56.0 139.0 873.0 223.0 873.0 
2 5 1.36 1.36 366.0 29.0 366.0 932.0 47.0 932.0 139.0 56.0 139.0 873.0 223.0 873.0 362.0 209.0 362.0 
2 6 1.5 1.5 366.0 29.0 366.0 932.0 47.0 932.0 139.0 56.0 139.0 873.0 223.0 873.0 362.0 209.0 362.0 92.0 13.0 92.0 
2 3 0.74 0.74 1000.0 7.0 1000.0 165.0 39.0 165.0 656.0 331.0 656.0 
2 4 0.89 0.89 1000.0 7.0 1000.0 165.0 39.0 165.0 656.0 331.0 656.0 563.0 81.0 563.0 
2 5 1.2 1.2 1000.0 7.0 1000.0 165.0 39.0 165.0 656.0 331.0 656.0 563.0 81.0 563.0 943.0 300.0 943.0 
2 6 1.24 1.24 1000.0 7.0 1000.0 165.0 39.0 165.0 656.0 331.0 656.0 563.0 81.0 563.0 943.0 300.0 943.0 983.0 33.0 983.0 
2 7 1.61 1.61 1000.0 7.0 1000.0 165.0 39.0 165.0 656.0 331.0 656.0 563.0 81.0 563.0 943.0 300.0 943.0 983.0 33.0 983.0 861.0 323.0 861.0 
2 8 1.95 1.95 1000.0 7.0 1000.0 165.0 39.0 165.0 656.0 331.0 656.0 563.0 81.0 563.0 943.0 300.0 943.0 983.0 33.0 983.0 861.0 323.0 861.0 533.0 178.0 533.0 
2 3 1.09 1.09 930.0 283.0 930.0 652.0 235.0 652.0 378.0 161.0 378.0 
2 4 1.21 1.21 930.0 283.0 930.0 652.0 235.0 652.0 378.0 161.0 378.0 877.0 112.0 877.0 
2 3 1.37 1.37 901.0 398.0 901.0 208.0 49.0 208.0 903.0 628.0 903.0 
2 4 1.8 1.8 901.0 398.0 901.0 208.0 49.0 208.0 903.0 628.0 903.0 228.0 98.0 228.0 
2 5 1.86 1.86 901.0 398.0 901.0 208.0 49.0 208.0 903.0 628.0 903.0 228.0 98.0 228.0 274.0 18.0 274.0 
2 6 1.93 1.93 901.0 398.0 901.0 208.0 49.0 208.0 903.0 628.0 903.0 228.0 98.0 228.0 274.0 18.0 274.0 28.0 2.0 28.0 
2 3 0.84 0.84 997.0 257.0 997.0 251.0 123.0 251.0 587.0 55.0 587.0 
2 4 1.34 1.34 997.0 257.0 997.0 251.0 123.0 251.0 587.0 55.0 587.0 957.0 482.0 957.0 
2 5 1.45 1.45 997.0 257.0 997.0 251.0 123.0 251.0 587.0 55.0 587.0 957.0 482.0 957.0 999.0 110.0 999.0 
2 3 1.35 1.35 248.0 42.0 248.0 534.0 506.0 534.0 389.0 93.0 389.0 
2 4 1.4 1.4 248.0 42.0 248.0 534.0 506.0 534.0 389.0 93.0 389.0 672.0 30.0 672.0 
2 5 1.79 1.79 248.0 42.0 248.0 534.0 506.0 534.0 389.0 93.0 389.0 672.0 30.0 672.0 138.0 55.0 138.0 
2 3 0.89 0.89 364.0 103.0 364.0 675.0 317.0 675.0 158.0 23.0 158.0 
2 4 1.87 1.87 364.0 103.0 364.0 675.0 317.0 675.0 158.0 23.0 158.0 328.0 321.0 328.0 
2 5 1.88 1.88 364.0 103.0 364.0 675.0 317.0 675.0 158.0 23.0 158.0 328.0 321.0 328.0 838.0 7.0 838.0 
2 6 1.96 1.96 364.0 103.0 364.0 675.0 317.0 675.0 158.0 23.0 158.0 328.0 321.0 328.0 838.0 7.0 838.0 282.0 22.0 282.0 
2 3 1.18 1.18 668.0 50.0 668.0 862.0 388.0 862.0 864.0 571.0 864.0 
2 4 1.54 1.54 668.0 50.0 668.0 862.0 388.0 862.0 864.0 571.0 864.0 536.0 195.0 536.0 
2 5 1.75 1.75 668.0 50.0 668.0 862.0 388.0 862.0 864.0 571.0 864.0 536.0 195.0 536.0 315.0 65.0 315.0 
2 6 1.79 1.79 668.0 50.0 668.0 862.0 388.0 862.0 864.0 571.0 864.0 536.0 195.0 536.0 315.0 65.0 315.0 423.0 16.0 423.0 
2 3 0.92 0.92 163.0 49.0 163.0 266.0 81.0 266.0 913.0 289.0 913.0 
2 4 1.86 1.86 163.0 49.0 163.0 266.0 81.0 266.0 913.0 289.0 913.0 929.0 872.0 929.0 
2 3 1.87 1.87 125.0 54.0 125.0 734.0 560.0 734.0 725.0 490.0 725.0 
2 3 0.67 0.67 48.0 7.0 48.0 8.0 3.0 8.0 649.0 103.0 649.0 
2 4 0.75 0.75 48.0 7.0 48.0 8.0 3.0 8.0 649.0 103.0 649.0 636.0 51.0 636.0 
2 5 1.17 1.17 48.0 7.0 48.0 8.0 3.0 8.0 649.0 103.0 649.0 636.0 51.0 636.0 922.0 385.0 922.0 
2 6 1.32 1.32 48.0 7.0 48.0 8.0 3.0 8.0 649.0 103.0 649.0 636.0 51.0 636.0 922.0 385.0 922.0 355.0 54.0 355.0 
2 7 1.63 1.63 48.0 7.0 48.0 8.0 3.0 8.0 649.0 103.0 649.0 636.0 51.0 636.0 922.0 385.0 922.0 355.0 54.0 355.0 864.0 261.0 864.0 
2 8 1.96 1.96 48.0 7.0 48.0 8.0 3.0 8.0 649.0 103.0 649.0 636.0 51.0 636.0 922.0 385.0 922.0 355.0 54.0 355.0 864.0 261.0 864.0 931.0 311.0 931.0 
2 3 0.48 0.48 555.0 188.0 555.0 544.0 9.0 544.0 931.0 123.0 931.0 
2 4 1.07 1.07 555.0 188.0 555.0 544.0 9.0 544.0 931.0 123.0 931.0 276.0 163.0 276.0 
2 5 1.15 1.15 555.0 188.0 555.0 544.0 9.0 544.0 931.0 123.0 931.0 276.0 163.0 276.0 688.0 54.0 688.0 
2 6 1.55 1.55 555.0 188.0 555.0 544.0 9.0 544.0 931.0 123.0 931.0 276.0 163.0 276.0 688.0 54.0 688.0 139.0 56.0 139.0 
2 7 1.85 1.85 555.0 188.0 555.0 544.0 9.0 544.0 931.0 123.0 931.0 276.0 163.0 276.0 688.0 54.0 688.0 139.0 56.0 139.0 682.0 203.0 682.0 
2 3 0.79 0.79 87.0 47.0 87.0 564.0 44.0 564.0 29.0 5.0 29.0 
2 4 1.21 1.21 87.0 47.0 87.0 564.0 44.0 564.0 29.0 5.0 29.0 7.0 3.0 7.0 
2 5 1.42 1.42 87.0 47.0 87.0 564.0 44.0 564.0 29.0 5.0 29.0 7.0 3.0 7.0 693.0 144.0 693.0 
2 6 1.59 1.59 87.0 47.0 87.0 564.0 44.0 564.0 29.0 5.0 29.0 7.0 3.0 7.0 693.0 144.0 693.0 29.0 5.0 29.0 
2 3 1.38 1.38 883.0 754.0 883.0 168.0 29.0 168.0 403.0 145.0 403.0 
2 4 1.64 1.64 883.0 754.0 883.0 168.0 29.0 168.0 403.0 145.0 403.0 828.0 213.0 828.0 
2 3 1.65 1.65 430.0 180.0 430.0 6.0 3.0 6.0 499.0 365.0 499.0 
2 4 1.67 1.67 430.0 180.0 430.0 6.0 3.0 6.0 499.0 365.0 499.0 264.0 7.0 264.0 
2 3 0.7 0.7 785.0 38.0 785.0 52.0 15.0 52.0 134.0 49.0 134.0 
2 4 0.86 0.86 785.0 38.0 785.0 52.0 15.0 52.0 134.0 49.0 134.0 549.0 90.0 549.0 
2 5 1.24 1.24 785.0 38.0 785.0 52.0 15.0 52.0 134.0 49.0 134.0 549.0 90.0 549.0 468.0 179.0 468.0 
2 6 1.35 1.35 785.0 38.0 785.0 52.0 15.0 52.0 134.0 49.0 134.0 549.0 90.0 549.0 468.0 179.0 468.0 715.0 79.0 715.0 
2 7 1.49 1.49 785.0 38.0 785.0 52.0 15.0 52.0 134.0 49.0 134.0 549.0 90.0 549.0 468.0 179.0 468.0 715.0 79.0 715.0 444.0 60.0 444.0 
2 8 1.8 1.8 785.0 38.0 785.0 52.0 15.0 52.0 134.0 49.0 134.0 549.0 90.0 549.0 468.0 179.0 468.0 715.0 79.0 715.0 444.0 60.0 444.0 172.0 53.0 172.0 
2 9 1.82 1.82 785.0 38.0 785.0 52.0 15.0 52.0 134.0 49.0 134.0 549.0 90.0 549.0 468.0 179.0 468.0 715.0 79.0 715.0 444.0 60.0 444.0 172.0 53.0 172.0 604.0 13.0 604.0 
2 3 0.22 0.22 887.0 118.0 887.0 215.0 4.0 215.0 951.0 70.0 951.0 
2 4 0.71 0.71 887.0 118.0 887.0 215.0 4.0 215.0 951.0 70.0 951.0 579.0 285.0 579.0 
2 5 1.3 1.3 887.0 118.0 887.0 215.0 4.0 215.0 951.0 70.0 951.0 579.0 285.0 579.0 377.0 223.0 377.0 
2 6 1.35 1.35 887.0 118.0 887.0 215.0 4.0 215.0 951.0 70.0 951.0 579.0 285.0 579.0 377.0 223.0 377.0 862.0 43.0 862.0 
2 7 1.57 1.57 887.0 118.0 887.0 215.0 4.0 215.0 951.0 70.0 951.0 579.0 285.0 579.0 377.0 223.0 377.0 862.0 43.0 862.0 480.0 105.0 480.0 
2 8 1.89 1.89 887.0 118.0 887.0 215.0 4.0 215.0 951.0 70.0 951.0 579.0 285.0 579.0 377.0 223.0 377.0 862.0 43.0 862.0 480.0 105.0 480.0 490.0 154.0 490.0 
2 3 0.93 0.93 570.0 68.0 570.0 678.0 193.0 678.0 679.0 360.0 679.0 
2 4 0.98 0.98 570.0 68.0 570.0 678.0 193.0 678.0 679.0 360.0 679.0 258.0 12.0 258.0 
2 5 1.31 1.31 570.0 68.0 570.0 678.0 193.0 678.0 679.0 360.0 679.0 258.0 12.0 258.0 418.0 141.0 418.0 
2 6 1.73 1.73 570.0 68.0 570.0 678.0 193.0 678.0 679.0 360.0 679.0 258.0 12.0 258.0 418.0 141.0 418.0 736.0 304.0 736.0 
2 7 1.79 1.79 570.0 68.0 570.0 678.0 193.0 678.0 679.0 360.0 679.0 258.0 12.0 258.0 418.0 141.0 418.0 736.0 304.0 736.0 700.0 47.0 700.0 
2 8 1.89 1.89 570.0 68.0 570.0 678.0 193.0 678.0 679.0 360.0 679.0 258.0 12.0 258.0 418.0 141.0 418.0 736.0 304.0 736.0 700.0 47.0 700.0 555.0 56.0 555.0 
2 3 1.25 1.25 206.0 25.0 206.0 581.0 279.0 581.0 388.0 252.0 388.0 
2 4 1.71 1.71 206.0 25.0 206.0 581.0 279.0 581.0 388.0 252.0 388.0 529.0 246.0 529.0 
2 5 1.86 1.86 206.0 25.0 206.0 581.0 279.0 581.0 388.0 252.0 388.0 529.0 246.0 529.0 740.0 113.0 740.0 
2 3 0.62 0.62 992.0 486.0 992.0 993.0 70.0 993.0 983.0 59.0 983.0 
2 4 1.07 1.07 992.0 486.0 992.0 993.0 70.0 993.0 983.0 59.0 983.0 924.0 416.0 924.0 
2 5 1.15 1.15 992.0 486.0 992.0 993.0 70.0 993.0 983.0 59.0 983.0 924.0 416.0 924.0 90.0 8.0 90.0 
2 6 1.46 1.46 992.0 486.0 992.0 993.0 70.0 993.0 983.0 59.0 983.0 924.0 416.0 924.0 90.0 8.0 90.0 715.0 221.0 715.0 
2 7 1.79 1.79 992.0 486.0 992.0 993.0 70.0 993.0 983.0 59.0 983.0 924.0 416.0 924.0 90.0 8.0 90.0 715.0 221.0 715.0 853.0 281.0 853.0 
2 3 0.97 0.97 131.0 96.0 131.0 513.0 4.0 513.0 52.0 12.0 52.0 
2 4 1.29 1.29 131.0 96.0 131.0 513.0 4.0 513.0 52.0 12.0 52.0 282.0 92.0 282.0 
2 5 1.6 1.6 131.0 96.0 131.0 513.0 4.0 513.0 52.0 12.0 52.0 282.0 92.0 282.0 274.0 85.0 274.0 
2 3 0.31 0.31 345.0 24.0 345.0 497.0 30.0 497.0 578.0 109.0 578.0 
2 4 0.32 0.32 345.0 24.0 345.0 497.0 30.0 497.0 578.0 109.0 578.0 846.0 4.0 846.0 
2 5 0.46 0.46 345.0 24.0 345.0 497.0 30.0 497.0 578.0 109.0 578.0 846.0 4.0 846.0 403.0 57.0 403.0 
2 6 0.66 0.66 345.0 24.0 345.0 497.0 30.0 497.0 578.0 109.0 578.0 846.0 4.0 846.0 403.0 57.0 403.0 664.0 136.0 664.0 
2 7 1.06 1.06 345.0 24.0 345.0 497.0 30.0 497.0 578.0 109.0 578.0 846.0 4.0 846.0 403.0 57.0 403.0 664.0 136.0 664.0 45.0 18.0 45.0 
2 8 1.25 1.25 345.0 24.0 345.0 497.0 30.0 497.0 578.0 109.0 578.0 846.0 4.0 846.0 403.0 57.0 403.0 664.0 136.0 664.0 45.0 18.0 45.0 766.0 143.0 766.0 
2 9 1.73 1.73 345.0 24.0 345.0 497.0 30.0 497.0 578.0 109.0 578.0 846.0 4.0 846.0 403.0 57.0 403.0 664.0 136.0 664.0 45.0 18.0 45.0 766.0 143.0 766.0 260.0 125.0 260.0 
2 3 0.77 0.77 612.0 160.0 612.0 578.0 278.0 578.0 676.0 22.0 676.0 
2 4 1.48 1.48 612.0 160.0 612.0 578.0 278.0 578.0 676.0 22.0 676.0 883.0 623.0 883.0 
2 5 1.51 1.51 612.0 160.0 612.0 578.0 278.0 578.0 676.0 22.0 676.0 883.0 623.0 883.0 907.0 35.0 907.0 
2 3 1.66 1.66 625.0 429.0 625.0 612.0 448.0 612.0 28.0 7.0 28.0 
2 4 1.91 1.91 625.0 429.0 625.0 612.0 448.0 612.0 28.0 7.0 28.0 389.0 95.0 389.0 
2 3 0.49 0.49 963.0 70.0 963.0 938.0 100.0 938.0 528.0 167.0 528.0 
2 4 0.91 0.91 963.0 70.0 963.0 938.0 100.0 938.0 528.0 167.0 528.0 854.0 361.0 854.0 
2 5 0.96 0.96 963.0 70.0 963.0 938.0 100.0 938.0 528.0 167.0 528.0 854.0 361.0 854.0 949.0 44.0 949.0 
2 6 1.68 1.68 963.0 70.0 963.0 938.0 100.0 938.0 528.0 167.0 528.0 854.0 361.0 854.0 949.0 44.0 949.0 994.0 716.0 994.0 
2 3 0.82 0.82 396.0 157.0 396.0 413.0 163.0 413.0 357.0 11.0 357.0 
2 4 0.89 0.89 396.0 157.0 396.0 413.0 163.0 413.0 357.0 11.0 357.0 253.0 18.0 253.0 
2 5 1.05 1.05 396.0 157.0 396.0 413.0 163.0 413.0 357.0 11.0 357.0 253.0 18.0 253.0 978.0 162.0 978.0 
2 6 1.4 1.4 396.0 157.0 396.0 413.0 163.0 413.0 357.0 11.0 357.0 253.0 18.0 253.0 978.0 162.0 978.0 46.0 16.0 46.0 
2 7 1.94 1.94 396.0 157.0 396.0 413.0 163.0 413.0 357.0 11.0 357.0 253.0 18.0 253.0 978.0 162.0 978.0 46.0 16.0 46.0 231.0 125.0 231.0 
2 3 0.9 0.9 998.0 250.0 998.0 195.0 35.0 195.0 883.0 423.0 883.0 
2 4 1.15 1.15 998.0 250.0 998.0 195.0 35.0 195.0 883.0 423.0 883.0 908.0 219.0 908.0 
2 5 1.36 1.36 998.0 250.0 998.0 195.0 35.0 195.0 883.0 423.0 883.0 908.0 219.0 908.0 781.0 165.0 781.0 
2 3 1.89 1.89 930.0 492.0 930.0 597.0 436.0 597.0 303.0 194.0 303.0 
2 3 1.06 1.06 141.0 53.0 141.0 64.0 19.0 64.0 406.0 159.0 406.0 
2 4 1.12 1.12 141.0 53.0 141.0 64.0 19.0 64.0 406.0 159.0 406.0 192.0 12.0 192.0 
2 5 1.27 1.27 141.0 53.0 141.0 64.0 19.0 64.0 406.0 159.0 406.0 192.0 12.0 192.0 626.0 91.0 626.0 
2 3 0.59 0.59 748.0 442.0 748.0 902.0 1.0 902.0 851.0 2.0 851.0 
2 4 1.04 1.04 748.0 442.0 748.0 902.0 1.0 902.0 851.0 2.0 851.0 523.0 234.0 523.0 
2 5 1.19 1.19 748.0 442.0 748.0 902.0 1.0 902.0 851.0 2.0 851.0 523.0 234.0 523.0 829.0 123.0 829.0 
2 6 1.63 1.63 748.0 442.0 748.0 902.0 1.0 902.0 851.0 2.0 851.0 523.0 234.0 523.0 829.0 123.0 829.0 697.0 309.0 697.0 
2 7 1.88 1.88 748.0 442.0 748.0 902.0 1.0 902.0 851.0 2.0 851.0 523.0 234.0 523.0 829.0 123.0 829.0 697.0 309.0 697.0 536.0 136.0 536.0 
2 8 1.98 1.98 748.0 442.0 748.0 902.0 1.0 902.0 851.0 2.0 851.0 523.0 234.0 523.0 829.0 123.0 829.0 697.0 309.0 697.0 536.0 136.0 536.0 785.0 77.0 785.0 
2 3 0.65 0.65 397.0 68.0 397.0 501.0 64.0 501.0 983.0 346.0 983.0 
2 4 1.02 1.02 397.0 68.0 397.0 501.0 64.0 501.0 983.0 346.0 983.0 858.0 323.0 858.0 
2 5 1.54 1.54 397.0 68.0 397.0 501.0 64.0 501.0 983.0 346.0 983.0 858.0 323.0 858.0 54.0 28.0 54.0 
2 6 1.73 1.73 397.0 68.0 397.0 501.0 64.0 501.0 983.0 346.0 983.0 858.0 323.0 858.0 54.0 28.0 54.0 350.0 65.0 350.0 
2 3 1.96 1.96 88.0 41.0 88.0 280.0 257.0 280.0 880.0 512.0 880.0 
2 3 1.43 1.43 833.0 8.0 833.0 268.0 194.0 268.0 935.0 652.0 935.0 
2 4 1.43 1.43 833.0 8.0 833.0 268.0 194.0 268.0 935.0 652.0 935.0 648.0 1.0 648.0 
2 5 1.81 1.81 833.0 8.0 833.0 268.0 194.0 268.0 935.0 652.0 935.0 648.0 1.0 648.0 31.0 12.0 31.0 
2 3 0.98 0.98 276.0 20.0 276.0 992.0 491.0 992.0 82.0 34.0 82.0 
2 4 1.72 1.72 276.0 20.0 276.0 992.0 491.0 992.0 82.0 34.0 82.0 674.0 499.0 674.0 
2 3 1.26 1.26 637.0 162.0 637.0 2.0 1.0 2.0 776.0 397.0 776.0 
2 4 1.51 1.51 637.0 162.0 637.0 2.0 1.0 2.0 776.0 397.0 776.0 727.0 181.0 727.0 
2 3 0.72 0.72 900.0 544.0 900.0 906.0 21.0 906.0 936.0 88.0 936.0 
2 4 1.12 1.12 900.0 544.0 900.0 906.0 21.0 906.0 936.0 88.0 936.0 356.0 142.0 356.0 
2 5 1.44 1.44 900.0 544.0 900.0 906.0 21.0 906.0 936.0 88.0 936.0 356.0 142.0 356.0 301.0 97.0 301.0 
2 6 1.67 1.67 900.0 544.0 900.0 906.0 21.0 906.0 936.0 88.0 936.0 356.0 142.0 356.0 301.0 97.0 301.0 743.0 173.0 743.0 
2 3 0.36 0.36 308.0 65.0 308.0 360.0 3.0 360.0 160.0 23.0 160.0 
2 4 0.53 0.53 308.0 65.0 308.0 360.0 3.0 360.0 160.0 23.0 160.0 464.0 80.0 464.0 
2 5 1.48 1.48 308.0 65.0 308.0 360.0 3.0 360.0 160.0 23.0 160.0 464.0 80.0 464.0 895.0 853.0 895.0 
2 3 0.94 0.94 337.0 57.0 337.0 189.0 34.0 189.0 542.0 325.0 542.0 
2 4 0.98 0.98 337.0 57.0 337.0 189.0 34.0 189.0 542.0 325.0 542.0 983.0 34.0 983.0 
2 5 1.13 1.13 337.0 57.0 337.0 189.0 34.0 189.0 542.0 325.0 542.0 983.0 34.0 983.0 218.0 34.0 218.0 
2 6 1.21 1.21 337.0 57.0 337.0 189.0 34.0 189.0 542.0 325.0 542.0 983.0 34.0 983.0 218.0 34.0 218.0 871.0 69.0 871.0 
2 7 1.48 1.48 337.0 57.0 337.0 189.0 34.0 189.0 542.0 325.0 542.0 983.0 34.0 983.0 218.0 34.0 218.0 871.0 69.0 871.0 522.0 141.0 522.0 
2 8 1.63 1.63 337.0 57.0 337.0 189.0 34.0 189.0 542.0 325.0 542.0 983.0 34.0 983.0 218.0 34.0 218.0 871.0 69.0 871.0 522.0 141.0 522.0 506.0 76.0 506.0 
2 3 1.47 1.47 278.0 89.0 278.0 91.0 20.0 91.0 176.0 164.0 176.0 
2 3 0.67 0.67 415.0 123.0 415.0 213.0 44.0 213.0 46.0 8.0 46.0 
2 4 1.22 1.22 415.0 123.0 415.0 213.0 44.0 213.0 46.0 8.0 46.0 669.0 368.0 669.0 
2 3 0.83 0.83 55.0 18.0 55.0 847.0 327.0 847.0 147.0 18.0 147.0 
2 4 1.83 1.83 55.0 18.0 55.0 847.0 327.0 847.0 147.0 18.0 147.0 552.0 549.0 552.0 
2 3 0.59 0.59 184.0 87.0 184.0 593.0 69.0 593.0 783.0 6.0 783.0 
2 4 1.04 1.04 184.0 87.0 184.0 593.0 69.0 593.0 783.0 6.0 783.0 691.0 308.0 691.0 
2 5 1.19 1.19 184.0 87.0 184.0 593.0 69.0 593.0 783.0 6.0 783.0 691.0 308.0 691.0 537.0 82.0 537.0 
2 3 1.05 1.05 140.0 25.0 140.0 702.0 293.0 702.0 451.0 207.0 451.0 
2 4 1.11 1.11 140.0 25.0 140.0 702.0 293.0 702.0 451.0 207.0 451.0 18.0 1.0 18.0 
2 5 1.27 1.27 140.0 25.0 140.0 702.0 293.0 702.0 451.0 207.0 451.0 18.0 1.0 18.0 221.0 37.0 221.0 
2 6 1.55 1.55 140.0 25.0 140.0 702.0 293.0 702.0 451.0 207.0 451.0 18.0 1.0 18.0 221.0 37.0 221.0 799.0 220.0 799.0 
2 3 1.12 1.12 493.0 116.0 493.0 74.0 16.0 74.0 771.0 519.0 771.0 
2 4 1.34 1.34 493.0 116.0 493.0 74.0 16.0 74.0 771.0 519.0 771.0 460.0 102.0 460.0 
2 5 1.56 1.56 493.0 116.0 493.0 74.0 16.0 74.0 771.0 519.0 771.0 460.0 102.0 460.0 245.0 54.0 245.0 
2 6 1.6 1.6 493.0 116.0 493.0 74.0 16.0 74.0 771.0 519.0 771.0 460.0 102.0 460.0 245.0 54.0 245.0 361.0 12.0 361.0 
2 3 0.84 0.84 614.0 303.0 614.0 430.0 111.0 430.0 582.0 52.0 582.0 
2 4 1.23 1.23 614.0 303.0 614.0 430.0 111.0 430.0 582.0 52.0 582.0 785.0 308.0 785.0 
2 5 1.47 1.47 614.0 303.0 614.0 430.0 111.0 430.0 582.0 52.0 582.0 785.0 308.0 785.0 284.0 70.0 284.0 
2 6 1.63 1.63 614.0 303.0 614.0 430.0 111.0 430.0 582.0 52.0 582.0 785.0 308.0 785.0 284.0 70.0 284.0 677.0 106.0 677.0 
2 7 1.78 1.78 614.0 303.0 614.0 430.0 111.0 430.0 582.0 52.0 582.0 785.0 308.0 785.0 284.0 70.0 284.0 677.0 106.0 677.0 435.0 64.0 435.0 
2 3 1.36 1.36 725.0 198.0 725.0 669.0 401.0 669.0 517.0 254.0 517.0 
2 4 1.5 1.5 725.0 198.0 725.0 669.0 401.0 669.0 517.0 254.0 517.0 938.0 132.0 938.0 
2 5 1.52 1.52 725.0 198.0 725.0 669.0 401.0 669.0 517.0 254.0 517.0 938.0 132.0 938.0 205.0 4.0 205.0 
2 3 1.68 1.68 339.0 46.0 339.0 437.0 264.0 437.0 430.0 406.0 430.0 
2 3 1.95 1.95 228.0 197.0 228.0 628.0 537.0 628.0 68.0 16.0 68.0 
2 3 1.83 1.83 341.0 103.0 341.0 682.0 466.0 682.0 881.0 747.0 881.0 
2 3 1.51 1.51 290.0 80.0 290.0 548.0 263.0 548.0 841.0 642.0 841.0 
2 4 1.56 1.56 290.0 80.0 290.0 548.0 263.0 548.0 841.0 642.0 841.0 888.0 40.0 888.0 
2 3 1.13 1.13 132.0 59.0 132.0 161.0 110.0 161.0 923.0 6.0 923.0 
2 4 1.24 1.24 132.0 59.0 132.0 161.0 110.0 161.0 923.0 6.0 923.0 115.0 12.0 115.0 
2 5 1.55 1.55 132.0 59.0 132.0 161.0 110.0 161.0 923.0 6.0 923.0 115.0 12.0 115.0 845.0 267.0 845.0 
2 3 1.54 1.54 78.0 72.0 78.0 365.0 126.0 365.0 788.0 218.0 788.0 
2 3 1.67 1.67 726.0 677.0 726.0 609.0 105.0 609.0 228.0 130.0 228.0 
2 3 1.78 1.78 287.0 125.0 287.0 807.0 721.0 807.0 288.0 132.0 288.0 
2 4 1.86 1.86 287.0 125.0 287.0 807.0 721.0 807.0 288.0 132.0 288.0 882.0 69.0 882.0 
2 3 1.53 1.53 879.0 553.0 879.0 794.0 10.0 794.0 806.0 717.0 806.0 
2 4 1.62 1.62 879.0 553.0 879.0 794.0 10.0 794.0 806.0 717.0 806.0 72.0 7.0 72.0 
2 3 1.28 1.28 179.0 36.0 179.0 881.0 220.0 881.0 651.0 541.0 651.0 
2 4 1.33 1.33 179.0 36.0 179.0 881.0 220.0 881.0 651.0 541.0 651.0 429.0 21.0 429.0 
2 5 1.47 1.47 179.0 36.0 179.0 881.0 220.0 881.0 651.0 541.0 651.0 429.0 21.0 429.0 890.0 131.0 890.0 
2 6 1.5 1.5 179.0 36.0 179.0 881.0 220.0 881.0 651.0 541.0 651.0 429.0 21.0 429.0 890.0 131.0 890.0 393.0 12.0 393.0 
2 7 1.6 1.6 179.0 36.0 179.0 881.0 220.0 881.0 651.0 541.0 651.0 429.0 21.0 429.0 890.0 131.0 890.0 393.0 12.0 393.0 118.0 11.0 118.0 
2 8 1.91 1.91 179.0 36.0 179.0 881.0 220.0 881.0 651.0 541.0 651.0 429.0 21.0 429.0 890.0 131.0 890.0 393.0 12.0 393.0 118.0 11.0 118.0 668.0 207.0 668.0 
2 3 0.36 0.36 60.0 12.0 60.0 104.0 6.0 104.0 541.0 59.0 541.0 
2 4 0.82 0.82 60.0 12.0 60.0 104.0 6.0 104.0 541.0 59.0 541.0 90.0 41.0 90.0 
2 5 0.87 0.87 60.0 12.0 60.0 104.0 6.0 104.0 541.0 59.0 541.0 90.0 41.0 90.0 259.0 13.0 259.0 
2 6 1.62 1.62 60.0 12.0 60.0 104.0 6.0 104.0 541.0 59.0 541.0 90.0 41.0 90.0 259.0 13.0 259.0 624.0 467.0 624.0 
2 7 1.79 1.79 60.0 12.0 60.0 104.0 6.0 104.0 541.0 59.0 541.0 90.0 41.0 90.0 259.0 13.0 259.0 624.0 467.0 624.0 945.0 164.0 945.0 
2 3 0.6 0.6 511.0 40.0 511.0 526.0 64.0 526.0 499.0 202.0 499.0 
2 4 0.78 0.78 511.0 40.0 511.0 526.0 64.0 526.0 499.0 202.0 499.0 356.0 64.0 356.0 
2 5 0.82 0.82 511.0 40.0 511.0 526.0 64.0 526.0 499.0 202.0 499.0 356.0 64.0 356.0 315.0 12.0 315.0 
2 6 1.41 1.41 511.0 40.0 511.0 526.0 64.0 526.0 499.0 202.0 499.0 356.0 64.0 356.0 315.0 12.0 315.0 196.0 116.0 196.0 
2 7 1.65 1.65 511.0 40.0 511.0 526.0 64.0 526.0 499.0 202.0 499.0 356.0 64.0 356.0 315.0 12.0 315.0 196.0 116.0 196.0 176.0 43.0 176.0 
2 8 1.88 1.88 511.0 40.0 511.0 526.0 64.0 526.0 499.0 202.0 499.0 356.0 64.0 356.0 315.0 12.0 315.0 196.0 116.0 196.0 176.0 43.0 176.0 522.0 120.0 522.0 
2 3 0.83 0.83 179.0 19.0 179.0 435.0 218.0 435.0 815.0 187.0 815.0 
2 4 1.15 1.15 179.0 19.0 179.0 435.0 218.0 435.0 815.0 187.0 815.0 882.0 279.0 882.0 
2 5 1.15 1.15 179.0 19.0 179.0 435.0 218.0 435.0 815.0 187.0 815.0 882.0 279.0 882.0 847.0 2.0 847.0 
2 6 1.72 1.72 179.0 19.0 179.0 435.0 218.0 435.0 815.0 187.0 815.0 882.0 279.0 882.0 847.0 2.0 847.0 341.0 194.0 341.0 
2 3 1.12 1.12 701.0 270.0 701.0 816.0 511.0 816.0 97.0 11.0 97.0 
2 4 1.85 1.85 701.0 270.0 701.0 816.0 511.0 816.0 97.0 11.0 97.0 743.0 546.0 743.0 
2 5 1.93 1.93 701.0 270.0 701.0 816.0 511.0 816.0 97.0 11.0 97.0 743.0 546.0 743.0 631.0 45.0 631.0 
2 3 1.43 1.43 225.0 131.0 225.0 918.0 110.0 918.0 463.0 338.0 463.0 
