1 2 0.72 0.72 681.0 87.0 681.0 20.0 12.0 20.0 
1 3 0.83 0.83 681.0 87.0 681.0 20.0 12.0 20.0 770.0 82.0 770.0 
1 2 0.37 0.37 988.0 287.0 988.0 256.0 21.0 256.0 
1 3 0.96 0.96 988.0 287.0 988.0 256.0 21.0 256.0 339.0 202.0 339.0 
1 2 0.2 0.2 492.0 62.0 492.0 432.0 34.0 432.0 
1 3 0.29 0.29 492.0 62.0 492.0 432.0 34.0 432.0 884.0 81.0 884.0 
1 4 0.73 0.73 492.0 62.0 492.0 432.0 34.0 432.0 884.0 81.0 884.0 505.0 220.0 505.0 
1 5 0.85 0.85 492.0 62.0 492.0 432.0 34.0 432.0 884.0 81.0 884.0 505.0 220.0 505.0 933.0 111.0 933.0 
1 6 0.97 0.97 492.0 62.0 492.0 432.0 34.0 432.0 884.0 81.0 884.0 505.0 220.0 505.0 933.0 111.0 933.0 322.0 39.0 322.0 
1 2 0.58 0.58 993.0 118.0 993.0 451.0 209.0 451.0 
1 2 0.13 0.13 338.0 20.0 338.0 119.0 9.0 119.0 
1 3 0.3 0.3 338.0 20.0 338.0 119.0 9.0 119.0 54.0 9.0 54.0 
1 4 0.97 0.97 338.0 20.0 338.0 119.0 9.0 119.0 54.0 9.0 54.0 692.0 466.0 692.0 
1 2 0.4 0.4 781.0 259.0 781.0 488.0 34.0 488.0 
1 2 0.57 0.57 59.0 21.0 59.0 632.0 137.0 632.0 
1 3 0.9 0.9 59.0 21.0 59.0 632.0 137.0 632.0 739.0 244.0 739.0 
1 4 0.98 0.98 59.0 21.0 59.0 632.0 137.0 632.0 739.0 244.0 739.0 363.0 31.0 363.0 
1 2 0.76 0.76 65.0 47.0 65.0 908.0 40.0 908.0 
1 2 0.63 0.63 716.0 345.0 716.0 83.0 13.0 83.0 
1 2 0.32 0.32 407.0 86.0 407.0 848.0 99.0 848.0 
1 3 0.62 0.62 407.0 86.0 407.0 848.0 99.0 848.0 162.0 48.0 162.0 
1 4 0.74 0.74 407.0 86.0 407.0 848.0 99.0 848.0 162.0 48.0 162.0 958.0 117.0 958.0 
1 2 0.89 0.89 86.0 55.0 86.0 387.0 100.0 387.0 
1 2 0.64 0.64 519.0 58.0 519.0 93.0 50.0 93.0 
1 3 0.96 0.96 519.0 58.0 519.0 93.0 50.0 93.0 244.0 76.0 244.0 
1 2 0.58 0.58 273.0 115.0 273.0 30.0 5.0 30.0 
1 2 0.26 0.26 932.0 221.0 932.0 711.0 20.0 711.0 
1 2 0.65 0.65 461.0 173.0 461.0 780.0 218.0 780.0 
1 2 0.51 0.51 704.0 358.0 704.0 428.0 4.0 428.0 
1 2 0.76 0.76 884.0 571.0 884.0 923.0 110.0 923.0 
1 2 0.8 0.8 419.0 104.0 419.0 572.0 316.0 572.0 
1 2 0.3 0.3 476.0 140.0 476.0 265.0 3.0 265.0 
1 3 0.56 0.56 476.0 140.0 476.0 265.0 3.0 265.0 155.0 40.0 155.0 
1 2 0.18 0.18 713.0 76.0 713.0 583.0 43.0 583.0 
1 3 0.53 0.53 713.0 76.0 713.0 583.0 43.0 583.0 996.0 350.0 996.0 
1 4 0.85 0.85 713.0 76.0 713.0 583.0 43.0 583.0 996.0 350.0 996.0 844.0 270.0 844.0 
1 2 0.79 0.79 727.0 126.0 727.0 894.0 560.0 894.0 
1 3 0.97 0.97 727.0 126.0 727.0 894.0 560.0 894.0 423.0 76.0 423.0 
1 2 0.42 0.42 650.0 168.0 650.0 599.0 100.0 599.0 
1 3 0.45 0.45 650.0 168.0 650.0 599.0 100.0 599.0 609.0 21.0 609.0 
1 2 0.53 0.53 417.0 83.0 417.0 855.0 283.0 855.0 
1 3 0.91 0.91 417.0 83.0 417.0 855.0 283.0 855.0 71.0 27.0 71.0 
1 2 0.83 0.83 517.0 136.0 517.0 154.0 88.0 154.0 
1 2 0.79 0.79 288.0 98.0 288.0 818.0 375.0 818.0 
1 2 0.84 0.84 296.0 232.0 296.0 305.0 19.0 305.0 
1 3 0.85 0.85 296.0 232.0 296.0 305.0 19.0 305.0 864.0 7.0 864.0 
1 2 0.87 0.87 298.0 68.0 298.0 762.0 492.0 762.0 
1 2 0.52 0.52 220.0 12.0 220.0 526.0 248.0 526.0 
1 3 0.63 0.63 220.0 12.0 220.0 526.0 248.0 526.0 742.0 81.0 742.0 
1 4 0.79 0.79 220.0 12.0 220.0 526.0 248.0 526.0 742.0 81.0 742.0 651.0 104.0 651.0 
1 5 0.91 0.91 220.0 12.0 220.0 526.0 248.0 526.0 742.0 81.0 742.0 651.0 104.0 651.0 508.0 63.0 508.0 
1 2 0.41 0.41 75.0 21.0 75.0 632.0 84.0 632.0 
1 3 0.52 0.52 75.0 21.0 75.0 632.0 84.0 632.0 421.0 46.0 421.0 
1 4 0.59 0.59 75.0 21.0 75.0 632.0 84.0 632.0 421.0 46.0 421.0 892.0 67.0 892.0 
1 5 0.8 0.8 75.0 21.0 75.0 632.0 84.0 632.0 421.0 46.0 421.0 892.0 67.0 892.0 929.0 190.0 929.0 
1 6 0.83 0.83 75.0 21.0 75.0 632.0 84.0 632.0 421.0 46.0 421.0 892.0 67.0 892.0 929.0 190.0 929.0 740.0 24.0 740.0 
1 2 0.61 0.61 190.0 82.0 190.0 165.0 31.0 165.0 
1 3 0.87 0.87 190.0 82.0 190.0 165.0 31.0 165.0 271.0 70.0 271.0 
1 2 0.5 0.5 516.0 125.0 516.0 81.0 21.0 81.0 
1 3 0.81 0.81 516.0 125.0 516.0 81.0 21.0 81.0 999.0 312.0 999.0 
1 4 0.93 0.93 516.0 125.0 516.0 81.0 21.0 81.0 999.0 312.0 999.0 754.0 90.0 754.0 
1 2 0.76 0.76 232.0 131.0 232.0 160.0 32.0 160.0 
1 2 0.55 0.55 12.0 3.0 12.0 163.0 50.0 163.0 
1 3 0.57 0.57 12.0 3.0 12.0 163.0 50.0 163.0 179.0 3.0 179.0 
1 4 0.82 0.82 12.0 3.0 12.0 163.0 50.0 163.0 179.0 3.0 179.0 44.0 11.0 44.0 
1 5 0.99 0.99 12.0 3.0 12.0 163.0 50.0 163.0 179.0 3.0 179.0 44.0 11.0 44.0 735.0 127.0 735.0 
1 2 0.92 0.92 434.0 40.0 434.0 945.0 783.0 945.0 
1 2 0.31 0.31 498.0 144.0 498.0 474.0 10.0 474.0 
1 3 0.37 0.37 498.0 144.0 498.0 474.0 10.0 474.0 790.0 53.0 790.0 
1 4 0.52 0.52 498.0 144.0 498.0 474.0 10.0 474.0 790.0 53.0 790.0 342.0 51.0 342.0 
1 5 0.63 0.63 498.0 144.0 498.0 474.0 10.0 474.0 790.0 53.0 790.0 342.0 51.0 342.0 641.0 71.0 641.0 
1 2 0.54 0.54 429.0 177.0 429.0 957.0 123.0 957.0 
1 2 0.4 0.4 479.0 153.0 479.0 523.0 47.0 523.0 
1 3 0.72 0.72 479.0 153.0 479.0 523.0 47.0 523.0 693.0 219.0 693.0 
1 2 0.77 0.77 708.0 357.0 708.0 335.0 91.0 335.0 
1 2 0.28 0.28 869.0 55.0 869.0 861.0 190.0 861.0 
1 3 0.57 0.57 869.0 55.0 869.0 861.0 190.0 861.0 24.0 7.0 24.0 
1 4 0.7 0.7 869.0 55.0 869.0 861.0 190.0 861.0 24.0 7.0 24.0 501.0 64.0 501.0 
1 2 0.93 0.93 252.0 81.0 252.0 95.0 58.0 95.0 
1 3 0.98 0.98 252.0 81.0 252.0 95.0 58.0 95.0 732.0 40.0 732.0 
1 2 0.87 0.87 384.0 322.0 384.0 340.0 14.0 340.0 
1 2 0.97 0.97 535.0 378.0 535.0 672.0 179.0 672.0 
1 2 0.89 0.89 813.0 73.0 813.0 580.0 465.0 580.0 
1 2 0.84 0.84 710.0 494.0 710.0 831.0 121.0 831.0 
1 2 0.66 0.66 481.0 162.0 481.0 525.0 172.0 525.0 
1 2 0.97 0.97 126.0 28.0 126.0 912.0 689.0 912.0 
1 2 0.98 0.98 238.0 94.0 238.0 739.0 437.0 739.0 
1 2 0.98 0.98 565.0 542.0 565.0 78.0 2.0 78.0 
1 3 0.98 0.98 565.0 542.0 565.0 78.0 2.0 78.0 284.0 1.0 284.0 
1 2 0.45 0.45 39.0 7.0 39.0 411.0 113.0 411.0 
1 3 0.48 0.48 39.0 7.0 39.0 411.0 113.0 411.0 143.0 5.0 143.0 
1 2 0.91 0.91 841.0 167.0 841.0 524.0 375.0 524.0 
1 2 0.12 0.12 868.0 98.0 868.0 500.0 7.0 500.0 
1 3 0.9 0.9 868.0 98.0 868.0 500.0 7.0 500.0 121.0 94.0 121.0 
1 4 0.99 0.99 868.0 98.0 868.0 500.0 7.0 500.0 121.0 94.0 121.0 119.0 11.0 119.0 
1 2 0.55 0.55 531.0 18.0 531.0 990.0 518.0 990.0 
1 2 0.49 0.49 616.0 6.0 616.0 677.0 326.0 677.0 
1 3 0.74 0.74 616.0 6.0 616.0 677.0 326.0 677.0 308.0 78.0 308.0 
1 2 0.2 0.2 910.0 34.0 910.0 939.0 160.0 939.0 
1 3 0.3 0.3 910.0 34.0 910.0 939.0 160.0 939.0 131.0 13.0 131.0 
1 4 0.42 0.42 910.0 34.0 910.0 939.0 160.0 939.0 131.0 13.0 131.0 956.0 114.0 956.0 
1 5 0.6 0.6 910.0 34.0 910.0 939.0 160.0 939.0 131.0 13.0 131.0 956.0 114.0 956.0 237.0 42.0 237.0 
1 2 0.73 0.73 110.0 1.0 110.0 749.0 543.0 749.0 
1 2 0.64 0.64 427.0 101.0 427.0 975.0 394.0 975.0 
1 3 0.66 0.66 427.0 101.0 427.0 975.0 394.0 975.0 152.0 4.0 152.0 
1 4 0.97 0.97 427.0 101.0 427.0 975.0 394.0 975.0 152.0 4.0 152.0 748.0 227.0 748.0 
1 2 0.91 0.91 710.0 118.0 710.0 95.0 71.0 95.0 
1 3 0.93 0.93 710.0 118.0 710.0 95.0 71.0 95.0 507.0 12.0 507.0 
1 2 0.38 0.38 757.0 133.0 757.0 618.0 132.0 618.0 
1 3 0.63 0.63 757.0 133.0 757.0 618.0 132.0 618.0 334.0 82.0 334.0 
1 2 0.36 0.36 90.0 20.0 90.0 7.0 1.0 7.0 
1 3 0.41 0.41 90.0 20.0 90.0 7.0 1.0 7.0 95.0 5.0 95.0 
1 2 0.28 0.28 716.0 54.0 716.0 758.0 160.0 758.0 
1 3 0.65 0.65 716.0 54.0 716.0 758.0 160.0 758.0 896.0 329.0 896.0 
1 4 0.71 0.71 716.0 54.0 716.0 758.0 160.0 758.0 896.0 329.0 896.0 864.0 51.0 864.0 
1 5 0.96 0.96 716.0 54.0 716.0 758.0 160.0 758.0 896.0 329.0 896.0 864.0 51.0 864.0 902.0 229.0 902.0 
1 2 0.88 0.88 616.0 290.0 616.0 34.0 14.0 34.0 
1 2 0.76 0.76 735.0 172.0 735.0 349.0 187.0 349.0 
1 2 0.82 0.82 152.0 124.0 152.0 216.0 2.0 216.0 
1 3 0.82 0.82 152.0 124.0 152.0 216.0 2.0 216.0 297.0 1.0 297.0 
1 4 0.99 0.99 152.0 124.0 152.0 216.0 2.0 216.0 297.0 1.0 297.0 317.0 54.0 317.0 
1 2 0.73 0.73 606.0 370.0 606.0 319.0 40.0 319.0 
1 2 0.99 0.99 15.0 3.0 15.0 158.0 125.0 158.0 
1 2 0.94 0.94 823.0 409.0 823.0 496.0 221.0 496.0 
1 3 0.94 0.94 823.0 409.0 823.0 496.0 221.0 496.0 789.0 5.0 789.0 
1 2 0.6 0.6 844.0 416.0 844.0 115.0 13.0 115.0 
1 2 0.74 0.74 613.0 80.0 613.0 959.0 587.0 959.0 
1 2 0.93 0.93 669.0 341.0 669.0 874.0 375.0 874.0 
1 2 0.31 0.31 905.0 125.0 905.0 258.0 46.0 258.0 
1 3 0.65 0.65 905.0 125.0 905.0 258.0 46.0 258.0 961.0 326.0 961.0 
1 4 0.91 0.91 905.0 125.0 905.0 258.0 46.0 258.0 961.0 326.0 961.0 341.0 88.0 341.0 
1 2 0.43 0.43 882.0 142.0 882.0 147.0 41.0 147.0 
1 3 0.45 0.45 882.0 142.0 882.0 147.0 41.0 147.0 105.0 2.0 105.0 
1 4 0.7 0.7 882.0 142.0 882.0 147.0 41.0 147.0 105.0 2.0 105.0 989.0 248.0 989.0 
1 2 0.49 0.49 96.0 43.0 96.0 743.0 35.0 743.0 
1 3 0.63 0.63 96.0 43.0 96.0 743.0 35.0 743.0 332.0 47.0 332.0 
1 4 0.71 0.71 96.0 43.0 96.0 743.0 35.0 743.0 332.0 47.0 332.0 453.0 36.0 453.0 
1 2 0.8 0.8 964.0 589.0 964.0 84.0 16.0 84.0 
1 2 0.15 0.15 93.0 6.0 93.0 846.0 80.0 846.0 
1 3 0.56 0.56 93.0 6.0 93.0 846.0 80.0 846.0 134.0 54.0 134.0 
1 4 0.59 0.59 93.0 6.0 93.0 846.0 80.0 846.0 134.0 54.0 134.0 920.0 33.0 920.0 
1 5 0.8 0.8 93.0 6.0 93.0 846.0 80.0 846.0 134.0 54.0 134.0 920.0 33.0 920.0 226.0 47.0 226.0 
1 2 0.96 0.96 822.0 361.0 822.0 999.0 530.0 999.0 
1 2 0.63 0.63 673.0 379.0 673.0 255.0 18.0 255.0 
1 2 0.68 0.68 226.0 83.0 226.0 130.0 41.0 130.0 
1 3 0.71 0.71 226.0 83.0 226.0 130.0 41.0 130.0 29.0 1.0 29.0 
1 4 0.96 0.96 226.0 83.0 226.0 130.0 41.0 130.0 29.0 1.0 29.0 8.0 2.0 8.0 
1 2 0.81 0.81 298.0 109.0 298.0 482.0 216.0 482.0 
1 3 0.99 0.99 298.0 109.0 298.0 482.0 216.0 482.0 968.0 177.0 968.0 
1 2 0.7 0.7 55.0 37.0 55.0 981.0 36.0 981.0 
1 3 0.77 0.77 55.0 37.0 55.0 981.0 36.0 981.0 31.0 2.0 31.0 
1 4 0.77 0.77 55.0 37.0 55.0 981.0 36.0 981.0 31.0 2.0 31.0 792.0 1.0 792.0 
1 2 0.28 0.28 452.0 46.0 452.0 522.0 98.0 522.0 
1 3 0.31 0.31 452.0 46.0 452.0 522.0 98.0 522.0 116.0 3.0 116.0 
1 4 0.94 0.94 452.0 46.0 452.0 522.0 98.0 522.0 116.0 3.0 116.0 341.0 213.0 341.0 
1 2 0.38 0.38 97.0 30.0 97.0 51.0 4.0 51.0 
1 2 0.58 0.58 548.0 150.0 548.0 464.0 143.0 464.0 
1 3 0.64 0.64 548.0 150.0 548.0 464.0 143.0 464.0 463.0 30.0 463.0 
1 4 0.7 0.7 548.0 150.0 548.0 464.0 143.0 464.0 463.0 30.0 463.0 417.0 25.0 417.0 
1 2 0.36 0.36 691.0 218.0 691.0 704.0 37.0 704.0 
1 2 0.98 0.98 676.0 613.0 676.0 632.0 50.0 632.0 
1 2 0.95 0.95 735.0 257.0 735.0 370.0 225.0 370.0 
1 2 0.55 0.55 928.0 283.0 928.0 727.0 179.0 727.0 
1 3 0.71 0.71 928.0 283.0 928.0 727.0 179.0 727.0 6.0 1.0 6.0 
1 2 0.29 0.29 227.0 14.0 227.0 785.0 186.0 785.0 
1 3 0.38 0.38 227.0 14.0 227.0 785.0 186.0 785.0 805.0 70.0 805.0 
1 2 0.66 0.66 403.0 57.0 403.0 799.0 417.0 799.0 
1 2 0.18 0.18 676.0 23.0 676.0 382.0 56.0 382.0 
1 3 0.21 0.21 676.0 23.0 676.0 382.0 56.0 382.0 584.0 22.0 584.0 
1 4 0.36 0.36 676.0 23.0 676.0 382.0 56.0 382.0 584.0 22.0 584.0 48.0 7.0 48.0 
1 5 0.82 0.82 676.0 23.0 676.0 382.0 56.0 382.0 584.0 22.0 584.0 48.0 7.0 48.0 983.0 453.0 983.0 
1 2 0.7 0.7 95.0 60.0 95.0 246.0 19.0 246.0 
1 3 0.89 0.89 95.0 60.0 95.0 246.0 19.0 246.0 812.0 154.0 812.0 
1 2 0.67 0.67 526.0 336.0 526.0 563.0 22.0 563.0 
1 2 0.25 0.25 782.0 24.0 782.0 526.0 120.0 526.0 
1 3 0.9 0.9 782.0 24.0 782.0 526.0 120.0 526.0 198.0 128.0 198.0 
1 2 0.47 0.47 350.0 18.0 350.0 839.0 352.0 839.0 
1 3 0.57 0.57 350.0 18.0 350.0 839.0 352.0 839.0 977.0 104.0 977.0 
1 4 0.82 0.82 350.0 18.0 350.0 839.0 352.0 839.0 977.0 104.0 977.0 471.0 117.0 471.0 
1 2 0.66 0.66 133.0 37.0 133.0 937.0 366.0 937.0 
1 3 0.67 0.67 133.0 37.0 133.0 937.0 366.0 937.0 152.0 1.0 152.0 
1 4 0.92 0.92 133.0 37.0 133.0 937.0 366.0 937.0 152.0 1.0 152.0 175.0 44.0 175.0 
1 2 0.81 0.81 670.0 54.0 670.0 45.0 33.0 45.0 
1 2 0.93 0.93 151.0 3.0 151.0 960.0 874.0 960.0 
1 2 0.46 0.46 766.0 281.0 766.0 199.0 19.0 199.0 
1 3 0.46 0.46 766.0 281.0 766.0 199.0 19.0 199.0 637.0 4.0 637.0 
1 4 0.64 0.64 766.0 281.0 766.0 199.0 19.0 199.0 637.0 4.0 637.0 668.0 117.0 668.0 
1 2 0.32 0.32 682.0 98.0 682.0 412.0 75.0 412.0 
1 3 0.49 0.49 682.0 98.0 682.0 412.0 75.0 412.0 746.0 126.0 746.0 
1 4 0.55 0.55 682.0 98.0 682.0 412.0 75.0 412.0 746.0 126.0 746.0 124.0 8.0 124.0 
1 5 0.92 0.92 682.0 98.0 682.0 412.0 75.0 412.0 746.0 126.0 746.0 124.0 8.0 124.0 740.0 273.0 740.0 
1 2 0.58 0.58 205.0 87.0 205.0 199.0 31.0 199.0 
1 3 0.7 0.7 205.0 87.0 205.0 199.0 31.0 199.0 729.0 89.0 729.0 
1 2 0.07 0.07 615.0 10.0 615.0 585.0 34.0 585.0 
1 3 0.14 0.14 615.0 10.0 615.0 585.0 34.0 585.0 221.0 15.0 221.0 
1 4 0.95 0.95 615.0 10.0 615.0 585.0 34.0 585.0 221.0 15.0 221.0 508.0 413.0 508.0 
1 2 0.44 0.44 900.0 328.0 900.0 575.0 45.0 575.0 
1 3 0.73 0.73 900.0 328.0 900.0 575.0 45.0 575.0 770.0 227.0 770.0 
1 2 0.43 0.43 899.0 267.0 899.0 135.0 19.0 135.0 
1 3 0.9 0.9 899.0 267.0 899.0 135.0 19.0 135.0 496.0 232.0 496.0 
1 4 0.99 0.99 899.0 267.0 899.0 135.0 19.0 135.0 496.0 232.0 496.0 653.0 61.0 653.0 
1 2 0.67 0.67 657.0 171.0 657.0 283.0 116.0 283.0 
1 3 0.99 0.99 657.0 171.0 657.0 283.0 116.0 283.0 422.0 137.0 422.0 
1 2 0.08 0.08 71.0 3.0 71.0 647.0 27.0 647.0 
1 3 0.16 0.16 71.0 3.0 71.0 647.0 27.0 647.0 354.0 30.0 354.0 
1 4 0.64 0.64 71.0 3.0 71.0 647.0 27.0 647.0 354.0 30.0 354.0 657.0 310.0 657.0 
1 5 0.98 0.98 71.0 3.0 71.0 647.0 27.0 647.0 354.0 30.0 354.0 657.0 310.0 657.0 488.0 169.0 488.0 
1 2 0.53 0.53 239.0 60.0 239.0 21.0 6.0 21.0 
1 3 0.82 0.82 239.0 60.0 239.0 21.0 6.0 21.0 165.0 47.0 165.0 
1 2 0.36 0.36 843.0 68.0 843.0 310.0 87.0 310.0 
1 3 0.59 0.59 843.0 68.0 843.0 310.0 87.0 310.0 554.0 131.0 554.0 
1 4 0.61 0.61 843.0 68.0 843.0 310.0 87.0 310.0 554.0 131.0 554.0 209.0 3.0 209.0 
1 5 0.73 0.73 843.0 68.0 843.0 310.0 87.0 310.0 554.0 131.0 554.0 209.0 3.0 209.0 646.0 77.0 646.0 
1 2 0.69 0.69 252.0 97.0 252.0 713.0 222.0 713.0 
1 3 0.96 0.96 252.0 97.0 252.0 713.0 222.0 713.0 470.0 126.0 470.0 
1 2 0.32 0.32 218.0 23.0 218.0 819.0 180.0 819.0 
1 3 0.48 0.48 218.0 23.0 218.0 819.0 180.0 819.0 774.0 126.0 774.0 
1 4 0.68 0.68 218.0 23.0 218.0 819.0 180.0 819.0 774.0 126.0 774.0 377.0 73.0 377.0 
1 5 0.9 0.9 218.0 23.0 218.0 819.0 180.0 819.0 774.0 126.0 774.0 377.0 73.0 377.0 207.0 46.0 207.0 
1 2 0.59 0.59 320.0 33.0 320.0 276.0 136.0 276.0 
1 3 0.64 0.64 320.0 33.0 320.0 276.0 136.0 276.0 216.0 10.0 216.0 
1 4 0.87 0.87 320.0 33.0 320.0 276.0 136.0 276.0 216.0 10.0 216.0 939.0 214.0 939.0 
1 2 0.26 0.26 327.0 71.0 327.0 136.0 7.0 136.0 
1 3 0.31 0.31 327.0 71.0 327.0 136.0 7.0 136.0 573.0 26.0 573.0 
1 4 0.47 0.47 327.0 71.0 327.0 136.0 7.0 136.0 573.0 26.0 573.0 894.0 146.0 894.0 
1 5 0.83 0.83 327.0 71.0 327.0 136.0 7.0 136.0 573.0 26.0 573.0 894.0 146.0 894.0 456.0 165.0 456.0 
1 2 0.67 0.67 920.0 111.0 920.0 617.0 342.0 617.0 
1 2 0.81 0.81 23.0 1.0 23.0 500.0 385.0 500.0 
1 2 0.94 0.94 228.0 10.0 228.0 171.0 154.0 171.0 
1 2 0.23 0.23 673.0 58.0 673.0 635.0 95.0 635.0 
1 3 0.52 0.52 673.0 58.0 673.0 635.0 95.0 635.0 329.0 96.0 329.0 
1 4 0.83 0.83 673.0 58.0 673.0 635.0 95.0 635.0 329.0 96.0 329.0 212.0 65.0 212.0 
1 2 0.39 0.39 643.0 202.0 643.0 290.0 24.0 290.0 
1 2 0.19 0.19 41.0 6.0 41.0 883.0 40.0 883.0 
1 3 0.22 0.22 41.0 6.0 41.0 883.0 40.0 883.0 965.0 31.0 965.0 
1 4 0.49 0.49 41.0 6.0 41.0 883.0 40.0 883.0 965.0 31.0 965.0 997.0 266.0 997.0 
1 5 0.56 0.56 41.0 6.0 41.0 883.0 40.0 883.0 965.0 31.0 965.0 997.0 266.0 997.0 251.0 18.0 251.0 
1 6 0.73 0.73 41.0 6.0 41.0 883.0 40.0 883.0 965.0 31.0 965.0 997.0 266.0 997.0 251.0 18.0 251.0 938.0 164.0 938.0 
1 2 0.66 0.66 227.0 35.0 227.0 968.0 497.0 968.0 
1 2 0.35 0.35 853.0 213.0 853.0 333.0 36.0 333.0 
1 3 0.53 0.53 853.0 213.0 853.0 333.0 36.0 333.0 425.0 76.0 425.0 
1 4 0.63 0.63 853.0 213.0 853.0 333.0 36.0 333.0 425.0 76.0 425.0 458.0 44.0 458.0 
1 5 0.79 0.79 853.0 213.0 853.0 333.0 36.0 333.0 425.0 76.0 425.0 458.0 44.0 458.0 327.0 53.0 327.0 
1 2 0.08 0.08 401.0 13.0 401.0 42.0 2.0 42.0 
1 3 0.29 0.29 401.0 13.0 401.0 42.0 2.0 42.0 826.0 174.0 826.0 
1 4 0.7 0.7 401.0 13.0 401.0 42.0 2.0 42.0 826.0 174.0 826.0 629.0 260.0 629.0 
1 5 0.89 0.89 401.0 13.0 401.0 42.0 2.0 42.0 826.0 174.0 826.0 629.0 260.0 629.0 101.0 19.0 101.0 
1 2 0.36 0.36 920.0 253.0 920.0 678.0 63.0 678.0 
1 3 0.58 0.58 920.0 253.0 920.0 678.0 63.0 678.0 851.0 184.0 851.0 
1 2 0.59 0.59 699.0 84.0 699.0 685.0 327.0 685.0 
1 3 0.78 0.78 699.0 84.0 699.0 685.0 327.0 685.0 613.0 112.0 613.0 
1 2 0.82 0.82 388.0 319.0 388.0 569.0 1.0 569.0 
1 2 0.53 0.53 588.0 55.0 588.0 354.0 158.0 354.0 
1 3 0.69 0.69 588.0 55.0 588.0 354.0 158.0 354.0 75.0 12.0 75.0 
1 4 0.79 0.79 588.0 55.0 588.0 354.0 158.0 354.0 75.0 12.0 75.0 949.0 90.0 949.0 
1 2 0.83 0.83 480.0 342.0 480.0 996.0 126.0 996.0 
1 3 0.93 0.93 480.0 342.0 480.0 996.0 126.0 996.0 207.0 19.0 207.0 
1 2 0.91 0.91 960.0 167.0 960.0 479.0 355.0 479.0 
1 3 0.96 0.96 960.0 167.0 960.0 479.0 355.0 479.0 697.0 34.0 697.0 
1 2 0.77 0.77 306.0 186.0 306.0 450.0 74.0 450.0 
1 2 0.5 0.5 564.0 135.0 564.0 239.0 64.0 239.0 
1 3 0.63 0.63 564.0 135.0 564.0 239.0 64.0 239.0 197.0 26.0 197.0 
1 4 0.69 0.69 564.0 135.0 564.0 239.0 64.0 239.0 197.0 26.0 197.0 309.0 17.0 309.0 
1 2 0.88 0.88 172.0 71.0 172.0 950.0 450.0 950.0 
1 2 0.94 0.94 920.0 298.0 920.0 650.0 403.0 650.0 
1 2 0.4 0.4 979.0 322.0 979.0 375.0 27.0 375.0 
1 3 0.51 0.51 979.0 322.0 979.0 375.0 27.0 375.0 850.0 100.0 850.0 
1 4 0.98 0.98 979.0 322.0 979.0 375.0 27.0 375.0 850.0 100.0 850.0 981.0 458.0 981.0 
1 2 0.41 0.41 46.0 5.0 46.0 691.0 213.0 691.0 
1 3 0.56 0.56 46.0 5.0 46.0 691.0 213.0 691.0 567.0 85.0 567.0 
1 4 0.8 0.8 46.0 5.0 46.0 691.0 213.0 691.0 567.0 85.0 567.0 705.0 165.0 705.0 
1 2 0.6 0.6 179.0 57.0 179.0 473.0 136.0 473.0 
1 3 0.65 0.65 179.0 57.0 179.0 473.0 136.0 473.0 349.0 16.0 349.0 
1 4 0.86 0.86 179.0 57.0 179.0 473.0 136.0 473.0 349.0 16.0 349.0 426.0 89.0 426.0 
1 5 0.87 0.87 179.0 57.0 179.0 473.0 136.0 473.0 349.0 16.0 349.0 426.0 89.0 426.0 200.0 2.0 200.0 
1 2 0.93 0.93 658.0 459.0 658.0 601.0 140.0 601.0 
1 2 0.27 0.27 803.0 172.0 803.0 16.0 1.0 16.0 
1 3 0.59 0.59 803.0 172.0 803.0 16.0 1.0 16.0 546.0 176.0 546.0 
1 4 0.84 0.84 803.0 172.0 803.0 16.0 1.0 16.0 546.0 176.0 546.0 161.0 40.0 161.0 
1 5 0.93 0.93 803.0 172.0 803.0 16.0 1.0 16.0 546.0 176.0 546.0 161.0 40.0 161.0 553.0 51.0 553.0 
1 2 0.95 0.95 733.0 481.0 733.0 480.0 142.0 480.0 
1 3 0.96 0.96 733.0 481.0 733.0 480.0 142.0 480.0 356.0 4.0 356.0 
1 2 0.74 0.74 976.0 96.0 976.0 291.0 187.0 291.0 
1 2 0.79 0.79 27.0 11.0 27.0 54.0 21.0 54.0 
1 3 0.83 0.83 27.0 11.0 27.0 54.0 21.0 54.0 367.0 13.0 367.0 
1 2 0.17 0.17 674.0 49.0 674.0 776.0 83.0 776.0 
1 3 0.74 0.74 674.0 49.0 674.0 776.0 83.0 776.0 150.0 85.0 150.0 
1 4 0.92 0.92 674.0 49.0 674.0 776.0 83.0 776.0 150.0 85.0 150.0 45.0 8.0 45.0 
1 2 0.38 0.38 202.0 35.0 202.0 546.0 116.0 546.0 
1 3 0.64 0.64 202.0 35.0 202.0 546.0 116.0 546.0 19.0 5.0 19.0 
1 4 0.71 0.71 202.0 35.0 202.0 546.0 116.0 546.0 19.0 5.0 19.0 368.0 25.0 368.0 
1 5 0.8 0.8 202.0 35.0 202.0 546.0 116.0 546.0 19.0 5.0 19.0 368.0 25.0 368.0 745.0 65.0 745.0 
1 6 0.82 0.82 202.0 35.0 202.0 546.0 116.0 546.0 19.0 5.0 19.0 368.0 25.0 368.0 745.0 65.0 745.0 385.0 9.0 385.0 
1 2 0.87 0.87 703.0 32.0 703.0 597.0 493.0 597.0 
1 2 0.67 0.67 443.0 15.0 443.0 204.0 130.0 204.0 
1 3 0.7 0.7 443.0 15.0 443.0 204.0 130.0 204.0 668.0 24.0 668.0 
1 4 0.95 0.95 443.0 15.0 443.0 204.0 130.0 204.0 668.0 24.0 668.0 257.0 64.0 257.0 
1 2 0.62 0.62 787.0 410.0 787.0 58.0 6.0 58.0 
1 2 0.39 0.39 633.0 166.0 633.0 596.0 80.0 596.0 
1 3 0.47 0.47 633.0 166.0 633.0 596.0 80.0 596.0 985.0 74.0 985.0 
1 2 0.37 0.37 894.0 245.0 894.0 789.0 80.0 789.0 
1 2 0.16 0.16 604.0 50.0 604.0 129.0 10.0 129.0 
1 3 0.68 0.68 604.0 50.0 604.0 129.0 10.0 129.0 73.0 38.0 73.0 
1 2 0.53 0.53 850.0 287.0 850.0 160.0 31.0 160.0 
1 3 0.59 0.59 850.0 287.0 850.0 160.0 31.0 160.0 661.0 40.0 661.0 
1 4 0.72 0.72 850.0 287.0 850.0 160.0 31.0 160.0 661.0 40.0 661.0 268.0 37.0 268.0 
1 2 0.46 0.46 778.0 311.0 778.0 844.0 55.0 844.0 
1 3 0.79 0.79 778.0 311.0 778.0 844.0 55.0 844.0 333.0 110.0 333.0 
1 2 0.88 0.88 833.0 56.0 833.0 929.0 759.0 929.0 
1 2 0.13 0.13 56.0 3.0 56.0 105.0 9.0 105.0 
1 3 0.55 0.55 56.0 3.0 56.0 105.0 9.0 105.0 442.0 182.0 442.0 
1 4 0.8 0.8 56.0 3.0 56.0 105.0 9.0 105.0 442.0 182.0 442.0 464.0 118.0 464.0 
1 5 0.84 0.84 56.0 3.0 56.0 105.0 9.0 105.0 442.0 182.0 442.0 464.0 118.0 464.0 216.0 8.0 216.0 
1 2 0.09 0.09 319.0 26.0 319.0 869.0 16.0 869.0 
1 3 0.13 0.13 319.0 26.0 319.0 869.0 16.0 869.0 871.0 30.0 871.0 
1 4 0.98 0.98 319.0 26.0 319.0 869.0 16.0 869.0 871.0 30.0 871.0 27.0 23.0 27.0 
1 2 0.8 0.8 299.0 70.0 299.0 658.0 375.0 658.0 
1 3 0.94 0.94 299.0 70.0 299.0 658.0 375.0 658.0 395.0 55.0 395.0 
1 2 0.53 0.53 767.0 334.0 767.0 651.0 63.0 651.0 
1 3 0.56 0.56 767.0 334.0 767.0 651.0 63.0 651.0 245.0 7.0 245.0 
1 4 0.56 0.56 767.0 334.0 767.0 651.0 63.0 651.0 245.0 7.0 245.0 800.0 1.0 800.0 
1 2 0.62 0.62 181.0 58.0 181.0 342.0 105.0 342.0 
1 2 0.45 0.45 848.0 264.0 848.0 143.0 21.0 143.0 
1 3 0.54 0.54 848.0 264.0 848.0 143.0 21.0 143.0 708.0 62.0 708.0 
1 4 0.64 0.64 848.0 264.0 848.0 143.0 21.0 143.0 708.0 62.0 708.0 861.0 89.0 861.0 
1 2 0.46 0.46 982.0 139.0 982.0 899.0 288.0 899.0 
1 2 0.62 0.62 907.0 516.0 907.0 129.0 7.0 129.0 
1 3 0.7 0.7 907.0 516.0 907.0 129.0 7.0 129.0 211.0 17.0 211.0 
1 4 0.93 0.93 907.0 516.0 907.0 129.0 7.0 129.0 211.0 17.0 211.0 417.0 95.0 417.0 
1 2 0.45 0.45 860.0 107.0 860.0 3.0 1.0 3.0 
1 3 0.96 0.96 860.0 107.0 860.0 3.0 1.0 3.0 351.0 178.0 351.0 
1 2 0.77 0.77 160.0 120.0 160.0 975.0 23.0 975.0 
1 3 0.85 0.85 160.0 120.0 160.0 975.0 23.0 975.0 286.0 22.0 286.0 
1 4 0.97 0.97 160.0 120.0 160.0 975.0 23.0 975.0 286.0 22.0 286.0 433.0 53.0 433.0 
1 2 0.42 0.42 611.0 221.0 611.0 221.0 15.0 221.0 
1 3 0.49 0.49 611.0 221.0 611.0 221.0 15.0 221.0 557.0 38.0 557.0 
1 2 0.74 0.74 1000.0 88.0 1000.0 421.0 276.0 421.0 
1 3 0.96 0.96 1000.0 88.0 1000.0 421.0 276.0 421.0 158.0 35.0 158.0 
1 2 0.95 0.95 378.0 239.0 378.0 779.0 253.0 779.0 
1 2 0.13 0.13 581.0 26.0 581.0 997.0 91.0 997.0 
1 3 0.16 0.16 581.0 26.0 581.0 997.0 91.0 997.0 561.0 14.0 561.0 
1 4 0.92 0.92 581.0 26.0 581.0 997.0 91.0 997.0 561.0 14.0 561.0 383.0 291.0 383.0 
1 2 0.46 0.46 109.0 16.0 109.0 907.0 286.0 907.0 
1 3 0.61 0.61 109.0 16.0 109.0 907.0 286.0 907.0 610.0 95.0 610.0 
1 2 0.82 0.82 488.0 172.0 488.0 620.0 296.0 620.0 
1 3 0.94 0.94 488.0 172.0 488.0 620.0 296.0 620.0 846.0 96.0 846.0 
1 2 0.52 0.52 432.0 49.0 432.0 383.0 158.0 383.0 
1 3 0.56 0.56 432.0 49.0 432.0 383.0 158.0 383.0 159.0 7.0 159.0 
1 2 0.41 0.41 26.0 3.0 26.0 747.0 225.0 747.0 
1 3 0.53 0.53 26.0 3.0 26.0 747.0 225.0 747.0 867.0 101.0 867.0 
1 4 0.97 0.97 26.0 3.0 26.0 747.0 225.0 747.0 867.0 101.0 867.0 421.0 186.0 421.0 
1 2 0.47 0.47 517.0 105.0 517.0 474.0 129.0 474.0 
1 3 0.62 0.62 517.0 105.0 517.0 474.0 129.0 474.0 919.0 142.0 919.0 
1 4 0.8 0.8 517.0 105.0 517.0 474.0 129.0 474.0 919.0 142.0 919.0 69.0 12.0 69.0 
1 5 0.87 0.87 517.0 105.0 517.0 474.0 129.0 474.0 919.0 142.0 919.0 69.0 12.0 69.0 486.0 35.0 486.0 
1 2 0.49 0.49 958.0 16.0 958.0 811.0 389.0 811.0 
1 2 0.8 0.8 9.0 6.0 9.0 424.0 57.0 424.0 
1 3 0.8 0.8 9.0 6.0 9.0 424.0 57.0 424.0 622.0 5.0 622.0 
1 2 0.36 0.36 913.0 124.0 913.0 114.0 26.0 114.0 
1 3 0.63 0.63 913.0 124.0 913.0 114.0 26.0 114.0 30.0 8.0 30.0 
1 4 0.8 0.8 913.0 124.0 913.0 114.0 26.0 114.0 30.0 8.0 30.0 665.0 114.0 665.0 
1 5 0.99 0.99 913.0 124.0 913.0 114.0 26.0 114.0 30.0 8.0 30.0 665.0 114.0 665.0 484.0 92.0 484.0 
1 2 0.77 0.77 114.0 73.0 114.0 812.0 109.0 812.0 
1 2 0.4 0.4 735.0 168.0 735.0 233.0 42.0 233.0 
1 3 0.96 0.96 735.0 168.0 735.0 233.0 42.0 233.0 699.0 388.0 699.0 
1 2 0.87 0.87 100.0 62.0 100.0 4.0 1.0 4.0 
1 3 0.92 0.92 100.0 62.0 100.0 4.0 1.0 4.0 392.0 20.0 392.0 
1 4 0.93 0.93 100.0 62.0 100.0 4.0 1.0 4.0 392.0 20.0 392.0 346.0 5.0 346.0 
1 2 0.95 0.95 330.0 307.0 330.0 266.0 7.0 266.0 
1 2 0.33 0.33 16.0 3.0 16.0 476.0 70.0 476.0 
1 3 0.34 0.34 16.0 3.0 16.0 476.0 70.0 476.0 990.0 15.0 990.0 
1 4 0.48 0.48 16.0 3.0 16.0 476.0 70.0 476.0 990.0 15.0 990.0 197.0 26.0 197.0 
1 5 0.81 0.81 16.0 3.0 16.0 476.0 70.0 476.0 990.0 15.0 990.0 197.0 26.0 197.0 9.0 3.0 9.0 
1 6 0.96 0.96 16.0 3.0 16.0 476.0 70.0 476.0 990.0 15.0 990.0 197.0 26.0 197.0 9.0 3.0 9.0 999.0 147.0 999.0 
1 2 0.14 0.14 467.0 14.0 467.0 872.0 96.0 872.0 
1 3 0.21 0.21 467.0 14.0 467.0 872.0 96.0 872.0 143.0 10.0 143.0 
1 4 0.78 0.78 467.0 14.0 467.0 872.0 96.0 872.0 143.0 10.0 143.0 61.0 35.0 61.0 
1 2 0.5 0.5 384.0 160.0 384.0 661.0 60.0 661.0 
1 3 0.58 0.58 384.0 160.0 384.0 661.0 60.0 661.0 628.0 47.0 628.0 
1 4 0.76 0.76 384.0 160.0 384.0 661.0 60.0 661.0 628.0 47.0 628.0 417.0 75.0 417.0 
1 2 0.17 0.17 564.0 18.0 564.0 426.0 63.0 426.0 
1 3 0.36 0.36 564.0 18.0 564.0 426.0 63.0 426.0 11.0 2.0 11.0 
1 4 0.93 0.93 564.0 18.0 564.0 426.0 63.0 426.0 11.0 2.0 11.0 179.0 102.0 179.0 
1 2 0.27 0.27 981.0 173.0 981.0 998.0 102.0 998.0 
1 3 0.36 0.36 981.0 173.0 981.0 998.0 102.0 998.0 44.0 4.0 44.0 
1 2 0.63 0.63 778.0 70.0 778.0 399.0 217.0 399.0 
1 3 0.79 0.79 778.0 70.0 778.0 399.0 217.0 399.0 716.0 114.0 716.0 
1 2 0.8 0.8 598.0 210.0 598.0 238.0 108.0 238.0 
1 2 0.53 0.53 539.0 173.0 539.0 172.0 36.0 172.0 
1 3 0.75 0.75 539.0 173.0 539.0 172.0 36.0 172.0 407.0 93.0 407.0 
1 2 0.74 0.74 257.0 83.0 257.0 432.0 182.0 432.0 
1 3 0.82 0.82 257.0 83.0 257.0 432.0 182.0 432.0 546.0 43.0 546.0 
1 4 0.97 0.97 257.0 83.0 257.0 432.0 182.0 432.0 546.0 43.0 546.0 715.0 109.0 715.0 
1 2 0.63 0.63 420.0 78.0 420.0 494.0 220.0 494.0 
1 3 0.63 0.63 420.0 78.0 420.0 494.0 220.0 494.0 518.0 3.0 518.0 
1 4 0.89 0.89 420.0 78.0 420.0 494.0 220.0 494.0 518.0 3.0 518.0 108.0 28.0 108.0 
1 2 0.27 0.27 929.0 163.0 929.0 350.0 35.0 350.0 
1 3 0.5 0.5 929.0 163.0 929.0 350.0 35.0 350.0 330.0 75.0 330.0 
1 4 0.84 0.84 929.0 163.0 929.0 350.0 35.0 350.0 330.0 75.0 330.0 369.0 128.0 369.0 
1 2 0.47 0.47 158.0 68.0 158.0 212.0 10.0 212.0 
1 3 0.64 0.64 158.0 68.0 158.0 212.0 10.0 212.0 962.0 163.0 962.0 
1 2 0.25 0.25 141.0 21.0 141.0 286.0 30.0 286.0 
1 3 0.84 0.84 141.0 21.0 141.0 286.0 30.0 286.0 220.0 130.0 220.0 
1 2 0.46 0.46 795.0 283.0 795.0 329.0 35.0 329.0 
1 2 0.64 0.64 699.0 204.0 699.0 537.0 189.0 537.0 
1 2 0.06 0.06 668.0 21.0 668.0 200.0 6.0 200.0 
1 3 0.19 0.19 668.0 21.0 668.0 200.0 6.0 200.0 351.0 48.0 351.0 
1 4 0.57 0.57 668.0 21.0 668.0 200.0 6.0 200.0 351.0 48.0 351.0 551.0 208.0 551.0 
1 2 0.19 0.19 555.0 27.0 555.0 234.0 35.0 234.0 
1 3 0.62 0.62 555.0 27.0 555.0 234.0 35.0 234.0 644.0 277.0 644.0 
1 2 0.32 0.32 611.0 49.0 611.0 756.0 188.0 756.0 
1 2 0.25 0.25 717.0 146.0 717.0 128.0 6.0 128.0 
1 3 0.72 0.72 717.0 146.0 717.0 128.0 6.0 128.0 873.0 413.0 873.0 
1 4 0.83 0.83 717.0 146.0 717.0 128.0 6.0 128.0 873.0 413.0 873.0 18.0 2.0 18.0 
1 2 0.13 0.13 41.0 3.0 41.0 138.0 8.0 138.0 
1 2 0.54 0.54 306.0 13.0 306.0 247.0 123.0 247.0 
1 3 0.67 0.67 306.0 13.0 306.0 247.0 123.0 247.0 798.0 107.0 798.0 
1 4 0.88 0.88 306.0 13.0 306.0 247.0 123.0 247.0 798.0 107.0 798.0 152.0 32.0 152.0 
1 5 0.89 0.89 306.0 13.0 306.0 247.0 123.0 247.0 798.0 107.0 798.0 152.0 32.0 152.0 783.0 9.0 783.0 
1 2 0.58 0.58 276.0 103.0 276.0 308.0 66.0 308.0 
1 3 0.82 0.82 276.0 103.0 276.0 308.0 66.0 308.0 770.0 183.0 770.0 
1 4 0.94 0.94 276.0 103.0 276.0 308.0 66.0 308.0 770.0 183.0 770.0 906.0 110.0 906.0 
1 2 0.09 0.09 298.0 3.0 298.0 970.0 83.0 970.0 
1 3 0.15 0.15 298.0 3.0 298.0 970.0 83.0 970.0 722.0 40.0 722.0 
1 4 0.45 0.45 298.0 3.0 298.0 970.0 83.0 970.0 722.0 40.0 722.0 565.0 170.0 565.0 
1 5 0.53 0.53 298.0 3.0 298.0 970.0 83.0 970.0 722.0 40.0 722.0 565.0 170.0 565.0 931.0 80.0 931.0 
1 6 0.67 0.67 298.0 3.0 298.0 970.0 83.0 970.0 722.0 40.0 722.0 565.0 170.0 565.0 931.0 80.0 931.0 957.0 130.0 957.0 
1 7 0.85 0.85 298.0 3.0 298.0 970.0 83.0 970.0 722.0 40.0 722.0 565.0 170.0 565.0 931.0 80.0 931.0 957.0 130.0 957.0 460.0 84.0 460.0 
1 8 0.97 0.97 298.0 3.0 298.0 970.0 83.0 970.0 722.0 40.0 722.0 565.0 170.0 565.0 931.0 80.0 931.0 957.0 130.0 957.0 460.0 84.0 460.0 987.0 121.0 987.0 
1 2 0.74 0.74 233.0 112.0 233.0 713.0 187.0 713.0 
1 3 0.95 0.95 233.0 112.0 233.0 713.0 187.0 713.0 235.0 49.0 235.0 
1 4 0.97 0.97 233.0 112.0 233.0 713.0 187.0 713.0 235.0 49.0 235.0 226.0 6.0 226.0 
1 2 0.76 0.76 45.0 7.0 45.0 1000.0 609.0 1000.0 
1 2 0.88 0.88 785.0 458.0 785.0 852.0 257.0 852.0 
1 3 0.9 0.9 785.0 458.0 785.0 852.0 257.0 852.0 808.0 16.0 808.0 
1 2 0.75 0.75 474.0 278.0 474.0 271.0 47.0 271.0 
1 2 0.63 0.63 803.0 328.0 803.0 849.0 196.0 849.0 
1 2 0.89 0.89 273.0 132.0 273.0 494.0 201.0 494.0 
1 2 0.21 0.21 344.0 11.0 344.0 123.0 22.0 123.0 
1 3 0.31 0.31 344.0 11.0 344.0 123.0 22.0 123.0 738.0 78.0 738.0 
1 4 0.34 0.34 344.0 11.0 344.0 123.0 22.0 123.0 738.0 78.0 738.0 890.0 27.0 890.0 
1 5 0.42 0.42 344.0 11.0 344.0 123.0 22.0 123.0 738.0 78.0 738.0 890.0 27.0 890.0 970.0 77.0 970.0 
1 2 0.87 0.87 360.0 295.0 360.0 796.0 42.0 796.0 
1 2 0.25 0.25 898.0 158.0 898.0 981.0 77.0 981.0 
1 3 0.3 0.3 898.0 158.0 898.0 981.0 77.0 981.0 567.0 28.0 567.0 
1 4 0.79 0.79 898.0 158.0 898.0 981.0 77.0 981.0 567.0 28.0 567.0 707.0 345.0 707.0 
1 5 0.85 0.85 898.0 158.0 898.0 981.0 77.0 981.0 567.0 28.0 567.0 707.0 345.0 707.0 690.0 43.0 690.0 
1 2 0.91 0.91 777.0 591.0 777.0 137.0 21.0 137.0 
1 2 0.41 0.41 160.0 9.0 160.0 678.0 246.0 678.0 
1 3 0.98 0.98 160.0 9.0 160.0 678.0 246.0 678.0 340.0 192.0 340.0 
1 2 0.24 0.24 276.0 11.0 276.0 856.0 179.0 856.0 
1 3 0.34 0.34 276.0 11.0 276.0 856.0 179.0 856.0 798.0 80.0 798.0 
1 4 0.79 0.79 276.0 11.0 276.0 856.0 179.0 856.0 798.0 80.0 798.0 542.0 240.0 542.0 
1 2 0.75 0.75 787.0 190.0 787.0 373.0 192.0 373.0 
1 3 0.9 0.9 787.0 190.0 787.0 373.0 192.0 373.0 481.0 70.0 481.0 
1 2 0.44 0.44 316.0 60.0 316.0 763.0 193.0 763.0 
1 3 0.55 0.55 316.0 60.0 316.0 763.0 193.0 763.0 175.0 19.0 175.0 
1 2 0.84 0.84 38.0 3.0 38.0 17.0 13.0 17.0 
1 2 0.13 0.13 201.0 19.0 201.0 136.0 6.0 136.0 
1 3 0.24 0.24 201.0 19.0 201.0 136.0 6.0 136.0 19.0 2.0 19.0 
1 4 0.64 0.64 201.0 19.0 201.0 136.0 6.0 136.0 19.0 2.0 19.0 696.0 281.0 696.0 
1 2 0.19 0.19 383.0 72.0 383.0 669.0 5.0 669.0 
1 3 0.59 0.59 383.0 72.0 383.0 669.0 5.0 669.0 43.0 17.0 43.0 
1 4 0.85 0.85 383.0 72.0 383.0 669.0 5.0 669.0 43.0 17.0 43.0 723.0 191.0 723.0 
1 5 0.99 0.99 383.0 72.0 383.0 669.0 5.0 669.0 43.0 17.0 43.0 723.0 191.0 723.0 752.0 102.0 752.0 
1 2 0.51 0.51 610.0 11.0 610.0 14.0 7.0 14.0 
1 3 0.83 0.83 610.0 11.0 610.0 14.0 7.0 14.0 989.0 313.0 989.0 
1 2 0.97 0.97 500.0 439.0 500.0 512.0 50.0 512.0 
1 2 0.27 0.27 669.0 143.0 669.0 161.0 10.0 161.0 
1 3 0.38 0.38 669.0 143.0 669.0 161.0 10.0 161.0 306.0 34.0 306.0 
1 4 0.77 0.77 669.0 143.0 669.0 161.0 10.0 161.0 306.0 34.0 306.0 721.0 279.0 721.0 
1 2 0.49 0.49 493.0 201.0 493.0 167.0 14.0 167.0 
1 3 0.56 0.56 493.0 201.0 493.0 167.0 14.0 167.0 614.0 47.0 614.0 
1 4 0.68 0.68 493.0 201.0 493.0 167.0 14.0 167.0 614.0 47.0 614.0 26.0 3.0 26.0 
1 2 0.46 0.46 960.0 136.0 960.0 904.0 296.0 904.0 
1 3 0.53 0.53 960.0 136.0 960.0 904.0 296.0 904.0 279.0 18.0 279.0 
1 4 0.85 0.85 960.0 136.0 960.0 904.0 296.0 904.0 279.0 18.0 279.0 909.0 296.0 909.0 
1 5 0.92 0.92 960.0 136.0 960.0 904.0 296.0 904.0 279.0 18.0 279.0 909.0 296.0 909.0 141.0 9.0 141.0 
1 2 0.62 0.62 406.0 38.0 406.0 704.0 377.0 704.0 
1 2 0.67 0.67 464.0 286.0 464.0 820.0 44.0 820.0 
1 3 0.94 0.94 464.0 286.0 464.0 820.0 44.0 820.0 887.0 243.0 887.0 
1 2 0.69 0.69 266.0 152.0 266.0 486.0 58.0 486.0 
1 2 0.55 0.55 751.0 246.0 751.0 520.0 117.0 520.0 
1 2 0.68 0.68 687.0 187.0 687.0 737.0 304.0 737.0 
1 3 0.83 0.83 687.0 187.0 687.0 737.0 304.0 737.0 641.0 99.0 641.0 
1 2 0.89 0.89 9.0 4.0 9.0 865.0 392.0 865.0 
1 2 0.43 0.43 897.0 69.0 897.0 812.0 288.0 812.0 
1 3 0.78 0.78 897.0 69.0 897.0 812.0 288.0 812.0 708.0 249.0 708.0 
1 2 0.26 0.26 798.0 203.0 798.0 163.0 2.0 163.0 
1 3 0.56 0.56 798.0 203.0 798.0 163.0 2.0 163.0 170.0 50.0 170.0 
1 2 0.6 0.6 850.0 253.0 850.0 776.0 236.0 776.0 
1 3 0.92 0.92 850.0 253.0 850.0 776.0 236.0 776.0 28.0 9.0 28.0 
1 2 0.41 0.41 145.0 13.0 145.0 963.0 311.0 963.0 
1 3 0.46 0.46 145.0 13.0 145.0 963.0 311.0 963.0 611.0 35.0 611.0 
1 2 0.18 0.18 28.0 3.0 28.0 513.0 39.0 513.0 
1 3 0.24 0.24 28.0 3.0 28.0 513.0 39.0 513.0 707.0 45.0 707.0 
1 4 0.37 0.37 28.0 3.0 28.0 513.0 39.0 513.0 707.0 45.0 707.0 618.0 82.0 618.0 
1 5 0.83 0.83 28.0 3.0 28.0 513.0 39.0 513.0 707.0 45.0 707.0 618.0 82.0 618.0 659.0 300.0 659.0 
1 2 0.41 0.41 243.0 70.0 243.0 145.0 19.0 145.0 
1 2 0.54 0.54 803.0 318.0 803.0 13.0 2.0 13.0 
1 2 0.41 0.41 915.0 5.0 915.0 591.0 241.0 591.0 
1 3 0.44 0.44 915.0 5.0 915.0 591.0 241.0 591.0 899.0 25.0 899.0 
1 4 0.62 0.62 915.0 5.0 915.0 591.0 241.0 591.0 899.0 25.0 899.0 395.0 73.0 395.0 
1 2 0.69 0.69 833.0 324.0 833.0 476.0 147.0 476.0 
1 3 0.77 0.77 833.0 324.0 833.0 476.0 147.0 476.0 144.0 11.0 144.0 
1 4 0.84 0.84 833.0 324.0 833.0 476.0 147.0 476.0 144.0 11.0 144.0 191.0 14.0 191.0 
1 5 0.98 0.98 833.0 324.0 833.0 476.0 147.0 476.0 144.0 11.0 144.0 191.0 14.0 191.0 949.0 127.0 949.0 
1 2 0.41 0.41 175.0 63.0 175.0 484.0 27.0 484.0 
1 3 0.74 0.74 175.0 63.0 175.0 484.0 27.0 484.0 166.0 55.0 166.0 
1 4 0.98 0.98 175.0 63.0 175.0 484.0 27.0 484.0 166.0 55.0 166.0 77.0 18.0 77.0 
1 2 0.77 0.77 500.0 199.0 500.0 993.0 378.0 993.0 
1 3 0.79 0.79 500.0 199.0 500.0 993.0 378.0 993.0 144.0 2.0 144.0 
1 2 0.84 0.84 535.0 201.0 535.0 568.0 265.0 568.0 
1 2 0.71 0.71 348.0 89.0 348.0 776.0 354.0 776.0 
1 3 0.99 0.99 348.0 89.0 348.0 776.0 354.0 776.0 809.0 232.0 809.0 
1 2 0.33 0.33 841.0 177.0 841.0 125.0 15.0 125.0 
1 3 0.74 0.74 841.0 177.0 841.0 125.0 15.0 125.0 514.0 215.0 514.0 
1 2 0.35 0.35 980.0 310.0 980.0 125.0 5.0 125.0 
1 3 0.87 0.87 980.0 310.0 980.0 125.0 5.0 125.0 431.0 223.0 431.0 
1 2 0.2 0.2 563.0 45.0 563.0 811.0 101.0 811.0 
1 3 0.87 0.87 563.0 45.0 563.0 811.0 101.0 811.0 144.0 97.0 144.0 
1 2 0.66 0.66 382.0 89.0 382.0 76.0 33.0 76.0 
1 2 0.59 0.59 446.0 220.0 446.0 694.0 73.0 694.0 
1 2 0.78 0.78 130.0 90.0 130.0 877.0 81.0 877.0 
1 3 0.95 0.95 130.0 90.0 130.0 877.0 81.0 877.0 211.0 36.0 211.0 
1 2 0.33 0.33 211.0 53.0 211.0 972.0 77.0 972.0 
1 3 0.43 0.43 211.0 53.0 211.0 972.0 77.0 972.0 234.0 25.0 234.0 
1 4 0.74 0.74 211.0 53.0 211.0 972.0 77.0 972.0 234.0 25.0 234.0 911.0 278.0 911.0 
1 2 0.07 0.07 535.0 3.0 535.0 863.0 60.0 863.0 
1 3 0.7 0.7 535.0 3.0 535.0 863.0 60.0 863.0 524.0 331.0 524.0 
1 2 0.8 0.8 584.0 211.0 584.0 740.0 327.0 740.0 
1 3 0.87 0.87 584.0 211.0 584.0 740.0 327.0 740.0 511.0 39.0 511.0 
1 2 0.46 0.46 714.0 77.0 714.0 829.0 298.0 829.0 
1 2 0.93 0.93 248.0 147.0 248.0 786.0 266.0 786.0 
1 2 0.3 0.3 180.0 23.0 180.0 17.0 3.0 17.0 
1 3 0.87 0.87 180.0 23.0 180.0 17.0 3.0 17.0 478.0 272.0 478.0 
1 2 0.54 0.54 911.0 193.0 911.0 219.0 74.0 219.0 
1 3 0.56 0.56 911.0 193.0 911.0 219.0 74.0 219.0 453.0 6.0 453.0 
1 4 0.95 0.95 911.0 193.0 911.0 219.0 74.0 219.0 453.0 6.0 453.0 336.0 133.0 336.0 
1 2 0.39 0.39 444.0 86.0 444.0 882.0 176.0 882.0 
1 3 0.43 0.43 444.0 86.0 444.0 882.0 176.0 882.0 857.0 36.0 857.0 
1 4 0.67 0.67 444.0 86.0 444.0 882.0 176.0 882.0 857.0 36.0 857.0 258.0 63.0 258.0 
1 5 0.98 0.98 444.0 86.0 444.0 882.0 176.0 882.0 857.0 36.0 857.0 258.0 63.0 258.0 440.0 134.0 440.0 
1 2 0.12 0.12 312.0 10.0 312.0 78.0 7.0 78.0 
1 3 0.7 0.7 312.0 10.0 312.0 78.0 7.0 78.0 358.0 209.0 358.0 
1 2 0.88 0.88 150.0 1.0 150.0 971.0 849.0 971.0 
1 2 0.27 0.27 312.0 25.0 312.0 525.0 101.0 525.0 
1 3 0.48 0.48 312.0 25.0 312.0 525.0 101.0 525.0 652.0 137.0 652.0 
1 4 0.53 0.53 312.0 25.0 312.0 525.0 101.0 525.0 652.0 137.0 652.0 349.0 20.0 349.0 
1 5 0.67 0.67 312.0 25.0 312.0 525.0 101.0 525.0 652.0 137.0 652.0 349.0 20.0 349.0 227.0 30.0 227.0 
1 2 0.94 0.94 814.0 240.0 814.0 766.0 499.0 766.0 
1 2 0.05 0.05 789.0 28.0 789.0 696.0 16.0 696.0 
1 3 0.17 0.17 789.0 28.0 789.0 696.0 16.0 696.0 474.0 57.0 474.0 
1 4 0.24 0.24 789.0 28.0 789.0 696.0 16.0 696.0 474.0 57.0 474.0 985.0 67.0 985.0 
1 5 0.9 0.9 789.0 28.0 789.0 696.0 16.0 696.0 474.0 57.0 474.0 985.0 67.0 985.0 378.0 247.0 378.0 
1 2 0.73 0.73 436.0 247.0 436.0 854.0 143.0 854.0 
1 3 0.78 0.78 436.0 247.0 436.0 854.0 143.0 854.0 722.0 35.0 722.0 
1 2 0.47 0.47 24.0 9.0 24.0 764.0 77.0 764.0 
1 3 0.63 0.63 24.0 9.0 24.0 764.0 77.0 764.0 319.0 50.0 319.0 
1 4 0.7 0.7 24.0 9.0 24.0 764.0 77.0 764.0 319.0 50.0 319.0 261.0 20.0 261.0 
1 2 0.21 0.21 641.0 30.0 641.0 88.0 15.0 88.0 
1 3 0.27 0.27 641.0 30.0 641.0 88.0 15.0 88.0 808.0 46.0 808.0 
1 4 0.55 0.55 641.0 30.0 641.0 88.0 15.0 88.0 808.0 46.0 808.0 639.0 180.0 639.0 
1 5 0.56 0.56 641.0 30.0 641.0 88.0 15.0 88.0 808.0 46.0 808.0 639.0 180.0 639.0 938.0 4.0 938.0 
1 6 0.71 0.71 641.0 30.0 641.0 88.0 15.0 88.0 808.0 46.0 808.0 639.0 180.0 639.0 938.0 4.0 938.0 118.0 18.0 118.0 
1 2 0.19 0.19 343.0 48.0 343.0 839.0 44.0 839.0 
1 3 0.66 0.66 343.0 48.0 343.0 839.0 44.0 839.0 170.0 80.0 170.0 
1 4 0.78 0.78 343.0 48.0 343.0 839.0 44.0 839.0 170.0 80.0 170.0 644.0 80.0 644.0 
1 2 0.82 0.82 409.0 233.0 409.0 838.0 212.0 838.0 
1 2 0.16 0.16 830.0 132.0 830.0 571.0 1.0 571.0 
1 3 0.32 0.32 830.0 132.0 830.0 571.0 1.0 571.0 415.0 68.0 415.0 
1 4 0.51 0.51 830.0 132.0 830.0 571.0 1.0 571.0 415.0 68.0 415.0 491.0 95.0 491.0 
1 5 0.56 0.56 830.0 132.0 830.0 571.0 1.0 571.0 415.0 68.0 415.0 491.0 95.0 491.0 20.0 1.0 20.0 
1 6 0.63 0.63 830.0 132.0 830.0 571.0 1.0 571.0 415.0 68.0 415.0 491.0 95.0 491.0 20.0 1.0 20.0 778.0 52.0 778.0 
1 7 0.81 0.81 830.0 132.0 830.0 571.0 1.0 571.0 415.0 68.0 415.0 491.0 95.0 491.0 20.0 1.0 20.0 778.0 52.0 778.0 11.0 2.0 11.0 
1 2 0.32 0.32 900.0 9.0 900.0 58.0 18.0 58.0 
1 3 0.44 0.44 900.0 9.0 900.0 58.0 18.0 58.0 31.0 4.0 31.0 
1 4 0.96 0.96 900.0 9.0 900.0 58.0 18.0 58.0 31.0 4.0 31.0 748.0 383.0 748.0 
1 2 0.42 0.42 25.0 1.0 25.0 547.0 211.0 547.0 
1 3 0.93 0.93 25.0 1.0 25.0 547.0 211.0 547.0 786.0 402.0 786.0 
1 2 0.42 0.42 220.0 80.0 220.0 646.0 40.0 646.0 
1 2 0.94 0.94 830.0 155.0 830.0 687.0 521.0 687.0 
1 2 0.78 0.78 234.0 68.0 234.0 868.0 429.0 868.0 
1 3 0.99 0.99 234.0 68.0 234.0 868.0 429.0 868.0 370.0 78.0 370.0 
1 2 0.37 0.37 753.0 245.0 753.0 891.0 43.0 891.0 
1 3 0.79 0.79 753.0 245.0 753.0 891.0 43.0 891.0 925.0 388.0 925.0 
1 2 0.59 0.59 963.0 229.0 963.0 548.0 198.0 548.0 
1 3 0.61 0.61 963.0 229.0 963.0 548.0 198.0 548.0 845.0 10.0 845.0 
1 2 0.41 0.41 351.0 16.0 351.0 135.0 50.0 135.0 
1 3 0.94 0.94 351.0 16.0 351.0 135.0 50.0 135.0 393.0 209.0 393.0 
1 2 0.96 0.96 433.0 364.0 433.0 562.0 68.0 562.0 
1 2 0.26 0.26 623.0 103.0 623.0 498.0 52.0 498.0 
1 3 0.34 0.34 623.0 103.0 623.0 498.0 52.0 498.0 907.0 65.0 907.0 
1 4 0.68 0.68 623.0 103.0 623.0 498.0 52.0 498.0 907.0 65.0 907.0 181.0 63.0 181.0 
1 2 0.62 0.62 651.0 194.0 651.0 287.0 94.0 287.0 
1 2 0.53 0.53 625.0 151.0 625.0 831.0 242.0 831.0 
1 3 0.59 0.59 625.0 151.0 625.0 831.0 242.0 831.0 396.0 24.0 396.0 
1 2 0.42 0.42 516.0 101.0 516.0 871.0 204.0 871.0 
1 3 0.95 0.95 516.0 101.0 516.0 871.0 204.0 871.0 691.0 362.0 691.0 
1 2 0.12 0.12 499.0 19.0 499.0 655.0 59.0 655.0 
1 3 0.41 0.41 499.0 19.0 499.0 655.0 59.0 655.0 732.0 210.0 732.0 
1 4 0.77 0.77 499.0 19.0 499.0 655.0 59.0 655.0 732.0 210.0 732.0 372.0 133.0 372.0 
1 2 0.88 0.88 214.0 83.0 214.0 474.0 237.0 474.0 
1 3 0.94 0.94 214.0 83.0 214.0 474.0 237.0 474.0 363.0 19.0 363.0 
1 2 0.38 0.38 715.0 40.0 715.0 700.0 230.0 700.0 
1 3 0.4 0.4 715.0 40.0 715.0 700.0 230.0 700.0 57.0 1.0 57.0 
1 4 0.91 0.91 715.0 40.0 715.0 700.0 230.0 700.0 57.0 1.0 57.0 126.0 65.0 126.0 
1 2 0.06 0.06 779.0 16.0 779.0 934.0 46.0 934.0 
1 3 0.17 0.17 779.0 16.0 779.0 934.0 46.0 934.0 448.0 46.0 448.0 
1 2 0.25 0.25 927.0 80.0 927.0 409.0 70.0 409.0 
1 3 0.52 0.52 927.0 80.0 927.0 409.0 70.0 409.0 15.0 4.0 15.0 
1 2 0.08 0.08 543.0 33.0 543.0 48.0 1.0 48.0 
1 3 0.26 0.26 543.0 33.0 543.0 48.0 1.0 48.0 269.0 48.0 269.0 
1 4 0.31 0.31 543.0 33.0 543.0 48.0 1.0 48.0 269.0 48.0 269.0 850.0 46.0 850.0 
1 5 0.5 0.5 543.0 33.0 543.0 48.0 1.0 48.0 269.0 48.0 269.0 850.0 46.0 850.0 382.0 73.0 382.0 
1 2 0.38 0.38 305.0 6.0 305.0 667.0 241.0 667.0 
1 3 0.9 0.9 305.0 6.0 305.0 667.0 241.0 667.0 675.0 352.0 675.0 
1 2 0.89 0.89 896.0 381.0 896.0 944.0 444.0 944.0 
1 2 0.94 0.94 377.0 70.0 377.0 25.0 19.0 25.0 
1 2 0.99 0.99 986.0 218.0 986.0 876.0 677.0 876.0 
1 2 0.44 0.44 602.0 164.0 602.0 645.0 111.0 645.0 
1 3 0.59 0.59 602.0 164.0 602.0 645.0 111.0 645.0 522.0 77.0 522.0 
1 2 0.28 0.28 482.0 73.0 482.0 895.0 122.0 895.0 
1 3 0.33 0.33 482.0 73.0 482.0 895.0 122.0 895.0 977.0 42.0 977.0 
1 4 0.46 0.46 482.0 73.0 482.0 895.0 122.0 895.0 977.0 42.0 977.0 886.0 117.0 886.0 
1 2 0.46 0.46 831.0 262.0 831.0 925.0 135.0 925.0 
1 3 0.96 0.96 831.0 262.0 831.0 925.0 135.0 925.0 926.0 470.0 926.0 
1 2 0.88 0.88 261.0 183.0 261.0 970.0 175.0 970.0 
1 3 0.88 0.88 261.0 183.0 261.0 970.0 175.0 970.0 991.0 7.0 991.0 
1 2 0.3 0.3 607.0 30.0 607.0 917.0 238.0 917.0 
1 3 0.6 0.6 607.0 30.0 607.0 917.0 238.0 917.0 419.0 122.0 419.0 
1 2 0.97 0.97 800.0 636.0 800.0 664.0 119.0 664.0 
1 2 0.16 0.16 496.0 4.0 496.0 679.0 105.0 679.0 
1 3 0.25 0.25 496.0 4.0 496.0 679.0 105.0 679.0 909.0 83.0 909.0 
1 4 0.52 0.52 496.0 4.0 496.0 679.0 105.0 679.0 909.0 83.0 909.0 11.0 3.0 11.0 
1 5 0.6 0.6 496.0 4.0 496.0 679.0 105.0 679.0 909.0 83.0 909.0 11.0 3.0 11.0 652.0 50.0 652.0 
1 6 0.63 0.63 496.0 4.0 496.0 679.0 105.0 679.0 909.0 83.0 909.0 11.0 3.0 11.0 652.0 50.0 652.0 707.0 22.0 707.0 
1 7 0.99 0.99 496.0 4.0 496.0 679.0 105.0 679.0 909.0 83.0 909.0 11.0 3.0 11.0 652.0 50.0 652.0 707.0 22.0 707.0 960.0 345.0 960.0 
1 2 0.5 0.5 491.0 40.0 491.0 424.0 180.0 424.0 
1 3 0.75 0.75 491.0 40.0 491.0 424.0 180.0 424.0 783.0 198.0 783.0 
1 4 0.86 0.86 491.0 40.0 491.0 424.0 180.0 424.0 783.0 198.0 783.0 879.0 92.0 879.0 
1 2 0.5 0.5 159.0 52.0 159.0 606.0 108.0 606.0 
1 2 0.88 0.88 238.0 114.0 238.0 274.0 110.0 274.0 
1 2 0.9 0.9 365.0 294.0 365.0 907.0 87.0 907.0 
1 2 0.98 0.98 696.0 66.0 696.0 116.0 103.0 116.0 
1 2 0.83 0.83 504.0 31.0 504.0 254.0 196.0 254.0 
1 2 0.52 0.52 156.0 56.0 156.0 180.0 29.0 180.0 
1 2 0.97 0.97 58.0 52.0 58.0 581.0 46.0 581.0 
1 2 0.62 0.62 475.0 11.0 475.0 438.0 263.0 438.0 
1 3 0.8 0.8 475.0 11.0 475.0 438.0 263.0 438.0 551.0 101.0 551.0 
1 4 0.96 0.96 475.0 11.0 475.0 438.0 263.0 438.0 551.0 101.0 551.0 172.0 27.0 172.0 
1 2 0.75 0.75 753.0 96.0 753.0 945.0 590.0 945.0 
1 3 0.81 0.81 753.0 96.0 753.0 945.0 590.0 945.0 965.0 63.0 965.0 
1 2 0.93 0.93 61.0 43.0 61.0 689.0 161.0 689.0 
1 2 0.37 0.37 999.0 12.0 999.0 800.0 293.0 800.0 
1 2 0.76 0.76 477.0 272.0 477.0 431.0 86.0 431.0 
1 3 0.92 0.92 477.0 272.0 477.0 431.0 86.0 431.0 651.0 102.0 651.0 
1 4 0.95 0.95 477.0 272.0 477.0 431.0 86.0 431.0 651.0 102.0 651.0 182.0 6.0 182.0 
1 2 0.32 0.32 646.0 190.0 646.0 228.0 8.0 228.0 
1 3 0.49 0.49 646.0 190.0 646.0 228.0 8.0 228.0 41.0 7.0 41.0 
1 4 0.5 0.5 646.0 190.0 646.0 228.0 8.0 228.0 41.0 7.0 41.0 974.0 3.0 974.0 
1 5 0.82 0.82 646.0 190.0 646.0 228.0 8.0 228.0 41.0 7.0 41.0 974.0 3.0 974.0 469.0 153.0 469.0 
1 2 0.38 0.38 339.0 107.0 339.0 580.0 40.0 580.0 
1 2 0.52 0.52 908.0 217.0 908.0 7.0 2.0 7.0 
1 3 0.88 0.88 908.0 217.0 908.0 7.0 2.0 7.0 379.0 138.0 379.0 
1 4 0.94 0.94 908.0 217.0 908.0 7.0 2.0 7.0 379.0 138.0 379.0 748.0 42.0 748.0 
1 2 0.68 0.68 501.0 38.0 501.0 789.0 481.0 789.0 
1 3 0.85 0.85 501.0 38.0 501.0 789.0 481.0 789.0 650.0 107.0 650.0 
1 2 0.17 0.17 477.0 68.0 477.0 750.0 22.0 750.0 
1 3 0.26 0.26 477.0 68.0 477.0 750.0 22.0 750.0 170.0 16.0 170.0 
1 4 0.28 0.28 477.0 68.0 477.0 750.0 22.0 750.0 170.0 16.0 170.0 60.0 1.0 60.0 
1 5 0.48 0.48 477.0 68.0 477.0 750.0 22.0 750.0 170.0 16.0 170.0 60.0 1.0 60.0 825.0 167.0 825.0 
1 6 0.66 0.66 477.0 68.0 477.0 750.0 22.0 750.0 170.0 16.0 170.0 60.0 1.0 60.0 825.0 167.0 825.0 91.0 16.0 91.0 
1 7 0.7 0.7 477.0 68.0 477.0 750.0 22.0 750.0 170.0 16.0 170.0 60.0 1.0 60.0 825.0 167.0 825.0 91.0 16.0 91.0 689.0 30.0 689.0 
1 2 0.57 0.57 947.0 284.0 947.0 222.0 60.0 222.0 
1 3 0.79 0.79 947.0 284.0 947.0 222.0 60.0 222.0 172.0 39.0 172.0 
1 4 0.89 0.89 947.0 284.0 947.0 222.0 60.0 222.0 172.0 39.0 172.0 943.0 90.0 943.0 
1 2 0.99 0.99 397.0 38.0 397.0 939.0 843.0 939.0 
1 2 0.51 0.51 327.0 148.0 327.0 519.0 33.0 519.0 
1 3 0.75 0.75 327.0 148.0 327.0 519.0 33.0 519.0 830.0 195.0 830.0 
1 2 0.03 0.03 398.0 3.0 398.0 271.0 8.0 271.0 
1 3 0.09 0.09 398.0 3.0 398.0 271.0 8.0 271.0 134.0 8.0 134.0 
1 4 0.21 0.21 398.0 3.0 398.0 271.0 8.0 271.0 134.0 8.0 134.0 337.0 39.0 337.0 
1 5 0.58 0.58 398.0 3.0 398.0 271.0 8.0 271.0 134.0 8.0 134.0 337.0 39.0 337.0 895.0 329.0 895.0 
1 6 0.82 0.82 398.0 3.0 398.0 271.0 8.0 271.0 134.0 8.0 134.0 337.0 39.0 337.0 895.0 329.0 895.0 242.0 60.0 242.0 
1 2 0.67 0.67 364.0 63.0 364.0 669.0 333.0 669.0 
1 3 0.77 0.77 364.0 63.0 364.0 669.0 333.0 669.0 343.0 37.0 343.0 
1 2 0.71 0.71 455.0 198.0 455.0 787.0 224.0 787.0 
1 2 0.53 0.53 101.0 53.0 101.0 606.0 7.0 606.0 
1 3 0.54 0.54 101.0 53.0 101.0 606.0 7.0 606.0 376.0 4.0 376.0 
1 4 0.64 0.64 101.0 53.0 101.0 606.0 7.0 606.0 376.0 4.0 376.0 459.0 45.0 459.0 
1 2 0.27 0.27 432.0 28.0 432.0 999.0 207.0 999.0 
1 3 0.87 0.87 432.0 28.0 432.0 999.0 207.0 999.0 276.0 166.0 276.0 
1 4 0.91 0.91 432.0 28.0 432.0 999.0 207.0 999.0 276.0 166.0 276.0 44.0 2.0 44.0 
1 2 0.74 0.74 721.0 43.0 721.0 201.0 138.0 201.0 
1 2 0.31 0.31 817.0 65.0 817.0 47.0 11.0 47.0 
1 3 0.86 0.86 817.0 65.0 817.0 47.0 11.0 47.0 984.0 540.0 984.0 
1 4 0.96 0.96 817.0 65.0 817.0 47.0 11.0 47.0 984.0 540.0 984.0 864.0 85.0 864.0 
1 2 0.77 0.77 552.0 44.0 552.0 778.0 541.0 778.0 
1 2 0.19 0.19 220.0 38.0 220.0 684.0 16.0 684.0 
1 3 0.24 0.24 220.0 38.0 220.0 684.0 16.0 684.0 385.0 19.0 385.0 
1 4 0.25 0.25 220.0 38.0 220.0 684.0 16.0 684.0 385.0 19.0 385.0 706.0 8.0 706.0 
1 5 0.71 0.71 220.0 38.0 220.0 684.0 16.0 684.0 385.0 19.0 385.0 706.0 8.0 706.0 842.0 387.0 842.0 
1 2 0.34 0.34 802.0 106.0 802.0 873.0 187.0 873.0 
1 3 0.87 0.87 802.0 106.0 802.0 873.0 187.0 873.0 819.0 434.0 819.0 
1 2 0.71 0.71 438.0 204.0 438.0 951.0 241.0 951.0 
1 3 0.88 0.88 438.0 204.0 438.0 951.0 241.0 951.0 720.0 122.0 720.0 
1 2 0.37 0.37 48.0 16.0 48.0 541.0 22.0 541.0 
1 3 0.4 0.4 48.0 16.0 48.0 541.0 22.0 541.0 359.0 11.0 359.0 
1 4 0.59 0.59 48.0 16.0 48.0 541.0 22.0 541.0 359.0 11.0 359.0 67.0 13.0 67.0 
1 2 0.78 0.78 847.0 409.0 847.0 979.0 292.0 979.0 
1 2 0.3 0.3 82.0 14.0 82.0 466.0 62.0 466.0 
1 3 0.34 0.34 82.0 14.0 82.0 466.0 62.0 466.0 777.0 31.0 777.0 
1 4 0.44 0.44 82.0 14.0 82.0 466.0 62.0 466.0 777.0 31.0 777.0 713.0 70.0 713.0 
1 5 0.65 0.65 82.0 14.0 82.0 466.0 62.0 466.0 777.0 31.0 777.0 713.0 70.0 713.0 923.0 195.0 923.0 
1 2 0.76 0.76 467.0 205.0 467.0 328.0 107.0 328.0 
1 2 0.98 0.98 949.0 791.0 949.0 474.0 70.0 474.0 
1 2 0.83 0.83 739.0 103.0 739.0 279.0 193.0 279.0 
1 2 0.68 0.68 100.0 48.0 100.0 616.0 126.0 616.0 
1 2 0.35 0.35 548.0 181.0 548.0 271.0 7.0 271.0 
1 3 0.43 0.43 548.0 181.0 548.0 271.0 7.0 271.0 327.0 25.0 327.0 
1 4 0.95 0.95 548.0 181.0 548.0 271.0 7.0 271.0 327.0 25.0 327.0 506.0 266.0 506.0 
1 2 0.68 0.68 16.0 9.0 16.0 403.0 49.0 403.0 
1 3 0.96 0.96 16.0 9.0 16.0 403.0 49.0 403.0 281.0 79.0 281.0 
1 2 0.29 0.29 150.0 40.0 150.0 403.0 11.0 403.0 
1 2 0.47 0.47 527.0 19.0 527.0 177.0 78.0 177.0 
1 3 0.68 0.68 527.0 19.0 527.0 177.0 78.0 177.0 737.0 151.0 737.0 
1 2 0.46 0.46 309.0 138.0 309.0 72.0 1.0 72.0 
1 3 0.88 0.88 309.0 138.0 309.0 72.0 1.0 72.0 401.0 169.0 401.0 
1 4 0.89 0.89 309.0 138.0 309.0 72.0 1.0 72.0 401.0 169.0 401.0 546.0 9.0 546.0 
1 2 0.18 0.18 470.0 30.0 470.0 306.0 37.0 306.0 
1 3 0.33 0.33 470.0 30.0 470.0 306.0 37.0 306.0 870.0 128.0 870.0 
1 4 0.92 0.92 470.0 30.0 470.0 306.0 37.0 306.0 870.0 128.0 870.0 333.0 198.0 333.0 
1 2 0.39 0.39 244.0 53.0 244.0 106.0 19.0 106.0 
1 3 0.88 0.88 244.0 53.0 244.0 106.0 19.0 106.0 473.0 232.0 473.0 
1 2 0.94 0.94 142.0 36.0 142.0 983.0 678.0 983.0 
1 3 0.95 0.95 142.0 36.0 142.0 983.0 678.0 983.0 758.0 12.0 758.0 
1 2 0.64 0.64 379.0 126.0 379.0 390.0 123.0 390.0 
1 3 0.98 0.98 379.0 126.0 379.0 390.0 123.0 390.0 814.0 273.0 814.0 
1 2 0.33 0.33 144.0 48.0 144.0 488.0 3.0 488.0 
1 2 0.62 0.62 499.0 171.0 499.0 106.0 30.0 106.0 
1 3 0.69 0.69 499.0 171.0 499.0 106.0 30.0 106.0 950.0 68.0 950.0 
1 4 0.76 0.76 499.0 171.0 499.0 106.0 30.0 106.0 950.0 68.0 950.0 496.0 36.0 496.0 
1 2 0.3 0.3 432.0 86.0 432.0 431.0 46.0 431.0 
1 3 0.68 0.68 432.0 86.0 432.0 431.0 46.0 431.0 60.0 23.0 60.0 
1 4 0.83 0.83 432.0 86.0 432.0 431.0 46.0 431.0 60.0 23.0 60.0 21.0 3.0 21.0 
1 5 0.91 0.91 432.0 86.0 432.0 431.0 46.0 431.0 60.0 23.0 60.0 21.0 3.0 21.0 747.0 61.0 747.0 
1 6 0.99 0.99 432.0 86.0 432.0 431.0 46.0 431.0 60.0 23.0 60.0 21.0 3.0 21.0 747.0 61.0 747.0 343.0 27.0 343.0 
1 2 0.08 0.08 899.0 76.0 899.0 770.0 4.0 770.0 
1 3 0.27 0.27 899.0 76.0 899.0 770.0 4.0 770.0 885.0 168.0 885.0 
1 4 0.4 0.4 899.0 76.0 899.0 770.0 4.0 770.0 885.0 168.0 885.0 364.0 47.0 364.0 
1 5 0.99 0.99 899.0 76.0 899.0 770.0 4.0 770.0 885.0 168.0 885.0 364.0 47.0 364.0 189.0 110.0 189.0 
1 2 0.38 0.38 637.0 24.0 637.0 416.0 146.0 416.0 
1 3 0.52 0.52 637.0 24.0 637.0 416.0 146.0 416.0 814.0 111.0 814.0 
1 2 0.72 0.72 416.0 134.0 416.0 338.0 136.0 338.0 
1 3 0.85 0.85 416.0 134.0 416.0 338.0 136.0 338.0 771.0 104.0 771.0 
1 2 0.89 0.89 408.0 47.0 408.0 523.0 409.0 523.0 
1 2 0.5 0.5 317.0 31.0 317.0 497.0 201.0 497.0 
1 2 0.33 0.33 836.0 188.0 836.0 160.0 17.0 160.0 
1 3 0.94 0.94 836.0 188.0 836.0 160.0 17.0 160.0 529.0 323.0 529.0 
1 2 0.61 0.61 225.0 98.0 225.0 995.0 175.0 995.0 
1 3 0.99 0.99 225.0 98.0 225.0 995.0 175.0 995.0 860.0 329.0 860.0 
1 2 0.6 0.6 205.0 28.0 205.0 875.0 408.0 875.0 
1 3 0.76 0.76 205.0 28.0 205.0 875.0 408.0 875.0 737.0 117.0 737.0 
1 4 0.86 0.86 205.0 28.0 205.0 875.0 408.0 875.0 737.0 117.0 737.0 652.0 66.0 652.0 
1 2 0.6 0.6 206.0 100.0 206.0 786.0 95.0 786.0 
1 2 0.34 0.34 698.0 224.0 698.0 151.0 4.0 151.0 
1 3 0.53 0.53 698.0 224.0 698.0 151.0 4.0 151.0 490.0 91.0 490.0 
1 2 0.44 0.44 759.0 307.0 759.0 186.0 7.0 186.0 
1 3 0.94 0.94 759.0 307.0 759.0 186.0 7.0 186.0 93.0 47.0 93.0 
1 4 0.96 0.96 759.0 307.0 759.0 186.0 7.0 186.0 93.0 47.0 93.0 591.0 9.0 591.0 
1 2 0.53 0.53 820.0 341.0 820.0 406.0 48.0 406.0 
1 3 0.71 0.71 820.0 341.0 820.0 406.0 48.0 406.0 896.0 159.0 896.0 
1 4 0.95 0.95 820.0 341.0 820.0 406.0 48.0 406.0 896.0 159.0 896.0 474.0 116.0 474.0 
1 2 0.73 0.73 597.0 203.0 597.0 752.0 295.0 752.0 
1 3 0.76 0.76 597.0 203.0 597.0 752.0 295.0 752.0 800.0 26.0 800.0 
1 4 0.81 0.81 597.0 203.0 597.0 752.0 295.0 752.0 800.0 26.0 800.0 835.0 41.0 835.0 
1 2 0.28 0.28 378.0 73.0 378.0 622.0 56.0 622.0 
1 2 0.3 0.3 233.0 57.0 233.0 787.0 45.0 787.0 
1 3 0.94 0.94 233.0 57.0 233.0 787.0 45.0 787.0 189.0 121.0 189.0 
1 2 0.91 0.91 869.0 739.0 869.0 884.0 58.0 884.0 
1 2 0.75 0.75 348.0 110.0 348.0 307.0 135.0 307.0 
1 2 0.84 0.84 49.0 15.0 49.0 416.0 226.0 416.0 
1 3 0.87 0.87 49.0 15.0 49.0 416.0 226.0 416.0 35.0 1.0 35.0 
1 2 0.27 0.27 903.0 201.0 903.0 772.0 44.0 772.0 
1 3 0.51 0.51 903.0 201.0 903.0 772.0 44.0 772.0 414.0 98.0 414.0 
1 4 0.72 0.72 903.0 201.0 903.0 772.0 44.0 772.0 414.0 98.0 414.0 228.0 48.0 228.0 
1 5 0.87 0.87 903.0 201.0 903.0 772.0 44.0 772.0 414.0 98.0 414.0 228.0 48.0 228.0 651.0 97.0 651.0 
1 2 0.34 0.34 881.0 232.0 881.0 141.0 12.0 141.0 
1 3 0.58 0.58 881.0 232.0 881.0 141.0 12.0 141.0 25.0 6.0 25.0 
1 4 0.68 0.68 881.0 232.0 881.0 141.0 12.0 141.0 25.0 6.0 25.0 182.0 17.0 182.0 
1 5 0.91 0.91 881.0 232.0 881.0 141.0 12.0 141.0 25.0 6.0 25.0 182.0 17.0 182.0 175.0 40.0 175.0 
1 2 0.53 0.53 187.0 7.0 187.0 724.0 358.0 724.0 
1 3 0.64 0.64 187.0 7.0 187.0 724.0 358.0 724.0 849.0 100.0 849.0 
1 2 0.5 0.5 904.0 191.0 904.0 262.0 76.0 262.0 
1 2 0.81 0.81 248.0 189.0 248.0 663.0 35.0 663.0 
1 2 0.39 0.39 444.0 149.0 444.0 735.0 42.0 735.0 
1 3 0.77 0.77 444.0 149.0 444.0 735.0 42.0 735.0 91.0 35.0 91.0 
1 4 0.82 0.82 444.0 149.0 444.0 735.0 42.0 735.0 91.0 35.0 91.0 174.0 8.0 174.0 
1 2 0.97 0.97 486.0 466.0 486.0 385.0 6.0 385.0 
1 2 0.42 0.42 336.0 15.0 336.0 954.0 363.0 954.0 
1 2 0.71 0.71 571.0 245.0 571.0 867.0 247.0 867.0 
1 3 0.78 0.78 571.0 245.0 571.0 867.0 247.0 867.0 382.0 28.0 382.0 
1 2 0.73 0.73 348.0 139.0 348.0 388.0 131.0 388.0 
1 2 0.54 0.54 730.0 306.0 730.0 868.0 112.0 868.0 
1 3 0.63 0.63 730.0 306.0 730.0 868.0 112.0 868.0 939.0 85.0 939.0 
1 4 0.66 0.66 730.0 306.0 730.0 868.0 112.0 868.0 939.0 85.0 939.0 1000.0 22.0 1000.0 
1 5 0.71 0.71 730.0 306.0 730.0 868.0 112.0 868.0 939.0 85.0 939.0 1000.0 22.0 1000.0 782.0 44.0 782.0 
1 2 0.53 0.53 314.0 132.0 314.0 252.0 29.0 252.0 
1 3 0.85 0.85 314.0 132.0 314.0 252.0 29.0 252.0 929.0 298.0 929.0 
1 4 0.94 0.94 314.0 132.0 314.0 252.0 29.0 252.0 929.0 298.0 929.0 99.0 9.0 99.0 
1 2 0.68 0.68 422.0 280.0 422.0 132.0 3.0 132.0 
1 3 0.76 0.76 422.0 280.0 422.0 132.0 3.0 132.0 890.0 69.0 890.0 
1 2 0.48 0.48 371.0 8.0 371.0 612.0 282.0 612.0 
1 3 0.86 0.86 371.0 8.0 371.0 612.0 282.0 612.0 166.0 64.0 166.0 
1 2 0.63 0.63 903.0 88.0 903.0 954.0 517.0 954.0 
1 2 0.45 0.45 106.0 8.0 106.0 787.0 297.0 787.0 
1 3 0.84 0.84 106.0 8.0 106.0 787.0 297.0 787.0 375.0 146.0 375.0 
1 2 0.4 0.4 906.0 75.0 906.0 137.0 44.0 137.0 
1 3 0.58 0.58 906.0 75.0 906.0 137.0 44.0 137.0 420.0 78.0 420.0 
1 2 0.82 0.82 418.0 305.0 418.0 503.0 50.0 503.0 
1 3 0.96 0.96 418.0 305.0 418.0 503.0 50.0 503.0 251.0 35.0 251.0 
1 2 0.55 0.55 497.0 141.0 497.0 505.0 139.0 505.0 
1 3 0.62 0.62 497.0 141.0 497.0 505.0 139.0 505.0 659.0 45.0 659.0 
1 4 0.66 0.66 497.0 141.0 497.0 505.0 139.0 505.0 659.0 45.0 659.0 286.0 10.0 286.0 
1 2 0.23 0.23 905.0 75.0 905.0 384.0 58.0 384.0 
1 3 0.43 0.43 905.0 75.0 905.0 384.0 58.0 384.0 878.0 175.0 878.0 
1 4 0.62 0.62 905.0 75.0 905.0 384.0 58.0 384.0 878.0 175.0 878.0 212.0 40.0 212.0 
1 2 0.83 0.83 768.0 336.0 768.0 5.0 2.0 5.0 
1 2 0.39 0.39 505.0 168.0 505.0 253.0 15.0 253.0 
1 3 0.79 0.79 505.0 168.0 505.0 253.0 15.0 253.0 15.0 6.0 15.0 
1 4 0.89 0.89 505.0 168.0 505.0 253.0 15.0 253.0 15.0 6.0 15.0 900.0 89.0 900.0 
1 2 0.53 0.53 599.0 66.0 599.0 246.0 105.0 246.0 
1 2 0.31 0.31 509.0 158.0 509.0 495.0 3.0 495.0 
1 3 0.84 0.84 509.0 158.0 509.0 495.0 3.0 495.0 425.0 226.0 425.0 
1 2 0.61 0.61 883.0 367.0 883.0 729.0 148.0 729.0 
1 3 0.94 0.94 883.0 367.0 883.0 729.0 148.0 729.0 55.0 18.0 55.0 
1 2 0.76 0.76 785.0 414.0 785.0 277.0 65.0 277.0 
1 3 0.91 0.91 785.0 414.0 785.0 277.0 65.0 277.0 430.0 64.0 430.0 
1 4 0.96 0.96 785.0 414.0 785.0 277.0 65.0 277.0 430.0 64.0 430.0 357.0 19.0 357.0 
1 2 0.46 0.46 599.0 171.0 599.0 148.0 27.0 148.0 
1 3 0.8 0.8 599.0 171.0 599.0 148.0 27.0 148.0 600.0 200.0 600.0 
1 2 0.19 0.19 664.0 117.0 664.0 460.0 8.0 460.0 
1 3 0.29 0.29 664.0 117.0 664.0 460.0 8.0 460.0 143.0 15.0 143.0 
1 4 0.6 0.6 664.0 117.0 664.0 460.0 8.0 460.0 143.0 15.0 143.0 891.0 271.0 891.0 
1 2 0.84 0.84 415.0 20.0 415.0 64.0 51.0 64.0 
1 3 0.95 0.95 415.0 20.0 415.0 64.0 51.0 64.0 179.0 20.0 179.0 
1 4 0.99 0.99 415.0 20.0 415.0 64.0 51.0 64.0 179.0 20.0 179.0 179.0 6.0 179.0 
1 2 0.47 0.47 707.0 66.0 707.0 492.0 189.0 492.0 
1 3 0.91 0.91 707.0 66.0 707.0 492.0 189.0 492.0 55.0 24.0 55.0 
1 2 0.72 0.72 231.0 24.0 231.0 787.0 485.0 787.0 
1 2 0.77 0.77 484.0 368.0 484.0 856.0 13.0 856.0 
1 3 0.79 0.79 484.0 368.0 484.0 856.0 13.0 856.0 214.0 4.0 214.0 
1 2 0.27 0.27 55.0 11.0 55.0 766.0 60.0 766.0 
1 3 0.34 0.34 55.0 11.0 55.0 766.0 60.0 766.0 640.0 42.0 640.0 
1 4 0.66 0.66 55.0 11.0 55.0 766.0 60.0 766.0 640.0 42.0 640.0 563.0 182.0 563.0 
1 5 0.7 0.7 55.0 11.0 55.0 766.0 60.0 766.0 640.0 42.0 640.0 563.0 182.0 563.0 105.0 4.0 105.0 
1 2 0.63 0.63 774.0 194.0 774.0 458.0 178.0 458.0 
1 3 0.77 0.77 774.0 194.0 774.0 458.0 178.0 458.0 284.0 39.0 284.0 
1 2 0.67 0.67 77.0 20.0 77.0 877.0 365.0 877.0 
1 3 0.75 0.75 77.0 20.0 77.0 877.0 365.0 877.0 332.0 25.0 332.0 
1 2 0.83 0.83 714.0 169.0 714.0 559.0 335.0 559.0 
1 3 0.94 0.94 714.0 169.0 714.0 559.0 335.0 559.0 189.0 21.0 189.0 
1 4 0.94 0.94 714.0 169.0 714.0 559.0 335.0 559.0 189.0 21.0 189.0 385.0 1.0 385.0 
1 2 0.9 0.9 704.0 132.0 704.0 348.0 249.0 348.0 
1 2 0.15 0.15 192.0 13.0 192.0 170.0 14.0 170.0 
1 3 0.7 0.7 192.0 13.0 192.0 170.0 14.0 170.0 805.0 444.0 805.0 
1 2 0.71 0.71 108.0 31.0 108.0 138.0 59.0 138.0 
1 2 0.38 0.38 962.0 142.0 962.0 747.0 179.0 747.0 
1 2 0.8 0.8 617.0 433.0 617.0 87.0 9.0 87.0 
1 3 0.98 0.98 617.0 433.0 617.0 87.0 9.0 87.0 466.0 84.0 466.0 
1 2 0.7 0.7 917.0 73.0 917.0 523.0 326.0 523.0 
1 3 0.87 0.87 917.0 73.0 917.0 523.0 326.0 523.0 911.0 160.0 911.0 
1 4 0.91 0.91 917.0 73.0 917.0 523.0 326.0 523.0 911.0 160.0 911.0 856.0 27.0 856.0 
1 2 0.64 0.64 369.0 35.0 369.0 234.0 128.0 234.0 
1 2 0.97 0.97 353.0 291.0 353.0 761.0 118.0 761.0 
1 2 0.77 0.77 866.0 409.0 866.0 944.0 286.0 944.0 
1 3 0.98 0.98 866.0 409.0 866.0 944.0 286.0 944.0 326.0 70.0 326.0 
1 2 0.44 0.44 811.0 162.0 811.0 724.0 180.0 724.0 
1 3 0.84 0.84 811.0 162.0 811.0 724.0 180.0 724.0 439.0 176.0 439.0 
1 2 0.41 0.41 80.0 26.0 80.0 466.0 41.0 466.0 
1 3 0.89 0.89 80.0 26.0 80.0 466.0 41.0 466.0 559.0 267.0 559.0 
1 2 0.07 0.07 709.0 17.0 709.0 205.0 11.0 205.0 
1 3 0.56 0.56 709.0 17.0 709.0 205.0 11.0 205.0 72.0 35.0 72.0 
1 2 0.66 0.66 446.0 292.0 446.0 663.0 4.0 663.0 
1 2 0.26 0.26 969.0 55.0 969.0 447.0 92.0 447.0 
1 3 0.5 0.5 969.0 55.0 969.0 447.0 92.0 447.0 684.0 165.0 684.0 
1 4 0.58 0.58 969.0 55.0 969.0 447.0 92.0 447.0 684.0 165.0 684.0 50.0 4.0 50.0 
1 5 0.69 0.69 969.0 55.0 969.0 447.0 92.0 447.0 684.0 165.0 684.0 50.0 4.0 50.0 825.0 93.0 825.0 
1 6 0.73 0.73 969.0 55.0 969.0 447.0 92.0 447.0 684.0 165.0 684.0 50.0 4.0 50.0 825.0 93.0 825.0 390.0 14.0 390.0 
1 7 0.94 0.94 969.0 55.0 969.0 447.0 92.0 447.0 684.0 165.0 684.0 50.0 4.0 50.0 825.0 93.0 825.0 390.0 14.0 390.0 167.0 36.0 167.0 
1 8 0.97 0.97 969.0 55.0 969.0 447.0 92.0 447.0 684.0 165.0 684.0 50.0 4.0 50.0 825.0 93.0 825.0 390.0 14.0 390.0 167.0 36.0 167.0 412.0 13.0 412.0 
1 2 0.32 0.32 366.0 90.0 366.0 310.0 24.0 310.0 
1 3 0.73 0.73 366.0 90.0 366.0 310.0 24.0 310.0 782.0 321.0 782.0 
1 4 0.96 0.96 366.0 90.0 366.0 310.0 24.0 310.0 782.0 321.0 782.0 368.0 85.0 368.0 
1 2 0.92 0.92 38.0 25.0 38.0 82.0 22.0 82.0 
1 3 0.98 0.98 38.0 25.0 38.0 82.0 22.0 82.0 992.0 61.0 992.0 
1 2 0.92 0.92 901.0 708.0 901.0 198.0 27.0 198.0 
1 2 0.34 0.34 220.0 29.0 220.0 229.0 49.0 229.0 
1 3 0.58 0.58 220.0 29.0 220.0 229.0 49.0 229.0 302.0 72.0 302.0 
1 2 0.62 0.62 151.0 17.0 151.0 823.0 420.0 823.0 
1 2 0.84 0.84 22.0 7.0 22.0 201.0 106.0 201.0 
1 3 0.96 0.96 22.0 7.0 22.0 201.0 106.0 201.0 302.0 35.0 302.0 
1 2 0.33 0.33 963.0 262.0 963.0 827.0 53.0 827.0 
1 3 0.92 0.92 963.0 262.0 963.0 827.0 53.0 827.0 397.0 234.0 397.0 
1 2 0.27 0.27 350.0 6.0 350.0 208.0 53.0 208.0 
1 3 0.32 0.32 350.0 6.0 350.0 208.0 53.0 208.0 745.0 40.0 745.0 
1 2 0.73 0.73 638.0 140.0 638.0 530.0 271.0 530.0 
1 3 0.98 0.98 638.0 140.0 638.0 530.0 271.0 530.0 242.0 62.0 242.0 
1 2 0.79 0.79 416.0 83.0 416.0 553.0 329.0 553.0 
1 2 0.43 0.43 961.0 107.0 961.0 128.0 42.0 128.0 
1 3 0.54 0.54 961.0 107.0 961.0 128.0 42.0 128.0 350.0 36.0 350.0 
1 4 0.55 0.55 961.0 107.0 961.0 128.0 42.0 128.0 350.0 36.0 350.0 446.0 5.0 446.0 
1 5 0.6 0.6 961.0 107.0 961.0 128.0 42.0 128.0 350.0 36.0 350.0 446.0 5.0 446.0 217.0 11.0 217.0 
1 6 0.85 0.85 961.0 107.0 961.0 128.0 42.0 128.0 350.0 36.0 350.0 446.0 5.0 446.0 217.0 11.0 217.0 828.0 205.0 828.0 
1 2 0.27 0.27 361.0 56.0 361.0 866.0 105.0 866.0 
1 3 0.4 0.4 361.0 56.0 361.0 866.0 105.0 866.0 705.0 91.0 705.0 
1 4 0.77 0.77 361.0 56.0 361.0 866.0 105.0 866.0 705.0 91.0 705.0 374.0 139.0 374.0 
1 5 0.86 0.86 361.0 56.0 361.0 866.0 105.0 866.0 705.0 91.0 705.0 374.0 139.0 374.0 846.0 72.0 846.0 
1 2 0.75 0.75 316.0 65.0 316.0 537.0 296.0 537.0 
1 2 0.83 0.83 985.0 562.0 985.0 614.0 162.0 614.0 
1 3 0.99 0.99 985.0 562.0 985.0 614.0 162.0 614.0 898.0 147.0 898.0 
1 2 0.37 0.37 939.0 170.0 939.0 487.0 94.0 487.0 
1 3 0.98 0.98 939.0 170.0 939.0 487.0 94.0 487.0 562.0 346.0 562.0 
1 2 0.5 0.5 473.0 202.0 473.0 574.0 44.0 574.0 
1 3 0.83 0.83 473.0 202.0 473.0 574.0 44.0 574.0 251.0 82.0 251.0 
1 2 0.47 0.47 375.0 30.0 375.0 335.0 133.0 335.0 
1 3 0.63 0.63 375.0 30.0 375.0 335.0 133.0 335.0 876.0 135.0 876.0 
1 4 0.79 0.79 375.0 30.0 375.0 335.0 133.0 335.0 876.0 135.0 876.0 550.0 88.0 550.0 
1 2 0.21 0.21 475.0 55.0 475.0 167.0 16.0 167.0 
1 3 0.88 0.88 475.0 55.0 475.0 167.0 16.0 167.0 59.0 40.0 59.0 
1 2 0.46 0.46 976.0 65.0 976.0 187.0 74.0 187.0 
1 3 0.82 0.82 976.0 65.0 976.0 187.0 74.0 187.0 573.0 205.0 573.0 
1 2 0.11 0.11 310.0 30.0 310.0 966.0 20.0 966.0 
1 3 0.88 0.88 310.0 30.0 310.0 966.0 20.0 966.0 672.0 518.0 672.0 
1 2 0.54 0.54 745.0 49.0 745.0 46.0 22.0 46.0 
1 3 0.6 0.6 745.0 49.0 745.0 46.0 22.0 46.0 945.0 53.0 945.0 
1 2 0.43 0.43 438.0 114.0 438.0 474.0 83.0 474.0 
1 3 0.44 0.44 438.0 114.0 438.0 474.0 83.0 474.0 154.0 2.0 154.0 
1 4 0.53 0.53 438.0 114.0 438.0 474.0 83.0 474.0 154.0 2.0 154.0 451.0 40.0 451.0 
1 5 0.94 0.94 438.0 114.0 438.0 474.0 83.0 474.0 154.0 2.0 154.0 451.0 40.0 451.0 796.0 322.0 796.0 
1 2 0.96 0.96 786.0 254.0 786.0 222.0 142.0 222.0 
1 3 0.99 0.99 786.0 254.0 786.0 222.0 142.0 222.0 828.0 26.0 828.0 
1 2 0.88 0.88 458.0 259.0 458.0 864.0 280.0 864.0 
1 2 0.17 0.17 265.0 42.0 265.0 74.0 1.0 74.0 
1 3 0.6 0.6 265.0 42.0 265.0 74.0 1.0 74.0 630.0 273.0 630.0 
1 4 0.63 0.63 265.0 42.0 265.0 74.0 1.0 74.0 630.0 273.0 630.0 135.0 4.0 135.0 
1 5 0.72 0.72 265.0 42.0 265.0 74.0 1.0 74.0 630.0 273.0 630.0 135.0 4.0 135.0 243.0 21.0 243.0 
1 6 0.78 0.78 265.0 42.0 265.0 74.0 1.0 74.0 630.0 273.0 630.0 135.0 4.0 135.0 243.0 21.0 243.0 391.0 23.0 391.0 
1 2 0.44 0.44 302.0 126.0 302.0 400.0 11.0 400.0 
1 2 0.76 0.76 618.0 341.0 618.0 494.0 106.0 494.0 
1 3 0.79 0.79 618.0 341.0 618.0 494.0 106.0 494.0 550.0 15.0 550.0 
1 4 0.92 0.92 618.0 341.0 618.0 494.0 106.0 494.0 550.0 15.0 550.0 705.0 92.0 705.0 
1 2 0.89 0.89 396.0 62.0 396.0 425.0 313.0 425.0 
1 2 0.59 0.59 553.0 186.0 553.0 69.0 18.0 69.0 
1 3 0.71 0.71 553.0 186.0 553.0 69.0 18.0 69.0 707.0 82.0 707.0 
1 4 0.76 0.76 553.0 186.0 553.0 69.0 18.0 69.0 707.0 82.0 707.0 292.0 15.0 292.0 
1 5 0.98 0.98 553.0 186.0 553.0 69.0 18.0 69.0 707.0 82.0 707.0 292.0 15.0 292.0 873.0 189.0 873.0 
1 2 0.38 0.38 970.0 140.0 970.0 381.0 91.0 381.0 
1 3 0.42 0.42 970.0 140.0 970.0 381.0 91.0 381.0 484.0 21.0 484.0 
1 2 0.76 0.76 808.0 264.0 808.0 738.0 323.0 738.0 
1 2 0.96 0.96 756.0 470.0 756.0 279.0 95.0 279.0 
1 2 0.71 0.71 634.0 378.0 634.0 757.0 91.0 757.0 
1 2 0.4 0.4 63.0 12.0 63.0 767.0 165.0 767.0 
1 3 0.72 0.72 63.0 12.0 63.0 767.0 165.0 767.0 640.0 204.0 640.0 
1 2 0.82 0.82 427.0 48.0 427.0 374.0 266.0 374.0 
1 2 0.52 0.52 423.0 182.0 423.0 278.0 27.0 278.0 
1 2 0.72 0.72 877.0 401.0 877.0 413.0 111.0 413.0 
1 3 0.87 0.87 877.0 401.0 877.0 413.0 111.0 413.0 53.0 8.0 53.0 
1 2 0.42 0.42 886.0 86.0 886.0 732.0 238.0 732.0 
1 3 0.65 0.65 886.0 86.0 886.0 732.0 238.0 732.0 111.0 26.0 111.0 
1 4 0.85 0.85 886.0 86.0 886.0 732.0 238.0 732.0 111.0 26.0 111.0 762.0 154.0 762.0 
1 2 0.7 0.7 574.0 114.0 574.0 977.0 498.0 977.0 
1 3 0.98 0.98 574.0 114.0 574.0 977.0 498.0 977.0 101.0 28.0 101.0 
1 2 0.45 0.45 679.0 113.0 679.0 945.0 268.0 945.0 
1 3 0.72 0.72 679.0 113.0 679.0 945.0 268.0 945.0 92.0 25.0 92.0 
1 4 0.86 0.86 679.0 113.0 679.0 945.0 268.0 945.0 92.0 25.0 92.0 840.0 118.0 840.0 
1 2 0.17 0.17 803.0 87.0 803.0 295.0 20.0 295.0 
1 3 0.46 0.46 803.0 87.0 803.0 295.0 20.0 295.0 127.0 37.0 127.0 
1 4 0.85 0.85 803.0 87.0 803.0 295.0 20.0 295.0 127.0 37.0 127.0 269.0 104.0 269.0 
1 5 0.85 0.85 803.0 87.0 803.0 295.0 20.0 295.0 127.0 37.0 127.0 269.0 104.0 269.0 299.0 1.0 299.0 
1 2 0.78 0.78 218.0 128.0 218.0 505.0 98.0 505.0 
1 2 0.48 0.48 89.0 25.0 89.0 954.0 194.0 954.0 
1 3 0.52 0.52 89.0 25.0 89.0 954.0 194.0 954.0 754.0 29.0 754.0 
1 4 0.75 0.75 89.0 25.0 89.0 954.0 194.0 954.0 754.0 29.0 754.0 445.0 103.0 445.0 
1 2 0.21 0.21 535.0 23.0 535.0 825.0 142.0 825.0 
1 3 0.66 0.66 535.0 23.0 535.0 825.0 142.0 825.0 238.0 106.0 238.0 
1 2 0.11 0.11 568.0 42.0 568.0 501.0 22.0 501.0 
1 3 0.27 0.27 568.0 42.0 568.0 501.0 22.0 501.0 766.0 117.0 766.0 
1 4 0.43 0.43 568.0 42.0 568.0 501.0 22.0 501.0 766.0 117.0 766.0 369.0 60.0 369.0 
1 5 0.76 0.76 568.0 42.0 568.0 501.0 22.0 501.0 766.0 117.0 766.0 369.0 60.0 369.0 649.0 217.0 649.0 
1 6 0.99 0.99 568.0 42.0 568.0 501.0 22.0 501.0 766.0 117.0 766.0 369.0 60.0 369.0 649.0 217.0 649.0 91.0 21.0 91.0 
1 2 0.28 0.28 889.0 28.0 889.0 354.0 89.0 354.0 
1 3 0.81 0.81 889.0 28.0 889.0 354.0 89.0 354.0 801.0 425.0 801.0 
1 2 0.86 0.86 862.0 216.0 862.0 274.0 167.0 274.0 
1 3 0.86 0.86 862.0 216.0 862.0 274.0 167.0 274.0 692.0 5.0 692.0 
1 2 0.41 0.41 987.0 319.0 987.0 329.0 31.0 329.0 
1 3 0.79 0.79 987.0 319.0 987.0 329.0 31.0 329.0 291.0 111.0 291.0 
1 2 0.81 0.81 866.0 465.0 866.0 576.0 162.0 576.0 
1 3 0.91 0.91 866.0 465.0 866.0 576.0 162.0 576.0 917.0 88.0 917.0 
