1 2 0.82 0.82 807.0 540.0 807.0 607.0 93.0 607.0 
1 2 0.86 0.86 102.0 23.0 102.0 120.0 77.0 120.0 
1 2 0.86 0.86 734.0 17.0 734.0 836.0 705.0 836.0 
1 2 0.95 0.95 150.0 110.0 150.0 726.0 163.0 726.0 
1 2 0.86 0.86 301.0 24.0 301.0 206.0 162.0 206.0 
1 2 0.67 0.67 503.0 300.0 503.0 134.0 11.0 134.0 
1 2 0.99 0.99 425.0 324.0 425.0 126.0 29.0 126.0 
1 2 0.9 0.9 601.0 512.0 601.0 330.0 18.0 330.0 
1 2 0.67 0.67 226.0 145.0 226.0 433.0 13.0 433.0 
1 2 0.82 0.82 919.0 578.0 919.0 839.0 161.0 839.0 
1 2 0.98 0.98 729.0 321.0 729.0 430.0 236.0 430.0 
1 2 0.46 0.46 39.0 15.0 39.0 748.0 63.0 748.0 
1 2 0.93 0.93 496.0 188.0 496.0 184.0 102.0 184.0 
1 2 0.64 0.64 735.0 428.0 735.0 734.0 45.0 734.0 
1 2 0.98 0.98 721.0 14.0 721.0 551.0 531.0 551.0 
1 2 0.96 0.96 219.0 164.0 219.0 77.0 17.0 77.0 
1 2 0.98 0.98 451.0 346.0 451.0 646.0 142.0 646.0 
1 2 0.81 0.81 624.0 341.0 624.0 515.0 137.0 515.0 
1 2 0.97 0.97 254.0 31.0 254.0 744.0 631.0 744.0 
1 2 0.89 0.89 302.0 107.0 302.0 257.0 140.0 257.0 
1 2 0.91 0.91 714.0 495.0 714.0 9.0 2.0 9.0 
1 2 0.67 0.67 997.0 308.0 997.0 238.0 87.0 238.0 
1 2 0.89 0.89 160.0 37.0 160.0 821.0 542.0 821.0 
1 2 0.89 0.89 693.0 372.0 693.0 360.0 130.0 360.0 
1 2 0.76 0.76 256.0 24.0 256.0 6.0 4.0 6.0 
1 2 0.73 0.73 292.0 31.0 292.0 213.0 134.0 213.0 
1 2 0.53 0.53 897.0 385.0 897.0 964.0 98.0 964.0 
1 2 0.97 0.97 994.0 183.0 994.0 903.0 716.0 903.0 
1 2 0.9 0.9 40.0 8.0 40.0 973.0 682.0 973.0 
1 2 0.85 0.85 877.0 669.0 877.0 106.0 10.0 106.0 
1 2 0.9 0.9 738.0 599.0 738.0 843.0 77.0 843.0 
1 2 0.94 0.94 824.0 521.0 824.0 32.0 10.0 32.0 
1 2 0.94 0.94 890.0 15.0 890.0 937.0 867.0 937.0 
1 2 0.7 0.7 875.0 145.0 875.0 181.0 98.0 181.0 
1 2 0.72 0.72 657.0 354.0 657.0 414.0 76.0 414.0 
1 2 0.81 0.81 276.0 199.0 276.0 94.0 9.0 94.0 
1 2 0.86 0.86 820.0 188.0 820.0 629.0 401.0 629.0 
1 2 0.65 0.65 697.0 404.0 697.0 290.0 21.0 290.0 
1 2 0.68 0.68 581.0 63.0 581.0 106.0 61.0 106.0 
1 2 0.84 0.84 131.0 42.0 131.0 591.0 312.0 591.0 
1 2 0.77 0.77 309.0 187.0 309.0 266.0 46.0 266.0 
1 2 0.97 0.97 153.0 111.0 153.0 468.0 116.0 468.0 
1 2 0.81 0.81 74.0 14.0 74.0 461.0 289.0 461.0 
1 2 0.9 0.9 765.0 657.0 765.0 812.0 39.0 812.0 
1 2 0.93 0.93 503.0 427.0 503.0 462.0 42.0 462.0 
1 2 0.8 0.8 293.0 166.0 293.0 711.0 170.0 711.0 
1 2 0.86 0.86 382.0 87.0 382.0 702.0 444.0 702.0 
1 2 0.78 0.78 695.0 123.0 695.0 226.0 137.0 226.0 
1 2 0.92 0.92 386.0 291.0 386.0 40.0 7.0 40.0 
1 2 0.8 0.8 265.0 23.0 265.0 395.0 282.0 395.0 
1 2 0.94 0.94 604.0 349.0 604.0 967.0 353.0 967.0 
1 2 0.98 0.98 886.0 320.0 886.0 810.0 508.0 810.0 
1 2 0.92 0.92 37.0 20.0 37.0 603.0 231.0 603.0 
1 2 0.54 0.54 381.0 194.0 381.0 125.0 4.0 125.0 
1 2 0.8 0.8 621.0 11.0 621.0 24.0 19.0 24.0 
1 2 0.94 0.94 758.0 167.0 758.0 295.0 214.0 295.0 
1 2 0.4 0.4 78.0 10.0 78.0 22.0 6.0 22.0 
1 3 0.82 0.82 78.0 10.0 78.0 22.0 6.0 22.0 40.0 17.0 40.0 
1 2 0.89 0.89 538.0 375.0 538.0 933.0 189.0 933.0 
1 2 0.96 0.96 178.0 96.0 178.0 7.0 3.0 7.0 
1 2 0.88 0.88 396.0 346.0 396.0 204.0 2.0 204.0 
1 2 0.92 0.92 885.0 687.0 885.0 286.0 43.0 286.0 
1 2 0.64 0.64 39.0 3.0 39.0 983.0 557.0 983.0 
1 2 0.73 0.73 583.0 61.0 583.0 403.0 254.0 403.0 
1 2 0.95 0.95 617.0 162.0 617.0 410.0 284.0 410.0 
1 2 0.95 0.95 906.0 475.0 906.0 984.0 422.0 984.0 
1 2 0.87 0.87 658.0 374.0 658.0 225.0 69.0 225.0 
1 2 0.83 0.83 440.0 73.0 440.0 569.0 383.0 569.0 
1 2 0.92 0.92 750.0 405.0 750.0 872.0 339.0 872.0 
1 2 0.62 0.62 605.0 79.0 605.0 316.0 157.0 316.0 
1 2 0.58 0.58 856.0 21.0 856.0 175.0 98.0 175.0 
1 2 0.76 0.76 837.0 84.0 837.0 351.0 232.0 351.0 
1 2 0.62 0.62 398.0 201.0 398.0 569.0 70.0 569.0 
1 2 0.95 0.95 1000.0 387.0 1000.0 120.0 68.0 120.0 
1 2 0.93 0.93 383.0 6.0 383.0 786.0 722.0 786.0 
1 2 0.64 0.64 57.0 31.0 57.0 493.0 51.0 493.0 
1 2 0.88 0.88 733.0 54.0 733.0 661.0 539.0 661.0 
1 2 0.98 0.98 942.0 510.0 942.0 313.0 138.0 313.0 
1 2 0.81 0.81 754.0 429.0 754.0 56.0 14.0 56.0 
1 2 0.87 0.87 794.0 276.0 794.0 481.0 252.0 481.0 
1 2 0.94 0.94 90.0 68.0 90.0 318.0 59.0 318.0 
1 2 0.68 0.68 933.0 485.0 933.0 80.0 13.0 80.0 
1 2 0.9 0.9 150.0 18.0 150.0 812.0 637.0 812.0 
1 2 0.95 0.95 758.0 96.0 758.0 424.0 353.0 424.0 
1 2 0.99 0.99 870.0 142.0 870.0 616.0 514.0 616.0 
1 2 0.72 0.72 89.0 6.0 89.0 891.0 588.0 891.0 
1 2 0.91 0.91 20.0 3.0 20.0 60.0 46.0 60.0 
1 3 0.99 0.99 20.0 3.0 20.0 60.0 46.0 60.0 203.0 16.0 203.0 
1 2 0.86 0.86 904.0 132.0 904.0 595.0 427.0 595.0 
1 2 0.96 0.96 794.0 411.0 794.0 231.0 103.0 231.0 
1 2 0.81 0.81 708.0 186.0 708.0 543.0 301.0 543.0 
1 2 0.94 0.94 644.0 519.0 644.0 634.0 91.0 634.0 
1 2 0.86 0.86 946.0 142.0 946.0 783.0 560.0 783.0 
1 2 0.76 0.76 518.0 337.0 518.0 286.0 33.0 286.0 
1 2 0.98 0.98 233.0 98.0 233.0 652.0 371.0 652.0 
1 2 0.9 0.9 824.0 282.0 824.0 920.0 517.0 920.0 
1 2 0.8 0.8 535.0 95.0 535.0 948.0 597.0 948.0 
1 2 0.91 0.91 971.0 666.0 971.0 481.0 110.0 481.0 
1 2 0.16 0.16 430.0 14.0 430.0 117.0 15.0 117.0 
1 2 0.78 0.78 862.0 552.0 862.0 881.0 130.0 881.0 
1 2 0.83 0.83 576.0 318.0 576.0 21.0 6.0 21.0 
1 2 0.94 0.94 32.0 21.0 32.0 640.0 183.0 640.0 
1 2 0.77 0.77 465.0 48.0 465.0 551.0 369.0 551.0 
1 2 0.9 0.9 534.0 161.0 534.0 264.0 159.0 264.0 
1 2 0.83 0.83 309.0 23.0 309.0 347.0 263.0 347.0 
1 2 0.69 0.69 47.0 24.0 47.0 411.0 75.0 411.0 
1 2 0.74 0.74 518.0 181.0 518.0 242.0 96.0 242.0 
1 2 0.98 0.98 850.0 785.0 850.0 940.0 57.0 940.0 
1 2 0.73 0.73 428.0 244.0 428.0 891.0 151.0 891.0 
1 2 0.44 0.44 115.0 21.0 115.0 410.0 109.0 410.0 
1 3 0.87 0.87 115.0 21.0 115.0 410.0 109.0 410.0 463.0 198.0 463.0 
1 2 0.58 0.58 910.0 474.0 910.0 713.0 45.0 713.0 
1 2 0.98 0.98 553.0 236.0 553.0 48.0 27.0 48.0 
1 2 0.8 0.8 519.0 263.0 519.0 671.0 197.0 671.0 
1 2 0.71 0.71 55.0 9.0 55.0 977.0 537.0 977.0 
1 2 0.96 0.96 493.0 169.0 493.0 993.0 620.0 993.0 
1 2 0.87 0.87 443.0 80.0 443.0 224.0 155.0 224.0 
1 2 0.65 0.65 136.0 72.0 136.0 814.0 100.0 814.0 
1 2 0.97 0.97 191.0 114.0 191.0 77.0 29.0 77.0 
1 2 0.96 0.96 662.0 443.0 662.0 439.0 129.0 439.0 
1 2 0.64 0.64 146.0 55.0 146.0 710.0 193.0 710.0 
1 2 0.88 0.88 751.0 14.0 751.0 499.0 433.0 499.0 
1 2 0.95 0.95 476.0 413.0 476.0 610.0 51.0 610.0 
1 2 0.96 0.96 879.0 618.0 879.0 532.0 141.0 532.0 
1 2 0.84 0.84 516.0 106.0 516.0 493.0 316.0 493.0 
1 2 0.57 0.57 572.0 293.0 572.0 463.0 28.0 463.0 
1 2 0.85 0.85 774.0 489.0 774.0 328.0 72.0 328.0 
1 2 0.77 0.77 133.0 25.0 133.0 114.0 67.0 114.0 
1 2 0.69 0.69 82.0 4.0 82.0 826.0 532.0 826.0 
1 2 0.93 0.93 423.0 169.0 423.0 13.0 7.0 13.0 
1 2 0.96 0.96 673.0 364.0 673.0 748.0 316.0 748.0 
1 2 0.9 0.9 576.0 325.0 576.0 502.0 173.0 502.0 
1 2 0.9 0.9 42.0 22.0 42.0 159.0 60.0 159.0 
1 2 0.89 0.89 904.0 196.0 904.0 471.0 320.0 471.0 
1 2 0.87 0.87 467.0 234.0 467.0 975.0 360.0 975.0 
1 2 0.98 0.98 469.0 295.0 469.0 395.0 142.0 395.0 
1 2 0.89 0.89 848.0 251.0 848.0 740.0 446.0 740.0 
1 2 0.73 0.73 394.0 76.0 394.0 391.0 212.0 391.0 
1 2 0.67 0.67 728.0 123.0 728.0 884.0 444.0 884.0 
1 2 0.89 0.89 331.0 217.0 331.0 518.0 126.0 518.0 
1 2 0.58 0.58 370.0 9.0 370.0 673.0 379.0 673.0 
1 2 0.28 0.28 168.0 2.0 168.0 115.0 31.0 115.0 
1 2 0.85 0.85 95.0 53.0 95.0 553.0 167.0 553.0 
1 2 0.67 0.67 294.0 44.0 294.0 253.0 134.0 253.0 
1 2 0.93 0.93 59.0 54.0 59.0 421.0 8.0 421.0 
1 2 0.86 0.86 738.0 99.0 738.0 407.0 298.0 407.0 
1 3 0.88 0.88 738.0 99.0 738.0 407.0 298.0 407.0 802.0 18.0 802.0 
1 2 0.54 0.54 56.0 14.0 56.0 617.0 181.0 617.0 
1 2 0.65 0.65 49.0 27.0 49.0 592.0 59.0 592.0 
1 2 0.9 0.9 305.0 36.0 305.0 94.0 74.0 94.0 
1 2 0.91 0.91 108.0 91.0 108.0 415.0 32.0 415.0 
1 2 0.59 0.59 211.0 70.0 211.0 65.0 17.0 65.0 
1 2 0.78 0.78 848.0 218.0 848.0 979.0 512.0 979.0 
1 2 0.94 0.94 187.0 37.0 187.0 814.0 609.0 814.0 
1 2 0.9 0.9 920.0 607.0 920.0 289.0 72.0 289.0 
1 2 0.62 0.62 787.0 424.0 787.0 665.0 58.0 665.0 
1 2 0.74 0.74 699.0 502.0 699.0 766.0 23.0 766.0 
1 2 0.72 0.72 409.0 223.0 409.0 544.0 97.0 544.0 
1 3 0.86 0.86 409.0 223.0 409.0 544.0 97.0 544.0 941.0 136.0 941.0 
1 2 0.9 0.9 324.0 116.0 324.0 226.0 123.0 226.0 
1 2 0.81 0.81 34.0 5.0 34.0 877.0 590.0 877.0 
1 2 0.96 0.96 187.0 166.0 187.0 519.0 42.0 519.0 
1 2 0.98 0.98 711.0 180.0 711.0 698.0 514.0 698.0 
1 2 0.95 0.95 83.0 75.0 83.0 993.0 50.0 993.0 
1 2 0.82 0.82 698.0 196.0 698.0 176.0 95.0 176.0 
1 2 0.96 0.96 66.0 38.0 66.0 298.0 115.0 298.0 
1 2 0.98 0.98 655.0 573.0 655.0 454.0 49.0 454.0 
1 2 0.64 0.64 456.0 26.0 456.0 701.0 413.0 701.0 
1 2 0.59 0.59 348.0 5.0 348.0 425.0 248.0 425.0 
1 2 0.98 0.98 212.0 165.0 212.0 999.0 206.0 999.0 
1 2 0.35 0.35 817.0 276.0 817.0 761.0 15.0 761.0 
1 3 0.85 0.85 817.0 276.0 817.0 761.0 15.0 761.0 10.0 5.0 10.0 
1 2 0.73 0.73 644.0 336.0 644.0 313.0 68.0 313.0 
1 2 0.76 0.76 298.0 2.0 298.0 793.0 600.0 793.0 
1 2 0.67 0.67 366.0 18.0 366.0 359.0 223.0 359.0 
1 2 0.84 0.84 294.0 58.0 294.0 490.0 318.0 490.0 
1 2 0.38 0.38 361.0 92.0 361.0 767.0 97.0 767.0 
1 2 0.74 0.74 815.0 88.0 815.0 729.0 465.0 729.0 
1 2 0.81 0.81 458.0 53.0 458.0 407.0 283.0 407.0 
1 2 0.99 0.99 259.0 154.0 259.0 666.0 264.0 666.0 
1 2 0.96 0.96 282.0 196.0 282.0 907.0 246.0 907.0 
1 2 0.73 0.73 612.0 104.0 612.0 774.0 436.0 774.0 
1 2 0.96 0.96 998.0 544.0 998.0 172.0 73.0 172.0 
1 2 0.82 0.82 101.0 61.0 101.0 453.0 102.0 453.0 
1 2 0.93 0.93 644.0 46.0 644.0 553.0 480.0 553.0 
1 2 0.86 0.86 499.0 163.0 499.0 486.0 261.0 486.0 
1 2 0.75 0.75 721.0 449.0 721.0 190.0 25.0 190.0 
1 2 0.56 0.56 377.0 120.0 377.0 942.0 229.0 942.0 
1 2 0.64 0.64 807.0 510.0 807.0 805.0 7.0 805.0 
1 2 0.95 0.95 193.0 31.0 193.0 293.0 233.0 293.0 
1 2 0.69 0.69 489.0 50.0 489.0 434.0 257.0 434.0 
1 2 0.47 0.47 106.0 36.0 106.0 401.0 55.0 401.0 
1 2 0.81 0.81 358.0 154.0 358.0 959.0 369.0 959.0 
1 2 0.98 0.98 434.0 44.0 434.0 34.0 30.0 34.0 
1 2 0.66 0.66 553.0 28.0 553.0 141.0 86.0 141.0 
1 2 0.84 0.84 23.0 15.0 23.0 242.0 47.0 242.0 
1 2 0.83 0.83 637.0 515.0 637.0 644.0 15.0 644.0 
1 2 0.72 0.72 938.0 545.0 938.0 764.0 107.0 764.0 
1 2 0.72 0.72 57.0 29.0 57.0 119.0 26.0 119.0 
1 2 0.93 0.93 998.0 829.0 998.0 915.0 93.0 915.0 
1 2 0.77 0.77 328.0 6.0 328.0 393.0 297.0 393.0 
1 2 0.92 0.92 265.0 227.0 265.0 45.0 3.0 45.0 
1 2 0.62 0.62 477.0 56.0 477.0 935.0 475.0 935.0 
1 2 0.99 0.99 931.0 119.0 931.0 938.0 812.0 938.0 
1 2 0.83 0.83 642.0 172.0 642.0 563.0 317.0 563.0 
1 2 0.47 0.47 791.0 58.0 791.0 317.0 128.0 317.0 
1 3 0.51 0.51 791.0 58.0 791.0 317.0 128.0 317.0 547.0 22.0 547.0 
1 4 0.99 0.99 791.0 58.0 791.0 317.0 128.0 317.0 547.0 22.0 547.0 818.0 390.0 818.0 
1 2 0.93 0.93 373.0 19.0 373.0 288.0 255.0 288.0 
1 2 0.89 0.89 877.0 296.0 877.0 930.0 519.0 930.0 
1 2 0.54 0.54 497.0 207.0 497.0 495.0 65.0 495.0 
1 2 0.76 0.76 70.0 41.0 70.0 969.0 174.0 969.0 
1 2 0.68 0.68 723.0 377.0 723.0 6.0 1.0 6.0 
1 2 0.78 0.78 843.0 472.0 843.0 135.0 30.0 135.0 
1 2 0.66 0.66 781.0 42.0 781.0 488.0 300.0 488.0 
1 3 0.81 0.81 781.0 42.0 781.0 488.0 300.0 488.0 646.0 96.0 646.0 
1 2 0.9 0.9 226.0 42.0 226.0 638.0 462.0 638.0 
1 2 0.89 0.89 77.0 14.0 77.0 937.0 666.0 937.0 
1 2 0.98 0.98 175.0 154.0 175.0 450.0 45.0 450.0 
1 2 0.72 0.72 732.0 515.0 732.0 902.0 23.0 902.0 
1 2 0.86 0.86 487.0 101.0 487.0 860.0 566.0 860.0 
1 2 0.86 0.86 528.0 71.0 528.0 55.0 40.0 55.0 
1 2 0.56 0.56 142.0 51.0 142.0 337.0 70.0 337.0 
1 2 0.78 0.78 992.0 273.0 992.0 507.0 256.0 507.0 
1 2 0.75 0.75 605.0 22.0 605.0 640.0 457.0 640.0 
1 2 0.77 0.77 302.0 183.0 302.0 839.0 139.0 839.0 
1 3 0.99 0.99 302.0 183.0 302.0 839.0 139.0 839.0 652.0 143.0 652.0 
1 2 0.87 0.87 51.0 10.0 51.0 987.0 668.0 987.0 
1 2 0.64 0.64 682.0 49.0 682.0 692.0 400.0 692.0 
1 3 0.78 0.78 682.0 49.0 682.0 692.0 400.0 692.0 897.0 117.0 897.0 
1 2 0.8 0.8 996.0 239.0 996.0 946.0 531.0 946.0 
1 2 0.83 0.83 144.0 104.0 144.0 70.0 8.0 70.0 
1 2 0.78 0.78 815.0 488.0 815.0 235.0 44.0 235.0 
1 2 0.97 0.97 412.0 84.0 412.0 839.0 645.0 839.0 
1 2 0.83 0.83 414.0 119.0 414.0 454.0 249.0 454.0 
1 2 0.78 0.78 669.0 184.0 669.0 875.0 446.0 875.0 
1 2 0.68 0.68 240.0 15.0 240.0 257.0 159.0 257.0 
1 2 0.98 0.98 373.0 206.0 373.0 917.0 400.0 917.0 
1 2 0.81 0.81 330.0 234.0 330.0 555.0 58.0 555.0 
1 2 0.57 0.57 523.0 138.0 523.0 489.0 152.0 489.0 
1 3 0.75 0.75 523.0 138.0 523.0 489.0 152.0 489.0 832.0 154.0 832.0 
1 2 0.78 0.78 850.0 180.0 850.0 412.0 236.0 412.0 
1 2 0.53 0.53 345.0 15.0 345.0 134.0 66.0 134.0 
1 2 0.92 0.92 381.0 132.0 381.0 833.0 481.0 833.0 
1 2 0.71 0.71 882.0 127.0 882.0 272.0 156.0 272.0 
1 2 0.7 0.7 799.0 165.0 799.0 297.0 147.0 297.0 
1 2 0.9 0.9 433.0 283.0 433.0 476.0 121.0 476.0 
1 2 0.68 0.68 163.0 37.0 163.0 198.0 91.0 198.0 
1 2 0.76 0.76 374.0 255.0 374.0 351.0 30.0 351.0 
1 2 0.68 0.68 399.0 20.0 399.0 615.0 393.0 615.0 
1 2 0.83 0.83 44.0 26.0 44.0 849.0 205.0 849.0 
1 2 0.91 0.91 285.0 243.0 285.0 466.0 30.0 466.0 
1 2 0.77 0.77 757.0 536.0 757.0 75.0 5.0 75.0 
1 2 0.82 0.82 579.0 445.0 579.0 596.0 33.0 596.0 
1 2 0.27 0.27 981.0 136.0 981.0 969.0 132.0 969.0 
1 2 0.92 0.92 266.0 149.0 266.0 869.0 314.0 869.0 
1 2 0.95 0.95 115.0 65.0 115.0 637.0 249.0 637.0 
1 2 0.82 0.82 85.0 26.0 85.0 477.0 248.0 477.0 
1 2 0.99 0.99 39.0 25.0 39.0 635.0 222.0 635.0 
1 2 0.75 0.75 551.0 106.0 551.0 558.0 313.0 558.0 
1 2 0.93 0.93 573.0 83.0 573.0 28.0 22.0 28.0 
1 2 0.86 0.86 734.0 506.0 734.0 965.0 172.0 965.0 
1 2 0.88 0.88 473.0 175.0 473.0 221.0 113.0 221.0 
1 2 0.77 0.77 517.0 263.0 517.0 163.0 43.0 163.0 
1 2 0.68 0.68 271.0 64.0 271.0 364.0 162.0 364.0 
1 2 0.62 0.62 57.0 4.0 57.0 265.0 147.0 265.0 
1 2 0.97 0.97 175.0 50.0 175.0 693.0 475.0 693.0 
1 2 0.75 0.75 198.0 70.0 198.0 614.0 246.0 614.0 
1 2 0.99 0.99 163.0 27.0 163.0 391.0 323.0 391.0 
1 2 0.86 0.86 441.0 263.0 441.0 380.0 102.0 380.0 
1 3 0.93 0.93 441.0 263.0 441.0 380.0 102.0 380.0 988.0 74.0 988.0 
1 2 0.98 0.98 342.0 305.0 342.0 544.0 53.0 544.0 
1 2 0.85 0.85 339.0 201.0 339.0 791.0 211.0 791.0 
1 2 0.86 0.86 704.0 410.0 704.0 762.0 215.0 762.0 
1 2 0.82 0.82 138.0 16.0 138.0 856.0 610.0 856.0 
1 2 0.93 0.93 872.0 491.0 872.0 40.0 15.0 40.0 
1 2 0.7 0.7 429.0 90.0 429.0 272.0 134.0 272.0 
1 2 0.71 0.71 545.0 274.0 545.0 329.0 69.0 329.0 
1 2 0.73 0.73 561.0 340.0 561.0 473.0 62.0 473.0 
1 2 0.66 0.66 698.0 75.0 698.0 233.0 129.0 233.0 
1 3 0.92 0.92 698.0 75.0 698.0 233.0 129.0 233.0 931.0 248.0 931.0 
1 2 0.7 0.7 854.0 543.0 854.0 97.0 7.0 97.0 
1 2 0.69 0.69 136.0 75.0 136.0 947.0 140.0 947.0 
1 2 0.81 0.81 103.0 3.0 103.0 255.0 201.0 255.0 
1 2 0.94 0.94 412.0 61.0 412.0 290.0 232.0 290.0 
1 2 0.67 0.67 279.0 30.0 279.0 687.0 390.0 687.0 
1 2 0.88 0.88 869.0 178.0 869.0 964.0 655.0 964.0 
1 2 0.77 0.77 802.0 522.0 802.0 47.0 6.0 47.0 
1 2 0.9 0.9 80.0 45.0 80.0 895.0 303.0 895.0 
1 2 0.93 0.93 204.0 36.0 204.0 990.0 751.0 990.0 
1 2 0.14 0.14 101.0 11.0 101.0 217.0 8.0 217.0 
1 3 0.9 0.9 101.0 11.0 101.0 217.0 8.0 217.0 476.0 361.0 476.0 
1 2 0.94 0.94 699.0 572.0 699.0 483.0 61.0 483.0 
1 2 0.63 0.63 631.0 79.0 631.0 686.0 348.0 686.0 
1 2 0.85 0.85 421.0 42.0 421.0 895.0 673.0 895.0 
1 2 0.61 0.61 214.0 22.0 214.0 547.0 279.0 547.0 
1 2 0.82 0.82 40.0 31.0 40.0 423.0 21.0 423.0 
1 2 0.89 0.89 593.0 347.0 593.0 397.0 122.0 397.0 
1 2 0.78 0.78 142.0 11.0 142.0 957.0 678.0 957.0 
1 2 0.87 0.87 381.0 58.0 381.0 731.0 530.0 731.0 
1 2 0.54 0.54 934.0 41.0 934.0 338.0 171.0 338.0 
1 2 0.78 0.78 544.0 40.0 544.0 356.0 254.0 356.0 
1 2 0.74 0.74 417.0 300.0 417.0 855.0 25.0 855.0 
1 2 0.82 0.82 285.0 66.0 285.0 751.0 444.0 751.0 
1 2 0.94 0.94 909.0 14.0 909.0 906.0 839.0 906.0 
1 2 0.57 0.57 895.0 188.0 895.0 490.0 181.0 490.0 
1 2 0.81 0.81 662.0 26.0 662.0 202.0 156.0 202.0 
1 2 0.81 0.81 529.0 92.0 529.0 467.0 298.0 467.0 
1 2 0.73 0.73 127.0 19.0 127.0 399.0 233.0 399.0 
1 2 0.18 0.18 768.0 126.0 768.0 244.0 6.0 244.0 
1 3 0.82 0.82 768.0 126.0 768.0 244.0 6.0 244.0 292.0 185.0 292.0 
1 2 0.95 0.95 450.0 144.0 450.0 877.0 561.0 877.0 
1 2 0.7 0.7 742.0 35.0 742.0 455.0 299.0 455.0 
1 2 0.93 0.93 337.0 202.0 337.0 402.0 133.0 402.0 
1 2 0.92 0.92 102.0 76.0 102.0 260.0 47.0 260.0 
1 2 0.51 0.51 992.0 87.0 992.0 448.0 193.0 448.0 
1 2 0.97 0.97 89.0 79.0 89.0 894.0 74.0 894.0 
1 2 0.87 0.87 968.0 53.0 968.0 101.0 83.0 101.0 
1 2 0.86 0.86 647.0 368.0 647.0 495.0 147.0 495.0 
1 2 0.71 0.71 910.0 617.0 910.0 807.0 31.0 807.0 
1 2 0.97 0.97 13.0 3.0 13.0 491.0 363.0 491.0 
1 2 0.78 0.78 760.0 430.0 760.0 710.0 157.0 710.0 
1 2 0.75 0.75 474.0 95.0 474.0 631.0 353.0 631.0 
1 2 0.72 0.72 767.0 528.0 767.0 877.0 28.0 877.0 
1 2 0.91 0.91 264.0 11.0 264.0 213.0 186.0 213.0 
1 2 0.09 0.09 679.0 38.0 679.0 466.0 18.0 466.0 
1 2 0.09 0.09 128.0 12.0 128.0 794.0 2.0 794.0 
1 3 0.69 0.69 128.0 12.0 128.0 794.0 2.0 794.0 89.0 53.0 89.0 
1 2 0.81 0.81 48.0 9.0 48.0 360.0 225.0 360.0 
1 2 0.71 0.71 339.0 5.0 339.0 367.0 258.0 367.0 
1 2 0.81 0.81 305.0 32.0 305.0 445.0 316.0 445.0 
1 2 0.92 0.92 971.0 197.0 971.0 221.0 160.0 221.0 
1 2 0.96 0.96 676.0 610.0 676.0 739.0 43.0 739.0 
1 2 0.62 0.62 240.0 1.0 240.0 788.0 489.0 788.0 
1 2 0.77 0.77 211.0 54.0 211.0 801.0 414.0 801.0 
1 2 0.47 0.47 213.0 95.0 213.0 806.0 22.0 806.0 
1 3 0.52 0.52 213.0 95.0 213.0 806.0 22.0 806.0 168.0 9.0 168.0 
1 2 0.98 0.98 949.0 603.0 949.0 914.0 320.0 914.0 
1 2 0.84 0.84 989.0 18.0 989.0 518.0 427.0 518.0 
1 2 0.89 0.89 529.0 81.0 529.0 533.0 393.0 533.0 
1 2 0.5 0.5 518.0 129.0 518.0 776.0 198.0 776.0 
1 2 0.67 0.67 905.0 53.0 905.0 464.0 286.0 464.0 
1 2 0.55 0.55 665.0 17.0 665.0 911.0 482.0 911.0 
1 2 0.84 0.84 824.0 150.0 824.0 317.0 210.0 317.0 
1 2 0.59 0.59 671.0 169.0 671.0 369.0 125.0 369.0 
1 3 0.93 0.93 671.0 169.0 671.0 369.0 125.0 369.0 296.0 101.0 296.0 
1 2 0.67 0.67 352.0 16.0 352.0 578.0 363.0 578.0 
1 2 0.91 0.91 158.0 59.0 158.0 147.0 79.0 147.0 
1 2 0.82 0.82 696.0 521.0 696.0 367.0 29.0 367.0 
1 2 0.68 0.68 776.0 90.0 776.0 407.0 232.0 407.0 
1 2 0.78 0.78 468.0 275.0 468.0 163.0 32.0 163.0 
1 2 0.66 0.66 237.0 15.0 237.0 298.0 180.0 298.0 
1 3 0.85 0.85 237.0 15.0 237.0 298.0 180.0 298.0 741.0 138.0 741.0 
1 2 0.31 0.31 326.0 57.0 326.0 7.0 1.0 7.0 
1 3 0.99 0.99 326.0 57.0 326.0 7.0 1.0 7.0 237.0 160.0 237.0 
1 2 0.93 0.93 957.0 232.0 957.0 153.0 106.0 153.0 
1 2 0.82 0.82 791.0 376.0 791.0 555.0 196.0 555.0 
1 2 0.97 0.97 442.0 121.0 442.0 361.0 254.0 361.0 
1 2 0.72 0.72 851.0 445.0 851.0 868.0 174.0 868.0 
1 2 0.95 0.95 778.0 733.0 778.0 298.0 5.0 298.0 
1 2 0.7 0.7 706.0 102.0 706.0 914.0 516.0 914.0 
1 2 0.95 0.95 689.0 524.0 689.0 189.0 37.0 189.0 
1 2 0.7 0.7 133.0 17.0 133.0 396.0 228.0 396.0 
1 2 0.97 0.97 728.0 93.0 728.0 605.0 514.0 605.0 
1 2 0.72 0.72 668.0 337.0 668.0 598.0 130.0 598.0 
1 2 0.66 0.66 543.0 86.0 543.0 936.0 473.0 936.0 
1 2 0.78 0.78 76.0 45.0 76.0 714.0 137.0 714.0 
1 2 0.44 0.44 931.0 352.0 931.0 465.0 31.0 465.0 
1 2 0.98 0.98 552.0 223.0 552.0 676.0 390.0 676.0 
1 2 0.88 0.88 994.0 338.0 994.0 390.0 213.0 390.0 
1 2 0.84 0.84 639.0 1.0 639.0 579.0 486.0 579.0 
1 2 0.96 0.96 235.0 41.0 235.0 503.0 399.0 503.0 
1 2 0.91 0.91 51.0 36.0 51.0 397.0 83.0 397.0 
1 2 0.94 0.94 335.0 71.0 335.0 225.0 164.0 225.0 
1 2 0.83 0.83 686.0 77.0 686.0 549.0 397.0 549.0 
1 2 0.88 0.88 738.0 546.0 738.0 460.0 65.0 460.0 
1 2 0.96 0.96 56.0 30.0 56.0 347.0 150.0 347.0 
1 2 0.74 0.74 843.0 603.0 843.0 800.0 22.0 800.0 
1 2 0.72 0.72 429.0 73.0 429.0 27.0 15.0 27.0 
1 2 0.84 0.84 67.0 54.0 67.0 250.0 9.0 250.0 
1 2 0.58 0.58 263.0 10.0 263.0 916.0 504.0 916.0 
1 2 0.9 0.9 398.0 39.0 398.0 410.0 331.0 410.0 
1 2 0.66 0.66 988.0 53.0 988.0 680.0 415.0 680.0 
1 2 0.91 0.91 858.0 163.0 858.0 390.0 284.0 390.0 
1 2 0.95 0.95 113.0 7.0 113.0 45.0 40.0 45.0 
1 2 0.9 0.9 833.0 591.0 833.0 531.0 104.0 531.0 
1 2 0.83 0.83 969.0 537.0 969.0 717.0 198.0 717.0 
1 2 0.74 0.74 532.0 348.0 532.0 552.0 51.0 552.0 
1 2 0.49 0.49 182.0 7.0 182.0 241.0 110.0 241.0 
1 2 0.72 0.72 472.0 92.0 472.0 242.0 128.0 242.0 
1 2 0.53 0.53 159.0 59.0 159.0 107.0 18.0 107.0 
1 2 0.92 0.92 182.0 103.0 182.0 95.0 34.0 95.0 
1 2 0.9 0.9 989.0 591.0 989.0 592.0 182.0 592.0 
1 2 0.56 0.56 287.0 161.0 287.0 666.0 3.0 666.0 
1 2 0.92 0.92 189.0 167.0 189.0 169.0 7.0 169.0 
1 2 0.93 0.93 558.0 420.0 558.0 66.0 12.0 66.0 
1 2 0.78 0.78 37.0 4.0 37.0 952.0 648.0 952.0 
1 2 0.87 0.87 160.0 56.0 160.0 125.0 66.0 125.0 
1 2 0.94 0.94 191.0 144.0 191.0 303.0 59.0 303.0 
1 2 0.81 0.81 845.0 473.0 845.0 980.0 249.0 980.0 
1 2 0.78 0.78 861.0 598.0 861.0 967.0 84.0 967.0 
1 2 0.97 0.97 589.0 28.0 589.0 656.0 610.0 656.0 
1 2 0.81 0.81 731.0 217.0 731.0 546.0 282.0 546.0 
1 2 0.94 0.94 189.0 95.0 189.0 726.0 321.0 726.0 
1 2 0.79 0.79 730.0 579.0 730.0 649.0 4.0 649.0 
1 2 0.72 0.72 195.0 27.0 195.0 456.0 267.0 456.0 
1 2 0.79 0.79 297.0 187.0 297.0 633.0 103.0 633.0 
1 2 0.66 0.66 30.0 3.0 30.0 323.0 184.0 323.0 
1 2 0.75 0.75 898.0 14.0 898.0 748.0 551.0 748.0 
1 2 0.77 0.77 124.0 5.0 124.0 147.0 108.0 147.0 
1 2 0.44 0.44 219.0 62.0 219.0 683.0 112.0 683.0 
1 2 0.53 0.53 403.0 209.0 403.0 319.0 6.0 319.0 
1 2 0.04 0.04 78.0 2.0 78.0 903.0 21.0 903.0 
1 3 0.86 0.86 78.0 2.0 78.0 903.0 21.0 903.0 838.0 680.0 838.0 
1 2 0.68 0.68 222.0 8.0 222.0 221.0 143.0 221.0 
1 2 0.78 0.78 168.0 16.0 168.0 688.0 474.0 688.0 
1 2 0.95 0.95 840.0 441.0 840.0 907.0 386.0 907.0 
1 2 0.99 0.99 795.0 203.0 795.0 476.0 350.0 476.0 
1 2 0.77 0.77 834.0 419.0 834.0 77.0 21.0 77.0 
1 2 0.9 0.9 999.0 370.0 999.0 76.0 41.0 76.0 
1 2 0.88 0.88 982.0 375.0 982.0 132.0 67.0 132.0 
1 3 0.91 0.91 982.0 375.0 982.0 132.0 67.0 132.0 869.0 20.0 869.0 
1 2 0.81 0.81 436.0 269.0 436.0 285.0 57.0 285.0 
1 2 0.39 0.39 178.0 8.0 178.0 675.0 239.0 675.0 
1 2 0.82 0.82 416.0 102.0 416.0 664.0 384.0 664.0 
1 2 0.95 0.95 267.0 252.0 267.0 223.0 2.0 223.0 
1 2 0.48 0.48 478.0 103.0 478.0 309.0 83.0 309.0 
1 2 0.69 0.69 450.0 241.0 450.0 945.0 152.0 945.0 
1 2 0.8 0.8 311.0 238.0 311.0 647.0 23.0 647.0 
1 2 0.31 0.31 680.0 157.0 680.0 673.0 55.0 673.0 
1 2 0.91 0.91 6.0 2.0 6.0 488.0 283.0 488.0 
1 2 0.78 0.78 813.0 588.0 813.0 930.0 62.0 930.0 
1 2 0.86 0.86 562.0 7.0 562.0 90.0 77.0 90.0 
1 2 0.89 0.89 51.0 28.0 51.0 325.0 112.0 325.0 
1 2 0.64 0.64 757.0 448.0 757.0 987.0 55.0 987.0 
1 2 0.66 0.66 928.0 590.0 928.0 610.0 19.0 610.0 
1 2 0.95 0.95 214.0 168.0 214.0 938.0 161.0 938.0 
1 2 0.38 0.38 315.0 104.0 315.0 844.0 44.0 844.0 
1 2 0.92 0.92 855.0 465.0 855.0 819.0 311.0 819.0 
1 2 0.82 0.82 986.0 746.0 986.0 594.0 40.0 594.0 
1 3 0.86 0.86 986.0 746.0 986.0 594.0 40.0 594.0 860.0 38.0 860.0 
1 2 0.99 0.99 568.0 502.0 568.0 981.0 111.0 981.0 
1 2 0.92 0.92 277.0 178.0 277.0 296.0 83.0 296.0 
1 2 0.59 0.59 933.0 73.0 933.0 434.0 223.0 434.0 
1 2 0.92 0.92 667.0 465.0 667.0 624.0 141.0 624.0 
1 2 0.7 0.7 442.0 6.0 442.0 436.0 303.0 436.0 
1 2 0.97 0.97 615.0 66.0 615.0 220.0 191.0 220.0 
1 2 0.81 0.81 625.0 490.0 625.0 289.0 8.0 289.0 
1 2 0.86 0.86 897.0 109.0 897.0 127.0 95.0 127.0 
1 2 0.84 0.84 166.0 99.0 166.0 57.0 14.0 57.0 
1 2 0.65 0.65 923.0 530.0 923.0 335.0 27.0 335.0 
1 2 0.13 0.13 331.0 7.0 331.0 26.0 3.0 26.0 
1 2 0.81 0.81 33.0 24.0 33.0 293.0 27.0 293.0 
1 2 0.68 0.68 324.0 176.0 324.0 287.0 41.0 287.0 
1 2 0.8 0.8 702.0 24.0 702.0 244.0 189.0 244.0 
1 2 0.89 0.89 729.0 529.0 729.0 77.0 13.0 77.0 
1 2 0.92 0.92 315.0 110.0 315.0 773.0 445.0 773.0 
1 2 0.65 0.65 999.0 127.0 999.0 792.0 422.0 792.0 
1 2 0.87 0.87 929.0 125.0 929.0 144.0 107.0 144.0 
1 2 0.95 0.95 324.0 258.0 324.0 632.0 99.0 632.0 
1 2 0.76 0.76 406.0 285.0 406.0 703.0 43.0 703.0 
1 2 0.64 0.64 265.0 143.0 265.0 619.0 66.0 619.0 
1 2 0.7 0.7 470.0 34.0 470.0 88.0 56.0 88.0 
1 2 0.84 0.84 717.0 222.0 717.0 99.0 53.0 99.0 
1 2 0.24 0.24 868.0 37.0 868.0 422.0 85.0 422.0 
1 3 0.81 0.81 868.0 37.0 868.0 422.0 85.0 422.0 876.0 502.0 876.0 
1 2 0.88 0.88 450.0 71.0 450.0 647.0 470.0 647.0 
1 2 0.32 0.32 338.0 81.0 338.0 447.0 40.0 447.0 
1 2 0.61 0.61 406.0 3.0 406.0 204.0 124.0 204.0 
1 2 0.87 0.87 474.0 346.0 474.0 330.0 49.0 330.0 
1 2 0.8 0.8 912.0 165.0 912.0 953.0 597.0 953.0 
1 2 0.87 0.87 186.0 101.0 186.0 433.0 144.0 433.0 
1 2 0.88 0.88 34.0 24.0 34.0 320.0 57.0 320.0 
1 3 0.98 0.98 34.0 24.0 34.0 320.0 57.0 320.0 579.0 56.0 579.0 
1 2 0.86 0.86 215.0 150.0 215.0 762.0 125.0 762.0 
1 2 0.76 0.76 131.0 89.0 131.0 767.0 66.0 767.0 
1 2 0.86 0.86 290.0 197.0 290.0 101.0 19.0 101.0 
1 2 0.88 0.88 87.0 57.0 87.0 320.0 72.0 320.0 
1 2 0.71 0.71 549.0 345.0 549.0 680.0 56.0 680.0 
1 2 0.87 0.87 23.0 1.0 23.0 300.0 248.0 300.0 
1 2 0.42 0.42 66.0 23.0 66.0 765.0 55.0 765.0 
1 3 0.95 0.95 66.0 23.0 66.0 765.0 55.0 765.0 668.0 356.0 668.0 
1 2 0.95 0.95 315.0 161.0 315.0 25.0 11.0 25.0 
1 2 0.72 0.72 105.0 44.0 105.0 849.0 260.0 849.0 
1 2 0.84 0.84 379.0 268.0 379.0 568.0 77.0 568.0 
1 2 0.63 0.63 64.0 7.0 64.0 978.0 518.0 978.0 
1 2 0.74 0.74 305.0 59.0 305.0 884.0 490.0 884.0 
1 2 0.85 0.85 668.0 414.0 668.0 52.0 12.0 52.0 
1 2 0.9 0.9 406.0 124.0 406.0 79.0 47.0 79.0 
1 2 0.83 0.83 973.0 174.0 973.0 689.0 450.0 689.0 
1 2 0.68 0.68 890.0 486.0 890.0 819.0 110.0 819.0 
1 2 0.7 0.7 878.0 181.0 878.0 927.0 465.0 927.0 
1 2 0.89 0.89 165.0 59.0 165.0 505.0 272.0 505.0 
1 2 0.65 0.65 623.0 59.0 623.0 935.0 520.0 935.0 
1 2 0.88 0.88 89.0 28.0 89.0 458.0 262.0 458.0 
1 2 0.61 0.61 932.0 396.0 932.0 409.0 79.0 409.0 
1 2 0.78 0.78 395.0 288.0 395.0 906.0 52.0 906.0 
1 2 0.6 0.6 780.0 201.0 780.0 593.0 208.0 593.0 
1 2 0.79 0.79 178.0 118.0 178.0 308.0 41.0 308.0 
1 2 0.75 0.75 321.0 187.0 321.0 286.0 48.0 286.0 
1 2 0.79 0.79 796.0 278.0 796.0 425.0 188.0 425.0 
1 2 0.88 0.88 755.0 38.0 755.0 717.0 595.0 717.0 
1 2 0.53 0.53 549.0 23.0 549.0 443.0 219.0 443.0 
1 2 0.99 0.99 539.0 395.0 539.0 909.0 242.0 909.0 
1 2 0.59 0.59 430.0 234.0 430.0 543.0 29.0 543.0 
1 2 0.98 0.98 357.0 207.0 357.0 107.0 43.0 107.0 
1 2 0.86 0.86 19.0 10.0 19.0 773.0 265.0 773.0 
1 2 0.76 0.76 994.0 599.0 994.0 220.0 36.0 220.0 
1 2 0.65 0.65 864.0 464.0 864.0 485.0 56.0 485.0 
1 2 0.63 0.63 99.0 60.0 99.0 312.0 8.0 312.0 
1 2 0.98 0.98 192.0 57.0 192.0 240.0 165.0 240.0 
1 2 0.77 0.77 199.0 28.0 199.0 116.0 74.0 116.0 
1 2 0.48 0.48 204.0 51.0 204.0 938.0 218.0 938.0 
1 2 0.71 0.71 217.0 65.0 217.0 553.0 229.0 553.0 
1 2 0.9 0.9 658.0 566.0 658.0 43.0 2.0 43.0 
1 2 0.8 0.8 997.0 627.0 997.0 675.0 117.0 675.0 
1 2 0.72 0.72 129.0 15.0 129.0 56.0 34.0 56.0 
1 2 0.94 0.94 673.0 232.0 673.0 430.0 257.0 430.0 
1 3 0.96 0.96 673.0 232.0 673.0 430.0 257.0 430.0 272.0 6.0 272.0 
1 2 0.69 0.69 88.0 1.0 88.0 655.0 447.0 655.0 
1 2 0.22 0.22 284.0 9.0 284.0 215.0 42.0 215.0 
1 2 0.8 0.8 835.0 190.0 835.0 516.0 297.0 516.0 
1 2 0.99 0.99 894.0 112.0 894.0 850.0 742.0 850.0 
1 2 0.56 0.56 150.0 84.0 150.0 253.0 2.0 253.0 
1 2 0.67 0.67 771.0 518.0 771.0 596.0 4.0 596.0 
1 2 0.98 0.98 759.0 581.0 759.0 9.0 2.0 9.0 
1 2 0.85 0.85 583.0 194.0 583.0 665.0 347.0 665.0 
1 2 0.8 0.8 65.0 2.0 65.0 687.0 531.0 687.0 
1 2 0.82 0.82 585.0 349.0 585.0 504.0 113.0 504.0 
1 2 0.92 0.92 493.0 160.0 493.0 983.0 588.0 983.0 
1 2 0.77 0.77 168.0 100.0 168.0 179.0 32.0 179.0 
1 2 0.93 0.93 553.0 83.0 553.0 371.0 292.0 371.0 
1 2 0.95 0.95 533.0 74.0 533.0 187.0 153.0 187.0 
1 2 0.77 0.77 189.0 133.0 189.0 930.0 69.0 930.0 
1 2 0.62 0.62 602.0 373.0 602.0 429.0 1.0 429.0 
1 2 0.96 0.96 318.0 64.0 318.0 821.0 628.0 821.0 
1 2 0.84 0.84 672.0 418.0 672.0 221.0 49.0 221.0 
1 2 0.69 0.69 200.0 131.0 200.0 593.0 23.0 593.0 
1 2 0.92 0.92 454.0 88.0 454.0 453.0 331.0 453.0 
1 2 0.71 0.71 506.0 341.0 506.0 751.0 29.0 751.0 
1 2 0.31 0.31 838.0 108.0 838.0 53.0 10.0 53.0 
1 3 0.84 0.84 838.0 108.0 838.0 53.0 10.0 53.0 217.0 115.0 217.0 
1 2 0.73 0.73 15.0 9.0 15.0 138.0 18.0 138.0 
1 2 0.75 0.75 244.0 25.0 244.0 631.0 409.0 631.0 
1 2 0.66 0.66 474.0 303.0 474.0 123.0 3.0 123.0 
1 2 0.82 0.82 987.0 91.0 987.0 945.0 697.0 945.0 
1 2 0.92 0.92 686.0 113.0 686.0 281.0 215.0 281.0 
1 2 0.74 0.74 455.0 52.0 455.0 946.0 599.0 946.0 
1 2 0.56 0.56 692.0 7.0 692.0 260.0 144.0 260.0 
1 2 0.92 0.92 290.0 36.0 290.0 358.0 287.0 358.0 
1 2 0.72 0.72 517.0 50.0 517.0 706.0 442.0 706.0 
1 2 0.64 0.64 497.0 275.0 497.0 146.0 14.0 146.0 
1 2 0.95 0.95 496.0 52.0 496.0 279.0 236.0 279.0 
1 2 0.88 0.88 197.0 100.0 197.0 58.0 22.0 58.0 
1 3 0.97 0.97 197.0 100.0 197.0 58.0 22.0 58.0 152.0 14.0 152.0 
1 2 0.95 0.95 380.0 252.0 380.0 240.0 71.0 240.0 
1 2 0.84 0.84 567.0 462.0 567.0 39.0 1.0 39.0 
1 2 0.84 0.84 151.0 111.0 151.0 210.0 24.0 210.0 
1 2 0.73 0.73 876.0 101.0 876.0 661.0 408.0 661.0 
1 2 0.77 0.77 818.0 32.0 818.0 417.0 306.0 417.0 
1 2 0.98 0.98 32.0 5.0 32.0 897.0 747.0 897.0 
1 2 0.85 0.85 154.0 87.0 154.0 710.0 205.0 710.0 
1 2 0.79 0.79 665.0 41.0 665.0 892.0 655.0 892.0 
1 2 0.78 0.78 471.0 49.0 471.0 918.0 625.0 918.0 
1 2 0.83 0.83 818.0 516.0 818.0 50.0 10.0 50.0 
1 2 0.99 0.99 178.0 57.0 178.0 862.0 584.0 862.0 
1 2 0.96 0.96 281.0 56.0 281.0 760.0 584.0 760.0 
1 2 0.8 0.8 486.0 91.0 486.0 367.0 225.0 367.0 
1 2 0.19 0.19 262.0 43.0 262.0 202.0 6.0 202.0 
1 3 0.96 0.96 262.0 43.0 262.0 202.0 6.0 202.0 265.0 205.0 265.0 
1 2 0.92 0.92 755.0 277.0 755.0 81.0 45.0 81.0 
1 2 0.96 0.96 398.0 318.0 398.0 875.0 148.0 875.0 
1 2 0.91 0.91 783.0 651.0 783.0 120.0 10.0 120.0 
1 2 0.71 0.71 87.0 8.0 87.0 270.0 169.0 270.0 
1 2 0.68 0.68 344.0 228.0 344.0 885.0 17.0 885.0 
1 2 0.74 0.74 642.0 122.0 642.0 379.0 210.0 379.0 
1 2 0.69 0.69 88.0 9.0 88.0 946.0 561.0 946.0 
1 2 0.98 0.98 235.0 125.0 235.0 58.0 26.0 58.0 
1 2 0.97 0.97 457.0 353.0 457.0 865.0 178.0 865.0 
1 2 0.9 0.9 327.0 256.0 327.0 999.0 120.0 999.0 
1 2 0.69 0.69 237.0 46.0 237.0 694.0 350.0 694.0 
1 3 0.85 0.85 237.0 46.0 237.0 694.0 350.0 694.0 381.0 60.0 381.0 
1 2 0.4 0.4 297.0 73.0 297.0 651.0 102.0 651.0 
1 2 0.7 0.7 876.0 18.0 876.0 151.0 103.0 151.0 
1 2 0.56 0.56 1000.0 540.0 1000.0 350.0 10.0 350.0 
1 2 0.58 0.58 985.0 81.0 985.0 150.0 76.0 150.0 
1 3 0.6 0.6 985.0 81.0 985.0 150.0 76.0 150.0 353.0 7.0 353.0 
1 2 0.99 0.99 938.0 309.0 938.0 6.0 4.0 6.0 
1 2 0.55 0.55 114.0 59.0 114.0 258.0 10.0 258.0 
1 2 0.84 0.84 103.0 54.0 103.0 424.0 137.0 424.0 
1 2 0.89 0.89 774.0 471.0 774.0 856.0 241.0 856.0 
1 2 0.95 0.95 181.0 25.0 181.0 71.0 58.0 71.0 
1 2 0.39 0.39 445.0 122.0 445.0 229.0 27.0 229.0 
1 2 0.09 0.09 406.0 13.0 406.0 15.0 1.0 15.0 
1 3 0.86 0.86 406.0 13.0 406.0 15.0 1.0 15.0 688.0 525.0 688.0 
1 2 0.98 0.98 872.0 780.0 872.0 994.0 92.0 994.0 
1 2 0.85 0.85 926.0 656.0 926.0 523.0 79.0 523.0 
1 2 0.89 0.89 472.0 372.0 472.0 712.0 79.0 712.0 
1 2 0.87 0.87 948.0 336.0 948.0 265.0 139.0 265.0 
1 2 0.11 0.11 639.0 29.0 639.0 305.0 20.0 305.0 
1 3 0.83 0.83 639.0 29.0 639.0 305.0 20.0 305.0 324.0 236.0 324.0 
1 2 0.99 0.99 500.0 424.0 500.0 90.0 13.0 90.0 
1 2 0.85 0.85 184.0 102.0 184.0 518.0 157.0 518.0 
1 2 0.95 0.95 628.0 80.0 628.0 992.0 819.0 992.0 
1 2 0.83 0.83 916.0 594.0 916.0 540.0 101.0 540.0 
1 2 0.98 0.98 358.0 208.0 358.0 665.0 271.0 665.0 
1 2 0.76 0.76 220.0 28.0 220.0 770.0 492.0 770.0 
1 2 0.93 0.93 785.0 707.0 785.0 476.0 17.0 476.0 
1 2 0.87 0.87 788.0 434.0 788.0 485.0 156.0 485.0 
1 2 0.95 0.95 699.0 176.0 699.0 935.0 654.0 935.0 
1 2 0.97 0.97 223.0 195.0 223.0 929.0 91.0 929.0 
1 2 0.93 0.93 787.0 134.0 787.0 806.0 616.0 806.0 
1 2 0.55 0.55 195.0 3.0 195.0 959.0 517.0 959.0 
1 2 0.82 0.82 627.0 340.0 627.0 147.0 42.0 147.0 
1 2 0.79 0.79 436.0 231.0 436.0 423.0 112.0 423.0 
1 2 0.86 0.86 264.0 74.0 264.0 365.0 212.0 365.0 
1 2 0.85 0.85 515.0 33.0 515.0 512.0 407.0 512.0 
1 2 0.75 0.75 443.0 231.0 443.0 186.0 43.0 186.0 
1 2 0.86 0.86 300.0 211.0 300.0 722.0 115.0 722.0 
1 2 0.81 0.81 444.0 9.0 444.0 718.0 568.0 718.0 
1 2 0.75 0.75 306.0 30.0 306.0 313.0 207.0 313.0 
1 2 0.77 0.77 400.0 154.0 400.0 978.0 378.0 978.0 
1 2 0.91 0.91 283.0 146.0 283.0 260.0 104.0 260.0 
1 2 0.82 0.82 248.0 14.0 248.0 508.0 392.0 508.0 
1 2 0.96 0.96 831.0 693.0 831.0 39.0 5.0 39.0 
1 2 0.66 0.66 309.0 39.0 309.0 112.0 60.0 112.0 
1 2 0.75 0.75 19.0 9.0 19.0 847.0 240.0 847.0 
1 2 0.61 0.61 613.0 377.0 613.0 825.0 1.0 825.0 
1 2 0.95 0.95 157.0 131.0 157.0 673.0 78.0 673.0 
1 2 0.94 0.94 532.0 68.0 532.0 335.0 273.0 335.0 
1 2 0.71 0.71 710.0 422.0 710.0 709.0 89.0 709.0 
1 2 0.83 0.83 268.0 60.0 268.0 812.0 500.0 812.0 
1 2 0.9 0.9 682.0 447.0 682.0 582.0 144.0 582.0 
1 2 0.86 0.86 22.0 1.0 22.0 462.0 380.0 462.0 
1 2 0.84 0.84 789.0 211.0 789.0 314.0 182.0 314.0 
1 2 0.86 0.86 321.0 188.0 321.0 567.0 159.0 567.0 
1 2 0.68 0.68 218.0 117.0 218.0 517.0 75.0 517.0 
1 2 0.56 0.56 858.0 162.0 858.0 428.0 162.0 428.0 
1 2 0.81 0.81 680.0 507.0 680.0 843.0 60.0 843.0 
1 2 0.81 0.81 930.0 262.0 930.0 922.0 489.0 922.0 
1 2 0.5 0.5 495.0 2.0 495.0 749.0 375.0 749.0 
1 2 0.73 0.73 407.0 256.0 407.0 788.0 86.0 788.0 
1 2 0.82 0.82 925.0 707.0 925.0 670.0 38.0 670.0 
1 2 0.85 0.85 754.0 203.0 754.0 222.0 131.0 222.0 
1 2 0.92 0.92 831.0 10.0 831.0 296.0 269.0 296.0 
1 2 0.63 0.63 857.0 97.0 857.0 246.0 128.0 246.0 
1 2 0.99 0.99 68.0 5.0 68.0 547.0 502.0 547.0 
1 2 0.86 0.86 694.0 110.0 694.0 433.0 305.0 433.0 
1 2 0.97 0.97 788.0 41.0 788.0 785.0 724.0 785.0 
1 2 0.98 0.98 916.0 225.0 916.0 510.0 379.0 510.0 
1 2 0.64 0.64 353.0 9.0 353.0 659.0 407.0 659.0 
1 2 0.87 0.87 990.0 522.0 990.0 385.0 134.0 385.0 
1 2 0.73 0.73 275.0 190.0 275.0 107.0 5.0 107.0 
1 2 0.96 0.96 249.0 88.0 249.0 498.0 305.0 498.0 
1 2 0.82 0.82 360.0 109.0 360.0 415.0 216.0 415.0 
1 2 0.87 0.87 240.0 50.0 240.0 954.0 633.0 954.0 
1 2 0.97 0.97 427.0 373.0 427.0 481.0 49.0 481.0 
1 2 0.99 0.99 648.0 201.0 648.0 655.0 451.0 655.0 
1 2 0.66 0.66 41.0 25.0 41.0 328.0 19.0 328.0 
1 3 0.92 0.92 41.0 25.0 41.0 328.0 19.0 328.0 733.0 186.0 733.0 
1 2 0.67 0.67 784.0 135.0 784.0 488.0 245.0 488.0 
1 2 0.62 0.62 142.0 12.0 142.0 788.0 422.0 788.0 
1 3 0.77 0.77 142.0 12.0 142.0 788.0 422.0 788.0 615.0 97.0 615.0 
1 2 0.68 0.68 338.0 10.0 338.0 411.0 271.0 411.0 
1 2 0.97 0.97 24.0 15.0 24.0 453.0 159.0 453.0 
1 2 0.78 0.78 235.0 9.0 235.0 723.0 539.0 723.0 
1 2 0.98 0.98 565.0 208.0 565.0 955.0 588.0 955.0 
1 2 0.66 0.66 316.0 10.0 316.0 587.0 371.0 587.0 
1 3 0.87 0.87 316.0 10.0 316.0 587.0 371.0 587.0 477.0 103.0 477.0 
1 2 0.99 0.99 627.0 266.0 627.0 429.0 246.0 429.0 
1 2 0.84 0.84 704.0 21.0 704.0 32.0 26.0 32.0 
1 2 0.86 0.86 487.0 405.0 487.0 735.0 21.0 735.0 
1 2 0.55 0.55 881.0 42.0 881.0 361.0 182.0 361.0 
1 2 0.92 0.92 643.0 200.0 643.0 404.0 248.0 404.0 
1 2 0.85 0.85 734.0 531.0 734.0 289.0 37.0 289.0 
1 2 0.9 0.9 5.0 4.0 5.0 810.0 87.0 810.0 
1 2 0.92 0.92 42.0 24.0 42.0 624.0 218.0 624.0 
1 3 0.95 0.95 42.0 24.0 42.0 624.0 218.0 624.0 978.0 33.0 978.0 
1 2 0.96 0.96 951.0 558.0 951.0 674.0 256.0 674.0 
1 2 0.92 0.92 403.0 273.0 403.0 877.0 221.0 877.0 
1 2 0.75 0.75 346.0 202.0 346.0 136.0 23.0 136.0 
1 2 0.71 0.71 834.0 547.0 834.0 346.0 19.0 346.0 
1 2 0.98 0.98 304.0 105.0 304.0 480.0 309.0 480.0 
1 2 0.64 0.64 108.0 66.0 108.0 633.0 21.0 633.0 
1 3 0.91 0.91 108.0 66.0 108.0 633.0 21.0 633.0 505.0 139.0 505.0 
1 2 0.69 0.69 955.0 162.0 955.0 785.0 412.0 785.0 
1 2 0.59 0.59 800.0 30.0 800.0 514.0 287.0 514.0 
1 2 0.63 0.63 377.0 3.0 377.0 844.0 533.0 844.0 
1 2 0.91 0.91 323.0 85.0 323.0 392.0 256.0 392.0 
1 2 0.94 0.94 159.0 136.0 159.0 554.0 51.0 554.0 
1 2 0.99 0.99 121.0 81.0 121.0 899.0 291.0 899.0 
1 2 0.8 0.8 311.0 36.0 311.0 83.0 57.0 83.0 
1 2 0.55 0.55 976.0 156.0 976.0 461.0 181.0 461.0 
1 2 0.76 0.76 240.0 9.0 240.0 889.0 644.0 889.0 
1 3 0.92 0.92 240.0 9.0 240.0 889.0 644.0 889.0 504.0 81.0 504.0 
1 2 0.97 0.97 364.0 40.0 364.0 331.0 286.0 331.0 
1 2 0.79 0.79 745.0 211.0 745.0 186.0 95.0 186.0 
1 2 0.91 0.91 588.0 89.0 588.0 681.0 520.0 681.0 
1 2 0.94 0.94 781.0 640.0 781.0 322.0 42.0 322.0 
1 2 0.69 0.69 561.0 361.0 561.0 274.0 15.0 274.0 
1 2 0.95 0.95 257.0 48.0 257.0 731.0 559.0 731.0 
1 2 0.97 0.97 321.0 247.0 321.0 43.0 9.0 43.0 
1 2 0.86 0.86 483.0 27.0 483.0 854.0 688.0 854.0 
1 2 0.72 0.72 459.0 296.0 459.0 51.0 4.0 51.0 
1 2 0.88 0.88 564.0 301.0 564.0 62.0 22.0 62.0 
1 2 0.61 0.61 154.0 27.0 154.0 87.0 38.0 87.0 
1 2 0.58 0.58 481.0 35.0 481.0 569.0 294.0 569.0 
1 2 0.64 0.64 864.0 541.0 864.0 833.0 19.0 833.0 
1 2 0.88 0.88 646.0 106.0 646.0 641.0 462.0 641.0 
1 2 0.79 0.79 432.0 80.0 432.0 952.0 580.0 952.0 
1 2 0.8 0.8 698.0 165.0 698.0 255.0 146.0 255.0 
1 2 0.98 0.98 993.0 851.0 993.0 80.0 10.0 80.0 
1 2 0.82 0.82 389.0 250.0 389.0 835.0 156.0 835.0 
1 2 0.67 0.67 608.0 321.0 608.0 297.0 44.0 297.0 
1 2 0.94 0.94 278.0 160.0 278.0 877.0 324.0 877.0 
1 2 0.67 0.67 997.0 66.0 997.0 124.0 75.0 124.0 
1 2 0.7 0.7 56.0 7.0 56.0 600.0 348.0 600.0 
1 2 0.97 0.97 513.0 322.0 513.0 545.0 191.0 545.0 
1 2 0.77 0.77 581.0 100.0 581.0 440.0 266.0 440.0 
1 2 0.98 0.98 173.0 138.0 173.0 647.0 121.0 647.0 
1 2 0.93 0.93 719.0 494.0 719.0 638.0 159.0 638.0 
1 2 0.86 0.86 195.0 144.0 195.0 47.0 6.0 47.0 
1 2 0.78 0.78 651.0 179.0 651.0 806.0 415.0 806.0 
1 2 0.94 0.94 110.0 90.0 110.0 176.0 23.0 176.0 
1 2 0.78 0.78 225.0 123.0 225.0 741.0 180.0 741.0 
1 2 0.83 0.83 47.0 28.0 47.0 620.0 146.0 620.0 
1 3 0.92 0.92 47.0 28.0 47.0 620.0 146.0 620.0 256.0 25.0 256.0 
1 2 0.97 0.97 527.0 456.0 527.0 935.0 106.0 935.0 
1 2 0.55 0.55 871.0 442.0 871.0 257.0 11.0 257.0 
1 2 0.94 0.94 465.0 338.0 465.0 808.0 178.0 808.0 
1 2 0.67 0.67 830.0 44.0 830.0 474.0 295.0 474.0 
1 2 0.98 0.98 443.0 176.0 443.0 90.0 53.0 90.0 
1 2 0.57 0.57 212.0 113.0 212.0 22.0 1.0 22.0 
1 2 0.9 0.9 831.0 551.0 831.0 70.0 17.0 70.0 
1 2 0.59 0.59 930.0 485.0 930.0 218.0 15.0 218.0 
1 2 0.59 0.59 865.0 66.0 865.0 286.0 149.0 286.0 
1 2 0.3 0.3 623.0 7.0 623.0 17.0 5.0 17.0 
1 2 0.95 0.95 530.0 127.0 530.0 996.0 714.0 996.0 
1 2 0.57 0.57 547.0 23.0 547.0 75.0 40.0 75.0 
1 2 0.84 0.84 26.0 22.0 26.0 358.0 1.0 358.0 
1 2 0.83 0.83 487.0 271.0 487.0 471.0 132.0 471.0 
1 2 0.99 0.99 11.0 10.0 11.0 444.0 40.0 444.0 
1 2 0.71 0.71 402.0 249.0 402.0 723.0 66.0 723.0 
1 2 0.62 0.62 798.0 14.0 798.0 84.0 51.0 84.0 
1 2 0.79 0.79 81.0 7.0 81.0 985.0 701.0 985.0 
1 2 0.64 0.64 379.0 200.0 379.0 498.0 57.0 498.0 
1 2 0.68 0.68 349.0 226.0 349.0 432.0 15.0 432.0 
1 2 0.88 0.88 421.0 95.0 421.0 521.0 344.0 521.0 
1 2 0.75 0.75 441.0 290.0 441.0 368.0 37.0 368.0 
1 2 0.76 0.76 616.0 377.0 616.0 487.0 73.0 487.0 
1 2 0.3 0.3 145.0 22.0 145.0 124.0 19.0 124.0 
1 2 0.99 0.99 782.0 700.0 782.0 322.0 32.0 322.0 
1 2 0.81 0.81 177.0 19.0 177.0 360.0 255.0 360.0 
1 2 0.9 0.9 55.0 47.0 55.0 77.0 4.0 77.0 
1 2 0.97 0.97 278.0 10.0 278.0 964.0 910.0 964.0 
1 2 0.8 0.8 595.0 408.0 595.0 365.0 42.0 365.0 
1 2 0.91 0.91 672.0 442.0 672.0 165.0 43.0 165.0 
1 2 0.75 0.75 199.0 64.0 199.0 76.0 33.0 76.0 
1 2 0.65 0.65 470.0 56.0 470.0 449.0 240.0 449.0 
1 3 0.72 0.72 470.0 56.0 470.0 449.0 240.0 449.0 786.0 56.0 786.0 
1 2 0.79 0.79 580.0 124.0 580.0 480.0 279.0 480.0 
1 2 0.85 0.85 518.0 329.0 518.0 1000.0 215.0 1000.0 
1 2 0.66 0.66 423.0 70.0 423.0 399.0 200.0 399.0 
1 2 0.98 0.98 77.0 21.0 77.0 69.0 49.0 69.0 
1 2 0.76 0.76 720.0 5.0 720.0 558.0 424.0 558.0 
1 2 0.95 0.95 842.0 239.0 842.0 27.0 18.0 27.0 
1 2 0.79 0.79 132.0 24.0 132.0 687.0 420.0 687.0 
1 2 0.93 0.93 649.0 112.0 649.0 717.0 546.0 717.0 
1 2 0.61 0.61 183.0 100.0 183.0 643.0 45.0 643.0 
1 2 0.99 0.99 283.0 35.0 283.0 158.0 137.0 158.0 
1 2 0.67 0.67 84.0 13.0 84.0 464.0 242.0 464.0 
1 2 0.76 0.76 621.0 219.0 621.0 673.0 278.0 673.0 
1 2 0.97 0.97 390.0 268.0 390.0 331.0 95.0 331.0 
1 2 0.81 0.81 675.0 473.0 675.0 444.0 51.0 444.0 
1 2 0.78 0.78 970.0 261.0 970.0 796.0 414.0 796.0 
1 2 0.8 0.8 215.0 30.0 215.0 66.0 44.0 66.0 
1 2 0.88 0.88 570.0 230.0 570.0 172.0 82.0 172.0 
1 2 0.83 0.83 217.0 134.0 217.0 374.0 81.0 374.0 
1 2 0.66 0.66 430.0 235.0 430.0 122.0 15.0 122.0 
1 2 0.84 0.84 112.0 6.0 112.0 391.0 311.0 391.0 
1 2 0.6 0.6 797.0 41.0 797.0 365.0 203.0 365.0 
1 2 0.92 0.92 700.0 186.0 700.0 686.0 454.0 686.0 
1 2 0.88 0.88 500.0 147.0 500.0 254.0 150.0 254.0 
1 2 0.3 0.3 970.0 183.0 970.0 678.0 80.0 678.0 
1 3 0.86 0.86 970.0 183.0 970.0 678.0 80.0 678.0 619.0 344.0 619.0 
1 2 0.94 0.94 190.0 70.0 190.0 962.0 556.0 962.0 
1 2 0.82 0.82 306.0 197.0 306.0 43.0 8.0 43.0 
1 2 0.55 0.55 352.0 18.0 352.0 863.0 437.0 863.0 
1 3 0.76 0.76 352.0 18.0 352.0 863.0 437.0 863.0 887.0 184.0 887.0 
1 2 0.45 0.45 877.0 243.0 877.0 237.0 41.0 237.0 
1 3 0.97 0.97 877.0 243.0 877.0 237.0 41.0 237.0 976.0 516.0 976.0 
1 2 0.89 0.89 759.0 435.0 759.0 436.0 139.0 436.0 
1 2 0.76 0.76 16.0 11.0 16.0 748.0 57.0 748.0 
1 2 0.86 0.86 918.0 445.0 918.0 224.0 86.0 224.0 
1 2 0.84 0.84 779.0 608.0 779.0 985.0 63.0 985.0 
1 2 0.97 0.97 964.0 145.0 964.0 369.0 303.0 369.0 
1 2 0.94 0.94 409.0 90.0 409.0 897.0 654.0 897.0 
1 2 0.86 0.86 49.0 32.0 49.0 380.0 79.0 380.0 
1 2 0.75 0.75 668.0 118.0 668.0 674.0 391.0 674.0 
1 2 0.73 0.73 636.0 333.0 636.0 620.0 134.0 620.0 
1 2 0.8 0.8 730.0 521.0 730.0 111.0 10.0 111.0 
1 2 0.99 0.99 976.0 144.0 976.0 302.0 257.0 302.0 
1 2 0.88 0.88 959.0 49.0 959.0 594.0 497.0 594.0 
1 2 0.74 0.74 872.0 511.0 872.0 158.0 25.0 158.0 
1 2 0.75 0.75 361.0 13.0 361.0 369.0 266.0 369.0 
1 2 0.97 0.97 27.0 6.0 27.0 620.0 464.0 620.0 
1 2 0.78 0.78 917.0 170.0 917.0 181.0 109.0 181.0 
1 3 0.99 0.99 917.0 170.0 917.0 181.0 109.0 181.0 269.0 56.0 269.0 
1 2 0.95 0.95 698.0 653.0 698.0 606.0 13.0 606.0 
1 2 0.87 0.87 463.0 145.0 463.0 967.0 542.0 967.0 
1 2 0.85 0.85 210.0 4.0 210.0 675.0 564.0 675.0 
1 2 0.3 0.3 80.0 1.0 80.0 773.0 224.0 773.0 
1 3 0.77 0.77 80.0 1.0 80.0 773.0 224.0 773.0 477.0 227.0 477.0 
1 4 0.9 0.9 80.0 1.0 80.0 773.0 224.0 773.0 477.0 227.0 477.0 588.0 75.0 588.0 
1 2 0.98 0.98 663.0 202.0 663.0 653.0 445.0 653.0 
1 2 0.88 0.88 472.0 257.0 472.0 222.0 75.0 222.0 
1 2 0.77 0.77 915.0 461.0 915.0 691.0 187.0 691.0 
1 2 0.88 0.88 510.0 388.0 510.0 330.0 41.0 330.0 
1 2 0.38 0.38 176.0 8.0 176.0 159.0 54.0 159.0 
1 3 0.54 0.54 176.0 8.0 176.0 159.0 54.0 159.0 910.0 145.0 910.0 
1 4 0.73 0.73 176.0 8.0 176.0 159.0 54.0 159.0 910.0 145.0 910.0 370.0 70.0 370.0 
1 2 0.8 0.8 539.0 288.0 539.0 133.0 36.0 133.0 
1 2 0.64 0.64 402.0 57.0 402.0 411.0 207.0 411.0 
1 2 0.81 0.81 114.0 23.0 114.0 562.0 346.0 562.0 
1 2 0.62 0.62 368.0 1.0 368.0 40.0 25.0 40.0 
1 2 0.76 0.76 113.0 17.0 113.0 70.0 43.0 70.0 
1 2 0.82 0.82 447.0 341.0 447.0 329.0 19.0 329.0 
1 2 0.8 0.8 243.0 157.0 243.0 129.0 20.0 129.0 
1 2 0.84 0.84 470.0 279.0 470.0 375.0 95.0 375.0 
1 2 0.99 0.99 997.0 984.0 997.0 717.0 8.0 717.0 
1 2 0.87 0.87 656.0 485.0 656.0 397.0 52.0 397.0 
1 2 0.83 0.83 531.0 61.0 531.0 564.0 408.0 564.0 
1 2 0.82 0.82 472.0 288.0 472.0 317.0 69.0 317.0 
1 2 0.89 0.89 52.0 28.0 52.0 453.0 162.0 453.0 
1 2 0.59 0.59 795.0 31.0 795.0 88.0 49.0 88.0 
1 2 0.83 0.83 712.0 14.0 712.0 769.0 626.0 769.0 
1 2 0.98 0.98 473.0 110.0 473.0 525.0 396.0 525.0 
1 2 0.95 0.95 615.0 30.0 615.0 980.0 892.0 980.0 
1 2 0.73 0.73 28.0 8.0 28.0 238.0 108.0 238.0 
1 2 0.93 0.93 648.0 206.0 648.0 52.0 32.0 52.0 
1 2 0.64 0.64 912.0 485.0 912.0 87.0 10.0 87.0 
1 2 0.91 0.91 160.0 92.0 160.0 65.0 22.0 65.0 
1 2 0.63 0.63 261.0 12.0 261.0 212.0 125.0 212.0 
1 2 0.93 0.93 7.0 2.0 7.0 49.0 32.0 49.0 
1 2 0.96 0.96 233.0 21.0 233.0 814.0 714.0 814.0 
1 2 0.65 0.65 660.0 342.0 660.0 387.0 54.0 387.0 
1 2 0.89 0.89 418.0 41.0 418.0 940.0 747.0 940.0 
1 2 0.84 0.84 660.0 416.0 660.0 774.0 168.0 774.0 
1 2 0.95 0.95 914.0 382.0 914.0 478.0 255.0 478.0 
1 2 0.66 0.66 753.0 390.0 753.0 49.0 7.0 49.0 
1 2 0.85 0.85 135.0 88.0 135.0 956.0 193.0 956.0 
1 2 0.93 0.93 73.0 8.0 73.0 806.0 663.0 806.0 
1 2 0.92 0.92 855.0 159.0 855.0 151.0 112.0 151.0 
1 2 0.9 0.9 231.0 183.0 231.0 498.0 58.0 498.0 
1 2 0.66 0.66 285.0 155.0 285.0 741.0 87.0 741.0 
1 2 0.97 0.97 279.0 264.0 279.0 997.0 33.0 997.0 
1 2 0.82 0.82 45.0 27.0 45.0 607.0 135.0 607.0 
1 2 0.53 0.53 86.0 15.0 86.0 769.0 279.0 769.0 
1 2 0.72 0.72 914.0 530.0 914.0 534.0 76.0 534.0 
1 2 0.85 0.85 398.0 80.0 398.0 170.0 112.0 170.0 
1 2 0.84 0.84 469.0 140.0 469.0 830.0 455.0 830.0 
1 2 0.73 0.73 575.0 301.0 575.0 517.0 110.0 517.0 
1 2 0.85 0.85 687.0 143.0 687.0 645.0 414.0 645.0 
1 2 0.91 0.91 222.0 177.0 222.0 765.0 90.0 765.0 
1 2 0.99 0.99 683.0 497.0 683.0 968.0 263.0 968.0 
1 2 0.87 0.87 90.0 70.0 90.0 734.0 70.0 734.0 
1 2 0.69 0.69 582.0 358.0 582.0 139.0 11.0 139.0 
1 2 0.99 0.99 68.0 38.0 68.0 903.0 391.0 903.0 
1 2 0.85 0.85 745.0 601.0 745.0 735.0 32.0 735.0 
1 2 0.89 0.89 341.0 256.0 341.0 897.0 132.0 897.0 
1 2 0.94 0.94 570.0 422.0 570.0 948.0 196.0 948.0 
1 2 0.83 0.83 556.0 181.0 556.0 526.0 269.0 526.0 
1 2 0.87 0.87 965.0 4.0 965.0 380.0 332.0 380.0 
1 2 0.82 0.82 819.0 466.0 819.0 371.0 94.0 371.0 
1 3 0.97 0.97 819.0 466.0 819.0 371.0 94.0 371.0 886.0 132.0 886.0 
1 2 0.66 0.66 408.0 43.0 408.0 553.0 311.0 553.0 
1 2 0.93 0.93 73.0 39.0 73.0 500.0 202.0 500.0 
1 2 0.98 0.98 615.0 484.0 615.0 882.0 172.0 882.0 
1 2 0.87 0.87 224.0 122.0 224.0 128.0 42.0 128.0 
1 2 0.88 0.88 387.0 130.0 387.0 326.0 180.0 326.0 
1 2 0.63 0.63 468.0 249.0 468.0 796.0 81.0 796.0 
1 2 0.92 0.92 389.0 117.0 389.0 318.0 198.0 318.0 
1 2 0.67 0.67 803.0 1.0 803.0 416.0 279.0 416.0 
1 2 0.87 0.87 297.0 192.0 297.0 496.0 111.0 496.0 
1 2 0.84 0.84 263.0 150.0 263.0 730.0 199.0 730.0 
1 2 0.76 0.76 957.0 548.0 957.0 805.0 155.0 805.0 
1 2 0.73 0.73 496.0 344.0 496.0 46.0 2.0 46.0 
1 2 0.84 0.84 162.0 28.0 162.0 356.0 238.0 356.0 
1 2 0.99 0.99 90.0 69.0 90.0 79.0 18.0 79.0 
1 2 0.88 0.88 338.0 117.0 338.0 370.0 200.0 370.0 
1 2 0.96 0.96 615.0 163.0 615.0 816.0 570.0 816.0 
1 2 0.8 0.8 724.0 511.0 724.0 770.0 73.0 770.0 
1 2 0.78 0.78 774.0 530.0 774.0 584.0 58.0 584.0 
1 2 0.59 0.59 923.0 521.0 923.0 606.0 18.0 606.0 
1 2 0.92 0.92 481.0 301.0 481.0 381.0 114.0 381.0 
1 2 0.3 0.3 751.0 26.0 751.0 606.0 163.0 606.0 
1 2 0.82 0.82 554.0 293.0 554.0 942.0 280.0 942.0 
1 2 0.9 0.9 937.0 837.0 937.0 252.0 4.0 252.0 
1 2 0.97 0.97 704.0 646.0 704.0 103.0 6.0 103.0 
1 2 0.95 0.95 188.0 152.0 188.0 106.0 15.0 106.0 
1 2 0.83 0.83 562.0 401.0 562.0 205.0 24.0 205.0 
1 2 0.93 0.93 649.0 96.0 649.0 247.0 194.0 247.0 
1 2 0.92 0.92 23.0 4.0 23.0 884.0 665.0 884.0 
1 2 0.26 0.26 530.0 28.0 530.0 338.0 73.0 338.0 
1 3 0.91 0.91 530.0 28.0 530.0 338.0 73.0 338.0 134.0 87.0 134.0 
1 2 0.84 0.84 320.0 85.0 320.0 424.0 246.0 424.0 
1 2 0.87 0.87 677.0 171.0 677.0 385.0 241.0 385.0 
1 2 0.6 0.6 24.0 13.0 24.0 826.0 55.0 826.0 
1 2 0.91 0.91 345.0 302.0 345.0 56.0 2.0 56.0 
1 2 0.44 0.44 319.0 124.0 319.0 919.0 55.0 919.0 
1 2 0.9 0.9 398.0 242.0 398.0 957.0 281.0 957.0 
1 2 0.74 0.74 747.0 128.0 747.0 104.0 60.0 104.0 
1 2 0.73 0.73 719.0 424.0 719.0 194.0 29.0 194.0 
1 2 0.38 0.38 520.0 3.0 520.0 953.0 366.0 953.0 
1 3 0.46 0.46 520.0 3.0 520.0 953.0 366.0 953.0 831.0 61.0 831.0 
1 2 0.95 0.95 600.0 63.0 600.0 72.0 61.0 72.0 
1 2 0.67 0.67 164.0 6.0 164.0 810.0 517.0 810.0 
1 2 0.86 0.86 701.0 200.0 701.0 450.0 262.0 450.0 
1 2 0.86 0.86 347.0 221.0 347.0 899.0 203.0 899.0 
1 2 0.96 0.96 200.0 192.0 200.0 776.0 2.0 776.0 
1 2 0.91 0.91 826.0 78.0 826.0 627.0 513.0 627.0 
1 2 0.87 0.87 995.0 450.0 995.0 468.0 197.0 468.0 
1 2 0.87 0.87 289.0 44.0 289.0 972.0 703.0 972.0 
1 2 0.73 0.73 219.0 35.0 219.0 759.0 434.0 759.0 
1 2 0.47 0.47 119.0 18.0 119.0 210.0 67.0 210.0 
1 2 0.71 0.71 471.0 241.0 471.0 54.0 11.0 54.0 
1 2 0.71 0.71 432.0 12.0 432.0 126.0 86.0 126.0 
1 2 0.98 0.98 302.0 206.0 302.0 357.0 108.0 357.0 
1 2 0.95 0.95 387.0 258.0 387.0 481.0 139.0 481.0 
1 3 0.95 0.95 387.0 258.0 387.0 481.0 139.0 481.0 497.0 1.0 497.0 
1 2 0.88 0.88 961.0 135.0 961.0 43.0 32.0 43.0 
1 2 0.8 0.8 222.0 18.0 222.0 417.0 300.0 417.0 
1 2 0.79 0.79 560.0 269.0 560.0 214.0 67.0 214.0 
1 2 0.57 0.57 529.0 116.0 529.0 518.0 184.0 518.0 
1 2 0.95 0.95 387.0 15.0 387.0 406.0 371.0 406.0 
1 2 0.6 0.6 378.0 45.0 378.0 257.0 126.0 257.0 
1 2 0.92 0.92 828.0 576.0 828.0 760.0 175.0 760.0 
1 2 0.36 0.36 445.0 160.0 445.0 416.0 2.0 416.0 
1 3 0.97 0.97 445.0 160.0 445.0 416.0 2.0 416.0 932.0 569.0 932.0 
1 2 0.89 0.89 510.0 315.0 510.0 525.0 144.0 525.0 
1 2 0.99 0.99 37.0 21.0 37.0 879.0 372.0 879.0 
1 2 0.72 0.72 773.0 4.0 773.0 206.0 149.0 206.0 
1 2 0.99 0.99 433.0 255.0 433.0 309.0 124.0 309.0 
1 2 0.92 0.92 111.0 92.0 111.0 971.0 94.0 971.0 
1 2 0.97 0.97 439.0 120.0 439.0 446.0 312.0 446.0 
1 2 0.93 0.93 402.0 169.0 402.0 926.0 479.0 926.0 
1 2 0.94 0.94 51.0 30.0 51.0 956.0 343.0 956.0 
1 2 0.76 0.76 435.0 333.0 435.0 538.0 2.0 538.0 
1 2 0.84 0.84 749.0 628.0 749.0 479.0 5.0 479.0 
1 2 0.87 0.87 34.0 20.0 34.0 314.0 90.0 314.0 
1 2 0.75 0.75 70.0 44.0 70.0 380.0 49.0 380.0 
1 2 0.8 0.8 368.0 74.0 368.0 15.0 9.0 15.0 
1 2 0.69 0.69 824.0 418.0 824.0 571.0 110.0 571.0 
1 2 0.84 0.84 362.0 290.0 362.0 172.0 8.0 172.0 
1 2 0.19 0.19 637.0 35.0 637.0 402.0 56.0 402.0 
1 3 0.91 0.91 637.0 35.0 637.0 402.0 56.0 402.0 994.0 718.0 994.0 
1 2 0.68 0.68 10.0 1.0 10.0 851.0 502.0 851.0 
1 2 0.95 0.95 112.0 74.0 112.0 448.0 132.0 448.0 
1 2 0.46 0.46 757.0 274.0 757.0 898.0 93.0 898.0 
1 2 0.97 0.97 240.0 141.0 240.0 853.0 329.0 853.0 
1 2 0.85 0.85 956.0 755.0 956.0 534.0 34.0 534.0 
1 2 0.87 0.87 440.0 58.0 440.0 512.0 379.0 512.0 
1 2 0.83 0.83 292.0 173.0 292.0 943.0 225.0 943.0 
1 2 0.93 0.93 747.0 621.0 747.0 411.0 43.0 411.0 
1 2 0.85 0.85 663.0 490.0 663.0 121.0 14.0 121.0 
1 2 0.93 0.93 837.0 629.0 837.0 886.0 161.0 886.0 
1 2 0.68 0.68 168.0 35.0 168.0 931.0 442.0 931.0 
1 2 0.87 0.87 113.0 86.0 113.0 216.0 25.0 216.0 
1 2 0.5 0.5 339.0 1.0 339.0 406.0 205.0 406.0 
1 2 0.84 0.84 342.0 118.0 342.0 573.0 286.0 573.0 
1 2 0.84 0.84 952.0 489.0 952.0 788.0 262.0 788.0 
1 2 0.97 0.97 925.0 855.0 925.0 319.0 15.0 319.0 
1 2 0.87 0.87 693.0 142.0 693.0 3.0 2.0 3.0 
1 2 0.57 0.57 382.0 215.0 382.0 795.0 11.0 795.0 
1 2 0.7 0.7 103.0 2.0 103.0 594.0 410.0 594.0 
1 2 0.73 0.73 271.0 139.0 271.0 702.0 154.0 702.0 
1 2 0.99 0.99 77.0 18.0 77.0 583.0 444.0 583.0 
1 2 0.91 0.91 989.0 511.0 989.0 950.0 380.0 950.0 
1 2 0.93 0.93 37.0 25.0 37.0 55.0 14.0 55.0 
1 2 0.77 0.77 934.0 108.0 934.0 978.0 646.0 978.0 
1 2 0.95 0.95 486.0 202.0 486.0 268.0 145.0 268.0 
1 2 0.73 0.73 314.0 57.0 314.0 864.0 475.0 864.0 
1 2 0.88 0.88 946.0 511.0 946.0 664.0 226.0 664.0 
1 2 0.99 0.99 93.0 26.0 93.0 437.0 313.0 437.0 
1 2 0.94 0.94 107.0 75.0 107.0 724.0 179.0 724.0 
1 2 0.97 0.97 830.0 216.0 830.0 658.0 471.0 658.0 
1 2 0.93 0.93 571.0 50.0 571.0 214.0 182.0 214.0 
1 2 0.72 0.72 116.0 72.0 116.0 400.0 40.0 400.0 
1 2 0.98 0.98 119.0 29.0 119.0 424.0 316.0 424.0 
1 2 0.89 0.89 298.0 193.0 298.0 8.0 2.0 8.0 
1 2 0.93 0.93 843.0 94.0 843.0 150.0 124.0 150.0 
1 2 0.92 0.92 740.0 144.0 740.0 511.0 375.0 511.0 
1 2 0.96 0.96 512.0 229.0 512.0 156.0 81.0 156.0 
1 2 0.78 0.78 501.0 63.0 501.0 453.0 297.0 453.0 
1 2 0.73 0.73 411.0 43.0 411.0 103.0 65.0 103.0 
1 2 0.65 0.65 727.0 383.0 727.0 416.0 55.0 416.0 
1 2 0.94 0.94 946.0 99.0 946.0 50.0 42.0 50.0 
1 2 0.51 0.51 836.0 240.0 836.0 830.0 191.0 830.0 
1 2 0.96 0.96 42.0 24.0 42.0 182.0 71.0 182.0 
1 2 0.92 0.92 807.0 693.0 807.0 16.0 1.0 16.0 
