2 3 1.67 1.67 375.0 231.0 375.0 953.0 825.0 953.0 175.0 33.0 175.0 
2 4 1.81 1.81 375.0 231.0 375.0 953.0 825.0 953.0 175.0 33.0 175.0 78.0 11.0 78.0 
2 5 1.92 1.92 375.0 231.0 375.0 953.0 825.0 953.0 175.0 33.0 175.0 78.0 11.0 78.0 262.0 29.0 262.0 
2 3 1.34 1.34 676.0 569.0 676.0 412.0 70.0 412.0 836.0 282.0 836.0 
2 4 1.65 1.65 676.0 569.0 676.0 412.0 70.0 412.0 836.0 282.0 836.0 942.0 293.0 942.0 
2 3 0.51 0.51 724.0 41.0 724.0 983.0 85.0 983.0 98.0 36.0 98.0 
2 4 1.43 1.43 724.0 41.0 724.0 983.0 85.0 983.0 98.0 36.0 98.0 124.0 115.0 124.0 
2 5 1.68 1.68 724.0 41.0 724.0 983.0 85.0 983.0 98.0 36.0 98.0 124.0 115.0 124.0 835.0 205.0 835.0 
2 6 1.81 1.81 724.0 41.0 724.0 983.0 85.0 983.0 98.0 36.0 98.0 124.0 115.0 124.0 835.0 205.0 835.0 469.0 61.0 469.0 
2 3 1.04 1.04 360.0 222.0 360.0 995.0 4.0 995.0 680.0 286.0 680.0 
2 4 1.05 1.05 360.0 222.0 360.0 995.0 4.0 995.0 680.0 286.0 680.0 571.0 6.0 571.0 
2 5 1.25 1.25 360.0 222.0 360.0 995.0 4.0 995.0 680.0 286.0 680.0 571.0 6.0 571.0 446.0 89.0 446.0 
2 6 1.47 1.47 360.0 222.0 360.0 995.0 4.0 995.0 680.0 286.0 680.0 571.0 6.0 571.0 446.0 89.0 446.0 383.0 85.0 383.0 
2 7 1.7 1.7 360.0 222.0 360.0 995.0 4.0 995.0 680.0 286.0 680.0 571.0 6.0 571.0 446.0 89.0 446.0 383.0 85.0 383.0 305.0 72.0 305.0 
2 3 1.27 1.27 579.0 365.0 579.0 804.0 345.0 804.0 806.0 172.0 806.0 
2 4 1.49 1.49 579.0 365.0 579.0 804.0 345.0 804.0 806.0 172.0 806.0 685.0 151.0 685.0 
2 5 1.53 1.53 579.0 365.0 579.0 804.0 345.0 804.0 806.0 172.0 806.0 685.0 151.0 685.0 318.0 12.0 318.0 
2 3 0.38 0.38 387.0 54.0 387.0 321.0 24.0 321.0 541.0 90.0 541.0 
2 4 0.39 0.39 387.0 54.0 387.0 321.0 24.0 321.0 541.0 90.0 541.0 766.0 13.0 766.0 
2 5 0.58 0.58 387.0 54.0 387.0 321.0 24.0 321.0 541.0 90.0 541.0 766.0 13.0 766.0 316.0 58.0 316.0 
2 6 0.66 0.66 387.0 54.0 387.0 321.0 24.0 321.0 541.0 90.0 541.0 766.0 13.0 766.0 316.0 58.0 316.0 110.0 9.0 110.0 
2 7 1.37 1.37 387.0 54.0 387.0 321.0 24.0 321.0 541.0 90.0 541.0 766.0 13.0 766.0 316.0 58.0 316.0 110.0 9.0 110.0 225.0 160.0 225.0 
2 3 1.21 1.21 613.0 249.0 613.0 435.0 179.0 435.0 81.0 32.0 81.0 
2 4 1.37 1.37 613.0 249.0 613.0 435.0 179.0 435.0 81.0 32.0 81.0 760.0 120.0 760.0 
2 5 1.56 1.56 613.0 249.0 613.0 435.0 179.0 435.0 81.0 32.0 81.0 760.0 120.0 760.0 133.0 26.0 133.0 
2 6 1.9 1.9 613.0 249.0 613.0 435.0 179.0 435.0 81.0 32.0 81.0 760.0 120.0 760.0 133.0 26.0 133.0 248.0 85.0 248.0 
2 3 1.14 1.14 676.0 373.0 676.0 284.0 28.0 284.0 698.0 342.0 698.0 
2 4 1.68 1.68 676.0 373.0 676.0 284.0 28.0 284.0 698.0 342.0 698.0 968.0 528.0 968.0 
2 5 1.74 1.74 676.0 373.0 676.0 284.0 28.0 284.0 698.0 342.0 698.0 968.0 528.0 968.0 995.0 63.0 995.0 
2 3 1.26 1.26 997.0 372.0 997.0 916.0 746.0 916.0 396.0 29.0 396.0 
2 4 1.77 1.77 997.0 372.0 997.0 916.0 746.0 916.0 396.0 29.0 396.0 709.0 363.0 709.0 
2 3 0.39 0.39 843.0 157.0 843.0 373.0 34.0 373.0 704.0 84.0 704.0 
2 4 0.74 0.74 843.0 157.0 843.0 373.0 34.0 373.0 704.0 84.0 704.0 390.0 136.0 390.0 
2 5 1.57 1.57 843.0 157.0 843.0 373.0 34.0 373.0 704.0 84.0 704.0 390.0 136.0 390.0 913.0 754.0 913.0 
2 6 1.59 1.59 843.0 157.0 843.0 373.0 34.0 373.0 704.0 84.0 704.0 390.0 136.0 390.0 913.0 754.0 913.0 131.0 3.0 131.0 
2 7 1.96 1.96 843.0 157.0 843.0 373.0 34.0 373.0 704.0 84.0 704.0 390.0 136.0 390.0 913.0 754.0 913.0 131.0 3.0 131.0 902.0 330.0 902.0 
2 3 0.69 0.69 992.0 402.0 992.0 193.0 55.0 193.0 749.0 2.0 749.0 
2 4 1.07 1.07 992.0 402.0 992.0 193.0 55.0 193.0 749.0 2.0 749.0 996.0 376.0 996.0 
2 5 1.26 1.26 992.0 402.0 992.0 193.0 55.0 193.0 749.0 2.0 749.0 996.0 376.0 996.0 709.0 135.0 709.0 
2 6 1.84 1.84 992.0 402.0 992.0 193.0 55.0 193.0 749.0 2.0 749.0 996.0 376.0 996.0 709.0 135.0 709.0 362.0 210.0 362.0 
2 3 1.96 1.96 967.0 917.0 967.0 537.0 158.0 537.0 11.0 8.0 11.0 
2 3 1.76 1.76 511.0 449.0 511.0 482.0 393.0 482.0 41.0 3.0 41.0 
2 4 1.98 1.98 511.0 449.0 511.0 482.0 393.0 482.0 41.0 3.0 41.0 765.0 168.0 765.0 
2 3 1.01 1.01 372.0 89.0 372.0 52.0 29.0 52.0 243.0 52.0 243.0 
2 4 1.23 1.23 372.0 89.0 372.0 52.0 29.0 52.0 243.0 52.0 243.0 112.0 25.0 112.0 
2 5 1.94 1.94 372.0 89.0 372.0 52.0 29.0 52.0 243.0 52.0 243.0 112.0 25.0 112.0 975.0 689.0 975.0 
2 6 1.95 1.95 372.0 89.0 372.0 52.0 29.0 52.0 243.0 52.0 243.0 112.0 25.0 112.0 975.0 689.0 975.0 828.0 10.0 828.0 
2 3 1.24 1.24 100.0 22.0 100.0 362.0 94.0 362.0 455.0 346.0 455.0 
2 3 1.54 1.54 591.0 535.0 591.0 134.0 40.0 134.0 750.0 256.0 750.0 
2 3 1.3 1.3 909.0 748.0 909.0 848.0 221.0 848.0 358.0 78.0 358.0 
2 3 1.25 1.25 109.0 48.0 109.0 769.0 489.0 769.0 869.0 151.0 869.0 
2 4 1.46 1.46 109.0 48.0 109.0 769.0 489.0 769.0 869.0 151.0 869.0 121.0 26.0 121.0 
2 5 1.51 1.51 109.0 48.0 109.0 769.0 489.0 769.0 869.0 151.0 869.0 121.0 26.0 121.0 43.0 2.0 43.0 
2 3 0.75 0.75 32.0 18.0 32.0 393.0 26.0 393.0 958.0 121.0 958.0 
2 4 0.78 0.78 32.0 18.0 32.0 393.0 26.0 393.0 958.0 121.0 958.0 937.0 25.0 937.0 
2 5 0.81 0.81 32.0 18.0 32.0 393.0 26.0 393.0 958.0 121.0 958.0 937.0 25.0 937.0 242.0 7.0 242.0 
2 6 1.23 1.23 32.0 18.0 32.0 393.0 26.0 393.0 958.0 121.0 958.0 937.0 25.0 937.0 242.0 7.0 242.0 413.0 176.0 413.0 
2 7 1.65 1.65 32.0 18.0 32.0 393.0 26.0 393.0 958.0 121.0 958.0 937.0 25.0 937.0 242.0 7.0 242.0 413.0 176.0 413.0 806.0 338.0 806.0 
2 3 1.12 1.12 326.0 309.0 326.0 36.0 6.0 36.0 786.0 7.0 786.0 
2 4 1.29 1.29 326.0 309.0 326.0 36.0 6.0 36.0 786.0 7.0 786.0 328.0 56.0 328.0 
2 5 1.37 1.37 326.0 309.0 326.0 36.0 6.0 36.0 786.0 7.0 786.0 328.0 56.0 328.0 389.0 33.0 389.0 
2 6 1.51 1.51 326.0 309.0 326.0 36.0 6.0 36.0 786.0 7.0 786.0 328.0 56.0 328.0 389.0 33.0 389.0 740.0 97.0 740.0 
2 7 1.72 1.72 326.0 309.0 326.0 36.0 6.0 36.0 786.0 7.0 786.0 328.0 56.0 328.0 389.0 33.0 389.0 740.0 97.0 740.0 507.0 110.0 507.0 
2 8 1.79 1.79 326.0 309.0 326.0 36.0 6.0 36.0 786.0 7.0 786.0 328.0 56.0 328.0 389.0 33.0 389.0 740.0 97.0 740.0 507.0 110.0 507.0 939.0 63.0 939.0 
2 3 0.35 0.35 853.0 8.0 853.0 825.0 277.0 825.0 94.0 1.0 94.0 
2 4 0.41 0.41 853.0 8.0 853.0 825.0 277.0 825.0 94.0 1.0 94.0 34.0 2.0 34.0 
2 5 1.35 1.35 853.0 8.0 853.0 825.0 277.0 825.0 94.0 1.0 94.0 34.0 2.0 34.0 891.0 838.0 891.0 
2 6 1.38 1.38 853.0 8.0 853.0 825.0 277.0 825.0 94.0 1.0 94.0 34.0 2.0 34.0 891.0 838.0 891.0 913.0 28.0 913.0 
2 7 1.48 1.48 853.0 8.0 853.0 825.0 277.0 825.0 94.0 1.0 94.0 34.0 2.0 34.0 891.0 838.0 891.0 913.0 28.0 913.0 779.0 81.0 779.0 
2 8 1.52 1.52 853.0 8.0 853.0 825.0 277.0 825.0 94.0 1.0 94.0 34.0 2.0 34.0 891.0 838.0 891.0 913.0 28.0 913.0 779.0 81.0 779.0 827.0 28.0 827.0 
2 9 1.53 1.53 853.0 8.0 853.0 825.0 277.0 825.0 94.0 1.0 94.0 34.0 2.0 34.0 891.0 838.0 891.0 913.0 28.0 913.0 779.0 81.0 779.0 827.0 28.0 827.0 679.0 10.0 679.0 
2 10 1.87 1.87 853.0 8.0 853.0 825.0 277.0 825.0 94.0 1.0 94.0 34.0 2.0 34.0 891.0 838.0 891.0 913.0 28.0 913.0 779.0 81.0 779.0 827.0 28.0 827.0 679.0 10.0 679.0 173.0 58.0 173.0 
2 3 0.93 0.93 249.0 134.0 249.0 784.0 224.0 784.0 135.0 15.0 135.0 
2 4 1.0 1.0 249.0 134.0 249.0 784.0 224.0 784.0 135.0 15.0 135.0 854.0 58.0 854.0 
2 5 1.43 1.43 249.0 134.0 249.0 784.0 224.0 784.0 135.0 15.0 135.0 854.0 58.0 854.0 624.0 268.0 624.0 
2 6 1.63 1.63 249.0 134.0 249.0 784.0 224.0 784.0 135.0 15.0 135.0 854.0 58.0 854.0 624.0 268.0 624.0 442.0 89.0 442.0 
2 7 1.93 1.93 249.0 134.0 249.0 784.0 224.0 784.0 135.0 15.0 135.0 854.0 58.0 854.0 624.0 268.0 624.0 442.0 89.0 442.0 663.0 203.0 663.0 
2 8 1.99 1.99 249.0 134.0 249.0 784.0 224.0 784.0 135.0 15.0 135.0 854.0 58.0 854.0 624.0 268.0 624.0 442.0 89.0 442.0 663.0 203.0 663.0 418.0 23.0 418.0 
2 3 0.84 0.84 844.0 204.0 844.0 177.0 81.0 177.0 398.0 59.0 398.0 
2 4 1.65 1.65 844.0 204.0 844.0 177.0 81.0 177.0 398.0 59.0 398.0 58.0 47.0 58.0 
2 5 1.71 1.71 844.0 204.0 844.0 177.0 81.0 177.0 398.0 59.0 398.0 58.0 47.0 58.0 73.0 4.0 73.0 
2 6 1.99 1.99 844.0 204.0 844.0 177.0 81.0 177.0 398.0 59.0 398.0 58.0 47.0 58.0 73.0 4.0 73.0 983.0 275.0 983.0 
2 3 1.24 1.24 575.0 100.0 575.0 394.0 356.0 394.0 6.0 1.0 6.0 
2 4 1.9 1.9 575.0 100.0 575.0 394.0 356.0 394.0 6.0 1.0 6.0 577.0 380.0 577.0 
2 3 0.96 0.96 216.0 81.0 216.0 715.0 360.0 715.0 272.0 24.0 272.0 
2 4 1.19 1.19 216.0 81.0 216.0 715.0 360.0 715.0 272.0 24.0 272.0 674.0 155.0 674.0 
2 5 1.5 1.5 216.0 81.0 216.0 715.0 360.0 715.0 272.0 24.0 272.0 674.0 155.0 674.0 106.0 33.0 106.0 
2 6 1.51 1.51 216.0 81.0 216.0 715.0 360.0 715.0 272.0 24.0 272.0 674.0 155.0 674.0 106.0 33.0 106.0 97.0 1.0 97.0 
2 7 1.52 1.52 216.0 81.0 216.0 715.0 360.0 715.0 272.0 24.0 272.0 674.0 155.0 674.0 106.0 33.0 106.0 97.0 1.0 97.0 431.0 4.0 431.0 
2 8 1.92 1.92 216.0 81.0 216.0 715.0 360.0 715.0 272.0 24.0 272.0 674.0 155.0 674.0 106.0 33.0 106.0 97.0 1.0 97.0 431.0 4.0 431.0 65.0 26.0 65.0 
2 3 0.47 0.47 515.0 2.0 515.0 471.0 141.0 471.0 971.0 171.0 971.0 
2 4 0.49 0.49 515.0 2.0 515.0 471.0 141.0 471.0 971.0 171.0 971.0 749.0 13.0 749.0 
2 5 1.02 1.02 515.0 2.0 515.0 471.0 141.0 471.0 971.0 171.0 971.0 749.0 13.0 749.0 32.0 17.0 32.0 
2 6 1.43 1.43 515.0 2.0 515.0 471.0 141.0 471.0 971.0 171.0 971.0 749.0 13.0 749.0 32.0 17.0 32.0 97.0 39.0 97.0 
2 7 1.88 1.88 515.0 2.0 515.0 471.0 141.0 471.0 971.0 171.0 971.0 749.0 13.0 749.0 32.0 17.0 32.0 97.0 39.0 97.0 993.0 448.0 993.0 
2 3 0.25 0.25 351.0 26.0 351.0 609.0 104.0 609.0 557.0 4.0 557.0 
2 4 0.49 0.49 351.0 26.0 351.0 609.0 104.0 609.0 557.0 4.0 557.0 449.0 107.0 449.0 
2 5 0.53 0.53 351.0 26.0 351.0 609.0 104.0 609.0 557.0 4.0 557.0 449.0 107.0 449.0 469.0 19.0 469.0 
2 6 0.7 0.7 351.0 26.0 351.0 609.0 104.0 609.0 557.0 4.0 557.0 449.0 107.0 449.0 469.0 19.0 469.0 293.0 51.0 293.0 
2 7 1.42 1.42 351.0 26.0 351.0 609.0 104.0 609.0 557.0 4.0 557.0 449.0 107.0 449.0 469.0 19.0 469.0 293.0 51.0 293.0 572.0 414.0 572.0 
2 8 1.62 1.62 351.0 26.0 351.0 609.0 104.0 609.0 557.0 4.0 557.0 449.0 107.0 449.0 469.0 19.0 469.0 293.0 51.0 293.0 572.0 414.0 572.0 306.0 59.0 306.0 
2 3 1.02 1.02 540.0 108.0 540.0 868.0 344.0 868.0 30.0 13.0 30.0 
2 4 1.77 1.77 540.0 108.0 540.0 868.0 344.0 868.0 30.0 13.0 30.0 371.0 276.0 371.0 
2 5 1.88 1.88 540.0 108.0 540.0 868.0 344.0 868.0 30.0 13.0 30.0 371.0 276.0 371.0 643.0 69.0 643.0 
2 3 0.2 0.2 745.0 31.0 745.0 556.0 86.0 556.0 173.0 1.0 173.0 
2 4 0.39 0.39 745.0 31.0 745.0 556.0 86.0 556.0 173.0 1.0 173.0 316.0 61.0 316.0 
2 5 0.52 0.52 745.0 31.0 745.0 556.0 86.0 556.0 173.0 1.0 173.0 316.0 61.0 316.0 714.0 94.0 714.0 
2 6 1.04 1.04 745.0 31.0 745.0 556.0 86.0 556.0 173.0 1.0 173.0 316.0 61.0 316.0 714.0 94.0 714.0 464.0 241.0 464.0 
2 7 1.9 1.9 745.0 31.0 745.0 556.0 86.0 556.0 173.0 1.0 173.0 316.0 61.0 316.0 714.0 94.0 714.0 464.0 241.0 464.0 982.0 842.0 982.0 
2 3 0.45 0.45 145.0 8.0 145.0 59.0 1.0 59.0 468.0 179.0 468.0 
2 4 0.64 0.64 145.0 8.0 145.0 59.0 1.0 59.0 468.0 179.0 468.0 430.0 82.0 430.0 
2 5 1.17 1.17 145.0 8.0 145.0 59.0 1.0 59.0 468.0 179.0 468.0 430.0 82.0 430.0 643.0 340.0 643.0 
2 6 1.43 1.43 145.0 8.0 145.0 59.0 1.0 59.0 468.0 179.0 468.0 430.0 82.0 430.0 643.0 340.0 643.0 886.0 231.0 886.0 
2 7 1.82 1.82 145.0 8.0 145.0 59.0 1.0 59.0 468.0 179.0 468.0 430.0 82.0 430.0 643.0 340.0 643.0 886.0 231.0 886.0 877.0 338.0 877.0 
2 3 0.97 0.97 163.0 105.0 163.0 431.0 20.0 431.0 156.0 44.0 156.0 
2 4 1.04 1.04 163.0 105.0 163.0 431.0 20.0 431.0 156.0 44.0 156.0 296.0 22.0 296.0 
2 5 1.15 1.15 163.0 105.0 163.0 431.0 20.0 431.0 156.0 44.0 156.0 296.0 22.0 296.0 456.0 50.0 456.0 
2 6 1.79 1.79 163.0 105.0 163.0 431.0 20.0 431.0 156.0 44.0 156.0 296.0 22.0 296.0 456.0 50.0 456.0 989.0 635.0 989.0 
2 3 0.68 0.68 664.0 231.0 664.0 905.0 64.0 905.0 624.0 165.0 624.0 
2 4 0.8 0.8 664.0 231.0 664.0 905.0 64.0 905.0 624.0 165.0 624.0 511.0 63.0 511.0 
2 5 1.0 1.0 664.0 231.0 664.0 905.0 64.0 905.0 624.0 165.0 624.0 511.0 63.0 511.0 880.0 177.0 880.0 
2 6 1.49 1.49 664.0 231.0 664.0 905.0 64.0 905.0 624.0 165.0 624.0 511.0 63.0 511.0 880.0 177.0 880.0 124.0 60.0 124.0 
2 3 1.63 1.63 828.0 291.0 828.0 875.0 729.0 875.0 763.0 342.0 763.0 
2 3 1.05 1.05 743.0 175.0 743.0 608.0 394.0 608.0 908.0 160.0 908.0 
2 4 1.71 1.71 743.0 175.0 743.0 608.0 394.0 608.0 908.0 160.0 908.0 854.0 562.0 854.0 
2 5 1.79 1.79 743.0 175.0 743.0 608.0 394.0 608.0 908.0 160.0 908.0 854.0 562.0 854.0 494.0 36.0 494.0 
2 3 1.14 1.14 894.0 387.0 894.0 638.0 373.0 638.0 334.0 41.0 334.0 
2 4 1.84 1.84 894.0 387.0 894.0 638.0 373.0 638.0 334.0 41.0 334.0 797.0 558.0 797.0 
2 3 1.26 1.26 325.0 153.0 325.0 614.0 455.0 614.0 164.0 9.0 164.0 
2 4 1.52 1.52 325.0 153.0 325.0 614.0 455.0 614.0 164.0 9.0 164.0 137.0 35.0 137.0 
2 3 0.59 0.59 311.0 52.0 311.0 156.0 45.0 156.0 215.0 30.0 215.0 
2 4 0.74 0.74 311.0 52.0 311.0 156.0 45.0 156.0 215.0 30.0 215.0 555.0 85.0 555.0 
2 5 0.89 0.89 311.0 52.0 311.0 156.0 45.0 156.0 215.0 30.0 215.0 555.0 85.0 555.0 7.0 1.0 7.0 
2 6 1.11 1.11 311.0 52.0 311.0 156.0 45.0 156.0 215.0 30.0 215.0 555.0 85.0 555.0 7.0 1.0 7.0 864.0 192.0 864.0 
2 7 1.18 1.18 311.0 52.0 311.0 156.0 45.0 156.0 215.0 30.0 215.0 555.0 85.0 555.0 7.0 1.0 7.0 864.0 192.0 864.0 748.0 53.0 748.0 
2 8 1.29 1.29 311.0 52.0 311.0 156.0 45.0 156.0 215.0 30.0 215.0 555.0 85.0 555.0 7.0 1.0 7.0 864.0 192.0 864.0 748.0 53.0 748.0 939.0 103.0 939.0 
2 9 1.57 1.57 311.0 52.0 311.0 156.0 45.0 156.0 215.0 30.0 215.0 555.0 85.0 555.0 7.0 1.0 7.0 864.0 192.0 864.0 748.0 53.0 748.0 939.0 103.0 939.0 260.0 72.0 260.0 
2 3 0.7 0.7 755.0 286.0 755.0 427.0 108.0 427.0 690.0 49.0 690.0 
2 4 0.86 0.86 755.0 286.0 755.0 427.0 108.0 427.0 690.0 49.0 690.0 790.0 131.0 790.0 
2 5 0.91 0.91 755.0 286.0 755.0 427.0 108.0 427.0 690.0 49.0 690.0 790.0 131.0 790.0 729.0 34.0 729.0 
2 6 1.55 1.55 755.0 286.0 755.0 427.0 108.0 427.0 690.0 49.0 690.0 790.0 131.0 790.0 729.0 34.0 729.0 423.0 272.0 423.0 
2 7 1.93 1.93 755.0 286.0 755.0 427.0 108.0 427.0 690.0 49.0 690.0 790.0 131.0 790.0 729.0 34.0 729.0 423.0 272.0 423.0 840.0 320.0 840.0 
2 3 0.18 0.18 464.0 16.0 464.0 258.0 2.0 258.0 935.0 137.0 935.0 
2 4 0.51 0.51 464.0 16.0 464.0 258.0 2.0 258.0 935.0 137.0 935.0 55.0 18.0 55.0 
2 5 0.78 0.78 464.0 16.0 464.0 258.0 2.0 258.0 935.0 137.0 935.0 55.0 18.0 55.0 973.0 265.0 973.0 
2 6 0.8 0.8 464.0 16.0 464.0 258.0 2.0 258.0 935.0 137.0 935.0 55.0 18.0 55.0 973.0 265.0 973.0 654.0 8.0 654.0 
2 7 1.3 1.3 464.0 16.0 464.0 258.0 2.0 258.0 935.0 137.0 935.0 55.0 18.0 55.0 973.0 265.0 973.0 654.0 8.0 654.0 438.0 223.0 438.0 
2 8 1.76 1.76 464.0 16.0 464.0 258.0 2.0 258.0 935.0 137.0 935.0 55.0 18.0 55.0 973.0 265.0 973.0 654.0 8.0 654.0 438.0 223.0 438.0 188.0 85.0 188.0 
2 9 1.85 1.85 464.0 16.0 464.0 258.0 2.0 258.0 935.0 137.0 935.0 55.0 18.0 55.0 973.0 265.0 973.0 654.0 8.0 654.0 438.0 223.0 438.0 188.0 85.0 188.0 188.0 18.0 188.0 
2 3 1.37 1.37 603.0 138.0 603.0 646.0 591.0 646.0 931.0 215.0 931.0 
2 4 1.54 1.54 603.0 138.0 603.0 646.0 591.0 646.0 931.0 215.0 931.0 36.0 6.0 36.0 
2 5 1.69 1.69 603.0 138.0 603.0 646.0 591.0 646.0 931.0 215.0 931.0 36.0 6.0 36.0 323.0 50.0 323.0 
2 3 0.26 0.26 343.0 3.0 343.0 504.0 34.0 504.0 455.0 84.0 455.0 
2 4 0.47 0.47 343.0 3.0 343.0 504.0 34.0 504.0 455.0 84.0 455.0 259.0 56.0 259.0 
2 5 0.49 0.49 343.0 3.0 343.0 504.0 34.0 504.0 455.0 84.0 455.0 259.0 56.0 259.0 94.0 2.0 94.0 
2 6 0.87 0.87 343.0 3.0 343.0 504.0 34.0 504.0 455.0 84.0 455.0 259.0 56.0 259.0 94.0 2.0 94.0 846.0 319.0 846.0 
2 7 0.94 0.94 343.0 3.0 343.0 504.0 34.0 504.0 455.0 84.0 455.0 259.0 56.0 259.0 94.0 2.0 94.0 846.0 319.0 846.0 402.0 27.0 402.0 
2 8 1.06 1.06 343.0 3.0 343.0 504.0 34.0 504.0 455.0 84.0 455.0 259.0 56.0 259.0 94.0 2.0 94.0 846.0 319.0 846.0 402.0 27.0 402.0 25.0 3.0 25.0 
2 9 1.74 1.74 343.0 3.0 343.0 504.0 34.0 504.0 455.0 84.0 455.0 259.0 56.0 259.0 94.0 2.0 94.0 846.0 319.0 846.0 402.0 27.0 402.0 25.0 3.0 25.0 480.0 329.0 480.0 
2 3 1.16 1.16 587.0 225.0 587.0 927.0 475.0 927.0 665.0 179.0 665.0 
2 4 1.45 1.45 587.0 225.0 587.0 927.0 475.0 927.0 665.0 179.0 665.0 123.0 36.0 123.0 
2 5 1.8 1.8 587.0 225.0 587.0 927.0 475.0 927.0 665.0 179.0 665.0 123.0 36.0 123.0 156.0 54.0 156.0 
2 6 1.83 1.83 587.0 225.0 587.0 927.0 475.0 927.0 665.0 179.0 665.0 123.0 36.0 123.0 156.0 54.0 156.0 206.0 7.0 206.0 
2 3 1.5 1.5 864.0 580.0 864.0 738.0 540.0 738.0 948.0 95.0 948.0 
2 4 1.64 1.64 864.0 580.0 864.0 738.0 540.0 738.0 948.0 95.0 948.0 267.0 39.0 267.0 
2 5 1.89 1.89 864.0 580.0 864.0 738.0 540.0 738.0 948.0 95.0 948.0 267.0 39.0 267.0 746.0 187.0 746.0 
2 3 1.46 1.46 648.0 625.0 648.0 485.0 26.0 485.0 977.0 435.0 977.0 
2 4 1.65 1.65 648.0 625.0 648.0 485.0 26.0 485.0 977.0 435.0 977.0 794.0 156.0 794.0 
2 3 1.23 1.23 701.0 102.0 701.0 315.0 199.0 315.0 13.0 6.0 13.0 
2 4 1.35 1.35 701.0 102.0 701.0 315.0 199.0 315.0 13.0 6.0 13.0 295.0 35.0 295.0 
2 3 1.26 1.26 236.0 49.0 236.0 706.0 407.0 706.0 548.0 263.0 548.0 
2 4 1.3 1.3 236.0 49.0 236.0 706.0 407.0 706.0 548.0 263.0 548.0 528.0 24.0 528.0 
2 5 1.52 1.52 236.0 49.0 236.0 706.0 407.0 706.0 548.0 263.0 548.0 528.0 24.0 528.0 935.0 205.0 935.0 
2 6 1.7 1.7 236.0 49.0 236.0 706.0 407.0 706.0 548.0 263.0 548.0 528.0 24.0 528.0 935.0 205.0 935.0 315.0 54.0 315.0 
2 3 1.43 1.43 536.0 245.0 536.0 560.0 37.0 560.0 873.0 792.0 873.0 
2 4 1.48 1.48 536.0 245.0 536.0 560.0 37.0 560.0 873.0 792.0 873.0 694.0 40.0 694.0 
2 5 1.61 1.61 536.0 245.0 536.0 560.0 37.0 560.0 873.0 792.0 873.0 694.0 40.0 694.0 467.0 60.0 467.0 
2 3 0.49 0.49 575.0 238.0 575.0 282.0 5.0 282.0 393.0 24.0 393.0 
2 4 0.71 0.71 575.0 238.0 575.0 282.0 5.0 282.0 393.0 24.0 393.0 376.0 84.0 376.0 
2 5 1.22 1.22 575.0 238.0 575.0 282.0 5.0 282.0 393.0 24.0 393.0 376.0 84.0 376.0 782.0 396.0 782.0 
2 6 1.49 1.49 575.0 238.0 575.0 282.0 5.0 282.0 393.0 24.0 393.0 376.0 84.0 376.0 782.0 396.0 782.0 22.0 6.0 22.0 
2 7 1.58 1.58 575.0 238.0 575.0 282.0 5.0 282.0 393.0 24.0 393.0 376.0 84.0 376.0 782.0 396.0 782.0 22.0 6.0 22.0 713.0 64.0 713.0 
2 8 1.78 1.78 575.0 238.0 575.0 282.0 5.0 282.0 393.0 24.0 393.0 376.0 84.0 376.0 782.0 396.0 782.0 22.0 6.0 22.0 713.0 64.0 713.0 56.0 11.0 56.0 
2 3 0.21 0.21 380.0 30.0 380.0 247.0 6.0 247.0 891.0 103.0 891.0 
2 4 0.3 0.3 380.0 30.0 380.0 247.0 6.0 247.0 891.0 103.0 891.0 592.0 50.0 592.0 
2 5 0.99 0.99 380.0 30.0 380.0 247.0 6.0 247.0 891.0 103.0 891.0 592.0 50.0 592.0 789.0 545.0 789.0 
2 6 1.1 1.1 380.0 30.0 380.0 247.0 6.0 247.0 891.0 103.0 891.0 592.0 50.0 592.0 789.0 545.0 789.0 476.0 51.0 476.0 
2 7 1.26 1.26 380.0 30.0 380.0 247.0 6.0 247.0 891.0 103.0 891.0 592.0 50.0 592.0 789.0 545.0 789.0 476.0 51.0 476.0 742.0 120.0 742.0 
2 3 1.34 1.34 37.0 11.0 37.0 4.0 4.0 4.0 456.0 21.0 456.0 
2 4 1.64 1.64 37.0 11.0 37.0 4.0 4.0 4.0 456.0 21.0 456.0 644.0 196.0 644.0 
2 3 0.38 0.38 513.0 43.0 513.0 592.0 29.0 592.0 812.0 202.0 812.0 
2 4 0.48 0.48 513.0 43.0 513.0 592.0 29.0 592.0 812.0 202.0 812.0 912.0 90.0 912.0 
2 5 0.86 0.86 513.0 43.0 513.0 592.0 29.0 592.0 812.0 202.0 812.0 912.0 90.0 912.0 336.0 129.0 336.0 
2 6 1.03 1.03 513.0 43.0 513.0 592.0 29.0 592.0 812.0 202.0 812.0 912.0 90.0 912.0 336.0 129.0 336.0 931.0 163.0 931.0 
2 7 1.3 1.3 513.0 43.0 513.0 592.0 29.0 592.0 812.0 202.0 812.0 912.0 90.0 912.0 336.0 129.0 336.0 931.0 163.0 931.0 34.0 9.0 34.0 
2 8 1.6 1.6 513.0 43.0 513.0 592.0 29.0 592.0 812.0 202.0 812.0 912.0 90.0 912.0 336.0 129.0 336.0 931.0 163.0 931.0 34.0 9.0 34.0 632.0 188.0 632.0 
2 9 1.8 1.8 513.0 43.0 513.0 592.0 29.0 592.0 812.0 202.0 812.0 912.0 90.0 912.0 336.0 129.0 336.0 931.0 163.0 931.0 34.0 9.0 34.0 632.0 188.0 632.0 449.0 90.0 449.0 
2 3 1.3 1.3 805.0 428.0 805.0 40.0 6.0 40.0 672.0 419.0 672.0 
2 4 1.47 1.47 805.0 428.0 805.0 40.0 6.0 40.0 672.0 419.0 672.0 394.0 67.0 394.0 
2 3 1.86 1.86 686.0 576.0 686.0 198.0 67.0 198.0 277.0 190.0 277.0 
2 3 0.39 0.39 529.0 82.0 529.0 221.0 50.0 221.0 634.0 11.0 634.0 
2 4 0.57 0.57 529.0 82.0 529.0 221.0 50.0 221.0 634.0 11.0 634.0 257.0 45.0 257.0 
2 5 0.9 0.9 529.0 82.0 529.0 221.0 50.0 221.0 634.0 11.0 634.0 257.0 45.0 257.0 131.0 44.0 131.0 
2 6 1.21 1.21 529.0 82.0 529.0 221.0 50.0 221.0 634.0 11.0 634.0 257.0 45.0 257.0 131.0 44.0 131.0 144.0 44.0 144.0 
2 7 1.35 1.35 529.0 82.0 529.0 221.0 50.0 221.0 634.0 11.0 634.0 257.0 45.0 257.0 131.0 44.0 131.0 144.0 44.0 144.0 71.0 10.0 71.0 
2 3 1.27 1.27 551.0 115.0 551.0 602.0 221.0 602.0 348.0 245.0 348.0 
2 4 1.38 1.38 551.0 115.0 551.0 602.0 221.0 602.0 348.0 245.0 348.0 326.0 33.0 326.0 
2 5 1.63 1.63 551.0 115.0 551.0 602.0 221.0 602.0 348.0 245.0 348.0 326.0 33.0 326.0 919.0 234.0 919.0 
2 3 0.86 0.86 812.0 445.0 812.0 996.0 216.0 996.0 674.0 65.0 674.0 
2 4 1.04 1.04 812.0 445.0 812.0 996.0 216.0 996.0 674.0 65.0 674.0 594.0 110.0 594.0 
2 5 1.38 1.38 812.0 445.0 812.0 996.0 216.0 996.0 674.0 65.0 674.0 594.0 110.0 594.0 780.0 262.0 780.0 
2 3 0.52 0.52 314.0 93.0 314.0 520.0 65.0 520.0 591.0 61.0 591.0 
2 4 1.38 1.38 314.0 93.0 314.0 520.0 65.0 520.0 591.0 61.0 591.0 832.0 713.0 832.0 
2 5 1.75 1.75 314.0 93.0 314.0 520.0 65.0 520.0 591.0 61.0 591.0 832.0 713.0 832.0 306.0 113.0 306.0 
2 6 1.96 1.96 314.0 93.0 314.0 520.0 65.0 520.0 591.0 61.0 591.0 832.0 713.0 832.0 306.0 113.0 306.0 949.0 206.0 949.0 
2 3 1.48 1.48 335.0 150.0 335.0 254.0 172.0 254.0 867.0 310.0 867.0 
2 3 0.57 0.57 907.0 46.0 907.0 789.0 84.0 789.0 167.0 70.0 167.0 
2 4 0.58 0.58 907.0 46.0 907.0 789.0 84.0 789.0 167.0 70.0 167.0 149.0 2.0 149.0 
2 5 1.32 1.32 907.0 46.0 907.0 789.0 84.0 789.0 167.0 70.0 167.0 149.0 2.0 149.0 150.0 110.0 150.0 
2 3 0.61 0.61 755.0 4.0 755.0 742.0 60.0 742.0 616.0 325.0 616.0 
2 4 0.65 0.65 755.0 4.0 755.0 742.0 60.0 742.0 616.0 325.0 616.0 727.0 27.0 727.0 
2 5 1.0 1.0 755.0 4.0 755.0 742.0 60.0 742.0 616.0 325.0 616.0 727.0 27.0 727.0 330.0 118.0 330.0 
2 6 1.2 1.2 755.0 4.0 755.0 742.0 60.0 742.0 616.0 325.0 616.0 727.0 27.0 727.0 330.0 118.0 330.0 875.0 171.0 875.0 
2 7 1.26 1.26 755.0 4.0 755.0 742.0 60.0 742.0 616.0 325.0 616.0 727.0 27.0 727.0 330.0 118.0 330.0 875.0 171.0 875.0 514.0 31.0 514.0 
2 8 1.43 1.43 755.0 4.0 755.0 742.0 60.0 742.0 616.0 325.0 616.0 727.0 27.0 727.0 330.0 118.0 330.0 875.0 171.0 875.0 514.0 31.0 514.0 18.0 3.0 18.0 
2 3 0.91 0.91 287.0 86.0 287.0 822.0 486.0 822.0 907.0 26.0 907.0 
2 4 1.12 1.12 287.0 86.0 287.0 822.0 486.0 822.0 907.0 26.0 907.0 873.0 177.0 873.0 
2 5 1.42 1.42 287.0 86.0 287.0 822.0 486.0 822.0 907.0 26.0 907.0 873.0 177.0 873.0 737.0 223.0 737.0 
2 6 1.46 1.46 287.0 86.0 287.0 822.0 486.0 822.0 907.0 26.0 907.0 873.0 177.0 873.0 737.0 223.0 737.0 325.0 13.0 325.0 
2 7 1.5 1.5 287.0 86.0 287.0 822.0 486.0 822.0 907.0 26.0 907.0 873.0 177.0 873.0 737.0 223.0 737.0 325.0 13.0 325.0 388.0 17.0 388.0 
2 3 0.37 0.37 783.0 55.0 783.0 34.0 3.0 34.0 614.0 133.0 614.0 
2 4 0.61 0.61 783.0 55.0 783.0 34.0 3.0 34.0 614.0 133.0 614.0 734.0 176.0 734.0 
2 5 0.67 0.67 783.0 55.0 783.0 34.0 3.0 34.0 614.0 133.0 614.0 734.0 176.0 734.0 702.0 43.0 702.0 
2 6 1.18 1.18 783.0 55.0 783.0 34.0 3.0 34.0 614.0 133.0 614.0 734.0 176.0 734.0 702.0 43.0 702.0 819.0 416.0 819.0 
2 7 1.26 1.26 783.0 55.0 783.0 34.0 3.0 34.0 614.0 133.0 614.0 734.0 176.0 734.0 702.0 43.0 702.0 819.0 416.0 819.0 97.0 8.0 97.0 
2 8 1.31 1.31 783.0 55.0 783.0 34.0 3.0 34.0 614.0 133.0 614.0 734.0 176.0 734.0 702.0 43.0 702.0 819.0 416.0 819.0 97.0 8.0 97.0 358.0 19.0 358.0 
2 9 1.52 1.52 783.0 55.0 783.0 34.0 3.0 34.0 614.0 133.0 614.0 734.0 176.0 734.0 702.0 43.0 702.0 819.0 416.0 819.0 97.0 8.0 97.0 358.0 19.0 358.0 743.0 150.0 743.0 
2 10 1.9 1.9 783.0 55.0 783.0 34.0 3.0 34.0 614.0 133.0 614.0 734.0 176.0 734.0 702.0 43.0 702.0 819.0 416.0 819.0 97.0 8.0 97.0 358.0 19.0 358.0 743.0 150.0 743.0 26.0 10.0 26.0 
2 3 1.57 1.57 204.0 59.0 204.0 634.0 449.0 634.0 393.0 228.0 393.0 
2 4 1.91 1.91 204.0 59.0 204.0 634.0 449.0 634.0 393.0 228.0 393.0 9.0 3.0 9.0 
2 3 0.55 0.55 57.0 1.0 57.0 989.0 151.0 989.0 924.0 358.0 924.0 
2 4 0.82 0.82 57.0 1.0 57.0 989.0 151.0 989.0 924.0 358.0 924.0 647.0 176.0 647.0 
2 5 0.99 0.99 57.0 1.0 57.0 989.0 151.0 989.0 924.0 358.0 924.0 647.0 176.0 647.0 505.0 84.0 505.0 
2 6 1.4 1.4 57.0 1.0 57.0 989.0 151.0 989.0 924.0 358.0 924.0 647.0 176.0 647.0 505.0 84.0 505.0 163.0 66.0 163.0 
2 7 1.72 1.72 57.0 1.0 57.0 989.0 151.0 989.0 924.0 358.0 924.0 647.0 176.0 647.0 505.0 84.0 505.0 163.0 66.0 163.0 377.0 121.0 377.0 
2 3 0.57 0.57 242.0 82.0 242.0 313.0 29.0 313.0 366.0 51.0 366.0 
2 4 0.8 0.8 242.0 82.0 242.0 313.0 29.0 313.0 366.0 51.0 366.0 401.0 92.0 401.0 
2 5 1.46 1.46 242.0 82.0 242.0 313.0 29.0 313.0 366.0 51.0 366.0 401.0 92.0 401.0 727.0 482.0 727.0 
2 6 1.7 1.7 242.0 82.0 242.0 313.0 29.0 313.0 366.0 51.0 366.0 401.0 92.0 401.0 727.0 482.0 727.0 373.0 90.0 373.0 
2 7 1.75 1.75 242.0 82.0 242.0 313.0 29.0 313.0 366.0 51.0 366.0 401.0 92.0 401.0 727.0 482.0 727.0 373.0 90.0 373.0 723.0 34.0 723.0 
2 8 1.81 1.81 242.0 82.0 242.0 313.0 29.0 313.0 366.0 51.0 366.0 401.0 92.0 401.0 727.0 482.0 727.0 373.0 90.0 373.0 723.0 34.0 723.0 939.0 59.0 939.0 
2 9 1.88 1.88 242.0 82.0 242.0 313.0 29.0 313.0 366.0 51.0 366.0 401.0 92.0 401.0 727.0 482.0 727.0 373.0 90.0 373.0 723.0 34.0 723.0 939.0 59.0 939.0 199.0 14.0 199.0 
2 3 1.23 1.23 304.0 165.0 304.0 2.0 1.0 2.0 802.0 152.0 802.0 
2 4 1.87 1.87 304.0 165.0 304.0 2.0 1.0 2.0 802.0 152.0 802.0 17.0 11.0 17.0 
2 3 0.83 0.83 565.0 320.0 565.0 238.0 1.0 238.0 492.0 131.0 492.0 
2 4 1.67 1.67 565.0 320.0 565.0 238.0 1.0 238.0 492.0 131.0 492.0 628.0 526.0 628.0 
2 5 1.82 1.82 565.0 320.0 565.0 238.0 1.0 238.0 492.0 131.0 492.0 628.0 526.0 628.0 212.0 31.0 212.0 
2 3 0.91 0.91 166.0 59.0 166.0 222.0 64.0 222.0 461.0 125.0 461.0 
2 4 1.02 1.02 166.0 59.0 166.0 222.0 64.0 222.0 461.0 125.0 461.0 949.0 104.0 949.0 
2 5 1.27 1.27 166.0 59.0 166.0 222.0 64.0 222.0 461.0 125.0 461.0 949.0 104.0 949.0 60.0 15.0 60.0 
2 6 1.99 1.99 166.0 59.0 166.0 222.0 64.0 222.0 461.0 125.0 461.0 949.0 104.0 949.0 60.0 15.0 60.0 755.0 542.0 755.0 
2 3 0.86 0.86 46.0 20.0 46.0 161.0 8.0 161.0 287.0 110.0 287.0 
2 4 0.9 0.9 46.0 20.0 46.0 161.0 8.0 161.0 287.0 110.0 287.0 981.0 35.0 981.0 
2 5 1.09 1.09 46.0 20.0 46.0 161.0 8.0 161.0 287.0 110.0 287.0 981.0 35.0 981.0 695.0 133.0 695.0 
2 6 1.4 1.4 46.0 20.0 46.0 161.0 8.0 161.0 287.0 110.0 287.0 981.0 35.0 981.0 695.0 133.0 695.0 853.0 262.0 853.0 
2 3 1.17 1.17 425.0 63.0 425.0 840.0 254.0 840.0 130.0 94.0 130.0 
2 4 1.65 1.65 425.0 63.0 425.0 840.0 254.0 840.0 130.0 94.0 130.0 991.0 478.0 991.0 
2 3 0.98 0.98 392.0 122.0 392.0 640.0 383.0 640.0 477.0 36.0 477.0 
2 4 1.08 1.08 392.0 122.0 392.0 640.0 383.0 640.0 477.0 36.0 477.0 959.0 97.0 959.0 
2 5 1.32 1.32 392.0 122.0 392.0 640.0 383.0 640.0 477.0 36.0 477.0 959.0 97.0 959.0 247.0 60.0 247.0 
2 3 0.64 0.64 543.0 20.0 543.0 64.0 18.0 64.0 350.0 114.0 350.0 
2 4 0.78 0.78 543.0 20.0 543.0 64.0 18.0 64.0 350.0 114.0 350.0 914.0 131.0 914.0 
2 5 1.03 1.03 543.0 20.0 543.0 64.0 18.0 64.0 350.0 114.0 350.0 914.0 131.0 914.0 798.0 198.0 798.0 
2 6 1.2 1.2 543.0 20.0 543.0 64.0 18.0 64.0 350.0 114.0 350.0 914.0 131.0 914.0 798.0 198.0 798.0 336.0 57.0 336.0 
2 7 1.33 1.33 543.0 20.0 543.0 64.0 18.0 64.0 350.0 114.0 350.0 914.0 131.0 914.0 798.0 198.0 798.0 336.0 57.0 336.0 664.0 84.0 664.0 
2 8 1.82 1.82 543.0 20.0 543.0 64.0 18.0 64.0 350.0 114.0 350.0 914.0 131.0 914.0 798.0 198.0 798.0 336.0 57.0 336.0 664.0 84.0 664.0 835.0 411.0 835.0 
2 9 1.93 1.93 543.0 20.0 543.0 64.0 18.0 64.0 350.0 114.0 350.0 914.0 131.0 914.0 798.0 198.0 798.0 336.0 57.0 336.0 664.0 84.0 664.0 835.0 411.0 835.0 532.0 59.0 532.0 
2 3 1.75 1.75 612.0 218.0 612.0 186.0 113.0 186.0 19.0 15.0 19.0 
2 3 1.24 1.24 394.0 175.0 394.0 245.0 192.0 245.0 602.0 8.0 602.0 
2 4 1.27 1.27 394.0 175.0 394.0 245.0 192.0 245.0 602.0 8.0 602.0 907.0 35.0 907.0 
2 5 1.54 1.54 394.0 175.0 394.0 245.0 192.0 245.0 602.0 8.0 602.0 907.0 35.0 907.0 860.0 232.0 860.0 
2 6 1.61 1.61 394.0 175.0 394.0 245.0 192.0 245.0 602.0 8.0 602.0 907.0 35.0 907.0 860.0 232.0 860.0 286.0 18.0 286.0 
2 7 1.97 1.97 394.0 175.0 394.0 245.0 192.0 245.0 602.0 8.0 602.0 907.0 35.0 907.0 860.0 232.0 860.0 286.0 18.0 286.0 766.0 275.0 766.0 
2 3 0.93 0.93 702.0 124.0 702.0 272.0 10.0 272.0 689.0 497.0 689.0 
2 4 1.57 1.57 702.0 124.0 702.0 272.0 10.0 272.0 689.0 497.0 689.0 11.0 7.0 11.0 
2 3 1.8 1.8 104.0 60.0 104.0 851.0 386.0 851.0 760.0 588.0 760.0 
2 4 1.86 1.86 104.0 60.0 104.0 851.0 386.0 851.0 760.0 588.0 760.0 274.0 18.0 274.0 
2 3 1.89 1.89 291.0 160.0 291.0 380.0 165.0 380.0 974.0 885.0 974.0 
2 3 1.11 1.11 607.0 139.0 607.0 534.0 280.0 534.0 266.0 97.0 266.0 
2 4 1.28 1.28 607.0 139.0 607.0 534.0 280.0 534.0 266.0 97.0 266.0 856.0 141.0 856.0 
2 3 1.55 1.55 795.0 234.0 795.0 960.0 470.0 960.0 678.0 522.0 678.0 
2 4 1.73 1.73 795.0 234.0 795.0 960.0 470.0 960.0 678.0 522.0 678.0 105.0 19.0 105.0 
2 3 0.26 0.26 212.0 11.0 212.0 712.0 47.0 712.0 938.0 141.0 938.0 
2 4 0.91 0.91 212.0 11.0 212.0 712.0 47.0 712.0 938.0 141.0 938.0 166.0 108.0 166.0 
2 5 1.45 1.45 212.0 11.0 212.0 712.0 47.0 712.0 938.0 141.0 938.0 166.0 108.0 166.0 193.0 103.0 193.0 
2 6 1.49 1.49 212.0 11.0 212.0 712.0 47.0 712.0 938.0 141.0 938.0 166.0 108.0 166.0 193.0 103.0 193.0 949.0 45.0 949.0 
2 3 0.95 0.95 204.0 39.0 204.0 235.0 10.0 235.0 553.0 399.0 553.0 
2 4 1.03 1.03 204.0 39.0 204.0 235.0 10.0 235.0 553.0 399.0 553.0 39.0 3.0 39.0 
2 5 1.21 1.21 204.0 39.0 204.0 235.0 10.0 235.0 553.0 399.0 553.0 39.0 3.0 39.0 485.0 91.0 485.0 
2 6 1.8 1.8 204.0 39.0 204.0 235.0 10.0 235.0 553.0 399.0 553.0 39.0 3.0 39.0 485.0 91.0 485.0 806.0 471.0 806.0 
2 7 1.91 1.91 204.0 39.0 204.0 235.0 10.0 235.0 553.0 399.0 553.0 39.0 3.0 39.0 485.0 91.0 485.0 806.0 471.0 806.0 631.0 73.0 631.0 
2 8 1.94 1.94 204.0 39.0 204.0 235.0 10.0 235.0 553.0 399.0 553.0 39.0 3.0 39.0 485.0 91.0 485.0 806.0 471.0 806.0 631.0 73.0 631.0 585.0 12.0 585.0 
2 3 1.25 1.25 172.0 145.0 172.0 998.0 121.0 998.0 695.0 200.0 695.0 
2 4 1.63 1.63 172.0 145.0 172.0 998.0 121.0 998.0 695.0 200.0 695.0 238.0 92.0 238.0 
2 5 1.91 1.91 172.0 145.0 172.0 998.0 121.0 998.0 695.0 200.0 695.0 238.0 92.0 238.0 857.0 235.0 857.0 
2 3 0.77 0.77 730.0 257.0 730.0 484.0 196.0 484.0 605.0 8.0 605.0 
2 4 0.99 0.99 730.0 257.0 730.0 484.0 196.0 484.0 605.0 8.0 605.0 748.0 170.0 748.0 
2 5 1.47 1.47 730.0 257.0 730.0 484.0 196.0 484.0 605.0 8.0 605.0 748.0 170.0 748.0 598.0 284.0 598.0 
2 6 1.49 1.49 730.0 257.0 730.0 484.0 196.0 484.0 605.0 8.0 605.0 748.0 170.0 748.0 598.0 284.0 598.0 798.0 15.0 798.0 
2 7 1.62 1.62 730.0 257.0 730.0 484.0 196.0 484.0 605.0 8.0 605.0 748.0 170.0 748.0 598.0 284.0 598.0 798.0 15.0 798.0 842.0 115.0 842.0 
2 8 1.85 1.85 730.0 257.0 730.0 484.0 196.0 484.0 605.0 8.0 605.0 748.0 170.0 748.0 598.0 284.0 598.0 798.0 15.0 798.0 842.0 115.0 842.0 322.0 73.0 322.0 
2 9 1.89 1.89 730.0 257.0 730.0 484.0 196.0 484.0 605.0 8.0 605.0 748.0 170.0 748.0 598.0 284.0 598.0 798.0 15.0 798.0 842.0 115.0 842.0 322.0 73.0 322.0 239.0 10.0 239.0 
2 10 1.97 1.97 730.0 257.0 730.0 484.0 196.0 484.0 605.0 8.0 605.0 748.0 170.0 748.0 598.0 284.0 598.0 798.0 15.0 798.0 842.0 115.0 842.0 322.0 73.0 322.0 239.0 10.0 239.0 606.0 45.0 606.0 
2 3 1.6 1.6 990.0 145.0 990.0 205.0 191.0 205.0 21.0 11.0 21.0 
2 4 1.66 1.66 990.0 145.0 990.0 205.0 191.0 205.0 21.0 11.0 21.0 182.0 11.0 182.0 
2 3 0.8 0.8 389.0 151.0 389.0 864.0 8.0 864.0 17.0 7.0 17.0 
2 4 1.58 1.58 389.0 151.0 389.0 864.0 8.0 864.0 17.0 7.0 17.0 420.0 325.0 420.0 
2 5 1.83 1.83 389.0 151.0 389.0 864.0 8.0 864.0 17.0 7.0 17.0 420.0 325.0 420.0 16.0 4.0 16.0 
2 6 1.91 1.91 389.0 151.0 389.0 864.0 8.0 864.0 17.0 7.0 17.0 420.0 325.0 420.0 16.0 4.0 16.0 630.0 51.0 630.0 
2 3 1.67 1.67 296.0 287.0 296.0 5.0 3.0 5.0 752.0 81.0 752.0 
2 3 1.0 1.0 990.0 107.0 990.0 212.0 10.0 212.0 944.0 803.0 944.0 
2 4 1.98 1.98 990.0 107.0 990.0 212.0 10.0 212.0 944.0 803.0 944.0 134.0 131.0 134.0 
2 3 1.18 1.18 3.0 1.0 3.0 347.0 4.0 347.0 934.0 781.0 934.0 
2 4 1.32 1.32 3.0 1.0 3.0 347.0 4.0 347.0 934.0 781.0 934.0 940.0 136.0 940.0 
2 5 1.32 1.32 3.0 1.0 3.0 347.0 4.0 347.0 934.0 781.0 934.0 940.0 136.0 940.0 916.0 2.0 916.0 
2 3 1.9 1.9 523.0 377.0 523.0 351.0 79.0 351.0 315.0 301.0 315.0 
2 3 1.3 1.3 258.0 7.0 258.0 933.0 880.0 933.0 3.0 1.0 3.0 
2 4 1.74 1.74 258.0 7.0 258.0 933.0 880.0 933.0 3.0 1.0 3.0 883.0 391.0 883.0 
2 5 1.93 1.93 258.0 7.0 258.0 933.0 880.0 933.0 3.0 1.0 3.0 883.0 391.0 883.0 804.0 153.0 804.0 
2 3 0.9 0.9 834.0 84.0 834.0 449.0 103.0 449.0 831.0 478.0 831.0 
2 4 1.62 1.62 834.0 84.0 834.0 449.0 103.0 449.0 831.0 478.0 831.0 99.0 71.0 99.0 
2 5 1.74 1.74 834.0 84.0 834.0 449.0 103.0 449.0 831.0 478.0 831.0 99.0 71.0 99.0 373.0 45.0 373.0 
2 3 0.41 0.41 739.0 111.0 739.0 939.0 180.0 939.0 218.0 15.0 218.0 
2 4 0.55 0.55 739.0 111.0 739.0 939.0 180.0 939.0 218.0 15.0 218.0 391.0 56.0 391.0 
2 5 0.79 0.79 739.0 111.0 739.0 939.0 180.0 939.0 218.0 15.0 218.0 391.0 56.0 391.0 550.0 131.0 550.0 
2 6 1.0 1.0 739.0 111.0 739.0 939.0 180.0 939.0 218.0 15.0 218.0 391.0 56.0 391.0 550.0 131.0 550.0 19.0 4.0 19.0 
2 7 1.45 1.45 739.0 111.0 739.0 939.0 180.0 939.0 218.0 15.0 218.0 391.0 56.0 391.0 550.0 131.0 550.0 19.0 4.0 19.0 505.0 229.0 505.0 
2 8 1.54 1.54 739.0 111.0 739.0 939.0 180.0 939.0 218.0 15.0 218.0 391.0 56.0 391.0 550.0 131.0 550.0 19.0 4.0 19.0 505.0 229.0 505.0 858.0 76.0 858.0 
2 9 1.77 1.77 739.0 111.0 739.0 939.0 180.0 939.0 218.0 15.0 218.0 391.0 56.0 391.0 550.0 131.0 550.0 19.0 4.0 19.0 505.0 229.0 505.0 858.0 76.0 858.0 73.0 17.0 73.0 
2 10 1.91 1.91 739.0 111.0 739.0 939.0 180.0 939.0 218.0 15.0 218.0 391.0 56.0 391.0 550.0 131.0 550.0 19.0 4.0 19.0 505.0 229.0 505.0 858.0 76.0 858.0 73.0 17.0 73.0 981.0 135.0 981.0 
2 3 0.69 0.69 935.0 233.0 935.0 327.0 117.0 327.0 115.0 10.0 115.0 
2 4 0.95 0.95 935.0 233.0 935.0 327.0 117.0 327.0 115.0 10.0 115.0 905.0 232.0 905.0 
2 5 1.05 1.05 935.0 233.0 935.0 327.0 117.0 327.0 115.0 10.0 115.0 905.0 232.0 905.0 29.0 3.0 29.0 
2 6 1.26 1.26 935.0 233.0 935.0 327.0 117.0 327.0 115.0 10.0 115.0 905.0 232.0 905.0 29.0 3.0 29.0 38.0 8.0 38.0 
2 7 1.69 1.69 935.0 233.0 935.0 327.0 117.0 327.0 115.0 10.0 115.0 905.0 232.0 905.0 29.0 3.0 29.0 38.0 8.0 38.0 185.0 80.0 185.0 
2 3 0.55 0.55 183.0 52.0 183.0 62.0 5.0 62.0 729.0 141.0 729.0 
2 4 0.97 0.97 183.0 52.0 183.0 62.0 5.0 62.0 729.0 141.0 729.0 862.0 359.0 862.0 
2 5 1.85 1.85 183.0 52.0 183.0 62.0 5.0 62.0 729.0 141.0 729.0 862.0 359.0 862.0 632.0 556.0 632.0 
2 3 1.5 1.5 593.0 433.0 593.0 699.0 126.0 699.0 612.0 366.0 612.0 
2 3 1.39 1.39 588.0 78.0 588.0 787.0 545.0 787.0 7.0 4.0 7.0 
2 3 1.47 1.47 659.0 199.0 659.0 410.0 276.0 410.0 668.0 336.0 668.0 
2 4 1.81 1.81 659.0 199.0 659.0 410.0 276.0 410.0 668.0 336.0 668.0 174.0 59.0 174.0 
2 5 1.93 1.93 659.0 199.0 659.0 410.0 276.0 410.0 668.0 336.0 668.0 174.0 59.0 174.0 952.0 112.0 952.0 
2 3 1.13 1.13 141.0 79.0 141.0 427.0 102.0 427.0 984.0 329.0 984.0 
2 4 1.27 1.27 141.0 79.0 141.0 427.0 102.0 427.0 984.0 329.0 984.0 867.0 121.0 867.0 
2 5 1.78 1.78 141.0 79.0 141.0 427.0 102.0 427.0 984.0 329.0 984.0 867.0 121.0 867.0 305.0 157.0 305.0 
2 6 1.85 1.85 141.0 79.0 141.0 427.0 102.0 427.0 984.0 329.0 984.0 867.0 121.0 867.0 305.0 157.0 305.0 740.0 48.0 740.0 
2 3 0.85 0.85 739.0 38.0 739.0 937.0 642.0 937.0 783.0 90.0 783.0 
2 4 1.32 1.32 739.0 38.0 739.0 937.0 642.0 937.0 783.0 90.0 783.0 172.0 82.0 172.0 
2 5 1.38 1.38 739.0 38.0 739.0 937.0 642.0 937.0 783.0 90.0 783.0 172.0 82.0 172.0 956.0 51.0 956.0 
2 6 1.53 1.53 739.0 38.0 739.0 937.0 642.0 937.0 783.0 90.0 783.0 172.0 82.0 172.0 956.0 51.0 956.0 399.0 61.0 399.0 
2 7 1.64 1.64 739.0 38.0 739.0 937.0 642.0 937.0 783.0 90.0 783.0 172.0 82.0 172.0 956.0 51.0 956.0 399.0 61.0 399.0 850.0 93.0 850.0 
2 8 1.65 1.65 739.0 38.0 739.0 937.0 642.0 937.0 783.0 90.0 783.0 172.0 82.0 172.0 956.0 51.0 956.0 399.0 61.0 399.0 850.0 93.0 850.0 144.0 1.0 144.0 
2 3 1.93 1.93 458.0 390.0 458.0 588.0 58.0 588.0 826.0 811.0 826.0 
2 3 1.08 1.08 747.0 187.0 747.0 321.0 38.0 321.0 807.0 581.0 807.0 
2 4 1.87 1.87 747.0 187.0 747.0 321.0 38.0 321.0 807.0 581.0 807.0 928.0 731.0 928.0 
2 3 1.96 1.96 143.0 67.0 143.0 675.0 661.0 675.0 544.0 284.0 544.0 
2 3 1.22 1.22 765.0 504.0 765.0 418.0 157.0 418.0 797.0 148.0 797.0 
2 4 1.81 1.81 765.0 504.0 765.0 418.0 157.0 418.0 797.0 148.0 797.0 357.0 213.0 357.0 
2 3 1.31 1.31 414.0 251.0 414.0 228.0 8.0 228.0 132.0 89.0 132.0 
2 4 1.33 1.33 414.0 251.0 414.0 228.0 8.0 228.0 132.0 89.0 132.0 961.0 19.0 961.0 
2 5 1.91 1.91 414.0 251.0 414.0 228.0 8.0 228.0 132.0 89.0 132.0 961.0 19.0 961.0 135.0 78.0 135.0 
2 3 0.78 0.78 310.0 41.0 310.0 687.0 399.0 687.0 965.0 69.0 965.0 
2 4 0.95 0.95 310.0 41.0 310.0 687.0 399.0 687.0 965.0 69.0 965.0 138.0 24.0 138.0 
2 5 1.32 1.32 310.0 41.0 310.0 687.0 399.0 687.0 965.0 69.0 965.0 138.0 24.0 138.0 747.0 273.0 747.0 
2 6 1.7 1.7 310.0 41.0 310.0 687.0 399.0 687.0 965.0 69.0 965.0 138.0 24.0 138.0 747.0 273.0 747.0 326.0 123.0 326.0 
2 3 1.54 1.54 140.0 97.0 140.0 79.0 16.0 79.0 522.0 337.0 522.0 
2 3 1.43 1.43 565.0 177.0 565.0 466.0 69.0 466.0 979.0 953.0 979.0 
2 4 1.45 1.45 565.0 177.0 565.0 466.0 69.0 466.0 979.0 953.0 979.0 875.0 17.0 875.0 
2 5 1.7 1.7 565.0 177.0 565.0 466.0 69.0 466.0 979.0 953.0 979.0 875.0 17.0 875.0 194.0 49.0 194.0 
2 6 1.73 1.73 565.0 177.0 565.0 466.0 69.0 466.0 979.0 953.0 979.0 875.0 17.0 875.0 194.0 49.0 194.0 317.0 9.0 317.0 
2 7 1.81 1.81 565.0 177.0 565.0 466.0 69.0 466.0 979.0 953.0 979.0 875.0 17.0 875.0 194.0 49.0 194.0 317.0 9.0 317.0 129.0 10.0 129.0 
2 3 0.69 0.69 35.0 9.0 35.0 236.0 76.0 236.0 576.0 68.0 576.0 
2 4 0.69 0.69 35.0 9.0 35.0 236.0 76.0 236.0 576.0 68.0 576.0 369.0 1.0 369.0 
2 5 1.67 1.67 35.0 9.0 35.0 236.0 76.0 236.0 576.0 68.0 576.0 369.0 1.0 369.0 598.0 584.0 598.0 
2 3 0.53 0.53 887.0 78.0 887.0 576.0 228.0 576.0 208.0 11.0 208.0 
2 4 0.73 0.73 887.0 78.0 887.0 576.0 228.0 576.0 208.0 11.0 208.0 637.0 126.0 637.0 
2 5 0.96 0.96 887.0 78.0 887.0 576.0 228.0 576.0 208.0 11.0 208.0 637.0 126.0 637.0 812.0 189.0 812.0 
2 6 1.13 1.13 887.0 78.0 887.0 576.0 228.0 576.0 208.0 11.0 208.0 637.0 126.0 637.0 812.0 189.0 812.0 285.0 49.0 285.0 
2 7 1.52 1.52 887.0 78.0 887.0 576.0 228.0 576.0 208.0 11.0 208.0 637.0 126.0 637.0 812.0 189.0 812.0 285.0 49.0 285.0 39.0 15.0 39.0 
2 8 1.79 1.79 887.0 78.0 887.0 576.0 228.0 576.0 208.0 11.0 208.0 637.0 126.0 637.0 812.0 189.0 812.0 285.0 49.0 285.0 39.0 15.0 39.0 374.0 102.0 374.0 
2 3 0.3 0.3 103.0 7.0 103.0 556.0 64.0 556.0 798.0 96.0 798.0 
2 4 1.2 1.2 103.0 7.0 103.0 556.0 64.0 556.0 798.0 96.0 798.0 649.0 583.0 649.0 
2 5 1.79 1.79 103.0 7.0 103.0 556.0 64.0 556.0 798.0 96.0 798.0 649.0 583.0 649.0 879.0 522.0 879.0 
2 3 1.15 1.15 580.0 419.0 580.0 11.0 1.0 11.0 128.0 44.0 128.0 
2 4 1.41 1.41 580.0 419.0 580.0 11.0 1.0 11.0 128.0 44.0 128.0 305.0 78.0 305.0 
2 5 1.82 1.82 580.0 419.0 580.0 11.0 1.0 11.0 128.0 44.0 128.0 305.0 78.0 305.0 532.0 217.0 532.0 
2 3 0.21 0.21 613.0 70.0 613.0 931.0 92.0 931.0 327.0 1.0 327.0 
2 4 0.39 0.39 613.0 70.0 613.0 931.0 92.0 931.0 327.0 1.0 327.0 158.0 28.0 158.0 
2 5 0.7 0.7 613.0 70.0 613.0 931.0 92.0 931.0 327.0 1.0 327.0 158.0 28.0 158.0 574.0 181.0 574.0 
2 6 1.06 1.06 613.0 70.0 613.0 931.0 92.0 931.0 327.0 1.0 327.0 158.0 28.0 158.0 574.0 181.0 574.0 428.0 152.0 428.0 
2 7 1.54 1.54 613.0 70.0 613.0 931.0 92.0 931.0 327.0 1.0 327.0 158.0 28.0 158.0 574.0 181.0 574.0 428.0 152.0 428.0 363.0 176.0 363.0 
2 8 1.83 1.83 613.0 70.0 613.0 931.0 92.0 931.0 327.0 1.0 327.0 158.0 28.0 158.0 574.0 181.0 574.0 428.0 152.0 428.0 363.0 176.0 363.0 657.0 189.0 657.0 
2 9 1.91 1.91 613.0 70.0 613.0 931.0 92.0 931.0 327.0 1.0 327.0 158.0 28.0 158.0 574.0 181.0 574.0 428.0 152.0 428.0 363.0 176.0 363.0 657.0 189.0 657.0 485.0 36.0 485.0 
2 3 1.19 1.19 359.0 279.0 359.0 930.0 221.0 930.0 478.0 86.0 478.0 
2 4 1.24 1.24 359.0 279.0 359.0 930.0 221.0 930.0 478.0 86.0 478.0 999.0 48.0 999.0 
2 5 1.47 1.47 359.0 279.0 359.0 930.0 221.0 930.0 478.0 86.0 478.0 999.0 48.0 999.0 780.0 181.0 780.0 
2 6 1.86 1.86 359.0 279.0 359.0 930.0 221.0 930.0 478.0 86.0 478.0 999.0 48.0 999.0 780.0 181.0 780.0 333.0 129.0 333.0 
2 3 0.18 0.18 479.0 14.0 479.0 660.0 5.0 660.0 299.0 45.0 299.0 
2 4 0.34 0.34 479.0 14.0 479.0 660.0 5.0 660.0 299.0 45.0 299.0 666.0 107.0 666.0 
2 5 0.4 0.4 479.0 14.0 479.0 660.0 5.0 660.0 299.0 45.0 299.0 666.0 107.0 666.0 823.0 50.0 823.0 
2 6 1.09 1.09 479.0 14.0 479.0 660.0 5.0 660.0 299.0 45.0 299.0 666.0 107.0 666.0 823.0 50.0 823.0 298.0 205.0 298.0 
2 7 1.53 1.53 479.0 14.0 479.0 660.0 5.0 660.0 299.0 45.0 299.0 666.0 107.0 666.0 823.0 50.0 823.0 298.0 205.0 298.0 618.0 270.0 618.0 
2 8 1.99 1.99 479.0 14.0 479.0 660.0 5.0 660.0 299.0 45.0 299.0 666.0 107.0 666.0 823.0 50.0 823.0 298.0 205.0 298.0 618.0 270.0 618.0 111.0 51.0 111.0 
2 3 1.12 1.12 863.0 164.0 863.0 404.0 266.0 404.0 770.0 214.0 770.0 
2 4 1.21 1.21 863.0 164.0 863.0 404.0 266.0 404.0 770.0 214.0 770.0 503.0 47.0 503.0 
2 5 1.5 1.5 863.0 164.0 863.0 404.0 266.0 404.0 770.0 214.0 770.0 503.0 47.0 503.0 104.0 30.0 104.0 
2 6 1.85 1.85 863.0 164.0 863.0 404.0 266.0 404.0 770.0 214.0 770.0 503.0 47.0 503.0 104.0 30.0 104.0 768.0 266.0 768.0 
2 3 1.64 1.64 549.0 347.0 549.0 257.0 216.0 257.0 906.0 153.0 906.0 
2 3 0.9 0.9 711.0 186.0 711.0 849.0 205.0 849.0 782.0 318.0 782.0 
2 4 1.07 1.07 711.0 186.0 711.0 849.0 205.0 849.0 782.0 318.0 782.0 838.0 140.0 838.0 
2 5 1.09 1.09 711.0 186.0 711.0 849.0 205.0 849.0 782.0 318.0 782.0 838.0 140.0 838.0 317.0 7.0 317.0 
2 6 1.13 1.13 711.0 186.0 711.0 849.0 205.0 849.0 782.0 318.0 782.0 838.0 140.0 838.0 317.0 7.0 317.0 522.0 21.0 522.0 
2 7 1.46 1.46 711.0 186.0 711.0 849.0 205.0 849.0 782.0 318.0 782.0 838.0 140.0 838.0 317.0 7.0 317.0 522.0 21.0 522.0 581.0 192.0 581.0 
2 3 0.41 0.41 475.0 108.0 475.0 401.0 36.0 401.0 559.0 56.0 559.0 
2 4 1.04 1.04 475.0 108.0 475.0 401.0 36.0 401.0 559.0 56.0 559.0 593.0 373.0 593.0 
2 5 1.74 1.74 475.0 108.0 475.0 401.0 36.0 401.0 559.0 56.0 559.0 593.0 373.0 593.0 840.0 586.0 840.0 
2 3 1.0 1.0 441.0 174.0 441.0 246.0 71.0 246.0 178.0 57.0 178.0 
2 4 1.71 1.71 441.0 174.0 441.0 246.0 71.0 246.0 178.0 57.0 178.0 546.0 387.0 546.0 
2 5 1.84 1.84 441.0 174.0 441.0 246.0 71.0 246.0 178.0 57.0 178.0 546.0 387.0 546.0 142.0 19.0 142.0 
2 6 1.97 1.97 441.0 174.0 441.0 246.0 71.0 246.0 178.0 57.0 178.0 546.0 387.0 546.0 142.0 19.0 142.0 461.0 59.0 461.0 
2 3 1.54 1.54 183.0 15.0 183.0 638.0 602.0 638.0 984.0 512.0 984.0 
2 4 1.64 1.64 183.0 15.0 183.0 638.0 602.0 638.0 984.0 512.0 984.0 231.0 24.0 231.0 
2 3 0.79 0.79 343.0 35.0 343.0 940.0 12.0 940.0 314.0 214.0 314.0 
2 4 0.96 0.96 343.0 35.0 343.0 940.0 12.0 940.0 314.0 214.0 314.0 331.0 56.0 331.0 
2 5 0.98 0.98 343.0 35.0 343.0 940.0 12.0 940.0 314.0 214.0 314.0 331.0 56.0 331.0 943.0 22.0 943.0 
2 6 1.36 1.36 343.0 35.0 343.0 940.0 12.0 940.0 314.0 214.0 314.0 331.0 56.0 331.0 943.0 22.0 943.0 59.0 22.0 59.0 
2 7 1.61 1.61 343.0 35.0 343.0 940.0 12.0 940.0 314.0 214.0 314.0 331.0 56.0 331.0 943.0 22.0 943.0 59.0 22.0 59.0 659.0 165.0 659.0 
2 8 1.92 1.92 343.0 35.0 343.0 940.0 12.0 940.0 314.0 214.0 314.0 331.0 56.0 331.0 943.0 22.0 943.0 59.0 22.0 59.0 659.0 165.0 659.0 588.0 185.0 588.0 
2 3 1.2 1.2 968.0 712.0 968.0 212.0 3.0 212.0 276.0 127.0 276.0 
2 4 1.64 1.64 968.0 712.0 968.0 212.0 3.0 212.0 276.0 127.0 276.0 429.0 187.0 429.0 
2 3 0.75 0.75 114.0 9.0 114.0 607.0 47.0 607.0 727.0 433.0 727.0 
2 4 1.02 1.02 114.0 9.0 114.0 607.0 47.0 607.0 727.0 433.0 727.0 493.0 133.0 493.0 
2 5 1.38 1.38 114.0 9.0 114.0 607.0 47.0 607.0 727.0 433.0 727.0 493.0 133.0 493.0 317.0 115.0 317.0 
2 6 1.6 1.6 114.0 9.0 114.0 607.0 47.0 607.0 727.0 433.0 727.0 493.0 133.0 493.0 317.0 115.0 317.0 425.0 92.0 425.0 
2 3 1.22 1.22 996.0 829.0 996.0 933.0 163.0 933.0 261.0 57.0 261.0 
2 4 1.37 1.37 996.0 829.0 996.0 933.0 163.0 933.0 261.0 57.0 261.0 686.0 102.0 686.0 
2 5 1.57 1.57 996.0 829.0 996.0 933.0 163.0 933.0 261.0 57.0 261.0 686.0 102.0 686.0 208.0 41.0 208.0 
2 6 1.81 1.81 996.0 829.0 996.0 933.0 163.0 933.0 261.0 57.0 261.0 686.0 102.0 686.0 208.0 41.0 208.0 800.0 199.0 800.0 
2 7 1.85 1.85 996.0 829.0 996.0 933.0 163.0 933.0 261.0 57.0 261.0 686.0 102.0 686.0 208.0 41.0 208.0 800.0 199.0 800.0 882.0 32.0 882.0 
2 8 1.88 1.88 996.0 829.0 996.0 933.0 163.0 933.0 261.0 57.0 261.0 686.0 102.0 686.0 208.0 41.0 208.0 800.0 199.0 800.0 882.0 32.0 882.0 357.0 10.0 357.0 
2 9 1.97 1.97 996.0 829.0 996.0 933.0 163.0 933.0 261.0 57.0 261.0 686.0 102.0 686.0 208.0 41.0 208.0 800.0 199.0 800.0 882.0 32.0 882.0 357.0 10.0 357.0 757.0 68.0 757.0 
2 10 1.98 1.98 996.0 829.0 996.0 933.0 163.0 933.0 261.0 57.0 261.0 686.0 102.0 686.0 208.0 41.0 208.0 800.0 199.0 800.0 882.0 32.0 882.0 357.0 10.0 357.0 757.0 68.0 757.0 918.0 14.0 918.0 
2 3 0.44 0.44 882.0 97.0 882.0 756.0 134.0 756.0 417.0 64.0 417.0 
2 4 0.79 0.79 882.0 97.0 882.0 756.0 134.0 756.0 417.0 64.0 417.0 140.0 50.0 140.0 
2 5 1.55 1.55 882.0 97.0 882.0 756.0 134.0 756.0 417.0 64.0 417.0 140.0 50.0 140.0 464.0 349.0 464.0 
2 6 1.76 1.76 882.0 97.0 882.0 756.0 134.0 756.0 417.0 64.0 417.0 140.0 50.0 140.0 464.0 349.0 464.0 410.0 88.0 410.0 
2 7 1.79 1.79 882.0 97.0 882.0 756.0 134.0 756.0 417.0 64.0 417.0 140.0 50.0 140.0 464.0 349.0 464.0 410.0 88.0 410.0 548.0 17.0 548.0 
2 3 0.91 0.91 315.0 66.0 315.0 971.0 459.0 971.0 778.0 181.0 778.0 
2 4 0.94 0.94 315.0 66.0 315.0 971.0 459.0 971.0 778.0 181.0 778.0 256.0 8.0 256.0 
2 5 1.31 1.31 315.0 66.0 315.0 971.0 459.0 971.0 778.0 181.0 778.0 256.0 8.0 256.0 705.0 263.0 705.0 
2 6 1.89 1.89 315.0 66.0 315.0 971.0 459.0 971.0 778.0 181.0 778.0 256.0 8.0 256.0 705.0 263.0 705.0 576.0 329.0 576.0 
2 3 1.05 1.05 974.0 98.0 974.0 821.0 272.0 821.0 708.0 444.0 708.0 
2 3 1.3 1.3 960.0 164.0 960.0 74.0 63.0 74.0 933.0 260.0 933.0 
2 4 1.56 1.56 960.0 164.0 960.0 74.0 63.0 74.0 933.0 260.0 933.0 237.0 62.0 237.0 
2 3 1.13 1.13 352.0 293.0 352.0 826.0 236.0 826.0 95.0 2.0 95.0 
2 4 1.57 1.57 352.0 293.0 352.0 826.0 236.0 826.0 95.0 2.0 95.0 999.0 431.0 999.0 
2 5 1.69 1.69 352.0 293.0 352.0 826.0 236.0 826.0 95.0 2.0 95.0 999.0 431.0 999.0 293.0 35.0 293.0 
2 6 1.79 1.79 352.0 293.0 352.0 826.0 236.0 826.0 95.0 2.0 95.0 999.0 431.0 999.0 293.0 35.0 293.0 64.0 7.0 64.0 
2 7 1.87 1.87 352.0 293.0 352.0 826.0 236.0 826.0 95.0 2.0 95.0 999.0 431.0 999.0 293.0 35.0 293.0 64.0 7.0 64.0 809.0 58.0 809.0 
2 3 0.7 0.7 466.0 109.0 466.0 939.0 352.0 939.0 338.0 33.0 338.0 
2 4 0.83 0.83 466.0 109.0 466.0 939.0 352.0 939.0 338.0 33.0 338.0 656.0 84.0 656.0 
2 5 1.35 1.35 466.0 109.0 466.0 939.0 352.0 939.0 338.0 33.0 338.0 656.0 84.0 656.0 958.0 502.0 958.0 
2 3 0.11 0.11 549.0 10.0 549.0 581.0 36.0 581.0 302.0 11.0 302.0 
2 4 0.18 0.18 549.0 10.0 549.0 581.0 36.0 581.0 302.0 11.0 302.0 847.0 59.0 847.0 
2 5 0.29 0.29 549.0 10.0 549.0 581.0 36.0 581.0 302.0 11.0 302.0 847.0 59.0 847.0 890.0 96.0 890.0 
2 6 0.76 0.76 549.0 10.0 549.0 581.0 36.0 581.0 302.0 11.0 302.0 847.0 59.0 847.0 890.0 96.0 890.0 836.0 392.0 836.0 
2 7 0.8 0.8 549.0 10.0 549.0 581.0 36.0 581.0 302.0 11.0 302.0 847.0 59.0 847.0 890.0 96.0 890.0 836.0 392.0 836.0 551.0 22.0 551.0 
2 8 0.83 0.83 549.0 10.0 549.0 581.0 36.0 581.0 302.0 11.0 302.0 847.0 59.0 847.0 890.0 96.0 890.0 836.0 392.0 836.0 551.0 22.0 551.0 529.0 19.0 529.0 
2 9 0.86 0.86 549.0 10.0 549.0 581.0 36.0 581.0 302.0 11.0 302.0 847.0 59.0 847.0 890.0 96.0 890.0 836.0 392.0 836.0 551.0 22.0 551.0 529.0 19.0 529.0 691.0 20.0 691.0 
2 10 1.32 1.32 549.0 10.0 549.0 581.0 36.0 581.0 302.0 11.0 302.0 847.0 59.0 847.0 890.0 96.0 890.0 836.0 392.0 836.0 551.0 22.0 551.0 529.0 19.0 529.0 691.0 20.0 691.0 576.0 265.0 576.0 
2 11 1.96 1.96 549.0 10.0 549.0 581.0 36.0 581.0 302.0 11.0 302.0 847.0 59.0 847.0 890.0 96.0 890.0 836.0 392.0 836.0 551.0 22.0 551.0 529.0 19.0 529.0 691.0 20.0 691.0 576.0 265.0 576.0 450.0 285.0 450.0 
2 3 0.34 0.34 368.0 7.0 368.0 388.0 64.0 388.0 559.0 88.0 559.0 
2 4 0.52 0.52 368.0 7.0 368.0 388.0 64.0 388.0 559.0 88.0 559.0 237.0 44.0 237.0 
2 5 0.63 0.63 368.0 7.0 368.0 388.0 64.0 388.0 559.0 88.0 559.0 237.0 44.0 237.0 794.0 85.0 794.0 
2 6 1.26 1.26 368.0 7.0 368.0 388.0 64.0 388.0 559.0 88.0 559.0 237.0 44.0 237.0 794.0 85.0 794.0 239.0 151.0 239.0 
2 7 1.48 1.48 368.0 7.0 368.0 388.0 64.0 388.0 559.0 88.0 559.0 237.0 44.0 237.0 794.0 85.0 794.0 239.0 151.0 239.0 934.0 201.0 934.0 
2 8 1.75 1.75 368.0 7.0 368.0 388.0 64.0 388.0 559.0 88.0 559.0 237.0 44.0 237.0 794.0 85.0 794.0 239.0 151.0 239.0 934.0 201.0 934.0 729.0 198.0 729.0 
2 9 1.8 1.8 368.0 7.0 368.0 388.0 64.0 388.0 559.0 88.0 559.0 237.0 44.0 237.0 794.0 85.0 794.0 239.0 151.0 239.0 934.0 201.0 934.0 729.0 198.0 729.0 53.0 3.0 53.0 
2 3 0.59 0.59 410.0 63.0 410.0 376.0 52.0 376.0 714.0 215.0 714.0 
2 4 0.62 0.62 410.0 63.0 410.0 376.0 52.0 376.0 714.0 215.0 714.0 58.0 2.0 58.0 
2 5 1.09 1.09 410.0 63.0 410.0 376.0 52.0 376.0 714.0 215.0 714.0 58.0 2.0 58.0 715.0 332.0 715.0 
2 6 1.3 1.3 410.0 63.0 410.0 376.0 52.0 376.0 714.0 215.0 714.0 58.0 2.0 58.0 715.0 332.0 715.0 394.0 82.0 394.0 
2 7 1.48 1.48 410.0 63.0 410.0 376.0 52.0 376.0 714.0 215.0 714.0 58.0 2.0 58.0 715.0 332.0 715.0 394.0 82.0 394.0 715.0 131.0 715.0 
2 8 1.61 1.61 410.0 63.0 410.0 376.0 52.0 376.0 714.0 215.0 714.0 58.0 2.0 58.0 715.0 332.0 715.0 394.0 82.0 394.0 715.0 131.0 715.0 97.0 13.0 97.0 
2 9 1.77 1.77 410.0 63.0 410.0 376.0 52.0 376.0 714.0 215.0 714.0 58.0 2.0 58.0 715.0 332.0 715.0 394.0 82.0 394.0 715.0 131.0 715.0 97.0 13.0 97.0 96.0 15.0 96.0 
2 10 1.81 1.81 410.0 63.0 410.0 376.0 52.0 376.0 714.0 215.0 714.0 58.0 2.0 58.0 715.0 332.0 715.0 394.0 82.0 394.0 715.0 131.0 715.0 97.0 13.0 97.0 96.0 15.0 96.0 121.0 5.0 121.0 
2 11 1.97 1.97 410.0 63.0 410.0 376.0 52.0 376.0 714.0 215.0 714.0 58.0 2.0 58.0 715.0 332.0 715.0 394.0 82.0 394.0 715.0 131.0 715.0 97.0 13.0 97.0 96.0 15.0 96.0 121.0 5.0 121.0 612.0 96.0 612.0 
2 3 0.7 0.7 172.0 5.0 172.0 536.0 195.0 536.0 150.0 47.0 150.0 
2 4 1.41 1.41 172.0 5.0 172.0 536.0 195.0 536.0 150.0 47.0 150.0 532.0 376.0 532.0 
2 5 1.56 1.56 172.0 5.0 172.0 536.0 195.0 536.0 150.0 47.0 150.0 532.0 376.0 532.0 168.0 26.0 168.0 
2 6 1.86 1.86 172.0 5.0 172.0 536.0 195.0 536.0 150.0 47.0 150.0 532.0 376.0 532.0 168.0 26.0 168.0 741.0 223.0 741.0 
2 3 1.44 1.44 701.0 381.0 701.0 863.0 632.0 863.0 594.0 100.0 594.0 
2 3 0.49 0.49 704.0 195.0 704.0 192.0 1.0 192.0 777.0 168.0 777.0 
2 4 0.86 0.86 704.0 195.0 704.0 192.0 1.0 192.0 777.0 168.0 777.0 894.0 330.0 894.0 
2 5 1.39 1.39 704.0 195.0 704.0 192.0 1.0 192.0 777.0 168.0 777.0 894.0 330.0 894.0 44.0 23.0 44.0 
2 3 0.83 0.83 551.0 140.0 551.0 907.0 482.0 907.0 492.0 25.0 492.0 
2 4 1.53 1.53 551.0 140.0 551.0 907.0 482.0 907.0 492.0 25.0 492.0 222.0 155.0 222.0 
2 5 1.67 1.67 551.0 140.0 551.0 907.0 482.0 907.0 492.0 25.0 492.0 222.0 155.0 222.0 860.0 123.0 860.0 
2 6 1.87 1.87 551.0 140.0 551.0 907.0 482.0 907.0 492.0 25.0 492.0 222.0 155.0 222.0 860.0 123.0 860.0 100.0 20.0 100.0 
2 3 0.66 0.66 749.0 256.0 749.0 923.0 148.0 923.0 317.0 52.0 317.0 
2 4 0.68 0.68 749.0 256.0 749.0 923.0 148.0 923.0 317.0 52.0 317.0 988.0 18.0 988.0 
2 5 1.32 1.32 749.0 256.0 749.0 923.0 148.0 923.0 317.0 52.0 317.0 988.0 18.0 988.0 42.0 27.0 42.0 
2 6 1.97 1.97 749.0 256.0 749.0 923.0 148.0 923.0 317.0 52.0 317.0 988.0 18.0 988.0 42.0 27.0 42.0 763.0 498.0 763.0 
2 3 0.88 0.88 975.0 547.0 975.0 210.0 45.0 210.0 920.0 104.0 920.0 
2 4 1.72 1.72 975.0 547.0 975.0 210.0 45.0 210.0 920.0 104.0 920.0 345.0 289.0 345.0 
2 5 1.8 1.8 975.0 547.0 975.0 210.0 45.0 210.0 920.0 104.0 920.0 345.0 289.0 345.0 716.0 56.0 716.0 
2 3 0.89 0.89 542.0 55.0 542.0 347.0 25.0 347.0 686.0 494.0 686.0 
2 4 1.29 1.29 542.0 55.0 542.0 347.0 25.0 347.0 686.0 494.0 686.0 269.0 107.0 269.0 
2 5 1.37 1.37 542.0 55.0 542.0 347.0 25.0 347.0 686.0 494.0 686.0 269.0 107.0 269.0 163.0 13.0 163.0 
2 3 1.79 1.79 847.0 841.0 847.0 942.0 448.0 942.0 908.0 295.0 908.0 
2 3 1.1 1.1 981.0 369.0 981.0 138.0 60.0 138.0 529.0 155.0 529.0 
2 4 1.28 1.28 981.0 369.0 981.0 138.0 60.0 138.0 529.0 155.0 529.0 396.0 72.0 396.0 
2 5 1.38 1.38 981.0 369.0 981.0 138.0 60.0 138.0 529.0 155.0 529.0 396.0 72.0 396.0 388.0 39.0 388.0 
2 6 1.57 1.57 981.0 369.0 981.0 138.0 60.0 138.0 529.0 155.0 529.0 396.0 72.0 396.0 388.0 39.0 388.0 566.0 105.0 566.0 
2 7 1.92 1.92 981.0 369.0 981.0 138.0 60.0 138.0 529.0 155.0 529.0 396.0 72.0 396.0 388.0 39.0 388.0 566.0 105.0 566.0 932.0 327.0 932.0 
2 3 1.3 1.3 326.0 97.0 326.0 690.0 476.0 690.0 865.0 272.0 865.0 
2 4 1.68 1.68 326.0 97.0 326.0 690.0 476.0 690.0 865.0 272.0 865.0 925.0 353.0 925.0 
2 5 1.84 1.84 326.0 97.0 326.0 690.0 476.0 690.0 865.0 272.0 865.0 925.0 353.0 925.0 935.0 149.0 935.0 
2 3 0.3 0.3 260.0 5.0 260.0 408.0 35.0 408.0 656.0 128.0 656.0 
2 4 0.68 0.68 260.0 5.0 260.0 408.0 35.0 408.0 656.0 128.0 656.0 869.0 331.0 869.0 
2 5 1.31 1.31 260.0 5.0 260.0 408.0 35.0 408.0 656.0 128.0 656.0 869.0 331.0 869.0 736.0 464.0 736.0 
2 6 1.48 1.48 260.0 5.0 260.0 408.0 35.0 408.0 656.0 128.0 656.0 869.0 331.0 869.0 736.0 464.0 736.0 887.0 154.0 887.0 
2 7 1.7 1.7 260.0 5.0 260.0 408.0 35.0 408.0 656.0 128.0 656.0 869.0 331.0 869.0 736.0 464.0 736.0 887.0 154.0 887.0 879.0 193.0 879.0 
2 8 1.72 1.72 260.0 5.0 260.0 408.0 35.0 408.0 656.0 128.0 656.0 869.0 331.0 869.0 736.0 464.0 736.0 887.0 154.0 887.0 879.0 193.0 879.0 519.0 11.0 519.0 
2 3 1.04 1.04 746.0 96.0 746.0 448.0 24.0 448.0 663.0 572.0 663.0 
2 4 1.21 1.21 746.0 96.0 746.0 448.0 24.0 448.0 663.0 572.0 663.0 388.0 65.0 388.0 
2 5 1.5 1.5 746.0 96.0 746.0 448.0 24.0 448.0 663.0 572.0 663.0 388.0 65.0 388.0 578.0 171.0 578.0 
2 6 1.59 1.59 746.0 96.0 746.0 448.0 24.0 448.0 663.0 572.0 663.0 388.0 65.0 388.0 578.0 171.0 578.0 482.0 43.0 482.0 
2 7 1.73 1.73 746.0 96.0 746.0 448.0 24.0 448.0 663.0 572.0 663.0 388.0 65.0 388.0 578.0 171.0 578.0 482.0 43.0 482.0 320.0 45.0 320.0 
2 8 1.83 1.83 746.0 96.0 746.0 448.0 24.0 448.0 663.0 572.0 663.0 388.0 65.0 388.0 578.0 171.0 578.0 482.0 43.0 482.0 320.0 45.0 320.0 329.0 33.0 329.0 
2 3 0.17 0.17 572.0 30.0 572.0 25.0 1.0 25.0 740.0 63.0 740.0 
2 4 1.08 1.08 572.0 30.0 572.0 25.0 1.0 25.0 740.0 63.0 740.0 827.0 748.0 827.0 
2 5 1.23 1.23 572.0 30.0 572.0 25.0 1.0 25.0 740.0 63.0 740.0 827.0 748.0 827.0 649.0 102.0 649.0 
2 6 1.34 1.34 572.0 30.0 572.0 25.0 1.0 25.0 740.0 63.0 740.0 827.0 748.0 827.0 649.0 102.0 649.0 311.0 34.0 311.0 
2 7 1.96 1.96 572.0 30.0 572.0 25.0 1.0 25.0 740.0 63.0 740.0 827.0 748.0 827.0 649.0 102.0 649.0 311.0 34.0 311.0 29.0 18.0 29.0 
2 3 0.74 0.74 160.0 3.0 160.0 751.0 109.0 751.0 817.0 478.0 817.0 
2 4 1.5 1.5 160.0 3.0 160.0 751.0 109.0 751.0 817.0 478.0 817.0 696.0 523.0 696.0 
2 5 1.73 1.73 160.0 3.0 160.0 751.0 109.0 751.0 817.0 478.0 817.0 696.0 523.0 696.0 445.0 104.0 445.0 
2 3 1.57 1.57 644.0 535.0 644.0 797.0 534.0 797.0 484.0 35.0 484.0 
2 4 1.69 1.69 644.0 535.0 644.0 797.0 534.0 797.0 484.0 35.0 484.0 16.0 2.0 16.0 
2 5 1.8 1.8 644.0 535.0 644.0 797.0 534.0 797.0 484.0 35.0 484.0 16.0 2.0 16.0 268.0 28.0 268.0 
2 6 1.83 1.83 644.0 535.0 644.0 797.0 534.0 797.0 484.0 35.0 484.0 16.0 2.0 16.0 268.0 28.0 268.0 569.0 21.0 569.0 
2 3 1.43 1.43 124.0 90.0 124.0 271.0 175.0 271.0 920.0 61.0 920.0 
2 4 1.58 1.58 124.0 90.0 124.0 271.0 175.0 271.0 920.0 61.0 920.0 215.0 31.0 215.0 
2 5 1.64 1.64 124.0 90.0 124.0 271.0 175.0 271.0 920.0 61.0 920.0 215.0 31.0 215.0 891.0 53.0 891.0 
2 6 1.83 1.83 124.0 90.0 124.0 271.0 175.0 271.0 920.0 61.0 920.0 215.0 31.0 215.0 891.0 53.0 891.0 938.0 177.0 938.0 
2 3 1.38 1.38 363.0 225.0 363.0 351.0 62.0 351.0 390.0 230.0 390.0 
2 4 1.65 1.65 363.0 225.0 363.0 351.0 62.0 351.0 390.0 230.0 390.0 629.0 171.0 629.0 
2 3 0.86 0.86 309.0 46.0 309.0 890.0 99.0 890.0 493.0 299.0 493.0 
2 4 1.34 1.34 309.0 46.0 309.0 890.0 99.0 890.0 493.0 299.0 493.0 642.0 306.0 642.0 
2 3 0.68 0.68 997.0 19.0 997.0 160.0 77.0 160.0 383.0 71.0 383.0 
2 4 0.94 0.94 997.0 19.0 997.0 160.0 77.0 160.0 383.0 71.0 383.0 673.0 177.0 673.0 
2 5 1.12 1.12 997.0 19.0 997.0 160.0 77.0 160.0 383.0 71.0 383.0 673.0 177.0 673.0 937.0 164.0 937.0 
2 6 1.25 1.25 997.0 19.0 997.0 160.0 77.0 160.0 383.0 71.0 383.0 673.0 177.0 673.0 937.0 164.0 937.0 667.0 89.0 667.0 
2 7 1.25 1.25 997.0 19.0 997.0 160.0 77.0 160.0 383.0 71.0 383.0 673.0 177.0 673.0 937.0 164.0 937.0 667.0 89.0 667.0 759.0 2.0 759.0 
2 8 1.34 1.34 997.0 19.0 997.0 160.0 77.0 160.0 383.0 71.0 383.0 673.0 177.0 673.0 937.0 164.0 937.0 667.0 89.0 667.0 759.0 2.0 759.0 313.0 27.0 313.0 
2 9 1.71 1.71 997.0 19.0 997.0 160.0 77.0 160.0 383.0 71.0 383.0 673.0 177.0 673.0 937.0 164.0 937.0 667.0 89.0 667.0 759.0 2.0 759.0 313.0 27.0 313.0 991.0 367.0 991.0 
2 10 1.88 1.88 997.0 19.0 997.0 160.0 77.0 160.0 383.0 71.0 383.0 673.0 177.0 673.0 937.0 164.0 937.0 667.0 89.0 667.0 759.0 2.0 759.0 313.0 27.0 313.0 991.0 367.0 991.0 615.0 103.0 615.0 
2 11 1.99 1.99 997.0 19.0 997.0 160.0 77.0 160.0 383.0 71.0 383.0 673.0 177.0 673.0 937.0 164.0 937.0 667.0 89.0 667.0 759.0 2.0 759.0 313.0 27.0 313.0 991.0 367.0 991.0 615.0 103.0 615.0 81.0 9.0 81.0 
2 3 1.25 1.25 372.0 46.0 372.0 144.0 77.0 144.0 60.0 36.0 60.0 
2 3 0.85 0.85 861.0 16.0 861.0 678.0 126.0 678.0 859.0 555.0 859.0 
2 4 1.7 1.7 861.0 16.0 861.0 678.0 126.0 678.0 859.0 555.0 859.0 336.0 288.0 336.0 
2 5 1.74 1.74 861.0 16.0 861.0 678.0 126.0 678.0 859.0 555.0 859.0 336.0 288.0 336.0 251.0 9.0 251.0 
2 3 1.49 1.49 135.0 132.0 135.0 140.0 9.0 140.0 388.0 175.0 388.0 
2 4 1.76 1.76 135.0 132.0 135.0 140.0 9.0 140.0 388.0 175.0 388.0 524.0 142.0 524.0 
2 3 1.89 1.89 180.0 178.0 180.0 525.0 347.0 525.0 703.0 172.0 703.0 
2 3 1.87 1.87 39.0 39.0 39.0 371.0 19.0 371.0 238.0 195.0 238.0 
2 3 0.67 0.67 424.0 103.0 424.0 182.0 11.0 182.0 537.0 197.0 537.0 
2 4 0.8 0.8 424.0 103.0 424.0 182.0 11.0 182.0 537.0 197.0 537.0 434.0 58.0 434.0 
2 5 0.81 0.81 424.0 103.0 424.0 182.0 11.0 182.0 537.0 197.0 537.0 434.0 58.0 434.0 79.0 1.0 79.0 
2 6 1.1 1.1 424.0 103.0 424.0 182.0 11.0 182.0 537.0 197.0 537.0 434.0 58.0 434.0 79.0 1.0 79.0 533.0 154.0 533.0 
2 7 1.37 1.37 424.0 103.0 424.0 182.0 11.0 182.0 537.0 197.0 537.0 434.0 58.0 434.0 79.0 1.0 79.0 533.0 154.0 533.0 752.0 199.0 752.0 
2 3 1.13 1.13 74.0 44.0 74.0 507.0 149.0 507.0 808.0 200.0 808.0 
2 4 1.42 1.42 74.0 44.0 74.0 507.0 149.0 507.0 808.0 200.0 808.0 844.0 247.0 844.0 
2 5 1.79 1.79 74.0 44.0 74.0 507.0 149.0 507.0 808.0 200.0 808.0 844.0 247.0 844.0 850.0 308.0 850.0 
2 6 1.98 1.98 74.0 44.0 74.0 507.0 149.0 507.0 808.0 200.0 808.0 844.0 247.0 844.0 850.0 308.0 850.0 258.0 49.0 258.0 
2 3 0.68 0.68 736.0 172.0 736.0 662.0 189.0 662.0 268.0 44.0 268.0 
2 4 0.71 0.71 736.0 172.0 736.0 662.0 189.0 662.0 268.0 44.0 268.0 105.0 3.0 105.0 
2 5 1.0 1.0 736.0 172.0 736.0 662.0 189.0 662.0 268.0 44.0 268.0 105.0 3.0 105.0 749.0 222.0 749.0 
2 6 1.67 1.67 736.0 172.0 736.0 662.0 189.0 662.0 268.0 44.0 268.0 105.0 3.0 105.0 749.0 222.0 749.0 82.0 55.0 82.0 
2 7 1.75 1.75 736.0 172.0 736.0 662.0 189.0 662.0 268.0 44.0 268.0 105.0 3.0 105.0 749.0 222.0 749.0 82.0 55.0 82.0 454.0 36.0 454.0 
2 8 1.81 1.81 736.0 172.0 736.0 662.0 189.0 662.0 268.0 44.0 268.0 105.0 3.0 105.0 749.0 222.0 749.0 82.0 55.0 82.0 454.0 36.0 454.0 87.0 5.0 87.0 
2 9 1.95 1.95 736.0 172.0 736.0 662.0 189.0 662.0 268.0 44.0 268.0 105.0 3.0 105.0 749.0 222.0 749.0 82.0 55.0 82.0 454.0 36.0 454.0 87.0 5.0 87.0 429.0 61.0 429.0 
2 3 0.88 0.88 233.0 105.0 233.0 695.0 156.0 695.0 403.0 84.0 403.0 
2 4 1.19 1.19 233.0 105.0 233.0 695.0 156.0 695.0 403.0 84.0 403.0 64.0 20.0 64.0 
2 5 1.9 1.9 233.0 105.0 233.0 695.0 156.0 695.0 403.0 84.0 403.0 64.0 20.0 64.0 239.0 170.0 239.0 
2 3 0.9 0.9 661.0 82.0 661.0 279.0 16.0 279.0 463.0 336.0 463.0 
2 4 1.1 1.1 661.0 82.0 661.0 279.0 16.0 279.0 463.0 336.0 463.0 516.0 102.0 516.0 
2 5 1.12 1.12 661.0 82.0 661.0 279.0 16.0 279.0 463.0 336.0 463.0 516.0 102.0 516.0 278.0 6.0 278.0 
2 6 1.16 1.16 661.0 82.0 661.0 279.0 16.0 279.0 463.0 336.0 463.0 516.0 102.0 516.0 278.0 6.0 278.0 102.0 4.0 102.0 
2 7 1.98 1.98 661.0 82.0 661.0 279.0 16.0 279.0 463.0 336.0 463.0 516.0 102.0 516.0 278.0 6.0 278.0 102.0 4.0 102.0 712.0 586.0 712.0 
2 3 1.55 1.55 467.0 293.0 467.0 734.0 262.0 734.0 532.0 305.0 532.0 
2 4 1.89 1.89 467.0 293.0 467.0 734.0 262.0 734.0 532.0 305.0 532.0 3.0 1.0 3.0 
2 3 0.94 0.94 19.0 7.0 19.0 465.0 63.0 465.0 886.0 392.0 886.0 
2 4 1.27 1.27 19.0 7.0 19.0 465.0 63.0 465.0 886.0 392.0 886.0 828.0 272.0 828.0 
2 3 1.11 1.11 483.0 189.0 483.0 29.0 14.0 29.0 998.0 236.0 998.0 
2 4 1.39 1.39 483.0 189.0 483.0 29.0 14.0 29.0 998.0 236.0 998.0 225.0 64.0 225.0 
2 5 1.7 1.7 483.0 189.0 483.0 29.0 14.0 29.0 998.0 236.0 998.0 225.0 64.0 225.0 715.0 225.0 715.0 
2 3 0.61 0.61 322.0 39.0 322.0 961.0 39.0 961.0 213.0 97.0 213.0 
2 4 0.63 0.63 322.0 39.0 322.0 961.0 39.0 961.0 213.0 97.0 213.0 442.0 6.0 442.0 
2 5 0.66 0.66 322.0 39.0 322.0 961.0 39.0 961.0 213.0 97.0 213.0 442.0 6.0 442.0 917.0 34.0 917.0 
2 6 0.95 0.95 322.0 39.0 322.0 961.0 39.0 961.0 213.0 97.0 213.0 442.0 6.0 442.0 917.0 34.0 917.0 632.0 179.0 632.0 
2 7 0.97 0.97 322.0 39.0 322.0 961.0 39.0 961.0 213.0 97.0 213.0 442.0 6.0 442.0 917.0 34.0 917.0 632.0 179.0 632.0 122.0 3.0 122.0 
2 8 0.98 0.98 322.0 39.0 322.0 961.0 39.0 961.0 213.0 97.0 213.0 442.0 6.0 442.0 917.0 34.0 917.0 632.0 179.0 632.0 122.0 3.0 122.0 319.0 3.0 319.0 
2 9 1.13 1.13 322.0 39.0 322.0 961.0 39.0 961.0 213.0 97.0 213.0 442.0 6.0 442.0 917.0 34.0 917.0 632.0 179.0 632.0 122.0 3.0 122.0 319.0 3.0 319.0 934.0 142.0 934.0 
2 3 0.54 0.54 536.0 132.0 536.0 373.0 36.0 373.0 974.0 201.0 974.0 
2 4 0.56 0.56 536.0 132.0 536.0 373.0 36.0 373.0 974.0 201.0 974.0 76.0 1.0 76.0 
2 5 1.34 1.34 536.0 132.0 536.0 373.0 36.0 373.0 974.0 201.0 974.0 76.0 1.0 76.0 522.0 406.0 522.0 
2 6 1.51 1.51 536.0 132.0 536.0 373.0 36.0 373.0 974.0 201.0 974.0 76.0 1.0 76.0 522.0 406.0 522.0 176.0 30.0 176.0 
2 7 1.9 1.9 536.0 132.0 536.0 373.0 36.0 373.0 974.0 201.0 974.0 76.0 1.0 76.0 522.0 406.0 522.0 176.0 30.0 176.0 495.0 193.0 495.0 
2 3 1.19 1.19 697.0 636.0 697.0 20.0 4.0 20.0 251.0 21.0 251.0 
2 4 1.42 1.42 697.0 636.0 697.0 20.0 4.0 20.0 251.0 21.0 251.0 230.0 52.0 230.0 
2 3 0.34 0.34 752.0 23.0 752.0 825.0 17.0 825.0 855.0 255.0 855.0 
2 4 0.45 0.45 752.0 23.0 752.0 825.0 17.0 825.0 855.0 255.0 855.0 953.0 97.0 953.0 
2 5 0.86 0.86 752.0 23.0 752.0 825.0 17.0 825.0 855.0 255.0 855.0 953.0 97.0 953.0 219.0 90.0 219.0 
2 6 0.92 0.92 752.0 23.0 752.0 825.0 17.0 825.0 855.0 255.0 855.0 953.0 97.0 953.0 219.0 90.0 219.0 631.0 41.0 631.0 
2 7 1.27 1.27 752.0 23.0 752.0 825.0 17.0 825.0 855.0 255.0 855.0 953.0 97.0 953.0 219.0 90.0 219.0 631.0 41.0 631.0 105.0 37.0 105.0 
2 8 1.28 1.28 752.0 23.0 752.0 825.0 17.0 825.0 855.0 255.0 855.0 953.0 97.0 953.0 219.0 90.0 219.0 631.0 41.0 631.0 105.0 37.0 105.0 388.0 3.0 388.0 
2 9 1.4 1.4 752.0 23.0 752.0 825.0 17.0 825.0 855.0 255.0 855.0 953.0 97.0 953.0 219.0 90.0 219.0 631.0 41.0 631.0 105.0 37.0 105.0 388.0 3.0 388.0 785.0 91.0 785.0 
2 10 1.66 1.66 752.0 23.0 752.0 825.0 17.0 825.0 855.0 255.0 855.0 953.0 97.0 953.0 219.0 90.0 219.0 631.0 41.0 631.0 105.0 37.0 105.0 388.0 3.0 388.0 785.0 91.0 785.0 204.0 53.0 204.0 
2 3 0.49 0.49 756.0 159.0 756.0 768.0 213.0 768.0 709.0 7.0 709.0 
2 4 0.53 0.53 756.0 159.0 756.0 768.0 213.0 768.0 709.0 7.0 709.0 716.0 27.0 716.0 
2 5 0.91 0.91 756.0 159.0 756.0 768.0 213.0 768.0 709.0 7.0 709.0 716.0 27.0 716.0 611.0 231.0 611.0 
2 6 1.73 1.73 756.0 159.0 756.0 768.0 213.0 768.0 709.0 7.0 709.0 716.0 27.0 716.0 611.0 231.0 611.0 640.0 527.0 640.0 
2 7 1.79 1.79 756.0 159.0 756.0 768.0 213.0 768.0 709.0 7.0 709.0 716.0 27.0 716.0 611.0 231.0 611.0 640.0 527.0 640.0 779.0 49.0 779.0 
2 8 1.87 1.87 756.0 159.0 756.0 768.0 213.0 768.0 709.0 7.0 709.0 716.0 27.0 716.0 611.0 231.0 611.0 640.0 527.0 640.0 779.0 49.0 779.0 681.0 52.0 681.0 
2 3 0.86 0.86 948.0 191.0 948.0 589.0 128.0 589.0 242.0 107.0 242.0 
2 4 1.45 1.45 948.0 191.0 948.0 589.0 128.0 589.0 242.0 107.0 242.0 641.0 378.0 641.0 
2 5 1.86 1.86 948.0 191.0 948.0 589.0 128.0 589.0 242.0 107.0 242.0 641.0 378.0 641.0 73.0 30.0 73.0 
2 6 1.87 1.87 948.0 191.0 948.0 589.0 128.0 589.0 242.0 107.0 242.0 641.0 378.0 641.0 73.0 30.0 73.0 669.0 7.0 669.0 
2 7 1.91 1.91 948.0 191.0 948.0 589.0 128.0 589.0 242.0 107.0 242.0 641.0 378.0 641.0 73.0 30.0 73.0 669.0 7.0 669.0 950.0 44.0 950.0 
2 3 1.42 1.42 467.0 170.0 467.0 724.0 207.0 724.0 819.0 632.0 819.0 
2 3 1.09 1.09 323.0 240.0 323.0 528.0 108.0 528.0 105.0 15.0 105.0 
2 4 1.3 1.3 323.0 240.0 323.0 528.0 108.0 528.0 105.0 15.0 105.0 492.0 104.0 492.0 
2 5 1.44 1.44 323.0 240.0 323.0 528.0 108.0 528.0 105.0 15.0 105.0 492.0 104.0 492.0 679.0 97.0 679.0 
2 6 1.63 1.63 323.0 240.0 323.0 528.0 108.0 528.0 105.0 15.0 105.0 492.0 104.0 492.0 679.0 97.0 679.0 956.0 185.0 956.0 
2 7 1.96 1.96 323.0 240.0 323.0 528.0 108.0 528.0 105.0 15.0 105.0 492.0 104.0 492.0 679.0 97.0 679.0 956.0 185.0 956.0 217.0 70.0 217.0 
2 3 1.44 1.44 494.0 391.0 494.0 202.0 122.0 202.0 63.0 3.0 63.0 
2 4 1.59 1.59 494.0 391.0 494.0 202.0 122.0 202.0 63.0 3.0 63.0 933.0 140.0 933.0 
2 5 1.97 1.97 494.0 391.0 494.0 202.0 122.0 202.0 63.0 3.0 63.0 933.0 140.0 933.0 731.0 279.0 731.0 
2 3 1.0 1.0 705.0 283.0 705.0 951.0 346.0 951.0 544.0 129.0 544.0 
2 4 1.51 1.51 705.0 283.0 705.0 951.0 346.0 951.0 544.0 129.0 544.0 400.0 206.0 400.0 
2 5 1.57 1.57 705.0 283.0 705.0 951.0 346.0 951.0 544.0 129.0 544.0 400.0 206.0 400.0 631.0 34.0 631.0 
2 6 1.86 1.86 705.0 283.0 705.0 951.0 346.0 951.0 544.0 129.0 544.0 400.0 206.0 400.0 631.0 34.0 631.0 58.0 17.0 58.0 
2 3 0.66 0.66 997.0 373.0 997.0 59.0 4.0 59.0 914.0 201.0 914.0 
2 4 1.14 1.14 997.0 373.0 997.0 59.0 4.0 59.0 914.0 201.0 914.0 803.0 386.0 803.0 
2 5 1.97 1.97 997.0 373.0 997.0 59.0 4.0 59.0 914.0 201.0 914.0 803.0 386.0 803.0 476.0 398.0 476.0 
2 3 1.65 1.65 889.0 635.0 889.0 432.0 44.0 432.0 259.0 218.0 259.0 
2 3 0.29 0.29 230.0 10.0 230.0 147.0 24.0 147.0 742.0 64.0 742.0 
2 4 0.95 0.95 230.0 10.0 230.0 147.0 24.0 147.0 742.0 64.0 742.0 867.0 572.0 867.0 
2 5 1.63 1.63 230.0 10.0 230.0 147.0 24.0 147.0 742.0 64.0 742.0 867.0 572.0 867.0 361.0 246.0 361.0 
2 6 1.87 1.87 230.0 10.0 230.0 147.0 24.0 147.0 742.0 64.0 742.0 867.0 572.0 867.0 361.0 246.0 361.0 946.0 231.0 946.0 
2 3 0.95 0.95 928.0 124.0 928.0 648.0 477.0 648.0 716.0 64.0 716.0 
2 4 1.31 1.31 928.0 124.0 928.0 648.0 477.0 648.0 716.0 64.0 716.0 74.0 26.0 74.0 
2 5 1.56 1.56 928.0 124.0 928.0 648.0 477.0 648.0 716.0 64.0 716.0 74.0 26.0 74.0 394.0 101.0 394.0 
2 3 0.9 0.9 70.0 10.0 70.0 974.0 1.0 974.0 428.0 325.0 428.0 
2 4 1.66 1.66 70.0 10.0 70.0 974.0 1.0 974.0 428.0 325.0 428.0 306.0 233.0 306.0 
2 3 0.26 0.26 462.0 21.0 462.0 819.0 70.0 819.0 608.0 81.0 608.0 
2 4 0.87 0.87 462.0 21.0 462.0 819.0 70.0 819.0 608.0 81.0 608.0 913.0 554.0 913.0 
2 5 1.2 1.2 462.0 21.0 462.0 819.0 70.0 819.0 608.0 81.0 608.0 913.0 554.0 913.0 550.0 185.0 550.0 
2 6 1.23 1.23 462.0 21.0 462.0 819.0 70.0 819.0 608.0 81.0 608.0 913.0 554.0 913.0 550.0 185.0 550.0 781.0 19.0 781.0 
2 7 1.54 1.54 462.0 21.0 462.0 819.0 70.0 819.0 608.0 81.0 608.0 913.0 554.0 913.0 550.0 185.0 550.0 781.0 19.0 781.0 570.0 180.0 570.0 
2 8 1.78 1.78 462.0 21.0 462.0 819.0 70.0 819.0 608.0 81.0 608.0 913.0 554.0 913.0 550.0 185.0 550.0 781.0 19.0 781.0 570.0 180.0 570.0 108.0 26.0 108.0 
2 3 1.22 1.22 259.0 115.0 259.0 698.0 233.0 698.0 465.0 206.0 465.0 
2 3 1.81 1.81 529.0 508.0 529.0 847.0 250.0 847.0 293.0 164.0 293.0 
2 4 1.93 1.93 529.0 508.0 529.0 847.0 250.0 847.0 293.0 164.0 293.0 59.0 7.0 59.0 
2 5 1.97 1.97 529.0 508.0 529.0 847.0 250.0 847.0 293.0 164.0 293.0 59.0 7.0 59.0 241.0 11.0 241.0 
2 3 0.91 0.91 271.0 20.0 271.0 633.0 69.0 633.0 533.0 391.0 533.0 
2 4 1.11 1.11 271.0 20.0 271.0 633.0 69.0 633.0 533.0 391.0 533.0 439.0 87.0 439.0 
2 5 1.24 1.24 271.0 20.0 271.0 633.0 69.0 633.0 533.0 391.0 533.0 439.0 87.0 439.0 531.0 70.0 531.0 
2 6 1.32 1.32 271.0 20.0 271.0 633.0 69.0 633.0 533.0 391.0 533.0 439.0 87.0 439.0 531.0 70.0 531.0 364.0 30.0 364.0 
2 7 1.57 1.57 271.0 20.0 271.0 633.0 69.0 633.0 533.0 391.0 533.0 439.0 87.0 439.0 531.0 70.0 531.0 364.0 30.0 364.0 572.0 138.0 572.0 
2 8 1.91 1.91 271.0 20.0 271.0 633.0 69.0 633.0 533.0 391.0 533.0 439.0 87.0 439.0 531.0 70.0 531.0 364.0 30.0 364.0 572.0 138.0 572.0 66.0 23.0 66.0 
2 3 0.84 0.84 658.0 16.0 658.0 388.0 48.0 388.0 510.0 356.0 510.0 
2 4 0.95 0.95 658.0 16.0 658.0 388.0 48.0 388.0 510.0 356.0 510.0 507.0 56.0 507.0 
2 5 1.32 1.32 658.0 16.0 658.0 388.0 48.0 388.0 510.0 356.0 510.0 507.0 56.0 507.0 596.0 222.0 596.0 
2 6 1.57 1.57 658.0 16.0 658.0 388.0 48.0 388.0 510.0 356.0 510.0 507.0 56.0 507.0 596.0 222.0 596.0 311.0 75.0 311.0 
2 3 0.69 0.69 115.0 44.0 115.0 475.0 40.0 475.0 753.0 169.0 753.0 
2 4 1.34 1.34 115.0 44.0 115.0 475.0 40.0 475.0 753.0 169.0 753.0 774.0 506.0 774.0 
2 5 1.79 1.79 115.0 44.0 115.0 475.0 40.0 475.0 753.0 169.0 753.0 774.0 506.0 774.0 729.0 328.0 729.0 
2 6 1.97 1.97 115.0 44.0 115.0 475.0 40.0 475.0 753.0 169.0 753.0 774.0 506.0 774.0 729.0 328.0 729.0 438.0 80.0 438.0 
2 3 0.48 0.48 989.0 386.0 989.0 934.0 16.0 934.0 264.0 20.0 264.0 
2 4 0.92 0.92 989.0 386.0 989.0 934.0 16.0 934.0 264.0 20.0 264.0 995.0 436.0 995.0 
2 5 1.28 1.28 989.0 386.0 989.0 934.0 16.0 934.0 264.0 20.0 264.0 995.0 436.0 995.0 523.0 188.0 523.0 
2 6 1.62 1.62 989.0 386.0 989.0 934.0 16.0 934.0 264.0 20.0 264.0 995.0 436.0 995.0 523.0 188.0 523.0 874.0 304.0 874.0 
2 7 1.86 1.86 989.0 386.0 989.0 934.0 16.0 934.0 264.0 20.0 264.0 995.0 436.0 995.0 523.0 188.0 523.0 874.0 304.0 874.0 527.0 127.0 527.0 
2 3 1.17 1.17 82.0 15.0 82.0 367.0 354.0 367.0 31.0 1.0 31.0 
2 4 1.66 1.66 82.0 15.0 82.0 367.0 354.0 367.0 31.0 1.0 31.0 287.0 138.0 287.0 
2 3 0.86 0.86 475.0 329.0 475.0 576.0 60.0 576.0 242.0 17.0 242.0 
2 4 1.62 1.62 475.0 329.0 475.0 576.0 60.0 576.0 242.0 17.0 242.0 672.0 506.0 672.0 
2 5 1.75 1.75 475.0 329.0 475.0 576.0 60.0 576.0 242.0 17.0 242.0 672.0 506.0 672.0 580.0 77.0 580.0 
2 6 1.92 1.92 475.0 329.0 475.0 576.0 60.0 576.0 242.0 17.0 242.0 672.0 506.0 672.0 580.0 77.0 580.0 234.0 40.0 234.0 
2 3 0.89 0.89 170.0 36.0 170.0 50.0 32.0 50.0 866.0 40.0 866.0 
2 4 1.1 1.1 170.0 36.0 170.0 50.0 32.0 50.0 866.0 40.0 866.0 841.0 178.0 841.0 
2 5 1.5 1.5 170.0 36.0 170.0 50.0 32.0 50.0 866.0 40.0 866.0 841.0 178.0 841.0 613.0 241.0 613.0 
2 6 1.62 1.62 170.0 36.0 170.0 50.0 32.0 50.0 866.0 40.0 866.0 841.0 178.0 841.0 613.0 241.0 613.0 81.0 10.0 81.0 
2 3 0.47 0.47 870.0 85.0 870.0 879.0 142.0 879.0 198.0 42.0 198.0 
2 4 1.03 1.03 870.0 85.0 870.0 879.0 142.0 879.0 198.0 42.0 198.0 501.0 280.0 501.0 
2 5 1.32 1.32 870.0 85.0 870.0 879.0 142.0 879.0 198.0 42.0 198.0 501.0 280.0 501.0 444.0 132.0 444.0 
2 6 1.33 1.33 870.0 85.0 870.0 879.0 142.0 879.0 198.0 42.0 198.0 501.0 280.0 501.0 444.0 132.0 444.0 99.0 1.0 99.0 
2 7 1.83 1.83 870.0 85.0 870.0 879.0 142.0 879.0 198.0 42.0 198.0 501.0 280.0 501.0 444.0 132.0 444.0 99.0 1.0 99.0 992.0 497.0 992.0 
2 8 1.84 1.84 870.0 85.0 870.0 879.0 142.0 879.0 198.0 42.0 198.0 501.0 280.0 501.0 444.0 132.0 444.0 99.0 1.0 99.0 992.0 497.0 992.0 838.0 7.0 838.0 
2 9 1.87 1.87 870.0 85.0 870.0 879.0 142.0 879.0 198.0 42.0 198.0 501.0 280.0 501.0 444.0 132.0 444.0 99.0 1.0 99.0 992.0 497.0 992.0 838.0 7.0 838.0 84.0 2.0 84.0 
2 3 1.32 1.32 80.0 64.0 80.0 442.0 193.0 442.0 231.0 20.0 231.0 
2 4 1.7 1.7 80.0 64.0 80.0 442.0 193.0 442.0 231.0 20.0 231.0 268.0 101.0 268.0 
2 5 1.77 1.77 80.0 64.0 80.0 442.0 193.0 442.0 231.0 20.0 231.0 268.0 101.0 268.0 307.0 24.0 307.0 
2 3 0.46 0.46 808.0 125.0 808.0 1000.0 155.0 1000.0 32.0 5.0 32.0 
2 4 1.01 1.01 808.0 125.0 808.0 1000.0 155.0 1000.0 32.0 5.0 32.0 854.0 473.0 854.0 
2 5 1.49 1.49 808.0 125.0 808.0 1000.0 155.0 1000.0 32.0 5.0 32.0 854.0 473.0 854.0 90.0 43.0 90.0 
2 6 1.52 1.52 808.0 125.0 808.0 1000.0 155.0 1000.0 32.0 5.0 32.0 854.0 473.0 854.0 90.0 43.0 90.0 784.0 23.0 784.0 
2 7 1.6 1.6 808.0 125.0 808.0 1000.0 155.0 1000.0 32.0 5.0 32.0 854.0 473.0 854.0 90.0 43.0 90.0 784.0 23.0 784.0 740.0 55.0 740.0 
2 3 1.22 1.22 982.0 103.0 982.0 865.0 115.0 865.0 158.0 156.0 158.0 
2 4 1.76 1.76 982.0 103.0 982.0 865.0 115.0 865.0 158.0 156.0 158.0 869.0 468.0 869.0 
2 3 0.66 0.66 289.0 142.0 289.0 790.0 9.0 790.0 281.0 46.0 281.0 
2 4 1.03 1.03 289.0 142.0 289.0 790.0 9.0 790.0 281.0 46.0 281.0 459.0 171.0 459.0 
2 5 1.65 1.65 289.0 142.0 289.0 790.0 9.0 790.0 281.0 46.0 281.0 459.0 171.0 459.0 719.0 446.0 719.0 
2 3 0.8 0.8 990.0 197.0 990.0 642.0 366.0 642.0 428.0 17.0 428.0 
2 4 1.51 1.51 990.0 197.0 990.0 642.0 366.0 642.0 428.0 17.0 428.0 632.0 446.0 632.0 
2 3 0.43 0.43 64.0 11.0 64.0 348.0 85.0 348.0 674.0 15.0 674.0 
2 4 0.73 0.73 64.0 11.0 64.0 348.0 85.0 348.0 674.0 15.0 674.0 782.0 230.0 782.0 
2 5 1.15 1.15 64.0 11.0 64.0 348.0 85.0 348.0 674.0 15.0 674.0 782.0 230.0 782.0 545.0 230.0 545.0 
2 6 1.25 1.25 64.0 11.0 64.0 348.0 85.0 348.0 674.0 15.0 674.0 782.0 230.0 782.0 545.0 230.0 545.0 329.0 32.0 329.0 
2 7 1.35 1.35 64.0 11.0 64.0 348.0 85.0 348.0 674.0 15.0 674.0 782.0 230.0 782.0 545.0 230.0 545.0 329.0 32.0 329.0 942.0 100.0 942.0 
2 8 1.68 1.68 64.0 11.0 64.0 348.0 85.0 348.0 674.0 15.0 674.0 782.0 230.0 782.0 545.0 230.0 545.0 329.0 32.0 329.0 942.0 100.0 942.0 358.0 118.0 358.0 
2 3 0.52 0.52 460.0 62.0 460.0 86.0 21.0 86.0 385.0 55.0 385.0 
2 4 1.22 1.22 460.0 62.0 460.0 86.0 21.0 86.0 385.0 55.0 385.0 953.0 670.0 953.0 
2 5 1.74 1.74 460.0 62.0 460.0 86.0 21.0 86.0 385.0 55.0 385.0 953.0 670.0 953.0 956.0 500.0 956.0 
2 6 1.83 1.83 460.0 62.0 460.0 86.0 21.0 86.0 385.0 55.0 385.0 953.0 670.0 953.0 956.0 500.0 956.0 46.0 4.0 46.0 
2 7 1.96 1.96 460.0 62.0 460.0 86.0 21.0 86.0 385.0 55.0 385.0 953.0 670.0 953.0 956.0 500.0 956.0 46.0 4.0 46.0 961.0 126.0 961.0 
2 3 0.59 0.59 30.0 10.0 30.0 189.0 23.0 189.0 176.0 25.0 176.0 
2 4 0.7 0.7 30.0 10.0 30.0 189.0 23.0 189.0 176.0 25.0 176.0 818.0 92.0 818.0 
2 5 0.89 0.89 30.0 10.0 30.0 189.0 23.0 189.0 176.0 25.0 176.0 818.0 92.0 818.0 746.0 140.0 746.0 
2 6 1.63 1.63 30.0 10.0 30.0 189.0 23.0 189.0 176.0 25.0 176.0 818.0 92.0 818.0 746.0 140.0 746.0 247.0 182.0 247.0 
2 7 1.94 1.94 30.0 10.0 30.0 189.0 23.0 189.0 176.0 25.0 176.0 818.0 92.0 818.0 746.0 140.0 746.0 247.0 182.0 247.0 755.0 232.0 755.0 
2 3 0.71 0.71 921.0 330.0 921.0 621.0 203.0 621.0 855.0 24.0 855.0 
2 4 0.78 0.78 921.0 330.0 921.0 621.0 203.0 621.0 855.0 24.0 855.0 799.0 56.0 799.0 
2 5 1.33 1.33 921.0 330.0 921.0 621.0 203.0 621.0 855.0 24.0 855.0 799.0 56.0 799.0 771.0 428.0 771.0 
2 6 1.85 1.85 921.0 330.0 921.0 621.0 203.0 621.0 855.0 24.0 855.0 799.0 56.0 799.0 771.0 428.0 771.0 358.0 186.0 358.0 
2 3 1.17 1.17 804.0 551.0 804.0 973.0 124.0 973.0 490.0 176.0 490.0 
2 4 1.44 1.44 804.0 551.0 804.0 973.0 124.0 973.0 490.0 176.0 490.0 607.0 168.0 607.0 
2 5 1.63 1.63 804.0 551.0 804.0 973.0 124.0 973.0 490.0 176.0 490.0 607.0 168.0 607.0 188.0 35.0 188.0 
2 3 1.14 1.14 152.0 97.0 152.0 365.0 15.0 365.0 795.0 369.0 795.0 
2 3 1.51 1.51 487.0 322.0 487.0 608.0 304.0 608.0 71.0 25.0 71.0 
2 3 1.19 1.19 488.0 358.0 488.0 943.0 347.0 943.0 121.0 11.0 121.0 
2 4 1.84 1.84 488.0 358.0 488.0 943.0 347.0 943.0 121.0 11.0 121.0 934.0 608.0 934.0 
2 3 1.07 1.07 852.0 224.0 852.0 510.0 148.0 510.0 542.0 284.0 542.0 
2 4 1.71 1.71 852.0 224.0 852.0 510.0 148.0 510.0 542.0 284.0 542.0 194.0 123.0 194.0 
2 5 1.8 1.8 852.0 224.0 852.0 510.0 148.0 510.0 542.0 284.0 542.0 194.0 123.0 194.0 448.0 42.0 448.0 
2 3 0.51 0.51 620.0 161.0 620.0 981.0 208.0 981.0 853.0 40.0 853.0 
2 4 0.87 0.87 620.0 161.0 620.0 981.0 208.0 981.0 853.0 40.0 853.0 249.0 88.0 249.0 
2 5 1.09 1.09 620.0 161.0 620.0 981.0 208.0 981.0 853.0 40.0 853.0 249.0 88.0 249.0 816.0 181.0 816.0 
2 6 1.09 1.09 620.0 161.0 620.0 981.0 208.0 981.0 853.0 40.0 853.0 249.0 88.0 249.0 816.0 181.0 816.0 414.0 1.0 414.0 
2 7 1.97 1.97 620.0 161.0 620.0 981.0 208.0 981.0 853.0 40.0 853.0 249.0 88.0 249.0 816.0 181.0 816.0 414.0 1.0 414.0 281.0 247.0 281.0 
2 3 1.15 1.15 309.0 45.0 309.0 696.0 574.0 696.0 484.0 89.0 484.0 
2 4 1.23 1.23 309.0 45.0 309.0 696.0 574.0 696.0 484.0 89.0 484.0 35.0 3.0 35.0 
2 5 1.51 1.51 309.0 45.0 309.0 696.0 574.0 696.0 484.0 89.0 484.0 35.0 3.0 35.0 898.0 245.0 898.0 
2 6 1.68 1.68 309.0 45.0 309.0 696.0 574.0 696.0 484.0 89.0 484.0 35.0 3.0 35.0 898.0 245.0 898.0 835.0 142.0 835.0 
2 3 1.69 1.69 779.0 60.0 779.0 823.0 656.0 823.0 252.0 207.0 252.0 
2 4 1.69 1.69 779.0 60.0 779.0 823.0 656.0 823.0 252.0 207.0 252.0 887.0 3.0 887.0 
2 5 1.78 1.78 779.0 60.0 779.0 823.0 656.0 823.0 252.0 207.0 252.0 887.0 3.0 887.0 192.0 17.0 192.0 
2 6 1.93 1.93 779.0 60.0 779.0 823.0 656.0 823.0 252.0 207.0 252.0 887.0 3.0 887.0 192.0 17.0 192.0 827.0 118.0 827.0 
2 3 1.67 1.67 13.0 9.0 13.0 550.0 194.0 550.0 965.0 607.0 965.0 
2 4 1.76 1.76 13.0 9.0 13.0 550.0 194.0 550.0 965.0 607.0 965.0 1000.0 91.0 1000.0 
2 5 1.81 1.81 13.0 9.0 13.0 550.0 194.0 550.0 965.0 607.0 965.0 1000.0 91.0 1000.0 37.0 2.0 37.0 
2 3 1.22 1.22 965.0 690.0 965.0 218.0 48.0 218.0 14.0 4.0 14.0 
2 4 1.3 1.3 965.0 690.0 965.0 218.0 48.0 218.0 14.0 4.0 14.0 213.0 17.0 213.0 
2 5 1.46 1.46 965.0 690.0 965.0 218.0 48.0 218.0 14.0 4.0 14.0 213.0 17.0 213.0 732.0 119.0 732.0 
2 6 1.57 1.57 965.0 690.0 965.0 218.0 48.0 218.0 14.0 4.0 14.0 213.0 17.0 213.0 732.0 119.0 732.0 901.0 97.0 901.0 
2 7 1.6 1.6 965.0 690.0 965.0 218.0 48.0 218.0 14.0 4.0 14.0 213.0 17.0 213.0 732.0 119.0 732.0 901.0 97.0 901.0 160.0 5.0 160.0 
2 8 1.69 1.69 965.0 690.0 965.0 218.0 48.0 218.0 14.0 4.0 14.0 213.0 17.0 213.0 732.0 119.0 732.0 901.0 97.0 901.0 160.0 5.0 160.0 626.0 56.0 626.0 
2 9 1.92 1.92 965.0 690.0 965.0 218.0 48.0 218.0 14.0 4.0 14.0 213.0 17.0 213.0 732.0 119.0 732.0 901.0 97.0 901.0 160.0 5.0 160.0 626.0 56.0 626.0 689.0 161.0 689.0 
2 3 1.01 1.01 523.0 69.0 523.0 411.0 190.0 411.0 464.0 196.0 464.0 
2 4 1.51 1.51 523.0 69.0 523.0 411.0 190.0 411.0 464.0 196.0 464.0 493.0 244.0 493.0 
2 5 1.71 1.71 523.0 69.0 523.0 411.0 190.0 411.0 464.0 196.0 464.0 493.0 244.0 493.0 946.0 195.0 946.0 
2 3 0.15 0.15 328.0 18.0 328.0 921.0 50.0 921.0 862.0 39.0 862.0 
2 4 0.26 0.26 328.0 18.0 328.0 921.0 50.0 921.0 862.0 39.0 862.0 392.0 45.0 392.0 
2 5 0.29 0.29 328.0 18.0 328.0 921.0 50.0 921.0 862.0 39.0 862.0 392.0 45.0 392.0 650.0 17.0 650.0 
2 6 0.62 0.62 328.0 18.0 328.0 921.0 50.0 921.0 862.0 39.0 862.0 392.0 45.0 392.0 650.0 17.0 650.0 198.0 65.0 198.0 
2 7 1.32 1.32 328.0 18.0 328.0 921.0 50.0 921.0 862.0 39.0 862.0 392.0 45.0 392.0 650.0 17.0 650.0 198.0 65.0 198.0 847.0 592.0 847.0 
2 8 1.66 1.66 328.0 18.0 328.0 921.0 50.0 921.0 862.0 39.0 862.0 392.0 45.0 392.0 650.0 17.0 650.0 198.0 65.0 198.0 847.0 592.0 847.0 782.0 265.0 782.0 
2 9 1.87 1.87 328.0 18.0 328.0 921.0 50.0 921.0 862.0 39.0 862.0 392.0 45.0 392.0 650.0 17.0 650.0 198.0 65.0 198.0 847.0 592.0 847.0 782.0 265.0 782.0 71.0 15.0 71.0 
2 3 0.68 0.68 269.0 79.0 269.0 597.0 215.0 597.0 353.0 10.0 353.0 
2 4 0.76 0.76 269.0 79.0 269.0 597.0 215.0 597.0 353.0 10.0 353.0 397.0 31.0 397.0 
2 5 1.1 1.1 269.0 79.0 269.0 597.0 215.0 597.0 353.0 10.0 353.0 397.0 31.0 397.0 38.0 13.0 38.0 
2 6 1.26 1.26 269.0 79.0 269.0 597.0 215.0 597.0 353.0 10.0 353.0 397.0 31.0 397.0 38.0 13.0 38.0 445.0 72.0 445.0 
2 7 1.29 1.29 269.0 79.0 269.0 597.0 215.0 597.0 353.0 10.0 353.0 397.0 31.0 397.0 38.0 13.0 38.0 445.0 72.0 445.0 901.0 31.0 901.0 
2 8 1.31 1.31 269.0 79.0 269.0 597.0 215.0 597.0 353.0 10.0 353.0 397.0 31.0 397.0 38.0 13.0 38.0 445.0 72.0 445.0 901.0 31.0 901.0 832.0 13.0 832.0 
2 9 1.53 1.53 269.0 79.0 269.0 597.0 215.0 597.0 353.0 10.0 353.0 397.0 31.0 397.0 38.0 13.0 38.0 445.0 72.0 445.0 901.0 31.0 901.0 832.0 13.0 832.0 619.0 137.0 619.0 
2 10 1.85 1.85 269.0 79.0 269.0 597.0 215.0 597.0 353.0 10.0 353.0 397.0 31.0 397.0 38.0 13.0 38.0 445.0 72.0 445.0 901.0 31.0 901.0 832.0 13.0 832.0 619.0 137.0 619.0 384.0 122.0 384.0 
2 3 0.63 0.63 483.0 257.0 483.0 290.0 8.0 290.0 931.0 71.0 931.0 
2 4 0.96 0.96 483.0 257.0 483.0 290.0 8.0 290.0 931.0 71.0 931.0 302.0 98.0 302.0 
2 5 1.47 1.47 483.0 257.0 483.0 290.0 8.0 290.0 931.0 71.0 931.0 302.0 98.0 302.0 590.0 301.0 590.0 
2 6 1.87 1.87 483.0 257.0 483.0 290.0 8.0 290.0 931.0 71.0 931.0 302.0 98.0 302.0 590.0 301.0 590.0 734.0 296.0 734.0 
2 3 0.79 0.79 293.0 75.0 293.0 973.0 409.0 973.0 288.0 34.0 288.0 
2 4 1.08 1.08 293.0 75.0 293.0 973.0 409.0 973.0 288.0 34.0 288.0 231.0 68.0 231.0 
2 5 1.17 1.17 293.0 75.0 293.0 973.0 409.0 973.0 288.0 34.0 288.0 231.0 68.0 231.0 326.0 28.0 326.0 
2 6 1.39 1.39 293.0 75.0 293.0 973.0 409.0 973.0 288.0 34.0 288.0 231.0 68.0 231.0 326.0 28.0 326.0 413.0 89.0 413.0 
2 7 1.73 1.73 293.0 75.0 293.0 973.0 409.0 973.0 288.0 34.0 288.0 231.0 68.0 231.0 326.0 28.0 326.0 413.0 89.0 413.0 567.0 197.0 567.0 
2 8 1.93 1.93 293.0 75.0 293.0 973.0 409.0 973.0 288.0 34.0 288.0 231.0 68.0 231.0 326.0 28.0 326.0 413.0 89.0 413.0 567.0 197.0 567.0 192.0 37.0 192.0 
2 3 1.06 1.06 386.0 174.0 386.0 586.0 5.0 586.0 627.0 381.0 627.0 
2 4 1.22 1.22 386.0 174.0 386.0 586.0 5.0 586.0 627.0 381.0 627.0 170.0 27.0 170.0 
2 5 1.69 1.69 386.0 174.0 386.0 586.0 5.0 586.0 627.0 381.0 627.0 170.0 27.0 170.0 739.0 348.0 739.0 
2 3 0.78 0.78 5.0 1.0 5.0 357.0 126.0 357.0 914.0 215.0 914.0 
2 4 1.07 1.07 5.0 1.0 5.0 357.0 126.0 357.0 914.0 215.0 914.0 172.0 50.0 172.0 
2 5 1.5 1.5 5.0 1.0 5.0 357.0 126.0 357.0 914.0 215.0 914.0 172.0 50.0 172.0 146.0 62.0 146.0 
2 6 1.85 1.85 5.0 1.0 5.0 357.0 126.0 357.0 914.0 215.0 914.0 172.0 50.0 172.0 146.0 62.0 146.0 130.0 46.0 130.0 
2 3 1.25 1.25 935.0 254.0 935.0 522.0 497.0 522.0 506.0 15.0 506.0 
2 4 1.31 1.31 935.0 254.0 935.0 522.0 497.0 522.0 506.0 15.0 506.0 848.0 56.0 848.0 
2 5 1.84 1.84 935.0 254.0 935.0 522.0 497.0 522.0 506.0 15.0 506.0 848.0 56.0 848.0 731.0 386.0 731.0 
2 3 1.75 1.75 933.0 482.0 933.0 347.0 312.0 347.0 953.0 328.0 953.0 
2 4 1.88 1.88 933.0 482.0 933.0 347.0 312.0 347.0 953.0 328.0 953.0 598.0 76.0 598.0 
2 3 1.17 1.17 187.0 44.0 187.0 497.0 193.0 497.0 838.0 458.0 838.0 
2 4 1.24 1.24 187.0 44.0 187.0 497.0 193.0 497.0 838.0 458.0 838.0 550.0 43.0 550.0 
2 5 1.54 1.54 187.0 44.0 187.0 497.0 193.0 497.0 838.0 458.0 838.0 550.0 43.0 550.0 746.0 218.0 746.0 
2 6 1.91 1.91 187.0 44.0 187.0 497.0 193.0 497.0 838.0 458.0 838.0 550.0 43.0 550.0 746.0 218.0 746.0 884.0 334.0 884.0 
2 7 1.97 1.97 187.0 44.0 187.0 497.0 193.0 497.0 838.0 458.0 838.0 550.0 43.0 550.0 746.0 218.0 746.0 884.0 334.0 884.0 314.0 19.0 314.0 
2 3 0.92 0.92 398.0 48.0 398.0 242.0 190.0 242.0 529.0 11.0 529.0 
2 4 1.17 1.17 398.0 48.0 398.0 242.0 190.0 242.0 529.0 11.0 529.0 833.0 203.0 833.0 
2 5 1.23 1.23 398.0 48.0 398.0 242.0 190.0 242.0 529.0 11.0 529.0 833.0 203.0 833.0 473.0 32.0 473.0 
2 3 0.51 0.51 690.0 100.0 690.0 1000.0 118.0 1000.0 420.0 105.0 420.0 
2 4 0.67 0.67 690.0 100.0 690.0 1000.0 118.0 1000.0 420.0 105.0 420.0 665.0 111.0 665.0 
2 5 1.21 1.21 690.0 100.0 690.0 1000.0 118.0 1000.0 420.0 105.0 420.0 665.0 111.0 665.0 882.0 474.0 882.0 
2 6 1.24 1.24 690.0 100.0 690.0 1000.0 118.0 1000.0 420.0 105.0 420.0 665.0 111.0 665.0 882.0 474.0 882.0 119.0 3.0 119.0 
2 7 1.43 1.43 690.0 100.0 690.0 1000.0 118.0 1000.0 420.0 105.0 420.0 665.0 111.0 665.0 882.0 474.0 882.0 119.0 3.0 119.0 960.0 185.0 960.0 
2 8 1.5 1.5 690.0 100.0 690.0 1000.0 118.0 1000.0 420.0 105.0 420.0 665.0 111.0 665.0 882.0 474.0 882.0 119.0 3.0 119.0 960.0 185.0 960.0 42.0 3.0 42.0 
2 9 1.68 1.68 690.0 100.0 690.0 1000.0 118.0 1000.0 420.0 105.0 420.0 665.0 111.0 665.0 882.0 474.0 882.0 119.0 3.0 119.0 960.0 185.0 960.0 42.0 3.0 42.0 139.0 25.0 139.0 
2 10 1.69 1.69 690.0 100.0 690.0 1000.0 118.0 1000.0 420.0 105.0 420.0 665.0 111.0 665.0 882.0 474.0 882.0 119.0 3.0 119.0 960.0 185.0 960.0 42.0 3.0 42.0 139.0 25.0 139.0 168.0 2.0 168.0 
2 11 1.83 1.83 690.0 100.0 690.0 1000.0 118.0 1000.0 420.0 105.0 420.0 665.0 111.0 665.0 882.0 474.0 882.0 119.0 3.0 119.0 960.0 185.0 960.0 42.0 3.0 42.0 139.0 25.0 139.0 168.0 2.0 168.0 678.0 93.0 678.0 
2 12 1.87 1.87 690.0 100.0 690.0 1000.0 118.0 1000.0 420.0 105.0 420.0 665.0 111.0 665.0 882.0 474.0 882.0 119.0 3.0 119.0 960.0 185.0 960.0 42.0 3.0 42.0 139.0 25.0 139.0 168.0 2.0 168.0 678.0 93.0 678.0 339.0 15.0 339.0 
2 13 1.99 1.99 690.0 100.0 690.0 1000.0 118.0 1000.0 420.0 105.0 420.0 665.0 111.0 665.0 882.0 474.0 882.0 119.0 3.0 119.0 960.0 185.0 960.0 42.0 3.0 42.0 139.0 25.0 139.0 168.0 2.0 168.0 678.0 93.0 678.0 339.0 15.0 339.0 822.0 98.0 822.0 
2 3 0.89 0.89 933.0 174.0 933.0 866.0 184.0 866.0 812.0 401.0 812.0 
2 4 1.62 1.62 933.0 174.0 933.0 866.0 184.0 866.0 812.0 401.0 812.0 78.0 57.0 78.0 
2 3 1.15 1.15 105.0 1.0 105.0 20.0 8.0 20.0 163.0 121.0 163.0 
2 4 1.93 1.93 105.0 1.0 105.0 20.0 8.0 20.0 163.0 121.0 163.0 59.0 46.0 59.0 
2 5 1.98 1.98 105.0 1.0 105.0 20.0 8.0 20.0 163.0 121.0 163.0 59.0 46.0 59.0 37.0 2.0 37.0 
2 3 1.77 1.77 273.0 132.0 273.0 836.0 708.0 836.0 241.0 108.0 241.0 
2 3 0.29 0.29 121.0 6.0 121.0 951.0 197.0 951.0 655.0 28.0 655.0 
2 4 0.46 0.46 121.0 6.0 121.0 951.0 197.0 951.0 655.0 28.0 655.0 507.0 86.0 507.0 
2 5 0.67 0.67 121.0 6.0 121.0 951.0 197.0 951.0 655.0 28.0 655.0 507.0 86.0 507.0 441.0 92.0 441.0 
2 6 1.43 1.43 121.0 6.0 121.0 951.0 197.0 951.0 655.0 28.0 655.0 507.0 86.0 507.0 441.0 92.0 441.0 583.0 441.0 583.0 
2 7 1.75 1.75 121.0 6.0 121.0 951.0 197.0 951.0 655.0 28.0 655.0 507.0 86.0 507.0 441.0 92.0 441.0 583.0 441.0 583.0 662.0 211.0 662.0 
2 3 1.24 1.24 755.0 224.0 755.0 239.0 186.0 239.0 249.0 43.0 249.0 
2 4 1.47 1.47 755.0 224.0 755.0 239.0 186.0 239.0 249.0 43.0 249.0 344.0 79.0 344.0 
2 5 1.71 1.71 755.0 224.0 755.0 239.0 186.0 239.0 249.0 43.0 249.0 344.0 79.0 344.0 657.0 159.0 657.0 
2 3 0.78 0.78 47.0 29.0 47.0 853.0 117.0 853.0 258.0 9.0 258.0 
2 4 1.34 1.34 47.0 29.0 47.0 853.0 117.0 853.0 258.0 9.0 258.0 861.0 481.0 861.0 
2 5 1.37 1.37 47.0 29.0 47.0 853.0 117.0 853.0 258.0 9.0 258.0 861.0 481.0 861.0 279.0 7.0 279.0 
2 6 1.67 1.67 47.0 29.0 47.0 853.0 117.0 853.0 258.0 9.0 258.0 861.0 481.0 861.0 279.0 7.0 279.0 197.0 59.0 197.0 
2 7 1.7 1.7 47.0 29.0 47.0 853.0 117.0 853.0 258.0 9.0 258.0 861.0 481.0 861.0 279.0 7.0 279.0 197.0 59.0 197.0 921.0 27.0 921.0 
2 8 1.99 1.99 47.0 29.0 47.0 853.0 117.0 853.0 258.0 9.0 258.0 861.0 481.0 861.0 279.0 7.0 279.0 197.0 59.0 197.0 921.0 27.0 921.0 208.0 62.0 208.0 
2 3 1.13 1.13 365.0 91.0 365.0 217.0 162.0 217.0 886.0 127.0 886.0 
2 4 1.59 1.59 365.0 91.0 365.0 217.0 162.0 217.0 886.0 127.0 886.0 859.0 391.0 859.0 
2 5 1.72 1.72 365.0 91.0 365.0 217.0 162.0 217.0 886.0 127.0 886.0 859.0 391.0 859.0 944.0 124.0 944.0 
2 3 0.48 0.48 596.0 13.0 596.0 615.0 111.0 615.0 39.0 11.0 39.0 
2 4 0.57 0.57 596.0 13.0 596.0 615.0 111.0 615.0 39.0 11.0 39.0 130.0 12.0 130.0 
2 5 0.68 0.68 596.0 13.0 596.0 615.0 111.0 615.0 39.0 11.0 39.0 130.0 12.0 130.0 597.0 66.0 597.0 
2 6 1.28 1.28 596.0 13.0 596.0 615.0 111.0 615.0 39.0 11.0 39.0 130.0 12.0 130.0 597.0 66.0 597.0 75.0 45.0 75.0 
2 3 0.86 0.86 640.0 284.0 640.0 597.0 133.0 597.0 720.0 145.0 720.0 
2 4 1.54 1.54 640.0 284.0 640.0 597.0 133.0 597.0 720.0 145.0 720.0 526.0 357.0 526.0 
2 5 1.81 1.81 640.0 284.0 640.0 597.0 133.0 597.0 720.0 145.0 720.0 526.0 357.0 526.0 405.0 108.0 405.0 
2 6 1.93 1.93 640.0 284.0 640.0 597.0 133.0 597.0 720.0 145.0 720.0 526.0 357.0 526.0 405.0 108.0 405.0 170.0 21.0 170.0 
2 3 0.69 0.69 74.0 36.0 74.0 572.0 31.0 572.0 489.0 77.0 489.0 
2 4 1.06 1.06 74.0 36.0 74.0 572.0 31.0 572.0 489.0 77.0 489.0 536.0 198.0 536.0 
2 5 1.7 1.7 74.0 36.0 74.0 572.0 31.0 572.0 489.0 77.0 489.0 536.0 198.0 536.0 871.0 556.0 871.0 
2 3 0.89 0.89 173.0 36.0 173.0 791.0 54.0 791.0 479.0 297.0 479.0 
2 4 0.97 0.97 173.0 36.0 173.0 791.0 54.0 791.0 479.0 297.0 479.0 315.0 25.0 315.0 
2 5 1.07 1.07 173.0 36.0 173.0 791.0 54.0 791.0 479.0 297.0 479.0 315.0 25.0 315.0 452.0 43.0 452.0 
2 6 1.27 1.27 173.0 36.0 173.0 791.0 54.0 791.0 479.0 297.0 479.0 315.0 25.0 315.0 452.0 43.0 452.0 197.0 41.0 197.0 
2 7 1.45 1.45 173.0 36.0 173.0 791.0 54.0 791.0 479.0 297.0 479.0 315.0 25.0 315.0 452.0 43.0 452.0 197.0 41.0 197.0 881.0 159.0 881.0 
2 3 0.84 0.84 153.0 72.0 153.0 440.0 49.0 440.0 279.0 74.0 279.0 
2 4 1.03 1.03 153.0 72.0 153.0 440.0 49.0 440.0 279.0 74.0 279.0 584.0 110.0 584.0 
2 5 1.74 1.74 153.0 72.0 153.0 440.0 49.0 440.0 279.0 74.0 279.0 584.0 110.0 584.0 68.0 48.0 68.0 
2 3 0.76 0.76 274.0 53.0 274.0 698.0 114.0 698.0 350.0 144.0 350.0 
2 4 0.85 0.85 274.0 53.0 274.0 698.0 114.0 698.0 350.0 144.0 350.0 398.0 33.0 398.0 
2 5 1.14 1.14 274.0 53.0 274.0 698.0 114.0 698.0 350.0 144.0 350.0 398.0 33.0 398.0 654.0 190.0 654.0 
2 6 1.14 1.14 274.0 53.0 274.0 698.0 114.0 698.0 350.0 144.0 350.0 398.0 33.0 398.0 654.0 190.0 654.0 903.0 6.0 903.0 
2 7 1.39 1.39 274.0 53.0 274.0 698.0 114.0 698.0 350.0 144.0 350.0 398.0 33.0 398.0 654.0 190.0 654.0 903.0 6.0 903.0 163.0 41.0 163.0 
2 8 1.46 1.46 274.0 53.0 274.0 698.0 114.0 698.0 350.0 144.0 350.0 398.0 33.0 398.0 654.0 190.0 654.0 903.0 6.0 903.0 163.0 41.0 163.0 680.0 43.0 680.0 
2 3 0.7 0.7 64.0 15.0 64.0 195.0 4.0 195.0 11.0 5.0 11.0 
2 4 0.98 0.98 64.0 15.0 64.0 195.0 4.0 195.0 11.0 5.0 11.0 25.0 7.0 25.0 
2 5 1.65 1.65 64.0 15.0 64.0 195.0 4.0 195.0 11.0 5.0 11.0 25.0 7.0 25.0 590.0 392.0 590.0 
2 6 1.98 1.98 64.0 15.0 64.0 195.0 4.0 195.0 11.0 5.0 11.0 25.0 7.0 25.0 590.0 392.0 590.0 909.0 304.0 909.0 
2 3 0.95 0.95 804.0 31.0 804.0 702.0 490.0 702.0 676.0 149.0 676.0 
2 4 1.03 1.03 804.0 31.0 804.0 702.0 490.0 702.0 676.0 149.0 676.0 817.0 60.0 817.0 
2 5 1.35 1.35 804.0 31.0 804.0 702.0 490.0 702.0 676.0 149.0 676.0 817.0 60.0 817.0 851.0 275.0 851.0 
2 6 1.59 1.59 804.0 31.0 804.0 702.0 490.0 702.0 676.0 149.0 676.0 817.0 60.0 817.0 851.0 275.0 851.0 59.0 14.0 59.0 
2 7 1.76 1.76 804.0 31.0 804.0 702.0 490.0 702.0 676.0 149.0 676.0 817.0 60.0 817.0 851.0 275.0 851.0 59.0 14.0 59.0 802.0 143.0 802.0 
2 3 0.56 0.56 667.0 99.0 667.0 375.0 136.0 375.0 539.0 31.0 539.0 
2 4 0.98 0.98 667.0 99.0 667.0 375.0 136.0 375.0 539.0 31.0 539.0 850.0 350.0 850.0 
2 5 1.02 1.02 667.0 99.0 667.0 375.0 136.0 375.0 539.0 31.0 539.0 850.0 350.0 850.0 509.0 22.0 509.0 
2 6 1.34 1.34 667.0 99.0 667.0 375.0 136.0 375.0 539.0 31.0 539.0 850.0 350.0 850.0 509.0 22.0 509.0 738.0 240.0 738.0 
2 7 1.95 1.95 667.0 99.0 667.0 375.0 136.0 375.0 539.0 31.0 539.0 850.0 350.0 850.0 509.0 22.0 509.0 738.0 240.0 738.0 123.0 75.0 123.0 
2 3 1.58 1.58 498.0 2.0 498.0 303.0 285.0 303.0 234.0 151.0 234.0 
2 4 1.75 1.75 498.0 2.0 498.0 303.0 285.0 303.0 234.0 151.0 234.0 519.0 84.0 519.0 
2 5 1.94 1.94 498.0 2.0 498.0 303.0 285.0 303.0 234.0 151.0 234.0 519.0 84.0 519.0 700.0 136.0 700.0 
2 3 0.57 0.57 350.0 90.0 350.0 30.0 6.0 30.0 990.0 113.0 990.0 
2 4 1.03 1.03 350.0 90.0 350.0 30.0 6.0 30.0 990.0 113.0 990.0 663.0 308.0 663.0 
2 5 1.68 1.68 350.0 90.0 350.0 30.0 6.0 30.0 990.0 113.0 990.0 663.0 308.0 663.0 652.0 421.0 652.0 
2 6 1.97 1.97 350.0 90.0 350.0 30.0 6.0 30.0 990.0 113.0 990.0 663.0 308.0 663.0 652.0 421.0 652.0 650.0 188.0 650.0 
2 3 0.62 0.62 315.0 71.0 315.0 252.0 94.0 252.0 346.0 9.0 346.0 
2 4 0.95 0.95 315.0 71.0 315.0 252.0 94.0 252.0 346.0 9.0 346.0 506.0 165.0 506.0 
2 5 1.21 1.21 315.0 71.0 315.0 252.0 94.0 252.0 346.0 9.0 346.0 506.0 165.0 506.0 46.0 12.0 46.0 
2 3 1.32 1.32 973.0 409.0 973.0 47.0 30.0 47.0 874.0 236.0 874.0 
2 4 1.88 1.88 973.0 409.0 973.0 47.0 30.0 47.0 874.0 236.0 874.0 341.0 190.0 341.0 
2 3 0.32 0.32 987.0 65.0 987.0 427.0 32.0 427.0 59.0 11.0 59.0 
2 4 0.45 0.45 987.0 65.0 987.0 427.0 32.0 427.0 59.0 11.0 59.0 57.0 7.0 57.0 
2 5 0.77 0.77 987.0 65.0 987.0 427.0 32.0 427.0 59.0 11.0 59.0 57.0 7.0 57.0 155.0 50.0 155.0 
2 6 1.04 1.04 987.0 65.0 987.0 427.0 32.0 427.0 59.0 11.0 59.0 57.0 7.0 57.0 155.0 50.0 155.0 984.0 264.0 984.0 
2 7 1.84 1.84 987.0 65.0 987.0 427.0 32.0 427.0 59.0 11.0 59.0 57.0 7.0 57.0 155.0 50.0 155.0 984.0 264.0 984.0 36.0 29.0 36.0 
2 8 1.96 1.96 987.0 65.0 987.0 427.0 32.0 427.0 59.0 11.0 59.0 57.0 7.0 57.0 155.0 50.0 155.0 984.0 264.0 984.0 36.0 29.0 36.0 778.0 92.0 778.0 
2 3 1.19 1.19 871.0 268.0 871.0 167.0 92.0 167.0 561.0 187.0 561.0 
2 4 1.5 1.5 871.0 268.0 871.0 167.0 92.0 167.0 561.0 187.0 561.0 486.0 154.0 486.0 
2 5 1.95 1.95 871.0 268.0 871.0 167.0 92.0 167.0 561.0 187.0 561.0 486.0 154.0 486.0 785.0 354.0 785.0 
2 3 1.35 1.35 643.0 507.0 643.0 178.0 62.0 178.0 435.0 94.0 435.0 
2 4 1.66 1.66 643.0 507.0 643.0 178.0 62.0 178.0 435.0 94.0 435.0 294.0 91.0 294.0 
2 5 1.86 1.86 643.0 507.0 643.0 178.0 62.0 178.0 435.0 94.0 435.0 294.0 91.0 294.0 281.0 57.0 281.0 
2 6 1.92 1.92 643.0 507.0 643.0 178.0 62.0 178.0 435.0 94.0 435.0 294.0 91.0 294.0 281.0 57.0 281.0 173.0 10.0 173.0 
2 3 0.8 0.8 998.0 590.0 998.0 283.0 57.0 283.0 339.0 3.0 339.0 
2 4 1.5 1.5 998.0 590.0 998.0 283.0 57.0 283.0 339.0 3.0 339.0 327.0 230.0 327.0 
2 3 0.97 0.97 382.0 22.0 382.0 487.0 218.0 487.0 83.0 39.0 83.0 
2 4 1.86 1.86 382.0 22.0 382.0 487.0 218.0 487.0 83.0 39.0 83.0 723.0 647.0 723.0 
2 3 1.61 1.61 532.0 234.0 532.0 615.0 387.0 615.0 835.0 457.0 835.0 
2 3 1.17 1.17 906.0 258.0 906.0 382.0 53.0 382.0 99.0 74.0 99.0 
2 4 1.83 1.83 906.0 258.0 906.0 382.0 53.0 382.0 99.0 74.0 99.0 317.0 211.0 317.0 
2 3 0.63 0.63 359.0 60.0 359.0 576.0 203.0 576.0 358.0 43.0 358.0 
2 4 1.13 1.13 359.0 60.0 359.0 576.0 203.0 576.0 358.0 43.0 358.0 695.0 347.0 695.0 
2 5 1.64 1.64 359.0 60.0 359.0 576.0 203.0 576.0 358.0 43.0 358.0 695.0 347.0 695.0 484.0 246.0 484.0 
2 6 1.66 1.66 359.0 60.0 359.0 576.0 203.0 576.0 358.0 43.0 358.0 695.0 347.0 695.0 484.0 246.0 484.0 999.0 20.0 999.0 
2 3 1.44 1.44 244.0 238.0 244.0 309.0 2.0 309.0 674.0 310.0 674.0 
2 4 1.47 1.47 244.0 238.0 244.0 309.0 2.0 309.0 674.0 310.0 674.0 950.0 30.0 950.0 
2 5 1.51 1.51 244.0 238.0 244.0 309.0 2.0 309.0 674.0 310.0 674.0 950.0 30.0 950.0 80.0 3.0 80.0 
2 6 1.92 1.92 244.0 238.0 244.0 309.0 2.0 309.0 674.0 310.0 674.0 950.0 30.0 950.0 80.0 3.0 80.0 994.0 412.0 994.0 
2 3 0.61 0.61 390.0 142.0 390.0 647.0 33.0 647.0 625.0 126.0 625.0 
2 4 1.51 1.51 390.0 142.0 390.0 647.0 33.0 647.0 625.0 126.0 625.0 240.0 216.0 240.0 
2 5 1.56 1.56 390.0 142.0 390.0 647.0 33.0 647.0 625.0 126.0 625.0 240.0 216.0 240.0 343.0 17.0 343.0 
2 6 1.68 1.68 390.0 142.0 390.0 647.0 33.0 647.0 625.0 126.0 625.0 240.0 216.0 240.0 343.0 17.0 343.0 462.0 56.0 462.0 
2 3 1.14 1.14 436.0 386.0 436.0 550.0 121.0 550.0 946.0 38.0 946.0 
2 4 1.5 1.5 436.0 386.0 436.0 550.0 121.0 550.0 946.0 38.0 946.0 938.0 337.0 938.0 
2 5 1.93 1.93 436.0 386.0 436.0 550.0 121.0 550.0 946.0 38.0 946.0 938.0 337.0 938.0 753.0 327.0 753.0 
2 3 0.92 0.92 911.0 1.0 911.0 697.0 417.0 697.0 432.0 142.0 432.0 
2 4 0.93 0.93 911.0 1.0 911.0 697.0 417.0 697.0 432.0 142.0 432.0 193.0 2.0 193.0 
2 5 1.05 1.05 911.0 1.0 911.0 697.0 417.0 697.0 432.0 142.0 432.0 193.0 2.0 193.0 555.0 65.0 555.0 
2 6 1.2 1.2 911.0 1.0 911.0 697.0 417.0 697.0 432.0 142.0 432.0 193.0 2.0 193.0 555.0 65.0 555.0 151.0 23.0 151.0 
2 3 1.15 1.15 407.0 150.0 407.0 229.0 90.0 229.0 72.0 28.0 72.0 
2 4 1.72 1.72 407.0 150.0 407.0 229.0 90.0 229.0 72.0 28.0 72.0 204.0 117.0 204.0 
2 5 1.85 1.85 407.0 150.0 407.0 229.0 90.0 229.0 72.0 28.0 72.0 204.0 117.0 204.0 831.0 107.0 831.0 
2 3 0.52 0.52 925.0 289.0 925.0 856.0 72.0 856.0 201.0 25.0 201.0 
2 4 1.04 1.04 925.0 289.0 925.0 856.0 72.0 856.0 201.0 25.0 201.0 162.0 85.0 162.0 
2 5 1.37 1.37 925.0 289.0 925.0 856.0 72.0 856.0 201.0 25.0 201.0 162.0 85.0 162.0 216.0 71.0 216.0 
2 6 1.42 1.42 925.0 289.0 925.0 856.0 72.0 856.0 201.0 25.0 201.0 162.0 85.0 162.0 216.0 71.0 216.0 469.0 25.0 469.0 
2 7 1.74 1.74 925.0 289.0 925.0 856.0 72.0 856.0 201.0 25.0 201.0 162.0 85.0 162.0 216.0 71.0 216.0 469.0 25.0 469.0 601.0 191.0 601.0 
2 3 0.57 0.57 445.0 40.0 445.0 108.0 30.0 108.0 639.0 135.0 639.0 
2 4 1.26 1.26 445.0 40.0 445.0 108.0 30.0 108.0 639.0 135.0 639.0 183.0 125.0 183.0 
2 5 1.86 1.86 445.0 40.0 445.0 108.0 30.0 108.0 639.0 135.0 639.0 183.0 125.0 183.0 754.0 457.0 754.0 
2 3 1.24 1.24 187.0 124.0 187.0 162.0 15.0 162.0 928.0 451.0 928.0 
2 4 1.73 1.73 187.0 124.0 187.0 162.0 15.0 162.0 928.0 451.0 928.0 444.0 219.0 444.0 
2 3 1.15 1.15 334.0 11.0 334.0 292.0 54.0 292.0 872.0 821.0 872.0 
2 4 1.73 1.73 334.0 11.0 334.0 292.0 54.0 292.0 872.0 821.0 872.0 247.0 141.0 247.0 
2 5 1.83 1.83 334.0 11.0 334.0 292.0 54.0 292.0 872.0 821.0 872.0 247.0 141.0 247.0 477.0 48.0 477.0 
2 6 1.91 1.91 334.0 11.0 334.0 292.0 54.0 292.0 872.0 821.0 872.0 247.0 141.0 247.0 477.0 48.0 477.0 371.0 31.0 371.0 
2 7 1.94 1.94 334.0 11.0 334.0 292.0 54.0 292.0 872.0 821.0 872.0 247.0 141.0 247.0 477.0 48.0 477.0 371.0 31.0 371.0 521.0 18.0 521.0 
2 3 1.99 1.99 685.0 395.0 685.0 840.0 468.0 840.0 425.0 365.0 425.0 
2 3 0.95 0.95 799.0 660.0 799.0 900.0 6.0 900.0 328.0 39.0 328.0 
2 4 1.07 1.07 799.0 660.0 799.0 900.0 6.0 900.0 328.0 39.0 328.0 390.0 50.0 390.0 
2 5 1.1 1.1 799.0 660.0 799.0 900.0 6.0 900.0 328.0 39.0 328.0 390.0 50.0 390.0 561.0 12.0 561.0 
2 6 1.72 1.72 799.0 660.0 799.0 900.0 6.0 900.0 328.0 39.0 328.0 390.0 50.0 390.0 561.0 12.0 561.0 145.0 91.0 145.0 
2 7 1.85 1.85 799.0 660.0 799.0 900.0 6.0 900.0 328.0 39.0 328.0 390.0 50.0 390.0 561.0 12.0 561.0 145.0 91.0 145.0 114.0 14.0 114.0 
2 3 0.84 0.84 223.0 7.0 223.0 534.0 88.0 534.0 772.0 500.0 772.0 
2 4 1.45 1.45 223.0 7.0 223.0 534.0 88.0 534.0 772.0 500.0 772.0 866.0 530.0 866.0 
2 5 1.53 1.53 223.0 7.0 223.0 534.0 88.0 534.0 772.0 500.0 772.0 866.0 530.0 866.0 976.0 79.0 976.0 
2 3 0.31 0.31 807.0 31.0 807.0 589.0 81.0 589.0 699.0 98.0 699.0 
2 4 0.4 0.4 807.0 31.0 807.0 589.0 81.0 589.0 699.0 98.0 699.0 114.0 10.0 114.0 
2 5 1.4 1.4 807.0 31.0 807.0 589.0 81.0 589.0 699.0 98.0 699.0 114.0 10.0 114.0 548.0 548.0 548.0 
2 3 1.34 1.34 999.0 461.0 999.0 876.0 490.0 876.0 774.0 252.0 774.0 
2 3 1.01 1.01 499.0 230.0 499.0 980.0 237.0 980.0 41.0 13.0 41.0 
2 4 1.07 1.07 499.0 230.0 499.0 980.0 237.0 980.0 41.0 13.0 41.0 707.0 38.0 707.0 
2 5 1.12 1.12 499.0 230.0 499.0 980.0 237.0 980.0 41.0 13.0 41.0 707.0 38.0 707.0 783.0 40.0 783.0 
2 6 1.15 1.15 499.0 230.0 499.0 980.0 237.0 980.0 41.0 13.0 41.0 707.0 38.0 707.0 783.0 40.0 783.0 416.0 12.0 416.0 
2 7 1.66 1.66 499.0 230.0 499.0 980.0 237.0 980.0 41.0 13.0 41.0 707.0 38.0 707.0 783.0 40.0 783.0 416.0 12.0 416.0 343.0 175.0 343.0 
2 8 1.99 1.99 499.0 230.0 499.0 980.0 237.0 980.0 41.0 13.0 41.0 707.0 38.0 707.0 783.0 40.0 783.0 416.0 12.0 416.0 343.0 175.0 343.0 3.0 1.0 3.0 
2 3 0.66 0.66 170.0 85.0 170.0 417.0 46.0 417.0 379.0 19.0 379.0 
2 4 1.05 1.05 170.0 85.0 170.0 417.0 46.0 417.0 379.0 19.0 379.0 955.0 379.0 955.0 
2 5 1.12 1.12 170.0 85.0 170.0 417.0 46.0 417.0 379.0 19.0 379.0 955.0 379.0 955.0 116.0 8.0 116.0 
2 6 1.86 1.86 170.0 85.0 170.0 417.0 46.0 417.0 379.0 19.0 379.0 955.0 379.0 955.0 116.0 8.0 116.0 508.0 375.0 508.0 
2 3 0.67 0.67 369.0 195.0 369.0 458.0 58.0 458.0 787.0 14.0 787.0 
2 4 1.33 1.33 369.0 195.0 369.0 458.0 58.0 458.0 787.0 14.0 787.0 795.0 523.0 795.0 
2 5 1.62 1.62 369.0 195.0 369.0 458.0 58.0 458.0 787.0 14.0 787.0 795.0 523.0 795.0 990.0 289.0 990.0 
2 6 1.67 1.67 369.0 195.0 369.0 458.0 58.0 458.0 787.0 14.0 787.0 795.0 523.0 795.0 990.0 289.0 990.0 278.0 14.0 278.0 
2 3 1.0 1.0 626.0 152.0 626.0 364.0 127.0 364.0 963.0 395.0 963.0 
