1 2 0.82 0.82 11.0 9.0 11.0 623.0 2.0 623.0 
1 2 0.55 0.55 661.0 102.0 661.0 125.0 50.0 125.0 
1 2 0.8 0.8 893.0 137.0 893.0 883.0 571.0 883.0 
1 2 0.85 0.85 621.0 247.0 621.0 120.0 55.0 120.0 
1 2 0.88 0.88 597.0 288.0 597.0 45.0 18.0 45.0 
1 3 0.88 0.88 597.0 288.0 597.0 45.0 18.0 45.0 272.0 2.0 272.0 
1 2 0.16 0.16 779.0 97.0 779.0 643.0 26.0 643.0 
1 3 0.57 0.57 779.0 97.0 779.0 643.0 26.0 643.0 680.0 277.0 680.0 
1 2 0.33 0.33 491.0 111.0 491.0 55.0 6.0 55.0 
1 2 0.63 0.63 14.0 2.0 14.0 441.0 218.0 441.0 
1 2 0.9 0.9 958.0 632.0 958.0 671.0 164.0 671.0 
1 2 0.84 0.84 556.0 38.0 556.0 165.0 128.0 165.0 
1 2 0.48 0.48 610.0 144.0 610.0 266.0 67.0 266.0 
1 3 0.86 0.86 610.0 144.0 610.0 266.0 67.0 266.0 732.0 273.0 732.0 
1 4 0.98 0.98 610.0 144.0 610.0 266.0 67.0 266.0 732.0 273.0 732.0 639.0 80.0 639.0 
1 2 0.82 0.82 441.0 294.0 441.0 879.0 141.0 879.0 
1 3 0.83 0.83 441.0 294.0 441.0 879.0 141.0 879.0 951.0 12.0 951.0 
1 2 0.58 0.58 788.0 312.0 788.0 591.0 113.0 591.0 
1 3 0.86 0.86 788.0 312.0 788.0 591.0 113.0 591.0 532.0 146.0 532.0 
1 2 0.39 0.39 6.0 2.0 6.0 325.0 20.0 325.0 
1 3 0.56 0.56 6.0 2.0 6.0 325.0 20.0 325.0 324.0 56.0 324.0 
1 4 0.8 0.8 6.0 2.0 6.0 325.0 20.0 325.0 324.0 56.0 324.0 557.0 131.0 557.0 
1 2 0.21 0.21 252.0 38.0 252.0 292.0 20.0 292.0 
1 3 0.61 0.61 252.0 38.0 252.0 292.0 20.0 292.0 529.0 209.0 529.0 
1 2 0.05 0.05 838.0 16.0 838.0 597.0 23.0 597.0 
1 3 0.33 0.33 838.0 16.0 838.0 597.0 23.0 597.0 341.0 96.0 341.0 
1 4 0.37 0.37 838.0 16.0 838.0 597.0 23.0 597.0 341.0 96.0 341.0 637.0 21.0 637.0 
1 5 0.72 0.72 838.0 16.0 838.0 597.0 23.0 597.0 341.0 96.0 341.0 637.0 21.0 637.0 835.0 297.0 835.0 
1 2 0.33 0.33 316.0 73.0 316.0 833.0 84.0 833.0 
1 3 0.73 0.73 316.0 73.0 316.0 833.0 84.0 833.0 890.0 361.0 890.0 
1 4 0.85 0.85 316.0 73.0 316.0 833.0 84.0 833.0 890.0 361.0 890.0 273.0 32.0 273.0 
1 2 0.76 0.76 243.0 77.0 243.0 885.0 397.0 885.0 
1 2 0.65 0.65 432.0 216.0 432.0 173.0 26.0 173.0 
1 2 0.67 0.67 843.0 381.0 843.0 568.0 126.0 568.0 
1 3 0.98 0.98 843.0 381.0 843.0 568.0 126.0 568.0 68.0 21.0 68.0 
1 2 0.32 0.32 251.0 2.0 251.0 782.0 245.0 782.0 
1 3 0.58 0.58 251.0 2.0 251.0 782.0 245.0 782.0 273.0 71.0 273.0 
1 4 0.59 0.59 251.0 2.0 251.0 782.0 245.0 782.0 273.0 71.0 273.0 498.0 7.0 498.0 
1 5 0.79 0.79 251.0 2.0 251.0 782.0 245.0 782.0 273.0 71.0 273.0 498.0 7.0 498.0 10.0 2.0 10.0 
1 2 0.78 0.78 954.0 554.0 954.0 231.0 47.0 231.0 
1 2 0.17 0.17 35.0 2.0 35.0 756.0 86.0 756.0 
1 3 0.53 0.53 35.0 2.0 35.0 756.0 86.0 756.0 533.0 194.0 533.0 
1 4 0.78 0.78 35.0 2.0 35.0 756.0 86.0 756.0 533.0 194.0 533.0 852.0 209.0 852.0 
1 5 0.92 0.92 35.0 2.0 35.0 756.0 86.0 756.0 533.0 194.0 533.0 852.0 209.0 852.0 576.0 82.0 576.0 
1 2 0.82 0.82 477.0 41.0 477.0 804.0 595.0 804.0 
1 2 0.16 0.16 635.0 17.0 635.0 323.0 44.0 323.0 
1 3 0.37 0.37 635.0 17.0 635.0 323.0 44.0 323.0 216.0 45.0 216.0 
1 4 0.71 0.71 635.0 17.0 635.0 323.0 44.0 323.0 216.0 45.0 216.0 157.0 54.0 157.0 
1 5 0.9 0.9 635.0 17.0 635.0 323.0 44.0 323.0 216.0 45.0 216.0 157.0 54.0 157.0 469.0 88.0 469.0 
1 2 0.28 0.28 877.0 101.0 877.0 765.0 131.0 765.0 
1 3 0.68 0.68 877.0 101.0 877.0 765.0 131.0 765.0 924.0 366.0 924.0 
1 2 0.62 0.62 905.0 555.0 905.0 891.0 9.0 891.0 
1 2 0.55 0.55 618.0 167.0 618.0 303.0 87.0 303.0 
1 3 0.71 0.71 618.0 167.0 618.0 303.0 87.0 303.0 917.0 149.0 917.0 
1 2 0.76 0.76 801.0 149.0 801.0 219.0 127.0 219.0 
1 2 0.18 0.18 131.0 8.0 131.0 431.0 53.0 431.0 
1 2 0.78 0.78 234.0 101.0 234.0 68.0 24.0 68.0 
1 2 0.82 0.82 857.0 97.0 857.0 672.0 479.0 672.0 
1 2 0.58 0.58 578.0 83.0 578.0 439.0 193.0 439.0 
1 3 0.6 0.6 578.0 83.0 578.0 439.0 193.0 439.0 768.0 17.0 768.0 
1 2 0.4 0.4 473.0 132.0 473.0 531.0 65.0 531.0 
1 3 0.52 0.52 473.0 132.0 473.0 531.0 65.0 531.0 49.0 6.0 49.0 
1 2 0.29 0.29 360.0 23.0 360.0 281.0 65.0 281.0 
1 3 0.79 0.79 360.0 23.0 360.0 281.0 65.0 281.0 314.0 157.0 314.0 
1 2 0.44 0.44 984.0 258.0 984.0 272.0 51.0 272.0 
1 2 0.6 0.6 561.0 11.0 561.0 338.0 198.0 338.0 
1 3 0.84 0.84 561.0 11.0 561.0 338.0 198.0 338.0 325.0 79.0 325.0 
1 2 0.46 0.46 838.0 353.0 838.0 475.0 20.0 475.0 
1 3 0.52 0.52 838.0 353.0 838.0 475.0 20.0 475.0 398.0 25.0 398.0 
1 2 0.61 0.61 941.0 106.0 941.0 150.0 75.0 150.0 
1 2 0.95 0.95 536.0 4.0 536.0 422.0 399.0 422.0 
1 2 0.75 0.75 485.0 295.0 485.0 317.0 46.0 317.0 
1 3 0.81 0.81 485.0 295.0 485.0 317.0 46.0 317.0 845.0 51.0 845.0 
1 2 0.51 0.51 294.0 91.0 294.0 281.0 57.0 281.0 
1 2 0.51 0.51 908.0 237.0 908.0 478.0 120.0 478.0 
1 3 0.56 0.56 908.0 237.0 908.0 478.0 120.0 478.0 393.0 19.0 393.0 
1 2 0.6 0.6 528.0 276.0 528.0 468.0 40.0 468.0 
1 3 0.77 0.77 528.0 276.0 528.0 468.0 40.0 468.0 418.0 68.0 418.0 
1 4 0.77 0.77 528.0 276.0 528.0 468.0 40.0 468.0 418.0 68.0 418.0 770.0 4.0 770.0 
1 2 0.73 0.73 372.0 190.0 372.0 436.0 99.0 436.0 
1 3 0.8 0.8 372.0 190.0 372.0 436.0 99.0 436.0 115.0 8.0 115.0 
1 4 0.82 0.82 372.0 190.0 372.0 436.0 99.0 436.0 115.0 8.0 115.0 920.0 17.0 920.0 
1 2 0.68 0.68 394.0 73.0 394.0 751.0 372.0 751.0 
1 2 0.81 0.81 167.0 43.0 167.0 96.0 54.0 96.0 
1 2 0.91 0.91 371.0 134.0 371.0 718.0 399.0 718.0 
1 2 0.98 0.98 712.0 420.0 712.0 471.0 188.0 471.0 
1 2 0.6 0.6 745.0 70.0 745.0 182.0 93.0 182.0 
1 3 0.87 0.87 745.0 70.0 745.0 182.0 93.0 182.0 380.0 104.0 380.0 
1 2 0.76 0.76 14.0 8.0 14.0 955.0 181.0 955.0 
1 2 0.8 0.8 336.0 11.0 336.0 170.0 131.0 170.0 
1 3 0.82 0.82 336.0 11.0 336.0 170.0 131.0 170.0 348.0 7.0 348.0 
1 4 0.85 0.85 336.0 11.0 336.0 170.0 131.0 170.0 348.0 7.0 348.0 138.0 4.0 138.0 
1 2 0.35 0.35 759.0 134.0 759.0 900.0 158.0 900.0 
1 3 0.41 0.41 759.0 134.0 759.0 900.0 158.0 900.0 30.0 2.0 30.0 
1 4 0.78 0.78 759.0 134.0 759.0 900.0 158.0 900.0 30.0 2.0 30.0 574.0 208.0 574.0 
1 2 0.51 0.51 394.0 43.0 394.0 305.0 123.0 305.0 
1 3 0.83 0.83 394.0 43.0 394.0 305.0 123.0 305.0 623.0 201.0 623.0 
1 4 0.99 0.99 394.0 43.0 394.0 305.0 123.0 305.0 623.0 201.0 623.0 168.0 27.0 168.0 
1 2 0.19 0.19 466.0 27.0 466.0 386.0 51.0 386.0 
1 3 0.41 0.41 466.0 27.0 466.0 386.0 51.0 386.0 152.0 34.0 152.0 
1 2 0.78 0.78 708.0 230.0 708.0 400.0 185.0 400.0 
1 2 0.63 0.63 75.0 25.0 75.0 516.0 157.0 516.0 
1 3 0.83 0.83 75.0 25.0 75.0 516.0 157.0 516.0 31.0 6.0 31.0 
1 2 0.36 0.36 753.0 261.0 753.0 752.0 12.0 752.0 
1 3 0.41 0.41 753.0 261.0 753.0 752.0 12.0 752.0 824.0 41.0 824.0 
1 4 0.84 0.84 753.0 261.0 753.0 752.0 12.0 752.0 824.0 41.0 824.0 123.0 53.0 123.0 
1 2 0.9 0.9 649.0 296.0 649.0 619.0 276.0 619.0 
1 2 0.39 0.39 848.0 77.0 848.0 440.0 134.0 440.0 
1 3 0.4 0.4 848.0 77.0 848.0 440.0 134.0 440.0 898.0 13.0 898.0 
1 2 0.52 0.52 528.0 254.0 528.0 828.0 34.0 828.0 
1 3 0.93 0.93 528.0 254.0 528.0 828.0 34.0 828.0 79.0 33.0 79.0 
1 2 0.76 0.76 972.0 438.0 972.0 323.0 100.0 323.0 
1 2 0.79 0.79 909.0 332.0 909.0 185.0 80.0 185.0 
1 3 0.99 0.99 909.0 332.0 909.0 185.0 80.0 185.0 375.0 73.0 375.0 
1 2 0.2 0.2 240.0 7.0 240.0 769.0 135.0 769.0 
1 3 0.28 0.28 240.0 7.0 240.0 769.0 135.0 769.0 610.0 47.0 610.0 
1 4 0.72 0.72 240.0 7.0 240.0 769.0 135.0 769.0 610.0 47.0 610.0 9.0 4.0 9.0 
1 2 0.95 0.95 309.0 125.0 309.0 665.0 369.0 665.0 
1 2 0.45 0.45 677.0 4.0 677.0 310.0 139.0 310.0 
1 3 0.95 0.95 677.0 4.0 677.0 310.0 139.0 310.0 32.0 16.0 32.0 
1 2 0.78 0.78 221.0 86.0 221.0 903.0 360.0 903.0 
1 2 0.77 0.77 587.0 42.0 587.0 30.0 21.0 30.0 
1 2 0.24 0.24 515.0 19.0 515.0 831.0 170.0 831.0 
1 3 0.71 0.71 515.0 19.0 515.0 831.0 170.0 831.0 496.0 233.0 496.0 
1 4 0.81 0.81 515.0 19.0 515.0 831.0 170.0 831.0 496.0 233.0 496.0 217.0 22.0 217.0 
1 2 0.91 0.91 935.0 164.0 935.0 693.0 512.0 693.0 
1 2 0.96 0.96 547.0 301.0 547.0 774.0 320.0 774.0 
1 2 0.71 0.71 718.0 489.0 718.0 727.0 22.0 727.0 
1 2 0.56 0.56 728.0 358.0 728.0 126.0 9.0 126.0 
1 3 0.63 0.63 728.0 358.0 728.0 126.0 9.0 126.0 811.0 56.0 811.0 
1 4 0.68 0.68 728.0 358.0 728.0 126.0 9.0 126.0 811.0 56.0 811.0 525.0 27.0 525.0 
1 2 0.72 0.72 417.0 19.0 417.0 560.0 379.0 560.0 
1 2 0.29 0.29 951.0 278.0 951.0 444.0 2.0 444.0 
1 2 0.1 0.1 616.0 15.0 616.0 442.0 37.0 442.0 
1 3 0.5 0.5 616.0 15.0 616.0 442.0 37.0 442.0 316.0 126.0 316.0 
1 4 0.81 0.81 616.0 15.0 616.0 442.0 37.0 442.0 316.0 126.0 316.0 266.0 81.0 266.0 
1 2 0.21 0.21 826.0 153.0 826.0 754.0 23.0 754.0 
1 3 0.59 0.59 826.0 153.0 826.0 754.0 23.0 754.0 189.0 71.0 189.0 
1 2 0.76 0.76 46.0 13.0 46.0 465.0 226.0 465.0 
1 2 0.24 0.24 579.0 5.0 579.0 624.0 146.0 624.0 
1 3 0.51 0.51 579.0 5.0 579.0 624.0 146.0 624.0 362.0 97.0 362.0 
1 4 0.83 0.83 579.0 5.0 579.0 624.0 146.0 624.0 362.0 97.0 362.0 640.0 208.0 640.0 
1 2 0.05 0.05 384.0 19.0 384.0 153.0 1.0 153.0 
1 3 0.79 0.79 384.0 19.0 384.0 153.0 1.0 153.0 372.0 274.0 372.0 
1 2 0.35 0.35 67.0 3.0 67.0 900.0 277.0 900.0 
1 3 0.7 0.7 67.0 3.0 67.0 900.0 277.0 900.0 315.0 112.0 315.0 
1 2 0.43 0.43 992.0 17.0 992.0 699.0 294.0 699.0 
1 3 0.73 0.73 992.0 17.0 992.0 699.0 294.0 699.0 801.0 236.0 801.0 
1 2 0.65 0.65 359.0 170.0 359.0 363.0 67.0 363.0 
1 2 0.57 0.57 44.0 12.0 44.0 124.0 37.0 124.0 
1 3 0.91 0.91 44.0 12.0 44.0 124.0 37.0 124.0 635.0 219.0 635.0 
1 2 0.99 0.99 694.0 188.0 694.0 269.0 194.0 269.0 
1 2 0.99 0.99 376.0 228.0 376.0 665.0 257.0 665.0 
1 2 0.86 0.86 375.0 239.0 375.0 959.0 220.0 959.0 
1 2 0.52 0.52 192.0 47.0 192.0 402.0 111.0 402.0 
1 3 0.56 0.56 192.0 47.0 192.0 402.0 111.0 402.0 245.0 12.0 245.0 
1 4 0.85 0.85 192.0 47.0 192.0 402.0 111.0 402.0 245.0 12.0 245.0 481.0 138.0 481.0 
1 2 0.84 0.84 188.0 110.0 188.0 825.0 213.0 825.0 
1 3 0.93 0.93 188.0 110.0 188.0 825.0 213.0 825.0 239.0 21.0 239.0 
1 2 0.59 0.59 356.0 29.0 356.0 540.0 278.0 540.0 
1 3 0.98 0.98 356.0 29.0 356.0 540.0 278.0 540.0 850.0 330.0 850.0 
1 2 0.54 0.54 309.0 155.0 309.0 22.0 1.0 22.0 
1 3 0.91 0.91 309.0 155.0 309.0 22.0 1.0 22.0 412.0 151.0 412.0 
1 2 0.74 0.74 411.0 155.0 411.0 421.0 153.0 421.0 
1 2 0.55 0.55 13.0 1.0 13.0 273.0 131.0 273.0 
1 3 0.97 0.97 13.0 1.0 13.0 273.0 131.0 273.0 892.0 369.0 892.0 
1 2 0.64 0.64 456.0 234.0 456.0 479.0 64.0 479.0 
1 2 0.74 0.74 76.0 32.0 76.0 50.0 16.0 50.0 
1 2 0.63 0.63 305.0 52.0 305.0 404.0 189.0 404.0 
1 2 0.45 0.45 474.0 208.0 474.0 385.0 6.0 385.0 
1 2 0.95 0.95 416.0 336.0 416.0 772.0 115.0 772.0 
1 2 0.88 0.88 334.0 148.0 334.0 776.0 344.0 776.0 
1 2 0.53 0.53 744.0 248.0 744.0 694.0 137.0 694.0 
1 3 0.95 0.95 744.0 248.0 744.0 694.0 137.0 694.0 612.0 259.0 612.0 
1 2 0.97 0.97 372.0 272.0 372.0 840.0 207.0 840.0 
1 2 0.96 0.96 921.0 294.0 921.0 679.0 436.0 679.0 
1 2 0.96 0.96 154.0 110.0 154.0 272.0 69.0 272.0 
1 2 0.93 0.93 856.0 565.0 856.0 897.0 250.0 897.0 
1 2 0.67 0.67 433.0 166.0 433.0 599.0 177.0 599.0 
1 3 0.92 0.92 433.0 166.0 433.0 599.0 177.0 599.0 489.0 122.0 489.0 
1 2 0.42 0.42 550.0 169.0 550.0 214.0 25.0 214.0 
1 3 0.67 0.67 550.0 169.0 550.0 214.0 25.0 214.0 272.0 69.0 272.0 
1 2 0.54 0.54 637.0 149.0 637.0 75.0 23.0 75.0 
1 2 0.48 0.48 576.0 96.0 576.0 822.0 262.0 822.0 
1 3 0.93 0.93 576.0 96.0 576.0 822.0 262.0 822.0 430.0 192.0 430.0 
1 2 0.32 0.32 617.0 17.0 617.0 150.0 45.0 150.0 
1 3 0.5 0.5 617.0 17.0 617.0 150.0 45.0 150.0 458.0 82.0 458.0 
1 2 0.77 0.77 348.0 129.0 348.0 57.0 23.0 57.0 
1 2 0.78 0.78 670.0 1.0 670.0 750.0 585.0 750.0 
1 2 0.7 0.7 285.0 95.0 285.0 940.0 346.0 940.0 
1 2 0.9 0.9 317.0 211.0 317.0 663.0 156.0 663.0 
1 2 0.84 0.84 661.0 267.0 661.0 131.0 58.0 131.0 
1 2 0.37 0.37 700.0 71.0 700.0 733.0 204.0 733.0 
1 3 0.67 0.67 700.0 71.0 700.0 733.0 204.0 733.0 311.0 93.0 311.0 
1 4 0.84 0.84 700.0 71.0 700.0 733.0 204.0 733.0 311.0 93.0 311.0 204.0 34.0 204.0 
1 2 0.99 0.99 201.0 85.0 201.0 804.0 458.0 804.0 
1 2 0.59 0.59 552.0 178.0 552.0 435.0 117.0 435.0 
1 3 0.91 0.91 552.0 178.0 552.0 435.0 117.0 435.0 607.0 194.0 607.0 
1 2 0.14 0.14 31.0 3.0 31.0 405.0 21.0 405.0 
1 3 0.6 0.6 31.0 3.0 31.0 405.0 21.0 405.0 890.0 404.0 890.0 
1 2 0.6 0.6 433.0 137.0 433.0 464.0 134.0 464.0 
1 2 0.8 0.8 32.0 11.0 32.0 667.0 306.0 667.0 
1 2 0.62 0.62 575.0 231.0 575.0 58.0 13.0 58.0 
1 2 0.42 0.42 853.0 297.0 853.0 853.0 68.0 853.0 
1 3 0.98 0.98 853.0 297.0 853.0 853.0 68.0 853.0 314.0 176.0 314.0 
1 2 0.56 0.56 791.0 141.0 791.0 477.0 184.0 477.0 
1 3 0.79 0.79 791.0 141.0 791.0 477.0 184.0 477.0 119.0 27.0 119.0 
1 4 0.98 0.98 791.0 141.0 791.0 477.0 184.0 477.0 119.0 27.0 119.0 37.0 7.0 37.0 
1 2 0.92 0.92 173.0 32.0 173.0 908.0 675.0 908.0 
1 2 0.86 0.86 270.0 104.0 270.0 609.0 292.0 609.0 
1 2 0.57 0.57 116.0 58.0 116.0 481.0 35.0 481.0 
1 3 0.95 0.95 116.0 58.0 116.0 481.0 35.0 481.0 762.0 289.0 762.0 
1 2 0.97 0.97 489.0 147.0 489.0 516.0 350.0 516.0 
1 2 0.03 0.03 644.0 7.0 644.0 542.0 11.0 542.0 
1 3 0.32 0.32 644.0 7.0 644.0 542.0 11.0 542.0 893.0 266.0 893.0 
1 4 0.77 0.77 644.0 7.0 644.0 542.0 11.0 542.0 893.0 266.0 893.0 249.0 110.0 249.0 
1 5 0.89 0.89 644.0 7.0 644.0 542.0 11.0 542.0 893.0 266.0 893.0 249.0 110.0 249.0 179.0 23.0 179.0 
1 2 0.75 0.75 953.0 328.0 953.0 537.0 222.0 537.0 
1 2 0.78 0.78 936.0 84.0 936.0 267.0 185.0 267.0 
1 2 0.51 0.51 12.0 2.0 12.0 215.0 74.0 215.0 
1 2 0.63 0.63 132.0 51.0 132.0 858.0 212.0 858.0 
1 2 0.49 0.49 147.0 7.0 147.0 606.0 272.0 606.0 
1 2 0.25 0.25 676.0 144.0 676.0 756.0 28.0 756.0 
1 3 0.34 0.34 676.0 144.0 676.0 756.0 28.0 756.0 133.0 12.0 133.0 
1 4 0.84 0.84 676.0 144.0 676.0 756.0 28.0 756.0 133.0 12.0 133.0 440.0 221.0 440.0 
1 2 0.42 0.42 952.0 232.0 952.0 38.0 7.0 38.0 
1 3 0.45 0.45 952.0 232.0 952.0 38.0 7.0 38.0 684.0 17.0 684.0 
1 2 0.47 0.47 101.0 13.0 101.0 588.0 204.0 588.0 
1 3 0.69 0.69 101.0 13.0 101.0 588.0 204.0 588.0 679.0 147.0 679.0 
1 2 0.85 0.85 105.0 52.0 105.0 77.0 28.0 77.0 
1 2 0.42 0.42 574.0 141.0 574.0 895.0 163.0 895.0 
1 2 0.54 0.54 864.0 372.0 864.0 726.0 86.0 726.0 
1 3 0.62 0.62 864.0 372.0 864.0 726.0 86.0 726.0 70.0 5.0 70.0 
1 2 0.34 0.34 784.0 99.0 784.0 944.0 205.0 944.0 
1 3 0.42 0.42 784.0 99.0 784.0 944.0 205.0 944.0 185.0 16.0 185.0 
1 4 0.93 0.93 784.0 99.0 784.0 944.0 205.0 944.0 185.0 16.0 185.0 132.0 67.0 132.0 
1 5 0.97 0.97 784.0 99.0 784.0 944.0 205.0 944.0 185.0 16.0 185.0 132.0 67.0 132.0 208.0 7.0 208.0 
1 2 0.91 0.91 809.0 386.0 809.0 101.0 44.0 101.0 
1 2 0.96 0.96 189.0 155.0 189.0 831.0 118.0 831.0 
1 2 0.59 0.59 717.0 4.0 717.0 229.0 134.0 229.0 
1 3 0.79 0.79 717.0 4.0 717.0 229.0 134.0 229.0 960.0 193.0 960.0 
1 2 0.78 0.78 521.0 139.0 521.0 35.0 18.0 35.0 
1 2 0.3 0.3 982.0 140.0 982.0 554.0 92.0 554.0 
1 3 0.41 0.41 982.0 140.0 982.0 554.0 92.0 554.0 344.0 38.0 344.0 
1 4 0.68 0.68 982.0 140.0 982.0 554.0 92.0 554.0 344.0 38.0 344.0 248.0 65.0 248.0 
1 2 0.51 0.51 602.0 165.0 602.0 535.0 130.0 535.0 
1 3 0.67 0.67 602.0 165.0 602.0 535.0 130.0 535.0 874.0 135.0 874.0 
1 4 0.68 0.68 602.0 165.0 602.0 535.0 130.0 535.0 874.0 135.0 874.0 830.0 13.0 830.0 
1 5 0.79 0.79 602.0 165.0 602.0 535.0 130.0 535.0 874.0 135.0 874.0 830.0 13.0 830.0 814.0 84.0 814.0 
1 6 0.92 0.92 602.0 165.0 602.0 535.0 130.0 535.0 874.0 135.0 874.0 830.0 13.0 830.0 814.0 84.0 814.0 96.0 13.0 96.0 
1 2 0.43 0.43 415.0 73.0 415.0 981.0 255.0 981.0 
1 2 0.8 0.8 562.0 315.0 562.0 291.0 71.0 291.0 
1 2 0.63 0.63 284.0 130.0 284.0 793.0 143.0 793.0 
1 3 0.79 0.79 284.0 130.0 284.0 793.0 143.0 793.0 742.0 114.0 742.0 
1 4 0.86 0.86 284.0 130.0 284.0 793.0 143.0 793.0 742.0 114.0 742.0 314.0 24.0 314.0 
1 2 0.98 0.98 561.0 189.0 561.0 135.0 88.0 135.0 
1 2 0.38 0.38 493.0 172.0 493.0 691.0 26.0 691.0 
1 3 0.85 0.85 493.0 172.0 493.0 691.0 26.0 691.0 292.0 138.0 292.0 
1 2 0.75 0.75 78.0 8.0 78.0 716.0 466.0 716.0 
1 2 0.97 0.97 906.0 603.0 906.0 435.0 134.0 435.0 
1 2 0.86 0.86 367.0 66.0 367.0 549.0 375.0 549.0 
1 2 0.97 0.97 31.0 23.0 31.0 333.0 77.0 333.0 
1 2 0.72 0.72 983.0 324.0 983.0 794.0 314.0 794.0 
1 2 0.36 0.36 187.0 63.0 187.0 333.0 10.0 333.0 
1 3 0.89 0.89 187.0 63.0 187.0 333.0 10.0 333.0 342.0 182.0 342.0 
1 2 0.99 0.99 252.0 16.0 252.0 533.0 496.0 533.0 
1 2 0.67 0.67 168.0 85.0 168.0 393.0 66.0 393.0 
1 2 0.81 0.81 239.0 22.0 239.0 460.0 331.0 460.0 
1 2 0.67 0.67 115.0 56.0 115.0 1000.0 189.0 1000.0 
1 3 0.91 0.91 115.0 56.0 115.0 1000.0 189.0 1000.0 373.0 89.0 373.0 
1 2 0.16 0.16 419.0 3.0 419.0 663.0 106.0 663.0 
1 3 0.4 0.4 419.0 3.0 419.0 663.0 106.0 663.0 157.0 38.0 157.0 
1 4 0.69 0.69 419.0 3.0 419.0 663.0 106.0 663.0 157.0 38.0 157.0 104.0 30.0 104.0 
1 2 0.98 0.98 399.0 66.0 399.0 974.0 797.0 974.0 
1 2 0.54 0.54 37.0 4.0 37.0 60.0 26.0 60.0 
1 3 0.67 0.67 37.0 4.0 37.0 60.0 26.0 60.0 295.0 39.0 295.0 
1 2 0.65 0.65 924.0 460.0 924.0 939.0 152.0 939.0 
1 2 0.67 0.67 962.0 193.0 962.0 440.0 207.0 440.0 
1 3 0.72 0.72 962.0 193.0 962.0 440.0 207.0 440.0 245.0 12.0 245.0 
1 2 0.73 0.73 942.0 407.0 942.0 329.0 101.0 329.0 
1 2 0.16 0.16 199.0 7.0 199.0 344.0 45.0 344.0 
1 3 0.75 0.75 199.0 7.0 199.0 344.0 45.0 344.0 623.0 370.0 623.0 
1 2 0.79 0.79 572.0 188.0 572.0 777.0 364.0 777.0 
1 2 0.4 0.4 86.0 34.0 86.0 485.0 6.0 485.0 
1 3 0.58 0.58 86.0 34.0 86.0 485.0 6.0 485.0 745.0 132.0 745.0 
1 2 0.79 0.79 130.0 87.0 130.0 449.0 56.0 449.0 
1 2 0.35 0.35 614.0 70.0 614.0 419.0 101.0 419.0 
1 3 0.75 0.75 614.0 70.0 614.0 419.0 101.0 419.0 557.0 224.0 557.0 
1 2 0.43 0.43 478.0 208.0 478.0 947.0 2.0 947.0 
1 3 0.79 0.79 478.0 208.0 478.0 947.0 2.0 947.0 78.0 28.0 78.0 
1 2 0.45 0.45 737.0 76.0 737.0 147.0 52.0 147.0 
1 3 0.46 0.46 737.0 76.0 737.0 147.0 52.0 147.0 140.0 1.0 140.0 
1 4 0.91 0.91 737.0 76.0 737.0 147.0 52.0 147.0 140.0 1.0 140.0 753.0 341.0 753.0 
1 2 0.42 0.42 432.0 166.0 432.0 101.0 4.0 101.0 
1 3 0.58 0.58 432.0 166.0 432.0 101.0 4.0 101.0 765.0 124.0 765.0 
1 4 0.63 0.63 432.0 166.0 432.0 101.0 4.0 101.0 765.0 124.0 765.0 747.0 33.0 747.0 
1 5 0.64 0.64 432.0 166.0 432.0 101.0 4.0 101.0 765.0 124.0 765.0 747.0 33.0 747.0 679.0 9.0 679.0 
1 2 0.84 0.84 593.0 372.0 593.0 222.0 49.0 222.0 
1 2 0.77 0.77 41.0 28.0 41.0 768.0 68.0 768.0 
1 2 0.44 0.44 600.0 252.0 600.0 984.0 28.0 984.0 
1 3 0.89 0.89 600.0 252.0 600.0 984.0 28.0 984.0 877.0 392.0 877.0 
1 2 0.57 0.57 383.0 69.0 383.0 744.0 296.0 744.0 
1 2 0.78 0.78 721.0 40.0 721.0 367.0 269.0 367.0 
1 2 0.34 0.34 182.0 51.0 182.0 517.0 35.0 517.0 
1 3 0.44 0.44 182.0 51.0 182.0 517.0 35.0 517.0 89.0 9.0 89.0 
1 4 0.55 0.55 182.0 51.0 182.0 517.0 35.0 517.0 89.0 9.0 89.0 799.0 81.0 799.0 
1 5 0.75 0.75 182.0 51.0 182.0 517.0 35.0 517.0 89.0 9.0 89.0 799.0 81.0 799.0 374.0 76.0 374.0 
1 2 0.49 0.49 44.0 9.0 44.0 822.0 239.0 822.0 
1 3 0.65 0.65 44.0 9.0 44.0 822.0 239.0 822.0 931.0 152.0 931.0 
1 2 0.75 0.75 563.0 343.0 563.0 235.0 35.0 235.0 
1 2 0.19 0.19 149.0 9.0 149.0 304.0 40.0 304.0 
1 3 0.49 0.49 149.0 9.0 149.0 304.0 40.0 304.0 635.0 192.0 635.0 
1 4 0.72 0.72 149.0 9.0 149.0 304.0 40.0 304.0 635.0 192.0 635.0 794.0 187.0 794.0 
1 5 0.82 0.82 149.0 9.0 149.0 304.0 40.0 304.0 635.0 192.0 635.0 794.0 187.0 794.0 495.0 45.0 495.0 
1 6 0.93 0.93 149.0 9.0 149.0 304.0 40.0 304.0 635.0 192.0 635.0 794.0 187.0 794.0 495.0 45.0 495.0 53.0 6.0 53.0 
1 2 0.3 0.3 936.0 23.0 936.0 634.0 177.0 634.0 
1 3 0.31 0.31 936.0 23.0 936.0 634.0 177.0 634.0 715.0 9.0 715.0 
1 4 0.5 0.5 936.0 23.0 936.0 634.0 177.0 634.0 715.0 9.0 715.0 348.0 67.0 348.0 
1 2 0.26 0.26 283.0 43.0 283.0 211.0 24.0 211.0 
1 3 0.41 0.41 283.0 43.0 283.0 211.0 24.0 211.0 875.0 129.0 875.0 
1 2 0.28 0.28 534.0 61.0 534.0 789.0 132.0 789.0 
1 3 0.48 0.48 534.0 61.0 534.0 789.0 132.0 789.0 816.0 163.0 816.0 
1 4 0.79 0.79 534.0 61.0 534.0 789.0 132.0 789.0 816.0 163.0 816.0 720.0 224.0 720.0 
1 5 0.93 0.93 534.0 61.0 534.0 789.0 132.0 789.0 816.0 163.0 816.0 720.0 224.0 720.0 885.0 123.0 885.0 
1 2 0.08 0.08 40.0 3.0 40.0 136.0 2.0 136.0 
1 3 0.32 0.32 40.0 3.0 40.0 136.0 2.0 136.0 762.0 183.0 762.0 
1 4 0.62 0.62 40.0 3.0 40.0 136.0 2.0 136.0 762.0 183.0 762.0 732.0 218.0 732.0 
1 2 0.71 0.71 850.0 324.0 850.0 865.0 285.0 865.0 
1 3 0.79 0.79 850.0 324.0 850.0 865.0 285.0 865.0 36.0 3.0 36.0 
1 2 0.76 0.76 407.0 168.0 407.0 832.0 293.0 832.0 
1 3 0.88 0.88 407.0 168.0 407.0 832.0 293.0 832.0 543.0 67.0 543.0 
1 2 0.32 0.32 623.0 74.0 623.0 959.0 197.0 959.0 
1 3 0.79 0.79 623.0 74.0 623.0 959.0 197.0 959.0 848.0 400.0 848.0 
1 2 0.1 0.1 147.0 11.0 147.0 928.0 32.0 928.0 
1 3 0.66 0.66 147.0 11.0 147.0 928.0 32.0 928.0 120.0 67.0 120.0 
1 2 0.43 0.43 50.0 13.0 50.0 641.0 115.0 641.0 
1 3 0.67 0.67 50.0 13.0 50.0 641.0 115.0 641.0 293.0 69.0 293.0 
1 2 0.64 0.64 496.0 166.0 496.0 421.0 131.0 421.0 
1 2 0.35 0.35 449.0 89.0 449.0 668.0 102.0 668.0 
1 2 0.38 0.38 335.0 91.0 335.0 64.0 7.0 64.0 
1 3 0.57 0.57 335.0 91.0 335.0 64.0 7.0 64.0 259.0 51.0 259.0 
1 2 0.36 0.36 63.0 19.0 63.0 541.0 32.0 541.0 
1 2 0.66 0.66 847.0 233.0 847.0 745.0 292.0 745.0 
1 3 0.73 0.73 847.0 233.0 847.0 745.0 292.0 745.0 46.0 3.0 46.0 
1 4 0.77 0.77 847.0 233.0 847.0 745.0 292.0 745.0 46.0 3.0 46.0 864.0 41.0 864.0 
1 2 0.34 0.34 944.0 98.0 944.0 669.0 161.0 669.0 
1 2 0.64 0.64 831.0 101.0 831.0 960.0 503.0 960.0 
1 3 0.69 0.69 831.0 101.0 831.0 960.0 503.0 960.0 485.0 25.0 485.0 
1 2 0.52 0.52 126.0 7.0 126.0 687.0 325.0 687.0 
1 3 0.88 0.88 126.0 7.0 126.0 687.0 325.0 687.0 389.0 138.0 389.0 
1 4 0.88 0.88 126.0 7.0 126.0 687.0 325.0 687.0 389.0 138.0 389.0 341.0 1.0 341.0 
1 2 0.51 0.51 994.0 188.0 994.0 674.0 219.0 674.0 
1 3 0.96 0.96 994.0 188.0 994.0 674.0 219.0 674.0 540.0 244.0 540.0 
1 2 0.9 0.9 883.0 533.0 883.0 641.0 194.0 641.0 
1 3 0.99 0.99 883.0 533.0 883.0 641.0 194.0 641.0 855.0 80.0 855.0 
1 2 0.82 0.82 978.0 366.0 978.0 161.0 73.0 161.0 
1 2 0.81 0.81 911.0 143.0 911.0 86.0 57.0 86.0 
1 2 0.64 0.64 8.0 3.0 8.0 814.0 219.0 814.0 
1 3 0.69 0.69 8.0 3.0 8.0 814.0 219.0 814.0 265.0 13.0 265.0 
1 4 0.85 0.85 8.0 3.0 8.0 814.0 219.0 814.0 265.0 13.0 265.0 321.0 53.0 321.0 
1 5 0.9 0.9 8.0 3.0 8.0 814.0 219.0 814.0 265.0 13.0 265.0 321.0 53.0 321.0 981.0 50.0 981.0 
1 2 0.77 0.77 965.0 301.0 965.0 145.0 67.0 145.0 
1 2 0.28 0.28 159.0 11.0 159.0 61.0 13.0 61.0 
1 3 0.45 0.45 159.0 11.0 159.0 61.0 13.0 61.0 637.0 110.0 637.0 
1 4 0.81 0.81 159.0 11.0 159.0 61.0 13.0 61.0 637.0 110.0 637.0 593.0 212.0 593.0 
1 2 0.56 0.56 891.0 171.0 891.0 95.0 35.0 95.0 
1 2 0.65 0.65 143.0 5.0 143.0 670.0 413.0 670.0 
1 2 0.39 0.39 858.0 234.0 858.0 720.0 89.0 720.0 
1 3 0.62 0.62 858.0 234.0 858.0 720.0 89.0 720.0 554.0 129.0 554.0 
1 2 0.6 0.6 52.0 9.0 52.0 889.0 387.0 889.0 
1 3 0.92 0.92 52.0 9.0 52.0 889.0 387.0 889.0 494.0 158.0 494.0 
1 2 0.42 0.42 520.0 65.0 520.0 584.0 178.0 584.0 
1 3 0.44 0.44 520.0 65.0 520.0 584.0 178.0 584.0 935.0 14.0 935.0 
1 4 0.47 0.47 520.0 65.0 520.0 584.0 178.0 584.0 935.0 14.0 935.0 491.0 14.0 491.0 
1 2 0.6 0.6 317.0 137.0 317.0 917.0 163.0 917.0 
1 3 0.85 0.85 317.0 137.0 317.0 917.0 163.0 917.0 8.0 2.0 8.0 
1 2 0.82 0.82 166.0 114.0 166.0 515.0 69.0 515.0 
1 2 0.93 0.93 826.0 206.0 826.0 461.0 316.0 461.0 
1 2 0.98 0.98 263.0 236.0 263.0 931.0 79.0 931.0 
1 2 0.75 0.75 18.0 6.0 18.0 825.0 351.0 825.0 
1 3 0.8 0.8 18.0 6.0 18.0 825.0 351.0 825.0 921.0 41.0 921.0 
1 2 0.34 0.34 265.0 83.0 265.0 737.0 20.0 737.0 
1 3 0.36 0.36 265.0 83.0 265.0 737.0 20.0 737.0 433.0 9.0 433.0 
1 4 0.56 0.56 265.0 83.0 265.0 737.0 20.0 737.0 433.0 9.0 433.0 479.0 96.0 479.0 
1 5 0.74 0.74 265.0 83.0 265.0 737.0 20.0 737.0 433.0 9.0 433.0 479.0 96.0 479.0 99.0 18.0 99.0 
1 6 0.9 0.9 265.0 83.0 265.0 737.0 20.0 737.0 433.0 9.0 433.0 479.0 96.0 479.0 99.0 18.0 99.0 43.0 7.0 43.0 
1 2 0.31 0.31 621.0 27.0 621.0 236.0 64.0 236.0 
1 3 0.42 0.42 621.0 27.0 621.0 236.0 64.0 236.0 552.0 63.0 552.0 
1 2 0.62 0.62 712.0 315.0 712.0 532.0 95.0 532.0 
1 2 0.71 0.71 234.0 64.0 234.0 853.0 373.0 853.0 
1 2 0.31 0.31 768.0 183.0 768.0 531.0 41.0 531.0 
1 3 0.75 0.75 768.0 183.0 768.0 531.0 41.0 531.0 303.0 132.0 303.0 
1 2 0.51 0.51 59.0 8.0 59.0 833.0 320.0 833.0 
1 2 0.93 0.93 233.0 81.0 233.0 633.0 370.0 633.0 
1 2 0.85 0.85 201.0 72.0 201.0 245.0 121.0 245.0 
1 3 0.98 0.98 201.0 72.0 201.0 245.0 121.0 245.0 706.0 94.0 706.0 
1 2 0.23 0.23 915.0 172.0 915.0 830.0 41.0 830.0 
1 3 0.46 0.46 915.0 172.0 915.0 830.0 41.0 830.0 344.0 80.0 344.0 
1 4 0.81 0.81 915.0 172.0 915.0 830.0 41.0 830.0 344.0 80.0 344.0 480.0 168.0 480.0 
1 2 0.67 0.67 429.0 86.0 429.0 922.0 435.0 922.0 
1 3 0.88 0.88 429.0 86.0 429.0 922.0 435.0 922.0 201.0 43.0 201.0 
1 2 0.93 0.93 26.0 18.0 26.0 525.0 130.0 525.0 
1 2 0.94 0.94 772.0 367.0 772.0 884.0 412.0 884.0 
1 2 0.2 0.2 637.0 3.0 637.0 250.0 50.0 250.0 
1 3 0.7 0.7 637.0 3.0 637.0 250.0 50.0 250.0 146.0 73.0 146.0 
1 2 0.27 0.27 211.0 11.0 211.0 798.0 181.0 798.0 
1 3 0.65 0.65 211.0 11.0 211.0 798.0 181.0 798.0 392.0 147.0 392.0 
1 4 0.73 0.73 211.0 11.0 211.0 798.0 181.0 798.0 392.0 147.0 392.0 148.0 12.0 148.0 
1 5 0.9 0.9 211.0 11.0 211.0 798.0 181.0 798.0 392.0 147.0 392.0 148.0 12.0 148.0 577.0 100.0 577.0 
1 2 0.37 0.37 572.0 213.0 572.0 563.0 3.0 563.0 
1 3 0.57 0.57 572.0 213.0 572.0 563.0 3.0 563.0 300.0 59.0 300.0 
1 4 0.93 0.93 572.0 213.0 572.0 563.0 3.0 563.0 300.0 59.0 300.0 56.0 20.0 56.0 
1 5 0.95 0.95 572.0 213.0 572.0 563.0 3.0 563.0 300.0 59.0 300.0 56.0 20.0 56.0 444.0 9.0 444.0 
1 2 0.64 0.64 699.0 364.0 699.0 498.0 61.0 498.0 
1 3 0.92 0.92 699.0 364.0 699.0 498.0 61.0 498.0 950.0 271.0 950.0 
1 2 0.26 0.26 47.0 3.0 47.0 891.0 179.0 891.0 
1 3 0.63 0.63 47.0 3.0 47.0 891.0 179.0 891.0 455.0 170.0 455.0 
1 4 0.73 0.73 47.0 3.0 47.0 891.0 179.0 891.0 455.0 170.0 455.0 91.0 9.0 91.0 
1 2 0.42 0.42 28.0 8.0 28.0 926.0 126.0 926.0 
1 3 0.89 0.89 28.0 8.0 28.0 926.0 126.0 926.0 856.0 406.0 856.0 
1 4 0.97 0.97 28.0 8.0 28.0 926.0 126.0 926.0 856.0 406.0 856.0 606.0 47.0 606.0 
1 2 0.97 0.97 127.0 96.0 127.0 112.0 25.0 112.0 
1 2 0.68 0.68 74.0 27.0 74.0 510.0 164.0 510.0 
1 3 0.94 0.94 74.0 27.0 74.0 510.0 164.0 510.0 699.0 181.0 699.0 
1 2 0.98 0.98 44.0 11.0 44.0 88.0 65.0 88.0 
1 2 0.82 0.82 589.0 423.0 589.0 621.0 65.0 621.0 
1 3 0.94 0.94 589.0 423.0 589.0 621.0 65.0 621.0 8.0 1.0 8.0 
1 2 0.29 0.29 651.0 175.0 651.0 81.0 2.0 81.0 
1 3 0.63 0.63 651.0 175.0 651.0 81.0 2.0 81.0 725.0 249.0 725.0 
1 4 0.64 0.64 651.0 175.0 651.0 81.0 2.0 81.0 725.0 249.0 725.0 344.0 3.0 344.0 
1 2 0.69 0.69 340.0 6.0 340.0 437.0 297.0 437.0 
1 2 0.94 0.94 410.0 183.0 410.0 649.0 323.0 649.0 
1 2 0.12 0.12 741.0 90.0 741.0 266.0 2.0 266.0 
1 3 0.47 0.47 741.0 90.0 741.0 266.0 2.0 266.0 413.0 143.0 413.0 
1 2 0.48 0.48 939.0 142.0 939.0 819.0 272.0 819.0 
1 2 0.43 0.43 761.0 90.0 761.0 405.0 129.0 405.0 
1 3 0.77 0.77 761.0 90.0 761.0 405.0 129.0 405.0 47.0 16.0 47.0 
1 2 0.78 0.78 298.0 114.0 298.0 282.0 113.0 282.0 
1 3 0.88 0.88 298.0 114.0 298.0 282.0 113.0 282.0 232.0 23.0 232.0 
1 2 0.94 0.94 323.0 276.0 323.0 155.0 14.0 155.0 
1 2 0.11 0.11 473.0 10.0 473.0 31.0 3.0 31.0 
1 3 0.36 0.36 473.0 10.0 473.0 31.0 3.0 31.0 655.0 163.0 655.0 
1 4 0.82 0.82 473.0 10.0 473.0 31.0 3.0 31.0 655.0 163.0 655.0 735.0 340.0 735.0 
1 2 0.8 0.8 908.0 309.0 908.0 604.0 282.0 604.0 
1 3 0.91 0.91 908.0 309.0 908.0 604.0 282.0 604.0 302.0 34.0 302.0 
1 2 0.54 0.54 549.0 161.0 549.0 484.0 124.0 484.0 
1 3 0.83 0.83 549.0 161.0 549.0 484.0 124.0 484.0 532.0 154.0 532.0 
1 2 0.53 0.53 51.0 23.0 51.0 765.0 61.0 765.0 
1 2 0.75 0.75 812.0 320.0 812.0 527.0 188.0 527.0 
1 2 0.62 0.62 424.0 139.0 424.0 711.0 214.0 711.0 
1 2 0.79 0.79 292.0 39.0 292.0 493.0 326.0 493.0 
1 2 0.75 0.75 370.0 83.0 370.0 837.0 448.0 837.0 
1 2 0.16 0.16 549.0 61.0 549.0 563.0 33.0 563.0 
1 3 0.55 0.55 549.0 61.0 549.0 563.0 33.0 563.0 275.0 105.0 275.0 
1 2 0.82 0.82 477.0 205.0 477.0 242.0 96.0 242.0 
1 3 0.94 0.94 477.0 205.0 477.0 242.0 96.0 242.0 481.0 57.0 481.0 
1 2 0.81 0.81 128.0 36.0 128.0 997.0 537.0 997.0 
1 2 0.94 0.94 628.0 515.0 628.0 566.0 68.0 566.0 
1 2 0.24 0.24 414.0 15.0 414.0 417.0 89.0 417.0 
1 3 0.38 0.38 414.0 15.0 414.0 417.0 89.0 417.0 596.0 83.0 596.0 
1 4 0.6 0.6 414.0 15.0 414.0 417.0 89.0 417.0 596.0 83.0 596.0 834.0 180.0 834.0 
1 2 0.48 0.48 478.0 205.0 478.0 648.0 37.0 648.0 
1 3 0.73 0.73 478.0 205.0 478.0 648.0 37.0 648.0 327.0 80.0 327.0 
1 2 0.36 0.36 47.0 17.0 47.0 559.0 3.0 559.0 
1 3 0.44 0.44 47.0 17.0 47.0 559.0 3.0 559.0 484.0 37.0 484.0 
1 4 0.79 0.79 47.0 17.0 47.0 559.0 3.0 559.0 484.0 37.0 484.0 783.0 279.0 783.0 
1 5 0.85 0.85 47.0 17.0 47.0 559.0 3.0 559.0 484.0 37.0 484.0 783.0 279.0 783.0 437.0 24.0 437.0 
1 6 0.92 0.92 47.0 17.0 47.0 559.0 3.0 559.0 484.0 37.0 484.0 783.0 279.0 783.0 437.0 24.0 437.0 183.0 13.0 183.0 
1 2 0.36 0.36 586.0 151.0 586.0 223.0 24.0 223.0 
1 2 0.34 0.34 203.0 69.0 203.0 451.0 4.0 451.0 
1 3 0.82 0.82 203.0 69.0 203.0 451.0 4.0 451.0 342.0 162.0 342.0 
1 4 0.85 0.85 203.0 69.0 203.0 451.0 4.0 451.0 342.0 162.0 342.0 786.0 28.0 786.0 
1 2 0.87 0.87 786.0 329.0 786.0 623.0 284.0 623.0 
1 2 0.27 0.27 307.0 78.0 307.0 49.0 1.0 49.0 
1 3 0.37 0.37 307.0 78.0 307.0 49.0 1.0 49.0 415.0 42.0 415.0 
1 4 0.7 0.7 307.0 78.0 307.0 49.0 1.0 49.0 415.0 42.0 415.0 9.0 3.0 9.0 
1 5 0.94 0.94 307.0 78.0 307.0 49.0 1.0 49.0 415.0 42.0 415.0 9.0 3.0 9.0 717.0 172.0 717.0 
1 2 0.44 0.44 732.0 8.0 732.0 408.0 178.0 408.0 
1 3 0.79 0.79 732.0 8.0 732.0 408.0 178.0 408.0 64.0 22.0 64.0 
1 4 0.95 0.95 732.0 8.0 732.0 408.0 178.0 408.0 64.0 22.0 64.0 599.0 101.0 599.0 
1 2 0.99 0.99 556.0 217.0 556.0 947.0 569.0 947.0 
1 2 0.57 0.57 564.0 292.0 564.0 303.0 18.0 303.0 
1 2 0.92 0.92 222.0 64.0 222.0 187.0 120.0 187.0 
1 2 0.51 0.51 267.0 57.0 267.0 451.0 138.0 451.0 
1 3 0.59 0.59 267.0 57.0 267.0 451.0 138.0 451.0 78.0 6.0 78.0 
1 4 0.79 0.79 267.0 57.0 267.0 451.0 138.0 451.0 78.0 6.0 78.0 865.0 172.0 865.0 
1 5 0.94 0.94 267.0 57.0 267.0 451.0 138.0 451.0 78.0 6.0 78.0 865.0 172.0 865.0 963.0 143.0 963.0 
1 2 0.46 0.46 440.0 159.0 440.0 890.0 96.0 890.0 
1 3 0.68 0.68 440.0 159.0 440.0 890.0 96.0 890.0 226.0 49.0 226.0 
1 2 0.6 0.6 455.0 80.0 455.0 584.0 252.0 584.0 
1 2 0.96 0.96 558.0 136.0 558.0 86.0 62.0 86.0 
1 2 0.9 0.9 463.0 326.0 463.0 756.0 150.0 756.0 
1 2 0.77 0.77 753.0 82.0 753.0 85.0 57.0 85.0 
1 2 0.09 0.09 195.0 2.0 195.0 283.0 24.0 283.0 
1 3 0.36 0.36 195.0 2.0 195.0 283.0 24.0 283.0 492.0 134.0 492.0 
1 4 0.49 0.49 195.0 2.0 195.0 283.0 24.0 283.0 492.0 134.0 492.0 513.0 63.0 513.0 
1 5 0.55 0.55 195.0 2.0 195.0 283.0 24.0 283.0 492.0 134.0 492.0 513.0 63.0 513.0 981.0 61.0 981.0 
1 2 0.38 0.38 452.0 138.0 452.0 379.0 32.0 379.0 
1 2 0.07 0.07 842.0 43.0 842.0 771.0 16.0 771.0 
1 3 0.69 0.69 842.0 43.0 842.0 771.0 16.0 771.0 145.0 91.0 145.0 
1 2 0.33 0.33 385.0 26.0 385.0 19.0 5.0 19.0 
1 3 0.67 0.67 385.0 26.0 385.0 19.0 5.0 19.0 998.0 341.0 998.0 
1 4 0.71 0.71 385.0 26.0 385.0 19.0 5.0 19.0 998.0 341.0 998.0 410.0 19.0 410.0 
1 2 0.19 0.19 403.0 53.0 403.0 136.0 9.0 136.0 
1 3 0.88 0.88 403.0 53.0 403.0 136.0 9.0 136.0 996.0 688.0 996.0 
1 2 0.65 0.65 198.0 87.0 198.0 914.0 195.0 914.0 
1 3 0.66 0.66 198.0 87.0 198.0 914.0 195.0 914.0 933.0 14.0 933.0 
1 4 0.74 0.74 198.0 87.0 198.0 914.0 195.0 914.0 933.0 14.0 933.0 627.0 49.0 627.0 
1 2 0.78 0.78 168.0 65.0 168.0 182.0 72.0 182.0 
1 2 0.88 0.88 732.0 276.0 732.0 563.0 285.0 563.0 
1 2 0.52 0.52 99.0 14.0 99.0 374.0 143.0 374.0 
1 2 0.95 0.95 138.0 88.0 138.0 369.0 116.0 369.0 
1 2 0.41 0.41 604.0 252.0 604.0 606.0 1.0 606.0 
1 3 0.82 0.82 604.0 252.0 604.0 606.0 1.0 606.0 396.0 162.0 396.0 
1 2 0.45 0.45 968.0 268.0 968.0 832.0 148.0 832.0 
1 3 0.52 0.52 968.0 268.0 968.0 832.0 148.0 832.0 434.0 31.0 434.0 
1 2 0.65 0.65 884.0 157.0 884.0 655.0 314.0 655.0 
1 3 0.97 0.97 884.0 157.0 884.0 655.0 314.0 655.0 138.0 44.0 138.0 
1 2 0.47 0.47 424.0 161.0 424.0 877.0 80.0 877.0 
1 3 0.66 0.66 424.0 161.0 424.0 877.0 80.0 877.0 161.0 31.0 161.0 
1 2 0.98 0.98 306.0 141.0 306.0 352.0 184.0 352.0 
1 2 0.86 0.86 619.0 49.0 619.0 416.0 325.0 416.0 
1 2 0.61 0.61 809.0 17.0 809.0 307.0 181.0 307.0 
1 3 0.7 0.7 809.0 17.0 809.0 307.0 181.0 307.0 793.0 71.0 793.0 
1 2 0.3 0.3 106.0 7.0 106.0 915.0 216.0 915.0 
1 3 0.59 0.59 106.0 7.0 106.0 915.0 216.0 915.0 99.0 29.0 99.0 
1 4 0.86 0.86 106.0 7.0 106.0 915.0 216.0 915.0 99.0 29.0 99.0 856.0 235.0 856.0 
1 2 0.6 0.6 413.0 198.0 413.0 367.0 47.0 367.0 
1 3 0.91 0.91 413.0 198.0 413.0 367.0 47.0 367.0 713.0 216.0 713.0 
1 2 0.34 0.34 202.0 63.0 202.0 294.0 10.0 294.0 
1 2 0.66 0.66 22.0 9.0 22.0 516.0 134.0 516.0 
1 2 0.78 0.78 851.0 603.0 851.0 836.0 63.0 836.0 
1 2 0.2 0.2 598.0 20.0 598.0 101.0 17.0 101.0 
1 3 0.73 0.73 598.0 20.0 598.0 101.0 17.0 101.0 111.0 59.0 111.0 
1 2 0.92 0.92 914.0 441.0 914.0 864.0 383.0 864.0 
1 2 0.95 0.95 760.0 265.0 760.0 971.0 584.0 971.0 
1 2 0.78 0.78 464.0 38.0 464.0 248.0 174.0 248.0 
1 2 0.28 0.28 501.0 27.0 501.0 485.0 111.0 485.0 
1 3 0.79 0.79 501.0 27.0 501.0 485.0 111.0 485.0 66.0 34.0 66.0 
1 4 0.83 0.83 501.0 27.0 501.0 485.0 111.0 485.0 66.0 34.0 66.0 216.0 9.0 216.0 
1 5 0.99 0.99 501.0 27.0 501.0 485.0 111.0 485.0 66.0 34.0 66.0 216.0 9.0 216.0 577.0 91.0 577.0 
1 2 0.6 0.6 374.0 22.0 374.0 421.0 232.0 421.0 
1 3 0.96 0.96 374.0 22.0 374.0 421.0 232.0 421.0 977.0 350.0 977.0 
1 2 0.71 0.71 430.0 304.0 430.0 291.0 1.0 291.0 
1 3 0.74 0.74 430.0 304.0 430.0 291.0 1.0 291.0 519.0 16.0 519.0 
1 2 0.96 0.96 989.0 464.0 989.0 338.0 167.0 338.0 
1 2 0.47 0.47 983.0 375.0 983.0 79.0 7.0 79.0 
1 3 0.53 0.53 983.0 375.0 983.0 79.0 7.0 79.0 458.0 30.0 458.0 
1 2 0.64 0.64 292.0 147.0 292.0 528.0 77.0 528.0 
1 2 0.51 0.51 155.0 8.0 155.0 196.0 90.0 196.0 
1 2 0.54 0.54 965.0 11.0 965.0 611.0 323.0 611.0 
1 3 0.72 0.72 965.0 11.0 965.0 611.0 323.0 611.0 574.0 106.0 574.0 
1 4 0.9 0.9 965.0 11.0 965.0 611.0 323.0 611.0 574.0 106.0 574.0 208.0 38.0 208.0 
1 2 0.21 0.21 298.0 64.0 298.0 306.0 1.0 306.0 
1 2 0.39 0.39 284.0 109.0 284.0 892.0 9.0 892.0 
1 3 0.65 0.65 284.0 109.0 284.0 892.0 9.0 892.0 716.0 186.0 716.0 
1 2 0.29 0.29 55.0 1.0 55.0 199.0 56.0 199.0 
1 3 0.39 0.39 55.0 1.0 55.0 199.0 56.0 199.0 681.0 66.0 681.0 
1 2 0.72 0.72 874.0 218.0 874.0 903.0 429.0 903.0 
1 3 0.99 0.99 874.0 218.0 874.0 903.0 429.0 903.0 710.0 194.0 710.0 
1 2 0.82 0.82 396.0 154.0 396.0 461.0 201.0 461.0 
1 2 0.47 0.47 473.0 36.0 473.0 469.0 188.0 469.0 
1 3 0.79 0.79 473.0 36.0 473.0 469.0 188.0 469.0 321.0 103.0 321.0 
1 2 0.66 0.66 705.0 229.0 705.0 987.0 338.0 987.0 
1 3 0.83 0.83 705.0 229.0 705.0 987.0 338.0 987.0 562.0 92.0 562.0 
1 2 0.77 0.77 687.0 306.0 687.0 949.0 317.0 949.0 
1 2 0.51 0.51 10.0 4.0 10.0 27.0 3.0 27.0 
1 2 0.76 0.76 923.0 422.0 923.0 824.0 254.0 824.0 
1 3 0.93 0.93 923.0 422.0 923.0 824.0 254.0 824.0 287.0 50.0 287.0 
1 2 0.98 0.98 371.0 176.0 371.0 961.0 486.0 961.0 
1 2 0.26 0.26 520.0 50.0 520.0 118.0 20.0 118.0 
1 3 0.57 0.57 520.0 50.0 520.0 118.0 20.0 118.0 134.0 41.0 134.0 
1 4 0.94 0.94 520.0 50.0 520.0 118.0 20.0 118.0 134.0 41.0 134.0 873.0 325.0 873.0 
1 2 0.57 0.57 441.0 98.0 441.0 734.0 258.0 734.0 
1 2 0.27 0.27 235.0 44.0 235.0 538.0 48.0 538.0 
1 2 0.73 0.73 340.0 97.0 340.0 447.0 202.0 447.0 
1 3 0.92 0.92 340.0 97.0 340.0 447.0 202.0 447.0 131.0 24.0 131.0 
1 4 0.97 0.97 340.0 97.0 340.0 447.0 202.0 447.0 131.0 24.0 131.0 834.0 42.0 834.0 
1 2 0.89 0.89 388.0 236.0 388.0 555.0 158.0 555.0 
1 2 0.19 0.19 990.0 59.0 990.0 239.0 32.0 239.0 
1 3 0.65 0.65 990.0 59.0 990.0 239.0 32.0 239.0 250.0 115.0 250.0 
1 4 0.77 0.77 990.0 59.0 990.0 239.0 32.0 239.0 250.0 115.0 250.0 267.0 32.0 267.0 
1 2 0.69 0.69 840.0 170.0 840.0 839.0 415.0 839.0 
1 3 0.76 0.76 840.0 170.0 840.0 839.0 415.0 839.0 423.0 29.0 423.0 
1 2 0.57 0.57 582.0 300.0 582.0 930.0 51.0 930.0 
1 3 0.89 0.89 582.0 300.0 582.0 930.0 51.0 930.0 816.0 266.0 816.0 
1 2 0.45 0.45 241.0 48.0 241.0 812.0 209.0 812.0 
1 3 0.77 0.77 241.0 48.0 241.0 812.0 209.0 812.0 437.0 140.0 437.0 
1 4 0.88 0.88 241.0 48.0 241.0 812.0 209.0 812.0 437.0 140.0 437.0 337.0 35.0 337.0 
1 2 0.48 0.48 853.0 104.0 853.0 979.0 353.0 979.0 
1 2 0.15 0.15 184.0 12.0 184.0 646.0 57.0 646.0 
1 3 0.85 0.85 184.0 12.0 184.0 646.0 57.0 646.0 884.0 616.0 884.0 
1 2 0.13 0.13 873.0 33.0 873.0 684.0 68.0 684.0 
1 3 0.59 0.59 873.0 33.0 873.0 684.0 68.0 684.0 319.0 146.0 319.0 
1 2 0.33 0.33 330.0 74.0 330.0 268.0 31.0 268.0 
1 2 0.66 0.66 872.0 146.0 872.0 708.0 350.0 708.0 
1 2 0.67 0.67 790.0 154.0 790.0 771.0 367.0 771.0 
1 3 0.93 0.93 790.0 154.0 790.0 771.0 367.0 771.0 127.0 34.0 127.0 
1 2 0.58 0.58 129.0 7.0 129.0 38.0 20.0 38.0 
1 3 0.98 0.98 129.0 7.0 129.0 38.0 20.0 38.0 753.0 305.0 753.0 
1 2 0.96 0.96 948.0 789.0 948.0 703.0 93.0 703.0 
1 2 0.37 0.37 918.0 23.0 918.0 606.0 211.0 606.0 
1 3 0.43 0.43 918.0 23.0 918.0 606.0 211.0 606.0 471.0 31.0 471.0 
1 4 0.74 0.74 918.0 23.0 918.0 606.0 211.0 606.0 471.0 31.0 471.0 287.0 88.0 287.0 
1 2 0.89 0.89 46.0 21.0 46.0 711.0 310.0 711.0 
1 2 0.89 0.89 697.0 262.0 697.0 817.0 421.0 817.0 
1 2 0.96 0.96 643.0 527.0 643.0 168.0 25.0 168.0 
1 2 0.46 0.46 138.0 56.0 138.0 55.0 3.0 55.0 
1 3 0.59 0.59 138.0 56.0 138.0 55.0 3.0 55.0 359.0 50.0 359.0 
1 2 0.9 0.9 233.0 108.0 233.0 718.0 317.0 718.0 
1 2 0.59 0.59 442.0 192.0 442.0 424.0 70.0 424.0 
1 2 0.66 0.66 151.0 29.0 151.0 890.0 418.0 890.0 
1 3 0.79 0.79 151.0 29.0 151.0 890.0 418.0 890.0 918.0 122.0 918.0 
1 2 0.37 0.37 884.0 175.0 884.0 583.0 106.0 583.0 
1 3 0.61 0.61 884.0 175.0 884.0 583.0 106.0 583.0 716.0 165.0 716.0 
1 4 0.71 0.71 884.0 175.0 884.0 583.0 106.0 583.0 716.0 165.0 716.0 501.0 51.0 501.0 
1 5 0.87 0.87 884.0 175.0 884.0 583.0 106.0 583.0 716.0 165.0 716.0 501.0 51.0 501.0 569.0 94.0 569.0 
1 2 0.5 0.5 365.0 105.0 365.0 618.0 137.0 618.0 
1 3 0.75 0.75 365.0 105.0 365.0 618.0 137.0 618.0 902.0 218.0 902.0 
1 2 0.89 0.89 184.0 77.0 184.0 746.0 358.0 746.0 
1 2 0.18 0.18 715.0 70.0 715.0 849.0 74.0 849.0 
1 3 0.5 0.5 715.0 70.0 715.0 849.0 74.0 849.0 174.0 56.0 174.0 
1 4 0.93 0.93 715.0 70.0 715.0 849.0 74.0 849.0 174.0 56.0 174.0 468.0 200.0 468.0 
1 2 0.43 0.43 780.0 321.0 780.0 362.0 8.0 362.0 
1 2 0.59 0.59 756.0 222.0 756.0 66.0 20.0 66.0 
1 2 0.75 0.75 894.0 71.0 894.0 25.0 17.0 25.0 
1 2 0.51 0.51 334.0 34.0 334.0 960.0 392.0 960.0 
1 2 0.72 0.72 755.0 21.0 755.0 219.0 152.0 219.0 
1 3 0.92 0.92 755.0 21.0 755.0 219.0 152.0 219.0 396.0 80.0 396.0 
1 2 0.39 0.39 892.0 255.0 892.0 849.0 96.0 849.0 
1 3 0.51 0.51 892.0 255.0 892.0 849.0 96.0 849.0 209.0 24.0 209.0 
1 2 0.49 0.49 229.0 70.0 229.0 446.0 85.0 446.0 
1 3 0.76 0.76 229.0 70.0 229.0 446.0 85.0 446.0 147.0 40.0 147.0 
1 4 0.93 0.93 229.0 70.0 229.0 446.0 85.0 446.0 147.0 40.0 147.0 754.0 129.0 754.0 
1 2 0.74 0.74 206.0 45.0 206.0 408.0 213.0 408.0 
1 2 0.66 0.66 882.0 247.0 882.0 13.0 5.0 13.0 
1 3 0.87 0.87 882.0 247.0 882.0 13.0 5.0 13.0 693.0 148.0 693.0 
1 2 0.25 0.25 718.0 64.0 718.0 886.0 147.0 886.0 
1 3 0.29 0.29 718.0 64.0 718.0 886.0 147.0 886.0 768.0 33.0 768.0 
1 4 0.46 0.46 718.0 64.0 718.0 886.0 147.0 886.0 768.0 33.0 768.0 6.0 1.0 6.0 
1 5 0.93 0.93 718.0 64.0 718.0 886.0 147.0 886.0 768.0 33.0 768.0 6.0 1.0 6.0 353.0 166.0 353.0 
1 2 0.49 0.49 73.0 20.0 73.0 904.0 197.0 904.0 
1 2 0.66 0.66 646.0 204.0 646.0 410.0 144.0 410.0 
1 2 0.15 0.15 882.0 11.0 882.0 647.0 89.0 647.0 
1 3 0.52 0.52 882.0 11.0 882.0 647.0 89.0 647.0 574.0 217.0 574.0 
1 4 0.91 0.91 882.0 11.0 882.0 647.0 89.0 647.0 574.0 217.0 574.0 864.0 330.0 864.0 
1 2 0.72 0.72 945.0 39.0 945.0 393.0 269.0 393.0 
1 2 0.86 0.86 776.0 287.0 776.0 664.0 331.0 664.0 
1 3 0.89 0.89 776.0 287.0 776.0 664.0 331.0 664.0 264.0 6.0 264.0 
1 2 0.36 0.36 593.0 206.0 593.0 674.0 15.0 674.0 
1 3 0.44 0.44 593.0 206.0 593.0 674.0 15.0 674.0 972.0 70.0 972.0 
1 2 0.8 0.8 284.0 68.0 284.0 240.0 135.0 240.0 
1 2 0.8 0.8 108.0 41.0 108.0 370.0 158.0 370.0 
1 2 0.6 0.6 496.0 135.0 496.0 895.0 300.0 895.0 
1 3 0.66 0.66 496.0 135.0 496.0 895.0 300.0 895.0 583.0 35.0 583.0 
1 4 0.68 0.68 496.0 135.0 496.0 895.0 300.0 895.0 583.0 35.0 583.0 185.0 3.0 185.0 
1 5 0.84 0.84 496.0 135.0 496.0 895.0 300.0 895.0 583.0 35.0 583.0 185.0 3.0 185.0 977.0 158.0 977.0 
1 2 0.9 0.9 936.0 456.0 936.0 576.0 243.0 576.0 
1 2 0.31 0.31 578.0 108.0 578.0 402.0 51.0 402.0 
1 3 0.35 0.35 578.0 108.0 578.0 402.0 51.0 402.0 923.0 35.0 923.0 
1 4 0.92 0.92 578.0 108.0 578.0 402.0 51.0 402.0 923.0 35.0 923.0 738.0 422.0 738.0 
1 5 0.97 0.97 578.0 108.0 578.0 402.0 51.0 402.0 923.0 35.0 923.0 738.0 422.0 738.0 94.0 5.0 94.0 
1 2 0.71 0.71 385.0 41.0 385.0 388.0 236.0 388.0 
1 3 0.84 0.84 385.0 41.0 385.0 388.0 236.0 388.0 795.0 107.0 795.0 
1 4 0.91 0.91 385.0 41.0 385.0 388.0 236.0 388.0 795.0 107.0 795.0 32.0 2.0 32.0 
1 2 0.58 0.58 730.0 329.0 730.0 463.0 64.0 463.0 
1 2 0.88 0.88 89.0 36.0 89.0 702.0 340.0 702.0 
1 2 0.21 0.21 80.0 3.0 80.0 600.0 107.0 600.0 
1 3 0.61 0.61 80.0 3.0 80.0 600.0 107.0 600.0 533.0 214.0 533.0 
1 4 0.89 0.89 80.0 3.0 80.0 600.0 107.0 600.0 533.0 214.0 533.0 903.0 249.0 903.0 
1 2 0.81 0.81 292.0 83.0 292.0 53.0 28.0 53.0 
1 2 0.35 0.35 770.0 136.0 770.0 77.0 14.0 77.0 
1 3 0.69 0.69 770.0 136.0 770.0 77.0 14.0 77.0 592.0 197.0 592.0 
1 4 0.9 0.9 770.0 136.0 770.0 77.0 14.0 77.0 592.0 197.0 592.0 295.0 64.0 295.0 
1 2 0.54 0.54 391.0 116.0 391.0 607.0 148.0 607.0 
1 2 0.88 0.88 724.0 20.0 724.0 628.0 538.0 628.0 
1 2 0.56 0.56 448.0 60.0 448.0 189.0 82.0 189.0 
1 3 0.6 0.6 448.0 60.0 448.0 189.0 82.0 189.0 780.0 26.0 780.0 
1 4 0.92 0.92 448.0 60.0 448.0 189.0 82.0 189.0 780.0 26.0 780.0 824.0 267.0 824.0 
1 2 0.4 0.4 38.0 3.0 38.0 382.0 126.0 382.0 
1 3 0.92 0.92 38.0 3.0 38.0 382.0 126.0 382.0 956.0 492.0 956.0 
1 2 0.11 0.11 651.0 25.0 651.0 918.0 71.0 918.0 
1 3 0.73 0.73 651.0 25.0 651.0 918.0 71.0 918.0 643.0 397.0 643.0 
1 2 0.84 0.84 798.0 165.0 798.0 211.0 135.0 211.0 
1 2 0.78 0.78 385.0 94.0 385.0 475.0 259.0 475.0 
1 2 0.53 0.53 563.0 245.0 563.0 227.0 23.0 227.0 
1 2 0.42 0.42 417.0 55.0 417.0 228.0 66.0 228.0 
1 3 0.96 0.96 417.0 55.0 417.0 228.0 66.0 228.0 223.0 122.0 223.0 
1 2 0.68 0.68 276.0 38.0 276.0 31.0 17.0 31.0 
1 3 0.95 0.95 276.0 38.0 276.0 31.0 17.0 31.0 686.0 183.0 686.0 
1 2 0.83 0.83 150.0 24.0 150.0 839.0 563.0 839.0 
1 2 0.33 0.33 319.0 62.0 319.0 49.0 7.0 49.0 
1 3 0.45 0.45 319.0 62.0 319.0 49.0 7.0 49.0 404.0 47.0 404.0 
1 4 0.66 0.66 319.0 62.0 319.0 49.0 7.0 49.0 404.0 47.0 404.0 270.0 56.0 270.0 
1 5 0.93 0.93 319.0 62.0 319.0 49.0 7.0 49.0 404.0 47.0 404.0 270.0 56.0 270.0 963.0 260.0 963.0 
1 2 0.75 0.75 344.0 174.0 344.0 193.0 49.0 193.0 
1 3 0.95 0.95 344.0 174.0 344.0 193.0 49.0 193.0 335.0 67.0 335.0 
1 2 0.86 0.86 710.0 21.0 710.0 18.0 15.0 18.0 
1 2 0.78 0.78 213.0 70.0 213.0 315.0 144.0 315.0 
1 2 0.66 0.66 792.0 213.0 792.0 215.0 86.0 215.0 
1 3 0.93 0.93 792.0 213.0 792.0 215.0 86.0 215.0 534.0 144.0 534.0 
1 2 0.89 0.89 812.0 77.0 812.0 828.0 662.0 828.0 
1 2 0.56 0.56 981.0 379.0 981.0 804.0 144.0 804.0 
1 3 0.57 0.57 981.0 379.0 981.0 804.0 144.0 804.0 798.0 9.0 798.0 
1 4 0.76 0.76 981.0 379.0 981.0 804.0 144.0 804.0 798.0 9.0 798.0 914.0 169.0 914.0 
1 2 0.59 0.59 132.0 41.0 132.0 611.0 172.0 611.0 
1 3 0.66 0.66 132.0 41.0 132.0 611.0 172.0 611.0 140.0 10.0 140.0 
1 4 0.73 0.73 132.0 41.0 132.0 611.0 172.0 611.0 140.0 10.0 140.0 275.0 20.0 275.0 
1 2 0.36 0.36 26.0 3.0 26.0 924.0 230.0 924.0 
1 2 0.47 0.47 243.0 103.0 243.0 771.0 37.0 771.0 
1 3 0.92 0.92 243.0 103.0 243.0 771.0 37.0 771.0 242.0 109.0 242.0 
1 2 0.29 0.29 629.0 161.0 629.0 744.0 30.0 744.0 
1 2 0.25 0.25 975.0 159.0 975.0 902.0 86.0 902.0 
1 3 0.54 0.54 975.0 159.0 975.0 902.0 86.0 902.0 158.0 45.0 158.0 
1 4 0.7 0.7 975.0 159.0 975.0 902.0 86.0 902.0 158.0 45.0 158.0 98.0 16.0 98.0 
1 5 0.91 0.91 975.0 159.0 975.0 902.0 86.0 902.0 158.0 45.0 158.0 98.0 16.0 98.0 706.0 149.0 706.0 
1 2 0.52 0.52 291.0 13.0 291.0 642.0 310.0 642.0 
1 2 0.58 0.58 681.0 373.0 681.0 986.0 32.0 986.0 
1 3 0.88 0.88 681.0 373.0 681.0 986.0 32.0 986.0 96.0 29.0 96.0 
1 2 0.59 0.59 77.0 38.0 77.0 825.0 80.0 825.0 
1 2 0.28 0.28 602.0 49.0 602.0 500.0 102.0 500.0 
1 3 0.75 0.75 602.0 49.0 602.0 500.0 102.0 500.0 942.0 438.0 942.0 
1 4 0.76 0.76 602.0 49.0 602.0 500.0 102.0 500.0 942.0 438.0 942.0 856.0 12.0 856.0 
1 2 0.71 0.71 993.0 524.0 993.0 550.0 103.0 550.0 
1 3 0.78 0.78 993.0 524.0 993.0 550.0 103.0 550.0 178.0 12.0 178.0 
1 4 0.87 0.87 993.0 524.0 993.0 550.0 103.0 550.0 178.0 12.0 178.0 349.0 33.0 349.0 
1 2 0.68 0.68 326.0 154.0 326.0 703.0 148.0 703.0 
1 3 0.86 0.86 326.0 154.0 326.0 703.0 148.0 703.0 810.0 150.0 810.0 
1 4 0.92 0.92 326.0 154.0 326.0 703.0 148.0 703.0 810.0 150.0 810.0 472.0 29.0 472.0 
1 2 0.53 0.53 296.0 57.0 296.0 237.0 82.0 237.0 
1 2 0.47 0.47 774.0 28.0 774.0 983.0 432.0 983.0 
1 3 0.49 0.49 774.0 28.0 774.0 983.0 432.0 983.0 950.0 19.0 950.0 
1 4 0.99 0.99 774.0 28.0 774.0 983.0 432.0 983.0 950.0 19.0 950.0 431.0 215.0 431.0 
1 2 0.11 0.11 375.0 1.0 375.0 301.0 35.0 301.0 
1 3 0.36 0.36 375.0 1.0 375.0 301.0 35.0 301.0 183.0 45.0 183.0 
1 4 0.54 0.54 375.0 1.0 375.0 301.0 35.0 301.0 183.0 45.0 183.0 620.0 113.0 620.0 
1 5 0.61 0.61 375.0 1.0 375.0 301.0 35.0 301.0 183.0 45.0 183.0 620.0 113.0 620.0 893.0 65.0 893.0 
1 2 0.83 0.83 766.0 349.0 766.0 782.0 296.0 782.0 
1 2 0.33 0.33 35.0 9.0 35.0 450.0 36.0 450.0 
1 3 0.52 0.52 35.0 9.0 35.0 450.0 36.0 450.0 267.0 50.0 267.0 
1 4 0.82 0.82 35.0 9.0 35.0 450.0 36.0 450.0 267.0 50.0 267.0 598.0 181.0 598.0 
1 2 0.95 0.95 629.0 406.0 629.0 190.0 58.0 190.0 
1 2 0.67 0.67 111.0 54.0 111.0 740.0 136.0 740.0 
1 2 0.56 0.56 194.0 18.0 194.0 880.0 416.0 880.0 
1 3 0.88 0.88 194.0 18.0 194.0 880.0 416.0 880.0 954.0 305.0 954.0 
1 2 0.49 0.49 828.0 262.0 828.0 23.0 4.0 23.0 
1 3 0.49 0.49 828.0 262.0 828.0 23.0 4.0 23.0 463.0 3.0 463.0 
1 2 0.4 0.4 581.0 230.0 581.0 390.0 2.0 390.0 
1 3 0.7 0.7 581.0 230.0 581.0 390.0 2.0 390.0 147.0 44.0 147.0 
1 4 0.71 0.71 581.0 230.0 581.0 390.0 2.0 390.0 147.0 44.0 147.0 678.0 8.0 678.0 
1 5 0.71 0.71 581.0 230.0 581.0 390.0 2.0 390.0 147.0 44.0 147.0 678.0 8.0 678.0 767.0 2.0 767.0 
1 6 0.8 0.8 581.0 230.0 581.0 390.0 2.0 390.0 147.0 44.0 147.0 678.0 8.0 678.0 767.0 2.0 767.0 630.0 57.0 630.0 
1 2 0.98 0.98 800.0 97.0 800.0 957.0 822.0 957.0 
1 2 0.21 0.21 597.0 43.0 597.0 36.0 5.0 36.0 
1 2 0.46 0.46 108.0 16.0 108.0 261.0 82.0 261.0 
1 3 0.54 0.54 108.0 16.0 108.0 261.0 82.0 261.0 921.0 75.0 921.0 
1 4 0.85 0.85 108.0 16.0 108.0 261.0 82.0 261.0 921.0 75.0 921.0 86.0 27.0 86.0 
1 2 0.78 0.78 485.0 146.0 485.0 337.0 163.0 337.0 
1 2 0.86 0.86 854.0 724.0 854.0 363.0 8.0 363.0 
1 2 0.73 0.73 403.0 285.0 403.0 574.0 18.0 574.0 
1 2 0.81 0.81 390.0 178.0 390.0 14.0 5.0 14.0 
1 3 0.82 0.82 390.0 178.0 390.0 14.0 5.0 14.0 847.0 11.0 847.0 
1 2 0.89 0.89 274.0 52.0 274.0 533.0 374.0 533.0 
1 2 0.66 0.66 840.0 174.0 840.0 139.0 63.0 139.0 
1 2 0.21 0.21 419.0 7.0 419.0 249.0 50.0 249.0 
1 3 0.72 0.72 419.0 7.0 419.0 249.0 50.0 249.0 991.0 505.0 991.0 
1 2 0.55 0.55 249.0 125.0 249.0 980.0 53.0 980.0 
1 2 0.93 0.93 680.0 624.0 680.0 858.0 11.0 858.0 
1 2 0.57 0.57 47.0 11.0 47.0 438.0 151.0 438.0 
1 3 0.91 0.91 47.0 11.0 47.0 438.0 151.0 438.0 238.0 80.0 238.0 
1 2 0.8 0.8 317.0 229.0 317.0 345.0 29.0 345.0 
1 2 0.37 0.37 233.0 20.0 233.0 495.0 142.0 495.0 
1 2 0.17 0.17 326.0 51.0 326.0 643.0 10.0 643.0 
1 3 0.53 0.53 326.0 51.0 326.0 643.0 10.0 643.0 664.0 243.0 664.0 
1 4 0.89 0.89 326.0 51.0 326.0 643.0 10.0 643.0 664.0 243.0 664.0 906.0 325.0 906.0 
1 2 0.9 0.9 104.0 25.0 104.0 978.0 652.0 978.0 
1 2 0.8 0.8 632.0 342.0 632.0 292.0 76.0 292.0 
1 2 0.57 0.57 797.0 419.0 797.0 432.0 20.0 432.0 
1 2 0.86 0.86 384.0 241.0 384.0 171.0 41.0 171.0 
1 2 0.38 0.38 679.0 144.0 679.0 379.0 65.0 379.0 
1 3 0.52 0.52 679.0 144.0 679.0 379.0 65.0 379.0 924.0 129.0 924.0 
1 4 0.54 0.54 679.0 144.0 679.0 379.0 65.0 379.0 924.0 129.0 924.0 921.0 18.0 921.0 
1 2 0.58 0.58 667.0 291.0 667.0 347.0 53.0 347.0 
1 3 0.78 0.78 667.0 291.0 667.0 347.0 53.0 347.0 258.0 50.0 258.0 
1 2 0.85 0.85 435.0 249.0 435.0 275.0 78.0 275.0 
1 2 0.76 0.76 480.0 169.0 480.0 737.0 306.0 737.0 
1 2 0.02 0.02 628.0 3.0 628.0 313.0 7.0 313.0 
1 3 0.1 0.1 628.0 3.0 628.0 313.0 7.0 313.0 739.0 54.0 739.0 
1 4 0.14 0.14 628.0 3.0 628.0 313.0 7.0 313.0 739.0 54.0 739.0 146.0 6.0 146.0 
1 5 0.88 0.88 628.0 3.0 628.0 313.0 7.0 313.0 739.0 54.0 739.0 146.0 6.0 146.0 360.0 269.0 360.0 
1 2 0.62 0.62 485.0 104.0 485.0 271.0 111.0 271.0 
1 2 0.43 0.43 913.0 296.0 913.0 737.0 79.0 737.0 
1 3 0.89 0.89 913.0 296.0 913.0 737.0 79.0 737.0 672.0 309.0 672.0 
1 2 0.87 0.87 744.0 345.0 744.0 884.0 368.0 884.0 
1 2 0.61 0.61 969.0 431.0 969.0 613.0 102.0 613.0 
1 2 0.42 0.42 230.0 59.0 230.0 190.0 32.0 190.0 
1 3 0.68 0.68 230.0 59.0 230.0 190.0 32.0 190.0 293.0 77.0 293.0 
1 2 0.68 0.68 163.0 31.0 163.0 189.0 93.0 189.0 
1 3 0.86 0.86 163.0 31.0 163.0 189.0 93.0 189.0 745.0 136.0 745.0 
1 2 0.31 0.31 210.0 7.0 210.0 238.0 66.0 238.0 
1 2 0.89 0.89 152.0 56.0 152.0 136.0 72.0 136.0 
1 2 0.43 0.43 284.0 103.0 284.0 244.0 18.0 244.0 
1 3 0.59 0.59 284.0 103.0 284.0 244.0 18.0 244.0 386.0 60.0 386.0 
1 2 0.99 0.99 11.0 5.0 11.0 892.0 479.0 892.0 
1 2 0.46 0.46 588.0 217.0 588.0 813.0 78.0 813.0 
1 2 0.26 0.26 146.0 10.0 146.0 539.0 106.0 539.0 
1 3 0.74 0.74 146.0 10.0 146.0 539.0 106.0 539.0 67.0 32.0 67.0 
1 2 0.46 0.46 293.0 7.0 293.0 506.0 221.0 506.0 
1 3 0.62 0.62 293.0 7.0 293.0 506.0 221.0 506.0 81.0 13.0 81.0 
1 4 0.83 0.83 293.0 7.0 293.0 506.0 221.0 506.0 81.0 13.0 81.0 134.0 29.0 134.0 
1 5 0.98 0.98 293.0 7.0 293.0 506.0 221.0 506.0 81.0 13.0 81.0 134.0 29.0 134.0 816.0 121.0 816.0 
1 2 0.07 0.07 905.0 41.0 905.0 295.0 10.0 295.0 
1 3 0.39 0.39 905.0 41.0 905.0 295.0 10.0 295.0 140.0 44.0 140.0 
1 4 0.8 0.8 905.0 41.0 905.0 295.0 10.0 295.0 140.0 44.0 140.0 287.0 117.0 287.0 
1 2 0.19 0.19 660.0 12.0 660.0 842.0 149.0 842.0 
1 3 0.94 0.94 660.0 12.0 660.0 842.0 149.0 842.0 666.0 502.0 666.0 
1 2 0.23 0.23 61.0 4.0 61.0 861.0 147.0 861.0 
1 3 0.63 0.63 61.0 4.0 61.0 861.0 147.0 861.0 35.0 14.0 35.0 
1 4 0.8 0.8 61.0 4.0 61.0 861.0 147.0 861.0 35.0 14.0 35.0 24.0 4.0 24.0 
1 2 0.68 0.68 657.0 229.0 657.0 381.0 129.0 381.0 
1 2 0.73 0.73 560.0 268.0 560.0 140.0 36.0 140.0 
1 2 0.34 0.34 692.0 141.0 692.0 713.0 101.0 713.0 
1 3 0.7 0.7 692.0 141.0 692.0 713.0 101.0 713.0 188.0 68.0 188.0 
1 2 0.88 0.88 686.0 255.0 686.0 729.0 374.0 729.0 
1 2 0.26 0.26 559.0 35.0 559.0 847.0 168.0 847.0 
1 3 0.65 0.65 559.0 35.0 559.0 847.0 168.0 847.0 694.0 271.0 694.0 
1 2 0.81 0.81 286.0 6.0 286.0 888.0 707.0 888.0 
1 3 0.88 0.88 286.0 6.0 286.0 888.0 707.0 888.0 932.0 61.0 932.0 
1 2 0.79 0.79 666.0 147.0 666.0 780.0 447.0 780.0 
1 2 0.4 0.4 176.0 8.0 176.0 193.0 70.0 193.0 
1 2 0.5 0.5 501.0 112.0 501.0 231.0 65.0 231.0 
1 3 0.55 0.55 501.0 112.0 501.0 231.0 65.0 231.0 137.0 7.0 137.0 
1 2 0.54 0.54 470.0 150.0 470.0 173.0 39.0 173.0 
1 2 0.43 0.43 321.0 76.0 321.0 809.0 158.0 809.0 
1 3 0.91 0.91 321.0 76.0 321.0 809.0 158.0 809.0 486.0 233.0 486.0 
1 4 0.97 0.97 321.0 76.0 321.0 809.0 158.0 809.0 486.0 233.0 486.0 557.0 38.0 557.0 
1 2 0.71 0.71 474.0 85.0 474.0 904.0 488.0 904.0 
1 2 0.71 0.71 145.0 52.0 145.0 518.0 185.0 518.0 
1 2 0.83 0.83 67.0 40.0 67.0 114.0 27.0 114.0 
1 3 0.9 0.9 67.0 40.0 67.0 114.0 27.0 114.0 83.0 6.0 83.0 
1 2 0.84 0.84 297.0 109.0 297.0 447.0 212.0 447.0 
1 2 0.15 0.15 432.0 51.0 432.0 219.0 8.0 219.0 
1 3 0.18 0.18 432.0 51.0 432.0 219.0 8.0 219.0 369.0 13.0 369.0 
1 4 0.24 0.24 432.0 51.0 432.0 219.0 8.0 219.0 369.0 13.0 369.0 75.0 4.0 75.0 
1 2 0.58 0.58 830.0 329.0 830.0 569.0 106.0 569.0 
1 2 0.15 0.15 376.0 26.0 376.0 799.0 66.0 799.0 
1 3 0.29 0.29 376.0 26.0 376.0 799.0 66.0 799.0 988.0 142.0 988.0 
1 2 0.44 0.44 913.0 393.0 913.0 457.0 7.0 457.0 
1 3 0.63 0.63 913.0 393.0 913.0 457.0 7.0 457.0 809.0 157.0 809.0 
1 4 0.73 0.73 913.0 393.0 913.0 457.0 7.0 457.0 809.0 157.0 809.0 60.0 6.0 60.0 
1 5 0.89 0.89 913.0 393.0 913.0 457.0 7.0 457.0 809.0 157.0 809.0 60.0 6.0 60.0 175.0 27.0 175.0 
1 2 0.55 0.55 207.0 41.0 207.0 207.0 74.0 207.0 
1 3 0.92 0.92 207.0 41.0 207.0 207.0 74.0 207.0 967.0 362.0 967.0 
1 2 0.22 0.22 241.0 18.0 241.0 560.0 86.0 560.0 
1 3 0.24 0.24 241.0 18.0 241.0 560.0 86.0 560.0 847.0 10.0 847.0 
1 4 0.45 0.45 241.0 18.0 241.0 560.0 86.0 560.0 847.0 10.0 847.0 14.0 3.0 14.0 
1 5 0.83 0.83 241.0 18.0 241.0 560.0 86.0 560.0 847.0 10.0 847.0 14.0 3.0 14.0 164.0 63.0 164.0 
1 2 0.54 0.54 269.0 42.0 269.0 269.0 105.0 269.0 
1 3 0.83 0.83 269.0 42.0 269.0 269.0 105.0 269.0 308.0 88.0 308.0 
1 2 0.66 0.66 930.0 420.0 930.0 479.0 103.0 479.0 
1 2 0.42 0.42 475.0 15.0 475.0 260.0 101.0 260.0 
1 3 0.59 0.59 475.0 15.0 475.0 260.0 101.0 260.0 569.0 101.0 569.0 
1 2 0.98 0.98 931.0 579.0 931.0 100.0 36.0 100.0 
1 2 0.92 0.92 366.0 322.0 366.0 748.0 33.0 748.0 
1 2 0.82 0.82 897.0 73.0 897.0 95.0 71.0 95.0 
1 2 0.37 0.37 998.0 194.0 998.0 568.0 100.0 568.0 
1 3 0.79 0.79 998.0 194.0 998.0 568.0 100.0 568.0 553.0 233.0 553.0 
1 4 0.88 0.88 998.0 194.0 998.0 568.0 100.0 568.0 553.0 233.0 553.0 794.0 72.0 794.0 
1 2 0.94 0.94 726.0 250.0 726.0 218.0 130.0 218.0 
1 2 0.54 0.54 742.0 359.0 742.0 836.0 55.0 836.0 
1 3 0.95 0.95 742.0 359.0 742.0 836.0 55.0 836.0 519.0 211.0 519.0 
1 2 0.4 0.4 540.0 193.0 540.0 178.0 8.0 178.0 
1 2 0.9 0.9 834.0 503.0 834.0 145.0 44.0 145.0 
1 2 0.13 0.13 177.0 7.0 177.0 208.0 20.0 208.0 
1 3 0.52 0.52 177.0 7.0 177.0 208.0 20.0 208.0 210.0 81.0 210.0 
1 4 0.61 0.61 177.0 7.0 177.0 208.0 20.0 208.0 210.0 81.0 210.0 335.0 30.0 335.0 
1 5 0.92 0.92 177.0 7.0 177.0 208.0 20.0 208.0 210.0 81.0 210.0 335.0 30.0 335.0 297.0 92.0 297.0 
1 2 0.93 0.93 575.0 67.0 575.0 793.0 650.0 793.0 
1 2 0.71 0.71 412.0 204.0 412.0 378.0 84.0 378.0 
1 3 0.91 0.91 412.0 204.0 412.0 378.0 84.0 378.0 656.0 128.0 656.0 
1 2 0.27 0.27 359.0 71.0 359.0 419.0 33.0 419.0 
1 3 0.69 0.69 359.0 71.0 359.0 419.0 33.0 419.0 365.0 154.0 365.0 
1 4 0.87 0.87 359.0 71.0 359.0 419.0 33.0 419.0 365.0 154.0 365.0 993.0 171.0 993.0 
1 5 0.99 0.99 359.0 71.0 359.0 419.0 33.0 419.0 365.0 154.0 365.0 993.0 171.0 993.0 825.0 105.0 825.0 
1 2 0.91 0.91 919.0 709.0 919.0 579.0 85.0 579.0 
1 2 0.31 0.31 740.0 30.0 740.0 145.0 40.0 145.0 
1 3 0.5 0.5 740.0 30.0 740.0 145.0 40.0 145.0 861.0 162.0 861.0 
1 4 0.87 0.87 740.0 30.0 740.0 145.0 40.0 145.0 861.0 162.0 861.0 936.0 349.0 936.0 
1 2 0.96 0.96 598.0 487.0 598.0 331.0 50.0 331.0 
1 2 0.19 0.19 27.0 3.0 27.0 489.0 39.0 489.0 
1 2 0.89 0.89 728.0 77.0 728.0 630.0 495.0 630.0 
1 2 0.24 0.24 713.0 100.0 713.0 408.0 43.0 408.0 
1 3 0.27 0.27 713.0 100.0 713.0 408.0 43.0 408.0 477.0 15.0 477.0 
1 2 0.26 0.26 995.0 179.0 995.0 434.0 35.0 434.0 
1 3 0.81 0.81 995.0 179.0 995.0 434.0 35.0 434.0 687.0 379.0 687.0 
1 2 0.59 0.59 241.0 117.0 241.0 582.0 66.0 582.0 
1 3 0.65 0.65 241.0 117.0 241.0 582.0 66.0 582.0 580.0 30.0 580.0 
1 2 0.7 0.7 535.0 261.0 535.0 186.0 40.0 186.0 
1 2 0.35 0.35 879.0 170.0 879.0 340.0 56.0 340.0 
1 3 0.5 0.5 879.0 170.0 879.0 340.0 56.0 340.0 975.0 147.0 975.0 
1 4 0.6 0.6 879.0 170.0 879.0 340.0 56.0 340.0 975.0 147.0 975.0 280.0 26.0 280.0 
1 2 0.44 0.44 259.0 107.0 259.0 690.0 24.0 690.0 
1 2 0.72 0.72 523.0 318.0 523.0 61.0 7.0 61.0 
1 2 0.87 0.87 813.0 201.0 813.0 977.0 615.0 977.0 
1 2 0.67 0.67 510.0 219.0 510.0 396.0 97.0 396.0 
1 3 0.67 0.67 510.0 219.0 510.0 396.0 97.0 396.0 677.0 3.0 677.0 
1 2 0.96 0.96 334.0 39.0 334.0 617.0 525.0 617.0 
1 2 0.37 0.37 23.0 4.0 23.0 700.0 143.0 700.0 
1 3 0.78 0.78 23.0 4.0 23.0 700.0 143.0 700.0 386.0 156.0 386.0 
1 4 0.83 0.83 23.0 4.0 23.0 700.0 143.0 700.0 386.0 156.0 386.0 231.0 13.0 231.0 
1 2 0.35 0.35 237.0 61.0 237.0 989.0 96.0 989.0 
1 3 0.55 0.55 237.0 61.0 237.0 989.0 96.0 989.0 728.0 144.0 728.0 
1 2 0.46 0.46 17.0 4.0 17.0 490.0 113.0 490.0 
1 2 0.24 0.24 608.0 65.0 608.0 36.0 5.0 36.0 
1 3 0.36 0.36 608.0 65.0 608.0 36.0 5.0 36.0 918.0 114.0 918.0 
1 4 0.82 0.82 608.0 65.0 608.0 36.0 5.0 36.0 918.0 114.0 918.0 466.0 210.0 466.0 
1 2 0.31 0.31 46.0 9.0 46.0 202.0 25.0 202.0 
1 3 0.86 0.86 46.0 9.0 46.0 202.0 25.0 202.0 944.0 514.0 944.0 
1 4 0.88 0.88 46.0 9.0 46.0 202.0 25.0 202.0 944.0 514.0 944.0 362.0 9.0 362.0 
1 2 0.5 0.5 871.0 434.0 871.0 664.0 3.0 664.0 
1 3 0.95 0.95 871.0 434.0 871.0 664.0 3.0 664.0 467.0 210.0 467.0 
1 2 0.35 0.35 305.0 68.0 305.0 83.0 11.0 83.0 
1 3 0.78 0.78 305.0 68.0 305.0 83.0 11.0 83.0 531.0 227.0 531.0 
1 2 0.53 0.53 80.0 28.0 80.0 912.0 173.0 912.0 
1 2 0.62 0.62 409.0 153.0 409.0 937.0 232.0 937.0 
1 2 0.43 0.43 142.0 4.0 142.0 417.0 169.0 417.0 
1 3 0.89 0.89 142.0 4.0 142.0 417.0 169.0 417.0 601.0 280.0 601.0 
1 2 0.3 0.3 205.0 46.0 205.0 453.0 38.0 453.0 
1 3 0.56 0.56 205.0 46.0 205.0 453.0 38.0 453.0 529.0 137.0 529.0 
1 2 0.32 0.32 616.0 147.0 616.0 519.0 46.0 519.0 
1 3 0.64 0.64 616.0 147.0 616.0 519.0 46.0 519.0 521.0 167.0 521.0 
1 4 0.72 0.72 616.0 147.0 616.0 519.0 46.0 519.0 521.0 167.0 521.0 50.0 4.0 50.0 
1 2 0.98 0.98 532.0 374.0 532.0 425.0 121.0 425.0 
1 2 0.52 0.52 896.0 271.0 896.0 384.0 86.0 384.0 
1 3 0.71 0.71 896.0 271.0 896.0 384.0 86.0 384.0 380.0 70.0 380.0 
1 4 0.77 0.77 896.0 271.0 896.0 384.0 86.0 384.0 380.0 70.0 380.0 79.0 5.0 79.0 
1 2 0.99 0.99 613.0 275.0 613.0 11.0 6.0 11.0 
1 2 0.66 0.66 20.0 7.0 20.0 484.0 153.0 484.0 
1 2 0.42 0.42 227.0 12.0 227.0 194.0 72.0 194.0 
1 3 0.6 0.6 227.0 12.0 227.0 194.0 72.0 194.0 398.0 72.0 398.0 
1 2 0.23 0.23 27.0 5.0 27.0 40.0 2.0 40.0 
1 3 0.67 0.67 27.0 5.0 27.0 40.0 2.0 40.0 965.0 426.0 965.0 
1 2 0.98 0.98 358.0 169.0 358.0 137.0 70.0 137.0 
1 2 0.25 0.25 929.0 77.0 929.0 218.0 38.0 218.0 
1 3 0.57 0.57 929.0 77.0 929.0 218.0 38.0 218.0 179.0 56.0 179.0 
1 2 0.18 0.18 514.0 47.0 514.0 173.0 16.0 173.0 
1 3 0.42 0.42 514.0 47.0 514.0 173.0 16.0 173.0 58.0 14.0 58.0 
1 2 0.67 0.67 215.0 65.0 215.0 133.0 50.0 133.0 
1 3 0.86 0.86 215.0 65.0 215.0 133.0 50.0 133.0 707.0 132.0 707.0 
1 2 0.29 0.29 236.0 43.0 236.0 377.0 41.0 377.0 
1 3 0.59 0.59 236.0 43.0 236.0 377.0 41.0 377.0 627.0 191.0 627.0 
1 4 0.75 0.75 236.0 43.0 236.0 377.0 41.0 377.0 627.0 191.0 627.0 417.0 68.0 417.0 
1 5 0.89 0.89 236.0 43.0 236.0 377.0 41.0 377.0 627.0 191.0 627.0 417.0 68.0 417.0 942.0 131.0 942.0 
1 6 0.91 0.91 236.0 43.0 236.0 377.0 41.0 377.0 627.0 191.0 627.0 417.0 68.0 417.0 942.0 131.0 942.0 348.0 5.0 348.0 
1 2 0.4 0.4 548.0 99.0 548.0 569.0 126.0 569.0 
1 3 0.45 0.45 548.0 99.0 548.0 569.0 126.0 569.0 771.0 37.0 771.0 
1 4 0.64 0.64 548.0 99.0 548.0 569.0 126.0 569.0 771.0 37.0 771.0 152.0 29.0 152.0 
1 2 0.35 0.35 323.0 22.0 323.0 684.0 193.0 684.0 
1 3 0.63 0.63 323.0 22.0 323.0 684.0 193.0 684.0 84.0 24.0 84.0 
1 4 0.81 0.81 323.0 22.0 323.0 684.0 193.0 684.0 84.0 24.0 84.0 632.0 114.0 632.0 
1 5 0.92 0.92 323.0 22.0 323.0 684.0 193.0 684.0 84.0 24.0 84.0 632.0 114.0 632.0 764.0 81.0 764.0 
1 2 0.77 0.77 822.0 152.0 822.0 620.0 367.0 620.0 
1 2 0.35 0.35 52.0 2.0 52.0 797.0 251.0 797.0 
1 3 0.42 0.42 52.0 2.0 52.0 797.0 251.0 797.0 449.0 32.0 449.0 
1 4 0.47 0.47 52.0 2.0 52.0 797.0 251.0 797.0 449.0 32.0 449.0 384.0 21.0 384.0 
1 5 0.61 0.61 52.0 2.0 52.0 797.0 251.0 797.0 449.0 32.0 449.0 384.0 21.0 384.0 703.0 96.0 703.0 
1 2 0.76 0.76 770.0 333.0 770.0 878.0 290.0 878.0 
1 2 0.27 0.27 473.0 73.0 473.0 8.0 1.0 8.0 
1 3 0.9 0.9 473.0 73.0 473.0 8.0 1.0 8.0 51.0 32.0 51.0 
1 2 0.23 0.23 779.0 18.0 779.0 61.0 13.0 61.0 
1 2 0.4 0.4 548.0 155.0 548.0 783.0 93.0 783.0 
1 3 0.71 0.71 548.0 155.0 548.0 783.0 93.0 783.0 476.0 149.0 476.0 
1 2 0.46 0.46 46.0 13.0 46.0 852.0 159.0 852.0 
1 3 0.53 0.53 46.0 13.0 46.0 852.0 159.0 852.0 192.0 12.0 192.0 
1 4 0.82 0.82 46.0 13.0 46.0 852.0 159.0 852.0 192.0 12.0 192.0 424.0 123.0 424.0 
1 2 0.56 0.56 731.0 216.0 731.0 608.0 166.0 608.0 
1 3 0.99 0.99 731.0 216.0 731.0 608.0 166.0 608.0 609.0 258.0 609.0 
1 2 0.85 0.85 954.0 112.0 954.0 137.0 101.0 137.0 
1 2 0.78 0.78 978.0 671.0 978.0 833.0 82.0 833.0 
1 3 0.95 0.95 978.0 671.0 978.0 833.0 82.0 833.0 271.0 47.0 271.0 
1 2 0.72 0.72 574.0 295.0 574.0 43.0 9.0 43.0 
1 2 0.43 0.43 121.0 50.0 121.0 867.0 23.0 867.0 
1 2 0.77 0.77 952.0 149.0 952.0 95.0 59.0 95.0 
1 3 0.81 0.81 952.0 149.0 952.0 95.0 59.0 95.0 88.0 3.0 88.0 
1 4 0.9 0.9 952.0 149.0 952.0 95.0 59.0 95.0 88.0 3.0 88.0 52.0 5.0 52.0 
1 2 0.99 0.99 826.0 252.0 826.0 108.0 74.0 108.0 
1 2 0.53 0.53 88.0 5.0 88.0 725.0 344.0 725.0 
1 2 0.79 0.79 784.0 165.0 784.0 617.0 360.0 617.0 
1 2 0.61 0.61 86.0 24.0 86.0 3.0 1.0 3.0 
1 2 0.66 0.66 940.0 279.0 940.0 736.0 271.0 736.0 
1 3 0.89 0.89 940.0 279.0 940.0 736.0 271.0 736.0 577.0 135.0 577.0 
1 2 0.51 0.51 251.0 37.0 251.0 340.0 124.0 340.0 
1 2 0.7 0.7 110.0 33.0 110.0 315.0 128.0 315.0 
1 2 0.83 0.83 886.0 440.0 886.0 311.0 105.0 311.0 
1 2 0.76 0.76 894.0 668.0 894.0 306.0 5.0 306.0 
1 2 0.61 0.61 643.0 197.0 643.0 476.0 145.0 476.0 
1 3 0.97 0.97 643.0 197.0 643.0 476.0 145.0 476.0 608.0 221.0 608.0 
1 2 0.51 0.51 797.0 141.0 797.0 167.0 56.0 167.0 
1 2 0.44 0.44 213.0 51.0 213.0 339.0 71.0 339.0 
1 3 0.66 0.66 213.0 51.0 213.0 339.0 71.0 339.0 122.0 26.0 122.0 
