2 3 1.29 1.29 10.0 7.0 10.0 5.0 1.0 5.0 5.0 2.0 5.0 
2 4 1.49 1.49 10.0 7.0 10.0 5.0 1.0 5.0 5.0 2.0 5.0 5.0 1.0 5.0 
2 5 1.74 1.74 10.0 7.0 10.0 5.0 1.0 5.0 5.0 2.0 5.0 5.0 1.0 5.0 8.0 2.0 8.0 
2 3 1.04 1.04 8.0 4.0 8.0 9.0 4.0 9.0 10.0 1.0 10.0 
2 4 1.37 1.37 8.0 4.0 8.0 9.0 4.0 9.0 10.0 1.0 10.0 3.0 1.0 3.0 
2 5 1.5 1.5 8.0 4.0 8.0 9.0 4.0 9.0 10.0 1.0 10.0 3.0 1.0 3.0 8.0 1.0 8.0 
2 6 1.83 1.83 8.0 4.0 8.0 9.0 4.0 9.0 10.0 1.0 10.0 3.0 1.0 3.0 8.0 1.0 8.0 6.0 2.0 6.0 
2 3 1.17 1.17 2.0 1.0 2.0 4.0 1.0 4.0 7.0 3.0 7.0 
2 4 1.97 1.97 2.0 1.0 2.0 4.0 1.0 4.0 7.0 3.0 7.0 10.0 8.0 10.0 
2 3 1.28 1.28 7.0 2.0 7.0 2.0 1.0 2.0 4.0 2.0 4.0 
2 4 1.41 1.41 7.0 2.0 7.0 2.0 1.0 2.0 4.0 2.0 4.0 8.0 1.0 8.0 
2 3 1.01 1.01 2.0 1.0 2.0 9.0 1.0 9.0 5.0 2.0 5.0 
2 4 1.34 1.34 2.0 1.0 2.0 9.0 1.0 9.0 5.0 2.0 5.0 9.0 3.0 9.0 
2 5 1.63 1.63 2.0 1.0 2.0 9.0 1.0 9.0 5.0 2.0 5.0 9.0 3.0 9.0 7.0 2.0 7.0 
2 3 1.41 1.41 3.0 1.0 3.0 7.0 2.0 7.0 5.0 4.0 5.0 
2 4 1.56 1.56 3.0 1.0 3.0 7.0 2.0 7.0 5.0 4.0 5.0 7.0 1.0 7.0 
2 5 1.89 1.89 3.0 1.0 3.0 7.0 2.0 7.0 5.0 4.0 5.0 7.0 1.0 7.0 3.0 1.0 3.0 
2 3 1.91 1.91 2.0 1.0 2.0 3.0 2.0 3.0 4.0 3.0 4.0 
2 3 1.61 1.61 3.0 3.0 3.0 7.0 2.0 7.0 3.0 1.0 3.0 
2 4 1.81 1.81 3.0 3.0 3.0 7.0 2.0 7.0 3.0 1.0 3.0 5.0 1.0 5.0 
2 3 1.76 1.76 5.0 3.0 5.0 6.0 5.0 6.0 6.0 2.0 6.0 
2 3 1.33 1.33 4.0 1.0 4.0 6.0 5.0 6.0 4.0 1.0 4.0 
2 3 0.63 0.63 10.0 1.0 10.0 4.0 1.0 4.0 7.0 2.0 7.0 
2 4 1.63 1.63 10.0 1.0 10.0 4.0 1.0 4.0 7.0 2.0 7.0 2.0 2.0 2.0 
2 3 1.58 1.58 8.0 6.0 8.0 9.0 3.0 9.0 2.0 1.0 2.0 
2 3 1.23 1.23 8.0 3.0 8.0 7.0 4.0 7.0 7.0 2.0 7.0 
2 4 1.8 1.8 8.0 3.0 8.0 7.0 4.0 7.0 7.0 2.0 7.0 7.0 4.0 7.0 
2 3 1.54 1.54 4.0 2.0 4.0 9.0 4.0 9.0 5.0 3.0 5.0 
2 4 1.64 1.64 4.0 2.0 4.0 9.0 4.0 9.0 5.0 3.0 5.0 10.0 1.0 10.0 
2 3 0.9 0.9 10.0 4.0 10.0 10.0 1.0 10.0 5.0 2.0 5.0 
2 4 1.9 1.9 10.0 4.0 10.0 10.0 1.0 10.0 5.0 2.0 5.0 5.0 5.0 5.0 
2 3 1.29 1.29 10.0 1.0 10.0 5.0 3.0 5.0 5.0 3.0 5.0 
2 4 1.79 1.79 10.0 1.0 10.0 5.0 3.0 5.0 5.0 3.0 5.0 2.0 1.0 2.0 
2 3 1.76 1.76 3.0 2.0 3.0 9.0 2.0 9.0 8.0 7.0 8.0 
2 3 1.5 1.5 4.0 2.0 4.0 8.0 4.0 8.0 10.0 5.0 10.0 
2 3 1.69 1.69 2.0 1.0 2.0 7.0 6.0 7.0 9.0 3.0 9.0 
2 3 0.9 0.9 4.0 1.0 4.0 9.0 2.0 9.0 7.0 3.0 7.0 
2 4 1.5 1.5 4.0 1.0 4.0 9.0 2.0 9.0 7.0 3.0 7.0 5.0 3.0 5.0 
2 3 1.43 1.43 5.0 3.0 5.0 4.0 2.0 4.0 9.0 3.0 9.0 
2 4 1.57 1.57 5.0 3.0 5.0 4.0 2.0 4.0 9.0 3.0 9.0 7.0 1.0 7.0 
2 3 1.26 1.26 6.0 4.0 6.0 2.0 1.0 2.0 10.0 1.0 10.0 
2 4 1.76 1.76 6.0 4.0 6.0 2.0 1.0 2.0 10.0 1.0 10.0 10.0 5.0 10.0 
2 3 0.83 0.83 3.0 1.0 3.0 4.0 1.0 4.0 8.0 2.0 8.0 
2 4 1.23 1.23 3.0 1.0 3.0 4.0 1.0 4.0 8.0 2.0 8.0 10.0 4.0 10.0 
2 5 1.63 1.63 3.0 1.0 3.0 4.0 1.0 4.0 8.0 2.0 8.0 10.0 4.0 10.0 10.0 4.0 10.0 
2 3 1.75 1.75 10.0 10.0 10.0 2.0 1.0 2.0 4.0 1.0 4.0 
2 3 2.0 2.0 2.0 1.0 2.0 2.0 2.0 2.0 2.0 1.0 2.0 
2 3 1.82 1.82 10.0 5.0 10.0 7.0 4.0 7.0 8.0 6.0 8.0 
2 4 1.98 1.98 10.0 5.0 10.0 7.0 4.0 7.0 8.0 6.0 8.0 6.0 1.0 6.0 
2 3 1.66 1.66 5.0 5.0 5.0 2.0 1.0 2.0 6.0 1.0 6.0 
2 4 1.88 1.88 5.0 5.0 5.0 2.0 1.0 2.0 6.0 1.0 6.0 9.0 2.0 9.0 
2 3 1.72 1.72 5.0 4.0 5.0 7.0 3.0 7.0 4.0 2.0 4.0 
2 3 0.79 0.79 3.0 1.0 3.0 9.0 3.0 9.0 8.0 1.0 8.0 
2 4 1.29 1.29 3.0 1.0 3.0 9.0 3.0 9.0 8.0 1.0 8.0 4.0 2.0 4.0 
2 5 1.43 1.43 3.0 1.0 3.0 9.0 3.0 9.0 8.0 1.0 8.0 4.0 2.0 4.0 7.0 1.0 7.0 
2 6 1.76 1.76 3.0 1.0 3.0 9.0 3.0 9.0 8.0 1.0 8.0 4.0 2.0 4.0 7.0 1.0 7.0 9.0 3.0 9.0 
2 7 1.89 1.89 3.0 1.0 3.0 9.0 3.0 9.0 8.0 1.0 8.0 4.0 2.0 4.0 7.0 1.0 7.0 9.0 3.0 9.0 8.0 1.0 8.0 
2 3 1.5 1.5 8.0 4.0 8.0 3.0 1.0 3.0 3.0 2.0 3.0 
2 4 1.72 1.72 8.0 4.0 8.0 3.0 1.0 3.0 3.0 2.0 3.0 9.0 2.0 9.0 
2 3 1.37 1.37 4.0 2.0 4.0 4.0 2.0 4.0 8.0 3.0 8.0 
2 3 0.65 0.65 9.0 3.0 9.0 8.0 1.0 8.0 5.0 1.0 5.0 
2 4 0.99 0.99 9.0 3.0 9.0 8.0 1.0 8.0 5.0 1.0 5.0 3.0 1.0 3.0 
2 5 1.32 1.32 9.0 3.0 9.0 8.0 1.0 8.0 5.0 1.0 5.0 3.0 1.0 3.0 3.0 1.0 3.0 
2 6 1.72 1.72 9.0 3.0 9.0 8.0 1.0 8.0 5.0 1.0 5.0 3.0 1.0 3.0 3.0 1.0 3.0 5.0 2.0 5.0 
2 3 1.33 1.33 9.0 2.0 9.0 9.0 1.0 9.0 9.0 9.0 9.0 
2 3 1.71 1.71 10.0 6.0 10.0 9.0 4.0 9.0 3.0 2.0 3.0 
2 4 1.91 1.91 10.0 6.0 10.0 9.0 4.0 9.0 3.0 2.0 3.0 5.0 1.0 5.0 
2 3 1.08 1.08 6.0 3.0 6.0 3.0 1.0 3.0 4.0 1.0 4.0 
2 4 1.48 1.48 6.0 3.0 6.0 3.0 1.0 3.0 4.0 1.0 4.0 5.0 2.0 5.0 
2 5 1.78 1.78 6.0 3.0 6.0 3.0 1.0 3.0 4.0 1.0 4.0 5.0 2.0 5.0 10.0 3.0 10.0 
2 6 1.88 1.88 6.0 3.0 6.0 3.0 1.0 3.0 4.0 1.0 4.0 5.0 2.0 5.0 10.0 3.0 10.0 10.0 1.0 10.0 
2 3 1.7 1.7 10.0 2.0 10.0 4.0 2.0 4.0 4.0 4.0 4.0 
2 3 1.3 1.3 2.0 1.0 2.0 4.0 1.0 4.0 9.0 5.0 9.0 
2 4 1.7 1.7 2.0 1.0 2.0 4.0 1.0 4.0 9.0 5.0 9.0 10.0 4.0 10.0 
2 5 1.87 1.87 2.0 1.0 2.0 4.0 1.0 4.0 9.0 5.0 9.0 10.0 4.0 10.0 6.0 1.0 6.0 
2 3 1.4 1.4 4.0 4.0 4.0 10.0 2.0 10.0 10.0 2.0 10.0 
2 3 1.91 1.91 4.0 3.0 4.0 2.0 1.0 2.0 3.0 2.0 3.0 
2 3 1.21 1.21 5.0 4.0 5.0 6.0 1.0 6.0 8.0 2.0 8.0 
2 4 1.71 1.71 5.0 4.0 5.0 6.0 1.0 6.0 8.0 2.0 8.0 6.0 3.0 6.0 
2 3 1.1 1.1 5.0 2.0 5.0 10.0 2.0 10.0 4.0 2.0 4.0 
2 4 1.21 1.21 5.0 2.0 5.0 10.0 2.0 10.0 4.0 2.0 4.0 9.0 1.0 9.0 
2 3 1.53 1.53 2.0 2.0 2.0 6.0 2.0 6.0 5.0 1.0 5.0 
2 3 1.72 1.72 4.0 2.0 4.0 8.0 5.0 8.0 10.0 6.0 10.0 
2 3 0.78 0.78 5.0 1.0 5.0 4.0 1.0 4.0 9.0 3.0 9.0 
2 4 1.28 1.28 5.0 1.0 5.0 4.0 1.0 4.0 9.0 3.0 9.0 2.0 1.0 2.0 
2 5 1.78 1.78 5.0 1.0 5.0 4.0 1.0 4.0 9.0 3.0 9.0 2.0 1.0 2.0 10.0 5.0 10.0 
2 3 1.03 1.03 2.0 1.0 2.0 5.0 1.0 5.0 3.0 1.0 3.0 
2 4 1.53 1.53 2.0 1.0 2.0 5.0 1.0 5.0 3.0 1.0 3.0 2.0 1.0 2.0 
2 3 1.04 1.04 7.0 1.0 7.0 10.0 3.0 10.0 10.0 6.0 10.0 
2 4 1.44 1.44 7.0 1.0 7.0 10.0 3.0 10.0 10.0 6.0 10.0 10.0 4.0 10.0 
2 5 1.94 1.94 7.0 1.0 7.0 10.0 3.0 10.0 10.0 6.0 10.0 10.0 4.0 10.0 2.0 1.0 2.0 
2 3 1.26 1.26 6.0 2.0 6.0 7.0 3.0 7.0 2.0 1.0 2.0 
2 4 1.83 1.83 6.0 2.0 6.0 7.0 3.0 7.0 2.0 1.0 2.0 7.0 4.0 7.0 
2 3 0.76 0.76 7.0 2.0 7.0 9.0 3.0 9.0 7.0 1.0 7.0 
2 4 0.87 0.87 7.0 2.0 7.0 9.0 3.0 9.0 7.0 1.0 7.0 9.0 1.0 9.0 
2 5 0.99 0.99 7.0 2.0 7.0 9.0 3.0 9.0 7.0 1.0 7.0 9.0 1.0 9.0 8.0 1.0 8.0 
2 6 1.28 1.28 7.0 2.0 7.0 9.0 3.0 9.0 7.0 1.0 7.0 9.0 1.0 9.0 8.0 1.0 8.0 7.0 2.0 7.0 
2 7 1.78 1.78 7.0 2.0 7.0 9.0 3.0 9.0 7.0 1.0 7.0 9.0 1.0 9.0 8.0 1.0 8.0 7.0 2.0 7.0 2.0 1.0 2.0 
2 8 1.92 1.92 7.0 2.0 7.0 9.0 3.0 9.0 7.0 1.0 7.0 9.0 1.0 9.0 8.0 1.0 8.0 7.0 2.0 7.0 2.0 1.0 2.0 7.0 1.0 7.0 
2 3 1.1 1.1 4.0 2.0 4.0 6.0 3.0 6.0 10.0 1.0 10.0 
2 3 2.0 2.0 6.0 6.0 6.0 4.0 2.0 4.0 4.0 2.0 4.0 
2 3 1.73 1.73 10.0 9.0 10.0 6.0 3.0 6.0 3.0 1.0 3.0 
2 4 1.98 1.98 10.0 9.0 10.0 6.0 3.0 6.0 3.0 1.0 3.0 4.0 1.0 4.0 
2 3 1.91 1.91 8.0 5.0 8.0 9.0 8.0 9.0 5.0 2.0 5.0 
2 3 1.33 1.33 3.0 1.0 3.0 3.0 2.0 3.0 3.0 1.0 3.0 
2 4 1.45 1.45 3.0 1.0 3.0 3.0 2.0 3.0 3.0 1.0 3.0 8.0 1.0 8.0 
2 5 1.65 1.65 3.0 1.0 3.0 3.0 2.0 3.0 3.0 1.0 3.0 8.0 1.0 8.0 5.0 1.0 5.0 
2 6 1.82 1.82 3.0 1.0 3.0 3.0 2.0 3.0 3.0 1.0 3.0 8.0 1.0 8.0 5.0 1.0 5.0 6.0 1.0 6.0 
2 3 1.32 1.32 4.0 1.0 4.0 4.0 2.0 4.0 7.0 4.0 7.0 
2 4 1.92 1.92 4.0 1.0 4.0 4.0 2.0 4.0 7.0 4.0 7.0 5.0 3.0 5.0 
2 3 0.95 0.95 4.0 1.0 4.0 6.0 2.0 6.0 8.0 3.0 8.0 
2 4 1.85 1.85 4.0 1.0 4.0 6.0 2.0 6.0 8.0 3.0 8.0 10.0 9.0 10.0 
2 5 1.96 1.96 4.0 1.0 4.0 6.0 2.0 6.0 8.0 3.0 8.0 10.0 9.0 10.0 9.0 1.0 9.0 
2 3 1.35 1.35 10.0 3.0 10.0 5.0 4.0 5.0 4.0 1.0 4.0 
2 4 1.85 1.85 10.0 3.0 10.0 5.0 4.0 5.0 4.0 1.0 4.0 6.0 3.0 6.0 
2 3 0.95 0.95 3.0 1.0 3.0 3.0 1.0 3.0 7.0 2.0 7.0 
2 4 1.7 1.7 3.0 1.0 3.0 3.0 1.0 3.0 7.0 2.0 7.0 4.0 3.0 4.0 
2 5 1.82 1.82 3.0 1.0 3.0 3.0 1.0 3.0 7.0 2.0 7.0 4.0 3.0 4.0 8.0 1.0 8.0 
2 3 0.75 0.75 6.0 1.0 6.0 6.0 2.0 6.0 4.0 1.0 4.0 
2 4 1.46 1.46 6.0 1.0 6.0 6.0 2.0 6.0 4.0 1.0 4.0 7.0 5.0 7.0 
2 3 1.2 1.2 4.0 1.0 4.0 7.0 6.0 7.0 10.0 1.0 10.0 
2 4 1.54 1.54 4.0 1.0 4.0 7.0 6.0 7.0 10.0 1.0 10.0 3.0 1.0 3.0 
2 3 1.33 1.33 6.0 2.0 6.0 7.0 3.0 7.0 7.0 4.0 7.0 
2 4 1.45 1.45 6.0 2.0 6.0 7.0 3.0 7.0 7.0 4.0 7.0 8.0 1.0 8.0 
2 5 1.95 1.95 6.0 2.0 6.0 7.0 3.0 7.0 7.0 4.0 7.0 8.0 1.0 8.0 4.0 2.0 4.0 
2 3 1.14 1.14 2.0 1.0 2.0 5.0 2.0 5.0 4.0 1.0 4.0 
2 4 1.35 1.35 2.0 1.0 2.0 5.0 2.0 5.0 4.0 1.0 4.0 10.0 2.0 10.0 
2 3 1.92 1.92 5.0 2.0 5.0 7.0 6.0 7.0 9.0 6.0 9.0 
2 3 1.45 1.45 5.0 1.0 5.0 2.0 2.0 2.0 4.0 1.0 4.0 
2 4 1.95 1.95 5.0 1.0 5.0 2.0 2.0 2.0 4.0 1.0 4.0 10.0 5.0 10.0 
2 3 0.83 0.83 7.0 1.0 7.0 8.0 2.0 8.0 9.0 4.0 9.0 
2 4 1.23 1.23 7.0 1.0 7.0 8.0 2.0 8.0 9.0 4.0 9.0 10.0 4.0 10.0 
2 3 1.16 1.16 3.0 1.0 3.0 3.0 1.0 3.0 4.0 2.0 4.0 
2 4 1.66 1.66 3.0 1.0 3.0 3.0 1.0 3.0 4.0 2.0 4.0 2.0 1.0 2.0 
2 3 1.88 1.88 6.0 1.0 6.0 7.0 7.0 7.0 7.0 5.0 7.0 
2 3 1.83 1.83 9.0 3.0 9.0 8.0 4.0 8.0 3.0 3.0 3.0 
2 3 1.29 1.29 4.0 1.0 4.0 8.0 3.0 8.0 3.0 2.0 3.0 
2 3 1.06 1.06 3.0 1.0 3.0 6.0 2.0 6.0 5.0 2.0 5.0 
2 4 1.4 1.4 3.0 1.0 3.0 6.0 2.0 6.0 5.0 2.0 5.0 9.0 3.0 9.0 
2 5 2.0 2.0 3.0 1.0 3.0 6.0 2.0 6.0 5.0 2.0 5.0 9.0 3.0 9.0 5.0 3.0 5.0 
2 3 0.8 0.8 10.0 1.0 10.0 8.0 3.0 8.0 3.0 1.0 3.0 
2 4 1.55 1.55 10.0 1.0 10.0 8.0 3.0 8.0 3.0 1.0 3.0 4.0 3.0 4.0 
2 3 1.88 1.88 9.0 5.0 9.0 9.0 9.0 9.0 9.0 3.0 9.0 
2 3 0.98 0.98 5.0 1.0 5.0 7.0 2.0 7.0 4.0 2.0 4.0 
2 4 1.48 1.48 5.0 1.0 5.0 7.0 2.0 7.0 4.0 2.0 4.0 6.0 3.0 6.0 
2 5 1.68 1.68 5.0 1.0 5.0 7.0 2.0 7.0 4.0 2.0 4.0 6.0 3.0 6.0 10.0 2.0 10.0 
2 3 1.16 1.16 6.0 2.0 6.0 10.0 5.0 10.0 9.0 3.0 9.0 
2 4 1.66 1.66 6.0 2.0 6.0 10.0 5.0 10.0 9.0 3.0 9.0 2.0 1.0 2.0 
2 3 1.38 1.38 9.0 2.0 9.0 2.0 1.0 2.0 3.0 2.0 3.0 
2 4 1.63 1.63 9.0 2.0 9.0 2.0 1.0 2.0 3.0 2.0 3.0 8.0 2.0 8.0 
2 3 1.41 1.41 7.0 5.0 7.0 5.0 1.0 5.0 2.0 1.0 2.0 
2 3 0.99 0.99 10.0 3.0 10.0 9.0 4.0 9.0 4.0 1.0 4.0 
2 4 1.49 1.49 10.0 3.0 10.0 9.0 4.0 9.0 4.0 1.0 4.0 2.0 1.0 2.0 
2 3 1.5 1.5 10.0 8.0 10.0 8.0 4.0 8.0 5.0 1.0 5.0 
2 4 1.6 1.6 10.0 8.0 10.0 8.0 4.0 8.0 5.0 1.0 5.0 10.0 1.0 10.0 
2 5 1.97 1.97 10.0 8.0 10.0 8.0 4.0 8.0 5.0 1.0 5.0 10.0 1.0 10.0 8.0 3.0 8.0 
2 3 1.73 1.73 5.0 5.0 5.0 7.0 2.0 7.0 9.0 4.0 9.0 
2 3 1.16 1.16 2.0 1.0 2.0 6.0 2.0 6.0 6.0 2.0 6.0 
2 3 0.94 0.94 5.0 2.0 5.0 8.0 3.0 8.0 6.0 1.0 6.0 
2 4 1.44 1.44 5.0 2.0 5.0 8.0 3.0 8.0 6.0 1.0 6.0 8.0 4.0 8.0 
2 5 1.94 1.94 5.0 2.0 5.0 8.0 3.0 8.0 6.0 1.0 6.0 8.0 4.0 8.0 2.0 1.0 2.0 
2 3 1.11 1.11 4.0 2.0 4.0 7.0 2.0 7.0 6.0 2.0 6.0 
2 4 1.49 1.49 4.0 2.0 4.0 7.0 2.0 7.0 6.0 2.0 6.0 8.0 3.0 8.0 
2 5 1.86 1.86 4.0 2.0 4.0 7.0 2.0 7.0 6.0 2.0 6.0 8.0 3.0 8.0 8.0 3.0 8.0 
2 3 1.66 1.66 8.0 1.0 8.0 8.0 7.0 8.0 6.0 4.0 6.0 
2 3 1.53 1.53 7.0 2.0 7.0 4.0 1.0 4.0 2.0 2.0 2.0 
2 3 1.83 1.83 7.0 7.0 7.0 2.0 1.0 2.0 6.0 2.0 6.0 
2 3 1.5 1.5 4.0 2.0 4.0 8.0 4.0 8.0 2.0 1.0 2.0 
2 4 2.0 2.0 4.0 2.0 4.0 8.0 4.0 8.0 2.0 1.0 2.0 4.0 2.0 4.0 
2 3 1.53 1.53 7.0 2.0 7.0 9.0 4.0 9.0 5.0 4.0 5.0 
2 3 0.75 0.75 9.0 1.0 9.0 7.0 1.0 7.0 2.0 1.0 2.0 
2 4 0.87 0.87 9.0 1.0 9.0 7.0 1.0 7.0 2.0 1.0 2.0 8.0 1.0 8.0 
2 5 1.37 1.37 9.0 1.0 9.0 7.0 1.0 7.0 2.0 1.0 2.0 8.0 1.0 8.0 2.0 1.0 2.0 
2 6 1.8 1.8 9.0 1.0 9.0 7.0 1.0 7.0 2.0 1.0 2.0 8.0 1.0 8.0 2.0 1.0 2.0 7.0 3.0 7.0 
2 3 1.75 1.75 2.0 1.0 2.0 4.0 4.0 4.0 4.0 1.0 4.0 
2 3 1.4 1.4 4.0 2.0 4.0 3.0 1.0 3.0 7.0 4.0 7.0 
2 4 1.9 1.9 4.0 2.0 4.0 3.0 1.0 3.0 7.0 4.0 7.0 4.0 2.0 4.0 
2 3 1.1 1.1 10.0 4.0 10.0 10.0 5.0 10.0 5.0 1.0 5.0 
2 4 1.5 1.5 10.0 4.0 10.0 10.0 5.0 10.0 5.0 1.0 5.0 10.0 4.0 10.0 
2 5 1.92 1.92 10.0 4.0 10.0 10.0 5.0 10.0 5.0 1.0 5.0 10.0 4.0 10.0 7.0 3.0 7.0 
2 3 1.12 1.12 9.0 4.0 9.0 7.0 3.0 7.0 4.0 1.0 4.0 
2 3 0.66 0.66 6.0 2.0 6.0 9.0 2.0 9.0 9.0 1.0 9.0 
2 4 1.16 1.16 6.0 2.0 6.0 9.0 2.0 9.0 9.0 1.0 9.0 6.0 3.0 6.0 
2 3 1.03 1.03 10.0 5.0 10.0 5.0 1.0 5.0 6.0 2.0 6.0 
2 4 1.15 1.15 10.0 5.0 10.0 5.0 1.0 5.0 6.0 2.0 6.0 8.0 1.0 8.0 
2 5 1.65 1.65 10.0 5.0 10.0 5.0 1.0 5.0 6.0 2.0 6.0 8.0 1.0 8.0 2.0 1.0 2.0 
2 3 1.66 1.66 2.0 2.0 2.0 6.0 2.0 6.0 6.0 2.0 6.0 
2 3 1.77 1.77 3.0 3.0 3.0 3.0 1.0 3.0 9.0 4.0 9.0 
2 3 1.05 1.05 6.0 3.0 6.0 4.0 1.0 4.0 10.0 3.0 10.0 
2 4 1.42 1.42 6.0 3.0 6.0 4.0 1.0 4.0 10.0 3.0 10.0 8.0 3.0 8.0 
2 5 1.75 1.75 6.0 3.0 6.0 4.0 1.0 4.0 10.0 3.0 10.0 8.0 3.0 8.0 3.0 1.0 3.0 
2 3 1.06 1.06 6.0 1.0 6.0 2.0 1.0 2.0 10.0 4.0 10.0 
2 4 1.56 1.56 6.0 1.0 6.0 2.0 1.0 2.0 10.0 4.0 10.0 10.0 5.0 10.0 
2 3 1.64 1.64 9.0 7.0 9.0 3.0 2.0 3.0 5.0 1.0 5.0 
2 4 1.84 1.84 9.0 7.0 9.0 3.0 2.0 3.0 5.0 1.0 5.0 5.0 1.0 5.0 
2 3 1.75 1.75 8.0 2.0 8.0 5.0 5.0 5.0 2.0 1.0 2.0 
2 4 1.86 1.86 8.0 2.0 8.0 5.0 5.0 5.0 2.0 1.0 2.0 9.0 1.0 9.0 
2 3 2.0 2.0 5.0 4.0 5.0 10.0 2.0 10.0 2.0 2.0 2.0 
2 3 1.04 1.04 5.0 2.0 5.0 7.0 1.0 7.0 10.0 5.0 10.0 
2 4 1.7 1.7 5.0 2.0 5.0 7.0 1.0 7.0 10.0 5.0 10.0 3.0 2.0 3.0 
2 3 1.93 1.93 6.0 5.0 6.0 5.0 3.0 5.0 2.0 1.0 2.0 
2 3 1.41 1.41 8.0 6.0 8.0 3.0 1.0 3.0 3.0 1.0 3.0 
2 4 1.91 1.91 8.0 6.0 8.0 3.0 1.0 3.0 3.0 1.0 3.0 2.0 1.0 2.0 
2 3 0.79 0.79 6.0 1.0 6.0 7.0 3.0 7.0 10.0 2.0 10.0 
2 4 1.29 1.29 6.0 1.0 6.0 7.0 3.0 7.0 10.0 2.0 10.0 4.0 2.0 4.0 
2 5 1.46 1.46 6.0 1.0 6.0 7.0 3.0 7.0 10.0 2.0 10.0 4.0 2.0 4.0 6.0 1.0 6.0 
2 6 1.66 1.66 6.0 1.0 6.0 7.0 3.0 7.0 10.0 2.0 10.0 4.0 2.0 4.0 6.0 1.0 6.0 5.0 1.0 5.0 
2 3 1.65 1.65 7.0 3.0 7.0 9.0 5.0 9.0 6.0 4.0 6.0 
2 3 1.07 1.07 10.0 2.0 10.0 9.0 4.0 9.0 7.0 3.0 7.0 
2 3 1.51 1.51 4.0 1.0 4.0 5.0 3.0 5.0 6.0 4.0 6.0 
2 3 1.58 1.58 9.0 7.0 9.0 7.0 1.0 7.0 3.0 2.0 3.0 
2 4 1.92 1.92 9.0 7.0 9.0 7.0 1.0 7.0 3.0 2.0 3.0 3.0 1.0 3.0 
2 3 1.7 1.7 3.0 3.0 3.0 6.0 3.0 6.0 10.0 2.0 10.0 
2 4 1.9 1.9 3.0 3.0 3.0 6.0 3.0 6.0 10.0 2.0 10.0 5.0 1.0 5.0 
2 3 1.58 1.58 6.0 2.0 6.0 2.0 1.0 2.0 4.0 3.0 4.0 
2 4 1.72 1.72 6.0 2.0 6.0 2.0 1.0 2.0 4.0 3.0 4.0 7.0 1.0 7.0 
2 5 1.97 1.97 6.0 2.0 6.0 2.0 1.0 2.0 4.0 3.0 4.0 7.0 1.0 7.0 8.0 2.0 8.0 
2 3 1.26 1.26 4.0 2.0 4.0 6.0 2.0 6.0 7.0 3.0 7.0 
2 4 1.37 1.37 4.0 2.0 4.0 6.0 2.0 6.0 7.0 3.0 7.0 9.0 1.0 9.0 
2 5 1.87 1.87 4.0 2.0 4.0 6.0 2.0 6.0 7.0 3.0 7.0 9.0 1.0 9.0 4.0 2.0 4.0 
2 3 1.07 1.07 7.0 3.0 7.0 6.0 3.0 6.0 7.0 1.0 7.0 
2 4 1.57 1.57 7.0 3.0 7.0 6.0 3.0 6.0 7.0 1.0 7.0 2.0 1.0 2.0 
2 5 1.77 1.77 7.0 3.0 7.0 6.0 3.0 6.0 7.0 1.0 7.0 2.0 1.0 2.0 5.0 1.0 5.0 
2 3 0.84 0.84 6.0 3.0 6.0 5.0 1.0 5.0 7.0 1.0 7.0 
2 4 1.84 1.84 6.0 3.0 6.0 5.0 1.0 5.0 7.0 1.0 7.0 2.0 2.0 2.0 
2 3 1.5 1.5 8.0 8.0 8.0 6.0 1.0 6.0 6.0 2.0 6.0 
2 4 1.7 1.7 8.0 8.0 8.0 6.0 1.0 6.0 6.0 2.0 6.0 5.0 1.0 5.0 
2 3 1.03 1.03 4.0 1.0 4.0 2.0 1.0 2.0 7.0 2.0 7.0 
2 4 1.73 1.73 4.0 1.0 4.0 2.0 1.0 2.0 7.0 2.0 7.0 10.0 7.0 10.0 
2 3 1.83 1.83 3.0 2.0 3.0 2.0 1.0 2.0 9.0 6.0 9.0 
2 3 1.07 1.07 4.0 1.0 4.0 8.0 5.0 8.0 10.0 2.0 10.0 
2 4 1.36 1.36 4.0 1.0 4.0 8.0 5.0 8.0 10.0 2.0 10.0 7.0 2.0 7.0 
2 5 1.69 1.69 4.0 1.0 4.0 8.0 5.0 8.0 10.0 2.0 10.0 7.0 2.0 7.0 3.0 1.0 3.0 
2 3 1.37 1.37 7.0 3.0 7.0 10.0 2.0 10.0 4.0 3.0 4.0 
2 3 1.57 1.57 6.0 4.0 6.0 7.0 4.0 7.0 6.0 2.0 6.0 
2 3 1.75 1.75 7.0 5.0 7.0 7.0 1.0 7.0 10.0 9.0 10.0 
2 3 1.92 1.92 2.0 1.0 2.0 2.0 2.0 2.0 7.0 3.0 7.0 
2 3 0.94 0.94 3.0 1.0 3.0 9.0 4.0 9.0 6.0 1.0 6.0 
2 4 1.19 1.19 3.0 1.0 3.0 9.0 4.0 9.0 6.0 1.0 6.0 4.0 1.0 4.0 
2 5 1.33 1.33 3.0 1.0 3.0 9.0 4.0 9.0 6.0 1.0 6.0 4.0 1.0 4.0 7.0 1.0 7.0 
2 3 1.24 1.24 7.0 2.0 7.0 8.0 5.0 8.0 3.0 1.0 3.0 
2 4 1.57 1.57 7.0 2.0 7.0 8.0 5.0 8.0 3.0 1.0 3.0 9.0 3.0 9.0 
2 5 1.77 1.77 7.0 2.0 7.0 8.0 5.0 8.0 3.0 1.0 3.0 9.0 3.0 9.0 5.0 1.0 5.0 
2 3 1.54 1.54 3.0 1.0 3.0 7.0 5.0 7.0 2.0 1.0 2.0 
2 4 1.84 1.84 3.0 1.0 3.0 7.0 5.0 7.0 2.0 1.0 2.0 10.0 3.0 10.0 
2 3 1.51 1.51 10.0 8.0 10.0 7.0 1.0 7.0 7.0 4.0 7.0 
2 4 1.68 1.68 10.0 8.0 10.0 7.0 1.0 7.0 7.0 4.0 7.0 6.0 1.0 6.0 
2 3 1.35 1.35 7.0 6.0 7.0 4.0 1.0 4.0 4.0 1.0 4.0 
2 4 1.48 1.48 7.0 6.0 7.0 4.0 1.0 4.0 4.0 1.0 4.0 8.0 1.0 8.0 
2 5 1.91 1.91 7.0 6.0 7.0 4.0 1.0 4.0 4.0 1.0 4.0 8.0 1.0 8.0 7.0 3.0 7.0 
2 3 1.28 1.28 7.0 2.0 7.0 10.0 5.0 10.0 10.0 5.0 10.0 
2 4 1.61 1.61 7.0 2.0 7.0 10.0 5.0 10.0 10.0 5.0 10.0 6.0 2.0 6.0 
2 5 1.95 1.95 7.0 2.0 7.0 10.0 5.0 10.0 10.0 5.0 10.0 6.0 2.0 6.0 3.0 1.0 3.0 
2 3 1.5 1.5 2.0 1.0 2.0 2.0 1.0 2.0 2.0 1.0 2.0 
2 4 2.0 2.0 2.0 1.0 2.0 2.0 1.0 2.0 2.0 1.0 2.0 4.0 2.0 4.0 
2 3 1.17 1.17 3.0 1.0 3.0 9.0 4.0 9.0 5.0 2.0 5.0 
2 4 1.67 1.67 3.0 1.0 3.0 9.0 4.0 9.0 5.0 2.0 5.0 2.0 1.0 2.0 
2 3 1.68 1.68 9.0 2.0 9.0 6.0 5.0 6.0 8.0 5.0 8.0 
2 3 1.7 1.7 2.0 2.0 2.0 8.0 3.0 8.0 6.0 2.0 6.0 
2 3 0.84 0.84 2.0 1.0 2.0 5.0 1.0 5.0 7.0 1.0 7.0 
2 4 1.17 1.17 2.0 1.0 2.0 5.0 1.0 5.0 7.0 1.0 7.0 9.0 3.0 9.0 
2 5 1.28 1.28 2.0 1.0 2.0 5.0 1.0 5.0 7.0 1.0 7.0 9.0 3.0 9.0 9.0 1.0 9.0 
2 6 1.62 1.62 2.0 1.0 2.0 5.0 1.0 5.0 7.0 1.0 7.0 9.0 3.0 9.0 9.0 1.0 9.0 3.0 1.0 3.0 
2 3 0.8 0.8 10.0 2.0 10.0 10.0 4.0 10.0 10.0 2.0 10.0 
2 4 0.92 0.92 10.0 2.0 10.0 10.0 4.0 10.0 10.0 2.0 10.0 8.0 1.0 8.0 
2 5 1.17 1.17 10.0 2.0 10.0 10.0 4.0 10.0 10.0 2.0 10.0 8.0 1.0 8.0 4.0 1.0 4.0 
2 6 1.67 1.67 10.0 2.0 10.0 10.0 4.0 10.0 10.0 2.0 10.0 8.0 1.0 8.0 4.0 1.0 4.0 6.0 3.0 6.0 
2 7 1.84 1.84 10.0 2.0 10.0 10.0 4.0 10.0 10.0 2.0 10.0 8.0 1.0 8.0 4.0 1.0 4.0 6.0 3.0 6.0 6.0 1.0 6.0 
2 3 1.12 1.12 7.0 4.0 7.0 3.0 1.0 3.0 9.0 2.0 9.0 
2 4 1.62 1.62 7.0 4.0 7.0 3.0 1.0 3.0 9.0 2.0 9.0 2.0 1.0 2.0 
2 3 1.16 1.16 6.0 3.0 6.0 6.0 2.0 6.0 3.0 1.0 3.0 
2 4 1.49 1.49 6.0 3.0 6.0 6.0 2.0 6.0 3.0 1.0 3.0 9.0 3.0 9.0 
2 3 1.51 1.51 9.0 1.0 9.0 5.0 2.0 5.0 3.0 3.0 3.0 
2 3 1.33 1.33 4.0 2.0 4.0 4.0 2.0 4.0 9.0 3.0 9.0 
2 3 1.41 1.41 8.0 2.0 8.0 8.0 4.0 8.0 3.0 2.0 3.0 
2 4 1.86 1.86 8.0 2.0 8.0 8.0 4.0 8.0 3.0 2.0 3.0 9.0 4.0 9.0 
2 3 0.95 0.95 5.0 1.0 5.0 2.0 1.0 2.0 4.0 1.0 4.0 
2 4 1.07 1.07 5.0 1.0 5.0 2.0 1.0 2.0 4.0 1.0 4.0 8.0 1.0 8.0 
2 5 1.57 1.57 5.0 1.0 5.0 2.0 1.0 2.0 4.0 1.0 4.0 8.0 1.0 8.0 2.0 1.0 2.0 
2 3 1.19 1.19 6.0 2.0 6.0 4.0 3.0 4.0 9.0 1.0 9.0 
2 4 1.62 1.62 6.0 2.0 6.0 4.0 3.0 4.0 9.0 1.0 9.0 7.0 3.0 7.0 
2 3 1.23 1.23 7.0 4.0 7.0 6.0 3.0 6.0 6.0 1.0 6.0 
2 4 1.52 1.52 7.0 4.0 7.0 6.0 3.0 6.0 6.0 1.0 6.0 7.0 2.0 7.0 
2 5 1.64 1.64 7.0 4.0 7.0 6.0 3.0 6.0 6.0 1.0 6.0 7.0 2.0 7.0 8.0 1.0 8.0 
2 6 1.84 1.84 7.0 4.0 7.0 6.0 3.0 6.0 6.0 1.0 6.0 7.0 2.0 7.0 8.0 1.0 8.0 5.0 1.0 5.0 
2 3 0.88 0.88 7.0 2.0 7.0 2.0 1.0 2.0 10.0 1.0 10.0 
2 4 1.38 1.38 7.0 2.0 7.0 2.0 1.0 2.0 10.0 1.0 10.0 10.0 5.0 10.0 
2 3 1.73 1.73 9.0 3.0 9.0 10.0 9.0 10.0 8.0 4.0 8.0 
2 3 0.86 0.86 4.0 1.0 4.0 6.0 3.0 6.0 9.0 1.0 9.0 
2 4 1.36 1.36 4.0 1.0 4.0 6.0 3.0 6.0 9.0 1.0 9.0 4.0 2.0 4.0 
2 5 1.86 1.86 4.0 1.0 4.0 6.0 3.0 6.0 9.0 1.0 9.0 4.0 2.0 4.0 4.0 2.0 4.0 
2 3 0.76 0.76 7.0 2.0 7.0 9.0 3.0 9.0 7.0 1.0 7.0 
2 4 1.56 1.56 7.0 2.0 7.0 9.0 3.0 9.0 7.0 1.0 7.0 5.0 4.0 5.0 
2 3 0.92 0.92 3.0 1.0 3.0 7.0 3.0 7.0 6.0 1.0 6.0 
2 4 1.05 1.05 3.0 1.0 3.0 7.0 3.0 7.0 6.0 1.0 6.0 8.0 1.0 8.0 
2 5 1.3 1.3 3.0 1.0 3.0 7.0 3.0 7.0 6.0 1.0 6.0 8.0 1.0 8.0 4.0 1.0 4.0 
2 3 1.28 1.28 9.0 8.0 9.0 7.0 1.0 7.0 8.0 2.0 8.0 
2 4 1.61 1.61 9.0 8.0 9.0 7.0 1.0 7.0 8.0 2.0 8.0 3.0 1.0 3.0 
2 5 1.9 1.9 9.0 8.0 9.0 7.0 1.0 7.0 8.0 2.0 8.0 3.0 1.0 3.0 7.0 2.0 7.0 
2 3 1.4 1.4 5.0 2.0 5.0 4.0 2.0 4.0 8.0 4.0 8.0 
2 3 1.38 1.38 6.0 1.0 6.0 9.0 2.0 9.0 7.0 7.0 7.0 
2 3 0.71 0.71 9.0 1.0 9.0 5.0 1.0 5.0 5.0 2.0 5.0 
2 4 0.96 0.96 9.0 1.0 9.0 5.0 1.0 5.0 5.0 2.0 5.0 4.0 1.0 4.0 
2 5 1.62 1.62 9.0 1.0 9.0 5.0 1.0 5.0 5.0 2.0 5.0 4.0 1.0 4.0 3.0 2.0 3.0 
2 3 1.75 1.75 10.0 5.0 10.0 2.0 2.0 2.0 8.0 2.0 8.0 
2 3 1.34 1.34 9.0 5.0 9.0 7.0 2.0 7.0 6.0 3.0 6.0 
2 4 1.84 1.84 9.0 5.0 9.0 7.0 2.0 7.0 6.0 3.0 6.0 2.0 1.0 2.0 
2 3 1.35 1.35 7.0 2.0 7.0 5.0 2.0 5.0 3.0 2.0 3.0 
2 4 1.85 1.85 7.0 2.0 7.0 5.0 2.0 5.0 3.0 2.0 3.0 6.0 3.0 6.0 
2 3 1.16 1.16 9.0 2.0 9.0 9.0 4.0 9.0 2.0 1.0 2.0 
2 4 1.29 1.29 9.0 2.0 9.0 9.0 4.0 9.0 2.0 1.0 2.0 8.0 1.0 8.0 
2 3 1.1 1.1 4.0 2.0 4.0 10.0 1.0 10.0 2.0 1.0 2.0 
2 4 1.26 1.26 4.0 2.0 4.0 10.0 1.0 10.0 2.0 1.0 2.0 6.0 1.0 6.0 
2 5 1.83 1.83 4.0 2.0 4.0 10.0 1.0 10.0 2.0 1.0 2.0 6.0 1.0 6.0 7.0 4.0 7.0 
2 3 0.64 0.64 10.0 3.0 10.0 8.0 1.0 8.0 9.0 2.0 9.0 
2 4 1.2 1.2 10.0 3.0 10.0 8.0 1.0 8.0 9.0 2.0 9.0 9.0 5.0 9.0 
2 5 1.31 1.31 10.0 3.0 10.0 8.0 1.0 8.0 9.0 2.0 9.0 9.0 5.0 9.0 9.0 1.0 9.0 
2 6 1.45 1.45 10.0 3.0 10.0 8.0 1.0 8.0 9.0 2.0 9.0 9.0 5.0 9.0 9.0 1.0 9.0 7.0 1.0 7.0 
2 3 0.81 0.81 9.0 1.0 9.0 5.0 1.0 5.0 10.0 5.0 10.0 
2 4 0.95 0.95 9.0 1.0 9.0 5.0 1.0 5.0 10.0 5.0 10.0 7.0 1.0 7.0 
2 5 1.95 1.95 9.0 1.0 9.0 5.0 1.0 5.0 10.0 5.0 10.0 7.0 1.0 7.0 9.0 9.0 9.0 
2 3 1.55 1.55 2.0 1.0 2.0 2.0 1.0 2.0 9.0 5.0 9.0 
2 3 1.71 1.71 2.0 2.0 2.0 5.0 3.0 5.0 9.0 1.0 9.0 
2 3 1.37 1.37 9.0 7.0 9.0 5.0 2.0 5.0 5.0 1.0 5.0 
2 4 1.67 1.67 9.0 7.0 9.0 5.0 2.0 5.0 5.0 1.0 5.0 10.0 3.0 10.0 
2 3 1.22 1.22 10.0 7.0 10.0 10.0 4.0 10.0 8.0 1.0 8.0 
2 3 1.5 1.5 8.0 2.0 8.0 4.0 3.0 4.0 4.0 2.0 4.0 
2 4 1.62 1.62 8.0 2.0 8.0 4.0 3.0 4.0 4.0 2.0 4.0 8.0 1.0 8.0 
2 3 1.65 1.65 4.0 3.0 4.0 5.0 2.0 5.0 2.0 1.0 2.0 
2 3 1.7 1.7 8.0 3.0 8.0 4.0 4.0 4.0 3.0 1.0 3.0 
2 4 1.95 1.95 8.0 3.0 8.0 4.0 4.0 4.0 3.0 1.0 3.0 4.0 1.0 4.0 
2 3 1.7 1.7 4.0 1.0 4.0 10.0 9.0 10.0 9.0 5.0 9.0 
2 4 1.87 1.87 4.0 1.0 4.0 10.0 9.0 10.0 9.0 5.0 9.0 6.0 1.0 6.0 
2 3 1.16 1.16 6.0 3.0 6.0 3.0 1.0 3.0 3.0 1.0 3.0 
2 3 1.57 1.57 7.0 4.0 7.0 8.0 2.0 8.0 4.0 3.0 4.0 
2 4 1.77 1.77 7.0 4.0 7.0 8.0 2.0 8.0 4.0 3.0 4.0 10.0 2.0 10.0 
2 3 1.95 1.95 4.0 3.0 4.0 10.0 2.0 10.0 6.0 6.0 6.0 
2 3 1.37 1.37 2.0 1.0 2.0 8.0 3.0 8.0 6.0 3.0 6.0 
2 3 1.55 1.55 9.0 5.0 9.0 4.0 2.0 4.0 2.0 1.0 2.0 
2 4 1.95 1.95 9.0 5.0 9.0 4.0 2.0 4.0 2.0 1.0 2.0 5.0 2.0 5.0 
2 3 1.26 1.26 6.0 2.0 6.0 5.0 3.0 5.0 3.0 1.0 3.0 
2 4 1.86 1.86 6.0 2.0 6.0 5.0 3.0 5.0 3.0 1.0 3.0 5.0 3.0 5.0 
2 3 0.94 0.94 7.0 1.0 7.0 10.0 3.0 10.0 2.0 1.0 2.0 
2 4 1.94 1.94 7.0 1.0 7.0 10.0 3.0 10.0 2.0 1.0 2.0 3.0 3.0 3.0 
2 3 1.65 1.65 10.0 7.0 10.0 10.0 1.0 10.0 7.0 6.0 7.0 
2 3 1.14 1.14 2.0 1.0 2.0 4.0 2.0 4.0 7.0 1.0 7.0 
2 4 1.97 1.97 2.0 1.0 2.0 4.0 2.0 4.0 7.0 1.0 7.0 6.0 5.0 6.0 
2 3 1.08 1.08 6.0 2.0 6.0 5.0 1.0 5.0 9.0 5.0 9.0 
2 4 1.28 1.28 6.0 2.0 6.0 5.0 1.0 5.0 9.0 5.0 9.0 5.0 1.0 5.0 
2 5 1.88 1.88 6.0 2.0 6.0 5.0 1.0 5.0 9.0 5.0 9.0 5.0 1.0 5.0 5.0 3.0 5.0 
2 3 0.67 0.67 7.0 1.0 7.0 4.0 1.0 4.0 7.0 2.0 7.0 
2 4 1.07 1.07 7.0 1.0 7.0 4.0 1.0 4.0 7.0 2.0 7.0 5.0 2.0 5.0 
2 5 1.57 1.57 7.0 1.0 7.0 4.0 1.0 4.0 7.0 2.0 7.0 5.0 2.0 5.0 2.0 1.0 2.0 
2 3 1.5 1.5 2.0 1.0 2.0 8.0 4.0 8.0 10.0 5.0 10.0 
2 4 1.83 1.83 2.0 1.0 2.0 8.0 4.0 8.0 10.0 5.0 10.0 3.0 1.0 3.0 
2 3 0.9 0.9 7.0 3.0 7.0 3.0 1.0 3.0 7.0 1.0 7.0 
2 4 1.3 1.3 7.0 3.0 7.0 3.0 1.0 3.0 7.0 1.0 7.0 5.0 2.0 5.0 
2 3 1.57 1.57 9.0 1.0 9.0 10.0 8.0 10.0 3.0 2.0 3.0 
2 4 1.91 1.91 9.0 1.0 9.0 10.0 8.0 10.0 3.0 2.0 3.0 3.0 1.0 3.0 
2 3 1.55 1.55 2.0 2.0 2.0 8.0 2.0 8.0 10.0 3.0 10.0 
2 4 1.88 1.88 2.0 2.0 2.0 8.0 2.0 8.0 10.0 3.0 10.0 6.0 2.0 6.0 
2 3 1.11 1.11 6.0 3.0 6.0 7.0 2.0 7.0 3.0 1.0 3.0 
2 4 1.71 1.71 6.0 3.0 6.0 7.0 2.0 7.0 3.0 1.0 3.0 10.0 6.0 10.0 
2 3 0.79 0.79 2.0 1.0 2.0 8.0 1.0 8.0 6.0 1.0 6.0 
2 4 1.29 1.29 2.0 1.0 2.0 8.0 1.0 8.0 6.0 1.0 6.0 2.0 1.0 2.0 
2 5 1.84 1.84 2.0 1.0 2.0 8.0 1.0 8.0 6.0 1.0 6.0 2.0 1.0 2.0 9.0 5.0 9.0 
2 3 0.85 0.85 4.0 1.0 4.0 5.0 2.0 5.0 5.0 1.0 5.0 
2 4 1.56 1.56 4.0 1.0 4.0 5.0 2.0 5.0 5.0 1.0 5.0 7.0 5.0 7.0 
2 5 1.89 1.89 4.0 1.0 4.0 5.0 2.0 5.0 5.0 1.0 5.0 7.0 5.0 7.0 3.0 1.0 3.0 
2 3 1.53 1.53 7.0 7.0 7.0 3.0 1.0 3.0 10.0 2.0 10.0 
2 4 1.64 1.64 7.0 7.0 7.0 3.0 1.0 3.0 10.0 2.0 10.0 9.0 1.0 9.0 
2 3 2.0 2.0 2.0 1.0 2.0 4.0 2.0 4.0 2.0 2.0 2.0 
2 3 1.34 1.34 2.0 1.0 2.0 5.0 2.0 5.0 9.0 4.0 9.0 
2 3 1.79 1.79 8.0 4.0 8.0 10.0 7.0 10.0 5.0 3.0 5.0 
2 3 0.87 0.87 10.0 1.0 10.0 9.0 4.0 9.0 3.0 1.0 3.0 
2 4 1.27 1.27 10.0 1.0 10.0 9.0 4.0 9.0 3.0 1.0 3.0 5.0 2.0 5.0 
2 5 1.72 1.72 10.0 1.0 10.0 9.0 4.0 9.0 3.0 1.0 3.0 5.0 2.0 5.0 9.0 4.0 9.0 
2 3 1.86 1.86 10.0 2.0 10.0 3.0 2.0 3.0 4.0 4.0 4.0 
2 3 1.55 1.55 5.0 5.0 5.0 9.0 2.0 9.0 3.0 1.0 3.0 
2 4 1.8 1.8 5.0 5.0 5.0 9.0 2.0 9.0 3.0 1.0 3.0 4.0 1.0 4.0 
2 3 1.9 1.9 10.0 8.0 10.0 10.0 1.0 10.0 3.0 3.0 3.0 
2 3 1.21 1.21 3.0 2.0 3.0 10.0 3.0 10.0 8.0 2.0 8.0 
2 4 1.46 1.46 3.0 2.0 3.0 10.0 3.0 10.0 8.0 2.0 8.0 4.0 1.0 4.0 
2 3 1.03 1.03 2.0 1.0 2.0 6.0 2.0 6.0 5.0 1.0 5.0 
2 4 1.2 1.2 2.0 1.0 2.0 6.0 2.0 6.0 5.0 1.0 5.0 6.0 1.0 6.0 
2 5 1.6 1.6 2.0 1.0 2.0 6.0 2.0 6.0 5.0 1.0 5.0 6.0 1.0 6.0 10.0 4.0 10.0 
2 3 1.83 1.83 3.0 2.0 3.0 3.0 2.0 3.0 4.0 2.0 4.0 
2 3 1.64 1.64 9.0 6.0 9.0 7.0 6.0 7.0 8.0 1.0 8.0 
2 4 1.98 1.98 9.0 6.0 9.0 7.0 6.0 7.0 8.0 1.0 8.0 3.0 1.0 3.0 
2 3 1.46 1.46 2.0 1.0 2.0 6.0 4.0 6.0 10.0 3.0 10.0 
2 3 1.72 1.72 9.0 2.0 9.0 6.0 3.0 6.0 2.0 2.0 2.0 
2 3 1.45 1.45 4.0 2.0 4.0 9.0 3.0 9.0 8.0 5.0 8.0 
2 3 1.49 1.49 2.0 1.0 2.0 3.0 2.0 3.0 3.0 1.0 3.0 
2 3 1.4 1.4 4.0 2.0 4.0 8.0 4.0 8.0 5.0 2.0 5.0 
2 3 1.5 1.5 2.0 1.0 2.0 4.0 2.0 4.0 8.0 4.0 8.0 
2 4 1.64 1.64 2.0 1.0 2.0 4.0 2.0 4.0 8.0 4.0 8.0 7.0 1.0 7.0 
2 3 2.0 2.0 4.0 2.0 4.0 6.0 3.0 6.0 7.0 7.0 7.0 
2 3 1.54 1.54 6.0 1.0 6.0 10.0 10.0 10.0 8.0 3.0 8.0 
2 4 1.79 1.79 6.0 1.0 6.0 10.0 10.0 10.0 8.0 3.0 8.0 4.0 1.0 4.0 
2 3 1.94 1.94 6.0 4.0 6.0 2.0 1.0 2.0 9.0 7.0 9.0 
2 3 1.76 1.76 5.0 2.0 5.0 10.0 7.0 10.0 3.0 2.0 3.0 
2 3 1.25 1.25 5.0 4.0 5.0 8.0 2.0 8.0 5.0 1.0 5.0 
2 4 1.69 1.69 5.0 4.0 5.0 8.0 2.0 8.0 5.0 1.0 5.0 9.0 4.0 9.0 
2 3 2.0 2.0 2.0 1.0 2.0 10.0 5.0 10.0 2.0 2.0 2.0 
2 3 1.48 1.48 9.0 1.0 9.0 8.0 3.0 8.0 6.0 6.0 6.0 
2 4 1.88 1.88 9.0 1.0 9.0 8.0 3.0 8.0 6.0 6.0 6.0 10.0 4.0 10.0 
2 3 1.04 1.04 3.0 1.0 3.0 7.0 2.0 7.0 7.0 3.0 7.0 
2 4 1.19 1.19 3.0 1.0 3.0 7.0 2.0 7.0 7.0 3.0 7.0 7.0 1.0 7.0 
2 3 1.23 1.23 6.0 3.0 6.0 6.0 2.0 6.0 10.0 4.0 10.0 
2 4 1.56 1.56 6.0 3.0 6.0 6.0 2.0 6.0 10.0 4.0 10.0 3.0 1.0 3.0 
2 3 1.66 1.66 6.0 2.0 6.0 9.0 3.0 9.0 4.0 4.0 4.0 
2 3 1.7 1.7 9.0 9.0 9.0 5.0 1.0 5.0 4.0 2.0 4.0 
2 3 1.25 1.25 3.0 1.0 3.0 3.0 2.0 3.0 4.0 1.0 4.0 
2 4 1.45 1.45 3.0 1.0 3.0 3.0 2.0 3.0 4.0 1.0 4.0 5.0 1.0 5.0 
2 5 1.95 1.95 3.0 1.0 3.0 3.0 2.0 3.0 4.0 1.0 4.0 5.0 1.0 5.0 8.0 4.0 8.0 
2 3 1.5 1.5 3.0 3.0 3.0 4.0 1.0 4.0 4.0 1.0 4.0 
2 3 1.08 1.08 8.0 2.0 8.0 9.0 3.0 9.0 2.0 1.0 2.0 
2 4 1.75 1.75 8.0 2.0 8.0 9.0 3.0 9.0 2.0 1.0 2.0 3.0 2.0 3.0 
2 3 1.5 1.5 3.0 1.0 3.0 3.0 2.0 3.0 2.0 1.0 2.0 
2 4 1.83 1.83 3.0 1.0 3.0 3.0 2.0 3.0 2.0 1.0 2.0 6.0 2.0 6.0 
2 3 1.1 1.1 5.0 3.0 5.0 9.0 2.0 9.0 7.0 2.0 7.0 
2 4 1.48 1.48 5.0 3.0 5.0 9.0 2.0 9.0 7.0 2.0 7.0 8.0 3.0 8.0 
2 3 1.77 1.77 3.0 2.0 3.0 9.0 4.0 9.0 3.0 2.0 3.0 
2 3 1.62 1.62 3.0 2.0 3.0 9.0 3.0 9.0 8.0 5.0 8.0 
2 3 1.38 1.38 3.0 1.0 3.0 3.0 1.0 3.0 7.0 5.0 7.0 
2 3 1.1 1.1 3.0 1.0 3.0 7.0 4.0 7.0 5.0 1.0 5.0 
2 4 1.2 1.2 3.0 1.0 3.0 7.0 4.0 7.0 5.0 1.0 5.0 10.0 1.0 10.0 
2 5 1.57 1.57 3.0 1.0 3.0 7.0 4.0 7.0 5.0 1.0 5.0 10.0 1.0 10.0 8.0 3.0 8.0 
2 6 1.67 1.67 3.0 1.0 3.0 7.0 4.0 7.0 5.0 1.0 5.0 10.0 1.0 10.0 8.0 3.0 8.0 10.0 1.0 10.0 
2 3 1.5 1.5 10.0 5.0 10.0 6.0 3.0 6.0 2.0 1.0 2.0 
2 4 2.0 2.0 10.0 5.0 10.0 6.0 3.0 6.0 2.0 1.0 2.0 2.0 1.0 2.0 
2 3 1.32 1.32 10.0 2.0 10.0 4.0 3.0 4.0 8.0 3.0 8.0 
2 4 1.65 1.65 10.0 2.0 10.0 4.0 3.0 4.0 8.0 3.0 8.0 9.0 3.0 9.0 
2 3 1.03 1.03 9.0 1.0 9.0 2.0 1.0 2.0 7.0 3.0 7.0 
2 3 1.77 1.77 2.0 1.0 2.0 10.0 4.0 10.0 8.0 7.0 8.0 
2 3 1.02 1.02 8.0 1.0 8.0 3.0 1.0 3.0 7.0 4.0 7.0 
2 4 1.36 1.36 8.0 1.0 8.0 3.0 1.0 3.0 7.0 4.0 7.0 3.0 1.0 3.0 
2 5 1.69 1.69 8.0 1.0 8.0 3.0 1.0 3.0 7.0 4.0 7.0 3.0 1.0 3.0 3.0 1.0 3.0 
2 3 0.95 0.95 4.0 1.0 4.0 9.0 3.0 9.0 8.0 3.0 8.0 
2 4 1.24 1.24 4.0 1.0 4.0 9.0 3.0 9.0 8.0 3.0 8.0 7.0 2.0 7.0 
2 5 1.74 1.74 4.0 1.0 4.0 9.0 3.0 9.0 8.0 3.0 8.0 7.0 2.0 7.0 2.0 1.0 2.0 
2 6 1.91 1.91 4.0 1.0 4.0 9.0 3.0 9.0 8.0 3.0 8.0 7.0 2.0 7.0 2.0 1.0 2.0 6.0 1.0 6.0 
2 3 1.58 1.58 8.0 2.0 8.0 3.0 1.0 3.0 6.0 6.0 6.0 
2 4 1.83 1.83 8.0 2.0 8.0 3.0 1.0 3.0 6.0 6.0 6.0 4.0 1.0 4.0 
2 3 1.57 1.57 8.0 7.0 8.0 5.0 1.0 5.0 6.0 3.0 6.0 
2 4 1.74 1.74 8.0 7.0 8.0 5.0 1.0 5.0 6.0 3.0 6.0 6.0 1.0 6.0 
2 3 1.71 1.71 6.0 4.0 6.0 7.0 5.0 7.0 3.0 1.0 3.0 
2 4 1.91 1.91 6.0 4.0 6.0 7.0 5.0 7.0 3.0 1.0 3.0 5.0 1.0 5.0 
2 3 1.21 1.21 10.0 1.0 10.0 3.0 1.0 3.0 9.0 7.0 9.0 
2 3 1.9 1.9 2.0 2.0 2.0 5.0 2.0 5.0 2.0 1.0 2.0 
2 3 1.72 1.72 2.0 1.0 2.0 9.0 8.0 9.0 6.0 2.0 6.0 
2 3 1.94 1.94 10.0 5.0 10.0 7.0 7.0 7.0 9.0 4.0 9.0 
2 3 1.54 1.54 8.0 3.0 8.0 2.0 1.0 2.0 3.0 2.0 3.0 
2 3 1.18 1.18 4.0 2.0 4.0 5.0 2.0 5.0 7.0 2.0 7.0 
2 4 1.85 1.85 4.0 2.0 4.0 5.0 2.0 5.0 7.0 2.0 7.0 3.0 2.0 3.0 
2 5 1.99 1.99 4.0 2.0 4.0 5.0 2.0 5.0 7.0 2.0 7.0 3.0 2.0 3.0 7.0 1.0 7.0 
2 3 1.83 1.83 2.0 2.0 2.0 2.0 1.0 2.0 6.0 2.0 6.0 
2 3 1.61 1.61 9.0 3.0 9.0 7.0 2.0 7.0 6.0 6.0 6.0 
2 3 1.25 1.25 8.0 4.0 8.0 10.0 5.0 10.0 4.0 1.0 4.0 
2 4 1.62 1.62 8.0 4.0 8.0 10.0 5.0 10.0 4.0 1.0 4.0 8.0 3.0 8.0 
2 5 1.92 1.92 8.0 4.0 8.0 10.0 5.0 10.0 4.0 1.0 4.0 8.0 3.0 8.0 10.0 3.0 10.0 
2 3 1.06 1.06 8.0 3.0 8.0 5.0 2.0 5.0 7.0 2.0 7.0 
2 4 1.2 1.2 8.0 3.0 8.0 5.0 2.0 5.0 7.0 2.0 7.0 7.0 1.0 7.0 
2 5 1.7 1.7 8.0 3.0 8.0 5.0 2.0 5.0 7.0 2.0 7.0 7.0 1.0 7.0 2.0 1.0 2.0 
2 3 1.9 1.9 2.0 1.0 2.0 10.0 4.0 10.0 2.0 2.0 2.0 
2 3 1.16 1.16 6.0 1.0 6.0 2.0 1.0 2.0 8.0 4.0 8.0 
2 4 1.41 1.41 6.0 1.0 6.0 2.0 1.0 2.0 8.0 4.0 8.0 4.0 1.0 4.0 
2 5 1.91 1.91 6.0 1.0 6.0 2.0 1.0 2.0 8.0 4.0 8.0 4.0 1.0 4.0 2.0 1.0 2.0 
2 3 1.49 1.49 4.0 2.0 4.0 9.0 6.0 9.0 3.0 1.0 3.0 
2 3 1.73 1.73 10.0 9.0 10.0 2.0 1.0 2.0 9.0 3.0 9.0 
2 4 1.98 1.98 10.0 9.0 10.0 2.0 1.0 2.0 9.0 3.0 9.0 4.0 1.0 4.0 
2 3 1.9 1.9 2.0 1.0 2.0 10.0 4.0 10.0 6.0 6.0 6.0 
2 3 1.58 1.58 9.0 3.0 9.0 2.0 2.0 2.0 4.0 1.0 4.0 
2 4 1.75 1.75 9.0 3.0 9.0 2.0 2.0 2.0 4.0 1.0 4.0 6.0 1.0 6.0 
2 3 1.01 1.01 6.0 4.0 6.0 8.0 1.0 8.0 9.0 2.0 9.0 
2 3 1.33 1.33 2.0 1.0 2.0 9.0 3.0 9.0 4.0 2.0 4.0 
2 3 0.86 0.86 3.0 1.0 3.0 9.0 3.0 9.0 5.0 1.0 5.0 
2 4 1.56 1.56 3.0 1.0 3.0 9.0 3.0 9.0 5.0 1.0 5.0 10.0 7.0 10.0 
2 5 1.9 1.9 3.0 1.0 3.0 9.0 3.0 9.0 5.0 1.0 5.0 10.0 7.0 10.0 9.0 3.0 9.0 
2 3 1.31 1.31 9.0 5.0 9.0 7.0 3.0 7.0 6.0 2.0 6.0 
2 4 1.65 1.65 9.0 5.0 9.0 7.0 3.0 7.0 6.0 2.0 6.0 9.0 3.0 9.0 
2 5 1.9 1.9 9.0 5.0 9.0 7.0 3.0 7.0 6.0 2.0 6.0 9.0 3.0 9.0 8.0 2.0 8.0 
2 3 1.36 1.36 7.0 7.0 7.0 8.0 2.0 8.0 9.0 1.0 9.0 
2 4 1.86 1.86 7.0 7.0 7.0 8.0 2.0 8.0 9.0 1.0 9.0 6.0 3.0 6.0 
2 3 1.04 1.04 4.0 3.0 4.0 6.0 1.0 6.0 8.0 1.0 8.0 
2 4 1.15 1.15 4.0 3.0 4.0 6.0 1.0 6.0 8.0 1.0 8.0 9.0 1.0 9.0 
2 5 1.95 1.95 4.0 3.0 4.0 6.0 1.0 6.0 8.0 1.0 8.0 9.0 1.0 9.0 5.0 4.0 5.0 
2 3 0.69 0.69 8.0 2.0 8.0 6.0 2.0 6.0 9.0 1.0 9.0 
2 4 0.89 0.89 8.0 2.0 8.0 6.0 2.0 6.0 9.0 1.0 9.0 5.0 1.0 5.0 
2 5 1.39 1.39 8.0 2.0 8.0 6.0 2.0 6.0 9.0 1.0 9.0 5.0 1.0 5.0 10.0 5.0 10.0 
2 3 1.1 1.1 3.0 1.0 3.0 5.0 3.0 5.0 6.0 1.0 6.0 
2 4 1.85 1.85 3.0 1.0 3.0 5.0 3.0 5.0 6.0 1.0 6.0 8.0 6.0 8.0 
2 3 1.01 1.01 5.0 3.0 5.0 6.0 1.0 6.0 4.0 1.0 4.0 
2 4 1.51 1.51 5.0 3.0 5.0 6.0 1.0 6.0 4.0 1.0 4.0 8.0 4.0 8.0 
2 5 1.61 1.61 5.0 3.0 5.0 6.0 1.0 6.0 4.0 1.0 4.0 8.0 4.0 8.0 10.0 1.0 10.0 
2 3 1.28 1.28 7.0 4.0 7.0 7.0 3.0 7.0 7.0 2.0 7.0 
2 3 1.86 1.86 6.0 6.0 6.0 3.0 2.0 3.0 5.0 1.0 5.0 
2 3 1.53 1.53 2.0 1.0 2.0 9.0 3.0 9.0 10.0 7.0 10.0 
2 3 0.87 0.87 9.0 2.0 9.0 8.0 2.0 8.0 5.0 2.0 5.0 
2 4 1.87 1.87 9.0 2.0 9.0 8.0 2.0 8.0 5.0 2.0 5.0 4.0 4.0 4.0 
2 3 1.02 1.02 2.0 1.0 2.0 5.0 2.0 5.0 8.0 1.0 8.0 
2 3 1.53 1.53 5.0 1.0 5.0 9.0 3.0 9.0 9.0 9.0 9.0 
2 4 1.96 1.96 5.0 1.0 5.0 9.0 3.0 9.0 9.0 9.0 9.0 7.0 3.0 7.0 
2 3 1.54 1.54 2.0 1.0 2.0 6.0 2.0 6.0 7.0 5.0 7.0 
2 3 1.3 1.3 3.0 1.0 3.0 3.0 2.0 3.0 10.0 3.0 10.0 
2 3 1.55 1.55 6.0 3.0 6.0 9.0 5.0 9.0 4.0 2.0 4.0 
2 4 1.75 1.75 6.0 3.0 6.0 9.0 5.0 9.0 4.0 2.0 4.0 5.0 1.0 5.0 
2 3 1.48 1.48 8.0 1.0 8.0 7.0 6.0 7.0 8.0 4.0 8.0 
2 3 1.83 1.83 6.0 2.0 6.0 6.0 3.0 6.0 5.0 5.0 5.0 
2 3 1.53 1.53 10.0 10.0 10.0 10.0 2.0 10.0 9.0 3.0 9.0 
2 4 1.73 1.73 10.0 10.0 10.0 10.0 2.0 10.0 9.0 3.0 9.0 5.0 1.0 5.0 
2 3 1.42 1.42 7.0 2.0 7.0 7.0 1.0 7.0 9.0 9.0 9.0 
2 4 1.92 1.92 7.0 2.0 7.0 7.0 1.0 7.0 9.0 9.0 9.0 4.0 2.0 4.0 
2 3 1.27 1.27 3.0 1.0 3.0 2.0 1.0 2.0 9.0 4.0 9.0 
2 3 1.51 1.51 9.0 4.0 9.0 5.0 2.0 5.0 3.0 2.0 3.0 
2 3 1.41 1.41 2.0 1.0 2.0 5.0 1.0 5.0 7.0 5.0 7.0 
2 4 1.53 1.53 2.0 1.0 2.0 5.0 1.0 5.0 7.0 5.0 7.0 8.0 1.0 8.0 
2 5 1.93 1.93 2.0 1.0 2.0 5.0 1.0 5.0 7.0 5.0 7.0 8.0 1.0 8.0 5.0 2.0 5.0 
2 3 1.3 1.3 10.0 3.0 10.0 8.0 4.0 8.0 2.0 1.0 2.0 
2 4 1.63 1.63 10.0 3.0 10.0 8.0 4.0 8.0 2.0 1.0 2.0 3.0 1.0 3.0 
2 5 1.93 1.93 10.0 3.0 10.0 8.0 4.0 8.0 2.0 1.0 2.0 3.0 1.0 3.0 10.0 3.0 10.0 
2 3 1.36 1.36 10.0 5.0 10.0 3.0 2.0 3.0 5.0 1.0 5.0 
2 4 1.46 1.46 10.0 5.0 10.0 3.0 2.0 3.0 5.0 1.0 5.0 10.0 1.0 10.0 
2 5 1.96 1.96 10.0 5.0 10.0 3.0 2.0 3.0 5.0 1.0 5.0 10.0 1.0 10.0 2.0 1.0 2.0 
2 3 1.5 1.5 4.0 2.0 4.0 2.0 1.0 2.0 10.0 5.0 10.0 
2 4 2.0 2.0 4.0 2.0 4.0 2.0 1.0 2.0 10.0 5.0 10.0 10.0 5.0 10.0 
2 3 1.03 1.03 10.0 2.0 10.0 8.0 4.0 8.0 3.0 1.0 3.0 
2 4 1.47 1.47 10.0 2.0 10.0 8.0 4.0 8.0 3.0 1.0 3.0 9.0 4.0 9.0 
2 3 1.83 1.83 5.0 5.0 5.0 2.0 1.0 2.0 6.0 2.0 6.0 
2 3 1.74 1.74 7.0 1.0 7.0 5.0 3.0 5.0 9.0 9.0 9.0 
2 3 1.57 1.57 7.0 5.0 7.0 7.0 1.0 7.0 7.0 5.0 7.0 
2 4 1.73 1.73 7.0 5.0 7.0 7.0 1.0 7.0 7.0 5.0 7.0 6.0 1.0 6.0 
2 3 0.93 0.93 10.0 1.0 10.0 4.0 2.0 4.0 3.0 1.0 3.0 
2 4 1.3 1.3 10.0 1.0 10.0 4.0 2.0 4.0 3.0 1.0 3.0 8.0 3.0 8.0 
2 5 1.8 1.8 10.0 1.0 10.0 4.0 2.0 4.0 3.0 1.0 3.0 8.0 3.0 8.0 2.0 1.0 2.0 
2 3 1.2 1.2 5.0 2.0 5.0 10.0 3.0 10.0 2.0 1.0 2.0 
2 4 1.36 1.36 5.0 2.0 5.0 10.0 3.0 10.0 2.0 1.0 2.0 6.0 1.0 6.0 
2 5 1.86 1.86 5.0 2.0 5.0 10.0 3.0 10.0 2.0 1.0 2.0 6.0 1.0 6.0 2.0 1.0 2.0 
2 3 1.23 1.23 2.0 1.0 2.0 9.0 3.0 9.0 5.0 2.0 5.0 
2 4 1.48 1.48 2.0 1.0 2.0 9.0 3.0 9.0 5.0 2.0 5.0 8.0 2.0 8.0 
2 5 1.81 1.81 2.0 1.0 2.0 9.0 3.0 9.0 5.0 2.0 5.0 8.0 2.0 8.0 6.0 2.0 6.0 
2 3 1.03 1.03 3.0 1.0 3.0 2.0 1.0 2.0 5.0 1.0 5.0 
2 4 1.53 1.53 3.0 1.0 3.0 2.0 1.0 2.0 5.0 1.0 5.0 8.0 4.0 8.0 
2 3 1.25 1.25 2.0 1.0 2.0 4.0 1.0 4.0 8.0 4.0 8.0 
2 3 0.86 0.86 10.0 2.0 10.0 8.0 3.0 8.0 7.0 2.0 7.0 
2 4 1.3 1.3 10.0 2.0 10.0 8.0 3.0 8.0 7.0 2.0 7.0 9.0 4.0 9.0 
2 3 0.88 0.88 6.0 1.0 6.0 6.0 3.0 6.0 9.0 2.0 9.0 
2 4 1.38 1.38 6.0 1.0 6.0 6.0 3.0 6.0 9.0 2.0 9.0 2.0 1.0 2.0 
2 3 1.55 1.55 4.0 1.0 4.0 10.0 8.0 10.0 6.0 3.0 6.0 
2 3 1.12 1.12 5.0 2.0 5.0 9.0 2.0 9.0 2.0 1.0 2.0 
2 4 1.99 1.99 5.0 2.0 5.0 9.0 2.0 9.0 2.0 1.0 2.0 8.0 7.0 8.0 
2 3 1.71 1.71 4.0 4.0 4.0 7.0 1.0 7.0 7.0 4.0 7.0 
2 3 1.25 1.25 9.0 1.0 9.0 5.0 5.0 5.0 7.0 1.0 7.0 
2 3 1.7 1.7 5.0 1.0 5.0 2.0 2.0 2.0 2.0 1.0 2.0 
2 3 1.07 1.07 8.0 3.0 8.0 4.0 2.0 4.0 5.0 1.0 5.0 
2 4 1.32 1.32 8.0 3.0 8.0 4.0 2.0 4.0 5.0 1.0 5.0 8.0 2.0 8.0 
2 3 1.53 1.53 4.0 4.0 4.0 4.0 1.0 4.0 7.0 2.0 7.0 
2 4 1.86 1.86 4.0 4.0 4.0 4.0 1.0 4.0 7.0 2.0 7.0 3.0 1.0 3.0 
2 3 0.87 0.87 9.0 1.0 9.0 7.0 3.0 7.0 3.0 1.0 3.0 
2 4 1.37 1.37 9.0 1.0 9.0 7.0 3.0 7.0 3.0 1.0 3.0 8.0 4.0 8.0 
2 5 1.87 1.87 9.0 1.0 9.0 7.0 3.0 7.0 3.0 1.0 3.0 8.0 4.0 8.0 2.0 1.0 2.0 
2 3 1.75 1.75 8.0 2.0 8.0 6.0 3.0 6.0 9.0 9.0 9.0 
2 3 1.04 1.04 5.0 3.0 5.0 9.0 1.0 9.0 9.0 3.0 9.0 
2 3 1.9 1.9 10.0 4.0 10.0 4.0 2.0 4.0 2.0 2.0 2.0 
2 3 1.88 1.88 7.0 2.0 7.0 5.0 3.0 5.0 3.0 3.0 3.0 
2 3 1.04 1.04 7.0 1.0 7.0 10.0 7.0 10.0 5.0 1.0 5.0 
2 4 1.29 1.29 7.0 1.0 7.0 10.0 7.0 10.0 5.0 1.0 5.0 8.0 2.0 8.0 
2 3 1.09 1.09 7.0 2.0 7.0 4.0 1.0 4.0 9.0 5.0 9.0 
2 3 0.65 0.65 3.0 1.0 3.0 8.0 1.0 8.0 5.0 1.0 5.0 
2 4 1.4 1.4 3.0 1.0 3.0 8.0 1.0 8.0 5.0 1.0 5.0 8.0 6.0 8.0 
2 5 1.65 1.65 3.0 1.0 3.0 8.0 1.0 8.0 5.0 1.0 5.0 8.0 6.0 8.0 8.0 2.0 8.0 
2 6 1.82 1.82 3.0 1.0 3.0 8.0 1.0 8.0 5.0 1.0 5.0 8.0 6.0 8.0 8.0 2.0 8.0 6.0 1.0 6.0 
2 3 1.28 1.28 7.0 2.0 7.0 9.0 4.0 9.0 9.0 5.0 9.0 
2 4 1.78 1.78 7.0 2.0 7.0 9.0 4.0 9.0 9.0 5.0 9.0 2.0 1.0 2.0 
2 3 1.55 1.55 3.0 1.0 3.0 4.0 4.0 4.0 9.0 2.0 9.0 
2 4 1.99 1.99 3.0 1.0 3.0 4.0 4.0 4.0 9.0 2.0 9.0 9.0 4.0 9.0 
2 3 1.85 1.85 7.0 6.0 7.0 3.0 1.0 3.0 3.0 2.0 3.0 
2 3 1.08 1.08 4.0 1.0 4.0 6.0 3.0 6.0 3.0 1.0 3.0 
2 4 1.58 1.58 4.0 1.0 4.0 6.0 3.0 6.0 3.0 1.0 3.0 2.0 1.0 2.0 
2 5 1.75 1.75 4.0 1.0 4.0 6.0 3.0 6.0 3.0 1.0 3.0 2.0 1.0 2.0 6.0 1.0 6.0 
2 3 0.95 0.95 6.0 1.0 6.0 7.0 2.0 7.0 4.0 2.0 4.0 
2 4 1.95 1.95 6.0 1.0 6.0 7.0 2.0 7.0 4.0 2.0 4.0 3.0 3.0 3.0 
2 3 1.35 1.35 2.0 2.0 2.0 10.0 1.0 10.0 4.0 1.0 4.0 
2 3 1.73 1.73 9.0 4.0 9.0 7.0 2.0 7.0 5.0 5.0 5.0 
2 3 1.48 1.48 8.0 7.0 8.0 4.0 2.0 4.0 9.0 1.0 9.0 
2 4 1.73 1.73 8.0 7.0 8.0 4.0 2.0 4.0 9.0 1.0 9.0 4.0 1.0 4.0 
2 3 1.13 1.13 4.0 2.0 4.0 10.0 3.0 10.0 3.0 1.0 3.0 
2 4 1.38 1.38 4.0 2.0 4.0 10.0 3.0 10.0 3.0 1.0 3.0 4.0 1.0 4.0 
2 5 1.98 1.98 4.0 2.0 4.0 10.0 3.0 10.0 3.0 1.0 3.0 4.0 1.0 4.0 5.0 3.0 5.0 
2 3 1.79 1.79 10.0 7.0 10.0 10.0 6.0 10.0 2.0 1.0 2.0 
2 3 1.04 1.04 7.0 1.0 7.0 10.0 4.0 10.0 10.0 5.0 10.0 
2 4 1.24 1.24 7.0 1.0 7.0 10.0 4.0 10.0 10.0 5.0 10.0 5.0 1.0 5.0 
2 5 1.64 1.64 7.0 1.0 7.0 10.0 4.0 10.0 10.0 5.0 10.0 5.0 1.0 5.0 5.0 2.0 5.0 
2 3 1.75 1.75 5.0 2.0 5.0 2.0 1.0 2.0 7.0 6.0 7.0 
2 3 1.52 1.52 6.0 2.0 6.0 7.0 6.0 7.0 9.0 3.0 9.0 
2 3 0.97 0.97 9.0 2.0 9.0 2.0 1.0 2.0 8.0 2.0 8.0 
2 4 1.47 1.47 9.0 2.0 9.0 2.0 1.0 2.0 8.0 2.0 8.0 4.0 2.0 4.0 
2 3 1.23 1.23 9.0 3.0 9.0 6.0 3.0 6.0 5.0 2.0 5.0 
2 4 1.6 1.6 9.0 3.0 9.0 6.0 3.0 6.0 5.0 2.0 5.0 8.0 3.0 8.0 
2 5 1.98 1.98 9.0 3.0 9.0 6.0 3.0 6.0 5.0 2.0 5.0 8.0 3.0 8.0 8.0 3.0 8.0 
2 3 1.8 1.8 8.0 4.0 8.0 2.0 1.0 2.0 10.0 8.0 10.0 
2 3 1.27 1.27 9.0 4.0 9.0 6.0 2.0 6.0 8.0 4.0 8.0 
2 4 1.42 1.42 9.0 4.0 9.0 6.0 2.0 6.0 8.0 4.0 8.0 7.0 1.0 7.0 
2 3 1.78 1.78 2.0 1.0 2.0 9.0 9.0 9.0 7.0 2.0 7.0 
2 3 0.56 0.56 6.0 2.0 6.0 8.0 1.0 8.0 9.0 1.0 9.0 
2 4 0.81 0.81 6.0 2.0 6.0 8.0 1.0 8.0 9.0 1.0 9.0 4.0 1.0 4.0 
2 5 1.48 1.48 6.0 2.0 6.0 8.0 1.0 8.0 9.0 1.0 9.0 4.0 1.0 4.0 6.0 4.0 6.0 
2 6 1.88 1.88 6.0 2.0 6.0 8.0 1.0 8.0 9.0 1.0 9.0 4.0 1.0 4.0 6.0 4.0 6.0 5.0 2.0 5.0 
2 3 1.0 1.0 3.0 1.0 3.0 3.0 1.0 3.0 6.0 2.0 6.0 
2 4 1.62 1.62 3.0 1.0 3.0 3.0 1.0 3.0 6.0 2.0 6.0 8.0 5.0 8.0 
2 3 1.76 1.76 3.0 1.0 3.0 5.0 5.0 5.0 7.0 3.0 7.0 
2 3 0.7 0.7 4.0 1.0 4.0 8.0 1.0 8.0 6.0 2.0 6.0 
2 4 1.2 1.2 4.0 1.0 4.0 8.0 1.0 8.0 6.0 2.0 6.0 6.0 3.0 6.0 
2 5 1.8 1.8 4.0 1.0 4.0 8.0 1.0 8.0 6.0 2.0 6.0 6.0 3.0 6.0 5.0 3.0 5.0 
2 3 0.97 0.97 7.0 3.0 7.0 8.0 3.0 8.0 6.0 1.0 6.0 
2 4 1.54 1.54 7.0 3.0 7.0 8.0 3.0 8.0 6.0 1.0 6.0 7.0 4.0 7.0 
2 3 2.0 2.0 8.0 6.0 8.0 8.0 6.0 8.0 4.0 2.0 4.0 
2 3 1.56 1.56 7.0 5.0 7.0 5.0 3.0 5.0 8.0 2.0 8.0 
2 3 1.86 1.86 5.0 1.0 5.0 2.0 2.0 2.0 3.0 2.0 3.0 
2 4 1.97 1.97 5.0 1.0 5.0 2.0 2.0 2.0 3.0 2.0 3.0 9.0 1.0 9.0 
2 3 1.58 1.58 6.0 3.0 6.0 8.0 6.0 8.0 6.0 2.0 6.0 
2 3 1.73 1.73 3.0 2.0 3.0 5.0 2.0 5.0 3.0 2.0 3.0 
2 3 1.38 1.38 9.0 1.0 9.0 9.0 7.0 9.0 8.0 4.0 8.0 
2 4 1.63 1.63 9.0 1.0 9.0 9.0 7.0 9.0 8.0 4.0 8.0 4.0 1.0 4.0 
2 5 1.97 1.97 9.0 1.0 9.0 9.0 7.0 9.0 8.0 4.0 8.0 4.0 1.0 4.0 6.0 2.0 6.0 
2 3 0.83 0.83 9.0 4.0 9.0 9.0 2.0 9.0 6.0 1.0 6.0 
2 4 0.99 0.99 9.0 4.0 9.0 9.0 2.0 9.0 6.0 1.0 6.0 6.0 1.0 6.0 
2 5 1.4 1.4 9.0 4.0 9.0 9.0 2.0 9.0 6.0 1.0 6.0 6.0 1.0 6.0 10.0 4.0 10.0 
2 6 1.73 1.73 9.0 4.0 9.0 9.0 2.0 9.0 6.0 1.0 6.0 6.0 1.0 6.0 10.0 4.0 10.0 9.0 3.0 9.0 
2 3 1.75 1.75 3.0 3.0 3.0 4.0 1.0 4.0 6.0 3.0 6.0 
2 4 2.0 2.0 3.0 3.0 3.0 4.0 1.0 4.0 6.0 3.0 6.0 4.0 1.0 4.0 
2 3 1.8 1.8 5.0 1.0 5.0 10.0 6.0 10.0 4.0 4.0 4.0 
2 3 1.08 1.08 8.0 2.0 8.0 2.0 1.0 2.0 3.0 1.0 3.0 
2 4 1.58 1.58 8.0 2.0 8.0 2.0 1.0 2.0 3.0 1.0 3.0 10.0 5.0 10.0 
2 3 1.25 1.25 2.0 1.0 2.0 6.0 3.0 6.0 8.0 2.0 8.0 
2 3 0.95 0.95 4.0 2.0 4.0 3.0 1.0 3.0 8.0 1.0 8.0 
2 4 1.95 1.95 4.0 2.0 4.0 3.0 1.0 3.0 8.0 1.0 8.0 7.0 7.0 7.0 
2 3 1.5 1.5 9.0 6.0 9.0 6.0 2.0 6.0 6.0 3.0 6.0 
2 3 2.0 2.0 8.0 7.0 8.0 8.0 5.0 8.0 2.0 1.0 2.0 
2 3 1.0 1.0 6.0 2.0 6.0 6.0 1.0 6.0 2.0 1.0 2.0 
2 4 1.66 1.66 6.0 2.0 6.0 6.0 1.0 6.0 2.0 1.0 2.0 9.0 6.0 9.0 
2 3 1.45 1.45 8.0 1.0 8.0 6.0 5.0 6.0 8.0 4.0 8.0 
2 3 1.0 1.0 4.0 2.0 4.0 8.0 3.0 8.0 8.0 1.0 8.0 
2 4 1.33 1.33 4.0 2.0 4.0 8.0 3.0 8.0 8.0 1.0 8.0 3.0 1.0 3.0 
2 5 1.83 1.83 4.0 2.0 4.0 8.0 3.0 8.0 8.0 1.0 8.0 3.0 1.0 3.0 4.0 2.0 4.0 
2 3 1.5 1.5 8.0 2.0 8.0 2.0 1.0 2.0 4.0 3.0 4.0 
2 3 1.45 1.45 8.0 4.0 8.0 7.0 6.0 7.0 10.0 1.0 10.0 
2 3 1.02 1.02 10.0 5.0 10.0 5.0 2.0 5.0 8.0 1.0 8.0 
2 4 1.31 1.31 10.0 5.0 10.0 5.0 2.0 5.0 8.0 1.0 8.0 7.0 2.0 7.0 
2 3 1.17 1.17 7.0 2.0 7.0 7.0 2.0 7.0 5.0 3.0 5.0 
2 4 1.37 1.37 7.0 2.0 7.0 7.0 2.0 7.0 5.0 3.0 5.0 5.0 1.0 5.0 
2 3 1.78 1.78 2.0 1.0 2.0 7.0 2.0 7.0 3.0 3.0 3.0 
2 4 1.98 1.98 2.0 1.0 2.0 7.0 2.0 7.0 3.0 3.0 3.0 5.0 1.0 5.0 
2 3 1.57 1.57 8.0 2.0 8.0 8.0 6.0 8.0 7.0 4.0 7.0 
2 3 0.79 0.79 8.0 1.0 8.0 10.0 5.0 10.0 6.0 1.0 6.0 
2 4 1.16 1.16 8.0 1.0 8.0 10.0 5.0 10.0 6.0 1.0 6.0 8.0 3.0 8.0 
2 5 1.33 1.33 8.0 1.0 8.0 10.0 5.0 10.0 6.0 1.0 6.0 8.0 3.0 8.0 6.0 1.0 6.0 
2 3 1.48 1.48 3.0 1.0 3.0 5.0 2.0 5.0 4.0 3.0 4.0 
2 4 1.98 1.98 3.0 1.0 3.0 5.0 2.0 5.0 4.0 3.0 4.0 8.0 4.0 8.0 
2 3 1.58 1.58 4.0 3.0 4.0 4.0 2.0 4.0 9.0 3.0 9.0 
2 3 1.87 1.87 8.0 3.0 8.0 6.0 6.0 6.0 8.0 4.0 8.0 
2 3 1.1 1.1 10.0 1.0 10.0 5.0 3.0 5.0 5.0 2.0 5.0 
2 4 1.6 1.6 10.0 1.0 10.0 5.0 3.0 5.0 5.0 2.0 5.0 4.0 2.0 4.0 
2 3 1.87 1.87 8.0 7.0 8.0 6.0 4.0 6.0 9.0 3.0 9.0 
2 3 0.85 0.85 5.0 2.0 5.0 7.0 2.0 7.0 6.0 1.0 6.0 
2 4 1.01 1.01 5.0 2.0 5.0 7.0 2.0 7.0 6.0 1.0 6.0 6.0 1.0 6.0 
2 5 1.3 1.3 5.0 2.0 5.0 7.0 2.0 7.0 6.0 1.0 6.0 6.0 1.0 6.0 7.0 2.0 7.0 
2 6 1.8 1.8 5.0 2.0 5.0 7.0 2.0 7.0 6.0 1.0 6.0 6.0 1.0 6.0 7.0 2.0 7.0 6.0 3.0 6.0 
2 3 1.47 1.47 10.0 4.0 10.0 2.0 1.0 2.0 7.0 4.0 7.0 
2 4 1.72 1.72 10.0 4.0 10.0 2.0 1.0 2.0 7.0 4.0 7.0 8.0 2.0 8.0 
2 5 1.88 1.88 10.0 4.0 10.0 2.0 1.0 2.0 7.0 4.0 7.0 8.0 2.0 8.0 6.0 1.0 6.0 
2 3 1.7 1.7 8.0 3.0 8.0 6.0 5.0 6.0 8.0 4.0 8.0 
2 3 1.76 1.76 7.0 3.0 7.0 8.0 8.0 8.0 9.0 3.0 9.0 
2 4 1.96 1.96 7.0 3.0 7.0 8.0 8.0 8.0 9.0 3.0 9.0 5.0 1.0 5.0 
2 3 1.2 1.2 2.0 1.0 2.0 5.0 1.0 5.0 2.0 1.0 2.0 
2 3 1.84 1.84 3.0 2.0 3.0 5.0 2.0 5.0 9.0 7.0 9.0 
2 3 1.7 1.7 8.0 7.0 8.0 3.0 1.0 3.0 2.0 1.0 2.0 
2 3 1.25 1.25 2.0 1.0 2.0 8.0 1.0 8.0 8.0 5.0 8.0 
2 3 1.77 1.77 9.0 1.0 9.0 2.0 2.0 2.0 3.0 2.0 3.0 
2 3 1.33 1.33 3.0 1.0 3.0 6.0 4.0 6.0 3.0 1.0 3.0 
2 4 1.5 1.5 3.0 1.0 3.0 6.0 4.0 6.0 3.0 1.0 3.0 6.0 1.0 6.0 
2 5 1.83 1.83 3.0 1.0 3.0 6.0 4.0 6.0 3.0 1.0 3.0 6.0 1.0 6.0 3.0 1.0 3.0 
2 3 0.65 0.65 5.0 1.0 5.0 4.0 1.0 4.0 10.0 2.0 10.0 
2 4 0.95 0.95 5.0 1.0 5.0 4.0 1.0 4.0 10.0 2.0 10.0 10.0 3.0 10.0 
2 5 1.45 1.45 5.0 1.0 5.0 4.0 1.0 4.0 10.0 2.0 10.0 10.0 3.0 10.0 4.0 2.0 4.0 
2 6 1.65 1.65 5.0 1.0 5.0 4.0 1.0 4.0 10.0 2.0 10.0 10.0 3.0 10.0 4.0 2.0 4.0 10.0 2.0 10.0 
2 7 1.98 1.98 5.0 1.0 5.0 4.0 1.0 4.0 10.0 2.0 10.0 10.0 3.0 10.0 4.0 2.0 4.0 10.0 2.0 10.0 3.0 1.0 3.0 
2 3 0.68 0.68 9.0 2.0 9.0 8.0 1.0 8.0 6.0 2.0 6.0 
2 4 1.28 1.28 9.0 2.0 9.0 8.0 1.0 8.0 6.0 2.0 6.0 5.0 3.0 5.0 
2 5 1.65 1.65 9.0 2.0 9.0 8.0 1.0 8.0 6.0 2.0 6.0 5.0 3.0 5.0 8.0 3.0 8.0 
2 3 1.62 1.62 4.0 2.0 4.0 3.0 3.0 3.0 8.0 1.0 8.0 
2 3 1.27 1.27 2.0 1.0 2.0 6.0 2.0 6.0 9.0 4.0 9.0 
2 3 1.58 1.58 2.0 1.0 2.0 3.0 1.0 3.0 4.0 3.0 4.0 
2 3 1.49 1.49 5.0 4.0 5.0 9.0 4.0 9.0 4.0 1.0 4.0 
2 4 1.99 1.99 5.0 4.0 5.0 9.0 4.0 9.0 4.0 1.0 4.0 2.0 1.0 2.0 
2 3 1.3 1.3 6.0 6.0 6.0 10.0 1.0 10.0 5.0 1.0 5.0 
2 4 1.46 1.46 6.0 6.0 6.0 10.0 1.0 10.0 5.0 1.0 5.0 6.0 1.0 6.0 
2 3 1.6 1.6 5.0 4.0 5.0 10.0 6.0 10.0 10.0 2.0 10.0 
2 3 1.6 1.6 5.0 3.0 5.0 2.0 1.0 2.0 2.0 1.0 2.0 
2 4 1.85 1.85 5.0 3.0 5.0 2.0 1.0 2.0 2.0 1.0 2.0 8.0 2.0 8.0 
2 3 1.31 1.31 10.0 2.0 10.0 6.0 6.0 6.0 9.0 1.0 9.0 
2 4 1.81 1.81 10.0 2.0 10.0 6.0 6.0 6.0 9.0 1.0 9.0 4.0 2.0 4.0 
2 5 1.92 1.92 10.0 2.0 10.0 6.0 6.0 6.0 9.0 1.0 9.0 4.0 2.0 4.0 9.0 1.0 9.0 
2 3 1.38 1.38 9.0 5.0 9.0 6.0 2.0 6.0 2.0 1.0 2.0 
2 4 1.72 1.72 9.0 5.0 9.0 6.0 2.0 6.0 2.0 1.0 2.0 3.0 1.0 3.0 
2 3 1.84 1.84 8.0 3.0 8.0 3.0 2.0 3.0 5.0 4.0 5.0 
2 3 1.18 1.18 7.0 2.0 7.0 10.0 4.0 10.0 10.0 5.0 10.0 
2 4 1.58 1.58 7.0 2.0 7.0 10.0 4.0 10.0 10.0 5.0 10.0 10.0 4.0 10.0 
2 3 1.75 1.75 2.0 1.0 2.0 2.0 2.0 2.0 4.0 1.0 4.0 
2 4 1.97 1.97 2.0 1.0 2.0 2.0 2.0 2.0 4.0 1.0 4.0 9.0 2.0 9.0 
2 3 0.83 0.83 10.0 1.0 10.0 6.0 2.0 6.0 10.0 4.0 10.0 
2 4 1.33 1.33 10.0 1.0 10.0 6.0 2.0 6.0 10.0 4.0 10.0 2.0 1.0 2.0 
2 5 1.45 1.45 10.0 1.0 10.0 6.0 2.0 6.0 10.0 4.0 10.0 2.0 1.0 2.0 8.0 1.0 8.0 
2 3 1.61 1.61 8.0 4.0 8.0 3.0 2.0 3.0 9.0 4.0 9.0 
2 4 1.86 1.86 8.0 4.0 8.0 3.0 2.0 3.0 9.0 4.0 9.0 8.0 2.0 8.0 
2 3 1.1 1.1 10.0 4.0 10.0 5.0 1.0 5.0 8.0 4.0 8.0 
2 4 1.26 1.26 10.0 4.0 10.0 5.0 1.0 5.0 8.0 4.0 8.0 6.0 1.0 6.0 
2 5 1.86 1.86 10.0 4.0 10.0 5.0 1.0 5.0 8.0 4.0 8.0 6.0 1.0 6.0 5.0 3.0 5.0 
2 3 0.87 0.87 3.0 1.0 3.0 6.0 1.0 6.0 8.0 3.0 8.0 
2 4 1.62 1.62 3.0 1.0 3.0 6.0 1.0 6.0 8.0 3.0 8.0 8.0 6.0 8.0 
2 3 1.69 1.69 7.0 1.0 7.0 9.0 5.0 9.0 4.0 4.0 4.0 
2 4 1.98 1.98 7.0 1.0 7.0 9.0 5.0 9.0 4.0 4.0 4.0 7.0 2.0 7.0 
2 3 1.22 1.22 4.0 2.0 4.0 8.0 4.0 8.0 9.0 2.0 9.0 
2 4 1.82 1.82 4.0 2.0 4.0 8.0 4.0 8.0 9.0 2.0 9.0 10.0 6.0 10.0 
2 5 1.92 1.92 4.0 2.0 4.0 8.0 4.0 8.0 9.0 2.0 9.0 10.0 6.0 10.0 10.0 1.0 10.0 
2 3 1.6 1.6 8.0 5.0 8.0 5.0 1.0 5.0 9.0 7.0 9.0 
2 3 1.6 1.6 4.0 2.0 4.0 10.0 1.0 10.0 2.0 2.0 2.0 
2 3 1.08 1.08 4.0 1.0 4.0 3.0 1.0 3.0 4.0 2.0 4.0 
2 4 1.58 1.58 4.0 1.0 4.0 3.0 1.0 3.0 4.0 2.0 4.0 4.0 2.0 4.0 
2 3 0.63 0.63 5.0 1.0 5.0 3.0 1.0 3.0 10.0 1.0 10.0 
2 4 0.8 0.8 5.0 1.0 5.0 3.0 1.0 3.0 10.0 1.0 10.0 6.0 1.0 6.0 
2 5 1.2 1.2 5.0 1.0 5.0 3.0 1.0 3.0 10.0 1.0 10.0 6.0 1.0 6.0 5.0 2.0 5.0 
2 3 1.29 1.29 4.0 3.0 4.0 5.0 2.0 5.0 7.0 1.0 7.0 
2 3 0.95 0.95 6.0 2.0 6.0 3.0 1.0 3.0 7.0 2.0 7.0 
2 4 1.45 1.45 6.0 2.0 6.0 3.0 1.0 3.0 7.0 2.0 7.0 6.0 3.0 6.0 
2 3 1.87 1.87 7.0 4.0 7.0 6.0 3.0 6.0 5.0 4.0 5.0 
2 3 1.73 1.73 2.0 1.0 2.0 7.0 4.0 7.0 3.0 2.0 3.0 
2 3 1.2 1.2 10.0 5.0 10.0 10.0 5.0 10.0 5.0 1.0 5.0 
2 4 2.0 2.0 10.0 5.0 10.0 10.0 5.0 10.0 5.0 1.0 5.0 5.0 4.0 5.0 
2 3 1.06 1.06 9.0 4.0 9.0 7.0 2.0 7.0 6.0 2.0 6.0 
2 4 1.39 1.39 9.0 4.0 9.0 7.0 2.0 7.0 6.0 2.0 6.0 3.0 1.0 3.0 
2 5 1.79 1.79 9.0 4.0 9.0 7.0 2.0 7.0 6.0 2.0 6.0 3.0 1.0 3.0 10.0 4.0 10.0 
2 3 1.06 1.06 5.0 2.0 5.0 6.0 1.0 6.0 4.0 2.0 4.0 
2 4 1.17 1.17 5.0 2.0 5.0 6.0 1.0 6.0 4.0 2.0 4.0 9.0 1.0 9.0 
2 5 1.51 1.51 5.0 2.0 5.0 6.0 1.0 6.0 4.0 2.0 4.0 9.0 1.0 9.0 6.0 2.0 6.0 
2 3 1.45 1.45 10.0 7.0 10.0 8.0 2.0 8.0 10.0 5.0 10.0 
2 4 1.78 1.78 10.0 7.0 10.0 8.0 2.0 8.0 10.0 5.0 10.0 3.0 1.0 3.0 
2 3 2.0 2.0 4.0 2.0 4.0 10.0 5.0 10.0 2.0 2.0 2.0 
2 3 1.09 1.09 3.0 2.0 3.0 10.0 3.0 10.0 8.0 1.0 8.0 
2 3 1.42 1.42 10.0 7.0 10.0 8.0 4.0 8.0 9.0 2.0 9.0 
2 4 1.99 1.99 10.0 7.0 10.0 8.0 4.0 8.0 9.0 2.0 9.0 7.0 4.0 7.0 
2 3 1.6 1.6 10.0 6.0 10.0 3.0 1.0 3.0 3.0 2.0 3.0 
2 3 1.36 1.36 7.0 3.0 7.0 10.0 6.0 10.0 3.0 1.0 3.0 
2 4 1.86 1.86 7.0 3.0 7.0 10.0 6.0 10.0 3.0 1.0 3.0 2.0 1.0 2.0 
2 3 1.45 1.45 8.0 2.0 8.0 3.0 3.0 3.0 10.0 2.0 10.0 
2 4 1.85 1.85 8.0 2.0 8.0 3.0 3.0 3.0 10.0 2.0 10.0 5.0 2.0 5.0 
2 3 1.9 1.9 7.0 4.0 7.0 3.0 1.0 3.0 3.0 3.0 3.0 
2 3 1.16 1.16 6.0 1.0 6.0 2.0 1.0 2.0 2.0 1.0 2.0 
2 3 1.62 1.62 2.0 2.0 2.0 8.0 1.0 8.0 2.0 1.0 2.0 
2 3 1.66 1.66 9.0 6.0 9.0 4.0 2.0 4.0 8.0 4.0 8.0 
2 3 1.68 1.68 9.0 5.0 9.0 8.0 7.0 8.0 8.0 2.0 8.0 
2 4 1.9 1.9 9.0 5.0 9.0 8.0 7.0 8.0 8.0 2.0 8.0 9.0 2.0 9.0 
2 3 1.95 1.95 6.0 6.0 6.0 8.0 6.0 8.0 10.0 2.0 10.0 
2 3 1.83 1.83 6.0 2.0 6.0 4.0 2.0 4.0 5.0 5.0 5.0 
2 3 1.62 1.62 10.0 4.0 10.0 10.0 8.0 10.0 7.0 3.0 7.0 
2 3 1.76 1.76 6.0 1.0 6.0 6.0 6.0 6.0 5.0 3.0 5.0 
2 3 1.06 1.06 9.0 1.0 9.0 3.0 2.0 3.0 7.0 2.0 7.0 
2 4 1.86 1.86 9.0 1.0 9.0 3.0 2.0 3.0 7.0 2.0 7.0 5.0 4.0 5.0 
2 3 1.64 1.64 8.0 4.0 8.0 7.0 6.0 7.0 7.0 2.0 7.0 
2 3 1.96 1.96 6.0 1.0 6.0 5.0 4.0 5.0 4.0 4.0 4.0 
2 3 1.36 1.36 9.0 1.0 9.0 7.0 7.0 7.0 4.0 1.0 4.0 
2 3 1.89 1.89 3.0 3.0 3.0 7.0 1.0 7.0 4.0 3.0 4.0 
2 3 2.0 2.0 10.0 10.0 10.0 4.0 3.0 4.0 4.0 1.0 4.0 
2 3 1.45 1.45 4.0 1.0 4.0 9.0 9.0 9.0 5.0 1.0 5.0 
2 3 1.28 1.28 8.0 4.0 8.0 7.0 2.0 7.0 4.0 2.0 4.0 
2 3 1.41 1.41 9.0 1.0 9.0 5.0 4.0 5.0 10.0 5.0 10.0 
2 3 1.5 1.5 10.0 8.0 10.0 10.0 2.0 10.0 6.0 3.0 6.0 
2 4 2.0 2.0 10.0 8.0 10.0 10.0 2.0 10.0 6.0 3.0 6.0 8.0 4.0 8.0 
2 3 1.5 1.5 3.0 1.0 3.0 3.0 2.0 3.0 4.0 2.0 4.0 
2 3 1.03 1.03 3.0 1.0 3.0 10.0 2.0 10.0 2.0 1.0 2.0 
2 4 1.46 1.46 3.0 1.0 3.0 10.0 2.0 10.0 2.0 1.0 2.0 7.0 3.0 7.0 
2 3 1.43 1.43 6.0 2.0 6.0 4.0 2.0 4.0 5.0 3.0 5.0 
2 4 1.93 1.93 6.0 2.0 6.0 4.0 2.0 4.0 5.0 3.0 5.0 2.0 1.0 2.0 
2 3 1.63 1.63 8.0 4.0 8.0 6.0 2.0 6.0 5.0 4.0 5.0 
2 4 1.88 1.88 8.0 4.0 8.0 6.0 2.0 6.0 5.0 4.0 5.0 4.0 1.0 4.0 
2 3 1.32 1.32 6.0 3.0 6.0 8.0 5.0 8.0 5.0 1.0 5.0 
2 4 1.65 1.65 6.0 3.0 6.0 8.0 5.0 8.0 5.0 1.0 5.0 3.0 1.0 3.0 
2 5 1.95 1.95 6.0 3.0 6.0 8.0 5.0 8.0 5.0 1.0 5.0 3.0 1.0 3.0 10.0 3.0 10.0 
2 3 1.16 1.16 4.0 1.0 4.0 8.0 6.0 8.0 6.0 1.0 6.0 
2 4 1.54 1.54 4.0 1.0 4.0 8.0 6.0 8.0 6.0 1.0 6.0 8.0 3.0 8.0 
2 3 1.03 1.03 6.0 2.0 6.0 7.0 1.0 7.0 9.0 5.0 9.0 
2 4 1.36 1.36 6.0 2.0 6.0 7.0 1.0 7.0 9.0 5.0 9.0 9.0 3.0 9.0 
2 5 1.99 1.99 6.0 2.0 6.0 7.0 1.0 7.0 9.0 5.0 9.0 9.0 3.0 9.0 8.0 5.0 8.0 
2 3 1.5 1.5 3.0 2.0 3.0 6.0 4.0 6.0 6.0 1.0 6.0 
2 3 1.92 1.92 7.0 3.0 7.0 5.0 5.0 5.0 2.0 1.0 2.0 
2 3 1.59 1.59 8.0 6.0 8.0 7.0 2.0 7.0 9.0 5.0 9.0 
2 4 1.99 1.99 8.0 6.0 8.0 7.0 2.0 7.0 9.0 5.0 9.0 10.0 4.0 10.0 
2 3 1.51 1.51 8.0 6.0 8.0 5.0 3.0 5.0 6.0 1.0 6.0 
2 3 1.36 1.36 3.0 1.0 3.0 7.0 3.0 7.0 5.0 3.0 5.0 
2 3 0.9 0.9 5.0 2.0 5.0 4.0 1.0 4.0 4.0 1.0 4.0 
2 4 1.7 1.7 5.0 2.0 5.0 4.0 1.0 4.0 4.0 1.0 4.0 10.0 8.0 10.0 
2 5 1.92 1.92 5.0 2.0 5.0 4.0 1.0 4.0 4.0 1.0 4.0 10.0 8.0 10.0 9.0 2.0 9.0 
2 3 1.55 1.55 7.0 1.0 7.0 9.0 5.0 9.0 7.0 6.0 7.0 
2 3 1.25 1.25 7.0 2.0 7.0 3.0 2.0 3.0 10.0 3.0 10.0 
2 4 1.75 1.75 7.0 2.0 7.0 3.0 2.0 3.0 10.0 3.0 10.0 8.0 4.0 8.0 
2 5 1.95 1.95 7.0 2.0 7.0 3.0 2.0 3.0 10.0 3.0 10.0 8.0 4.0 8.0 5.0 1.0 5.0 
2 3 1.76 1.76 3.0 1.0 3.0 7.0 3.0 7.0 10.0 10.0 10.0 
2 3 1.77 1.77 9.0 7.0 9.0 6.0 3.0 6.0 2.0 1.0 2.0 
2 3 1.21 1.21 4.0 1.0 4.0 9.0 6.0 9.0 10.0 3.0 10.0 
2 4 1.61 1.61 4.0 1.0 4.0 9.0 6.0 9.0 10.0 3.0 10.0 5.0 2.0 5.0 
2 3 1.61 1.61 8.0 4.0 8.0 7.0 7.0 7.0 9.0 1.0 9.0 
2 4 1.73 1.73 8.0 4.0 8.0 7.0 7.0 7.0 9.0 1.0 9.0 8.0 1.0 8.0 
2 5 1.86 1.86 8.0 4.0 8.0 7.0 7.0 7.0 9.0 1.0 9.0 8.0 1.0 8.0 8.0 1.0 8.0 
2 3 1.4 1.4 6.0 2.0 6.0 5.0 2.0 5.0 3.0 2.0 3.0 
2 4 1.62 1.62 6.0 2.0 6.0 5.0 2.0 5.0 3.0 2.0 3.0 9.0 2.0 9.0 
2 3 1.27 1.27 9.0 2.0 9.0 5.0 1.0 5.0 7.0 6.0 7.0 
2 4 1.52 1.52 9.0 2.0 9.0 5.0 1.0 5.0 7.0 6.0 7.0 8.0 2.0 8.0 
2 5 1.86 1.86 9.0 2.0 9.0 5.0 1.0 5.0 7.0 6.0 7.0 8.0 2.0 8.0 3.0 1.0 3.0 
2 3 1.62 1.62 10.0 7.0 10.0 4.0 2.0 4.0 7.0 3.0 7.0 
2 4 1.87 1.87 10.0 7.0 10.0 4.0 2.0 4.0 7.0 3.0 7.0 4.0 1.0 4.0 
2 3 1.34 1.34 9.0 4.0 9.0 9.0 3.0 9.0 7.0 4.0 7.0 
2 4 1.84 1.84 9.0 4.0 9.0 9.0 3.0 9.0 7.0 4.0 7.0 2.0 1.0 2.0 
2 3 1.16 1.16 3.0 1.0 3.0 6.0 2.0 6.0 6.0 3.0 6.0 
2 4 1.36 1.36 3.0 1.0 3.0 6.0 2.0 6.0 6.0 3.0 6.0 10.0 2.0 10.0 
2 3 1.24 1.24 9.0 2.0 9.0 10.0 9.0 10.0 8.0 1.0 8.0 
2 4 1.74 1.74 9.0 2.0 9.0 10.0 9.0 10.0 8.0 1.0 8.0 2.0 1.0 2.0 
2 5 1.94 1.94 9.0 2.0 9.0 10.0 9.0 10.0 8.0 1.0 8.0 2.0 1.0 2.0 5.0 1.0 5.0 
2 3 1.8 1.8 5.0 2.0 5.0 5.0 2.0 5.0 2.0 2.0 2.0 
2 3 1.86 1.86 5.0 1.0 5.0 3.0 2.0 3.0 4.0 4.0 4.0 
2 3 1.5 1.5 2.0 1.0 2.0 3.0 1.0 3.0 3.0 2.0 3.0 
2 4 1.9 1.9 2.0 1.0 2.0 3.0 1.0 3.0 3.0 2.0 3.0 10.0 4.0 10.0 
2 3 1.86 1.86 6.0 6.0 6.0 3.0 2.0 3.0 10.0 2.0 10.0 
2 3 1.19 1.19 8.0 2.0 8.0 2.0 1.0 2.0 9.0 4.0 9.0 
2 4 1.52 1.52 8.0 2.0 8.0 2.0 1.0 2.0 9.0 4.0 9.0 6.0 2.0 6.0 
2 5 1.86 1.86 8.0 2.0 8.0 2.0 1.0 2.0 9.0 4.0 9.0 6.0 2.0 6.0 3.0 1.0 3.0 
2 3 1.98 1.98 9.0 5.0 9.0 7.0 3.0 7.0 6.0 6.0 6.0 
2 3 1.21 1.21 4.0 1.0 4.0 8.0 2.0 8.0 7.0 5.0 7.0 
2 4 1.54 1.54 4.0 1.0 4.0 8.0 2.0 8.0 7.0 5.0 7.0 3.0 1.0 3.0 
2 5 1.88 1.88 4.0 1.0 4.0 8.0 2.0 8.0 7.0 5.0 7.0 3.0 1.0 3.0 3.0 1.0 3.0 
2 3 1.03 1.03 5.0 1.0 5.0 3.0 1.0 3.0 2.0 1.0 2.0 
2 4 1.17 1.17 5.0 1.0 5.0 3.0 1.0 3.0 2.0 1.0 2.0 7.0 1.0 7.0 
2 3 1.37 1.37 10.0 5.0 10.0 8.0 5.0 8.0 4.0 1.0 4.0 
2 4 1.87 1.87 10.0 5.0 10.0 8.0 5.0 8.0 4.0 1.0 4.0 10.0 5.0 10.0 
2 3 1.78 1.78 3.0 3.0 3.0 2.0 1.0 2.0 7.0 2.0 7.0 
2 4 1.89 1.89 3.0 3.0 3.0 2.0 1.0 2.0 7.0 2.0 7.0 9.0 1.0 9.0 
2 3 1.93 1.93 6.0 4.0 6.0 6.0 4.0 6.0 10.0 6.0 10.0 
2 3 1.56 1.56 2.0 1.0 2.0 3.0 2.0 3.0 10.0 4.0 10.0 
2 3 1.57 1.57 5.0 2.0 5.0 4.0 3.0 4.0 7.0 3.0 7.0 
2 4 1.91 1.91 5.0 2.0 5.0 4.0 3.0 4.0 7.0 3.0 7.0 9.0 3.0 9.0 
2 3 1.75 1.75 8.0 6.0 8.0 3.0 1.0 3.0 3.0 2.0 3.0 
2 3 1.91 1.91 9.0 4.0 9.0 5.0 4.0 5.0 6.0 4.0 6.0 
2 3 2.0 2.0 3.0 2.0 3.0 3.0 1.0 3.0 8.0 8.0 8.0 
2 3 1.02 1.02 7.0 3.0 7.0 10.0 1.0 10.0 6.0 3.0 6.0 
2 4 1.52 1.52 7.0 3.0 7.0 10.0 1.0 10.0 6.0 3.0 6.0 10.0 5.0 10.0 
2 3 1.44 1.44 9.0 1.0 9.0 3.0 1.0 3.0 3.0 3.0 3.0 
2 4 1.84 1.84 9.0 1.0 9.0 3.0 1.0 3.0 3.0 3.0 3.0 10.0 4.0 10.0 
2 3 1.79 1.79 2.0 2.0 2.0 3.0 2.0 3.0 8.0 1.0 8.0 
2 4 1.93 1.93 2.0 2.0 2.0 3.0 2.0 3.0 8.0 1.0 8.0 7.0 1.0 7.0 
2 3 1.54 1.54 2.0 2.0 2.0 9.0 4.0 9.0 10.0 1.0 10.0 
2 4 1.83 1.83 2.0 2.0 2.0 9.0 4.0 9.0 10.0 1.0 10.0 7.0 2.0 7.0 
2 3 0.91 0.91 9.0 2.0 9.0 9.0 4.0 9.0 8.0 2.0 8.0 
2 4 1.58 1.58 9.0 2.0 9.0 9.0 4.0 9.0 8.0 2.0 8.0 6.0 4.0 6.0 
2 5 1.83 1.83 9.0 2.0 9.0 9.0 4.0 9.0 8.0 2.0 8.0 6.0 4.0 6.0 4.0 1.0 4.0 
2 3 1.84 1.84 9.0 5.0 9.0 7.0 2.0 7.0 6.0 6.0 6.0 
2 3 1.5 1.5 10.0 3.0 10.0 3.0 3.0 3.0 5.0 1.0 5.0 
2 4 1.8 1.8 10.0 3.0 10.0 3.0 3.0 3.0 5.0 1.0 5.0 10.0 3.0 10.0 
2 3 1.34 1.34 9.0 2.0 9.0 8.0 7.0 8.0 4.0 1.0 4.0 
2 4 1.59 1.59 9.0 2.0 9.0 8.0 7.0 8.0 4.0 1.0 4.0 4.0 1.0 4.0 
2 5 1.99 1.99 9.0 2.0 9.0 8.0 7.0 8.0 4.0 1.0 4.0 4.0 1.0 4.0 5.0 2.0 5.0 
2 3 1.94 1.94 2.0 1.0 2.0 9.0 7.0 9.0 3.0 2.0 3.0 
2 3 1.38 1.38 10.0 6.0 10.0 2.0 1.0 2.0 7.0 2.0 7.0 
2 4 1.6 1.6 10.0 6.0 10.0 2.0 1.0 2.0 7.0 2.0 7.0 9.0 2.0 9.0 
2 5 1.8 1.8 10.0 6.0 10.0 2.0 1.0 2.0 7.0 2.0 7.0 9.0 2.0 9.0 5.0 1.0 5.0 
2 3 1.34 1.34 5.0 1.0 5.0 7.0 1.0 7.0 2.0 2.0 2.0 
2 4 1.5 1.5 5.0 1.0 5.0 7.0 1.0 7.0 2.0 2.0 2.0 6.0 1.0 6.0 
2 3 0.98 0.98 9.0 4.0 9.0 7.0 2.0 7.0 8.0 2.0 8.0 
2 4 1.31 1.31 9.0 4.0 9.0 7.0 2.0 7.0 8.0 2.0 8.0 3.0 1.0 3.0 
2 3 1.26 1.26 5.0 1.0 5.0 7.0 2.0 7.0 9.0 7.0 9.0 
2 4 1.76 1.76 5.0 1.0 5.0 7.0 2.0 7.0 9.0 7.0 9.0 4.0 2.0 4.0 
2 3 1.3 1.3 7.0 1.0 7.0 6.0 5.0 6.0 9.0 3.0 9.0 
2 4 1.8 1.8 7.0 1.0 7.0 6.0 5.0 6.0 9.0 3.0 9.0 8.0 4.0 8.0 
2 3 1.55 1.55 2.0 1.0 2.0 10.0 8.0 10.0 8.0 2.0 8.0 
2 3 1.33 1.33 3.0 1.0 3.0 8.0 4.0 8.0 2.0 1.0 2.0 
2 4 1.58 1.58 3.0 1.0 3.0 8.0 4.0 8.0 2.0 1.0 2.0 8.0 2.0 8.0 
2 3 1.5 1.5 9.0 9.0 9.0 8.0 2.0 8.0 4.0 1.0 4.0 
2 3 1.44 1.44 9.0 4.0 9.0 3.0 1.0 3.0 3.0 2.0 3.0 
2 4 1.77 1.77 9.0 4.0 9.0 3.0 1.0 3.0 3.0 2.0 3.0 9.0 3.0 9.0 
2 5 1.87 1.87 9.0 4.0 9.0 3.0 1.0 3.0 3.0 2.0 3.0 9.0 3.0 9.0 10.0 1.0 10.0 
2 3 1.62 1.62 10.0 2.0 10.0 7.0 3.0 7.0 7.0 7.0 7.0 
2 4 1.87 1.87 10.0 2.0 10.0 7.0 3.0 7.0 7.0 7.0 7.0 8.0 2.0 8.0 
2 3 1.47 1.47 10.0 10.0 10.0 7.0 1.0 7.0 6.0 2.0 6.0 
2 3 0.99 0.99 10.0 3.0 10.0 4.0 1.0 4.0 9.0 4.0 9.0 
2 4 1.82 1.82 10.0 3.0 10.0 4.0 1.0 4.0 9.0 4.0 9.0 6.0 5.0 6.0 
2 3 1.16 1.16 3.0 1.0 3.0 2.0 1.0 2.0 6.0 2.0 6.0 
2 4 1.49 1.49 3.0 1.0 3.0 2.0 1.0 2.0 6.0 2.0 6.0 3.0 1.0 3.0 
2 5 1.66 1.66 3.0 1.0 3.0 2.0 1.0 2.0 6.0 2.0 6.0 3.0 1.0 3.0 6.0 1.0 6.0 
2 3 1.08 1.08 6.0 2.0 6.0 10.0 5.0 10.0 4.0 1.0 4.0 
2 4 1.33 1.33 6.0 2.0 6.0 10.0 5.0 10.0 4.0 1.0 4.0 8.0 2.0 8.0 
2 5 1.83 1.83 6.0 2.0 6.0 10.0 5.0 10.0 4.0 1.0 4.0 8.0 2.0 8.0 2.0 1.0 2.0 
2 3 1.5 1.5 2.0 1.0 2.0 2.0 1.0 2.0 8.0 4.0 8.0 
2 4 1.83 1.83 2.0 1.0 2.0 2.0 1.0 2.0 8.0 4.0 8.0 3.0 1.0 3.0 
2 3 0.77 0.77 9.0 1.0 9.0 6.0 3.0 6.0 6.0 1.0 6.0 
2 4 1.27 1.27 9.0 1.0 9.0 6.0 3.0 6.0 6.0 1.0 6.0 2.0 1.0 2.0 
2 5 1.52 1.52 9.0 1.0 9.0 6.0 3.0 6.0 6.0 1.0 6.0 2.0 1.0 2.0 4.0 1.0 4.0 
2 6 1.67 1.67 9.0 1.0 9.0 6.0 3.0 6.0 6.0 1.0 6.0 2.0 1.0 2.0 4.0 1.0 4.0 7.0 1.0 7.0 
2 3 1.88 1.88 5.0 3.0 5.0 3.0 3.0 3.0 7.0 2.0 7.0 
2 3 0.6 0.6 3.0 1.0 3.0 6.0 1.0 6.0 10.0 1.0 10.0 
2 4 1.45 1.45 3.0 1.0 3.0 6.0 1.0 6.0 10.0 1.0 10.0 7.0 6.0 7.0 
2 3 0.98 0.98 7.0 2.0 7.0 8.0 2.0 8.0 9.0 4.0 9.0 
2 4 1.48 1.48 7.0 2.0 7.0 8.0 2.0 8.0 9.0 4.0 9.0 6.0 3.0 6.0 
2 5 1.98 1.98 7.0 2.0 7.0 8.0 2.0 8.0 9.0 4.0 9.0 6.0 3.0 6.0 2.0 1.0 2.0 
2 3 1.45 1.45 10.0 5.0 10.0 4.0 3.0 4.0 10.0 2.0 10.0 
2 4 1.78 1.78 10.0 5.0 10.0 4.0 3.0 4.0 10.0 2.0 10.0 3.0 1.0 3.0 
2 3 1.3 1.3 4.0 2.0 4.0 2.0 1.0 2.0 10.0 3.0 10.0 
2 4 1.74 1.74 4.0 2.0 4.0 2.0 1.0 2.0 10.0 3.0 10.0 9.0 4.0 9.0 
2 3 1.32 1.32 7.0 4.0 7.0 9.0 5.0 9.0 5.0 1.0 5.0 
2 4 1.52 1.52 7.0 4.0 7.0 9.0 5.0 9.0 5.0 1.0 5.0 5.0 1.0 5.0 
2 5 1.92 1.92 7.0 4.0 7.0 9.0 5.0 9.0 5.0 1.0 5.0 5.0 1.0 5.0 10.0 4.0 10.0 
2 3 1.42 1.42 8.0 2.0 8.0 10.0 8.0 10.0 8.0 3.0 8.0 
2 4 1.67 1.67 8.0 2.0 8.0 10.0 8.0 10.0 8.0 3.0 8.0 8.0 2.0 8.0 
2 3 1.83 1.83 3.0 2.0 3.0 3.0 2.0 3.0 4.0 2.0 4.0 
2 3 1.66 1.66 6.0 1.0 6.0 2.0 1.0 2.0 2.0 2.0 2.0 
2 3 1.23 1.23 2.0 1.0 2.0 3.0 1.0 3.0 5.0 2.0 5.0 
2 3 1.16 1.16 3.0 1.0 3.0 6.0 2.0 6.0 6.0 3.0 6.0 
2 4 1.49 1.49 3.0 1.0 3.0 6.0 2.0 6.0 6.0 3.0 6.0 6.0 2.0 6.0 
2 3 1.29 1.29 8.0 5.0 8.0 4.0 2.0 4.0 6.0 1.0 6.0 
2 4 1.79 1.79 8.0 5.0 8.0 4.0 2.0 4.0 6.0 1.0 6.0 2.0 1.0 2.0 
2 5 1.91 1.91 8.0 5.0 8.0 4.0 2.0 4.0 6.0 1.0 6.0 2.0 1.0 2.0 8.0 1.0 8.0 
2 3 1.66 1.66 6.0 1.0 6.0 2.0 1.0 2.0 3.0 3.0 3.0 
2 4 1.99 1.99 6.0 1.0 6.0 2.0 1.0 2.0 3.0 3.0 3.0 3.0 1.0 3.0 
2 3 1.47 1.47 10.0 5.0 10.0 7.0 4.0 7.0 5.0 2.0 5.0 
2 4 1.67 1.67 10.0 5.0 10.0 7.0 4.0 7.0 5.0 2.0 5.0 10.0 2.0 10.0 
2 3 1.34 1.34 10.0 2.0 10.0 7.0 1.0 7.0 3.0 3.0 3.0 
2 4 1.84 1.84 10.0 2.0 10.0 7.0 1.0 7.0 3.0 3.0 3.0 2.0 1.0 2.0 
2 3 1.83 1.83 2.0 1.0 2.0 9.0 6.0 9.0 6.0 4.0 6.0 
2 3 1.92 1.92 7.0 4.0 7.0 2.0 1.0 2.0 7.0 6.0 7.0 
2 3 1.07 1.07 7.0 4.0 7.0 9.0 3.0 9.0 6.0 1.0 6.0 
2 4 1.35 1.35 7.0 4.0 7.0 9.0 3.0 9.0 6.0 1.0 6.0 7.0 2.0 7.0 
2 5 1.48 1.48 7.0 4.0 7.0 9.0 3.0 9.0 6.0 1.0 6.0 7.0 2.0 7.0 8.0 1.0 8.0 
2 6 1.78 1.78 7.0 4.0 7.0 9.0 3.0 9.0 6.0 1.0 6.0 7.0 2.0 7.0 8.0 1.0 8.0 10.0 3.0 10.0 
2 3 0.74 0.74 3.0 1.0 3.0 8.0 2.0 8.0 6.0 1.0 6.0 
2 4 1.75 1.75 3.0 1.0 3.0 8.0 2.0 8.0 6.0 1.0 6.0 5.0 5.0 5.0 
2 3 1.15 1.15 6.0 3.0 6.0 9.0 5.0 9.0 10.0 1.0 10.0 
2 4 1.65 1.65 6.0 3.0 6.0 9.0 5.0 9.0 10.0 1.0 10.0 2.0 1.0 2.0 
2 5 1.76 1.76 6.0 3.0 6.0 9.0 5.0 9.0 10.0 1.0 10.0 2.0 1.0 2.0 9.0 1.0 9.0 
2 3 1.02 1.02 5.0 1.0 5.0 9.0 1.0 9.0 7.0 5.0 7.0 
2 4 1.15 1.15 5.0 1.0 5.0 9.0 1.0 9.0 7.0 5.0 7.0 8.0 1.0 8.0 
2 3 0.95 0.95 5.0 1.0 5.0 6.0 3.0 6.0 4.0 1.0 4.0 
2 4 1.28 1.28 5.0 1.0 5.0 6.0 3.0 6.0 4.0 1.0 4.0 6.0 2.0 6.0 
2 5 1.45 1.45 5.0 1.0 5.0 6.0 3.0 6.0 4.0 1.0 4.0 6.0 2.0 6.0 6.0 1.0 6.0 
2 6 1.95 1.95 5.0 1.0 5.0 6.0 3.0 6.0 4.0 1.0 4.0 6.0 2.0 6.0 6.0 1.0 6.0 10.0 5.0 10.0 
2 3 1.42 1.42 9.0 7.0 9.0 7.0 1.0 7.0 10.0 5.0 10.0 
2 4 1.92 1.92 9.0 7.0 9.0 7.0 1.0 7.0 10.0 5.0 10.0 6.0 3.0 6.0 
2 3 1.08 1.08 4.0 1.0 4.0 10.0 5.0 10.0 3.0 1.0 3.0 
2 4 1.79 1.79 4.0 1.0 4.0 10.0 5.0 10.0 3.0 1.0 3.0 7.0 5.0 7.0 
2 3 1.09 1.09 4.0 3.0 4.0 8.0 1.0 8.0 9.0 2.0 9.0 
2 4 1.59 1.59 4.0 3.0 4.0 8.0 1.0 8.0 9.0 2.0 9.0 6.0 3.0 6.0 
2 5 1.76 1.76 4.0 3.0 4.0 8.0 1.0 8.0 9.0 2.0 9.0 6.0 3.0 6.0 6.0 1.0 6.0 
2 6 1.96 1.96 4.0 3.0 4.0 8.0 1.0 8.0 9.0 2.0 9.0 6.0 3.0 6.0 6.0 1.0 6.0 5.0 1.0 5.0 
2 3 1.53 1.53 2.0 1.0 2.0 6.0 5.0 6.0 5.0 1.0 5.0 
2 4 1.75 1.75 2.0 1.0 2.0 6.0 5.0 6.0 5.0 1.0 5.0 9.0 2.0 9.0 
2 3 1.19 1.19 7.0 3.0 7.0 10.0 6.0 10.0 6.0 1.0 6.0 
2 4 1.57 1.57 7.0 3.0 7.0 10.0 6.0 10.0 6.0 1.0 6.0 8.0 3.0 8.0 
2 5 1.82 1.82 7.0 3.0 7.0 10.0 6.0 10.0 6.0 1.0 6.0 8.0 3.0 8.0 4.0 1.0 4.0 
2 3 1.12 1.12 3.0 1.0 3.0 6.0 1.0 6.0 8.0 5.0 8.0 
2 4 1.62 1.62 3.0 1.0 3.0 6.0 1.0 6.0 8.0 5.0 8.0 2.0 1.0 2.0 
2 5 1.87 1.87 3.0 1.0 3.0 6.0 1.0 6.0 8.0 5.0 8.0 2.0 1.0 2.0 4.0 1.0 4.0 
2 3 0.92 0.92 8.0 2.0 8.0 4.0 1.0 4.0 7.0 3.0 7.0 
2 4 1.8 1.8 8.0 2.0 8.0 4.0 1.0 4.0 7.0 3.0 7.0 8.0 7.0 8.0 
2 3 0.97 0.97 5.0 2.0 5.0 7.0 2.0 7.0 7.0 2.0 7.0 
2 4 1.22 1.22 5.0 2.0 5.0 7.0 2.0 7.0 7.0 2.0 7.0 8.0 2.0 8.0 
2 5 1.55 1.55 5.0 2.0 5.0 7.0 2.0 7.0 7.0 2.0 7.0 8.0 2.0 8.0 6.0 2.0 6.0 
2 6 1.67 1.67 5.0 2.0 5.0 7.0 2.0 7.0 7.0 2.0 7.0 8.0 2.0 8.0 6.0 2.0 6.0 8.0 1.0 8.0 
2 3 1.25 1.25 2.0 1.0 2.0 4.0 1.0 4.0 4.0 2.0 4.0 
2 4 1.37 1.37 2.0 1.0 2.0 4.0 1.0 4.0 4.0 2.0 4.0 8.0 1.0 8.0 
2 5 1.8 1.8 2.0 1.0 2.0 4.0 1.0 4.0 4.0 2.0 4.0 8.0 1.0 8.0 7.0 3.0 7.0 
2 3 1.55 1.55 10.0 8.0 10.0 4.0 2.0 4.0 8.0 2.0 8.0 
2 3 1.83 1.83 6.0 3.0 6.0 3.0 1.0 3.0 2.0 2.0 2.0 
2 4 1.97 1.97 6.0 3.0 6.0 3.0 1.0 3.0 2.0 2.0 2.0 7.0 1.0 7.0 
2 3 1.94 1.94 5.0 4.0 5.0 7.0 1.0 7.0 2.0 2.0 2.0 
2 3 0.55 0.55 7.0 1.0 7.0 6.0 1.0 6.0 4.0 1.0 4.0 
2 4 0.65 0.65 7.0 1.0 7.0 6.0 1.0 6.0 4.0 1.0 4.0 10.0 1.0 10.0 
2 5 0.85 0.85 7.0 1.0 7.0 6.0 1.0 6.0 4.0 1.0 4.0 10.0 1.0 10.0 10.0 2.0 10.0 
2 6 1.19 1.19 7.0 1.0 7.0 6.0 1.0 6.0 4.0 1.0 4.0 10.0 1.0 10.0 10.0 2.0 10.0 9.0 3.0 9.0 
2 7 1.39 1.39 7.0 1.0 7.0 6.0 1.0 6.0 4.0 1.0 4.0 10.0 1.0 10.0 10.0 2.0 10.0 9.0 3.0 9.0 5.0 1.0 5.0 
2 8 1.89 1.89 7.0 1.0 7.0 6.0 1.0 6.0 4.0 1.0 4.0 10.0 1.0 10.0 10.0 2.0 10.0 9.0 3.0 9.0 5.0 1.0 5.0 10.0 5.0 10.0 
2 3 1.88 1.88 9.0 6.0 9.0 9.0 8.0 9.0 3.0 1.0 3.0 
2 3 0.86 0.86 10.0 1.0 10.0 10.0 1.0 10.0 3.0 2.0 3.0 
2 4 1.36 1.36 10.0 1.0 10.0 10.0 1.0 10.0 3.0 2.0 3.0 2.0 1.0 2.0 
2 3 0.76 0.76 10.0 1.0 10.0 6.0 3.0 6.0 6.0 1.0 6.0 
2 4 1.33 1.33 10.0 1.0 10.0 6.0 3.0 6.0 6.0 1.0 6.0 7.0 4.0 7.0 
2 5 1.56 1.56 10.0 1.0 10.0 6.0 3.0 6.0 6.0 1.0 6.0 7.0 4.0 7.0 9.0 2.0 9.0 
2 3 1.94 1.94 9.0 4.0 9.0 9.0 9.0 9.0 6.0 3.0 6.0 
2 3 1.65 1.65 3.0 3.0 3.0 8.0 2.0 8.0 5.0 2.0 5.0 
2 3 1.37 1.37 9.0 6.0 9.0 3.0 1.0 3.0 8.0 3.0 8.0 
2 4 1.59 1.59 9.0 6.0 9.0 3.0 1.0 3.0 8.0 3.0 8.0 9.0 2.0 9.0 
2 3 1.82 1.82 8.0 5.0 8.0 6.0 6.0 6.0 5.0 1.0 5.0 
2 3 1.78 1.78 10.0 9.0 10.0 9.0 4.0 9.0 9.0 4.0 9.0 
2 4 1.93 1.93 10.0 9.0 10.0 9.0 4.0 9.0 9.0 4.0 9.0 7.0 1.0 7.0 
2 3 1.44 1.44 2.0 1.0 2.0 2.0 1.0 2.0 9.0 4.0 9.0 
