2 3 1.08 1.08 3.0 1.0 3.0 2.0 1.0 2.0 4.0 1.0 4.0 
2 4 1.41 1.41 3.0 1.0 3.0 2.0 1.0 2.0 4.0 1.0 4.0 3.0 1.0 3.0 
2 5 1.91 1.91 3.0 1.0 3.0 2.0 1.0 2.0 4.0 1.0 4.0 3.0 1.0 3.0 8.0 4.0 8.0 
2 3 0.79 0.79 8.0 1.0 8.0 3.0 1.0 3.0 3.0 1.0 3.0 
2 4 0.93 0.93 8.0 1.0 8.0 3.0 1.0 3.0 3.0 1.0 3.0 7.0 1.0 7.0 
2 5 1.1 1.1 8.0 1.0 8.0 3.0 1.0 3.0 3.0 1.0 3.0 7.0 1.0 7.0 6.0 1.0 6.0 
2 6 1.35 1.35 8.0 1.0 8.0 3.0 1.0 3.0 3.0 1.0 3.0 7.0 1.0 7.0 6.0 1.0 6.0 4.0 1.0 4.0 
2 7 1.51 1.51 8.0 1.0 8.0 3.0 1.0 3.0 3.0 1.0 3.0 7.0 1.0 7.0 6.0 1.0 6.0 4.0 1.0 4.0 6.0 1.0 6.0 
2 8 1.68 1.68 8.0 1.0 8.0 3.0 1.0 3.0 3.0 1.0 3.0 7.0 1.0 7.0 6.0 1.0 6.0 4.0 1.0 4.0 6.0 1.0 6.0 6.0 1.0 6.0 
2 3 0.51 0.51 8.0 1.0 8.0 7.0 1.0 7.0 4.0 1.0 4.0 
2 4 0.91 0.91 8.0 1.0 8.0 7.0 1.0 7.0 4.0 1.0 4.0 5.0 2.0 5.0 
2 5 1.06 1.06 8.0 1.0 8.0 7.0 1.0 7.0 4.0 1.0 4.0 5.0 2.0 5.0 7.0 1.0 7.0 
2 6 1.31 1.31 8.0 1.0 8.0 7.0 1.0 7.0 4.0 1.0 4.0 5.0 2.0 5.0 7.0 1.0 7.0 4.0 1.0 4.0 
2 7 1.81 1.81 8.0 1.0 8.0 7.0 1.0 7.0 4.0 1.0 4.0 5.0 2.0 5.0 7.0 1.0 7.0 4.0 1.0 4.0 2.0 1.0 2.0 
2 8 1.93 1.93 8.0 1.0 8.0 7.0 1.0 7.0 4.0 1.0 4.0 5.0 2.0 5.0 7.0 1.0 7.0 4.0 1.0 4.0 2.0 1.0 2.0 8.0 1.0 8.0 
2 3 0.61 0.61 6.0 1.0 6.0 4.0 1.0 4.0 10.0 2.0 10.0 
2 4 0.86 0.86 6.0 1.0 6.0 4.0 1.0 4.0 10.0 2.0 10.0 4.0 1.0 4.0 
2 5 1.11 1.11 6.0 1.0 6.0 4.0 1.0 4.0 10.0 2.0 10.0 4.0 1.0 4.0 8.0 2.0 8.0 
2 6 1.61 1.61 6.0 1.0 6.0 4.0 1.0 4.0 10.0 2.0 10.0 4.0 1.0 4.0 8.0 2.0 8.0 2.0 1.0 2.0 
2 7 1.78 1.78 6.0 1.0 6.0 4.0 1.0 4.0 10.0 2.0 10.0 4.0 1.0 4.0 8.0 2.0 8.0 2.0 1.0 2.0 6.0 1.0 6.0 
2 8 1.92 1.92 6.0 1.0 6.0 4.0 1.0 4.0 10.0 2.0 10.0 4.0 1.0 4.0 8.0 2.0 8.0 2.0 1.0 2.0 6.0 1.0 6.0 7.0 1.0 7.0 
2 3 0.69 0.69 9.0 1.0 9.0 3.0 1.0 3.0 8.0 2.0 8.0 
2 4 0.94 0.94 9.0 1.0 9.0 3.0 1.0 3.0 8.0 2.0 8.0 4.0 1.0 4.0 
2 5 1.14 1.14 9.0 1.0 9.0 3.0 1.0 3.0 8.0 2.0 8.0 4.0 1.0 4.0 10.0 2.0 10.0 
2 6 1.24 1.24 9.0 1.0 9.0 3.0 1.0 3.0 8.0 2.0 8.0 4.0 1.0 4.0 10.0 2.0 10.0 10.0 1.0 10.0 
2 7 1.44 1.44 9.0 1.0 9.0 3.0 1.0 3.0 8.0 2.0 8.0 4.0 1.0 4.0 10.0 2.0 10.0 10.0 1.0 10.0 10.0 2.0 10.0 
2 8 1.69 1.69 9.0 1.0 9.0 3.0 1.0 3.0 8.0 2.0 8.0 4.0 1.0 4.0 10.0 2.0 10.0 10.0 1.0 10.0 10.0 2.0 10.0 4.0 1.0 4.0 
2 3 0.66 0.66 6.0 1.0 6.0 3.0 1.0 3.0 6.0 1.0 6.0 
2 4 0.76 0.76 6.0 1.0 6.0 3.0 1.0 3.0 6.0 1.0 6.0 10.0 1.0 10.0 
2 5 0.89 0.89 6.0 1.0 6.0 3.0 1.0 3.0 6.0 1.0 6.0 10.0 1.0 10.0 8.0 1.0 8.0 
2 6 1.29 1.29 6.0 1.0 6.0 3.0 1.0 3.0 6.0 1.0 6.0 10.0 1.0 10.0 8.0 1.0 8.0 5.0 2.0 5.0 
2 7 1.54 1.54 6.0 1.0 6.0 3.0 1.0 3.0 6.0 1.0 6.0 10.0 1.0 10.0 8.0 1.0 8.0 5.0 2.0 5.0 4.0 1.0 4.0 
2 8 1.64 1.64 6.0 1.0 6.0 3.0 1.0 3.0 6.0 1.0 6.0 10.0 1.0 10.0 8.0 1.0 8.0 5.0 2.0 5.0 4.0 1.0 4.0 10.0 1.0 10.0 
2 9 1.76 1.76 6.0 1.0 6.0 3.0 1.0 3.0 6.0 1.0 6.0 10.0 1.0 10.0 8.0 1.0 8.0 5.0 2.0 5.0 4.0 1.0 4.0 10.0 1.0 10.0 8.0 1.0 8.0 
2 3 0.61 0.61 4.0 1.0 4.0 7.0 1.0 7.0 9.0 2.0 9.0 
2 4 0.9 0.9 4.0 1.0 4.0 7.0 1.0 7.0 9.0 2.0 9.0 7.0 2.0 7.0 
2 5 1.23 1.23 4.0 1.0 4.0 7.0 1.0 7.0 9.0 2.0 9.0 7.0 2.0 7.0 6.0 2.0 6.0 
2 6 1.56 1.56 4.0 1.0 4.0 7.0 1.0 7.0 9.0 2.0 9.0 7.0 2.0 7.0 6.0 2.0 6.0 3.0 1.0 3.0 
2 7 1.71 1.71 4.0 1.0 4.0 7.0 1.0 7.0 9.0 2.0 9.0 7.0 2.0 7.0 6.0 2.0 6.0 3.0 1.0 3.0 7.0 1.0 7.0 
2 3 1.16 1.16 3.0 1.0 3.0 3.0 1.0 3.0 2.0 1.0 2.0 
2 4 1.3 1.3 3.0 1.0 3.0 3.0 1.0 3.0 2.0 1.0 2.0 7.0 1.0 7.0 
2 5 1.45 1.45 3.0 1.0 3.0 3.0 1.0 3.0 2.0 1.0 2.0 7.0 1.0 7.0 7.0 1.0 7.0 
2 6 1.65 1.65 3.0 1.0 3.0 3.0 1.0 3.0 2.0 1.0 2.0 7.0 1.0 7.0 7.0 1.0 7.0 5.0 1.0 5.0 
2 7 1.98 1.98 3.0 1.0 3.0 3.0 1.0 3.0 2.0 1.0 2.0 7.0 1.0 7.0 7.0 1.0 7.0 5.0 1.0 5.0 3.0 1.0 3.0 
2 3 0.85 0.85 8.0 2.0 8.0 5.0 1.0 5.0 5.0 2.0 5.0 
2 4 1.05 1.05 8.0 2.0 8.0 5.0 1.0 5.0 5.0 2.0 5.0 5.0 1.0 5.0 
2 5 1.16 1.16 8.0 2.0 8.0 5.0 1.0 5.0 5.0 2.0 5.0 5.0 1.0 5.0 9.0 1.0 9.0 
2 6 1.32 1.32 8.0 2.0 8.0 5.0 1.0 5.0 5.0 2.0 5.0 5.0 1.0 5.0 9.0 1.0 9.0 6.0 1.0 6.0 
2 7 1.62 1.62 8.0 2.0 8.0 5.0 1.0 5.0 5.0 2.0 5.0 5.0 1.0 5.0 9.0 1.0 9.0 6.0 1.0 6.0 10.0 3.0 10.0 
2 8 1.73 1.73 8.0 2.0 8.0 5.0 1.0 5.0 5.0 2.0 5.0 5.0 1.0 5.0 9.0 1.0 9.0 6.0 1.0 6.0 10.0 3.0 10.0 9.0 1.0 9.0 
2 9 1.85 1.85 8.0 2.0 8.0 5.0 1.0 5.0 5.0 2.0 5.0 5.0 1.0 5.0 9.0 1.0 9.0 6.0 1.0 6.0 10.0 3.0 10.0 9.0 1.0 9.0 9.0 1.0 9.0 
2 10 1.95 1.95 8.0 2.0 8.0 5.0 1.0 5.0 5.0 2.0 5.0 5.0 1.0 5.0 9.0 1.0 9.0 6.0 1.0 6.0 10.0 3.0 10.0 9.0 1.0 9.0 9.0 1.0 9.0 10.0 1.0 10.0 
2 3 0.53 0.53 4.0 1.0 4.0 7.0 1.0 7.0 7.0 1.0 7.0 
2 4 0.73 0.73 4.0 1.0 4.0 7.0 1.0 7.0 7.0 1.0 7.0 5.0 1.0 5.0 
2 5 0.83 0.83 4.0 1.0 4.0 7.0 1.0 7.0 7.0 1.0 7.0 5.0 1.0 5.0 10.0 1.0 10.0 
2 6 1.0 1.0 4.0 1.0 4.0 7.0 1.0 7.0 7.0 1.0 7.0 5.0 1.0 5.0 10.0 1.0 10.0 6.0 1.0 6.0 
2 7 1.5 1.5 4.0 1.0 4.0 7.0 1.0 7.0 7.0 1.0 7.0 5.0 1.0 5.0 10.0 1.0 10.0 6.0 1.0 6.0 2.0 1.0 2.0 
2 3 0.61 0.61 8.0 1.0 8.0 7.0 2.0 7.0 5.0 1.0 5.0 
2 4 0.94 0.94 8.0 1.0 8.0 7.0 2.0 7.0 5.0 1.0 5.0 9.0 3.0 9.0 
2 5 1.27 1.27 8.0 1.0 8.0 7.0 2.0 7.0 5.0 1.0 5.0 9.0 3.0 9.0 3.0 1.0 3.0 
2 6 1.47 1.47 8.0 1.0 8.0 7.0 2.0 7.0 5.0 1.0 5.0 9.0 3.0 9.0 3.0 1.0 3.0 5.0 1.0 5.0 
2 7 1.67 1.67 8.0 1.0 8.0 7.0 2.0 7.0 5.0 1.0 5.0 9.0 3.0 9.0 3.0 1.0 3.0 5.0 1.0 5.0 5.0 1.0 5.0 
2 8 1.8 1.8 8.0 1.0 8.0 7.0 2.0 7.0 5.0 1.0 5.0 9.0 3.0 9.0 3.0 1.0 3.0 5.0 1.0 5.0 5.0 1.0 5.0 8.0 1.0 8.0 
2 9 1.92 1.92 8.0 1.0 8.0 7.0 2.0 7.0 5.0 1.0 5.0 9.0 3.0 9.0 3.0 1.0 3.0 5.0 1.0 5.0 5.0 1.0 5.0 8.0 1.0 8.0 8.0 1.0 8.0 
2 3 0.95 0.95 4.0 1.0 4.0 5.0 1.0 5.0 2.0 1.0 2.0 
2 4 1.14 1.14 4.0 1.0 4.0 5.0 1.0 5.0 2.0 1.0 2.0 5.0 1.0 5.0 
2 5 1.29 1.29 4.0 1.0 4.0 5.0 1.0 5.0 2.0 1.0 2.0 5.0 1.0 5.0 7.0 1.0 7.0 
2 6 1.54 1.54 4.0 1.0 4.0 5.0 1.0 5.0 2.0 1.0 2.0 5.0 1.0 5.0 7.0 1.0 7.0 8.0 2.0 8.0 
2 3 0.45 0.45 6.0 1.0 6.0 7.0 1.0 7.0 7.0 1.0 7.0 
2 4 0.57 0.57 6.0 1.0 6.0 7.0 1.0 7.0 7.0 1.0 7.0 8.0 1.0 8.0 
2 5 0.91 0.91 6.0 1.0 6.0 7.0 1.0 7.0 7.0 1.0 7.0 8.0 1.0 8.0 3.0 1.0 3.0 
2 6 1.05 1.05 6.0 1.0 6.0 7.0 1.0 7.0 7.0 1.0 7.0 8.0 1.0 8.0 3.0 1.0 3.0 7.0 1.0 7.0 
2 7 1.25 1.25 6.0 1.0 6.0 7.0 1.0 7.0 7.0 1.0 7.0 8.0 1.0 8.0 3.0 1.0 3.0 7.0 1.0 7.0 5.0 1.0 5.0 
2 8 1.42 1.42 6.0 1.0 6.0 7.0 1.0 7.0 7.0 1.0 7.0 8.0 1.0 8.0 3.0 1.0 3.0 7.0 1.0 7.0 5.0 1.0 5.0 6.0 1.0 6.0 
2 9 1.67 1.67 6.0 1.0 6.0 7.0 1.0 7.0 7.0 1.0 7.0 8.0 1.0 8.0 3.0 1.0 3.0 7.0 1.0 7.0 5.0 1.0 5.0 6.0 1.0 6.0 4.0 1.0 4.0 
2 10 1.92 1.92 6.0 1.0 6.0 7.0 1.0 7.0 7.0 1.0 7.0 8.0 1.0 8.0 3.0 1.0 3.0 7.0 1.0 7.0 5.0 1.0 5.0 6.0 1.0 6.0 4.0 1.0 4.0 4.0 1.0 4.0 
2 3 0.47 0.47 5.0 1.0 5.0 6.0 1.0 6.0 9.0 1.0 9.0 
2 4 0.58 0.58 5.0 1.0 5.0 6.0 1.0 6.0 9.0 1.0 9.0 9.0 1.0 9.0 
2 5 0.78 0.78 5.0 1.0 5.0 6.0 1.0 6.0 9.0 1.0 9.0 9.0 1.0 9.0 5.0 1.0 5.0 
2 6 0.95 0.95 5.0 1.0 5.0 6.0 1.0 6.0 9.0 1.0 9.0 9.0 1.0 9.0 5.0 1.0 5.0 6.0 1.0 6.0 
2 7 1.15 1.15 5.0 1.0 5.0 6.0 1.0 6.0 9.0 1.0 9.0 9.0 1.0 9.0 5.0 1.0 5.0 6.0 1.0 6.0 10.0 2.0 10.0 
2 8 1.35 1.35 5.0 1.0 5.0 6.0 1.0 6.0 9.0 1.0 9.0 9.0 1.0 9.0 5.0 1.0 5.0 6.0 1.0 6.0 10.0 2.0 10.0 5.0 1.0 5.0 
2 9 1.52 1.52 5.0 1.0 5.0 6.0 1.0 6.0 9.0 1.0 9.0 9.0 1.0 9.0 5.0 1.0 5.0 6.0 1.0 6.0 10.0 2.0 10.0 5.0 1.0 5.0 6.0 1.0 6.0 
2 10 1.66 1.66 5.0 1.0 5.0 6.0 1.0 6.0 9.0 1.0 9.0 9.0 1.0 9.0 5.0 1.0 5.0 6.0 1.0 6.0 10.0 2.0 10.0 5.0 1.0 5.0 6.0 1.0 6.0 7.0 1.0 7.0 
2 11 1.86 1.86 5.0 1.0 5.0 6.0 1.0 6.0 9.0 1.0 9.0 9.0 1.0 9.0 5.0 1.0 5.0 6.0 1.0 6.0 10.0 2.0 10.0 5.0 1.0 5.0 6.0 1.0 6.0 7.0 1.0 7.0 5.0 1.0 5.0 
2 3 0.57 0.57 6.0 1.0 6.0 10.0 3.0 10.0 9.0 1.0 9.0 
2 4 0.74 0.74 6.0 1.0 6.0 10.0 3.0 10.0 9.0 1.0 9.0 6.0 1.0 6.0 
2 5 1.07 1.07 6.0 1.0 6.0 10.0 3.0 10.0 9.0 1.0 9.0 6.0 1.0 6.0 3.0 1.0 3.0 
2 6 1.17 1.17 6.0 1.0 6.0 10.0 3.0 10.0 9.0 1.0 9.0 6.0 1.0 6.0 3.0 1.0 3.0 10.0 1.0 10.0 
2 7 1.51 1.51 6.0 1.0 6.0 10.0 3.0 10.0 9.0 1.0 9.0 6.0 1.0 6.0 3.0 1.0 3.0 10.0 1.0 10.0 3.0 1.0 3.0 
2 8 1.84 1.84 6.0 1.0 6.0 10.0 3.0 10.0 9.0 1.0 9.0 6.0 1.0 6.0 3.0 1.0 3.0 10.0 1.0 10.0 3.0 1.0 3.0 3.0 1.0 3.0 
2 9 1.98 1.98 6.0 1.0 6.0 10.0 3.0 10.0 9.0 1.0 9.0 6.0 1.0 6.0 3.0 1.0 3.0 10.0 1.0 10.0 3.0 1.0 3.0 3.0 1.0 3.0 7.0 1.0 7.0 
2 3 0.76 0.76 7.0 2.0 7.0 9.0 3.0 9.0 7.0 1.0 7.0 
2 4 0.96 0.96 7.0 2.0 7.0 9.0 3.0 9.0 7.0 1.0 7.0 5.0 1.0 5.0 
2 5 1.16 1.16 7.0 2.0 7.0 9.0 3.0 9.0 7.0 1.0 7.0 5.0 1.0 5.0 10.0 2.0 10.0 
2 6 1.32 1.32 7.0 2.0 7.0 9.0 3.0 9.0 7.0 1.0 7.0 5.0 1.0 5.0 10.0 2.0 10.0 6.0 1.0 6.0 
2 7 1.49 1.49 7.0 2.0 7.0 9.0 3.0 9.0 7.0 1.0 7.0 5.0 1.0 5.0 10.0 2.0 10.0 6.0 1.0 6.0 6.0 1.0 6.0 
2 8 1.99 1.99 7.0 2.0 7.0 9.0 3.0 9.0 7.0 1.0 7.0 5.0 1.0 5.0 10.0 2.0 10.0 6.0 1.0 6.0 6.0 1.0 6.0 2.0 1.0 2.0 
2 3 1.16 1.16 3.0 1.0 3.0 2.0 1.0 2.0 6.0 2.0 6.0 
2 4 1.49 1.49 3.0 1.0 3.0 2.0 1.0 2.0 6.0 2.0 6.0 3.0 1.0 3.0 
2 5 1.62 1.62 3.0 1.0 3.0 2.0 1.0 2.0 6.0 2.0 6.0 3.0 1.0 3.0 8.0 1.0 8.0 
2 6 1.87 1.87 3.0 1.0 3.0 2.0 1.0 2.0 6.0 2.0 6.0 3.0 1.0 3.0 8.0 1.0 8.0 8.0 2.0 8.0 
2 3 0.54 0.54 8.0 1.0 8.0 4.0 1.0 4.0 6.0 1.0 6.0 
2 4 0.66 0.66 8.0 1.0 8.0 4.0 1.0 4.0 6.0 1.0 6.0 8.0 1.0 8.0 
2 5 0.77 0.77 8.0 1.0 8.0 4.0 1.0 4.0 6.0 1.0 6.0 8.0 1.0 8.0 9.0 1.0 9.0 
2 6 0.94 0.94 8.0 1.0 8.0 4.0 1.0 4.0 6.0 1.0 6.0 8.0 1.0 8.0 9.0 1.0 9.0 6.0 1.0 6.0 
2 7 1.44 1.44 8.0 1.0 8.0 4.0 1.0 4.0 6.0 1.0 6.0 8.0 1.0 8.0 9.0 1.0 9.0 6.0 1.0 6.0 2.0 1.0 2.0 
2 3 0.95 0.95 4.0 1.0 4.0 2.0 1.0 2.0 5.0 1.0 5.0 
2 4 1.09 1.09 4.0 1.0 4.0 2.0 1.0 2.0 5.0 1.0 5.0 7.0 1.0 7.0 
2 5 1.34 1.34 4.0 1.0 4.0 2.0 1.0 2.0 5.0 1.0 5.0 7.0 1.0 7.0 8.0 2.0 8.0 
2 6 1.74 1.74 4.0 1.0 4.0 2.0 1.0 2.0 5.0 1.0 5.0 7.0 1.0 7.0 8.0 2.0 8.0 5.0 2.0 5.0 
2 7 1.94 1.94 4.0 1.0 4.0 2.0 1.0 2.0 5.0 1.0 5.0 7.0 1.0 7.0 8.0 2.0 8.0 5.0 2.0 5.0 5.0 1.0 5.0 
2 3 0.5 0.5 4.0 1.0 4.0 7.0 1.0 7.0 9.0 1.0 9.0 
2 4 0.64 0.64 4.0 1.0 4.0 7.0 1.0 7.0 9.0 1.0 9.0 7.0 1.0 7.0 
2 5 0.98 0.98 4.0 1.0 4.0 7.0 1.0 7.0 9.0 1.0 9.0 7.0 1.0 7.0 3.0 1.0 3.0 
2 6 1.31 1.31 4.0 1.0 4.0 7.0 1.0 7.0 9.0 1.0 9.0 7.0 1.0 7.0 3.0 1.0 3.0 3.0 1.0 3.0 
2 7 1.48 1.48 4.0 1.0 4.0 7.0 1.0 7.0 9.0 1.0 9.0 7.0 1.0 7.0 3.0 1.0 3.0 3.0 1.0 3.0 6.0 1.0 6.0 
2 8 1.73 1.73 4.0 1.0 4.0 7.0 1.0 7.0 9.0 1.0 9.0 7.0 1.0 7.0 3.0 1.0 3.0 3.0 1.0 3.0 6.0 1.0 6.0 4.0 1.0 4.0 
2 9 1.93 1.93 4.0 1.0 4.0 7.0 1.0 7.0 9.0 1.0 9.0 7.0 1.0 7.0 3.0 1.0 3.0 3.0 1.0 3.0 6.0 1.0 6.0 4.0 1.0 4.0 5.0 1.0 5.0 
2 3 0.86 0.86 5.0 1.0 5.0 3.0 1.0 3.0 3.0 1.0 3.0 
2 4 0.99 0.99 5.0 1.0 5.0 3.0 1.0 3.0 3.0 1.0 3.0 8.0 1.0 8.0 
2 5 1.32 1.32 5.0 1.0 5.0 3.0 1.0 3.0 3.0 1.0 3.0 8.0 1.0 8.0 3.0 1.0 3.0 
2 6 1.49 1.49 5.0 1.0 5.0 3.0 1.0 3.0 3.0 1.0 3.0 8.0 1.0 8.0 3.0 1.0 3.0 6.0 1.0 6.0 
2 7 1.59 1.59 5.0 1.0 5.0 3.0 1.0 3.0 3.0 1.0 3.0 8.0 1.0 8.0 3.0 1.0 3.0 6.0 1.0 6.0 10.0 1.0 10.0 
2 8 1.73 1.73 5.0 1.0 5.0 3.0 1.0 3.0 3.0 1.0 3.0 8.0 1.0 8.0 3.0 1.0 3.0 6.0 1.0 6.0 10.0 1.0 10.0 7.0 1.0 7.0 
2 3 0.58 0.58 3.0 1.0 3.0 7.0 1.0 7.0 9.0 1.0 9.0 
2 4 0.73 0.73 3.0 1.0 3.0 7.0 1.0 7.0 9.0 1.0 9.0 7.0 1.0 7.0 
2 5 0.84 0.84 3.0 1.0 3.0 7.0 1.0 7.0 9.0 1.0 9.0 7.0 1.0 7.0 9.0 1.0 9.0 
2 6 1.04 1.04 3.0 1.0 3.0 7.0 1.0 7.0 9.0 1.0 9.0 7.0 1.0 7.0 9.0 1.0 9.0 5.0 1.0 5.0 
2 7 1.29 1.29 3.0 1.0 3.0 7.0 1.0 7.0 9.0 1.0 9.0 7.0 1.0 7.0 9.0 1.0 9.0 5.0 1.0 5.0 4.0 1.0 4.0 
2 8 1.41 1.41 3.0 1.0 3.0 7.0 1.0 7.0 9.0 1.0 9.0 7.0 1.0 7.0 9.0 1.0 9.0 5.0 1.0 5.0 4.0 1.0 4.0 8.0 1.0 8.0 
2 9 1.91 1.91 3.0 1.0 3.0 7.0 1.0 7.0 9.0 1.0 9.0 7.0 1.0 7.0 9.0 1.0 9.0 5.0 1.0 5.0 4.0 1.0 4.0 8.0 1.0 8.0 2.0 1.0 2.0 
2 3 0.55 0.55 7.0 2.0 7.0 7.0 1.0 7.0 8.0 1.0 8.0 
2 4 1.05 1.05 7.0 2.0 7.0 7.0 1.0 7.0 8.0 1.0 8.0 4.0 2.0 4.0 
2 5 1.16 1.16 7.0 2.0 7.0 7.0 1.0 7.0 8.0 1.0 8.0 4.0 2.0 4.0 9.0 1.0 9.0 
2 6 1.41 1.41 7.0 2.0 7.0 7.0 1.0 7.0 8.0 1.0 8.0 4.0 2.0 4.0 9.0 1.0 9.0 4.0 1.0 4.0 
2 7 1.91 1.91 7.0 2.0 7.0 7.0 1.0 7.0 8.0 1.0 8.0 4.0 2.0 4.0 9.0 1.0 9.0 4.0 1.0 4.0 2.0 1.0 2.0 
2 3 0.62 0.62 4.0 1.0 4.0 4.0 1.0 4.0 8.0 1.0 8.0 
2 4 1.0 1.0 4.0 1.0 4.0 4.0 1.0 4.0 8.0 1.0 8.0 8.0 3.0 8.0 
2 5 1.3 1.3 4.0 1.0 4.0 4.0 1.0 4.0 8.0 1.0 8.0 8.0 3.0 8.0 10.0 3.0 10.0 
2 6 1.55 1.55 4.0 1.0 4.0 4.0 1.0 4.0 8.0 1.0 8.0 8.0 3.0 8.0 10.0 3.0 10.0 4.0 1.0 4.0 
2 7 1.66 1.66 4.0 1.0 4.0 4.0 1.0 4.0 8.0 1.0 8.0 8.0 3.0 8.0 10.0 3.0 10.0 4.0 1.0 4.0 9.0 1.0 9.0 
2 8 1.99 1.99 4.0 1.0 4.0 4.0 1.0 4.0 8.0 1.0 8.0 8.0 3.0 8.0 10.0 3.0 10.0 4.0 1.0 4.0 9.0 1.0 9.0 3.0 1.0 3.0 
2 3 0.55 0.55 5.0 1.0 5.0 4.0 1.0 4.0 10.0 1.0 10.0 
2 4 0.77 0.77 5.0 1.0 5.0 4.0 1.0 4.0 10.0 1.0 10.0 9.0 2.0 9.0 
2 5 1.27 1.27 5.0 1.0 5.0 4.0 1.0 4.0 10.0 1.0 10.0 9.0 2.0 9.0 2.0 1.0 2.0 
2 6 1.6 1.6 5.0 1.0 5.0 4.0 1.0 4.0 10.0 1.0 10.0 9.0 2.0 9.0 2.0 1.0 2.0 3.0 1.0 3.0 
2 7 1.93 1.93 5.0 1.0 5.0 4.0 1.0 4.0 10.0 1.0 10.0 9.0 2.0 9.0 2.0 1.0 2.0 3.0 1.0 3.0 3.0 1.0 3.0 
2 3 0.84 0.84 2.0 1.0 2.0 10.0 2.0 10.0 7.0 1.0 7.0 
2 4 1.17 1.17 2.0 1.0 2.0 10.0 2.0 10.0 7.0 1.0 7.0 6.0 2.0 6.0 
2 5 1.6 1.6 2.0 1.0 2.0 10.0 2.0 10.0 7.0 1.0 7.0 6.0 2.0 6.0 7.0 3.0 7.0 
2 6 1.72 1.72 2.0 1.0 2.0 10.0 2.0 10.0 7.0 1.0 7.0 6.0 2.0 6.0 7.0 3.0 7.0 8.0 1.0 8.0 
2 7 1.97 1.97 2.0 1.0 2.0 10.0 2.0 10.0 7.0 1.0 7.0 6.0 2.0 6.0 7.0 3.0 7.0 8.0 1.0 8.0 8.0 2.0 8.0 
2 3 0.47 0.47 8.0 1.0 8.0 4.0 1.0 4.0 10.0 1.0 10.0 
2 4 0.58 0.58 8.0 1.0 8.0 4.0 1.0 4.0 10.0 1.0 10.0 9.0 1.0 9.0 
2 5 0.78 0.78 8.0 1.0 8.0 4.0 1.0 4.0 10.0 1.0 10.0 9.0 1.0 9.0 5.0 1.0 5.0 
2 6 0.89 0.89 8.0 1.0 8.0 4.0 1.0 4.0 10.0 1.0 10.0 9.0 1.0 9.0 5.0 1.0 5.0 9.0 1.0 9.0 
2 7 1.23 1.23 8.0 1.0 8.0 4.0 1.0 4.0 10.0 1.0 10.0 9.0 1.0 9.0 5.0 1.0 5.0 9.0 1.0 9.0 3.0 1.0 3.0 
2 8 1.34 1.34 8.0 1.0 8.0 4.0 1.0 4.0 10.0 1.0 10.0 9.0 1.0 9.0 5.0 1.0 5.0 9.0 1.0 9.0 3.0 1.0 3.0 9.0 1.0 9.0 
2 9 1.5 1.5 8.0 1.0 8.0 4.0 1.0 4.0 10.0 1.0 10.0 9.0 1.0 9.0 5.0 1.0 5.0 9.0 1.0 9.0 3.0 1.0 3.0 9.0 1.0 9.0 6.0 1.0 6.0 
2 10 1.63 1.63 8.0 1.0 8.0 4.0 1.0 4.0 10.0 1.0 10.0 9.0 1.0 9.0 5.0 1.0 5.0 9.0 1.0 9.0 3.0 1.0 3.0 9.0 1.0 9.0 6.0 1.0 6.0 8.0 1.0 8.0 
2 11 1.88 1.88 8.0 1.0 8.0 4.0 1.0 4.0 10.0 1.0 10.0 9.0 1.0 9.0 5.0 1.0 5.0 9.0 1.0 9.0 3.0 1.0 3.0 9.0 1.0 9.0 6.0 1.0 6.0 8.0 1.0 8.0 4.0 1.0 4.0 
2 3 0.48 0.48 7.0 1.0 7.0 5.0 1.0 5.0 7.0 1.0 7.0 
2 4 0.73 0.73 7.0 1.0 7.0 5.0 1.0 5.0 7.0 1.0 7.0 4.0 1.0 4.0 
2 5 1.23 1.23 7.0 1.0 7.0 5.0 1.0 5.0 7.0 1.0 7.0 4.0 1.0 4.0 2.0 1.0 2.0 
2 6 1.48 1.48 7.0 1.0 7.0 5.0 1.0 5.0 7.0 1.0 7.0 4.0 1.0 4.0 2.0 1.0 2.0 4.0 1.0 4.0 
2 7 1.81 1.81 7.0 1.0 7.0 5.0 1.0 5.0 7.0 1.0 7.0 4.0 1.0 4.0 2.0 1.0 2.0 4.0 1.0 4.0 3.0 1.0 3.0 
2 3 0.93 0.93 5.0 2.0 5.0 5.0 1.0 5.0 3.0 1.0 3.0 
2 4 1.6 1.6 5.0 2.0 5.0 5.0 1.0 5.0 3.0 1.0 3.0 3.0 2.0 3.0 
2 5 1.93 1.93 5.0 2.0 5.0 5.0 1.0 5.0 3.0 1.0 3.0 3.0 2.0 3.0 9.0 3.0 9.0 
2 3 1.0 1.0 4.0 1.0 4.0 4.0 1.0 4.0 2.0 1.0 2.0 
2 4 1.14 1.14 4.0 1.0 4.0 4.0 1.0 4.0 2.0 1.0 2.0 7.0 1.0 7.0 
2 5 1.64 1.64 4.0 1.0 4.0 4.0 1.0 4.0 2.0 1.0 2.0 7.0 1.0 7.0 4.0 2.0 4.0 
2 6 1.78 1.78 4.0 1.0 4.0 4.0 1.0 4.0 2.0 1.0 2.0 7.0 1.0 7.0 4.0 2.0 4.0 7.0 1.0 7.0 
2 3 0.97 0.97 2.0 1.0 2.0 7.0 1.0 7.0 9.0 3.0 9.0 
2 4 1.11 1.11 2.0 1.0 2.0 7.0 1.0 7.0 9.0 3.0 9.0 7.0 1.0 7.0 
2 5 1.23 1.23 2.0 1.0 2.0 7.0 1.0 7.0 9.0 3.0 9.0 7.0 1.0 7.0 9.0 1.0 9.0 
2 6 1.48 1.48 2.0 1.0 2.0 7.0 1.0 7.0 9.0 3.0 9.0 7.0 1.0 7.0 9.0 1.0 9.0 4.0 1.0 4.0 
2 7 1.73 1.73 2.0 1.0 2.0 7.0 1.0 7.0 9.0 3.0 9.0 7.0 1.0 7.0 9.0 1.0 9.0 4.0 1.0 4.0 4.0 1.0 4.0 
2 8 1.84 1.84 2.0 1.0 2.0 7.0 1.0 7.0 9.0 3.0 9.0 7.0 1.0 7.0 9.0 1.0 9.0 4.0 1.0 4.0 4.0 1.0 4.0 9.0 1.0 9.0 
2 3 0.44 0.44 10.0 1.0 10.0 8.0 2.0 8.0 10.0 1.0 10.0 
2 4 0.78 0.78 10.0 1.0 10.0 8.0 2.0 8.0 10.0 1.0 10.0 3.0 1.0 3.0 
2 5 0.98 0.98 10.0 1.0 10.0 8.0 2.0 8.0 10.0 1.0 10.0 3.0 1.0 3.0 10.0 2.0 10.0 
2 6 1.09 1.09 10.0 1.0 10.0 8.0 2.0 8.0 10.0 1.0 10.0 3.0 1.0 3.0 10.0 2.0 10.0 9.0 1.0 9.0 
2 7 1.2 1.2 10.0 1.0 10.0 8.0 2.0 8.0 10.0 1.0 10.0 3.0 1.0 3.0 10.0 2.0 10.0 9.0 1.0 9.0 9.0 1.0 9.0 
2 8 1.3 1.3 10.0 1.0 10.0 8.0 2.0 8.0 10.0 1.0 10.0 3.0 1.0 3.0 10.0 2.0 10.0 9.0 1.0 9.0 9.0 1.0 9.0 10.0 1.0 10.0 
2 9 1.5 1.5 10.0 1.0 10.0 8.0 2.0 8.0 10.0 1.0 10.0 3.0 1.0 3.0 10.0 2.0 10.0 9.0 1.0 9.0 9.0 1.0 9.0 10.0 1.0 10.0 5.0 1.0 5.0 
2 10 1.75 1.75 10.0 1.0 10.0 8.0 2.0 8.0 10.0 1.0 10.0 3.0 1.0 3.0 10.0 2.0 10.0 9.0 1.0 9.0 9.0 1.0 9.0 10.0 1.0 10.0 5.0 1.0 5.0 4.0 1.0 4.0 
2 3 1.28 1.28 7.0 2.0 7.0 2.0 1.0 2.0 2.0 1.0 2.0 
2 4 1.45 1.45 7.0 2.0 7.0 2.0 1.0 2.0 2.0 1.0 2.0 6.0 1.0 6.0 
2 5 1.7 1.7 7.0 2.0 7.0 2.0 1.0 2.0 2.0 1.0 2.0 6.0 1.0 6.0 4.0 1.0 4.0 
2 3 0.87 0.87 5.0 2.0 5.0 3.0 1.0 3.0 7.0 1.0 7.0 
2 4 1.0 1.0 5.0 2.0 5.0 3.0 1.0 3.0 7.0 1.0 7.0 8.0 1.0 8.0 
2 5 1.25 1.25 5.0 2.0 5.0 3.0 1.0 3.0 7.0 1.0 7.0 8.0 1.0 8.0 4.0 1.0 4.0 
2 6 1.36 1.36 5.0 2.0 5.0 3.0 1.0 3.0 7.0 1.0 7.0 8.0 1.0 8.0 4.0 1.0 4.0 9.0 1.0 9.0 
2 7 1.52 1.52 5.0 2.0 5.0 3.0 1.0 3.0 7.0 1.0 7.0 8.0 1.0 8.0 4.0 1.0 4.0 9.0 1.0 9.0 6.0 1.0 6.0 
2 8 1.86 1.86 5.0 2.0 5.0 3.0 1.0 3.0 7.0 1.0 7.0 8.0 1.0 8.0 4.0 1.0 4.0 9.0 1.0 9.0 6.0 1.0 6.0 3.0 1.0 3.0 
2 3 0.86 0.86 7.0 3.0 7.0 3.0 1.0 3.0 10.0 1.0 10.0 
2 4 1.06 1.06 7.0 3.0 7.0 3.0 1.0 3.0 10.0 1.0 10.0 5.0 1.0 5.0 
2 5 1.26 1.26 7.0 3.0 7.0 3.0 1.0 3.0 10.0 1.0 10.0 5.0 1.0 5.0 5.0 1.0 5.0 
2 6 1.59 1.59 7.0 3.0 7.0 3.0 1.0 3.0 10.0 1.0 10.0 5.0 1.0 5.0 5.0 1.0 5.0 3.0 1.0 3.0 
2 3 0.61 0.61 6.0 1.0 6.0 9.0 1.0 9.0 6.0 2.0 6.0 
2 4 0.94 0.94 6.0 1.0 6.0 9.0 1.0 9.0 6.0 2.0 6.0 3.0 1.0 3.0 
2 5 1.27 1.27 6.0 1.0 6.0 9.0 1.0 9.0 6.0 2.0 6.0 3.0 1.0 3.0 3.0 1.0 3.0 
2 6 1.5 1.5 6.0 1.0 6.0 9.0 1.0 9.0 6.0 2.0 6.0 3.0 1.0 3.0 3.0 1.0 3.0 9.0 2.0 9.0 
2 7 1.61 1.61 6.0 1.0 6.0 9.0 1.0 9.0 6.0 2.0 6.0 3.0 1.0 3.0 3.0 1.0 3.0 9.0 2.0 9.0 9.0 1.0 9.0 
2 8 1.73 1.73 6.0 1.0 6.0 9.0 1.0 9.0 6.0 2.0 6.0 3.0 1.0 3.0 3.0 1.0 3.0 9.0 2.0 9.0 9.0 1.0 9.0 8.0 1.0 8.0 
2 9 1.87 1.87 6.0 1.0 6.0 9.0 1.0 9.0 6.0 2.0 6.0 3.0 1.0 3.0 3.0 1.0 3.0 9.0 2.0 9.0 9.0 1.0 9.0 8.0 1.0 8.0 7.0 1.0 7.0 
2 3 0.65 0.65 5.0 1.0 5.0 5.0 1.0 5.0 4.0 1.0 4.0 
2 4 0.93 0.93 5.0 1.0 5.0 5.0 1.0 5.0 4.0 1.0 4.0 7.0 2.0 7.0 
2 5 1.18 1.18 5.0 1.0 5.0 5.0 1.0 5.0 4.0 1.0 4.0 7.0 2.0 7.0 4.0 1.0 4.0 
2 6 1.68 1.68 5.0 1.0 5.0 5.0 1.0 5.0 4.0 1.0 4.0 7.0 2.0 7.0 4.0 1.0 4.0 2.0 1.0 2.0 
2 7 1.93 1.93 5.0 1.0 5.0 5.0 1.0 5.0 4.0 1.0 4.0 7.0 2.0 7.0 4.0 1.0 4.0 2.0 1.0 2.0 4.0 1.0 4.0 
2 3 1.25 1.25 4.0 1.0 4.0 2.0 1.0 2.0 2.0 1.0 2.0 
2 4 1.39 1.39 4.0 1.0 4.0 2.0 1.0 2.0 2.0 1.0 2.0 7.0 1.0 7.0 
2 5 1.55 1.55 4.0 1.0 4.0 2.0 1.0 2.0 2.0 1.0 2.0 7.0 1.0 7.0 6.0 1.0 6.0 
2 6 1.68 1.68 4.0 1.0 4.0 2.0 1.0 2.0 2.0 1.0 2.0 7.0 1.0 7.0 6.0 1.0 6.0 8.0 1.0 8.0 
2 7 1.93 1.93 4.0 1.0 4.0 2.0 1.0 2.0 2.0 1.0 2.0 7.0 1.0 7.0 6.0 1.0 6.0 8.0 1.0 8.0 8.0 2.0 8.0 
2 3 0.59 0.59 7.0 1.0 7.0 4.0 1.0 4.0 10.0 2.0 10.0 
2 4 0.84 0.84 7.0 1.0 7.0 4.0 1.0 4.0 10.0 2.0 10.0 4.0 1.0 4.0 
2 5 1.21 1.21 7.0 1.0 7.0 4.0 1.0 4.0 10.0 2.0 10.0 4.0 1.0 4.0 8.0 3.0 8.0 
2 6 1.41 1.41 7.0 1.0 7.0 4.0 1.0 4.0 10.0 2.0 10.0 4.0 1.0 4.0 8.0 3.0 8.0 5.0 1.0 5.0 
2 7 1.75 1.75 7.0 1.0 7.0 4.0 1.0 4.0 10.0 2.0 10.0 4.0 1.0 4.0 8.0 3.0 8.0 5.0 1.0 5.0 3.0 1.0 3.0 
2 3 1.16 1.16 2.0 1.0 2.0 3.0 1.0 3.0 3.0 1.0 3.0 
2 4 1.3 1.3 2.0 1.0 2.0 3.0 1.0 3.0 3.0 1.0 3.0 7.0 1.0 7.0 
2 5 1.47 1.47 2.0 1.0 2.0 3.0 1.0 3.0 3.0 1.0 3.0 7.0 1.0 7.0 6.0 1.0 6.0 
2 6 1.58 1.58 2.0 1.0 2.0 3.0 1.0 3.0 3.0 1.0 3.0 7.0 1.0 7.0 6.0 1.0 6.0 9.0 1.0 9.0 
2 7 1.68 1.68 2.0 1.0 2.0 3.0 1.0 3.0 3.0 1.0 3.0 7.0 1.0 7.0 6.0 1.0 6.0 9.0 1.0 9.0 10.0 1.0 10.0 
2 8 1.93 1.93 2.0 1.0 2.0 3.0 1.0 3.0 3.0 1.0 3.0 7.0 1.0 7.0 6.0 1.0 6.0 9.0 1.0 9.0 10.0 1.0 10.0 4.0 1.0 4.0 
2 3 0.78 0.78 4.0 1.0 4.0 3.0 1.0 3.0 5.0 1.0 5.0 
2 4 0.88 0.88 4.0 1.0 4.0 3.0 1.0 3.0 5.0 1.0 5.0 10.0 1.0 10.0 
2 5 1.04 1.04 4.0 1.0 4.0 3.0 1.0 3.0 5.0 1.0 5.0 10.0 1.0 10.0 6.0 1.0 6.0 
2 6 1.24 1.24 4.0 1.0 4.0 3.0 1.0 3.0 5.0 1.0 5.0 10.0 1.0 10.0 6.0 1.0 6.0 10.0 2.0 10.0 
2 7 1.58 1.58 4.0 1.0 4.0 3.0 1.0 3.0 5.0 1.0 5.0 10.0 1.0 10.0 6.0 1.0 6.0 10.0 2.0 10.0 3.0 1.0 3.0 
2 8 1.91 1.91 4.0 1.0 4.0 3.0 1.0 3.0 5.0 1.0 5.0 10.0 1.0 10.0 6.0 1.0 6.0 10.0 2.0 10.0 3.0 1.0 3.0 3.0 1.0 3.0 
2 3 0.49 0.49 7.0 1.0 7.0 9.0 2.0 9.0 8.0 1.0 8.0 
2 4 0.65 0.65 7.0 1.0 7.0 9.0 2.0 9.0 8.0 1.0 8.0 6.0 1.0 6.0 
2 5 0.75 0.75 7.0 1.0 7.0 9.0 2.0 9.0 8.0 1.0 8.0 6.0 1.0 6.0 10.0 1.0 10.0 
2 6 1.0 1.0 7.0 1.0 7.0 9.0 2.0 9.0 8.0 1.0 8.0 6.0 1.0 6.0 10.0 1.0 10.0 4.0 1.0 4.0 
2 7 1.11 1.11 7.0 1.0 7.0 9.0 2.0 9.0 8.0 1.0 8.0 6.0 1.0 6.0 10.0 1.0 10.0 4.0 1.0 4.0 9.0 1.0 9.0 
2 8 1.45 1.45 7.0 1.0 7.0 9.0 2.0 9.0 8.0 1.0 8.0 6.0 1.0 6.0 10.0 1.0 10.0 4.0 1.0 4.0 9.0 1.0 9.0 3.0 1.0 3.0 
2 9 1.56 1.56 7.0 1.0 7.0 9.0 2.0 9.0 8.0 1.0 8.0 6.0 1.0 6.0 10.0 1.0 10.0 4.0 1.0 4.0 9.0 1.0 9.0 3.0 1.0 3.0 9.0 1.0 9.0 
2 3 1.03 1.03 7.0 2.0 7.0 2.0 1.0 2.0 4.0 1.0 4.0 
2 4 1.14 1.14 7.0 2.0 7.0 2.0 1.0 2.0 4.0 1.0 4.0 9.0 1.0 9.0 
2 5 1.28 1.28 7.0 2.0 7.0 2.0 1.0 2.0 4.0 1.0 4.0 9.0 1.0 9.0 7.0 1.0 7.0 
2 6 1.62 1.62 7.0 2.0 7.0 2.0 1.0 2.0 4.0 1.0 4.0 9.0 1.0 9.0 7.0 1.0 7.0 3.0 1.0 3.0 
2 7 1.78 1.78 7.0 2.0 7.0 2.0 1.0 2.0 4.0 1.0 4.0 9.0 1.0 9.0 7.0 1.0 7.0 3.0 1.0 3.0 6.0 1.0 6.0 
2 8 1.9 1.9 7.0 2.0 7.0 2.0 1.0 2.0 4.0 1.0 4.0 9.0 1.0 9.0 7.0 1.0 7.0 3.0 1.0 3.0 6.0 1.0 6.0 9.0 1.0 9.0 
2 3 0.63 0.63 5.0 1.0 5.0 10.0 1.0 10.0 3.0 1.0 3.0 
2 4 0.96 0.96 5.0 1.0 5.0 10.0 1.0 10.0 3.0 1.0 3.0 3.0 1.0 3.0 
2 5 1.21 1.21 5.0 1.0 5.0 10.0 1.0 10.0 3.0 1.0 3.0 3.0 1.0 3.0 4.0 1.0 4.0 
2 6 1.51 1.51 5.0 1.0 5.0 10.0 1.0 10.0 3.0 1.0 3.0 3.0 1.0 3.0 4.0 1.0 4.0 10.0 3.0 10.0 
2 7 1.62 1.62 5.0 1.0 5.0 10.0 1.0 10.0 3.0 1.0 3.0 3.0 1.0 3.0 4.0 1.0 4.0 10.0 3.0 10.0 9.0 1.0 9.0 
2 3 0.7 0.7 6.0 1.0 6.0 6.0 2.0 6.0 5.0 1.0 5.0 
2 4 1.2 1.2 6.0 1.0 6.0 6.0 2.0 6.0 5.0 1.0 5.0 2.0 1.0 2.0 
2 5 1.53 1.53 6.0 1.0 6.0 6.0 2.0 6.0 5.0 1.0 5.0 2.0 1.0 2.0 3.0 1.0 3.0 
2 6 1.65 1.65 6.0 1.0 6.0 6.0 2.0 6.0 5.0 1.0 5.0 2.0 1.0 2.0 3.0 1.0 3.0 8.0 1.0 8.0 
2 7 1.8 1.8 6.0 1.0 6.0 6.0 2.0 6.0 5.0 1.0 5.0 2.0 1.0 2.0 3.0 1.0 3.0 8.0 1.0 8.0 7.0 1.0 7.0 
2 8 1.91 1.91 6.0 1.0 6.0 6.0 2.0 6.0 5.0 1.0 5.0 2.0 1.0 2.0 3.0 1.0 3.0 8.0 1.0 8.0 7.0 1.0 7.0 9.0 1.0 9.0 
2 3 0.55 0.55 10.0 1.0 10.0 9.0 3.0 9.0 8.0 1.0 8.0 
2 4 0.7 0.7 10.0 1.0 10.0 9.0 3.0 9.0 8.0 1.0 8.0 7.0 1.0 7.0 
2 5 0.86 0.86 10.0 1.0 10.0 9.0 3.0 9.0 8.0 1.0 8.0 7.0 1.0 7.0 6.0 1.0 6.0 
2 6 1.36 1.36 10.0 1.0 10.0 9.0 3.0 9.0 8.0 1.0 8.0 7.0 1.0 7.0 6.0 1.0 6.0 2.0 1.0 2.0 
2 7 1.86 1.86 10.0 1.0 10.0 9.0 3.0 9.0 8.0 1.0 8.0 7.0 1.0 7.0 6.0 1.0 6.0 2.0 1.0 2.0 2.0 1.0 2.0 
2 8 1.96 1.96 10.0 1.0 10.0 9.0 3.0 9.0 8.0 1.0 8.0 7.0 1.0 7.0 6.0 1.0 6.0 2.0 1.0 2.0 2.0 1.0 2.0 10.0 1.0 10.0 
2 3 1.08 1.08 3.0 1.0 3.0 4.0 1.0 4.0 2.0 1.0 2.0 
2 4 1.25 1.25 3.0 1.0 3.0 4.0 1.0 4.0 2.0 1.0 2.0 6.0 1.0 6.0 
2 5 1.5 1.5 3.0 1.0 3.0 4.0 1.0 4.0 2.0 1.0 2.0 6.0 1.0 6.0 4.0 1.0 4.0 
2 6 1.64 1.64 3.0 1.0 3.0 4.0 1.0 4.0 2.0 1.0 2.0 6.0 1.0 6.0 4.0 1.0 4.0 7.0 1.0 7.0 
2 7 1.74 1.74 3.0 1.0 3.0 4.0 1.0 4.0 2.0 1.0 2.0 6.0 1.0 6.0 4.0 1.0 4.0 7.0 1.0 7.0 10.0 1.0 10.0 
2 8 1.94 1.94 3.0 1.0 3.0 4.0 1.0 4.0 2.0 1.0 2.0 6.0 1.0 6.0 4.0 1.0 4.0 7.0 1.0 7.0 10.0 1.0 10.0 5.0 1.0 5.0 
2 3 0.72 0.72 8.0 1.0 8.0 2.0 1.0 2.0 10.0 1.0 10.0 
2 4 0.92 0.92 8.0 1.0 8.0 2.0 1.0 2.0 10.0 1.0 10.0 5.0 1.0 5.0 
2 5 1.17 1.17 8.0 1.0 8.0 2.0 1.0 2.0 10.0 1.0 10.0 5.0 1.0 5.0 4.0 1.0 4.0 
2 6 1.5 1.5 8.0 1.0 8.0 2.0 1.0 2.0 10.0 1.0 10.0 5.0 1.0 5.0 4.0 1.0 4.0 3.0 1.0 3.0 
2 7 1.63 1.63 8.0 1.0 8.0 2.0 1.0 2.0 10.0 1.0 10.0 5.0 1.0 5.0 4.0 1.0 4.0 3.0 1.0 3.0 8.0 1.0 8.0 
2 8 1.88 1.88 8.0 1.0 8.0 2.0 1.0 2.0 10.0 1.0 10.0 5.0 1.0 5.0 4.0 1.0 4.0 3.0 1.0 3.0 8.0 1.0 8.0 4.0 1.0 4.0 
2 3 0.8 0.8 7.0 1.0 7.0 2.0 1.0 2.0 6.0 1.0 6.0 
2 4 1.05 1.05 7.0 1.0 7.0 2.0 1.0 2.0 6.0 1.0 6.0 4.0 1.0 4.0 
2 5 1.34 1.34 7.0 1.0 7.0 2.0 1.0 2.0 6.0 1.0 6.0 4.0 1.0 4.0 7.0 2.0 7.0 
2 6 1.67 1.67 7.0 1.0 7.0 2.0 1.0 2.0 6.0 1.0 6.0 4.0 1.0 4.0 7.0 2.0 7.0 3.0 1.0 3.0 
2 7 1.82 1.82 7.0 1.0 7.0 2.0 1.0 2.0 6.0 1.0 6.0 4.0 1.0 4.0 7.0 2.0 7.0 3.0 1.0 3.0 7.0 1.0 7.0 
2 8 1.98 1.98 7.0 1.0 7.0 2.0 1.0 2.0 6.0 1.0 6.0 4.0 1.0 4.0 7.0 2.0 7.0 3.0 1.0 3.0 7.0 1.0 7.0 6.0 1.0 6.0 
2 3 0.99 0.99 2.0 1.0 2.0 3.0 1.0 3.0 6.0 1.0 6.0 
2 4 1.33 1.33 2.0 1.0 2.0 3.0 1.0 3.0 6.0 1.0 6.0 3.0 1.0 3.0 
2 5 1.53 1.53 2.0 1.0 2.0 3.0 1.0 3.0 6.0 1.0 6.0 3.0 1.0 3.0 10.0 2.0 10.0 
2 6 1.63 1.63 2.0 1.0 2.0 3.0 1.0 3.0 6.0 1.0 6.0 3.0 1.0 3.0 10.0 2.0 10.0 10.0 1.0 10.0 
2 7 1.96 1.96 2.0 1.0 2.0 3.0 1.0 3.0 6.0 1.0 6.0 3.0 1.0 3.0 10.0 2.0 10.0 10.0 1.0 10.0 9.0 3.0 9.0 
2 3 0.88 0.88 6.0 1.0 6.0 2.0 1.0 2.0 9.0 2.0 9.0 
2 4 1.13 1.13 6.0 1.0 6.0 2.0 1.0 2.0 9.0 2.0 9.0 8.0 2.0 8.0 
2 5 1.23 1.23 6.0 1.0 6.0 2.0 1.0 2.0 9.0 2.0 9.0 8.0 2.0 8.0 10.0 1.0 10.0 
2 6 1.43 1.43 6.0 1.0 6.0 2.0 1.0 2.0 9.0 2.0 9.0 8.0 2.0 8.0 10.0 1.0 10.0 5.0 1.0 5.0 
2 7 1.58 1.58 6.0 1.0 6.0 2.0 1.0 2.0 9.0 2.0 9.0 8.0 2.0 8.0 10.0 1.0 10.0 5.0 1.0 5.0 7.0 1.0 7.0 
2 3 0.91 0.91 4.0 1.0 4.0 3.0 1.0 3.0 3.0 1.0 3.0 
2 4 1.08 1.08 4.0 1.0 4.0 3.0 1.0 3.0 3.0 1.0 3.0 6.0 1.0 6.0 
2 5 1.41 1.41 4.0 1.0 4.0 3.0 1.0 3.0 3.0 1.0 3.0 6.0 1.0 6.0 3.0 1.0 3.0 
2 6 1.61 1.61 4.0 1.0 4.0 3.0 1.0 3.0 3.0 1.0 3.0 6.0 1.0 6.0 3.0 1.0 3.0 10.0 2.0 10.0 
2 7 1.75 1.75 4.0 1.0 4.0 3.0 1.0 3.0 3.0 1.0 3.0 6.0 1.0 6.0 3.0 1.0 3.0 10.0 2.0 10.0 7.0 1.0 7.0 
2 8 1.95 1.95 4.0 1.0 4.0 3.0 1.0 3.0 3.0 1.0 3.0 6.0 1.0 6.0 3.0 1.0 3.0 10.0 2.0 10.0 7.0 1.0 7.0 10.0 2.0 10.0 
2 3 0.41 0.41 9.0 1.0 9.0 5.0 1.0 5.0 10.0 1.0 10.0 
2 4 0.51 0.51 9.0 1.0 9.0 5.0 1.0 5.0 10.0 1.0 10.0 10.0 1.0 10.0 
2 5 1.01 1.01 9.0 1.0 9.0 5.0 1.0 5.0 10.0 1.0 10.0 10.0 1.0 10.0 2.0 1.0 2.0 
2 6 1.51 1.51 9.0 1.0 9.0 5.0 1.0 5.0 10.0 1.0 10.0 10.0 1.0 10.0 2.0 1.0 2.0 2.0 1.0 2.0 
2 7 1.71 1.71 9.0 1.0 9.0 5.0 1.0 5.0 10.0 1.0 10.0 10.0 1.0 10.0 2.0 1.0 2.0 2.0 1.0 2.0 10.0 2.0 10.0 
2 8 1.85 1.85 9.0 1.0 9.0 5.0 1.0 5.0 10.0 1.0 10.0 10.0 1.0 10.0 2.0 1.0 2.0 2.0 1.0 2.0 10.0 2.0 10.0 7.0 1.0 7.0 
2 3 0.62 0.62 9.0 2.0 9.0 10.0 2.0 10.0 5.0 1.0 5.0 
2 4 0.78 0.78 9.0 2.0 9.0 10.0 2.0 10.0 5.0 1.0 5.0 6.0 1.0 6.0 
2 5 0.88 0.88 9.0 2.0 9.0 10.0 2.0 10.0 5.0 1.0 5.0 6.0 1.0 6.0 10.0 1.0 10.0 
2 6 1.08 1.08 9.0 2.0 9.0 10.0 2.0 10.0 5.0 1.0 5.0 6.0 1.0 6.0 10.0 1.0 10.0 10.0 2.0 10.0 
2 7 1.58 1.58 9.0 2.0 9.0 10.0 2.0 10.0 5.0 1.0 5.0 6.0 1.0 6.0 10.0 1.0 10.0 10.0 2.0 10.0 2.0 1.0 2.0 
2 3 0.82 0.82 8.0 1.0 8.0 5.0 1.0 5.0 2.0 1.0 2.0 
2 4 1.02 1.02 8.0 1.0 8.0 5.0 1.0 5.0 2.0 1.0 2.0 5.0 1.0 5.0 
2 5 1.14 1.14 8.0 1.0 8.0 5.0 1.0 5.0 2.0 1.0 2.0 5.0 1.0 5.0 8.0 1.0 8.0 
2 6 1.48 1.48 8.0 1.0 8.0 5.0 1.0 5.0 2.0 1.0 2.0 5.0 1.0 5.0 8.0 1.0 8.0 3.0 1.0 3.0 
2 7 1.76 1.76 8.0 1.0 8.0 5.0 1.0 5.0 2.0 1.0 2.0 5.0 1.0 5.0 8.0 1.0 8.0 3.0 1.0 3.0 7.0 2.0 7.0 
2 3 0.94 0.94 2.0 1.0 2.0 9.0 1.0 9.0 3.0 1.0 3.0 
2 4 1.27 1.27 2.0 1.0 2.0 9.0 1.0 9.0 3.0 1.0 3.0 3.0 1.0 3.0 
2 5 1.77 1.77 2.0 1.0 2.0 9.0 1.0 9.0 3.0 1.0 3.0 3.0 1.0 3.0 2.0 1.0 2.0 
2 6 1.97 1.97 2.0 1.0 2.0 9.0 1.0 9.0 3.0 1.0 3.0 3.0 1.0 3.0 2.0 1.0 2.0 5.0 1.0 5.0 
2 3 0.42 0.42 9.0 1.0 9.0 7.0 1.0 7.0 6.0 1.0 6.0 
2 4 0.79 0.79 9.0 1.0 9.0 7.0 1.0 7.0 6.0 1.0 6.0 8.0 3.0 8.0 
2 5 0.93 0.93 9.0 1.0 9.0 7.0 1.0 7.0 6.0 1.0 6.0 8.0 3.0 8.0 7.0 1.0 7.0 
2 6 1.13 1.13 9.0 1.0 9.0 7.0 1.0 7.0 6.0 1.0 6.0 8.0 3.0 8.0 7.0 1.0 7.0 10.0 2.0 10.0 
2 7 1.24 1.24 9.0 1.0 9.0 7.0 1.0 7.0 6.0 1.0 6.0 8.0 3.0 8.0 7.0 1.0 7.0 10.0 2.0 10.0 9.0 1.0 9.0 
2 8 1.36 1.36 9.0 1.0 9.0 7.0 1.0 7.0 6.0 1.0 6.0 8.0 3.0 8.0 7.0 1.0 7.0 10.0 2.0 10.0 9.0 1.0 9.0 9.0 1.0 9.0 
2 9 1.48 1.48 9.0 1.0 9.0 7.0 1.0 7.0 6.0 1.0 6.0 8.0 3.0 8.0 7.0 1.0 7.0 10.0 2.0 10.0 9.0 1.0 9.0 9.0 1.0 9.0 8.0 1.0 8.0 
2 10 1.68 1.68 9.0 1.0 9.0 7.0 1.0 7.0 6.0 1.0 6.0 8.0 3.0 8.0 7.0 1.0 7.0 10.0 2.0 10.0 9.0 1.0 9.0 9.0 1.0 9.0 8.0 1.0 8.0 5.0 1.0 5.0 
2 11 1.78 1.78 9.0 1.0 9.0 7.0 1.0 7.0 6.0 1.0 6.0 8.0 3.0 8.0 7.0 1.0 7.0 10.0 2.0 10.0 9.0 1.0 9.0 9.0 1.0 9.0 8.0 1.0 8.0 5.0 1.0 5.0 10.0 1.0 10.0 
2 12 1.92 1.92 9.0 1.0 9.0 7.0 1.0 7.0 6.0 1.0 6.0 8.0 3.0 8.0 7.0 1.0 7.0 10.0 2.0 10.0 9.0 1.0 9.0 9.0 1.0 9.0 8.0 1.0 8.0 5.0 1.0 5.0 10.0 1.0 10.0 7.0 1.0 7.0 
2 3 1.12 1.12 4.0 3.0 4.0 4.0 1.0 4.0 8.0 1.0 8.0 
2 4 1.32 1.32 4.0 3.0 4.0 4.0 1.0 4.0 8.0 1.0 8.0 10.0 2.0 10.0 
2 5 1.82 1.82 4.0 3.0 4.0 4.0 1.0 4.0 8.0 1.0 8.0 10.0 2.0 10.0 2.0 1.0 2.0 
2 3 0.51 0.51 8.0 1.0 8.0 8.0 2.0 8.0 7.0 1.0 7.0 
2 4 1.01 1.01 8.0 1.0 8.0 8.0 2.0 8.0 7.0 1.0 7.0 2.0 1.0 2.0 
2 5 1.21 1.21 8.0 1.0 8.0 8.0 2.0 8.0 7.0 1.0 7.0 2.0 1.0 2.0 5.0 1.0 5.0 
2 6 1.38 1.38 8.0 1.0 8.0 8.0 2.0 8.0 7.0 1.0 7.0 2.0 1.0 2.0 5.0 1.0 5.0 6.0 1.0 6.0 
2 7 1.88 1.88 8.0 1.0 8.0 8.0 2.0 8.0 7.0 1.0 7.0 2.0 1.0 2.0 5.0 1.0 5.0 6.0 1.0 6.0 2.0 1.0 2.0 
2 3 0.46 0.46 8.0 1.0 8.0 7.0 1.0 7.0 10.0 2.0 10.0 
2 4 0.8 0.8 8.0 1.0 8.0 7.0 1.0 7.0 10.0 2.0 10.0 3.0 1.0 3.0 
2 5 0.91 0.91 8.0 1.0 8.0 7.0 1.0 7.0 10.0 2.0 10.0 3.0 1.0 3.0 9.0 1.0 9.0 
2 6 1.05 1.05 8.0 1.0 8.0 7.0 1.0 7.0 10.0 2.0 10.0 3.0 1.0 3.0 9.0 1.0 9.0 7.0 1.0 7.0 
2 7 1.19 1.19 8.0 1.0 8.0 7.0 1.0 7.0 10.0 2.0 10.0 3.0 1.0 3.0 9.0 1.0 9.0 7.0 1.0 7.0 7.0 1.0 7.0 
2 8 1.75 1.75 8.0 1.0 8.0 7.0 1.0 7.0 10.0 2.0 10.0 3.0 1.0 3.0 9.0 1.0 9.0 7.0 1.0 7.0 7.0 1.0 7.0 9.0 5.0 9.0 
2 9 1.92 1.92 8.0 1.0 8.0 7.0 1.0 7.0 10.0 2.0 10.0 3.0 1.0 3.0 9.0 1.0 9.0 7.0 1.0 7.0 7.0 1.0 7.0 9.0 5.0 9.0 6.0 1.0 6.0 
2 3 0.98 0.98 4.0 1.0 4.0 3.0 1.0 3.0 5.0 2.0 5.0 
2 4 1.1 1.1 4.0 1.0 4.0 3.0 1.0 3.0 5.0 2.0 5.0 8.0 1.0 8.0 
2 5 1.21 1.21 4.0 1.0 4.0 3.0 1.0 3.0 5.0 2.0 5.0 8.0 1.0 8.0 9.0 1.0 9.0 
2 6 1.36 1.36 4.0 1.0 4.0 3.0 1.0 3.0 5.0 2.0 5.0 8.0 1.0 8.0 9.0 1.0 9.0 7.0 1.0 7.0 
2 7 1.52 1.52 4.0 1.0 4.0 3.0 1.0 3.0 5.0 2.0 5.0 8.0 1.0 8.0 9.0 1.0 9.0 7.0 1.0 7.0 6.0 1.0 6.0 
2 8 1.75 1.75 4.0 1.0 4.0 3.0 1.0 3.0 5.0 2.0 5.0 8.0 1.0 8.0 9.0 1.0 9.0 7.0 1.0 7.0 6.0 1.0 6.0 9.0 2.0 9.0 
2 9 1.91 1.91 4.0 1.0 4.0 3.0 1.0 3.0 5.0 2.0 5.0 8.0 1.0 8.0 9.0 1.0 9.0 7.0 1.0 7.0 6.0 1.0 6.0 9.0 2.0 9.0 6.0 1.0 6.0 
2 3 0.69 0.69 8.0 1.0 8.0 8.0 1.0 8.0 9.0 4.0 9.0 
2 4 0.81 0.81 8.0 1.0 8.0 8.0 1.0 8.0 9.0 4.0 9.0 8.0 1.0 8.0 
2 5 1.15 1.15 8.0 1.0 8.0 8.0 1.0 8.0 9.0 4.0 9.0 8.0 1.0 8.0 3.0 1.0 3.0 
2 6 1.4 1.4 8.0 1.0 8.0 8.0 1.0 8.0 9.0 4.0 9.0 8.0 1.0 8.0 3.0 1.0 3.0 4.0 1.0 4.0 
2 7 1.56 1.56 8.0 1.0 8.0 8.0 1.0 8.0 9.0 4.0 9.0 8.0 1.0 8.0 3.0 1.0 3.0 4.0 1.0 4.0 6.0 1.0 6.0 
2 8 1.71 1.71 8.0 1.0 8.0 8.0 1.0 8.0 9.0 4.0 9.0 8.0 1.0 8.0 3.0 1.0 3.0 4.0 1.0 4.0 6.0 1.0 6.0 7.0 1.0 7.0 
2 9 1.82 1.82 8.0 1.0 8.0 8.0 1.0 8.0 9.0 4.0 9.0 8.0 1.0 8.0 3.0 1.0 3.0 4.0 1.0 4.0 6.0 1.0 6.0 7.0 1.0 7.0 9.0 1.0 9.0 
2 3 0.83 0.83 4.0 1.0 4.0 4.0 1.0 4.0 9.0 3.0 9.0 
2 4 1.33 1.33 4.0 1.0 4.0 4.0 1.0 4.0 9.0 3.0 9.0 2.0 1.0 2.0 
2 5 1.43 1.43 4.0 1.0 4.0 4.0 1.0 4.0 9.0 3.0 9.0 2.0 1.0 2.0 10.0 1.0 10.0 
2 6 1.63 1.63 4.0 1.0 4.0 4.0 1.0 4.0 9.0 3.0 9.0 2.0 1.0 2.0 10.0 1.0 10.0 5.0 1.0 5.0 
2 3 1.5 1.5 2.0 1.0 2.0 6.0 3.0 6.0 4.0 2.0 4.0 
2 4 1.61 1.61 2.0 1.0 2.0 6.0 3.0 6.0 4.0 2.0 4.0 9.0 1.0 9.0 
2 5 1.72 1.72 2.0 1.0 2.0 6.0 3.0 6.0 4.0 2.0 4.0 9.0 1.0 9.0 9.0 1.0 9.0 
2 3 0.78 0.78 4.0 1.0 4.0 3.0 1.0 3.0 5.0 1.0 5.0 
2 4 1.11 1.11 4.0 1.0 4.0 3.0 1.0 3.0 5.0 1.0 5.0 3.0 1.0 3.0 
2 5 1.22 1.22 4.0 1.0 4.0 3.0 1.0 3.0 5.0 1.0 5.0 3.0 1.0 3.0 9.0 1.0 9.0 
2 6 1.42 1.42 4.0 1.0 4.0 3.0 1.0 3.0 5.0 1.0 5.0 3.0 1.0 3.0 9.0 1.0 9.0 5.0 1.0 5.0 
2 7 1.67 1.67 4.0 1.0 4.0 3.0 1.0 3.0 5.0 1.0 5.0 3.0 1.0 3.0 9.0 1.0 9.0 5.0 1.0 5.0 4.0 1.0 4.0 
2 8 1.84 1.84 4.0 1.0 4.0 3.0 1.0 3.0 5.0 1.0 5.0 3.0 1.0 3.0 9.0 1.0 9.0 5.0 1.0 5.0 4.0 1.0 4.0 6.0 1.0 6.0 
2 3 1.14 1.14 4.0 1.0 4.0 10.0 4.0 10.0 2.0 1.0 2.0 
2 4 1.26 1.26 4.0 1.0 4.0 10.0 4.0 10.0 2.0 1.0 2.0 9.0 1.0 9.0 
2 5 1.46 1.46 4.0 1.0 4.0 10.0 4.0 10.0 2.0 1.0 2.0 9.0 1.0 9.0 5.0 1.0 5.0 
2 6 1.62 1.62 4.0 1.0 4.0 10.0 4.0 10.0 2.0 1.0 2.0 9.0 1.0 9.0 5.0 1.0 5.0 6.0 1.0 6.0 
2 7 1.73 1.73 4.0 1.0 4.0 10.0 4.0 10.0 2.0 1.0 2.0 9.0 1.0 9.0 5.0 1.0 5.0 6.0 1.0 6.0 9.0 1.0 9.0 
2 8 1.9 1.9 4.0 1.0 4.0 10.0 4.0 10.0 2.0 1.0 2.0 9.0 1.0 9.0 5.0 1.0 5.0 6.0 1.0 6.0 9.0 1.0 9.0 6.0 1.0 6.0 
2 3 0.43 0.43 10.0 1.0 10.0 6.0 1.0 6.0 6.0 1.0 6.0 
2 4 0.57 0.57 10.0 1.0 10.0 6.0 1.0 6.0 6.0 1.0 6.0 7.0 1.0 7.0 
2 5 0.71 0.71 10.0 1.0 10.0 6.0 1.0 6.0 6.0 1.0 6.0 7.0 1.0 7.0 7.0 1.0 7.0 
2 6 0.88 0.88 10.0 1.0 10.0 6.0 1.0 6.0 6.0 1.0 6.0 7.0 1.0 7.0 7.0 1.0 7.0 6.0 1.0 6.0 
2 7 1.21 1.21 10.0 1.0 10.0 6.0 1.0 6.0 6.0 1.0 6.0 7.0 1.0 7.0 7.0 1.0 7.0 6.0 1.0 6.0 3.0 1.0 3.0 
2 8 1.44 1.44 10.0 1.0 10.0 6.0 1.0 6.0 6.0 1.0 6.0 7.0 1.0 7.0 7.0 1.0 7.0 6.0 1.0 6.0 3.0 1.0 3.0 9.0 2.0 9.0 
2 9 1.94 1.94 10.0 1.0 10.0 6.0 1.0 6.0 6.0 1.0 6.0 7.0 1.0 7.0 7.0 1.0 7.0 6.0 1.0 6.0 3.0 1.0 3.0 9.0 2.0 9.0 2.0 1.0 2.0 
2 3 0.59 0.59 9.0 2.0 9.0 4.0 1.0 4.0 8.0 1.0 8.0 
2 4 0.72 0.72 9.0 2.0 9.0 4.0 1.0 4.0 8.0 1.0 8.0 8.0 1.0 8.0 
2 5 1.05 1.05 9.0 2.0 9.0 4.0 1.0 4.0 8.0 1.0 8.0 8.0 1.0 8.0 3.0 1.0 3.0 
2 6 1.38 1.38 9.0 2.0 9.0 4.0 1.0 4.0 8.0 1.0 8.0 8.0 1.0 8.0 3.0 1.0 3.0 3.0 1.0 3.0 
2 7 1.5 1.5 9.0 2.0 9.0 4.0 1.0 4.0 8.0 1.0 8.0 8.0 1.0 8.0 3.0 1.0 3.0 3.0 1.0 3.0 9.0 1.0 9.0 
2 8 1.61 1.61 9.0 2.0 9.0 4.0 1.0 4.0 8.0 1.0 8.0 8.0 1.0 8.0 3.0 1.0 3.0 3.0 1.0 3.0 9.0 1.0 9.0 9.0 1.0 9.0 
2 9 1.86 1.86 9.0 2.0 9.0 4.0 1.0 4.0 8.0 1.0 8.0 8.0 1.0 8.0 3.0 1.0 3.0 3.0 1.0 3.0 9.0 1.0 9.0 9.0 1.0 9.0 4.0 1.0 4.0 
2 3 1.4 1.4 2.0 1.0 2.0 7.0 4.0 7.0 3.0 1.0 3.0 
2 4 1.9 1.9 2.0 1.0 2.0 7.0 4.0 7.0 3.0 1.0 3.0 2.0 1.0 2.0 
2 3 0.64 0.64 6.0 1.0 6.0 6.0 2.0 6.0 7.0 1.0 7.0 
2 4 0.76 0.76 6.0 1.0 6.0 6.0 2.0 6.0 7.0 1.0 7.0 8.0 1.0 8.0 
2 5 0.89 0.89 6.0 1.0 6.0 6.0 2.0 6.0 7.0 1.0 7.0 8.0 1.0 8.0 8.0 1.0 8.0 
2 6 1.09 1.09 6.0 1.0 6.0 6.0 2.0 6.0 7.0 1.0 7.0 8.0 1.0 8.0 8.0 1.0 8.0 5.0 1.0 5.0 
2 7 1.21 1.21 6.0 1.0 6.0 6.0 2.0 6.0 7.0 1.0 7.0 8.0 1.0 8.0 8.0 1.0 8.0 5.0 1.0 5.0 8.0 1.0 8.0 
2 8 1.31 1.31 6.0 1.0 6.0 6.0 2.0 6.0 7.0 1.0 7.0 8.0 1.0 8.0 8.0 1.0 8.0 5.0 1.0 5.0 8.0 1.0 8.0 10.0 1.0 10.0 
2 9 1.51 1.51 6.0 1.0 6.0 6.0 2.0 6.0 7.0 1.0 7.0 8.0 1.0 8.0 8.0 1.0 8.0 5.0 1.0 5.0 8.0 1.0 8.0 10.0 1.0 10.0 5.0 1.0 5.0 
2 10 1.62 1.62 6.0 1.0 6.0 6.0 2.0 6.0 7.0 1.0 7.0 8.0 1.0 8.0 8.0 1.0 8.0 5.0 1.0 5.0 8.0 1.0 8.0 10.0 1.0 10.0 5.0 1.0 5.0 9.0 1.0 9.0 
2 11 1.77 1.77 6.0 1.0 6.0 6.0 2.0 6.0 7.0 1.0 7.0 8.0 1.0 8.0 8.0 1.0 8.0 5.0 1.0 5.0 8.0 1.0 8.0 10.0 1.0 10.0 5.0 1.0 5.0 9.0 1.0 9.0 7.0 1.0 7.0 
2 12 1.88 1.88 6.0 1.0 6.0 6.0 2.0 6.0 7.0 1.0 7.0 8.0 1.0 8.0 8.0 1.0 8.0 5.0 1.0 5.0 8.0 1.0 8.0 10.0 1.0 10.0 5.0 1.0 5.0 9.0 1.0 9.0 7.0 1.0 7.0 9.0 1.0 9.0 
2 3 1.5 1.5 2.0 1.0 2.0 2.0 1.0 2.0 2.0 1.0 2.0 
2 4 1.62 1.62 2.0 1.0 2.0 2.0 1.0 2.0 2.0 1.0 2.0 8.0 1.0 8.0 
2 5 1.82 1.82 2.0 1.0 2.0 2.0 1.0 2.0 2.0 1.0 2.0 8.0 1.0 8.0 5.0 1.0 5.0 
2 3 1.16 1.16 3.0 1.0 3.0 2.0 1.0 2.0 3.0 1.0 3.0 
2 4 1.36 1.36 3.0 1.0 3.0 2.0 1.0 2.0 3.0 1.0 3.0 5.0 1.0 5.0 
2 5 1.65 1.65 3.0 1.0 3.0 2.0 1.0 2.0 3.0 1.0 3.0 5.0 1.0 5.0 7.0 2.0 7.0 
2 6 1.77 1.77 3.0 1.0 3.0 2.0 1.0 2.0 3.0 1.0 3.0 5.0 1.0 5.0 7.0 2.0 7.0 8.0 1.0 8.0 
2 7 1.97 1.97 3.0 1.0 3.0 2.0 1.0 2.0 3.0 1.0 3.0 5.0 1.0 5.0 7.0 2.0 7.0 8.0 1.0 8.0 5.0 1.0 5.0 
2 3 0.49 0.49 4.0 1.0 4.0 10.0 1.0 10.0 7.0 1.0 7.0 
2 4 0.71 0.71 4.0 1.0 4.0 10.0 1.0 10.0 7.0 1.0 7.0 9.0 2.0 9.0 
2 5 1.04 1.04 4.0 1.0 4.0 10.0 1.0 10.0 7.0 1.0 7.0 9.0 2.0 9.0 3.0 1.0 3.0 
2 6 1.38 1.38 4.0 1.0 4.0 10.0 1.0 10.0 7.0 1.0 7.0 9.0 2.0 9.0 3.0 1.0 3.0 3.0 1.0 3.0 
2 7 1.58 1.58 4.0 1.0 4.0 10.0 1.0 10.0 7.0 1.0 7.0 9.0 2.0 9.0 3.0 1.0 3.0 3.0 1.0 3.0 5.0 1.0 5.0 
2 8 1.74 1.74 4.0 1.0 4.0 10.0 1.0 10.0 7.0 1.0 7.0 9.0 2.0 9.0 3.0 1.0 3.0 3.0 1.0 3.0 5.0 1.0 5.0 6.0 1.0 6.0 
2 9 1.99 1.99 4.0 1.0 4.0 10.0 1.0 10.0 7.0 1.0 7.0 9.0 2.0 9.0 3.0 1.0 3.0 3.0 1.0 3.0 5.0 1.0 5.0 6.0 1.0 6.0 4.0 1.0 4.0 
2 3 0.41 0.41 9.0 1.0 9.0 5.0 1.0 5.0 10.0 1.0 10.0 
2 4 0.51 0.51 9.0 1.0 9.0 5.0 1.0 5.0 10.0 1.0 10.0 10.0 1.0 10.0 
2 5 0.71 0.71 9.0 1.0 9.0 5.0 1.0 5.0 10.0 1.0 10.0 10.0 1.0 10.0 5.0 1.0 5.0 
2 6 0.96 0.96 9.0 1.0 9.0 5.0 1.0 5.0 10.0 1.0 10.0 10.0 1.0 10.0 5.0 1.0 5.0 4.0 1.0 4.0 
2 7 1.12 1.12 9.0 1.0 9.0 5.0 1.0 5.0 10.0 1.0 10.0 10.0 1.0 10.0 5.0 1.0 5.0 4.0 1.0 4.0 6.0 1.0 6.0 
2 8 1.46 1.46 9.0 1.0 9.0 5.0 1.0 5.0 10.0 1.0 10.0 10.0 1.0 10.0 5.0 1.0 5.0 4.0 1.0 4.0 6.0 1.0 6.0 3.0 1.0 3.0 
2 9 1.83 1.83 9.0 1.0 9.0 5.0 1.0 5.0 10.0 1.0 10.0 10.0 1.0 10.0 5.0 1.0 5.0 4.0 1.0 4.0 6.0 1.0 6.0 3.0 1.0 3.0 8.0 3.0 8.0 
2 3 0.66 0.66 6.0 1.0 6.0 8.0 1.0 8.0 8.0 3.0 8.0 
2 4 1.0 1.0 6.0 1.0 6.0 8.0 1.0 8.0 8.0 3.0 8.0 3.0 1.0 3.0 
2 5 1.12 1.12 6.0 1.0 6.0 8.0 1.0 8.0 8.0 3.0 8.0 3.0 1.0 3.0 8.0 1.0 8.0 
2 6 1.62 1.62 6.0 1.0 6.0 8.0 1.0 8.0 8.0 3.0 8.0 3.0 1.0 3.0 8.0 1.0 8.0 2.0 1.0 2.0 
2 7 1.95 1.95 6.0 1.0 6.0 8.0 1.0 8.0 8.0 3.0 8.0 3.0 1.0 3.0 8.0 1.0 8.0 2.0 1.0 2.0 3.0 1.0 3.0 
2 3 0.76 0.76 2.0 1.0 2.0 8.0 1.0 8.0 7.0 1.0 7.0 
2 4 0.96 0.96 2.0 1.0 2.0 8.0 1.0 8.0 7.0 1.0 7.0 5.0 1.0 5.0 
2 5 1.21 1.21 2.0 1.0 2.0 8.0 1.0 8.0 7.0 1.0 7.0 5.0 1.0 5.0 4.0 1.0 4.0 
2 6 1.38 1.38 2.0 1.0 2.0 8.0 1.0 8.0 7.0 1.0 7.0 5.0 1.0 5.0 4.0 1.0 4.0 6.0 1.0 6.0 
2 7 1.58 1.58 2.0 1.0 2.0 8.0 1.0 8.0 7.0 1.0 7.0 5.0 1.0 5.0 4.0 1.0 4.0 6.0 1.0 6.0 5.0 1.0 5.0 
2 8 1.68 1.68 2.0 1.0 2.0 8.0 1.0 8.0 7.0 1.0 7.0 5.0 1.0 5.0 4.0 1.0 4.0 6.0 1.0 6.0 5.0 1.0 5.0 10.0 1.0 10.0 
2 3 0.58 0.58 4.0 1.0 4.0 6.0 1.0 6.0 6.0 1.0 6.0 
2 4 1.08 1.08 4.0 1.0 4.0 6.0 1.0 6.0 6.0 1.0 6.0 2.0 1.0 2.0 
2 5 1.41 1.41 4.0 1.0 4.0 6.0 1.0 6.0 6.0 1.0 6.0 2.0 1.0 2.0 3.0 1.0 3.0 
2 6 1.58 1.58 4.0 1.0 4.0 6.0 1.0 6.0 6.0 1.0 6.0 2.0 1.0 2.0 3.0 1.0 3.0 6.0 1.0 6.0 
2 7 1.7 1.7 4.0 1.0 4.0 6.0 1.0 6.0 6.0 1.0 6.0 2.0 1.0 2.0 3.0 1.0 3.0 6.0 1.0 6.0 8.0 1.0 8.0 
2 3 0.75 0.75 4.0 1.0 4.0 6.0 1.0 6.0 3.0 1.0 3.0 
2 4 0.87 0.87 4.0 1.0 4.0 6.0 1.0 6.0 3.0 1.0 3.0 8.0 1.0 8.0 
2 5 1.07 1.07 4.0 1.0 4.0 6.0 1.0 6.0 3.0 1.0 3.0 8.0 1.0 8.0 5.0 1.0 5.0 
2 6 1.32 1.32 4.0 1.0 4.0 6.0 1.0 6.0 3.0 1.0 3.0 8.0 1.0 8.0 5.0 1.0 5.0 4.0 1.0 4.0 
2 7 1.52 1.52 4.0 1.0 4.0 6.0 1.0 6.0 3.0 1.0 3.0 8.0 1.0 8.0 5.0 1.0 5.0 4.0 1.0 4.0 5.0 1.0 5.0 
2 8 1.85 1.85 4.0 1.0 4.0 6.0 1.0 6.0 3.0 1.0 3.0 8.0 1.0 8.0 5.0 1.0 5.0 4.0 1.0 4.0 5.0 1.0 5.0 9.0 3.0 9.0 
2 3 1.03 1.03 7.0 1.0 7.0 9.0 2.0 9.0 3.0 2.0 3.0 
2 4 1.23 1.23 7.0 1.0 7.0 9.0 2.0 9.0 3.0 2.0 3.0 5.0 1.0 5.0 
2 5 1.34 1.34 7.0 1.0 7.0 9.0 2.0 9.0 3.0 2.0 3.0 5.0 1.0 5.0 9.0 1.0 9.0 
2 6 1.54 1.54 7.0 1.0 7.0 9.0 2.0 9.0 3.0 2.0 3.0 5.0 1.0 5.0 9.0 1.0 9.0 5.0 1.0 5.0 
2 7 1.66 1.66 7.0 1.0 7.0 9.0 2.0 9.0 3.0 2.0 3.0 5.0 1.0 5.0 9.0 1.0 9.0 5.0 1.0 5.0 8.0 1.0 8.0 
2 8 1.86 1.86 7.0 1.0 7.0 9.0 2.0 9.0 3.0 2.0 3.0 5.0 1.0 5.0 9.0 1.0 9.0 5.0 1.0 5.0 8.0 1.0 8.0 5.0 1.0 5.0 
2 3 0.44 0.44 10.0 1.0 10.0 7.0 1.0 7.0 5.0 1.0 5.0 
2 4 0.54 0.54 10.0 1.0 10.0 7.0 1.0 7.0 5.0 1.0 5.0 10.0 1.0 10.0 
2 5 1.04 1.04 10.0 1.0 10.0 7.0 1.0 7.0 5.0 1.0 5.0 10.0 1.0 10.0 4.0 2.0 4.0 
2 6 1.54 1.54 10.0 1.0 10.0 7.0 1.0 7.0 5.0 1.0 5.0 10.0 1.0 10.0 4.0 2.0 4.0 2.0 1.0 2.0 
2 3 1.2 1.2 5.0 1.0 5.0 2.0 1.0 2.0 2.0 1.0 2.0 
2 4 1.45 1.45 5.0 1.0 5.0 2.0 1.0 2.0 2.0 1.0 2.0 8.0 2.0 8.0 
2 5 1.78 1.78 5.0 1.0 5.0 2.0 1.0 2.0 2.0 1.0 2.0 8.0 2.0 8.0 3.0 1.0 3.0 
2 3 0.8 0.8 6.0 2.0 6.0 7.0 1.0 7.0 3.0 1.0 3.0 
2 4 1.05 1.05 6.0 2.0 6.0 7.0 1.0 7.0 3.0 1.0 3.0 4.0 1.0 4.0 
2 5 1.3 1.3 6.0 2.0 6.0 7.0 1.0 7.0 3.0 1.0 3.0 4.0 1.0 4.0 4.0 1.0 4.0 
2 6 1.8 1.8 6.0 2.0 6.0 7.0 1.0 7.0 3.0 1.0 3.0 4.0 1.0 4.0 4.0 1.0 4.0 2.0 1.0 2.0 
2 7 1.9 1.9 6.0 2.0 6.0 7.0 1.0 7.0 3.0 1.0 3.0 4.0 1.0 4.0 4.0 1.0 4.0 2.0 1.0 2.0 10.0 1.0 10.0 
2 3 0.6 0.6 6.0 1.0 6.0 10.0 1.0 10.0 6.0 2.0 6.0 
2 4 1.35 1.35 6.0 1.0 6.0 10.0 1.0 10.0 6.0 2.0 6.0 4.0 3.0 4.0 
2 5 1.51 1.51 6.0 1.0 6.0 10.0 1.0 10.0 6.0 2.0 6.0 4.0 3.0 4.0 6.0 1.0 6.0 
2 6 1.68 1.68 6.0 1.0 6.0 10.0 1.0 10.0 6.0 2.0 6.0 4.0 3.0 4.0 6.0 1.0 6.0 6.0 1.0 6.0 
2 7 1.78 1.78 6.0 1.0 6.0 10.0 1.0 10.0 6.0 2.0 6.0 4.0 3.0 4.0 6.0 1.0 6.0 6.0 1.0 6.0 10.0 1.0 10.0 
2 8 1.9 1.9 6.0 1.0 6.0 10.0 1.0 10.0 6.0 2.0 6.0 4.0 3.0 4.0 6.0 1.0 6.0 6.0 1.0 6.0 10.0 1.0 10.0 8.0 1.0 8.0 
2 3 0.78 0.78 3.0 1.0 3.0 4.0 1.0 4.0 5.0 1.0 5.0 
2 4 1.28 1.28 3.0 1.0 3.0 4.0 1.0 4.0 5.0 1.0 5.0 2.0 1.0 2.0 
2 5 1.61 1.61 3.0 1.0 3.0 4.0 1.0 4.0 5.0 1.0 5.0 2.0 1.0 2.0 3.0 1.0 3.0 
2 6 1.81 1.81 3.0 1.0 3.0 4.0 1.0 4.0 5.0 1.0 5.0 2.0 1.0 2.0 3.0 1.0 3.0 5.0 1.0 5.0 
2 7 1.95 1.95 3.0 1.0 3.0 4.0 1.0 4.0 5.0 1.0 5.0 2.0 1.0 2.0 3.0 1.0 3.0 5.0 1.0 5.0 7.0 1.0 7.0 
2 3 0.47 0.47 8.0 1.0 8.0 10.0 1.0 10.0 4.0 1.0 4.0 
2 4 0.61 0.61 8.0 1.0 8.0 10.0 1.0 10.0 4.0 1.0 4.0 7.0 1.0 7.0 
2 5 0.84 0.84 8.0 1.0 8.0 10.0 1.0 10.0 4.0 1.0 4.0 7.0 1.0 7.0 9.0 2.0 9.0 
2 6 1.34 1.34 8.0 1.0 8.0 10.0 1.0 10.0 4.0 1.0 4.0 7.0 1.0 7.0 9.0 2.0 9.0 2.0 1.0 2.0 
2 7 1.67 1.67 8.0 1.0 8.0 10.0 1.0 10.0 4.0 1.0 4.0 7.0 1.0 7.0 9.0 2.0 9.0 2.0 1.0 2.0 3.0 1.0 3.0 
2 3 1.01 1.01 10.0 1.0 10.0 3.0 2.0 3.0 4.0 1.0 4.0 
2 4 1.26 1.26 10.0 1.0 10.0 3.0 2.0 3.0 4.0 1.0 4.0 8.0 2.0 8.0 
2 5 1.37 1.37 10.0 1.0 10.0 3.0 2.0 3.0 4.0 1.0 4.0 8.0 2.0 8.0 9.0 1.0 9.0 
2 6 1.71 1.71 10.0 1.0 10.0 3.0 2.0 3.0 4.0 1.0 4.0 8.0 2.0 8.0 9.0 1.0 9.0 3.0 1.0 3.0 
2 3 0.76 0.76 3.0 1.0 3.0 7.0 1.0 7.0 7.0 2.0 7.0 
2 4 1.09 1.09 3.0 1.0 3.0 7.0 1.0 7.0 7.0 2.0 7.0 9.0 3.0 9.0 
2 5 1.22 1.22 3.0 1.0 3.0 7.0 1.0 7.0 7.0 2.0 7.0 9.0 3.0 9.0 8.0 1.0 8.0 
2 6 1.42 1.42 3.0 1.0 3.0 7.0 1.0 7.0 7.0 2.0 7.0 9.0 3.0 9.0 8.0 1.0 8.0 5.0 1.0 5.0 
2 7 1.64 1.64 3.0 1.0 3.0 7.0 1.0 7.0 7.0 2.0 7.0 9.0 3.0 9.0 8.0 1.0 8.0 5.0 1.0 5.0 9.0 2.0 9.0 
2 8 1.89 1.89 3.0 1.0 3.0 7.0 1.0 7.0 7.0 2.0 7.0 9.0 3.0 9.0 8.0 1.0 8.0 5.0 1.0 5.0 9.0 2.0 9.0 4.0 1.0 4.0 
2 3 0.83 0.83 4.0 1.0 4.0 3.0 1.0 3.0 4.0 1.0 4.0 
2 4 1.08 1.08 4.0 1.0 4.0 3.0 1.0 3.0 4.0 1.0 4.0 4.0 1.0 4.0 
2 5 1.2 1.2 4.0 1.0 4.0 3.0 1.0 3.0 4.0 1.0 4.0 4.0 1.0 4.0 8.0 1.0 8.0 
2 6 1.33 1.33 4.0 1.0 4.0 3.0 1.0 3.0 4.0 1.0 4.0 4.0 1.0 4.0 8.0 1.0 8.0 8.0 1.0 8.0 
2 7 1.53 1.53 4.0 1.0 4.0 3.0 1.0 3.0 4.0 1.0 4.0 4.0 1.0 4.0 8.0 1.0 8.0 8.0 1.0 8.0 5.0 1.0 5.0 
2 8 1.64 1.64 4.0 1.0 4.0 3.0 1.0 3.0 4.0 1.0 4.0 4.0 1.0 4.0 8.0 1.0 8.0 8.0 1.0 8.0 5.0 1.0 5.0 9.0 1.0 9.0 
2 9 1.74 1.74 4.0 1.0 4.0 3.0 1.0 3.0 4.0 1.0 4.0 4.0 1.0 4.0 8.0 1.0 8.0 8.0 1.0 8.0 5.0 1.0 5.0 9.0 1.0 9.0 10.0 1.0 10.0 
2 10 1.85 1.85 4.0 1.0 4.0 3.0 1.0 3.0 4.0 1.0 4.0 4.0 1.0 4.0 8.0 1.0 8.0 8.0 1.0 8.0 5.0 1.0 5.0 9.0 1.0 9.0 10.0 1.0 10.0 9.0 1.0 9.0 
2 3 0.63 0.63 10.0 1.0 10.0 3.0 1.0 3.0 5.0 1.0 5.0 
2 4 0.88 0.88 10.0 1.0 10.0 3.0 1.0 3.0 5.0 1.0 5.0 4.0 1.0 4.0 
2 5 1.13 1.13 10.0 1.0 10.0 3.0 1.0 3.0 5.0 1.0 5.0 4.0 1.0 4.0 4.0 1.0 4.0 
2 6 1.46 1.46 10.0 1.0 10.0 3.0 1.0 3.0 5.0 1.0 5.0 4.0 1.0 4.0 4.0 1.0 4.0 3.0 1.0 3.0 
2 7 1.6 1.6 10.0 1.0 10.0 3.0 1.0 3.0 5.0 1.0 5.0 4.0 1.0 4.0 4.0 1.0 4.0 3.0 1.0 3.0 7.0 1.0 7.0 
2 3 0.94 0.94 9.0 1.0 9.0 3.0 1.0 3.0 2.0 1.0 2.0 
2 4 1.08 1.08 9.0 1.0 9.0 3.0 1.0 3.0 2.0 1.0 2.0 7.0 1.0 7.0 
2 5 1.21 1.21 9.0 1.0 9.0 3.0 1.0 3.0 2.0 1.0 2.0 7.0 1.0 7.0 8.0 1.0 8.0 
2 6 1.46 1.46 9.0 1.0 9.0 3.0 1.0 3.0 2.0 1.0 2.0 7.0 1.0 7.0 8.0 1.0 8.0 8.0 2.0 8.0 
2 7 1.96 1.96 9.0 1.0 9.0 3.0 1.0 3.0 2.0 1.0 2.0 7.0 1.0 7.0 8.0 1.0 8.0 8.0 2.0 8.0 2.0 1.0 2.0 
2 3 0.71 0.71 5.0 1.0 5.0 7.0 1.0 7.0 8.0 3.0 8.0 
2 4 1.05 1.05 5.0 1.0 5.0 7.0 1.0 7.0 8.0 3.0 8.0 3.0 1.0 3.0 
2 5 1.55 1.55 5.0 1.0 5.0 7.0 1.0 7.0 8.0 3.0 8.0 3.0 1.0 3.0 2.0 1.0 2.0 
2 6 1.75 1.75 5.0 1.0 5.0 7.0 1.0 7.0 8.0 3.0 8.0 3.0 1.0 3.0 2.0 1.0 2.0 5.0 1.0 5.0 
2 3 0.54 0.54 8.0 1.0 8.0 6.0 1.0 6.0 4.0 1.0 4.0 
2 4 0.82 0.82 8.0 1.0 8.0 6.0 1.0 6.0 4.0 1.0 4.0 7.0 2.0 7.0 
2 5 1.16 1.16 8.0 1.0 8.0 6.0 1.0 6.0 4.0 1.0 4.0 7.0 2.0 7.0 3.0 1.0 3.0 
2 6 1.28 1.28 8.0 1.0 8.0 6.0 1.0 6.0 4.0 1.0 4.0 7.0 2.0 7.0 3.0 1.0 3.0 8.0 1.0 8.0 
2 7 1.61 1.61 8.0 1.0 8.0 6.0 1.0 6.0 4.0 1.0 4.0 7.0 2.0 7.0 3.0 1.0 3.0 8.0 1.0 8.0 3.0 1.0 3.0 
2 3 0.82 0.82 8.0 1.0 8.0 5.0 1.0 5.0 2.0 1.0 2.0 
2 4 1.15 1.15 8.0 1.0 8.0 5.0 1.0 5.0 2.0 1.0 2.0 3.0 1.0 3.0 
2 5 1.3 1.3 8.0 1.0 8.0 5.0 1.0 5.0 2.0 1.0 2.0 3.0 1.0 3.0 7.0 1.0 7.0 
2 6 1.46 1.46 8.0 1.0 8.0 5.0 1.0 5.0 2.0 1.0 2.0 3.0 1.0 3.0 7.0 1.0 7.0 6.0 1.0 6.0 
2 7 1.71 1.71 8.0 1.0 8.0 5.0 1.0 5.0 2.0 1.0 2.0 3.0 1.0 3.0 7.0 1.0 7.0 6.0 1.0 6.0 4.0 1.0 4.0 
2 3 0.9 0.9 7.0 2.0 7.0 7.0 2.0 7.0 3.0 1.0 3.0 
2 4 1.04 1.04 7.0 2.0 7.0 7.0 2.0 7.0 3.0 1.0 3.0 7.0 1.0 7.0 
2 5 1.38 1.38 7.0 2.0 7.0 7.0 2.0 7.0 3.0 1.0 3.0 7.0 1.0 7.0 3.0 1.0 3.0 
2 6 1.58 1.58 7.0 2.0 7.0 7.0 2.0 7.0 3.0 1.0 3.0 7.0 1.0 7.0 3.0 1.0 3.0 5.0 1.0 5.0 
2 7 1.91 1.91 7.0 2.0 7.0 7.0 2.0 7.0 3.0 1.0 3.0 7.0 1.0 7.0 3.0 1.0 3.0 5.0 1.0 5.0 3.0 1.0 3.0 
2 3 0.66 0.66 6.0 1.0 6.0 8.0 3.0 8.0 8.0 1.0 8.0 
2 4 0.8 0.8 6.0 1.0 6.0 8.0 3.0 8.0 8.0 1.0 8.0 7.0 1.0 7.0 
2 5 1.3 1.3 6.0 1.0 6.0 8.0 3.0 8.0 8.0 1.0 8.0 7.0 1.0 7.0 2.0 1.0 2.0 
2 6 1.5 1.5 6.0 1.0 6.0 8.0 3.0 8.0 8.0 1.0 8.0 7.0 1.0 7.0 2.0 1.0 2.0 5.0 1.0 5.0 
2 7 1.7 1.7 6.0 1.0 6.0 8.0 3.0 8.0 8.0 1.0 8.0 7.0 1.0 7.0 2.0 1.0 2.0 5.0 1.0 5.0 5.0 1.0 5.0 
2 8 1.85 1.85 6.0 1.0 6.0 8.0 3.0 8.0 8.0 1.0 8.0 7.0 1.0 7.0 2.0 1.0 2.0 5.0 1.0 5.0 5.0 1.0 5.0 7.0 1.0 7.0 
2 9 1.99 1.99 6.0 1.0 6.0 8.0 3.0 8.0 8.0 1.0 8.0 7.0 1.0 7.0 2.0 1.0 2.0 5.0 1.0 5.0 5.0 1.0 5.0 7.0 1.0 7.0 7.0 1.0 7.0 
2 3 0.59 0.59 7.0 2.0 7.0 10.0 2.0 10.0 9.0 1.0 9.0 
2 4 1.09 1.09 7.0 2.0 7.0 10.0 2.0 10.0 9.0 1.0 9.0 4.0 2.0 4.0 
2 5 1.43 1.43 7.0 2.0 7.0 10.0 2.0 10.0 9.0 1.0 9.0 4.0 2.0 4.0 3.0 1.0 3.0 
2 6 1.93 1.93 7.0 2.0 7.0 10.0 2.0 10.0 9.0 1.0 9.0 4.0 2.0 4.0 3.0 1.0 3.0 10.0 5.0 10.0 
2 3 0.46 0.46 5.0 1.0 5.0 7.0 1.0 7.0 8.0 1.0 8.0 
2 4 0.66 0.66 5.0 1.0 5.0 7.0 1.0 7.0 8.0 1.0 8.0 10.0 2.0 10.0 
2 5 1.0 1.0 5.0 1.0 5.0 7.0 1.0 7.0 8.0 1.0 8.0 10.0 2.0 10.0 3.0 1.0 3.0 
2 6 1.5 1.5 5.0 1.0 5.0 7.0 1.0 7.0 8.0 1.0 8.0 10.0 2.0 10.0 3.0 1.0 3.0 2.0 1.0 2.0 
2 7 1.6 1.6 5.0 1.0 5.0 7.0 1.0 7.0 8.0 1.0 8.0 10.0 2.0 10.0 3.0 1.0 3.0 2.0 1.0 2.0 10.0 1.0 10.0 
2 8 1.7 1.7 5.0 1.0 5.0 7.0 1.0 7.0 8.0 1.0 8.0 10.0 2.0 10.0 3.0 1.0 3.0 2.0 1.0 2.0 10.0 1.0 10.0 10.0 1.0 10.0 
2 3 0.59 0.59 7.0 1.0 7.0 5.0 1.0 5.0 4.0 1.0 4.0 
2 4 1.09 1.09 7.0 1.0 7.0 5.0 1.0 5.0 4.0 1.0 4.0 2.0 1.0 2.0 
2 5 1.42 1.42 7.0 1.0 7.0 5.0 1.0 5.0 4.0 1.0 4.0 2.0 1.0 2.0 3.0 1.0 3.0 
2 6 1.75 1.75 7.0 1.0 7.0 5.0 1.0 5.0 4.0 1.0 4.0 2.0 1.0 2.0 3.0 1.0 3.0 9.0 3.0 9.0 
2 7 1.9 1.9 7.0 1.0 7.0 5.0 1.0 5.0 4.0 1.0 4.0 2.0 1.0 2.0 3.0 1.0 3.0 9.0 3.0 9.0 7.0 1.0 7.0 
2 3 0.94 0.94 6.0 2.0 6.0 2.0 1.0 2.0 9.0 1.0 9.0 
2 4 1.04 1.04 6.0 2.0 6.0 2.0 1.0 2.0 9.0 1.0 9.0 10.0 1.0 10.0 
2 5 1.15 1.15 6.0 2.0 6.0 2.0 1.0 2.0 9.0 1.0 9.0 10.0 1.0 10.0 9.0 1.0 9.0 
2 6 1.32 1.32 6.0 2.0 6.0 2.0 1.0 2.0 9.0 1.0 9.0 10.0 1.0 10.0 9.0 1.0 9.0 6.0 1.0 6.0 
2 7 1.65 1.65 6.0 2.0 6.0 2.0 1.0 2.0 9.0 1.0 9.0 10.0 1.0 10.0 9.0 1.0 9.0 6.0 1.0 6.0 6.0 2.0 6.0 
2 3 0.46 0.46 5.0 1.0 5.0 10.0 1.0 10.0 6.0 1.0 6.0 
2 4 0.68 0.68 5.0 1.0 5.0 10.0 1.0 10.0 6.0 1.0 6.0 9.0 2.0 9.0 
2 5 1.18 1.18 5.0 1.0 5.0 10.0 1.0 10.0 6.0 1.0 6.0 9.0 2.0 9.0 2.0 1.0 2.0 
2 6 1.52 1.52 5.0 1.0 5.0 10.0 1.0 10.0 6.0 1.0 6.0 9.0 2.0 9.0 2.0 1.0 2.0 3.0 1.0 3.0 
2 7 1.62 1.62 5.0 1.0 5.0 10.0 1.0 10.0 6.0 1.0 6.0 9.0 2.0 9.0 2.0 1.0 2.0 3.0 1.0 3.0 10.0 1.0 10.0 
2 8 1.9 1.9 5.0 1.0 5.0 10.0 1.0 10.0 6.0 1.0 6.0 9.0 2.0 9.0 2.0 1.0 2.0 3.0 1.0 3.0 10.0 1.0 10.0 7.0 2.0 7.0 
2 3 0.66 0.66 6.0 1.0 6.0 5.0 1.0 5.0 10.0 3.0 10.0 
2 4 0.91 0.91 6.0 1.0 6.0 5.0 1.0 5.0 10.0 3.0 10.0 8.0 2.0 8.0 
2 5 1.01 1.01 6.0 1.0 6.0 5.0 1.0 5.0 10.0 3.0 10.0 8.0 2.0 8.0 10.0 1.0 10.0 
2 6 1.15 1.15 6.0 1.0 6.0 5.0 1.0 5.0 10.0 3.0 10.0 8.0 2.0 8.0 10.0 1.0 10.0 7.0 1.0 7.0 
2 7 1.4 1.4 6.0 1.0 6.0 5.0 1.0 5.0 10.0 3.0 10.0 8.0 2.0 8.0 10.0 1.0 10.0 7.0 1.0 7.0 4.0 1.0 4.0 
2 8 1.52 1.52 6.0 1.0 6.0 5.0 1.0 5.0 10.0 3.0 10.0 8.0 2.0 8.0 10.0 1.0 10.0 7.0 1.0 7.0 4.0 1.0 4.0 9.0 1.0 9.0 
2 9 1.77 1.77 6.0 1.0 6.0 5.0 1.0 5.0 10.0 3.0 10.0 8.0 2.0 8.0 10.0 1.0 10.0 7.0 1.0 7.0 4.0 1.0 4.0 9.0 1.0 9.0 4.0 1.0 4.0 
2 3 0.85 0.85 8.0 1.0 8.0 9.0 3.0 9.0 10.0 4.0 10.0 
2 4 1.05 1.05 8.0 1.0 8.0 9.0 3.0 9.0 10.0 4.0 10.0 5.0 1.0 5.0 
2 5 1.39 1.39 8.0 1.0 8.0 9.0 3.0 9.0 10.0 4.0 10.0 5.0 1.0 5.0 3.0 1.0 3.0 
2 6 1.53 1.53 8.0 1.0 8.0 9.0 3.0 9.0 10.0 4.0 10.0 5.0 1.0 5.0 3.0 1.0 3.0 7.0 1.0 7.0 
2 7 1.73 1.73 8.0 1.0 8.0 9.0 3.0 9.0 10.0 4.0 10.0 5.0 1.0 5.0 3.0 1.0 3.0 7.0 1.0 7.0 10.0 2.0 10.0 
2 8 1.95 1.95 8.0 1.0 8.0 9.0 3.0 9.0 10.0 4.0 10.0 5.0 1.0 5.0 3.0 1.0 3.0 7.0 1.0 7.0 10.0 2.0 10.0 9.0 2.0 9.0 
2 3 1.1 1.1 8.0 4.0 8.0 2.0 1.0 2.0 10.0 1.0 10.0 
2 4 1.2 1.2 8.0 4.0 8.0 2.0 1.0 2.0 10.0 1.0 10.0 10.0 1.0 10.0 
2 5 1.34 1.34 8.0 4.0 8.0 2.0 1.0 2.0 10.0 1.0 10.0 10.0 1.0 10.0 7.0 1.0 7.0 
2 6 1.67 1.67 8.0 4.0 8.0 2.0 1.0 2.0 10.0 1.0 10.0 10.0 1.0 10.0 7.0 1.0 7.0 3.0 1.0 3.0 
2 7 1.77 1.77 8.0 4.0 8.0 2.0 1.0 2.0 10.0 1.0 10.0 10.0 1.0 10.0 7.0 1.0 7.0 3.0 1.0 3.0 10.0 1.0 10.0 
2 8 1.91 1.91 8.0 4.0 8.0 2.0 1.0 2.0 10.0 1.0 10.0 10.0 1.0 10.0 7.0 1.0 7.0 3.0 1.0 3.0 10.0 1.0 10.0 7.0 1.0 7.0 
2 3 0.35 0.35 9.0 1.0 9.0 7.0 1.0 7.0 10.0 1.0 10.0 
2 4 0.47 0.47 9.0 1.0 9.0 7.0 1.0 7.0 10.0 1.0 10.0 8.0 1.0 8.0 
2 5 0.57 0.57 9.0 1.0 9.0 7.0 1.0 7.0 10.0 1.0 10.0 8.0 1.0 8.0 10.0 1.0 10.0 
2 6 1.07 1.07 9.0 1.0 9.0 7.0 1.0 7.0 10.0 1.0 10.0 8.0 1.0 8.0 10.0 1.0 10.0 2.0 1.0 2.0 
2 7 1.57 1.57 9.0 1.0 9.0 7.0 1.0 7.0 10.0 1.0 10.0 8.0 1.0 8.0 10.0 1.0 10.0 2.0 1.0 2.0 2.0 1.0 2.0 
2 8 1.7 1.7 9.0 1.0 9.0 7.0 1.0 7.0 10.0 1.0 10.0 8.0 1.0 8.0 10.0 1.0 10.0 2.0 1.0 2.0 2.0 1.0 2.0 8.0 1.0 8.0 
2 3 1.11 1.11 2.0 1.0 2.0 9.0 1.0 9.0 2.0 1.0 2.0 
2 4 1.25 1.25 2.0 1.0 2.0 9.0 1.0 9.0 2.0 1.0 2.0 7.0 1.0 7.0 
2 5 1.35 1.35 2.0 1.0 2.0 9.0 1.0 9.0 2.0 1.0 2.0 7.0 1.0 7.0 10.0 1.0 10.0 
2 6 1.68 1.68 2.0 1.0 2.0 9.0 1.0 9.0 2.0 1.0 2.0 7.0 1.0 7.0 10.0 1.0 10.0 3.0 1.0 3.0 
2 7 1.81 1.81 2.0 1.0 2.0 9.0 1.0 9.0 2.0 1.0 2.0 7.0 1.0 7.0 10.0 1.0 10.0 3.0 1.0 3.0 8.0 1.0 8.0 
2 3 0.49 0.49 5.0 1.0 5.0 8.0 1.0 8.0 6.0 1.0 6.0 
2 4 0.59 0.59 5.0 1.0 5.0 8.0 1.0 8.0 6.0 1.0 6.0 10.0 1.0 10.0 
2 5 0.73 0.73 5.0 1.0 5.0 8.0 1.0 8.0 6.0 1.0 6.0 10.0 1.0 10.0 7.0 1.0 7.0 
2 6 0.87 0.87 5.0 1.0 5.0 8.0 1.0 8.0 6.0 1.0 6.0 10.0 1.0 10.0 7.0 1.0 7.0 7.0 1.0 7.0 
2 7 1.0 1.0 5.0 1.0 5.0 8.0 1.0 8.0 6.0 1.0 6.0 10.0 1.0 10.0 7.0 1.0 7.0 7.0 1.0 7.0 8.0 1.0 8.0 
2 8 1.14 1.14 5.0 1.0 5.0 8.0 1.0 8.0 6.0 1.0 6.0 10.0 1.0 10.0 7.0 1.0 7.0 7.0 1.0 7.0 8.0 1.0 8.0 7.0 1.0 7.0 
2 9 1.64 1.64 5.0 1.0 5.0 8.0 1.0 8.0 6.0 1.0 6.0 10.0 1.0 10.0 7.0 1.0 7.0 7.0 1.0 7.0 8.0 1.0 8.0 7.0 1.0 7.0 2.0 1.0 2.0 
2 10 1.97 1.97 5.0 1.0 5.0 8.0 1.0 8.0 6.0 1.0 6.0 10.0 1.0 10.0 7.0 1.0 7.0 7.0 1.0 7.0 8.0 1.0 8.0 7.0 1.0 7.0 2.0 1.0 2.0 3.0 1.0 3.0 
2 3 0.52 0.52 6.0 1.0 6.0 4.0 1.0 4.0 9.0 1.0 9.0 
2 4 0.92 0.92 6.0 1.0 6.0 4.0 1.0 4.0 9.0 1.0 9.0 5.0 2.0 5.0 
2 5 1.17 1.17 6.0 1.0 6.0 4.0 1.0 4.0 9.0 1.0 9.0 5.0 2.0 5.0 4.0 1.0 4.0 
2 6 1.3 1.3 6.0 1.0 6.0 4.0 1.0 4.0 9.0 1.0 9.0 5.0 2.0 5.0 4.0 1.0 4.0 8.0 1.0 8.0 
2 7 1.41 1.41 6.0 1.0 6.0 4.0 1.0 4.0 9.0 1.0 9.0 5.0 2.0 5.0 4.0 1.0 4.0 8.0 1.0 8.0 9.0 1.0 9.0 
2 8 1.66 1.66 6.0 1.0 6.0 4.0 1.0 4.0 9.0 1.0 9.0 5.0 2.0 5.0 4.0 1.0 4.0 8.0 1.0 8.0 9.0 1.0 9.0 4.0 1.0 4.0 
2 9 1.99 1.99 6.0 1.0 6.0 4.0 1.0 4.0 9.0 1.0 9.0 5.0 2.0 5.0 4.0 1.0 4.0 8.0 1.0 8.0 9.0 1.0 9.0 4.0 1.0 4.0 3.0 1.0 3.0 
2 3 1.16 1.16 3.0 1.0 3.0 2.0 1.0 2.0 3.0 1.0 3.0 
2 4 1.27 1.27 3.0 1.0 3.0 2.0 1.0 2.0 3.0 1.0 3.0 9.0 1.0 9.0 
2 5 1.38 1.38 3.0 1.0 3.0 2.0 1.0 2.0 3.0 1.0 3.0 9.0 1.0 9.0 9.0 1.0 9.0 
2 6 1.72 1.72 3.0 1.0 3.0 2.0 1.0 2.0 3.0 1.0 3.0 9.0 1.0 9.0 9.0 1.0 9.0 3.0 1.0 3.0 
2 3 0.68 0.68 8.0 1.0 8.0 9.0 2.0 9.0 3.0 1.0 3.0 
2 4 0.79 0.79 8.0 1.0 8.0 9.0 2.0 9.0 3.0 1.0 3.0 9.0 1.0 9.0 
2 5 0.9 0.9 8.0 1.0 8.0 9.0 2.0 9.0 3.0 1.0 3.0 9.0 1.0 9.0 9.0 1.0 9.0 
2 6 1.23 1.23 8.0 1.0 8.0 9.0 2.0 9.0 3.0 1.0 3.0 9.0 1.0 9.0 9.0 1.0 9.0 3.0 1.0 3.0 
2 7 1.36 1.36 8.0 1.0 8.0 9.0 2.0 9.0 3.0 1.0 3.0 9.0 1.0 9.0 9.0 1.0 9.0 3.0 1.0 3.0 8.0 1.0 8.0 
2 8 1.86 1.86 8.0 1.0 8.0 9.0 2.0 9.0 3.0 1.0 3.0 9.0 1.0 9.0 9.0 1.0 9.0 3.0 1.0 3.0 8.0 1.0 8.0 2.0 1.0 2.0 
2 3 0.65 0.65 5.0 1.0 5.0 8.0 1.0 8.0 3.0 1.0 3.0 
2 4 0.85 0.85 5.0 1.0 5.0 8.0 1.0 8.0 3.0 1.0 3.0 5.0 1.0 5.0 
2 5 0.95 0.95 5.0 1.0 5.0 8.0 1.0 8.0 3.0 1.0 3.0 5.0 1.0 5.0 10.0 1.0 10.0 
2 6 1.06 1.06 5.0 1.0 5.0 8.0 1.0 8.0 3.0 1.0 3.0 5.0 1.0 5.0 10.0 1.0 10.0 9.0 1.0 9.0 
2 7 1.23 1.23 5.0 1.0 5.0 8.0 1.0 8.0 3.0 1.0 3.0 5.0 1.0 5.0 10.0 1.0 10.0 9.0 1.0 9.0 6.0 1.0 6.0 
2 8 1.48 1.48 5.0 1.0 5.0 8.0 1.0 8.0 3.0 1.0 3.0 5.0 1.0 5.0 10.0 1.0 10.0 9.0 1.0 9.0 6.0 1.0 6.0 4.0 1.0 4.0 
2 9 1.88 1.88 5.0 1.0 5.0 8.0 1.0 8.0 3.0 1.0 3.0 5.0 1.0 5.0 10.0 1.0 10.0 9.0 1.0 9.0 6.0 1.0 6.0 4.0 1.0 4.0 5.0 2.0 5.0 
2 3 0.35 0.35 9.0 1.0 9.0 7.0 1.0 7.0 10.0 1.0 10.0 
2 4 0.68 0.68 9.0 1.0 9.0 7.0 1.0 7.0 10.0 1.0 10.0 3.0 1.0 3.0 
2 5 0.81 0.81 9.0 1.0 9.0 7.0 1.0 7.0 10.0 1.0 10.0 3.0 1.0 3.0 8.0 1.0 8.0 
2 6 1.31 1.31 9.0 1.0 9.0 7.0 1.0 7.0 10.0 1.0 10.0 3.0 1.0 3.0 8.0 1.0 8.0 2.0 1.0 2.0 
2 7 1.81 1.81 9.0 1.0 9.0 7.0 1.0 7.0 10.0 1.0 10.0 3.0 1.0 3.0 8.0 1.0 8.0 2.0 1.0 2.0 2.0 1.0 2.0 
2 8 1.93 1.93 9.0 1.0 9.0 7.0 1.0 7.0 10.0 1.0 10.0 3.0 1.0 3.0 8.0 1.0 8.0 2.0 1.0 2.0 2.0 1.0 2.0 8.0 1.0 8.0 
2 3 0.63 0.63 10.0 1.0 10.0 5.0 1.0 5.0 3.0 1.0 3.0 
2 4 0.73 0.73 10.0 1.0 10.0 5.0 1.0 5.0 3.0 1.0 3.0 10.0 1.0 10.0 
2 5 1.23 1.23 10.0 1.0 10.0 5.0 1.0 5.0 3.0 1.0 3.0 10.0 1.0 10.0 2.0 1.0 2.0 
2 6 1.34 1.34 10.0 1.0 10.0 5.0 1.0 5.0 3.0 1.0 3.0 10.0 1.0 10.0 2.0 1.0 2.0 9.0 1.0 9.0 
2 7 1.54 1.54 10.0 1.0 10.0 5.0 1.0 5.0 3.0 1.0 3.0 10.0 1.0 10.0 2.0 1.0 2.0 9.0 1.0 9.0 5.0 1.0 5.0 
2 3 0.61 0.61 5.0 1.0 5.0 6.0 1.0 6.0 4.0 1.0 4.0 
2 4 0.95 0.95 5.0 1.0 5.0 6.0 1.0 6.0 4.0 1.0 4.0 3.0 1.0 3.0 
2 5 1.09 1.09 5.0 1.0 5.0 6.0 1.0 6.0 4.0 1.0 4.0 3.0 1.0 3.0 7.0 1.0 7.0 
2 6 1.29 1.29 5.0 1.0 5.0 6.0 1.0 6.0 4.0 1.0 4.0 3.0 1.0 3.0 7.0 1.0 7.0 5.0 1.0 5.0 
2 7 1.41 1.41 5.0 1.0 5.0 6.0 1.0 6.0 4.0 1.0 4.0 3.0 1.0 3.0 7.0 1.0 7.0 5.0 1.0 5.0 8.0 1.0 8.0 
2 8 1.91 1.91 5.0 1.0 5.0 6.0 1.0 6.0 4.0 1.0 4.0 3.0 1.0 3.0 7.0 1.0 7.0 5.0 1.0 5.0 8.0 1.0 8.0 2.0 1.0 2.0 
2 3 1.16 1.16 3.0 1.0 3.0 2.0 1.0 2.0 9.0 3.0 9.0 
2 4 1.66 1.66 3.0 1.0 3.0 2.0 1.0 2.0 9.0 3.0 9.0 4.0 2.0 4.0 
2 5 1.79 1.79 3.0 1.0 3.0 2.0 1.0 2.0 9.0 3.0 9.0 4.0 2.0 4.0 8.0 1.0 8.0 
2 6 1.9 1.9 3.0 1.0 3.0 2.0 1.0 2.0 9.0 3.0 9.0 4.0 2.0 4.0 8.0 1.0 8.0 9.0 1.0 9.0 
2 3 0.58 0.58 9.0 1.0 9.0 7.0 1.0 7.0 3.0 1.0 3.0 
2 4 0.71 0.71 9.0 1.0 9.0 7.0 1.0 7.0 3.0 1.0 3.0 8.0 1.0 8.0 
2 5 0.96 0.96 9.0 1.0 9.0 7.0 1.0 7.0 3.0 1.0 3.0 8.0 1.0 8.0 4.0 1.0 4.0 
2 6 1.16 1.16 9.0 1.0 9.0 7.0 1.0 7.0 3.0 1.0 3.0 8.0 1.0 8.0 4.0 1.0 4.0 5.0 1.0 5.0 
2 7 1.3 1.3 9.0 1.0 9.0 7.0 1.0 7.0 3.0 1.0 3.0 8.0 1.0 8.0 4.0 1.0 4.0 5.0 1.0 5.0 7.0 1.0 7.0 
2 8 1.5 1.5 9.0 1.0 9.0 7.0 1.0 7.0 3.0 1.0 3.0 8.0 1.0 8.0 4.0 1.0 4.0 5.0 1.0 5.0 7.0 1.0 7.0 5.0 1.0 5.0 
2 9 1.61 1.61 9.0 1.0 9.0 7.0 1.0 7.0 3.0 1.0 3.0 8.0 1.0 8.0 4.0 1.0 4.0 5.0 1.0 5.0 7.0 1.0 7.0 5.0 1.0 5.0 9.0 1.0 9.0 
2 10 1.78 1.78 9.0 1.0 9.0 7.0 1.0 7.0 3.0 1.0 3.0 8.0 1.0 8.0 4.0 1.0 4.0 5.0 1.0 5.0 7.0 1.0 7.0 5.0 1.0 5.0 9.0 1.0 9.0 6.0 1.0 6.0 
2 3 0.86 0.86 5.0 1.0 5.0 3.0 1.0 3.0 3.0 1.0 3.0 
2 4 1.36 1.36 5.0 1.0 5.0 3.0 1.0 3.0 3.0 1.0 3.0 4.0 2.0 4.0 
2 5 1.86 1.86 5.0 1.0 5.0 3.0 1.0 3.0 3.0 1.0 3.0 4.0 2.0 4.0 2.0 1.0 2.0 
2 6 1.97 1.97 5.0 1.0 5.0 3.0 1.0 3.0 3.0 1.0 3.0 4.0 2.0 4.0 2.0 1.0 2.0 9.0 1.0 9.0 
2 3 0.89 0.89 7.0 1.0 7.0 8.0 2.0 8.0 6.0 3.0 6.0 
2 4 1.01 1.01 7.0 1.0 7.0 8.0 2.0 8.0 6.0 3.0 6.0 8.0 1.0 8.0 
2 5 1.35 1.35 7.0 1.0 7.0 8.0 2.0 8.0 6.0 3.0 6.0 8.0 1.0 8.0 3.0 1.0 3.0 
2 6 1.49 1.49 7.0 1.0 7.0 8.0 2.0 8.0 6.0 3.0 6.0 8.0 1.0 8.0 3.0 1.0 3.0 7.0 1.0 7.0 
2 7 1.82 1.82 7.0 1.0 7.0 8.0 2.0 8.0 6.0 3.0 6.0 8.0 1.0 8.0 3.0 1.0 3.0 7.0 1.0 7.0 3.0 1.0 3.0 
2 8 1.92 1.92 7.0 1.0 7.0 8.0 2.0 8.0 6.0 3.0 6.0 8.0 1.0 8.0 3.0 1.0 3.0 7.0 1.0 7.0 3.0 1.0 3.0 10.0 1.0 10.0 
2 3 0.59 0.59 7.0 1.0 7.0 4.0 1.0 4.0 5.0 1.0 5.0 
2 4 0.75 0.75 7.0 1.0 7.0 4.0 1.0 4.0 5.0 1.0 5.0 6.0 1.0 6.0 
2 5 0.95 0.95 7.0 1.0 7.0 4.0 1.0 4.0 5.0 1.0 5.0 6.0 1.0 6.0 10.0 2.0 10.0 
2 6 1.05 1.05 7.0 1.0 7.0 4.0 1.0 4.0 5.0 1.0 5.0 6.0 1.0 6.0 10.0 2.0 10.0 10.0 1.0 10.0 
2 7 1.15 1.15 7.0 1.0 7.0 4.0 1.0 4.0 5.0 1.0 5.0 6.0 1.0 6.0 10.0 2.0 10.0 10.0 1.0 10.0 10.0 1.0 10.0 
2 8 1.65 1.65 7.0 1.0 7.0 4.0 1.0 4.0 5.0 1.0 5.0 6.0 1.0 6.0 10.0 2.0 10.0 10.0 1.0 10.0 10.0 1.0 10.0 2.0 1.0 2.0 
2 9 1.82 1.82 7.0 1.0 7.0 4.0 1.0 4.0 5.0 1.0 5.0 6.0 1.0 6.0 10.0 2.0 10.0 10.0 1.0 10.0 10.0 1.0 10.0 2.0 1.0 2.0 6.0 1.0 6.0 
2 3 0.58 0.58 7.0 1.0 7.0 7.0 1.0 7.0 10.0 3.0 10.0 
2 4 0.75 0.75 7.0 1.0 7.0 7.0 1.0 7.0 10.0 3.0 10.0 6.0 1.0 6.0 
2 5 0.87 0.87 7.0 1.0 7.0 7.0 1.0 7.0 10.0 3.0 10.0 6.0 1.0 6.0 8.0 1.0 8.0 
2 6 1.27 1.27 7.0 1.0 7.0 7.0 1.0 7.0 10.0 3.0 10.0 6.0 1.0 6.0 8.0 1.0 8.0 10.0 4.0 10.0 
2 7 1.52 1.52 7.0 1.0 7.0 7.0 1.0 7.0 10.0 3.0 10.0 6.0 1.0 6.0 8.0 1.0 8.0 10.0 4.0 10.0 4.0 1.0 4.0 
2 8 1.77 1.77 7.0 1.0 7.0 7.0 1.0 7.0 10.0 3.0 10.0 6.0 1.0 6.0 8.0 1.0 8.0 10.0 4.0 10.0 4.0 1.0 4.0 4.0 1.0 4.0 
2 3 0.48 0.48 9.0 1.0 9.0 8.0 1.0 8.0 4.0 1.0 4.0 
2 4 0.65 0.65 9.0 1.0 9.0 8.0 1.0 8.0 4.0 1.0 4.0 6.0 1.0 6.0 
2 5 0.81 0.81 9.0 1.0 9.0 8.0 1.0 8.0 4.0 1.0 4.0 6.0 1.0 6.0 6.0 1.0 6.0 
2 6 0.98 0.98 9.0 1.0 9.0 8.0 1.0 8.0 4.0 1.0 4.0 6.0 1.0 6.0 6.0 1.0 6.0 6.0 1.0 6.0 
2 7 1.31 1.31 9.0 1.0 9.0 8.0 1.0 8.0 4.0 1.0 4.0 6.0 1.0 6.0 6.0 1.0 6.0 6.0 1.0 6.0 3.0 1.0 3.0 
2 8 1.6 1.6 9.0 1.0 9.0 8.0 1.0 8.0 4.0 1.0 4.0 6.0 1.0 6.0 6.0 1.0 6.0 6.0 1.0 6.0 3.0 1.0 3.0 7.0 2.0 7.0 
2 9 1.8 1.8 9.0 1.0 9.0 8.0 1.0 8.0 4.0 1.0 4.0 6.0 1.0 6.0 6.0 1.0 6.0 6.0 1.0 6.0 3.0 1.0 3.0 7.0 2.0 7.0 5.0 1.0 5.0 
2 3 1.1 1.1 3.0 1.0 3.0 5.0 2.0 5.0 8.0 3.0 8.0 
2 4 1.3 1.3 3.0 1.0 3.0 5.0 2.0 5.0 8.0 3.0 8.0 10.0 2.0 10.0 
2 5 1.8 1.8 3.0 1.0 3.0 5.0 2.0 5.0 8.0 3.0 8.0 10.0 2.0 10.0 2.0 1.0 2.0 
2 3 0.71 0.71 10.0 1.0 10.0 9.0 1.0 9.0 2.0 1.0 2.0 
2 4 0.96 0.96 10.0 1.0 10.0 9.0 1.0 9.0 2.0 1.0 2.0 4.0 1.0 4.0 
2 5 1.16 1.16 10.0 1.0 10.0 9.0 1.0 9.0 2.0 1.0 2.0 4.0 1.0 4.0 5.0 1.0 5.0 
2 6 1.66 1.66 10.0 1.0 10.0 9.0 1.0 9.0 2.0 1.0 2.0 4.0 1.0 4.0 5.0 1.0 5.0 2.0 1.0 2.0 
2 7 1.91 1.91 10.0 1.0 10.0 9.0 1.0 9.0 2.0 1.0 2.0 4.0 1.0 4.0 5.0 1.0 5.0 2.0 1.0 2.0 8.0 2.0 8.0 
2 3 0.88 0.88 9.0 2.0 9.0 2.0 1.0 2.0 6.0 1.0 6.0 
2 4 1.01 1.01 9.0 2.0 9.0 2.0 1.0 2.0 6.0 1.0 6.0 8.0 1.0 8.0 
2 5 1.26 1.26 9.0 2.0 9.0 2.0 1.0 2.0 6.0 1.0 6.0 8.0 1.0 8.0 4.0 1.0 4.0 
2 6 1.59 1.59 9.0 2.0 9.0 2.0 1.0 2.0 6.0 1.0 6.0 8.0 1.0 8.0 4.0 1.0 4.0 3.0 1.0 3.0 
2 7 1.79 1.79 9.0 2.0 9.0 2.0 1.0 2.0 6.0 1.0 6.0 8.0 1.0 8.0 4.0 1.0 4.0 3.0 1.0 3.0 10.0 2.0 10.0 
2 8 1.96 1.96 9.0 2.0 9.0 2.0 1.0 2.0 6.0 1.0 6.0 8.0 1.0 8.0 4.0 1.0 4.0 3.0 1.0 3.0 10.0 2.0 10.0 6.0 1.0 6.0 
2 3 0.6 0.6 3.0 1.0 3.0 7.0 1.0 7.0 8.0 1.0 8.0 
2 4 1.1 1.1 3.0 1.0 3.0 7.0 1.0 7.0 8.0 1.0 8.0 2.0 1.0 2.0 
2 5 1.38 1.38 3.0 1.0 3.0 7.0 1.0 7.0 8.0 1.0 8.0 2.0 1.0 2.0 7.0 2.0 7.0 
2 6 1.52 1.52 3.0 1.0 3.0 7.0 1.0 7.0 8.0 1.0 8.0 2.0 1.0 2.0 7.0 2.0 7.0 7.0 1.0 7.0 
2 7 1.86 1.86 3.0 1.0 3.0 7.0 1.0 7.0 8.0 1.0 8.0 2.0 1.0 2.0 7.0 2.0 7.0 7.0 1.0 7.0 3.0 1.0 3.0 
2 3 0.7 0.7 8.0 2.0 8.0 5.0 1.0 5.0 4.0 1.0 4.0 
2 4 0.82 0.82 8.0 2.0 8.0 5.0 1.0 5.0 4.0 1.0 4.0 8.0 1.0 8.0 
2 5 1.07 1.07 8.0 2.0 8.0 5.0 1.0 5.0 4.0 1.0 4.0 8.0 1.0 8.0 8.0 2.0 8.0 
2 6 1.57 1.57 8.0 2.0 8.0 5.0 1.0 5.0 4.0 1.0 4.0 8.0 1.0 8.0 8.0 2.0 8.0 2.0 1.0 2.0 
2 7 1.7 1.7 8.0 2.0 8.0 5.0 1.0 5.0 4.0 1.0 4.0 8.0 1.0 8.0 8.0 2.0 8.0 2.0 1.0 2.0 8.0 1.0 8.0 
2 8 1.86 1.86 8.0 2.0 8.0 5.0 1.0 5.0 4.0 1.0 4.0 8.0 1.0 8.0 8.0 2.0 8.0 2.0 1.0 2.0 8.0 1.0 8.0 6.0 1.0 6.0 
2 3 0.58 0.58 9.0 2.0 9.0 6.0 1.0 6.0 5.0 1.0 5.0 
2 4 0.81 0.81 9.0 2.0 9.0 6.0 1.0 6.0 5.0 1.0 5.0 9.0 2.0 9.0 
2 5 1.23 1.23 9.0 2.0 9.0 6.0 1.0 6.0 5.0 1.0 5.0 9.0 2.0 9.0 7.0 3.0 7.0 
2 6 1.43 1.43 9.0 2.0 9.0 6.0 1.0 6.0 5.0 1.0 5.0 9.0 2.0 9.0 7.0 3.0 7.0 5.0 1.0 5.0 
2 7 1.55 1.55 9.0 2.0 9.0 6.0 1.0 6.0 5.0 1.0 5.0 9.0 2.0 9.0 7.0 3.0 7.0 5.0 1.0 5.0 9.0 1.0 9.0 
2 8 1.65 1.65 9.0 2.0 9.0 6.0 1.0 6.0 5.0 1.0 5.0 9.0 2.0 9.0 7.0 3.0 7.0 5.0 1.0 5.0 9.0 1.0 9.0 10.0 1.0 10.0 
2 9 1.77 1.77 9.0 2.0 9.0 6.0 1.0 6.0 5.0 1.0 5.0 9.0 2.0 9.0 7.0 3.0 7.0 5.0 1.0 5.0 9.0 1.0 9.0 10.0 1.0 10.0 8.0 1.0 8.0 
2 3 1.44 1.44 2.0 1.0 2.0 9.0 4.0 9.0 2.0 1.0 2.0 
2 4 1.94 1.94 2.0 1.0 2.0 9.0 4.0 9.0 2.0 1.0 2.0 2.0 1.0 2.0 
2 3 0.76 0.76 7.0 1.0 7.0 2.0 1.0 2.0 8.0 1.0 8.0 
2 4 0.89 0.89 7.0 1.0 7.0 2.0 1.0 2.0 8.0 1.0 8.0 8.0 1.0 8.0 
2 5 1.03 1.03 7.0 1.0 7.0 2.0 1.0 2.0 8.0 1.0 8.0 8.0 1.0 8.0 7.0 1.0 7.0 
2 6 1.36 1.36 7.0 1.0 7.0 2.0 1.0 2.0 8.0 1.0 8.0 8.0 1.0 8.0 7.0 1.0 7.0 3.0 1.0 3.0 
2 7 1.7 1.7 7.0 1.0 7.0 2.0 1.0 2.0 8.0 1.0 8.0 8.0 1.0 8.0 7.0 1.0 7.0 3.0 1.0 3.0 3.0 1.0 3.0 
2 3 0.72 0.72 3.0 1.0 3.0 4.0 1.0 4.0 7.0 1.0 7.0 
2 4 0.86 0.86 3.0 1.0 3.0 4.0 1.0 4.0 7.0 1.0 7.0 7.0 1.0 7.0 
2 5 1.03 1.03 3.0 1.0 3.0 4.0 1.0 4.0 7.0 1.0 7.0 7.0 1.0 7.0 6.0 1.0 6.0 
2 6 1.23 1.23 3.0 1.0 3.0 4.0 1.0 4.0 7.0 1.0 7.0 7.0 1.0 7.0 6.0 1.0 6.0 5.0 1.0 5.0 
2 7 1.73 1.73 3.0 1.0 3.0 4.0 1.0 4.0 7.0 1.0 7.0 7.0 1.0 7.0 6.0 1.0 6.0 5.0 1.0 5.0 2.0 1.0 2.0 
2 8 1.98 1.98 3.0 1.0 3.0 4.0 1.0 4.0 7.0 1.0 7.0 7.0 1.0 7.0 6.0 1.0 6.0 5.0 1.0 5.0 2.0 1.0 2.0 8.0 2.0 8.0 
2 3 0.47 0.47 9.0 1.0 9.0 7.0 1.0 7.0 9.0 2.0 9.0 
2 4 0.72 0.72 9.0 1.0 9.0 7.0 1.0 7.0 9.0 2.0 9.0 4.0 1.0 4.0 
2 5 1.05 1.05 9.0 1.0 9.0 7.0 1.0 7.0 9.0 2.0 9.0 4.0 1.0 4.0 3.0 1.0 3.0 
2 6 1.28 1.28 9.0 1.0 9.0 7.0 1.0 7.0 9.0 2.0 9.0 4.0 1.0 4.0 3.0 1.0 3.0 9.0 2.0 9.0 
2 7 1.44 1.44 9.0 1.0 9.0 7.0 1.0 7.0 9.0 2.0 9.0 4.0 1.0 4.0 3.0 1.0 3.0 9.0 2.0 9.0 6.0 1.0 6.0 
2 8 1.57 1.57 9.0 1.0 9.0 7.0 1.0 7.0 9.0 2.0 9.0 4.0 1.0 4.0 3.0 1.0 3.0 9.0 2.0 9.0 6.0 1.0 6.0 8.0 1.0 8.0 
2 9 1.77 1.77 9.0 1.0 9.0 7.0 1.0 7.0 9.0 2.0 9.0 4.0 1.0 4.0 3.0 1.0 3.0 9.0 2.0 9.0 6.0 1.0 6.0 8.0 1.0 8.0 5.0 1.0 5.0 
2 10 1.88 1.88 9.0 1.0 9.0 7.0 1.0 7.0 9.0 2.0 9.0 4.0 1.0 4.0 3.0 1.0 3.0 9.0 2.0 9.0 6.0 1.0 6.0 8.0 1.0 8.0 5.0 1.0 5.0 9.0 1.0 9.0 
2 3 0.45 0.45 6.0 1.0 6.0 7.0 1.0 7.0 7.0 1.0 7.0 
2 4 0.61 0.61 6.0 1.0 6.0 7.0 1.0 7.0 7.0 1.0 7.0 6.0 1.0 6.0 
2 5 0.86 0.86 6.0 1.0 6.0 7.0 1.0 7.0 7.0 1.0 7.0 6.0 1.0 6.0 4.0 1.0 4.0 
2 6 1.2 1.2 6.0 1.0 6.0 7.0 1.0 7.0 7.0 1.0 7.0 6.0 1.0 6.0 4.0 1.0 4.0 3.0 1.0 3.0 
2 7 1.34 1.34 6.0 1.0 6.0 7.0 1.0 7.0 7.0 1.0 7.0 6.0 1.0 6.0 4.0 1.0 4.0 3.0 1.0 3.0 7.0 1.0 7.0 
2 8 1.45 1.45 6.0 1.0 6.0 7.0 1.0 7.0 7.0 1.0 7.0 6.0 1.0 6.0 4.0 1.0 4.0 3.0 1.0 3.0 7.0 1.0 7.0 9.0 1.0 9.0 
2 9 1.78 1.78 6.0 1.0 6.0 7.0 1.0 7.0 7.0 1.0 7.0 6.0 1.0 6.0 4.0 1.0 4.0 3.0 1.0 3.0 7.0 1.0 7.0 9.0 1.0 9.0 3.0 1.0 3.0 
2 3 0.6 0.6 3.0 1.0 3.0 7.0 1.0 7.0 8.0 1.0 8.0 
2 4 1.0 1.0 3.0 1.0 3.0 7.0 1.0 7.0 8.0 1.0 8.0 5.0 2.0 5.0 
2 5 1.28 1.28 3.0 1.0 3.0 7.0 1.0 7.0 8.0 1.0 8.0 5.0 2.0 5.0 7.0 2.0 7.0 
2 6 1.53 1.53 3.0 1.0 3.0 7.0 1.0 7.0 8.0 1.0 8.0 5.0 2.0 5.0 7.0 2.0 7.0 4.0 1.0 4.0 
2 7 1.7 1.7 3.0 1.0 3.0 7.0 1.0 7.0 8.0 1.0 8.0 5.0 2.0 5.0 7.0 2.0 7.0 4.0 1.0 4.0 6.0 1.0 6.0 
2 8 1.82 1.82 3.0 1.0 3.0 7.0 1.0 7.0 8.0 1.0 8.0 5.0 2.0 5.0 7.0 2.0 7.0 4.0 1.0 4.0 6.0 1.0 6.0 8.0 1.0 8.0 
2 3 0.63 0.63 10.0 1.0 10.0 7.0 2.0 7.0 4.0 1.0 4.0 
2 4 0.8 0.8 10.0 1.0 10.0 7.0 2.0 7.0 4.0 1.0 4.0 6.0 1.0 6.0 
2 5 1.08 1.08 10.0 1.0 10.0 7.0 2.0 7.0 4.0 1.0 4.0 6.0 1.0 6.0 7.0 2.0 7.0 
2 6 1.23 1.23 10.0 1.0 10.0 7.0 2.0 7.0 4.0 1.0 4.0 6.0 1.0 6.0 7.0 2.0 7.0 7.0 1.0 7.0 
2 7 1.48 1.48 10.0 1.0 10.0 7.0 2.0 7.0 4.0 1.0 4.0 6.0 1.0 6.0 7.0 2.0 7.0 7.0 1.0 7.0 4.0 1.0 4.0 
2 8 1.81 1.81 10.0 1.0 10.0 7.0 2.0 7.0 4.0 1.0 4.0 6.0 1.0 6.0 7.0 2.0 7.0 7.0 1.0 7.0 4.0 1.0 4.0 3.0 1.0 3.0 
2 9 1.92 1.92 10.0 1.0 10.0 7.0 2.0 7.0 4.0 1.0 4.0 6.0 1.0 6.0 7.0 2.0 7.0 7.0 1.0 7.0 4.0 1.0 4.0 3.0 1.0 3.0 9.0 1.0 9.0 
2 3 0.72 0.72 7.0 1.0 7.0 3.0 1.0 3.0 8.0 2.0 8.0 
2 4 1.22 1.22 7.0 1.0 7.0 3.0 1.0 3.0 8.0 2.0 8.0 2.0 1.0 2.0 
2 5 1.39 1.39 7.0 1.0 7.0 3.0 1.0 3.0 8.0 2.0 8.0 2.0 1.0 2.0 6.0 1.0 6.0 
2 6 1.51 1.51 7.0 1.0 7.0 3.0 1.0 3.0 8.0 2.0 8.0 2.0 1.0 2.0 6.0 1.0 6.0 8.0 1.0 8.0 
2 3 0.87 0.87 2.0 1.0 2.0 4.0 1.0 4.0 8.0 1.0 8.0 
2 4 1.0 1.0 2.0 1.0 2.0 4.0 1.0 4.0 8.0 1.0 8.0 8.0 1.0 8.0 
2 5 2.0 2.0 2.0 1.0 2.0 4.0 1.0 4.0 8.0 1.0 8.0 8.0 1.0 8.0 3.0 3.0 3.0 
2 3 0.43 0.43 9.0 1.0 9.0 8.0 1.0 8.0 5.0 1.0 5.0 
2 4 0.93 0.93 9.0 1.0 9.0 8.0 1.0 8.0 5.0 1.0 5.0 2.0 1.0 2.0 
2 5 1.43 1.43 9.0 1.0 9.0 8.0 1.0 8.0 5.0 1.0 5.0 2.0 1.0 2.0 6.0 3.0 6.0 
2 6 1.68 1.68 9.0 1.0 9.0 8.0 1.0 8.0 5.0 1.0 5.0 2.0 1.0 2.0 6.0 3.0 6.0 4.0 1.0 4.0 
2 3 0.89 0.89 4.0 1.0 4.0 6.0 3.0 6.0 7.0 1.0 7.0 
2 4 1.09 1.09 4.0 1.0 4.0 6.0 3.0 6.0 7.0 1.0 7.0 5.0 1.0 5.0 
2 5 1.34 1.34 4.0 1.0 4.0 6.0 3.0 6.0 7.0 1.0 7.0 5.0 1.0 5.0 8.0 2.0 8.0 
2 6 1.84 1.84 4.0 1.0 4.0 6.0 3.0 6.0 7.0 1.0 7.0 5.0 1.0 5.0 8.0 2.0 8.0 2.0 1.0 2.0 
2 3 0.74 0.74 2.0 1.0 2.0 10.0 1.0 10.0 7.0 1.0 7.0 
2 4 1.07 1.07 2.0 1.0 2.0 10.0 1.0 10.0 7.0 1.0 7.0 3.0 1.0 3.0 
2 5 1.32 1.32 2.0 1.0 2.0 10.0 1.0 10.0 7.0 1.0 7.0 3.0 1.0 3.0 4.0 1.0 4.0 
2 6 1.43 1.43 2.0 1.0 2.0 10.0 1.0 10.0 7.0 1.0 7.0 3.0 1.0 3.0 4.0 1.0 4.0 9.0 1.0 9.0 
2 7 1.53 1.53 2.0 1.0 2.0 10.0 1.0 10.0 7.0 1.0 7.0 3.0 1.0 3.0 4.0 1.0 4.0 9.0 1.0 9.0 10.0 1.0 10.0 
2 8 1.78 1.78 2.0 1.0 2.0 10.0 1.0 10.0 7.0 1.0 7.0 3.0 1.0 3.0 4.0 1.0 4.0 9.0 1.0 9.0 10.0 1.0 10.0 8.0 2.0 8.0 
2 9 1.95 1.95 2.0 1.0 2.0 10.0 1.0 10.0 7.0 1.0 7.0 3.0 1.0 3.0 4.0 1.0 4.0 9.0 1.0 9.0 10.0 1.0 10.0 8.0 2.0 8.0 6.0 1.0 6.0 
2 3 0.72 0.72 7.0 2.0 7.0 10.0 3.0 10.0 7.0 1.0 7.0 
2 4 0.82 0.82 7.0 2.0 7.0 10.0 3.0 10.0 7.0 1.0 7.0 10.0 1.0 10.0 
2 5 1.32 1.32 7.0 2.0 7.0 10.0 3.0 10.0 7.0 1.0 7.0 10.0 1.0 10.0 6.0 3.0 6.0 
2 6 1.66 1.66 7.0 2.0 7.0 10.0 3.0 10.0 7.0 1.0 7.0 10.0 1.0 10.0 6.0 3.0 6.0 3.0 1.0 3.0 
2 7 1.82 1.82 7.0 2.0 7.0 10.0 3.0 10.0 7.0 1.0 7.0 10.0 1.0 10.0 6.0 3.0 6.0 3.0 1.0 3.0 6.0 1.0 6.0 
2 3 0.4 0.4 6.0 1.0 6.0 9.0 1.0 9.0 8.0 1.0 8.0 
2 4 0.65 0.65 6.0 1.0 6.0 9.0 1.0 9.0 8.0 1.0 8.0 4.0 1.0 4.0 
2 5 1.25 1.25 6.0 1.0 6.0 9.0 1.0 9.0 8.0 1.0 8.0 4.0 1.0 4.0 5.0 3.0 5.0 
2 6 1.36 1.36 6.0 1.0 6.0 9.0 1.0 9.0 8.0 1.0 8.0 4.0 1.0 4.0 5.0 3.0 5.0 9.0 1.0 9.0 
2 7 1.5 1.5 6.0 1.0 6.0 9.0 1.0 9.0 8.0 1.0 8.0 4.0 1.0 4.0 5.0 3.0 5.0 9.0 1.0 9.0 7.0 1.0 7.0 
2 8 1.84 1.84 6.0 1.0 6.0 9.0 1.0 9.0 8.0 1.0 8.0 4.0 1.0 4.0 5.0 3.0 5.0 9.0 1.0 9.0 7.0 1.0 7.0 3.0 1.0 3.0 
2 3 0.37 0.37 9.0 1.0 9.0 8.0 1.0 8.0 7.0 1.0 7.0 
2 4 0.62 0.62 9.0 1.0 9.0 8.0 1.0 8.0 7.0 1.0 7.0 4.0 1.0 4.0 
2 5 0.77 0.77 9.0 1.0 9.0 8.0 1.0 8.0 7.0 1.0 7.0 4.0 1.0 4.0 7.0 1.0 7.0 
2 6 0.89 0.89 9.0 1.0 9.0 8.0 1.0 8.0 7.0 1.0 7.0 4.0 1.0 4.0 7.0 1.0 7.0 8.0 1.0 8.0 
2 7 1.23 1.23 9.0 1.0 9.0 8.0 1.0 8.0 7.0 1.0 7.0 4.0 1.0 4.0 7.0 1.0 7.0 8.0 1.0 8.0 3.0 1.0 3.0 
2 8 1.37 1.37 9.0 1.0 9.0 8.0 1.0 8.0 7.0 1.0 7.0 4.0 1.0 4.0 7.0 1.0 7.0 8.0 1.0 8.0 3.0 1.0 3.0 7.0 1.0 7.0 
2 9 1.59 1.59 9.0 1.0 9.0 8.0 1.0 8.0 7.0 1.0 7.0 4.0 1.0 4.0 7.0 1.0 7.0 8.0 1.0 8.0 3.0 1.0 3.0 7.0 1.0 7.0 9.0 2.0 9.0 
2 10 1.89 1.89 9.0 1.0 9.0 8.0 1.0 8.0 7.0 1.0 7.0 4.0 1.0 4.0 7.0 1.0 7.0 8.0 1.0 8.0 3.0 1.0 3.0 7.0 1.0 7.0 9.0 2.0 9.0 10.0 3.0 10.0 
2 3 0.64 0.64 9.0 3.0 9.0 7.0 1.0 7.0 6.0 1.0 6.0 
2 4 0.97 0.97 9.0 3.0 9.0 7.0 1.0 7.0 6.0 1.0 6.0 3.0 1.0 3.0 
2 5 1.08 1.08 9.0 3.0 9.0 7.0 1.0 7.0 6.0 1.0 6.0 3.0 1.0 3.0 9.0 1.0 9.0 
2 6 1.19 1.19 9.0 3.0 9.0 7.0 1.0 7.0 6.0 1.0 6.0 3.0 1.0 3.0 9.0 1.0 9.0 9.0 1.0 9.0 
2 7 1.44 1.44 9.0 3.0 9.0 7.0 1.0 7.0 6.0 1.0 6.0 3.0 1.0 3.0 9.0 1.0 9.0 9.0 1.0 9.0 4.0 1.0 4.0 
2 8 1.84 1.84 9.0 3.0 9.0 7.0 1.0 7.0 6.0 1.0 6.0 3.0 1.0 3.0 9.0 1.0 9.0 9.0 1.0 9.0 4.0 1.0 4.0 5.0 2.0 5.0 
2 9 1.97 1.97 9.0 3.0 9.0 7.0 1.0 7.0 6.0 1.0 6.0 3.0 1.0 3.0 9.0 1.0 9.0 9.0 1.0 9.0 4.0 1.0 4.0 5.0 2.0 5.0 8.0 1.0 8.0 
2 3 0.84 0.84 9.0 2.0 9.0 2.0 1.0 2.0 8.0 1.0 8.0 
2 4 0.99 0.99 9.0 2.0 9.0 2.0 1.0 2.0 8.0 1.0 8.0 7.0 1.0 7.0 
2 5 1.19 1.19 9.0 2.0 9.0 2.0 1.0 2.0 8.0 1.0 8.0 7.0 1.0 7.0 10.0 2.0 10.0 
2 6 1.69 1.69 9.0 2.0 9.0 2.0 1.0 2.0 8.0 1.0 8.0 7.0 1.0 7.0 10.0 2.0 10.0 2.0 1.0 2.0 
2 7 1.79 1.79 9.0 2.0 9.0 2.0 1.0 2.0 8.0 1.0 8.0 7.0 1.0 7.0 10.0 2.0 10.0 2.0 1.0 2.0 10.0 1.0 10.0 
2 8 1.9 1.9 9.0 2.0 9.0 2.0 1.0 2.0 8.0 1.0 8.0 7.0 1.0 7.0 10.0 2.0 10.0 2.0 1.0 2.0 10.0 1.0 10.0 9.0 1.0 9.0 
2 3 0.91 0.91 10.0 3.0 10.0 2.0 1.0 2.0 9.0 1.0 9.0 
2 4 1.24 1.24 10.0 3.0 10.0 2.0 1.0 2.0 9.0 1.0 9.0 3.0 1.0 3.0 
2 5 1.36 1.36 10.0 3.0 10.0 2.0 1.0 2.0 9.0 1.0 9.0 3.0 1.0 3.0 8.0 1.0 8.0 
2 6 1.56 1.56 10.0 3.0 10.0 2.0 1.0 2.0 9.0 1.0 9.0 3.0 1.0 3.0 8.0 1.0 8.0 5.0 1.0 5.0 
2 3 0.57 0.57 9.0 1.0 9.0 10.0 3.0 10.0 6.0 1.0 6.0 
2 4 0.87 0.87 9.0 1.0 9.0 10.0 3.0 10.0 6.0 1.0 6.0 10.0 3.0 10.0 
2 5 0.97 0.97 9.0 1.0 9.0 10.0 3.0 10.0 6.0 1.0 6.0 10.0 3.0 10.0 10.0 1.0 10.0 
2 6 1.14 1.14 9.0 1.0 9.0 10.0 3.0 10.0 6.0 1.0 6.0 10.0 3.0 10.0 10.0 1.0 10.0 6.0 1.0 6.0 
2 7 1.39 1.39 9.0 1.0 9.0 10.0 3.0 10.0 6.0 1.0 6.0 10.0 3.0 10.0 10.0 1.0 10.0 6.0 1.0 6.0 8.0 2.0 8.0 
2 8 1.51 1.51 9.0 1.0 9.0 10.0 3.0 10.0 6.0 1.0 6.0 10.0 3.0 10.0 10.0 1.0 10.0 6.0 1.0 6.0 8.0 2.0 8.0 8.0 1.0 8.0 
2 3 0.71 0.71 3.0 1.0 3.0 10.0 1.0 10.0 7.0 2.0 7.0 
2 4 0.91 0.91 3.0 1.0 3.0 10.0 1.0 10.0 7.0 2.0 7.0 5.0 1.0 5.0 
2 5 1.41 1.41 3.0 1.0 3.0 10.0 1.0 10.0 7.0 2.0 7.0 5.0 1.0 5.0 2.0 1.0 2.0 
2 6 1.71 1.71 3.0 1.0 3.0 10.0 1.0 10.0 7.0 2.0 7.0 5.0 1.0 5.0 2.0 1.0 2.0 10.0 3.0 10.0 
2 3 0.68 0.68 10.0 1.0 10.0 3.0 1.0 3.0 4.0 1.0 4.0 
2 4 0.88 0.88 10.0 1.0 10.0 3.0 1.0 3.0 4.0 1.0 4.0 10.0 2.0 10.0 
2 5 1.05 1.05 10.0 1.0 10.0 3.0 1.0 3.0 4.0 1.0 4.0 10.0 2.0 10.0 6.0 1.0 6.0 
2 6 1.17 1.17 10.0 1.0 10.0 3.0 1.0 3.0 4.0 1.0 4.0 10.0 2.0 10.0 6.0 1.0 6.0 8.0 1.0 8.0 
2 7 1.27 1.27 10.0 1.0 10.0 3.0 1.0 3.0 4.0 1.0 4.0 10.0 2.0 10.0 6.0 1.0 6.0 8.0 1.0 8.0 10.0 1.0 10.0 
2 8 1.44 1.44 10.0 1.0 10.0 3.0 1.0 3.0 4.0 1.0 4.0 10.0 2.0 10.0 6.0 1.0 6.0 8.0 1.0 8.0 10.0 1.0 10.0 6.0 1.0 6.0 
2 9 1.69 1.69 10.0 1.0 10.0 3.0 1.0 3.0 4.0 1.0 4.0 10.0 2.0 10.0 6.0 1.0 6.0 8.0 1.0 8.0 10.0 1.0 10.0 6.0 1.0 6.0 4.0 1.0 4.0 
2 10 1.8 1.8 10.0 1.0 10.0 3.0 1.0 3.0 4.0 1.0 4.0 10.0 2.0 10.0 6.0 1.0 6.0 8.0 1.0 8.0 10.0 1.0 10.0 6.0 1.0 6.0 4.0 1.0 4.0 9.0 1.0 9.0 
2 3 0.43 0.43 10.0 2.0 10.0 9.0 1.0 9.0 8.0 1.0 8.0 
2 4 0.93 0.93 10.0 2.0 10.0 9.0 1.0 9.0 8.0 1.0 8.0 2.0 1.0 2.0 
2 5 1.18 1.18 10.0 2.0 10.0 9.0 1.0 9.0 8.0 1.0 8.0 2.0 1.0 2.0 4.0 1.0 4.0 
2 6 1.31 1.31 10.0 2.0 10.0 9.0 1.0 9.0 8.0 1.0 8.0 2.0 1.0 2.0 4.0 1.0 4.0 8.0 1.0 8.0 
2 7 1.45 1.45 10.0 2.0 10.0 9.0 1.0 9.0 8.0 1.0 8.0 2.0 1.0 2.0 4.0 1.0 4.0 8.0 1.0 8.0 7.0 1.0 7.0 
2 8 1.62 1.62 10.0 2.0 10.0 9.0 1.0 9.0 8.0 1.0 8.0 2.0 1.0 2.0 4.0 1.0 4.0 8.0 1.0 8.0 7.0 1.0 7.0 6.0 1.0 6.0 
2 9 1.9 1.9 10.0 2.0 10.0 9.0 1.0 9.0 8.0 1.0 8.0 2.0 1.0 2.0 4.0 1.0 4.0 8.0 1.0 8.0 7.0 1.0 7.0 6.0 1.0 6.0 7.0 2.0 7.0 
2 3 0.94 0.94 2.0 1.0 2.0 6.0 2.0 6.0 9.0 1.0 9.0 
2 4 1.06 1.06 2.0 1.0 2.0 6.0 2.0 6.0 9.0 1.0 9.0 8.0 1.0 8.0 
2 5 1.19 1.19 2.0 1.0 2.0 6.0 2.0 6.0 9.0 1.0 9.0 8.0 1.0 8.0 8.0 1.0 8.0 
2 6 1.52 1.52 2.0 1.0 2.0 6.0 2.0 6.0 9.0 1.0 9.0 8.0 1.0 8.0 8.0 1.0 8.0 3.0 1.0 3.0 
2 7 1.69 1.69 2.0 1.0 2.0 6.0 2.0 6.0 9.0 1.0 9.0 8.0 1.0 8.0 8.0 1.0 8.0 3.0 1.0 3.0 6.0 1.0 6.0 
2 8 1.94 1.94 2.0 1.0 2.0 6.0 2.0 6.0 9.0 1.0 9.0 8.0 1.0 8.0 8.0 1.0 8.0 3.0 1.0 3.0 6.0 1.0 6.0 4.0 1.0 4.0 
2 3 0.47 0.47 9.0 1.0 9.0 10.0 2.0 10.0 6.0 1.0 6.0 
2 4 0.97 0.97 9.0 1.0 9.0 10.0 2.0 10.0 6.0 1.0 6.0 6.0 3.0 6.0 
2 5 1.12 1.12 9.0 1.0 9.0 10.0 2.0 10.0 6.0 1.0 6.0 6.0 3.0 6.0 7.0 1.0 7.0 
2 6 1.62 1.62 9.0 1.0 9.0 10.0 2.0 10.0 6.0 1.0 6.0 6.0 3.0 6.0 7.0 1.0 7.0 2.0 1.0 2.0 
2 7 1.82 1.82 9.0 1.0 9.0 10.0 2.0 10.0 6.0 1.0 6.0 6.0 3.0 6.0 7.0 1.0 7.0 2.0 1.0 2.0 10.0 2.0 10.0 
2 8 1.98 1.98 9.0 1.0 9.0 10.0 2.0 10.0 6.0 1.0 6.0 6.0 3.0 6.0 7.0 1.0 7.0 2.0 1.0 2.0 10.0 2.0 10.0 6.0 1.0 6.0 
2 3 0.97 0.97 7.0 1.0 7.0 3.0 1.0 3.0 2.0 1.0 2.0 
2 4 1.14 1.14 7.0 1.0 7.0 3.0 1.0 3.0 2.0 1.0 2.0 6.0 1.0 6.0 
2 5 1.25 1.25 7.0 1.0 7.0 3.0 1.0 3.0 2.0 1.0 2.0 6.0 1.0 6.0 9.0 1.0 9.0 
2 6 1.45 1.45 7.0 1.0 7.0 3.0 1.0 3.0 2.0 1.0 2.0 6.0 1.0 6.0 9.0 1.0 9.0 5.0 1.0 5.0 
2 7 1.57 1.57 7.0 1.0 7.0 3.0 1.0 3.0 2.0 1.0 2.0 6.0 1.0 6.0 9.0 1.0 9.0 5.0 1.0 5.0 8.0 1.0 8.0 
2 8 1.77 1.77 7.0 1.0 7.0 3.0 1.0 3.0 2.0 1.0 2.0 6.0 1.0 6.0 9.0 1.0 9.0 5.0 1.0 5.0 8.0 1.0 8.0 5.0 1.0 5.0 
2 9 1.9 1.9 7.0 1.0 7.0 3.0 1.0 3.0 2.0 1.0 2.0 6.0 1.0 6.0 9.0 1.0 9.0 5.0 1.0 5.0 8.0 1.0 8.0 5.0 1.0 5.0 8.0 1.0 8.0 
2 3 0.46 0.46 10.0 1.0 10.0 6.0 1.0 6.0 5.0 1.0 5.0 
2 4 0.57 0.57 10.0 1.0 10.0 6.0 1.0 6.0 5.0 1.0 5.0 9.0 1.0 9.0 
2 5 0.77 0.77 10.0 1.0 10.0 6.0 1.0 6.0 5.0 1.0 5.0 9.0 1.0 9.0 5.0 1.0 5.0 
2 6 1.02 1.02 10.0 1.0 10.0 6.0 1.0 6.0 5.0 1.0 5.0 9.0 1.0 9.0 5.0 1.0 5.0 4.0 1.0 4.0 
2 7 1.15 1.15 10.0 1.0 10.0 6.0 1.0 6.0 5.0 1.0 5.0 9.0 1.0 9.0 5.0 1.0 5.0 4.0 1.0 4.0 8.0 1.0 8.0 
2 8 1.65 1.65 10.0 1.0 10.0 6.0 1.0 6.0 5.0 1.0 5.0 9.0 1.0 9.0 5.0 1.0 5.0 4.0 1.0 4.0 8.0 1.0 8.0 2.0 1.0 2.0 
2 9 1.98 1.98 10.0 1.0 10.0 6.0 1.0 6.0 5.0 1.0 5.0 9.0 1.0 9.0 5.0 1.0 5.0 4.0 1.0 4.0 8.0 1.0 8.0 2.0 1.0 2.0 3.0 1.0 3.0 
2 3 1.27 1.27 9.0 1.0 9.0 2.0 1.0 2.0 3.0 2.0 3.0 
2 4 1.52 1.52 9.0 1.0 9.0 2.0 1.0 2.0 3.0 2.0 3.0 4.0 1.0 4.0 
2 5 1.86 1.86 9.0 1.0 9.0 2.0 1.0 2.0 3.0 2.0 3.0 4.0 1.0 4.0 3.0 1.0 3.0 
2 3 0.46 0.46 4.0 1.0 4.0 9.0 1.0 9.0 10.0 1.0 10.0 
2 4 0.74 0.74 4.0 1.0 4.0 9.0 1.0 9.0 10.0 1.0 10.0 7.0 2.0 7.0 
2 5 0.91 0.91 4.0 1.0 4.0 9.0 1.0 9.0 10.0 1.0 10.0 7.0 2.0 7.0 6.0 1.0 6.0 
2 6 1.41 1.41 4.0 1.0 4.0 9.0 1.0 9.0 10.0 1.0 10.0 7.0 2.0 7.0 6.0 1.0 6.0 2.0 1.0 2.0 
2 7 1.61 1.61 4.0 1.0 4.0 9.0 1.0 9.0 10.0 1.0 10.0 7.0 2.0 7.0 6.0 1.0 6.0 2.0 1.0 2.0 5.0 1.0 5.0 
2 8 1.78 1.78 4.0 1.0 4.0 9.0 1.0 9.0 10.0 1.0 10.0 7.0 2.0 7.0 6.0 1.0 6.0 2.0 1.0 2.0 5.0 1.0 5.0 6.0 1.0 6.0 
2 3 0.42 0.42 9.0 1.0 9.0 9.0 1.0 9.0 5.0 1.0 5.0 
2 4 0.54 0.54 9.0 1.0 9.0 9.0 1.0 9.0 5.0 1.0 5.0 8.0 1.0 8.0 
2 5 0.88 0.88 9.0 1.0 9.0 9.0 1.0 9.0 5.0 1.0 5.0 8.0 1.0 8.0 3.0 1.0 3.0 
2 6 1.13 1.13 9.0 1.0 9.0 9.0 1.0 9.0 5.0 1.0 5.0 8.0 1.0 8.0 3.0 1.0 3.0 4.0 1.0 4.0 
2 7 1.25 1.25 9.0 1.0 9.0 9.0 1.0 9.0 5.0 1.0 5.0 8.0 1.0 8.0 3.0 1.0 3.0 4.0 1.0 4.0 8.0 1.0 8.0 
2 8 1.58 1.58 9.0 1.0 9.0 9.0 1.0 9.0 5.0 1.0 5.0 8.0 1.0 8.0 3.0 1.0 3.0 4.0 1.0 4.0 8.0 1.0 8.0 6.0 2.0 6.0 
2 9 1.88 1.88 9.0 1.0 9.0 9.0 1.0 9.0 5.0 1.0 5.0 8.0 1.0 8.0 3.0 1.0 3.0 4.0 1.0 4.0 8.0 1.0 8.0 6.0 2.0 6.0 10.0 3.0 10.0 
2 10 2.0 2.0 9.0 1.0 9.0 9.0 1.0 9.0 5.0 1.0 5.0 8.0 1.0 8.0 3.0 1.0 3.0 4.0 1.0 4.0 8.0 1.0 8.0 6.0 2.0 6.0 10.0 3.0 10.0 9.0 1.0 9.0 
2 3 0.44 0.44 9.0 1.0 9.0 6.0 1.0 6.0 6.0 1.0 6.0 
2 4 0.56 0.56 9.0 1.0 9.0 6.0 1.0 6.0 6.0 1.0 6.0 8.0 1.0 8.0 
2 5 0.81 0.81 9.0 1.0 9.0 6.0 1.0 6.0 6.0 1.0 6.0 8.0 1.0 8.0 4.0 1.0 4.0 
2 6 0.98 0.98 9.0 1.0 9.0 6.0 1.0 6.0 6.0 1.0 6.0 8.0 1.0 8.0 4.0 1.0 4.0 6.0 1.0 6.0 
2 7 1.18 1.18 9.0 1.0 9.0 6.0 1.0 6.0 6.0 1.0 6.0 8.0 1.0 8.0 4.0 1.0 4.0 6.0 1.0 6.0 5.0 1.0 5.0 
2 8 1.31 1.31 9.0 1.0 9.0 6.0 1.0 6.0 6.0 1.0 6.0 8.0 1.0 8.0 4.0 1.0 4.0 6.0 1.0 6.0 5.0 1.0 5.0 8.0 1.0 8.0 
2 9 1.81 1.81 9.0 1.0 9.0 6.0 1.0 6.0 6.0 1.0 6.0 8.0 1.0 8.0 4.0 1.0 4.0 6.0 1.0 6.0 5.0 1.0 5.0 8.0 1.0 8.0 2.0 1.0 2.0 
2 3 0.91 0.91 9.0 1.0 9.0 8.0 2.0 8.0 9.0 5.0 9.0 
2 4 1.04 1.04 9.0 1.0 9.0 8.0 2.0 8.0 9.0 5.0 9.0 8.0 1.0 8.0 
2 5 1.37 1.37 9.0 1.0 9.0 8.0 2.0 8.0 9.0 5.0 9.0 8.0 1.0 8.0 3.0 1.0 3.0 
2 6 1.87 1.87 9.0 1.0 9.0 8.0 2.0 8.0 9.0 5.0 9.0 8.0 1.0 8.0 3.0 1.0 3.0 2.0 1.0 2.0 
2 3 0.41 0.41 6.0 1.0 6.0 8.0 1.0 8.0 8.0 1.0 8.0 
2 4 0.54 0.54 6.0 1.0 6.0 8.0 1.0 8.0 8.0 1.0 8.0 8.0 1.0 8.0 
2 5 0.66 0.66 6.0 1.0 6.0 8.0 1.0 8.0 8.0 1.0 8.0 8.0 1.0 8.0 8.0 1.0 8.0 
2 6 0.76 0.76 6.0 1.0 6.0 8.0 1.0 8.0 8.0 1.0 8.0 8.0 1.0 8.0 8.0 1.0 8.0 10.0 1.0 10.0 
2 7 1.26 1.26 6.0 1.0 6.0 8.0 1.0 8.0 8.0 1.0 8.0 8.0 1.0 8.0 8.0 1.0 8.0 10.0 1.0 10.0 6.0 3.0 6.0 
2 8 1.48 1.48 6.0 1.0 6.0 8.0 1.0 8.0 8.0 1.0 8.0 8.0 1.0 8.0 8.0 1.0 8.0 10.0 1.0 10.0 6.0 3.0 6.0 9.0 2.0 9.0 
2 9 1.82 1.82 6.0 1.0 6.0 8.0 1.0 8.0 8.0 1.0 8.0 8.0 1.0 8.0 8.0 1.0 8.0 10.0 1.0 10.0 6.0 3.0 6.0 9.0 2.0 9.0 3.0 1.0 3.0 
2 10 1.96 1.96 6.0 1.0 6.0 8.0 1.0 8.0 8.0 1.0 8.0 8.0 1.0 8.0 8.0 1.0 8.0 10.0 1.0 10.0 6.0 3.0 6.0 9.0 2.0 9.0 3.0 1.0 3.0 7.0 1.0 7.0 
2 3 0.57 0.57 8.0 1.0 8.0 6.0 1.0 6.0 7.0 2.0 7.0 
2 4 0.72 0.72 8.0 1.0 8.0 6.0 1.0 6.0 7.0 2.0 7.0 7.0 1.0 7.0 
2 5 0.88 0.88 8.0 1.0 8.0 6.0 1.0 6.0 7.0 2.0 7.0 7.0 1.0 7.0 6.0 1.0 6.0 
2 6 1.22 1.22 8.0 1.0 8.0 6.0 1.0 6.0 7.0 2.0 7.0 7.0 1.0 7.0 6.0 1.0 6.0 9.0 3.0 9.0 
2 7 1.38 1.38 8.0 1.0 8.0 6.0 1.0 6.0 7.0 2.0 7.0 7.0 1.0 7.0 6.0 1.0 6.0 9.0 3.0 9.0 6.0 1.0 6.0 
2 8 1.55 1.55 8.0 1.0 8.0 6.0 1.0 6.0 7.0 2.0 7.0 7.0 1.0 7.0 6.0 1.0 6.0 9.0 3.0 9.0 6.0 1.0 6.0 6.0 1.0 6.0 
2 3 0.41 0.41 6.0 1.0 6.0 8.0 1.0 8.0 8.0 1.0 8.0 
2 4 0.61 0.61 6.0 1.0 6.0 8.0 1.0 8.0 8.0 1.0 8.0 10.0 2.0 10.0 
2 5 0.75 0.75 6.0 1.0 6.0 8.0 1.0 8.0 8.0 1.0 8.0 10.0 2.0 10.0 7.0 1.0 7.0 
2 6 0.88 0.88 6.0 1.0 6.0 8.0 1.0 8.0 8.0 1.0 8.0 10.0 2.0 10.0 7.0 1.0 7.0 8.0 1.0 8.0 
2 7 1.28 1.28 6.0 1.0 6.0 8.0 1.0 8.0 8.0 1.0 8.0 10.0 2.0 10.0 7.0 1.0 7.0 8.0 1.0 8.0 5.0 2.0 5.0 
2 8 1.45 1.45 6.0 1.0 6.0 8.0 1.0 8.0 8.0 1.0 8.0 10.0 2.0 10.0 7.0 1.0 7.0 8.0 1.0 8.0 5.0 2.0 5.0 6.0 1.0 6.0 
2 9 1.7 1.7 6.0 1.0 6.0 8.0 1.0 8.0 8.0 1.0 8.0 10.0 2.0 10.0 7.0 1.0 7.0 8.0 1.0 8.0 5.0 2.0 5.0 6.0 1.0 6.0 4.0 1.0 4.0 
2 10 1.86 1.86 6.0 1.0 6.0 8.0 1.0 8.0 8.0 1.0 8.0 10.0 2.0 10.0 7.0 1.0 7.0 8.0 1.0 8.0 5.0 2.0 5.0 6.0 1.0 6.0 4.0 1.0 4.0 6.0 1.0 6.0 
2 3 1.5 1.5 2.0 1.0 2.0 2.0 1.0 2.0 2.0 1.0 2.0 
2 4 1.83 1.83 2.0 1.0 2.0 2.0 1.0 2.0 2.0 1.0 2.0 3.0 1.0 3.0 
2 3 0.72 0.72 7.0 1.0 7.0 4.0 1.0 4.0 3.0 1.0 3.0 
2 4 0.92 0.92 7.0 1.0 7.0 4.0 1.0 4.0 3.0 1.0 3.0 5.0 1.0 5.0 
2 5 1.25 1.25 7.0 1.0 7.0 4.0 1.0 4.0 3.0 1.0 3.0 5.0 1.0 5.0 3.0 1.0 3.0 
2 6 1.5 1.5 7.0 1.0 7.0 4.0 1.0 4.0 3.0 1.0 3.0 5.0 1.0 5.0 3.0 1.0 3.0 4.0 1.0 4.0 
2 7 1.67 1.67 7.0 1.0 7.0 4.0 1.0 4.0 3.0 1.0 3.0 5.0 1.0 5.0 3.0 1.0 3.0 4.0 1.0 4.0 6.0 1.0 6.0 
2 3 1.11 1.11 2.0 1.0 2.0 9.0 1.0 9.0 2.0 1.0 2.0 
2 4 1.61 1.61 2.0 1.0 2.0 9.0 1.0 9.0 2.0 1.0 2.0 2.0 1.0 2.0 
2 5 1.72 1.72 2.0 1.0 2.0 9.0 1.0 9.0 2.0 1.0 2.0 2.0 1.0 2.0 9.0 1.0 9.0 
2 6 1.88 1.88 2.0 1.0 2.0 9.0 1.0 9.0 2.0 1.0 2.0 2.0 1.0 2.0 9.0 1.0 9.0 6.0 1.0 6.0 
2 3 0.6 0.6 4.0 1.0 4.0 10.0 1.0 10.0 4.0 1.0 4.0 
2 4 0.82 0.82 4.0 1.0 4.0 10.0 1.0 10.0 4.0 1.0 4.0 9.0 2.0 9.0 
2 5 1.02 1.02 4.0 1.0 4.0 10.0 1.0 10.0 4.0 1.0 4.0 9.0 2.0 9.0 5.0 1.0 5.0 
2 6 1.22 1.22 4.0 1.0 4.0 10.0 1.0 10.0 4.0 1.0 4.0 9.0 2.0 9.0 5.0 1.0 5.0 5.0 1.0 5.0 
2 7 1.42 1.42 4.0 1.0 4.0 10.0 1.0 10.0 4.0 1.0 4.0 9.0 2.0 9.0 5.0 1.0 5.0 5.0 1.0 5.0 10.0 2.0 10.0 
2 8 1.52 1.52 4.0 1.0 4.0 10.0 1.0 10.0 4.0 1.0 4.0 9.0 2.0 9.0 5.0 1.0 5.0 5.0 1.0 5.0 10.0 2.0 10.0 10.0 1.0 10.0 
2 9 1.85 1.85 4.0 1.0 4.0 10.0 1.0 10.0 4.0 1.0 4.0 9.0 2.0 9.0 5.0 1.0 5.0 5.0 1.0 5.0 10.0 2.0 10.0 10.0 1.0 10.0 3.0 1.0 3.0 
2 3 0.7 0.7 5.0 1.0 5.0 8.0 2.0 8.0 4.0 1.0 4.0 
2 4 1.03 1.03 5.0 1.0 5.0 8.0 2.0 8.0 4.0 1.0 4.0 3.0 1.0 3.0 
2 5 1.33 1.33 5.0 1.0 5.0 8.0 2.0 8.0 4.0 1.0 4.0 3.0 1.0 3.0 10.0 3.0 10.0 
2 6 1.58 1.58 5.0 1.0 5.0 8.0 2.0 8.0 4.0 1.0 4.0 3.0 1.0 3.0 10.0 3.0 10.0 4.0 1.0 4.0 
2 7 1.83 1.83 5.0 1.0 5.0 8.0 2.0 8.0 4.0 1.0 4.0 3.0 1.0 3.0 10.0 3.0 10.0 4.0 1.0 4.0 4.0 1.0 4.0 
2 3 1.0 1.0 3.0 1.0 3.0 6.0 1.0 6.0 2.0 1.0 2.0 
2 4 1.2 1.2 3.0 1.0 3.0 6.0 1.0 6.0 2.0 1.0 2.0 10.0 2.0 10.0 
2 5 1.45 1.45 3.0 1.0 3.0 6.0 1.0 6.0 2.0 1.0 2.0 10.0 2.0 10.0 4.0 1.0 4.0 
2 6 1.85 1.85 3.0 1.0 3.0 6.0 1.0 6.0 2.0 1.0 2.0 10.0 2.0 10.0 4.0 1.0 4.0 5.0 2.0 5.0 
2 3 0.61 0.61 4.0 1.0 4.0 6.0 1.0 6.0 10.0 2.0 10.0 
2 4 1.21 1.21 4.0 1.0 4.0 6.0 1.0 6.0 10.0 2.0 10.0 5.0 3.0 5.0 
2 5 1.46 1.46 4.0 1.0 4.0 6.0 1.0 6.0 10.0 2.0 10.0 5.0 3.0 5.0 4.0 1.0 4.0 
2 6 1.66 1.66 4.0 1.0 4.0 6.0 1.0 6.0 10.0 2.0 10.0 5.0 3.0 5.0 4.0 1.0 4.0 5.0 1.0 5.0 
2 7 1.83 1.83 4.0 1.0 4.0 6.0 1.0 6.0 10.0 2.0 10.0 5.0 3.0 5.0 4.0 1.0 4.0 5.0 1.0 5.0 6.0 1.0 6.0 
2 3 0.7 0.7 4.0 1.0 4.0 8.0 1.0 8.0 3.0 1.0 3.0 
2 4 0.9 0.9 4.0 1.0 4.0 8.0 1.0 8.0 3.0 1.0 3.0 10.0 2.0 10.0 
2 5 1.0 1.0 4.0 1.0 4.0 8.0 1.0 8.0 3.0 1.0 3.0 10.0 2.0 10.0 10.0 1.0 10.0 
2 6 1.17 1.17 4.0 1.0 4.0 8.0 1.0 8.0 3.0 1.0 3.0 10.0 2.0 10.0 10.0 1.0 10.0 6.0 1.0 6.0 
2 7 1.37 1.37 4.0 1.0 4.0 8.0 1.0 8.0 3.0 1.0 3.0 10.0 2.0 10.0 10.0 1.0 10.0 6.0 1.0 6.0 5.0 1.0 5.0 
2 8 1.57 1.57 4.0 1.0 4.0 8.0 1.0 8.0 3.0 1.0 3.0 10.0 2.0 10.0 10.0 1.0 10.0 6.0 1.0 6.0 5.0 1.0 5.0 10.0 2.0 10.0 
2 3 0.51 0.51 4.0 1.0 4.0 6.0 1.0 6.0 10.0 1.0 10.0 
2 4 0.62 0.62 4.0 1.0 4.0 6.0 1.0 6.0 10.0 1.0 10.0 9.0 1.0 9.0 
2 5 0.87 0.87 4.0 1.0 4.0 6.0 1.0 6.0 10.0 1.0 10.0 9.0 1.0 9.0 4.0 1.0 4.0 
2 6 1.02 1.02 4.0 1.0 4.0 6.0 1.0 6.0 10.0 1.0 10.0 9.0 1.0 9.0 4.0 1.0 4.0 7.0 1.0 7.0 
2 7 1.52 1.52 4.0 1.0 4.0 6.0 1.0 6.0 10.0 1.0 10.0 9.0 1.0 9.0 4.0 1.0 4.0 7.0 1.0 7.0 2.0 1.0 2.0 
2 8 1.72 1.72 4.0 1.0 4.0 6.0 1.0 6.0 10.0 1.0 10.0 9.0 1.0 9.0 4.0 1.0 4.0 7.0 1.0 7.0 2.0 1.0 2.0 5.0 1.0 5.0 
2 3 1.05 1.05 7.0 1.0 7.0 8.0 2.0 8.0 3.0 2.0 3.0 
2 4 1.18 1.18 7.0 1.0 7.0 8.0 2.0 8.0 3.0 2.0 3.0 8.0 1.0 8.0 
2 5 1.3 1.3 7.0 1.0 7.0 8.0 2.0 8.0 3.0 2.0 3.0 8.0 1.0 8.0 8.0 1.0 8.0 
2 6 1.47 1.47 7.0 1.0 7.0 8.0 2.0 8.0 3.0 2.0 3.0 8.0 1.0 8.0 8.0 1.0 8.0 6.0 1.0 6.0 
2 3 0.57 0.57 4.0 1.0 4.0 10.0 1.0 10.0 9.0 2.0 9.0 
2 4 1.07 1.07 4.0 1.0 4.0 10.0 1.0 10.0 9.0 2.0 9.0 2.0 1.0 2.0 
2 5 1.21 1.21 4.0 1.0 4.0 10.0 1.0 10.0 9.0 2.0 9.0 2.0 1.0 2.0 7.0 1.0 7.0 
2 6 1.31 1.31 4.0 1.0 4.0 10.0 1.0 10.0 9.0 2.0 9.0 2.0 1.0 2.0 7.0 1.0 7.0 10.0 1.0 10.0 
2 7 1.42 1.42 4.0 1.0 4.0 10.0 1.0 10.0 9.0 2.0 9.0 2.0 1.0 2.0 7.0 1.0 7.0 10.0 1.0 10.0 9.0 1.0 9.0 
2 8 1.67 1.67 4.0 1.0 4.0 10.0 1.0 10.0 9.0 2.0 9.0 2.0 1.0 2.0 7.0 1.0 7.0 10.0 1.0 10.0 9.0 1.0 9.0 4.0 1.0 4.0 
2 9 1.77 1.77 4.0 1.0 4.0 10.0 1.0 10.0 9.0 2.0 9.0 2.0 1.0 2.0 7.0 1.0 7.0 10.0 1.0 10.0 9.0 1.0 9.0 4.0 1.0 4.0 10.0 1.0 10.0 
2 10 1.87 1.87 4.0 1.0 4.0 10.0 1.0 10.0 9.0 2.0 9.0 2.0 1.0 2.0 7.0 1.0 7.0 10.0 1.0 10.0 9.0 1.0 9.0 4.0 1.0 4.0 10.0 1.0 10.0 10.0 1.0 10.0 
2 3 1.11 1.11 9.0 1.0 9.0 2.0 1.0 2.0 2.0 1.0 2.0 
2 4 1.27 1.27 9.0 1.0 9.0 2.0 1.0 2.0 2.0 1.0 2.0 6.0 1.0 6.0 
2 5 1.37 1.37 9.0 1.0 9.0 2.0 1.0 2.0 2.0 1.0 2.0 6.0 1.0 6.0 10.0 1.0 10.0 
2 6 1.52 1.52 9.0 1.0 9.0 2.0 1.0 2.0 2.0 1.0 2.0 6.0 1.0 6.0 10.0 1.0 10.0 7.0 1.0 7.0 
2 7 1.64 1.64 9.0 1.0 9.0 2.0 1.0 2.0 2.0 1.0 2.0 6.0 1.0 6.0 10.0 1.0 10.0 7.0 1.0 7.0 8.0 1.0 8.0 
2 8 1.81 1.81 9.0 1.0 9.0 2.0 1.0 2.0 2.0 1.0 2.0 6.0 1.0 6.0 10.0 1.0 10.0 7.0 1.0 7.0 8.0 1.0 8.0 6.0 1.0 6.0 
2 3 1.16 1.16 6.0 2.0 6.0 6.0 2.0 6.0 2.0 1.0 2.0 
2 4 1.36 1.36 6.0 2.0 6.0 6.0 2.0 6.0 2.0 1.0 2.0 5.0 1.0 5.0 
2 5 1.49 1.49 6.0 2.0 6.0 6.0 2.0 6.0 2.0 1.0 2.0 5.0 1.0 5.0 8.0 1.0 8.0 
2 6 1.82 1.82 6.0 2.0 6.0 6.0 2.0 6.0 2.0 1.0 2.0 5.0 1.0 5.0 8.0 1.0 8.0 3.0 1.0 3.0 
2 7 1.99 1.99 6.0 2.0 6.0 6.0 2.0 6.0 2.0 1.0 2.0 5.0 1.0 5.0 8.0 1.0 8.0 3.0 1.0 3.0 6.0 1.0 6.0 
2 3 0.59 0.59 4.0 1.0 4.0 5.0 1.0 5.0 7.0 1.0 7.0 
2 4 0.75 0.75 4.0 1.0 4.0 5.0 1.0 5.0 7.0 1.0 7.0 6.0 1.0 6.0 
2 5 1.0 1.0 4.0 1.0 4.0 5.0 1.0 5.0 7.0 1.0 7.0 6.0 1.0 6.0 8.0 2.0 8.0 
2 6 1.25 1.25 4.0 1.0 4.0 5.0 1.0 5.0 7.0 1.0 7.0 6.0 1.0 6.0 8.0 2.0 8.0 8.0 2.0 8.0 
2 7 1.35 1.35 4.0 1.0 4.0 5.0 1.0 5.0 7.0 1.0 7.0 6.0 1.0 6.0 8.0 2.0 8.0 8.0 2.0 8.0 10.0 1.0 10.0 
2 8 1.45 1.45 4.0 1.0 4.0 5.0 1.0 5.0 7.0 1.0 7.0 6.0 1.0 6.0 8.0 2.0 8.0 8.0 2.0 8.0 10.0 1.0 10.0 10.0 1.0 10.0 
2 9 1.62 1.62 4.0 1.0 4.0 5.0 1.0 5.0 7.0 1.0 7.0 6.0 1.0 6.0 8.0 2.0 8.0 8.0 2.0 8.0 10.0 1.0 10.0 10.0 1.0 10.0 6.0 1.0 6.0 
2 10 1.95 1.95 4.0 1.0 4.0 5.0 1.0 5.0 7.0 1.0 7.0 6.0 1.0 6.0 8.0 2.0 8.0 8.0 2.0 8.0 10.0 1.0 10.0 10.0 1.0 10.0 6.0 1.0 6.0 6.0 2.0 6.0 
2 3 1.11 1.11 2.0 1.0 2.0 9.0 1.0 9.0 2.0 1.0 2.0 
2 4 1.44 1.44 2.0 1.0 2.0 9.0 1.0 9.0 2.0 1.0 2.0 6.0 2.0 6.0 
2 5 1.56 1.56 2.0 1.0 2.0 9.0 1.0 9.0 2.0 1.0 2.0 6.0 2.0 6.0 8.0 1.0 8.0 
2 3 1.01 1.01 5.0 2.0 5.0 2.0 1.0 2.0 9.0 1.0 9.0 
2 4 1.26 1.26 5.0 2.0 5.0 2.0 1.0 2.0 9.0 1.0 9.0 4.0 1.0 4.0 
2 5 1.4 1.4 5.0 2.0 5.0 2.0 1.0 2.0 9.0 1.0 9.0 4.0 1.0 4.0 7.0 1.0 7.0 
2 6 1.57 1.57 5.0 2.0 5.0 2.0 1.0 2.0 9.0 1.0 9.0 4.0 1.0 4.0 7.0 1.0 7.0 6.0 1.0 6.0 
2 7 1.69 1.69 5.0 2.0 5.0 2.0 1.0 2.0 9.0 1.0 9.0 4.0 1.0 4.0 7.0 1.0 7.0 6.0 1.0 6.0 8.0 1.0 8.0 
2 8 1.82 1.82 5.0 2.0 5.0 2.0 1.0 2.0 9.0 1.0 9.0 4.0 1.0 4.0 7.0 1.0 7.0 6.0 1.0 6.0 8.0 1.0 8.0 8.0 1.0 8.0 
2 3 0.96 0.96 3.0 1.0 3.0 5.0 1.0 5.0 7.0 3.0 7.0 
2 4 1.12 1.12 3.0 1.0 3.0 5.0 1.0 5.0 7.0 3.0 7.0 6.0 1.0 6.0 
