4 5 3.93 3.93 4.0 3.0 4.0 9.0 8.0 9.0 9.0 7.0 9.0 7.0 5.0 7.0 5.0 4.0 5.0 
4 5 3.8 3.8 4.0 2.0 4.0 10.0 8.0 10.0 10.0 8.0 10.0 10.0 7.0 10.0 3.0 3.0 3.0 
4 5 3.96 3.96 2.0 2.0 2.0 6.0 4.0 6.0 6.0 5.0 6.0 3.0 2.0 3.0 5.0 4.0 5.0 
4 5 3.83 3.83 8.0 8.0 8.0 9.0 3.0 9.0 2.0 2.0 2.0 3.0 3.0 3.0 2.0 1.0 2.0 
4 5 3.96 3.96 10.0 6.0 10.0 3.0 3.0 3.0 10.0 7.0 10.0 9.0 6.0 9.0 2.0 2.0 2.0 
4 5 3.63 3.63 8.0 8.0 8.0 7.0 5.0 7.0 9.0 7.0 9.0 7.0 1.0 7.0 5.0 5.0 5.0 
4 5 3.27 3.27 4.0 2.0 4.0 8.0 8.0 8.0 9.0 1.0 9.0 6.0 4.0 6.0 6.0 6.0 6.0 
4 5 3.87 3.87 10.0 10.0 10.0 4.0 3.0 4.0 4.0 3.0 4.0 8.0 5.0 8.0 4.0 3.0 4.0 
4 5 3.8 3.8 6.0 6.0 6.0 4.0 4.0 4.0 9.0 6.0 9.0 5.0 4.0 5.0 3.0 1.0 3.0 
4 5 3.11 3.11 8.0 5.0 8.0 5.0 5.0 5.0 7.0 5.0 7.0 10.0 2.0 10.0 7.0 4.0 7.0 
4 5 3.7 3.7 4.0 3.0 4.0 9.0 7.0 9.0 4.0 3.0 4.0 5.0 4.0 5.0 8.0 5.0 8.0 
4 5 3.48 3.48 8.0 6.0 8.0 4.0 3.0 4.0 9.0 8.0 9.0 7.0 3.0 7.0 3.0 2.0 3.0 
4 5 2.62 2.62 8.0 3.0 8.0 3.0 3.0 3.0 10.0 3.0 10.0 4.0 1.0 4.0 10.0 7.0 10.0 
4 6 3.42 3.42 8.0 3.0 8.0 3.0 3.0 3.0 10.0 3.0 10.0 4.0 1.0 4.0 10.0 7.0 10.0 10.0 8.0 10.0 
4 5 3.91 3.91 2.0 2.0 2.0 6.0 4.0 6.0 4.0 3.0 4.0 3.0 2.0 3.0 6.0 5.0 6.0 
4 5 3.9 3.9 3.0 2.0 3.0 3.0 2.0 3.0 10.0 9.0 10.0 10.0 8.0 10.0 8.0 7.0 8.0 
4 5 3.98 3.98 7.0 3.0 7.0 3.0 3.0 3.0 2.0 2.0 2.0 2.0 2.0 2.0 9.0 5.0 9.0 
4 5 3.46 3.46 8.0 8.0 8.0 8.0 5.0 8.0 10.0 9.0 10.0 5.0 4.0 5.0 7.0 1.0 7.0 
4 6 3.71 3.71 8.0 8.0 8.0 8.0 5.0 8.0 10.0 9.0 10.0 5.0 4.0 5.0 7.0 1.0 7.0 4.0 1.0 4.0 
4 5 3.5 3.5 5.0 2.0 5.0 4.0 3.0 4.0 10.0 6.0 10.0 9.0 9.0 9.0 4.0 3.0 4.0 
4 5 3.69 3.69 6.0 4.0 6.0 8.0 3.0 8.0 3.0 3.0 3.0 10.0 9.0 10.0 4.0 3.0 4.0 
4 5 3.59 3.59 7.0 7.0 7.0 9.0 6.0 9.0 3.0 1.0 3.0 5.0 4.0 5.0 5.0 4.0 5.0 
4 5 3.39 3.39 5.0 4.0 5.0 5.0 3.0 5.0 10.0 2.0 10.0 3.0 3.0 3.0 10.0 8.0 10.0 
4 6 3.62 3.62 5.0 4.0 5.0 5.0 3.0 5.0 10.0 2.0 10.0 3.0 3.0 3.0 10.0 8.0 10.0 9.0 2.0 9.0 
4 7 3.87 3.87 5.0 4.0 5.0 5.0 3.0 5.0 10.0 2.0 10.0 3.0 3.0 3.0 10.0 8.0 10.0 9.0 2.0 9.0 4.0 1.0 4.0 
4 5 3.79 3.79 2.0 2.0 2.0 6.0 5.0 6.0 8.0 5.0 8.0 3.0 3.0 3.0 6.0 2.0 6.0 
4 5 3.46 3.46 7.0 3.0 7.0 5.0 5.0 5.0 10.0 8.0 10.0 3.0 2.0 3.0 7.0 4.0 7.0 
4 5 3.82 3.82 5.0 2.0 5.0 3.0 3.0 3.0 8.0 5.0 8.0 10.0 8.0 10.0 3.0 3.0 3.0 
4 5 3.55 3.55 3.0 3.0 3.0 7.0 4.0 7.0 5.0 3.0 5.0 9.0 6.0 9.0 7.0 5.0 7.0 
4 5 3.62 3.62 8.0 2.0 8.0 3.0 3.0 3.0 4.0 4.0 4.0 8.0 5.0 8.0 8.0 6.0 8.0 
4 5 3.43 3.43 4.0 1.0 4.0 8.0 7.0 8.0 9.0 5.0 9.0 4.0 3.0 4.0 4.0 4.0 4.0 
4 5 3.45 3.45 10.0 2.0 10.0 4.0 2.0 4.0 4.0 4.0 4.0 4.0 4.0 4.0 4.0 3.0 4.0 
4 5 3.86 3.86 2.0 2.0 2.0 6.0 6.0 6.0 10.0 6.0 10.0 3.0 2.0 3.0 5.0 3.0 5.0 
4 5 3.96 3.96 7.0 5.0 7.0 4.0 3.0 4.0 2.0 2.0 2.0 10.0 7.0 10.0 10.0 8.0 10.0 
4 5 3.9 3.9 6.0 5.0 6.0 5.0 4.0 5.0 10.0 6.0 10.0 2.0 2.0 2.0 6.0 4.0 6.0 
4 5 3.52 3.52 7.0 5.0 7.0 4.0 3.0 4.0 8.0 6.0 8.0 7.0 5.0 7.0 10.0 6.0 10.0 
4 5 3.92 3.92 6.0 5.0 6.0 6.0 3.0 6.0 5.0 5.0 5.0 8.0 7.0 8.0 7.0 5.0 7.0 
4 5 3.87 3.87 2.0 2.0 2.0 8.0 5.0 8.0 4.0 3.0 4.0 3.0 3.0 3.0 2.0 1.0 2.0 
4 5 3.72 3.72 5.0 5.0 5.0 10.0 10.0 10.0 7.0 5.0 7.0 10.0 9.0 10.0 9.0 1.0 9.0 
4 5 3.89 3.89 5.0 4.0 5.0 8.0 7.0 8.0 3.0 3.0 3.0 9.0 4.0 9.0 9.0 7.0 9.0 
4 5 3.95 3.95 10.0 9.0 10.0 9.0 5.0 9.0 6.0 4.0 6.0 2.0 2.0 2.0 6.0 5.0 6.0 
4 5 3.75 3.75 5.0 1.0 5.0 10.0 8.0 10.0 8.0 8.0 8.0 4.0 3.0 4.0 9.0 9.0 9.0 
4 5 3.56 3.56 8.0 7.0 8.0 7.0 2.0 7.0 2.0 2.0 2.0 3.0 3.0 3.0 5.0 2.0 5.0 
4 5 3.77 3.77 7.0 6.0 7.0 5.0 4.0 5.0 10.0 7.0 10.0 8.0 6.0 8.0 6.0 4.0 6.0 
4 5 3.05 3.05 4.0 1.0 4.0 9.0 8.0 9.0 5.0 4.0 5.0 9.0 5.0 9.0 9.0 5.0 9.0 
4 6 3.65 3.65 4.0 1.0 4.0 9.0 8.0 9.0 5.0 4.0 5.0 9.0 5.0 9.0 9.0 5.0 9.0 5.0 3.0 5.0 
4 5 3.5 3.5 6.0 4.0 6.0 8.0 5.0 8.0 7.0 5.0 7.0 2.0 1.0 2.0 8.0 8.0 8.0 
4 5 3.91 3.91 4.0 2.0 4.0 6.0 4.0 6.0 5.0 5.0 5.0 3.0 3.0 3.0 4.0 3.0 4.0 
4 5 3.75 3.75 6.0 5.0 6.0 4.0 3.0 4.0 8.0 5.0 8.0 6.0 4.0 6.0 8.0 7.0 8.0 
4 5 3.94 3.94 7.0 4.0 7.0 9.0 9.0 9.0 5.0 4.0 5.0 7.0 4.0 7.0 3.0 3.0 3.0 
4 5 3.54 3.54 10.0 6.0 10.0 4.0 3.0 4.0 7.0 4.0 7.0 4.0 3.0 4.0 8.0 7.0 8.0 
4 5 3.43 3.43 9.0 8.0 9.0 5.0 3.0 5.0 10.0 7.0 10.0 4.0 1.0 4.0 2.0 2.0 2.0 
4 5 3.87 3.87 10.0 7.0 10.0 8.0 6.0 8.0 5.0 4.0 5.0 8.0 5.0 8.0 4.0 4.0 4.0 
4 5 2.95 2.95 3.0 3.0 3.0 5.0 5.0 5.0 6.0 4.0 6.0 7.0 1.0 7.0 7.0 1.0 7.0 
4 6 3.95 3.95 3.0 3.0 3.0 5.0 5.0 5.0 6.0 4.0 6.0 7.0 1.0 7.0 7.0 1.0 7.0 2.0 2.0 2.0 
4 5 3.75 3.75 5.0 5.0 5.0 3.0 3.0 3.0 4.0 3.0 4.0 6.0 5.0 6.0 6.0 1.0 6.0 
4 5 3.69 3.69 2.0 2.0 2.0 2.0 2.0 2.0 10.0 8.0 10.0 8.0 6.0 8.0 7.0 1.0 7.0 
4 5 3.81 3.81 6.0 6.0 6.0 5.0 3.0 5.0 5.0 4.0 5.0 3.0 2.0 3.0 4.0 3.0 4.0 
4 5 3.98 3.98 10.0 7.0 10.0 7.0 6.0 7.0 6.0 4.0 6.0 10.0 9.0 10.0 7.0 6.0 7.0 
4 5 2.59 2.59 7.0 4.0 7.0 3.0 1.0 3.0 8.0 5.0 8.0 10.0 9.0 10.0 6.0 1.0 6.0 
4 6 3.59 3.59 7.0 4.0 7.0 3.0 1.0 3.0 8.0 5.0 8.0 10.0 9.0 10.0 6.0 1.0 6.0 9.0 9.0 9.0 
4 5 3.05 3.05 4.0 3.0 4.0 9.0 5.0 9.0 8.0 5.0 8.0 8.0 1.0 8.0 6.0 6.0 6.0 
4 6 3.61 3.61 4.0 3.0 4.0 9.0 5.0 9.0 8.0 5.0 8.0 8.0 1.0 8.0 6.0 6.0 6.0 9.0 5.0 9.0 
4 5 3.74 3.74 7.0 7.0 7.0 8.0 5.0 8.0 7.0 3.0 7.0 5.0 4.0 5.0 9.0 8.0 9.0 
4 5 3.89 3.89 2.0 2.0 2.0 8.0 6.0 8.0 5.0 5.0 5.0 2.0 2.0 2.0 7.0 1.0 7.0 
4 5 3.45 3.45 4.0 3.0 4.0 2.0 1.0 2.0 5.0 4.0 5.0 10.0 8.0 10.0 10.0 6.0 10.0 
4 6 3.56 3.56 4.0 3.0 4.0 2.0 1.0 2.0 5.0 4.0 5.0 10.0 8.0 10.0 10.0 6.0 10.0 9.0 1.0 9.0 
4 5 3.51 3.51 4.0 3.0 4.0 10.0 1.0 10.0 4.0 4.0 4.0 6.0 6.0 6.0 6.0 4.0 6.0 
4 5 3.67 3.67 8.0 5.0 8.0 5.0 4.0 5.0 9.0 6.0 9.0 4.0 3.0 4.0 6.0 5.0 6.0 
4 5 3.81 3.81 2.0 2.0 2.0 7.0 1.0 7.0 10.0 8.0 10.0 8.0 7.0 8.0 10.0 10.0 10.0 
4 5 3.77 3.77 9.0 9.0 9.0 10.0 7.0 10.0 4.0 2.0 4.0 3.0 3.0 3.0 7.0 4.0 7.0 
4 5 3.0 3.0 9.0 6.0 9.0 5.0 5.0 5.0 10.0 2.0 10.0 9.0 9.0 9.0 7.0 1.0 7.0 
4 6 3.67 3.67 9.0 6.0 9.0 5.0 5.0 5.0 10.0 2.0 10.0 9.0 9.0 9.0 7.0 1.0 7.0 6.0 4.0 6.0 
4 5 3.76 3.76 9.0 5.0 9.0 10.0 6.0 10.0 4.0 3.0 4.0 2.0 2.0 2.0 7.0 6.0 7.0 
4 5 3.6 3.6 9.0 5.0 9.0 9.0 6.0 9.0 6.0 5.0 6.0 10.0 8.0 10.0 8.0 6.0 8.0 
4 5 3.95 3.95 3.0 3.0 3.0 3.0 3.0 3.0 9.0 9.0 9.0 8.0 5.0 8.0 6.0 2.0 6.0 
4 5 3.8 3.8 10.0 6.0 10.0 4.0 4.0 4.0 10.0 7.0 10.0 4.0 4.0 4.0 4.0 2.0 4.0 
4 5 3.46 3.46 3.0 3.0 3.0 10.0 2.0 10.0 3.0 2.0 3.0 10.0 6.0 10.0 2.0 2.0 2.0 
4 5 3.38 3.38 8.0 4.0 8.0 4.0 4.0 4.0 3.0 2.0 3.0 7.0 5.0 7.0 4.0 2.0 4.0 
4 5 4.0 4.0 4.0 4.0 4.0 5.0 1.0 5.0 9.0 9.0 9.0 7.0 7.0 7.0 10.0 8.0 10.0 
4 5 3.65 3.65 8.0 6.0 8.0 10.0 4.0 10.0 6.0 5.0 6.0 3.0 2.0 3.0 4.0 4.0 4.0 
4 5 3.53 3.53 5.0 4.0 5.0 3.0 1.0 3.0 5.0 3.0 5.0 5.0 4.0 5.0 7.0 7.0 7.0 
4 5 3.89 3.89 3.0 2.0 3.0 4.0 4.0 4.0 8.0 5.0 8.0 10.0 6.0 10.0 4.0 4.0 4.0 
4 5 3.98 3.98 10.0 8.0 10.0 3.0 2.0 3.0 7.0 6.0 7.0 7.0 6.0 7.0 5.0 4.0 5.0 
4 5 3.36 3.36 4.0 3.0 4.0 5.0 5.0 5.0 10.0 2.0 10.0 7.0 5.0 7.0 10.0 7.0 10.0 
4 5 3.66 3.66 5.0 4.0 5.0 10.0 4.0 10.0 9.0 6.0 9.0 2.0 2.0 2.0 10.0 8.0 10.0 
4 5 3.28 3.28 9.0 6.0 9.0 7.0 2.0 7.0 3.0 1.0 3.0 4.0 4.0 4.0 2.0 2.0 2.0 
4 5 3.84 3.84 10.0 10.0 10.0 6.0 4.0 6.0 5.0 4.0 5.0 4.0 3.0 4.0 8.0 5.0 8.0 
4 5 3.93 3.93 2.0 2.0 2.0 6.0 5.0 6.0 3.0 3.0 3.0 5.0 1.0 5.0 10.0 9.0 10.0 
4 5 3.9 3.9 8.0 8.0 8.0 9.0 9.0 9.0 7.0 6.0 7.0 4.0 3.0 4.0 10.0 3.0 10.0 
4 5 3.83 3.83 4.0 3.0 4.0 3.0 3.0 3.0 5.0 4.0 5.0 7.0 2.0 7.0 4.0 4.0 4.0 
4 5 3.45 3.45 6.0 4.0 6.0 8.0 5.0 8.0 3.0 3.0 3.0 2.0 2.0 2.0 6.0 1.0 6.0 
4 5 3.36 3.36 9.0 6.0 9.0 4.0 2.0 4.0 10.0 8.0 10.0 2.0 2.0 2.0 5.0 2.0 5.0 
4 5 3.26 3.26 10.0 6.0 10.0 8.0 6.0 8.0 8.0 2.0 8.0 9.0 6.0 9.0 3.0 3.0 3.0 
4 5 3.64 3.64 10.0 9.0 10.0 9.0 2.0 9.0 7.0 6.0 7.0 6.0 6.0 6.0 6.0 4.0 6.0 
4 5 3.97 3.97 7.0 4.0 7.0 3.0 2.0 3.0 7.0 6.0 7.0 8.0 7.0 8.0 5.0 5.0 5.0 
4 5 3.75 3.75 5.0 3.0 5.0 7.0 7.0 7.0 7.0 6.0 7.0 7.0 7.0 7.0 10.0 3.0 10.0 
4 5 2.55 2.55 9.0 7.0 9.0 9.0 5.0 9.0 6.0 3.0 6.0 8.0 1.0 8.0 5.0 3.0 5.0 
4 6 3.3 3.3 9.0 7.0 9.0 9.0 5.0 9.0 6.0 3.0 6.0 8.0 1.0 8.0 5.0 3.0 5.0 4.0 3.0 4.0 
4 5 3.46 3.46 9.0 2.0 9.0 9.0 7.0 9.0 8.0 8.0 8.0 5.0 4.0 5.0 3.0 2.0 3.0 
4 5 3.87 3.87 10.0 10.0 10.0 10.0 2.0 10.0 8.0 7.0 8.0 8.0 8.0 8.0 10.0 8.0 10.0 
4 5 3.82 3.82 5.0 5.0 5.0 10.0 10.0 10.0 4.0 1.0 4.0 7.0 5.0 7.0 7.0 6.0 7.0 
4 5 3.9 3.9 7.0 6.0 7.0 10.0 10.0 10.0 2.0 1.0 2.0 8.0 6.0 8.0 5.0 4.0 5.0 
4 5 3.46 3.46 4.0 3.0 4.0 2.0 2.0 2.0 5.0 3.0 5.0 6.0 2.0 6.0 9.0 7.0 9.0 
4 5 3.88 3.88 8.0 6.0 8.0 8.0 8.0 8.0 2.0 2.0 2.0 5.0 4.0 5.0 3.0 1.0 3.0 
4 5 3.88 3.88 10.0 10.0 10.0 4.0 1.0 4.0 6.0 6.0 6.0 8.0 6.0 8.0 9.0 8.0 9.0 
4 5 3.55 3.55 9.0 2.0 9.0 7.0 7.0 7.0 6.0 4.0 6.0 3.0 2.0 3.0 2.0 2.0 2.0 
4 5 3.43 3.43 9.0 5.0 9.0 10.0 5.0 10.0 5.0 3.0 5.0 5.0 5.0 5.0 9.0 7.0 9.0 
4 5 3.67 3.67 7.0 6.0 7.0 10.0 6.0 10.0 2.0 1.0 2.0 7.0 5.0 7.0 10.0 10.0 10.0 
4 5 3.9 3.9 10.0 10.0 10.0 8.0 5.0 8.0 10.0 7.0 10.0 6.0 5.0 6.0 8.0 6.0 8.0 
4 5 3.68 3.68 6.0 4.0 6.0 6.0 4.0 6.0 4.0 3.0 4.0 10.0 6.0 10.0 4.0 4.0 4.0 
4 5 3.73 3.73 7.0 5.0 7.0 5.0 3.0 5.0 8.0 6.0 8.0 6.0 4.0 6.0 3.0 3.0 3.0 
4 6 3.84 3.84 7.0 5.0 7.0 5.0 3.0 5.0 8.0 6.0 8.0 6.0 4.0 6.0 3.0 3.0 3.0 9.0 1.0 9.0 
4 5 3.07 3.07 4.0 3.0 4.0 7.0 4.0 7.0 8.0 8.0 8.0 4.0 1.0 4.0 2.0 1.0 2.0 
4 6 3.96 3.96 4.0 3.0 4.0 7.0 4.0 7.0 8.0 8.0 8.0 4.0 1.0 4.0 2.0 1.0 2.0 9.0 8.0 9.0 
4 5 3.59 3.59 3.0 3.0 3.0 6.0 2.0 6.0 10.0 9.0 10.0 6.0 4.0 6.0 10.0 7.0 10.0 
4 5 3.75 3.75 8.0 5.0 8.0 3.0 1.0 3.0 9.0 9.0 9.0 5.0 4.0 5.0 4.0 4.0 4.0 
4 5 3.35 3.35 3.0 1.0 3.0 8.0 4.0 8.0 2.0 2.0 2.0 3.0 2.0 3.0 7.0 6.0 7.0 
4 5 3.61 3.61 4.0 4.0 4.0 9.0 8.0 9.0 9.0 2.0 9.0 2.0 2.0 2.0 2.0 1.0 2.0 
4 5 3.37 3.37 5.0 4.0 5.0 9.0 7.0 9.0 2.0 2.0 2.0 5.0 3.0 5.0 5.0 1.0 5.0 
4 6 3.87 3.87 5.0 4.0 5.0 9.0 7.0 9.0 2.0 2.0 2.0 5.0 3.0 5.0 5.0 1.0 5.0 6.0 3.0 6.0 
4 5 3.86 3.86 6.0 6.0 6.0 4.0 4.0 4.0 9.0 6.0 9.0 5.0 4.0 5.0 10.0 4.0 10.0 
4 5 3.44 3.44 7.0 5.0 7.0 10.0 4.0 10.0 3.0 1.0 3.0 4.0 4.0 4.0 3.0 3.0 3.0 
4 5 3.96 3.96 4.0 3.0 4.0 8.0 6.0 8.0 5.0 4.0 5.0 10.0 10.0 10.0 6.0 4.0 6.0 
4 5 3.04 3.04 3.0 2.0 3.0 4.0 2.0 4.0 8.0 7.0 8.0 9.0 6.0 9.0 6.0 2.0 6.0 
4 6 3.93 3.93 3.0 2.0 3.0 4.0 2.0 4.0 8.0 7.0 8.0 9.0 6.0 9.0 6.0 2.0 6.0 9.0 8.0 9.0 
4 5 3.88 3.88 4.0 3.0 4.0 7.0 7.0 7.0 5.0 4.0 5.0 3.0 1.0 3.0 8.0 8.0 8.0 
4 5 3.7 3.7 2.0 2.0 2.0 5.0 3.0 5.0 6.0 3.0 6.0 5.0 3.0 5.0 3.0 3.0 3.0 
4 5 3.67 3.67 9.0 7.0 9.0 2.0 2.0 2.0 10.0 7.0 10.0 5.0 1.0 5.0 2.0 2.0 2.0 
4 5 3.69 3.69 2.0 2.0 2.0 9.0 7.0 9.0 6.0 1.0 6.0 4.0 4.0 4.0 4.0 3.0 4.0 
4 5 3.76 3.76 2.0 1.0 2.0 6.0 4.0 6.0 10.0 6.0 10.0 8.0 8.0 8.0 3.0 3.0 3.0 
4 5 3.11 3.11 7.0 7.0 7.0 2.0 2.0 2.0 9.0 1.0 9.0 6.0 2.0 6.0 6.0 4.0 6.0 
4 5 2.72 2.72 7.0 5.0 7.0 5.0 3.0 5.0 7.0 5.0 7.0 9.0 4.0 9.0 4.0 1.0 4.0 
4 6 3.43 3.43 7.0 5.0 7.0 5.0 3.0 5.0 7.0 5.0 7.0 9.0 4.0 9.0 4.0 1.0 4.0 7.0 5.0 7.0 
4 5 3.65 3.65 5.0 3.0 5.0 4.0 1.0 4.0 10.0 8.0 10.0 2.0 2.0 2.0 7.0 7.0 7.0 
4 5 3.5 3.5 9.0 6.0 9.0 9.0 6.0 9.0 7.0 4.0 7.0 5.0 3.0 5.0 6.0 6.0 6.0 
4 5 3.14 3.14 9.0 6.0 9.0 3.0 2.0 3.0 8.0 6.0 8.0 6.0 4.0 6.0 5.0 2.0 5.0 
4 5 3.33 3.33 3.0 2.0 3.0 10.0 7.0 10.0 5.0 4.0 5.0 6.0 1.0 6.0 5.0 5.0 5.0 
4 5 3.78 3.78 7.0 6.0 7.0 4.0 1.0 4.0 3.0 3.0 3.0 10.0 9.0 10.0 9.0 7.0 9.0 
4 5 3.78 3.78 4.0 3.0 4.0 8.0 6.0 8.0 10.0 10.0 10.0 7.0 2.0 7.0 8.0 8.0 8.0 
4 5 3.6 3.6 4.0 3.0 4.0 6.0 5.0 6.0 5.0 3.0 5.0 3.0 2.0 3.0 4.0 3.0 4.0 
4 5 3.48 3.48 6.0 4.0 6.0 8.0 6.0 8.0 7.0 4.0 7.0 4.0 2.0 4.0 8.0 8.0 8.0 
4 5 3.83 3.83 4.0 4.0 4.0 7.0 5.0 7.0 8.0 1.0 8.0 4.0 4.0 4.0 7.0 7.0 7.0 
4 5 3.43 3.43 4.0 3.0 4.0 2.0 2.0 2.0 4.0 1.0 4.0 6.0 5.0 6.0 10.0 6.0 10.0 
4 5 3.95 3.95 5.0 5.0 5.0 7.0 6.0 7.0 6.0 4.0 6.0 10.0 6.0 10.0 6.0 5.0 6.0 
4 5 4.0 4.0 8.0 5.0 8.0 2.0 2.0 2.0 4.0 4.0 4.0 8.0 3.0 8.0 7.0 7.0 7.0 
4 5 3.81 3.81 10.0 9.0 10.0 8.0 3.0 8.0 8.0 7.0 8.0 4.0 4.0 4.0 6.0 4.0 6.0 
4 5 3.36 3.36 9.0 3.0 9.0 9.0 9.0 9.0 4.0 3.0 4.0 3.0 3.0 3.0 7.0 2.0 7.0 
4 6 3.99 3.99 9.0 3.0 9.0 9.0 9.0 9.0 4.0 3.0 4.0 3.0 3.0 3.0 7.0 2.0 7.0 8.0 5.0 8.0 
4 5 3.67 3.67 5.0 5.0 5.0 7.0 2.0 7.0 9.0 8.0 9.0 6.0 5.0 6.0 6.0 4.0 6.0 
4 5 3.2 3.2 8.0 6.0 8.0 4.0 4.0 4.0 9.0 5.0 9.0 2.0 1.0 2.0 5.0 2.0 5.0 
4 5 3.35 3.35 5.0 3.0 5.0 10.0 4.0 10.0 5.0 3.0 5.0 10.0 10.0 10.0 4.0 3.0 4.0 
4 5 2.9 2.9 5.0 5.0 5.0 4.0 1.0 4.0 8.0 5.0 8.0 7.0 3.0 7.0 10.0 6.0 10.0 
4 6 3.61 3.61 5.0 5.0 5.0 4.0 1.0 4.0 8.0 5.0 8.0 7.0 3.0 7.0 10.0 6.0 10.0 7.0 5.0 7.0 
4 5 3.82 3.82 3.0 3.0 3.0 8.0 5.0 8.0 6.0 5.0 6.0 5.0 4.0 5.0 7.0 4.0 7.0 
4 5 3.73 3.73 7.0 5.0 7.0 2.0 2.0 2.0 5.0 4.0 5.0 9.0 5.0 9.0 6.0 4.0 6.0 
4 5 3.95 3.95 10.0 10.0 10.0 10.0 6.0 10.0 10.0 10.0 10.0 5.0 4.0 5.0 9.0 5.0 9.0 
4 5 3.64 3.64 9.0 6.0 9.0 2.0 2.0 2.0 5.0 3.0 5.0 9.0 6.0 9.0 7.0 5.0 7.0 
4 5 3.53 3.53 3.0 3.0 3.0 7.0 7.0 7.0 3.0 1.0 3.0 6.0 3.0 6.0 10.0 7.0 10.0 
4 5 3.36 3.36 6.0 4.0 6.0 10.0 2.0 10.0 3.0 2.0 3.0 6.0 6.0 6.0 6.0 5.0 6.0 
4 5 3.88 3.88 4.0 3.0 4.0 8.0 4.0 8.0 9.0 8.0 9.0 4.0 3.0 4.0 9.0 9.0 9.0 
4 5 3.91 3.91 4.0 2.0 4.0 3.0 3.0 3.0 6.0 4.0 6.0 10.0 10.0 10.0 8.0 6.0 8.0 
4 5 3.47 3.47 8.0 6.0 8.0 2.0 2.0 2.0 8.0 1.0 8.0 2.0 2.0 2.0 5.0 3.0 5.0 
4 5 3.85 3.85 4.0 3.0 4.0 10.0 6.0 10.0 4.0 3.0 4.0 2.0 2.0 2.0 4.0 3.0 4.0 
4 5 3.82 3.82 7.0 7.0 7.0 4.0 4.0 4.0 8.0 7.0 8.0 5.0 1.0 5.0 4.0 3.0 4.0 
4 5 3.85 3.85 8.0 6.0 8.0 2.0 2.0 2.0 4.0 4.0 4.0 2.0 2.0 2.0 10.0 1.0 10.0 
4 5 3.82 3.82 7.0 7.0 7.0 2.0 2.0 2.0 8.0 7.0 8.0 4.0 1.0 4.0 10.0 7.0 10.0 
4 5 2.99 2.99 8.0 6.0 8.0 10.0 6.0 10.0 6.0 4.0 6.0 8.0 3.0 8.0 5.0 3.0 5.0 
4 6 3.84 3.84 8.0 6.0 8.0 10.0 6.0 10.0 6.0 4.0 6.0 8.0 3.0 8.0 5.0 3.0 5.0 7.0 6.0 7.0 
4 5 3.68 3.68 5.0 3.0 5.0 2.0 2.0 2.0 4.0 3.0 4.0 2.0 1.0 2.0 6.0 5.0 6.0 
4 5 2.9 2.9 5.0 1.0 5.0 10.0 1.0 10.0 6.0 6.0 6.0 5.0 3.0 5.0 4.0 4.0 4.0 
4 6 3.56 3.56 5.0 1.0 5.0 10.0 1.0 10.0 6.0 6.0 6.0 5.0 3.0 5.0 4.0 4.0 4.0 9.0 6.0 9.0 
4 5 3.63 3.63 9.0 3.0 9.0 5.0 4.0 5.0 2.0 2.0 2.0 4.0 2.0 4.0 9.0 9.0 9.0 
4 5 3.68 3.68 5.0 3.0 5.0 4.0 3.0 4.0 2.0 1.0 2.0 2.0 2.0 2.0 6.0 5.0 6.0 
4 5 3.85 3.85 5.0 5.0 5.0 6.0 5.0 6.0 9.0 6.0 9.0 10.0 6.0 10.0 4.0 3.0 4.0 
4 5 3.05 3.05 7.0 5.0 7.0 3.0 2.0 3.0 8.0 3.0 8.0 10.0 8.0 10.0 2.0 1.0 2.0 
4 6 3.88 3.88 7.0 5.0 7.0 3.0 2.0 3.0 8.0 3.0 8.0 10.0 8.0 10.0 2.0 1.0 2.0 6.0 5.0 6.0 
4 5 3.6 3.6 3.0 1.0 3.0 6.0 4.0 6.0 7.0 7.0 7.0 10.0 7.0 10.0 10.0 9.0 10.0 
4 5 3.61 3.61 3.0 1.0 3.0 10.0 5.0 10.0 4.0 4.0 4.0 9.0 7.0 9.0 7.0 7.0 7.0 
4 6 3.94 3.94 3.0 1.0 3.0 10.0 5.0 10.0 4.0 4.0 4.0 9.0 7.0 9.0 7.0 7.0 7.0 9.0 3.0 9.0 
4 5 3.68 3.68 7.0 5.0 7.0 6.0 4.0 6.0 3.0 3.0 3.0 5.0 4.0 5.0 8.0 4.0 8.0 
4 5 3.86 3.86 8.0 6.0 8.0 8.0 7.0 8.0 9.0 7.0 9.0 10.0 8.0 10.0 3.0 2.0 3.0 
4 5 3.52 3.52 9.0 7.0 9.0 10.0 2.0 10.0 5.0 5.0 5.0 4.0 3.0 4.0 5.0 4.0 5.0 
4 5 3.65 3.65 2.0 2.0 2.0 4.0 1.0 4.0 9.0 9.0 9.0 6.0 5.0 6.0 7.0 4.0 7.0 
4 5 3.68 3.68 4.0 3.0 4.0 7.0 5.0 7.0 8.0 6.0 8.0 5.0 4.0 5.0 9.0 6.0 9.0 
4 6 3.96 3.96 4.0 3.0 4.0 7.0 5.0 7.0 8.0 6.0 8.0 5.0 4.0 5.0 9.0 6.0 9.0 7.0 2.0 7.0 
4 5 3.9 3.9 4.0 3.0 4.0 4.0 3.0 4.0 10.0 9.0 10.0 3.0 3.0 3.0 2.0 1.0 2.0 
4 5 3.71 3.71 5.0 3.0 5.0 5.0 4.0 5.0 7.0 5.0 7.0 9.0 8.0 9.0 7.0 5.0 7.0 
4 5 3.99 3.99 6.0 5.0 6.0 7.0 4.0 7.0 7.0 5.0 7.0 8.0 7.0 8.0 6.0 6.0 6.0 
4 5 3.08 3.08 4.0 3.0 4.0 7.0 7.0 7.0 4.0 3.0 4.0 3.0 1.0 3.0 4.0 1.0 4.0 
4 6 3.58 3.58 4.0 3.0 4.0 7.0 7.0 7.0 4.0 3.0 4.0 3.0 1.0 3.0 4.0 1.0 4.0 8.0 4.0 8.0 
4 5 3.94 3.94 5.0 4.0 5.0 8.0 7.0 8.0 5.0 3.0 5.0 4.0 4.0 4.0 6.0 4.0 6.0 
4 5 3.85 3.85 9.0 8.0 9.0 7.0 5.0 7.0 5.0 5.0 5.0 4.0 1.0 4.0 10.0 10.0 10.0 
4 5 3.3 3.3 7.0 1.0 7.0 5.0 4.0 5.0 4.0 3.0 4.0 4.0 3.0 4.0 7.0 6.0 7.0 
4 5 3.95 3.95 10.0 7.0 10.0 2.0 2.0 2.0 10.0 7.0 10.0 4.0 3.0 4.0 5.0 4.0 5.0 
4 5 3.81 3.81 2.0 2.0 2.0 6.0 5.0 6.0 9.0 1.0 9.0 8.0 7.0 8.0 9.0 9.0 9.0 
4 5 3.3 3.3 8.0 6.0 8.0 5.0 3.0 5.0 6.0 4.0 6.0 8.0 5.0 8.0 9.0 6.0 9.0 
4 5 3.85 3.85 10.0 7.0 10.0 4.0 3.0 4.0 2.0 2.0 2.0 5.0 2.0 5.0 7.0 7.0 7.0 
4 5 3.51 3.51 6.0 6.0 6.0 2.0 2.0 2.0 4.0 1.0 4.0 5.0 3.0 5.0 6.0 4.0 6.0 
4 5 3.5 3.5 2.0 1.0 2.0 6.0 6.0 6.0 4.0 2.0 4.0 2.0 1.0 2.0 3.0 3.0 3.0 
4 5 3.33 3.33 5.0 2.0 5.0 9.0 9.0 9.0 6.0 4.0 6.0 10.0 6.0 10.0 6.0 4.0 6.0 
4 5 3.61 3.61 2.0 2.0 2.0 9.0 5.0 9.0 6.0 5.0 6.0 9.0 5.0 9.0 9.0 6.0 9.0 
4 5 3.8 3.8 4.0 4.0 4.0 3.0 3.0 3.0 7.0 6.0 7.0 10.0 7.0 10.0 8.0 2.0 8.0 
4 5 3.94 3.94 3.0 3.0 3.0 8.0 3.0 8.0 10.0 9.0 10.0 2.0 2.0 2.0 3.0 2.0 3.0 
4 5 3.52 3.52 3.0 3.0 3.0 6.0 5.0 6.0 9.0 6.0 9.0 4.0 1.0 4.0 9.0 7.0 9.0 
4 5 3.61 3.61 3.0 1.0 3.0 6.0 5.0 6.0 9.0 7.0 9.0 3.0 3.0 3.0 3.0 2.0 3.0 
4 5 3.59 3.59 10.0 7.0 10.0 5.0 3.0 5.0 9.0 6.0 9.0 8.0 5.0 8.0 5.0 5.0 5.0 
4 5 3.97 3.97 9.0 6.0 9.0 2.0 2.0 2.0 4.0 3.0 4.0 9.0 8.0 9.0 3.0 2.0 3.0 
4 5 3.79 3.79 7.0 6.0 7.0 3.0 1.0 3.0 4.0 3.0 4.0 7.0 6.0 7.0 4.0 4.0 4.0 
4 5 3.67 3.67 4.0 4.0 4.0 8.0 7.0 8.0 2.0 1.0 2.0 10.0 7.0 10.0 10.0 6.0 10.0 
4 5 3.79 3.79 2.0 2.0 2.0 7.0 2.0 7.0 8.0 5.0 8.0 2.0 2.0 2.0 9.0 8.0 9.0 
4 5 3.4 3.4 3.0 3.0 3.0 9.0 9.0 9.0 9.0 6.0 9.0 10.0 4.0 10.0 9.0 3.0 9.0 
4 5 3.49 3.49 7.0 1.0 7.0 3.0 3.0 3.0 8.0 6.0 8.0 8.0 8.0 8.0 10.0 6.0 10.0 
4 5 3.87 3.87 3.0 3.0 3.0 3.0 2.0 3.0 3.0 1.0 3.0 8.0 7.0 8.0 8.0 8.0 8.0 
4 5 2.73 2.73 6.0 6.0 6.0 9.0 1.0 9.0 5.0 1.0 5.0 8.0 5.0 8.0 5.0 4.0 5.0 
4 6 3.73 3.73 6.0 6.0 6.0 9.0 1.0 9.0 5.0 1.0 5.0 8.0 5.0 8.0 5.0 4.0 5.0 10.0 10.0 10.0 
4 5 3.81 3.81 5.0 4.0 5.0 5.0 3.0 5.0 4.0 3.0 4.0 6.0 4.0 6.0 4.0 4.0 4.0 
4 6 3.95 3.95 5.0 4.0 5.0 5.0 3.0 5.0 4.0 3.0 4.0 6.0 4.0 6.0 4.0 4.0 4.0 7.0 1.0 7.0 
4 5 3.83 3.83 6.0 4.0 6.0 3.0 3.0 3.0 9.0 6.0 9.0 6.0 4.0 6.0 6.0 5.0 6.0 
4 5 3.87 3.87 9.0 8.0 9.0 10.0 7.0 10.0 7.0 2.0 7.0 4.0 4.0 4.0 3.0 3.0 3.0 
4 5 3.58 3.58 9.0 8.0 9.0 9.0 7.0 9.0 3.0 3.0 3.0 9.0 6.0 9.0 8.0 2.0 8.0 
4 5 3.59 3.59 9.0 9.0 9.0 9.0 6.0 9.0 8.0 7.0 8.0 7.0 6.0 7.0 5.0 1.0 5.0 
4 6 3.93 3.93 9.0 9.0 9.0 9.0 6.0 9.0 8.0 7.0 8.0 7.0 6.0 7.0 5.0 1.0 5.0 6.0 2.0 6.0 
4 5 3.86 3.86 9.0 6.0 9.0 5.0 4.0 5.0 10.0 8.0 10.0 5.0 3.0 5.0 4.0 4.0 4.0 
4 5 3.2 3.2 9.0 1.0 9.0 9.0 7.0 9.0 10.0 9.0 10.0 4.0 3.0 4.0 3.0 2.0 3.0 
4 6 3.6 3.6 9.0 1.0 9.0 9.0 7.0 9.0 10.0 9.0 10.0 4.0 3.0 4.0 3.0 2.0 3.0 10.0 4.0 10.0 
4 5 3.57 3.57 10.0 8.0 10.0 6.0 4.0 6.0 9.0 7.0 9.0 3.0 2.0 3.0 9.0 6.0 9.0 
4 5 3.59 3.59 3.0 2.0 3.0 2.0 2.0 2.0 5.0 4.0 5.0 8.0 1.0 8.0 5.0 5.0 5.0 
4 5 3.58 3.58 2.0 2.0 2.0 3.0 2.0 3.0 2.0 2.0 2.0 6.0 1.0 6.0 4.0 3.0 4.0 
4 5 3.37 3.37 3.0 3.0 3.0 7.0 1.0 7.0 2.0 2.0 2.0 5.0 2.0 5.0 6.0 5.0 6.0 
4 6 3.94 3.94 3.0 3.0 3.0 7.0 1.0 7.0 2.0 2.0 2.0 5.0 2.0 5.0 6.0 5.0 6.0 7.0 4.0 7.0 
4 5 4.0 4.0 5.0 5.0 5.0 6.0 5.0 6.0 10.0 7.0 10.0 3.0 2.0 3.0 5.0 4.0 5.0 
4 5 3.85 3.85 2.0 2.0 2.0 4.0 1.0 4.0 3.0 3.0 3.0 5.0 3.0 5.0 2.0 2.0 2.0 
4 5 3.52 3.52 6.0 1.0 6.0 4.0 4.0 4.0 2.0 1.0 2.0 7.0 6.0 7.0 2.0 2.0 2.0 
4 5 3.13 3.13 2.0 2.0 2.0 5.0 4.0 5.0 7.0 3.0 7.0 8.0 5.0 8.0 7.0 2.0 7.0 
4 5 3.48 3.48 6.0 4.0 6.0 4.0 4.0 4.0 7.0 5.0 7.0 10.0 1.0 10.0 2.0 2.0 2.0 
4 5 3.29 3.29 8.0 5.0 8.0 7.0 4.0 7.0 5.0 5.0 5.0 5.0 3.0 5.0 2.0 1.0 2.0 
4 5 3.9 3.9 2.0 1.0 2.0 8.0 8.0 8.0 2.0 2.0 2.0 10.0 6.0 10.0 5.0 4.0 5.0 
4 5 3.93 3.93 9.0 8.0 9.0 8.0 7.0 8.0 6.0 5.0 6.0 6.0 4.0 6.0 3.0 2.0 3.0 
4 5 2.63 2.63 4.0 3.0 4.0 8.0 4.0 8.0 7.0 4.0 7.0 9.0 1.0 9.0 10.0 7.0 10.0 
4 6 3.63 3.63 4.0 3.0 4.0 8.0 4.0 8.0 7.0 4.0 7.0 9.0 1.0 9.0 10.0 7.0 10.0 8.0 8.0 8.0 
4 5 3.45 3.45 2.0 2.0 2.0 10.0 9.0 10.0 10.0 5.0 10.0 5.0 4.0 5.0 8.0 2.0 8.0 
4 5 3.87 3.87 7.0 4.0 7.0 8.0 6.0 8.0 8.0 8.0 8.0 8.0 6.0 8.0 5.0 4.0 5.0 
4 5 3.55 3.55 9.0 6.0 9.0 8.0 5.0 8.0 3.0 2.0 3.0 5.0 4.0 5.0 10.0 8.0 10.0 
4 5 2.92 2.92 4.0 4.0 4.0 6.0 2.0 6.0 3.0 2.0 3.0 7.0 1.0 7.0 9.0 7.0 9.0 
4 6 3.54 3.54 4.0 4.0 4.0 6.0 2.0 6.0 3.0 2.0 3.0 7.0 1.0 7.0 9.0 7.0 9.0 8.0 5.0 8.0 
4 5 2.66 2.66 4.0 3.0 4.0 6.0 4.0 6.0 5.0 3.0 5.0 5.0 1.0 5.0 9.0 4.0 9.0 
4 6 2.91 2.91 4.0 3.0 4.0 6.0 4.0 6.0 5.0 3.0 5.0 5.0 1.0 5.0 9.0 4.0 9.0 8.0 2.0 8.0 
4 7 3.91 3.91 4.0 3.0 4.0 6.0 4.0 6.0 5.0 3.0 5.0 5.0 1.0 5.0 9.0 4.0 9.0 8.0 2.0 8.0 2.0 2.0 2.0 
4 5 3.42 3.42 4.0 4.0 4.0 10.0 2.0 10.0 5.0 4.0 5.0 7.0 4.0 7.0 7.0 6.0 7.0 
4 5 3.17 3.17 10.0 6.0 10.0 10.0 7.0 10.0 8.0 6.0 8.0 8.0 5.0 8.0 6.0 3.0 6.0 
4 5 3.75 3.75 4.0 2.0 4.0 9.0 6.0 9.0 8.0 7.0 8.0 7.0 7.0 7.0 7.0 5.0 7.0 
4 5 3.93 3.93 3.0 2.0 3.0 7.0 5.0 7.0 4.0 3.0 4.0 10.0 8.0 10.0 5.0 5.0 5.0 
4 5 3.05 3.05 8.0 5.0 8.0 3.0 2.0 3.0 3.0 2.0 3.0 5.0 3.0 5.0 2.0 1.0 2.0 
4 5 3.97 3.97 4.0 3.0 4.0 9.0 5.0 9.0 2.0 2.0 2.0 5.0 5.0 5.0 3.0 2.0 3.0 
4 5 3.55 3.55 9.0 5.0 9.0 8.0 5.0 8.0 3.0 3.0 3.0 9.0 9.0 9.0 8.0 3.0 8.0 
4 5 3.71 3.71 10.0 4.0 10.0 10.0 9.0 10.0 9.0 6.0 9.0 4.0 3.0 4.0 5.0 5.0 5.0 
4 5 3.62 3.62 3.0 2.0 3.0 10.0 7.0 10.0 8.0 5.0 8.0 7.0 6.0 7.0 9.0 7.0 9.0 
4 5 3.83 3.83 6.0 5.0 6.0 10.0 9.0 10.0 10.0 6.0 10.0 9.0 9.0 9.0 6.0 3.0 6.0 
4 5 3.36 3.36 10.0 10.0 10.0 5.0 5.0 5.0 3.0 1.0 3.0 10.0 7.0 10.0 9.0 3.0 9.0 
4 5 3.64 3.64 9.0 6.0 9.0 8.0 5.0 8.0 5.0 3.0 5.0 4.0 3.0 4.0 2.0 2.0 2.0 
4 5 3.53 3.53 5.0 4.0 5.0 10.0 7.0 10.0 6.0 5.0 6.0 5.0 3.0 5.0 10.0 6.0 10.0 
4 5 3.51 3.51 4.0 4.0 4.0 3.0 2.0 3.0 4.0 2.0 4.0 4.0 3.0 4.0 10.0 6.0 10.0 
4 5 3.49 3.49 4.0 3.0 4.0 10.0 10.0 10.0 7.0 4.0 7.0 4.0 3.0 4.0 7.0 3.0 7.0 
4 5 3.72 3.72 9.0 8.0 9.0 8.0 7.0 8.0 4.0 4.0 4.0 6.0 5.0 6.0 8.0 1.0 8.0 
4 5 3.95 3.95 7.0 6.0 7.0 2.0 2.0 2.0 5.0 4.0 5.0 5.0 4.0 5.0 4.0 2.0 4.0 
4 5 3.6 3.6 7.0 4.0 7.0 4.0 3.0 4.0 10.0 8.0 10.0 7.0 6.0 7.0 8.0 5.0 8.0 
4 5 3.5 3.5 9.0 7.0 9.0 8.0 7.0 8.0 10.0 8.0 10.0 6.0 2.0 6.0 7.0 5.0 7.0 
4 5 3.2 3.2 6.0 2.0 6.0 4.0 2.0 4.0 8.0 5.0 8.0 4.0 4.0 4.0 8.0 6.0 8.0 
4 6 3.45 3.45 6.0 2.0 6.0 4.0 2.0 4.0 8.0 5.0 8.0 4.0 4.0 4.0 8.0 6.0 8.0 4.0 1.0 4.0 
4 5 4.0 4.0 10.0 4.0 10.0 10.0 6.0 10.0 3.0 3.0 3.0 2.0 2.0 2.0 2.0 2.0 2.0 
4 5 3.98 3.98 3.0 2.0 3.0 8.0 5.0 8.0 3.0 3.0 3.0 5.0 4.0 5.0 9.0 8.0 9.0 
4 5 3.7 3.7 4.0 3.0 4.0 7.0 5.0 7.0 9.0 4.0 9.0 5.0 4.0 5.0 3.0 3.0 3.0 
4 5 3.77 3.77 3.0 2.0 3.0 8.0 6.0 8.0 8.0 8.0 8.0 5.0 4.0 5.0 9.0 5.0 9.0 
4 5 3.99 3.99 7.0 6.0 7.0 6.0 5.0 6.0 9.0 6.0 9.0 7.0 6.0 7.0 9.0 7.0 9.0 
4 5 3.85 3.85 3.0 2.0 3.0 7.0 7.0 7.0 7.0 6.0 7.0 3.0 1.0 3.0 3.0 3.0 3.0 
4 5 3.61 3.61 9.0 5.0 9.0 7.0 5.0 7.0 5.0 4.0 5.0 4.0 3.0 4.0 5.0 4.0 5.0 
4 5 3.77 3.77 10.0 5.0 10.0 2.0 2.0 2.0 9.0 7.0 9.0 2.0 1.0 2.0 5.0 5.0 5.0 
4 5 3.86 3.86 5.0 3.0 5.0 3.0 3.0 3.0 4.0 4.0 4.0 3.0 2.0 3.0 5.0 3.0 5.0 
4 5 3.5 3.5 8.0 5.0 8.0 4.0 3.0 4.0 2.0 2.0 2.0 8.0 5.0 8.0 2.0 1.0 2.0 
4 5 3.59 3.59 4.0 3.0 4.0 9.0 5.0 9.0 9.0 9.0 9.0 3.0 2.0 3.0 8.0 5.0 8.0 
4 5 3.66 3.66 3.0 2.0 3.0 9.0 8.0 9.0 2.0 2.0 2.0 6.0 2.0 6.0 9.0 7.0 9.0 
4 5 3.97 3.97 10.0 8.0 10.0 8.0 5.0 8.0 5.0 4.0 5.0 8.0 8.0 8.0 8.0 6.0 8.0 
4 5 3.04 3.04 6.0 4.0 6.0 9.0 2.0 9.0 7.0 4.0 7.0 8.0 6.0 8.0 6.0 5.0 6.0 
4 6 3.54 3.54 6.0 4.0 6.0 9.0 2.0 9.0 7.0 4.0 7.0 8.0 6.0 8.0 6.0 5.0 6.0 2.0 1.0 2.0 
4 7 3.94 3.94 6.0 4.0 6.0 9.0 2.0 9.0 7.0 4.0 7.0 8.0 6.0 8.0 6.0 5.0 6.0 2.0 1.0 2.0 5.0 2.0 5.0 
4 5 3.93 3.93 6.0 4.0 6.0 2.0 2.0 2.0 6.0 4.0 6.0 5.0 3.0 5.0 2.0 2.0 2.0 
4 5 3.65 3.65 3.0 3.0 3.0 7.0 7.0 7.0 5.0 2.0 5.0 10.0 7.0 10.0 9.0 5.0 9.0 
4 5 3.92 3.92 5.0 5.0 5.0 10.0 6.0 10.0 10.0 8.0 10.0 9.0 6.0 9.0 7.0 6.0 7.0 
4 5 3.77 3.77 6.0 6.0 6.0 9.0 2.0 9.0 4.0 3.0 4.0 10.0 8.0 10.0 3.0 3.0 3.0 
4 5 3.37 3.37 5.0 3.0 5.0 2.0 2.0 2.0 4.0 3.0 4.0 9.0 2.0 9.0 5.0 4.0 5.0 
4 5 3.76 3.76 3.0 3.0 3.0 5.0 5.0 5.0 2.0 1.0 2.0 9.0 5.0 9.0 7.0 5.0 7.0 
4 5 3.59 3.59 10.0 8.0 10.0 8.0 4.0 8.0 8.0 8.0 8.0 8.0 5.0 8.0 6.0 4.0 6.0 
4 5 3.45 3.45 4.0 4.0 4.0 6.0 1.0 6.0 3.0 3.0 3.0 10.0 10.0 10.0 7.0 2.0 7.0 
4 6 3.78 3.78 4.0 4.0 4.0 6.0 1.0 6.0 3.0 3.0 3.0 10.0 10.0 10.0 7.0 2.0 7.0 6.0 2.0 6.0 
4 5 3.66 3.66 9.0 1.0 9.0 4.0 3.0 4.0 10.0 10.0 10.0 4.0 4.0 4.0 10.0 8.0 10.0 
4 5 3.69 3.69 7.0 7.0 7.0 8.0 5.0 8.0 5.0 2.0 5.0 9.0 6.0 9.0 5.0 5.0 5.0 
4 5 3.2 3.2 9.0 4.0 9.0 6.0 5.0 6.0 5.0 4.0 5.0 8.0 1.0 8.0 4.0 4.0 4.0 
4 6 3.32 3.32 9.0 4.0 9.0 6.0 5.0 6.0 5.0 4.0 5.0 8.0 1.0 8.0 4.0 4.0 4.0 8.0 1.0 8.0 
4 5 3.23 3.23 2.0 1.0 2.0 9.0 3.0 9.0 10.0 10.0 10.0 5.0 4.0 5.0 10.0 6.0 10.0 
4 6 3.73 3.73 2.0 1.0 2.0 9.0 3.0 9.0 10.0 10.0 10.0 5.0 4.0 5.0 10.0 6.0 10.0 6.0 3.0 6.0 
4 5 3.4 3.4 4.0 4.0 4.0 8.0 5.0 8.0 4.0 3.0 4.0 7.0 1.0 7.0 9.0 8.0 9.0 
4 5 3.75 3.75 5.0 5.0 5.0 10.0 6.0 10.0 8.0 6.0 8.0 10.0 4.0 10.0 3.0 3.0 3.0 
4 5 3.4 3.4 8.0 5.0 8.0 4.0 3.0 4.0 5.0 1.0 5.0 3.0 3.0 3.0 6.0 5.0 6.0 
4 5 3.87 3.87 7.0 6.0 7.0 9.0 8.0 9.0 5.0 5.0 5.0 2.0 1.0 2.0 8.0 5.0 8.0 
4 6 3.99 3.99 7.0 6.0 7.0 9.0 8.0 9.0 5.0 5.0 5.0 2.0 1.0 2.0 8.0 5.0 8.0 8.0 1.0 8.0 
4 5 3.54 3.54 7.0 5.0 7.0 3.0 1.0 3.0 6.0 6.0 6.0 8.0 6.0 8.0 4.0 3.0 4.0 
4 5 3.71 3.71 8.0 6.0 8.0 8.0 6.0 8.0 3.0 2.0 3.0 6.0 5.0 6.0 7.0 5.0 7.0 
4 5 3.6 3.6 3.0 2.0 3.0 5.0 5.0 5.0 7.0 5.0 7.0 3.0 2.0 3.0 9.0 5.0 9.0 
4 5 4.0 4.0 2.0 2.0 2.0 8.0 5.0 8.0 4.0 3.0 4.0 4.0 4.0 4.0 8.0 5.0 8.0 
4 5 3.94 3.94 9.0 7.0 9.0 10.0 9.0 10.0 4.0 4.0 4.0 5.0 3.0 5.0 6.0 4.0 6.0 
4 5 3.63 3.63 3.0 3.0 3.0 3.0 3.0 3.0 4.0 3.0 4.0 9.0 3.0 9.0 9.0 5.0 9.0 
4 5 3.62 3.62 5.0 4.0 5.0 3.0 3.0 3.0 4.0 1.0 4.0 7.0 7.0 7.0 7.0 4.0 7.0 
4 5 3.98 3.98 4.0 4.0 4.0 10.0 9.0 10.0 10.0 8.0 10.0 7.0 7.0 7.0 7.0 2.0 7.0 
4 5 3.63 3.63 2.0 2.0 2.0 6.0 2.0 6.0 4.0 3.0 4.0 9.0 5.0 9.0 3.0 3.0 3.0 
4 5 4.0 4.0 5.0 5.0 5.0 9.0 7.0 9.0 3.0 2.0 3.0 9.0 5.0 9.0 3.0 3.0 3.0 
4 5 3.67 3.67 7.0 3.0 7.0 3.0 2.0 3.0 10.0 7.0 10.0 3.0 3.0 3.0 8.0 7.0 8.0 
4 5 4.0 4.0 6.0 6.0 6.0 4.0 4.0 4.0 6.0 3.0 6.0 8.0 8.0 8.0 2.0 1.0 2.0 
4 5 3.91 3.91 4.0 3.0 4.0 5.0 5.0 5.0 3.0 2.0 3.0 10.0 5.0 10.0 6.0 6.0 6.0 
4 5 3.88 3.88 5.0 4.0 5.0 7.0 5.0 7.0 6.0 5.0 6.0 3.0 2.0 3.0 8.0 7.0 8.0 
4 5 3.04 3.04 8.0 5.0 8.0 4.0 3.0 4.0 5.0 1.0 5.0 10.0 9.0 10.0 7.0 4.0 7.0 
4 5 3.96 3.96 2.0 1.0 2.0 4.0 3.0 4.0 3.0 3.0 3.0 7.0 5.0 7.0 3.0 3.0 3.0 
4 5 3.03 3.03 3.0 3.0 3.0 5.0 1.0 5.0 3.0 1.0 3.0 8.0 6.0 8.0 4.0 3.0 4.0 
4 5 3.63 3.63 5.0 4.0 5.0 6.0 5.0 6.0 9.0 6.0 9.0 3.0 2.0 3.0 3.0 2.0 3.0 
4 5 3.88 3.88 10.0 10.0 10.0 6.0 4.0 6.0 5.0 5.0 5.0 10.0 5.0 10.0 7.0 5.0 7.0 
4 5 3.77 3.77 10.0 7.0 10.0 8.0 5.0 8.0 4.0 3.0 4.0 3.0 3.0 3.0 10.0 7.0 10.0 
4 5 3.57 3.57 10.0 8.0 10.0 4.0 3.0 4.0 6.0 4.0 6.0 2.0 1.0 2.0 7.0 6.0 7.0 
4 5 3.95 3.95 10.0 8.0 10.0 10.0 8.0 10.0 4.0 3.0 4.0 10.0 6.0 10.0 6.0 6.0 6.0 
4 5 3.41 3.41 10.0 7.0 10.0 7.0 5.0 7.0 10.0 6.0 10.0 8.0 5.0 8.0 9.0 7.0 9.0 
4 5 3.89 3.89 8.0 3.0 8.0 7.0 6.0 7.0 3.0 3.0 3.0 2.0 2.0 2.0 3.0 2.0 3.0 
4 5 3.82 3.82 4.0 3.0 4.0 6.0 5.0 6.0 7.0 4.0 7.0 9.0 6.0 9.0 4.0 4.0 4.0 
4 5 3.95 3.95 8.0 8.0 8.0 3.0 1.0 3.0 7.0 7.0 7.0 4.0 3.0 4.0 8.0 7.0 8.0 
4 5 3.3 3.3 10.0 3.0 10.0 9.0 5.0 9.0 10.0 7.0 10.0 8.0 6.0 8.0 9.0 9.0 9.0 
4 6 3.9 3.9 10.0 3.0 10.0 9.0 5.0 9.0 10.0 7.0 10.0 8.0 6.0 8.0 9.0 9.0 9.0 5.0 3.0 5.0 
4 5 3.45 3.45 10.0 3.0 10.0 2.0 2.0 2.0 8.0 6.0 8.0 5.0 3.0 5.0 5.0 4.0 5.0 
4 5 3.3 3.3 3.0 1.0 3.0 4.0 3.0 4.0 9.0 8.0 9.0 6.0 4.0 6.0 9.0 6.0 9.0 
4 5 3.36 3.36 8.0 5.0 8.0 8.0 3.0 8.0 7.0 4.0 7.0 10.0 9.0 10.0 9.0 8.0 9.0 
4 5 3.89 3.89 3.0 2.0 3.0 9.0 6.0 9.0 3.0 3.0 3.0 6.0 4.0 6.0 10.0 9.0 10.0 
4 5 3.83 3.83 9.0 7.0 9.0 2.0 2.0 2.0 9.0 5.0 9.0 6.0 5.0 6.0 6.0 4.0 6.0 
4 5 3.7 3.7 6.0 3.0 6.0 2.0 2.0 2.0 5.0 3.0 5.0 5.0 3.0 5.0 3.0 3.0 3.0 
4 5 3.19 3.19 6.0 4.0 6.0 7.0 5.0 7.0 3.0 2.0 3.0 2.0 2.0 2.0 7.0 1.0 7.0 
4 6 3.85 3.85 6.0 4.0 6.0 7.0 5.0 7.0 3.0 2.0 3.0 2.0 2.0 2.0 7.0 1.0 7.0 6.0 4.0 6.0 
4 5 3.9 3.9 8.0 5.0 8.0 9.0 7.0 9.0 4.0 3.0 4.0 4.0 3.0 4.0 4.0 4.0 4.0 
4 5 3.75 3.75 10.0 8.0 10.0 8.0 1.0 8.0 6.0 5.0 6.0 2.0 2.0 2.0 2.0 2.0 2.0 
4 5 3.92 3.92 3.0 3.0 3.0 7.0 7.0 7.0 3.0 3.0 3.0 10.0 7.0 10.0 9.0 2.0 9.0 
4 5 3.87 3.87 8.0 7.0 8.0 9.0 6.0 9.0 2.0 2.0 2.0 5.0 5.0 5.0 3.0 1.0 3.0 
4 5 3.95 3.95 6.0 5.0 6.0 6.0 4.0 6.0 2.0 2.0 2.0 6.0 5.0 6.0 8.0 5.0 8.0 
4 5 3.43 3.43 6.0 5.0 6.0 3.0 1.0 3.0 4.0 3.0 4.0 7.0 5.0 7.0 5.0 4.0 5.0 
4 5 3.36 3.36 6.0 1.0 6.0 9.0 9.0 9.0 8.0 8.0 8.0 7.0 4.0 7.0 8.0 5.0 8.0 
4 5 3.98 3.98 10.0 6.0 10.0 2.0 2.0 2.0 2.0 2.0 2.0 7.0 5.0 7.0 6.0 4.0 6.0 
4 5 3.66 3.66 9.0 7.0 9.0 9.0 7.0 9.0 10.0 8.0 10.0 4.0 3.0 4.0 9.0 5.0 9.0 
4 5 3.76 3.76 2.0 1.0 2.0 2.0 2.0 2.0 10.0 8.0 10.0 5.0 4.0 5.0 3.0 2.0 3.0 
4 5 2.75 2.75 8.0 1.0 8.0 6.0 1.0 6.0 5.0 4.0 5.0 6.0 4.0 6.0 6.0 6.0 6.0 
4 6 3.75 3.75 8.0 1.0 8.0 6.0 1.0 6.0 5.0 4.0 5.0 6.0 4.0 6.0 6.0 6.0 6.0 4.0 4.0 4.0 
4 5 3.98 3.98 7.0 6.0 7.0 8.0 6.0 8.0 4.0 2.0 4.0 3.0 3.0 3.0 8.0 7.0 8.0 
4 5 3.87 3.87 7.0 5.0 7.0 9.0 8.0 9.0 10.0 9.0 10.0 5.0 4.0 5.0 7.0 4.0 7.0 
4 5 3.16 3.16 10.0 5.0 10.0 8.0 3.0 8.0 8.0 5.0 8.0 6.0 4.0 6.0 6.0 6.0 6.0 
4 6 3.83 3.83 10.0 5.0 10.0 8.0 3.0 8.0 8.0 5.0 8.0 6.0 4.0 6.0 6.0 6.0 6.0 3.0 2.0 3.0 
4 5 3.98 3.98 5.0 3.0 5.0 3.0 3.0 3.0 9.0 5.0 9.0 2.0 2.0 2.0 6.0 5.0 6.0 
4 5 4.0 4.0 4.0 3.0 4.0 4.0 1.0 4.0 2.0 2.0 2.0 2.0 2.0 2.0 6.0 6.0 6.0 
4 5 3.17 3.17 8.0 2.0 8.0 10.0 9.0 10.0 8.0 1.0 8.0 4.0 4.0 4.0 10.0 9.0 10.0 
4 6 3.97 3.97 8.0 2.0 8.0 10.0 9.0 10.0 8.0 1.0 8.0 4.0 4.0 4.0 10.0 9.0 10.0 5.0 4.0 5.0 
4 5 3.46 3.46 8.0 2.0 8.0 5.0 4.0 5.0 10.0 7.0 10.0 7.0 5.0 7.0 10.0 10.0 10.0 
4 5 3.32 3.32 9.0 5.0 9.0 9.0 9.0 9.0 10.0 6.0 10.0 7.0 7.0 7.0 6.0 1.0 6.0 
4 6 3.98 3.98 9.0 5.0 9.0 9.0 9.0 9.0 10.0 6.0 10.0 7.0 7.0 7.0 6.0 1.0 6.0 6.0 4.0 6.0 
4 5 3.45 3.45 6.0 5.0 6.0 8.0 3.0 8.0 5.0 5.0 5.0 4.0 1.0 4.0 2.0 2.0 2.0 
4 5 3.32 3.32 2.0 2.0 2.0 5.0 3.0 5.0 3.0 3.0 3.0 9.0 2.0 9.0 4.0 2.0 4.0 
4 5 3.54 3.54 8.0 5.0 8.0 4.0 1.0 4.0 2.0 2.0 2.0 3.0 2.0 3.0 5.0 5.0 5.0 
4 5 3.63 3.63 10.0 7.0 10.0 8.0 8.0 8.0 5.0 3.0 5.0 3.0 1.0 3.0 2.0 2.0 2.0 
4 5 3.85 3.85 7.0 6.0 7.0 6.0 2.0 6.0 9.0 6.0 9.0 2.0 2.0 2.0 7.0 7.0 7.0 
4 5 3.67 3.67 8.0 7.0 8.0 6.0 5.0 6.0 3.0 3.0 3.0 9.0 6.0 9.0 10.0 3.0 10.0 
4 5 3.56 3.56 7.0 1.0 7.0 6.0 4.0 6.0 7.0 6.0 7.0 5.0 5.0 5.0 10.0 9.0 10.0 
4 5 3.81 3.81 3.0 3.0 3.0 3.0 2.0 3.0 5.0 3.0 5.0 4.0 3.0 4.0 10.0 8.0 10.0 
4 5 3.9 3.9 5.0 4.0 5.0 8.0 5.0 8.0 3.0 3.0 3.0 7.0 6.0 7.0 8.0 5.0 8.0 
4 5 3.41 3.41 10.0 7.0 10.0 7.0 6.0 7.0 7.0 5.0 7.0 7.0 1.0 7.0 8.0 8.0 8.0 
4 5 3.43 3.43 5.0 3.0 5.0 6.0 1.0 6.0 8.0 8.0 8.0 3.0 2.0 3.0 5.0 5.0 5.0 
4 5 3.82 3.82 8.0 5.0 8.0 2.0 2.0 2.0 3.0 3.0 3.0 5.0 1.0 5.0 4.0 4.0 4.0 
4 5 3.41 3.41 6.0 4.0 6.0 10.0 9.0 10.0 4.0 1.0 4.0 10.0 6.0 10.0 6.0 6.0 6.0 
4 6 3.75 3.75 6.0 4.0 6.0 10.0 9.0 10.0 4.0 1.0 4.0 10.0 6.0 10.0 6.0 6.0 6.0 6.0 2.0 6.0 
4 5 3.87 3.87 3.0 3.0 3.0 8.0 3.0 8.0 10.0 9.0 10.0 5.0 3.0 5.0 5.0 5.0 5.0 
4 5 3.84 3.84 10.0 9.0 10.0 4.0 3.0 4.0 7.0 4.0 7.0 6.0 6.0 6.0 8.0 5.0 8.0 
4 5 3.92 3.92 8.0 6.0 8.0 8.0 6.0 8.0 7.0 6.0 7.0 6.0 4.0 6.0 10.0 9.0 10.0 
4 5 3.57 3.57 5.0 4.0 5.0 6.0 6.0 6.0 5.0 3.0 5.0 5.0 3.0 5.0 7.0 4.0 7.0 
4 5 3.92 3.92 9.0 8.0 9.0 2.0 2.0 2.0 2.0 1.0 2.0 6.0 5.0 6.0 10.0 7.0 10.0 
4 5 3.77 3.77 3.0 2.0 3.0 4.0 1.0 4.0 3.0 3.0 3.0 8.0 8.0 8.0 7.0 6.0 7.0 
4 5 3.9 3.9 2.0 2.0 2.0 9.0 7.0 9.0 9.0 7.0 9.0 4.0 3.0 4.0 5.0 3.0 5.0 
4 5 3.93 3.93 9.0 7.0 9.0 7.0 6.0 7.0 6.0 6.0 6.0 10.0 5.0 10.0 5.0 4.0 5.0 
4 5 3.13 3.13 7.0 5.0 7.0 4.0 3.0 4.0 8.0 6.0 8.0 7.0 1.0 7.0 9.0 7.0 9.0 
4 5 3.75 3.75 10.0 10.0 10.0 8.0 6.0 8.0 9.0 6.0 9.0 3.0 1.0 3.0 2.0 2.0 2.0 
4 5 3.39 3.39 5.0 3.0 5.0 9.0 2.0 9.0 5.0 5.0 5.0 7.0 4.0 7.0 2.0 2.0 2.0 
4 6 3.72 3.72 5.0 3.0 5.0 9.0 2.0 9.0 5.0 5.0 5.0 7.0 4.0 7.0 2.0 2.0 2.0 3.0 1.0 3.0 
4 5 3.86 3.86 9.0 6.0 9.0 8.0 6.0 8.0 6.0 4.0 6.0 9.0 7.0 9.0 7.0 7.0 7.0 
4 5 3.8 3.8 2.0 2.0 2.0 8.0 6.0 8.0 7.0 4.0 7.0 8.0 5.0 8.0 7.0 6.0 7.0 
4 5 3.87 3.87 3.0 3.0 3.0 8.0 7.0 8.0 7.0 7.0 7.0 5.0 1.0 5.0 5.0 4.0 5.0 
4 5 3.9 3.9 3.0 1.0 3.0 7.0 4.0 7.0 7.0 7.0 7.0 10.0 10.0 10.0 6.0 6.0 6.0 
4 5 3.93 3.93 8.0 7.0 8.0 2.0 2.0 2.0 7.0 6.0 7.0 5.0 4.0 5.0 5.0 2.0 5.0 
4 5 4.0 4.0 3.0 3.0 3.0 10.0 8.0 10.0 5.0 3.0 5.0 10.0 6.0 10.0 2.0 2.0 2.0 
4 5 3.77 3.77 6.0 5.0 6.0 7.0 4.0 7.0 6.0 6.0 6.0 3.0 2.0 3.0 10.0 7.0 10.0 
4 5 4.0 4.0 10.0 4.0 10.0 3.0 3.0 3.0 4.0 4.0 4.0 5.0 4.0 5.0 10.0 8.0 10.0 
4 5 3.6 3.6 6.0 4.0 6.0 9.0 9.0 9.0 10.0 7.0 10.0 3.0 2.0 3.0 7.0 4.0 7.0 
4 5 3.43 3.43 4.0 3.0 4.0 8.0 3.0 8.0 10.0 6.0 10.0 8.0 7.0 8.0 6.0 5.0 6.0 
4 5 3.67 3.67 6.0 4.0 6.0 4.0 4.0 4.0 5.0 4.0 5.0 8.0 7.0 8.0 3.0 1.0 3.0 
4 5 3.08 3.08 2.0 1.0 2.0 9.0 8.0 9.0 8.0 8.0 8.0 8.0 1.0 8.0 7.0 4.0 7.0 
4 6 3.88 3.88 2.0 1.0 2.0 9.0 8.0 9.0 8.0 8.0 8.0 8.0 1.0 8.0 7.0 4.0 7.0 10.0 8.0 10.0 
4 5 3.87 3.87 3.0 3.0 3.0 10.0 7.0 10.0 7.0 4.0 7.0 5.0 4.0 5.0 10.0 8.0 10.0 
4 5 3.7 3.7 8.0 7.0 8.0 3.0 3.0 3.0 4.0 1.0 4.0 4.0 3.0 4.0 6.0 5.0 6.0 
4 5 3.6 3.6 6.0 5.0 6.0 7.0 6.0 7.0 3.0 3.0 3.0 3.0 2.0 3.0 8.0 2.0 8.0 
4 5 3.95 3.95 10.0 7.0 10.0 4.0 2.0 4.0 8.0 6.0 8.0 6.0 6.0 6.0 2.0 2.0 2.0 
4 5 3.84 3.84 4.0 3.0 4.0 7.0 7.0 7.0 3.0 2.0 3.0 7.0 3.0 7.0 2.0 2.0 2.0 
4 5 3.85 3.85 4.0 3.0 4.0 4.0 4.0 4.0 10.0 6.0 10.0 4.0 2.0 4.0 3.0 3.0 3.0 
4 5 3.79 3.79 3.0 2.0 3.0 9.0 6.0 9.0 7.0 5.0 7.0 4.0 4.0 4.0 8.0 6.0 8.0 
4 5 3.66 3.66 6.0 4.0 6.0 5.0 3.0 5.0 10.0 9.0 10.0 8.0 4.0 8.0 9.0 9.0 9.0 
4 5 3.8 3.8 7.0 6.0 7.0 10.0 7.0 10.0 9.0 7.0 9.0 10.0 9.0 10.0 7.0 4.0 7.0 
4 5 3.71 3.71 5.0 4.0 5.0 9.0 9.0 9.0 3.0 1.0 3.0 8.0 6.0 8.0 6.0 5.0 6.0 
4 5 3.25 3.25 5.0 5.0 5.0 4.0 3.0 4.0 8.0 4.0 8.0 7.0 6.0 7.0 7.0 1.0 7.0 
4 5 3.0 3.0 6.0 5.0 6.0 9.0 1.0 9.0 5.0 1.0 5.0 7.0 6.0 7.0 2.0 2.0 2.0 
4 6 3.33 3.33 6.0 5.0 6.0 9.0 1.0 9.0 5.0 1.0 5.0 7.0 6.0 7.0 2.0 2.0 2.0 6.0 2.0 6.0 
4 5 3.9 3.9 6.0 4.0 6.0 7.0 5.0 7.0 10.0 9.0 10.0 8.0 6.0 8.0 8.0 7.0 8.0 
4 5 3.02 3.02 3.0 2.0 3.0 9.0 5.0 9.0 5.0 1.0 5.0 10.0 6.0 10.0 5.0 5.0 5.0 
4 6 3.68 3.68 3.0 2.0 3.0 9.0 5.0 9.0 5.0 1.0 5.0 10.0 6.0 10.0 5.0 5.0 5.0 3.0 2.0 3.0 
4 5 3.9 3.9 9.0 6.0 9.0 10.0 9.0 10.0 3.0 2.0 3.0 3.0 3.0 3.0 3.0 2.0 3.0 
4 5 3.76 3.76 5.0 2.0 5.0 3.0 3.0 3.0 6.0 4.0 6.0 9.0 9.0 9.0 10.0 7.0 10.0 
4 5 3.32 3.32 7.0 5.0 7.0 8.0 5.0 8.0 3.0 2.0 3.0 4.0 3.0 4.0 7.0 4.0 7.0 
4 6 3.99 3.99 7.0 5.0 7.0 8.0 5.0 8.0 3.0 2.0 3.0 4.0 3.0 4.0 7.0 4.0 7.0 6.0 4.0 6.0 
4 5 3.68 3.68 5.0 4.0 5.0 3.0 3.0 3.0 7.0 5.0 7.0 6.0 3.0 6.0 9.0 6.0 9.0 
4 5 3.9 3.9 10.0 6.0 10.0 9.0 7.0 9.0 9.0 7.0 9.0 8.0 6.0 8.0 2.0 2.0 2.0 
4 5 3.68 3.68 3.0 3.0 3.0 3.0 3.0 3.0 3.0 2.0 3.0 7.0 4.0 7.0 9.0 4.0 9.0 
4 5 3.97 3.97 4.0 2.0 4.0 5.0 5.0 5.0 8.0 7.0 8.0 5.0 4.0 5.0 5.0 4.0 5.0 
4 5 3.13 3.13 9.0 1.0 9.0 8.0 8.0 8.0 9.0 5.0 9.0 5.0 4.0 5.0 6.0 4.0 6.0 
4 5 3.14 3.14 4.0 3.0 4.0 4.0 3.0 4.0 10.0 7.0 10.0 6.0 5.0 6.0 9.0 1.0 9.0 
4 6 3.97 3.97 4.0 3.0 4.0 4.0 3.0 4.0 10.0 7.0 10.0 6.0 5.0 6.0 9.0 1.0 9.0 6.0 5.0 6.0 
4 5 3.68 3.68 5.0 4.0 5.0 3.0 2.0 3.0 6.0 6.0 6.0 9.0 2.0 9.0 6.0 6.0 6.0 
4 5 3.71 3.71 4.0 3.0 4.0 6.0 5.0 6.0 7.0 5.0 7.0 4.0 3.0 4.0 9.0 6.0 9.0 
4 5 3.3 3.3 9.0 6.0 9.0 2.0 2.0 2.0 7.0 5.0 7.0 9.0 2.0 9.0 10.0 7.0 10.0 
4 5 3.84 3.84 3.0 3.0 3.0 4.0 3.0 4.0 10.0 9.0 10.0 2.0 1.0 2.0 10.0 7.0 10.0 
4 5 3.09 3.09 4.0 3.0 4.0 7.0 5.0 7.0 7.0 4.0 7.0 9.0 8.0 9.0 6.0 1.0 6.0 
4 6 3.66 3.66 4.0 3.0 4.0 7.0 5.0 7.0 7.0 4.0 7.0 9.0 8.0 9.0 6.0 1.0 6.0 7.0 4.0 7.0 
4 5 3.8 3.8 3.0 1.0 3.0 4.0 4.0 4.0 10.0 8.0 10.0 2.0 2.0 2.0 6.0 4.0 6.0 
4 5 3.25 3.25 3.0 1.0 3.0 4.0 3.0 4.0 7.0 2.0 7.0 5.0 5.0 5.0 9.0 8.0 9.0 
4 5 3.59 3.59 6.0 4.0 6.0 9.0 6.0 9.0 10.0 10.0 10.0 10.0 6.0 10.0 9.0 6.0 9.0 
4 5 2.83 2.83 7.0 1.0 7.0 7.0 3.0 7.0 10.0 7.0 10.0 10.0 9.0 10.0 3.0 2.0 3.0 
4 6 3.83 3.83 7.0 1.0 7.0 7.0 3.0 7.0 10.0 7.0 10.0 10.0 9.0 10.0 3.0 2.0 3.0 4.0 4.0 4.0 
4 5 3.23 3.23 10.0 2.0 10.0 4.0 3.0 4.0 5.0 5.0 5.0 9.0 9.0 9.0 7.0 2.0 7.0 
4 6 3.83 3.83 10.0 2.0 10.0 4.0 3.0 4.0 5.0 5.0 5.0 9.0 9.0 9.0 7.0 2.0 7.0 5.0 3.0 5.0 
4 5 3.6 3.6 8.0 5.0 8.0 3.0 2.0 3.0 7.0 5.0 7.0 10.0 6.0 10.0 2.0 2.0 2.0 
4 5 3.48 3.48 9.0 6.0 9.0 10.0 4.0 10.0 3.0 2.0 3.0 5.0 5.0 5.0 8.0 6.0 8.0 
4 5 3.57 3.57 8.0 6.0 8.0 2.0 2.0 2.0 9.0 2.0 9.0 5.0 3.0 5.0 4.0 4.0 4.0 
4 5 3.83 3.83 2.0 2.0 2.0 7.0 5.0 7.0 2.0 1.0 2.0 2.0 2.0 2.0 8.0 5.0 8.0 
4 5 3.06 3.06 6.0 3.0 6.0 6.0 1.0 6.0 10.0 6.0 10.0 2.0 2.0 2.0 5.0 4.0 5.0 
4 5 3.87 3.87 7.0 6.0 7.0 2.0 2.0 2.0 4.0 3.0 4.0 9.0 6.0 9.0 5.0 3.0 5.0 
4 5 3.49 3.49 2.0 2.0 2.0 3.0 3.0 3.0 3.0 2.0 3.0 8.0 5.0 8.0 10.0 2.0 10.0 
4 6 3.93 3.93 2.0 2.0 2.0 3.0 3.0 3.0 3.0 2.0 3.0 8.0 5.0 8.0 10.0 2.0 10.0 9.0 4.0 9.0 
4 5 3.72 3.72 9.0 6.0 9.0 9.0 5.0 9.0 8.0 6.0 8.0 8.0 6.0 8.0 8.0 8.0 8.0 
4 5 3.56 3.56 6.0 2.0 6.0 6.0 5.0 6.0 9.0 9.0 9.0 6.0 6.0 6.0 10.0 4.0 10.0 
4 5 3.71 3.71 2.0 2.0 2.0 8.0 7.0 8.0 5.0 3.0 5.0 3.0 2.0 3.0 7.0 4.0 7.0 
4 5 3.5 3.5 2.0 1.0 2.0 2.0 2.0 2.0 5.0 4.0 5.0 5.0 5.0 5.0 5.0 1.0 5.0 
4 5 3.67 3.67 10.0 8.0 10.0 7.0 4.0 7.0 9.0 5.0 9.0 4.0 3.0 4.0 3.0 3.0 3.0 
4 5 3.53 3.53 5.0 4.0 5.0 9.0 6.0 9.0 6.0 4.0 6.0 10.0 8.0 10.0 10.0 6.0 10.0 
4 5 2.43 2.43 6.0 4.0 6.0 6.0 1.0 6.0 10.0 7.0 10.0 7.0 4.0 7.0 9.0 3.0 9.0 
4 6 2.54 2.54 6.0 4.0 6.0 6.0 1.0 6.0 10.0 7.0 10.0 7.0 4.0 7.0 9.0 3.0 9.0 9.0 1.0 9.0 
4 7 2.88 2.88 6.0 4.0 6.0 6.0 1.0 6.0 10.0 7.0 10.0 7.0 4.0 7.0 9.0 3.0 9.0 9.0 1.0 9.0 3.0 1.0 3.0 
4 8 3.68 3.68 6.0 4.0 6.0 6.0 1.0 6.0 10.0 7.0 10.0 7.0 4.0 7.0 9.0 3.0 9.0 9.0 1.0 9.0 3.0 1.0 3.0 10.0 8.0 10.0 
4 5 3.97 3.97 5.0 5.0 5.0 4.0 3.0 4.0 3.0 1.0 3.0 6.0 6.0 6.0 9.0 8.0 9.0 
4 5 3.97 3.97 8.0 6.0 8.0 9.0 5.0 9.0 8.0 8.0 8.0 2.0 2.0 2.0 3.0 2.0 3.0 
4 5 3.53 3.53 10.0 8.0 10.0 5.0 2.0 5.0 9.0 9.0 9.0 4.0 4.0 4.0 3.0 1.0 3.0 
4 5 3.5 3.5 9.0 7.0 9.0 9.0 7.0 9.0 4.0 3.0 4.0 5.0 2.0 5.0 5.0 4.0 5.0 
4 5 3.44 3.44 6.0 4.0 6.0 6.0 4.0 6.0 9.0 7.0 9.0 6.0 4.0 6.0 3.0 2.0 3.0 
4 5 3.66 3.66 3.0 3.0 3.0 9.0 1.0 9.0 4.0 4.0 4.0 5.0 4.0 5.0 4.0 3.0 4.0 
4 5 3.85 3.85 4.0 3.0 4.0 10.0 5.0 10.0 5.0 5.0 5.0 4.0 3.0 4.0 7.0 6.0 7.0 
4 5 3.66 3.66 3.0 2.0 3.0 3.0 1.0 3.0 3.0 2.0 3.0 3.0 3.0 3.0 2.0 2.0 2.0 
4 5 3.26 3.26 6.0 5.0 6.0 9.0 5.0 9.0 8.0 5.0 8.0 5.0 5.0 5.0 4.0 1.0 4.0 
4 6 3.4 3.4 6.0 5.0 6.0 9.0 5.0 9.0 8.0 5.0 8.0 5.0 5.0 5.0 4.0 1.0 4.0 7.0 1.0 7.0 
4 5 3.47 3.47 5.0 3.0 5.0 9.0 7.0 9.0 4.0 4.0 4.0 10.0 1.0 10.0 10.0 10.0 10.0 
4 5 3.91 3.91 5.0 4.0 5.0 3.0 2.0 3.0 8.0 6.0 8.0 10.0 7.0 10.0 4.0 4.0 4.0 
4 5 3.7 3.7 10.0 8.0 10.0 3.0 3.0 3.0 10.0 1.0 10.0 9.0 9.0 9.0 5.0 4.0 5.0 
4 5 3.93 3.93 9.0 7.0 9.0 7.0 7.0 7.0 4.0 3.0 4.0 9.0 7.0 9.0 8.0 5.0 8.0 
4 5 3.46 3.46 8.0 6.0 8.0 3.0 2.0 3.0 5.0 4.0 5.0 8.0 2.0 8.0 3.0 3.0 3.0 
4 5 3.25 3.25 5.0 1.0 5.0 8.0 5.0 8.0 9.0 5.0 9.0 9.0 9.0 9.0 8.0 7.0 8.0 
4 5 3.39 3.39 3.0 2.0 3.0 10.0 7.0 10.0 7.0 3.0 7.0 10.0 10.0 10.0 5.0 3.0 5.0 
4 6 3.99 3.99 3.0 2.0 3.0 10.0 7.0 10.0 7.0 3.0 7.0 10.0 10.0 10.0 5.0 3.0 5.0 5.0 3.0 5.0 
4 5 3.91 3.91 4.0 3.0 4.0 2.0 2.0 2.0 2.0 2.0 2.0 6.0 1.0 6.0 10.0 10.0 10.0 
4 5 2.92 2.92 5.0 3.0 5.0 8.0 1.0 8.0 2.0 2.0 2.0 5.0 2.0 5.0 5.0 4.0 5.0 
4 6 3.92 3.92 5.0 3.0 5.0 8.0 1.0 8.0 2.0 2.0 2.0 5.0 2.0 5.0 5.0 4.0 5.0 2.0 2.0 2.0 
4 5 3.81 3.81 5.0 4.0 5.0 4.0 3.0 4.0 10.0 6.0 10.0 9.0 6.0 9.0 2.0 2.0 2.0 
4 5 3.58 3.58 9.0 9.0 9.0 2.0 2.0 2.0 8.0 5.0 8.0 8.0 5.0 8.0 6.0 2.0 6.0 
4 5 3.64 3.64 9.0 5.0 9.0 5.0 4.0 5.0 3.0 2.0 3.0 8.0 5.0 8.0 6.0 6.0 6.0 
4 5 3.93 3.93 9.0 6.0 9.0 3.0 2.0 3.0 10.0 10.0 10.0 10.0 6.0 10.0 2.0 2.0 2.0 
4 5 3.3 3.3 3.0 2.0 3.0 8.0 6.0 8.0 5.0 5.0 5.0 4.0 3.0 4.0 7.0 1.0 7.0 
4 5 3.27 3.27 6.0 1.0 6.0 4.0 4.0 4.0 9.0 7.0 9.0 3.0 1.0 3.0 9.0 9.0 9.0 
4 6 3.87 3.87 6.0 1.0 6.0 4.0 4.0 4.0 9.0 7.0 9.0 3.0 1.0 3.0 9.0 9.0 9.0 5.0 3.0 5.0 
4 5 3.5 3.5 10.0 6.0 10.0 5.0 3.0 5.0 3.0 3.0 3.0 10.0 8.0 10.0 2.0 1.0 2.0 
4 5 3.2 3.2 10.0 10.0 10.0 6.0 4.0 6.0 8.0 8.0 8.0 7.0 2.0 7.0 8.0 2.0 8.0 
4 6 3.64 3.64 10.0 10.0 10.0 6.0 4.0 6.0 8.0 8.0 8.0 7.0 2.0 7.0 8.0 2.0 8.0 9.0 4.0 9.0 
4 5 3.73 3.73 9.0 6.0 9.0 9.0 7.0 9.0 7.0 4.0 7.0 7.0 5.0 7.0 6.0 6.0 6.0 
4 5 3.5 3.5 9.0 6.0 9.0 3.0 2.0 3.0 6.0 4.0 6.0 3.0 2.0 3.0 6.0 5.0 6.0 
4 5 3.62 3.62 8.0 5.0 8.0 10.0 7.0 10.0 4.0 3.0 4.0 5.0 4.0 5.0 4.0 3.0 4.0 
4 5 3.91 3.91 3.0 2.0 3.0 8.0 4.0 8.0 5.0 5.0 5.0 2.0 2.0 2.0 4.0 3.0 4.0 
4 5 3.7 3.7 10.0 6.0 10.0 6.0 5.0 6.0 5.0 3.0 5.0 9.0 6.0 9.0 5.0 5.0 5.0 
4 5 3.84 3.84 6.0 5.0 6.0 10.0 7.0 10.0 10.0 9.0 10.0 4.0 3.0 4.0 9.0 6.0 9.0 
4 5 3.96 3.96 7.0 7.0 7.0 6.0 5.0 6.0 4.0 2.0 4.0 5.0 4.0 5.0 6.0 5.0 6.0 
4 5 3.81 3.81 8.0 8.0 8.0 6.0 5.0 6.0 8.0 7.0 8.0 7.0 6.0 7.0 4.0 1.0 4.0 
4 5 3.77 3.77 5.0 3.0 5.0 5.0 3.0 5.0 6.0 6.0 6.0 3.0 3.0 3.0 7.0 4.0 7.0 
4 6 3.89 3.89 5.0 3.0 5.0 5.0 3.0 5.0 6.0 6.0 6.0 3.0 3.0 3.0 7.0 4.0 7.0 8.0 1.0 8.0 
4 5 3.75 3.75 10.0 1.0 10.0 2.0 2.0 2.0 7.0 6.0 7.0 5.0 4.0 5.0 2.0 2.0 2.0 
4 5 2.94 2.94 5.0 3.0 5.0 9.0 2.0 9.0 4.0 3.0 4.0 8.0 3.0 8.0 5.0 5.0 5.0 
4 6 3.74 3.74 5.0 3.0 5.0 9.0 2.0 9.0 4.0 3.0 4.0 8.0 3.0 8.0 5.0 5.0 5.0 5.0 4.0 5.0 
4 5 3.05 3.05 6.0 5.0 6.0 9.0 5.0 9.0 6.0 2.0 6.0 3.0 2.0 3.0 6.0 4.0 6.0 
4 6 3.55 3.55 6.0 5.0 6.0 9.0 5.0 9.0 6.0 2.0 6.0 3.0 2.0 3.0 6.0 4.0 6.0 2.0 1.0 2.0 
4 5 3.95 3.95 2.0 2.0 2.0 6.0 2.0 6.0 10.0 10.0 10.0 4.0 4.0 4.0 8.0 5.0 8.0 
4 5 3.8 3.8 3.0 3.0 3.0 4.0 1.0 4.0 7.0 7.0 7.0 5.0 4.0 5.0 8.0 6.0 8.0 
4 5 3.32 3.32 4.0 4.0 4.0 9.0 5.0 9.0 2.0 2.0 2.0 6.0 4.0 6.0 10.0 1.0 10.0 
4 5 3.91 3.91 5.0 4.0 5.0 3.0 2.0 3.0 4.0 3.0 4.0 8.0 8.0 8.0 10.0 7.0 10.0 
4 5 2.87 2.87 5.0 4.0 5.0 5.0 5.0 5.0 6.0 4.0 6.0 10.0 3.0 10.0 9.0 1.0 9.0 
4 6 3.87 3.87 5.0 4.0 5.0 5.0 5.0 5.0 6.0 4.0 6.0 10.0 3.0 10.0 9.0 1.0 9.0 3.0 3.0 3.0 
4 5 3.5 3.5 8.0 5.0 8.0 8.0 6.0 8.0 5.0 4.0 5.0 4.0 4.0 4.0 3.0 1.0 3.0 
4 5 3.95 3.95 10.0 10.0 10.0 5.0 1.0 5.0 4.0 4.0 4.0 8.0 8.0 8.0 4.0 3.0 4.0 
4 5 3.76 3.76 6.0 5.0 6.0 9.0 5.0 9.0 3.0 3.0 3.0 4.0 4.0 4.0 8.0 3.0 8.0 
4 5 3.76 3.76 7.0 5.0 7.0 3.0 2.0 3.0 7.0 5.0 7.0 3.0 3.0 3.0 3.0 2.0 3.0 
4 6 3.98 3.98 7.0 5.0 7.0 3.0 2.0 3.0 7.0 5.0 7.0 3.0 3.0 3.0 3.0 2.0 3.0 9.0 2.0 9.0 
4 5 3.14 3.14 7.0 4.0 7.0 8.0 6.0 8.0 9.0 7.0 9.0 6.0 2.0 6.0 7.0 5.0 7.0 
4 5 2.76 2.76 7.0 3.0 7.0 2.0 2.0 2.0 3.0 1.0 3.0 5.0 4.0 5.0 5.0 1.0 5.0 
4 6 3.76 3.76 7.0 3.0 7.0 2.0 2.0 2.0 3.0 1.0 3.0 5.0 4.0 5.0 5.0 1.0 5.0 4.0 4.0 4.0 
4 5 3.86 3.86 5.0 5.0 5.0 7.0 2.0 7.0 4.0 4.0 4.0 9.0 7.0 9.0 5.0 4.0 5.0 
4 5 3.98 3.98 7.0 5.0 7.0 9.0 8.0 9.0 9.0 7.0 9.0 5.0 3.0 5.0 5.0 5.0 5.0 
4 5 3.63 3.63 6.0 5.0 6.0 2.0 1.0 2.0 8.0 6.0 8.0 9.0 5.0 9.0 2.0 2.0 2.0 
4 5 3.83 3.83 6.0 4.0 6.0 8.0 6.0 8.0 9.0 6.0 9.0 4.0 3.0 4.0 7.0 7.0 7.0 
4 5 3.97 3.97 9.0 8.0 9.0 6.0 4.0 6.0 10.0 9.0 10.0 3.0 2.0 3.0 7.0 6.0 7.0 
4 5 4.0 4.0 9.0 7.0 9.0 9.0 5.0 9.0 5.0 5.0 5.0 3.0 2.0 3.0 6.0 6.0 6.0 
4 5 3.75 3.75 9.0 8.0 9.0 8.0 6.0 8.0 2.0 2.0 2.0 2.0 2.0 2.0 9.0 1.0 9.0 
4 5 3.01 3.01 5.0 3.0 5.0 8.0 2.0 8.0 4.0 3.0 4.0 8.0 6.0 8.0 3.0 2.0 3.0 
4 5 3.98 3.98 9.0 8.0 9.0 2.0 2.0 2.0 6.0 5.0 6.0 6.0 4.0 6.0 5.0 3.0 5.0 
4 5 3.66 3.66 9.0 6.0 9.0 5.0 4.0 5.0 9.0 5.0 9.0 9.0 8.0 9.0 8.0 6.0 8.0 
4 5 3.15 3.15 10.0 9.0 10.0 8.0 1.0 8.0 2.0 2.0 2.0 3.0 1.0 3.0 5.0 4.0 5.0 
4 5 3.83 3.83 6.0 2.0 6.0 3.0 3.0 3.0 10.0 6.0 10.0 10.0 9.0 10.0 4.0 4.0 4.0 
4 5 3.86 3.86 10.0 9.0 10.0 3.0 3.0 3.0 6.0 1.0 6.0 3.0 3.0 3.0 5.0 4.0 5.0 
4 5 3.69 3.69 9.0 7.0 9.0 6.0 1.0 6.0 2.0 2.0 2.0 3.0 3.0 3.0 4.0 3.0 4.0 
4 5 3.86 3.86 2.0 2.0 2.0 6.0 5.0 6.0 6.0 5.0 6.0 7.0 7.0 7.0 5.0 1.0 5.0 
4 5 3.28 3.28 8.0 5.0 8.0 3.0 3.0 3.0 5.0 3.0 5.0 9.0 8.0 9.0 6.0 1.0 6.0 
4 5 3.83 3.83 3.0 3.0 3.0 2.0 2.0 2.0 6.0 5.0 6.0 9.0 3.0 9.0 3.0 2.0 3.0 
4 5 2.97 2.97 4.0 2.0 4.0 9.0 5.0 9.0 9.0 7.0 9.0 10.0 10.0 10.0 7.0 1.0 7.0 
4 6 3.97 3.97 4.0 2.0 4.0 9.0 5.0 9.0 9.0 7.0 9.0 10.0 10.0 10.0 7.0 1.0 7.0 7.0 7.0 7.0 
4 5 3.29 3.29 9.0 4.0 9.0 9.0 2.0 9.0 8.0 7.0 8.0 8.0 6.0 8.0 4.0 4.0 4.0 
4 5 3.98 3.98 9.0 5.0 9.0 3.0 3.0 3.0 6.0 5.0 6.0 10.0 6.0 10.0 10.0 10.0 10.0 
4 5 3.59 3.59 9.0 5.0 9.0 5.0 3.0 5.0 9.0 8.0 9.0 8.0 6.0 8.0 5.0 4.0 5.0 
4 5 3.9 3.9 9.0 7.0 9.0 8.0 7.0 8.0 3.0 3.0 3.0 4.0 1.0 4.0 6.0 6.0 6.0 
4 5 3.2 3.2 4.0 4.0 4.0 3.0 1.0 3.0 2.0 2.0 2.0 3.0 2.0 3.0 10.0 2.0 10.0 
4 5 3.83 3.83 3.0 1.0 3.0 4.0 4.0 4.0 2.0 2.0 2.0 4.0 3.0 4.0 8.0 6.0 8.0 
4 5 3.87 3.87 4.0 4.0 4.0 8.0 7.0 8.0 5.0 2.0 5.0 10.0 6.0 10.0 4.0 4.0 4.0 
4 5 3.9 3.9 6.0 6.0 6.0 9.0 4.0 9.0 8.0 6.0 8.0 7.0 7.0 7.0 7.0 5.0 7.0 
4 5 3.99 3.99 6.0 4.0 6.0 6.0 4.0 6.0 4.0 4.0 4.0 9.0 9.0 9.0 6.0 4.0 6.0 
4 5 3.95 3.95 8.0 6.0 8.0 4.0 4.0 4.0 8.0 7.0 8.0 6.0 4.0 6.0 6.0 4.0 6.0 
4 5 3.77 3.77 9.0 9.0 9.0 5.0 2.0 5.0 5.0 4.0 5.0 7.0 4.0 7.0 2.0 2.0 2.0 
4 5 3.2 3.2 2.0 1.0 2.0 4.0 3.0 4.0 8.0 6.0 8.0 10.0 10.0 10.0 5.0 1.0 5.0 
4 5 3.17 3.17 4.0 4.0 4.0 5.0 3.0 5.0 10.0 6.0 10.0 10.0 1.0 10.0 8.0 7.0 8.0 
4 6 3.97 3.97 4.0 4.0 4.0 5.0 3.0 5.0 10.0 6.0 10.0 10.0 1.0 10.0 8.0 7.0 8.0 5.0 4.0 5.0 
4 5 3.55 3.55 5.0 4.0 5.0 9.0 7.0 9.0 5.0 1.0 5.0 9.0 7.0 9.0 5.0 5.0 5.0 
4 5 3.94 3.94 7.0 7.0 7.0 10.0 9.0 10.0 8.0 8.0 8.0 8.0 7.0 8.0 6.0 1.0 6.0 
4 5 3.57 3.57 7.0 5.0 7.0 3.0 2.0 3.0 7.0 6.0 7.0 6.0 2.0 6.0 6.0 6.0 6.0 
4 5 3.23 3.23 9.0 5.0 9.0 3.0 3.0 3.0 7.0 4.0 7.0 9.0 1.0 9.0 7.0 7.0 7.0 
4 6 3.73 3.73 9.0 5.0 9.0 3.0 3.0 3.0 7.0 4.0 7.0 9.0 1.0 9.0 7.0 7.0 7.0 8.0 4.0 8.0 
4 5 3.46 3.46 8.0 5.0 8.0 5.0 3.0 5.0 7.0 4.0 7.0 2.0 2.0 2.0 9.0 6.0 9.0 
4 5 3.59 3.59 4.0 2.0 4.0 7.0 4.0 7.0 10.0 10.0 10.0 6.0 4.0 6.0 7.0 6.0 7.0 
4 5 3.33 3.33 7.0 7.0 7.0 8.0 5.0 8.0 8.0 5.0 8.0 7.0 2.0 7.0 10.0 8.0 10.0 
4 5 3.68 3.68 5.0 3.0 5.0 10.0 6.0 10.0 10.0 6.0 10.0 9.0 8.0 9.0 6.0 6.0 6.0 
4 5 3.64 3.64 7.0 4.0 7.0 7.0 4.0 7.0 10.0 7.0 10.0 10.0 10.0 10.0 5.0 4.0 5.0 
4 5 3.24 3.24 7.0 4.0 7.0 7.0 4.0 7.0 10.0 6.0 10.0 4.0 2.0 4.0 4.0 4.0 4.0 
4 5 3.92 3.92 6.0 3.0 6.0 4.0 4.0 4.0 7.0 5.0 7.0 7.0 5.0 7.0 2.0 2.0 2.0 
4 5 3.4 3.4 4.0 2.0 4.0 5.0 3.0 5.0 3.0 2.0 3.0 9.0 8.0 9.0 4.0 3.0 4.0 
4 5 3.44 3.44 8.0 7.0 8.0 8.0 6.0 8.0 9.0 2.0 9.0 10.0 6.0 10.0 9.0 9.0 9.0 
4 6 3.78 3.78 8.0 7.0 8.0 8.0 6.0 8.0 9.0 2.0 9.0 10.0 6.0 10.0 9.0 9.0 9.0 3.0 1.0 3.0 
4 5 3.84 3.84 2.0 2.0 2.0 4.0 3.0 4.0 6.0 3.0 6.0 5.0 4.0 5.0 5.0 4.0 5.0 
4 5 3.7 3.7 3.0 3.0 3.0 6.0 4.0 6.0 5.0 1.0 5.0 6.0 5.0 6.0 5.0 5.0 5.0 
4 5 3.95 3.95 6.0 5.0 6.0 8.0 6.0 8.0 6.0 5.0 6.0 6.0 5.0 6.0 10.0 7.0 10.0 
4 5 3.35 3.35 8.0 7.0 8.0 7.0 3.0 7.0 10.0 10.0 10.0 9.0 5.0 9.0 2.0 1.0 2.0 
4 5 3.6 3.6 2.0 2.0 2.0 4.0 4.0 4.0 3.0 1.0 3.0 5.0 3.0 5.0 9.0 6.0 9.0 
4 5 3.36 3.36 10.0 7.0 10.0 3.0 3.0 3.0 5.0 2.0 5.0 7.0 3.0 7.0 6.0 5.0 6.0 
4 5 3.88 3.88 7.0 5.0 7.0 6.0 3.0 6.0 2.0 2.0 2.0 9.0 6.0 9.0 2.0 2.0 2.0 
4 5 3.88 3.88 2.0 2.0 2.0 9.0 8.0 9.0 9.0 6.0 9.0 8.0 5.0 8.0 10.0 7.0 10.0 
4 5 3.7 3.7 3.0 2.0 3.0 9.0 9.0 9.0 6.0 2.0 6.0 6.0 6.0 6.0 10.0 7.0 10.0 
4 5 3.37 3.37 8.0 8.0 8.0 8.0 6.0 8.0 10.0 6.0 10.0 7.0 3.0 7.0 5.0 3.0 5.0 
4 5 4.0 4.0 6.0 5.0 6.0 3.0 2.0 3.0 2.0 2.0 2.0 2.0 1.0 2.0 2.0 2.0 2.0 
4 5 2.76 2.76 8.0 2.0 8.0 6.0 6.0 6.0 5.0 4.0 5.0 7.0 4.0 7.0 7.0 1.0 7.0 
4 6 3.76 3.76 8.0 2.0 8.0 6.0 6.0 6.0 5.0 4.0 5.0 7.0 4.0 7.0 7.0 1.0 7.0 4.0 4.0 4.0 
4 5 3.49 3.49 3.0 3.0 3.0 10.0 8.0 10.0 6.0 1.0 6.0 7.0 6.0 7.0 3.0 2.0 3.0 
4 5 3.47 3.47 10.0 3.0 10.0 10.0 9.0 10.0 8.0 7.0 8.0 5.0 2.0 5.0 6.0 6.0 6.0 
4 5 2.92 2.92 10.0 4.0 10.0 5.0 5.0 5.0 4.0 3.0 4.0 3.0 2.0 3.0 9.0 1.0 9.0 
4 6 3.32 3.32 10.0 4.0 10.0 5.0 5.0 5.0 4.0 3.0 4.0 3.0 2.0 3.0 9.0 1.0 9.0 5.0 2.0 5.0 
4 7 3.82 3.82 10.0 4.0 10.0 5.0 5.0 5.0 4.0 3.0 4.0 3.0 2.0 3.0 9.0 1.0 9.0 5.0 2.0 5.0 2.0 1.0 2.0 
4 5 3.83 3.83 3.0 2.0 3.0 10.0 9.0 10.0 10.0 6.0 10.0 7.0 7.0 7.0 3.0 2.0 3.0 
4 5 3.62 3.62 10.0 7.0 10.0 5.0 4.0 5.0 9.0 8.0 9.0 7.0 6.0 7.0 8.0 3.0 8.0 
4 5 3.17 3.17 4.0 4.0 4.0 8.0 1.0 8.0 10.0 8.0 10.0 8.0 2.0 8.0 4.0 4.0 4.0 
4 6 3.88 3.88 4.0 4.0 4.0 8.0 1.0 8.0 10.0 8.0 10.0 8.0 2.0 8.0 4.0 4.0 4.0 7.0 5.0 7.0 
4 5 3.0 3.0 10.0 4.0 10.0 5.0 3.0 5.0 10.0 7.0 10.0 10.0 7.0 10.0 5.0 3.0 5.0 
4 6 4.0 4.0 10.0 4.0 10.0 5.0 3.0 5.0 10.0 7.0 10.0 10.0 7.0 10.0 5.0 3.0 5.0 4.0 4.0 4.0 
4 5 3.85 3.85 5.0 3.0 5.0 4.0 2.0 4.0 2.0 2.0 2.0 2.0 2.0 2.0 4.0 3.0 4.0 
4 5 3.81 3.81 10.0 7.0 10.0 9.0 7.0 9.0 6.0 6.0 6.0 6.0 2.0 6.0 2.0 2.0 2.0 
4 5 3.48 3.48 6.0 4.0 6.0 7.0 5.0 7.0 5.0 5.0 5.0 7.0 6.0 7.0 8.0 2.0 8.0 
4 5 4.0 4.0 2.0 2.0 2.0 8.0 6.0 8.0 3.0 3.0 3.0 3.0 3.0 3.0 4.0 1.0 4.0 
4 5 3.46 3.46 6.0 4.0 6.0 10.0 8.0 10.0 5.0 5.0 5.0 9.0 6.0 9.0 3.0 1.0 3.0 
4 5 2.93 2.93 8.0 4.0 8.0 6.0 4.0 6.0 6.0 1.0 6.0 10.0 8.0 10.0 10.0 8.0 10.0 
4 6 3.55 3.55 8.0 4.0 8.0 6.0 4.0 6.0 6.0 1.0 6.0 10.0 8.0 10.0 10.0 8.0 10.0 8.0 5.0 8.0 
4 5 3.52 3.52 2.0 2.0 2.0 7.0 6.0 7.0 10.0 5.0 10.0 5.0 3.0 5.0 7.0 4.0 7.0 
4 5 3.86 3.86 10.0 2.0 10.0 3.0 2.0 3.0 9.0 9.0 9.0 3.0 3.0 3.0 2.0 2.0 2.0 
4 5 3.75 3.75 3.0 2.0 3.0 4.0 4.0 4.0 3.0 1.0 3.0 6.0 6.0 6.0 4.0 3.0 4.0 
4 5 3.49 3.49 9.0 6.0 9.0 7.0 7.0 7.0 4.0 1.0 4.0 5.0 4.0 5.0 9.0 7.0 9.0 
4 5 3.87 3.87 3.0 3.0 3.0 4.0 3.0 4.0 7.0 6.0 7.0 3.0 2.0 3.0 5.0 3.0 5.0 
4 5 3.29 3.29 5.0 3.0 5.0 6.0 5.0 6.0 8.0 6.0 8.0 9.0 7.0 9.0 6.0 2.0 6.0 
4 5 3.93 3.93 6.0 5.0 6.0 8.0 6.0 8.0 9.0 9.0 9.0 10.0 6.0 10.0 8.0 6.0 8.0 
4 5 3.92 3.92 3.0 1.0 3.0 7.0 5.0 7.0 6.0 6.0 6.0 9.0 9.0 9.0 8.0 7.0 8.0 
4 5 3.6 3.6 6.0 5.0 6.0 5.0 5.0 5.0 7.0 7.0 7.0 5.0 3.0 5.0 6.0 1.0 6.0 
4 5 3.97 3.97 6.0 4.0 6.0 7.0 6.0 7.0 10.0 7.0 10.0 8.0 6.0 8.0 2.0 2.0 2.0 
4 5 3.78 3.78 7.0 6.0 7.0 7.0 5.0 7.0 6.0 4.0 6.0 8.0 6.0 8.0 5.0 4.0 5.0 
4 5 2.57 2.57 8.0 1.0 8.0 4.0 3.0 4.0 8.0 4.0 8.0 5.0 5.0 5.0 5.0 1.0 5.0 
4 6 3.24 3.24 8.0 1.0 8.0 4.0 3.0 4.0 8.0 4.0 8.0 5.0 5.0 5.0 5.0 1.0 5.0 6.0 4.0 6.0 
4 5 3.95 3.95 5.0 3.0 5.0 2.0 2.0 2.0 4.0 3.0 4.0 5.0 3.0 5.0 4.0 4.0 4.0 
4 5 3.64 3.64 10.0 9.0 10.0 7.0 6.0 7.0 3.0 2.0 3.0 3.0 2.0 3.0 9.0 5.0 9.0 
4 5 3.6 3.6 4.0 3.0 4.0 4.0 1.0 4.0 8.0 8.0 8.0 5.0 3.0 5.0 5.0 5.0 5.0 
4 6 4.0 4.0 4.0 3.0 4.0 4.0 1.0 4.0 8.0 8.0 8.0 5.0 3.0 5.0 5.0 5.0 5.0 5.0 2.0 5.0 
4 5 3.99 3.99 8.0 8.0 8.0 9.0 6.0 9.0 2.0 2.0 2.0 9.0 6.0 9.0 3.0 2.0 3.0 
4 5 3.35 3.35 7.0 4.0 7.0 7.0 6.0 7.0 10.0 8.0 10.0 2.0 2.0 2.0 8.0 1.0 8.0 
4 5 3.75 3.75 4.0 3.0 4.0 5.0 4.0 5.0 10.0 7.0 10.0 3.0 2.0 3.0 6.0 5.0 6.0 
4 5 3.4 3.4 2.0 2.0 2.0 10.0 5.0 10.0 2.0 2.0 2.0 5.0 1.0 5.0 10.0 7.0 10.0 
4 5 3.27 3.27 2.0 1.0 2.0 8.0 7.0 8.0 8.0 4.0 8.0 8.0 8.0 8.0 5.0 2.0 5.0 
4 5 3.13 3.13 8.0 3.0 8.0 5.0 3.0 5.0 2.0 1.0 2.0 5.0 4.0 5.0 7.0 6.0 7.0 
4 6 3.96 3.96 8.0 3.0 8.0 5.0 3.0 5.0 2.0 1.0 2.0 5.0 4.0 5.0 7.0 6.0 7.0 6.0 5.0 6.0 
4 5 3.47 3.47 5.0 3.0 5.0 6.0 5.0 6.0 2.0 2.0 2.0 5.0 3.0 5.0 9.0 4.0 9.0 
4 5 3.31 3.31 2.0 1.0 2.0 9.0 8.0 9.0 8.0 3.0 8.0 4.0 3.0 4.0 10.0 8.0 10.0 
4 6 3.91 3.91 2.0 1.0 2.0 9.0 8.0 9.0 8.0 3.0 8.0 4.0 3.0 4.0 10.0 8.0 10.0 5.0 3.0 5.0 
4 5 3.42 3.42 5.0 4.0 5.0 8.0 5.0 8.0 3.0 3.0 3.0 3.0 2.0 3.0 9.0 3.0 9.0 
4 5 3.61 3.61 7.0 4.0 7.0 2.0 2.0 2.0 6.0 4.0 6.0 4.0 3.0 4.0 8.0 5.0 8.0 
4 5 2.71 2.71 6.0 2.0 6.0 3.0 2.0 3.0 3.0 3.0 3.0 5.0 3.0 5.0 9.0 1.0 9.0 
4 6 3.54 3.54 6.0 2.0 6.0 3.0 2.0 3.0 3.0 3.0 3.0 5.0 3.0 5.0 9.0 1.0 9.0 6.0 5.0 6.0 
4 5 3.81 3.81 9.0 8.0 9.0 6.0 4.0 6.0 8.0 5.0 8.0 6.0 5.0 6.0 5.0 4.0 5.0 
4 5 3.98 3.98 3.0 3.0 3.0 9.0 7.0 9.0 6.0 4.0 6.0 3.0 2.0 3.0 8.0 7.0 8.0 
4 5 3.42 3.42 10.0 4.0 10.0 5.0 4.0 5.0 4.0 3.0 4.0 9.0 7.0 9.0 10.0 7.0 10.0 
4 5 2.87 2.87 8.0 7.0 8.0 4.0 1.0 4.0 3.0 2.0 3.0 7.0 2.0 7.0 5.0 4.0 5.0 
4 6 3.87 3.87 8.0 7.0 8.0 4.0 1.0 4.0 3.0 2.0 3.0 7.0 2.0 7.0 5.0 4.0 5.0 4.0 4.0 4.0 
4 5 3.67 3.67 4.0 3.0 4.0 10.0 8.0 10.0 4.0 3.0 4.0 8.0 5.0 8.0 4.0 3.0 4.0 
4 5 3.81 3.81 2.0 1.0 2.0 9.0 8.0 9.0 7.0 6.0 7.0 4.0 4.0 4.0 7.0 4.0 7.0 
4 5 3.69 3.69 9.0 6.0 9.0 5.0 3.0 5.0 10.0 8.0 10.0 2.0 2.0 2.0 8.0 5.0 8.0 
4 5 3.82 3.82 6.0 5.0 6.0 10.0 7.0 10.0 5.0 4.0 5.0 9.0 8.0 9.0 10.0 6.0 10.0 
4 5 3.8 3.8 10.0 7.0 10.0 10.0 9.0 10.0 3.0 3.0 3.0 10.0 8.0 10.0 5.0 2.0 5.0 
4 5 3.0 3.0 9.0 6.0 9.0 3.0 2.0 3.0 8.0 6.0 8.0 8.0 1.0 8.0 10.0 8.0 10.0 
4 5 3.96 3.96 7.0 7.0 7.0 9.0 5.0 9.0 5.0 4.0 5.0 7.0 6.0 7.0 4.0 3.0 4.0 
4 5 3.86 3.86 6.0 4.0 6.0 2.0 2.0 2.0 5.0 3.0 5.0 9.0 9.0 9.0 5.0 3.0 5.0 
4 5 3.21 3.21 9.0 6.0 9.0 9.0 9.0 9.0 5.0 3.0 5.0 4.0 3.0 4.0 5.0 1.0 5.0 
4 5 3.99 3.99 3.0 2.0 3.0 9.0 6.0 9.0 3.0 3.0 3.0 9.0 6.0 9.0 7.0 7.0 7.0 
4 5 2.92 2.92 2.0 1.0 2.0 10.0 8.0 10.0 5.0 4.0 5.0 7.0 3.0 7.0 5.0 2.0 5.0 
4 6 3.92 3.92 2.0 1.0 2.0 10.0 8.0 10.0 5.0 4.0 5.0 7.0 3.0 7.0 5.0 2.0 5.0 2.0 2.0 2.0 
4 5 3.7 3.7 2.0 2.0 2.0 4.0 3.0 4.0 10.0 8.0 10.0 9.0 5.0 9.0 5.0 3.0 5.0 
4 5 4.0 4.0 7.0 2.0 7.0 8.0 8.0 8.0 4.0 4.0 4.0 7.0 5.0 7.0 7.0 7.0 7.0 
4 5 3.51 3.51 7.0 6.0 7.0 10.0 7.0 10.0 9.0 5.0 9.0 10.0 9.0 10.0 4.0 2.0 4.0 
4 5 3.54 3.54 6.0 1.0 6.0 2.0 2.0 2.0 3.0 3.0 3.0 5.0 5.0 5.0 8.0 3.0 8.0 
4 5 3.88 3.88 6.0 4.0 6.0 2.0 1.0 2.0 6.0 5.0 6.0 6.0 6.0 6.0 9.0 8.0 9.0 
4 5 3.67 3.67 3.0 2.0 3.0 8.0 6.0 8.0 3.0 3.0 3.0 5.0 2.0 5.0 7.0 6.0 7.0 
4 5 3.62 3.62 10.0 8.0 10.0 9.0 1.0 9.0 2.0 2.0 2.0 7.0 5.0 7.0 5.0 5.0 5.0 
4 5 3.79 3.79 4.0 3.0 4.0 8.0 5.0 8.0 4.0 4.0 4.0 8.0 6.0 8.0 3.0 2.0 3.0 
4 5 3.8 3.8 3.0 2.0 3.0 6.0 4.0 6.0 9.0 6.0 9.0 10.0 8.0 10.0 2.0 2.0 2.0 
4 5 3.46 3.46 7.0 4.0 7.0 10.0 6.0 10.0 8.0 7.0 8.0 7.0 5.0 7.0 10.0 7.0 10.0 
4 5 3.66 3.66 2.0 1.0 2.0 3.0 2.0 3.0 2.0 2.0 2.0 2.0 1.0 2.0 2.0 2.0 2.0 
4 5 3.61 3.61 7.0 7.0 7.0 2.0 1.0 2.0 6.0 4.0 6.0 9.0 4.0 9.0 2.0 2.0 2.0 
4 5 3.45 3.45 9.0 6.0 9.0 8.0 5.0 8.0 9.0 8.0 9.0 9.0 7.0 9.0 10.0 5.0 10.0 
4 5 3.47 3.47 6.0 4.0 6.0 8.0 5.0 8.0 7.0 3.0 7.0 5.0 5.0 5.0 8.0 6.0 8.0 
4 5 3.66 3.66 9.0 5.0 9.0 3.0 3.0 3.0 9.0 9.0 9.0 3.0 2.0 3.0 9.0 4.0 9.0 
4 5 3.37 3.37 3.0 1.0 3.0 8.0 5.0 8.0 4.0 3.0 4.0 3.0 2.0 3.0 6.0 6.0 6.0 
4 6 3.93 3.93 3.0 1.0 3.0 8.0 5.0 8.0 4.0 3.0 4.0 3.0 2.0 3.0 6.0 6.0 6.0 9.0 5.0 9.0 
4 5 3.95 3.95 5.0 3.0 5.0 3.0 2.0 3.0 6.0 5.0 6.0 9.0 9.0 9.0 7.0 6.0 7.0 
4 5 3.99 3.99 7.0 7.0 7.0 9.0 3.0 9.0 6.0 6.0 6.0 5.0 4.0 5.0 7.0 6.0 7.0 
4 5 3.94 3.94 4.0 4.0 4.0 2.0 2.0 2.0 8.0 5.0 8.0 4.0 3.0 4.0 7.0 4.0 7.0 
4 5 3.5 3.5 2.0 2.0 2.0 4.0 2.0 4.0 8.0 8.0 8.0 8.0 7.0 8.0 8.0 1.0 8.0 
4 5 3.68 3.68 5.0 3.0 5.0 2.0 2.0 2.0 6.0 4.0 6.0 6.0 4.0 6.0 4.0 3.0 4.0 
4 5 3.87 3.87 5.0 4.0 5.0 7.0 4.0 7.0 7.0 7.0 7.0 3.0 3.0 3.0 6.0 3.0 6.0 
4 5 3.53 3.53 6.0 5.0 6.0 6.0 1.0 6.0 9.0 9.0 9.0 10.0 7.0 10.0 6.0 5.0 6.0 
4 5 3.74 3.74 4.0 4.0 4.0 7.0 6.0 7.0 5.0 3.0 5.0 8.0 5.0 8.0 6.0 4.0 6.0 
4 5 3.75 3.75 2.0 2.0 2.0 5.0 5.0 5.0 6.0 5.0 6.0 4.0 1.0 4.0 6.0 4.0 6.0 
4 5 3.91 3.91 9.0 6.0 9.0 2.0 2.0 2.0 2.0 2.0 2.0 4.0 3.0 4.0 8.0 4.0 8.0 
4 5 3.86 3.86 3.0 3.0 3.0 3.0 2.0 3.0 4.0 3.0 4.0 9.0 5.0 9.0 9.0 8.0 9.0 
4 5 3.84 3.84 4.0 3.0 4.0 5.0 3.0 5.0 10.0 7.0 10.0 4.0 4.0 4.0 5.0 4.0 5.0 
4 5 3.76 3.76 6.0 4.0 6.0 8.0 7.0 8.0 5.0 5.0 5.0 8.0 5.0 8.0 10.0 6.0 10.0 
4 5 3.83 3.83 3.0 3.0 3.0 4.0 4.0 4.0 6.0 2.0 6.0 9.0 6.0 9.0 6.0 5.0 6.0 
4 5 3.92 3.92 7.0 6.0 7.0 4.0 2.0 4.0 3.0 3.0 3.0 6.0 4.0 6.0 10.0 9.0 10.0 
4 5 3.8 3.8 7.0 4.0 7.0 3.0 3.0 3.0 7.0 4.0 7.0 3.0 2.0 3.0 5.0 5.0 5.0 
4 5 3.98 3.98 7.0 5.0 7.0 9.0 6.0 9.0 10.0 9.0 10.0 10.0 7.0 10.0 2.0 2.0 2.0 
4 5 3.79 3.79 3.0 3.0 3.0 7.0 5.0 7.0 4.0 3.0 4.0 4.0 4.0 4.0 3.0 1.0 3.0 
4 5 3.82 3.82 5.0 5.0 5.0 10.0 6.0 10.0 6.0 4.0 6.0 10.0 10.0 10.0 9.0 5.0 9.0 
4 5 2.47 2.47 7.0 4.0 7.0 10.0 3.0 10.0 7.0 5.0 7.0 7.0 2.0 7.0 10.0 6.0 10.0 
4 6 3.27 3.27 7.0 4.0 7.0 10.0 3.0 10.0 7.0 5.0 7.0 7.0 2.0 7.0 10.0 6.0 10.0 5.0 4.0 5.0 
4 5 3.18 3.18 10.0 5.0 10.0 7.0 5.0 7.0 8.0 8.0 8.0 5.0 4.0 5.0 6.0 1.0 6.0 
4 5 3.93 3.93 9.0 8.0 9.0 7.0 5.0 7.0 8.0 8.0 8.0 3.0 1.0 3.0 3.0 3.0 3.0 
4 5 3.79 3.79 7.0 4.0 7.0 6.0 4.0 6.0 9.0 5.0 9.0 4.0 4.0 4.0 9.0 9.0 9.0 
4 5 3.61 3.61 9.0 6.0 9.0 7.0 2.0 7.0 4.0 4.0 4.0 6.0 4.0 6.0 4.0 4.0 4.0 
4 5 3.64 3.64 8.0 5.0 8.0 10.0 10.0 10.0 7.0 2.0 7.0 6.0 5.0 6.0 10.0 9.0 10.0 
4 5 3.15 3.15 6.0 2.0 6.0 5.0 3.0 5.0 8.0 5.0 8.0 10.0 6.0 10.0 9.0 9.0 9.0 
4 6 3.75 3.75 6.0 2.0 6.0 5.0 3.0 5.0 8.0 5.0 8.0 10.0 6.0 10.0 9.0 9.0 9.0 10.0 6.0 10.0 
4 5 3.75 3.75 4.0 4.0 4.0 9.0 5.0 9.0 5.0 1.0 5.0 7.0 7.0 7.0 3.0 3.0 3.0 
4 5 3.72 3.72 7.0 3.0 7.0 8.0 5.0 8.0 5.0 5.0 5.0 2.0 2.0 2.0 3.0 2.0 3.0 
4 5 3.39 3.39 7.0 5.0 7.0 6.0 4.0 6.0 5.0 4.0 5.0 7.0 5.0 7.0 2.0 1.0 2.0 
4 6 3.99 3.99 7.0 5.0 7.0 6.0 4.0 6.0 5.0 4.0 5.0 7.0 5.0 7.0 2.0 1.0 2.0 5.0 3.0 5.0 
4 5 3.95 3.95 5.0 4.0 5.0 4.0 3.0 4.0 2.0 2.0 2.0 5.0 4.0 5.0 5.0 3.0 5.0 
4 5 3.3 3.3 6.0 1.0 6.0 3.0 3.0 3.0 10.0 8.0 10.0 9.0 6.0 9.0 9.0 6.0 9.0 
4 6 3.8 3.8 6.0 1.0 6.0 3.0 3.0 3.0 10.0 8.0 10.0 9.0 6.0 9.0 9.0 6.0 9.0 4.0 2.0 4.0 
4 5 3.08 3.08 7.0 7.0 7.0 8.0 1.0 8.0 3.0 2.0 3.0 6.0 4.0 6.0 8.0 5.0 8.0 
4 5 3.78 3.78 2.0 2.0 2.0 7.0 4.0 7.0 7.0 4.0 7.0 8.0 6.0 8.0 9.0 8.0 9.0 
4 5 3.21 3.21 3.0 2.0 3.0 10.0 6.0 10.0 9.0 6.0 9.0 7.0 2.0 7.0 2.0 2.0 2.0 
4 5 3.24 3.24 8.0 2.0 8.0 5.0 4.0 5.0 3.0 2.0 3.0 7.0 6.0 7.0 6.0 4.0 6.0 
4 5 3.98 3.98 9.0 5.0 9.0 8.0 8.0 8.0 3.0 3.0 3.0 6.0 5.0 6.0 10.0 6.0 10.0 
4 5 3.89 3.89 9.0 7.0 9.0 5.0 4.0 5.0 7.0 5.0 7.0 10.0 7.0 10.0 10.0 9.0 10.0 
4 5 3.45 3.45 7.0 1.0 7.0 10.0 9.0 10.0 8.0 6.0 8.0 5.0 5.0 5.0 6.0 4.0 6.0 
4 5 3.59 3.59 7.0 6.0 7.0 5.0 3.0 5.0 7.0 5.0 7.0 7.0 3.0 7.0 5.0 5.0 5.0 
4 5 3.9 3.9 6.0 6.0 6.0 10.0 1.0 10.0 10.0 10.0 10.0 4.0 4.0 4.0 5.0 4.0 5.0 
4 5 3.19 3.19 6.0 4.0 6.0 2.0 2.0 2.0 10.0 8.0 10.0 5.0 3.0 5.0 8.0 1.0 8.0 
4 6 3.9 3.9 6.0 4.0 6.0 2.0 2.0 2.0 10.0 8.0 10.0 5.0 3.0 5.0 8.0 1.0 8.0 7.0 5.0 7.0 
4 5 3.38 3.38 9.0 6.0 9.0 7.0 1.0 7.0 10.0 10.0 10.0 2.0 2.0 2.0 7.0 4.0 7.0 
4 5 3.66 3.66 7.0 7.0 7.0 9.0 9.0 9.0 6.0 2.0 6.0 5.0 5.0 5.0 3.0 1.0 3.0 
4 5 3.72 3.72 4.0 3.0 4.0 2.0 2.0 2.0 4.0 3.0 4.0 9.0 5.0 9.0 9.0 6.0 9.0 
4 5 3.47 3.47 4.0 2.0 4.0 4.0 3.0 4.0 5.0 5.0 5.0 5.0 4.0 5.0 7.0 3.0 7.0 
4 5 3.74 3.74 7.0 3.0 7.0 10.0 6.0 10.0 10.0 10.0 10.0 6.0 6.0 6.0 7.0 5.0 7.0 
4 5 3.84 3.84 8.0 6.0 8.0 5.0 4.0 5.0 6.0 3.0 6.0 6.0 6.0 6.0 5.0 4.0 5.0 
4 5 3.38 3.38 8.0 7.0 8.0 6.0 4.0 6.0 6.0 4.0 6.0 9.0 5.0 9.0 8.0 5.0 8.0 
4 5 3.21 3.21 8.0 5.0 8.0 8.0 1.0 8.0 9.0 6.0 9.0 10.0 8.0 10.0 4.0 4.0 4.0 
4 5 3.56 3.56 8.0 6.0 8.0 2.0 2.0 2.0 4.0 3.0 4.0 10.0 9.0 10.0 6.0 1.0 6.0 
4 5 3.6 3.6 3.0 3.0 3.0 3.0 2.0 3.0 9.0 2.0 9.0 7.0 5.0 7.0 9.0 9.0 9.0 
4 5 3.84 3.84 4.0 3.0 4.0 9.0 5.0 9.0 4.0 4.0 4.0 3.0 2.0 3.0 8.0 7.0 8.0 
4 5 3.83 3.83 8.0 8.0 8.0 9.0 6.0 9.0 5.0 3.0 5.0 5.0 5.0 5.0 7.0 4.0 7.0 
4 5 3.55 3.55 9.0 6.0 9.0 3.0 2.0 3.0 9.0 8.0 9.0 4.0 4.0 4.0 9.0 3.0 9.0 
4 5 3.42 3.42 3.0 3.0 3.0 3.0 2.0 3.0 5.0 4.0 5.0 9.0 3.0 9.0 8.0 5.0 8.0 
4 5 3.82 3.82 9.0 7.0 9.0 4.0 4.0 4.0 8.0 6.0 8.0 5.0 4.0 5.0 2.0 1.0 2.0 
4 5 3.5 3.5 2.0 2.0 2.0 4.0 1.0 4.0 4.0 1.0 4.0 3.0 3.0 3.0 2.0 2.0 2.0 
4 5 3.12 3.12 5.0 3.0 5.0 10.0 7.0 10.0 5.0 3.0 5.0 9.0 2.0 9.0 6.0 6.0 6.0 
4 6 3.9 3.9 5.0 3.0 5.0 10.0 7.0 10.0 5.0 3.0 5.0 9.0 2.0 9.0 6.0 6.0 6.0 9.0 7.0 9.0 
4 5 3.28 3.28 5.0 4.0 5.0 9.0 2.0 9.0 10.0 6.0 10.0 3.0 2.0 3.0 4.0 4.0 4.0 
4 6 3.88 3.88 5.0 4.0 5.0 9.0 2.0 9.0 10.0 6.0 10.0 3.0 2.0 3.0 4.0 4.0 4.0 10.0 6.0 10.0 
4 5 3.73 3.73 5.0 4.0 5.0 5.0 5.0 5.0 6.0 4.0 6.0 9.0 5.0 9.0 7.0 5.0 7.0 
4 5 3.46 3.46 7.0 7.0 7.0 9.0 1.0 9.0 10.0 8.0 10.0 2.0 2.0 2.0 9.0 5.0 9.0 
4 5 3.87 3.87 2.0 2.0 2.0 5.0 4.0 5.0 7.0 4.0 7.0 10.0 6.0 10.0 10.0 9.0 10.0 
4 6 3.97 3.97 2.0 2.0 2.0 5.0 4.0 5.0 7.0 4.0 7.0 10.0 6.0 10.0 10.0 9.0 10.0 10.0 1.0 10.0 
4 5 3.65 3.65 4.0 3.0 4.0 3.0 2.0 3.0 9.0 7.0 9.0 7.0 6.0 7.0 5.0 3.0 5.0 
4 5 3.79 3.79 7.0 6.0 7.0 2.0 2.0 2.0 3.0 3.0 3.0 5.0 3.0 5.0 9.0 3.0 9.0 
4 5 3.65 3.65 10.0 4.0 10.0 9.0 7.0 9.0 8.0 5.0 8.0 4.0 4.0 4.0 7.0 6.0 7.0 
4 5 3.63 3.63 3.0 2.0 3.0 4.0 3.0 4.0 5.0 5.0 5.0 3.0 2.0 3.0 9.0 5.0 9.0 
4 5 3.64 3.64 6.0 3.0 6.0 7.0 6.0 7.0 8.0 5.0 8.0 3.0 2.0 3.0 6.0 6.0 6.0 
4 5 3.89 3.89 5.0 5.0 5.0 8.0 5.0 8.0 9.0 6.0 9.0 10.0 10.0 10.0 5.0 3.0 5.0 
4 5 3.79 3.79 5.0 5.0 5.0 7.0 4.0 7.0 9.0 5.0 9.0 10.0 10.0 10.0 3.0 2.0 3.0 
4 5 3.85 3.85 5.0 3.0 5.0 3.0 3.0 3.0 4.0 4.0 4.0 7.0 6.0 7.0 5.0 2.0 5.0 
4 5 4.0 4.0 10.0 7.0 10.0 6.0 4.0 6.0 7.0 7.0 7.0 10.0 8.0 10.0 6.0 5.0 6.0 
4 5 3.85 3.85 3.0 3.0 3.0 6.0 6.0 6.0 8.0 2.0 8.0 10.0 6.0 10.0 3.0 3.0 3.0 
4 5 3.08 3.08 6.0 4.0 6.0 6.0 4.0 6.0 3.0 2.0 3.0 4.0 3.0 4.0 3.0 1.0 3.0 
4 6 3.48 3.48 6.0 4.0 6.0 6.0 4.0 6.0 3.0 2.0 3.0 4.0 3.0 4.0 3.0 1.0 3.0 5.0 2.0 5.0 
4 5 3.53 3.53 7.0 6.0 7.0 5.0 4.0 5.0 8.0 7.0 8.0 8.0 2.0 8.0 4.0 3.0 4.0 
4 5 3.95 3.95 5.0 5.0 5.0 10.0 8.0 10.0 3.0 3.0 3.0 5.0 3.0 5.0 9.0 5.0 9.0 
4 5 3.18 3.18 3.0 1.0 3.0 8.0 6.0 8.0 9.0 5.0 9.0 8.0 7.0 8.0 6.0 4.0 6.0 
4 5 3.25 3.25 4.0 2.0 4.0 9.0 5.0 9.0 9.0 6.0 9.0 9.0 7.0 9.0 4.0 3.0 4.0 
4 5 3.86 3.86 6.0 6.0 6.0 8.0 5.0 8.0 3.0 2.0 3.0 5.0 5.0 5.0 7.0 4.0 7.0 
4 5 3.8 3.8 8.0 7.0 8.0 8.0 5.0 8.0 10.0 7.0 10.0 10.0 6.0 10.0 2.0 2.0 2.0 
4 5 3.78 3.78 2.0 2.0 2.0 3.0 2.0 3.0 8.0 6.0 8.0 7.0 4.0 7.0 10.0 8.0 10.0 
4 5 3.66 3.66 7.0 4.0 7.0 9.0 6.0 9.0 8.0 7.0 8.0 7.0 7.0 7.0 9.0 5.0 9.0 
4 5 3.27 3.27 9.0 7.0 9.0 6.0 6.0 6.0 6.0 6.0 6.0 10.0 1.0 10.0 10.0 4.0 10.0 
4 5 3.36 3.36 9.0 5.0 9.0 10.0 7.0 10.0 10.0 7.0 10.0 10.0 7.0 10.0 7.0 5.0 7.0 
4 5 3.54 3.54 3.0 2.0 3.0 10.0 10.0 10.0 4.0 4.0 4.0 4.0 3.0 4.0 8.0 1.0 8.0 
4 5 3.89 3.89 5.0 4.0 5.0 2.0 2.0 2.0 7.0 6.0 7.0 6.0 4.0 6.0 7.0 4.0 7.0 
4 5 3.11 3.11 6.0 5.0 6.0 3.0 2.0 3.0 9.0 6.0 9.0 5.0 1.0 5.0 4.0 3.0 4.0 
4 5 3.36 3.36 6.0 5.0 6.0 6.0 4.0 6.0 2.0 2.0 2.0 5.0 1.0 5.0 6.0 4.0 6.0 
4 5 3.62 3.62 9.0 5.0 9.0 10.0 9.0 10.0 2.0 1.0 2.0 10.0 10.0 10.0 6.0 4.0 6.0 
4 5 3.53 3.53 7.0 7.0 7.0 6.0 5.0 6.0 10.0 7.0 10.0 3.0 1.0 3.0 3.0 2.0 3.0 
4 5 3.13 3.13 3.0 2.0 3.0 5.0 4.0 5.0 6.0 4.0 6.0 8.0 2.0 8.0 8.0 6.0 8.0 
4 5 3.78 3.78 5.0 3.0 5.0 4.0 4.0 4.0 9.0 8.0 9.0 6.0 4.0 6.0 8.0 5.0 8.0 
4 5 3.82 3.82 2.0 2.0 2.0 5.0 5.0 5.0 8.0 2.0 8.0 7.0 4.0 7.0 2.0 2.0 2.0 
4 5 3.6 3.6 10.0 1.0 10.0 2.0 1.0 2.0 9.0 9.0 9.0 3.0 3.0 3.0 2.0 2.0 2.0 
4 5 3.93 3.93 5.0 5.0 5.0 9.0 8.0 9.0 5.0 3.0 5.0 6.0 4.0 6.0 9.0 7.0 9.0 
4 5 3.69 3.69 3.0 2.0 3.0 6.0 4.0 6.0 4.0 3.0 4.0 9.0 7.0 9.0 6.0 5.0 6.0 
4 5 3.85 3.85 9.0 9.0 9.0 2.0 1.0 2.0 3.0 3.0 3.0 9.0 5.0 9.0 5.0 4.0 5.0 
4 5 3.51 3.51 4.0 1.0 4.0 5.0 3.0 5.0 6.0 4.0 6.0 6.0 6.0 6.0 2.0 2.0 2.0 
4 5 3.22 3.22 8.0 2.0 8.0 7.0 7.0 7.0 9.0 7.0 9.0 10.0 6.0 10.0 10.0 6.0 10.0 
4 5 3.18 3.18 4.0 3.0 4.0 3.0 1.0 3.0 5.0 4.0 5.0 8.0 6.0 8.0 9.0 5.0 9.0 
4 5 3.96 3.96 10.0 10.0 10.0 4.0 3.0 4.0 7.0 5.0 7.0 5.0 5.0 5.0 2.0 1.0 2.0 
4 5 3.87 3.87 4.0 3.0 4.0 3.0 3.0 3.0 8.0 8.0 8.0 8.0 5.0 8.0 4.0 2.0 4.0 
4 5 3.3 3.3 6.0 1.0 6.0 2.0 2.0 2.0 10.0 8.0 10.0 6.0 2.0 6.0 8.0 8.0 8.0 
4 6 3.87 3.87 6.0 1.0 6.0 2.0 2.0 2.0 10.0 8.0 10.0 6.0 2.0 6.0 8.0 8.0 8.0 7.0 4.0 7.0 
4 5 3.71 3.71 3.0 3.0 3.0 10.0 10.0 10.0 9.0 9.0 9.0 7.0 1.0 7.0 7.0 4.0 7.0 
4 5 3.54 3.54 10.0 9.0 10.0 7.0 4.0 7.0 5.0 4.0 5.0 7.0 4.0 7.0 10.0 7.0 10.0 
4 5 3.97 3.97 8.0 7.0 8.0 6.0 4.0 6.0 2.0 2.0 2.0 8.0 8.0 8.0 7.0 3.0 7.0 
4 5 3.75 3.75 4.0 4.0 4.0 10.0 8.0 10.0 3.0 2.0 3.0 6.0 6.0 6.0 7.0 2.0 7.0 
4 5 3.86 3.86 4.0 3.0 4.0 5.0 4.0 5.0 9.0 9.0 9.0 9.0 8.0 9.0 7.0 3.0 7.0 
4 5 3.47 3.47 5.0 5.0 5.0 3.0 2.0 3.0 10.0 7.0 10.0 2.0 2.0 2.0 9.0 1.0 9.0 
4 5 3.86 3.86 7.0 1.0 7.0 6.0 5.0 6.0 5.0 5.0 5.0 4.0 4.0 4.0 9.0 8.0 9.0 
4 5 3.23 3.23 3.0 3.0 3.0 6.0 6.0 6.0 7.0 5.0 7.0 5.0 2.0 5.0 8.0 1.0 8.0 
4 5 3.58 3.58 3.0 2.0 3.0 9.0 9.0 9.0 4.0 4.0 4.0 9.0 6.0 9.0 4.0 1.0 4.0 
4 5 3.18 3.18 2.0 2.0 2.0 7.0 1.0 7.0 7.0 4.0 7.0 6.0 4.0 6.0 5.0 4.0 5.0 
4 6 3.93 3.93 2.0 2.0 2.0 7.0 1.0 7.0 7.0 4.0 7.0 6.0 4.0 6.0 5.0 4.0 5.0 4.0 3.0 4.0 
4 5 3.96 3.96 2.0 2.0 2.0 9.0 9.0 9.0 7.0 5.0 7.0 2.0 1.0 2.0 4.0 3.0 4.0 
4 5 3.88 3.88 7.0 7.0 7.0 5.0 4.0 5.0 9.0 8.0 9.0 5.0 1.0 5.0 2.0 2.0 2.0 
4 5 3.85 3.85 4.0 3.0 4.0 10.0 8.0 10.0 5.0 5.0 5.0 8.0 6.0 8.0 9.0 5.0 9.0 
4 5 3.94 3.94 8.0 6.0 8.0 3.0 3.0 3.0 7.0 5.0 7.0 8.0 5.0 8.0 7.0 6.0 7.0 
4 5 3.6 3.6 7.0 5.0 7.0 6.0 4.0 6.0 9.0 5.0 9.0 8.0 8.0 8.0 3.0 2.0 3.0 
4 5 3.75 3.75 4.0 3.0 4.0 6.0 2.0 6.0 6.0 4.0 6.0 3.0 3.0 3.0 3.0 3.0 3.0 
4 5 2.89 2.89 5.0 2.0 5.0 6.0 4.0 6.0 10.0 6.0 10.0 10.0 6.0 10.0 8.0 5.0 8.0 
4 6 3.89 3.89 5.0 2.0 5.0 6.0 4.0 6.0 10.0 6.0 10.0 10.0 6.0 10.0 8.0 5.0 8.0 3.0 3.0 3.0 
4 5 3.62 3.62 8.0 4.0 8.0 4.0 3.0 4.0 5.0 4.0 5.0 7.0 5.0 7.0 7.0 6.0 7.0 
4 5 3.92 3.92 10.0 7.0 10.0 9.0 6.0 9.0 7.0 7.0 7.0 7.0 6.0 7.0 10.0 7.0 10.0 
4 5 3.51 3.51 6.0 4.0 6.0 10.0 6.0 10.0 2.0 1.0 2.0 4.0 3.0 4.0 3.0 3.0 3.0 
4 5 3.66 3.66 7.0 7.0 7.0 6.0 4.0 6.0 8.0 6.0 8.0 2.0 2.0 2.0 4.0 1.0 4.0 
4 5 3.63 3.63 3.0 2.0 3.0 5.0 3.0 5.0 10.0 7.0 10.0 3.0 2.0 3.0 3.0 3.0 3.0 
4 5 3.62 3.62 8.0 6.0 8.0 10.0 6.0 10.0 4.0 3.0 4.0 6.0 4.0 6.0 7.0 6.0 7.0 
4 5 3.23 3.23 8.0 5.0 8.0 4.0 3.0 4.0 2.0 2.0 2.0 7.0 4.0 7.0 7.0 2.0 7.0 
4 5 3.98 3.98 9.0 4.0 9.0 8.0 7.0 8.0 9.0 6.0 9.0 8.0 8.0 8.0 3.0 3.0 3.0 
4 5 3.42 3.42 3.0 1.0 3.0 8.0 6.0 8.0 3.0 3.0 3.0 8.0 5.0 8.0 7.0 5.0 7.0 
4 5 3.75 3.75 10.0 9.0 10.0 3.0 1.0 3.0 8.0 5.0 8.0 10.0 9.0 10.0 3.0 3.0 3.0 
4 5 3.36 3.36 9.0 3.0 9.0 10.0 7.0 10.0 7.0 7.0 7.0 6.0 4.0 6.0 6.0 4.0 6.0 
4 6 3.7 3.7 9.0 3.0 9.0 10.0 7.0 10.0 7.0 7.0 7.0 6.0 4.0 6.0 6.0 4.0 6.0 3.0 1.0 3.0 
4 5 3.39 3.39 7.0 5.0 7.0 10.0 6.0 10.0 4.0 1.0 4.0 2.0 2.0 2.0 6.0 5.0 6.0 
4 6 3.79 3.79 7.0 5.0 7.0 10.0 6.0 10.0 4.0 1.0 4.0 2.0 2.0 2.0 6.0 5.0 6.0 10.0 4.0 10.0 
4 5 3.67 3.67 7.0 6.0 7.0 9.0 8.0 9.0 6.0 2.0 6.0 10.0 8.0 10.0 5.0 4.0 5.0 
4 5 3.37 3.37 4.0 1.0 4.0 4.0 3.0 4.0 8.0 5.0 8.0 6.0 6.0 6.0 4.0 3.0 4.0 
4 5 3.3 3.3 8.0 2.0 8.0 3.0 3.0 3.0 8.0 2.0 8.0 3.0 3.0 3.0 5.0 4.0 5.0 
4 5 3.61 3.61 7.0 4.0 7.0 5.0 5.0 5.0 5.0 4.0 5.0 5.0 4.0 5.0 9.0 4.0 9.0 
4 6 3.86 3.86 7.0 4.0 7.0 5.0 5.0 5.0 5.0 4.0 5.0 5.0 4.0 5.0 9.0 4.0 9.0 8.0 2.0 8.0 
4 5 3.85 3.85 6.0 5.0 6.0 9.0 7.0 9.0 9.0 8.0 9.0 8.0 6.0 8.0 5.0 3.0 5.0 
4 5 3.75 3.75 3.0 3.0 3.0 7.0 4.0 7.0 6.0 4.0 6.0 10.0 8.0 10.0 7.0 5.0 7.0 
4 5 3.55 3.55 8.0 8.0 8.0 8.0 4.0 8.0 10.0 9.0 10.0 10.0 6.0 10.0 9.0 5.0 9.0 
4 5 3.84 3.84 9.0 8.0 9.0 8.0 5.0 8.0 6.0 4.0 6.0 2.0 2.0 2.0 3.0 2.0 3.0 
4 5 3.56 3.56 8.0 5.0 8.0 7.0 6.0 7.0 7.0 6.0 7.0 5.0 3.0 5.0 8.0 5.0 8.0 
4 5 2.78 2.78 8.0 7.0 8.0 4.0 1.0 4.0 3.0 1.0 3.0 10.0 7.0 10.0 8.0 5.0 8.0 
4 6 3.48 3.48 8.0 7.0 8.0 4.0 1.0 4.0 3.0 1.0 3.0 10.0 7.0 10.0 8.0 5.0 8.0 10.0 7.0 10.0 
4 5 3.99 3.99 7.0 6.0 7.0 5.0 4.0 5.0 3.0 2.0 3.0 6.0 4.0 6.0 2.0 2.0 2.0 
4 5 3.86 3.86 3.0 3.0 3.0 4.0 1.0 4.0 3.0 3.0 3.0 10.0 9.0 10.0 7.0 5.0 7.0 
4 5 3.98 3.98 8.0 6.0 8.0 4.0 3.0 4.0 8.0 5.0 8.0 7.0 6.0 7.0 8.0 8.0 8.0 
4 5 3.33 3.33 10.0 7.0 10.0 7.0 3.0 7.0 6.0 5.0 6.0 4.0 3.0 4.0 8.0 5.0 8.0 
4 5 3.51 3.51 9.0 8.0 9.0 9.0 1.0 9.0 5.0 4.0 5.0 4.0 4.0 4.0 7.0 5.0 7.0 
4 5 3.1 3.1 2.0 1.0 2.0 7.0 6.0 7.0 5.0 3.0 5.0 7.0 1.0 7.0 6.0 6.0 6.0 
4 6 3.76 3.76 2.0 1.0 2.0 7.0 6.0 7.0 5.0 3.0 5.0 7.0 1.0 7.0 6.0 6.0 6.0 9.0 6.0 9.0 
4 5 3.86 3.86 5.0 4.0 5.0 4.0 3.0 4.0 7.0 5.0 7.0 5.0 4.0 5.0 10.0 8.0 10.0 
4 5 3.57 3.57 9.0 9.0 9.0 7.0 5.0 7.0 4.0 3.0 4.0 8.0 8.0 8.0 9.0 1.0 9.0 
4 5 2.72 2.72 4.0 1.0 4.0 4.0 1.0 4.0 9.0 5.0 9.0 3.0 2.0 3.0 2.0 2.0 2.0 
4 6 3.72 3.72 4.0 1.0 4.0 4.0 1.0 4.0 9.0 5.0 9.0 3.0 2.0 3.0 2.0 2.0 2.0 3.0 3.0 3.0 
4 5 3.6 3.6 5.0 4.0 5.0 8.0 5.0 8.0 5.0 4.0 5.0 8.0 5.0 8.0 4.0 3.0 4.0 
4 5 3.45 3.45 10.0 9.0 10.0 3.0 2.0 3.0 3.0 2.0 3.0 8.0 5.0 8.0 10.0 6.0 10.0 
4 5 3.4 3.4 9.0 3.0 9.0 2.0 2.0 2.0 10.0 4.0 10.0 3.0 2.0 3.0 3.0 3.0 3.0 
4 5 3.51 3.51 7.0 4.0 7.0 9.0 5.0 9.0 9.0 8.0 9.0 2.0 1.0 2.0 9.0 9.0 9.0 
4 5 3.76 3.76 8.0 7.0 8.0 3.0 2.0 3.0 9.0 6.0 9.0 9.0 8.0 9.0 6.0 4.0 6.0 
4 5 3.82 3.82 6.0 5.0 6.0 6.0 5.0 6.0 9.0 7.0 9.0 7.0 5.0 7.0 3.0 2.0 3.0 
4 5 3.8 3.8 5.0 5.0 5.0 2.0 2.0 2.0 2.0 1.0 2.0 2.0 1.0 2.0 5.0 4.0 5.0 
4 5 3.66 3.66 6.0 4.0 6.0 5.0 3.0 5.0 4.0 2.0 4.0 10.0 9.0 10.0 10.0 10.0 10.0 
4 5 3.72 3.72 4.0 3.0 4.0 9.0 5.0 9.0 10.0 9.0 10.0 3.0 2.0 3.0 7.0 6.0 7.0 
4 5 3.41 3.41 8.0 7.0 8.0 8.0 5.0 8.0 8.0 6.0 8.0 3.0 2.0 3.0 2.0 1.0 2.0 
4 5 3.87 3.87 2.0 1.0 2.0 8.0 5.0 8.0 2.0 2.0 2.0 4.0 3.0 4.0 2.0 2.0 2.0 
4 5 3.13 3.13 5.0 4.0 5.0 6.0 5.0 6.0 9.0 6.0 9.0 2.0 1.0 2.0 3.0 1.0 3.0 
4 6 3.43 3.43 5.0 4.0 5.0 6.0 5.0 6.0 9.0 6.0 9.0 2.0 1.0 2.0 3.0 1.0 3.0 10.0 3.0 10.0 
4 5 3.86 3.86 6.0 5.0 6.0 10.0 8.0 10.0 9.0 9.0 9.0 7.0 3.0 7.0 10.0 8.0 10.0 
4 5 3.87 3.87 7.0 4.0 7.0 2.0 2.0 2.0 6.0 5.0 6.0 8.0 7.0 8.0 10.0 6.0 10.0 
4 5 2.92 2.92 3.0 2.0 3.0 10.0 2.0 10.0 6.0 5.0 6.0 9.0 5.0 9.0 3.0 2.0 3.0 
4 6 3.72 3.72 3.0 2.0 3.0 10.0 2.0 10.0 6.0 5.0 6.0 9.0 5.0 9.0 3.0 2.0 3.0 5.0 4.0 5.0 
4 5 3.82 3.82 7.0 6.0 7.0 5.0 4.0 5.0 3.0 2.0 3.0 7.0 7.0 7.0 8.0 4.0 8.0 
4 5 3.78 3.78 2.0 2.0 2.0 6.0 5.0 6.0 2.0 2.0 2.0 7.0 2.0 7.0 6.0 4.0 6.0 
4 5 3.91 3.91 2.0 1.0 2.0 8.0 8.0 8.0 7.0 6.0 7.0 8.0 8.0 8.0 9.0 5.0 9.0 
4 5 3.16 3.16 3.0 3.0 3.0 4.0 1.0 4.0 7.0 5.0 7.0 5.0 3.0 5.0 10.0 6.0 10.0 
4 6 3.6 3.6 3.0 3.0 3.0 4.0 1.0 4.0 7.0 5.0 7.0 5.0 3.0 5.0 10.0 6.0 10.0 9.0 4.0 9.0 
4 5 3.59 3.59 6.0 2.0 6.0 8.0 5.0 8.0 9.0 7.0 9.0 7.0 6.0 7.0 7.0 7.0 7.0 
4 5 3.94 3.94 4.0 3.0 4.0 10.0 9.0 10.0 9.0 6.0 9.0 8.0 6.0 8.0 8.0 7.0 8.0 
4 5 3.76 3.76 5.0 5.0 5.0 3.0 1.0 3.0 6.0 6.0 6.0 5.0 3.0 5.0 6.0 5.0 6.0 
4 5 3.86 3.86 10.0 6.0 10.0 4.0 4.0 4.0 10.0 6.0 10.0 3.0 3.0 3.0 3.0 2.0 3.0 
4 5 3.85 3.85 5.0 5.0 5.0 9.0 5.0 9.0 2.0 2.0 2.0 5.0 4.0 5.0 2.0 1.0 2.0 
4 5 3.69 3.69 6.0 6.0 6.0 7.0 7.0 7.0 3.0 2.0 3.0 7.0 3.0 7.0 5.0 3.0 5.0 
4 6 3.89 3.89 6.0 6.0 6.0 7.0 7.0 7.0 3.0 2.0 3.0 7.0 3.0 7.0 5.0 3.0 5.0 10.0 2.0 10.0 
4 5 3.7 3.7 7.0 6.0 7.0 6.0 4.0 6.0 5.0 3.0 5.0 5.0 4.0 5.0 9.0 7.0 9.0 
4 5 3.82 3.82 8.0 1.0 8.0 10.0 9.0 10.0 10.0 8.0 10.0 10.0 10.0 10.0 2.0 2.0 2.0 
4 6 3.92 3.92 8.0 1.0 8.0 10.0 9.0 10.0 10.0 8.0 10.0 10.0 10.0 10.0 2.0 2.0 2.0 10.0 1.0 10.0 
4 5 2.79 2.79 6.0 5.0 6.0 8.0 4.0 8.0 8.0 1.0 8.0 2.0 2.0 2.0 3.0 1.0 3.0 
4 6 3.79 3.79 6.0 5.0 6.0 8.0 4.0 8.0 8.0 1.0 8.0 2.0 2.0 2.0 3.0 1.0 3.0 2.0 2.0 2.0 
4 5 3.98 3.98 10.0 9.0 10.0 5.0 5.0 5.0 8.0 6.0 8.0 9.0 3.0 9.0 9.0 9.0 9.0 
4 5 4.0 4.0 2.0 2.0 2.0 2.0 2.0 2.0 9.0 3.0 9.0 9.0 6.0 9.0 3.0 3.0 3.0 
4 5 3.57 3.57 9.0 4.0 9.0 6.0 6.0 6.0 10.0 8.0 10.0 3.0 2.0 3.0 6.0 4.0 6.0 
4 5 3.59 3.59 6.0 3.0 6.0 10.0 8.0 10.0 6.0 5.0 6.0 4.0 3.0 4.0 7.0 5.0 7.0 
4 5 3.92 3.92 5.0 3.0 5.0 8.0 5.0 8.0 10.0 7.0 10.0 4.0 4.0 4.0 9.0 9.0 9.0 
4 5 3.61 3.61 4.0 3.0 4.0 5.0 3.0 5.0 6.0 4.0 6.0 5.0 3.0 5.0 4.0 4.0 4.0 
4 5 3.66 3.66 7.0 4.0 7.0 4.0 3.0 4.0 7.0 5.0 7.0 6.0 5.0 6.0 5.0 4.0 5.0 
4 5 2.81 2.81 9.0 2.0 9.0 9.0 8.0 9.0 2.0 2.0 2.0 10.0 1.0 10.0 5.0 3.0 5.0 
4 6 3.81 3.81 9.0 2.0 9.0 9.0 8.0 9.0 2.0 2.0 2.0 10.0 1.0 10.0 5.0 3.0 5.0 7.0 7.0 7.0 
4 5 3.3 3.3 9.0 6.0 9.0 7.0 1.0 7.0 8.0 6.0 8.0 3.0 3.0 3.0 8.0 6.0 8.0 
4 5 3.93 3.93 2.0 2.0 2.0 10.0 6.0 10.0 9.0 6.0 9.0 3.0 3.0 3.0 3.0 2.0 3.0 
4 5 3.67 3.67 10.0 2.0 10.0 10.0 6.0 10.0 8.0 7.0 8.0 2.0 2.0 2.0 4.0 4.0 4.0 
4 5 3.8 3.8 2.0 2.0 2.0 9.0 6.0 9.0 3.0 1.0 3.0 10.0 8.0 10.0 5.0 5.0 5.0 
4 5 3.88 3.88 8.0 3.0 8.0 2.0 2.0 2.0 10.0 9.0 10.0 6.0 5.0 6.0 9.0 7.0 9.0 
4 5 3.83 3.83 3.0 2.0 3.0 2.0 2.0 2.0 8.0 6.0 8.0 7.0 5.0 7.0 10.0 7.0 10.0 
4 5 3.6 3.6 2.0 1.0 2.0 2.0 2.0 2.0 4.0 3.0 4.0 4.0 3.0 4.0 10.0 6.0 10.0 
4 5 3.93 3.93 6.0 6.0 6.0 2.0 2.0 2.0 3.0 2.0 3.0 3.0 2.0 3.0 10.0 6.0 10.0 
4 5 3.45 3.45 4.0 3.0 4.0 9.0 6.0 9.0 9.0 6.0 9.0 8.0 6.0 8.0 8.0 5.0 8.0 
4 5 3.6 3.6 6.0 4.0 6.0 6.0 4.0 6.0 10.0 7.0 10.0 7.0 4.0 7.0 9.0 9.0 9.0 
4 5 3.57 3.57 7.0 4.0 7.0 2.0 1.0 2.0 8.0 6.0 8.0 10.0 10.0 10.0 4.0 3.0 4.0 
4 5 3.94 3.94 8.0 6.0 8.0 5.0 4.0 5.0 3.0 2.0 3.0 8.0 7.0 8.0 7.0 6.0 7.0 
4 5 3.6 3.6 5.0 1.0 5.0 5.0 2.0 5.0 4.0 4.0 4.0 2.0 2.0 2.0 8.0 8.0 8.0 
4 5 3.7 3.7 8.0 6.0 8.0 8.0 5.0 8.0 2.0 2.0 2.0 2.0 2.0 2.0 6.0 2.0 6.0 
4 5 3.82 3.82 8.0 8.0 8.0 9.0 8.0 9.0 3.0 2.0 3.0 5.0 3.0 5.0 6.0 4.0 6.0 
4 5 3.1 3.1 10.0 4.0 10.0 7.0 7.0 7.0 4.0 4.0 4.0 4.0 2.0 4.0 5.0 1.0 5.0 
4 6 3.7 3.7 10.0 4.0 10.0 7.0 7.0 7.0 4.0 4.0 4.0 4.0 2.0 4.0 5.0 1.0 5.0 5.0 3.0 5.0 
4 5 3.17 3.17 2.0 1.0 2.0 10.0 4.0 10.0 7.0 6.0 7.0 6.0 4.0 6.0 4.0 3.0 4.0 
4 5 3.97 3.97 10.0 7.0 10.0 4.0 3.0 4.0 4.0 4.0 4.0 9.0 7.0 9.0 4.0 3.0 4.0 
4 5 3.71 3.71 8.0 5.0 8.0 8.0 8.0 8.0 8.0 5.0 8.0 10.0 8.0 10.0 6.0 4.0 6.0 
4 5 3.13 3.13 4.0 1.0 4.0 9.0 8.0 9.0 4.0 1.0 4.0 4.0 3.0 4.0 2.0 2.0 2.0 
4 6 3.76 3.76 4.0 1.0 4.0 9.0 8.0 9.0 4.0 1.0 4.0 4.0 3.0 4.0 2.0 2.0 2.0 8.0 5.0 8.0 
4 5 3.91 3.91 3.0 2.0 3.0 9.0 6.0 9.0 10.0 8.0 10.0 9.0 7.0 9.0 3.0 3.0 3.0 
4 5 3.52 3.52 6.0 4.0 6.0 9.0 5.0 9.0 8.0 8.0 8.0 2.0 1.0 2.0 10.0 8.0 10.0 
4 6 3.85 3.85 6.0 4.0 6.0 9.0 5.0 9.0 8.0 8.0 8.0 2.0 1.0 2.0 10.0 8.0 10.0 3.0 1.0 3.0 
4 5 2.77 2.77 9.0 9.0 9.0 8.0 6.0 8.0 5.0 3.0 5.0 10.0 2.0 10.0 9.0 2.0 9.0 
4 6 3.77 3.77 9.0 9.0 9.0 8.0 6.0 8.0 5.0 3.0 5.0 10.0 2.0 10.0 9.0 2.0 9.0 2.0 2.0 2.0 
4 5 3.35 3.35 5.0 4.0 5.0 9.0 2.0 9.0 6.0 4.0 6.0 2.0 2.0 2.0 3.0 2.0 3.0 
4 5 3.6 3.6 7.0 7.0 7.0 2.0 2.0 2.0 7.0 5.0 7.0 8.0 6.0 8.0 7.0 1.0 7.0 
4 6 3.8 3.8 7.0 7.0 7.0 2.0 2.0 2.0 7.0 5.0 7.0 8.0 6.0 8.0 7.0 1.0 7.0 5.0 1.0 5.0 
4 5 3.75 3.75 5.0 4.0 5.0 6.0 4.0 6.0 9.0 6.0 9.0 8.0 5.0 8.0 2.0 2.0 2.0 
4 5 3.92 3.92 8.0 4.0 8.0 7.0 5.0 7.0 7.0 5.0 7.0 8.0 8.0 8.0 2.0 2.0 2.0 
4 5 3.05 3.05 9.0 8.0 9.0 9.0 1.0 9.0 10.0 10.0 10.0 8.0 4.0 8.0 9.0 5.0 9.0 
4 6 3.72 3.72 9.0 8.0 9.0 9.0 1.0 9.0 10.0 10.0 10.0 8.0 4.0 8.0 9.0 5.0 9.0 6.0 4.0 6.0 
4 5 3.31 3.31 3.0 3.0 3.0 9.0 3.0 9.0 10.0 6.0 10.0 7.0 5.0 7.0 6.0 4.0 6.0 
4 5 2.95 2.95 5.0 4.0 5.0 10.0 7.0 10.0 5.0 5.0 5.0 10.0 2.0 10.0 8.0 2.0 8.0 
4 6 3.45 3.45 5.0 4.0 5.0 10.0 7.0 10.0 5.0 5.0 5.0 10.0 2.0 10.0 8.0 2.0 8.0 4.0 2.0 4.0 
4 7 3.95 3.95 5.0 4.0 5.0 10.0 7.0 10.0 5.0 5.0 5.0 10.0 2.0 10.0 8.0 2.0 8.0 4.0 2.0 4.0 8.0 4.0 8.0 
4 5 3.53 3.53 6.0 4.0 6.0 10.0 7.0 10.0 4.0 3.0 4.0 9.0 6.0 9.0 4.0 3.0 4.0 
4 5 3.68 3.68 10.0 9.0 10.0 2.0 2.0 2.0 10.0 5.0 10.0 7.0 2.0 7.0 8.0 8.0 8.0 
4 5 3.86 3.86 7.0 5.0 7.0 5.0 3.0 5.0 4.0 3.0 4.0 5.0 4.0 5.0 2.0 2.0 2.0 
4 5 3.54 3.54 9.0 8.0 9.0 7.0 6.0 7.0 10.0 6.0 10.0 10.0 2.0 10.0 5.0 5.0 5.0 
4 5 4.0 4.0 2.0 2.0 2.0 2.0 2.0 2.0 9.0 6.0 9.0 2.0 2.0 2.0 9.0 3.0 9.0 
4 5 3.86 3.86 2.0 2.0 2.0 5.0 5.0 5.0 6.0 4.0 6.0 5.0 2.0 5.0 5.0 4.0 5.0 
4 5 3.13 3.13 10.0 7.0 10.0 6.0 6.0 6.0 7.0 5.0 7.0 8.0 5.0 8.0 10.0 1.0 10.0 
4 6 3.73 3.73 10.0 7.0 10.0 6.0 6.0 6.0 7.0 5.0 7.0 8.0 5.0 8.0 10.0 1.0 10.0 10.0 6.0 10.0 
4 5 3.3 3.3 6.0 6.0 6.0 5.0 5.0 5.0 9.0 5.0 9.0 8.0 3.0 8.0 8.0 3.0 8.0 
4 5 3.86 3.86 6.0 6.0 6.0 10.0 7.0 10.0 4.0 2.0 4.0 2.0 2.0 2.0 6.0 4.0 6.0 
4 5 3.49 3.49 4.0 4.0 4.0 7.0 1.0 7.0 5.0 4.0 5.0 5.0 4.0 5.0 8.0 6.0 8.0 
4 5 2.54 2.54 4.0 1.0 4.0 6.0 4.0 6.0 4.0 3.0 4.0 8.0 5.0 8.0 4.0 1.0 4.0 
4 6 3.25 3.25 4.0 1.0 4.0 6.0 4.0 6.0 4.0 3.0 4.0 8.0 5.0 8.0 4.0 1.0 4.0 7.0 5.0 7.0 
4 5 3.92 3.92 7.0 4.0 7.0 3.0 3.0 3.0 8.0 6.0 8.0 3.0 3.0 3.0 5.0 3.0 5.0 
4 5 3.52 3.52 10.0 10.0 10.0 2.0 2.0 2.0 6.0 5.0 6.0 4.0 1.0 4.0 9.0 4.0 9.0 
4 5 3.02 3.02 7.0 4.0 7.0 6.0 5.0 6.0 8.0 1.0 8.0 6.0 5.0 6.0 3.0 2.0 3.0 
4 6 3.77 3.77 7.0 4.0 7.0 6.0 5.0 6.0 8.0 1.0 8.0 6.0 5.0 6.0 3.0 2.0 3.0 4.0 3.0 4.0 
4 5 3.53 3.53 10.0 7.0 10.0 2.0 2.0 2.0 9.0 3.0 9.0 5.0 5.0 5.0 4.0 2.0 4.0 
4 5 3.4 3.4 10.0 8.0 10.0 6.0 3.0 6.0 2.0 1.0 2.0 5.0 3.0 5.0 5.0 5.0 5.0 
4 5 3.89 3.89 5.0 4.0 5.0 8.0 7.0 8.0 5.0 4.0 5.0 8.0 6.0 8.0 6.0 4.0 6.0 
4 5 3.9 3.9 7.0 4.0 7.0 8.0 7.0 8.0 4.0 4.0 4.0 9.0 5.0 9.0 10.0 9.0 10.0 
4 5 3.92 3.92 9.0 8.0 9.0 7.0 7.0 7.0 4.0 4.0 4.0 4.0 3.0 4.0 7.0 2.0 7.0 
4 5 3.07 3.07 9.0 1.0 9.0 5.0 3.0 5.0 6.0 6.0 6.0 10.0 7.0 10.0 9.0 6.0 9.0 
4 5 3.64 3.64 7.0 3.0 7.0 7.0 6.0 7.0 9.0 5.0 9.0 6.0 6.0 6.0 5.0 4.0 5.0 
4 5 3.16 3.16 7.0 5.0 7.0 4.0 3.0 4.0 5.0 1.0 5.0 6.0 3.0 6.0 7.0 7.0 7.0 
4 5 4.0 4.0 2.0 1.0 2.0 10.0 10.0 10.0 8.0 8.0 8.0 6.0 5.0 6.0 3.0 2.0 3.0 
4 5 3.75 3.75 10.0 7.0 10.0 8.0 6.0 8.0 5.0 3.0 5.0 10.0 7.0 10.0 2.0 2.0 2.0 
4 5 3.44 3.44 9.0 7.0 9.0 6.0 1.0 6.0 5.0 4.0 5.0 10.0 10.0 10.0 10.0 7.0 10.0 
4 5 3.12 3.12 3.0 3.0 3.0 10.0 1.0 10.0 10.0 9.0 10.0 8.0 1.0 8.0 6.0 6.0 6.0 
4 6 3.79 3.79 3.0 3.0 3.0 10.0 1.0 10.0 10.0 9.0 10.0 8.0 1.0 8.0 6.0 6.0 6.0 6.0 4.0 6.0 
4 5 3.72 3.72 4.0 4.0 4.0 10.0 4.0 10.0 6.0 4.0 6.0 5.0 4.0 5.0 7.0 6.0 7.0 
4 5 3.85 3.85 5.0 4.0 5.0 9.0 8.0 9.0 3.0 2.0 3.0 5.0 5.0 5.0 6.0 3.0 6.0 
4 5 3.27 3.27 10.0 7.0 10.0 9.0 8.0 9.0 8.0 3.0 8.0 7.0 5.0 7.0 5.0 3.0 5.0 
4 5 3.39 3.39 6.0 4.0 6.0 3.0 3.0 3.0 8.0 5.0 8.0 5.0 3.0 5.0 2.0 1.0 2.0 
4 5 3.77 3.77 8.0 6.0 8.0 7.0 3.0 7.0 8.0 8.0 8.0 5.0 5.0 5.0 10.0 6.0 10.0 
4 5 3.95 3.95 3.0 3.0 3.0 8.0 6.0 8.0 10.0 7.0 10.0 4.0 3.0 4.0 4.0 3.0 4.0 
4 5 3.92 3.92 4.0 1.0 4.0 8.0 7.0 8.0 5.0 4.0 5.0 3.0 3.0 3.0 3.0 3.0 3.0 
4 5 3.83 3.83 5.0 4.0 5.0 7.0 4.0 7.0 6.0 6.0 6.0 9.0 6.0 9.0 5.0 4.0 5.0 
4 5 3.5 3.5 6.0 1.0 6.0 8.0 7.0 8.0 5.0 5.0 5.0 6.0 5.0 6.0 8.0 5.0 8.0 
4 5 3.94 3.94 7.0 6.0 7.0 7.0 4.0 7.0 7.0 5.0 7.0 10.0 8.0 10.0 9.0 9.0 9.0 
4 5 2.2 2.2 9.0 7.0 9.0 5.0 1.0 5.0 8.0 6.0 8.0 9.0 3.0 9.0 7.0 1.0 7.0 
4 6 2.87 2.87 9.0 7.0 9.0 5.0 1.0 5.0 8.0 6.0 8.0 9.0 3.0 9.0 7.0 1.0 7.0 6.0 4.0 6.0 
4 7 3.87 3.87 9.0 7.0 9.0 5.0 1.0 5.0 8.0 6.0 8.0 9.0 3.0 9.0 7.0 1.0 7.0 6.0 4.0 6.0 2.0 2.0 2.0 
4 5 3.85 3.85 6.0 5.0 6.0 3.0 2.0 3.0 4.0 2.0 4.0 3.0 3.0 3.0 7.0 6.0 7.0 
4 5 3.8 3.8 3.0 2.0 3.0 7.0 4.0 7.0 2.0 2.0 2.0 7.0 4.0 7.0 7.0 7.0 7.0 
4 5 3.6 3.6 4.0 4.0 4.0 8.0 6.0 8.0 7.0 5.0 7.0 9.0 8.0 9.0 8.0 2.0 8.0 
4 5 3.76 3.76 6.0 1.0 6.0 6.0 6.0 6.0 10.0 6.0 10.0 6.0 6.0 6.0 7.0 7.0 7.0 
4 5 3.59 3.59 8.0 2.0 8.0 6.0 4.0 6.0 5.0 4.0 5.0 8.0 7.0 8.0 2.0 2.0 2.0 
4 5 4.0 4.0 5.0 5.0 5.0 8.0 6.0 8.0 9.0 9.0 9.0 4.0 4.0 4.0 4.0 1.0 4.0 
4 5 3.27 3.27 2.0 1.0 2.0 9.0 7.0 9.0 6.0 2.0 6.0 9.0 6.0 9.0 4.0 4.0 4.0 
4 5 3.41 3.41 8.0 7.0 8.0 6.0 4.0 6.0 4.0 3.0 4.0 10.0 5.0 10.0 8.0 5.0 8.0 
4 5 3.83 3.83 7.0 6.0 7.0 6.0 5.0 6.0 7.0 4.0 7.0 7.0 4.0 7.0 3.0 3.0 3.0 
4 5 3.93 3.93 3.0 2.0 3.0 3.0 3.0 3.0 5.0 3.0 5.0 3.0 2.0 3.0 8.0 8.0 8.0 
4 5 3.55 3.55 9.0 5.0 9.0 8.0 6.0 8.0 5.0 5.0 5.0 2.0 2.0 2.0 8.0 2.0 8.0 
4 5 3.89 3.89 8.0 5.0 8.0 4.0 3.0 4.0 7.0 6.0 7.0 6.0 6.0 6.0 3.0 2.0 3.0 
4 5 3.91 3.91 4.0 4.0 4.0 6.0 3.0 6.0 3.0 3.0 3.0 4.0 3.0 4.0 6.0 4.0 6.0 
4 5 3.76 3.76 4.0 3.0 4.0 8.0 6.0 8.0 10.0 6.0 10.0 5.0 5.0 5.0 6.0 4.0 6.0 
4 5 3.86 3.86 5.0 5.0 5.0 7.0 2.0 7.0 4.0 4.0 4.0 9.0 7.0 9.0 10.0 8.0 10.0 
4 5 3.71 3.71 6.0 6.0 6.0 7.0 6.0 7.0 8.0 6.0 8.0 9.0 7.0 9.0 6.0 2.0 6.0 
4 5 3.14 3.14 10.0 8.0 10.0 9.0 5.0 9.0 10.0 7.0 10.0 8.0 3.0 8.0 7.0 5.0 7.0 
4 6 3.89 3.89 10.0 8.0 10.0 9.0 5.0 9.0 10.0 7.0 10.0 8.0 3.0 8.0 7.0 5.0 7.0 4.0 3.0 4.0 
4 5 3.95 3.95 10.0 10.0 10.0 3.0 2.0 3.0 5.0 5.0 5.0 8.0 5.0 8.0 3.0 2.0 3.0 
4 5 3.14 3.14 9.0 7.0 9.0 8.0 6.0 8.0 5.0 1.0 5.0 6.0 4.0 6.0 4.0 3.0 4.0 
4 6 3.94 3.94 9.0 7.0 9.0 8.0 6.0 8.0 5.0 1.0 5.0 6.0 4.0 6.0 4.0 3.0 4.0 5.0 4.0 5.0 
4 5 3.72 3.72 5.0 3.0 5.0 2.0 2.0 2.0 5.0 5.0 5.0 8.0 1.0 8.0 4.0 4.0 4.0 
4 5 3.88 3.88 2.0 2.0 2.0 9.0 6.0 9.0 3.0 2.0 3.0 9.0 5.0 9.0 2.0 2.0 2.0 
4 5 3.79 3.79 8.0 7.0 8.0 7.0 7.0 7.0 4.0 3.0 4.0 6.0 1.0 6.0 5.0 5.0 5.0 
4 5 3.73 3.73 6.0 4.0 6.0 5.0 5.0 5.0 3.0 3.0 3.0 5.0 2.0 5.0 3.0 2.0 3.0 
4 5 2.44 2.44 7.0 4.0 7.0 5.0 2.0 5.0 7.0 4.0 7.0 3.0 1.0 3.0 7.0 4.0 7.0 
4 6 3.16 3.16 7.0 4.0 7.0 5.0 2.0 5.0 7.0 4.0 7.0 3.0 1.0 3.0 7.0 4.0 7.0 7.0 5.0 7.0 
4 5 3.45 3.45 2.0 1.0 2.0 5.0 3.0 5.0 2.0 1.0 2.0 7.0 6.0 7.0 7.0 7.0 7.0 
4 5 2.73 2.73 4.0 3.0 4.0 10.0 8.0 10.0 8.0 1.0 8.0 9.0 5.0 9.0 10.0 5.0 10.0 
4 6 3.39 3.39 4.0 3.0 4.0 10.0 8.0 10.0 8.0 1.0 8.0 9.0 5.0 9.0 10.0 5.0 10.0 3.0 2.0 3.0 
4 7 3.56 3.56 4.0 3.0 4.0 10.0 8.0 10.0 8.0 1.0 8.0 9.0 5.0 9.0 10.0 5.0 10.0 3.0 2.0 3.0 6.0 1.0 6.0 
4 5 3.3 3.3 4.0 3.0 4.0 7.0 7.0 7.0 10.0 7.0 10.0 7.0 5.0 7.0 7.0 1.0 7.0 
4 5 3.01 3.01 3.0 2.0 3.0 5.0 4.0 5.0 8.0 5.0 8.0 5.0 4.0 5.0 8.0 1.0 8.0 
4 6 3.87 3.87 3.0 2.0 3.0 5.0 4.0 5.0 8.0 5.0 8.0 5.0 4.0 5.0 8.0 1.0 8.0 7.0 6.0 7.0 
4 5 3.84 3.84 6.0 5.0 6.0 7.0 6.0 7.0 9.0 5.0 9.0 5.0 3.0 5.0 7.0 7.0 7.0 
4 5 3.98 3.98 5.0 4.0 5.0 7.0 5.0 7.0 3.0 2.0 3.0 5.0 5.0 5.0 5.0 4.0 5.0 
4 5 3.96 3.96 5.0 4.0 5.0 8.0 4.0 8.0 6.0 6.0 6.0 7.0 7.0 7.0 3.0 2.0 3.0 
4 5 3.7 3.7 9.0 7.0 9.0 8.0 6.0 8.0 6.0 6.0 6.0 9.0 5.0 9.0 8.0 5.0 8.0 
4 5 3.0 3.0 6.0 4.0 6.0 8.0 8.0 8.0 10.0 3.0 10.0 4.0 3.0 4.0 7.0 2.0 7.0 
4 5 3.83 3.83 6.0 5.0 6.0 7.0 6.0 7.0 7.0 4.0 7.0 7.0 5.0 7.0 7.0 6.0 7.0 
4 5 3.93 3.93 6.0 4.0 6.0 5.0 5.0 5.0 7.0 7.0 7.0 6.0 4.0 6.0 10.0 6.0 10.0 
4 5 2.86 2.86 4.0 3.0 4.0 6.0 1.0 6.0 9.0 6.0 9.0 6.0 5.0 6.0 9.0 4.0 9.0 
