4 5 2.95 2.95 8.0 7.0 8.0 5.0 3.0 5.0 7.0 1.0 7.0 4.0 4.0 4.0 6.0 2.0 6.0 
4 6 3.8 3.8 8.0 7.0 8.0 5.0 3.0 5.0 7.0 1.0 7.0 4.0 4.0 4.0 6.0 2.0 6.0 7.0 6.0 7.0 
4 5 3.22 3.22 9.0 5.0 9.0 2.0 1.0 2.0 7.0 7.0 7.0 6.0 5.0 6.0 9.0 3.0 9.0 
4 5 1.71 1.71 9.0 4.0 9.0 10.0 4.0 10.0 4.0 1.0 4.0 6.0 2.0 6.0 7.0 2.0 7.0 
4 6 2.04 2.04 9.0 4.0 9.0 10.0 4.0 10.0 4.0 1.0 4.0 6.0 2.0 6.0 7.0 2.0 7.0 3.0 1.0 3.0 
4 7 3.04 3.04 9.0 4.0 9.0 10.0 4.0 10.0 4.0 1.0 4.0 6.0 2.0 6.0 7.0 2.0 7.0 3.0 1.0 3.0 4.0 4.0 4.0 
4 8 3.54 3.54 9.0 4.0 9.0 10.0 4.0 10.0 4.0 1.0 4.0 6.0 2.0 6.0 7.0 2.0 7.0 3.0 1.0 3.0 4.0 4.0 4.0 4.0 2.0 4.0 
4 5 2.12 2.12 7.0 7.0 7.0 10.0 2.0 10.0 5.0 1.0 5.0 10.0 5.0 10.0 9.0 2.0 9.0 
4 6 2.24 2.24 7.0 7.0 7.0 10.0 2.0 10.0 5.0 1.0 5.0 10.0 5.0 10.0 9.0 2.0 9.0 8.0 1.0 8.0 
4 7 2.99 2.99 7.0 7.0 7.0 10.0 2.0 10.0 5.0 1.0 5.0 10.0 5.0 10.0 9.0 2.0 9.0 8.0 1.0 8.0 4.0 3.0 4.0 
4 8 3.49 3.49 7.0 7.0 7.0 10.0 2.0 10.0 5.0 1.0 5.0 10.0 5.0 10.0 9.0 2.0 9.0 8.0 1.0 8.0 4.0 3.0 4.0 2.0 1.0 2.0 
4 9 3.99 3.99 7.0 7.0 7.0 10.0 2.0 10.0 5.0 1.0 5.0 10.0 5.0 10.0 9.0 2.0 9.0 8.0 1.0 8.0 4.0 3.0 4.0 2.0 1.0 2.0 10.0 5.0 10.0 
4 5 2.84 2.84 6.0 3.0 6.0 9.0 4.0 9.0 6.0 3.0 6.0 10.0 4.0 10.0 5.0 5.0 5.0 
4 6 3.06 3.06 6.0 3.0 6.0 9.0 4.0 9.0 6.0 3.0 6.0 10.0 4.0 10.0 5.0 5.0 5.0 9.0 2.0 9.0 
4 7 3.44 3.44 6.0 3.0 6.0 9.0 4.0 9.0 6.0 3.0 6.0 10.0 4.0 10.0 5.0 5.0 5.0 9.0 2.0 9.0 8.0 3.0 8.0 
4 8 3.77 3.77 6.0 3.0 6.0 9.0 4.0 9.0 6.0 3.0 6.0 10.0 4.0 10.0 5.0 5.0 5.0 9.0 2.0 9.0 8.0 3.0 8.0 6.0 2.0 6.0 
4 5 1.45 1.45 3.0 1.0 3.0 3.0 1.0 3.0 4.0 1.0 4.0 6.0 2.0 6.0 10.0 2.0 10.0 
4 6 1.59 1.59 3.0 1.0 3.0 3.0 1.0 3.0 4.0 1.0 4.0 6.0 2.0 6.0 10.0 2.0 10.0 7.0 1.0 7.0 
4 7 2.29 2.29 3.0 1.0 3.0 3.0 1.0 3.0 4.0 1.0 4.0 6.0 2.0 6.0 10.0 2.0 10.0 7.0 1.0 7.0 10.0 7.0 10.0 
4 8 2.95 2.95 3.0 1.0 3.0 3.0 1.0 3.0 4.0 1.0 4.0 6.0 2.0 6.0 10.0 2.0 10.0 7.0 1.0 7.0 10.0 7.0 10.0 3.0 2.0 3.0 
4 9 3.24 3.24 3.0 1.0 3.0 3.0 1.0 3.0 4.0 1.0 4.0 6.0 2.0 6.0 10.0 2.0 10.0 7.0 1.0 7.0 10.0 7.0 10.0 3.0 2.0 3.0 7.0 2.0 7.0 
4 10 3.57 3.57 3.0 1.0 3.0 3.0 1.0 3.0 4.0 1.0 4.0 6.0 2.0 6.0 10.0 2.0 10.0 7.0 1.0 7.0 10.0 7.0 10.0 3.0 2.0 3.0 7.0 2.0 7.0 9.0 3.0 9.0 
4 11 3.91 3.91 3.0 1.0 3.0 3.0 1.0 3.0 4.0 1.0 4.0 6.0 2.0 6.0 10.0 2.0 10.0 7.0 1.0 7.0 10.0 7.0 10.0 3.0 2.0 3.0 7.0 2.0 7.0 9.0 3.0 9.0 6.0 2.0 6.0 
4 5 2.16 2.16 8.0 1.0 8.0 2.0 1.0 2.0 2.0 2.0 2.0 7.0 2.0 7.0 4.0 1.0 4.0 
4 6 2.82 2.82 8.0 1.0 8.0 2.0 1.0 2.0 2.0 2.0 2.0 7.0 2.0 7.0 4.0 1.0 4.0 9.0 6.0 9.0 
4 7 2.97 2.97 8.0 1.0 8.0 2.0 1.0 2.0 2.0 2.0 2.0 7.0 2.0 7.0 4.0 1.0 4.0 9.0 6.0 9.0 7.0 1.0 7.0 
4 8 3.97 3.97 8.0 1.0 8.0 2.0 1.0 2.0 2.0 2.0 2.0 7.0 2.0 7.0 4.0 1.0 4.0 9.0 6.0 9.0 7.0 1.0 7.0 7.0 7.0 7.0 
4 5 3.19 3.19 6.0 1.0 6.0 2.0 1.0 2.0 7.0 6.0 7.0 3.0 2.0 3.0 2.0 2.0 2.0 
4 5 2.14 2.14 5.0 1.0 5.0 5.0 4.0 5.0 10.0 2.0 10.0 9.0 4.0 9.0 2.0 1.0 2.0 
4 6 2.64 2.64 5.0 1.0 5.0 5.0 4.0 5.0 10.0 2.0 10.0 9.0 4.0 9.0 2.0 1.0 2.0 2.0 1.0 2.0 
4 7 2.97 2.97 5.0 1.0 5.0 5.0 4.0 5.0 10.0 2.0 10.0 9.0 4.0 9.0 2.0 1.0 2.0 2.0 1.0 2.0 3.0 1.0 3.0 
4 8 3.26 3.26 5.0 1.0 5.0 5.0 4.0 5.0 10.0 2.0 10.0 9.0 4.0 9.0 2.0 1.0 2.0 2.0 1.0 2.0 3.0 1.0 3.0 7.0 2.0 7.0 
4 9 3.86 3.86 5.0 1.0 5.0 5.0 4.0 5.0 10.0 2.0 10.0 9.0 4.0 9.0 2.0 1.0 2.0 2.0 1.0 2.0 3.0 1.0 3.0 7.0 2.0 7.0 5.0 3.0 5.0 
4 5 2.73 2.73 9.0 2.0 9.0 5.0 2.0 5.0 3.0 3.0 3.0 2.0 2.0 2.0 9.0 1.0 9.0 
4 6 2.9 2.9 9.0 2.0 9.0 5.0 2.0 5.0 3.0 3.0 3.0 2.0 2.0 2.0 9.0 1.0 9.0 6.0 1.0 6.0 
4 7 3.04 3.04 9.0 2.0 9.0 5.0 2.0 5.0 3.0 3.0 3.0 2.0 2.0 2.0 9.0 1.0 9.0 6.0 1.0 6.0 7.0 1.0 7.0 
4 8 3.59 3.59 9.0 2.0 9.0 5.0 2.0 5.0 3.0 3.0 3.0 2.0 2.0 2.0 9.0 1.0 9.0 6.0 1.0 6.0 7.0 1.0 7.0 9.0 5.0 9.0 
4 5 1.93 1.93 5.0 1.0 5.0 4.0 3.0 4.0 7.0 2.0 7.0 4.0 1.0 4.0 9.0 4.0 9.0 
4 6 2.43 2.43 5.0 1.0 5.0 4.0 3.0 4.0 7.0 2.0 7.0 4.0 1.0 4.0 9.0 4.0 9.0 2.0 1.0 2.0 
4 7 3.43 3.43 5.0 1.0 5.0 4.0 3.0 4.0 7.0 2.0 7.0 4.0 1.0 4.0 9.0 4.0 9.0 2.0 1.0 2.0 2.0 2.0 2.0 
4 5 2.15 2.15 10.0 3.0 10.0 2.0 1.0 2.0 10.0 1.0 10.0 4.0 2.0 4.0 8.0 6.0 8.0 
4 6 2.75 2.75 10.0 3.0 10.0 2.0 1.0 2.0 10.0 1.0 10.0 4.0 2.0 4.0 8.0 6.0 8.0 5.0 3.0 5.0 
4 7 3.25 3.25 10.0 3.0 10.0 2.0 1.0 2.0 10.0 1.0 10.0 4.0 2.0 4.0 8.0 6.0 8.0 5.0 3.0 5.0 2.0 1.0 2.0 
4 8 3.5 3.5 10.0 3.0 10.0 2.0 1.0 2.0 10.0 1.0 10.0 4.0 2.0 4.0 8.0 6.0 8.0 5.0 3.0 5.0 2.0 1.0 2.0 4.0 1.0 4.0 
4 9 4.0 4.0 10.0 3.0 10.0 2.0 1.0 2.0 10.0 1.0 10.0 4.0 2.0 4.0 8.0 6.0 8.0 5.0 3.0 5.0 2.0 1.0 2.0 4.0 1.0 4.0 2.0 1.0 2.0 
4 5 2.84 2.84 4.0 1.0 4.0 3.0 3.0 3.0 9.0 5.0 9.0 8.0 3.0 8.0 3.0 2.0 3.0 
4 6 3.06 3.06 4.0 1.0 4.0 3.0 3.0 3.0 9.0 5.0 9.0 8.0 3.0 8.0 3.0 2.0 3.0 9.0 2.0 9.0 
4 7 3.73 3.73 4.0 1.0 4.0 3.0 3.0 3.0 9.0 5.0 9.0 8.0 3.0 8.0 3.0 2.0 3.0 9.0 2.0 9.0 3.0 2.0 3.0 
4 5 3.62 3.62 4.0 3.0 4.0 9.0 7.0 9.0 10.0 9.0 10.0 4.0 4.0 4.0 10.0 2.0 10.0 
4 6 3.92 3.92 4.0 3.0 4.0 9.0 7.0 9.0 10.0 9.0 10.0 4.0 4.0 4.0 10.0 2.0 10.0 10.0 3.0 10.0 
4 5 2.18 2.18 4.0 3.0 4.0 5.0 1.0 5.0 6.0 1.0 6.0 3.0 2.0 3.0 10.0 4.0 10.0 
4 6 3.18 3.18 4.0 3.0 4.0 5.0 1.0 5.0 6.0 1.0 6.0 3.0 2.0 3.0 10.0 4.0 10.0 5.0 5.0 5.0 
4 7 3.43 3.43 4.0 3.0 4.0 5.0 1.0 5.0 6.0 1.0 6.0 3.0 2.0 3.0 10.0 4.0 10.0 5.0 5.0 5.0 4.0 1.0 4.0 
4 5 3.33 3.33 6.0 5.0 6.0 5.0 3.0 5.0 8.0 4.0 8.0 5.0 5.0 5.0 10.0 4.0 10.0 
4 5 3.8 3.8 10.0 10.0 10.0 7.0 1.0 7.0 2.0 2.0 2.0 10.0 10.0 10.0 9.0 6.0 9.0 
4 5 1.63 1.63 9.0 2.0 9.0 7.0 1.0 7.0 10.0 1.0 10.0 4.0 2.0 4.0 6.0 4.0 6.0 
4 6 1.85 1.85 9.0 2.0 9.0 7.0 1.0 7.0 10.0 1.0 10.0 4.0 2.0 4.0 6.0 4.0 6.0 9.0 2.0 9.0 
4 7 2.6 2.6 9.0 2.0 9.0 7.0 1.0 7.0 10.0 1.0 10.0 4.0 2.0 4.0 6.0 4.0 6.0 9.0 2.0 9.0 4.0 3.0 4.0 
4 8 2.71 2.71 9.0 2.0 9.0 7.0 1.0 7.0 10.0 1.0 10.0 4.0 2.0 4.0 6.0 4.0 6.0 9.0 2.0 9.0 4.0 3.0 4.0 9.0 1.0 9.0 
4 9 2.88 2.88 9.0 2.0 9.0 7.0 1.0 7.0 10.0 1.0 10.0 4.0 2.0 4.0 6.0 4.0 6.0 9.0 2.0 9.0 4.0 3.0 4.0 9.0 1.0 9.0 6.0 1.0 6.0 
4 10 3.16 3.16 9.0 2.0 9.0 7.0 1.0 7.0 10.0 1.0 10.0 4.0 2.0 4.0 6.0 4.0 6.0 9.0 2.0 9.0 4.0 3.0 4.0 9.0 1.0 9.0 6.0 1.0 6.0 7.0 2.0 7.0 
4 11 3.38 3.38 9.0 2.0 9.0 7.0 1.0 7.0 10.0 1.0 10.0 4.0 2.0 4.0 6.0 4.0 6.0 9.0 2.0 9.0 4.0 3.0 4.0 9.0 1.0 9.0 6.0 1.0 6.0 7.0 2.0 7.0 9.0 2.0 9.0 
4 12 3.48 3.48 9.0 2.0 9.0 7.0 1.0 7.0 10.0 1.0 10.0 4.0 2.0 4.0 6.0 4.0 6.0 9.0 2.0 9.0 4.0 3.0 4.0 9.0 1.0 9.0 6.0 1.0 6.0 7.0 2.0 7.0 9.0 2.0 9.0 10.0 1.0 10.0 
4 13 3.82 3.82 9.0 2.0 9.0 7.0 1.0 7.0 10.0 1.0 10.0 4.0 2.0 4.0 6.0 4.0 6.0 9.0 2.0 9.0 4.0 3.0 4.0 9.0 1.0 9.0 6.0 1.0 6.0 7.0 2.0 7.0 9.0 2.0 9.0 10.0 1.0 10.0 3.0 1.0 3.0 
4 5 3.27 3.27 3.0 2.0 3.0 9.0 1.0 9.0 4.0 2.0 4.0 4.0 4.0 4.0 6.0 6.0 6.0 
4 6 3.84 3.84 3.0 2.0 3.0 9.0 1.0 9.0 4.0 2.0 4.0 4.0 4.0 4.0 6.0 6.0 6.0 7.0 4.0 7.0 
4 5 1.6 1.6 5.0 1.0 5.0 4.0 1.0 4.0 10.0 1.0 10.0 6.0 1.0 6.0 9.0 8.0 9.0 
4 6 2.6 2.6 5.0 1.0 5.0 4.0 1.0 4.0 10.0 1.0 10.0 6.0 1.0 6.0 9.0 8.0 9.0 4.0 4.0 4.0 
4 7 3.03 3.03 5.0 1.0 5.0 4.0 1.0 4.0 10.0 1.0 10.0 6.0 1.0 6.0 9.0 8.0 9.0 4.0 4.0 4.0 7.0 3.0 7.0 
4 8 3.28 3.28 5.0 1.0 5.0 4.0 1.0 4.0 10.0 1.0 10.0 6.0 1.0 6.0 9.0 8.0 9.0 4.0 4.0 4.0 7.0 3.0 7.0 4.0 1.0 4.0 
4 9 3.39 3.39 5.0 1.0 5.0 4.0 1.0 4.0 10.0 1.0 10.0 6.0 1.0 6.0 9.0 8.0 9.0 4.0 4.0 4.0 7.0 3.0 7.0 4.0 1.0 4.0 9.0 1.0 9.0 
4 5 2.9 2.9 2.0 1.0 2.0 6.0 2.0 6.0 4.0 4.0 4.0 7.0 4.0 7.0 4.0 2.0 4.0 
4 6 3.07 3.07 2.0 1.0 2.0 6.0 2.0 6.0 4.0 4.0 4.0 7.0 4.0 7.0 4.0 2.0 4.0 6.0 1.0 6.0 
4 7 3.37 3.37 2.0 1.0 2.0 6.0 2.0 6.0 4.0 4.0 4.0 7.0 4.0 7.0 4.0 2.0 4.0 6.0 1.0 6.0 10.0 3.0 10.0 
4 8 3.97 3.97 2.0 1.0 2.0 6.0 2.0 6.0 4.0 4.0 4.0 7.0 4.0 7.0 4.0 2.0 4.0 6.0 1.0 6.0 10.0 3.0 10.0 5.0 3.0 5.0 
4 5 2.54 2.54 10.0 5.0 10.0 5.0 3.0 5.0 5.0 1.0 5.0 5.0 5.0 5.0 4.0 1.0 4.0 
4 6 2.75 2.75 10.0 5.0 10.0 5.0 3.0 5.0 5.0 1.0 5.0 5.0 5.0 5.0 4.0 1.0 4.0 5.0 1.0 5.0 
4 7 3.6 3.6 10.0 5.0 10.0 5.0 3.0 5.0 5.0 1.0 5.0 5.0 5.0 5.0 4.0 1.0 4.0 5.0 1.0 5.0 7.0 6.0 7.0 
4 8 3.8 3.8 10.0 5.0 10.0 5.0 3.0 5.0 5.0 1.0 5.0 5.0 5.0 5.0 4.0 1.0 4.0 5.0 1.0 5.0 7.0 6.0 7.0 10.0 2.0 10.0 
4 5 3.75 3.75 7.0 3.0 7.0 7.0 4.0 7.0 4.0 3.0 4.0 5.0 5.0 5.0 4.0 4.0 4.0 
4 5 2.29 2.29 10.0 9.0 10.0 9.0 4.0 9.0 4.0 2.0 4.0 8.0 2.0 8.0 10.0 2.0 10.0 
4 6 3.09 3.09 10.0 9.0 10.0 9.0 4.0 9.0 4.0 2.0 4.0 8.0 2.0 8.0 10.0 2.0 10.0 10.0 8.0 10.0 
4 7 3.59 3.59 10.0 9.0 10.0 9.0 4.0 9.0 4.0 2.0 4.0 8.0 2.0 8.0 10.0 2.0 10.0 10.0 8.0 10.0 2.0 1.0 2.0 
4 5 3.6 3.6 10.0 6.0 10.0 8.0 4.0 8.0 8.0 4.0 8.0 5.0 5.0 5.0 5.0 5.0 5.0 
4 5 1.98 1.98 2.0 1.0 2.0 5.0 2.0 5.0 10.0 4.0 10.0 9.0 1.0 9.0 7.0 4.0 7.0 
4 6 2.98 2.98 2.0 1.0 2.0 5.0 2.0 5.0 10.0 4.0 10.0 9.0 1.0 9.0 7.0 4.0 7.0 4.0 4.0 4.0 
4 7 3.41 3.41 2.0 1.0 2.0 5.0 2.0 5.0 10.0 4.0 10.0 9.0 1.0 9.0 7.0 4.0 7.0 4.0 4.0 4.0 7.0 3.0 7.0 
4 8 3.91 3.91 2.0 1.0 2.0 5.0 2.0 5.0 10.0 4.0 10.0 9.0 1.0 9.0 7.0 4.0 7.0 4.0 4.0 4.0 7.0 3.0 7.0 4.0 2.0 4.0 
4 5 2.47 2.47 3.0 1.0 3.0 3.0 2.0 3.0 7.0 1.0 7.0 3.0 1.0 3.0 7.0 7.0 7.0 
4 6 2.97 2.97 3.0 1.0 3.0 3.0 2.0 3.0 7.0 1.0 7.0 3.0 1.0 3.0 7.0 7.0 7.0 10.0 5.0 10.0 
4 7 3.4 3.4 3.0 1.0 3.0 3.0 2.0 3.0 7.0 1.0 7.0 3.0 1.0 3.0 7.0 7.0 7.0 10.0 5.0 10.0 7.0 3.0 7.0 
4 5 3.13 3.13 3.0 3.0 3.0 5.0 4.0 5.0 4.0 2.0 4.0 2.0 1.0 2.0 3.0 1.0 3.0 
4 6 3.41 3.41 3.0 3.0 3.0 5.0 4.0 5.0 4.0 2.0 4.0 2.0 1.0 2.0 3.0 1.0 3.0 7.0 2.0 7.0 
4 5 2.44 2.44 9.0 4.0 9.0 2.0 2.0 2.0 3.0 2.0 3.0 6.0 1.0 6.0 6.0 1.0 6.0 
4 6 2.77 2.77 9.0 4.0 9.0 2.0 2.0 2.0 3.0 2.0 3.0 6.0 1.0 6.0 6.0 1.0 6.0 3.0 1.0 3.0 
4 7 3.77 3.77 9.0 4.0 9.0 2.0 2.0 2.0 3.0 2.0 3.0 6.0 1.0 6.0 6.0 1.0 6.0 3.0 1.0 3.0 6.0 6.0 6.0 
4 5 2.21 2.21 6.0 2.0 6.0 3.0 1.0 3.0 9.0 8.0 9.0 8.0 3.0 8.0 7.0 2.0 7.0 
4 6 2.96 2.96 6.0 2.0 6.0 3.0 1.0 3.0 9.0 8.0 9.0 8.0 3.0 8.0 7.0 2.0 7.0 4.0 3.0 4.0 
4 7 3.86 3.86 6.0 2.0 6.0 3.0 1.0 3.0 9.0 8.0 9.0 8.0 3.0 8.0 7.0 2.0 7.0 4.0 3.0 4.0 10.0 9.0 10.0 
4 5 2.69 2.69 6.0 1.0 6.0 2.0 1.0 2.0 7.0 6.0 7.0 4.0 2.0 4.0 6.0 4.0 6.0 
4 6 2.94 2.94 6.0 1.0 6.0 2.0 1.0 2.0 7.0 6.0 7.0 4.0 2.0 4.0 6.0 4.0 6.0 8.0 2.0 8.0 
4 7 3.38 3.38 6.0 1.0 6.0 2.0 1.0 2.0 7.0 6.0 7.0 4.0 2.0 4.0 6.0 4.0 6.0 8.0 2.0 8.0 9.0 4.0 9.0 
4 8 3.63 3.63 6.0 1.0 6.0 2.0 1.0 2.0 7.0 6.0 7.0 4.0 2.0 4.0 6.0 4.0 6.0 8.0 2.0 8.0 9.0 4.0 9.0 4.0 1.0 4.0 
4 5 2.19 2.19 7.0 3.0 7.0 10.0 4.0 10.0 5.0 1.0 5.0 3.0 2.0 3.0 6.0 3.0 6.0 
4 6 2.69 2.69 7.0 3.0 7.0 10.0 4.0 10.0 5.0 1.0 5.0 3.0 2.0 3.0 6.0 3.0 6.0 2.0 1.0 2.0 
4 7 2.94 2.94 7.0 3.0 7.0 10.0 4.0 10.0 5.0 1.0 5.0 3.0 2.0 3.0 6.0 3.0 6.0 2.0 1.0 2.0 4.0 1.0 4.0 
4 8 3.37 3.37 7.0 3.0 7.0 10.0 4.0 10.0 5.0 1.0 5.0 3.0 2.0 3.0 6.0 3.0 6.0 2.0 1.0 2.0 4.0 1.0 4.0 7.0 3.0 7.0 
4 9 3.77 3.77 7.0 3.0 7.0 10.0 4.0 10.0 5.0 1.0 5.0 3.0 2.0 3.0 6.0 3.0 6.0 2.0 1.0 2.0 4.0 1.0 4.0 7.0 3.0 7.0 5.0 2.0 5.0 
4 5 2.0 2.0 10.0 1.0 10.0 7.0 3.0 7.0 10.0 4.0 10.0 9.0 2.0 9.0 7.0 6.0 7.0 
4 6 2.5 2.5 10.0 1.0 10.0 7.0 3.0 7.0 10.0 4.0 10.0 9.0 2.0 9.0 7.0 6.0 7.0 2.0 1.0 2.0 
4 7 3.0 3.0 10.0 1.0 10.0 7.0 3.0 7.0 10.0 4.0 10.0 9.0 2.0 9.0 7.0 6.0 7.0 2.0 1.0 2.0 6.0 3.0 6.0 
4 8 3.25 3.25 10.0 1.0 10.0 7.0 3.0 7.0 10.0 4.0 10.0 9.0 2.0 9.0 7.0 6.0 7.0 2.0 1.0 2.0 6.0 3.0 6.0 4.0 1.0 4.0 
4 9 3.5 3.5 10.0 1.0 10.0 7.0 3.0 7.0 10.0 4.0 10.0 9.0 2.0 9.0 7.0 6.0 7.0 2.0 1.0 2.0 6.0 3.0 6.0 4.0 1.0 4.0 8.0 2.0 8.0 
4 5 1.57 1.57 10.0 7.0 10.0 5.0 2.0 5.0 7.0 1.0 7.0 9.0 1.0 9.0 9.0 2.0 9.0 
4 6 2.2 2.2 10.0 7.0 10.0 5.0 2.0 5.0 7.0 1.0 7.0 9.0 1.0 9.0 9.0 2.0 9.0 8.0 5.0 8.0 
4 7 2.7 2.7 10.0 7.0 10.0 5.0 2.0 5.0 7.0 1.0 7.0 9.0 1.0 9.0 9.0 2.0 9.0 8.0 5.0 8.0 2.0 1.0 2.0 
4 8 3.7 3.7 10.0 7.0 10.0 5.0 2.0 5.0 7.0 1.0 7.0 9.0 1.0 9.0 9.0 2.0 9.0 8.0 5.0 8.0 2.0 1.0 2.0 4.0 4.0 4.0 
4 5 1.71 1.71 6.0 3.0 6.0 8.0 2.0 8.0 7.0 1.0 7.0 8.0 2.0 8.0 7.0 4.0 7.0 
4 6 2.21 2.21 6.0 3.0 6.0 8.0 2.0 8.0 7.0 1.0 7.0 8.0 2.0 8.0 7.0 4.0 7.0 2.0 1.0 2.0 
4 7 2.71 2.71 6.0 3.0 6.0 8.0 2.0 8.0 7.0 1.0 7.0 8.0 2.0 8.0 7.0 4.0 7.0 2.0 1.0 2.0 2.0 1.0 2.0 
4 8 3.04 3.04 6.0 3.0 6.0 8.0 2.0 8.0 7.0 1.0 7.0 8.0 2.0 8.0 7.0 4.0 7.0 2.0 1.0 2.0 2.0 1.0 2.0 3.0 1.0 3.0 
4 9 3.38 3.38 6.0 3.0 6.0 8.0 2.0 8.0 7.0 1.0 7.0 8.0 2.0 8.0 7.0 4.0 7.0 2.0 1.0 2.0 2.0 1.0 2.0 3.0 1.0 3.0 6.0 2.0 6.0 
4 10 3.88 3.88 6.0 3.0 6.0 8.0 2.0 8.0 7.0 1.0 7.0 8.0 2.0 8.0 7.0 4.0 7.0 2.0 1.0 2.0 2.0 1.0 2.0 3.0 1.0 3.0 6.0 2.0 6.0 2.0 1.0 2.0 
4 5 2.41 2.41 5.0 2.0 5.0 7.0 2.0 7.0 5.0 5.0 5.0 10.0 3.0 10.0 7.0 3.0 7.0 
4 6 3.19 3.19 5.0 2.0 5.0 7.0 2.0 7.0 5.0 5.0 5.0 10.0 3.0 10.0 7.0 3.0 7.0 9.0 7.0 9.0 
4 7 3.56 3.56 5.0 2.0 5.0 7.0 2.0 7.0 5.0 5.0 5.0 10.0 3.0 10.0 7.0 3.0 7.0 9.0 7.0 9.0 8.0 3.0 8.0 
4 8 3.96 3.96 5.0 2.0 5.0 7.0 2.0 7.0 5.0 5.0 5.0 10.0 3.0 10.0 7.0 3.0 7.0 9.0 7.0 9.0 8.0 3.0 8.0 5.0 2.0 5.0 
4 5 2.53 2.53 2.0 2.0 2.0 9.0 3.0 9.0 2.0 1.0 2.0 5.0 1.0 5.0 10.0 5.0 10.0 
4 6 3.53 3.53 2.0 2.0 2.0 9.0 3.0 9.0 2.0 1.0 2.0 5.0 1.0 5.0 10.0 5.0 10.0 2.0 2.0 2.0 
4 7 3.93 3.93 2.0 2.0 2.0 9.0 3.0 9.0 2.0 1.0 2.0 5.0 1.0 5.0 10.0 5.0 10.0 2.0 2.0 2.0 10.0 4.0 10.0 
4 5 3.07 3.07 4.0 4.0 4.0 7.0 3.0 7.0 9.0 3.0 9.0 7.0 5.0 7.0 5.0 3.0 5.0 
4 6 3.67 3.67 4.0 4.0 4.0 7.0 3.0 7.0 9.0 3.0 9.0 7.0 5.0 7.0 5.0 3.0 5.0 5.0 3.0 5.0 
4 5 1.89 1.89 6.0 3.0 6.0 9.0 4.0 9.0 2.0 1.0 2.0 10.0 2.0 10.0 8.0 2.0 8.0 
4 6 2.69 2.69 6.0 3.0 6.0 9.0 4.0 9.0 2.0 1.0 2.0 10.0 2.0 10.0 8.0 2.0 8.0 5.0 4.0 5.0 
4 7 3.69 3.69 6.0 3.0 6.0 9.0 4.0 9.0 2.0 1.0 2.0 10.0 2.0 10.0 8.0 2.0 8.0 5.0 4.0 5.0 4.0 4.0 4.0 
4 5 3.31 3.31 9.0 4.0 9.0 3.0 1.0 3.0 6.0 5.0 6.0 10.0 7.0 10.0 2.0 2.0 2.0 
4 6 3.81 3.81 9.0 4.0 9.0 3.0 1.0 3.0 6.0 5.0 6.0 10.0 7.0 10.0 2.0 2.0 2.0 8.0 4.0 8.0 
4 5 2.67 2.67 6.0 4.0 6.0 9.0 3.0 9.0 8.0 3.0 8.0 5.0 4.0 5.0 2.0 1.0 2.0 
4 6 3.34 3.34 6.0 4.0 6.0 9.0 3.0 9.0 8.0 3.0 8.0 5.0 4.0 5.0 2.0 1.0 2.0 9.0 6.0 9.0 
4 7 3.94 3.94 6.0 4.0 6.0 9.0 3.0 9.0 8.0 3.0 8.0 5.0 4.0 5.0 2.0 1.0 2.0 9.0 6.0 9.0 5.0 3.0 5.0 
4 5 1.89 1.89 5.0 1.0 5.0 4.0 1.0 4.0 9.0 4.0 9.0 4.0 2.0 4.0 6.0 3.0 6.0 
4 6 2.22 2.22 5.0 1.0 5.0 4.0 1.0 4.0 9.0 4.0 9.0 4.0 2.0 4.0 6.0 3.0 6.0 3.0 1.0 3.0 
4 7 2.56 2.56 5.0 1.0 5.0 4.0 1.0 4.0 9.0 4.0 9.0 4.0 2.0 4.0 6.0 3.0 6.0 3.0 1.0 3.0 3.0 1.0 3.0 
4 8 3.06 3.06 5.0 1.0 5.0 4.0 1.0 4.0 9.0 4.0 9.0 4.0 2.0 4.0 6.0 3.0 6.0 3.0 1.0 3.0 3.0 1.0 3.0 6.0 3.0 6.0 
4 9 3.36 3.36 5.0 1.0 5.0 4.0 1.0 4.0 9.0 4.0 9.0 4.0 2.0 4.0 6.0 3.0 6.0 3.0 1.0 3.0 3.0 1.0 3.0 6.0 3.0 6.0 10.0 3.0 10.0 
4 10 3.58 3.58 5.0 1.0 5.0 4.0 1.0 4.0 9.0 4.0 9.0 4.0 2.0 4.0 6.0 3.0 6.0 3.0 1.0 3.0 3.0 1.0 3.0 6.0 3.0 6.0 10.0 3.0 10.0 9.0 2.0 9.0 
4 11 3.98 3.98 5.0 1.0 5.0 4.0 1.0 4.0 9.0 4.0 9.0 4.0 2.0 4.0 6.0 3.0 6.0 3.0 1.0 3.0 3.0 1.0 3.0 6.0 3.0 6.0 10.0 3.0 10.0 9.0 2.0 9.0 5.0 2.0 5.0 
4 5 3.29 3.29 6.0 5.0 6.0 4.0 2.0 4.0 8.0 5.0 8.0 8.0 4.0 8.0 6.0 5.0 6.0 
4 6 3.62 3.62 6.0 5.0 6.0 4.0 2.0 4.0 8.0 5.0 8.0 8.0 4.0 8.0 6.0 5.0 6.0 9.0 3.0 9.0 
4 5 3.45 3.45 8.0 5.0 8.0 3.0 3.0 3.0 4.0 2.0 4.0 5.0 5.0 5.0 9.0 3.0 9.0 
4 6 3.95 3.95 8.0 5.0 8.0 3.0 3.0 3.0 4.0 2.0 4.0 5.0 5.0 5.0 9.0 3.0 9.0 4.0 2.0 4.0 
4 5 2.0 2.0 5.0 2.0 5.0 4.0 2.0 4.0 7.0 2.0 7.0 8.0 2.0 8.0 7.0 4.0 7.0 
4 6 2.25 2.25 5.0 2.0 5.0 4.0 2.0 4.0 7.0 2.0 7.0 8.0 2.0 8.0 7.0 4.0 7.0 4.0 1.0 4.0 
4 7 2.75 2.75 5.0 2.0 5.0 4.0 2.0 4.0 7.0 2.0 7.0 8.0 2.0 8.0 7.0 4.0 7.0 4.0 1.0 4.0 4.0 2.0 4.0 
4 8 3.25 3.25 5.0 2.0 5.0 4.0 2.0 4.0 7.0 2.0 7.0 8.0 2.0 8.0 7.0 4.0 7.0 4.0 1.0 4.0 4.0 2.0 4.0 10.0 5.0 10.0 
4 9 3.5 3.5 5.0 2.0 5.0 4.0 2.0 4.0 7.0 2.0 7.0 8.0 2.0 8.0 7.0 4.0 7.0 4.0 1.0 4.0 4.0 2.0 4.0 10.0 5.0 10.0 4.0 1.0 4.0 
4 10 3.7 3.7 5.0 2.0 5.0 4.0 2.0 4.0 7.0 2.0 7.0 8.0 2.0 8.0 7.0 4.0 7.0 4.0 1.0 4.0 4.0 2.0 4.0 10.0 5.0 10.0 4.0 1.0 4.0 5.0 1.0 5.0 
4 5 3.03 3.03 2.0 1.0 2.0 7.0 2.0 7.0 6.0 3.0 6.0 7.0 6.0 7.0 9.0 8.0 9.0 
4 6 3.23 3.23 2.0 1.0 2.0 7.0 2.0 7.0 6.0 3.0 6.0 7.0 6.0 7.0 9.0 8.0 9.0 5.0 1.0 5.0 
4 7 3.48 3.48 2.0 1.0 2.0 7.0 2.0 7.0 6.0 3.0 6.0 7.0 6.0 7.0 9.0 8.0 9.0 5.0 1.0 5.0 4.0 1.0 4.0 
4 5 1.81 1.81 7.0 3.0 7.0 6.0 3.0 6.0 3.0 1.0 3.0 6.0 2.0 6.0 9.0 2.0 9.0 
4 6 2.15 2.15 7.0 3.0 7.0 6.0 3.0 6.0 3.0 1.0 3.0 6.0 2.0 6.0 9.0 2.0 9.0 6.0 2.0 6.0 
4 7 2.27 2.27 7.0 3.0 7.0 6.0 3.0 6.0 3.0 1.0 3.0 6.0 2.0 6.0 9.0 2.0 9.0 6.0 2.0 6.0 8.0 1.0 8.0 
4 8 2.87 2.87 7.0 3.0 7.0 6.0 3.0 6.0 3.0 1.0 3.0 6.0 2.0 6.0 9.0 2.0 9.0 6.0 2.0 6.0 8.0 1.0 8.0 5.0 3.0 5.0 
4 9 3.37 3.37 7.0 3.0 7.0 6.0 3.0 6.0 3.0 1.0 3.0 6.0 2.0 6.0 9.0 2.0 9.0 6.0 2.0 6.0 8.0 1.0 8.0 5.0 3.0 5.0 4.0 2.0 4.0 
4 10 3.66 3.66 7.0 3.0 7.0 6.0 3.0 6.0 3.0 1.0 3.0 6.0 2.0 6.0 9.0 2.0 9.0 6.0 2.0 6.0 8.0 1.0 8.0 5.0 3.0 5.0 4.0 2.0 4.0 7.0 2.0 7.0 
4 11 3.99 3.99 7.0 3.0 7.0 6.0 3.0 6.0 3.0 1.0 3.0 6.0 2.0 6.0 9.0 2.0 9.0 6.0 2.0 6.0 8.0 1.0 8.0 5.0 3.0 5.0 4.0 2.0 4.0 7.0 2.0 7.0 3.0 1.0 3.0 
4 5 2.5 2.5 9.0 2.0 9.0 7.0 2.0 7.0 2.0 1.0 2.0 2.0 2.0 2.0 8.0 4.0 8.0 
4 6 3.25 3.25 9.0 2.0 9.0 7.0 2.0 7.0 2.0 1.0 2.0 2.0 2.0 2.0 8.0 4.0 8.0 4.0 3.0 4.0 
4 7 3.75 3.75 9.0 2.0 9.0 7.0 2.0 7.0 2.0 1.0 2.0 2.0 2.0 2.0 8.0 4.0 8.0 4.0 3.0 4.0 2.0 1.0 2.0 
4 8 3.86 3.86 9.0 2.0 9.0 7.0 2.0 7.0 2.0 1.0 2.0 2.0 2.0 2.0 8.0 4.0 8.0 4.0 3.0 4.0 2.0 1.0 2.0 9.0 1.0 9.0 
4 5 2.34 2.34 9.0 9.0 9.0 2.0 1.0 2.0 9.0 2.0 9.0 4.0 1.0 4.0 8.0 3.0 8.0 
4 6 3.34 3.34 9.0 9.0 9.0 2.0 1.0 2.0 9.0 2.0 9.0 4.0 1.0 4.0 8.0 3.0 8.0 2.0 2.0 2.0 
4 5 1.95 1.95 2.0 1.0 2.0 10.0 1.0 10.0 10.0 3.0 10.0 9.0 5.0 9.0 4.0 2.0 4.0 
4 6 2.38 2.38 2.0 1.0 2.0 10.0 1.0 10.0 10.0 3.0 10.0 9.0 5.0 9.0 4.0 2.0 4.0 7.0 3.0 7.0 
4 7 3.05 3.05 2.0 1.0 2.0 10.0 1.0 10.0 10.0 3.0 10.0 9.0 5.0 9.0 4.0 2.0 4.0 7.0 3.0 7.0 6.0 4.0 6.0 
4 8 3.71 3.71 2.0 1.0 2.0 10.0 1.0 10.0 10.0 3.0 10.0 9.0 5.0 9.0 4.0 2.0 4.0 7.0 3.0 7.0 6.0 4.0 6.0 6.0 4.0 6.0 
4 5 2.57 2.57 9.0 3.0 9.0 9.0 4.0 9.0 3.0 1.0 3.0 5.0 4.0 5.0 3.0 2.0 3.0 
4 6 2.91 2.91 9.0 3.0 9.0 9.0 4.0 9.0 3.0 1.0 3.0 5.0 4.0 5.0 3.0 2.0 3.0 6.0 2.0 6.0 
4 7 3.28 3.28 9.0 3.0 9.0 9.0 4.0 9.0 3.0 1.0 3.0 5.0 4.0 5.0 3.0 2.0 3.0 6.0 2.0 6.0 8.0 3.0 8.0 
4 8 3.66 3.66 9.0 3.0 9.0 9.0 4.0 9.0 3.0 1.0 3.0 5.0 4.0 5.0 3.0 2.0 3.0 6.0 2.0 6.0 8.0 3.0 8.0 8.0 3.0 8.0 
4 5 2.25 2.25 8.0 2.0 8.0 3.0 2.0 3.0 8.0 2.0 8.0 3.0 1.0 3.0 4.0 3.0 4.0 
4 6 2.85 2.85 8.0 2.0 8.0 3.0 2.0 3.0 8.0 2.0 8.0 3.0 1.0 3.0 4.0 3.0 4.0 10.0 6.0 10.0 
4 7 3.75 3.75 8.0 2.0 8.0 3.0 2.0 3.0 8.0 2.0 8.0 3.0 1.0 3.0 4.0 3.0 4.0 10.0 6.0 10.0 10.0 9.0 10.0 
4 5 3.11 3.11 2.0 2.0 2.0 3.0 3.0 3.0 7.0 2.0 7.0 2.0 1.0 2.0 3.0 1.0 3.0 
4 6 3.54 3.54 2.0 2.0 2.0 3.0 3.0 3.0 7.0 2.0 7.0 2.0 1.0 2.0 3.0 1.0 3.0 7.0 3.0 7.0 
4 7 3.79 3.79 2.0 2.0 2.0 3.0 3.0 3.0 7.0 2.0 7.0 2.0 1.0 2.0 3.0 1.0 3.0 7.0 3.0 7.0 8.0 2.0 8.0 
4 5 1.93 1.93 10.0 3.0 10.0 6.0 3.0 6.0 10.0 3.0 10.0 4.0 2.0 4.0 9.0 3.0 9.0 
4 6 2.55 2.55 10.0 3.0 10.0 6.0 3.0 6.0 10.0 3.0 10.0 4.0 2.0 4.0 9.0 3.0 9.0 8.0 5.0 8.0 
4 7 2.95 2.95 10.0 3.0 10.0 6.0 3.0 6.0 10.0 3.0 10.0 4.0 2.0 4.0 9.0 3.0 9.0 8.0 5.0 8.0 10.0 4.0 10.0 
4 8 3.95 3.95 10.0 3.0 10.0 6.0 3.0 6.0 10.0 3.0 10.0 4.0 2.0 4.0 9.0 3.0 9.0 8.0 5.0 8.0 10.0 4.0 10.0 2.0 2.0 2.0 
4 5 3.33 3.33 2.0 1.0 2.0 2.0 2.0 2.0 6.0 6.0 6.0 2.0 1.0 2.0 3.0 1.0 3.0 
4 6 3.83 3.83 2.0 1.0 2.0 2.0 2.0 2.0 6.0 6.0 6.0 2.0 1.0 2.0 3.0 1.0 3.0 2.0 1.0 2.0 
4 5 3.0 3.0 4.0 2.0 4.0 2.0 1.0 2.0 2.0 2.0 2.0 8.0 4.0 8.0 10.0 5.0 10.0 
4 6 3.33 3.33 4.0 2.0 4.0 2.0 1.0 2.0 2.0 2.0 2.0 8.0 4.0 8.0 10.0 5.0 10.0 3.0 1.0 3.0 
4 7 3.53 3.53 4.0 2.0 4.0 2.0 1.0 2.0 2.0 2.0 2.0 8.0 4.0 8.0 10.0 5.0 10.0 3.0 1.0 3.0 10.0 2.0 10.0 
4 5 2.54 2.54 2.0 2.0 2.0 8.0 5.0 8.0 4.0 1.0 4.0 9.0 3.0 9.0 6.0 2.0 6.0 
4 6 2.74 2.74 2.0 2.0 2.0 8.0 5.0 8.0 4.0 1.0 4.0 9.0 3.0 9.0 6.0 2.0 6.0 5.0 1.0 5.0 
4 7 2.9 2.9 2.0 2.0 2.0 8.0 5.0 8.0 4.0 1.0 4.0 9.0 3.0 9.0 6.0 2.0 6.0 5.0 1.0 5.0 6.0 1.0 6.0 
4 8 3.3 3.3 2.0 2.0 2.0 8.0 5.0 8.0 4.0 1.0 4.0 9.0 3.0 9.0 6.0 2.0 6.0 5.0 1.0 5.0 6.0 1.0 6.0 5.0 2.0 5.0 
4 5 1.63 1.63 4.0 1.0 4.0 7.0 1.0 7.0 5.0 1.0 5.0 9.0 6.0 9.0 8.0 3.0 8.0 
4 6 2.23 2.23 4.0 1.0 4.0 7.0 1.0 7.0 5.0 1.0 5.0 9.0 6.0 9.0 8.0 3.0 8.0 5.0 3.0 5.0 
4 7 2.56 2.56 4.0 1.0 4.0 7.0 1.0 7.0 5.0 1.0 5.0 9.0 6.0 9.0 8.0 3.0 8.0 5.0 3.0 5.0 3.0 1.0 3.0 
4 8 2.96 2.96 4.0 1.0 4.0 7.0 1.0 7.0 5.0 1.0 5.0 9.0 6.0 9.0 8.0 3.0 8.0 5.0 3.0 5.0 3.0 1.0 3.0 5.0 2.0 5.0 
4 9 3.96 3.96 4.0 1.0 4.0 7.0 1.0 7.0 5.0 1.0 5.0 9.0 6.0 9.0 8.0 3.0 8.0 5.0 3.0 5.0 3.0 1.0 3.0 5.0 2.0 5.0 2.0 2.0 2.0 
4 5 1.71 1.71 9.0 1.0 9.0 2.0 1.0 2.0 10.0 2.0 10.0 4.0 2.0 4.0 10.0 4.0 10.0 
4 6 1.87 1.87 9.0 1.0 9.0 2.0 1.0 2.0 10.0 2.0 10.0 4.0 2.0 4.0 10.0 4.0 10.0 6.0 1.0 6.0 
4 7 1.97 1.97 9.0 1.0 9.0 2.0 1.0 2.0 10.0 2.0 10.0 4.0 2.0 4.0 10.0 4.0 10.0 6.0 1.0 6.0 10.0 1.0 10.0 
4 8 2.17 2.17 9.0 1.0 9.0 2.0 1.0 2.0 10.0 2.0 10.0 4.0 2.0 4.0 10.0 4.0 10.0 6.0 1.0 6.0 10.0 1.0 10.0 10.0 2.0 10.0 
4 9 3.17 3.17 9.0 1.0 9.0 2.0 1.0 2.0 10.0 2.0 10.0 4.0 2.0 4.0 10.0 4.0 10.0 6.0 1.0 6.0 10.0 1.0 10.0 10.0 2.0 10.0 2.0 2.0 2.0 
4 5 1.91 1.91 10.0 5.0 10.0 6.0 1.0 6.0 4.0 1.0 4.0 8.0 2.0 8.0 4.0 3.0 4.0 
4 6 2.91 2.91 10.0 5.0 10.0 6.0 1.0 6.0 4.0 1.0 4.0 8.0 2.0 8.0 4.0 3.0 4.0 9.0 9.0 9.0 
4 7 3.2 3.2 10.0 5.0 10.0 6.0 1.0 6.0 4.0 1.0 4.0 8.0 2.0 8.0 4.0 3.0 4.0 9.0 9.0 9.0 7.0 2.0 7.0 
4 8 3.95 3.95 10.0 5.0 10.0 6.0 1.0 6.0 4.0 1.0 4.0 8.0 2.0 8.0 4.0 3.0 4.0 9.0 9.0 9.0 7.0 2.0 7.0 8.0 6.0 8.0 
4 5 2.4 2.4 10.0 5.0 10.0 2.0 1.0 2.0 3.0 1.0 3.0 10.0 9.0 10.0 6.0 1.0 6.0 
4 6 2.9 2.9 10.0 5.0 10.0 2.0 1.0 2.0 3.0 1.0 3.0 10.0 9.0 10.0 6.0 1.0 6.0 2.0 1.0 2.0 
4 7 3.75 3.75 10.0 5.0 10.0 2.0 1.0 2.0 3.0 1.0 3.0 10.0 9.0 10.0 6.0 1.0 6.0 2.0 1.0 2.0 7.0 6.0 7.0 
4 5 1.96 1.96 5.0 4.0 5.0 2.0 1.0 2.0 8.0 2.0 8.0 6.0 1.0 6.0 4.0 1.0 4.0 
4 6 2.56 2.56 5.0 4.0 5.0 2.0 1.0 2.0 8.0 2.0 8.0 6.0 1.0 6.0 4.0 1.0 4.0 5.0 3.0 5.0 
4 7 3.06 3.06 5.0 4.0 5.0 2.0 1.0 2.0 8.0 2.0 8.0 6.0 1.0 6.0 4.0 1.0 4.0 5.0 3.0 5.0 2.0 1.0 2.0 
4 8 3.4 3.4 5.0 4.0 5.0 2.0 1.0 2.0 8.0 2.0 8.0 6.0 1.0 6.0 4.0 1.0 4.0 5.0 3.0 5.0 2.0 1.0 2.0 3.0 1.0 3.0 
4 5 2.12 2.12 5.0 2.0 5.0 2.0 1.0 2.0 10.0 5.0 10.0 10.0 1.0 10.0 8.0 5.0 8.0 
4 6 2.52 2.52 5.0 2.0 5.0 2.0 1.0 2.0 10.0 5.0 10.0 10.0 1.0 10.0 8.0 5.0 8.0 5.0 2.0 5.0 
4 7 3.23 3.23 5.0 2.0 5.0 2.0 1.0 2.0 10.0 5.0 10.0 10.0 1.0 10.0 8.0 5.0 8.0 5.0 2.0 5.0 7.0 5.0 7.0 
4 8 3.79 3.79 5.0 2.0 5.0 2.0 1.0 2.0 10.0 5.0 10.0 10.0 1.0 10.0 8.0 5.0 8.0 5.0 2.0 5.0 7.0 5.0 7.0 9.0 5.0 9.0 
4 9 3.9 3.9 5.0 2.0 5.0 2.0 1.0 2.0 10.0 5.0 10.0 10.0 1.0 10.0 8.0 5.0 8.0 5.0 2.0 5.0 7.0 5.0 7.0 9.0 5.0 9.0 9.0 1.0 9.0 
4 5 2.23 2.23 9.0 1.0 9.0 7.0 4.0 7.0 2.0 1.0 2.0 9.0 5.0 9.0 2.0 1.0 2.0 
4 6 2.73 2.73 9.0 1.0 9.0 7.0 4.0 7.0 2.0 1.0 2.0 9.0 5.0 9.0 2.0 1.0 2.0 2.0 1.0 2.0 
4 7 3.36 3.36 9.0 1.0 9.0 7.0 4.0 7.0 2.0 1.0 2.0 9.0 5.0 9.0 2.0 1.0 2.0 2.0 1.0 2.0 8.0 5.0 8.0 
4 8 3.76 3.76 9.0 1.0 9.0 7.0 4.0 7.0 2.0 1.0 2.0 9.0 5.0 9.0 2.0 1.0 2.0 2.0 1.0 2.0 8.0 5.0 8.0 5.0 2.0 5.0 
4 9 3.98 3.98 9.0 1.0 9.0 7.0 4.0 7.0 2.0 1.0 2.0 9.0 5.0 9.0 2.0 1.0 2.0 2.0 1.0 2.0 8.0 5.0 8.0 5.0 2.0 5.0 9.0 2.0 9.0 
4 5 3.17 3.17 5.0 2.0 5.0 9.0 9.0 9.0 6.0 2.0 6.0 3.0 2.0 3.0 9.0 7.0 9.0 
4 5 2.11 2.11 3.0 2.0 3.0 9.0 1.0 9.0 3.0 1.0 3.0 8.0 4.0 8.0 2.0 1.0 2.0 
4 6 2.33 2.33 3.0 2.0 3.0 9.0 1.0 9.0 3.0 1.0 3.0 8.0 4.0 8.0 2.0 1.0 2.0 9.0 2.0 9.0 
4 7 3.33 3.33 3.0 2.0 3.0 9.0 1.0 9.0 3.0 1.0 3.0 8.0 4.0 8.0 2.0 1.0 2.0 9.0 2.0 9.0 3.0 3.0 3.0 
4 8 3.77 3.77 3.0 2.0 3.0 9.0 1.0 9.0 3.0 1.0 3.0 8.0 4.0 8.0 2.0 1.0 2.0 9.0 2.0 9.0 3.0 3.0 3.0 9.0 4.0 9.0 
4 5 2.2 2.2 2.0 1.0 2.0 10.0 2.0 10.0 4.0 2.0 4.0 2.0 1.0 2.0 6.0 3.0 6.0 
4 6 2.53 2.53 2.0 1.0 2.0 10.0 2.0 10.0 4.0 2.0 4.0 2.0 1.0 2.0 6.0 3.0 6.0 3.0 1.0 3.0 
4 7 3.03 3.03 2.0 1.0 2.0 10.0 2.0 10.0 4.0 2.0 4.0 2.0 1.0 2.0 6.0 3.0 6.0 3.0 1.0 3.0 2.0 1.0 2.0 
4 8 3.15 3.15 2.0 1.0 2.0 10.0 2.0 10.0 4.0 2.0 4.0 2.0 1.0 2.0 6.0 3.0 6.0 3.0 1.0 3.0 2.0 1.0 2.0 8.0 1.0 8.0 
4 9 3.3 3.3 2.0 1.0 2.0 10.0 2.0 10.0 4.0 2.0 4.0 2.0 1.0 2.0 6.0 3.0 6.0 3.0 1.0 3.0 2.0 1.0 2.0 8.0 1.0 8.0 7.0 1.0 7.0 
4 10 3.85 3.85 2.0 1.0 2.0 10.0 2.0 10.0 4.0 2.0 4.0 2.0 1.0 2.0 6.0 3.0 6.0 3.0 1.0 3.0 2.0 1.0 2.0 8.0 1.0 8.0 7.0 1.0 7.0 9.0 5.0 9.0 
4 5 3.06 3.06 3.0 3.0 3.0 5.0 2.0 5.0 2.0 1.0 2.0 7.0 7.0 7.0 6.0 1.0 6.0 
4 6 3.66 3.66 3.0 3.0 3.0 5.0 2.0 5.0 2.0 1.0 2.0 7.0 7.0 7.0 6.0 1.0 6.0 5.0 3.0 5.0 
4 7 3.96 3.96 3.0 3.0 3.0 5.0 2.0 5.0 2.0 1.0 2.0 7.0 7.0 7.0 6.0 1.0 6.0 5.0 3.0 5.0 10.0 3.0 10.0 
4 5 3.09 3.09 7.0 3.0 7.0 8.0 3.0 8.0 8.0 5.0 8.0 8.0 8.0 8.0 3.0 2.0 3.0 
4 6 3.31 3.31 7.0 3.0 7.0 8.0 3.0 8.0 8.0 5.0 8.0 8.0 8.0 8.0 3.0 2.0 3.0 9.0 2.0 9.0 
4 7 3.46 3.46 7.0 3.0 7.0 8.0 3.0 8.0 8.0 5.0 8.0 8.0 8.0 8.0 3.0 2.0 3.0 9.0 2.0 9.0 7.0 1.0 7.0 
4 5 2.73 2.73 5.0 2.0 5.0 3.0 1.0 3.0 4.0 4.0 4.0 6.0 4.0 6.0 3.0 1.0 3.0 
4 6 3.3 3.3 5.0 2.0 5.0 3.0 1.0 3.0 4.0 4.0 4.0 6.0 4.0 6.0 3.0 1.0 3.0 7.0 4.0 7.0 
4 5 2.38 2.38 3.0 1.0 3.0 4.0 1.0 4.0 3.0 2.0 3.0 3.0 1.0 3.0 10.0 8.0 10.0 
4 6 2.6 2.6 3.0 1.0 3.0 4.0 1.0 4.0 3.0 2.0 3.0 3.0 1.0 3.0 10.0 8.0 10.0 9.0 2.0 9.0 
4 7 3.6 3.6 3.0 1.0 3.0 4.0 1.0 4.0 3.0 2.0 3.0 3.0 1.0 3.0 10.0 8.0 10.0 9.0 2.0 9.0 8.0 8.0 8.0 
4 5 1.55 1.55 4.0 2.0 4.0 3.0 1.0 3.0 10.0 1.0 10.0 8.0 4.0 8.0 8.0 1.0 8.0 
4 6 1.95 1.95 4.0 2.0 4.0 3.0 1.0 3.0 10.0 1.0 10.0 8.0 4.0 8.0 8.0 1.0 8.0 5.0 2.0 5.0 
4 7 2.38 2.38 4.0 2.0 4.0 3.0 1.0 3.0 10.0 1.0 10.0 8.0 4.0 8.0 8.0 1.0 8.0 5.0 2.0 5.0 7.0 3.0 7.0 
4 8 2.52 2.52 4.0 2.0 4.0 3.0 1.0 3.0 10.0 1.0 10.0 8.0 4.0 8.0 8.0 1.0 8.0 5.0 2.0 5.0 7.0 3.0 7.0 7.0 1.0 7.0 
4 9 2.86 2.86 4.0 2.0 4.0 3.0 1.0 3.0 10.0 1.0 10.0 8.0 4.0 8.0 8.0 1.0 8.0 5.0 2.0 5.0 7.0 3.0 7.0 7.0 1.0 7.0 3.0 1.0 3.0 
4 10 3.36 3.36 4.0 2.0 4.0 3.0 1.0 3.0 10.0 1.0 10.0 8.0 4.0 8.0 8.0 1.0 8.0 5.0 2.0 5.0 7.0 3.0 7.0 7.0 1.0 7.0 3.0 1.0 3.0 4.0 2.0 4.0 
4 5 3.02 3.02 2.0 1.0 2.0 10.0 5.0 10.0 9.0 2.0 9.0 10.0 8.0 10.0 7.0 7.0 7.0 
4 5 2.01 2.01 8.0 4.0 8.0 3.0 1.0 3.0 5.0 3.0 5.0 3.0 1.0 3.0 8.0 2.0 8.0 
4 6 2.76 2.76 8.0 4.0 8.0 3.0 1.0 3.0 5.0 3.0 5.0 3.0 1.0 3.0 8.0 2.0 8.0 8.0 6.0 8.0 
4 7 3.51 3.51 8.0 4.0 8.0 3.0 1.0 3.0 5.0 3.0 5.0 3.0 1.0 3.0 8.0 2.0 8.0 8.0 6.0 8.0 4.0 3.0 4.0 
4 5 3.4 3.4 8.0 7.0 8.0 8.0 1.0 8.0 2.0 2.0 2.0 5.0 2.0 5.0 4.0 4.0 4.0 
4 5 3.25 3.25 2.0 1.0 2.0 4.0 3.0 4.0 3.0 2.0 3.0 3.0 1.0 3.0 8.0 8.0 8.0 
4 6 3.75 3.75 2.0 1.0 2.0 4.0 3.0 4.0 3.0 2.0 3.0 3.0 1.0 3.0 8.0 8.0 8.0 4.0 2.0 4.0 
4 5 2.39 2.39 9.0 3.0 9.0 7.0 3.0 7.0 5.0 4.0 5.0 2.0 1.0 2.0 6.0 2.0 6.0 
4 6 3.39 3.39 9.0 3.0 9.0 7.0 3.0 7.0 5.0 4.0 5.0 2.0 1.0 2.0 6.0 2.0 6.0 6.0 6.0 6.0 
4 5 1.76 1.76 2.0 1.0 2.0 7.0 2.0 7.0 10.0 1.0 10.0 6.0 3.0 6.0 8.0 3.0 8.0 
4 6 2.64 2.64 2.0 1.0 2.0 7.0 2.0 7.0 10.0 1.0 10.0 6.0 3.0 6.0 8.0 3.0 8.0 9.0 8.0 9.0 
4 7 2.89 2.89 2.0 1.0 2.0 7.0 2.0 7.0 10.0 1.0 10.0 6.0 3.0 6.0 8.0 3.0 8.0 9.0 8.0 9.0 8.0 2.0 8.0 
4 8 3.02 3.02 2.0 1.0 2.0 7.0 2.0 7.0 10.0 1.0 10.0 6.0 3.0 6.0 8.0 3.0 8.0 9.0 8.0 9.0 8.0 2.0 8.0 8.0 1.0 8.0 
4 9 3.62 3.62 2.0 1.0 2.0 7.0 2.0 7.0 10.0 1.0 10.0 6.0 3.0 6.0 8.0 3.0 8.0 9.0 8.0 9.0 8.0 2.0 8.0 8.0 1.0 8.0 5.0 3.0 5.0 
4 5 2.27 2.27 7.0 3.0 7.0 6.0 5.0 6.0 10.0 4.0 10.0 9.0 4.0 9.0 6.0 1.0 6.0 
4 6 3.1 3.1 7.0 3.0 7.0 6.0 5.0 6.0 10.0 4.0 10.0 9.0 4.0 9.0 6.0 1.0 6.0 6.0 5.0 6.0 
4 7 3.5 3.5 7.0 3.0 7.0 6.0 5.0 6.0 10.0 4.0 10.0 9.0 4.0 9.0 6.0 1.0 6.0 6.0 5.0 6.0 5.0 2.0 5.0 
4 5 2.81 2.81 8.0 6.0 8.0 5.0 2.0 5.0 8.0 3.0 8.0 7.0 2.0 7.0 5.0 5.0 5.0 
4 6 3.66 3.66 8.0 6.0 8.0 5.0 2.0 5.0 8.0 3.0 8.0 7.0 2.0 7.0 5.0 5.0 5.0 7.0 6.0 7.0 
4 5 2.37 2.37 3.0 1.0 3.0 5.0 4.0 5.0 7.0 2.0 7.0 7.0 2.0 7.0 9.0 6.0 9.0 
4 6 2.7 2.7 3.0 1.0 3.0 5.0 4.0 5.0 7.0 2.0 7.0 7.0 2.0 7.0 9.0 6.0 9.0 3.0 1.0 3.0 
4 7 2.95 2.95 3.0 1.0 3.0 5.0 4.0 5.0 7.0 2.0 7.0 7.0 2.0 7.0 9.0 6.0 9.0 3.0 1.0 3.0 8.0 2.0 8.0 
4 8 3.62 3.62 3.0 1.0 3.0 5.0 4.0 5.0 7.0 2.0 7.0 7.0 2.0 7.0 9.0 6.0 9.0 3.0 1.0 3.0 8.0 2.0 8.0 9.0 6.0 9.0 
4 5 3.62 3.62 3.0 2.0 3.0 9.0 9.0 9.0 8.0 5.0 8.0 3.0 2.0 3.0 3.0 2.0 3.0 
4 5 2.57 2.57 4.0 1.0 4.0 2.0 1.0 2.0 10.0 2.0 10.0 5.0 5.0 5.0 8.0 5.0 8.0 
4 6 2.9 2.9 4.0 1.0 4.0 2.0 1.0 2.0 10.0 2.0 10.0 5.0 5.0 5.0 8.0 5.0 8.0 3.0 1.0 3.0 
4 7 3.19 3.19 4.0 1.0 4.0 2.0 1.0 2.0 10.0 2.0 10.0 5.0 5.0 5.0 8.0 5.0 8.0 3.0 1.0 3.0 7.0 2.0 7.0 
4 8 3.52 3.52 4.0 1.0 4.0 2.0 1.0 2.0 10.0 2.0 10.0 5.0 5.0 5.0 8.0 5.0 8.0 3.0 1.0 3.0 7.0 2.0 7.0 3.0 1.0 3.0 
4 9 3.97 3.97 4.0 1.0 4.0 2.0 1.0 2.0 10.0 2.0 10.0 5.0 5.0 5.0 8.0 5.0 8.0 3.0 1.0 3.0 7.0 2.0 7.0 3.0 1.0 3.0 9.0 4.0 9.0 
4 5 2.2 2.2 6.0 2.0 6.0 2.0 1.0 2.0 2.0 1.0 2.0 7.0 3.0 7.0 9.0 4.0 9.0 
4 6 2.37 2.37 6.0 2.0 6.0 2.0 1.0 2.0 2.0 1.0 2.0 7.0 3.0 7.0 9.0 4.0 9.0 6.0 1.0 6.0 
4 7 2.67 2.67 6.0 2.0 6.0 2.0 1.0 2.0 2.0 1.0 2.0 7.0 3.0 7.0 9.0 4.0 9.0 6.0 1.0 6.0 10.0 3.0 10.0 
4 8 3.0 3.0 6.0 2.0 6.0 2.0 1.0 2.0 2.0 1.0 2.0 7.0 3.0 7.0 9.0 4.0 9.0 6.0 1.0 6.0 10.0 3.0 10.0 3.0 1.0 3.0 
4 9 3.2 3.2 6.0 2.0 6.0 2.0 1.0 2.0 2.0 1.0 2.0 7.0 3.0 7.0 9.0 4.0 9.0 6.0 1.0 6.0 10.0 3.0 10.0 3.0 1.0 3.0 5.0 1.0 5.0 
4 5 3.33 3.33 3.0 1.0 3.0 2.0 1.0 2.0 5.0 3.0 5.0 4.0 4.0 4.0 10.0 9.0 10.0 
4 6 3.83 3.83 3.0 1.0 3.0 2.0 1.0 2.0 5.0 3.0 5.0 4.0 4.0 4.0 10.0 9.0 10.0 2.0 1.0 2.0 
4 5 2.82 2.82 10.0 7.0 10.0 3.0 3.0 3.0 8.0 4.0 8.0 8.0 3.0 8.0 8.0 2.0 8.0 
4 6 2.93 2.93 10.0 7.0 10.0 3.0 3.0 3.0 8.0 4.0 8.0 8.0 3.0 8.0 8.0 2.0 8.0 9.0 1.0 9.0 
4 7 3.6 3.6 10.0 7.0 10.0 3.0 3.0 3.0 8.0 4.0 8.0 8.0 3.0 8.0 8.0 2.0 8.0 9.0 1.0 9.0 3.0 2.0 3.0 
4 5 2.33 2.33 8.0 7.0 8.0 8.0 2.0 8.0 6.0 3.0 6.0 7.0 4.0 7.0 7.0 1.0 7.0 
4 6 2.67 2.67 8.0 7.0 8.0 8.0 2.0 8.0 6.0 3.0 6.0 7.0 4.0 7.0 7.0 1.0 7.0 3.0 1.0 3.0 
4 7 3.17 3.17 8.0 7.0 8.0 8.0 2.0 8.0 6.0 3.0 6.0 7.0 4.0 7.0 7.0 1.0 7.0 3.0 1.0 3.0 2.0 1.0 2.0 
4 8 3.67 3.67 8.0 7.0 8.0 8.0 2.0 8.0 6.0 3.0 6.0 7.0 4.0 7.0 7.0 1.0 7.0 3.0 1.0 3.0 2.0 1.0 2.0 2.0 1.0 2.0 
4 5 2.24 2.24 4.0 2.0 4.0 7.0 1.0 7.0 2.0 2.0 2.0 4.0 2.0 4.0 10.0 1.0 10.0 
4 6 2.68 2.68 4.0 2.0 4.0 7.0 1.0 7.0 2.0 2.0 2.0 4.0 2.0 4.0 10.0 1.0 10.0 9.0 4.0 9.0 
4 7 3.28 3.28 4.0 2.0 4.0 7.0 1.0 7.0 2.0 2.0 2.0 4.0 2.0 4.0 10.0 1.0 10.0 9.0 4.0 9.0 5.0 3.0 5.0 
4 8 3.95 3.95 4.0 2.0 4.0 7.0 1.0 7.0 2.0 2.0 2.0 4.0 2.0 4.0 10.0 1.0 10.0 9.0 4.0 9.0 5.0 3.0 5.0 3.0 2.0 3.0 
4 5 2.45 2.45 8.0 1.0 8.0 4.0 3.0 4.0 8.0 7.0 8.0 5.0 1.0 5.0 10.0 5.0 10.0 
4 6 2.87 2.87 8.0 1.0 8.0 4.0 3.0 4.0 8.0 7.0 8.0 5.0 1.0 5.0 10.0 5.0 10.0 7.0 3.0 7.0 
4 7 3.54 3.54 8.0 1.0 8.0 4.0 3.0 4.0 8.0 7.0 8.0 5.0 1.0 5.0 10.0 5.0 10.0 7.0 3.0 7.0 3.0 2.0 3.0 
4 8 3.87 3.87 8.0 1.0 8.0 4.0 3.0 4.0 8.0 7.0 8.0 5.0 1.0 5.0 10.0 5.0 10.0 7.0 3.0 7.0 3.0 2.0 3.0 3.0 1.0 3.0 
4 5 2.25 2.25 8.0 2.0 8.0 8.0 1.0 8.0 7.0 5.0 7.0 2.0 1.0 2.0 3.0 2.0 3.0 
4 6 3.0 3.0 8.0 2.0 8.0 8.0 1.0 8.0 7.0 5.0 7.0 2.0 1.0 2.0 3.0 2.0 3.0 8.0 6.0 8.0 
4 7 3.25 3.25 8.0 2.0 8.0 8.0 1.0 8.0 7.0 5.0 7.0 2.0 1.0 2.0 3.0 2.0 3.0 8.0 6.0 8.0 4.0 1.0 4.0 
4 8 3.92 3.92 8.0 2.0 8.0 8.0 1.0 8.0 7.0 5.0 7.0 2.0 1.0 2.0 3.0 2.0 3.0 8.0 6.0 8.0 4.0 1.0 4.0 3.0 2.0 3.0 
4 5 2.54 2.54 6.0 1.0 6.0 2.0 2.0 2.0 8.0 5.0 8.0 8.0 4.0 8.0 8.0 2.0 8.0 
4 6 2.94 2.94 6.0 1.0 6.0 2.0 2.0 2.0 8.0 5.0 8.0 8.0 4.0 8.0 8.0 2.0 8.0 5.0 2.0 5.0 
4 7 3.05 3.05 6.0 1.0 6.0 2.0 2.0 2.0 8.0 5.0 8.0 8.0 4.0 8.0 8.0 2.0 8.0 5.0 2.0 5.0 9.0 1.0 9.0 
4 8 3.75 3.75 6.0 1.0 6.0 2.0 2.0 2.0 8.0 5.0 8.0 8.0 4.0 8.0 8.0 2.0 8.0 5.0 2.0 5.0 9.0 1.0 9.0 10.0 7.0 10.0 
4 5 2.1 2.1 2.0 1.0 2.0 7.0 5.0 7.0 10.0 2.0 10.0 7.0 2.0 7.0 5.0 2.0 5.0 
4 6 2.24 2.24 2.0 1.0 2.0 7.0 5.0 7.0 10.0 2.0 10.0 7.0 2.0 7.0 5.0 2.0 5.0 7.0 1.0 7.0 
4 7 2.57 2.57 2.0 1.0 2.0 7.0 5.0 7.0 10.0 2.0 10.0 7.0 2.0 7.0 5.0 2.0 5.0 7.0 1.0 7.0 6.0 2.0 6.0 
4 8 3.17 3.17 2.0 1.0 2.0 7.0 5.0 7.0 10.0 2.0 10.0 7.0 2.0 7.0 5.0 2.0 5.0 7.0 1.0 7.0 6.0 2.0 6.0 10.0 6.0 10.0 
4 5 1.8 1.8 5.0 3.0 5.0 9.0 2.0 9.0 7.0 3.0 7.0 3.0 1.0 3.0 9.0 2.0 9.0 
4 6 2.3 2.3 5.0 3.0 5.0 9.0 2.0 9.0 7.0 3.0 7.0 3.0 1.0 3.0 9.0 2.0 9.0 6.0 3.0 6.0 
4 7 2.8 2.8 5.0 3.0 5.0 9.0 2.0 9.0 7.0 3.0 7.0 3.0 1.0 3.0 9.0 2.0 9.0 6.0 3.0 6.0 4.0 2.0 4.0 
4 8 3.1 3.1 5.0 3.0 5.0 9.0 2.0 9.0 7.0 3.0 7.0 3.0 1.0 3.0 9.0 2.0 9.0 6.0 3.0 6.0 4.0 2.0 4.0 10.0 3.0 10.0 
4 9 3.4 3.4 5.0 3.0 5.0 9.0 2.0 9.0 7.0 3.0 7.0 3.0 1.0 3.0 9.0 2.0 9.0 6.0 3.0 6.0 4.0 2.0 4.0 10.0 3.0 10.0 10.0 3.0 10.0 
4 10 3.8 3.8 5.0 3.0 5.0 9.0 2.0 9.0 7.0 3.0 7.0 3.0 1.0 3.0 9.0 2.0 9.0 6.0 3.0 6.0 4.0 2.0 4.0 10.0 3.0 10.0 10.0 3.0 10.0 5.0 2.0 5.0 
4 5 2.17 2.17 2.0 2.0 2.0 5.0 1.0 5.0 10.0 2.0 10.0 3.0 1.0 3.0 9.0 4.0 9.0 
4 6 3.17 3.17 2.0 2.0 2.0 5.0 1.0 5.0 10.0 2.0 10.0 3.0 1.0 3.0 9.0 4.0 9.0 3.0 3.0 3.0 
4 7 3.37 3.37 2.0 2.0 2.0 5.0 1.0 5.0 10.0 2.0 10.0 3.0 1.0 3.0 9.0 4.0 9.0 3.0 3.0 3.0 5.0 1.0 5.0 
4 8 3.47 3.47 2.0 2.0 2.0 5.0 1.0 5.0 10.0 2.0 10.0 3.0 1.0 3.0 9.0 4.0 9.0 3.0 3.0 3.0 5.0 1.0 5.0 10.0 1.0 10.0 
4 5 1.94 1.94 2.0 1.0 2.0 4.0 1.0 4.0 10.0 2.0 10.0 9.0 3.0 9.0 6.0 4.0 6.0 
4 6 2.28 2.28 2.0 1.0 2.0 4.0 1.0 4.0 10.0 2.0 10.0 9.0 3.0 9.0 6.0 4.0 6.0 9.0 3.0 9.0 
4 7 3.28 3.28 2.0 1.0 2.0 4.0 1.0 4.0 10.0 2.0 10.0 9.0 3.0 9.0 6.0 4.0 6.0 9.0 3.0 9.0 2.0 2.0 2.0 
4 8 3.83 3.83 2.0 1.0 2.0 4.0 1.0 4.0 10.0 2.0 10.0 9.0 3.0 9.0 6.0 4.0 6.0 9.0 3.0 9.0 2.0 2.0 2.0 9.0 5.0 9.0 
4 5 3.06 3.06 2.0 2.0 2.0 10.0 10.0 10.0 10.0 4.0 10.0 2.0 1.0 2.0 6.0 1.0 6.0 
4 6 3.44 3.44 2.0 2.0 2.0 10.0 10.0 10.0 10.0 4.0 10.0 2.0 1.0 2.0 6.0 1.0 6.0 8.0 3.0 8.0 
4 7 3.94 3.94 2.0 2.0 2.0 10.0 10.0 10.0 10.0 4.0 10.0 2.0 1.0 2.0 6.0 1.0 6.0 8.0 3.0 8.0 4.0 2.0 4.0 
4 5 2.53 2.53 7.0 2.0 7.0 2.0 1.0 2.0 6.0 3.0 6.0 8.0 2.0 8.0 5.0 5.0 5.0 
4 6 3.03 3.03 7.0 2.0 7.0 2.0 1.0 2.0 6.0 3.0 6.0 8.0 2.0 8.0 5.0 5.0 5.0 4.0 2.0 4.0 
4 7 3.73 3.73 7.0 2.0 7.0 2.0 1.0 2.0 6.0 3.0 6.0 8.0 2.0 8.0 5.0 5.0 5.0 4.0 2.0 4.0 10.0 7.0 10.0 
4 5 2.37 2.37 10.0 2.0 10.0 2.0 1.0 2.0 7.0 3.0 7.0 4.0 1.0 4.0 3.0 3.0 3.0 
4 6 2.87 2.87 10.0 2.0 10.0 2.0 1.0 2.0 7.0 3.0 7.0 4.0 1.0 4.0 3.0 3.0 3.0 2.0 1.0 2.0 
4 7 3.62 3.62 10.0 2.0 10.0 2.0 1.0 2.0 7.0 3.0 7.0 4.0 1.0 4.0 3.0 3.0 3.0 2.0 1.0 2.0 8.0 6.0 8.0 
4 8 3.87 3.87 10.0 2.0 10.0 2.0 1.0 2.0 7.0 3.0 7.0 4.0 1.0 4.0 3.0 3.0 3.0 2.0 1.0 2.0 8.0 6.0 8.0 4.0 1.0 4.0 
4 5 3.1 3.1 4.0 1.0 4.0 2.0 1.0 2.0 7.0 6.0 7.0 5.0 5.0 5.0 6.0 3.0 6.0 
4 6 3.6 3.6 4.0 1.0 4.0 2.0 1.0 2.0 7.0 6.0 7.0 5.0 5.0 5.0 6.0 3.0 6.0 2.0 1.0 2.0 
4 5 3.37 3.37 7.0 3.0 7.0 2.0 1.0 2.0 10.0 7.0 10.0 4.0 3.0 4.0 2.0 2.0 2.0 
4 6 3.67 3.67 7.0 3.0 7.0 2.0 1.0 2.0 10.0 7.0 10.0 4.0 3.0 4.0 2.0 2.0 2.0 10.0 3.0 10.0 
4 5 2.88 2.88 2.0 1.0 2.0 6.0 1.0 6.0 8.0 8.0 8.0 9.0 5.0 9.0 3.0 2.0 3.0 
4 6 3.13 3.13 2.0 1.0 2.0 6.0 1.0 6.0 8.0 8.0 8.0 9.0 5.0 9.0 3.0 2.0 3.0 8.0 2.0 8.0 
4 7 3.63 3.63 2.0 1.0 2.0 6.0 1.0 6.0 8.0 8.0 8.0 9.0 5.0 9.0 3.0 2.0 3.0 8.0 2.0 8.0 6.0 3.0 6.0 
4 5 3.19 3.19 6.0 2.0 6.0 7.0 2.0 7.0 2.0 2.0 2.0 7.0 4.0 7.0 2.0 2.0 2.0 
4 6 3.44 3.44 6.0 2.0 6.0 7.0 2.0 7.0 2.0 2.0 2.0 7.0 4.0 7.0 2.0 2.0 2.0 8.0 2.0 8.0 
4 5 2.55 2.55 3.0 2.0 3.0 4.0 2.0 4.0 4.0 2.0 4.0 9.0 2.0 9.0 3.0 2.0 3.0 
4 6 2.88 2.88 3.0 2.0 3.0 4.0 2.0 4.0 4.0 2.0 4.0 9.0 2.0 9.0 3.0 2.0 3.0 3.0 1.0 3.0 
4 7 3.38 3.38 3.0 2.0 3.0 4.0 2.0 4.0 4.0 2.0 4.0 9.0 2.0 9.0 3.0 2.0 3.0 3.0 1.0 3.0 8.0 4.0 8.0 
4 8 3.76 3.76 3.0 2.0 3.0 4.0 2.0 4.0 4.0 2.0 4.0 9.0 2.0 9.0 3.0 2.0 3.0 3.0 1.0 3.0 8.0 4.0 8.0 8.0 3.0 8.0 
4 5 3.13 3.13 2.0 1.0 2.0 7.0 2.0 7.0 9.0 7.0 9.0 2.0 2.0 2.0 7.0 4.0 7.0 
4 6 3.46 3.46 2.0 1.0 2.0 7.0 2.0 7.0 9.0 7.0 9.0 2.0 2.0 2.0 7.0 4.0 7.0 6.0 2.0 6.0 
4 7 3.96 3.96 2.0 1.0 2.0 7.0 2.0 7.0 9.0 7.0 9.0 2.0 2.0 2.0 7.0 4.0 7.0 6.0 2.0 6.0 10.0 5.0 10.0 
4 5 2.7 2.7 2.0 2.0 2.0 5.0 3.0 5.0 5.0 2.0 5.0 5.0 1.0 5.0 4.0 2.0 4.0 
4 6 3.2 3.2 2.0 2.0 2.0 5.0 3.0 5.0 5.0 2.0 5.0 5.0 1.0 5.0 4.0 2.0 4.0 10.0 5.0 10.0 
4 7 3.6 3.6 2.0 2.0 2.0 5.0 3.0 5.0 5.0 2.0 5.0 5.0 1.0 5.0 4.0 2.0 4.0 10.0 5.0 10.0 10.0 4.0 10.0 
4 5 4.0 4.0 3.0 3.0 3.0 4.0 4.0 4.0 2.0 1.0 2.0 2.0 1.0 2.0 3.0 3.0 3.0 
4 5 3.72 3.72 3.0 2.0 3.0 9.0 5.0 9.0 3.0 3.0 3.0 2.0 1.0 2.0 7.0 7.0 7.0 
4 5 2.24 2.24 8.0 2.0 8.0 2.0 1.0 2.0 3.0 1.0 3.0 3.0 3.0 3.0 6.0 1.0 6.0 
4 6 3.13 3.13 8.0 2.0 8.0 2.0 1.0 2.0 3.0 1.0 3.0 3.0 3.0 3.0 6.0 1.0 6.0 9.0 8.0 9.0 
4 7 3.53 3.53 8.0 2.0 8.0 2.0 1.0 2.0 3.0 1.0 3.0 3.0 3.0 3.0 6.0 1.0 6.0 9.0 8.0 9.0 5.0 2.0 5.0 
4 5 2.11 2.11 9.0 7.0 9.0 10.0 5.0 10.0 9.0 1.0 9.0 10.0 5.0 10.0 9.0 2.0 9.0 
4 6 2.36 2.36 9.0 7.0 9.0 10.0 5.0 10.0 9.0 1.0 9.0 10.0 5.0 10.0 9.0 2.0 9.0 4.0 1.0 4.0 
4 7 2.56 2.56 9.0 7.0 9.0 10.0 5.0 10.0 9.0 1.0 9.0 10.0 5.0 10.0 9.0 2.0 9.0 4.0 1.0 4.0 5.0 1.0 5.0 
4 8 3.43 3.43 9.0 7.0 9.0 10.0 5.0 10.0 9.0 1.0 9.0 10.0 5.0 10.0 9.0 2.0 9.0 4.0 1.0 4.0 5.0 1.0 5.0 8.0 7.0 8.0 
4 9 3.93 3.93 9.0 7.0 9.0 10.0 5.0 10.0 9.0 1.0 9.0 10.0 5.0 10.0 9.0 2.0 9.0 4.0 1.0 4.0 5.0 1.0 5.0 8.0 7.0 8.0 4.0 2.0 4.0 
4 5 3.07 3.07 3.0 2.0 3.0 5.0 1.0 5.0 8.0 7.0 8.0 3.0 2.0 3.0 6.0 4.0 6.0 
4 5 3.15 3.15 8.0 6.0 8.0 9.0 9.0 9.0 4.0 2.0 4.0 10.0 4.0 10.0 4.0 2.0 4.0 
4 6 3.26 3.26 8.0 6.0 8.0 9.0 9.0 9.0 4.0 2.0 4.0 10.0 4.0 10.0 4.0 2.0 4.0 9.0 1.0 9.0 
4 5 1.85 1.85 4.0 1.0 4.0 2.0 1.0 2.0 10.0 1.0 10.0 4.0 3.0 4.0 8.0 2.0 8.0 
4 6 2.18 2.18 4.0 1.0 4.0 2.0 1.0 2.0 10.0 1.0 10.0 4.0 3.0 4.0 8.0 2.0 8.0 9.0 3.0 9.0 
4 7 2.68 2.68 4.0 1.0 4.0 2.0 1.0 2.0 10.0 1.0 10.0 4.0 3.0 4.0 8.0 2.0 8.0 9.0 3.0 9.0 8.0 4.0 8.0 
4 8 3.18 3.18 4.0 1.0 4.0 2.0 1.0 2.0 10.0 1.0 10.0 4.0 3.0 4.0 8.0 2.0 8.0 9.0 3.0 9.0 8.0 4.0 8.0 4.0 2.0 4.0 
4 5 1.97 1.97 8.0 4.0 8.0 3.0 1.0 3.0 8.0 4.0 8.0 4.0 2.0 4.0 7.0 1.0 7.0 
4 6 2.97 2.97 8.0 4.0 8.0 3.0 1.0 3.0 8.0 4.0 8.0 4.0 2.0 4.0 7.0 1.0 7.0 2.0 2.0 2.0 
4 7 3.47 3.47 8.0 4.0 8.0 3.0 1.0 3.0 8.0 4.0 8.0 4.0 2.0 4.0 7.0 1.0 7.0 2.0 2.0 2.0 4.0 2.0 4.0 
4 8 3.67 3.67 8.0 4.0 8.0 3.0 1.0 3.0 8.0 4.0 8.0 4.0 2.0 4.0 7.0 1.0 7.0 2.0 2.0 2.0 4.0 2.0 4.0 5.0 1.0 5.0 
4 5 2.58 2.58 5.0 5.0 5.0 5.0 1.0 5.0 5.0 4.0 5.0 9.0 3.0 9.0 4.0 1.0 4.0 
4 6 3.58 3.58 5.0 5.0 5.0 5.0 1.0 5.0 5.0 4.0 5.0 9.0 3.0 9.0 4.0 1.0 4.0 6.0 6.0 6.0 
4 5 2.37 2.37 8.0 3.0 8.0 10.0 4.0 10.0 10.0 6.0 10.0 10.0 8.0 10.0 5.0 1.0 5.0 
4 6 2.8 2.8 8.0 3.0 8.0 10.0 4.0 10.0 10.0 6.0 10.0 10.0 8.0 10.0 5.0 1.0 5.0 7.0 3.0 7.0 
4 7 3.2 3.2 8.0 3.0 8.0 10.0 4.0 10.0 10.0 6.0 10.0 10.0 8.0 10.0 5.0 1.0 5.0 7.0 3.0 7.0 10.0 4.0 10.0 
4 5 2.72 2.72 2.0 1.0 2.0 9.0 2.0 9.0 6.0 6.0 6.0 3.0 2.0 3.0 3.0 1.0 3.0 
4 6 2.83 2.83 2.0 1.0 2.0 9.0 2.0 9.0 6.0 6.0 6.0 3.0 2.0 3.0 3.0 1.0 3.0 9.0 1.0 9.0 
4 7 3.83 3.83 2.0 1.0 2.0 9.0 2.0 9.0 6.0 6.0 6.0 3.0 2.0 3.0 3.0 1.0 3.0 9.0 1.0 9.0 8.0 8.0 8.0 
4 5 3.44 3.44 7.0 3.0 7.0 4.0 4.0 4.0 9.0 8.0 9.0 8.0 1.0 8.0 8.0 8.0 8.0 
4 5 2.7 2.7 2.0 1.0 2.0 7.0 4.0 7.0 9.0 4.0 9.0 10.0 9.0 10.0 7.0 2.0 7.0 
4 6 3.03 3.03 2.0 1.0 2.0 7.0 4.0 7.0 9.0 4.0 9.0 10.0 9.0 10.0 7.0 2.0 7.0 6.0 2.0 6.0 
4 7 3.14 3.14 2.0 1.0 2.0 7.0 4.0 7.0 9.0 4.0 9.0 10.0 9.0 10.0 7.0 2.0 7.0 6.0 2.0 6.0 9.0 1.0 9.0 
4 8 3.64 3.64 2.0 1.0 2.0 7.0 4.0 7.0 9.0 4.0 9.0 10.0 9.0 10.0 7.0 2.0 7.0 6.0 2.0 6.0 9.0 1.0 9.0 6.0 3.0 6.0 
4 9 3.81 3.81 2.0 1.0 2.0 7.0 4.0 7.0 9.0 4.0 9.0 10.0 9.0 10.0 7.0 2.0 7.0 6.0 2.0 6.0 9.0 1.0 9.0 6.0 3.0 6.0 6.0 1.0 6.0 
4 5 2.9 2.9 10.0 4.0 10.0 7.0 2.0 7.0 7.0 7.0 7.0 3.0 3.0 3.0 9.0 2.0 9.0 
4 6 3.62 3.62 10.0 4.0 10.0 7.0 2.0 7.0 7.0 7.0 7.0 3.0 3.0 3.0 9.0 2.0 9.0 7.0 5.0 7.0 
4 7 3.78 3.78 10.0 4.0 10.0 7.0 2.0 7.0 7.0 7.0 7.0 3.0 3.0 3.0 9.0 2.0 9.0 7.0 5.0 7.0 6.0 1.0 6.0 
4 8 3.98 3.98 10.0 4.0 10.0 7.0 2.0 7.0 7.0 7.0 7.0 3.0 3.0 3.0 9.0 2.0 9.0 7.0 5.0 7.0 6.0 1.0 6.0 5.0 1.0 5.0 
4 5 1.25 1.25 7.0 1.0 7.0 10.0 3.0 10.0 10.0 1.0 10.0 9.0 3.0 9.0 8.0 3.0 8.0 
4 6 1.75 1.75 7.0 1.0 7.0 10.0 3.0 10.0 10.0 1.0 10.0 9.0 3.0 9.0 8.0 3.0 8.0 2.0 1.0 2.0 
4 7 2.05 2.05 7.0 1.0 7.0 10.0 3.0 10.0 10.0 1.0 10.0 9.0 3.0 9.0 8.0 3.0 8.0 2.0 1.0 2.0 10.0 3.0 10.0 
4 8 2.25 2.25 7.0 1.0 7.0 10.0 3.0 10.0 10.0 1.0 10.0 9.0 3.0 9.0 8.0 3.0 8.0 2.0 1.0 2.0 10.0 3.0 10.0 10.0 2.0 10.0 
4 9 2.87 2.87 7.0 1.0 7.0 10.0 3.0 10.0 10.0 1.0 10.0 9.0 3.0 9.0 8.0 3.0 8.0 2.0 1.0 2.0 10.0 3.0 10.0 10.0 2.0 10.0 8.0 5.0 8.0 
4 10 3.87 3.87 7.0 1.0 7.0 10.0 3.0 10.0 10.0 1.0 10.0 9.0 3.0 9.0 8.0 3.0 8.0 2.0 1.0 2.0 10.0 3.0 10.0 10.0 2.0 10.0 8.0 5.0 8.0 2.0 2.0 2.0 
4 5 1.33 1.33 3.0 1.0 3.0 8.0 1.0 8.0 7.0 3.0 7.0 4.0 1.0 4.0 5.0 1.0 5.0 
4 6 1.67 1.67 3.0 1.0 3.0 8.0 1.0 8.0 7.0 3.0 7.0 4.0 1.0 4.0 5.0 1.0 5.0 3.0 1.0 3.0 
4 7 2.07 2.07 3.0 1.0 3.0 8.0 1.0 8.0 7.0 3.0 7.0 4.0 1.0 4.0 5.0 1.0 5.0 3.0 1.0 3.0 10.0 4.0 10.0 
4 8 2.35 2.35 3.0 1.0 3.0 8.0 1.0 8.0 7.0 3.0 7.0 4.0 1.0 4.0 5.0 1.0 5.0 3.0 1.0 3.0 10.0 4.0 10.0 7.0 2.0 7.0 
4 9 3.23 3.23 3.0 1.0 3.0 8.0 1.0 8.0 7.0 3.0 7.0 4.0 1.0 4.0 5.0 1.0 5.0 3.0 1.0 3.0 10.0 4.0 10.0 7.0 2.0 7.0 8.0 7.0 8.0 
4 5 2.64 2.64 3.0 2.0 3.0 7.0 5.0 7.0 6.0 1.0 6.0 6.0 3.0 6.0 10.0 6.0 10.0 
4 6 2.86 2.86 3.0 2.0 3.0 7.0 5.0 7.0 6.0 1.0 6.0 6.0 3.0 6.0 10.0 6.0 10.0 9.0 2.0 9.0 
4 7 3.2 3.2 3.0 2.0 3.0 7.0 5.0 7.0 6.0 1.0 6.0 6.0 3.0 6.0 10.0 6.0 10.0 9.0 2.0 9.0 9.0 3.0 9.0 
4 8 3.77 3.77 3.0 2.0 3.0 7.0 5.0 7.0 6.0 1.0 6.0 6.0 3.0 6.0 10.0 6.0 10.0 9.0 2.0 9.0 9.0 3.0 9.0 7.0 4.0 7.0 
4 5 2.36 2.36 8.0 2.0 8.0 8.0 1.0 8.0 2.0 2.0 2.0 9.0 1.0 9.0 8.0 7.0 8.0 
4 6 2.8 2.8 8.0 2.0 8.0 8.0 1.0 8.0 2.0 2.0 2.0 9.0 1.0 9.0 8.0 7.0 8.0 9.0 4.0 9.0 
4 7 3.8 3.8 8.0 2.0 8.0 8.0 1.0 8.0 2.0 2.0 2.0 9.0 1.0 9.0 8.0 7.0 8.0 9.0 4.0 9.0 7.0 7.0 7.0 
4 5 2.72 2.72 9.0 5.0 9.0 5.0 1.0 5.0 3.0 2.0 3.0 2.0 1.0 2.0 5.0 4.0 5.0 
4 6 3.12 3.12 9.0 5.0 9.0 5.0 1.0 5.0 3.0 2.0 3.0 2.0 1.0 2.0 5.0 4.0 5.0 5.0 2.0 5.0 
4 7 3.62 3.62 9.0 5.0 9.0 5.0 1.0 5.0 3.0 2.0 3.0 2.0 1.0 2.0 5.0 4.0 5.0 5.0 2.0 5.0 10.0 5.0 10.0 
4 8 3.95 3.95 9.0 5.0 9.0 5.0 1.0 5.0 3.0 2.0 3.0 2.0 1.0 2.0 5.0 4.0 5.0 5.0 2.0 5.0 10.0 5.0 10.0 9.0 3.0 9.0 
4 5 2.86 2.86 3.0 2.0 3.0 2.0 1.0 2.0 6.0 3.0 6.0 5.0 1.0 5.0 10.0 10.0 10.0 
4 6 3.15 3.15 3.0 2.0 3.0 2.0 1.0 2.0 6.0 3.0 6.0 5.0 1.0 5.0 10.0 10.0 10.0 7.0 2.0 7.0 
4 7 3.35 3.35 3.0 2.0 3.0 2.0 1.0 2.0 6.0 3.0 6.0 5.0 1.0 5.0 10.0 10.0 10.0 7.0 2.0 7.0 10.0 2.0 10.0 
4 8 3.9 3.9 3.0 2.0 3.0 2.0 1.0 2.0 6.0 3.0 6.0 5.0 1.0 5.0 10.0 10.0 10.0 7.0 2.0 7.0 10.0 2.0 10.0 9.0 5.0 9.0 
4 5 3.99 3.99 6.0 6.0 6.0 6.0 6.0 6.0 7.0 6.0 7.0 8.0 2.0 8.0 9.0 8.0 9.0 
4 5 1.67 1.67 2.0 1.0 2.0 3.0 1.0 3.0 7.0 3.0 7.0 8.0 1.0 8.0 7.0 2.0 7.0 
4 6 2.0 2.0 2.0 1.0 2.0 3.0 1.0 3.0 7.0 3.0 7.0 8.0 1.0 8.0 7.0 2.0 7.0 9.0 3.0 9.0 
4 7 2.25 2.25 2.0 1.0 2.0 3.0 1.0 3.0 7.0 3.0 7.0 8.0 1.0 8.0 7.0 2.0 7.0 9.0 3.0 9.0 4.0 1.0 4.0 
4 8 2.35 2.35 2.0 1.0 2.0 3.0 1.0 3.0 7.0 3.0 7.0 8.0 1.0 8.0 7.0 2.0 7.0 9.0 3.0 9.0 4.0 1.0 4.0 10.0 1.0 10.0 
4 9 3.1 3.1 2.0 1.0 2.0 3.0 1.0 3.0 7.0 3.0 7.0 8.0 1.0 8.0 7.0 2.0 7.0 9.0 3.0 9.0 4.0 1.0 4.0 10.0 1.0 10.0 8.0 6.0 8.0 
4 10 3.77 3.77 2.0 1.0 2.0 3.0 1.0 3.0 7.0 3.0 7.0 8.0 1.0 8.0 7.0 2.0 7.0 9.0 3.0 9.0 4.0 1.0 4.0 10.0 1.0 10.0 8.0 6.0 8.0 3.0 2.0 3.0 
4 5 3.02 3.02 8.0 8.0 8.0 6.0 2.0 6.0 8.0 4.0 8.0 9.0 4.0 9.0 4.0 3.0 4.0 
4 6 3.92 3.92 8.0 8.0 8.0 6.0 2.0 6.0 8.0 4.0 8.0 9.0 4.0 9.0 4.0 3.0 4.0 10.0 9.0 10.0 
4 5 2.78 2.78 5.0 1.0 5.0 10.0 5.0 10.0 3.0 1.0 3.0 4.0 3.0 4.0 2.0 2.0 2.0 
4 6 3.78 3.78 5.0 1.0 5.0 10.0 5.0 10.0 3.0 1.0 3.0 4.0 3.0 4.0 2.0 2.0 2.0 2.0 2.0 2.0 
4 5 1.98 1.98 5.0 2.0 5.0 2.0 1.0 2.0 9.0 3.0 9.0 8.0 2.0 8.0 4.0 2.0 4.0 
4 6 2.26 2.26 5.0 2.0 5.0 2.0 1.0 2.0 9.0 3.0 9.0 8.0 2.0 8.0 4.0 2.0 4.0 7.0 2.0 7.0 
4 7 2.41 2.41 5.0 2.0 5.0 2.0 1.0 2.0 9.0 3.0 9.0 8.0 2.0 8.0 4.0 2.0 4.0 7.0 2.0 7.0 7.0 1.0 7.0 
4 8 2.53 2.53 5.0 2.0 5.0 2.0 1.0 2.0 9.0 3.0 9.0 8.0 2.0 8.0 4.0 2.0 4.0 7.0 2.0 7.0 7.0 1.0 7.0 8.0 1.0 8.0 
4 9 2.87 2.87 5.0 2.0 5.0 2.0 1.0 2.0 9.0 3.0 9.0 8.0 2.0 8.0 4.0 2.0 4.0 7.0 2.0 7.0 7.0 1.0 7.0 8.0 1.0 8.0 3.0 1.0 3.0 
4 10 3.07 3.07 5.0 2.0 5.0 2.0 1.0 2.0 9.0 3.0 9.0 8.0 2.0 8.0 4.0 2.0 4.0 7.0 2.0 7.0 7.0 1.0 7.0 8.0 1.0 8.0 3.0 1.0 3.0 5.0 1.0 5.0 
4 11 3.4 3.4 5.0 2.0 5.0 2.0 1.0 2.0 9.0 3.0 9.0 8.0 2.0 8.0 4.0 2.0 4.0 7.0 2.0 7.0 7.0 1.0 7.0 8.0 1.0 8.0 3.0 1.0 3.0 5.0 1.0 5.0 9.0 3.0 9.0 
4 12 3.9 3.9 5.0 2.0 5.0 2.0 1.0 2.0 9.0 3.0 9.0 8.0 2.0 8.0 4.0 2.0 4.0 7.0 2.0 7.0 7.0 1.0 7.0 8.0 1.0 8.0 3.0 1.0 3.0 5.0 1.0 5.0 9.0 3.0 9.0 8.0 4.0 8.0 
4 5 2.37 2.37 2.0 1.0 2.0 9.0 8.0 9.0 6.0 2.0 6.0 10.0 4.0 10.0 8.0 2.0 8.0 
4 6 2.87 2.87 2.0 1.0 2.0 9.0 8.0 9.0 6.0 2.0 6.0 10.0 4.0 10.0 8.0 2.0 8.0 2.0 1.0 2.0 
4 7 3.42 3.42 2.0 1.0 2.0 9.0 8.0 9.0 6.0 2.0 6.0 10.0 4.0 10.0 8.0 2.0 8.0 2.0 1.0 2.0 9.0 5.0 9.0 
4 5 2.42 2.42 8.0 3.0 8.0 9.0 9.0 9.0 4.0 2.0 4.0 8.0 1.0 8.0 7.0 3.0 7.0 
4 6 3.22 3.22 8.0 3.0 8.0 9.0 9.0 9.0 4.0 2.0 4.0 8.0 1.0 8.0 7.0 3.0 7.0 10.0 8.0 10.0 
4 7 3.85 3.85 8.0 3.0 8.0 9.0 9.0 9.0 4.0 2.0 4.0 8.0 1.0 8.0 7.0 3.0 7.0 10.0 8.0 10.0 8.0 5.0 8.0 
4 5 2.2 2.2 8.0 1.0 8.0 2.0 1.0 2.0 3.0 1.0 3.0 2.0 1.0 2.0 4.0 3.0 4.0 
4 6 2.7 2.7 8.0 1.0 8.0 2.0 1.0 2.0 3.0 1.0 3.0 2.0 1.0 2.0 4.0 3.0 4.0 4.0 2.0 4.0 
4 7 2.9 2.9 8.0 1.0 8.0 2.0 1.0 2.0 3.0 1.0 3.0 2.0 1.0 2.0 4.0 3.0 4.0 4.0 2.0 4.0 5.0 1.0 5.0 
4 8 3.4 3.4 8.0 1.0 8.0 2.0 1.0 2.0 3.0 1.0 3.0 2.0 1.0 2.0 4.0 3.0 4.0 4.0 2.0 4.0 5.0 1.0 5.0 2.0 1.0 2.0 
4 5 1.65 1.65 5.0 1.0 5.0 9.0 2.0 9.0 5.0 2.0 5.0 9.0 3.0 9.0 4.0 2.0 4.0 
4 6 2.48 2.48 5.0 1.0 5.0 9.0 2.0 9.0 5.0 2.0 5.0 9.0 3.0 9.0 4.0 2.0 4.0 6.0 5.0 6.0 
4 7 3.08 3.08 5.0 1.0 5.0 9.0 2.0 9.0 5.0 2.0 5.0 9.0 3.0 9.0 4.0 2.0 4.0 6.0 5.0 6.0 10.0 6.0 10.0 
4 5 3.0 3.0 8.0 1.0 8.0 7.0 6.0 7.0 4.0 3.0 4.0 9.0 7.0 9.0 2.0 1.0 2.0 
4 6 3.12 3.12 8.0 1.0 8.0 7.0 6.0 7.0 4.0 3.0 4.0 9.0 7.0 9.0 2.0 1.0 2.0 9.0 1.0 9.0 
4 7 3.45 3.45 8.0 1.0 8.0 7.0 6.0 7.0 4.0 3.0 4.0 9.0 7.0 9.0 2.0 1.0 2.0 9.0 1.0 9.0 3.0 1.0 3.0 
4 8 3.57 3.57 8.0 1.0 8.0 7.0 6.0 7.0 4.0 3.0 4.0 9.0 7.0 9.0 2.0 1.0 2.0 9.0 1.0 9.0 3.0 1.0 3.0 8.0 1.0 8.0 
4 9 3.91 3.91 8.0 1.0 8.0 7.0 6.0 7.0 4.0 3.0 4.0 9.0 7.0 9.0 2.0 1.0 2.0 9.0 1.0 9.0 3.0 1.0 3.0 8.0 1.0 8.0 3.0 1.0 3.0 
4 5 2.43 2.43 8.0 2.0 8.0 7.0 1.0 7.0 10.0 10.0 10.0 8.0 3.0 8.0 6.0 4.0 6.0 
4 6 3.43 3.43 8.0 2.0 8.0 7.0 1.0 7.0 10.0 10.0 10.0 8.0 3.0 8.0 6.0 4.0 6.0 3.0 3.0 3.0 
4 7 3.53 3.53 8.0 2.0 8.0 7.0 1.0 7.0 10.0 10.0 10.0 8.0 3.0 8.0 6.0 4.0 6.0 3.0 3.0 3.0 10.0 1.0 10.0 
4 5 2.72 2.72 6.0 1.0 6.0 4.0 3.0 4.0 5.0 1.0 5.0 8.0 6.0 8.0 7.0 6.0 7.0 
4 6 3.05 3.05 6.0 1.0 6.0 4.0 3.0 4.0 5.0 1.0 5.0 8.0 6.0 8.0 7.0 6.0 7.0 9.0 3.0 9.0 
4 7 3.27 3.27 6.0 1.0 6.0 4.0 3.0 4.0 5.0 1.0 5.0 8.0 6.0 8.0 7.0 6.0 7.0 9.0 3.0 9.0 9.0 2.0 9.0 
4 8 3.94 3.94 6.0 1.0 6.0 4.0 3.0 4.0 5.0 1.0 5.0 8.0 6.0 8.0 7.0 6.0 7.0 9.0 3.0 9.0 9.0 2.0 9.0 6.0 4.0 6.0 
4 5 2.23 2.23 4.0 4.0 4.0 8.0 3.0 8.0 10.0 3.0 10.0 6.0 2.0 6.0 9.0 2.0 9.0 
4 6 3.0 3.0 4.0 4.0 4.0 8.0 3.0 8.0 10.0 3.0 10.0 6.0 2.0 6.0 9.0 2.0 9.0 9.0 7.0 9.0 
4 7 3.1 3.1 4.0 4.0 4.0 8.0 3.0 8.0 10.0 3.0 10.0 6.0 2.0 6.0 9.0 2.0 9.0 9.0 7.0 9.0 10.0 1.0 10.0 
4 8 3.6 3.6 4.0 4.0 4.0 8.0 3.0 8.0 10.0 3.0 10.0 6.0 2.0 6.0 9.0 2.0 9.0 9.0 7.0 9.0 10.0 1.0 10.0 4.0 2.0 4.0 
4 5 2.5 2.5 5.0 1.0 5.0 5.0 1.0 5.0 2.0 1.0 2.0 9.0 8.0 9.0 7.0 5.0 7.0 
4 6 3.4 3.4 5.0 1.0 5.0 5.0 1.0 5.0 2.0 1.0 2.0 9.0 8.0 9.0 7.0 5.0 7.0 10.0 9.0 10.0 
4 5 1.43 1.43 5.0 1.0 5.0 7.0 2.0 7.0 7.0 2.0 7.0 9.0 2.0 9.0 9.0 4.0 9.0 
4 6 2.43 2.43 5.0 1.0 5.0 7.0 2.0 7.0 7.0 2.0 7.0 9.0 2.0 9.0 9.0 4.0 9.0 10.0 10.0 10.0 
4 7 3.43 3.43 5.0 1.0 5.0 7.0 2.0 7.0 7.0 2.0 7.0 9.0 2.0 9.0 9.0 4.0 9.0 10.0 10.0 10.0 7.0 7.0 7.0 
4 8 3.63 3.63 5.0 1.0 5.0 7.0 2.0 7.0 7.0 2.0 7.0 9.0 2.0 9.0 9.0 4.0 9.0 10.0 10.0 10.0 7.0 7.0 7.0 10.0 2.0 10.0 
4 5 2.56 2.56 4.0 2.0 4.0 6.0 5.0 6.0 2.0 1.0 2.0 5.0 2.0 5.0 3.0 1.0 3.0 
4 6 3.23 3.23 4.0 2.0 4.0 6.0 5.0 6.0 2.0 1.0 2.0 5.0 2.0 5.0 3.0 1.0 3.0 3.0 2.0 3.0 
4 7 3.9 3.9 4.0 2.0 4.0 6.0 5.0 6.0 2.0 1.0 2.0 5.0 2.0 5.0 3.0 1.0 3.0 3.0 2.0 3.0 3.0 2.0 3.0 
4 5 2.49 2.49 7.0 2.0 7.0 9.0 5.0 9.0 3.0 3.0 3.0 4.0 1.0 4.0 5.0 2.0 5.0 
4 6 2.82 2.82 7.0 2.0 7.0 9.0 5.0 9.0 3.0 3.0 3.0 4.0 1.0 4.0 5.0 2.0 5.0 3.0 1.0 3.0 
4 7 3.32 3.32 7.0 2.0 7.0 9.0 5.0 9.0 3.0 3.0 3.0 4.0 1.0 4.0 5.0 2.0 5.0 3.0 1.0 3.0 2.0 1.0 2.0 
4 8 3.82 3.82 7.0 2.0 7.0 9.0 5.0 9.0 3.0 3.0 3.0 4.0 1.0 4.0 5.0 2.0 5.0 3.0 1.0 3.0 2.0 1.0 2.0 2.0 1.0 2.0 
4 5 1.53 1.53 10.0 3.0 10.0 5.0 1.0 5.0 2.0 1.0 2.0 7.0 2.0 7.0 4.0 1.0 4.0 
4 6 2.2 2.2 10.0 3.0 10.0 5.0 1.0 5.0 2.0 1.0 2.0 7.0 2.0 7.0 4.0 1.0 4.0 9.0 6.0 9.0 
4 7 2.86 2.86 10.0 3.0 10.0 5.0 1.0 5.0 2.0 1.0 2.0 7.0 2.0 7.0 4.0 1.0 4.0 9.0 6.0 9.0 3.0 2.0 3.0 
4 8 2.99 2.99 10.0 3.0 10.0 5.0 1.0 5.0 2.0 1.0 2.0 7.0 2.0 7.0 4.0 1.0 4.0 9.0 6.0 9.0 3.0 2.0 3.0 8.0 1.0 8.0 
4 9 3.82 3.82 10.0 3.0 10.0 5.0 1.0 5.0 2.0 1.0 2.0 7.0 2.0 7.0 4.0 1.0 4.0 9.0 6.0 9.0 3.0 2.0 3.0 8.0 1.0 8.0 6.0 5.0 6.0 
4 5 3.55 3.55 2.0 1.0 2.0 4.0 1.0 4.0 4.0 4.0 4.0 2.0 2.0 2.0 10.0 8.0 10.0 
4 6 3.69 3.69 2.0 1.0 2.0 4.0 1.0 4.0 4.0 4.0 4.0 2.0 2.0 2.0 10.0 8.0 10.0 7.0 1.0 7.0 
4 5 2.27 2.27 3.0 3.0 3.0 8.0 3.0 8.0 5.0 1.0 5.0 5.0 1.0 5.0 8.0 4.0 8.0 
4 6 3.27 3.27 3.0 3.0 3.0 8.0 3.0 8.0 5.0 1.0 5.0 5.0 1.0 5.0 8.0 4.0 8.0 6.0 6.0 6.0 
4 7 3.7 3.7 3.0 3.0 3.0 8.0 3.0 8.0 5.0 1.0 5.0 5.0 1.0 5.0 8.0 4.0 8.0 6.0 6.0 6.0 7.0 3.0 7.0 
4 8 3.95 3.95 3.0 3.0 3.0 8.0 3.0 8.0 5.0 1.0 5.0 5.0 1.0 5.0 8.0 4.0 8.0 6.0 6.0 6.0 7.0 3.0 7.0 4.0 1.0 4.0 
4 5 3.08 3.08 10.0 9.0 10.0 8.0 5.0 8.0 10.0 5.0 10.0 5.0 1.0 5.0 7.0 6.0 7.0 
4 5 2.41 2.41 7.0 4.0 7.0 6.0 2.0 6.0 6.0 1.0 6.0 10.0 9.0 10.0 9.0 4.0 9.0 
4 6 3.04 3.04 7.0 4.0 7.0 6.0 2.0 6.0 6.0 1.0 6.0 10.0 9.0 10.0 9.0 4.0 9.0 8.0 5.0 8.0 
4 7 3.29 3.29 7.0 4.0 7.0 6.0 2.0 6.0 6.0 1.0 6.0 10.0 9.0 10.0 9.0 4.0 9.0 8.0 5.0 8.0 4.0 1.0 4.0 
4 8 3.95 3.95 7.0 4.0 7.0 6.0 2.0 6.0 6.0 1.0 6.0 10.0 9.0 10.0 9.0 4.0 9.0 8.0 5.0 8.0 4.0 1.0 4.0 3.0 2.0 3.0 
4 5 3.18 3.18 7.0 5.0 7.0 7.0 4.0 7.0 2.0 1.0 2.0 2.0 2.0 2.0 5.0 2.0 5.0 
4 5 2.04 2.04 9.0 6.0 9.0 9.0 2.0 9.0 10.0 1.0 10.0 9.0 5.0 9.0 10.0 5.0 10.0 
4 6 3.04 3.04 9.0 6.0 9.0 9.0 2.0 9.0 10.0 1.0 10.0 9.0 5.0 9.0 10.0 5.0 10.0 4.0 4.0 4.0 
4 7 3.54 3.54 9.0 6.0 9.0 9.0 2.0 9.0 10.0 1.0 10.0 9.0 5.0 9.0 10.0 5.0 10.0 4.0 4.0 4.0 2.0 1.0 2.0 
4 5 2.95 2.95 8.0 2.0 8.0 10.0 5.0 10.0 6.0 5.0 6.0 8.0 3.0 8.0 3.0 3.0 3.0 
4 6 3.95 3.95 8.0 2.0 8.0 10.0 5.0 10.0 6.0 5.0 6.0 8.0 3.0 8.0 3.0 3.0 3.0 3.0 3.0 3.0 
4 5 2.68 2.68 5.0 2.0 5.0 2.0 1.0 2.0 7.0 2.0 7.0 2.0 1.0 2.0 3.0 3.0 3.0 
4 6 3.68 3.68 5.0 2.0 5.0 2.0 1.0 2.0 7.0 2.0 7.0 2.0 1.0 2.0 3.0 3.0 3.0 4.0 4.0 4.0 
4 7 3.88 3.88 5.0 2.0 5.0 2.0 1.0 2.0 7.0 2.0 7.0 2.0 1.0 2.0 3.0 3.0 3.0 4.0 4.0 4.0 5.0 1.0 5.0 
4 5 2.08 2.08 6.0 6.0 6.0 6.0 2.0 6.0 8.0 2.0 8.0 4.0 1.0 4.0 4.0 1.0 4.0 
4 6 3.08 3.08 6.0 6.0 6.0 6.0 2.0 6.0 8.0 2.0 8.0 4.0 1.0 4.0 4.0 1.0 4.0 3.0 3.0 3.0 
4 7 3.2 3.2 6.0 6.0 6.0 6.0 2.0 6.0 8.0 2.0 8.0 4.0 1.0 4.0 4.0 1.0 4.0 3.0 3.0 3.0 8.0 1.0 8.0 
4 8 3.87 3.87 6.0 6.0 6.0 6.0 2.0 6.0 8.0 2.0 8.0 4.0 1.0 4.0 4.0 1.0 4.0 3.0 3.0 3.0 8.0 1.0 8.0 3.0 2.0 3.0 
4 5 3.29 3.29 5.0 2.0 5.0 6.0 5.0 6.0 7.0 6.0 7.0 5.0 1.0 5.0 3.0 3.0 3.0 
4 6 3.62 3.62 5.0 2.0 5.0 6.0 5.0 6.0 7.0 6.0 7.0 5.0 1.0 5.0 3.0 3.0 3.0 3.0 1.0 3.0 
4 5 3.3 3.3 8.0 7.0 8.0 5.0 5.0 5.0 6.0 3.0 6.0 7.0 3.0 7.0 8.0 4.0 8.0 
4 6 3.97 3.97 8.0 7.0 8.0 5.0 5.0 5.0 6.0 3.0 6.0 7.0 3.0 7.0 8.0 4.0 8.0 3.0 2.0 3.0 
4 5 1.92 1.92 7.0 4.0 7.0 10.0 3.0 10.0 10.0 3.0 10.0 8.0 2.0 8.0 2.0 1.0 2.0 
4 6 2.42 2.42 7.0 4.0 7.0 10.0 3.0 10.0 10.0 3.0 10.0 8.0 2.0 8.0 2.0 1.0 2.0 2.0 1.0 2.0 
4 7 2.97 2.97 7.0 4.0 7.0 10.0 3.0 10.0 10.0 3.0 10.0 8.0 2.0 8.0 2.0 1.0 2.0 2.0 1.0 2.0 9.0 5.0 9.0 
4 8 3.22 3.22 7.0 4.0 7.0 10.0 3.0 10.0 10.0 3.0 10.0 8.0 2.0 8.0 2.0 1.0 2.0 2.0 1.0 2.0 9.0 5.0 9.0 8.0 2.0 8.0 
4 9 3.72 3.72 7.0 4.0 7.0 10.0 3.0 10.0 10.0 3.0 10.0 8.0 2.0 8.0 2.0 1.0 2.0 2.0 1.0 2.0 9.0 5.0 9.0 8.0 2.0 8.0 8.0 4.0 8.0 
4 10 3.92 3.92 7.0 4.0 7.0 10.0 3.0 10.0 10.0 3.0 10.0 8.0 2.0 8.0 2.0 1.0 2.0 2.0 1.0 2.0 9.0 5.0 9.0 8.0 2.0 8.0 8.0 4.0 8.0 10.0 2.0 10.0 
4 5 1.63 1.63 8.0 1.0 8.0 8.0 5.0 8.0 9.0 3.0 9.0 6.0 2.0 6.0 9.0 2.0 9.0 
4 6 1.75 1.75 8.0 1.0 8.0 8.0 5.0 8.0 9.0 3.0 9.0 6.0 2.0 6.0 9.0 2.0 9.0 9.0 1.0 9.0 
4 7 2.03 2.03 8.0 1.0 8.0 8.0 5.0 8.0 9.0 3.0 9.0 6.0 2.0 6.0 9.0 2.0 9.0 9.0 1.0 9.0 7.0 2.0 7.0 
4 8 3.03 3.03 8.0 1.0 8.0 8.0 5.0 8.0 9.0 3.0 9.0 6.0 2.0 6.0 9.0 2.0 9.0 9.0 1.0 9.0 7.0 2.0 7.0 5.0 5.0 5.0 
4 9 3.7 3.7 8.0 1.0 8.0 8.0 5.0 8.0 9.0 3.0 9.0 6.0 2.0 6.0 9.0 2.0 9.0 9.0 1.0 9.0 7.0 2.0 7.0 5.0 5.0 5.0 3.0 2.0 3.0 
4 5 3.81 3.81 4.0 4.0 4.0 9.0 8.0 9.0 3.0 2.0 3.0 6.0 5.0 6.0 7.0 3.0 7.0 
4 5 2.27 2.27 5.0 1.0 5.0 3.0 3.0 3.0 7.0 2.0 7.0 2.0 1.0 2.0 7.0 2.0 7.0 
4 6 2.77 2.77 5.0 1.0 5.0 3.0 3.0 3.0 7.0 2.0 7.0 2.0 1.0 2.0 7.0 2.0 7.0 6.0 3.0 6.0 
4 7 2.91 2.91 5.0 1.0 5.0 3.0 3.0 3.0 7.0 2.0 7.0 2.0 1.0 2.0 7.0 2.0 7.0 6.0 3.0 6.0 7.0 1.0 7.0 
4 8 3.8 3.8 5.0 1.0 5.0 3.0 3.0 3.0 7.0 2.0 7.0 2.0 1.0 2.0 7.0 2.0 7.0 6.0 3.0 6.0 7.0 1.0 7.0 9.0 8.0 9.0 
4 5 1.91 1.91 4.0 1.0 4.0 6.0 2.0 6.0 6.0 3.0 6.0 10.0 5.0 10.0 3.0 1.0 3.0 
4 6 2.41 2.41 4.0 1.0 4.0 6.0 2.0 6.0 6.0 3.0 6.0 10.0 5.0 10.0 3.0 1.0 3.0 10.0 5.0 10.0 
4 7 2.91 2.91 4.0 1.0 4.0 6.0 2.0 6.0 6.0 3.0 6.0 10.0 5.0 10.0 3.0 1.0 3.0 10.0 5.0 10.0 10.0 5.0 10.0 
4 8 3.01 3.01 4.0 1.0 4.0 6.0 2.0 6.0 6.0 3.0 6.0 10.0 5.0 10.0 3.0 1.0 3.0 10.0 5.0 10.0 10.0 5.0 10.0 10.0 1.0 10.0 
4 9 3.35 3.35 4.0 1.0 4.0 6.0 2.0 6.0 6.0 3.0 6.0 10.0 5.0 10.0 3.0 1.0 3.0 10.0 5.0 10.0 10.0 5.0 10.0 10.0 1.0 10.0 3.0 1.0 3.0 
4 10 3.75 3.75 4.0 1.0 4.0 6.0 2.0 6.0 6.0 3.0 6.0 10.0 5.0 10.0 3.0 1.0 3.0 10.0 5.0 10.0 10.0 5.0 10.0 10.0 1.0 10.0 3.0 1.0 3.0 10.0 4.0 10.0 
4 11 3.95 3.95 4.0 1.0 4.0 6.0 2.0 6.0 6.0 3.0 6.0 10.0 5.0 10.0 3.0 1.0 3.0 10.0 5.0 10.0 10.0 5.0 10.0 10.0 1.0 10.0 3.0 1.0 3.0 10.0 4.0 10.0 10.0 2.0 10.0 
4 5 2.58 2.58 6.0 3.0 6.0 3.0 2.0 3.0 8.0 2.0 8.0 3.0 2.0 3.0 8.0 4.0 8.0 
4 6 2.91 2.91 6.0 3.0 6.0 3.0 2.0 3.0 8.0 2.0 8.0 3.0 2.0 3.0 8.0 4.0 8.0 3.0 1.0 3.0 
4 7 3.08 3.08 6.0 3.0 6.0 3.0 2.0 3.0 8.0 2.0 8.0 3.0 2.0 3.0 8.0 4.0 8.0 3.0 1.0 3.0 6.0 1.0 6.0 
4 5 2.31 2.31 3.0 1.0 3.0 5.0 1.0 5.0 9.0 4.0 9.0 9.0 3.0 9.0 2.0 2.0 2.0 
4 6 2.51 2.51 3.0 1.0 3.0 5.0 1.0 5.0 9.0 4.0 9.0 9.0 3.0 9.0 2.0 2.0 2.0 5.0 1.0 5.0 
4 7 3.4 3.4 3.0 1.0 3.0 5.0 1.0 5.0 9.0 4.0 9.0 9.0 3.0 9.0 2.0 2.0 2.0 5.0 1.0 5.0 9.0 8.0 9.0 
4 8 3.7 3.7 3.0 1.0 3.0 5.0 1.0 5.0 9.0 4.0 9.0 9.0 3.0 9.0 2.0 2.0 2.0 5.0 1.0 5.0 9.0 8.0 9.0 10.0 3.0 10.0 
4 5 2.23 2.23 6.0 2.0 6.0 3.0 1.0 3.0 9.0 4.0 9.0 4.0 2.0 4.0 8.0 5.0 8.0 
4 6 2.95 2.95 6.0 2.0 6.0 3.0 1.0 3.0 9.0 4.0 9.0 4.0 2.0 4.0 8.0 5.0 8.0 7.0 5.0 7.0 
4 7 3.37 3.37 6.0 2.0 6.0 3.0 1.0 3.0 9.0 4.0 9.0 4.0 2.0 4.0 8.0 5.0 8.0 7.0 5.0 7.0 7.0 3.0 7.0 
4 5 2.42 2.42 6.0 2.0 6.0 3.0 2.0 3.0 3.0 2.0 3.0 10.0 2.0 10.0 9.0 5.0 9.0 
4 6 2.7 2.7 6.0 2.0 6.0 3.0 2.0 3.0 3.0 2.0 3.0 10.0 2.0 10.0 9.0 5.0 9.0 7.0 2.0 7.0 
4 7 3.13 3.13 6.0 2.0 6.0 3.0 2.0 3.0 3.0 2.0 3.0 10.0 2.0 10.0 9.0 5.0 9.0 7.0 2.0 7.0 7.0 3.0 7.0 
4 8 3.63 3.63 6.0 2.0 6.0 3.0 2.0 3.0 3.0 2.0 3.0 10.0 2.0 10.0 9.0 5.0 9.0 7.0 2.0 7.0 7.0 3.0 7.0 10.0 5.0 10.0 
4 9 3.77 3.77 6.0 2.0 6.0 3.0 2.0 3.0 3.0 2.0 3.0 10.0 2.0 10.0 9.0 5.0 9.0 7.0 2.0 7.0 7.0 3.0 7.0 10.0 5.0 10.0 7.0 1.0 7.0 
4 10 3.94 3.94 6.0 2.0 6.0 3.0 2.0 3.0 3.0 2.0 3.0 10.0 2.0 10.0 9.0 5.0 9.0 7.0 2.0 7.0 7.0 3.0 7.0 10.0 5.0 10.0 7.0 1.0 7.0 6.0 1.0 6.0 
4 5 3.6 3.6 5.0 3.0 5.0 3.0 3.0 3.0 3.0 3.0 3.0 6.0 3.0 6.0 8.0 4.0 8.0 
4 6 3.9 3.9 5.0 3.0 5.0 3.0 3.0 3.0 3.0 3.0 3.0 6.0 3.0 6.0 8.0 4.0 8.0 10.0 3.0 10.0 
4 5 2.35 2.35 5.0 4.0 5.0 3.0 1.0 3.0 3.0 1.0 3.0 3.0 2.0 3.0 9.0 2.0 9.0 
4 6 2.85 2.85 5.0 4.0 5.0 3.0 1.0 3.0 3.0 1.0 3.0 3.0 2.0 3.0 9.0 2.0 9.0 6.0 3.0 6.0 
4 7 3.18 3.18 5.0 4.0 5.0 3.0 1.0 3.0 3.0 1.0 3.0 3.0 2.0 3.0 9.0 2.0 9.0 6.0 3.0 6.0 6.0 2.0 6.0 
4 8 3.85 3.85 5.0 4.0 5.0 3.0 1.0 3.0 3.0 1.0 3.0 3.0 2.0 3.0 9.0 2.0 9.0 6.0 3.0 6.0 6.0 2.0 6.0 3.0 2.0 3.0 
4 5 1.95 1.95 7.0 1.0 7.0 4.0 1.0 4.0 5.0 2.0 5.0 6.0 4.0 6.0 4.0 2.0 4.0 
4 6 2.29 2.29 7.0 1.0 7.0 4.0 1.0 4.0 5.0 2.0 5.0 6.0 4.0 6.0 4.0 2.0 4.0 6.0 2.0 6.0 
4 7 3.29 3.29 7.0 1.0 7.0 4.0 1.0 4.0 5.0 2.0 5.0 6.0 4.0 6.0 4.0 2.0 4.0 6.0 2.0 6.0 2.0 2.0 2.0 
4 8 3.49 3.49 7.0 1.0 7.0 4.0 1.0 4.0 5.0 2.0 5.0 6.0 4.0 6.0 4.0 2.0 4.0 6.0 2.0 6.0 2.0 2.0 2.0 10.0 2.0 10.0 
4 9 3.69 3.69 7.0 1.0 7.0 4.0 1.0 4.0 5.0 2.0 5.0 6.0 4.0 6.0 4.0 2.0 4.0 6.0 2.0 6.0 2.0 2.0 2.0 10.0 2.0 10.0 10.0 2.0 10.0 
4 5 1.54 1.54 6.0 1.0 6.0 9.0 1.0 9.0 2.0 2.0 2.0 8.0 1.0 8.0 7.0 1.0 7.0 
4 6 1.74 1.74 6.0 1.0 6.0 9.0 1.0 9.0 2.0 2.0 2.0 8.0 1.0 8.0 7.0 1.0 7.0 5.0 1.0 5.0 
4 7 2.07 2.07 6.0 1.0 6.0 9.0 1.0 9.0 2.0 2.0 2.0 8.0 1.0 8.0 7.0 1.0 7.0 5.0 1.0 5.0 3.0 1.0 3.0 
4 8 2.19 2.19 6.0 1.0 6.0 9.0 1.0 9.0 2.0 2.0 2.0 8.0 1.0 8.0 7.0 1.0 7.0 5.0 1.0 5.0 3.0 1.0 3.0 9.0 1.0 9.0 
4 9 3.06 3.06 6.0 1.0 6.0 9.0 1.0 9.0 2.0 2.0 2.0 8.0 1.0 8.0 7.0 1.0 7.0 5.0 1.0 5.0 3.0 1.0 3.0 9.0 1.0 9.0 8.0 7.0 8.0 
4 10 3.19 3.19 6.0 1.0 6.0 9.0 1.0 9.0 2.0 2.0 2.0 8.0 1.0 8.0 7.0 1.0 7.0 5.0 1.0 5.0 3.0 1.0 3.0 9.0 1.0 9.0 8.0 7.0 8.0 8.0 1.0 8.0 
4 5 2.04 2.04 5.0 1.0 5.0 10.0 1.0 10.0 8.0 7.0 8.0 4.0 2.0 4.0 8.0 3.0 8.0 
4 6 2.38 2.38 5.0 1.0 5.0 10.0 1.0 10.0 8.0 7.0 8.0 4.0 2.0 4.0 8.0 3.0 8.0 3.0 1.0 3.0 
4 7 2.88 2.88 5.0 1.0 5.0 10.0 1.0 10.0 8.0 7.0 8.0 4.0 2.0 4.0 8.0 3.0 8.0 3.0 1.0 3.0 2.0 1.0 2.0 
4 8 3.05 3.05 5.0 1.0 5.0 10.0 1.0 10.0 8.0 7.0 8.0 4.0 2.0 4.0 8.0 3.0 8.0 3.0 1.0 3.0 2.0 1.0 2.0 6.0 1.0 6.0 
4 9 3.34 3.34 5.0 1.0 5.0 10.0 1.0 10.0 8.0 7.0 8.0 4.0 2.0 4.0 8.0 3.0 8.0 3.0 1.0 3.0 2.0 1.0 2.0 6.0 1.0 6.0 10.0 3.0 10.0 
4 10 3.68 3.68 5.0 1.0 5.0 10.0 1.0 10.0 8.0 7.0 8.0 4.0 2.0 4.0 8.0 3.0 8.0 3.0 1.0 3.0 2.0 1.0 2.0 6.0 1.0 6.0 10.0 3.0 10.0 3.0 1.0 3.0 
4 5 2.52 2.52 9.0 1.0 9.0 2.0 1.0 2.0 8.0 2.0 8.0 6.0 4.0 6.0 6.0 6.0 6.0 
4 6 3.12 3.12 9.0 1.0 9.0 2.0 1.0 2.0 8.0 2.0 8.0 6.0 4.0 6.0 6.0 6.0 6.0 5.0 3.0 5.0 
4 7 3.32 3.32 9.0 1.0 9.0 2.0 1.0 2.0 8.0 2.0 8.0 6.0 4.0 6.0 6.0 6.0 6.0 5.0 3.0 5.0 5.0 1.0 5.0 
4 8 3.66 3.66 9.0 1.0 9.0 2.0 1.0 2.0 8.0 2.0 8.0 6.0 4.0 6.0 6.0 6.0 6.0 5.0 3.0 5.0 5.0 1.0 5.0 3.0 1.0 3.0 
4 5 2.26 2.26 7.0 7.0 7.0 9.0 2.0 9.0 9.0 1.0 9.0 7.0 3.0 7.0 2.0 1.0 2.0 
4 6 2.76 2.76 7.0 7.0 7.0 9.0 2.0 9.0 9.0 1.0 9.0 7.0 3.0 7.0 2.0 1.0 2.0 2.0 1.0 2.0 
4 7 3.26 3.26 7.0 7.0 7.0 9.0 2.0 9.0 9.0 1.0 9.0 7.0 3.0 7.0 2.0 1.0 2.0 2.0 1.0 2.0 4.0 2.0 4.0 
4 8 3.92 3.92 7.0 7.0 7.0 9.0 2.0 9.0 9.0 1.0 9.0 7.0 3.0 7.0 2.0 1.0 2.0 2.0 1.0 2.0 4.0 2.0 4.0 9.0 6.0 9.0 
4 5 1.6 1.6 9.0 3.0 9.0 3.0 1.0 3.0 3.0 1.0 3.0 4.0 2.0 4.0 10.0 1.0 10.0 
4 6 1.8 1.8 9.0 3.0 9.0 3.0 1.0 3.0 3.0 1.0 3.0 4.0 2.0 4.0 10.0 1.0 10.0 10.0 2.0 10.0 
4 7 1.9 1.9 9.0 3.0 9.0 3.0 1.0 3.0 3.0 1.0 3.0 4.0 2.0 4.0 10.0 1.0 10.0 10.0 2.0 10.0 10.0 1.0 10.0 
4 8 2.06 2.06 9.0 3.0 9.0 3.0 1.0 3.0 3.0 1.0 3.0 4.0 2.0 4.0 10.0 1.0 10.0 10.0 2.0 10.0 10.0 1.0 10.0 6.0 1.0 6.0 
4 9 2.17 2.17 9.0 3.0 9.0 3.0 1.0 3.0 3.0 1.0 3.0 4.0 2.0 4.0 10.0 1.0 10.0 10.0 2.0 10.0 10.0 1.0 10.0 6.0 1.0 6.0 9.0 1.0 9.0 
4 10 2.92 2.92 9.0 3.0 9.0 3.0 1.0 3.0 3.0 1.0 3.0 4.0 2.0 4.0 10.0 1.0 10.0 10.0 2.0 10.0 10.0 1.0 10.0 6.0 1.0 6.0 9.0 1.0 9.0 4.0 3.0 4.0 
4 11 3.92 3.92 9.0 3.0 9.0 3.0 1.0 3.0 3.0 1.0 3.0 4.0 2.0 4.0 10.0 1.0 10.0 10.0 2.0 10.0 10.0 1.0 10.0 6.0 1.0 6.0 9.0 1.0 9.0 4.0 3.0 4.0 6.0 6.0 6.0 
4 5 2.38 2.38 10.0 4.0 10.0 8.0 3.0 8.0 3.0 1.0 3.0 2.0 1.0 2.0 9.0 7.0 9.0 
4 6 2.88 2.88 10.0 4.0 10.0 8.0 3.0 8.0 3.0 1.0 3.0 2.0 1.0 2.0 9.0 7.0 9.0 6.0 3.0 6.0 
4 7 3.55 3.55 10.0 4.0 10.0 8.0 3.0 8.0 3.0 1.0 3.0 2.0 1.0 2.0 9.0 7.0 9.0 6.0 3.0 6.0 3.0 2.0 3.0 
4 8 3.88 3.88 10.0 4.0 10.0 8.0 3.0 8.0 3.0 1.0 3.0 2.0 1.0 2.0 9.0 7.0 9.0 6.0 3.0 6.0 3.0 2.0 3.0 3.0 1.0 3.0 
4 5 1.99 1.99 5.0 3.0 5.0 6.0 1.0 6.0 9.0 4.0 9.0 4.0 2.0 4.0 7.0 2.0 7.0 
4 6 2.77 2.77 5.0 3.0 5.0 6.0 1.0 6.0 9.0 4.0 9.0 4.0 2.0 4.0 7.0 2.0 7.0 9.0 7.0 9.0 
4 7 3.17 3.17 5.0 3.0 5.0 6.0 1.0 6.0 9.0 4.0 9.0 4.0 2.0 4.0 7.0 2.0 7.0 9.0 7.0 9.0 5.0 2.0 5.0 
4 8 3.37 3.37 5.0 3.0 5.0 6.0 1.0 6.0 9.0 4.0 9.0 4.0 2.0 4.0 7.0 2.0 7.0 9.0 7.0 9.0 5.0 2.0 5.0 5.0 1.0 5.0 
4 9 3.49 3.49 5.0 3.0 5.0 6.0 1.0 6.0 9.0 4.0 9.0 4.0 2.0 4.0 7.0 2.0 7.0 9.0 7.0 9.0 5.0 2.0 5.0 5.0 1.0 5.0 8.0 1.0 8.0 
4 10 3.89 3.89 5.0 3.0 5.0 6.0 1.0 6.0 9.0 4.0 9.0 4.0 2.0 4.0 7.0 2.0 7.0 9.0 7.0 9.0 5.0 2.0 5.0 5.0 1.0 5.0 8.0 1.0 8.0 5.0 2.0 5.0 
4 5 1.75 1.75 10.0 5.0 10.0 7.0 1.0 7.0 5.0 2.0 5.0 8.0 3.0 8.0 3.0 1.0 3.0 
4 6 2.55 2.55 10.0 5.0 10.0 7.0 1.0 7.0 5.0 2.0 5.0 8.0 3.0 8.0 3.0 1.0 3.0 5.0 4.0 5.0 
4 7 2.8 2.8 10.0 5.0 10.0 7.0 1.0 7.0 5.0 2.0 5.0 8.0 3.0 8.0 3.0 1.0 3.0 5.0 4.0 5.0 8.0 2.0 8.0 
4 8 2.96 2.96 10.0 5.0 10.0 7.0 1.0 7.0 5.0 2.0 5.0 8.0 3.0 8.0 3.0 1.0 3.0 5.0 4.0 5.0 8.0 2.0 8.0 6.0 1.0 6.0 
4 9 3.71 3.71 10.0 5.0 10.0 7.0 1.0 7.0 5.0 2.0 5.0 8.0 3.0 8.0 3.0 1.0 3.0 5.0 4.0 5.0 8.0 2.0 8.0 6.0 1.0 6.0 4.0 3.0 4.0 
4 5 2.76 2.76 4.0 1.0 4.0 7.0 2.0 7.0 8.0 8.0 8.0 5.0 3.0 5.0 8.0 5.0 8.0 
4 6 3.16 3.16 4.0 1.0 4.0 7.0 2.0 7.0 8.0 8.0 8.0 5.0 3.0 5.0 8.0 5.0 8.0 5.0 2.0 5.0 
4 7 3.66 3.66 4.0 1.0 4.0 7.0 2.0 7.0 8.0 8.0 8.0 5.0 3.0 5.0 8.0 5.0 8.0 5.0 2.0 5.0 2.0 1.0 2.0 
4 8 3.86 3.86 4.0 1.0 4.0 7.0 2.0 7.0 8.0 8.0 8.0 5.0 3.0 5.0 8.0 5.0 8.0 5.0 2.0 5.0 2.0 1.0 2.0 5.0 1.0 5.0 
4 5 2.4 2.4 8.0 5.0 8.0 4.0 2.0 4.0 9.0 4.0 9.0 4.0 2.0 4.0 3.0 1.0 3.0 
4 6 2.73 2.73 8.0 5.0 8.0 4.0 2.0 4.0 9.0 4.0 9.0 4.0 2.0 4.0 3.0 1.0 3.0 3.0 1.0 3.0 
4 7 3.06 3.06 8.0 5.0 8.0 4.0 2.0 4.0 9.0 4.0 9.0 4.0 2.0 4.0 3.0 1.0 3.0 3.0 1.0 3.0 3.0 1.0 3.0 
4 8 3.46 3.46 8.0 5.0 8.0 4.0 2.0 4.0 9.0 4.0 9.0 4.0 2.0 4.0 3.0 1.0 3.0 3.0 1.0 3.0 3.0 1.0 3.0 5.0 2.0 5.0 
4 5 2.95 2.95 9.0 8.0 9.0 10.0 4.0 10.0 8.0 4.0 8.0 3.0 2.0 3.0 2.0 1.0 2.0 
4 6 3.45 3.45 9.0 8.0 9.0 10.0 4.0 10.0 8.0 4.0 8.0 3.0 2.0 3.0 2.0 1.0 2.0 2.0 1.0 2.0 
4 7 3.62 3.62 9.0 8.0 9.0 10.0 4.0 10.0 8.0 4.0 8.0 3.0 2.0 3.0 2.0 1.0 2.0 2.0 1.0 2.0 6.0 1.0 6.0 
4 5 1.77 1.77 10.0 3.0 10.0 4.0 1.0 4.0 6.0 3.0 6.0 8.0 5.0 8.0 10.0 1.0 10.0 
4 6 2.77 2.77 10.0 3.0 10.0 4.0 1.0 4.0 6.0 3.0 6.0 8.0 5.0 8.0 10.0 1.0 10.0 8.0 8.0 8.0 
4 7 3.27 3.27 10.0 3.0 10.0 4.0 1.0 4.0 6.0 3.0 6.0 8.0 5.0 8.0 10.0 1.0 10.0 8.0 8.0 8.0 2.0 1.0 2.0 
4 8 3.87 3.87 10.0 3.0 10.0 4.0 1.0 4.0 6.0 3.0 6.0 8.0 5.0 8.0 10.0 1.0 10.0 8.0 8.0 8.0 2.0 1.0 2.0 5.0 3.0 5.0 
4 5 2.25 2.25 9.0 4.0 9.0 5.0 4.0 5.0 9.0 5.0 9.0 5.0 1.0 5.0 4.0 1.0 4.0 
4 6 3.05 3.05 9.0 4.0 9.0 5.0 4.0 5.0 9.0 5.0 9.0 5.0 1.0 5.0 4.0 1.0 4.0 10.0 8.0 10.0 
4 7 3.49 3.49 9.0 4.0 9.0 5.0 4.0 5.0 9.0 5.0 9.0 5.0 1.0 5.0 4.0 1.0 4.0 10.0 8.0 10.0 9.0 4.0 9.0 
4 8 3.66 3.66 9.0 4.0 9.0 5.0 4.0 5.0 9.0 5.0 9.0 5.0 1.0 5.0 4.0 1.0 4.0 10.0 8.0 10.0 9.0 4.0 9.0 6.0 1.0 6.0 
4 5 3.6 3.6 8.0 7.0 8.0 3.0 3.0 3.0 3.0 1.0 3.0 5.0 3.0 5.0 5.0 4.0 5.0 
4 5 3.51 3.51 3.0 3.0 3.0 5.0 4.0 5.0 3.0 2.0 3.0 5.0 4.0 5.0 4.0 1.0 4.0 
4 5 3.5 3.5 6.0 6.0 6.0 4.0 4.0 4.0 3.0 1.0 3.0 2.0 1.0 2.0 3.0 2.0 3.0 
4 6 4.0 4.0 6.0 6.0 6.0 4.0 4.0 4.0 3.0 1.0 3.0 2.0 1.0 2.0 3.0 2.0 3.0 4.0 2.0 4.0 
4 5 2.0 2.0 6.0 2.0 6.0 7.0 2.0 7.0 7.0 5.0 7.0 6.0 2.0 6.0 3.0 1.0 3.0 
4 6 3.0 3.0 6.0 2.0 6.0 7.0 2.0 7.0 7.0 5.0 7.0 6.0 2.0 6.0 3.0 1.0 3.0 7.0 7.0 7.0 
4 7 3.5 3.5 6.0 2.0 6.0 7.0 2.0 7.0 7.0 5.0 7.0 6.0 2.0 6.0 3.0 1.0 3.0 7.0 7.0 7.0 10.0 5.0 10.0 
4 5 2.46 2.46 4.0 3.0 4.0 8.0 2.0 8.0 8.0 6.0 8.0 7.0 3.0 7.0 7.0 2.0 7.0 
4 6 2.86 2.86 4.0 3.0 4.0 8.0 2.0 8.0 8.0 6.0 8.0 7.0 3.0 7.0 7.0 2.0 7.0 5.0 2.0 5.0 
4 7 3.3 3.3 4.0 3.0 4.0 8.0 2.0 8.0 8.0 6.0 8.0 7.0 3.0 7.0 7.0 2.0 7.0 5.0 2.0 5.0 9.0 4.0 9.0 
4 8 3.73 3.73 4.0 3.0 4.0 8.0 2.0 8.0 8.0 6.0 8.0 7.0 3.0 7.0 7.0 2.0 7.0 5.0 2.0 5.0 9.0 4.0 9.0 7.0 3.0 7.0 
4 9 3.98 3.98 4.0 3.0 4.0 8.0 2.0 8.0 8.0 6.0 8.0 7.0 3.0 7.0 7.0 2.0 7.0 5.0 2.0 5.0 9.0 4.0 9.0 7.0 3.0 7.0 8.0 2.0 8.0 
4 5 3.35 3.35 7.0 6.0 7.0 8.0 6.0 8.0 8.0 2.0 8.0 10.0 5.0 10.0 3.0 3.0 3.0 
4 6 3.55 3.55 7.0 6.0 7.0 8.0 6.0 8.0 8.0 2.0 8.0 10.0 5.0 10.0 3.0 3.0 3.0 5.0 1.0 5.0 
4 5 2.4 2.4 8.0 5.0 8.0 10.0 3.0 10.0 7.0 1.0 7.0 6.0 2.0 6.0 3.0 3.0 3.0 
4 6 3.4 3.4 8.0 5.0 8.0 10.0 3.0 10.0 7.0 1.0 7.0 6.0 2.0 6.0 3.0 3.0 3.0 4.0 4.0 4.0 
4 5 2.15 2.15 4.0 2.0 4.0 3.0 1.0 3.0 5.0 3.0 5.0 10.0 6.0 10.0 8.0 1.0 8.0 
4 6 2.65 2.65 4.0 2.0 4.0 3.0 1.0 3.0 5.0 3.0 5.0 10.0 6.0 10.0 8.0 1.0 8.0 2.0 1.0 2.0 
4 7 3.37 3.37 4.0 2.0 4.0 3.0 1.0 3.0 5.0 3.0 5.0 10.0 6.0 10.0 8.0 1.0 8.0 2.0 1.0 2.0 7.0 5.0 7.0 
4 8 3.87 3.87 4.0 2.0 4.0 3.0 1.0 3.0 5.0 3.0 5.0 10.0 6.0 10.0 8.0 1.0 8.0 2.0 1.0 2.0 7.0 5.0 7.0 2.0 1.0 2.0 
4 5 3.05 3.05 2.0 1.0 2.0 2.0 2.0 2.0 4.0 1.0 4.0 5.0 5.0 5.0 10.0 3.0 10.0 
4 6 3.55 3.55 2.0 1.0 2.0 2.0 2.0 2.0 4.0 1.0 4.0 5.0 5.0 5.0 10.0 3.0 10.0 4.0 2.0 4.0 
4 5 3.41 3.41 8.0 8.0 8.0 4.0 3.0 4.0 5.0 4.0 5.0 5.0 1.0 5.0 6.0 4.0 6.0 
4 6 3.91 3.91 8.0 8.0 8.0 4.0 3.0 4.0 5.0 4.0 5.0 5.0 1.0 5.0 6.0 4.0 6.0 2.0 1.0 2.0 
4 5 2.0 2.0 5.0 1.0 5.0 10.0 4.0 10.0 2.0 1.0 2.0 10.0 4.0 10.0 2.0 1.0 2.0 
4 6 2.14 2.14 5.0 1.0 5.0 10.0 4.0 10.0 2.0 1.0 2.0 10.0 4.0 10.0 2.0 1.0 2.0 7.0 1.0 7.0 
4 7 2.28 2.28 5.0 1.0 5.0 10.0 4.0 10.0 2.0 1.0 2.0 10.0 4.0 10.0 2.0 1.0 2.0 7.0 1.0 7.0 7.0 1.0 7.0 
4 8 2.78 2.78 5.0 1.0 5.0 10.0 4.0 10.0 2.0 1.0 2.0 10.0 4.0 10.0 2.0 1.0 2.0 7.0 1.0 7.0 7.0 1.0 7.0 2.0 1.0 2.0 
4 9 3.08 3.08 5.0 1.0 5.0 10.0 4.0 10.0 2.0 1.0 2.0 10.0 4.0 10.0 2.0 1.0 2.0 7.0 1.0 7.0 7.0 1.0 7.0 2.0 1.0 2.0 10.0 3.0 10.0 
4 10 3.21 3.21 5.0 1.0 5.0 10.0 4.0 10.0 2.0 1.0 2.0 10.0 4.0 10.0 2.0 1.0 2.0 7.0 1.0 7.0 7.0 1.0 7.0 2.0 1.0 2.0 10.0 3.0 10.0 8.0 1.0 8.0 
4 11 3.65 3.65 5.0 1.0 5.0 10.0 4.0 10.0 2.0 1.0 2.0 10.0 4.0 10.0 2.0 1.0 2.0 7.0 1.0 7.0 7.0 1.0 7.0 2.0 1.0 2.0 10.0 3.0 10.0 8.0 1.0 8.0 9.0 4.0 9.0 
4 5 3.31 3.31 2.0 2.0 2.0 6.0 4.0 6.0 9.0 7.0 9.0 5.0 1.0 5.0 6.0 4.0 6.0 
4 6 3.64 3.64 2.0 2.0 2.0 6.0 4.0 6.0 9.0 7.0 9.0 5.0 1.0 5.0 6.0 4.0 6.0 9.0 3.0 9.0 
4 7 3.97 3.97 2.0 2.0 2.0 6.0 4.0 6.0 9.0 7.0 9.0 5.0 1.0 5.0 6.0 4.0 6.0 9.0 3.0 9.0 3.0 1.0 3.0 
4 5 2.32 2.32 8.0 3.0 8.0 9.0 9.0 9.0 8.0 2.0 8.0 2.0 1.0 2.0 10.0 2.0 10.0 
4 6 3.32 3.32 8.0 3.0 8.0 9.0 9.0 9.0 8.0 2.0 8.0 2.0 1.0 2.0 10.0 2.0 10.0 3.0 3.0 3.0 
4 7 3.82 3.82 8.0 3.0 8.0 9.0 9.0 9.0 8.0 2.0 8.0 2.0 1.0 2.0 10.0 2.0 10.0 3.0 3.0 3.0 2.0 1.0 2.0 
4 5 2.88 2.88 7.0 4.0 7.0 10.0 8.0 10.0 9.0 1.0 9.0 10.0 4.0 10.0 6.0 6.0 6.0 
4 6 3.28 3.28 7.0 4.0 7.0 10.0 8.0 10.0 9.0 1.0 9.0 10.0 4.0 10.0 6.0 6.0 6.0 5.0 2.0 5.0 
4 7 3.44 3.44 7.0 4.0 7.0 10.0 8.0 10.0 9.0 1.0 9.0 10.0 4.0 10.0 6.0 6.0 6.0 5.0 2.0 5.0 6.0 1.0 6.0 
4 8 3.94 3.94 7.0 4.0 7.0 10.0 8.0 10.0 9.0 1.0 9.0 10.0 4.0 10.0 6.0 6.0 6.0 5.0 2.0 5.0 6.0 1.0 6.0 2.0 1.0 2.0 
4 5 1.86 1.86 9.0 3.0 9.0 7.0 3.0 7.0 7.0 1.0 7.0 3.0 1.0 3.0 8.0 5.0 8.0 
4 6 2.86 2.86 9.0 3.0 9.0 7.0 3.0 7.0 7.0 1.0 7.0 3.0 1.0 3.0 8.0 5.0 8.0 2.0 2.0 2.0 
4 7 2.97 2.97 9.0 3.0 9.0 7.0 3.0 7.0 7.0 1.0 7.0 3.0 1.0 3.0 8.0 5.0 8.0 2.0 2.0 2.0 9.0 1.0 9.0 
4 8 3.72 3.72 9.0 3.0 9.0 7.0 3.0 7.0 7.0 1.0 7.0 3.0 1.0 3.0 8.0 5.0 8.0 2.0 2.0 2.0 9.0 1.0 9.0 4.0 3.0 4.0 
4 5 3.08 3.08 3.0 1.0 3.0 4.0 4.0 4.0 7.0 7.0 7.0 6.0 3.0 6.0 8.0 2.0 8.0 
4 6 3.18 3.18 3.0 1.0 3.0 4.0 4.0 4.0 7.0 7.0 7.0 6.0 3.0 6.0 8.0 2.0 8.0 10.0 1.0 10.0 
4 7 3.38 3.38 3.0 1.0 3.0 4.0 4.0 4.0 7.0 7.0 7.0 6.0 3.0 6.0 8.0 2.0 8.0 10.0 1.0 10.0 5.0 1.0 5.0 
4 5 3.21 3.21 10.0 1.0 10.0 9.0 2.0 9.0 9.0 8.0 9.0 5.0 5.0 5.0 2.0 2.0 2.0 
4 5 2.58 2.58 7.0 4.0 7.0 9.0 7.0 9.0 4.0 1.0 4.0 7.0 2.0 7.0 10.0 7.0 10.0 
4 6 3.58 3.58 7.0 4.0 7.0 9.0 7.0 9.0 4.0 1.0 4.0 7.0 2.0 7.0 10.0 7.0 10.0 7.0 7.0 7.0 
4 5 2.15 2.15 10.0 4.0 10.0 3.0 1.0 3.0 6.0 1.0 6.0 2.0 1.0 2.0 8.0 6.0 8.0 
4 6 2.7 2.7 10.0 4.0 10.0 3.0 1.0 3.0 6.0 1.0 6.0 2.0 1.0 2.0 8.0 6.0 8.0 9.0 5.0 9.0 
4 7 3.2 3.2 10.0 4.0 10.0 3.0 1.0 3.0 6.0 1.0 6.0 2.0 1.0 2.0 8.0 6.0 8.0 9.0 5.0 9.0 2.0 1.0 2.0 
4 8 3.87 3.87 10.0 4.0 10.0 3.0 1.0 3.0 6.0 1.0 6.0 2.0 1.0 2.0 8.0 6.0 8.0 9.0 5.0 9.0 2.0 1.0 2.0 3.0 2.0 3.0 
4 5 1.82 1.82 2.0 1.0 2.0 10.0 2.0 10.0 8.0 1.0 8.0 2.0 1.0 2.0 10.0 5.0 10.0 
4 6 2.15 2.15 2.0 1.0 2.0 10.0 2.0 10.0 8.0 1.0 8.0 2.0 1.0 2.0 10.0 5.0 10.0 3.0 1.0 3.0 
4 7 2.4 2.4 2.0 1.0 2.0 10.0 2.0 10.0 8.0 1.0 8.0 2.0 1.0 2.0 10.0 5.0 10.0 3.0 1.0 3.0 4.0 1.0 4.0 
4 8 2.9 2.9 2.0 1.0 2.0 10.0 2.0 10.0 8.0 1.0 8.0 2.0 1.0 2.0 10.0 5.0 10.0 3.0 1.0 3.0 4.0 1.0 4.0 2.0 1.0 2.0 
4 9 3.4 3.4 2.0 1.0 2.0 10.0 2.0 10.0 8.0 1.0 8.0 2.0 1.0 2.0 10.0 5.0 10.0 3.0 1.0 3.0 4.0 1.0 4.0 2.0 1.0 2.0 8.0 4.0 8.0 
4 10 3.65 3.65 2.0 1.0 2.0 10.0 2.0 10.0 8.0 1.0 8.0 2.0 1.0 2.0 10.0 5.0 10.0 3.0 1.0 3.0 4.0 1.0 4.0 2.0 1.0 2.0 8.0 4.0 8.0 4.0 1.0 4.0 
4 5 1.69 1.69 7.0 3.0 7.0 10.0 5.0 10.0 7.0 1.0 7.0 8.0 2.0 8.0 8.0 3.0 8.0 
4 6 2.44 2.44 7.0 3.0 7.0 10.0 5.0 10.0 7.0 1.0 7.0 8.0 2.0 8.0 8.0 3.0 8.0 4.0 3.0 4.0 
4 7 3.01 3.01 7.0 3.0 7.0 10.0 5.0 10.0 7.0 1.0 7.0 8.0 2.0 8.0 8.0 3.0 8.0 4.0 3.0 4.0 7.0 4.0 7.0 
4 5 2.14 2.14 4.0 3.0 4.0 6.0 1.0 6.0 8.0 6.0 8.0 6.0 2.0 6.0 7.0 1.0 7.0 
4 6 2.34 2.34 4.0 3.0 4.0 6.0 1.0 6.0 8.0 6.0 8.0 6.0 2.0 6.0 7.0 1.0 7.0 10.0 2.0 10.0 
4 7 3.34 3.34 4.0 3.0 4.0 6.0 1.0 6.0 8.0 6.0 8.0 6.0 2.0 6.0 7.0 1.0 7.0 10.0 2.0 10.0 6.0 6.0 6.0 
4 8 3.74 3.74 4.0 3.0 4.0 6.0 1.0 6.0 8.0 6.0 8.0 6.0 2.0 6.0 7.0 1.0 7.0 10.0 2.0 10.0 6.0 6.0 6.0 5.0 2.0 5.0 
4 5 2.93 2.93 2.0 2.0 2.0 2.0 2.0 2.0 5.0 2.0 5.0 10.0 2.0 10.0 9.0 3.0 9.0 
4 6 3.36 3.36 2.0 2.0 2.0 2.0 2.0 2.0 5.0 2.0 5.0 10.0 2.0 10.0 9.0 3.0 9.0 7.0 3.0 7.0 
4 7 3.47 3.47 2.0 2.0 2.0 2.0 2.0 2.0 5.0 2.0 5.0 10.0 2.0 10.0 9.0 3.0 9.0 7.0 3.0 7.0 9.0 1.0 9.0 
4 5 2.2 2.2 8.0 3.0 8.0 6.0 2.0 6.0 8.0 4.0 8.0 5.0 1.0 5.0 10.0 8.0 10.0 
4 6 2.54 2.54 8.0 3.0 8.0 6.0 2.0 6.0 8.0 4.0 8.0 5.0 1.0 5.0 10.0 8.0 10.0 9.0 3.0 9.0 
4 7 2.94 2.94 8.0 3.0 8.0 6.0 2.0 6.0 8.0 4.0 8.0 5.0 1.0 5.0 10.0 8.0 10.0 9.0 3.0 9.0 5.0 2.0 5.0 
4 8 3.69 3.69 8.0 3.0 8.0 6.0 2.0 6.0 8.0 4.0 8.0 5.0 1.0 5.0 10.0 8.0 10.0 9.0 3.0 9.0 5.0 2.0 5.0 8.0 6.0 8.0 
4 5 2.76 2.76 7.0 4.0 7.0 8.0 6.0 8.0 10.0 10.0 10.0 9.0 1.0 9.0 3.0 1.0 3.0 
4 6 3.36 3.36 7.0 4.0 7.0 8.0 6.0 8.0 10.0 10.0 10.0 9.0 1.0 9.0 3.0 1.0 3.0 5.0 3.0 5.0 
4 7 3.76 3.76 7.0 4.0 7.0 8.0 6.0 8.0 10.0 10.0 10.0 9.0 1.0 9.0 3.0 1.0 3.0 5.0 3.0 5.0 5.0 2.0 5.0 
4 5 1.49 1.49 10.0 2.0 10.0 3.0 1.0 3.0 8.0 1.0 8.0 3.0 1.0 3.0 2.0 1.0 2.0 
4 6 1.92 1.92 10.0 2.0 10.0 3.0 1.0 3.0 8.0 1.0 8.0 3.0 1.0 3.0 2.0 1.0 2.0 7.0 3.0 7.0 
4 7 2.12 2.12 10.0 2.0 10.0 3.0 1.0 3.0 8.0 1.0 8.0 3.0 1.0 3.0 2.0 1.0 2.0 7.0 3.0 7.0 5.0 1.0 5.0 
4 8 2.92 2.92 10.0 2.0 10.0 3.0 1.0 3.0 8.0 1.0 8.0 3.0 1.0 3.0 2.0 1.0 2.0 7.0 3.0 7.0 5.0 1.0 5.0 10.0 8.0 10.0 
4 9 3.42 3.42 10.0 2.0 10.0 3.0 1.0 3.0 8.0 1.0 8.0 3.0 1.0 3.0 2.0 1.0 2.0 7.0 3.0 7.0 5.0 1.0 5.0 10.0 8.0 10.0 2.0 1.0 2.0 
4 10 3.92 3.92 10.0 2.0 10.0 3.0 1.0 3.0 8.0 1.0 8.0 3.0 1.0 3.0 2.0 1.0 2.0 7.0 3.0 7.0 5.0 1.0 5.0 10.0 8.0 10.0 2.0 1.0 2.0 6.0 3.0 6.0 
4 5 2.83 2.83 6.0 2.0 6.0 9.0 6.0 9.0 4.0 2.0 4.0 3.0 1.0 3.0 2.0 2.0 2.0 
4 6 3.83 3.83 6.0 2.0 6.0 9.0 6.0 9.0 4.0 2.0 4.0 3.0 1.0 3.0 2.0 2.0 2.0 7.0 7.0 7.0 
4 5 2.09 2.09 8.0 2.0 8.0 4.0 2.0 4.0 4.0 1.0 4.0 9.0 6.0 9.0 7.0 3.0 7.0 
4 6 2.59 2.59 8.0 2.0 8.0 4.0 2.0 4.0 4.0 1.0 4.0 9.0 6.0 9.0 7.0 3.0 7.0 4.0 2.0 4.0 
4 7 3.09 3.09 8.0 2.0 8.0 4.0 2.0 4.0 4.0 1.0 4.0 9.0 6.0 9.0 7.0 3.0 7.0 4.0 2.0 4.0 2.0 1.0 2.0 
4 8 3.99 3.99 8.0 2.0 8.0 4.0 2.0 4.0 4.0 1.0 4.0 9.0 6.0 9.0 7.0 3.0 7.0 4.0 2.0 4.0 2.0 1.0 2.0 10.0 9.0 10.0 
4 5 2.18 2.18 3.0 1.0 3.0 4.0 1.0 4.0 2.0 1.0 2.0 6.0 3.0 6.0 5.0 3.0 5.0 
4 6 2.89 2.89 3.0 1.0 3.0 4.0 1.0 4.0 2.0 1.0 2.0 6.0 3.0 6.0 5.0 3.0 5.0 7.0 5.0 7.0 
4 7 3.23 3.23 3.0 1.0 3.0 4.0 1.0 4.0 2.0 1.0 2.0 6.0 3.0 6.0 5.0 3.0 5.0 7.0 5.0 7.0 3.0 1.0 3.0 
4 8 3.56 3.56 3.0 1.0 3.0 4.0 1.0 4.0 2.0 1.0 2.0 6.0 3.0 6.0 5.0 3.0 5.0 7.0 5.0 7.0 3.0 1.0 3.0 6.0 2.0 6.0 
4 9 3.89 3.89 3.0 1.0 3.0 4.0 1.0 4.0 2.0 1.0 2.0 6.0 3.0 6.0 5.0 3.0 5.0 7.0 5.0 7.0 3.0 1.0 3.0 6.0 2.0 6.0 3.0 1.0 3.0 
4 5 2.55 2.55 8.0 4.0 8.0 2.0 1.0 2.0 6.0 2.0 6.0 9.0 8.0 9.0 9.0 3.0 9.0 
4 6 3.43 3.43 8.0 4.0 8.0 2.0 1.0 2.0 6.0 2.0 6.0 9.0 8.0 9.0 9.0 3.0 9.0 8.0 7.0 8.0 
4 7 3.71 3.71 8.0 4.0 8.0 2.0 1.0 2.0 6.0 2.0 6.0 9.0 8.0 9.0 9.0 3.0 9.0 8.0 7.0 8.0 7.0 2.0 7.0 
4 5 2.54 2.54 5.0 1.0 5.0 2.0 2.0 2.0 8.0 2.0 8.0 5.0 3.0 5.0 6.0 3.0 6.0 
4 6 2.95 2.95 5.0 1.0 5.0 2.0 2.0 2.0 8.0 2.0 8.0 5.0 3.0 5.0 6.0 3.0 6.0 10.0 4.0 10.0 
4 7 3.2 3.2 5.0 1.0 5.0 2.0 2.0 2.0 8.0 2.0 8.0 5.0 3.0 5.0 6.0 3.0 6.0 10.0 4.0 10.0 4.0 1.0 4.0 
4 8 3.7 3.7 5.0 1.0 5.0 2.0 2.0 2.0 8.0 2.0 8.0 5.0 3.0 5.0 6.0 3.0 6.0 10.0 4.0 10.0 4.0 1.0 4.0 2.0 1.0 2.0 
4 9 3.95 3.95 5.0 1.0 5.0 2.0 2.0 2.0 8.0 2.0 8.0 5.0 3.0 5.0 6.0 3.0 6.0 10.0 4.0 10.0 4.0 1.0 4.0 2.0 1.0 2.0 4.0 1.0 4.0 
4 5 2.04 2.04 4.0 1.0 4.0 7.0 4.0 7.0 10.0 1.0 10.0 7.0 3.0 7.0 10.0 7.0 10.0 
4 6 2.54 2.54 4.0 1.0 4.0 7.0 4.0 7.0 10.0 1.0 10.0 7.0 3.0 7.0 10.0 7.0 10.0 2.0 1.0 2.0 
4 7 3.12 3.12 4.0 1.0 4.0 7.0 4.0 7.0 10.0 1.0 10.0 7.0 3.0 7.0 10.0 7.0 10.0 2.0 1.0 2.0 7.0 4.0 7.0 
4 8 3.49 3.49 4.0 1.0 4.0 7.0 4.0 7.0 10.0 1.0 10.0 7.0 3.0 7.0 10.0 7.0 10.0 2.0 1.0 2.0 7.0 4.0 7.0 8.0 3.0 8.0 
4 5 1.91 1.91 2.0 1.0 2.0 10.0 4.0 10.0 8.0 1.0 8.0 7.0 1.0 7.0 8.0 6.0 8.0 
4 6 2.11 2.11 2.0 1.0 2.0 10.0 4.0 10.0 8.0 1.0 8.0 7.0 1.0 7.0 8.0 6.0 8.0 5.0 1.0 5.0 
4 7 2.89 2.89 2.0 1.0 2.0 10.0 4.0 10.0 8.0 1.0 8.0 7.0 1.0 7.0 8.0 6.0 8.0 5.0 1.0 5.0 9.0 7.0 9.0 
4 8 3.14 3.14 2.0 1.0 2.0 10.0 4.0 10.0 8.0 1.0 8.0 7.0 1.0 7.0 8.0 6.0 8.0 5.0 1.0 5.0 9.0 7.0 9.0 4.0 1.0 4.0 
4 9 3.52 3.52 2.0 1.0 2.0 10.0 4.0 10.0 8.0 1.0 8.0 7.0 1.0 7.0 8.0 6.0 8.0 5.0 1.0 5.0 9.0 7.0 9.0 4.0 1.0 4.0 8.0 3.0 8.0 
4 5 3.26 3.26 10.0 3.0 10.0 10.0 9.0 10.0 10.0 9.0 10.0 7.0 7.0 7.0 6.0 1.0 6.0 
4 6 3.6 3.6 10.0 3.0 10.0 10.0 9.0 10.0 10.0 9.0 10.0 7.0 7.0 7.0 6.0 1.0 6.0 3.0 1.0 3.0 
4 7 3.74 3.74 10.0 3.0 10.0 10.0 9.0 10.0 10.0 9.0 10.0 7.0 7.0 7.0 6.0 1.0 6.0 3.0 1.0 3.0 7.0 1.0 7.0 
4 8 3.94 3.94 10.0 3.0 10.0 10.0 9.0 10.0 10.0 9.0 10.0 7.0 7.0 7.0 6.0 1.0 6.0 3.0 1.0 3.0 7.0 1.0 7.0 5.0 1.0 5.0 
4 5 2.03 2.03 2.0 1.0 2.0 2.0 1.0 2.0 5.0 1.0 5.0 9.0 3.0 9.0 6.0 3.0 6.0 
4 6 2.19 2.19 2.0 1.0 2.0 2.0 1.0 2.0 5.0 1.0 5.0 9.0 3.0 9.0 6.0 3.0 6.0 6.0 1.0 6.0 
4 7 2.48 2.48 2.0 1.0 2.0 2.0 1.0 2.0 5.0 1.0 5.0 9.0 3.0 9.0 6.0 3.0 6.0 6.0 1.0 6.0 7.0 2.0 7.0 
4 8 3.23 3.23 2.0 1.0 2.0 2.0 1.0 2.0 5.0 1.0 5.0 9.0 3.0 9.0 6.0 3.0 6.0 6.0 1.0 6.0 7.0 2.0 7.0 4.0 3.0 4.0 
4 9 3.95 3.95 2.0 1.0 2.0 2.0 1.0 2.0 5.0 1.0 5.0 9.0 3.0 9.0 6.0 3.0 6.0 6.0 1.0 6.0 7.0 2.0 7.0 4.0 3.0 4.0 7.0 5.0 7.0 
4 5 2.58 2.58 8.0 2.0 8.0 7.0 4.0 7.0 3.0 3.0 3.0 10.0 1.0 10.0 3.0 2.0 3.0 
4 6 3.58 3.58 8.0 2.0 8.0 7.0 4.0 7.0 3.0 3.0 3.0 10.0 1.0 10.0 3.0 2.0 3.0 6.0 6.0 6.0 
4 5 2.65 2.65 3.0 1.0 3.0 8.0 7.0 8.0 3.0 1.0 3.0 9.0 1.0 9.0 4.0 4.0 4.0 
4 6 2.9 2.9 3.0 1.0 3.0 8.0 7.0 8.0 3.0 1.0 3.0 9.0 1.0 9.0 4.0 4.0 4.0 8.0 2.0 8.0 
4 7 3.23 3.23 3.0 1.0 3.0 8.0 7.0 8.0 3.0 1.0 3.0 9.0 1.0 9.0 4.0 4.0 4.0 8.0 2.0 8.0 6.0 2.0 6.0 
4 8 3.9 3.9 3.0 1.0 3.0 8.0 7.0 8.0 3.0 1.0 3.0 9.0 1.0 9.0 4.0 4.0 4.0 8.0 2.0 8.0 6.0 2.0 6.0 3.0 2.0 3.0 
4 5 2.38 2.38 2.0 1.0 2.0 8.0 4.0 8.0 2.0 1.0 2.0 7.0 2.0 7.0 5.0 3.0 5.0 
4 6 2.67 2.67 2.0 1.0 2.0 8.0 4.0 8.0 2.0 1.0 2.0 7.0 2.0 7.0 5.0 3.0 5.0 7.0 2.0 7.0 
4 7 3.67 3.67 2.0 1.0 2.0 8.0 4.0 8.0 2.0 1.0 2.0 7.0 2.0 7.0 5.0 3.0 5.0 7.0 2.0 7.0 2.0 2.0 2.0 
4 5 2.5 2.5 5.0 2.0 5.0 8.0 7.0 8.0 5.0 2.0 5.0 3.0 1.0 3.0 4.0 2.0 4.0 
4 6 2.75 2.75 5.0 2.0 5.0 8.0 7.0 8.0 5.0 2.0 5.0 3.0 1.0 3.0 4.0 2.0 4.0 8.0 2.0 8.0 
4 7 3.25 3.25 5.0 2.0 5.0 8.0 7.0 8.0 5.0 2.0 5.0 3.0 1.0 3.0 4.0 2.0 4.0 8.0 2.0 8.0 10.0 5.0 10.0 
4 8 3.54 3.54 5.0 2.0 5.0 8.0 7.0 8.0 5.0 2.0 5.0 3.0 1.0 3.0 4.0 2.0 4.0 8.0 2.0 8.0 10.0 5.0 10.0 7.0 2.0 7.0 
4 5 1.96 1.96 6.0 5.0 6.0 7.0 2.0 7.0 10.0 1.0 10.0 10.0 5.0 10.0 8.0 2.0 8.0 
4 6 2.46 2.46 6.0 5.0 6.0 7.0 2.0 7.0 10.0 1.0 10.0 10.0 5.0 10.0 8.0 2.0 8.0 10.0 5.0 10.0 
4 7 2.8 2.8 6.0 5.0 6.0 7.0 2.0 7.0 10.0 1.0 10.0 10.0 5.0 10.0 8.0 2.0 8.0 10.0 5.0 10.0 9.0 3.0 9.0 
4 8 3.08 3.08 6.0 5.0 6.0 7.0 2.0 7.0 10.0 1.0 10.0 10.0 5.0 10.0 8.0 2.0 8.0 10.0 5.0 10.0 9.0 3.0 9.0 7.0 2.0 7.0 
4 5 2.09 2.09 6.0 3.0 6.0 2.0 1.0 2.0 3.0 1.0 3.0 6.0 2.0 6.0 7.0 3.0 7.0 
4 6 2.53 2.53 6.0 3.0 6.0 2.0 1.0 2.0 3.0 1.0 3.0 6.0 2.0 6.0 7.0 3.0 7.0 9.0 4.0 9.0 
4 7 3.03 3.03 6.0 3.0 6.0 2.0 1.0 2.0 3.0 1.0 3.0 6.0 2.0 6.0 7.0 3.0 7.0 9.0 4.0 9.0 2.0 1.0 2.0 
4 8 3.78 3.78 6.0 3.0 6.0 2.0 1.0 2.0 3.0 1.0 3.0 6.0 2.0 6.0 7.0 3.0 7.0 9.0 4.0 9.0 2.0 1.0 2.0 8.0 6.0 8.0 
4 5 2.41 2.41 3.0 1.0 3.0 4.0 3.0 4.0 2.0 1.0 2.0 6.0 3.0 6.0 3.0 1.0 3.0 
4 6 3.08 3.08 3.0 1.0 3.0 4.0 3.0 4.0 2.0 1.0 2.0 6.0 3.0 6.0 3.0 1.0 3.0 6.0 4.0 6.0 
4 7 3.74 3.74 3.0 1.0 3.0 4.0 3.0 4.0 2.0 1.0 2.0 6.0 3.0 6.0 3.0 1.0 3.0 6.0 4.0 6.0 3.0 2.0 3.0 
4 8 3.89 3.89 3.0 1.0 3.0 4.0 3.0 4.0 2.0 1.0 2.0 6.0 3.0 6.0 3.0 1.0 3.0 6.0 4.0 6.0 3.0 2.0 3.0 7.0 1.0 7.0 
4 5 2.91 2.91 7.0 4.0 7.0 10.0 3.0 10.0 6.0 4.0 6.0 8.0 7.0 8.0 2.0 1.0 2.0 
4 6 3.91 3.91 7.0 4.0 7.0 10.0 3.0 10.0 6.0 4.0 6.0 8.0 7.0 8.0 2.0 1.0 2.0 6.0 6.0 6.0 
4 5 2.0 2.0 8.0 4.0 8.0 10.0 2.0 10.0 7.0 3.0 7.0 2.0 1.0 2.0 8.0 3.0 8.0 
4 6 2.22 2.22 8.0 4.0 8.0 10.0 2.0 10.0 7.0 3.0 7.0 2.0 1.0 2.0 8.0 3.0 8.0 9.0 2.0 9.0 
4 7 3.22 3.22 8.0 4.0 8.0 10.0 2.0 10.0 7.0 3.0 7.0 2.0 1.0 2.0 8.0 3.0 8.0 9.0 2.0 9.0 8.0 8.0 8.0 
4 8 3.72 3.72 8.0 4.0 8.0 10.0 2.0 10.0 7.0 3.0 7.0 2.0 1.0 2.0 8.0 3.0 8.0 9.0 2.0 9.0 8.0 8.0 8.0 2.0 1.0 2.0 
4 5 3.28 3.28 8.0 5.0 8.0 8.0 3.0 8.0 7.0 2.0 7.0 2.0 2.0 2.0 6.0 6.0 6.0 
4 6 3.73 3.73 8.0 5.0 8.0 8.0 3.0 8.0 7.0 2.0 7.0 2.0 2.0 2.0 6.0 6.0 6.0 9.0 4.0 9.0 
4 5 2.54 2.54 7.0 1.0 7.0 4.0 4.0 4.0 2.0 1.0 2.0 5.0 2.0 5.0 4.0 2.0 4.0 
4 6 2.79 2.79 7.0 1.0 7.0 4.0 4.0 4.0 2.0 1.0 2.0 5.0 2.0 5.0 4.0 2.0 4.0 4.0 1.0 4.0 
4 7 3.29 3.29 7.0 1.0 7.0 4.0 4.0 4.0 2.0 1.0 2.0 5.0 2.0 5.0 4.0 2.0 4.0 4.0 1.0 4.0 2.0 1.0 2.0 
4 8 3.43 3.43 7.0 1.0 7.0 4.0 4.0 4.0 2.0 1.0 2.0 5.0 2.0 5.0 4.0 2.0 4.0 4.0 1.0 4.0 2.0 1.0 2.0 7.0 1.0 7.0 
4 5 2.96 2.96 3.0 1.0 3.0 5.0 4.0 5.0 3.0 1.0 3.0 3.0 3.0 3.0 2.0 1.0 2.0 
4 6 3.46 3.46 3.0 1.0 3.0 5.0 4.0 5.0 3.0 1.0 3.0 3.0 3.0 3.0 2.0 1.0 2.0 6.0 3.0 6.0 
4 7 3.71 3.71 3.0 1.0 3.0 5.0 4.0 5.0 3.0 1.0 3.0 3.0 3.0 3.0 2.0 1.0 2.0 6.0 3.0 6.0 4.0 1.0 4.0 
4 5 2.2 2.2 7.0 1.0 7.0 8.0 5.0 8.0 10.0 7.0 10.0 10.0 4.0 10.0 3.0 1.0 3.0 
4 6 2.86 2.86 7.0 1.0 7.0 8.0 5.0 8.0 10.0 7.0 10.0 10.0 4.0 10.0 3.0 1.0 3.0 6.0 4.0 6.0 
4 7 3.86 3.86 7.0 1.0 7.0 8.0 5.0 8.0 10.0 7.0 10.0 10.0 4.0 10.0 3.0 1.0 3.0 6.0 4.0 6.0 2.0 2.0 2.0 
4 5 2.8 2.8 5.0 3.0 5.0 2.0 1.0 2.0 5.0 4.0 5.0 4.0 2.0 4.0 10.0 4.0 10.0 
4 6 3.46 3.46 5.0 3.0 5.0 2.0 1.0 2.0 5.0 4.0 5.0 4.0 2.0 4.0 10.0 4.0 10.0 3.0 2.0 3.0 
4 5 2.73 2.73 6.0 3.0 6.0 7.0 4.0 7.0 3.0 2.0 3.0 6.0 5.0 6.0 6.0 1.0 6.0 
4 6 3.51 3.51 6.0 3.0 6.0 7.0 4.0 7.0 3.0 2.0 3.0 6.0 5.0 6.0 6.0 1.0 6.0 9.0 7.0 9.0 
4 5 3.62 3.62 3.0 3.0 3.0 7.0 7.0 7.0 8.0 4.0 8.0 7.0 4.0 7.0 9.0 5.0 9.0 
4 5 2.69 2.69 5.0 3.0 5.0 4.0 2.0 4.0 3.0 2.0 3.0 7.0 3.0 7.0 4.0 2.0 4.0 
4 6 3.47 3.47 5.0 3.0 5.0 4.0 2.0 4.0 3.0 2.0 3.0 7.0 3.0 7.0 4.0 2.0 4.0 9.0 7.0 9.0 
4 5 2.34 2.34 7.0 5.0 7.0 10.0 3.0 10.0 3.0 1.0 3.0 6.0 3.0 6.0 2.0 1.0 2.0 
4 6 2.54 2.54 7.0 5.0 7.0 10.0 3.0 10.0 3.0 1.0 3.0 6.0 3.0 6.0 2.0 1.0 2.0 5.0 1.0 5.0 
4 7 2.79 2.79 7.0 5.0 7.0 10.0 3.0 10.0 3.0 1.0 3.0 6.0 3.0 6.0 2.0 1.0 2.0 5.0 1.0 5.0 4.0 1.0 4.0 
4 8 3.79 3.79 7.0 5.0 7.0 10.0 3.0 10.0 3.0 1.0 3.0 6.0 3.0 6.0 2.0 1.0 2.0 5.0 1.0 5.0 4.0 1.0 4.0 9.0 9.0 9.0 
4 9 3.99 3.99 7.0 5.0 7.0 10.0 3.0 10.0 3.0 1.0 3.0 6.0 3.0 6.0 2.0 1.0 2.0 5.0 1.0 5.0 4.0 1.0 4.0 9.0 9.0 9.0 10.0 2.0 10.0 
4 5 2.07 2.07 5.0 3.0 5.0 3.0 1.0 3.0 4.0 1.0 4.0 3.0 2.0 3.0 9.0 2.0 9.0 
4 6 2.85 2.85 5.0 3.0 5.0 3.0 1.0 3.0 4.0 1.0 4.0 3.0 2.0 3.0 9.0 2.0 9.0 9.0 7.0 9.0 
4 7 3.15 3.15 5.0 3.0 5.0 3.0 1.0 3.0 4.0 1.0 4.0 3.0 2.0 3.0 9.0 2.0 9.0 9.0 7.0 9.0 10.0 3.0 10.0 
4 5 3.0 3.0 3.0 3.0 3.0 6.0 5.0 6.0 2.0 1.0 2.0 2.0 1.0 2.0 6.0 1.0 6.0 
4 6 3.4 3.4 3.0 3.0 3.0 6.0 5.0 6.0 2.0 1.0 2.0 2.0 1.0 2.0 6.0 1.0 6.0 10.0 4.0 10.0 
4 5 1.82 1.82 5.0 1.0 5.0 2.0 1.0 2.0 8.0 5.0 8.0 10.0 1.0 10.0 10.0 4.0 10.0 
4 6 2.42 2.42 5.0 1.0 5.0 2.0 1.0 2.0 8.0 5.0 8.0 10.0 1.0 10.0 10.0 4.0 10.0 5.0 3.0 5.0 
4 7 3.42 3.42 5.0 1.0 5.0 2.0 1.0 2.0 8.0 5.0 8.0 10.0 1.0 10.0 10.0 4.0 10.0 5.0 3.0 5.0 5.0 5.0 5.0 
4 5 2.72 2.72 7.0 7.0 7.0 5.0 2.0 5.0 7.0 4.0 7.0 9.0 5.0 9.0 5.0 1.0 5.0 
4 6 3.72 3.72 7.0 7.0 7.0 5.0 2.0 5.0 7.0 4.0 7.0 9.0 5.0 9.0 5.0 1.0 5.0 2.0 2.0 2.0 
4 5 2.05 2.05 9.0 4.0 9.0 10.0 3.0 10.0 10.0 1.0 10.0 7.0 5.0 7.0 4.0 2.0 4.0 
4 6 2.83 2.83 9.0 4.0 9.0 10.0 3.0 10.0 10.0 1.0 10.0 7.0 5.0 7.0 4.0 2.0 4.0 9.0 7.0 9.0 
4 7 3.33 3.33 9.0 4.0 9.0 10.0 3.0 10.0 10.0 1.0 10.0 7.0 5.0 7.0 4.0 2.0 4.0 9.0 7.0 9.0 4.0 2.0 4.0 
4 8 3.9 3.9 9.0 4.0 9.0 10.0 3.0 10.0 10.0 1.0 10.0 7.0 5.0 7.0 4.0 2.0 4.0 9.0 7.0 9.0 4.0 2.0 4.0 7.0 4.0 7.0 
4 5 3.57 3.57 3.0 2.0 3.0 4.0 4.0 4.0 3.0 2.0 3.0 7.0 4.0 7.0 9.0 6.0 9.0 
4 5 1.87 1.87 6.0 1.0 6.0 7.0 3.0 7.0 9.0 2.0 9.0 6.0 3.0 6.0 9.0 5.0 9.0 
4 6 2.53 2.53 6.0 1.0 6.0 7.0 3.0 7.0 9.0 2.0 9.0 6.0 3.0 6.0 9.0 5.0 9.0 6.0 4.0 6.0 
4 7 3.03 3.03 6.0 1.0 6.0 7.0 3.0 7.0 9.0 2.0 9.0 6.0 3.0 6.0 9.0 5.0 9.0 6.0 4.0 6.0 4.0 2.0 4.0 
4 8 3.53 3.53 6.0 1.0 6.0 7.0 3.0 7.0 9.0 2.0 9.0 6.0 3.0 6.0 9.0 5.0 9.0 6.0 4.0 6.0 4.0 2.0 4.0 4.0 2.0 4.0 
4 5 2.51 2.51 6.0 2.0 6.0 8.0 6.0 8.0 5.0 3.0 5.0 4.0 2.0 4.0 3.0 1.0 3.0 
4 6 3.01 3.01 6.0 2.0 6.0 8.0 6.0 8.0 5.0 3.0 5.0 4.0 2.0 4.0 3.0 1.0 3.0 6.0 3.0 6.0 
4 7 3.76 3.76 6.0 2.0 6.0 8.0 6.0 8.0 5.0 3.0 5.0 4.0 2.0 4.0 3.0 1.0 3.0 6.0 3.0 6.0 8.0 6.0 8.0 
4 5 3.01 3.01 9.0 1.0 9.0 6.0 4.0 6.0 5.0 2.0 5.0 5.0 5.0 5.0 6.0 5.0 6.0 
4 6 3.34 3.34 9.0 1.0 9.0 6.0 4.0 6.0 5.0 2.0 5.0 5.0 5.0 5.0 6.0 5.0 6.0 6.0 2.0 6.0 
4 5 2.52 2.52 5.0 2.0 5.0 3.0 1.0 3.0 9.0 2.0 9.0 7.0 4.0 7.0 10.0 10.0 10.0 
4 6 3.02 3.02 5.0 2.0 5.0 3.0 1.0 3.0 9.0 2.0 9.0 7.0 4.0 7.0 10.0 10.0 10.0 6.0 3.0 6.0 
4 7 3.12 3.12 5.0 2.0 5.0 3.0 1.0 3.0 9.0 2.0 9.0 7.0 4.0 7.0 10.0 10.0 10.0 6.0 3.0 6.0 10.0 1.0 10.0 
4 8 3.5 3.5 5.0 2.0 5.0 3.0 1.0 3.0 9.0 2.0 9.0 7.0 4.0 7.0 10.0 10.0 10.0 6.0 3.0 6.0 10.0 1.0 10.0 8.0 3.0 8.0 
4 5 2.66 2.66 6.0 5.0 6.0 6.0 3.0 6.0 6.0 5.0 6.0 8.0 2.0 8.0 4.0 1.0 4.0 
4 6 3.0 3.0 6.0 5.0 6.0 6.0 3.0 6.0 6.0 5.0 6.0 8.0 2.0 8.0 4.0 1.0 4.0 9.0 3.0 9.0 
4 7 3.5 3.5 6.0 5.0 6.0 6.0 3.0 6.0 6.0 5.0 6.0 8.0 2.0 8.0 4.0 1.0 4.0 9.0 3.0 9.0 8.0 4.0 8.0 
4 8 3.83 3.83 6.0 5.0 6.0 6.0 3.0 6.0 6.0 5.0 6.0 8.0 2.0 8.0 4.0 1.0 4.0 9.0 3.0 9.0 8.0 4.0 8.0 3.0 1.0 3.0 
4 5 2.96 2.96 4.0 1.0 4.0 5.0 3.0 5.0 2.0 2.0 2.0 9.0 7.0 9.0 3.0 1.0 3.0 
4 6 3.76 3.76 4.0 1.0 4.0 5.0 3.0 5.0 2.0 2.0 2.0 9.0 7.0 9.0 3.0 1.0 3.0 5.0 4.0 5.0 
4 7 3.88 3.88 4.0 1.0 4.0 5.0 3.0 5.0 2.0 2.0 2.0 9.0 7.0 9.0 3.0 1.0 3.0 5.0 4.0 5.0 8.0 1.0 8.0 
4 5 2.19 2.19 9.0 4.0 9.0 7.0 2.0 7.0 6.0 2.0 6.0 3.0 1.0 3.0 10.0 8.0 10.0 
4 6 2.62 2.62 9.0 4.0 9.0 7.0 2.0 7.0 6.0 2.0 6.0 3.0 1.0 3.0 10.0 8.0 10.0 7.0 3.0 7.0 
4 7 3.06 3.06 9.0 4.0 9.0 7.0 2.0 7.0 6.0 2.0 6.0 3.0 1.0 3.0 10.0 8.0 10.0 7.0 3.0 7.0 9.0 4.0 9.0 
4 8 3.26 3.26 9.0 4.0 9.0 7.0 2.0 7.0 6.0 2.0 6.0 3.0 1.0 3.0 10.0 8.0 10.0 7.0 3.0 7.0 9.0 4.0 9.0 5.0 1.0 5.0 
4 9 3.46 3.46 9.0 4.0 9.0 7.0 2.0 7.0 6.0 2.0 6.0 3.0 1.0 3.0 10.0 8.0 10.0 7.0 3.0 7.0 9.0 4.0 9.0 5.0 1.0 5.0 5.0 1.0 5.0 
4 10 3.86 3.86 9.0 4.0 9.0 7.0 2.0 7.0 6.0 2.0 6.0 3.0 1.0 3.0 10.0 8.0 10.0 7.0 3.0 7.0 9.0 4.0 9.0 5.0 1.0 5.0 5.0 1.0 5.0 10.0 4.0 10.0 
4 5 1.97 1.97 7.0 1.0 7.0 10.0 4.0 10.0 5.0 3.0 5.0 3.0 1.0 3.0 4.0 2.0 4.0 
4 6 2.11 2.11 7.0 1.0 7.0 10.0 4.0 10.0 5.0 3.0 5.0 3.0 1.0 3.0 4.0 2.0 4.0 7.0 1.0 7.0 
4 7 3.11 3.11 7.0 1.0 7.0 10.0 4.0 10.0 5.0 3.0 5.0 3.0 1.0 3.0 4.0 2.0 4.0 7.0 1.0 7.0 3.0 3.0 3.0 
4 8 3.28 3.28 7.0 1.0 7.0 10.0 4.0 10.0 5.0 3.0 5.0 3.0 1.0 3.0 4.0 2.0 4.0 7.0 1.0 7.0 3.0 3.0 3.0 6.0 1.0 6.0 
4 9 3.39 3.39 7.0 1.0 7.0 10.0 4.0 10.0 5.0 3.0 5.0 3.0 1.0 3.0 4.0 2.0 4.0 7.0 1.0 7.0 3.0 3.0 3.0 6.0 1.0 6.0 9.0 1.0 9.0 
4 10 3.5 3.5 7.0 1.0 7.0 10.0 4.0 10.0 5.0 3.0 5.0 3.0 1.0 3.0 4.0 2.0 4.0 7.0 1.0 7.0 3.0 3.0 3.0 6.0 1.0 6.0 9.0 1.0 9.0 9.0 1.0 9.0 
4 5 2.96 2.96 9.0 9.0 9.0 10.0 9.0 10.0 5.0 1.0 5.0 6.0 4.0 6.0 5.0 1.0 5.0 
4 6 3.46 3.46 9.0 9.0 9.0 10.0 9.0 10.0 5.0 1.0 5.0 6.0 4.0 6.0 5.0 1.0 5.0 2.0 1.0 2.0 
4 7 3.96 3.96 9.0 9.0 9.0 10.0 9.0 10.0 5.0 1.0 5.0 6.0 4.0 6.0 5.0 1.0 5.0 2.0 1.0 2.0 10.0 5.0 10.0 
4 5 1.43 1.43 7.0 1.0 7.0 2.0 1.0 2.0 5.0 2.0 5.0 9.0 2.0 9.0 6.0 1.0 6.0 
4 6 1.63 1.63 7.0 1.0 7.0 2.0 1.0 2.0 5.0 2.0 5.0 9.0 2.0 9.0 6.0 1.0 6.0 10.0 2.0 10.0 
4 7 2.13 2.13 7.0 1.0 7.0 2.0 1.0 2.0 5.0 2.0 5.0 9.0 2.0 9.0 6.0 1.0 6.0 10.0 2.0 10.0 4.0 2.0 4.0 
4 8 2.41 2.41 7.0 1.0 7.0 2.0 1.0 2.0 5.0 2.0 5.0 9.0 2.0 9.0 6.0 1.0 6.0 10.0 2.0 10.0 4.0 2.0 4.0 7.0 2.0 7.0 
4 9 3.08 3.08 7.0 1.0 7.0 2.0 1.0 2.0 5.0 2.0 5.0 9.0 2.0 9.0 6.0 1.0 6.0 10.0 2.0 10.0 4.0 2.0 4.0 7.0 2.0 7.0 3.0 2.0 3.0 
4 10 3.58 3.58 7.0 1.0 7.0 2.0 1.0 2.0 5.0 2.0 5.0 9.0 2.0 9.0 6.0 1.0 6.0 10.0 2.0 10.0 4.0 2.0 4.0 7.0 2.0 7.0 3.0 2.0 3.0 8.0 4.0 8.0 
4 11 3.95 3.95 7.0 1.0 7.0 2.0 1.0 2.0 5.0 2.0 5.0 9.0 2.0 9.0 6.0 1.0 6.0 10.0 2.0 10.0 4.0 2.0 4.0 7.0 2.0 7.0 3.0 2.0 3.0 8.0 4.0 8.0 8.0 3.0 8.0 
4 5 2.65 2.65 8.0 3.0 8.0 6.0 2.0 6.0 2.0 1.0 2.0 9.0 4.0 9.0 2.0 2.0 2.0 
4 6 3.4 3.4 8.0 3.0 8.0 6.0 2.0 6.0 2.0 1.0 2.0 9.0 4.0 9.0 2.0 2.0 2.0 4.0 3.0 4.0 
4 7 3.73 3.73 8.0 3.0 8.0 6.0 2.0 6.0 2.0 1.0 2.0 9.0 4.0 9.0 2.0 2.0 2.0 4.0 3.0 4.0 9.0 3.0 9.0 
4 5 1.88 1.88 10.0 4.0 10.0 5.0 2.0 5.0 6.0 2.0 6.0 8.0 2.0 8.0 2.0 1.0 2.0 
4 6 2.21 2.21 10.0 4.0 10.0 5.0 2.0 5.0 6.0 2.0 6.0 8.0 2.0 8.0 2.0 1.0 2.0 9.0 3.0 9.0 
4 7 3.21 3.21 10.0 4.0 10.0 5.0 2.0 5.0 6.0 2.0 6.0 8.0 2.0 8.0 2.0 1.0 2.0 9.0 3.0 9.0 10.0 10.0 10.0 
4 5 2.53 2.53 4.0 2.0 4.0 9.0 9.0 9.0 6.0 3.0 6.0 3.0 1.0 3.0 10.0 2.0 10.0 
4 6 3.53 3.53 4.0 2.0 4.0 9.0 9.0 9.0 6.0 3.0 6.0 3.0 1.0 3.0 10.0 2.0 10.0 4.0 4.0 4.0 
4 5 3.24 3.24 9.0 1.0 9.0 10.0 8.0 10.0 5.0 5.0 5.0 9.0 7.0 9.0 9.0 5.0 9.0 
4 5 3.18 3.18 10.0 4.0 10.0 7.0 2.0 7.0 3.0 3.0 3.0 4.0 2.0 4.0 5.0 5.0 5.0 
4 6 3.31 3.31 10.0 4.0 10.0 7.0 2.0 7.0 3.0 3.0 3.0 4.0 2.0 4.0 5.0 5.0 5.0 8.0 1.0 8.0 
4 7 3.97 3.97 10.0 4.0 10.0 7.0 2.0 7.0 3.0 3.0 3.0 4.0 2.0 4.0 5.0 5.0 5.0 8.0 1.0 8.0 3.0 2.0 3.0 
4 5 3.17 3.17 7.0 4.0 7.0 4.0 4.0 4.0 10.0 5.0 10.0 5.0 3.0 5.0 6.0 3.0 6.0 
4 6 3.67 3.67 7.0 4.0 7.0 4.0 4.0 4.0 10.0 5.0 10.0 5.0 3.0 5.0 6.0 3.0 6.0 4.0 2.0 4.0 
4 5 2.21 2.21 6.0 4.0 6.0 7.0 2.0 7.0 7.0 3.0 7.0 8.0 4.0 8.0 9.0 3.0 9.0 
4 6 2.61 2.61 6.0 4.0 6.0 7.0 2.0 7.0 7.0 3.0 7.0 8.0 4.0 8.0 9.0 3.0 9.0 5.0 2.0 5.0 
4 7 3.11 3.11 6.0 4.0 6.0 7.0 2.0 7.0 7.0 3.0 7.0 8.0 4.0 8.0 9.0 3.0 9.0 5.0 2.0 5.0 6.0 3.0 6.0 
4 8 3.94 3.94 6.0 4.0 6.0 7.0 2.0 7.0 7.0 3.0 7.0 8.0 4.0 8.0 9.0 3.0 9.0 5.0 2.0 5.0 6.0 3.0 6.0 6.0 5.0 6.0 
4 5 1.8 1.8 6.0 2.0 6.0 2.0 1.0 2.0 2.0 1.0 2.0 4.0 1.0 4.0 9.0 2.0 9.0 
4 6 2.8 2.8 6.0 2.0 6.0 2.0 1.0 2.0 2.0 1.0 2.0 4.0 1.0 4.0 9.0 2.0 9.0 4.0 4.0 4.0 
4 7 3.36 3.36 6.0 2.0 6.0 2.0 1.0 2.0 2.0 1.0 2.0 4.0 1.0 4.0 9.0 2.0 9.0 4.0 4.0 4.0 9.0 5.0 9.0 
4 8 3.86 3.86 6.0 2.0 6.0 2.0 1.0 2.0 2.0 1.0 2.0 4.0 1.0 4.0 9.0 2.0 9.0 4.0 4.0 4.0 9.0 5.0 9.0 8.0 4.0 8.0 
4 5 2.38 2.38 2.0 1.0 2.0 10.0 5.0 10.0 3.0 2.0 3.0 2.0 1.0 2.0 9.0 2.0 9.0 
4 6 2.78 2.78 2.0 1.0 2.0 10.0 5.0 10.0 3.0 2.0 3.0 2.0 1.0 2.0 9.0 2.0 9.0 5.0 2.0 5.0 
4 7 3.45 3.45 2.0 1.0 2.0 10.0 5.0 10.0 3.0 2.0 3.0 2.0 1.0 2.0 9.0 2.0 9.0 5.0 2.0 5.0 3.0 2.0 3.0 
4 8 3.95 3.95 2.0 1.0 2.0 10.0 5.0 10.0 3.0 2.0 3.0 2.0 1.0 2.0 9.0 2.0 9.0 5.0 2.0 5.0 3.0 2.0 3.0 4.0 2.0 4.0 
4 5 2.09 2.09 6.0 5.0 6.0 9.0 2.0 9.0 4.0 1.0 4.0 7.0 2.0 7.0 4.0 2.0 4.0 
4 6 2.59 2.59 6.0 5.0 6.0 9.0 2.0 9.0 4.0 1.0 4.0 7.0 2.0 7.0 4.0 2.0 4.0 4.0 2.0 4.0 
4 7 2.89 2.89 6.0 5.0 6.0 9.0 2.0 9.0 4.0 1.0 4.0 7.0 2.0 7.0 4.0 2.0 4.0 4.0 2.0 4.0 10.0 3.0 10.0 
4 8 3.22 3.22 6.0 5.0 6.0 9.0 2.0 9.0 4.0 1.0 4.0 7.0 2.0 7.0 4.0 2.0 4.0 4.0 2.0 4.0 10.0 3.0 10.0 6.0 2.0 6.0 
4 9 3.89 3.89 6.0 5.0 6.0 9.0 2.0 9.0 4.0 1.0 4.0 7.0 2.0 7.0 4.0 2.0 4.0 4.0 2.0 4.0 10.0 3.0 10.0 6.0 2.0 6.0 6.0 4.0 6.0 
4 5 2.19 2.19 4.0 2.0 4.0 2.0 2.0 2.0 8.0 1.0 8.0 5.0 2.0 5.0 6.0 1.0 6.0 
4 6 2.69 2.69 4.0 2.0 4.0 2.0 2.0 2.0 8.0 1.0 8.0 5.0 2.0 5.0 6.0 1.0 6.0 2.0 1.0 2.0 
4 7 3.02 3.02 4.0 2.0 4.0 2.0 2.0 2.0 8.0 1.0 8.0 5.0 2.0 5.0 6.0 1.0 6.0 2.0 1.0 2.0 6.0 2.0 6.0 
4 8 3.77 3.77 4.0 2.0 4.0 2.0 2.0 2.0 8.0 1.0 8.0 5.0 2.0 5.0 6.0 1.0 6.0 2.0 1.0 2.0 6.0 2.0 6.0 8.0 6.0 8.0 
4 9 3.97 3.97 4.0 2.0 4.0 2.0 2.0 2.0 8.0 1.0 8.0 5.0 2.0 5.0 6.0 1.0 6.0 2.0 1.0 2.0 6.0 2.0 6.0 8.0 6.0 8.0 10.0 2.0 10.0 
4 5 2.78 2.78 2.0 1.0 2.0 2.0 2.0 2.0 7.0 2.0 7.0 9.0 5.0 9.0 9.0 4.0 9.0 
4 6 3.28 3.28 2.0 1.0 2.0 2.0 2.0 2.0 7.0 2.0 7.0 9.0 5.0 9.0 9.0 4.0 9.0 2.0 1.0 2.0 
4 7 3.53 3.53 2.0 1.0 2.0 2.0 2.0 2.0 7.0 2.0 7.0 9.0 5.0 9.0 9.0 4.0 9.0 2.0 1.0 2.0 4.0 1.0 4.0 
4 5 3.1 3.1 5.0 3.0 5.0 8.0 4.0 8.0 2.0 1.0 2.0 8.0 4.0 8.0 8.0 8.0 8.0 
4 6 3.26 3.26 5.0 3.0 5.0 8.0 4.0 8.0 2.0 1.0 2.0 8.0 4.0 8.0 8.0 8.0 8.0 6.0 1.0 6.0 
4 7 3.86 3.86 5.0 3.0 5.0 8.0 4.0 8.0 2.0 1.0 2.0 8.0 4.0 8.0 8.0 8.0 8.0 6.0 1.0 6.0 5.0 3.0 5.0 
4 5 2.94 2.94 10.0 9.0 10.0 2.0 1.0 2.0 8.0 3.0 8.0 6.0 5.0 6.0 3.0 1.0 3.0 
4 6 3.19 3.19 10.0 9.0 10.0 2.0 1.0 2.0 8.0 3.0 8.0 6.0 5.0 6.0 3.0 1.0 3.0 4.0 1.0 4.0 
4 5 1.93 1.93 6.0 3.0 6.0 7.0 2.0 7.0 10.0 5.0 10.0 8.0 2.0 8.0 5.0 2.0 5.0 
4 6 2.18 2.18 6.0 3.0 6.0 7.0 2.0 7.0 10.0 5.0 10.0 8.0 2.0 8.0 5.0 2.0 5.0 4.0 1.0 4.0 
4 7 2.68 2.68 6.0 3.0 6.0 7.0 2.0 7.0 10.0 5.0 10.0 8.0 2.0 8.0 5.0 2.0 5.0 4.0 1.0 4.0 10.0 5.0 10.0 
4 8 2.81 2.81 6.0 3.0 6.0 7.0 2.0 7.0 10.0 5.0 10.0 8.0 2.0 8.0 5.0 2.0 5.0 4.0 1.0 4.0 10.0 5.0 10.0 8.0 1.0 8.0 
4 9 2.95 2.95 6.0 3.0 6.0 7.0 2.0 7.0 10.0 5.0 10.0 8.0 2.0 8.0 5.0 2.0 5.0 4.0 1.0 4.0 10.0 5.0 10.0 8.0 1.0 8.0 7.0 1.0 7.0 
4 10 3.78 3.78 6.0 3.0 6.0 7.0 2.0 7.0 10.0 5.0 10.0 8.0 2.0 8.0 5.0 2.0 5.0 4.0 1.0 4.0 10.0 5.0 10.0 8.0 1.0 8.0 7.0 1.0 7.0 6.0 5.0 6.0 
4 5 1.62 1.62 8.0 1.0 8.0 3.0 2.0 3.0 3.0 1.0 3.0 6.0 1.0 6.0 6.0 2.0 6.0 
4 6 2.12 2.12 8.0 1.0 8.0 3.0 2.0 3.0 3.0 1.0 3.0 6.0 1.0 6.0 6.0 2.0 6.0 4.0 2.0 4.0 
4 7 2.34 2.34 8.0 1.0 8.0 3.0 2.0 3.0 3.0 1.0 3.0 6.0 1.0 6.0 6.0 2.0 6.0 4.0 2.0 4.0 9.0 2.0 9.0 
4 8 2.84 2.84 8.0 1.0 8.0 3.0 2.0 3.0 3.0 1.0 3.0 6.0 1.0 6.0 6.0 2.0 6.0 4.0 2.0 4.0 9.0 2.0 9.0 2.0 1.0 2.0 
4 9 3.18 3.18 8.0 1.0 8.0 3.0 2.0 3.0 3.0 1.0 3.0 6.0 1.0 6.0 6.0 2.0 6.0 4.0 2.0 4.0 9.0 2.0 9.0 2.0 1.0 2.0 6.0 2.0 6.0 
4 10 3.8 3.8 8.0 1.0 8.0 3.0 2.0 3.0 3.0 1.0 3.0 6.0 1.0 6.0 6.0 2.0 6.0 4.0 2.0 4.0 9.0 2.0 9.0 2.0 1.0 2.0 6.0 2.0 6.0 8.0 5.0 8.0 
4 5 2.45 2.45 8.0 2.0 8.0 7.0 2.0 7.0 2.0 2.0 2.0 8.0 2.0 8.0 3.0 2.0 3.0 
4 6 2.85 2.85 8.0 2.0 8.0 7.0 2.0 7.0 2.0 2.0 2.0 8.0 2.0 8.0 3.0 2.0 3.0 10.0 4.0 10.0 
4 7 3.35 3.35 8.0 2.0 8.0 7.0 2.0 7.0 2.0 2.0 2.0 8.0 2.0 8.0 3.0 2.0 3.0 10.0 4.0 10.0 6.0 3.0 6.0 
4 8 3.97 3.97 8.0 2.0 8.0 7.0 2.0 7.0 2.0 2.0 2.0 8.0 2.0 8.0 3.0 2.0 3.0 10.0 4.0 10.0 6.0 3.0 6.0 8.0 5.0 8.0 
4 5 2.6 2.6 5.0 1.0 5.0 3.0 3.0 3.0 8.0 2.0 8.0 5.0 2.0 5.0 4.0 3.0 4.0 
4 6 2.85 2.85 5.0 1.0 5.0 3.0 3.0 3.0 8.0 2.0 8.0 5.0 2.0 5.0 4.0 3.0 4.0 4.0 1.0 4.0 
4 7 3.1 3.1 5.0 1.0 5.0 3.0 3.0 3.0 8.0 2.0 8.0 5.0 2.0 5.0 4.0 3.0 4.0 4.0 1.0 4.0 8.0 2.0 8.0 
4 8 3.38 3.38 5.0 1.0 5.0 3.0 3.0 3.0 8.0 2.0 8.0 5.0 2.0 5.0 4.0 3.0 4.0 4.0 1.0 4.0 8.0 2.0 8.0 7.0 2.0 7.0 
4 9 3.55 3.55 5.0 1.0 5.0 3.0 3.0 3.0 8.0 2.0 8.0 5.0 2.0 5.0 4.0 3.0 4.0 4.0 1.0 4.0 8.0 2.0 8.0 7.0 2.0 7.0 6.0 1.0 6.0 
4 5 2.36 2.36 8.0 5.0 8.0 7.0 2.0 7.0 4.0 1.0 4.0 5.0 4.0 5.0 10.0 4.0 10.0 
4 6 3.02 3.02 8.0 5.0 8.0 7.0 2.0 7.0 4.0 1.0 4.0 5.0 4.0 5.0 10.0 4.0 10.0 3.0 2.0 3.0 
4 7 3.69 3.69 8.0 5.0 8.0 7.0 2.0 7.0 4.0 1.0 4.0 5.0 4.0 5.0 10.0 4.0 10.0 3.0 2.0 3.0 6.0 4.0 6.0 
4 8 3.91 3.91 8.0 5.0 8.0 7.0 2.0 7.0 4.0 1.0 4.0 5.0 4.0 5.0 10.0 4.0 10.0 3.0 2.0 3.0 6.0 4.0 6.0 9.0 2.0 9.0 
4 5 3.16 3.16 3.0 1.0 3.0 6.0 2.0 6.0 4.0 4.0 4.0 8.0 8.0 8.0 2.0 1.0 2.0 
4 6 3.83 3.83 3.0 1.0 3.0 6.0 2.0 6.0 4.0 4.0 4.0 8.0 8.0 8.0 2.0 1.0 2.0 6.0 4.0 6.0 
4 5 2.17 2.17 2.0 1.0 2.0 3.0 3.0 3.0 10.0 2.0 10.0 4.0 1.0 4.0 9.0 2.0 9.0 
4 6 2.47 2.47 2.0 1.0 2.0 3.0 3.0 3.0 10.0 2.0 10.0 4.0 1.0 4.0 9.0 2.0 9.0 10.0 3.0 10.0 
4 7 3.22 3.22 2.0 1.0 2.0 3.0 3.0 3.0 10.0 2.0 10.0 4.0 1.0 4.0 9.0 2.0 9.0 10.0 3.0 10.0 4.0 3.0 4.0 
4 8 3.82 3.82 2.0 1.0 2.0 3.0 3.0 3.0 10.0 2.0 10.0 4.0 1.0 4.0 9.0 2.0 9.0 10.0 3.0 10.0 4.0 3.0 4.0 5.0 3.0 5.0 
4 5 2.44 2.44 8.0 1.0 8.0 5.0 3.0 5.0 4.0 4.0 4.0 9.0 2.0 9.0 2.0 1.0 2.0 
4 6 2.94 2.94 8.0 1.0 8.0 5.0 3.0 5.0 4.0 4.0 4.0 9.0 2.0 9.0 2.0 1.0 2.0 6.0 3.0 6.0 
4 7 3.14 3.14 8.0 1.0 8.0 5.0 3.0 5.0 4.0 4.0 4.0 9.0 2.0 9.0 2.0 1.0 2.0 6.0 3.0 6.0 10.0 2.0 10.0 
4 8 3.24 3.24 8.0 1.0 8.0 5.0 3.0 5.0 4.0 4.0 4.0 9.0 2.0 9.0 2.0 1.0 2.0 6.0 3.0 6.0 10.0 2.0 10.0 10.0 1.0 10.0 
4 9 3.49 3.49 8.0 1.0 8.0 5.0 3.0 5.0 4.0 4.0 4.0 9.0 2.0 9.0 2.0 1.0 2.0 6.0 3.0 6.0 10.0 2.0 10.0 10.0 1.0 10.0 4.0 1.0 4.0 
4 10 3.87 3.87 8.0 1.0 8.0 5.0 3.0 5.0 4.0 4.0 4.0 9.0 2.0 9.0 2.0 1.0 2.0 6.0 3.0 6.0 10.0 2.0 10.0 10.0 1.0 10.0 4.0 1.0 4.0 8.0 3.0 8.0 
4 5 2.06 2.06 3.0 2.0 3.0 3.0 1.0 3.0 10.0 4.0 10.0 2.0 1.0 2.0 6.0 1.0 6.0 
4 6 2.4 2.4 3.0 2.0 3.0 3.0 1.0 3.0 10.0 4.0 10.0 2.0 1.0 2.0 6.0 1.0 6.0 3.0 1.0 3.0 
4 7 3.0 3.0 3.0 2.0 3.0 3.0 1.0 3.0 10.0 4.0 10.0 2.0 1.0 2.0 6.0 1.0 6.0 3.0 1.0 3.0 5.0 3.0 5.0 
4 8 3.37 3.37 3.0 2.0 3.0 3.0 1.0 3.0 10.0 4.0 10.0 2.0 1.0 2.0 6.0 1.0 6.0 3.0 1.0 3.0 5.0 3.0 5.0 8.0 3.0 8.0 
4 9 3.87 3.87 3.0 2.0 3.0 3.0 1.0 3.0 10.0 4.0 10.0 2.0 1.0 2.0 6.0 1.0 6.0 3.0 1.0 3.0 5.0 3.0 5.0 8.0 3.0 8.0 2.0 1.0 2.0 
4 5 2.07 2.07 2.0 1.0 2.0 5.0 1.0 5.0 8.0 1.0 8.0 4.0 1.0 4.0 2.0 2.0 2.0 
4 6 2.57 2.57 2.0 1.0 2.0 5.0 1.0 5.0 8.0 1.0 8.0 4.0 1.0 4.0 2.0 2.0 2.0 2.0 1.0 2.0 
4 7 2.77 2.77 2.0 1.0 2.0 5.0 1.0 5.0 8.0 1.0 8.0 4.0 1.0 4.0 2.0 2.0 2.0 2.0 1.0 2.0 5.0 1.0 5.0 
4 8 2.9 2.9 2.0 1.0 2.0 5.0 1.0 5.0 8.0 1.0 8.0 4.0 1.0 4.0 2.0 2.0 2.0 2.0 1.0 2.0 5.0 1.0 5.0 8.0 1.0 8.0 
4 9 3.65 3.65 2.0 1.0 2.0 5.0 1.0 5.0 8.0 1.0 8.0 4.0 1.0 4.0 2.0 2.0 2.0 2.0 1.0 2.0 5.0 1.0 5.0 8.0 1.0 8.0 8.0 6.0 8.0 
4 5 2.93 2.93 6.0 2.0 6.0 10.0 5.0 10.0 5.0 5.0 5.0 5.0 3.0 5.0 2.0 1.0 2.0 
4 6 3.59 3.59 6.0 2.0 6.0 10.0 5.0 10.0 5.0 5.0 5.0 5.0 3.0 5.0 2.0 1.0 2.0 6.0 4.0 6.0 
4 7 3.8 3.8 6.0 2.0 6.0 10.0 5.0 10.0 5.0 5.0 5.0 5.0 3.0 5.0 2.0 1.0 2.0 6.0 4.0 6.0 5.0 1.0 5.0 
4 5 3.09 3.09 2.0 2.0 2.0 4.0 3.0 4.0 3.0 1.0 3.0 9.0 4.0 9.0 7.0 4.0 7.0 
4 6 3.76 3.76 2.0 2.0 2.0 4.0 3.0 4.0 3.0 1.0 3.0 9.0 4.0 9.0 7.0 4.0 7.0 3.0 2.0 3.0 
4 5 3.06 3.06 6.0 4.0 6.0 7.0 3.0 7.0 10.0 4.0 10.0 9.0 6.0 9.0 10.0 9.0 10.0 
4 6 3.86 3.86 6.0 4.0 6.0 7.0 3.0 7.0 10.0 4.0 10.0 9.0 6.0 9.0 10.0 9.0 10.0 5.0 4.0 5.0 
4 5 2.92 2.92 4.0 4.0 4.0 3.0 1.0 3.0 3.0 1.0 3.0 5.0 2.0 5.0 7.0 6.0 7.0 
4 6 3.67 3.67 4.0 4.0 4.0 3.0 1.0 3.0 3.0 1.0 3.0 5.0 2.0 5.0 7.0 6.0 7.0 4.0 3.0 4.0 
4 7 3.87 3.87 4.0 4.0 4.0 3.0 1.0 3.0 3.0 1.0 3.0 5.0 2.0 5.0 7.0 6.0 7.0 4.0 3.0 4.0 5.0 1.0 5.0 
4 5 3.5 3.5 2.0 2.0 2.0 9.0 9.0 9.0 9.0 2.0 9.0 7.0 2.0 7.0 7.0 7.0 7.0 
4 6 3.84 3.84 2.0 2.0 2.0 9.0 9.0 9.0 9.0 2.0 9.0 7.0 2.0 7.0 7.0 7.0 7.0 3.0 1.0 3.0 
4 5 2.22 2.22 4.0 3.0 4.0 9.0 7.0 9.0 10.0 1.0 10.0 5.0 2.0 5.0 5.0 1.0 5.0 
4 6 2.72 2.72 4.0 3.0 4.0 9.0 7.0 9.0 10.0 1.0 10.0 5.0 2.0 5.0 5.0 1.0 5.0 2.0 1.0 2.0 
4 7 3.06 3.06 4.0 3.0 4.0 9.0 7.0 9.0 10.0 1.0 10.0 5.0 2.0 5.0 5.0 1.0 5.0 2.0 1.0 2.0 6.0 2.0 6.0 
4 8 3.26 3.26 4.0 3.0 4.0 9.0 7.0 9.0 10.0 1.0 10.0 5.0 2.0 5.0 5.0 1.0 5.0 2.0 1.0 2.0 6.0 2.0 6.0 5.0 1.0 5.0 
4 5 2.75 2.75 3.0 3.0 3.0 10.0 1.0 10.0 8.0 6.0 8.0 2.0 1.0 2.0 5.0 2.0 5.0 
4 6 3.25 3.25 3.0 3.0 3.0 10.0 1.0 10.0 8.0 6.0 8.0 2.0 1.0 2.0 5.0 2.0 5.0 4.0 2.0 4.0 
4 7 3.45 3.45 3.0 3.0 3.0 10.0 1.0 10.0 8.0 6.0 8.0 2.0 1.0 2.0 5.0 2.0 5.0 4.0 2.0 4.0 5.0 1.0 5.0 
4 8 3.78 3.78 3.0 3.0 3.0 10.0 1.0 10.0 8.0 6.0 8.0 2.0 1.0 2.0 5.0 2.0 5.0 4.0 2.0 4.0 5.0 1.0 5.0 6.0 2.0 6.0 
4 5 1.48 1.48 6.0 1.0 6.0 8.0 2.0 8.0 9.0 4.0 9.0 10.0 5.0 10.0 8.0 1.0 8.0 
4 6 1.81 1.81 6.0 1.0 6.0 8.0 2.0 8.0 9.0 4.0 9.0 10.0 5.0 10.0 8.0 1.0 8.0 3.0 1.0 3.0 
4 7 2.81 2.81 6.0 1.0 6.0 8.0 2.0 8.0 9.0 4.0 9.0 10.0 5.0 10.0 8.0 1.0 8.0 3.0 1.0 3.0 6.0 6.0 6.0 
4 8 3.01 3.01 6.0 1.0 6.0 8.0 2.0 8.0 9.0 4.0 9.0 10.0 5.0 10.0 8.0 1.0 8.0 3.0 1.0 3.0 6.0 6.0 6.0 5.0 1.0 5.0 
4 9 3.46 3.46 6.0 1.0 6.0 8.0 2.0 8.0 9.0 4.0 9.0 10.0 5.0 10.0 8.0 1.0 8.0 3.0 1.0 3.0 6.0 6.0 6.0 5.0 1.0 5.0 9.0 4.0 9.0 
4 5 2.8 2.8 7.0 6.0 7.0 4.0 1.0 4.0 10.0 2.0 10.0 2.0 1.0 2.0 7.0 7.0 7.0 
4 6 3.3 3.3 7.0 6.0 7.0 4.0 1.0 4.0 10.0 2.0 10.0 2.0 1.0 2.0 7.0 7.0 7.0 2.0 1.0 2.0 
4 7 3.64 3.64 7.0 6.0 7.0 4.0 1.0 4.0 10.0 2.0 10.0 2.0 1.0 2.0 7.0 7.0 7.0 2.0 1.0 2.0 6.0 2.0 6.0 
4 8 3.89 3.89 7.0 6.0 7.0 4.0 1.0 4.0 10.0 2.0 10.0 2.0 1.0 2.0 7.0 7.0 7.0 2.0 1.0 2.0 6.0 2.0 6.0 4.0 1.0 4.0 
4 5 2.71 2.71 5.0 3.0 5.0 9.0 9.0 9.0 3.0 1.0 3.0 6.0 2.0 6.0 9.0 4.0 9.0 
4 6 3.46 3.46 5.0 3.0 5.0 9.0 9.0 9.0 3.0 1.0 3.0 6.0 2.0 6.0 9.0 4.0 9.0 4.0 3.0 4.0 
4 5 2.38 2.38 3.0 1.0 3.0 3.0 3.0 3.0 8.0 1.0 8.0 7.0 3.0 7.0 2.0 1.0 2.0 
4 6 2.72 2.72 3.0 1.0 3.0 3.0 3.0 3.0 8.0 1.0 8.0 7.0 3.0 7.0 2.0 1.0 2.0 3.0 1.0 3.0 
4 7 3.12 3.12 3.0 1.0 3.0 3.0 3.0 3.0 8.0 1.0 8.0 7.0 3.0 7.0 2.0 1.0 2.0 3.0 1.0 3.0 5.0 2.0 5.0 
4 5 2.82 2.82 6.0 4.0 6.0 8.0 3.0 8.0 7.0 6.0 7.0 9.0 5.0 9.0 8.0 3.0 8.0 
4 6 3.07 3.07 6.0 4.0 6.0 8.0 3.0 8.0 7.0 6.0 7.0 9.0 5.0 9.0 8.0 3.0 8.0 4.0 1.0 4.0 
4 7 3.74 3.74 6.0 4.0 6.0 8.0 3.0 8.0 7.0 6.0 7.0 9.0 5.0 9.0 8.0 3.0 8.0 4.0 1.0 4.0 3.0 2.0 3.0 
4 5 2.04 2.04 9.0 1.0 9.0 10.0 5.0 10.0 5.0 3.0 5.0 3.0 1.0 3.0 4.0 2.0 4.0 
4 6 2.54 2.54 9.0 1.0 9.0 10.0 5.0 10.0 5.0 3.0 5.0 3.0 1.0 3.0 4.0 2.0 4.0 4.0 2.0 4.0 
4 7 3.09 3.09 9.0 1.0 9.0 10.0 5.0 10.0 5.0 3.0 5.0 3.0 1.0 3.0 4.0 2.0 4.0 4.0 2.0 4.0 9.0 5.0 9.0 
4 8 3.67 3.67 9.0 1.0 9.0 10.0 5.0 10.0 5.0 3.0 5.0 3.0 1.0 3.0 4.0 2.0 4.0 4.0 2.0 4.0 9.0 5.0 9.0 7.0 4.0 7.0 
