4 5 2.61 2.61 9.0 2.0 9.0 2.0 2.0 2.0 6.0 1.0 6.0 9.0 2.0 9.0 9.0 9.0 9.0 
4 6 2.71 2.71 9.0 2.0 9.0 2.0 2.0 2.0 6.0 1.0 6.0 9.0 2.0 9.0 9.0 9.0 9.0 10.0 1.0 10.0 
4 7 3.71 3.71 9.0 2.0 9.0 2.0 2.0 2.0 6.0 1.0 6.0 9.0 2.0 9.0 9.0 9.0 9.0 10.0 1.0 10.0 2.0 2.0 2.0 
4 8 3.96 3.96 9.0 2.0 9.0 2.0 2.0 2.0 6.0 1.0 6.0 9.0 2.0 9.0 9.0 9.0 9.0 10.0 1.0 10.0 2.0 2.0 2.0 4.0 1.0 4.0 
4 5 2.76 2.76 10.0 4.0 10.0 10.0 10.0 10.0 8.0 6.0 8.0 9.0 3.0 9.0 7.0 2.0 7.0 
4 6 3.34 3.34 10.0 4.0 10.0 10.0 10.0 10.0 8.0 6.0 8.0 9.0 3.0 9.0 7.0 2.0 7.0 7.0 4.0 7.0 
4 7 3.48 3.48 10.0 4.0 10.0 10.0 10.0 10.0 8.0 6.0 8.0 9.0 3.0 9.0 7.0 2.0 7.0 7.0 4.0 7.0 7.0 1.0 7.0 
4 5 2.95 2.95 7.0 4.0 7.0 7.0 3.0 7.0 7.0 6.0 7.0 3.0 2.0 3.0 7.0 3.0 7.0 
4 6 3.55 3.55 7.0 4.0 7.0 7.0 3.0 7.0 7.0 6.0 7.0 3.0 2.0 3.0 7.0 3.0 7.0 5.0 3.0 5.0 
4 7 3.95 3.95 7.0 4.0 7.0 7.0 3.0 7.0 7.0 6.0 7.0 3.0 2.0 3.0 7.0 3.0 7.0 5.0 3.0 5.0 5.0 2.0 5.0 
4 5 2.77 2.77 10.0 1.0 10.0 6.0 3.0 6.0 7.0 3.0 7.0 2.0 2.0 2.0 8.0 6.0 8.0 
4 6 3.11 3.11 10.0 1.0 10.0 6.0 3.0 6.0 7.0 3.0 7.0 2.0 2.0 2.0 8.0 6.0 8.0 9.0 3.0 9.0 
4 7 3.44 3.44 10.0 1.0 10.0 6.0 3.0 6.0 7.0 3.0 7.0 2.0 2.0 2.0 8.0 6.0 8.0 9.0 3.0 9.0 9.0 3.0 9.0 
4 8 3.66 3.66 10.0 1.0 10.0 6.0 3.0 6.0 7.0 3.0 7.0 2.0 2.0 2.0 8.0 6.0 8.0 9.0 3.0 9.0 9.0 3.0 9.0 9.0 2.0 9.0 
4 5 3.8 3.8 4.0 4.0 4.0 4.0 1.0 4.0 5.0 4.0 5.0 4.0 4.0 4.0 4.0 3.0 4.0 
4 5 3.79 3.79 4.0 3.0 4.0 9.0 6.0 9.0 8.0 7.0 8.0 2.0 1.0 2.0 4.0 4.0 4.0 
4 6 3.93 3.93 4.0 3.0 4.0 9.0 6.0 9.0 8.0 7.0 8.0 2.0 1.0 2.0 4.0 4.0 4.0 7.0 1.0 7.0 
4 5 3.15 3.15 10.0 6.0 10.0 8.0 5.0 8.0 7.0 6.0 7.0 7.0 4.0 7.0 2.0 1.0 2.0 
4 6 3.35 3.35 10.0 6.0 10.0 8.0 5.0 8.0 7.0 6.0 7.0 7.0 4.0 7.0 2.0 1.0 2.0 10.0 2.0 10.0 
4 7 3.68 3.68 10.0 6.0 10.0 8.0 5.0 8.0 7.0 6.0 7.0 7.0 4.0 7.0 2.0 1.0 2.0 10.0 2.0 10.0 3.0 1.0 3.0 
4 5 3.55 3.55 5.0 3.0 5.0 2.0 2.0 2.0 9.0 9.0 9.0 5.0 1.0 5.0 4.0 3.0 4.0 
4 5 1.88 1.88 2.0 1.0 2.0 7.0 2.0 7.0 5.0 2.0 5.0 10.0 5.0 10.0 5.0 1.0 5.0 
4 6 2.13 2.13 2.0 1.0 2.0 7.0 2.0 7.0 5.0 2.0 5.0 10.0 5.0 10.0 5.0 1.0 5.0 4.0 1.0 4.0 
4 7 2.33 2.33 2.0 1.0 2.0 7.0 2.0 7.0 5.0 2.0 5.0 10.0 5.0 10.0 5.0 1.0 5.0 4.0 1.0 4.0 5.0 1.0 5.0 
4 8 2.63 2.63 2.0 1.0 2.0 7.0 2.0 7.0 5.0 2.0 5.0 10.0 5.0 10.0 5.0 1.0 5.0 4.0 1.0 4.0 5.0 1.0 5.0 10.0 3.0 10.0 
4 9 3.38 3.38 2.0 1.0 2.0 7.0 2.0 7.0 5.0 2.0 5.0 10.0 5.0 10.0 5.0 1.0 5.0 4.0 1.0 4.0 5.0 1.0 5.0 10.0 3.0 10.0 4.0 3.0 4.0 
4 5 3.57 3.57 2.0 2.0 2.0 9.0 2.0 9.0 8.0 6.0 8.0 7.0 6.0 7.0 4.0 3.0 4.0 
4 6 3.69 3.69 2.0 2.0 2.0 9.0 2.0 9.0 8.0 6.0 8.0 7.0 6.0 7.0 4.0 3.0 4.0 9.0 1.0 9.0 
4 5 1.85 1.85 3.0 2.0 3.0 8.0 2.0 8.0 7.0 2.0 7.0 4.0 1.0 4.0 10.0 4.0 10.0 
4 6 2.55 2.55 3.0 2.0 3.0 8.0 2.0 8.0 7.0 2.0 7.0 4.0 1.0 4.0 10.0 4.0 10.0 10.0 7.0 10.0 
4 7 3.1 3.1 3.0 2.0 3.0 8.0 2.0 8.0 7.0 2.0 7.0 4.0 1.0 4.0 10.0 4.0 10.0 10.0 7.0 10.0 9.0 5.0 9.0 
4 8 3.27 3.27 3.0 2.0 3.0 8.0 2.0 8.0 7.0 2.0 7.0 4.0 1.0 4.0 10.0 4.0 10.0 10.0 7.0 10.0 9.0 5.0 9.0 6.0 1.0 6.0 
4 9 3.47 3.47 3.0 2.0 3.0 8.0 2.0 8.0 7.0 2.0 7.0 4.0 1.0 4.0 10.0 4.0 10.0 10.0 7.0 10.0 9.0 5.0 9.0 6.0 1.0 6.0 5.0 1.0 5.0 
4 5 3.1 3.1 4.0 3.0 4.0 4.0 4.0 4.0 4.0 1.0 4.0 10.0 5.0 10.0 5.0 3.0 5.0 
4 6 3.9 3.9 4.0 3.0 4.0 4.0 4.0 4.0 4.0 1.0 4.0 10.0 5.0 10.0 5.0 3.0 5.0 10.0 8.0 10.0 
4 5 3.68 3.68 10.0 5.0 10.0 3.0 3.0 3.0 5.0 5.0 5.0 10.0 3.0 10.0 9.0 8.0 9.0 
4 5 3.11 3.11 6.0 1.0 6.0 9.0 4.0 9.0 2.0 1.0 2.0 10.0 10.0 10.0 3.0 3.0 3.0 
4 5 3.09 3.09 9.0 5.0 9.0 5.0 2.0 5.0 9.0 8.0 9.0 8.0 2.0 8.0 2.0 2.0 2.0 
4 6 3.59 3.59 9.0 5.0 9.0 5.0 2.0 5.0 9.0 8.0 9.0 8.0 2.0 8.0 2.0 2.0 2.0 2.0 1.0 2.0 
4 5 3.62 3.62 3.0 2.0 3.0 5.0 5.0 5.0 7.0 3.0 7.0 9.0 7.0 9.0 8.0 6.0 8.0 
4 6 3.87 3.87 3.0 2.0 3.0 5.0 5.0 5.0 7.0 3.0 7.0 9.0 7.0 9.0 8.0 6.0 8.0 4.0 1.0 4.0 
4 5 3.23 3.23 7.0 3.0 7.0 9.0 5.0 9.0 3.0 3.0 3.0 8.0 6.0 8.0 6.0 3.0 6.0 
4 5 2.22 2.22 9.0 1.0 9.0 9.0 1.0 9.0 2.0 1.0 2.0 4.0 3.0 4.0 8.0 6.0 8.0 
4 6 2.92 2.92 9.0 1.0 9.0 9.0 1.0 9.0 2.0 1.0 2.0 4.0 3.0 4.0 8.0 6.0 8.0 10.0 7.0 10.0 
4 7 3.42 3.42 9.0 1.0 9.0 9.0 1.0 9.0 2.0 1.0 2.0 4.0 3.0 4.0 8.0 6.0 8.0 10.0 7.0 10.0 4.0 2.0 4.0 
4 5 2.8 2.8 5.0 4.0 5.0 2.0 1.0 2.0 6.0 1.0 6.0 4.0 4.0 4.0 9.0 3.0 9.0 
4 6 3.8 3.8 5.0 4.0 5.0 2.0 1.0 2.0 6.0 1.0 6.0 4.0 4.0 4.0 9.0 3.0 9.0 2.0 2.0 2.0 
4 5 3.8 3.8 6.0 6.0 6.0 10.0 8.0 10.0 2.0 1.0 2.0 7.0 7.0 7.0 6.0 3.0 6.0 
4 5 2.62 2.62 2.0 1.0 2.0 4.0 3.0 4.0 9.0 8.0 9.0 7.0 2.0 7.0 10.0 2.0 10.0 
4 6 2.95 2.95 2.0 1.0 2.0 4.0 3.0 4.0 9.0 8.0 9.0 7.0 2.0 7.0 10.0 2.0 10.0 9.0 3.0 9.0 
4 7 3.73 3.73 2.0 1.0 2.0 4.0 3.0 4.0 9.0 8.0 9.0 7.0 2.0 7.0 10.0 2.0 10.0 9.0 3.0 9.0 9.0 7.0 9.0 
4 5 2.32 2.32 7.0 4.0 7.0 10.0 1.0 10.0 6.0 1.0 6.0 9.0 8.0 9.0 10.0 6.0 10.0 
4 6 3.32 3.32 7.0 4.0 7.0 10.0 1.0 10.0 6.0 1.0 6.0 9.0 8.0 9.0 10.0 6.0 10.0 2.0 2.0 2.0 
4 7 3.42 3.42 7.0 4.0 7.0 10.0 1.0 10.0 6.0 1.0 6.0 9.0 8.0 9.0 10.0 6.0 10.0 2.0 2.0 2.0 10.0 1.0 10.0 
4 5 3.86 3.86 5.0 3.0 5.0 7.0 5.0 7.0 6.0 5.0 6.0 7.0 5.0 7.0 3.0 3.0 3.0 
4 5 2.57 2.57 5.0 4.0 5.0 6.0 1.0 6.0 6.0 6.0 6.0 2.0 1.0 2.0 9.0 1.0 9.0 
4 6 3.57 3.57 5.0 4.0 5.0 6.0 1.0 6.0 6.0 6.0 6.0 2.0 1.0 2.0 9.0 1.0 9.0 4.0 4.0 4.0 
4 5 2.64 2.64 10.0 7.0 10.0 7.0 1.0 7.0 6.0 3.0 6.0 2.0 2.0 2.0 10.0 3.0 10.0 
4 6 3.24 3.24 10.0 7.0 10.0 7.0 1.0 7.0 6.0 3.0 6.0 2.0 2.0 2.0 10.0 3.0 10.0 10.0 6.0 10.0 
4 7 3.81 3.81 10.0 7.0 10.0 7.0 1.0 7.0 6.0 3.0 6.0 2.0 2.0 2.0 10.0 3.0 10.0 10.0 6.0 10.0 7.0 4.0 7.0 
4 5 2.81 2.81 7.0 3.0 7.0 4.0 3.0 4.0 7.0 5.0 7.0 10.0 7.0 10.0 9.0 2.0 9.0 
4 6 3.67 3.67 7.0 3.0 7.0 4.0 3.0 4.0 7.0 5.0 7.0 10.0 7.0 10.0 9.0 2.0 9.0 7.0 6.0 7.0 
4 5 3.31 3.31 6.0 5.0 6.0 8.0 2.0 8.0 10.0 9.0 10.0 3.0 1.0 3.0 3.0 3.0 3.0 
4 6 3.45 3.45 6.0 5.0 6.0 8.0 2.0 8.0 10.0 9.0 10.0 3.0 1.0 3.0 3.0 3.0 3.0 7.0 1.0 7.0 
4 5 2.7 2.7 3.0 2.0 3.0 4.0 2.0 4.0 2.0 1.0 2.0 7.0 2.0 7.0 4.0 3.0 4.0 
4 6 2.98 2.98 3.0 2.0 3.0 4.0 2.0 4.0 2.0 1.0 2.0 7.0 2.0 7.0 4.0 3.0 4.0 7.0 2.0 7.0 
4 7 3.82 3.82 3.0 2.0 3.0 4.0 2.0 4.0 2.0 1.0 2.0 7.0 2.0 7.0 4.0 3.0 4.0 7.0 2.0 7.0 6.0 5.0 6.0 
4 5 3.96 3.96 5.0 5.0 5.0 9.0 4.0 9.0 6.0 6.0 6.0 7.0 6.0 7.0 3.0 2.0 3.0 
4 5 3.23 3.23 9.0 2.0 9.0 9.0 1.0 9.0 2.0 2.0 2.0 10.0 9.0 10.0 4.0 4.0 4.0 
4 6 3.34 3.34 9.0 2.0 9.0 9.0 1.0 9.0 2.0 2.0 2.0 10.0 9.0 10.0 4.0 4.0 4.0 9.0 1.0 9.0 
4 7 3.94 3.94 9.0 2.0 9.0 9.0 1.0 9.0 2.0 2.0 2.0 10.0 9.0 10.0 4.0 4.0 4.0 9.0 1.0 9.0 5.0 3.0 5.0 
4 5 3.98 3.98 4.0 4.0 4.0 4.0 3.0 4.0 7.0 4.0 7.0 2.0 2.0 2.0 6.0 4.0 6.0 
4 5 2.94 2.94 9.0 4.0 9.0 3.0 1.0 3.0 10.0 10.0 10.0 6.0 1.0 6.0 3.0 3.0 3.0 
4 6 3.05 3.05 9.0 4.0 9.0 3.0 1.0 3.0 10.0 10.0 10.0 6.0 1.0 6.0 3.0 3.0 3.0 9.0 1.0 9.0 
4 7 3.72 3.72 9.0 4.0 9.0 3.0 1.0 3.0 10.0 10.0 10.0 6.0 1.0 6.0 3.0 3.0 3.0 9.0 1.0 9.0 3.0 2.0 3.0 
4 5 3.25 3.25 7.0 6.0 7.0 6.0 6.0 6.0 4.0 1.0 4.0 4.0 4.0 4.0 7.0 1.0 7.0 
4 6 3.39 3.39 7.0 6.0 7.0 6.0 6.0 6.0 4.0 1.0 4.0 4.0 4.0 4.0 7.0 1.0 7.0 7.0 1.0 7.0 
4 7 3.59 3.59 7.0 6.0 7.0 6.0 6.0 6.0 4.0 1.0 4.0 4.0 4.0 4.0 7.0 1.0 7.0 7.0 1.0 7.0 5.0 1.0 5.0 
4 5 2.8 2.8 2.0 1.0 2.0 8.0 6.0 8.0 4.0 2.0 4.0 9.0 5.0 9.0 2.0 1.0 2.0 
4 6 3.8 3.8 2.0 1.0 2.0 8.0 6.0 8.0 4.0 2.0 4.0 9.0 5.0 9.0 2.0 1.0 2.0 4.0 4.0 4.0 
4 5 2.62 2.62 9.0 5.0 9.0 9.0 6.0 9.0 2.0 1.0 2.0 2.0 1.0 2.0 5.0 2.0 5.0 
4 6 3.12 3.12 9.0 5.0 9.0 9.0 6.0 9.0 2.0 1.0 2.0 2.0 1.0 2.0 5.0 2.0 5.0 4.0 2.0 4.0 
4 5 1.69 1.69 7.0 3.0 7.0 6.0 1.0 6.0 3.0 2.0 3.0 6.0 2.0 6.0 10.0 1.0 10.0 
4 6 2.09 2.09 7.0 3.0 7.0 6.0 1.0 6.0 3.0 2.0 3.0 6.0 2.0 6.0 10.0 1.0 10.0 5.0 2.0 5.0 
4 7 2.87 2.87 7.0 3.0 7.0 6.0 1.0 6.0 3.0 2.0 3.0 6.0 2.0 6.0 10.0 1.0 10.0 5.0 2.0 5.0 9.0 7.0 9.0 
4 8 3.87 3.87 7.0 3.0 7.0 6.0 1.0 6.0 3.0 2.0 3.0 6.0 2.0 6.0 10.0 1.0 10.0 5.0 2.0 5.0 9.0 7.0 9.0 2.0 2.0 2.0 
4 5 3.26 3.26 10.0 3.0 10.0 8.0 6.0 8.0 6.0 3.0 6.0 2.0 2.0 2.0 7.0 5.0 7.0 
4 6 3.63 3.63 10.0 3.0 10.0 8.0 6.0 8.0 6.0 3.0 6.0 2.0 2.0 2.0 7.0 5.0 7.0 8.0 3.0 8.0 
4 7 3.92 3.92 10.0 3.0 10.0 8.0 6.0 8.0 6.0 3.0 6.0 2.0 2.0 2.0 7.0 5.0 7.0 8.0 3.0 8.0 7.0 2.0 7.0 
4 5 3.93 3.93 10.0 7.0 10.0 2.0 2.0 2.0 7.0 4.0 7.0 3.0 3.0 3.0 3.0 2.0 3.0 
4 5 3.58 3.58 3.0 3.0 3.0 4.0 1.0 4.0 6.0 6.0 6.0 4.0 4.0 4.0 9.0 3.0 9.0 
4 5 3.86 3.86 8.0 5.0 8.0 2.0 2.0 2.0 9.0 6.0 9.0 10.0 10.0 10.0 7.0 4.0 7.0 
4 5 2.55 2.55 4.0 2.0 4.0 9.0 8.0 9.0 2.0 1.0 2.0 6.0 1.0 6.0 2.0 1.0 2.0 
4 6 3.55 3.55 4.0 2.0 4.0 9.0 8.0 9.0 2.0 1.0 2.0 6.0 1.0 6.0 2.0 1.0 2.0 2.0 2.0 2.0 
4 5 2.53 2.53 6.0 2.0 6.0 2.0 2.0 2.0 5.0 1.0 5.0 6.0 3.0 6.0 8.0 4.0 8.0 
4 6 3.28 3.28 6.0 2.0 6.0 2.0 2.0 2.0 5.0 1.0 5.0 6.0 3.0 6.0 8.0 4.0 8.0 4.0 3.0 4.0 
4 5 3.83 3.83 9.0 9.0 9.0 6.0 6.0 6.0 9.0 7.0 9.0 6.0 1.0 6.0 9.0 8.0 9.0 
4 5 3.31 3.31 7.0 7.0 7.0 9.0 1.0 9.0 5.0 2.0 5.0 3.0 3.0 3.0 5.0 4.0 5.0 
4 6 3.45 3.45 7.0 7.0 7.0 9.0 1.0 9.0 5.0 2.0 5.0 3.0 3.0 3.0 5.0 4.0 5.0 7.0 1.0 7.0 
4 5 3.75 3.75 4.0 2.0 4.0 5.0 2.0 5.0 3.0 3.0 3.0 7.0 6.0 7.0 7.0 7.0 7.0 
4 5 3.11 3.11 7.0 2.0 7.0 3.0 2.0 3.0 6.0 5.0 6.0 2.0 2.0 2.0 3.0 1.0 3.0 
4 6 3.61 3.61 7.0 2.0 7.0 3.0 2.0 3.0 6.0 5.0 6.0 2.0 2.0 2.0 3.0 1.0 3.0 4.0 2.0 4.0 
4 5 2.84 2.84 7.0 1.0 7.0 4.0 3.0 4.0 4.0 1.0 4.0 10.0 7.0 10.0 6.0 6.0 6.0 
4 6 3.67 3.67 7.0 1.0 7.0 4.0 3.0 4.0 4.0 1.0 4.0 10.0 7.0 10.0 6.0 6.0 6.0 6.0 5.0 6.0 
4 5 2.23 2.23 10.0 2.0 10.0 2.0 1.0 2.0 7.0 6.0 7.0 8.0 3.0 8.0 10.0 3.0 10.0 
4 6 3.23 3.23 10.0 2.0 10.0 2.0 1.0 2.0 7.0 6.0 7.0 8.0 3.0 8.0 10.0 3.0 10.0 6.0 6.0 6.0 
4 5 3.0 3.0 9.0 9.0 9.0 8.0 4.0 8.0 5.0 1.0 5.0 5.0 4.0 5.0 8.0 4.0 8.0 
4 6 3.62 3.62 9.0 9.0 9.0 8.0 4.0 8.0 5.0 1.0 5.0 5.0 4.0 5.0 8.0 4.0 8.0 8.0 5.0 8.0 
4 5 2.36 2.36 2.0 1.0 2.0 9.0 5.0 9.0 8.0 2.0 8.0 9.0 7.0 9.0 7.0 2.0 7.0 
4 6 2.76 2.76 2.0 1.0 2.0 9.0 5.0 9.0 8.0 2.0 8.0 9.0 7.0 9.0 7.0 2.0 7.0 5.0 2.0 5.0 
4 7 3.1 3.1 2.0 1.0 2.0 9.0 5.0 9.0 8.0 2.0 8.0 9.0 7.0 9.0 7.0 2.0 7.0 5.0 2.0 5.0 3.0 1.0 3.0 
4 8 3.95 3.95 2.0 1.0 2.0 9.0 5.0 9.0 8.0 2.0 8.0 9.0 7.0 9.0 7.0 2.0 7.0 5.0 2.0 5.0 3.0 1.0 3.0 7.0 6.0 7.0 
4 5 3.66 3.66 9.0 2.0 9.0 2.0 2.0 2.0 3.0 2.0 3.0 7.0 7.0 7.0 9.0 7.0 9.0 
4 5 1.96 1.96 9.0 6.0 9.0 7.0 1.0 7.0 3.0 2.0 3.0 7.0 2.0 7.0 5.0 1.0 5.0 
4 6 2.71 2.71 9.0 6.0 9.0 7.0 1.0 7.0 3.0 2.0 3.0 7.0 2.0 7.0 5.0 1.0 5.0 4.0 3.0 4.0 
4 7 3.71 3.71 9.0 6.0 9.0 7.0 1.0 7.0 3.0 2.0 3.0 7.0 2.0 7.0 5.0 1.0 5.0 4.0 3.0 4.0 2.0 2.0 2.0 
4 5 1.87 1.87 8.0 4.0 8.0 8.0 2.0 8.0 2.0 1.0 2.0 8.0 1.0 8.0 2.0 1.0 2.0 
4 6 2.76 2.76 8.0 4.0 8.0 8.0 2.0 8.0 2.0 1.0 2.0 8.0 1.0 8.0 2.0 1.0 2.0 9.0 8.0 9.0 
4 7 3.01 3.01 8.0 4.0 8.0 8.0 2.0 8.0 2.0 1.0 2.0 8.0 1.0 8.0 2.0 1.0 2.0 9.0 8.0 9.0 8.0 2.0 8.0 
4 5 3.42 3.42 4.0 2.0 4.0 7.0 4.0 7.0 8.0 7.0 8.0 7.0 6.0 7.0 8.0 5.0 8.0 
4 5 3.01 3.01 10.0 1.0 10.0 7.0 7.0 7.0 7.0 3.0 7.0 10.0 6.0 10.0 9.0 8.0 9.0 
4 6 3.46 3.46 10.0 1.0 10.0 7.0 7.0 7.0 7.0 3.0 7.0 10.0 6.0 10.0 9.0 8.0 9.0 9.0 4.0 9.0 
4 7 3.96 3.96 10.0 1.0 10.0 7.0 7.0 7.0 7.0 3.0 7.0 10.0 6.0 10.0 9.0 8.0 9.0 9.0 4.0 9.0 6.0 3.0 6.0 
4 5 2.0 2.0 2.0 2.0 2.0 4.0 1.0 4.0 8.0 2.0 8.0 6.0 1.0 6.0 6.0 2.0 6.0 
4 6 2.28 2.28 2.0 2.0 2.0 4.0 1.0 4.0 8.0 2.0 8.0 6.0 1.0 6.0 6.0 2.0 6.0 7.0 2.0 7.0 
4 7 2.78 2.78 2.0 2.0 2.0 4.0 1.0 4.0 8.0 2.0 8.0 6.0 1.0 6.0 6.0 2.0 6.0 7.0 2.0 7.0 2.0 1.0 2.0 
4 8 3.78 3.78 2.0 2.0 2.0 4.0 1.0 4.0 8.0 2.0 8.0 6.0 1.0 6.0 6.0 2.0 6.0 7.0 2.0 7.0 2.0 1.0 2.0 7.0 7.0 7.0 
4 5 2.99 2.99 7.0 1.0 7.0 4.0 4.0 4.0 9.0 2.0 9.0 8.0 5.0 8.0 6.0 6.0 6.0 
4 6 3.32 3.32 7.0 1.0 7.0 4.0 4.0 4.0 9.0 2.0 9.0 8.0 5.0 8.0 6.0 6.0 6.0 3.0 1.0 3.0 
4 5 3.39 3.39 6.0 5.0 6.0 9.0 6.0 9.0 5.0 4.0 5.0 3.0 2.0 3.0 7.0 3.0 7.0 
4 6 3.79 3.79 6.0 5.0 6.0 9.0 6.0 9.0 5.0 4.0 5.0 3.0 2.0 3.0 7.0 3.0 7.0 5.0 2.0 5.0 
4 7 3.96 3.96 6.0 5.0 6.0 9.0 6.0 9.0 5.0 4.0 5.0 3.0 2.0 3.0 7.0 3.0 7.0 5.0 2.0 5.0 6.0 1.0 6.0 
4 5 2.41 2.41 9.0 9.0 9.0 10.0 6.0 10.0 8.0 1.0 8.0 7.0 2.0 7.0 5.0 2.0 5.0 
4 6 2.51 2.51 9.0 9.0 9.0 10.0 6.0 10.0 8.0 1.0 8.0 7.0 2.0 7.0 5.0 2.0 5.0 10.0 1.0 10.0 
4 7 3.51 3.51 9.0 9.0 9.0 10.0 6.0 10.0 8.0 1.0 8.0 7.0 2.0 7.0 5.0 2.0 5.0 10.0 1.0 10.0 7.0 7.0 7.0 
4 5 2.44 2.44 4.0 2.0 4.0 3.0 1.0 3.0 7.0 6.0 7.0 6.0 3.0 6.0 4.0 1.0 4.0 
4 6 3.1 3.1 4.0 2.0 4.0 3.0 1.0 3.0 7.0 6.0 7.0 6.0 3.0 6.0 4.0 1.0 4.0 9.0 6.0 9.0 
4 7 3.7 3.7 4.0 2.0 4.0 3.0 1.0 3.0 7.0 6.0 7.0 6.0 3.0 6.0 4.0 1.0 4.0 9.0 6.0 9.0 5.0 3.0 5.0 
4 5 3.12 3.12 8.0 6.0 8.0 2.0 1.0 2.0 4.0 3.0 4.0 2.0 2.0 2.0 8.0 1.0 8.0 
4 5 3.09 3.09 8.0 7.0 8.0 6.0 2.0 6.0 2.0 2.0 2.0 9.0 2.0 9.0 9.0 6.0 9.0 
4 6 3.69 3.69 8.0 7.0 8.0 6.0 2.0 6.0 2.0 2.0 2.0 9.0 2.0 9.0 9.0 6.0 9.0 5.0 3.0 5.0 
4 7 3.89 3.89 8.0 7.0 8.0 6.0 2.0 6.0 2.0 2.0 2.0 9.0 2.0 9.0 9.0 6.0 9.0 5.0 3.0 5.0 5.0 1.0 5.0 
4 5 3.18 3.18 8.0 6.0 8.0 6.0 2.0 6.0 2.0 1.0 2.0 5.0 3.0 5.0 9.0 9.0 9.0 
4 5 3.44 3.44 2.0 2.0 2.0 6.0 3.0 6.0 5.0 5.0 5.0 7.0 4.0 7.0 8.0 3.0 8.0 
4 5 2.68 2.68 7.0 1.0 7.0 4.0 3.0 4.0 2.0 1.0 2.0 9.0 6.0 9.0 8.0 5.0 8.0 
4 6 3.18 3.18 7.0 1.0 7.0 4.0 3.0 4.0 2.0 1.0 2.0 9.0 6.0 9.0 8.0 5.0 8.0 10.0 5.0 10.0 
4 7 3.85 3.85 7.0 1.0 7.0 4.0 3.0 4.0 2.0 1.0 2.0 9.0 6.0 9.0 8.0 5.0 8.0 10.0 5.0 10.0 3.0 2.0 3.0 
4 5 2.31 2.31 10.0 1.0 10.0 5.0 2.0 5.0 7.0 5.0 7.0 4.0 2.0 4.0 5.0 3.0 5.0 
4 6 2.74 2.74 10.0 1.0 10.0 5.0 2.0 5.0 7.0 5.0 7.0 4.0 2.0 4.0 5.0 3.0 5.0 7.0 3.0 7.0 
4 7 3.74 3.74 10.0 1.0 10.0 5.0 2.0 5.0 7.0 5.0 7.0 4.0 2.0 4.0 5.0 3.0 5.0 7.0 3.0 7.0 2.0 2.0 2.0 
4 5 3.39 3.39 6.0 5.0 6.0 9.0 8.0 9.0 8.0 3.0 8.0 5.0 3.0 5.0 10.0 7.0 10.0 
4 5 3.01 3.01 7.0 4.0 7.0 2.0 2.0 2.0 2.0 1.0 2.0 9.0 4.0 9.0 2.0 1.0 2.0 
4 6 3.51 3.51 7.0 4.0 7.0 2.0 2.0 2.0 2.0 1.0 2.0 9.0 4.0 9.0 2.0 1.0 2.0 4.0 2.0 4.0 
4 5 1.71 1.71 7.0 5.0 7.0 4.0 1.0 4.0 5.0 1.0 5.0 9.0 4.0 9.0 9.0 1.0 9.0 
4 6 1.96 1.96 7.0 5.0 7.0 4.0 1.0 4.0 5.0 1.0 5.0 9.0 4.0 9.0 9.0 1.0 9.0 8.0 2.0 8.0 
4 7 2.96 2.96 7.0 5.0 7.0 4.0 1.0 4.0 5.0 1.0 5.0 9.0 4.0 9.0 9.0 1.0 9.0 8.0 2.0 8.0 3.0 3.0 3.0 
4 8 3.71 3.71 7.0 5.0 7.0 4.0 1.0 4.0 5.0 1.0 5.0 9.0 4.0 9.0 9.0 1.0 9.0 8.0 2.0 8.0 3.0 3.0 3.0 4.0 3.0 4.0 
4 5 3.62 3.62 9.0 6.0 9.0 10.0 9.0 10.0 2.0 2.0 2.0 8.0 5.0 8.0 7.0 3.0 7.0 
4 5 3.57 3.57 10.0 6.0 10.0 9.0 7.0 9.0 5.0 3.0 5.0 10.0 6.0 10.0 4.0 4.0 4.0 
4 6 3.74 3.74 10.0 6.0 10.0 9.0 7.0 9.0 5.0 3.0 5.0 10.0 6.0 10.0 4.0 4.0 4.0 6.0 1.0 6.0 
4 7 3.84 3.84 10.0 6.0 10.0 9.0 7.0 9.0 5.0 3.0 5.0 10.0 6.0 10.0 4.0 4.0 4.0 6.0 1.0 6.0 10.0 1.0 10.0 
4 8 3.96 3.96 10.0 6.0 10.0 9.0 7.0 9.0 5.0 3.0 5.0 10.0 6.0 10.0 4.0 4.0 4.0 6.0 1.0 6.0 10.0 1.0 10.0 8.0 1.0 8.0 
4 5 2.85 2.85 10.0 6.0 10.0 4.0 1.0 4.0 2.0 1.0 2.0 5.0 5.0 5.0 2.0 1.0 2.0 
4 6 3.85 3.85 10.0 6.0 10.0 4.0 1.0 4.0 2.0 1.0 2.0 5.0 5.0 5.0 2.0 1.0 2.0 5.0 5.0 5.0 
4 7 3.96 3.96 10.0 6.0 10.0 4.0 1.0 4.0 2.0 1.0 2.0 5.0 5.0 5.0 2.0 1.0 2.0 5.0 5.0 5.0 9.0 1.0 9.0 
4 5 2.7 2.7 7.0 3.0 7.0 4.0 1.0 4.0 10.0 9.0 10.0 8.0 1.0 8.0 6.0 6.0 6.0 
4 6 3.37 3.37 7.0 3.0 7.0 4.0 1.0 4.0 10.0 9.0 10.0 8.0 1.0 8.0 6.0 6.0 6.0 3.0 2.0 3.0 
4 7 3.87 3.87 7.0 3.0 7.0 4.0 1.0 4.0 10.0 9.0 10.0 8.0 1.0 8.0 6.0 6.0 6.0 3.0 2.0 3.0 2.0 1.0 2.0 
4 5 3.33 3.33 3.0 3.0 3.0 8.0 3.0 8.0 2.0 2.0 2.0 5.0 2.0 5.0 9.0 5.0 9.0 
4 6 3.83 3.83 3.0 3.0 3.0 8.0 3.0 8.0 2.0 2.0 2.0 5.0 2.0 5.0 9.0 5.0 9.0 2.0 1.0 2.0 
4 5 2.72 2.72 9.0 6.0 9.0 10.0 5.0 10.0 9.0 2.0 9.0 8.0 5.0 8.0 7.0 5.0 7.0 
4 6 3.72 3.72 9.0 6.0 9.0 10.0 5.0 10.0 9.0 2.0 9.0 8.0 5.0 8.0 7.0 5.0 7.0 2.0 2.0 2.0 
4 5 3.7 3.7 6.0 2.0 6.0 2.0 2.0 2.0 8.0 3.0 8.0 2.0 2.0 2.0 6.0 6.0 6.0 
4 5 2.69 2.69 3.0 2.0 3.0 4.0 2.0 4.0 10.0 1.0 10.0 8.0 5.0 8.0 5.0 4.0 5.0 
4 6 3.54 3.54 3.0 2.0 3.0 4.0 2.0 4.0 10.0 1.0 10.0 8.0 5.0 8.0 5.0 4.0 5.0 7.0 6.0 7.0 
4 5 2.79 2.79 3.0 1.0 3.0 10.0 6.0 10.0 7.0 3.0 7.0 7.0 7.0 7.0 7.0 3.0 7.0 
4 6 3.45 3.45 3.0 1.0 3.0 10.0 6.0 10.0 7.0 3.0 7.0 7.0 7.0 7.0 7.0 3.0 7.0 6.0 4.0 6.0 
4 7 3.95 3.95 3.0 1.0 3.0 10.0 6.0 10.0 7.0 3.0 7.0 7.0 7.0 7.0 7.0 3.0 7.0 6.0 4.0 6.0 2.0 1.0 2.0 
4 5 1.68 1.68 6.0 1.0 6.0 9.0 5.0 9.0 10.0 5.0 10.0 8.0 1.0 8.0 3.0 1.0 3.0 
4 6 2.34 2.34 6.0 1.0 6.0 9.0 5.0 9.0 10.0 5.0 10.0 8.0 1.0 8.0 3.0 1.0 3.0 3.0 2.0 3.0 
4 7 3.34 3.34 6.0 1.0 6.0 9.0 5.0 9.0 10.0 5.0 10.0 8.0 1.0 8.0 3.0 1.0 3.0 3.0 2.0 3.0 4.0 4.0 4.0 
4 8 3.72 3.72 6.0 1.0 6.0 9.0 5.0 9.0 10.0 5.0 10.0 8.0 1.0 8.0 3.0 1.0 3.0 3.0 2.0 3.0 4.0 4.0 4.0 8.0 3.0 8.0 
4 5 3.22 3.22 10.0 8.0 10.0 3.0 2.0 3.0 7.0 6.0 7.0 8.0 4.0 8.0 10.0 4.0 10.0 
4 5 2.82 2.82 7.0 4.0 7.0 4.0 1.0 4.0 8.0 8.0 8.0 8.0 6.0 8.0 4.0 1.0 4.0 
4 6 3.65 3.65 7.0 4.0 7.0 4.0 1.0 4.0 8.0 8.0 8.0 8.0 6.0 8.0 4.0 1.0 4.0 6.0 5.0 6.0 
4 5 3.19 3.19 4.0 3.0 4.0 6.0 6.0 6.0 2.0 1.0 2.0 9.0 4.0 9.0 2.0 1.0 2.0 
4 5 3.11 3.11 6.0 6.0 6.0 7.0 1.0 7.0 9.0 7.0 9.0 4.0 3.0 4.0 9.0 4.0 9.0 
4 5 3.25 3.25 10.0 8.0 10.0 8.0 6.0 8.0 2.0 1.0 2.0 10.0 4.0 10.0 10.0 8.0 10.0 
4 6 3.39 3.39 10.0 8.0 10.0 8.0 6.0 8.0 2.0 1.0 2.0 10.0 4.0 10.0 10.0 8.0 10.0 7.0 1.0 7.0 
4 7 3.76 3.76 10.0 8.0 10.0 8.0 6.0 8.0 2.0 1.0 2.0 10.0 4.0 10.0 10.0 8.0 10.0 7.0 1.0 7.0 8.0 3.0 8.0 
4 5 2.35 2.35 9.0 9.0 9.0 5.0 1.0 5.0 8.0 4.0 8.0 8.0 2.0 8.0 5.0 2.0 5.0 
4 6 2.68 2.68 9.0 9.0 9.0 5.0 1.0 5.0 8.0 4.0 8.0 8.0 2.0 8.0 5.0 2.0 5.0 6.0 2.0 6.0 
4 7 3.18 3.18 9.0 9.0 9.0 5.0 1.0 5.0 8.0 4.0 8.0 8.0 2.0 8.0 5.0 2.0 5.0 6.0 2.0 6.0 2.0 1.0 2.0 
4 5 3.55 3.55 2.0 2.0 2.0 3.0 1.0 3.0 10.0 9.0 10.0 4.0 3.0 4.0 7.0 4.0 7.0 
4 6 3.88 3.88 2.0 2.0 2.0 3.0 1.0 3.0 10.0 9.0 10.0 4.0 3.0 4.0 7.0 4.0 7.0 3.0 1.0 3.0 
4 5 3.5 3.5 6.0 2.0 6.0 2.0 2.0 2.0 5.0 5.0 5.0 8.0 3.0 8.0 5.0 4.0 5.0 
4 5 3.52 3.52 7.0 4.0 7.0 9.0 3.0 9.0 9.0 9.0 9.0 8.0 5.0 8.0 5.0 5.0 5.0 
4 5 3.11 3.11 8.0 5.0 8.0 4.0 1.0 4.0 7.0 4.0 7.0 3.0 2.0 3.0 7.0 7.0 7.0 
4 6 3.71 3.71 8.0 5.0 8.0 4.0 1.0 4.0 7.0 4.0 7.0 3.0 2.0 3.0 7.0 7.0 7.0 5.0 3.0 5.0 
4 7 3.96 3.96 8.0 5.0 8.0 4.0 1.0 4.0 7.0 4.0 7.0 3.0 2.0 3.0 7.0 7.0 7.0 5.0 3.0 5.0 8.0 2.0 8.0 
4 5 3.0 3.0 3.0 3.0 3.0 7.0 1.0 7.0 3.0 2.0 3.0 5.0 1.0 5.0 2.0 2.0 2.0 
4 6 3.25 3.25 3.0 3.0 3.0 7.0 1.0 7.0 3.0 2.0 3.0 5.0 1.0 5.0 2.0 2.0 2.0 8.0 2.0 8.0 
4 7 3.92 3.92 3.0 3.0 3.0 7.0 1.0 7.0 3.0 2.0 3.0 5.0 1.0 5.0 2.0 2.0 2.0 8.0 2.0 8.0 3.0 2.0 3.0 
4 5 1.5 1.5 7.0 2.0 7.0 5.0 1.0 5.0 8.0 5.0 8.0 7.0 2.0 7.0 9.0 1.0 9.0 
4 6 2.0 2.0 7.0 2.0 7.0 5.0 1.0 5.0 8.0 5.0 8.0 7.0 2.0 7.0 9.0 1.0 9.0 10.0 5.0 10.0 
4 7 2.13 2.13 7.0 2.0 7.0 5.0 1.0 5.0 8.0 5.0 8.0 7.0 2.0 7.0 9.0 1.0 9.0 10.0 5.0 10.0 8.0 1.0 8.0 
4 8 3.13 3.13 7.0 2.0 7.0 5.0 1.0 5.0 8.0 5.0 8.0 7.0 2.0 7.0 9.0 1.0 9.0 10.0 5.0 10.0 8.0 1.0 8.0 2.0 2.0 2.0 
4 5 3.15 3.15 4.0 1.0 4.0 6.0 3.0 6.0 3.0 3.0 3.0 5.0 2.0 5.0 6.0 6.0 6.0 
4 6 3.55 3.55 4.0 1.0 4.0 6.0 3.0 6.0 3.0 3.0 3.0 5.0 2.0 5.0 6.0 6.0 6.0 5.0 2.0 5.0 
4 5 2.82 2.82 2.0 1.0 2.0 8.0 5.0 8.0 10.0 4.0 10.0 6.0 3.0 6.0 10.0 8.0 10.0 
4 6 3.15 3.15 2.0 1.0 2.0 8.0 5.0 8.0 10.0 4.0 10.0 6.0 3.0 6.0 10.0 8.0 10.0 9.0 3.0 9.0 
4 7 3.26 3.26 2.0 1.0 2.0 8.0 5.0 8.0 10.0 4.0 10.0 6.0 3.0 6.0 10.0 8.0 10.0 9.0 3.0 9.0 9.0 1.0 9.0 
4 8 3.84 3.84 2.0 1.0 2.0 8.0 5.0 8.0 10.0 4.0 10.0 6.0 3.0 6.0 10.0 8.0 10.0 9.0 3.0 9.0 9.0 1.0 9.0 7.0 4.0 7.0 
4 5 3.88 3.88 7.0 2.0 7.0 5.0 5.0 5.0 5.0 3.0 5.0 2.0 2.0 2.0 2.0 2.0 2.0 
4 5 3.33 3.33 4.0 2.0 4.0 6.0 5.0 6.0 2.0 1.0 2.0 2.0 1.0 2.0 2.0 2.0 2.0 
4 6 3.93 3.93 4.0 2.0 4.0 6.0 5.0 6.0 2.0 1.0 2.0 2.0 1.0 2.0 2.0 2.0 2.0 10.0 6.0 10.0 
4 5 3.35 3.35 8.0 8.0 8.0 10.0 9.0 10.0 4.0 3.0 4.0 10.0 2.0 10.0 4.0 2.0 4.0 
4 5 2.48 2.48 10.0 5.0 10.0 10.0 9.0 10.0 8.0 5.0 8.0 8.0 1.0 8.0 6.0 2.0 6.0 
4 6 3.48 3.48 10.0 5.0 10.0 10.0 9.0 10.0 8.0 5.0 8.0 8.0 1.0 8.0 6.0 2.0 6.0 3.0 3.0 3.0 
4 5 2.88 2.88 9.0 7.0 9.0 10.0 3.0 10.0 3.0 2.0 3.0 10.0 7.0 10.0 9.0 4.0 9.0 
4 6 3.28 3.28 9.0 7.0 9.0 10.0 3.0 10.0 3.0 2.0 3.0 10.0 7.0 10.0 9.0 4.0 9.0 5.0 2.0 5.0 
4 7 3.62 3.62 9.0 7.0 9.0 10.0 3.0 10.0 3.0 2.0 3.0 10.0 7.0 10.0 9.0 4.0 9.0 5.0 2.0 5.0 9.0 3.0 9.0 
4 5 2.43 2.43 5.0 4.0 5.0 7.0 2.0 7.0 5.0 1.0 5.0 9.0 4.0 9.0 10.0 7.0 10.0 
4 6 3.31 3.31 5.0 4.0 5.0 7.0 2.0 7.0 5.0 1.0 5.0 9.0 4.0 9.0 10.0 7.0 10.0 9.0 8.0 9.0 
4 5 3.53 3.53 7.0 7.0 7.0 7.0 4.0 7.0 5.0 4.0 5.0 9.0 6.0 9.0 2.0 1.0 2.0 
4 5 3.33 3.33 6.0 6.0 6.0 3.0 1.0 3.0 4.0 4.0 4.0 10.0 1.0 10.0 10.0 9.0 10.0 
4 5 1.98 1.98 10.0 2.0 10.0 9.0 8.0 9.0 5.0 2.0 5.0 4.0 1.0 4.0 4.0 1.0 4.0 
4 6 2.48 2.48 10.0 2.0 10.0 9.0 8.0 9.0 5.0 2.0 5.0 4.0 1.0 4.0 4.0 1.0 4.0 8.0 4.0 8.0 
4 7 3.23 3.23 10.0 2.0 10.0 9.0 8.0 9.0 5.0 2.0 5.0 4.0 1.0 4.0 4.0 1.0 4.0 8.0 4.0 8.0 4.0 3.0 4.0 
4 8 3.66 3.66 10.0 2.0 10.0 9.0 8.0 9.0 5.0 2.0 5.0 4.0 1.0 4.0 4.0 1.0 4.0 8.0 4.0 8.0 4.0 3.0 4.0 7.0 3.0 7.0 
4 5 3.55 3.55 3.0 2.0 3.0 8.0 6.0 8.0 4.0 4.0 4.0 7.0 2.0 7.0 7.0 6.0 7.0 
4 6 3.95 3.95 3.0 2.0 3.0 8.0 6.0 8.0 4.0 4.0 4.0 7.0 2.0 7.0 7.0 6.0 7.0 5.0 2.0 5.0 
4 5 2.69 2.69 7.0 3.0 7.0 7.0 3.0 7.0 3.0 1.0 3.0 2.0 2.0 2.0 10.0 5.0 10.0 
4 6 3.19 3.19 7.0 3.0 7.0 7.0 3.0 7.0 3.0 1.0 3.0 2.0 2.0 2.0 10.0 5.0 10.0 4.0 2.0 4.0 
4 5 2.66 2.66 6.0 6.0 6.0 8.0 8.0 8.0 6.0 1.0 6.0 8.0 2.0 8.0 4.0 1.0 4.0 
4 6 3.29 3.29 6.0 6.0 6.0 8.0 8.0 8.0 6.0 1.0 6.0 8.0 2.0 8.0 4.0 1.0 4.0 8.0 5.0 8.0 
4 7 3.79 3.79 6.0 6.0 6.0 8.0 8.0 8.0 6.0 1.0 6.0 8.0 2.0 8.0 4.0 1.0 4.0 8.0 5.0 8.0 2.0 1.0 2.0 
4 5 1.65 1.65 4.0 1.0 4.0 4.0 1.0 4.0 5.0 2.0 5.0 4.0 1.0 4.0 2.0 1.0 2.0 
4 6 2.48 2.48 4.0 1.0 4.0 4.0 1.0 4.0 5.0 2.0 5.0 4.0 1.0 4.0 2.0 1.0 2.0 6.0 5.0 6.0 
4 7 2.98 2.98 4.0 1.0 4.0 4.0 1.0 4.0 5.0 2.0 5.0 4.0 1.0 4.0 2.0 1.0 2.0 6.0 5.0 6.0 4.0 2.0 4.0 
4 8 3.98 3.98 4.0 1.0 4.0 4.0 1.0 4.0 5.0 2.0 5.0 4.0 1.0 4.0 2.0 1.0 2.0 6.0 5.0 6.0 4.0 2.0 4.0 2.0 2.0 2.0 
4 5 3.04 3.04 9.0 4.0 9.0 9.0 6.0 9.0 3.0 3.0 3.0 3.0 1.0 3.0 10.0 6.0 10.0 
4 6 3.84 3.84 9.0 4.0 9.0 9.0 6.0 9.0 3.0 3.0 3.0 3.0 1.0 3.0 10.0 6.0 10.0 5.0 4.0 5.0 
4 5 2.45 2.45 10.0 4.0 10.0 2.0 1.0 2.0 10.0 4.0 10.0 4.0 1.0 4.0 10.0 9.0 10.0 
4 6 2.61 2.61 10.0 4.0 10.0 2.0 1.0 2.0 10.0 4.0 10.0 4.0 1.0 4.0 10.0 9.0 10.0 6.0 1.0 6.0 
4 7 3.11 3.11 10.0 4.0 10.0 2.0 1.0 2.0 10.0 4.0 10.0 4.0 1.0 4.0 10.0 9.0 10.0 6.0 1.0 6.0 2.0 1.0 2.0 
4 8 3.45 3.45 10.0 4.0 10.0 2.0 1.0 2.0 10.0 4.0 10.0 4.0 1.0 4.0 10.0 9.0 10.0 6.0 1.0 6.0 2.0 1.0 2.0 3.0 1.0 3.0 
4 5 3.25 3.25 2.0 1.0 2.0 2.0 1.0 2.0 5.0 5.0 5.0 4.0 3.0 4.0 2.0 1.0 2.0 
4 6 3.45 3.45 2.0 1.0 2.0 2.0 1.0 2.0 5.0 5.0 5.0 4.0 3.0 4.0 2.0 1.0 2.0 5.0 1.0 5.0 
4 7 3.87 3.87 2.0 1.0 2.0 2.0 1.0 2.0 5.0 5.0 5.0 4.0 3.0 4.0 2.0 1.0 2.0 5.0 1.0 5.0 7.0 3.0 7.0 
4 5 3.57 3.57 4.0 4.0 4.0 2.0 1.0 2.0 10.0 7.0 10.0 10.0 5.0 10.0 8.0 7.0 8.0 
4 5 3.16 3.16 9.0 7.0 9.0 10.0 7.0 10.0 7.0 2.0 7.0 5.0 3.0 5.0 5.0 4.0 5.0 
4 5 2.83 2.83 7.0 2.0 7.0 10.0 3.0 10.0 3.0 3.0 3.0 6.0 6.0 6.0 4.0 1.0 4.0 
4 6 3.83 3.83 7.0 2.0 7.0 10.0 3.0 10.0 3.0 3.0 3.0 6.0 6.0 6.0 4.0 1.0 4.0 7.0 7.0 7.0 
4 5 2.96 2.96 10.0 2.0 10.0 6.0 1.0 6.0 10.0 6.0 10.0 4.0 4.0 4.0 2.0 2.0 2.0 
4 6 3.56 3.56 10.0 2.0 10.0 6.0 1.0 6.0 10.0 6.0 10.0 4.0 4.0 4.0 2.0 2.0 2.0 5.0 3.0 5.0 
4 5 3.72 3.72 8.0 4.0 8.0 9.0 2.0 9.0 2.0 2.0 2.0 7.0 7.0 7.0 8.0 8.0 8.0 
4 5 3.43 3.43 4.0 2.0 4.0 6.0 6.0 6.0 8.0 3.0 8.0 10.0 10.0 10.0 9.0 5.0 9.0 
4 5 2.6 2.6 7.0 6.0 7.0 10.0 4.0 10.0 2.0 1.0 2.0 4.0 1.0 4.0 10.0 6.0 10.0 
4 6 3.1 3.1 7.0 6.0 7.0 10.0 4.0 10.0 2.0 1.0 2.0 4.0 1.0 4.0 10.0 6.0 10.0 4.0 2.0 4.0 
4 7 3.96 3.96 7.0 6.0 7.0 10.0 4.0 10.0 2.0 1.0 2.0 4.0 1.0 4.0 10.0 6.0 10.0 4.0 2.0 4.0 7.0 6.0 7.0 
4 5 3.88 3.88 9.0 6.0 9.0 3.0 1.0 3.0 9.0 8.0 9.0 8.0 8.0 8.0 4.0 4.0 4.0 
4 5 2.6 2.6 10.0 7.0 10.0 5.0 2.0 5.0 2.0 1.0 2.0 6.0 4.0 6.0 3.0 1.0 3.0 
4 6 2.93 2.93 10.0 7.0 10.0 5.0 2.0 5.0 2.0 1.0 2.0 6.0 4.0 6.0 3.0 1.0 3.0 3.0 1.0 3.0 
4 7 3.36 3.36 10.0 7.0 10.0 5.0 2.0 5.0 2.0 1.0 2.0 6.0 4.0 6.0 3.0 1.0 3.0 3.0 1.0 3.0 7.0 3.0 7.0 
4 8 3.98 3.98 10.0 7.0 10.0 5.0 2.0 5.0 2.0 1.0 2.0 6.0 4.0 6.0 3.0 1.0 3.0 3.0 1.0 3.0 7.0 3.0 7.0 8.0 5.0 8.0 
4 5 1.74 1.74 8.0 1.0 8.0 10.0 1.0 10.0 4.0 1.0 4.0 5.0 3.0 5.0 3.0 2.0 3.0 
4 6 2.24 2.24 8.0 1.0 8.0 10.0 1.0 10.0 4.0 1.0 4.0 5.0 3.0 5.0 3.0 2.0 3.0 4.0 2.0 4.0 
4 7 2.9 2.9 8.0 1.0 8.0 10.0 1.0 10.0 4.0 1.0 4.0 5.0 3.0 5.0 3.0 2.0 3.0 4.0 2.0 4.0 3.0 2.0 3.0 
4 8 3.05 3.05 8.0 1.0 8.0 10.0 1.0 10.0 4.0 1.0 4.0 5.0 3.0 5.0 3.0 2.0 3.0 4.0 2.0 4.0 3.0 2.0 3.0 7.0 1.0 7.0 
4 9 3.33 3.33 8.0 1.0 8.0 10.0 1.0 10.0 4.0 1.0 4.0 5.0 3.0 5.0 3.0 2.0 3.0 4.0 2.0 4.0 3.0 2.0 3.0 7.0 1.0 7.0 7.0 2.0 7.0 
4 5 2.37 2.37 4.0 1.0 4.0 6.0 1.0 6.0 3.0 1.0 3.0 5.0 5.0 5.0 8.0 5.0 8.0 
4 6 3.12 3.12 4.0 1.0 4.0 6.0 1.0 6.0 3.0 1.0 3.0 5.0 5.0 5.0 8.0 5.0 8.0 8.0 6.0 8.0 
4 5 3.48 3.48 3.0 1.0 3.0 10.0 9.0 10.0 4.0 4.0 4.0 4.0 1.0 4.0 7.0 7.0 7.0 
4 5 2.66 2.66 10.0 6.0 10.0 2.0 1.0 2.0 3.0 2.0 3.0 10.0 4.0 10.0 2.0 1.0 2.0 
4 6 3.66 3.66 10.0 6.0 10.0 2.0 1.0 2.0 3.0 2.0 3.0 10.0 4.0 10.0 2.0 1.0 2.0 5.0 5.0 5.0 
4 7 4.0 4.0 10.0 6.0 10.0 2.0 1.0 2.0 3.0 2.0 3.0 10.0 4.0 10.0 2.0 1.0 2.0 5.0 5.0 5.0 9.0 3.0 9.0 
4 5 2.25 2.25 2.0 1.0 2.0 8.0 3.0 8.0 3.0 3.0 3.0 4.0 1.0 4.0 8.0 1.0 8.0 
4 6 2.85 2.85 2.0 1.0 2.0 8.0 3.0 8.0 3.0 3.0 3.0 4.0 1.0 4.0 8.0 1.0 8.0 5.0 3.0 5.0 
4 7 3.85 3.85 2.0 1.0 2.0 8.0 3.0 8.0 3.0 3.0 3.0 4.0 1.0 4.0 8.0 1.0 8.0 5.0 3.0 5.0 5.0 5.0 5.0 
4 5 3.62 3.62 9.0 9.0 9.0 8.0 7.0 8.0 3.0 3.0 3.0 2.0 1.0 2.0 8.0 2.0 8.0 
4 5 1.82 1.82 8.0 4.0 8.0 8.0 2.0 8.0 6.0 2.0 6.0 7.0 1.0 7.0 5.0 3.0 5.0 
4 6 1.92 1.92 8.0 4.0 8.0 8.0 2.0 8.0 6.0 2.0 6.0 7.0 1.0 7.0 5.0 3.0 5.0 10.0 1.0 10.0 
4 7 2.17 2.17 8.0 4.0 8.0 8.0 2.0 8.0 6.0 2.0 6.0 7.0 1.0 7.0 5.0 3.0 5.0 10.0 1.0 10.0 4.0 1.0 4.0 
4 8 2.67 2.67 8.0 4.0 8.0 8.0 2.0 8.0 6.0 2.0 6.0 7.0 1.0 7.0 5.0 3.0 5.0 10.0 1.0 10.0 4.0 1.0 4.0 2.0 1.0 2.0 
4 9 3.67 3.67 8.0 4.0 8.0 8.0 2.0 8.0 6.0 2.0 6.0 7.0 1.0 7.0 5.0 3.0 5.0 10.0 1.0 10.0 4.0 1.0 4.0 2.0 1.0 2.0 6.0 6.0 6.0 
4 5 3.2 3.2 7.0 7.0 7.0 10.0 1.0 10.0 2.0 1.0 2.0 10.0 10.0 10.0 10.0 6.0 10.0 
4 6 3.3 3.3 7.0 7.0 7.0 10.0 1.0 10.0 2.0 1.0 2.0 10.0 10.0 10.0 10.0 6.0 10.0 10.0 1.0 10.0 
4 5 1.96 1.96 9.0 5.0 9.0 8.0 2.0 8.0 3.0 1.0 3.0 5.0 1.0 5.0 8.0 5.0 8.0 
4 6 2.96 2.96 9.0 5.0 9.0 8.0 2.0 8.0 3.0 1.0 3.0 5.0 1.0 5.0 8.0 5.0 8.0 4.0 4.0 4.0 
4 7 3.46 3.46 9.0 5.0 9.0 8.0 2.0 8.0 3.0 1.0 3.0 5.0 1.0 5.0 8.0 5.0 8.0 4.0 4.0 4.0 6.0 3.0 6.0 
4 5 3.73 3.73 2.0 1.0 2.0 5.0 4.0 5.0 9.0 5.0 9.0 8.0 8.0 8.0 8.0 7.0 8.0 
4 5 3.62 3.62 5.0 3.0 5.0 3.0 3.0 3.0 5.0 4.0 5.0 9.0 2.0 9.0 4.0 4.0 4.0 
4 5 2.73 2.73 8.0 5.0 8.0 4.0 3.0 4.0 9.0 1.0 9.0 6.0 3.0 6.0 8.0 6.0 8.0 
4 6 3.53 3.53 8.0 5.0 8.0 4.0 3.0 4.0 9.0 1.0 9.0 6.0 3.0 6.0 8.0 6.0 8.0 5.0 4.0 5.0 
4 7 3.96 3.96 8.0 5.0 8.0 4.0 3.0 4.0 9.0 1.0 9.0 6.0 3.0 6.0 8.0 6.0 8.0 5.0 4.0 5.0 7.0 3.0 7.0 
4 5 2.11 2.11 7.0 2.0 7.0 10.0 8.0 10.0 10.0 3.0 10.0 3.0 1.0 3.0 5.0 2.0 5.0 
4 6 2.51 2.51 7.0 2.0 7.0 10.0 8.0 10.0 10.0 3.0 10.0 3.0 1.0 3.0 5.0 2.0 5.0 5.0 2.0 5.0 
4 7 3.51 3.51 7.0 2.0 7.0 10.0 8.0 10.0 10.0 3.0 10.0 3.0 1.0 3.0 5.0 2.0 5.0 5.0 2.0 5.0 10.0 10.0 10.0 
4 5 2.75 2.75 7.0 2.0 7.0 6.0 1.0 6.0 5.0 4.0 5.0 8.0 4.0 8.0 2.0 2.0 2.0 
4 6 3.75 3.75 7.0 2.0 7.0 6.0 1.0 6.0 5.0 4.0 5.0 8.0 4.0 8.0 2.0 2.0 2.0 2.0 2.0 2.0 
4 5 3.42 3.42 8.0 5.0 8.0 9.0 9.0 9.0 10.0 7.0 10.0 10.0 5.0 10.0 5.0 3.0 5.0 
4 5 1.81 1.81 10.0 4.0 10.0 4.0 2.0 4.0 6.0 1.0 6.0 2.0 1.0 2.0 4.0 1.0 4.0 
4 6 2.67 2.67 10.0 4.0 10.0 4.0 2.0 4.0 6.0 1.0 6.0 2.0 1.0 2.0 4.0 1.0 4.0 7.0 6.0 7.0 
4 7 3.47 3.47 10.0 4.0 10.0 4.0 2.0 4.0 6.0 1.0 6.0 2.0 1.0 2.0 4.0 1.0 4.0 7.0 6.0 7.0 5.0 4.0 5.0 
4 5 3.3 3.3 3.0 1.0 3.0 2.0 2.0 2.0 10.0 1.0 10.0 8.0 7.0 8.0 8.0 8.0 8.0 
4 5 3.38 3.38 3.0 3.0 3.0 6.0 3.0 6.0 8.0 5.0 8.0 7.0 3.0 7.0 6.0 5.0 6.0 
4 5 2.55 2.55 8.0 3.0 8.0 3.0 3.0 3.0 9.0 4.0 9.0 6.0 1.0 6.0 7.0 4.0 7.0 
4 6 2.89 2.89 8.0 3.0 8.0 3.0 3.0 3.0 9.0 4.0 9.0 6.0 1.0 6.0 7.0 4.0 7.0 3.0 1.0 3.0 
4 7 3.49 3.49 8.0 3.0 8.0 3.0 3.0 3.0 9.0 4.0 9.0 6.0 1.0 6.0 7.0 4.0 7.0 3.0 1.0 3.0 10.0 6.0 10.0 
4 8 3.86 3.86 8.0 3.0 8.0 3.0 3.0 3.0 9.0 4.0 9.0 6.0 1.0 6.0 7.0 4.0 7.0 3.0 1.0 3.0 10.0 6.0 10.0 8.0 3.0 8.0 
4 5 2.83 2.83 8.0 8.0 8.0 4.0 3.0 4.0 4.0 1.0 4.0 3.0 1.0 3.0 6.0 3.0 6.0 
4 6 3.08 3.08 8.0 8.0 8.0 4.0 3.0 4.0 4.0 1.0 4.0 3.0 1.0 3.0 6.0 3.0 6.0 4.0 1.0 4.0 
4 7 3.41 3.41 8.0 8.0 8.0 4.0 3.0 4.0 4.0 1.0 4.0 3.0 1.0 3.0 6.0 3.0 6.0 4.0 1.0 4.0 3.0 1.0 3.0 
4 8 3.61 3.61 8.0 8.0 8.0 4.0 3.0 4.0 4.0 1.0 4.0 3.0 1.0 3.0 6.0 3.0 6.0 4.0 1.0 4.0 3.0 1.0 3.0 5.0 1.0 5.0 
4 5 2.93 2.93 9.0 3.0 9.0 10.0 1.0 10.0 7.0 7.0 7.0 2.0 1.0 2.0 5.0 5.0 5.0 
4 6 3.93 3.93 9.0 3.0 9.0 10.0 1.0 10.0 7.0 7.0 7.0 2.0 1.0 2.0 5.0 5.0 5.0 2.0 2.0 2.0 
4 5 3.67 3.67 4.0 4.0 4.0 2.0 2.0 2.0 8.0 5.0 8.0 8.0 5.0 8.0 7.0 3.0 7.0 
4 5 2.71 2.71 4.0 1.0 4.0 3.0 2.0 3.0 6.0 5.0 6.0 6.0 1.0 6.0 5.0 4.0 5.0 
4 6 2.96 2.96 4.0 1.0 4.0 3.0 2.0 3.0 6.0 5.0 6.0 6.0 1.0 6.0 5.0 4.0 5.0 4.0 1.0 4.0 
4 7 3.96 3.96 4.0 1.0 4.0 3.0 2.0 3.0 6.0 5.0 6.0 6.0 1.0 6.0 5.0 4.0 5.0 4.0 1.0 4.0 2.0 2.0 2.0 
4 5 3.15 3.15 5.0 5.0 5.0 10.0 9.0 10.0 4.0 1.0 4.0 4.0 3.0 4.0 4.0 1.0 4.0 
4 5 2.98 2.98 10.0 5.0 10.0 7.0 3.0 7.0 9.0 9.0 9.0 4.0 2.0 4.0 9.0 5.0 9.0 
4 6 3.98 3.98 10.0 5.0 10.0 7.0 3.0 7.0 9.0 9.0 9.0 4.0 2.0 4.0 9.0 5.0 9.0 2.0 2.0 2.0 
4 5 2.99 2.99 9.0 4.0 9.0 8.0 4.0 8.0 4.0 3.0 4.0 10.0 10.0 10.0 10.0 3.0 10.0 
4 6 3.66 3.66 9.0 4.0 9.0 8.0 4.0 8.0 4.0 3.0 4.0 10.0 10.0 10.0 10.0 3.0 10.0 6.0 4.0 6.0 
4 5 3.01 3.01 4.0 2.0 4.0 3.0 2.0 3.0 9.0 5.0 9.0 5.0 2.0 5.0 9.0 8.0 9.0 
4 5 3.9 3.9 7.0 7.0 7.0 3.0 3.0 3.0 10.0 9.0 10.0 9.0 1.0 9.0 9.0 8.0 9.0 
4 5 3.11 3.11 7.0 7.0 7.0 4.0 2.0 4.0 4.0 2.0 4.0 10.0 10.0 10.0 9.0 1.0 9.0 
4 5 2.47 2.47 9.0 2.0 9.0 4.0 1.0 4.0 2.0 2.0 2.0 8.0 6.0 8.0 8.0 2.0 8.0 
4 6 3.47 3.47 9.0 2.0 9.0 4.0 1.0 4.0 2.0 2.0 2.0 8.0 6.0 8.0 8.0 2.0 8.0 2.0 2.0 2.0 
4 5 1.9 1.9 9.0 1.0 9.0 2.0 1.0 2.0 6.0 1.0 6.0 4.0 3.0 4.0 8.0 3.0 8.0 
4 6 2.2 2.2 9.0 1.0 9.0 2.0 1.0 2.0 6.0 1.0 6.0 4.0 3.0 4.0 8.0 3.0 8.0 10.0 3.0 10.0 
4 7 2.45 2.45 9.0 1.0 9.0 2.0 1.0 2.0 6.0 1.0 6.0 4.0 3.0 4.0 8.0 3.0 8.0 10.0 3.0 10.0 4.0 1.0 4.0 
4 8 2.65 2.65 9.0 1.0 9.0 2.0 1.0 2.0 6.0 1.0 6.0 4.0 3.0 4.0 8.0 3.0 8.0 10.0 3.0 10.0 4.0 1.0 4.0 5.0 1.0 5.0 
4 9 3.65 3.65 9.0 1.0 9.0 2.0 1.0 2.0 6.0 1.0 6.0 4.0 3.0 4.0 8.0 3.0 8.0 10.0 3.0 10.0 4.0 1.0 4.0 5.0 1.0 5.0 5.0 5.0 5.0 
4 5 3.08 3.08 4.0 3.0 4.0 9.0 3.0 9.0 4.0 2.0 4.0 3.0 3.0 3.0 2.0 1.0 2.0 
4 6 3.51 3.51 4.0 3.0 4.0 9.0 3.0 9.0 4.0 2.0 4.0 3.0 3.0 3.0 2.0 1.0 2.0 7.0 3.0 7.0 
4 5 2.6 2.6 4.0 3.0 4.0 5.0 2.0 5.0 2.0 2.0 2.0 5.0 1.0 5.0 4.0 1.0 4.0 
4 6 3.43 3.43 4.0 3.0 4.0 5.0 2.0 5.0 2.0 2.0 2.0 5.0 1.0 5.0 4.0 1.0 4.0 6.0 5.0 6.0 
4 7 3.93 3.93 4.0 3.0 4.0 5.0 2.0 5.0 2.0 2.0 2.0 5.0 1.0 5.0 4.0 1.0 4.0 6.0 5.0 6.0 8.0 4.0 8.0 
4 5 2.15 2.15 9.0 6.0 9.0 7.0 1.0 7.0 8.0 1.0 8.0 9.0 4.0 9.0 9.0 7.0 9.0 
4 6 2.55 2.55 9.0 6.0 9.0 7.0 1.0 7.0 8.0 1.0 8.0 9.0 4.0 9.0 9.0 7.0 9.0 5.0 2.0 5.0 
4 7 3.44 3.44 9.0 6.0 9.0 7.0 1.0 7.0 8.0 1.0 8.0 9.0 4.0 9.0 9.0 7.0 9.0 5.0 2.0 5.0 9.0 8.0 9.0 
4 8 3.77 3.77 9.0 6.0 9.0 7.0 1.0 7.0 8.0 1.0 8.0 9.0 4.0 9.0 9.0 7.0 9.0 5.0 2.0 5.0 9.0 8.0 9.0 6.0 2.0 6.0 
4 5 3.37 3.37 2.0 2.0 2.0 8.0 4.0 8.0 5.0 5.0 5.0 8.0 3.0 8.0 8.0 4.0 8.0 
4 6 3.7 3.7 2.0 2.0 2.0 8.0 4.0 8.0 5.0 5.0 5.0 8.0 3.0 8.0 8.0 4.0 8.0 3.0 1.0 3.0 
4 5 3.15 3.15 5.0 5.0 5.0 2.0 1.0 2.0 8.0 6.0 8.0 2.0 1.0 2.0 5.0 2.0 5.0 
4 6 3.81 3.81 5.0 5.0 5.0 2.0 1.0 2.0 8.0 6.0 8.0 2.0 1.0 2.0 5.0 2.0 5.0 9.0 6.0 9.0 
4 5 2.52 2.52 10.0 5.0 10.0 6.0 6.0 6.0 5.0 1.0 5.0 5.0 3.0 5.0 9.0 2.0 9.0 
4 6 3.14 3.14 10.0 5.0 10.0 6.0 6.0 6.0 5.0 1.0 5.0 5.0 3.0 5.0 9.0 2.0 9.0 8.0 5.0 8.0 
4 5 3.66 3.66 8.0 6.0 8.0 2.0 2.0 2.0 6.0 6.0 6.0 3.0 2.0 3.0 4.0 1.0 4.0 
4 5 2.95 2.95 10.0 2.0 10.0 7.0 6.0 7.0 5.0 3.0 5.0 5.0 4.0 5.0 8.0 4.0 8.0 
4 6 3.2 3.2 10.0 2.0 10.0 7.0 6.0 7.0 5.0 3.0 5.0 5.0 4.0 5.0 8.0 4.0 8.0 8.0 2.0 8.0 
4 7 3.58 3.58 10.0 2.0 10.0 7.0 6.0 7.0 5.0 3.0 5.0 5.0 4.0 5.0 8.0 4.0 8.0 8.0 2.0 8.0 8.0 3.0 8.0 
4 5 3.02 3.02 6.0 3.0 6.0 2.0 2.0 2.0 5.0 2.0 5.0 8.0 1.0 8.0 3.0 3.0 3.0 
4 6 3.16 3.16 6.0 3.0 6.0 2.0 2.0 2.0 5.0 2.0 5.0 8.0 1.0 8.0 3.0 3.0 3.0 7.0 1.0 7.0 
4 7 3.96 3.96 6.0 3.0 6.0 2.0 2.0 2.0 5.0 2.0 5.0 8.0 1.0 8.0 3.0 3.0 3.0 7.0 1.0 7.0 5.0 4.0 5.0 
4 5 3.12 3.12 9.0 6.0 9.0 8.0 7.0 8.0 5.0 3.0 5.0 8.0 7.0 8.0 9.0 1.0 9.0 
4 5 2.94 2.94 9.0 9.0 9.0 4.0 2.0 4.0 10.0 5.0 10.0 2.0 1.0 2.0 9.0 4.0 9.0 
4 6 3.83 3.83 9.0 9.0 9.0 4.0 2.0 4.0 10.0 5.0 10.0 2.0 1.0 2.0 9.0 4.0 9.0 9.0 8.0 9.0 
4 5 2.18 2.18 5.0 5.0 5.0 5.0 1.0 5.0 5.0 2.0 5.0 3.0 1.0 3.0 4.0 1.0 4.0 
4 6 2.38 2.38 5.0 5.0 5.0 5.0 1.0 5.0 5.0 2.0 5.0 3.0 1.0 3.0 4.0 1.0 4.0 10.0 2.0 10.0 
4 7 2.5 2.5 5.0 5.0 5.0 5.0 1.0 5.0 5.0 2.0 5.0 3.0 1.0 3.0 4.0 1.0 4.0 10.0 2.0 10.0 8.0 1.0 8.0 
4 8 3.0 3.0 5.0 5.0 5.0 5.0 1.0 5.0 5.0 2.0 5.0 3.0 1.0 3.0 4.0 1.0 4.0 10.0 2.0 10.0 8.0 1.0 8.0 2.0 1.0 2.0 
4 9 3.67 3.67 5.0 5.0 5.0 5.0 1.0 5.0 5.0 2.0 5.0 3.0 1.0 3.0 4.0 1.0 4.0 10.0 2.0 10.0 8.0 1.0 8.0 2.0 1.0 2.0 3.0 2.0 3.0 
4 10 3.84 3.84 5.0 5.0 5.0 5.0 1.0 5.0 5.0 2.0 5.0 3.0 1.0 3.0 4.0 1.0 4.0 10.0 2.0 10.0 8.0 1.0 8.0 2.0 1.0 2.0 3.0 2.0 3.0 6.0 1.0 6.0 
4 5 3.42 3.42 10.0 3.0 10.0 2.0 2.0 2.0 2.0 2.0 2.0 9.0 9.0 9.0 8.0 1.0 8.0 
4 5 2.87 2.87 7.0 3.0 7.0 6.0 4.0 6.0 9.0 2.0 9.0 9.0 5.0 9.0 8.0 8.0 8.0 
4 6 3.62 3.62 7.0 3.0 7.0 6.0 4.0 6.0 9.0 2.0 9.0 9.0 5.0 9.0 8.0 8.0 8.0 4.0 3.0 4.0 
4 5 3.52 3.52 5.0 4.0 5.0 5.0 2.0 5.0 4.0 3.0 4.0 7.0 4.0 7.0 7.0 7.0 7.0 
4 6 3.66 3.66 5.0 4.0 5.0 5.0 2.0 5.0 4.0 3.0 4.0 7.0 4.0 7.0 7.0 7.0 7.0 7.0 1.0 7.0 
4 5 2.37 2.37 9.0 9.0 9.0 8.0 4.0 8.0 8.0 1.0 8.0 4.0 1.0 4.0 6.0 3.0 6.0 
4 6 3.27 3.27 9.0 9.0 9.0 8.0 4.0 8.0 8.0 1.0 8.0 4.0 1.0 4.0 6.0 3.0 6.0 10.0 9.0 10.0 
4 5 3.34 3.34 9.0 2.0 9.0 6.0 6.0 6.0 3.0 3.0 3.0 8.0 3.0 8.0 8.0 6.0 8.0 
4 6 3.79 3.79 9.0 2.0 9.0 6.0 6.0 6.0 3.0 3.0 3.0 8.0 3.0 8.0 8.0 6.0 8.0 9.0 4.0 9.0 
4 5 3.44 3.44 5.0 5.0 5.0 9.0 6.0 9.0 7.0 2.0 7.0 9.0 8.0 9.0 5.0 3.0 5.0 
4 5 3.33 3.33 5.0 5.0 5.0 4.0 1.0 4.0 3.0 2.0 3.0 8.0 6.0 8.0 3.0 2.0 3.0 
4 5 3.33 3.33 2.0 2.0 2.0 6.0 4.0 6.0 8.0 4.0 8.0 6.0 1.0 6.0 8.0 8.0 8.0 
4 5 2.61 2.61 8.0 1.0 8.0 3.0 1.0 3.0 7.0 6.0 7.0 3.0 3.0 3.0 10.0 3.0 10.0 
4 6 3.11 3.11 8.0 1.0 8.0 3.0 1.0 3.0 7.0 6.0 7.0 3.0 3.0 3.0 10.0 3.0 10.0 2.0 1.0 2.0 
4 7 3.74 3.74 8.0 1.0 8.0 3.0 1.0 3.0 7.0 6.0 7.0 3.0 3.0 3.0 10.0 3.0 10.0 2.0 1.0 2.0 8.0 5.0 8.0 
4 5 3.31 3.31 8.0 6.0 8.0 8.0 2.0 8.0 5.0 3.0 5.0 2.0 2.0 2.0 7.0 5.0 7.0 
4 6 3.81 3.81 8.0 6.0 8.0 8.0 2.0 8.0 5.0 3.0 5.0 2.0 2.0 2.0 7.0 5.0 7.0 6.0 3.0 6.0 
4 5 2.86 2.86 5.0 3.0 5.0 8.0 2.0 8.0 7.0 4.0 7.0 2.0 2.0 2.0 9.0 4.0 9.0 
4 6 3.53 3.53 5.0 3.0 5.0 8.0 2.0 8.0 7.0 4.0 7.0 2.0 2.0 2.0 9.0 4.0 9.0 3.0 2.0 3.0 
4 5 3.65 3.65 4.0 4.0 4.0 7.0 6.0 7.0 10.0 5.0 10.0 5.0 4.0 5.0 10.0 5.0 10.0 
4 5 3.43 3.43 6.0 1.0 6.0 3.0 3.0 3.0 9.0 6.0 9.0 5.0 3.0 5.0 5.0 5.0 5.0 
4 6 3.6 3.6 6.0 1.0 6.0 3.0 3.0 3.0 9.0 6.0 9.0 5.0 3.0 5.0 5.0 5.0 5.0 6.0 1.0 6.0 
4 5 2.92 2.92 8.0 1.0 8.0 8.0 6.0 8.0 5.0 4.0 5.0 5.0 5.0 5.0 8.0 2.0 8.0 
4 6 3.17 3.17 8.0 1.0 8.0 8.0 6.0 8.0 5.0 4.0 5.0 5.0 5.0 5.0 8.0 2.0 8.0 4.0 1.0 4.0 
4 7 3.31 3.31 8.0 1.0 8.0 8.0 6.0 8.0 5.0 4.0 5.0 5.0 5.0 5.0 8.0 2.0 8.0 4.0 1.0 4.0 7.0 1.0 7.0 
4 5 3.56 3.56 7.0 7.0 7.0 9.0 6.0 9.0 10.0 2.0 10.0 3.0 3.0 3.0 10.0 7.0 10.0 
4 5 2.79 2.79 3.0 2.0 3.0 8.0 5.0 8.0 7.0 5.0 7.0 8.0 1.0 8.0 3.0 2.0 3.0 
4 6 3.79 3.79 3.0 2.0 3.0 8.0 5.0 8.0 7.0 5.0 7.0 8.0 1.0 8.0 3.0 2.0 3.0 7.0 7.0 7.0 
4 5 2.6 2.6 2.0 1.0 2.0 6.0 1.0 6.0 8.0 6.0 8.0 7.0 6.0 7.0 6.0 2.0 6.0 
4 6 3.44 3.44 2.0 1.0 2.0 6.0 1.0 6.0 8.0 6.0 8.0 7.0 6.0 7.0 6.0 2.0 6.0 6.0 5.0 6.0 
4 5 2.8 2.8 4.0 4.0 4.0 5.0 3.0 5.0 4.0 2.0 4.0 8.0 3.0 8.0 6.0 2.0 6.0 
4 6 3.3 3.3 4.0 4.0 4.0 5.0 3.0 5.0 4.0 2.0 4.0 8.0 3.0 8.0 6.0 2.0 6.0 2.0 1.0 2.0 
4 5 2.05 2.05 4.0 1.0 4.0 9.0 3.0 9.0 9.0 3.0 9.0 2.0 2.0 2.0 7.0 1.0 7.0 
4 6 2.55 2.55 4.0 1.0 4.0 9.0 3.0 9.0 9.0 3.0 9.0 2.0 2.0 2.0 7.0 1.0 7.0 2.0 1.0 2.0 
4 7 3.18 3.18 4.0 1.0 4.0 9.0 3.0 9.0 9.0 3.0 9.0 2.0 2.0 2.0 7.0 1.0 7.0 2.0 1.0 2.0 8.0 5.0 8.0 
4 8 3.68 3.68 4.0 1.0 4.0 9.0 3.0 9.0 9.0 3.0 9.0 2.0 2.0 2.0 7.0 1.0 7.0 2.0 1.0 2.0 8.0 5.0 8.0 2.0 1.0 2.0 
4 5 3.32 3.32 10.0 6.0 10.0 4.0 4.0 4.0 2.0 1.0 2.0 9.0 8.0 9.0 3.0 1.0 3.0 
4 6 3.69 3.69 10.0 6.0 10.0 4.0 4.0 4.0 2.0 1.0 2.0 9.0 8.0 9.0 3.0 1.0 3.0 8.0 3.0 8.0 
4 5 2.45 2.45 10.0 3.0 10.0 9.0 5.0 9.0 8.0 4.0 8.0 10.0 5.0 10.0 10.0 6.0 10.0 
4 6 3.2 3.2 10.0 3.0 10.0 9.0 5.0 9.0 8.0 4.0 8.0 10.0 5.0 10.0 10.0 6.0 10.0 4.0 3.0 4.0 
4 5 3.3 3.3 2.0 1.0 2.0 5.0 4.0 5.0 6.0 4.0 6.0 2.0 2.0 2.0 6.0 2.0 6.0 
4 6 3.74 3.74 2.0 1.0 2.0 5.0 4.0 5.0 6.0 4.0 6.0 2.0 2.0 2.0 6.0 2.0 6.0 9.0 4.0 9.0 
4 7 3.99 3.99 2.0 1.0 2.0 5.0 4.0 5.0 6.0 4.0 6.0 2.0 2.0 2.0 6.0 2.0 6.0 9.0 4.0 9.0 4.0 1.0 4.0 
4 5 3.03 3.03 8.0 5.0 8.0 7.0 5.0 7.0 2.0 2.0 2.0 5.0 1.0 5.0 8.0 4.0 8.0 
4 6 3.53 3.53 8.0 5.0 8.0 7.0 5.0 7.0 2.0 2.0 2.0 5.0 1.0 5.0 8.0 4.0 8.0 8.0 4.0 8.0 
4 5 3.34 3.34 5.0 4.0 5.0 10.0 5.0 10.0 10.0 10.0 10.0 9.0 4.0 9.0 5.0 3.0 5.0 
4 6 3.84 3.84 5.0 4.0 5.0 10.0 5.0 10.0 10.0 10.0 10.0 9.0 4.0 9.0 5.0 3.0 5.0 2.0 1.0 2.0 
4 5 2.52 2.52 2.0 1.0 2.0 9.0 7.0 9.0 3.0 1.0 3.0 3.0 2.0 3.0 4.0 1.0 4.0 
4 6 3.15 3.15 2.0 1.0 2.0 9.0 7.0 9.0 3.0 1.0 3.0 3.0 2.0 3.0 4.0 1.0 4.0 8.0 5.0 8.0 
4 7 3.98 3.98 2.0 1.0 2.0 9.0 7.0 9.0 3.0 1.0 3.0 3.0 2.0 3.0 4.0 1.0 4.0 8.0 5.0 8.0 6.0 5.0 6.0 
4 5 3.24 3.24 7.0 5.0 7.0 4.0 2.0 4.0 2.0 2.0 2.0 6.0 5.0 6.0 10.0 2.0 10.0 
4 6 3.58 3.58 7.0 5.0 7.0 4.0 2.0 4.0 2.0 2.0 2.0 6.0 5.0 6.0 10.0 2.0 10.0 9.0 3.0 9.0 
4 5 2.07 2.07 5.0 3.0 5.0 7.0 4.0 7.0 5.0 2.0 5.0 6.0 1.0 6.0 3.0 1.0 3.0 
4 6 2.82 2.82 5.0 3.0 5.0 7.0 4.0 7.0 5.0 2.0 5.0 6.0 1.0 6.0 3.0 1.0 3.0 4.0 3.0 4.0 
4 7 3.22 3.22 5.0 3.0 5.0 7.0 4.0 7.0 5.0 2.0 5.0 6.0 1.0 6.0 3.0 1.0 3.0 4.0 3.0 4.0 5.0 2.0 5.0 
4 8 3.88 3.88 5.0 3.0 5.0 7.0 4.0 7.0 5.0 2.0 5.0 6.0 1.0 6.0 3.0 1.0 3.0 4.0 3.0 4.0 5.0 2.0 5.0 3.0 2.0 3.0 
4 5 3.07 3.07 9.0 9.0 9.0 4.0 3.0 4.0 8.0 1.0 8.0 10.0 2.0 10.0 3.0 3.0 3.0 
4 6 3.21 3.21 9.0 9.0 9.0 4.0 3.0 4.0 8.0 1.0 8.0 10.0 2.0 10.0 3.0 3.0 3.0 7.0 1.0 7.0 
4 7 3.46 3.46 9.0 9.0 9.0 4.0 3.0 4.0 8.0 1.0 8.0 10.0 2.0 10.0 3.0 3.0 3.0 7.0 1.0 7.0 4.0 1.0 4.0 
4 5 2.65 2.65 10.0 5.0 10.0 4.0 2.0 4.0 10.0 7.0 10.0 4.0 1.0 4.0 10.0 7.0 10.0 
4 6 3.15 3.15 10.0 5.0 10.0 4.0 2.0 4.0 10.0 7.0 10.0 4.0 1.0 4.0 10.0 7.0 10.0 2.0 1.0 2.0 
4 7 3.95 3.95 10.0 5.0 10.0 4.0 2.0 4.0 10.0 7.0 10.0 4.0 1.0 4.0 10.0 7.0 10.0 2.0 1.0 2.0 5.0 4.0 5.0 
4 5 3.77 3.77 8.0 7.0 8.0 6.0 3.0 6.0 7.0 4.0 7.0 6.0 5.0 6.0 9.0 9.0 9.0 
4 6 3.94 3.94 8.0 7.0 8.0 6.0 3.0 6.0 7.0 4.0 7.0 6.0 5.0 6.0 9.0 9.0 9.0 6.0 1.0 6.0 
4 5 3.13 3.13 10.0 3.0 10.0 4.0 2.0 4.0 9.0 3.0 9.0 3.0 3.0 3.0 3.0 3.0 3.0 
4 5 3.52 3.52 2.0 2.0 2.0 10.0 5.0 10.0 10.0 5.0 10.0 6.0 4.0 6.0 7.0 6.0 7.0 
4 5 2.95 2.95 2.0 2.0 2.0 5.0 4.0 5.0 10.0 4.0 10.0 6.0 3.0 6.0 4.0 1.0 4.0 
4 6 3.61 3.61 2.0 2.0 2.0 5.0 4.0 5.0 10.0 4.0 10.0 6.0 3.0 6.0 4.0 1.0 4.0 3.0 2.0 3.0 
4 5 3.19 3.19 8.0 4.0 8.0 7.0 6.0 7.0 3.0 3.0 3.0 3.0 1.0 3.0 4.0 2.0 4.0 
4 6 3.85 3.85 8.0 4.0 8.0 7.0 6.0 7.0 3.0 3.0 3.0 3.0 1.0 3.0 4.0 2.0 4.0 6.0 4.0 6.0 
4 7 3.98 3.98 8.0 4.0 8.0 7.0 6.0 7.0 3.0 3.0 3.0 3.0 1.0 3.0 4.0 2.0 4.0 6.0 4.0 6.0 8.0 1.0 8.0 
4 5 3.1 3.1 7.0 2.0 7.0 6.0 6.0 6.0 2.0 2.0 2.0 10.0 1.0 10.0 7.0 5.0 7.0 
4 6 3.76 3.76 7.0 2.0 7.0 6.0 6.0 6.0 2.0 2.0 2.0 10.0 1.0 10.0 7.0 5.0 7.0 6.0 4.0 6.0 
4 7 3.89 3.89 7.0 2.0 7.0 6.0 6.0 6.0 2.0 2.0 2.0 10.0 1.0 10.0 7.0 5.0 7.0 6.0 4.0 6.0 8.0 1.0 8.0 
4 5 2.56 2.56 6.0 5.0 6.0 2.0 1.0 2.0 7.0 2.0 7.0 6.0 1.0 6.0 9.0 7.0 9.0 
4 6 2.86 2.86 6.0 5.0 6.0 2.0 1.0 2.0 7.0 2.0 7.0 6.0 1.0 6.0 9.0 7.0 9.0 10.0 3.0 10.0 
4 7 3.56 3.56 6.0 5.0 6.0 2.0 1.0 2.0 7.0 2.0 7.0 6.0 1.0 6.0 9.0 7.0 9.0 10.0 3.0 10.0 10.0 7.0 10.0 
4 5 2.74 2.74 10.0 4.0 10.0 10.0 3.0 10.0 7.0 5.0 7.0 9.0 3.0 9.0 5.0 5.0 5.0 
4 6 3.24 3.24 10.0 4.0 10.0 10.0 3.0 10.0 7.0 5.0 7.0 9.0 3.0 9.0 5.0 5.0 5.0 2.0 1.0 2.0 
4 5 3.03 3.03 9.0 3.0 9.0 5.0 1.0 5.0 3.0 2.0 3.0 6.0 5.0 6.0 7.0 7.0 7.0 
4 6 3.15 3.15 9.0 3.0 9.0 5.0 1.0 5.0 3.0 2.0 3.0 6.0 5.0 6.0 7.0 7.0 7.0 8.0 1.0 8.0 
4 7 3.35 3.35 9.0 3.0 9.0 5.0 1.0 5.0 3.0 2.0 3.0 6.0 5.0 6.0 7.0 7.0 7.0 8.0 1.0 8.0 10.0 2.0 10.0 
4 5 2.5 2.5 4.0 1.0 4.0 7.0 3.0 7.0 8.0 7.0 8.0 7.0 2.0 7.0 3.0 2.0 3.0 
4 6 2.75 2.75 4.0 1.0 4.0 7.0 3.0 7.0 8.0 7.0 8.0 7.0 2.0 7.0 3.0 2.0 3.0 4.0 1.0 4.0 
4 7 3.75 3.75 4.0 1.0 4.0 7.0 3.0 7.0 8.0 7.0 8.0 7.0 2.0 7.0 3.0 2.0 3.0 4.0 1.0 4.0 6.0 6.0 6.0 
4 8 3.92 3.92 4.0 1.0 4.0 7.0 3.0 7.0 8.0 7.0 8.0 7.0 2.0 7.0 3.0 2.0 3.0 4.0 1.0 4.0 6.0 6.0 6.0 6.0 1.0 6.0 
4 5 3.44 3.44 9.0 4.0 9.0 4.0 4.0 4.0 2.0 1.0 2.0 3.0 2.0 3.0 6.0 5.0 6.0 
4 6 3.77 3.77 9.0 4.0 9.0 4.0 4.0 4.0 2.0 1.0 2.0 3.0 2.0 3.0 6.0 5.0 6.0 3.0 1.0 3.0 
4 5 2.92 2.92 3.0 3.0 3.0 3.0 2.0 3.0 9.0 3.0 9.0 8.0 1.0 8.0 5.0 4.0 5.0 
4 6 3.92 3.92 3.0 3.0 3.0 3.0 2.0 3.0 9.0 3.0 9.0 8.0 1.0 8.0 5.0 4.0 5.0 2.0 2.0 2.0 
4 5 3.07 3.07 7.0 1.0 7.0 3.0 1.0 3.0 4.0 4.0 4.0 10.0 6.0 10.0 4.0 4.0 4.0 
4 5 3.37 3.37 2.0 2.0 2.0 10.0 6.0 10.0 3.0 2.0 3.0 3.0 2.0 3.0 9.0 4.0 9.0 
4 5 2.99 2.99 10.0 3.0 10.0 9.0 4.0 9.0 10.0 10.0 10.0 3.0 3.0 3.0 4.0 1.0 4.0 
4 6 3.24 3.24 10.0 3.0 10.0 9.0 4.0 9.0 10.0 10.0 10.0 3.0 3.0 3.0 4.0 1.0 4.0 8.0 2.0 8.0 
4 7 3.74 3.74 10.0 3.0 10.0 9.0 4.0 9.0 10.0 10.0 10.0 3.0 3.0 3.0 4.0 1.0 4.0 8.0 2.0 8.0 10.0 5.0 10.0 
4 5 3.8 3.8 5.0 5.0 5.0 5.0 2.0 5.0 3.0 3.0 3.0 4.0 4.0 4.0 10.0 4.0 10.0 
4 6 3.96 3.96 5.0 5.0 5.0 5.0 2.0 5.0 3.0 3.0 3.0 4.0 4.0 4.0 10.0 4.0 10.0 6.0 1.0 6.0 
4 5 2.68 2.68 2.0 2.0 2.0 6.0 3.0 6.0 9.0 2.0 9.0 6.0 5.0 6.0 8.0 1.0 8.0 
4 6 3.34 3.34 2.0 2.0 2.0 6.0 3.0 6.0 9.0 2.0 9.0 6.0 5.0 6.0 8.0 1.0 8.0 3.0 2.0 3.0 
4 7 3.59 3.59 2.0 2.0 2.0 6.0 3.0 6.0 9.0 2.0 9.0 6.0 5.0 6.0 8.0 1.0 8.0 3.0 2.0 3.0 4.0 1.0 4.0 
4 5 1.98 1.98 10.0 2.0 10.0 2.0 1.0 2.0 7.0 2.0 7.0 8.0 4.0 8.0 4.0 2.0 4.0 
4 6 2.98 2.98 10.0 2.0 10.0 2.0 1.0 2.0 7.0 2.0 7.0 8.0 4.0 8.0 4.0 2.0 4.0 3.0 3.0 3.0 
4 7 3.2 3.2 10.0 2.0 10.0 2.0 1.0 2.0 7.0 2.0 7.0 8.0 4.0 8.0 4.0 2.0 4.0 3.0 3.0 3.0 9.0 2.0 9.0 
4 5 3.0 3.0 7.0 1.0 7.0 7.0 2.0 7.0 4.0 4.0 4.0 7.0 7.0 7.0 7.0 4.0 7.0 
4 6 4.0 4.0 7.0 1.0 7.0 7.0 2.0 7.0 4.0 4.0 4.0 7.0 7.0 7.0 7.0 4.0 7.0 5.0 5.0 5.0 
4 5 3.33 3.33 4.0 4.0 4.0 2.0 1.0 2.0 9.0 6.0 9.0 3.0 2.0 3.0 10.0 5.0 10.0 
4 6 3.83 3.83 4.0 4.0 4.0 2.0 1.0 2.0 9.0 6.0 9.0 3.0 2.0 3.0 10.0 5.0 10.0 2.0 1.0 2.0 
4 5 3.04 3.04 9.0 8.0 9.0 9.0 8.0 9.0 3.0 2.0 3.0 4.0 2.0 4.0 10.0 1.0 10.0 
4 6 3.75 3.75 9.0 8.0 9.0 9.0 8.0 9.0 3.0 2.0 3.0 4.0 2.0 4.0 10.0 1.0 10.0 7.0 5.0 7.0 
4 5 2.76 2.76 8.0 8.0 8.0 2.0 2.0 2.0 8.0 1.0 8.0 7.0 1.0 7.0 4.0 2.0 4.0 
4 6 2.93 2.93 8.0 8.0 8.0 2.0 2.0 2.0 8.0 1.0 8.0 7.0 1.0 7.0 4.0 2.0 4.0 6.0 1.0 6.0 
4 7 3.43 3.43 8.0 8.0 8.0 2.0 2.0 2.0 8.0 1.0 8.0 7.0 1.0 7.0 4.0 2.0 4.0 6.0 1.0 6.0 10.0 5.0 10.0 
4 5 3.3 3.3 7.0 7.0 7.0 8.0 5.0 8.0 5.0 4.0 5.0 8.0 1.0 8.0 4.0 3.0 4.0 
4 5 2.98 2.98 8.0 8.0 8.0 7.0 4.0 7.0 4.0 1.0 4.0 9.0 6.0 9.0 4.0 2.0 4.0 
4 6 3.41 3.41 8.0 8.0 8.0 7.0 4.0 7.0 4.0 1.0 4.0 9.0 6.0 9.0 4.0 2.0 4.0 7.0 3.0 7.0 
4 7 3.75 3.75 8.0 8.0 8.0 7.0 4.0 7.0 4.0 1.0 4.0 9.0 6.0 9.0 4.0 2.0 4.0 7.0 3.0 7.0 3.0 1.0 3.0 
4 5 2.7 2.7 10.0 5.0 10.0 4.0 2.0 4.0 6.0 2.0 6.0 8.0 7.0 8.0 2.0 1.0 2.0 
4 6 3.37 3.37 10.0 5.0 10.0 4.0 2.0 4.0 6.0 2.0 6.0 8.0 7.0 8.0 2.0 1.0 2.0 3.0 2.0 3.0 
4 7 3.67 3.67 10.0 5.0 10.0 4.0 2.0 4.0 6.0 2.0 6.0 8.0 7.0 8.0 2.0 1.0 2.0 3.0 2.0 3.0 10.0 3.0 10.0 
4 8 3.87 3.87 10.0 5.0 10.0 4.0 2.0 4.0 6.0 2.0 6.0 8.0 7.0 8.0 2.0 1.0 2.0 3.0 2.0 3.0 10.0 3.0 10.0 5.0 1.0 5.0 
4 5 3.62 3.62 9.0 9.0 9.0 6.0 5.0 6.0 5.0 2.0 5.0 9.0 8.0 9.0 8.0 4.0 8.0 
4 5 3.02 3.02 9.0 5.0 9.0 8.0 2.0 8.0 9.0 7.0 9.0 7.0 7.0 7.0 9.0 4.0 9.0 
4 6 3.22 3.22 9.0 5.0 9.0 8.0 2.0 8.0 9.0 7.0 9.0 7.0 7.0 7.0 9.0 4.0 9.0 5.0 1.0 5.0 
4 5 3.0 3.0 3.0 2.0 3.0 8.0 8.0 8.0 2.0 1.0 2.0 10.0 5.0 10.0 3.0 1.0 3.0 
4 6 3.75 3.75 3.0 2.0 3.0 8.0 8.0 8.0 2.0 1.0 2.0 10.0 5.0 10.0 3.0 1.0 3.0 4.0 3.0 4.0 
4 5 2.62 2.62 10.0 8.0 10.0 4.0 3.0 4.0 9.0 2.0 9.0 8.0 2.0 8.0 5.0 3.0 5.0 
4 6 3.62 3.62 10.0 8.0 10.0 4.0 3.0 4.0 9.0 2.0 9.0 8.0 2.0 8.0 5.0 3.0 5.0 2.0 2.0 2.0 
4 5 2.81 2.81 7.0 5.0 7.0 7.0 2.0 7.0 9.0 7.0 9.0 7.0 2.0 7.0 4.0 3.0 4.0 
4 6 3.01 3.01 7.0 5.0 7.0 7.0 2.0 7.0 9.0 7.0 9.0 7.0 2.0 7.0 4.0 3.0 4.0 5.0 1.0 5.0 
4 7 3.51 3.51 7.0 5.0 7.0 7.0 2.0 7.0 9.0 7.0 9.0 7.0 2.0 7.0 4.0 3.0 4.0 5.0 1.0 5.0 2.0 1.0 2.0 
4 5 3.33 3.33 8.0 8.0 8.0 6.0 3.0 6.0 2.0 1.0 2.0 9.0 3.0 9.0 5.0 5.0 5.0 
4 6 3.83 3.83 8.0 8.0 8.0 6.0 3.0 6.0 2.0 1.0 2.0 9.0 3.0 9.0 5.0 5.0 5.0 8.0 4.0 8.0 
4 5 3.08 3.08 6.0 5.0 6.0 10.0 10.0 10.0 6.0 1.0 6.0 9.0 8.0 9.0 10.0 2.0 10.0 
4 6 3.42 3.42 6.0 5.0 6.0 10.0 10.0 10.0 6.0 1.0 6.0 9.0 8.0 9.0 10.0 2.0 10.0 3.0 1.0 3.0 
4 5 2.67 2.67 5.0 1.0 5.0 8.0 8.0 8.0 8.0 5.0 8.0 9.0 2.0 9.0 8.0 5.0 8.0 
4 6 3.47 3.47 5.0 1.0 5.0 8.0 8.0 8.0 8.0 5.0 8.0 9.0 2.0 9.0 8.0 5.0 8.0 5.0 4.0 5.0 
4 7 3.67 3.67 5.0 1.0 5.0 8.0 8.0 8.0 8.0 5.0 8.0 9.0 2.0 9.0 8.0 5.0 8.0 5.0 4.0 5.0 10.0 2.0 10.0 
4 5 2.67 2.67 4.0 1.0 4.0 9.0 5.0 9.0 6.0 4.0 6.0 5.0 1.0 5.0 5.0 5.0 5.0 
4 6 2.87 2.87 4.0 1.0 4.0 9.0 5.0 9.0 6.0 4.0 6.0 5.0 1.0 5.0 5.0 5.0 5.0 5.0 1.0 5.0 
4 7 3.47 3.47 4.0 1.0 4.0 9.0 5.0 9.0 6.0 4.0 6.0 5.0 1.0 5.0 5.0 5.0 5.0 5.0 1.0 5.0 10.0 6.0 10.0 
4 8 3.61 3.61 4.0 1.0 4.0 9.0 5.0 9.0 6.0 4.0 6.0 5.0 1.0 5.0 5.0 5.0 5.0 5.0 1.0 5.0 10.0 6.0 10.0 7.0 1.0 7.0 
4 5 3.37 3.37 9.0 3.0 9.0 9.0 7.0 9.0 5.0 3.0 5.0 2.0 2.0 2.0 9.0 6.0 9.0 
4 6 3.75 3.75 9.0 3.0 9.0 9.0 7.0 9.0 5.0 3.0 5.0 2.0 2.0 2.0 9.0 6.0 9.0 8.0 3.0 8.0 
4 7 3.95 3.95 9.0 3.0 9.0 9.0 7.0 9.0 5.0 3.0 5.0 2.0 2.0 2.0 9.0 6.0 9.0 8.0 3.0 8.0 10.0 2.0 10.0 
4 5 2.73 2.73 4.0 2.0 4.0 2.0 1.0 2.0 5.0 2.0 5.0 6.0 2.0 6.0 6.0 6.0 6.0 
4 6 3.23 3.23 4.0 2.0 4.0 2.0 1.0 2.0 5.0 2.0 5.0 6.0 2.0 6.0 6.0 6.0 6.0 2.0 1.0 2.0 
4 7 3.43 3.43 4.0 2.0 4.0 2.0 1.0 2.0 5.0 2.0 5.0 6.0 2.0 6.0 6.0 6.0 6.0 2.0 1.0 2.0 5.0 1.0 5.0 
4 8 3.86 3.86 4.0 2.0 4.0 2.0 1.0 2.0 5.0 2.0 5.0 6.0 2.0 6.0 6.0 6.0 6.0 2.0 1.0 2.0 5.0 1.0 5.0 7.0 3.0 7.0 
4 5 2.15 2.15 5.0 1.0 5.0 4.0 1.0 4.0 2.0 1.0 2.0 5.0 4.0 5.0 5.0 2.0 5.0 
4 6 2.65 2.65 5.0 1.0 5.0 4.0 1.0 4.0 2.0 1.0 2.0 5.0 4.0 5.0 5.0 2.0 5.0 2.0 1.0 2.0 
4 7 2.81 2.81 5.0 1.0 5.0 4.0 1.0 4.0 2.0 1.0 2.0 5.0 4.0 5.0 5.0 2.0 5.0 2.0 1.0 2.0 6.0 1.0 6.0 
4 8 3.19 3.19 5.0 1.0 5.0 4.0 1.0 4.0 2.0 1.0 2.0 5.0 4.0 5.0 5.0 2.0 5.0 2.0 1.0 2.0 6.0 1.0 6.0 8.0 3.0 8.0 
4 5 2.84 2.84 2.0 1.0 2.0 9.0 7.0 9.0 7.0 2.0 7.0 2.0 2.0 2.0 7.0 2.0 7.0 
4 6 3.24 3.24 2.0 1.0 2.0 9.0 7.0 9.0 7.0 2.0 7.0 2.0 2.0 2.0 7.0 2.0 7.0 5.0 2.0 5.0 
4 7 3.84 3.84 2.0 1.0 2.0 9.0 7.0 9.0 7.0 2.0 7.0 2.0 2.0 2.0 7.0 2.0 7.0 5.0 2.0 5.0 5.0 3.0 5.0 
4 5 3.82 3.82 5.0 4.0 5.0 5.0 5.0 5.0 4.0 3.0 4.0 8.0 7.0 8.0 10.0 4.0 10.0 
4 5 2.54 2.54 2.0 2.0 2.0 6.0 4.0 6.0 8.0 2.0 8.0 10.0 3.0 10.0 3.0 1.0 3.0 
4 6 2.65 2.65 2.0 2.0 2.0 6.0 4.0 6.0 8.0 2.0 8.0 10.0 3.0 10.0 3.0 1.0 3.0 10.0 1.0 10.0 
4 7 2.79 2.79 2.0 2.0 2.0 6.0 4.0 6.0 8.0 2.0 8.0 10.0 3.0 10.0 3.0 1.0 3.0 10.0 1.0 10.0 7.0 1.0 7.0 
4 8 3.68 3.68 2.0 2.0 2.0 6.0 4.0 6.0 8.0 2.0 8.0 10.0 3.0 10.0 3.0 1.0 3.0 10.0 1.0 10.0 7.0 1.0 7.0 9.0 8.0 9.0 
4 5 2.96 2.96 10.0 8.0 10.0 4.0 1.0 4.0 5.0 1.0 5.0 6.0 6.0 6.0 7.0 5.0 7.0 
4 6 3.36 3.36 10.0 8.0 10.0 4.0 1.0 4.0 5.0 1.0 5.0 6.0 6.0 6.0 7.0 5.0 7.0 5.0 2.0 5.0 
4 5 3.26 3.26 3.0 1.0 3.0 4.0 3.0 4.0 7.0 7.0 7.0 9.0 7.0 9.0 10.0 4.0 10.0 
4 6 3.81 3.81 3.0 1.0 3.0 4.0 3.0 4.0 7.0 7.0 7.0 9.0 7.0 9.0 10.0 4.0 10.0 9.0 5.0 9.0 
4 5 3.8 3.8 5.0 2.0 5.0 10.0 4.0 10.0 2.0 2.0 2.0 5.0 5.0 5.0 6.0 6.0 6.0 
4 5 2.56 2.56 6.0 3.0 6.0 3.0 3.0 3.0 10.0 2.0 10.0 4.0 3.0 4.0 9.0 1.0 9.0 
4 6 3.56 3.56 6.0 3.0 6.0 3.0 3.0 3.0 10.0 2.0 10.0 4.0 3.0 4.0 9.0 1.0 9.0 4.0 4.0 4.0 
4 5 2.4 2.4 7.0 4.0 7.0 8.0 6.0 8.0 2.0 1.0 2.0 3.0 1.0 3.0 4.0 1.0 4.0 
4 6 2.65 2.65 7.0 4.0 7.0 8.0 6.0 8.0 2.0 1.0 2.0 3.0 1.0 3.0 4.0 1.0 4.0 4.0 1.0 4.0 
4 7 2.98 2.98 7.0 4.0 7.0 8.0 6.0 8.0 2.0 1.0 2.0 3.0 1.0 3.0 4.0 1.0 4.0 4.0 1.0 4.0 3.0 1.0 3.0 
4 8 3.48 3.48 7.0 4.0 7.0 8.0 6.0 8.0 2.0 1.0 2.0 3.0 1.0 3.0 4.0 1.0 4.0 4.0 1.0 4.0 3.0 1.0 3.0 4.0 2.0 4.0 
4 9 3.82 3.82 7.0 4.0 7.0 8.0 6.0 8.0 2.0 1.0 2.0 3.0 1.0 3.0 4.0 1.0 4.0 4.0 1.0 4.0 3.0 1.0 3.0 4.0 2.0 4.0 6.0 2.0 6.0 
4 5 3.66 3.66 8.0 4.0 8.0 2.0 1.0 2.0 2.0 2.0 2.0 3.0 2.0 3.0 5.0 5.0 5.0 
4 6 3.88 3.88 8.0 4.0 8.0 2.0 1.0 2.0 2.0 2.0 2.0 3.0 2.0 3.0 5.0 5.0 5.0 9.0 2.0 9.0 
4 5 3.83 3.83 9.0 6.0 9.0 2.0 2.0 2.0 8.0 8.0 8.0 3.0 3.0 3.0 6.0 1.0 6.0 
4 5 2.15 2.15 5.0 3.0 5.0 8.0 1.0 8.0 5.0 3.0 5.0 6.0 2.0 6.0 2.0 1.0 2.0 
4 6 2.65 2.65 5.0 3.0 5.0 8.0 1.0 8.0 5.0 3.0 5.0 6.0 2.0 6.0 2.0 1.0 2.0 10.0 5.0 10.0 
4 7 2.99 2.99 5.0 3.0 5.0 8.0 1.0 8.0 5.0 3.0 5.0 6.0 2.0 6.0 2.0 1.0 2.0 10.0 5.0 10.0 3.0 1.0 3.0 
4 8 3.65 3.65 5.0 3.0 5.0 8.0 1.0 8.0 5.0 3.0 5.0 6.0 2.0 6.0 2.0 1.0 2.0 10.0 5.0 10.0 3.0 1.0 3.0 3.0 2.0 3.0 
4 9 3.9 3.9 5.0 3.0 5.0 8.0 1.0 8.0 5.0 3.0 5.0 6.0 2.0 6.0 2.0 1.0 2.0 10.0 5.0 10.0 3.0 1.0 3.0 3.0 2.0 3.0 4.0 1.0 4.0 
4 5 3.75 3.75 5.0 5.0 5.0 2.0 1.0 2.0 4.0 3.0 4.0 7.0 7.0 7.0 4.0 2.0 4.0 
4 5 2.92 2.92 7.0 6.0 7.0 5.0 2.0 5.0 3.0 2.0 3.0 4.0 2.0 4.0 4.0 2.0 4.0 
4 6 3.32 3.32 7.0 6.0 7.0 5.0 2.0 5.0 3.0 2.0 3.0 4.0 2.0 4.0 4.0 2.0 4.0 5.0 2.0 5.0 
4 7 3.94 3.94 7.0 6.0 7.0 5.0 2.0 5.0 3.0 2.0 3.0 4.0 2.0 4.0 4.0 2.0 4.0 5.0 2.0 5.0 8.0 5.0 8.0 
4 5 2.85 2.85 6.0 3.0 6.0 6.0 2.0 6.0 8.0 5.0 8.0 2.0 2.0 2.0 5.0 2.0 5.0 
4 6 3.19 3.19 6.0 3.0 6.0 6.0 2.0 6.0 8.0 5.0 8.0 2.0 2.0 2.0 5.0 2.0 5.0 9.0 3.0 9.0 
4 7 3.59 3.59 6.0 3.0 6.0 6.0 2.0 6.0 8.0 5.0 8.0 2.0 2.0 2.0 5.0 2.0 5.0 9.0 3.0 9.0 10.0 4.0 10.0 
4 5 3.24 3.24 8.0 7.0 8.0 10.0 6.0 10.0 7.0 4.0 7.0 3.0 3.0 3.0 10.0 2.0 10.0 
4 6 3.84 3.84 8.0 7.0 8.0 10.0 6.0 10.0 7.0 4.0 7.0 3.0 3.0 3.0 10.0 2.0 10.0 5.0 3.0 5.0 
4 5 3.38 3.38 2.0 2.0 2.0 7.0 6.0 7.0 4.0 2.0 4.0 7.0 6.0 7.0 6.0 1.0 6.0 
4 6 3.68 3.68 2.0 2.0 2.0 7.0 6.0 7.0 4.0 2.0 4.0 7.0 6.0 7.0 6.0 1.0 6.0 10.0 3.0 10.0 
4 5 2.16 2.16 8.0 4.0 8.0 6.0 4.0 6.0 5.0 2.0 5.0 10.0 1.0 10.0 4.0 2.0 4.0 
4 6 3.16 3.16 8.0 4.0 8.0 6.0 4.0 6.0 5.0 2.0 5.0 10.0 1.0 10.0 4.0 2.0 4.0 2.0 2.0 2.0 
4 5 2.77 2.77 10.0 4.0 10.0 8.0 6.0 8.0 8.0 1.0 8.0 2.0 1.0 2.0 2.0 2.0 2.0 
4 6 3.48 3.48 10.0 4.0 10.0 8.0 6.0 8.0 8.0 1.0 8.0 2.0 1.0 2.0 2.0 2.0 2.0 7.0 5.0 7.0 
4 5 2.92 2.92 3.0 2.0 3.0 7.0 2.0 7.0 8.0 3.0 8.0 10.0 9.0 10.0 10.0 7.0 10.0 
4 6 3.03 3.03 3.0 2.0 3.0 7.0 2.0 7.0 8.0 3.0 8.0 10.0 9.0 10.0 10.0 7.0 10.0 9.0 1.0 9.0 
4 7 3.7 3.7 3.0 2.0 3.0 7.0 2.0 7.0 8.0 3.0 8.0 10.0 9.0 10.0 10.0 7.0 10.0 9.0 1.0 9.0 3.0 2.0 3.0 
4 5 3.46 3.46 5.0 5.0 5.0 10.0 8.0 10.0 9.0 3.0 9.0 3.0 3.0 3.0 6.0 2.0 6.0 
4 6 3.59 3.59 5.0 5.0 5.0 10.0 8.0 10.0 9.0 3.0 9.0 3.0 3.0 3.0 6.0 2.0 6.0 8.0 1.0 8.0 
4 5 2.63 2.63 3.0 1.0 3.0 5.0 1.0 5.0 6.0 4.0 6.0 9.0 5.0 9.0 8.0 7.0 8.0 
4 6 3.13 3.13 3.0 1.0 3.0 5.0 1.0 5.0 6.0 4.0 6.0 9.0 5.0 9.0 8.0 7.0 8.0 4.0 2.0 4.0 
4 7 3.73 3.73 3.0 1.0 3.0 5.0 1.0 5.0 6.0 4.0 6.0 9.0 5.0 9.0 8.0 7.0 8.0 4.0 2.0 4.0 10.0 6.0 10.0 
4 5 2.72 2.72 8.0 4.0 8.0 8.0 5.0 8.0 4.0 2.0 4.0 9.0 2.0 9.0 8.0 7.0 8.0 
4 6 3.72 3.72 8.0 4.0 8.0 8.0 5.0 8.0 4.0 2.0 4.0 9.0 2.0 9.0 8.0 7.0 8.0 4.0 4.0 4.0 
4 5 2.9 2.9 8.0 3.0 8.0 3.0 3.0 3.0 10.0 7.0 10.0 6.0 2.0 6.0 4.0 2.0 4.0 
4 6 3.47 3.47 8.0 3.0 8.0 3.0 3.0 3.0 10.0 7.0 10.0 6.0 2.0 6.0 4.0 2.0 4.0 7.0 4.0 7.0 
4 5 3.16 3.16 2.0 1.0 2.0 2.0 1.0 2.0 3.0 2.0 3.0 6.0 5.0 6.0 3.0 2.0 3.0 
4 6 3.96 3.96 2.0 1.0 2.0 2.0 1.0 2.0 3.0 2.0 3.0 6.0 5.0 6.0 3.0 2.0 3.0 5.0 4.0 5.0 
4 5 2.55 2.55 4.0 3.0 4.0 9.0 2.0 9.0 8.0 4.0 8.0 8.0 2.0 8.0 6.0 5.0 6.0 
4 6 3.33 3.33 4.0 3.0 4.0 9.0 2.0 9.0 8.0 4.0 8.0 8.0 2.0 8.0 6.0 5.0 6.0 9.0 7.0 9.0 
4 7 3.43 3.43 4.0 3.0 4.0 9.0 2.0 9.0 8.0 4.0 8.0 8.0 2.0 8.0 6.0 5.0 6.0 9.0 7.0 9.0 10.0 1.0 10.0 
4 5 1.74 1.74 9.0 5.0 9.0 5.0 1.0 5.0 10.0 2.0 10.0 4.0 2.0 4.0 7.0 2.0 7.0 
4 6 2.49 2.49 9.0 5.0 9.0 5.0 1.0 5.0 10.0 2.0 10.0 4.0 2.0 4.0 7.0 2.0 7.0 4.0 3.0 4.0 
4 7 2.99 2.99 9.0 5.0 9.0 5.0 1.0 5.0 10.0 2.0 10.0 4.0 2.0 4.0 7.0 2.0 7.0 4.0 3.0 4.0 2.0 1.0 2.0 
4 8 3.59 3.59 9.0 5.0 9.0 5.0 1.0 5.0 10.0 2.0 10.0 4.0 2.0 4.0 7.0 2.0 7.0 4.0 3.0 4.0 2.0 1.0 2.0 5.0 3.0 5.0 
4 5 2.97 2.97 2.0 2.0 2.0 4.0 3.0 4.0 7.0 4.0 7.0 9.0 5.0 9.0 10.0 1.0 10.0 
4 6 3.4 3.4 2.0 2.0 2.0 4.0 3.0 4.0 7.0 4.0 7.0 9.0 5.0 9.0 10.0 1.0 10.0 7.0 3.0 7.0 
4 7 3.6 3.6 2.0 2.0 2.0 4.0 3.0 4.0 7.0 4.0 7.0 9.0 5.0 9.0 10.0 1.0 10.0 7.0 3.0 7.0 5.0 1.0 5.0 
4 5 1.99 1.99 7.0 2.0 7.0 6.0 2.0 6.0 9.0 4.0 9.0 7.0 3.0 7.0 2.0 1.0 2.0 
4 6 2.49 2.49 7.0 2.0 7.0 6.0 2.0 6.0 9.0 4.0 9.0 7.0 3.0 7.0 2.0 1.0 2.0 4.0 2.0 4.0 
4 7 3.15 3.15 7.0 2.0 7.0 6.0 2.0 6.0 9.0 4.0 9.0 7.0 3.0 7.0 2.0 1.0 2.0 4.0 2.0 4.0 3.0 2.0 3.0 
4 8 3.4 3.4 7.0 2.0 7.0 6.0 2.0 6.0 9.0 4.0 9.0 7.0 3.0 7.0 2.0 1.0 2.0 4.0 2.0 4.0 3.0 2.0 3.0 8.0 2.0 8.0 
4 9 3.9 3.9 7.0 2.0 7.0 6.0 2.0 6.0 9.0 4.0 9.0 7.0 3.0 7.0 2.0 1.0 2.0 4.0 2.0 4.0 3.0 2.0 3.0 8.0 2.0 8.0 8.0 4.0 8.0 
4 5 2.47 2.47 5.0 4.0 5.0 7.0 5.0 7.0 4.0 2.0 4.0 8.0 1.0 8.0 3.0 1.0 3.0 
4 6 3.17 3.17 5.0 4.0 5.0 7.0 5.0 7.0 4.0 2.0 4.0 8.0 1.0 8.0 3.0 1.0 3.0 10.0 7.0 10.0 
4 7 3.92 3.92 5.0 4.0 5.0 7.0 5.0 7.0 4.0 2.0 4.0 8.0 1.0 8.0 3.0 1.0 3.0 10.0 7.0 10.0 4.0 3.0 4.0 
4 5 2.28 2.28 8.0 7.0 8.0 8.0 2.0 8.0 8.0 5.0 8.0 4.0 1.0 4.0 7.0 2.0 7.0 
4 6 3.28 3.28 8.0 7.0 8.0 8.0 2.0 8.0 8.0 5.0 8.0 4.0 1.0 4.0 7.0 2.0 7.0 2.0 2.0 2.0 
4 7 3.5 3.5 8.0 7.0 8.0 8.0 2.0 8.0 8.0 5.0 8.0 4.0 1.0 4.0 7.0 2.0 7.0 2.0 2.0 2.0 9.0 2.0 9.0 
4 5 2.72 2.72 6.0 3.0 6.0 8.0 4.0 8.0 3.0 2.0 3.0 7.0 6.0 7.0 10.0 2.0 10.0 
4 6 3.55 3.55 6.0 3.0 6.0 8.0 4.0 8.0 3.0 2.0 3.0 7.0 6.0 7.0 10.0 2.0 10.0 6.0 5.0 6.0 
4 5 3.27 3.27 4.0 1.0 4.0 3.0 2.0 3.0 7.0 6.0 7.0 6.0 3.0 6.0 5.0 5.0 5.0 
4 6 3.98 3.98 4.0 1.0 4.0 3.0 2.0 3.0 7.0 6.0 7.0 6.0 3.0 6.0 5.0 5.0 5.0 7.0 5.0 7.0 
4 5 3.5 3.5 5.0 4.0 5.0 8.0 4.0 8.0 2.0 2.0 2.0 10.0 7.0 10.0 2.0 1.0 2.0 
4 5 2.99 2.99 5.0 5.0 5.0 6.0 6.0 6.0 5.0 1.0 5.0 3.0 2.0 3.0 8.0 1.0 8.0 
4 6 3.39 3.39 5.0 5.0 5.0 6.0 6.0 6.0 5.0 1.0 5.0 3.0 2.0 3.0 8.0 1.0 8.0 5.0 2.0 5.0 
4 7 3.79 3.79 5.0 5.0 5.0 6.0 6.0 6.0 5.0 1.0 5.0 3.0 2.0 3.0 8.0 1.0 8.0 5.0 2.0 5.0 5.0 2.0 5.0 
4 5 3.33 3.33 6.0 1.0 6.0 2.0 2.0 2.0 10.0 10.0 10.0 3.0 2.0 3.0 8.0 4.0 8.0 
4 6 4.0 4.0 6.0 1.0 6.0 2.0 2.0 2.0 10.0 10.0 10.0 3.0 2.0 3.0 8.0 4.0 8.0 3.0 2.0 3.0 
4 5 2.34 2.34 7.0 6.0 7.0 4.0 1.0 4.0 3.0 1.0 3.0 10.0 1.0 10.0 10.0 8.0 10.0 
4 6 3.34 3.34 7.0 6.0 7.0 4.0 1.0 4.0 3.0 1.0 3.0 10.0 1.0 10.0 10.0 8.0 10.0 4.0 4.0 4.0 
4 7 3.67 3.67 7.0 6.0 7.0 4.0 1.0 4.0 3.0 1.0 3.0 10.0 1.0 10.0 10.0 8.0 10.0 4.0 4.0 4.0 9.0 3.0 9.0 
4 5 2.54 2.54 8.0 3.0 8.0 3.0 1.0 3.0 3.0 1.0 3.0 4.0 2.0 4.0 4.0 4.0 4.0 
4 6 3.25 3.25 8.0 3.0 8.0 3.0 1.0 3.0 3.0 1.0 3.0 4.0 2.0 4.0 4.0 4.0 4.0 7.0 5.0 7.0 
4 5 3.7 3.7 5.0 2.0 5.0 5.0 3.0 5.0 10.0 7.0 10.0 2.0 2.0 2.0 3.0 3.0 3.0 
4 6 3.8 3.8 5.0 2.0 5.0 5.0 3.0 5.0 10.0 7.0 10.0 2.0 2.0 2.0 3.0 3.0 3.0 10.0 1.0 10.0 
4 5 3.86 3.86 8.0 5.0 8.0 5.0 4.0 5.0 7.0 7.0 7.0 9.0 5.0 9.0 9.0 8.0 9.0 
4 5 3.4 3.4 9.0 6.0 9.0 9.0 8.0 9.0 4.0 1.0 4.0 5.0 3.0 5.0 10.0 10.0 10.0 
4 6 3.53 3.53 9.0 6.0 9.0 9.0 8.0 9.0 4.0 1.0 4.0 5.0 3.0 5.0 10.0 10.0 10.0 8.0 1.0 8.0 
4 5 3.6 3.6 2.0 2.0 2.0 7.0 6.0 7.0 8.0 2.0 8.0 2.0 1.0 2.0 10.0 10.0 10.0 
4 5 2.11 2.11 4.0 3.0 4.0 5.0 1.0 5.0 8.0 4.0 8.0 6.0 2.0 6.0 3.0 1.0 3.0 
4 6 2.51 2.51 4.0 3.0 4.0 5.0 1.0 5.0 8.0 4.0 8.0 6.0 2.0 6.0 3.0 1.0 3.0 10.0 4.0 10.0 
4 7 3.18 3.18 4.0 3.0 4.0 5.0 1.0 5.0 8.0 4.0 8.0 6.0 2.0 6.0 3.0 1.0 3.0 10.0 4.0 10.0 3.0 2.0 3.0 
4 5 3.28 3.28 3.0 2.0 3.0 6.0 6.0 6.0 7.0 4.0 7.0 10.0 3.0 10.0 4.0 3.0 4.0 
4 5 3.43 3.43 6.0 4.0 6.0 3.0 2.0 3.0 10.0 3.0 10.0 5.0 4.0 5.0 4.0 4.0 4.0 
4 5 3.8 3.8 4.0 4.0 4.0 2.0 2.0 2.0 10.0 8.0 10.0 4.0 3.0 4.0 8.0 2.0 8.0 
4 5 3.5 3.5 8.0 4.0 8.0 8.0 6.0 8.0 3.0 3.0 3.0 8.0 6.0 8.0 10.0 5.0 10.0 
4 5 2.26 2.26 10.0 2.0 10.0 6.0 3.0 6.0 6.0 1.0 6.0 5.0 2.0 5.0 4.0 4.0 4.0 
4 6 3.01 3.01 10.0 2.0 10.0 6.0 3.0 6.0 6.0 1.0 6.0 5.0 2.0 5.0 4.0 4.0 4.0 4.0 3.0 4.0 
4 7 3.35 3.35 10.0 2.0 10.0 6.0 3.0 6.0 6.0 1.0 6.0 5.0 2.0 5.0 4.0 4.0 4.0 4.0 3.0 4.0 3.0 1.0 3.0 
4 8 3.77 3.77 10.0 2.0 10.0 6.0 3.0 6.0 6.0 1.0 6.0 5.0 2.0 5.0 4.0 4.0 4.0 4.0 3.0 4.0 3.0 1.0 3.0 7.0 3.0 7.0 
4 5 3.96 3.96 2.0 2.0 2.0 10.0 9.0 10.0 7.0 4.0 7.0 7.0 5.0 7.0 9.0 7.0 9.0 
4 5 3.94 3.94 4.0 4.0 4.0 9.0 4.0 9.0 2.0 2.0 2.0 7.0 7.0 7.0 4.0 2.0 4.0 
4 5 2.05 2.05 10.0 2.0 10.0 9.0 8.0 9.0 10.0 3.0 10.0 3.0 1.0 3.0 3.0 1.0 3.0 
4 6 2.72 2.72 10.0 2.0 10.0 9.0 8.0 9.0 10.0 3.0 10.0 3.0 1.0 3.0 3.0 1.0 3.0 3.0 2.0 3.0 
4 7 3.27 3.27 10.0 2.0 10.0 9.0 8.0 9.0 10.0 3.0 10.0 3.0 1.0 3.0 3.0 1.0 3.0 3.0 2.0 3.0 9.0 5.0 9.0 
4 5 3.48 3.48 8.0 3.0 8.0 7.0 5.0 7.0 5.0 3.0 5.0 5.0 4.0 5.0 4.0 4.0 4.0 
4 6 3.98 3.98 8.0 3.0 8.0 7.0 5.0 7.0 5.0 3.0 5.0 5.0 4.0 5.0 4.0 4.0 4.0 2.0 1.0 2.0 
4 5 2.31 2.31 5.0 1.0 5.0 9.0 8.0 9.0 8.0 6.0 8.0 7.0 1.0 7.0 3.0 1.0 3.0 
4 6 2.91 2.91 5.0 1.0 5.0 9.0 8.0 9.0 8.0 6.0 8.0 7.0 1.0 7.0 3.0 1.0 3.0 5.0 3.0 5.0 
4 7 3.41 3.41 5.0 1.0 5.0 9.0 8.0 9.0 8.0 6.0 8.0 7.0 1.0 7.0 3.0 1.0 3.0 5.0 3.0 5.0 2.0 1.0 2.0 
4 5 2.39 2.39 4.0 2.0 4.0 4.0 1.0 4.0 6.0 6.0 6.0 5.0 1.0 5.0 9.0 4.0 9.0 
4 6 2.89 2.89 4.0 2.0 4.0 4.0 1.0 4.0 6.0 6.0 6.0 5.0 1.0 5.0 9.0 4.0 9.0 2.0 1.0 2.0 
4 7 3.26 3.26 4.0 2.0 4.0 4.0 1.0 4.0 6.0 6.0 6.0 5.0 1.0 5.0 9.0 4.0 9.0 2.0 1.0 2.0 8.0 3.0 8.0 
4 5 2.56 2.56 6.0 4.0 6.0 6.0 3.0 6.0 6.0 3.0 6.0 10.0 8.0 10.0 10.0 1.0 10.0 
4 6 2.73 2.73 6.0 4.0 6.0 6.0 3.0 6.0 6.0 3.0 6.0 10.0 8.0 10.0 10.0 1.0 10.0 6.0 1.0 6.0 
4 7 3.06 3.06 6.0 4.0 6.0 6.0 3.0 6.0 6.0 3.0 6.0 10.0 8.0 10.0 10.0 1.0 10.0 6.0 1.0 6.0 6.0 2.0 6.0 
4 8 3.35 3.35 6.0 4.0 6.0 6.0 3.0 6.0 6.0 3.0 6.0 10.0 8.0 10.0 10.0 1.0 10.0 6.0 1.0 6.0 6.0 2.0 6.0 7.0 2.0 7.0 
4 5 3.82 3.82 8.0 5.0 8.0 10.0 9.0 10.0 5.0 3.0 5.0 10.0 7.0 10.0 5.0 5.0 5.0 
4 5 3.09 3.09 7.0 1.0 7.0 4.0 3.0 4.0 9.0 7.0 9.0 7.0 3.0 7.0 2.0 2.0 2.0 
4 6 3.52 3.52 7.0 1.0 7.0 4.0 3.0 4.0 9.0 7.0 9.0 7.0 3.0 7.0 2.0 2.0 2.0 7.0 3.0 7.0 
4 5 2.56 2.56 10.0 4.0 10.0 8.0 5.0 8.0 3.0 3.0 3.0 8.0 3.0 8.0 6.0 1.0 6.0 
4 6 2.99 2.99 10.0 4.0 10.0 8.0 5.0 8.0 3.0 3.0 3.0 8.0 3.0 8.0 6.0 1.0 6.0 7.0 3.0 7.0 
4 7 3.37 3.37 10.0 4.0 10.0 8.0 5.0 8.0 3.0 3.0 3.0 8.0 3.0 8.0 6.0 1.0 6.0 7.0 3.0 7.0 8.0 3.0 8.0 
4 5 1.64 1.64 9.0 1.0 9.0 8.0 2.0 8.0 7.0 3.0 7.0 7.0 5.0 7.0 7.0 1.0 7.0 
4 6 2.39 2.39 9.0 1.0 9.0 8.0 2.0 8.0 7.0 3.0 7.0 7.0 5.0 7.0 7.0 1.0 7.0 4.0 3.0 4.0 
4 7 2.79 2.79 9.0 1.0 9.0 8.0 2.0 8.0 7.0 3.0 7.0 7.0 5.0 7.0 7.0 1.0 7.0 4.0 3.0 4.0 10.0 4.0 10.0 
4 8 3.46 3.46 9.0 1.0 9.0 8.0 2.0 8.0 7.0 3.0 7.0 7.0 5.0 7.0 7.0 1.0 7.0 4.0 3.0 4.0 10.0 4.0 10.0 3.0 2.0 3.0 
4 5 2.98 2.98 10.0 7.0 10.0 2.0 1.0 2.0 4.0 3.0 4.0 7.0 2.0 7.0 8.0 6.0 8.0 
4 6 3.11 3.11 10.0 7.0 10.0 2.0 1.0 2.0 4.0 3.0 4.0 7.0 2.0 7.0 8.0 6.0 8.0 8.0 1.0 8.0 
4 7 3.77 3.77 10.0 7.0 10.0 2.0 1.0 2.0 4.0 3.0 4.0 7.0 2.0 7.0 8.0 6.0 8.0 8.0 1.0 8.0 3.0 2.0 3.0 
4 5 3.12 3.12 10.0 5.0 10.0 3.0 2.0 3.0 3.0 3.0 3.0 8.0 5.0 8.0 3.0 1.0 3.0 
4 6 3.82 3.82 10.0 5.0 10.0 3.0 2.0 3.0 3.0 3.0 3.0 8.0 5.0 8.0 3.0 1.0 3.0 10.0 7.0 10.0 
4 7 3.99 3.99 10.0 5.0 10.0 3.0 2.0 3.0 3.0 3.0 3.0 8.0 5.0 8.0 3.0 1.0 3.0 10.0 7.0 10.0 6.0 1.0 6.0 
4 5 2.29 2.29 7.0 3.0 7.0 5.0 4.0 5.0 7.0 1.0 7.0 7.0 3.0 7.0 6.0 3.0 6.0 
4 6 2.96 2.96 7.0 3.0 7.0 5.0 4.0 5.0 7.0 1.0 7.0 7.0 3.0 7.0 6.0 3.0 6.0 9.0 6.0 9.0 
4 7 3.46 3.46 7.0 3.0 7.0 5.0 4.0 5.0 7.0 1.0 7.0 7.0 3.0 7.0 6.0 3.0 6.0 9.0 6.0 9.0 8.0 4.0 8.0 
4 5 3.79 3.79 3.0 3.0 3.0 6.0 5.0 6.0 5.0 3.0 5.0 7.0 6.0 7.0 2.0 1.0 2.0 
4 5 2.54 2.54 8.0 3.0 8.0 3.0 3.0 3.0 9.0 3.0 9.0 3.0 1.0 3.0 2.0 1.0 2.0 
4 6 3.34 3.34 8.0 3.0 8.0 3.0 3.0 3.0 9.0 3.0 9.0 3.0 1.0 3.0 2.0 1.0 2.0 5.0 4.0 5.0 
4 7 3.91 3.91 8.0 3.0 8.0 3.0 3.0 3.0 9.0 3.0 9.0 3.0 1.0 3.0 2.0 1.0 2.0 5.0 4.0 5.0 7.0 4.0 7.0 
4 5 2.8 2.8 9.0 7.0 9.0 9.0 9.0 9.0 4.0 1.0 4.0 9.0 4.0 9.0 6.0 2.0 6.0 
4 6 3.51 3.51 9.0 7.0 9.0 9.0 9.0 9.0 4.0 1.0 4.0 9.0 4.0 9.0 6.0 2.0 6.0 7.0 5.0 7.0 
4 7 3.71 3.71 9.0 7.0 9.0 9.0 9.0 9.0 4.0 1.0 4.0 9.0 4.0 9.0 6.0 2.0 6.0 7.0 5.0 7.0 5.0 1.0 5.0 
4 5 2.95 2.95 9.0 9.0 9.0 4.0 2.0 4.0 4.0 4.0 4.0 7.0 2.0 7.0 6.0 1.0 6.0 
4 6 3.95 3.95 9.0 9.0 9.0 4.0 2.0 4.0 4.0 4.0 4.0 7.0 2.0 7.0 6.0 1.0 6.0 4.0 4.0 4.0 
4 5 2.49 2.49 6.0 6.0 6.0 6.0 3.0 6.0 9.0 3.0 9.0 7.0 2.0 7.0 8.0 3.0 8.0 
4 6 2.99 2.99 6.0 6.0 6.0 6.0 3.0 6.0 9.0 3.0 9.0 7.0 2.0 7.0 8.0 3.0 8.0 10.0 5.0 10.0 
4 7 3.82 3.82 6.0 6.0 6.0 6.0 3.0 6.0 9.0 3.0 9.0 7.0 2.0 7.0 8.0 3.0 8.0 10.0 5.0 10.0 6.0 5.0 6.0 
4 5 3.63 3.63 8.0 3.0 8.0 8.0 7.0 8.0 2.0 2.0 2.0 7.0 5.0 7.0 6.0 4.0 6.0 
4 6 3.79 3.79 8.0 3.0 8.0 8.0 7.0 8.0 2.0 2.0 2.0 7.0 5.0 7.0 6.0 4.0 6.0 6.0 1.0 6.0 
4 5 3.77 3.77 8.0 5.0 8.0 4.0 3.0 4.0 4.0 4.0 4.0 3.0 3.0 3.0 5.0 2.0 5.0 
4 5 3.26 3.26 10.0 4.0 10.0 9.0 6.0 9.0 5.0 5.0 5.0 3.0 3.0 3.0 5.0 1.0 5.0 
4 6 3.6 3.6 10.0 4.0 10.0 9.0 6.0 9.0 5.0 5.0 5.0 3.0 3.0 3.0 5.0 1.0 5.0 6.0 2.0 6.0 
4 5 3.33 3.33 3.0 1.0 3.0 4.0 2.0 4.0 9.0 9.0 9.0 5.0 5.0 5.0 8.0 4.0 8.0 
4 6 3.66 3.66 3.0 1.0 3.0 4.0 2.0 4.0 9.0 9.0 9.0 5.0 5.0 5.0 8.0 4.0 8.0 3.0 1.0 3.0 
4 5 3.85 3.85 7.0 5.0 7.0 7.0 7.0 7.0 10.0 10.0 10.0 7.0 1.0 7.0 7.0 7.0 7.0 
4 5 2.76 2.76 10.0 4.0 10.0 6.0 1.0 6.0 2.0 2.0 2.0 4.0 4.0 4.0 10.0 2.0 10.0 
4 6 3.66 3.66 10.0 4.0 10.0 6.0 1.0 6.0 2.0 2.0 2.0 4.0 4.0 4.0 10.0 2.0 10.0 10.0 9.0 10.0 
4 5 3.35 3.35 2.0 2.0 2.0 9.0 1.0 9.0 8.0 7.0 8.0 5.0 4.0 5.0 7.0 4.0 7.0 
4 5 2.94 2.94 4.0 4.0 4.0 6.0 5.0 6.0 4.0 2.0 4.0 8.0 4.0 8.0 9.0 1.0 9.0 
4 6 3.69 3.69 4.0 4.0 4.0 6.0 5.0 6.0 4.0 2.0 4.0 8.0 4.0 8.0 9.0 1.0 9.0 4.0 3.0 4.0 
4 5 3.49 3.49 2.0 2.0 2.0 3.0 3.0 3.0 6.0 1.0 6.0 3.0 2.0 3.0 6.0 4.0 6.0 
4 5 3.29 3.29 3.0 2.0 3.0 7.0 4.0 7.0 7.0 4.0 7.0 8.0 5.0 8.0 7.0 6.0 7.0 
4 6 3.79 3.79 3.0 2.0 3.0 7.0 4.0 7.0 7.0 4.0 7.0 8.0 5.0 8.0 7.0 6.0 7.0 2.0 1.0 2.0 
4 5 3.03 3.03 3.0 2.0 3.0 5.0 2.0 5.0 4.0 3.0 4.0 3.0 3.0 3.0 9.0 2.0 9.0 
4 6 3.81 3.81 3.0 2.0 3.0 5.0 2.0 5.0 4.0 3.0 4.0 3.0 3.0 3.0 9.0 2.0 9.0 9.0 7.0 9.0 
4 5 2.9 2.9 3.0 3.0 3.0 5.0 1.0 5.0 3.0 3.0 3.0 5.0 3.0 5.0 10.0 1.0 10.0 
4 6 3.9 3.9 3.0 3.0 3.0 5.0 1.0 5.0 3.0 3.0 3.0 5.0 3.0 5.0 10.0 1.0 10.0 2.0 2.0 2.0 
4 5 2.81 2.81 8.0 6.0 8.0 3.0 1.0 3.0 9.0 4.0 9.0 7.0 7.0 7.0 7.0 2.0 7.0 
4 6 3.81 3.81 8.0 6.0 8.0 3.0 1.0 3.0 9.0 4.0 9.0 7.0 7.0 7.0 7.0 2.0 7.0 3.0 3.0 3.0 
4 5 3.18 3.18 5.0 4.0 5.0 9.0 2.0 9.0 6.0 1.0 6.0 4.0 4.0 4.0 8.0 8.0 8.0 
4 6 3.52 3.52 5.0 4.0 5.0 9.0 2.0 9.0 6.0 1.0 6.0 4.0 4.0 4.0 8.0 8.0 8.0 3.0 1.0 3.0 
4 7 3.77 3.77 5.0 4.0 5.0 9.0 2.0 9.0 6.0 1.0 6.0 4.0 4.0 4.0 8.0 8.0 8.0 3.0 1.0 3.0 8.0 2.0 8.0 
4 5 3.61 3.61 4.0 4.0 4.0 9.0 5.0 9.0 9.0 5.0 9.0 4.0 2.0 4.0 2.0 2.0 2.0 
4 5 2.35 2.35 3.0 1.0 3.0 6.0 4.0 6.0 2.0 2.0 2.0 10.0 1.0 10.0 8.0 2.0 8.0 
4 6 3.35 3.35 3.0 1.0 3.0 6.0 4.0 6.0 2.0 2.0 2.0 10.0 1.0 10.0 8.0 2.0 8.0 6.0 6.0 6.0 
4 7 3.92 3.92 3.0 1.0 3.0 6.0 4.0 6.0 2.0 2.0 2.0 10.0 1.0 10.0 8.0 2.0 8.0 6.0 6.0 6.0 7.0 4.0 7.0 
4 5 2.45 2.45 6.0 4.0 6.0 7.0 6.0 7.0 10.0 6.0 10.0 6.0 1.0 6.0 6.0 1.0 6.0 
4 6 2.67 2.67 6.0 4.0 6.0 7.0 6.0 7.0 10.0 6.0 10.0 6.0 1.0 6.0 6.0 1.0 6.0 9.0 2.0 9.0 
4 7 3.67 3.67 6.0 4.0 6.0 7.0 6.0 7.0 10.0 6.0 10.0 6.0 1.0 6.0 6.0 1.0 6.0 9.0 2.0 9.0 3.0 3.0 3.0 
4 5 3.41 3.41 3.0 3.0 3.0 4.0 1.0 4.0 6.0 4.0 6.0 4.0 2.0 4.0 5.0 5.0 5.0 
4 6 3.91 3.91 3.0 3.0 3.0 4.0 1.0 4.0 6.0 4.0 6.0 4.0 2.0 4.0 5.0 5.0 5.0 2.0 1.0 2.0 
4 5 2.47 2.47 4.0 2.0 4.0 9.0 3.0 9.0 9.0 8.0 9.0 8.0 2.0 8.0 2.0 1.0 2.0 
4 6 3.27 3.27 4.0 2.0 4.0 9.0 3.0 9.0 9.0 8.0 9.0 8.0 2.0 8.0 2.0 1.0 2.0 5.0 4.0 5.0 
4 7 3.57 3.57 4.0 2.0 4.0 9.0 3.0 9.0 9.0 8.0 9.0 8.0 2.0 8.0 2.0 1.0 2.0 5.0 4.0 5.0 10.0 3.0 10.0 
4 8 3.87 3.87 4.0 2.0 4.0 9.0 3.0 9.0 9.0 8.0 9.0 8.0 2.0 8.0 2.0 1.0 2.0 5.0 4.0 5.0 10.0 3.0 10.0 10.0 3.0 10.0 
4 5 2.25 2.25 4.0 1.0 4.0 5.0 2.0 5.0 2.0 1.0 2.0 4.0 4.0 4.0 10.0 1.0 10.0 
4 6 2.75 2.75 4.0 1.0 4.0 5.0 2.0 5.0 2.0 1.0 2.0 4.0 4.0 4.0 10.0 1.0 10.0 2.0 1.0 2.0 
4 7 3.75 3.75 4.0 1.0 4.0 5.0 2.0 5.0 2.0 1.0 2.0 4.0 4.0 4.0 10.0 1.0 10.0 2.0 1.0 2.0 2.0 2.0 2.0 
4 8 3.91 3.91 4.0 1.0 4.0 5.0 2.0 5.0 2.0 1.0 2.0 4.0 4.0 4.0 10.0 1.0 10.0 2.0 1.0 2.0 2.0 2.0 2.0 6.0 1.0 6.0 
4 5 3.56 3.56 2.0 1.0 2.0 9.0 7.0 9.0 2.0 2.0 2.0 2.0 2.0 2.0 7.0 2.0 7.0 
4 5 3.25 3.25 2.0 2.0 2.0 5.0 5.0 5.0 4.0 3.0 4.0 8.0 3.0 8.0 8.0 1.0 8.0 
4 6 3.91 3.91 2.0 2.0 2.0 5.0 5.0 5.0 4.0 3.0 4.0 8.0 3.0 8.0 8.0 1.0 8.0 3.0 2.0 3.0 
4 5 3.34 3.34 5.0 5.0 5.0 9.0 7.0 9.0 10.0 4.0 10.0 6.0 4.0 6.0 2.0 1.0 2.0 
4 6 3.77 3.77 5.0 5.0 5.0 9.0 7.0 9.0 10.0 4.0 10.0 6.0 4.0 6.0 2.0 1.0 2.0 7.0 3.0 7.0 
4 5 3.56 3.56 5.0 4.0 5.0 10.0 6.0 10.0 2.0 1.0 2.0 9.0 6.0 9.0 3.0 3.0 3.0 
4 5 3.52 3.52 9.0 3.0 9.0 6.0 6.0 6.0 8.0 5.0 8.0 10.0 10.0 10.0 7.0 4.0 7.0 
4 5 3.07 3.07 7.0 5.0 7.0 4.0 2.0 4.0 4.0 2.0 4.0 4.0 2.0 4.0 7.0 6.0 7.0 
4 5 3.4 3.4 2.0 2.0 2.0 8.0 6.0 8.0 4.0 2.0 4.0 10.0 4.0 10.0 4.0 3.0 4.0 
4 6 3.9 3.9 2.0 2.0 2.0 8.0 6.0 8.0 4.0 2.0 4.0 10.0 4.0 10.0 4.0 3.0 4.0 4.0 2.0 4.0 
4 5 3.22 3.22 9.0 5.0 9.0 3.0 2.0 3.0 10.0 3.0 10.0 6.0 6.0 6.0 10.0 7.0 10.0 
4 6 3.97 3.97 9.0 5.0 9.0 3.0 2.0 3.0 10.0 3.0 10.0 6.0 6.0 6.0 10.0 7.0 10.0 8.0 6.0 8.0 
4 5 3.39 3.39 8.0 1.0 8.0 5.0 5.0 5.0 4.0 4.0 4.0 6.0 4.0 6.0 10.0 6.0 10.0 
4 6 3.89 3.89 8.0 1.0 8.0 5.0 5.0 5.0 4.0 4.0 4.0 6.0 4.0 6.0 10.0 6.0 10.0 4.0 2.0 4.0 
4 5 2.95 2.95 9.0 7.0 9.0 6.0 4.0 6.0 6.0 6.0 6.0 9.0 1.0 9.0 5.0 2.0 5.0 
4 6 3.95 3.95 9.0 7.0 9.0 6.0 4.0 6.0 6.0 6.0 6.0 9.0 1.0 9.0 5.0 2.0 5.0 2.0 2.0 2.0 
4 5 3.28 3.28 2.0 1.0 2.0 8.0 6.0 8.0 7.0 4.0 7.0 5.0 4.0 5.0 3.0 2.0 3.0 
4 6 3.73 3.73 2.0 1.0 2.0 8.0 6.0 8.0 7.0 4.0 7.0 5.0 4.0 5.0 3.0 2.0 3.0 9.0 4.0 9.0 
4 5 3.15 3.15 6.0 1.0 6.0 9.0 5.0 9.0 10.0 6.0 10.0 10.0 10.0 10.0 6.0 5.0 6.0 
4 6 3.4 3.4 6.0 1.0 6.0 9.0 5.0 9.0 10.0 6.0 10.0 10.0 10.0 10.0 6.0 5.0 6.0 4.0 1.0 4.0 
4 7 3.97 3.97 6.0 1.0 6.0 9.0 5.0 9.0 10.0 6.0 10.0 10.0 10.0 10.0 6.0 5.0 6.0 4.0 1.0 4.0 7.0 4.0 7.0 
4 5 3.66 3.66 10.0 10.0 10.0 4.0 1.0 4.0 3.0 3.0 3.0 4.0 3.0 4.0 6.0 4.0 6.0 
4 5 2.15 2.15 3.0 1.0 3.0 8.0 3.0 8.0 2.0 1.0 2.0 5.0 4.0 5.0 7.0 1.0 7.0 
4 6 3.15 3.15 3.0 1.0 3.0 8.0 3.0 8.0 2.0 1.0 2.0 5.0 4.0 5.0 7.0 1.0 7.0 2.0 2.0 2.0 
4 7 3.48 3.48 3.0 1.0 3.0 8.0 3.0 8.0 2.0 1.0 2.0 5.0 4.0 5.0 7.0 1.0 7.0 2.0 2.0 2.0 3.0 1.0 3.0 
4 5 2.99 2.99 9.0 4.0 9.0 10.0 8.0 10.0 4.0 2.0 4.0 4.0 1.0 4.0 4.0 4.0 4.0 
4 6 3.61 3.61 9.0 4.0 9.0 10.0 8.0 10.0 4.0 2.0 4.0 4.0 1.0 4.0 4.0 4.0 4.0 8.0 5.0 8.0 
4 5 2.87 2.87 6.0 2.0 6.0 6.0 4.0 6.0 3.0 3.0 3.0 2.0 1.0 2.0 8.0 3.0 8.0 
4 6 3.47 3.47 6.0 2.0 6.0 6.0 4.0 6.0 3.0 3.0 3.0 2.0 1.0 2.0 8.0 3.0 8.0 5.0 3.0 5.0 
4 5 3.88 3.88 9.0 9.0 9.0 3.0 2.0 3.0 8.0 8.0 8.0 9.0 2.0 9.0 4.0 4.0 4.0 
4 5 2.64 2.64 7.0 7.0 7.0 4.0 1.0 4.0 9.0 1.0 9.0 7.0 2.0 7.0 7.0 7.0 7.0 
4 6 3.44 3.44 7.0 7.0 7.0 4.0 1.0 4.0 9.0 1.0 9.0 7.0 2.0 7.0 7.0 7.0 7.0 5.0 4.0 5.0 
4 7 3.84 3.84 7.0 7.0 7.0 4.0 1.0 4.0 9.0 1.0 9.0 7.0 2.0 7.0 7.0 7.0 7.0 5.0 4.0 5.0 5.0 2.0 5.0 
4 5 3.73 3.73 6.0 6.0 6.0 9.0 7.0 9.0 8.0 5.0 8.0 3.0 1.0 3.0 7.0 7.0 7.0 
4 5 3.8 3.8 9.0 6.0 9.0 6.0 6.0 6.0 10.0 10.0 10.0 7.0 1.0 7.0 10.0 10.0 10.0 
4 5 2.75 2.75 6.0 6.0 6.0 6.0 1.0 6.0 3.0 2.0 3.0 3.0 2.0 3.0 8.0 2.0 8.0 
4 6 3.25 3.25 6.0 6.0 6.0 6.0 1.0 6.0 3.0 2.0 3.0 3.0 2.0 3.0 8.0 2.0 8.0 4.0 2.0 4.0 
4 5 3.28 3.28 9.0 5.0 9.0 9.0 5.0 9.0 3.0 3.0 3.0 7.0 4.0 7.0 5.0 3.0 5.0 
4 6 3.53 3.53 9.0 5.0 9.0 9.0 5.0 9.0 3.0 3.0 3.0 7.0 4.0 7.0 5.0 3.0 5.0 4.0 1.0 4.0 
4 5 2.47 2.47 10.0 9.0 10.0 6.0 2.0 6.0 7.0 4.0 7.0 4.0 2.0 4.0 6.0 1.0 6.0 
4 6 3.22 3.22 10.0 9.0 10.0 6.0 2.0 6.0 7.0 4.0 7.0 4.0 2.0 4.0 6.0 1.0 6.0 4.0 3.0 4.0 
4 7 3.72 3.72 10.0 9.0 10.0 6.0 2.0 6.0 7.0 4.0 7.0 4.0 2.0 4.0 6.0 1.0 6.0 4.0 3.0 4.0 2.0 1.0 2.0 
4 5 3.12 3.12 10.0 1.0 10.0 6.0 1.0 6.0 9.0 9.0 9.0 7.0 6.0 7.0 4.0 4.0 4.0 
4 6 3.32 3.32 10.0 1.0 10.0 6.0 1.0 6.0 9.0 9.0 9.0 7.0 6.0 7.0 4.0 4.0 4.0 5.0 1.0 5.0 
4 7 3.57 3.57 10.0 1.0 10.0 6.0 1.0 6.0 9.0 9.0 9.0 7.0 6.0 7.0 4.0 4.0 4.0 5.0 1.0 5.0 4.0 1.0 4.0 
4 5 2.87 2.87 2.0 1.0 2.0 6.0 6.0 6.0 9.0 4.0 9.0 10.0 6.0 10.0 3.0 1.0 3.0 
4 6 3.04 3.04 2.0 1.0 2.0 6.0 6.0 6.0 9.0 4.0 9.0 10.0 6.0 10.0 3.0 1.0 3.0 6.0 1.0 6.0 
4 7 3.54 3.54 2.0 1.0 2.0 6.0 6.0 6.0 9.0 4.0 9.0 10.0 6.0 10.0 3.0 1.0 3.0 6.0 1.0 6.0 4.0 2.0 4.0 
4 5 2.7 2.7 8.0 3.0 8.0 2.0 1.0 2.0 2.0 2.0 2.0 6.0 1.0 6.0 3.0 2.0 3.0 
4 6 2.9 2.9 8.0 3.0 8.0 2.0 1.0 2.0 2.0 2.0 2.0 6.0 1.0 6.0 3.0 2.0 3.0 10.0 2.0 10.0 
4 7 3.65 3.65 8.0 3.0 8.0 2.0 1.0 2.0 2.0 2.0 2.0 6.0 1.0 6.0 3.0 2.0 3.0 10.0 2.0 10.0 8.0 6.0 8.0 
4 5 2.93 2.93 2.0 1.0 2.0 6.0 3.0 6.0 5.0 5.0 5.0 5.0 3.0 5.0 3.0 1.0 3.0 
4 6 3.93 3.93 2.0 1.0 2.0 6.0 3.0 6.0 5.0 5.0 5.0 5.0 3.0 5.0 3.0 1.0 3.0 2.0 2.0 2.0 
4 5 3.6 3.6 10.0 7.0 10.0 6.0 6.0 6.0 5.0 4.0 5.0 10.0 1.0 10.0 3.0 3.0 3.0 
4 5 2.14 2.14 7.0 2.0 7.0 9.0 3.0 9.0 2.0 1.0 2.0 10.0 8.0 10.0 9.0 2.0 9.0 
4 6 3.14 3.14 7.0 2.0 7.0 9.0 3.0 9.0 2.0 1.0 2.0 10.0 8.0 10.0 9.0 2.0 9.0 8.0 8.0 8.0 
4 5 2.11 2.11 5.0 4.0 5.0 7.0 2.0 7.0 8.0 4.0 8.0 3.0 1.0 3.0 5.0 1.0 5.0 
4 6 2.23 2.23 5.0 4.0 5.0 7.0 2.0 7.0 8.0 4.0 8.0 3.0 1.0 3.0 5.0 1.0 5.0 9.0 1.0 9.0 
4 7 3.23 3.23 5.0 4.0 5.0 7.0 2.0 7.0 8.0 4.0 8.0 3.0 1.0 3.0 5.0 1.0 5.0 9.0 1.0 9.0 6.0 6.0 6.0 
4 8 3.89 3.89 5.0 4.0 5.0 7.0 2.0 7.0 8.0 4.0 8.0 3.0 1.0 3.0 5.0 1.0 5.0 9.0 1.0 9.0 6.0 6.0 6.0 3.0 2.0 3.0 
4 5 3.7 3.7 8.0 7.0 8.0 5.0 3.0 5.0 4.0 2.0 4.0 8.0 7.0 8.0 7.0 6.0 7.0 
4 5 2.2 2.2 8.0 3.0 8.0 3.0 1.0 3.0 4.0 2.0 4.0 6.0 2.0 6.0 9.0 6.0 9.0 
4 6 2.54 2.54 8.0 3.0 8.0 3.0 1.0 3.0 4.0 2.0 4.0 6.0 2.0 6.0 9.0 6.0 9.0 3.0 1.0 3.0 
4 7 3.39 3.39 8.0 3.0 8.0 3.0 1.0 3.0 4.0 2.0 4.0 6.0 2.0 6.0 9.0 6.0 9.0 3.0 1.0 3.0 7.0 6.0 7.0 
4 8 3.73 3.73 8.0 3.0 8.0 3.0 1.0 3.0 4.0 2.0 4.0 6.0 2.0 6.0 9.0 6.0 9.0 3.0 1.0 3.0 7.0 6.0 7.0 3.0 1.0 3.0 
4 5 3.76 3.76 7.0 3.0 7.0 10.0 6.0 10.0 3.0 3.0 3.0 6.0 5.0 6.0 10.0 9.0 10.0 
4 5 1.83 1.83 9.0 2.0 9.0 9.0 1.0 9.0 3.0 1.0 3.0 3.0 3.0 3.0 6.0 1.0 6.0 
4 6 2.61 2.61 9.0 2.0 9.0 9.0 1.0 9.0 3.0 1.0 3.0 3.0 3.0 3.0 6.0 1.0 6.0 9.0 7.0 9.0 
4 7 3.61 3.61 9.0 2.0 9.0 9.0 1.0 9.0 3.0 1.0 3.0 3.0 3.0 3.0 6.0 1.0 6.0 9.0 7.0 9.0 5.0 5.0 5.0 
4 8 3.94 3.94 9.0 2.0 9.0 9.0 1.0 9.0 3.0 1.0 3.0 3.0 3.0 3.0 6.0 1.0 6.0 9.0 7.0 9.0 5.0 5.0 5.0 3.0 1.0 3.0 
4 5 3.83 3.83 2.0 2.0 2.0 9.0 6.0 9.0 9.0 6.0 9.0 6.0 3.0 6.0 6.0 6.0 6.0 
4 5 3.51 3.51 10.0 10.0 10.0 6.0 6.0 6.0 7.0 1.0 7.0 5.0 5.0 5.0 8.0 3.0 8.0 
4 5 3.06 3.06 6.0 4.0 6.0 3.0 2.0 3.0 10.0 10.0 10.0 10.0 4.0 10.0 3.0 1.0 3.0 
4 6 3.81 3.81 6.0 4.0 6.0 3.0 2.0 3.0 10.0 10.0 10.0 10.0 4.0 10.0 3.0 1.0 3.0 4.0 3.0 4.0 
4 5 3.58 3.58 10.0 5.0 10.0 10.0 8.0 10.0 7.0 6.0 7.0 7.0 3.0 7.0 7.0 7.0 7.0 
4 5 2.93 2.93 9.0 5.0 9.0 9.0 2.0 9.0 10.0 10.0 10.0 7.0 5.0 7.0 9.0 4.0 9.0 
4 6 3.5 3.5 9.0 5.0 9.0 9.0 2.0 9.0 10.0 10.0 10.0 7.0 5.0 7.0 9.0 4.0 9.0 7.0 4.0 7.0 
4 7 3.75 3.75 9.0 5.0 9.0 9.0 2.0 9.0 10.0 10.0 10.0 7.0 5.0 7.0 9.0 4.0 9.0 7.0 4.0 7.0 8.0 2.0 8.0 
4 5 3.42 3.42 6.0 3.0 6.0 5.0 5.0 5.0 2.0 2.0 2.0 5.0 4.0 5.0 8.0 1.0 8.0 
4 6 3.92 3.92 6.0 3.0 6.0 5.0 5.0 5.0 2.0 2.0 2.0 5.0 4.0 5.0 8.0 1.0 8.0 6.0 3.0 6.0 
4 5 3.45 3.45 5.0 4.0 5.0 2.0 2.0 2.0 5.0 3.0 5.0 10.0 8.0 10.0 4.0 1.0 4.0 
4 5 3.19 3.19 4.0 3.0 4.0 6.0 4.0 6.0 5.0 5.0 5.0 8.0 3.0 8.0 5.0 2.0 5.0 
4 6 3.79 3.79 4.0 3.0 4.0 6.0 4.0 6.0 5.0 5.0 5.0 8.0 3.0 8.0 5.0 2.0 5.0 5.0 3.0 5.0 
4 5 3.62 3.62 8.0 3.0 8.0 3.0 3.0 3.0 4.0 3.0 4.0 2.0 1.0 2.0 7.0 7.0 7.0 
4 5 3.23 3.23 5.0 5.0 5.0 8.0 8.0 8.0 7.0 4.0 7.0 4.0 2.0 4.0 6.0 1.0 6.0 
4 5 2.53 2.53 10.0 1.0 10.0 4.0 2.0 4.0 2.0 1.0 2.0 10.0 6.0 10.0 6.0 5.0 6.0 
4 6 3.03 3.03 10.0 1.0 10.0 4.0 2.0 4.0 2.0 1.0 2.0 10.0 6.0 10.0 6.0 5.0 6.0 2.0 1.0 2.0 
4 5 2.95 2.95 5.0 2.0 5.0 5.0 3.0 5.0 3.0 2.0 3.0 3.0 3.0 3.0 7.0 2.0 7.0 
4 6 3.45 3.45 5.0 2.0 5.0 5.0 3.0 5.0 3.0 2.0 3.0 3.0 3.0 3.0 7.0 2.0 7.0 10.0 5.0 10.0 
4 7 3.61 3.61 5.0 2.0 5.0 5.0 3.0 5.0 3.0 2.0 3.0 3.0 3.0 3.0 7.0 2.0 7.0 10.0 5.0 10.0 6.0 1.0 6.0 
4 8 3.91 3.91 5.0 2.0 5.0 5.0 3.0 5.0 3.0 2.0 3.0 3.0 3.0 3.0 7.0 2.0 7.0 10.0 5.0 10.0 6.0 1.0 6.0 10.0 3.0 10.0 
4 5 3.27 3.27 6.0 6.0 6.0 5.0 2.0 5.0 3.0 3.0 3.0 2.0 1.0 2.0 8.0 3.0 8.0 
4 5 2.52 2.52 10.0 10.0 10.0 5.0 1.0 5.0 2.0 1.0 2.0 4.0 1.0 4.0 7.0 4.0 7.0 
4 6 3.02 3.02 10.0 10.0 10.0 5.0 1.0 5.0 2.0 1.0 2.0 4.0 1.0 4.0 7.0 4.0 7.0 10.0 5.0 10.0 
4 7 3.35 3.35 10.0 10.0 10.0 5.0 1.0 5.0 2.0 1.0 2.0 4.0 1.0 4.0 7.0 4.0 7.0 10.0 5.0 10.0 6.0 2.0 6.0 
4 5 2.66 2.66 8.0 7.0 8.0 8.0 1.0 8.0 3.0 1.0 3.0 6.0 2.0 6.0 9.0 9.0 9.0 
4 6 3.04 3.04 8.0 7.0 8.0 8.0 1.0 8.0 3.0 1.0 3.0 6.0 2.0 6.0 9.0 9.0 9.0 8.0 3.0 8.0 
4 7 3.94 3.94 8.0 7.0 8.0 8.0 1.0 8.0 3.0 1.0 3.0 6.0 2.0 6.0 9.0 9.0 9.0 8.0 3.0 8.0 10.0 9.0 10.0 
4 5 3.03 3.03 8.0 3.0 8.0 5.0 3.0 5.0 7.0 6.0 7.0 10.0 10.0 10.0 5.0 1.0 5.0 
4 6 3.63 3.63 8.0 3.0 8.0 5.0 3.0 5.0 7.0 6.0 7.0 10.0 10.0 10.0 5.0 1.0 5.0 10.0 6.0 10.0 
4 5 3.5 3.5 7.0 1.0 7.0 7.0 6.0 7.0 6.0 5.0 6.0 3.0 2.0 3.0 9.0 9.0 9.0 
4 5 2.17 2.17 2.0 1.0 2.0 3.0 1.0 3.0 4.0 4.0 4.0 10.0 2.0 10.0 7.0 1.0 7.0 
4 6 3.17 3.17 2.0 1.0 2.0 3.0 1.0 3.0 4.0 4.0 4.0 10.0 2.0 10.0 7.0 1.0 7.0 10.0 10.0 10.0 
4 7 3.95 3.95 2.0 1.0 2.0 3.0 1.0 3.0 4.0 4.0 4.0 10.0 2.0 10.0 7.0 1.0 7.0 10.0 10.0 10.0 9.0 7.0 9.0 
4 5 2.5 2.5 5.0 2.0 5.0 4.0 4.0 4.0 10.0 5.0 10.0 10.0 1.0 10.0 10.0 5.0 10.0 
4 6 2.66 2.66 5.0 2.0 5.0 4.0 4.0 4.0 10.0 5.0 10.0 10.0 1.0 10.0 10.0 5.0 10.0 6.0 1.0 6.0 
4 7 3.66 3.66 5.0 2.0 5.0 4.0 4.0 4.0 10.0 5.0 10.0 10.0 1.0 10.0 10.0 5.0 10.0 6.0 1.0 6.0 9.0 9.0 9.0 
4 5 3.67 3.67 9.0 9.0 9.0 8.0 2.0 8.0 9.0 9.0 9.0 7.0 6.0 7.0 7.0 4.0 7.0 
4 5 2.63 2.63 9.0 2.0 9.0 9.0 9.0 9.0 4.0 2.0 4.0 4.0 1.0 4.0 3.0 2.0 3.0 
4 6 2.92 2.92 9.0 2.0 9.0 9.0 9.0 9.0 4.0 2.0 4.0 4.0 1.0 4.0 3.0 2.0 3.0 7.0 2.0 7.0 
4 7 3.59 3.59 9.0 2.0 9.0 9.0 9.0 9.0 4.0 2.0 4.0 4.0 1.0 4.0 3.0 2.0 3.0 7.0 2.0 7.0 3.0 2.0 3.0 
4 5 2.63 2.63 3.0 1.0 3.0 2.0 2.0 2.0 6.0 2.0 6.0 7.0 5.0 7.0 4.0 1.0 4.0 
4 6 3.63 3.63 3.0 1.0 3.0 2.0 2.0 2.0 6.0 2.0 6.0 7.0 5.0 7.0 4.0 1.0 4.0 3.0 3.0 3.0 
4 5 1.91 1.91 10.0 1.0 10.0 5.0 2.0 5.0 4.0 1.0 4.0 6.0 1.0 6.0 10.0 10.0 10.0 
4 6 2.48 2.48 10.0 1.0 10.0 5.0 2.0 5.0 4.0 1.0 4.0 6.0 1.0 6.0 10.0 10.0 10.0 7.0 4.0 7.0 
4 7 3.48 3.48 10.0 1.0 10.0 5.0 2.0 5.0 4.0 1.0 4.0 6.0 1.0 6.0 10.0 10.0 10.0 7.0 4.0 7.0 2.0 2.0 2.0 
4 5 3.17 3.17 8.0 6.0 8.0 3.0 1.0 3.0 5.0 5.0 5.0 7.0 3.0 7.0 3.0 2.0 3.0 
4 5 2.85 2.85 5.0 4.0 5.0 10.0 4.0 10.0 9.0 5.0 9.0 5.0 3.0 5.0 2.0 1.0 2.0 
4 6 2.98 2.98 5.0 4.0 5.0 10.0 4.0 10.0 9.0 5.0 9.0 5.0 3.0 5.0 2.0 1.0 2.0 8.0 1.0 8.0 
4 7 3.64 3.64 5.0 4.0 5.0 10.0 4.0 10.0 9.0 5.0 9.0 5.0 3.0 5.0 2.0 1.0 2.0 8.0 1.0 8.0 9.0 6.0 9.0 
4 5 3.1 3.1 10.0 9.0 10.0 2.0 2.0 2.0 9.0 3.0 9.0 8.0 1.0 8.0 4.0 3.0 4.0 
4 6 3.9 3.9 10.0 9.0 10.0 2.0 2.0 2.0 9.0 3.0 9.0 8.0 1.0 8.0 4.0 3.0 4.0 5.0 4.0 5.0 
4 5 3.06 3.06 2.0 1.0 2.0 6.0 2.0 6.0 7.0 3.0 7.0 2.0 2.0 2.0 5.0 4.0 5.0 
4 5 2.71 2.71 7.0 5.0 7.0 9.0 2.0 9.0 6.0 2.0 6.0 4.0 4.0 4.0 9.0 4.0 9.0 
4 6 3.14 3.14 7.0 5.0 7.0 9.0 2.0 9.0 6.0 2.0 6.0 4.0 4.0 4.0 9.0 4.0 9.0 7.0 3.0 7.0 
4 7 4.0 4.0 7.0 5.0 7.0 9.0 2.0 9.0 6.0 2.0 6.0 4.0 4.0 4.0 9.0 4.0 9.0 7.0 3.0 7.0 7.0 6.0 7.0 
4 5 3.48 3.48 6.0 2.0 6.0 2.0 2.0 2.0 8.0 6.0 8.0 10.0 9.0 10.0 2.0 1.0 2.0 
4 6 3.98 3.98 6.0 2.0 6.0 2.0 2.0 2.0 8.0 6.0 8.0 10.0 9.0 10.0 2.0 1.0 2.0 10.0 5.0 10.0 
4 5 2.78 2.78 8.0 6.0 8.0 7.0 5.0 7.0 8.0 1.0 8.0 5.0 1.0 5.0 3.0 3.0 3.0 
4 6 3.01 3.01 8.0 6.0 8.0 7.0 5.0 7.0 8.0 1.0 8.0 5.0 1.0 5.0 3.0 3.0 3.0 9.0 2.0 9.0 
4 7 3.76 3.76 8.0 6.0 8.0 7.0 5.0 7.0 8.0 1.0 8.0 5.0 1.0 5.0 3.0 3.0 3.0 9.0 2.0 9.0 4.0 3.0 4.0 
4 5 3.46 3.46 9.0 6.0 9.0 9.0 4.0 9.0 6.0 6.0 6.0 5.0 4.0 5.0 9.0 5.0 9.0 
4 6 3.76 3.76 9.0 6.0 9.0 9.0 4.0 9.0 6.0 6.0 6.0 5.0 4.0 5.0 9.0 5.0 9.0 10.0 3.0 10.0 
4 7 3.93 3.93 9.0 6.0 9.0 9.0 4.0 9.0 6.0 6.0 6.0 5.0 4.0 5.0 9.0 5.0 9.0 10.0 3.0 10.0 6.0 1.0 6.0 
4 5 2.96 2.96 4.0 3.0 4.0 3.0 2.0 3.0 8.0 6.0 8.0 5.0 3.0 5.0 10.0 2.0 10.0 
4 6 3.96 3.96 4.0 3.0 4.0 3.0 2.0 3.0 8.0 6.0 8.0 5.0 3.0 5.0 10.0 2.0 10.0 10.0 10.0 10.0 
4 5 2.54 2.54 9.0 1.0 9.0 4.0 2.0 4.0 2.0 2.0 2.0 10.0 6.0 10.0 6.0 2.0 6.0 
4 6 3.41 3.41 9.0 1.0 9.0 4.0 2.0 4.0 2.0 2.0 2.0 10.0 6.0 10.0 6.0 2.0 6.0 8.0 7.0 8.0 
4 5 2.9 2.9 6.0 3.0 6.0 2.0 1.0 2.0 5.0 1.0 5.0 7.0 7.0 7.0 10.0 7.0 10.0 
4 6 3.3 3.3 6.0 3.0 6.0 2.0 1.0 2.0 5.0 1.0 5.0 7.0 7.0 7.0 10.0 7.0 10.0 10.0 4.0 10.0 
4 5 2.75 2.75 6.0 1.0 6.0 8.0 4.0 8.0 7.0 2.0 7.0 5.0 4.0 5.0 4.0 4.0 4.0 
4 6 3.03 3.03 6.0 1.0 6.0 8.0 4.0 8.0 7.0 2.0 7.0 5.0 4.0 5.0 4.0 4.0 4.0 7.0 2.0 7.0 
4 7 3.53 3.53 6.0 1.0 6.0 8.0 4.0 8.0 7.0 2.0 7.0 5.0 4.0 5.0 4.0 4.0 4.0 7.0 2.0 7.0 10.0 5.0 10.0 
4 5 1.9 1.9 10.0 7.0 10.0 6.0 1.0 6.0 4.0 1.0 4.0 8.0 1.0 8.0 3.0 2.0 3.0 
4 6 2.65 2.65 10.0 7.0 10.0 6.0 1.0 6.0 4.0 1.0 4.0 8.0 1.0 8.0 3.0 2.0 3.0 4.0 3.0 4.0 
4 7 3.65 3.65 10.0 7.0 10.0 6.0 1.0 6.0 4.0 1.0 4.0 8.0 1.0 8.0 3.0 2.0 3.0 4.0 3.0 4.0 2.0 2.0 2.0 
4 5 3.55 3.55 5.0 4.0 5.0 8.0 6.0 8.0 2.0 2.0 2.0 2.0 1.0 2.0 4.0 2.0 4.0 
4 6 3.66 3.66 5.0 4.0 5.0 8.0 6.0 8.0 2.0 2.0 2.0 2.0 1.0 2.0 4.0 2.0 4.0 9.0 1.0 9.0 
4 5 2.61 2.61 5.0 3.0 5.0 8.0 7.0 8.0 8.0 2.0 8.0 8.0 6.0 8.0 7.0 1.0 7.0 
4 6 3.28 3.28 5.0 3.0 5.0 8.0 7.0 8.0 8.0 2.0 8.0 8.0 6.0 8.0 7.0 1.0 7.0 6.0 4.0 6.0 
4 7 3.68 3.68 5.0 3.0 5.0 8.0 7.0 8.0 8.0 2.0 8.0 8.0 6.0 8.0 7.0 1.0 7.0 6.0 4.0 6.0 5.0 2.0 5.0 
4 5 2.71 2.71 6.0 1.0 6.0 9.0 4.0 9.0 7.0 6.0 7.0 5.0 5.0 5.0 8.0 2.0 8.0 
4 6 2.82 2.82 6.0 1.0 6.0 9.0 4.0 9.0 7.0 6.0 7.0 5.0 5.0 5.0 8.0 2.0 8.0 9.0 1.0 9.0 
4 7 3.82 3.82 6.0 1.0 6.0 9.0 4.0 9.0 7.0 6.0 7.0 5.0 5.0 5.0 8.0 2.0 8.0 9.0 1.0 9.0 2.0 2.0 2.0 
4 5 2.86 2.86 7.0 1.0 7.0 9.0 5.0 9.0 3.0 2.0 3.0 2.0 2.0 2.0 2.0 1.0 2.0 
4 6 3.29 3.29 7.0 1.0 7.0 9.0 5.0 9.0 3.0 2.0 3.0 2.0 2.0 2.0 2.0 1.0 2.0 7.0 3.0 7.0 
4 7 3.79 3.79 7.0 1.0 7.0 9.0 5.0 9.0 3.0 2.0 3.0 2.0 2.0 2.0 2.0 1.0 2.0 7.0 3.0 7.0 2.0 1.0 2.0 
4 5 2.85 2.85 7.0 1.0 7.0 10.0 10.0 10.0 9.0 4.0 9.0 3.0 2.0 3.0 10.0 6.0 10.0 
4 6 3.85 3.85 7.0 1.0 7.0 10.0 10.0 10.0 9.0 4.0 9.0 3.0 2.0 3.0 10.0 6.0 10.0 2.0 2.0 2.0 
4 7 3.99 3.99 7.0 1.0 7.0 10.0 10.0 10.0 9.0 4.0 9.0 3.0 2.0 3.0 10.0 6.0 10.0 2.0 2.0 2.0 7.0 1.0 7.0 
4 5 3.7 3.7 2.0 2.0 2.0 10.0 9.0 10.0 7.0 3.0 7.0 4.0 2.0 4.0 8.0 7.0 8.0 
4 5 3.66 3.66 3.0 2.0 3.0 2.0 2.0 2.0 8.0 6.0 8.0 2.0 2.0 2.0 4.0 1.0 4.0 
4 5 3.2 3.2 5.0 1.0 5.0 10.0 10.0 10.0 5.0 5.0 5.0 8.0 6.0 8.0 8.0 2.0 8.0 
4 5 3.53 3.53 2.0 2.0 2.0 6.0 2.0 6.0 5.0 1.0 5.0 8.0 8.0 8.0 5.0 5.0 5.0 
4 5 2.43 2.43 3.0 1.0 3.0 10.0 6.0 10.0 3.0 1.0 3.0 6.0 1.0 6.0 2.0 2.0 2.0 
4 6 3.43 3.43 3.0 1.0 3.0 10.0 6.0 10.0 3.0 1.0 3.0 6.0 1.0 6.0 2.0 2.0 2.0 6.0 6.0 6.0 
4 7 3.68 3.68 3.0 1.0 3.0 10.0 6.0 10.0 3.0 1.0 3.0 6.0 1.0 6.0 2.0 2.0 2.0 6.0 6.0 6.0 4.0 1.0 4.0 
4 5 3.5 3.5 2.0 1.0 2.0 4.0 2.0 4.0 2.0 1.0 2.0 2.0 2.0 2.0 3.0 3.0 3.0 
4 5 2.62 2.62 8.0 4.0 8.0 8.0 1.0 8.0 8.0 2.0 8.0 8.0 8.0 8.0 4.0 3.0 4.0 
4 6 3.06 3.06 8.0 4.0 8.0 8.0 1.0 8.0 8.0 2.0 8.0 8.0 8.0 8.0 4.0 3.0 4.0 9.0 4.0 9.0 
4 5 2.78 2.78 6.0 4.0 6.0 7.0 3.0 7.0 10.0 4.0 10.0 7.0 7.0 7.0 7.0 2.0 7.0 
4 6 3.22 3.22 6.0 4.0 6.0 7.0 3.0 7.0 10.0 4.0 10.0 7.0 7.0 7.0 7.0 2.0 7.0 9.0 4.0 9.0 
4 5 3.55 3.55 4.0 2.0 4.0 2.0 2.0 2.0 4.0 1.0 4.0 10.0 8.0 10.0 8.0 8.0 8.0 
4 5 2.9 2.9 7.0 6.0 7.0 3.0 2.0 3.0 5.0 3.0 5.0 10.0 5.0 10.0 7.0 2.0 7.0 
4 6 3.4 3.4 7.0 6.0 7.0 3.0 2.0 3.0 5.0 3.0 5.0 10.0 5.0 10.0 7.0 2.0 7.0 4.0 2.0 4.0 
4 5 2.43 2.43 3.0 1.0 3.0 9.0 6.0 9.0 6.0 3.0 6.0 5.0 3.0 5.0 3.0 1.0 3.0 
4 6 2.93 2.93 3.0 1.0 3.0 9.0 6.0 9.0 6.0 3.0 6.0 5.0 3.0 5.0 3.0 1.0 3.0 10.0 5.0 10.0 
4 7 3.26 3.26 3.0 1.0 3.0 9.0 6.0 9.0 6.0 3.0 6.0 5.0 3.0 5.0 3.0 1.0 3.0 10.0 5.0 10.0 6.0 2.0 6.0 
4 5 3.8 3.8 6.0 5.0 6.0 10.0 8.0 10.0 9.0 9.0 9.0 6.0 1.0 6.0 10.0 10.0 10.0 
4 5 3.17 3.17 7.0 4.0 7.0 2.0 2.0 2.0 2.0 1.0 2.0 10.0 1.0 10.0 2.0 2.0 2.0 
4 6 3.74 3.74 7.0 4.0 7.0 2.0 2.0 2.0 2.0 1.0 2.0 10.0 1.0 10.0 2.0 2.0 2.0 7.0 4.0 7.0 
4 5 2.5 2.5 2.0 1.0 2.0 10.0 1.0 10.0 6.0 6.0 6.0 10.0 5.0 10.0 5.0 2.0 5.0 
4 6 3.5 3.5 2.0 1.0 2.0 10.0 1.0 10.0 6.0 6.0 6.0 10.0 5.0 10.0 5.0 2.0 5.0 7.0 7.0 7.0 
4 7 3.83 3.83 2.0 1.0 2.0 10.0 1.0 10.0 6.0 6.0 6.0 10.0 5.0 10.0 5.0 2.0 5.0 7.0 7.0 7.0 9.0 3.0 9.0 
4 5 3.27 3.27 9.0 7.0 9.0 2.0 1.0 2.0 2.0 1.0 2.0 2.0 2.0 2.0 8.0 4.0 8.0 
4 6 3.61 3.61 9.0 7.0 9.0 2.0 1.0 2.0 2.0 1.0 2.0 2.0 2.0 2.0 8.0 4.0 8.0 6.0 2.0 6.0 
4 5 3.0 3.0 6.0 2.0 6.0 7.0 1.0 7.0 4.0 4.0 4.0 9.0 7.0 9.0 8.0 6.0 8.0 
4 5 2.78 2.78 8.0 2.0 8.0 9.0 4.0 9.0 9.0 8.0 9.0 5.0 1.0 5.0 7.0 7.0 7.0 
4 6 3.49 3.49 8.0 2.0 8.0 9.0 4.0 9.0 9.0 8.0 9.0 5.0 1.0 5.0 7.0 7.0 7.0 7.0 5.0 7.0 
4 5 2.7 2.7 4.0 3.0 4.0 6.0 3.0 6.0 3.0 2.0 3.0 2.0 1.0 2.0 7.0 2.0 7.0 
4 6 3.25 3.25 4.0 3.0 4.0 6.0 3.0 6.0 3.0 2.0 3.0 2.0 1.0 2.0 7.0 2.0 7.0 9.0 5.0 9.0 
4 7 3.38 3.38 4.0 3.0 4.0 6.0 3.0 6.0 3.0 2.0 3.0 2.0 1.0 2.0 7.0 2.0 7.0 9.0 5.0 9.0 8.0 1.0 8.0 
4 8 3.98 3.98 4.0 3.0 4.0 6.0 3.0 6.0 3.0 2.0 3.0 2.0 1.0 2.0 7.0 2.0 7.0 9.0 5.0 9.0 8.0 1.0 8.0 10.0 6.0 10.0 
4 5 2.88 2.88 6.0 2.0 6.0 8.0 6.0 8.0 10.0 3.0 10.0 10.0 10.0 10.0 2.0 1.0 2.0 
4 6 3.55 3.55 6.0 2.0 6.0 8.0 6.0 8.0 10.0 3.0 10.0 10.0 10.0 10.0 2.0 1.0 2.0 3.0 2.0 3.0 
4 5 2.5 2.5 7.0 6.0 7.0 5.0 4.0 5.0 4.0 2.0 4.0 10.0 2.0 10.0 7.0 1.0 7.0 
4 6 3.3 3.3 7.0 6.0 7.0 5.0 4.0 5.0 4.0 2.0 4.0 10.0 2.0 10.0 7.0 1.0 7.0 10.0 8.0 10.0 
4 7 3.7 3.7 7.0 6.0 7.0 5.0 4.0 5.0 4.0 2.0 4.0 10.0 2.0 10.0 7.0 1.0 7.0 10.0 8.0 10.0 10.0 4.0 10.0 
4 5 3.78 3.78 8.0 1.0 8.0 10.0 8.0 10.0 7.0 6.0 7.0 2.0 2.0 2.0 3.0 3.0 3.0 
4 6 3.89 3.89 8.0 1.0 8.0 10.0 8.0 10.0 7.0 6.0 7.0 2.0 2.0 2.0 3.0 3.0 3.0 9.0 1.0 9.0 
4 5 2.29 2.29 2.0 1.0 2.0 6.0 2.0 6.0 4.0 1.0 4.0 7.0 5.0 7.0 6.0 3.0 6.0 
4 6 3.29 3.29 2.0 1.0 2.0 6.0 2.0 6.0 4.0 1.0 4.0 7.0 5.0 7.0 6.0 3.0 6.0 9.0 9.0 9.0 
4 7 3.96 3.96 2.0 1.0 2.0 6.0 2.0 6.0 4.0 1.0 4.0 7.0 5.0 7.0 6.0 3.0 6.0 9.0 9.0 9.0 3.0 2.0 3.0 
4 5 2.9 2.9 10.0 9.0 10.0 3.0 2.0 3.0 3.0 1.0 3.0 6.0 2.0 6.0 3.0 2.0 3.0 
4 6 3.9 3.9 10.0 9.0 10.0 3.0 2.0 3.0 3.0 1.0 3.0 6.0 2.0 6.0 3.0 2.0 3.0 9.0 9.0 9.0 
4 7 4.0 4.0 10.0 9.0 10.0 3.0 2.0 3.0 3.0 1.0 3.0 6.0 2.0 6.0 3.0 2.0 3.0 9.0 9.0 9.0 10.0 1.0 10.0 
4 5 3.34 3.34 4.0 4.0 4.0 7.0 3.0 7.0 4.0 4.0 4.0 8.0 2.0 8.0 3.0 2.0 3.0 
4 5 3.03 3.03 5.0 1.0 5.0 7.0 7.0 7.0 7.0 4.0 7.0 9.0 8.0 9.0 8.0 3.0 8.0 
4 6 3.53 3.53 5.0 1.0 5.0 7.0 7.0 7.0 7.0 4.0 7.0 9.0 8.0 9.0 8.0 3.0 8.0 6.0 3.0 6.0 
4 5 2.5 2.5 10.0 4.0 10.0 2.0 1.0 2.0 4.0 1.0 4.0 6.0 3.0 6.0 7.0 6.0 7.0 
4 6 2.95 2.95 10.0 4.0 10.0 2.0 1.0 2.0 4.0 1.0 4.0 6.0 3.0 6.0 7.0 6.0 7.0 9.0 4.0 9.0 
4 7 3.28 3.28 10.0 4.0 10.0 2.0 1.0 2.0 4.0 1.0 4.0 6.0 3.0 6.0 7.0 6.0 7.0 9.0 4.0 9.0 6.0 2.0 6.0 
4 8 3.58 3.58 10.0 4.0 10.0 2.0 1.0 2.0 4.0 1.0 4.0 6.0 3.0 6.0 7.0 6.0 7.0 9.0 4.0 9.0 6.0 2.0 6.0 10.0 3.0 10.0 
4 5 3.88 3.88 6.0 1.0 6.0 2.0 2.0 2.0 9.0 9.0 9.0 4.0 4.0 4.0 7.0 5.0 7.0 
4 5 2.5 2.5 2.0 1.0 2.0 9.0 3.0 9.0 5.0 1.0 5.0 9.0 6.0 9.0 10.0 8.0 10.0 
4 6 2.66 2.66 2.0 1.0 2.0 9.0 3.0 9.0 5.0 1.0 5.0 9.0 6.0 9.0 10.0 8.0 10.0 6.0 1.0 6.0 
4 7 3.0 3.0 2.0 1.0 2.0 9.0 3.0 9.0 5.0 1.0 5.0 9.0 6.0 9.0 10.0 8.0 10.0 6.0 1.0 6.0 3.0 1.0 3.0 
4 8 4.0 4.0 2.0 1.0 2.0 9.0 3.0 9.0 5.0 1.0 5.0 9.0 6.0 9.0 10.0 8.0 10.0 6.0 1.0 6.0 3.0 1.0 3.0 5.0 5.0 5.0 
4 5 3.06 3.06 10.0 8.0 10.0 3.0 1.0 3.0 3.0 2.0 3.0 7.0 3.0 7.0 6.0 5.0 6.0 
4 6 3.39 3.39 10.0 8.0 10.0 3.0 1.0 3.0 3.0 2.0 3.0 7.0 3.0 7.0 6.0 5.0 6.0 6.0 2.0 6.0 
4 5 2.7 2.7 10.0 8.0 10.0 5.0 1.0 5.0 3.0 3.0 3.0 5.0 1.0 5.0 2.0 1.0 2.0 
4 6 3.45 3.45 10.0 8.0 10.0 5.0 1.0 5.0 3.0 3.0 3.0 5.0 1.0 5.0 2.0 1.0 2.0 4.0 3.0 4.0 
4 5 3.07 3.07 9.0 2.0 9.0 8.0 4.0 8.0 7.0 7.0 7.0 8.0 6.0 8.0 10.0 6.0 10.0 
4 6 3.4 3.4 9.0 2.0 9.0 8.0 4.0 8.0 7.0 7.0 7.0 8.0 6.0 8.0 10.0 6.0 10.0 9.0 3.0 9.0 
4 7 3.54 3.54 9.0 2.0 9.0 8.0 4.0 8.0 7.0 7.0 7.0 8.0 6.0 8.0 10.0 6.0 10.0 9.0 3.0 9.0 7.0 1.0 7.0 
4 8 3.69 3.69 9.0 2.0 9.0 8.0 4.0 8.0 7.0 7.0 7.0 8.0 6.0 8.0 10.0 6.0 10.0 9.0 3.0 9.0 7.0 1.0 7.0 7.0 1.0 7.0 
4 5 2.92 2.92 6.0 5.0 6.0 3.0 2.0 3.0 7.0 3.0 7.0 6.0 2.0 6.0 3.0 2.0 3.0 
4 6 3.92 3.92 6.0 5.0 6.0 3.0 2.0 3.0 7.0 3.0 7.0 6.0 2.0 6.0 3.0 2.0 3.0 7.0 7.0 7.0 
4 5 2.52 2.52 7.0 4.0 7.0 8.0 7.0 8.0 3.0 2.0 3.0 7.0 2.0 7.0 8.0 1.0 8.0 
4 6 2.85 2.85 7.0 4.0 7.0 8.0 7.0 8.0 3.0 2.0 3.0 7.0 2.0 7.0 8.0 1.0 8.0 3.0 1.0 3.0 
4 7 3.85 3.85 7.0 4.0 7.0 8.0 7.0 8.0 3.0 2.0 3.0 7.0 2.0 7.0 8.0 1.0 8.0 3.0 1.0 3.0 2.0 2.0 2.0 
4 5 2.48 2.48 4.0 1.0 4.0 7.0 2.0 7.0 9.0 6.0 9.0 7.0 2.0 7.0 7.0 7.0 7.0 
4 6 3.23 3.23 4.0 1.0 4.0 7.0 2.0 7.0 9.0 6.0 9.0 7.0 2.0 7.0 7.0 7.0 7.0 4.0 3.0 4.0 
4 7 3.43 3.43 4.0 1.0 4.0 7.0 2.0 7.0 9.0 6.0 9.0 7.0 2.0 7.0 7.0 7.0 7.0 4.0 3.0 4.0 5.0 1.0 5.0 
4 8 3.53 3.53 4.0 1.0 4.0 7.0 2.0 7.0 9.0 6.0 9.0 7.0 2.0 7.0 7.0 7.0 7.0 4.0 3.0 4.0 5.0 1.0 5.0 10.0 1.0 10.0 
4 9 3.91 3.91 4.0 1.0 4.0 7.0 2.0 7.0 9.0 6.0 9.0 7.0 2.0 7.0 7.0 7.0 7.0 4.0 3.0 4.0 5.0 1.0 5.0 10.0 1.0 10.0 8.0 3.0 8.0 
4 5 3.14 3.14 5.0 5.0 5.0 3.0 1.0 3.0 10.0 7.0 10.0 5.0 2.0 5.0 7.0 5.0 7.0 
4 6 3.81 3.81 5.0 5.0 5.0 3.0 1.0 3.0 10.0 7.0 10.0 5.0 2.0 5.0 7.0 5.0 7.0 3.0 2.0 3.0 
4 5 3.03 3.03 2.0 1.0 2.0 5.0 1.0 5.0 8.0 7.0 8.0 8.0 5.0 8.0 6.0 5.0 6.0 
4 6 3.36 3.36 2.0 1.0 2.0 5.0 1.0 5.0 8.0 7.0 8.0 8.0 5.0 8.0 6.0 5.0 6.0 6.0 2.0 6.0 
4 5 2.01 2.01 4.0 1.0 4.0 8.0 7.0 8.0 6.0 2.0 6.0 3.0 1.0 3.0 9.0 2.0 9.0 
4 6 2.72 2.72 4.0 1.0 4.0 8.0 7.0 8.0 6.0 2.0 6.0 3.0 1.0 3.0 9.0 2.0 9.0 7.0 5.0 7.0 
4 7 2.92 2.92 4.0 1.0 4.0 8.0 7.0 8.0 6.0 2.0 6.0 3.0 1.0 3.0 9.0 2.0 9.0 7.0 5.0 7.0 10.0 2.0 10.0 
4 8 3.09 3.09 4.0 1.0 4.0 8.0 7.0 8.0 6.0 2.0 6.0 3.0 1.0 3.0 9.0 2.0 9.0 7.0 5.0 7.0 10.0 2.0 10.0 6.0 1.0 6.0 
4 9 3.76 3.76 4.0 1.0 4.0 8.0 7.0 8.0 6.0 2.0 6.0 3.0 1.0 3.0 9.0 2.0 9.0 7.0 5.0 7.0 10.0 2.0 10.0 6.0 1.0 6.0 9.0 6.0 9.0 
4 5 2.55 2.55 8.0 7.0 8.0 9.0 4.0 9.0 6.0 2.0 6.0 5.0 3.0 5.0 10.0 3.0 10.0 
4 6 3.05 3.05 8.0 7.0 8.0 9.0 4.0 9.0 6.0 2.0 6.0 5.0 3.0 5.0 10.0 3.0 10.0 6.0 3.0 6.0 
4 7 3.38 3.38 8.0 7.0 8.0 9.0 4.0 9.0 6.0 2.0 6.0 5.0 3.0 5.0 10.0 3.0 10.0 6.0 3.0 6.0 3.0 1.0 3.0 
4 5 3.79 3.79 2.0 2.0 2.0 9.0 5.0 9.0 8.0 8.0 8.0 3.0 2.0 3.0 7.0 4.0 7.0 
4 5 2.95 2.95 10.0 4.0 10.0 10.0 4.0 10.0 5.0 2.0 5.0 4.0 3.0 4.0 3.0 3.0 3.0 
4 6 3.35 3.35 10.0 4.0 10.0 10.0 4.0 10.0 5.0 2.0 5.0 4.0 3.0 4.0 3.0 3.0 3.0 10.0 4.0 10.0 
4 7 3.47 3.47 10.0 4.0 10.0 10.0 4.0 10.0 5.0 2.0 5.0 4.0 3.0 4.0 3.0 3.0 3.0 10.0 4.0 10.0 8.0 1.0 8.0 
4 5 3.17 3.17 7.0 3.0 7.0 6.0 6.0 6.0 2.0 1.0 2.0 4.0 1.0 4.0 9.0 9.0 9.0 
4 6 3.42 3.42 7.0 3.0 7.0 6.0 6.0 6.0 2.0 1.0 2.0 4.0 1.0 4.0 9.0 9.0 9.0 4.0 1.0 4.0 
4 5 2.3 2.3 8.0 6.0 8.0 9.0 2.0 9.0 6.0 3.0 6.0 6.0 2.0 6.0 2.0 1.0 2.0 
4 6 3.3 3.3 8.0 6.0 8.0 9.0 2.0 9.0 6.0 3.0 6.0 6.0 2.0 6.0 2.0 1.0 2.0 2.0 2.0 2.0 
4 5 2.0 2.0 6.0 3.0 6.0 6.0 5.0 6.0 4.0 1.0 4.0 6.0 1.0 6.0 8.0 2.0 8.0 
4 6 2.5 2.5 6.0 3.0 6.0 6.0 5.0 6.0 4.0 1.0 4.0 6.0 1.0 6.0 8.0 2.0 8.0 6.0 3.0 6.0 
4 7 3.16 3.16 6.0 3.0 6.0 6.0 5.0 6.0 4.0 1.0 4.0 6.0 1.0 6.0 8.0 2.0 8.0 6.0 3.0 6.0 6.0 4.0 6.0 
4 5 3.66 3.66 6.0 3.0 6.0 2.0 1.0 2.0 3.0 2.0 3.0 5.0 5.0 5.0 4.0 4.0 4.0 
4 6 4.0 4.0 6.0 3.0 6.0 2.0 1.0 2.0 3.0 2.0 3.0 5.0 5.0 5.0 4.0 4.0 4.0 3.0 1.0 3.0 
4 5 3.93 3.93 2.0 2.0 2.0 10.0 6.0 10.0 3.0 3.0 3.0 3.0 1.0 3.0 3.0 3.0 3.0 
4 5 3.0 3.0 6.0 1.0 6.0 2.0 2.0 2.0 6.0 1.0 6.0 3.0 2.0 3.0 3.0 3.0 3.0 
4 6 3.22 3.22 6.0 1.0 6.0 2.0 2.0 2.0 6.0 1.0 6.0 3.0 2.0 3.0 3.0 3.0 3.0 9.0 2.0 9.0 
4 7 3.65 3.65 6.0 1.0 6.0 2.0 2.0 2.0 6.0 1.0 6.0 3.0 2.0 3.0 3.0 3.0 3.0 9.0 2.0 9.0 7.0 3.0 7.0 
4 5 3.2 3.2 3.0 3.0 3.0 5.0 3.0 5.0 10.0 1.0 10.0 5.0 5.0 5.0 2.0 1.0 2.0 
4 5 2.38 2.38 2.0 1.0 2.0 3.0 2.0 3.0 3.0 2.0 3.0 8.0 1.0 8.0 7.0 3.0 7.0 
4 6 2.72 2.72 2.0 1.0 2.0 3.0 2.0 3.0 3.0 2.0 3.0 8.0 1.0 8.0 7.0 3.0 7.0 3.0 1.0 3.0 
4 7 2.88 2.88 2.0 1.0 2.0 3.0 2.0 3.0 3.0 2.0 3.0 8.0 1.0 8.0 7.0 3.0 7.0 3.0 1.0 3.0 6.0 1.0 6.0 
4 8 3.44 3.44 2.0 1.0 2.0 3.0 2.0 3.0 3.0 2.0 3.0 8.0 1.0 8.0 7.0 3.0 7.0 3.0 1.0 3.0 6.0 1.0 6.0 9.0 5.0 9.0 
4 5 3.09 3.09 9.0 8.0 9.0 9.0 3.0 9.0 8.0 7.0 8.0 3.0 2.0 3.0 6.0 2.0 6.0 
4 6 3.59 3.59 9.0 8.0 9.0 9.0 3.0 9.0 8.0 7.0 8.0 3.0 2.0 3.0 6.0 2.0 6.0 2.0 1.0 2.0 
4 5 2.11 2.11 4.0 2.0 4.0 5.0 1.0 5.0 10.0 2.0 10.0 8.0 4.0 8.0 7.0 5.0 7.0 
4 6 2.71 2.71 4.0 2.0 4.0 5.0 1.0 5.0 10.0 2.0 10.0 8.0 4.0 8.0 7.0 5.0 7.0 5.0 3.0 5.0 
4 7 2.93 2.93 4.0 2.0 4.0 5.0 1.0 5.0 10.0 2.0 10.0 8.0 4.0 8.0 7.0 5.0 7.0 5.0 3.0 5.0 9.0 2.0 9.0 
4 8 3.43 3.43 4.0 2.0 4.0 5.0 1.0 5.0 10.0 2.0 10.0 8.0 4.0 8.0 7.0 5.0 7.0 5.0 3.0 5.0 9.0 2.0 9.0 2.0 1.0 2.0 
4 9 3.6 3.6 4.0 2.0 4.0 5.0 1.0 5.0 10.0 2.0 10.0 8.0 4.0 8.0 7.0 5.0 7.0 5.0 3.0 5.0 9.0 2.0 9.0 2.0 1.0 2.0 6.0 1.0 6.0 
4 10 3.9 3.9 4.0 2.0 4.0 5.0 1.0 5.0 10.0 2.0 10.0 8.0 4.0 8.0 7.0 5.0 7.0 5.0 3.0 5.0 9.0 2.0 9.0 2.0 1.0 2.0 6.0 1.0 6.0 10.0 3.0 10.0 
4 5 3.0 3.0 6.0 5.0 6.0 3.0 2.0 3.0 9.0 6.0 9.0 6.0 2.0 6.0 4.0 2.0 4.0 
4 6 3.62 3.62 6.0 5.0 6.0 3.0 2.0 3.0 9.0 6.0 9.0 6.0 2.0 6.0 4.0 2.0 4.0 8.0 5.0 8.0 
4 5 3.2 3.2 7.0 4.0 7.0 2.0 1.0 2.0 9.0 3.0 9.0 10.0 8.0 10.0 2.0 2.0 2.0 
